catData/variables/pastClimate/lig/bio16.asc
NCOLS 409 
NROWS 350 
XLLCORNER 60.897278365 
YLLCORNER 5.843756025 
CELLSIZE 0.0892857 
NODATA_value -9999 
[rows 50 to 74 of 350, columns 168 to 223 of 409]
1277.13306855085 1323.18404151894 1359.2222426877 1267.42038229799 733.140331463949 384.755968167089 404.091608479572 318.915992111635 265.798821823369 261.533243486571 268.109361742603 299.106459597669 291.694329337712 272.653802825213 254.548919162277 249.308847531926 249.316257182338 249.607805931904 248.930648845108 250.795759843841 250.610673142716 251.597253134029 253.044082207113 252.469664278873 253.734984156713 252.247145182211 252.469344633881 256.090946864589 253.107099338345 246.777718687919 245.051897740551 249.527635711855 253.861739760785 249.056963695325 246.191941785523 254.643512780766 261.525490194205 269.368348037235 270.908967855988 267.417339119717 252.304407874645 -9999 -9999 -9999 -9999 -9999 -9999 -9999 -9999 -9999 -9999 -9999 -9999 -9999 -9999 -9999
1389.23104281967 1305.06704378964 1336.28727052525 1192.12286440667 1054.94811677789 880.367739905264 788.050476001561 431.864162706072 352.379198029925 296.399152901277 275.399438866788 278.26668881722 308.166832941994 294.568621024557 272.904744807383 266.103940052756 265.479077666356 264.95248216984 263.980606897672 263.997559998863 263.887587361211 266.161991852899 266.021655188747 266.205739027455 266.12933696847 268.310859604409 271.173842304157 273.794192498587 271.518466296241 -9999 -9999 -9999 271.325581236122 270.7854726153 263.256536242811 270.054265104254 279.62337557519 277.853994447889 -9999 -9999 -9999 -9999 -9999 -9999 -9999 -9999 -9999 -9999 -9999 -9999 -9999 -9999 -9999 -9999 -9999 -9999
1476.69282667311 1582.17359958187 1306.56464028652 991.031431470259 898.705524899613 887.257578679526 952.960779288263 695.952001416446 427.418230334892 324.634179740775 313.364454018511 298.919468353363 296.632123205403 308.732853033106 305.145237375959 290.880262767958 282.779201082441 281.151497866415 281.55537643267 281.240187485749 281.147041321613 280.806852360663 280.116774856088 280.183547580423 281.129253510752 284.084915477099 282.082777071482 282.507871229632 280.766918243076 -9999 -9999 -9999 -9999 285.346493988675 283.75855751299 -9999 -9999 -9999 -9999 -9999 -9999 -9999 -9999 -9999 -9999 -9999 -9999 -9999 -9999 -9999 -9999 -9999 -9999 -9999 -9999 -9999
1437.71273009558 1683.77715456638 1691.62413258573 1383.62334386522 943.280494248022 504.165802043332 612.061587010462 642.467535759315 543.092863200802 384.962293391651 370.232565291471 320.617191911146 309.267230873354 382.934082344844 441.452321156824 324.933213325079 305.296218606671 302.354965588531 301.383558576624 298.573484191861 297.576021262164 297.262359246426 297.268668697204 296.968059050998 295.835527036396 296.965830503349 294.597871497411 291.895621712456 294.820513920748 296.654679767411 -9999 -9999 -9999 -9999 -9999 -9999 -9999 -9999 -9999 -9999 -9999 -9999 -9999 -9999 -9999 -9999 -9999 -9999 -9999 -9999 -9999 -9999 -9999 -9999 -9999 -9999
1401.26192756769 1601.11273874621 1812.79792657605 1934.42691784855 1871.36051651639 1376.50365542267 787.169577166586 558.68704871516 512.106641124972 395.106530042727 354.23956798972 343.048497460433 334.421026147551 424.414596845468 683.612071290705 374.176930730729 322.142583351427 317.206628092315 316.27327751484 314.941795386498 313.074487013194 313.527803883673 313.719568659656 315.230696322389 313.540368590261 312.085607931947 309.905791384756 309.485936513556 311.940021779295 308.613748806274 -9999 -9999 -9999 -9999 -9999 -9999 -9999 -9999 -9999 -9999 -9999 -9999 -9999 -9999 -9999 -9999 -9999 -9999 -9999 -9999 -9999 -9999 -9999 -9999 -9999 -9999
1345.93193242877 1492.81434317185 1706.41562970864 1896.19238820652 2033.46495957918 2080.91324761084 1849.87894096259 1412.72687150996 1048.81624287888 655.836298516162 513.151772429907 417.373787835717 489.370231405403 800.462570662193 798.786726638856 395.137328852808 356.950074468322 343.130981559876 338.021698664304 330.620114468151 329.727537953504 329.522415843727 329.640285845244 331.429736056925 332.315532253756 330.617341834194 327.994580832355 326.371487395933 326.460902941349 320.28736185063 318.616991805525 -9999 -9999 -9999 -9999 -9999 -9999 -9999 -9999 -9999 -9999 -9999 -9999 -9999 -9999 -9999 -9999 -9999 -9999 -9999 -9999 -9999 -9999 -9999 -9999 -9999
1277.15037334418 1337.08383935507 1525.68753603093 1744.59976116641 1919.06107915694 2005.72506338632 1920.17921934157 1773.10644124279 1578.03225686191 1231.57549434361 1106.09529005401 671.753796162517 693.874342480994 908.312058327112 731.40212701259 648.008243943755 552.594984683197 417.004144402629 376.639337166966 355.185083758517 348.811686664019 348.710526807123 357.032891699028 358.901950375514 357.919929700743 350.190760504024 346.154636314867 337.302850718564 330.762687373754 319.884589988153 315.129186248638 -9999 -9999 -9999 -9999 -9999 -9999 -9999 -9999 -9999 -9999 -9999 -9999 -9999 -9999 -9999 -9999 -9999 -9999 -9999 -9999 -9999 -9999 -9999 -9999 -9999
1177.64362574786 1290.1079992083 1360.82831236349 1509.84633125957 1785.61700775304 1880.95201324297 1801.6090998048 1721.63795627679 1601.75840050495 1400.44255083772 1256.78049606838 1130.55372006407 975.499408060826 961.849487761157 925.503818716497 847.759975549776 682.530683155404 516.90545825654 408.099818131643 389.602773624977 377.098171216428 367.319149320171 369.031882366974 376.101385643909 377.019449264995 366.800783123133 368.722313509909 363.067702957106 360.885466313382 340.762322346361 338.374012429207 360.148435022281 -9999 -9999 -9999 -9999 -9999 -9999 -9999 -9999 -9999 -9999 -9999 -9999 -9999 -9999 -9999 -9999 -9999 -9999 -9999 -9999 -9999 -9999 -9999 -9999
1208.29599696519 1525.81837990236 1658.10812703816 1405.87224336383 1523.19749791427 1705.75594332908 1615.61945389156 1606.02171575252 1559.98913097712 1426.07474381881 1234.61635804982 1126.73112770427 1114.94651434124 1001.48358212048 925.316471853575 879.654174663172 670.536875736288 465.176291071295 420.275687867737 411.182962718042 399.908247474121 392.606277110435 389.408773362776 396.912445061714 393.208408540136 385.886949191398 387.186193176245 384.330681924796 379.966977054665 365.301216313546 342.621383576507 358.73183911709 -9999 -9999 -9999 -9999 -9999 -9999 -9999 -9999 -9999 -9999 -9999 -9999 -9999 -9999 -9999 -9999 -9999 -9999 -9999 -9999 -9999 -9999 -9999 -9999
1197.02004868514 1416.33708877291 1664.09177739731 1560.31362457035 1348.09001913635 1397.42579558494 1428.9207827667 1457.78353860814 1468.75300641276 1388.06916508387 1267.73129873341 1090.01623513051 1064.24525681677 1080.66434551309 932.579245222568 985.27177872853 931.356720299085 688.10018891117 504.844615703106 449.231756833279 419.074393530208 419.824240630942 415.71783561852 422.121099743085 411.881329132375 419.448290427891 412.900556083005 399.68883394709 379.801915409285 360.92790099436 350.065719148324 -9999 -9999 -9999 -9999 -9999 -9999 -9999 -9999 -9999 -9999 -9999 -9999 -9999 -9999 -9999 -9999 -9999 -9999 -9999 -9999 -9999 -9999 -9999 -9999 -9999
1034.56503375249 1152.65027325282 1192.52675097172 1344.67334034271 1341.08515584733 1240.02069425871 1256.43017262219 1298.96141321442 1312.27531111156 1289.22214402026 1296.31093811712 1094.23825298893 1011.36307865552 967.126712026527 955.574267366074 945.434192435804 917.216303261225 750.789780423665 558.746468041124 470.866680949743 467.9057272072 476.650712446032 464.989852790822 462.790915542061 435.166759143237 434.481731952525 440.318335056587 402.200195791893 364.232294316267 365.058041248048 405.883801084026 411.640307295336 -9999 -9999 -9999 -9999 -9999 -9999 -9999 -9999 -9999 -9999 -9999 -9999 -9999 -9999 -9999 -9999 -9999 -9999 -9999 -9999 -9999 -9999 -9999 -9999
896.255273262239 1017.86000148161 1024.43033833486 1065.69682446776 1174.15739258595 1194.42324338876 1149.86177974204 1125.66646952456 1051.29361599439 1122.97448622899 1237.92492900398 1078.77494000455 1067.73397551926 1023.11805932669 992.285195987167 975.330700051959 924.722636097704 851.905726875314 660.898638006067 601.546196985656 588.652777411589 707.563103852095 692.366842377709 509.062241633871 469.383107904854 461.486448324919 401.451412262845 370.151540419838 369.029501821678 417.253316614343 436.813730770153 434.751256292287 433.233431304327 -9999 -9999 -9999 -9999 -9999 -9999 -9999 -9999 -9999 -9999 -9999 -9999 -9999 -9999 -9999 -9999 -9999 -9999 -9999 -9999 -9999 -9999 -9999
809.344206930509 882.43230086573 947.673816409206 927.986917460751 982.951083742356 1048.72587523141 1061.35242683197 1017.71120960028 971.331642152991 1022.24693771672 1159.95489503014 1084.3805168084 1073.7120041034 1020.49684097991 1010.68458891508 919.878169444758 895.556631184409 850.278724272319 877.184689083221 897.831838391265 866.594074505892 755.329764307588 621.7258577421 558.350081589456 503.76289774223 454.053012675651 396.424602839453 449.752856573059 440.770929150726 448.469810546386 457.988956535484 453.2075894407 -9999 -9999 -9999 -9999 -9999 -9999 -9999 -9999 -9999 -9999 -9999 -9999 -9999 -9999 -9999 -9999 -9999 -9999 -9999 -9999 -9999 -9999 -9999 -9999
741.330944476139 788.641738726284 862.273420131201 888.520467096218 888.834405973266 953.946009933289 971.918856563229 970.672605264252 968.06492357145 1004.74945440439 1030.23455903164 1085.19451892685 1029.69279595281 950.028603765134 904.535519246955 916.288889580003 862.496963889733 894.065213329028 839.682171712118 810.518628278931 884.615302907323 699.437117303343 555.492888588493 536.132559883348 518.823177089461 486.802805186868 457.365885220692 478.848519528151 481.56023785549 484.814595565866 484.598379006197 479.293770272889 -9999 -9999 474.443835311984 473.231376887073 -9999 -9999 -9999 -9999 -9999 -9999 -9999 -9999 -9999 -9999 -9999 -9999 -9999 -9999 -9999 -9999 -9999 -9999 -9999 -9999
678.622031893512 720.430726175779 784.776348735028 851.218465629213 845.611225968401 869.136463787569 917.889374839933 950.776950787355 956.58742305517 987.081574204669 987.53718237561 1023.44012082117 970.738488383866 893.963006990325 827.584418854307 827.786927117811 792.250115909507 821.880191922693 846.692098411687 878.16476399741 772.329279247872 650.18356665944 583.058538348269 545.362262735617 538.38552996132 531.917090281737 520.13503588864 507.134546939625 512.714921947072 511.742144533798 504.789028075966 497.197896028884 488.262246737967 -9999 490.830626437838 498.092099257327 497.426099651355 -9999 -9999 -9999 -9999 -9999 -9999 -9999 -9999 -9999 -9999 -9999 -9999 -9999 -9999 -9999 -9999 -9999 -9999 -9999
631.509356761559 673.002021497763 714.892054611856 774.157805672206 821.955038461384 828.071748809612 865.286221353157 908.313680866027 948.782808075412 975.543389842303 1002.46118267221 1004.30969188919 945.710929569818 892.612922871091 862.975750352018 855.061334887248 883.867526024008 899.156576942777 866.884794251782 878.134636999094 842.94954127933 798.68937591504 722.71253688794 593.15591645083 541.487913188683 555.133513555389 556.421321011424 547.075197992568 529.65132384564 517.517799449085 516.249133777142 523.320278846677 508.004298502942 517.509169956744 519.503782659902 528.699748754279 509.509137616945 506.405201958259 -9999 -9999 -9999 -9999 -9999 -9999 -9999 -9999 -9999 -9999 -9999 -9999 -9999 -9999 -9999 -9999 -9999 -9999
611.015051214035 654.645904515281 692.77051007836 727.228968043441 764.675765968325 805.649722148613 829.453887210865 873.058951537709 913.511063894498 971.597323987583 984.679273172864 990.474350750818 936.053726821532 886.378707908076 866.015500261152 873.714779361789 912.26793011735 884.823691166359 891.164573671917 880.181732277108 840.829456831128 757.997898866885 632.534181310041 617.405897483903 639.897747606269 561.711752850669 549.410135555788 574.830115520559 569.840999613976 555.018211459914 548.922765120424 559.293613692878 549.576314702453 553.022459194049 560.139810168933 565.168427667271 538.991930626376 528.891855976751 -9999 -9999 -9999 -9999 -9999 -9999 -9999 -9999 -9999 -9999 -9999 -9999 -9999 -9999 -9999 -9999 -9999 -9999
610.439976151709 650.038718438535 684.93712128615 710.57743106538 735.081210768373 763.636156727726 797.436633663254 842.407210188606 893.87401133666 937.606557136899 970.308075192084 975.296734792025 952.951101008929 923.38431368646 921.796233047499 953.006971638289 846.98674328489 844.929018436248 875.147844994808 850.457888580743 831.150115426205 867.088363240572 795.434377075778 789.096916456446 792.406823282701 706.50723799849 596.616150524821 588.936507552956 597.362748565868 578.406929748025 588.096113313302 596.898440792461 599.51756529283 605.784664375981 604.909715390775 570.051662133149 559.433305679424 551.638900056984 541.953158510554 -9999 -9999 -9999 -9999 -9999 -9999 -9999 -9999 -9999 -9999 -9999 -9999 -9999 -9999 -9999 -9999 -9999
610.693324288836 639.535861240608 668.611606617613 693.163021338004 712.66345739654 731.04151611187 760.107677568518 810.543787147926 866.622811697782 906.618653596582 964.148238502894 1009.91493569236 1002.23245363572 970.119422534947 954.755602391588 941.477562193568 910.51334093583 921.562116721887 915.380163741216 923.170453131333 858.90609600186 971.876038584148 949.51977841988 961.702461213544 926.238571190563 757.88951150805 670.061328163777 662.399267030308 634.460427717219 613.453819923213 627.146330289228 641.152007380551 615.920345700112 622.66103558913 619.800640443655 587.514687207631 561.371754064629 553.445208431179 558.659272689769 566.45962578507 557.712826909975 552.54124669934 558.74810737653 570.040244854975 -9999 -9999 -9999 -9999 -9999 -9999 -9999 -9999 -9999 -9999 -9999 -9999
602.258944917412 622.934297876323 649.86995291104 677.135662843844 696.086633997897 713.315455227472 739.553120776429 782.574213759593 830.043387684537 876.085839944847 932.864368420153 1029.84122292256 1056.58325257262 1041.65333522861 1068.56622663964 1013.63427529242 978.800057732644 926.396990886064 940.790315258716 985.773479213262 1053.17528502263 1158.2431162366 1057.28005004157 1011.38833713908 1061.24237508105 1002.84583482229 943.967815793158 783.930997127823 717.11305086672 694.695719719394 719.495554931593 699.256366007875 633.987650582505 599.246669852599 605.36570903814 618.743957000447 586.568213799252 572.127338290282 586.268356577924 613.754972297503 606.42284461339 575.011418900261 586.062396992618 618.903826310631 618.352324141166 613.816894384464 -9999 -9999 -9999 -9999 -9999 -9999 -9999 -9999 -9999 -9999
583.055696342542 595.446433395059 620.433262359482 653.282956079083 674.293202532211 693.859364644903 719.568610280205 751.399571060033 787.565568187671 830.951908021455 896.373017423777 1005.54474464404 1128.15474507512 1148.01521376126 1118.81630147515 1194.66398801464 1107.03324400107 1052.66715420859 1050.70681768911 1186.03499155632 1260.81551216925 1146.13973820439 1054.7803868345 1083.63499144831 1222.28389036755 1192.31155770867 1080.02477981455 1000.47842398256 954.840416105134 865.425537435404 845.63656869182 759.140576626136 699.787198196741 663.443534193117 656.176863726877 629.684737007603 621.022304600184 603.88948310947 640.563537264825 712.919528206864 701.49689803447 629.757440967294 645.28032751767 688.505589017103 683.069813639402 653.97998653566 647.217427141113 631.587623808359 -9999 -9999 -9999 -9999 -9999 -9999 -9999 -9999
560.097147125485 561.91781196816 574.518279829233 606.631492878571 640.434242003134 671.046543831888 696.479758224083 721.151011212022 748.678675358461 786.575161818501 835.468490073174 951.916227706766 1125.68373165474 1283.56398834727 1259.14082186722 1282.03150259664 1357.70268036949 1265.75200435523 1195.76205714601 1253.35023354065 1507.01677893984 1327.44610582649 1302.7355395258 1402.49082816687 1408.40364986591 1276.72307349571 1235.04575292883 1290.06493941769 1157.21432921506 1013.60354838923 863.201422032213 807.878518572405 760.292034051582 782.488590202084 770.922316322186 785.563373044927 738.970959330982 703.967683349497 668.635222581408 779.754196825118 831.308352238176 829.272195816424 674.056100173499 731.915501410584 843.935742352953 774.015578766172 726.791653955446 682.453157633178 650.92179611897 -9999 -9999 -9999 -9999 -9999 -9999 -9999
544.899454672732 544.236464058106 548.866598019681 571.281990901956 611.853272634823 650.224514477281 673.414105532482 699.60600027252 729.589107906848 764.993603865509 808.407799377402 877.067519176711 994.06757013279 1196.6048026483 1359.08018238133 1493.54651340916 1547.15884691695 1568.08592015568 1455.01192537548 1494.19520326626 1630.9791438778 1635.92281272195 1561.37087925759 1618.36137433388 1535.74874432369 1390.73890350686 1446.46713583818 1402.75867584416 1197.97193715767 1086.47278659779 1029.34163816799 959.440412912665 901.475852963987 900.903301615174 910.916014112685 917.725265884161 909.375256945216 884.68368824548 753.510024662006 824.762265580659 961.266078075063 954.603112613984 764.313029162272 832.990382267024 822.288457951285 676.764150516183 691.891087936607 676.028372029338 656.793691968868 -9999 -9999 -9999 -9999 -9999 -9999 -9999
537.225421072556 538.221666086636 544.498260925096 564.0093292719 596.791802956976 624.736206868269 641.692576373146 677.574605768301 720.851700876936 759.794317885405 803.416785025475 859.574447554006 933.730524083043 1038.16154898169 1194.27044755585 1446.2161616778 1571.14560328116 1655.54821956704 1688.69589034639 1676.20532814259 1668.69383387726 1672.01813822759 1783.49201404525 1774.68423193132 1656.04965600654 1509.89159449525 1494.14757706068 1497.79199995292 1319.28417377169 1230.31115892569 1168.93141255826 1087.29824500486 1018.86234054839 978.624153182618 972.912397490217 953.491122027014 955.424436465128 948.716025236264 926.258868582038 959.020962367236 964.374508745941 986.865537098247 903.85209953156 936.226823305194 742.596435726454 672.061673008684 700.818822624939 705.536283508737 696.35822210679 674.767708732449 681.37959266778 681.219865666988 679.510557065461 -9999 -9999 -9999
536.343101627026 531.418985733406 539.941533409356 563.975699514804 592.611756936544 611.74539814606 608.356198606628 646.867119170794 708.290169521219 756.257981557915 794.691609155057 839.293179516398 897.457251912783 973.081028844859 1081.2137983549 1235.61833558848 1381.29986140469 1522.07672213374 1600.89731115882 1633.46529426856 1594.63361799936 1584.76735850112 1769.50484377592 1932.79973153312 1925.2803500783 1742.57428438687 1550.64420640562 1528.43687079371 1411.65819448157 1288.52551995102 1217.38868831371 1154.95763857768 1101.2270075496 1048.94925900088 1014.67241769111 993.174516910104 991.247146845182 989.133908873797 984.948561495166 990.949856106157 1024.18143224789 998.116579389569 924.943955913606 869.596360275678 753.348702258528 706.773479581155 725.705055469662 823.13597622129 736.99682862403 706.365412773314 733.485360971884 718.191970818433 700.87041544986 698.409643476581 -9999 -9999
