catData/variables/pastClimate/lig/bio16.asc
NCOLS 409 
NROWS 350 
XLLCORNER 60.897278365 
YLLCORNER 5.843756025 
CELLSIZE 0.0892857 
NODATA_value -9999 
[rows 225 to 249 of 350, columns 168 to 223 of 409]
341.111946024315 353.422200710914 366.2649161012 385.223865201468 404.790640310321 425.68473583228 442.771912633334 466.174050210279 486.322326363011 500.571250695656 510.435480650394 516.339946174184 525.837067055207 538.019550389705 551.109839713685 564.578586200825 582.425441524382 600.826739896604 610.517294133796 619.343821728943 628.761285876935 634.375430781369 622.16242070478 593.144178911862 563.045364096665 538.193023376852 516.619832498213 496.807391477543 479.143272621172 463.568047554913 448.953077806243 438.224715658768 433.606409823529 429.419899620371 425.509222252764 427.820176879903 440.372412098016 459.662244744446 472.678274761548 486.748977825006 503.935156296469 519.394573102779 531.562086251201 539.464310578295 548.719440002808 565.127730365434 593.425031675782 631.84608177886 658.085680716687 653.592895540738 642.522887324594 646.234793531157 655.109653242273 650.118492921404 635.555880709437 615.451268766787
337.485546510427 346.477319591135 353.107200479875 370.555919462237 389.168728134245 407.362452421274 425.397174925122 450.486628983149 474.467977359613 488.395235814016 495.221328508637 498.844358283453 503.914969044407 506.669950866444 513.034138452524 534.160216585856 552.669563027803 569.273302684324 578.511481135747 586.755564946572 594.840790339287 604.942541652999 604.287464336157 587.863979640317 566.359895796314 542.633688067311 517.611674704627 494.501582782748 474.904103138455 458.247772310239 444.150892535589 431.494381716295 419.840057065485 409.354523463215 404.037843674117 406.224027765068 415.57433153267 429.750884168418 443.775007739207 456.81400916388 469.339170675386 480.864860030434 493.157024192291 503.947965045778 515.587094726579 530.901059193576 552.896926137705 581.508253039747 609.639840081168 617.808979086473 607.401345398132 614.832491933153 627.498008160327 627.964058724334 620.85360899304 610.059099385272
335.185898509841 341.666215230546 347.691722563518 361.571909314629 376.543624098303 391.271861919112 408.750868117085 432.530795575625 456.366073995029 470.999199824027 478.195529153212 478.072869852088 474.646926823733 464.140729056158 466.912710905282 488.991139050098 506.195934868716 525.579784543129 541.610291010122 555.423350882983 562.035721206145 574.328065352749 587.695606673143 585.739359359332 566.203507582353 540.9766188724 514.638544367231 490.50740828624 470.58712447822 454.46661361067 440.389977225792 424.915391247444 406.545542581439 390.073994015631 383.212983434867 386.353016737638 394.380446724567 403.663071331916 414.350017121446 426.273399889628 437.592676129298 448.560311264769 459.416581661438 469.541933291343 479.64217807157 489.66661889141 500.424207914324 514.555456710988 544.880298913942 571.69072115979 579.499205264874 594.226056641667 610.359712074806 615.957498645893 614.275562666517 607.157701317135
332.257738082596 339.640444723492 338.643391516035 350.247183527482 367.478514862044 381.145513173295 398.1235928405 416.147768791813 436.842289971602 452.657479397618 459.942327572513 453.386060324883 444.227136809749 432.70395514854 434.551143147432 452.510208136165 468.61572033706 485.541174458527 503.636982567423 522.827377436802 531.821531258674 545.715429522606 565.933488284871 573.176918681261 557.55245015978 530.48603367981 505.343367344347 482.887234671686 465.043035168945 451.603189022672 439.60290991134 422.30764013486 398.088711774333 375.775287015108 367.730425995383 371.229417244819 377.820725330464 384.337996744932 390.19821065348 398.323991362699 408.5704960406 419.41077394897 429.618037086422 438.851942523217 445.875156956798 449.753228197012 456.081962018544 441.108491217625 460.905986305711 505.909912575584 545.608121579154 577.776915175929 599.230161873953 610.858700138215 613.458024862906 606.19123385287
348.997698071145 355.817148581533 337.390739183142 334.714709147865 352.281639556572 373.34767840316 380.342548978435 389.983211116501 408.586323913502 422.859664082935 427.069785957084 423.689297425731 418.234473799511 413.223101895583 414.81461157144 425.533646592831 440.004599497764 455.975754040451 474.602454279465 492.293828068331 508.438302822958 525.324288857299 541.370176029014 545.586846424191 533.121862932168 512.027001983327 491.124948242756 472.585170110883 458.603138379956 449.149240073969 441.58529424369 428.63490729715 401.491461292053 379.293218330705 368.691203922487 366.04309830732 367.368937433963 370.195197568688 372.510021861361 375.601474544733 382.136161300478 393.216737869323 403.795907146579 413.523490466046 420.72300439567 426.976621879843 429.29818576712 403.901999781539 406.994294779537 467.945750307395 518.393705420605 560.492355613566 595.983471150871 613.8603844305 618.309388031295 608.060574461051
338.043837479664 328.621853721978 324.431983194639 322.986711293935 330.324096943772 354.018598642844 355.315057181944 364.091854747044 378.309928250878 390.983920389754 395.40526500516 394.611667819645 392.446800677591 391.937737776779 395.128791371459 402.300484171595 414.302387060839 429.377340627995 449.269471819754 469.843044008447 489.146498716039 505.930271582595 516.099624414227 514.880664460818 504.236775827214 490.816899362901 475.844340909568 462.799397181324 452.612340524154 445.417113507503 439.712634415296 430.679865316916 409.180741901979 389.972190204228 377.103910475786 366.00626398545 360.603573193004 358.840827395297 358.20568791548 358.048043885876 359.842315161744 369.293825506619 381.248247741521 392.670182097962 403.161131141913 415.578085403364 426.174384357893 439.155161057749 458.785505959578 477.79243749057 507.179306107413 544.511380122759 589.469519677366 616.653426242876 624.576329924188 612.682045525076
310.037673858255 308.483388899194 314.763496298403 309.733921161635 310.200452739388 326.526184185162 331.959137790283 337.816724538627 348.171604328848 358.705360819575 364.576424726964 367.912224928414 368.635678934824 371.296559735378 376.407967891039 382.328899228508 389.818570434634 404.543103898306 426.6743441057 449.615326632174 471.20720731762 487.313757361436 492.829494103977 488.670072556849 479.549004389071 472.52519446215 465.25330454079 457.342363764284 450.030871430291 443.415923787271 439.223130317766 433.544976670431 416.622986233571 399.874421322989 379.531147320287 363.379792161797 353.120145478347 348.223878735283 345.090430866621 344.218063495768 344.503460950626 351.472977394828 363.313890061139 376.110756302554 389.074164810448 405.209734389598 427.32334938999 457.441337579525 478.836956590593 481.562619813461 492.482098037018 515.670102037261 555.337406597861 605.972327324237 628.8780937389 614.151606071956
288.57015317694 285.153468055376 295.099748865802 300.420308821609 296.974662938123 297.686604313678 303.183616108246 309.340223298596 322.372167229651 332.702949083535 336.311709291003 344.293611952307 346.480425363233 353.467322617559 363.434029719293 370.497805752968 371.184806941814 386.305854311175 409.024411617771 431.749930076942 453.753618171574 470.13062265985 472.651154645876 469.081087873244 464.115994656889 461.657015323299 460.097310288074 456.438143357434 451.516542758937 445.051598670756 439.333880738143 429.694357840721 414.831429893667 397.511399627237 376.925639812751 357.612029184015 343.102346824068 337.380648835784 331.750269393597 328.884570022394 330.50515096809 336.876673624153 347.128789096367 361.538160055175 375.673804584381 391.017057237037 414.398359066031 443.165710603565 460.820161005882 467.834187207141 471.026657607189 480.582520745363 517.263751522321 594.812600522104 621.813015443569 596.828867650025
287.80197491836 277.143272567515 273.752852395843 281.604498336594 282.764440045326 279.909603811833 282.814037115373 292.821017849551 306.676830063057 317.310860708426 317.582385143126 327.186500592909 327.63706291401 339.326772398537 357.001516361158 372.296040719553 382.002442551404 388.138309415659 401.023822017737 416.149809954614 430.758688395115 443.706041725745 449.706100629404 452.750442567749 455.219168348182 458.170517149276 461.307256306139 461.214235656781 457.033193962447 449.560391428016 437.07125317795 423.211163450908 410.090977750808 392.660561987924 371.755153667524 352.578023289432 337.950775480793 322.359086879404 311.731379970507 311.900000459611 320.075218537022 326.466514755884 334.825673265572 350.487719806674 366.327148586729 376.930953948033 398.691485646032 427.983146129582 443.026486587221 450.049823508643 454.949281991797 463.876113958212 488.552866837698 546.21170176349 570.05469930719 553.238518491214
282.612239554177 274.158439050183 268.567635943563 264.590873134483 264.861986870023 272.078541372672 277.41343657012 281.658529250569 290.084755917615 300.562604783312 306.064035444715 306.129241320598 313.395155349024 331.458433927927 353.556199068162 374.461367147684 391.240192123185 392.090632552125 394.263953158586 399.207613919049 405.662587582135 413.682971510637 423.515495547123 433.963767635406 444.208910160562 454.863696652379 465.746155147042 467.4376548391 461.269861873231 445.458333406292 432.672804279064 422.250988429392 411.816516127983 390.667732057842 364.555033411367 339.008991474313 317.227598858756 300.635929060934 302.391004139822 305.848020253714 313.682199651441 321.696850820615 334.295636479241 349.848610572797 373.07588309542 394.781624302578 415.092245688062 429.796872219491 429.820957719242 430.614237728074 443.175839059315 463.875287122104 468.53131805541 480.722790346361 500.888502195843 511.198549903663
283.353824120569 278.085233505885 270.925938653652 264.17883089086 260.083601610694 267.046106276008 270.728530266577 267.975582892314 268.467823247274 273.105777365111 284.743267477538 297.385553238049 313.173455999374 331.602657149764 350.426170776688 366.711806762109 375.651964184392 377.199896227058 375.562018339498 375.389124709782 379.096264377717 385.600856944837 396.640581866153 411.142446891398 427.088406310035 441.646413228033 456.266532670008 459.704714622542 458.344102623911 449.351708442731 448.042427347738 432.147903642216 410.902317610367 387.064313129747 357.228226173951 332.97023027668 302.210454700465 294.170029986651 294.334184831144 294.93806483499 302.731710846754 314.315908378373 331.107256666365 350.472704850769 388.349223740314 443.413211158164 460.821233251576 436.247620628241 411.638688599566 399.193717377918 410.365642837306 442.14038138915 448.94201419767 444.182810469622 465.729894972539 500.06988993221
289.407471146725 280.235168955279 272.23225353512 265.386298566029 260.416669080908 259.020937514064 255.433954600755 250.314477964404 251.258538017353 257.918681066121 271.152864232509 291.198599504896 312.299757685809 330.300500437167 345.736618059612 356.92865080893 360.974405777671 357.839923964894 352.001758382033 348.856723334503 349.26775403574 354.356378471586 366.02489255305 383.818205444016 403.981198905556 416.635910992487 425.191261761991 437.857358647899 451.383346608813 461.984088943417 465.223874788269 443.779554750675 405.751722034052 375.0344002958 348.552523208933 319.432511437115 292.813587854293 287.870364115589 282.99802845159 281.412259911579 284.883840520022 295.652379016828 312.875949563925 333.351950799402 376.041005337225 439.863221002109 453.797799272543 412.892695724983 379.665154368982 366.603028670735 376.769426084801 402.660328175534 422.692546154468 430.86811743119 454.415460851382 485.407873344993
294.895277718986 287.364358184371 271.825315644731 263.87031573365 258.582367984536 252.164393020994 246.385596108895 243.337951956065 243.488370115953 248.322048282978 259.522170163696 281.760258139519 305.274705343532 324.691206470167 338.901177016762 345.798180483903 344.253440622267 335.632784688484 326.970644374912 321.647087891286 318.462649420201 319.91121503203 331.030306081355 347.664136572774 368.832610174379 378.959733682943 386.193084231972 407.192234883657 440.242789254564 471.124222968979 495.670526100836 484.048811650234 413.288019585869 375.085930608333 345.195966597851 309.054796293787 282.820293888072 275.964346349934 268.277248945122 261.810864230504 262.890896798831 271.523134025588 283.549721794804 300.818101199592 327.790557238793 358.688517368461 367.909382344297 355.54339702912 345.349734674399 349.210934116128 364.141535109226 384.883985540518 404.226675126207 416.60313500479 440.458893367473 466.220554793593
295.533006401528 292.829834183799 273.831505262054 260.886325514166 258.706936334936 249.607670757847 243.103014710644 238.206251271872 238.311941822996 242.050823660215 250.499349835007 271.440127482293 296.869330485411 317.529096432241 330.092665250831 334.11957504508 329.051676911935 316.221951572579 305.067144406998 298.678819663619 292.809013200371 289.725279740793 297.302357788268 307.527063233349 319.990211279614 326.954020377272 341.657360071593 373.558075307143 418.918684296356 465.862197172448 507.07528353097 480.157699054377 386.76361505931 369.391246436879 331.05801116445 288.662230348133 254.20461565062 248.878912852541 244.364379179645 243.196110124743 249.983002657548 261.586674084679 272.234837370826 288.229225902168 303.090063152666 311.811327004339 317.688203966253 320.080801625027 323.799313049758 334.933096958965 351.787544713338 378.429510424505 399.761693440796 -9999 -9999 470.35288459235
282.744825302604 287.160166358069 279.192304692879 265.201534119153 252.803435686245 244.618347891356 239.462500129758 235.931196488339 234.226988010861 236.548510046604 244.021274058084 262.672980743731 286.540116876629 305.845488613448 315.613248718824 318.995090685721 314.602661849147 304.175018311324 292.773793964543 283.418210809626 276.177484166816 271.634547371699 271.241649200585 274.613856395576 277.94024611287 275.822778080353 298.826327816917 340.149231411097 386.016586413461 435.030231771177 472.684358762736 425.614270577217 373.930427169912 357.943682489051 308.037727352254 258.836015204877 211.523671784356 208.788948685891 226.534069272117 238.678202565689 252.205168836582 265.585830616448 279.557602271753 296.467416982066 311.892946230435 322.620750182785 328.315924707627 326.514399813316 324.290830610487 328.108925408502 -9999 -9999 -9999 -9999 -9999 -9999
280.61732334394 278.266137582763 274.695568300051 268.155210118469 256.387738081411 245.489195696879 237.766636366375 230.997509296749 227.276403337523 228.324603819199 234.81345049091 249.407854414064 265.335099019528 280.388097488258 291.228727719295 294.965880167347 294.341804964623 288.535633259408 280.057901958566 273.141655084976 263.597881409703 255.624116769959 251.752820866475 254.724178111068 257.798937861879 258.531023810337 281.03095225325 314.027206508306 351.690463243666 392.682007431151 419.96250156382 370.484520680118 338.23803688876 319.239829454744 275.904042856331 223.573671500466 194.214246286068 211.251842020504 231.772686373718 246.387621100486 260.916656660443 276.083804604182 292.343479198883 310.59429867164 329.03920857842 345.270914403597 354.49196968106 347.770460201203 338.038634868981 -9999 -9999 -9999 -9999 -9999 -9999 -9999
274.003149906708 269.055385560004 263.939263225199 263.982976250425 259.612849354118 248.873700952976 234.9760590085 222.131989195685 215.226450054825 216.069734892933 221.323858565925 230.292852221823 238.45982343489 246.970201791901 256.140857795383 264.651602911695 268.756542944124 268.407871857367 265.543926274674 262.902569421228 253.5079194666 243.924389950524 236.683113306076 240.497741468283 247.350327876643 251.787703918872 267.346122232151 293.806153212424 323.172567994522 351.638343287204 368.050032608351 348.621856484112 322.028767164201 294.849375554376 251.887870784585 210.845115197596 202.285648977084 223.131081616207 238.326986846536 253.94966828981 270.340444619373 288.268210115089 305.684733217793 325.234500591619 345.413315294214 364.91594288813 376.425413790577 369.828169133743 361.692866521274 -9999 -9999 -9999 -9999 -9999 -9999 -9999
262.898166464043 259.378040559193 255.419614930051 256.969614085834 257.784123852964 253.509184980703 233.661336665783 212.116167919586 205.331595344208 205.456126907084 207.812776361442 211.733178201596 216.014019599387 218.707408877228 220.739693047641 229.782847531672 239.642911298919 246.634049600845 249.66019527302 248.086160400539 242.093376519021 233.644563130834 227.331451935478 230.16037566072 232.677956925146 233.868370368044 249.883059022624 278.64629791103 306.039357956543 326.866507228294 337.317516261546 331.622614919709 305.340683542094 273.625518790762 238.635131189254 215.08742451263 217.549930735895 230.713509320854 244.169348171296 261.066840148076 279.189495963441 298.92980967802 318.432269846875 338.883017270608 358.641254656273 376.170278513491 386.792735264521 385.868789892469 -9999 -9999 -9999 -9999 -9999 -9999 -9999 -9999
248.469855284929 247.724195483221 246.068258792276 247.681693002634 248.43301204933 247.566580716751 230.264049413767 213.968155773812 206.236916022307 205.047871812973 204.622148765656 201.635668605478 198.405212658425 196.329045199484 195.366219266166 202.976250007243 215.654104088131 226.991985806687 233.86953581711 235.477180272249 234.24589756659 226.606498624921 213.57828880398 203.537992983298 203.675861114445 209.542909795076 234.193178718922 268.386663980989 296.965756928216 315.218630146091 320.539627464929 306.882453390696 291.593379566149 265.767488384302 237.886541903648 225.493316222053 233.605207001564 239.852828398378 254.41405391534 271.273623685122 289.738577592502 310.279954193825 331.350234175436 351.819174880526 370.625248335062 386.032528642995 395.687028977006 396.223175172793 -9999 -9999 -9999 -9999 -9999 -9999 -9999 -9999
240.121105357047 238.699983130925 236.89771319048 238.634751008563 241.956938751543 245.12761251995 235.695768770918 222.479527346644 210.84763254652 205.947079976656 204.339054692461 200.403279258465 193.673310786006 185.364496142096 179.986173301263 182.860221412402 195.565065572402 206.817089557592 214.744218552203 220.045789015692 221.046730767742 211.992508011432 198.814015167291 190.75034807355 179.145918886929 188.759066068417 220.394930151085 260.750321514441 291.78704861141 308.477960324683 309.523144337026 293.378639495656 280.683664709266 274.01752090018 251.010687207711 239.075898697922 241.210560717479 251.079559684514 265.967351517097 283.46238479191 302.855690476561 323.302336427881 344.372421785345 364.422719519927 382.299962624687 396.839358503593 406.117293032559 -9999 -9999 -9999 -9999 -9999 -9999 -9999 -9999 -9999
236.346517729783 235.47371446789 235.194403327089 236.737151842019 237.302897620859 238.189880986793 255.330780211984 229.939943450838 209.267649797315 204.200743004149 201.112148889312 197.781844886367 192.513577085795 182.966854463113 172.73357844535 166.862093098095 174.786696301579 187.115359096999 197.601862588408 202.647596461817 200.857912276666 189.071218881435 188.496587003902 175.722044225708 159.268002653943 171.096742061176 204.638519863632 246.41112600666 277.788213524674 294.597722788688 298.643568861072 284.040555091095 272.911313652816 284.878073159071 262.678804900381 245.440179002152 244.752684679903 258.951783425522 277.095985706083 296.359618006026 316.46764233072 337.120641396834 358.062537222903 377.948094606297 395.708110764589 409.852830090748 418.226805308947 -9999 -9999 -9999 -9999 -9999 -9999 -9999 -9999 -9999
233.624053693303 234.323816146427 233.99693860767 233.3840609234 231.655041806003 227.105722388309 237.841479274774 234.196358093943 214.852136738335 199.589734743696 192.139119623734 189.218488232578 186.852621221978 179.600670738811 170.139478975676 162.113246566511 166.319719850873 175.732455509776 184.689690642419 185.881279094081 176.617692969754 167.786871569175 162.566796555979 161.530713461663 156.073413356777 164.087103140886 187.750068068668 219.898254645947 248.968368088307 267.433403553789 275.484674263484 269.861314556143 262.767879652523 284.807747623865 265.357889914641 245.745912797123 250.267036052684 268.576680542145 287.790596159071 308.061895674728 328.667082334871 349.661524330214 370.726976637163 391.261787592565 409.96146742158 424.776462762884 431.97521893113 -9999 -9999 -9999 -9999 -9999 -9999 -9999 -9999 -9999
232.605648127924 233.799233145744 231.552649202938 228.097689812437 224.113924881957 220.329147697111 219.861291322902 224.911781080422 210.223752914136 187.92995632145 175.20916159857 175.518962959576 175.711994226271 174.095892526125 171.546449995774 168.096215466759 168.085452664658 171.797647764965 175.042913276345 173.978298384438 167.829269898208 158.600792200712 151.374506983892 149.504153371387 152.559190388006 160.361973206239 175.493169647322 197.241196227882 220.489609659067 238.502149558855 247.399829791871 248.727485214448 249.34700992683 257.710873674408 243.507807645335 241.487380111159 255.404993010556 277.192011649631 298.874192034234 319.715381975759 340.516488296545 361.496562621484 382.590262573575 403.598642642454 423.769182682391 440.661633117725 447.942199945583 -9999 -9999 -9999 -9999 -9999 -9999 -9999 -9999 -9999
231.876155554469 232.13919298724 228.06779294155 222.609333039562 216.601483870404 211.309487569503 209.790280134633 205.489536102816 192.972597450411 170.659039313503 159.114068394406 162.530752416752 164.917789887127 167.784918900913 172.383727214334 171.886761672495 170.31009255719 172.157732021518 173.853643818627 172.581762904802 166.749737880017 158.651299137289 151.092764259465 146.68649249076 148.67597139714 159.596993826127 167.207059855074 182.372749314462 200.175997952951 215.631958496226 225.727676928589 230.380559030291 233.077161635874 233.309765379196 230.828822848166 241.920725688741 261.220316461351 284.266613733725 308.830297865264 330.084111130832 350.965176169334 371.823793357694 392.441100185153 412.880943641984 433.532866321233 452.518563798622 457.710155312592 -9999 -9999 -9999 -9999 -9999 -9999 -9999 -9999 -9999
229.358308939488 227.926402349256 223.103166087467 216.53302502084 210.262150048437 205.989934157873 200.661389137025 188.403457785958 176.042040337677 161.679277039243 154.788384384798 156.177912582709 158.120899643748 161.238306672332 168.400468144631 170.937964187813 172.886598190384 175.05198560161 175.838490487801 174.220094071856 168.409433205089 161.78101816048 154.706112403698 148.228985213417 147.771219874854 153.786315043879 165.291164666439 173.775602425036 188.523309849075 203.355719027349 215.27934650233 218.114678818156 215.846643814346 222.38737313955 230.985553052812 247.398662224471 266.810530988191 291.380260987907 315.417697759169 338.200122604871 359.872689649049 381.012496818866 400.816874362785 419.134654622512 436.457093776234 450.18826676907 452.961143377351 -9999 -9999 -9999 -9999 -9999 -9999 -9999 -9999 -9999
