catData/variables/pastClimate/lig/bio15.asc
NCOLS 409 
NROWS 350 
XLLCORNER 60.897278365 
YLLCORNER 5.843756025 
CELLSIZE 0.0892857 
NODATA_value -9999 
[rows 125 to 149 of 350, columns 168 to 223 of 409]
146.19845490211 147.3413916139 148.291229251198 149.283503859982 149.992998707967 150.65696172851 150.665854783122 150.00404973519 149.821921844908 150.065062398757 149.724421931859 149.569572671447 149.020143154653 149.007636764074 149.138718762524 149.133248979903 148.43822974682 147.5480320611 147.252959557998 146.897917541936 146.665054370372 146.443582531155 145.775037187275 146.129335772029 146.124979166274 145.94945713858 145.982384678186 146.25321355504 146.40097163275 146.333662277976 146.237562067332 146.347245056627 146.064212470321 146.062780773364 146.238553835368 146.224024245324 146.201989234957 146.071535594222 146.181546628716 146.801832439094 148.030702877056 149.444762690565 150.192768080765 149.502797673742 148.420442616461 146.997207333069 145.553398444933 144.964175621049 145.179145093659 145.246894167347 145.241376677525 144.608351870724 143.41459014617 142.311880950671 141.441578246358 141.284608620576
146.050836192497 147.377568080037 148.51234324268 149.404328845564 150.134383432629 151.06612766536 151.355940508389 150.842197182457 150.518308687947 150.284423200954 149.597900217511 148.495842725584 147.956416808396 147.975189854312 148.444030774248 148.05262186726 147.19291931936 146.541790512644 146.524355590935 146.254325352108 146.329499132408 146.209746370052 146.371572599989 146.803423582287 146.525743094377 146.375476341256 146.452288318087 146.619513016954 146.548111014952 146.494649325482 146.34393608126 146.200260914544 146.284283578649 146.709380016461 147.193663090049 147.482185080538 147.02821461787 147.230513044991 147.894468103894 148.662362040502 149.929471080666 151.292765031724 151.844263287514 150.792026115483 149.581692252466 148.175410367127 146.91608868989 146.441516257184 146.372654039056 146.383674887768 146.330723527207 145.720437805852 144.701671296265 143.631855860215 143.061229445348 143.230816483787
145.851735903347 147.31367059756 148.56419717787 149.381763829167 150.45733652455 151.001369164139 151.435395332016 151.193923577808 150.981993095556 150.153444092621 148.877023609709 147.795412565188 147.135568136976 146.91780977716 147.642350633886 146.970107553063 146.181750615516 145.842932123046 145.710673181309 145.517285633007 145.827492865659 146.14644744865 146.927460364125 147.092643847667 146.909029680492 146.65363038533 146.579054587654 146.57273507519 146.338875281139 146.216606101161 146.023565933857 146.161995098794 146.525631854126 147.406453941771 148.224944935358 148.685425781181 148.556556392943 148.379469727421 148.988343066618 149.884239139918 151.037460295177 151.737088257418 152.106160135832 151.076815246793 149.968976273997 148.9497438534 148.359457907845 148.051576971066 147.637800589793 147.639388373192 147.539814210775 146.945625321734 146.012306943262 145.573207012032 145.422604387223 145.929439876374
146.569429199113 147.41574595065 148.626771444179 149.605650389996 150.560467665854 151.473876479535 151.751114515247 151.340447293144 151.06098194905 150.122287132664 148.428456295959 147.704308081832 146.729509200578 146.312939706301 146.89227268415 145.848140602514 144.932244509376 144.887995934457 144.679394417842 144.859201177122 145.467509693505 146.519451575185 147.121084841847 147.613183801653 147.470723012344 147.113347721561 146.547352230931 145.990498648837 145.587585911384 145.320142817201 145.590296833316 146.516274683175 147.418820229462 148.581782355434 149.476039184358 149.871152944224 149.915948706944 149.717927625106 149.952157802649 150.982454896967 151.742313592543 152.156523395136 152.089955126108 151.112602854596 149.969885465511 148.783967013821 148.872846797775 149.158518855736 148.773423368177 148.458542185623 148.136372061987 147.84538482155 147.3057365374 147.146026312647 147.614357312961 148.525482820657
146.98681274229 148.024047836733 149.033927493011 149.70078727973 150.080452825099 151.639239810431 151.977952292605 151.63469774191 151.190976732634 150.42709009392 149.06424789657 147.738874306266 146.511393105288 146.086071394109 146.595019285878 145.552192456301 144.253368188645 143.877867624016 143.690052289651 143.790272410515 145.376107965644 146.446563403945 147.419510817827 148.315495309554 148.44268718386 147.650260224201 146.720965107508 145.572892415638 144.818222468196 144.377835177935 145.090677389605 146.995568674775 148.350041428042 149.60144869945 150.801178018873 151.403789854504 151.499191346297 151.107536751641 151.051053919544 151.724543999318 152.441683897418 152.966736092986 152.551755308534 151.320223331325 150.414340232888 149.652735056356 149.394670485513 150.086404911072 149.607118151659 149.321411866392 148.790294148371 148.572033800653 148.214821576401 148.605712181473 149.338997546578 150.683669044923
147.234954526682 148.155942848778 149.012153025156 149.706397750179 150.301710227276 151.230619383675 151.838254960056 151.714978278081 151.584240257055 150.63148359586 148.991878614261 147.547327732819 146.232521117658 145.582588191351 145.95240189498 145.14002475933 144.614673701419 144.065083779198 143.849416578006 144.069350072067 145.912321325816 147.008431408202 147.726850250758 148.596739163928 149.054070620565 148.136881633732 146.611721391085 145.00286719997 144.073801187384 142.936232304701 144.290286916052 147.601814771191 149.294715403243 150.344650808993 151.734826383164 153.147598649588 152.947709607657 152.142173650579 152.320192914792 153.01660502601 153.585523259624 153.562977944282 153.094992602158 151.846035489085 150.933798166605 150.251436390079 150.027526769128 150.645905975899 150.442750133099 150.064367759428 149.645932334994 149.008228496263 148.708004066982 148.997200253784 149.91705900195 150.880480165546
147.173262776543 147.96338609386 149.019808102389 149.916048109618 150.328781405514 151.00037319495 151.705517913695 151.974588122495 151.700506041702 150.649939934519 149.387921709936 147.629265445739 145.993623585452 145.257656104469 145.556427247134 144.899295617102 144.539518818218 144.470053728542 144.874900695015 146.480044588497 147.861040062242 148.130704036489 147.913429999475 148.37174156172 148.656314755092 147.763246557864 146.238064518833 144.66474116597 143.819344292852 143.161209522136 144.079054851178 146.656331795038 149.246875127606 150.380360672417 151.197043949656 152.583680381177 152.573134234042 151.999521554412 152.351736875329 153.598407358331 154.542676643331 153.950740349642 153.852350226646 152.444088835757 151.100374437624 150.399826737265 150.19741252858 150.393511346658 150.904500254847 150.823305234187 150.338815344025 149.302939042293 148.626665132589 148.607241728378 149.316683645846 149.83460399636
146.673341198224 147.685615892263 149.025926831623 150.227154716083 150.476347050622 151.018463212541 151.855482530515 152.418155200281 152.153890435422 151.009897870797 149.682399893128 147.905317097154 146.002524981993 145.085460170395 144.983874085326 144.776502291007 144.479765250393 144.338433106728 145.159218863212 147.102387651363 148.339749817421 148.525948615638 147.892544446689 147.703617290036 147.743939646967 146.862338701485 145.588911740856 144.740765306842 144.130427420653 143.570980447503 143.586310094482 144.844351447995 147.673448277228 148.762270732509 149.167347503524 149.766299633478 150.162692415383 150.387981117359 151.000207673771 152.322016611388 153.425206724247 153.297158427303 152.795960348201 151.523011683727 150.25357149895 149.767037853211 149.701929568649 149.842793334133 150.674879544027 151.02017858947 150.437900277558 149.053519809307 147.835725263848 147.544653808911 147.940816482974 148.490144607998
146.16527254635 147.939161882795 149.273894525383 150.271565409189 150.825872376392 151.557573930903 152.162928094412 152.834803030448 152.85883977614 151.84500720294 150.107833357615 148.066032136199 146.294045871739 145.25880261181 144.959042812665 144.836957774211 144.377213196566 144.108772561861 144.438751771355 145.552416029582 146.941889573289 147.325854256746 147.205595788393 146.993729421325 146.971209997457 146.53733606226 145.919407046939 145.268261785755 144.724013342794 144.003187549823 143.546828260442 144.196073434066 145.362170533113 146.147172148367 146.718900611253 146.8948106478 147.457869594504 148.165760842119 148.722448172749 149.300526757371 150.010112346253 150.258806317456 149.92675634683 149.246198824146 148.577030534706 148.251854832983 148.517098218564 148.988458174688 149.597538332 149.974597352375 149.436695551774 148.319220665355 147.064964668037 146.28809181419 146.532543583684 147.058838644028
146.494276781506 147.993995888301 149.747691375269 150.743175066226 151.229361734359 151.940199521934 152.8054423375 153.386048226056 153.27891724035 151.976927301476 150.274273994386 148.583262279639 146.663727448414 145.459968608442 144.837716481483 144.809092851502 144.24035876054 144.047347503485 143.928661121172 144.52877341473 145.750869604974 146.308698323861 146.540855008198 146.33431955552 146.379228906516 146.308978761777 145.748991940391 145.302369196595 144.882111779318 144.23529285658 143.884524452181 143.756479314409 144.050560900382 144.261862467894 144.681865467523 144.95733333729 145.305456573591 145.605794127201 145.731164188761 145.741028742112 146.088309645082 147.059966894025 147.347836742588 146.951357822607 146.552454372281 146.45541616188 147.124109498591 147.998877457923 148.432396852651 148.483152321601 147.943233501695 146.880070560274 145.746085913863 144.608741803914 144.821597090059 145.564856690813
147.158259951908 148.576738510176 150.208891943978 150.888177233233 151.29955590795 152.061565869136 152.667881844796 153.234675534587 153.451355713854 152.424723020974 150.658917278855 148.883554013298 146.872012824843 145.742632127657 144.917599639074 144.807360548683 144.311985907606 144.187857994695 144.063871049371 144.304185478347 144.933716826965 145.548136814796 145.703982222932 145.872069086813 146.161605775341 146.048407613611 146.192669257722 145.526263434737 144.937101022319 144.342995428752 143.788277844152 143.32935868234 142.886611795281 142.800086096416 143.016242689044 143.420411176285 143.630837223691 143.673991865477 143.957478052364 144.054692343609 144.362217811512 144.753107994997 144.983770243841 144.811537378552 144.547425563238 145.163850752813 146.391073777516 147.527150890316 147.875118949839 147.626384083763 146.770324984197 145.157381921465 143.354372578827 142.244757429263 142.725947753227 143.409071756599
148.057946667529 149.162831147397 150.614754682358 150.89778044058 151.18358600791 151.89417165217 152.428418922078 152.999511291409 153.441532730269 152.671580027361 150.915676582076 148.960332287409 147.432515170465 146.119735339366 145.007297066613 144.348042938193 144.0720570163 144.036351341998 143.855835778891 143.949721637553 144.241425768522 144.742910986444 145.216484244641 145.71058879251 146.011254967445 146.369786100024 146.557300558774 145.86825962024 145.225210916514 144.761607441481 143.892559264767 142.949432787206 141.990291245464 141.517486962448 141.473194947359 141.637963495101 141.934127693286 142.370199885589 142.88908884347 143.095284465743 143.325233060409 143.616797294381 143.766278583448 143.386884814483 143.182543505804 144.077779841805 145.614059880163 147.263449675022 147.299990138277 146.229852088915 144.443473216834 143.241613051085 141.701173645431 140.58110861015 140.766834136676 141.345498135639
149.279394641076 149.498791034301 150.330633989529 150.727035683632 151.231743996383 151.410877590074 152.094805796228 152.938204821873 153.049512443826 152.372727237995 151.233247795082 149.154023516194 147.842681149394 146.427416873016 145.178251595478 143.952207761399 143.671936832036 143.634817047737 143.65576271779 143.811134759797 143.859818260361 144.352229089076 144.889560061561 145.586512289712 145.934350710038 146.477820888939 146.80793860055 146.569174159718 146.142560261888 145.409183479256 144.320825159064 142.916219065132 141.548726226036 140.818195726297 140.59105523532 140.348155582751 140.682073527421 141.293562407005 142.196703764789 142.515639833283 142.473252633406 142.95260575815 143.167091291836 142.781817757689 142.81730938627 143.595375326718 144.93883012638 145.981051122181 145.052901478702 144.051224267717 142.472008594692 141.252019035024 139.971765695084 139.190201724761 139.127400631655 139.441051211331
149.314211660408 149.697138553446 150.071229060968 150.636876271774 151.098292231231 150.752742333507 151.614456445437 152.357165216964 152.792411264381 152.16740852073 150.986057566041 149.427373604632 148.039692706821 146.575822907486 145.042876928023 143.797942057508 143.388309868185 143.29404225017 143.598943222528 143.550733251263 143.822684740967 144.123455720811 144.822012368104 145.231618259602 145.593795024675 146.44785678614 147.21666944708 147.218041518384 146.804684576852 145.741048034023 144.714939560091 143.154590872428 141.628615258097 140.587052814181 139.910244094023 139.47072544392 139.768441092534 140.822523098387 141.790529090633 141.986286549283 142.141245381571 142.553513789093 142.822343269476 142.928216059171 143.139232371359 143.627409364478 144.205336930448 144.033268141358 143.373896366177 142.2468642891 140.977036913759 139.827619334168 138.807385165892 138.07899492622 137.460382735103 137.368687543217
148.502508830501 149.270458847334 150.02527827849 150.689026241237 151.756106911851 151.715522738139 151.731029387471 151.95994505168 152.704178659218 152.219148175246 150.834304512938 149.16844423986 147.797397665957 146.696228601862 145.017578451085 143.681707982751 143.224977162088 143.270872116896 143.46791246329 143.554217433817 143.662814635606 143.810907435007 144.909377920129 145.105618399521 145.495092408325 146.154390589607 147.259834715653 147.259631979655 146.812548131072 145.73949985629 144.91708680958 143.936662056761 142.457542148238 141.083344833678 140.063566924263 139.169230549839 139.676590718898 141.179227418006 141.749735262005 142.096764065782 142.392639531067 142.676579884595 142.803576385571 142.789050058054 143.215585562096 142.966122456206 142.863926293079 142.730130213424 142.783813796119 141.427491353561 139.678034261676 138.703723883426 137.933613140834 136.783610825258 136.112502281747 135.727394101818
147.722898833441 148.637195961757 149.893173936394 151.299373486317 152.716151297665 152.463665921658 151.674035174252 151.365396900589 151.402610092834 151.044484313485 149.960776067617 148.881410078392 147.59578181888 146.623707888712 145.504986609083 144.417906187113 143.744169957818 143.790917544745 143.871776761217 144.021329877628 143.973593045735 144.479228204509 144.937761029939 145.22428091155 145.55378148184 146.019435910908 146.732045196256 147.017436323424 146.542779186048 145.707911827666 145.313239455936 144.593961267349 143.350282641635 142.190990359692 141.322860644387 140.711672775932 141.325813111843 142.433046887592 142.756063817252 142.7191479612 142.846475565201 142.815004652027 142.937912423283 143.058320291514 143.072713288633 142.71969774155 143.038934087654 143.370007487054 142.633485285824 140.812390803023 139.046272578994 138.199099289835 137.610565492435 136.623570466593 135.393444748593 134.558313473813
147.347252300631 148.090766078475 149.333229245817 150.967250009767 152.220915782007 151.427809566745 150.676163979161 150.210805876203 149.812684263635 149.32333258555 148.884775604665 147.862495076718 147.101239461596 146.577505165663 145.855620059658 145.184258094756 144.486559877665 144.353153246527 144.339541608814 144.320468713349 144.512508500467 144.700205846214 145.106954227766 145.273187542926 145.604555766958 146.157911799007 146.742156649354 146.750682781198 146.482054302846 146.022826260756 145.644995680651 145.028634134306 144.202854479854 143.690323560406 143.418652408609 143.489056786683 144.109855984205 144.526698021565 144.200533016097 143.49468463529 143.229055690317 143.272470337432 142.895692494241 142.868299987922 143.119294670063 143.284844201179 143.286159816392 142.891972318762 142.009161270205 140.770529843285 139.472399608056 138.354371884849 137.648062760795 137.281117353017 136.333463826518 135.70020667665
146.718103857918 147.270786790616 148.257859421136 149.26689450158 149.811971240366 149.627729082583 149.295907056918 148.778590422201 148.439759714561 148.297817096979 147.782905439765 147.176025118773 146.625060258618 146.506629110726 146.239910291015 145.853444114219 145.4025329725 145.203070588299 145.035710064898 144.786740869721 144.986469582138 145.091942702355 145.496515696349 145.61612773623 145.852334112298 146.324407747621 146.834743022373 146.839114202587 146.589632021399 146.211429689831 145.828294913198 145.486154058962 144.933838111445 144.885417327419 145.265813870525 145.842065149619 146.758539605243 146.41222620203 145.285788319235 144.239839431867 143.693365086391 143.499842328558 143.383605380681 143.4631164482 143.660191966167 143.657387933604 143.217380261867 142.72823392481 141.930747880436 140.899061799165 139.843693517444 138.69312746825 138.032538347856 137.955721397751 137.904372720478 137.411040392285
146.219895315058 146.687008299511 147.464178503585 147.924782159825 148.202445656879 148.204188194067 147.9255635564 147.634241147543 147.501534169316 147.298016312779 147.082783362191 146.461168442602 146.16075868267 146.537436891461 146.530841088303 146.595068801014 146.139754946782 145.955023054729 145.82215112062 145.337392430186 145.514283488889 145.867612851179 145.924124878819 146.301309859316 146.468164858667 146.770179672147 147.093348313079 147.141179104684 146.935266367313 146.37665396304 145.836380489768 145.592480698993 145.129311886169 145.146735095673 145.804993922849 146.409223573548 147.023388946434 146.150671516961 145.075699592489 144.382806784072 143.936121961888 143.97431292089 144.294614329583 144.041727841698 143.955059358096 143.598823255788 143.193815705549 142.742926073373 141.964655078312 141.091864527749 140.126637523233 139.141200232612 138.734366842352 138.60153341836 139.126072425959 138.770687966535
146.002192957863 146.130934579999 146.469955388817 146.770216240768 147.150066876158 147.111778121796 147.035187094764 146.875088432349 146.737399765398 146.430043193218 146.627671810559 146.560396438425 146.276957502653 146.675472790669 146.909452845745 147.111385588508 147.069879876805 146.980186558576 146.595521297918 146.377098923239 146.440572579591 146.363648339602 146.68196629825 147.119288423164 147.224640502881 147.462275316648 147.487066329269 147.599239092125 147.331176118502 146.669025570491 146.120809117419 145.382046324746 145.134719764378 144.96948930075 145.256942770196 145.258206043354 145.59730103491 145.259019725743 144.569819310458 144.440358878335 144.307388044768 144.386267913714 144.572553664294 144.48839839567 144.266941334131 143.909073357003 143.113139280929 142.655471679298 142.121731203376 141.526610807328 140.860481889823 139.823393742854 139.373434884624 139.771407735373 139.723858476216 139.312039414866
146.225143815796 146.207010754741 146.366360282245 146.429146300282 146.588973691278 146.410275753669 146.159476077362 145.99282883776 146.115422034222 146.402518640056 146.283933318798 146.746004091345 146.439787913697 146.918622419777 147.4680905456 147.858453003214 147.792898501917 147.735561755994 147.218150311806 147.02884861205 146.968542619067 146.997623857434 147.514762040356 148.063379721379 148.04204280141 148.159010176232 148.27373898175 148.245017813908 147.734282491973 146.903280119607 146.15906448511 145.551658688668 145.085509893256 144.605489101315 144.628341648268 145.010884238398 144.881052876302 144.406305762609 144.560145172132 144.396541953111 144.140335806317 143.989838419843 144.540290492766 144.737692116516 144.433743139752 144.289682016712 144.118744714591 143.458343381957 142.721971019269 142.120448048705 141.512612529959 140.774389885647 140.451248432088 140.571082831043 140.46897738385 140.217683564031
146.622649099321 146.333698113817 146.266339067301 145.969936282721 145.953020430479 145.587033391789 145.283905548395 145.122921611751 145.616458347915 146.37553612809 146.62291754138 146.884870448979 147.036762126114 147.427720395735 147.78952507052 148.251301665754 148.533966814232 148.192448012776 147.811852398342 147.40834375292 147.697298278232 147.952801387833 148.393965034221 148.688070089013 148.670941187145 148.639008395566 148.914612112255 148.643527822201 147.890255088235 146.932430903735 146.267293087357 145.662065568446 144.790694725103 144.170530217691 144.036365108806 144.153818488896 143.99548005188 143.818173795088 143.632824695968 143.474770683061 143.619024062 144.066558532965 144.632161313076 145.097542624297 144.989201722603 145.286500976403 145.267423576884 144.540769148997 143.547941608021 142.942786260363 142.336746330512 142.060878518119 141.738691855496 141.68827216733 141.677915584529 141.258320077031
146.838501998936 146.08548614024 146.087843630552 145.635577948965 145.565400474507 145.242301216421 144.848814836829 145.058721515791 145.507335662769 146.301594720039 146.669967556319 147.177086671333 147.31478655071 147.450167860956 147.888015635506 148.186822297535 148.314800188297 148.063879382334 147.947509527619 147.955677526487 148.33607887145 148.655469053739 149.194767216292 149.281331952053 149.226377578181 149.080330745143 149.31665045294 149.106311246563 148.152118540865 147.282503377711 146.459537739364 145.222399872932 144.1180936502 143.660576001352 143.438704535208 143.336064304166 142.703333449295 142.337941872308 142.517095648794 142.634766431414 142.941554116554 143.667921650326 145.010706322327 146.032024166128 146.196922554884 146.470759182992 146.456348947362 145.932160631599 144.932996696296 144.284079746333 143.889591062293 143.598402950042 143.337199938313 142.893824307797 142.582539178923 141.969275734122
145.837488604026 145.06404005897 144.860431057502 144.704942157703 145.053268516939 144.883987951397 144.681206883084 145.168607595678 145.656855140845 146.320496221593 147.000811590675 147.430364899214 147.533929678629 147.69477100997 147.87019068944 147.743689224662 147.549081311913 147.450730902902 147.719856333917 148.102592386312 148.651819349859 149.203118215831 149.538810937055 149.741607891922 149.923562070009 149.795973193222 149.800133713849 149.571308405237 148.734591383708 147.697257626045 146.599547593707 145.302150691216 144.130328949794 143.747472570817 143.272769134252 143.060525339595 141.935587126955 141.543694297632 141.882724112185 142.078993279515 142.494326747096 143.587177425355 145.566897722054 146.61647490693 146.9482208115 147.416405213891 146.979539606939 146.051856471335 146.499957129295 146.028921849343 145.504410882848 144.934723468666 144.488444081554 144.052007757391 143.246747891615 142.297336307846
144.218198061809 143.476423558879 144.022254116616 144.278363996499 144.484358928261 144.519138936763 144.490430262604 144.841768510353 145.584750232942 146.280531990359 146.966708517974 147.375930885357 147.751586542795 147.923680242467 147.627715516945 146.962232607254 146.641982141125 146.518300520144 147.223823188707 148.022442119478 148.897329372627 149.455350565771 149.711357818204 150.050266148594 150.352165860171 150.457786936546 150.411794416201 149.997398226526 149.086188102675 148.058528686854 146.894440921233 145.712005253489 144.910241891358 144.253789951871 144.080302274618 143.903138978678 142.674149666791 142.024695371766 141.974304312698 142.248568087736 142.838002018314 144.313514137081 146.623957005225 147.128546469733 147.196968556417 147.961257739263 148.107444799478 147.723007699059 147.78140104598 147.264387876286 146.671140671158 145.882291896512 145.272076145613 144.584808549232 143.727608122352 142.303942028971
