catData/variables/pastClimate/lig/bio17.asc
NCOLS 409 
NROWS 350 
XLLCORNER 60.897278365 
YLLCORNER 5.843756025 
CELLSIZE 0.0892857 
NODATA_value -9999 
[rows 135 to 161 of 350, columns 60 to 119 of 409]
-9999 -9999 -9999 -9999 -9999 6.04758247658306 7.29704758845907 8.42110738907244 7.5722105975993 7.46783718681711 7.98746349348714 8.34291944041548 8.17716709476449 8.72108792508079 10.3160380238993 8.84446825379524 7.43330083033408 6.19178351527838 5.99271888786306 6.72578550012572 7.75392940641808 9.02248123371638 9.44630741602559 9.04562729977444 8.35085458473058 7.26188666641481 7 7 7 7 7 6.97809598947435 6.88070696741122 6.66219843631393 5.59603371448226 5 4.95719571830594 4.42357607646367 4.00842741129172 4 3.39065783026233 3 3 3.00567871470892 3.54904322519025 4.02195437588697 4.3237334372398 3.99727218805407 3.3386049489891 3.80881597004827 4 4 3.72223570500215 3.12179476200088 3 3 2.9691171207054 2.58400331030733 1.91404136014985 1.34138073122746
-9999 -9999 -9999 -9999 5.84222290291668 6.85505900338104 8.66996955542992 9.57459843462367 7.77359484147685 7.81157084540239 9.0478329827057 9.13434828572884 8.43645766410593 7.61640235425289 7.33608195580489 6.12031090453582 5.37714374188258 4.96107167463008 4.99604496892252 5.51680690706201 6.85924388198547 8.34825044193202 8.88701475254413 8.48725552997 7.97373370946506 7.32973506846467 7 7 7 6.99965085011466 6.91931890790866 6.61126953638073 6.27564792117916 5.9842309873828 5.13798857171057 5 5 4.59535012749494 4.06690395233833 3.90576272395752 3.21142455213608 3 3 3.05649513965459 3.81865574826883 4.16104402649881 4.658618128247 4.01088987144633 3.40153843743149 3.66443393384955 4 3.99688632217051 3.66414366018322 3.06997568321688 3 3 2.90103587587929 2.060579165323 1.25979543991152 1.14586986918719
-9999 -9999 -9999 -9999 -9999 7.03908441089015 8.64925547371103 10.5092270658426 10.0962295181633 9.5875178113741 10.417444928209 9.84123454022689 8.5345841756847 7.22601857837698 6.20452422031704 5.10505208644517 4.18105873683212 3.589956060449 3.40827184659324 4.15360281693115 5.8059196586163 7.79540172991587 8.39458838333604 8.0538787776345 7.96034759652159 7.24556871847089 7 7 7 6.99449817775916 6.43646462061162 6.07959234958329 6 5.6904524219038 5.02177164516878 5 5 4.74847870191588 4.11279548630389 3.41299957752094 3.01733501274083 3 3 3.10552262462249 3.88471534897128 4.56098586492864 4.42130510011478 3.99748229532819 3.44933927369508 3.43888445003178 4 3.9970636692337 3.61913110713529 3.02152606066787 3 3 2.3886055553905 1.19558271023052 1.20538851841928 1.66786045803381
-9999 -9999 -9999 -9999 -9999 -9999 -9999 -9999 -9999 -9999 10.7941674064635 9.93459109043312 8.39588632512943 6.91230384858732 5.60551268516132 4.43150283576306 3.46890336785902 2.90337951762794 2.14669850112744 3.16375219279527 5.40522681458861 7.46388356482874 8.03878537820401 8.00098618361648 7.88972172923991 7.05417223601902 7 7 7 6.9913685312352 6.18922930157452 6 5.96557167337669 5.31340102787055 5.00469629614711 5 5 4.77939293054766 3.67884794933462 3.04872961042918 3 3 3 3.082107967421 3.92714156756342 4.5255841690387 4.05803620509419 4 3.49869496523712 3.14876514603489 3.92211765395422 3.99006543803144 3.58462079116629 3.00723688689132 3 2.57298970316289 1.58430395327899 1.0678713208678 1.58521284253047 1.9787417953943
-9999 -9999 -9999 -9999 -9999 -9999 -9999 -9999 -9999 -9999 -9999 8.93284366887102 7.57481673269095 6.24244871603191 5.01088282300987 3.8521858120818 2.98596052917123 2.2162487130307 2.04523607190578 2.9590338509117 5.14675177613225 7.36735396523851 8.00795107325103 8 7.504036780679 7.00022137785492 7 7 6.98998725149385 6.71828747611447 5.48444303219504 5.2575940663247 5.17421655802404 5.00736418983556 4.99957854243278 5 4.91591882902771 4.36822876791628 3.28460385008932 3.00018564845265 3 3 3 2.95954926563249 3.45868933637306 4.00569862307373 3.99098378639741 3.81852965423111 3.27449259153275 3.01212942391905 3.41994140623426 3.98754410288064 3.57028159297122 3.00006153333536 2.57556805684567 2.02149506613216 1.21171690945101 1.19860493830309 1.80301314277278 2
-9999 -9999 -9999 -9999 -9999 -9999 -9999 -9999 -9999 -9999 -9999 7.71597297173855 6.82087121341166 5.5951612318207 4.45284788028409 3.47726547561753 2.76992191242054 2.49302172836143 2.71662722528169 3.92559973632364 6.04989517281906 7.75527378780051 8 7.9008394652355 7.06641770515093 6.96645145263726 6.75466446306692 6.30860567550754 5.81133075793958 5.33388627814779 4.31758316207579 3.92936551395463 3.29016491377514 3.21572891827877 4.27246891289043 4.5043895789183 4.19841171075507 3.92843497704026 3.13551748067844 2.75398606324434 2.61534206848587 2.44138521774825 2.12137220060716 1.65402424620868 2.21862032044131 3.31913598396315 3.39825179352495 3.38205613996667 3.19575875763725 3.02196185830333 3.03584044890216 3.58962354746548 3.51430225871827 2.59047203706106 2.08279913421606 1.97875944986722 1.03431243424683 1.15485192126667 1.72630358975584 1.99092776649992
-9999 -9999 -9999 -9999 -9999 -9999 -9999 -9999 -9999 -9999 -9999 -9999 5.90577765181367 4.83287796710767 3.89775973421865 3.16545969668736 2.60116943345907 2.45997762751174 3.01350712212224 4.41606754392883 6.55249061581105 7.88821417545495 7.98764543547305 7.44379231773124 6.98573567302393 6.62526123068305 6.03836177676967 5.43769081600952 4.6847808928633 4.05914176549476 3.79169817785844 3.38330280849249 3.03250458909349 2.97784337521517 3.00084391721344 3.16315854299034 3.26474675860444 3.32011352469056 2.46029210186325 2.06302953294763 1.90524984289678 1.56395530980337 1.1513210633238 1.28002631580308 1.9218129507236 2.42395913025219 2.96869963947359 3.04984700843984 3.05910688472574 3.13037954912906 3.07215401833208 3.06200729873491 2.89188234602552 2.12351862264095 2 1.84590418762529 1 1.01610862185501 1.31635777762489 1.72792882973352
-9999 -9999 -9999 -9999 -9999 -9999 -9999 -9999 -9999 -9999 -9999 -9999 5.14289002957395 4.14237774715035 3.44154093637034 2.82490579299484 2.26123143379948 2.36267363499846 3.19017506279521 4.86816386220077 7.10568034744414 8 7.80729904977022 7.1224930304288 6.93742180072823 5.93654654104108 4.84050756675128 3.95033294711235 3.51456334015428 3.40047378247035 3.15929066242956 2.86394194561443 2.71864206796367 2.45230247363068 2.14543973527491 2.27640786015234 2.68168888754775 2.78086338350817 2.09535472628788 1.68410632896848 1.34790064349099 1.05734670428381 1 1.49074003433788 1.96367072622708 2.04456074155195 2.68660515412637 3 3 3.50450344236919 3.4274856142096 2.95160238255423 2.46197433119607 2 2 1.78584677037029 1 1 0.967839376789152 0.744670555151073
-9999 -9999 -9999 -9999 -9999 -9999 -9999 -9999 -9999 -9999 -9999 -9999 4.46399086252324 3.47393480383654 3.14213717226359 2.46353666487026 2.24441012704917 2.40732336459252 3.13720385460132 5.24111830731855 7.51831583609126 7.98194522655441 7.4377498776832 6.83178816208386 6.25171093813141 4.66453781714553 3.33083169724935 3.05288535778473 2.88591250330918 2.4955929194974 2.04516834926428 1.67891576610626 1.40524543820175 1.27034275960104 1.35711220571337 1.50530251432071 1.70285632284862 1.64532020526236 1.025522205891 0.775548463661691 0.717913042385462 0.78127310834104 0.905560945666619 1.64271435037142 1.99431496122216 2.00600294712611 2.30508332947502 2.95332601276191 3 3.15963269583971 3.15165830212353 2.77841423690148 2.14069342830757 2 2 1.75907908004698 1 0.955326687953562 0.543373646069996 0.0823500185585774
-9999 -9999 -9999 -9999 -9999 -9999 -9999 -9999 -9999 -9999 -9999 -9999 -9999 3.42504842718677 2.95141101258424 2.43276191200799 2.03735420787595 2.02630276123448 2.67296151173289 5.14766270024714 7.65182020323015 7.78914269235471 7.07552746242261 6.15722680280266 5.66690103249613 3.29752539886726 2.92240360688175 2.28728924075028 1.49212607054593 1.14795262504382 1.04511489358666 1.019737170478 1.00245471610538 1 1.00850406004638 1.01940460462072 1.02753701372756 0.646201300832789 0.109277733002103 0.0330916666666979 0.0365032683669243 0.0421927605820641 0.13696488924493 0.856122852501734 1.28352664545764 1.45232718119975 1.73483367150281 2.43194942320772 2.86243859795436 2.77906547625774 2.53078574584606 2.08978747371663 1.99902102542019 1.90720053992687 1.77724800550911 1.48396061811645 0.985680724608361 0.651481524366789 0.0792400197178517 0.00121074231014843
-9999 -9999 -9999 -9999 -9999 -9999 -9999 -9999 -9999 -9999 -9999 -9999 3.40440113844415 3.37522987399656 2.9374918370112 2.64248468501195 2.5284005919087 2.44980698713894 3.17076242625991 6.13158495018746 7.94709906875834 7.50500032788846 6.45076880874223 5.9332595082405 4.29454871982208 2.57967711995439 1.64734471792929 1.05155843740294 1 1 1 1 1 1 1 1 0.949049399912668 0.401894839302692 0.00294419957225403 0 0 0 0.146808577033272 0.774952941350755 1 1 1.00267599513036 1.33858149320208 1.90982510874941 1.99867338100392 1.92147630499924 1.61947505993018 1.21014489617483 1.02238507530203 1 1.07476003585081 0.951890796025042 0.208764975406776 0.0584096924151157 0.0766600527845483
-9999 -9999 -9999 -9999 -9999 -9999 -9999 -9999 -9999 -9999 -9999 -9999 -9999 3.37395446406967 3.30842132339043 3.27473983618731 3.33866674644821 3.69016195260226 5.06386127751151 7.27472240628026 7.85646862616011 6.96887033031904 6.09784370827301 5.02493588960056 3.18307996779094 1.57690988754362 1.04692604426764 0.994997777725593 0.894358402842415 0.777312737680042 0.73576266747523 0.75299170741636 0.811490048853313 0.899580977831123 0.985503794132773 0.992659543139347 0.730833159648429 0.14389906597447 0 0.0181737113986103 0.0354497981642716 0 0.162500511111172 0.785318355555671 1 1 1 1.09348858706552 1.70891812137678 1.86936263056666 1.28162838178151 1 1 1 1.0766977709375 1.54791135040039 1.1668260091682 0.909252596064645 0.860840699651186 0.738352382268481
-9999 -9999 -9999 -9999 -9999 -9999 -9999 -9999 -9999 -9999 -9999 -9999 -9999 -9999 3.89870048768611 4.23595263297918 4.95316380255763 6.17174034675422 7.89685794615161 7.97007210458646 7.56506671110203 6.38182103582037 5.54777625957412 3.76198066660414 2.33160859892168 1.09951359913331 0.991660698935232 0.732168984393691 0.347418140613885 0.149909591402107 0.0868014799366121 0.112969719068068 0.201819625548425 0.335616082151928 0.478299241866185 0.579544806899803 0.326360241743652 0.00560307111316592 0 0.0449698687985388 0.0877186138492259 0 0.162500511111172 0.785318355555671 1 1 1 1.11332517514646 1.72558725793481 1.80683994300763 1.13120438808798 1 1 1 1.27284931018549 1.2570130098778 1.02727809514668 1.42736978613032 1.87132964600386 1.53242696968417
-9999 -9999 -9999 -9999 -9999 -9999 -9999 -9999 -9999 -9999 -9999 -9999 -9999 -9999 -9999 5.13549376438676 -9999 8.75853243198546 8.97265084445595 7.94035593486304 6.89251691209544 5.88965775315283 4.59830974153124 3.15894283917999 1.55133694119105 1 0.804329193686283 0.245592054262902 0.0114760068713652 0 0 0 0 0 0.00708281434137393 0.05963932978633 0.0288997727262894 0 0 0.0100992357039099 0.0196996562487719 0 0.141365243245745 0.771357310048506 1 1 1 1.32136977476444 1.90041187127256 1.99698357863746 1.19631763807805 1 1 1 1.00376817501502 1.00371834772032 1.10542490280804 1.7928033316217 2 1.99466713835245
-9999 -9999 -9999 -9999 -9999 -9999 -9999 -9999 -9999 -9999 -9999 -9999 -9999 -9999 -9999 -9999 -9999 -9999 -9999 -9999 -9999 5.18785200194464 3.82291277086694 2.80828169834264 1.05011661376792 1 0.656689356024908 0.0811524619835491 0 0 0 0 0 0 0 0 0 0 0 0 0 0 0.0894202997712624 0.73704472293904 1 1 1.0384866915729 1.51933049552643 1.99413035143857 2 1.51961274396584 1 1 1 0.93556272286428 1.0925736033919 1.55220417302081 1.98785895850005 2 2
-9999 -9999 -9999 -9999 -9999 -9999 -9999 -9999 -9999 -9999 -9999 -9999 -9999 -9999 -9999 -9999 -9999 -9999 -9999 -9999 -9999 4.93961658008675 3.47921701297844 2.21659488824047 -9999 1 0.667362920533689 0.0901215226139217 0 0 0 0 0 0 0 0 0 0 0.023875849540323 0.0517447606580336 0.0082684869799082 0 0.00551724744593337 0.655818808386004 0.994993466529014 1 1.05260239507356 1.55711208833509 1.99923980516812 2 1.95634377864471 1.08621310466325 1 1 1.02625228907143 1.79937385197738 2 2 2 1.93955093710713
-9999 -9999 -9999 -9999 -9999 -9999 -9999 -9999 -9999 -9999 -9999 -9999 -9999 -9999 -9999 -9999 -9999 -9999 -9999 -9999 -9999 -9999 3.4327093292516 -9999 1 1 0.845029429035756 0.239415761237825 0 0 0 0 0 0 0 0 0 0.0307466232823939 0.422589989922717 0.724941229711941 0.195903287963593 0 0 0.497431212236741 0.962033766970169 1 1.01565290988674 1.39875771152804 1.93590240818646 2 1.99505318331219 1.44907356688262 1 1 1 1.20736685655155 1.94282430507754 2 1.95659332688946 1.46683099156084
-9999 -9999 -9999 -9999 -9999 -9999 -9999 -9999 -9999 -9999 -9999 -9999 -9999 -9999 -9999 -9999 -9999 -9999 -9999 -9999 -9999 -9999 -9999 -9999 1 1 0.845228708043725 0.239583216590099 0 0 0 0 0 0 0 0 0.041481293863674 0.318544555489497 0.964218065646137 1.19578866979449 0.468213189917501 0.00402902438677494 0 0.188342108539486 0.515989261255668 0.783916386547981 0.995698046580387 1.10183254781351 1.53528833886579 1.93924726736709 1.99619038230041 1.52933582502484 1 1 1 1 1.59723952412738 1.9861730625245 1.66944718187444 1.11446425351551
-9999 -9999 -9999 -9999 -9999 -9999 -9999 -9999 -9999 -9999 -9999 -9999 -9999 -9999 -9999 -9999 -9999 -9999 -9999 -9999 -9999 -9999 -9999 -9999 -9999 1 0.761828442000095 0.169501470035881 0 0 0 0 0 0 0 0 0.281569490700727 1.19645445022799 1.77299982711401 2.23862126545426 1.04814691416148 0.426032564932523 0.0828499959499706 0 0.0148079261453313 0.201716369686398 0.723784609308574 1 1.08329833164785 1.39961747365877 1.85518160132319 1.16566635766177 1 1 1 1 1.2124367744041 1.79019756327365 1.46224771347919 1.40331421558982
-9999 -9999 -9999 -9999 -9999 -9999 -9999 -9999 -9999 -9999 -9999 -9999 -9999 -9999 -9999 -9999 -9999 -9999 -9999 -9999 -9999 -9999 -9999 -9999 -9999 -9999 -9999 0.208296122517761 0 0 0 0 0 0 0 0.0128694635778429 0.649822034059793 1.90945870648907 2.60458213494524 2.81930665382354 1.17448953146782 0.926623830771556 0.496967160428386 0.0504021812433722 0 0.00466938342717722 0.28545837102963 0.947398963618413 1 1.02353132131993 1.17257906276665 1.00457657742638 1 1 1 1 1.087303608453 1.67534099528358 1.90149016950932 1.93862058770269
-9999 -9999 -9999 -9999 -9999 -9999 -9999 -9999 -9999 -9999 -9999 -9999 -9999 -9999 -9999 -9999 -9999 -9999 -9999 -9999 -9999 -9999 -9999 -9999 -9999 -9999 0.654842933173237 0.117254306882264 0 0 0 0 0 0 0 0.169251137247081 1.24211575063777 2.42988181253659 2.926489974838 2.16723637237729 1.02127358506345 1 0.965176898804597 0.384203462814345 0.0165279901532176 0 0.169678937872643 0.820948886717815 1 1 1 1 1 1 1 1 1.23382551168931 1.41340822209957 1.95476384760892 1.99747854756879
-9999 -9999 -9999 -9999 -9999 -9999 -9999 -9999 -9999 -9999 -9999 -9999 -9999 -9999 -9999 -9999 -9999 -9999 -9999 -9999 -9999 -9999 -9999 -9999 -9999 -9999 -9999 0 0 0 0 0 0 0 0.0780266128765579 0.922827624688185 1.8250137947791 2.1315805541551 2.14610372919069 1.6162257234876 1 1 1 0.72467390124968 0.0781255586113709 0 0.187966583571167 0.862019539524459 1 1 1 1 1 1 1 0.989237753239762 1.19058334893252 1.09219324402286 1.52186279207342 1.79667816408559
-9999 -9999 -9999 -9999 -9999 -9999 -9999 -9999 -9999 -9999 -9999 -9999 -9999 -9999 -9999 -9999 -9999 -9999 -9999 -9999 -9999 -9999 -9999 -9999 -9999 -9999 -9999 -9999 -9999 0 0 0 0.0209812923567145 0.294512031424019 0.983022229349716 1.85379613625107 2 2 2 1.2450979220917 1 1 1 0.912801314042949 0.130590046683556 0.00359288765354939 0.278051344863489 0.961557619914288 1 1 1 1 1 1 1 0.719444028613591 1.00783316857179 1.00531798479785 1.06332593847246 1.22065786246726
-9999 -9999 -9999 -9999 -9999 -9999 -9999 -9999 -9999 -9999 -9999 -9999 -9999 -9999 -9999 -9999 -9999 -9999 -9999 -9999 -9999 -9999 -9999 -9999 -9999 -9999 -9999 -9999 -9999 -9999 -9999 0.120849200637642 0.606941709031014 1.3950553695867 1.951428527087 2 2 2 2 1.15460768084883 1 1 1 -9999 0.0843221360310598 0.0291803568615751 0.62108019554017 1 1 1 1 1 1 1 0.889889801301338 0.171374670716169 0.875445319426088 1.00501518529956 1.03791280155157 1.01949211514514
-9999 -9999 -9999 -9999 -9999 -9999 -9999 -9999 -9999 -9999 -9999 -9999 -9999 -9999 -9999 -9999 -9999 -9999 -9999 -9999 -9999 -9999 -9999 -9999 -9999 -9999 -9999 -9999 -9999 -9999 -9999 -9999 -9999 1.92635237595142 2 2 2 2 2 1.32510025275965 1 -9999 -9999 -9999 -9999 0.0231062361816115 0.543713192708874 1 1 1 1 1 1 1 0.498860740062091 0.0127767342512753 0.49343626441384 1 1 1
-9999 -9999 -9999 -9999 -9999 -9999 -9999 -9999 -9999 -9999 -9999 -9999 -9999 -9999 -9999 -9999 -9999 -9999 -9999 -9999 -9999 -9999 -9999 -9999 -9999 -9999 -9999 -9999 -9999 -9999 -9999 -9999 -9999 -9999 -9999 2 2 2 2 -9999 -9999 -9999 -9999 -9999 -9999 0.000936161841784212 0.230906682460491 0.931675850480451 1 1 1 1 1 0.829400177022951 0.162674667727843 0.000107129324986761 0.0839440387087743 0.6756154792526 0.9829878671825 0.876087310779605
-9999 -9999 -9999 -9999 -9999 -9999 -9999 -9999 -9999 -9999 -9999 -9999 -9999 -9999 -9999 -9999 -9999 -9999 -9999 -9999 -9999 -9999 -9999 -9999 -9999 -9999 -9999 -9999 -9999 -9999 -9999 -9999 -9999 -9999 -9999 -9999 -9999 -9999 -9999 -9999 -9999 -9999 -9999 -9999 0.0218369583021724 0.20983711149326 0.450503373671114 0.753769245931819 1 1 1 1 0.980979703151215 0.491588551049539 0.0367997943964407 0 0 0.00699046208177896 0.058272077015052 0.0471225187697705
