catData/variables/pastClimate/lig/bio17.asc
NCOLS 409 
NROWS 350 
XLLCORNER 60.897278365 
YLLCORNER 5.843756025 
CELLSIZE 0.0892857 
NODATA_value -9999 
[rows 108 to 134 of 350, columns 0 to 59 of 409]
-9999 -9999 -9999 -9999 -9999 -9999 -9999 -9999 -9999 -9999 -9999 -9999 -9999 -9999 -9999 -9999 -9999 -9999 -9999 -9999 -9999 17.047579768117 17.1371309507597 17.0374767951716 17.0735980835365 17.8071994796503 18 18.0342577161867 18.4736579488635 18.9768270687581 19 19.098158869568 19.3034908987015 19.0617147011603 19.0482172341991 19.0542221055372 19.0677028145464 19.2667224923873 19.6031942845039 19.9223356784982 20.0319748039315 20.2604616284345 20.8102301746429 21.2999742713303 21.2697910896408 20.9756808708593 20.4650647101226 20.0919462847464 19.1506900842788 19.1982580246928 19.0600895069878 18.913627573284 18.5978702139808 17.7240205646387 16.9957467711595 16.9452713147948 16.4590588370573 16.1967426309292 16.4921838157776 16.0714178351635
-9999 -9999 -9999 -9999 -9999 -9999 -9999 -9999 -9999 -9999 -9999 -9999 -9999 -9999 -9999 -9999 -9999 -9999 -9999 -9999 -9999 17.1156109532585 17.8928864761989 17.6872978366749 17.5096533301935 17.7779807544636 18.003341658668 18.0013641534516 18.1629479611261 18.7674610783361 19.1394186341482 19.221235830072 19.3770517713303 19.6824997849381 19.6941469241074 19.7464991454734 19.6832521761536 19.9770495012346 20.0188267874911 20.0595920192733 20.1536816241576 20.211763434705 20.6497856725303 21 21 21 21 20.9057296792266 19.9570871604553 19.3773118939414 18.6536615982678 18.1060636958607 17.849732570726 17.0525628640962 16.8745009112791 16.4553516449745 16.0469786032635 15.9880535071126 15.9893993864063 15.1362342845134
-9999 -9999 -9999 -9999 -9999 -9999 -9999 -9999 -9999 -9999 -9999 -9999 -9999 -9999 -9999 -9999 -9999 -9999 -9999 -9999 -9999 -9999 18.0654306654074 18.5236068940522 18.3268102144981 18.1178104833435 18.1188780066191 18.4211201821929 18.5076548763458 18.8630713518728 19.5001471731098 19.8909457020165 19.9832168000853 20 20 20 20.0052505385794 20.1133144719579 20.0558046733006 20.0563031618769 20.0170386948648 20.2799009625553 20.9740891910221 20.9599329576755 20.8482404170785 20.7250199995287 20.5906744173591 20.4215855493368 20.2364787099526 19.8862872801875 18.8143722725862 18.0546373049872 17.5669863875317 17.0081229509261 16.4139758616566 16.1119423058804 16.6359705746045 15.8646744628333 15.3637983289472 14.1584697709175
-9999 -9999 -9999 -9999 -9999 -9999 -9999 -9999 -9999 -9999 -9999 -9999 -9999 -9999 -9999 -9999 -9999 -9999 -9999 -9999 -9999 -9999 -9999 -9999 -9999 -9999 -9999 18.9404938958892 19.1227618164193 19.0490037753969 19.1727281793554 19.6132704835015 19.9863264151302 20 20 20 20.0039049333377 20.0668666083729 19.9131386275019 19.7949924567342 19.7220243547413 20.2971728650073 20.443405348976 20.3154743180273 20.2324062824829 20.1407647281757 20.0408491605357 20 20 19.9565875190826 18.9327284515086 18.4648390661087 18.5227999399926 17.4373454750319 16.1591292102723 16.8108544425835 16.8758269696977 14.8722261969814 14.2652826273131 13.4488127862632
-9999 -9999 -9999 -9999 -9999 -9999 -9999 -9999 -9999 -9999 -9999 -9999 -9999 -9999 -9999 -9999 -9999 -9999 -9999 -9999 -9999 -9999 -9999 -9999 -9999 -9999 18.8199239840865 18.8945077352802 19.3957104587195 19.5918825231255 19.4755836252096 19.3623096576811 19.4293901668292 19.7189746479861 19.6539098532382 19.4178890650168 19.2392222205754 19.1510531030731 19.1300096519695 19.1063270993011 19.3720573799102 19.9728508312545 20.0233796216918 20.0104102937001 20.0233779588121 20 20 20 20 19.9024525365474 19.2554917762669 19.2419697979147 18.9118601897679 17.377003191068 17.1252021329186 17.8409300062532 16.5441109057955 14.3374244961379 15.12594096581 14.5020793550069
-9999 -9999 -9999 -9999 -9999 -9999 -9999 -9999 -9999 -9999 -9999 -9999 -9999 -9999 -9999 -9999 -9999 -9999 -9999 -9999 -9999 -9999 -9999 -9999 -9999 -9999 18 18 18.0887326889038 18.573601933673 18.9437039818567 18.9941546758066 19 19.0615482402225 19.4015584276532 19.838097424319 19.8850804048136 19.6944347569527 19.4876157842564 19.2584522698072 19.3705736640614 19.7143442539003 19.9355192778866 19.9752241994955 19.9751212307531 19.9790386257044 19.9841555731558 19.9995545315927 19.9984968205019 19.9356700244149 19.9341366223424 19.7565818626347 18.588918732164 17.6417999244159 18.5754551482193 18.9658778558626 16.6278893292384 14.862806903653 15.7139005732205 13.7621970854574
-9999 -9999 -9999 -9999 -9999 -9999 -9999 -9999 -9999 -9999 -9999 -9999 -9999 -9999 -9999 -9999 -9999 -9999 -9999 -9999 -9999 -9999 -9999 -9999 -9999 -9999 17.9945107898515 18.0022285996818 18 18.0111348372346 18.2554963439891 18.6470652443887 18.8441007526681 18.9319201927318 18.9896166048623 19.020796641086 19.2540542712563 19.5475904093858 19.7752729178187 19.8891915968761 19.8842436488414 19.7587253524543 19.6266644553703 19.5652379445845 19.5078816566527 19.5093744384596 19.6310112871446 19.9898008237621 19.9131716624804 19.8690197280125 19.9686012327221 19.6298650990183 18.5809475533371 18.7238145577269 19.5593891548472 18.3672243720138 16.2718430594922 16.8973350236318 16.6467441657074 13.8560888571185
-9999 -9999 -9999 -9999 -9999 -9999 -9999 -9999 -9999 -9999 -9999 -9999 -9999 -9999 -9999 -9999 -9999 -9999 -9999 -9999 -9999 -9999 -9999 -9999 -9999 17.8584051420384 17.9079875935287 17.8824414674175 17.9624894786652 18 18 18 18.1828114844401 18.4552720034847 18.7849879170211 19.0716338854472 19.2816950980401 19.4635749620285 19.5927952112417 19.7141686572396 19.8183626266755 19.9353755561201 20.1372785918576 20.2646640910001 20.1224738082425 19.9071571218164 19.9304194979285 19.8890260977258 19.6070039413415 19.6937782266328 19.9288900881717 19.721306751984 19.5537286296965 19.9065600393311 19.6103288146774 17.7198024760728 16.6132999620112 17.589790129124 18.1820058281328 15.3898917326527
-9999 -9999 -9999 -9999 -9999 -9999 -9999 -9999 -9999 -9999 -9999 -9999 -9999 -9999 -9999 -9999 -9999 -9999 -9999 -9999 -9999 19.7551861197602 19.7028320387329 19.3081846518558 18.6898804387645 18.5107493759832 18.2805776445473 17.6839018033595 17.5526829380333 17.6439022405988 17.9088309906489 18.2228284584308 18.4529870511316 18.6371796071654 18.8224964786726 19.0675524676632 19.2283143290037 19.3166365353851 19.3869759958847 19.4632546161498 19.5384781300359 19.5903326484287 19.6556649607096 19.6664571760595 19.7007881000418 19.7396240927475 19.913449474983 19.8137852223089 19.717004317579 20.026127909365 20.050096615926 19.7917762136239 20.1182138741468 20.4692797897475 19.8729330715217 18.4116700325419 17.9426982399834 18.2141166679152 18.3010034178452 16.7845999780166
-9999 -9999 -9999 -9999 -9999 -9999 -9999 -9999 -9999 -9999 -9999 -9999 -9999 -9999 -9999 -9999 -9999 19.0074229945744 19.1160708783123 19.505863639168 19.8935139696091 20 19.9987534034935 19.8541777172067 19.3517267237517 19.1073520563796 19.2223068273382 19.1344104555863 18.8878506470945 18.7363746251352 18.6682072146501 18.6110191024374 18.6284667471899 18.6402710946117 18.6416331632932 18.7125242670049 18.8153228053258 18.8849873950904 18.9384898386113 19.0184131326956 19.0485398871475 19.0658288264111 19.0876114292389 19.0912096876258 19.102656043276 19.1838821268915 19.5903408810303 19.8272332899248 20.1295767144715 20.5163473455389 20.4818759587415 20.5488714996887 20.5842207871126 20.7801101972254 20.4954619846948 19.8481696538115 19.4058060623184 18.5940810220176 18.2866693795034 17.9304411639052
-9999 -9999 -9999 -9999 -9999 -9999 -9999 -9999 -9999 -9999 -9999 -9999 -9999 -9999 -9999 -9999 -9999 19 19.0002874788576 19.0046876142228 19.0209405627761 19.2717249089362 19.6642232811973 20.3097864057113 20.5756638713173 20.1029516736583 19.9925125654491 19.9819009668933 19.830930277075 19.3213412802288 19.0261801884579 18.9960945739651 18.9952143796905 18.9946878806566 18.9489408340973 18.7686894759156 18.5267061153645 18.2673814799587 18.0538391279105 18.0118654493716 18.011941 18.0966911418667 18.1217253333333 18.1095554943917 18.1051279084927 18.2163487689531 18.7627704699815 19.2367943197122 19.9145309474604 20.0163660936734 20.3864950478411 20.7847306187558 20.5314265726762 21.4502045637714 21.2128437423381 20.3163540251784 19.6366164938095 19.0015155255739 18.5923955163539 19.0192944200433
-9999 -9999 -9999 -9999 -9999 -9999 -9999 -9999 -9999 -9999 -9999 -9999 -9999 -9999 -9999 -9999 19.177125690556 19.1607271460361 19.1412847957715 19.1367313176101 19.2445301385747 19.6124949903213 19.963019746221 20.0098763351986 19.9872140791467 19.6355184392721 19.0990235091545 18.8639245558303 18.4802392417718 18.5231287238427 18.5430437283605 18.6062841011807 18.6389172222222 18.6389172222222 18.6443443020736 18.7079291689185 18.7301911111111 18.7023431359277 18.5997557754919 18.4081943692198 18.1667290933334 17.8900334945166 17.7294217902868 17.767789429085 18.0934258530957 18.3745927547687 18.4874781824471 19.1250406133379 19.1147212460288 19.3421185518678 19.7168661209504 19.9097411839614 20.5039497961571 20.9597119297555 21.1773621465902 21.097085449108 20.1147589312945 18.8935213978725 18.9153900185457 20.1061763431243
-9999 -9999 -9999 -9999 -9999 -9999 -9999 -9999 -9999 -9999 -9999 -9999 -9999 19.9611165476998 19.7272729940501 19.7964848749269 19.9950191348657 19.9370624249317 19.9016628071688 20.1120915287902 20.5376012527508 20.6059087675145 20.5073418620907 20.3938963434488 20.3088993088541 19.8337806710448 19.1101257992862 18.5055433465045 18.0747520917157 18 18 18 18 18 18 17.9801660815182 17.9434520312199 17.9095581725455 17.867523854068 17.8340016878735 17.80379577069 17.866210185538 18.0923915848986 18.1492511968585 18.1211924186048 17.9512797616475 18.3341918697972 18.317324045913 18.2536884475573 18.602937974618 18.5142312335224 18.6335325524931 19.5717278256107 19.9658920520524 20.9975250829554 21.351410880926 20.3022659022839 19.6470278129913 20.1118870597719 21.602051956588
-9999 -9999 -9999 -9999 -9999 -9999 -9999 -9999 -9999 -9999 20.4796202262841 20.4558995862213 19.4843632530473 19.3940952340713 19.1824185147692 19.4531320313755 19.9629729652258 20.0164139137146 20.3071743909169 20.8474294510062 20.9971387219525 21 21 20.9880382356728 20.8542201960307 20.0334374615517 19.7409997602549 19.2901374627778 18.537098270109 18.2130775718678 17.9939409809662 17.7785789177663 17.6036094435573 17.5343645078338 17.469411527204 17.4168359309365 17.3730079246195 17.3325465688165 17.2823674041426 17.2423497624007 17.2062909479039 17.6227254254084 17.8458992157628 17.6315829693783 17.3804435912866 17.180815608342 17.5240417962736 17.3373432262282 17.3783977750851 17.5788913180961 17.7432785719245 18.1936216289125 18.7988399545571 19.6542644962807 21.0261474823216 21.5066671416135 21.0556959588285 21.360719165396 21.473399946199 21.1544284865457
-9999 -9999 -9999 -9999 -9999 -9999 -9999 -9999 -9999 -9999 19.9088763427778 20.0939010231632 19.1112454280141 19 19 19.0650406717143 19.6033131187573 19.9140132824039 20.1340922513126 20.5101754278337 20.7497790047214 20.8344330856547 20.8333844028244 20.712621950856 20.3397616744011 19.6884130616685 19.4083063674294 18.5950004588513 18.2226583411285 18.0952252274621 17.9972921999222 17.9010460240569 17.7437241106918 17.4528812482541 17.1582033370268 16.8313092015023 16.5549296683801 16.3238790131204 16.1117035408367 15.8822283152594 15.7025096200907 16.3261205617365 16.3880305257809 16.3056439298423 16.1699299165731 16.3441854453202 16.6480638741135 16.6022355041109 17.1722209902766 17.3864739029918 17.7491943908343 17.5298860730273 18.3462496576419 19.6367788075424 19.9195784979192 19.7364746879255 21.2982886148111 22.3008006110135 22.3770788036721 21.2976521530638
-9999 -9999 -9999 -9999 -9999 -9999 -9999 -9999 -9999 -9999 19.9733971606439 20.2804935909622 19.2750242425537 19.1595955487281 19.2479238838771 19.2032214697799 19.702296654228 19.6218538782511 19.0067257041783 18.7580807198291 18.7579680725617 19.3504748072623 19.2483784428932 18.766131191397 18.5554308574882 18.4428257357993 18.3854305042858 18.2750717039622 17.8471235009725 17.2657862203355 17.155076750505 17.0069873026566 16.7558068357468 16.5041962856862 16.2743752683694 16.0727827161938 15.8530625708197 15.5747575462323 15.2814698189301 15.0151092030257 15.0532745501501 15.4907063193695 15.3976067561729 15.1989664480547 15.1572291600445 15.7370644808593 15.9747770521889 16.1018744336615 16.5881002905817 16.8104282561606 17.4274869952653 18.1458735214523 17.0579755003219 17.3134541078104 18.6272013073588 19.4400565781194 20.9168491738982 21.524363757007 20.7855828122838 21.2783492804392
-9999 -9999 -9999 -9999 -9999 -9999 -9999 -9999 -9999 -9999 18.8405975192867 19.8784787088738 18.8863413233922 18.8135669258916 18.9533872122169 19.4996614045422 19.4879372918424 19.1780349030314 18.1763570583737 17.563564351209 16.9528021215454 16.4884563196938 16.7264860594301 16.5476620139679 16.3715262003297 16.4799788588526 16.4484013898154 16.6515077834582 16.8396603283775 16.4318420073767 16.1435061879004 15.9441310765176 15.920541219299 15.8763894946582 15.8721339761936 15.852775358902 15.6609641415302 15.4138608137594 15.1510230483364 14.8838532645109 15.135638432126 15.2055568790009 14.8486065290332 14.5889319377259 14.5915132166429 15.1713159922515 15.1952118983331 15.7146412785307 16.2583384739158 16.6908983600358 16.7530233560829 16.2076999916341 17.8227431106232 19.3028057325291 19.5053027422 19.1636192334393 19.4260014993007 18.8039534832532 19.1681618543756 21.8546757239753
-9999 -9999 -9999 -9999 -9999 -9999 -9999 -9999 -9999 -9999 17.0747929250051 17.2201266459604 16.6630144437106 16.7739313095114 17.057495914347 17.0534749442522 17.1010939046474 17.0378244285251 16.9153126274897 16.501800867638 16.0535577419335 16.2503655838076 16.8173714830733 16.9777763096464 16.9413573541222 16.6565275219322 16.2551601206815 15.8307929313934 15.6480637034002 15.4491898920683 15.3319863298643 15.1979860438733 14.9688288857232 14.7164724672531 14.7092767093952 14.8811542367821 14.7093964335533 14.4839151448558 14.1584490114918 13.8862669020875 13.9993264342811 14.3430421061623 14.1503205817072 13.9578599855315 14.2937445726903 14.9456538030298 14.7894503234094 14.9301862785939 15.1835505226926 15.7336820623074 15.8285364631782 16.1545611298056 16.9086254017696 17.6866644434415 18.6868119246803 19.2046942635163 18.9266801593621 18.6919616879572 18.7738976089279 20.8076213427942
-9999 -9999 -9999 -9999 -9999 -9999 -9999 -9999 -9999 16.7301037615523 16.8268550146258 16.8110341964302 16.0958388251624 16.1068279822004 16.0995408361778 16.1426868804868 16.5556071866992 16.8030981528444 16.4825297690132 16.0679181406267 16 16.0081701849447 16.2170590606405 16.4518580953017 16.2498265728749 15.7998294536122 15.4109410226093 15.2364769054961 14.8600467705372 14.4421839863845 14.1561281612409 14.078212835193 14.1343953308742 14.111172006986 13.8189551819772 13.7286598914618 13.4431492015462 13.1519128443153 12.8989043316967 12.6854829596633 12.6513019851188 13.190202186309 13.1720873466315 13.2717300118418 13.584383437976 14.1816116277527 14.1163114061528 14.1194575261002 14.1671911571801 13.9882244419225 13.8485813642171 14.1296445310645 14.653301959111 15.3728591880537 16.1293259376473 16.7455050943625 17.1506173130374 17.5043449954512 18.2680364594513 18.4093143856682
-9999 -9999 -9999 -9999 -9999 -9999 -9999 -9999 16.6792334626271 16.8430928432137 16.899314046595 16.6897955011531 16.0665522794575 16.1939660729458 16.2715455679233 16.3572295035389 16.5252737420926 16.3922838697597 16.2055082011465 16.3211179881055 16.1487643217432 15.8607005172675 15.2735290645243 14.698608333835 14.4962819470339 14.3655623427335 14.2502156420155 13.8548741266876 13.3473270406827 13.1412259788669 13.0858450975405 13.1093346856843 13.0043277056707 13.517663692522 13.8273646070861 13.5416292702493 12.9984278618437 12.4537952022584 12.2118972634067 12.0732999378164 11.8368552038975 11.8287377304376 12.4255292898823 13.0738538896565 12.9359119917643 13.2388005078191 13.3323578493599 13.5669337957918 13.8890672718449 13.6300197743866 13.5812999643331 13.7617545760344 13.7947305086766 14.187351815604 14.3787936903394 14.7681872631873 15.2505532977402 15.7178077718374 16.1150755286077 16.3355467999749
-9999 -9999 -9999 -9999 -9999 -9999 -9999 -9999 16.3002984273885 16.4343042566253 16.566124084178 15.9600905421054 15.3291125535077 15.2291131932811 15.3069115070346 15.535986799308 16.5461325538989 16.1976811776966 15.8429561199907 15.9395287175965 15.9823858531871 15.7439534135576 15.0014354742686 14.6169505095779 14.3649717158415 14.0241982996848 13.3574366553996 13.0546219604226 12.9592870034601 12.8586090460645 12.4546568915273 12.0913326272414 12.3640336758889 12.5451949790831 12.4282638859794 12.1566627396636 12.0802243941566 11.4645634022334 10.5190565622943 10.3873928776808 10.4197960928507 10.7096044217844 12.0731240476193 12.0616526375467 11.948687904225 12.3745357768655 12.4611548444199 12.5432998171229 13.0829695174934 13.2708408310602 13.1045652397557 13.0317333852964 13.417088504088 13.7340396409186 13.4168589549883 13.5822071555521 13.8189370626337 14.159983145169 14.5614236618031 14.9527012287009
-9999 -9999 -9999 -9999 -9999 -9999 -9999 -9999 12.3270065143473 11.6785929528872 10.8884739402468 10.7008155396034 10.2272647137796 10.3106354542885 10.9936479918428 12.0237541706156 11.1035150444732 10.2713120083367 10.3529759230494 10.6354679590715 11.0852323752513 10.9857081969532 11.3422697180977 11.8537850320597 11.9814117862933 11.1751962220811 10.5070828504081 9.45791868772689 8.22461474273558 7.41457705569375 7.81557573751684 7.80202138852833 6.71691206863597 6.30598900457246 6.21943973915423 5.51252299899274 5.07222133966486 4.19929049782908 3.65105515887994 4.13563078034124 6.53633250974099 7.82234705706632 8.38342772818411 7.43220139356887 6.90693473779385 6.82033169704336 6.78928833654159 7.69608759956712 9.00105602064143 10.786126948661 11.727241951335 11.8331339954163 11.1335256063941 12.0427074276365 12.3681975917122 12.8046498136888 12.6875841538269 12.8478311379369 12.8270526234735 12.7066034264537
-9999 -9999 -9999 -9999 -9999 -9999 -9999 -9999 8.27793949382714 8.13235385272515 7.97932183305366 7.1842530766017 7.59888672829269 7.93872384404802 8 7.75066617001155 7.03204138366877 7.21541358850977 7.83605001532958 7.26799990158529 6.21745370244694 6.13758167822106 6.55472878719603 6.58464769223842 6.0894444009151 5.94250395157908 5.70422256918892 5.26883963807006 4.84668095802465 4.77772849481458 4.66002184671812 4.24719149271919 3.97835362432707 3.78818349174323 3.46660715893332 3.04302008274369 2.82809112843136 2.58630913257008 2.18457432819118 2.02295166017706 2.35186207879521 2.29896581585366 1.90887909720396 1.92240763615964 2.32694557723895 2.22126054872526 2.65957307093347 2.71769203244687 3.81458160619466 4.4550387626317 4.3753582853542 4.42178271194508 4.88185876548868 5.27689085317 6.23328146366716 7.265160577849 7.93132009590875 9.11771707802543 10.9236763728165 -9999
-9999 -9999 -9999 -9999 -9999 -9999 -9999 -9999 8 8 7.74293732313119 7 7.095746233576 7.51091977585809 7.84650981471982 7.23885299804649 7 7.00982351188938 6.86520194337382 6.30698133802401 6.01652949382779 5.99350411053362 5.77179670132186 5.31447294908422 5.16819451164765 5.02847159261628 4.47871908808274 4.11612082459249 3.98821986963024 3.72531599325798 -9999 -9999 3.88606106055205 3.17566582520784 3.0062263401029 2.60141024295541 2.20141733568185 1.9351645622377 1.56231105067517 1.23754915628739 1.09462683449382 1.44459340877442 1.29138963692394 1.16559580299147 1.43060843497021 1.58213436071662 1.96186083852364 2.06842523449168 2.54613379075593 -9999 -9999 -9999 3.72346632212781 3.7987491401026 -9999 -9999 -9999 -9999 -9999 -9999
-9999 -9999 -9999 -9999 -9999 -9999 -9999 -9999 8 8 7.40442002477888 7 7 7.07071470549383 7.15913969959939 7.01421009683163 7 6.99116000346234 6.55749671054177 6.03980569601167 6 5.845127057105 5.13117847815611 5.00187514198292 4.91559225505173 4.28067888185353 3.9997253671422 3.86307910482598 3.3157546718973 -9999 -9999 -9999 -9999 -9999 -9999 -9999 -9999 -9999 1.13059290521589 0.659709077867952 0.258452997012123 0.557130213213689 1 -9999 -9999 -9999 -9999 -9999 -9999 -9999 -9999 -9999 -9999 -9999 -9999 -9999 -9999 -9999 -9999 -9999
-9999 -9999 -9999 -9999 -9999 -9999 -9999 -9999 8 7.86544842753002 7.08239204823407 7 7 7 -9999 6.9872862929293 7 -9999 -9999 -9999 -9999 -9999 -9999 -9999 -9999 -9999 -9999 -9999 -9999 -9999 -9999 -9999 -9999 -9999 -9999 -9999 -9999 -9999 -9999 -9999 -9999 0.0568781793569407 -9999 -9999 -9999 -9999 -9999 -9999 -9999 -9999 -9999 -9999 -9999 -9999 -9999 -9999 -9999 -9999 -9999 -9999
-9999 -9999 -9999 -9999 -9999 -9999 -9999 -9999 -9999 7.44665425264791 7.01700991200529 7 7 -9999 -9999 -9999 -9999 -9999 -9999 -9999 -9999 -9999 -9999 -9999 -9999 -9999 -9999 -9999 -9999 -9999 -9999 -9999 -9999 -9999 -9999 -9999 -9999 -9999 -9999 -9999 -9999 -9999 -9999 -9999 -9999 -9999 -9999 -9999 -9999 -9999 -9999 -9999 -9999 -9999 -9999 -9999 -9999 -9999 -9999 -9999
