catData/variables/pastClimate/lig/bio10.asc
NCOLS 409 
NROWS 350 
XLLCORNER 60.897278365 
YLLCORNER 5.843756025 
CELLSIZE 0.0892857 
NODATA_value -9999 
[rows 50 to 74 of 350, columns 112 to 167 of 409]
38.0026605174974 38.0309779886096 38.0144633673421 38.0953456153987 38.3075288549912 38.429831162388 38.4435724171215 38.349902555682 38.1749545869206 37.873597248879 36.594258216378 35.5765237369848 34.8534738354092 34.5879251329167 34.5322164456621 34.7634979919423 35.0327333720184 35.6720434497691 36.3629215271879 36.9383977160178 37.4480580850118 37.4931591263119 37.5237481362787 37.5263299215988 37.5020903586822 37.5048128039762 37.4847485228127 37.4715308853038 37.4644811068396 37.4016119048011 37.3730798111776 37.3324937217008 37.3310759930364 37.3035219466425 37.296256789378 37.2858535230546 37.2278401829137 37.1891964486642 37.1221503486847 37.0696838274121 37.0621542576278 37.1503232836214 37.2645106122942 37.3377083865933 37.2839507996614 37.0026492892154 36.572465883096 36.2833563912518 35.7998601968525 35.0869487411868 34.297147971718 34.5449053790247 33.9861560438997 32.3014930944141 31.6971533665481 33.0973295222003
37.484534563949 37.3346799100916 36.8398251072592 37.3172692683878 37.4888416502634 38.3829581651336 38.3756853003764 38.3275376185387 38.2777336151256 38.133367061337 37.0388436756636 35.4126664309794 34.6625496130482 34.4554146204991 34.5453766866486 35.8219986612588 37.2254932047317 37.727261896521 37.8129723468722 37.7184020007893 37.6308027905276 37.5866417075659 37.5541210183942 37.5240067713067 37.5010424645914 37.4845504341002 37.4584531537519 37.4563451969427 37.4364595128395 37.3704806670763 37.3966191491231 37.375282532867 37.3382350174488 37.3093349042969 37.2998934476696 37.2974739988768 37.2336888599264 37.1289476150988 37.0341846386996 36.9438866508662 36.8964846562551 37.0486805547076 37.1512970296017 37.193790698226 37.1415857727968 37.0210067373947 36.8216904182474 36.5267622230831 36.1914411827594 35.8213489566523 35.4780782168638 34.7986316014308 33.9924336152485 34.4641654202751 34.6476746975813 34.1764426946256
36.6889265238388 36.4873902273585 36.4601049597598 36.9712834745162 37.7539394966057 38.3806795561645 38.3279238270698 38.3022116725912 38.2895040318358 38.2495654484983 38.1664227507842 37.7118424586376 36.8729677346585 36.5730256392613 37.0627637302234 37.7902457630415 38.0025681238844 37.9150793028358 37.82875727906 37.7185821448206 37.6180039427741 37.5749468614591 37.527049757043 37.502680190957 37.5002244989733 37.4651360690278 37.4564854130055 37.4518419582893 37.4423680866623 37.4240153322762 37.4073192705153 37.3994522160364 37.3746422389567 37.3239585420587 37.2998373645505 37.2718763598629 37.1718613961737 37.0819342992825 36.9798126809087 36.9181452938978 36.925112571558 37.0070770053931 37.0524934339369 37.0601602936508 37.02448724564 36.9335409819792 36.8094460165084 36.6972064342387 36.5834964574063 36.4048918311996 36.2156005075748 35.7240501969107 35.2663798409425 35.1204027824433 34.8297901958311 34.4180238508581
36.8072063766736 36.5921941303835 36.476855638873 37.7852367433439 38.3212074812023 38.3366264131623 38.2974024866454 38.2810310218313 38.2463943987896 38.267856213469 38.2807287982314 38.2594245452008 38.2034446049021 38.1492898145542 38.209040228133 38.1624778296418 38.0485127768506 37.9163470511715 37.7875004989922 37.6491801382232 37.5646591010125 37.5136111064005 37.4947432203298 37.4870800578123 37.445482759017 37.4547314264173 37.4484779048452 37.4454909986103 37.4571837383273 37.4348415299505 37.3997932931153 37.3979682360723 37.3655105219389 37.3004367286674 37.253233474182 37.207990370473 37.1304151764518 37.0710631487783 37.0005293586581 36.9347401274941 36.9079836663013 36.9706330904241 36.9816634781553 36.9640760855764 36.9134204586309 36.8389950142206 36.7623717449282 36.6831141937071 36.5854064684258 36.5037074359089 36.4380605919599 36.262941431312 36.0265205976412 35.6310606230938 35.1364871374061 34.7509532555593
37.0463455219254 37.0110832922917 37.5605492434162 38.278150838165 38.2821980430586 38.2623482683555 38.2258263899502 38.2140910121656 38.2128851038406 38.2410461664263 38.2661628624338 38.2483521422585 38.2360474271308 38.2085851320851 38.2020996022488 38.1660098445288 38.0511729511867 37.8819656818774 37.7168063525835 37.5703914285529 37.4885010733847 37.4524719924997 37.4388964556467 37.4236683049765 37.4023640788749 37.4286812175309 37.4155654072736 37.4107374014435 37.4121514708218 37.4184793957773 37.3942777914781 37.3650604517562 37.3155722874277 37.2594026864256 37.1801568048483 37.1231263625382 37.0969394788411 37.0603854655067 36.9794180464284 36.9131663419592 36.8999574995375 36.8946943382943 36.8849564524998 36.8595455456221 36.8165303093055 36.7618831884196 36.6968120172705 36.6416528826097 36.576004210419 36.5085214952328 36.4282285006149 36.293179276716 36.1209451723988 35.7909659818495 35.2861140630201 34.8456842282056
38.1107285696935 38.1815201458045 38.2012928209405 38.2024914274048 38.1924407204898 38.1930822829215 38.2120835695971 38.2073415762854 38.2004150742322 38.2022413597202 38.2047542859227 38.2027956280413 38.1948906644916 38.1540079258436 38.1658540420811 38.106892973053 37.9874958600668 37.8251348890221 37.6305908389122 37.468221886288 37.4072915634258 37.4092544341271 37.3862679319633 37.3990090952918 37.4211619109827 37.3920639856628 37.4001351227952 37.4000315228115 37.3982780154208 37.3999473364706 37.3212449589277 37.3041037734467 37.296508227552 37.2325872340386 37.1651526226143 37.1186615992277 37.0642571337069 36.9796728070865 36.9179951235468 36.9000833341698 36.8337674991275 36.8016670036007 36.7942875012086 36.7687658833131 36.7306428931634 36.6590722309496 36.6265281554553 36.5620491368729 36.503409638523 36.4289376311696 36.3886426404943 36.2670346924198 36.1812561725439 36.0405966447603 35.4599007680155 34.6403968972392
38.1663703583046 38.1688345907695 38.1661048841485 38.1468883980268 38.1124781541501 38.1157615713096 38.1542693402305 38.1408279119898 38.161818405418 38.1967717232392 38.1829070249384 38.1743495176723 38.1638680031547 38.0971134044348 38.0421543486071 38.0402648675501 37.924822946948 37.7548389118455 37.5553052101602 37.3830361767924 37.3537646374607 37.3368701810094 37.3657231683937 37.3712706834638 37.3748692140769 37.3850113073893 37.3909167395581 37.390746397869 37.3859787759432 37.3649190540089 37.3068496731078 37.2863393735026 37.2475761229034 37.2015374566653 37.1648845648516 37.1410889817791 37.0653303165945 36.9805068013175 36.9204611673576 36.8778151566963 36.8125121344824 36.7641591474869 36.6912921292408 36.6534178592349 36.6170416479897 36.5564593010207 36.5066200849511 36.4654539317231 36.4141534065707 36.3559381784159 36.3029344862941 36.2599586873 36.2650879719201 36.1494778142745 35.981754228925 35.3689080582295
38.0711834504475 38.0813161600169 38.0805019474354 38.0832658226797 38.0984586055684 38.102953172455 38.1227416544422 38.1440550559429 38.1579596654976 38.1671801178482 38.122545581126 38.1122901570157 38.0767626576955 38.0169053832457 38.0131858401285 37.9751305532696 37.8681632712247 37.7173778206602 37.5363223112824 37.3824551909307 37.3145115906632 37.3318627437661 37.3506897172343 37.3519184618755 37.3494534125759 37.392422798945 37.3730016338997 37.3608042484882 37.3626687045612 37.3380749356383 37.2956109331338 37.2710048069403 37.241038027424 37.1800484417725 37.1234369720859 37.0929261937903 37.0462767347735 36.9799190411089 36.8953059528364 36.8125090340566 36.7755724918791 36.6689031695158 36.5958766829124 36.5215194363807 36.4706880013695 36.4165302630946 36.3818110269959 36.3600985037009 36.2923440428636 36.2403114293123 36.2064240072819 36.272607360491 36.2275113549484 36.0848158195688 35.7904904603138 35.3814150184888
37.9923360119085 38.0191878815607 38.0205644855837 38.0258668030092 38.0794093257158 38.0972839080982 38.1 38.1019729918335 38.120559346197 38.1118873834647 38.0696822070739 38.0889201503303 38.0700670466531 37.9707547952005 37.96285166674 37.9203503412847 37.8378774851023 37.7039022788357 37.5435269869228 37.4321384532177 37.3575739518546 37.3560861792559 37.3538141963426 37.3611598183031 37.3669354050521 37.3554773510525 37.3296545038921 37.3168274053698 37.3087888454918 37.2968566281261 37.2887136338802 37.2669728679982 37.2220337981457 37.1664971571126 37.1051570214896 37.0696828738846 37.0263306135056 36.9605339719889 36.8916458265951 36.7953940634236 36.6930968663786 36.5838422831817 36.4727328244402 36.3734467311863 36.308817077037 36.2633613164455 36.2419619886011 36.2341549748504 36.2070482814516 36.18794543332 36.1567332746152 36.2312920463003 36.2441072516049 36.1108517300364 35.6178522599865 34.6471010357278
37.9813243460946 37.9938428518116 38.0002099804696 38.0044613768998 38.0593687565077 38.0981794586792 38.0995045373184 38.0883249294289 38.0486361582469 38.08897294919 38.0410955581608 38.0543218612155 38.0517998926757 37.9469104179788 37.9492314985844 37.889525938584 37.813978052627 37.6733598756833 37.5819449180162 37.4904514297282 37.4314192824854 37.4004459568986 37.3854510310493 37.3525231884342 37.3405899631928 37.3084008783564 37.2973392013205 37.2984784938407 37.2922711146438 37.2700238873946 37.229140437032 37.2254049361122 37.1795805032955 37.1354530057519 37.0836659487441 37.0511232967218 37.0150691307514 36.9537990243642 36.8673241719433 36.7644856936399 36.6464652981284 36.499893501982 36.3511294353202 36.2272460083803 36.1500218259522 36.1210456113077 36.1223749400116 36.1467113886481 36.154100469164 36.1418113481481 36.1121308868006 36.1509826670976 36.260513267208 36.144788804248 35.8467261502634 35.1041565937878
38.0807346964513 38.0603498842349 38.0344646517177 38.0427650542582 38.0826163878688 38.0953863937119 38.0987180625276 38.0900112762701 38.0863709876023 38.1000088264541 38.082882362808 38.0306670245664 38.0027320917855 37.963809836557 37.9398912965816 37.8729675524693 37.7832478979911 37.6936510956679 37.6079136296877 37.533452520783 37.4875869004128 37.4351273653105 37.3981449065925 37.3739475237121 37.2952613036374 37.2869150465974 37.2553216870769 37.2589408586291 37.2782288768174 37.2354712967358 37.2117774674531 37.1722540185434 37.1185350104172 37.0990552856201 37.0870592941764 37.0557234494976 36.9945004798123 36.9305619982303 36.8395610566727 36.7151173213287 36.5801860646359 36.4077538668029 36.2686798669073 36.1310351983178 36.0181177607063 36.0131510221575 36.0313609739095 36.0711437478065 36.1003720503598 36.1024101769448 36.1004601503411 36.1956897780307 36.2459785148764 36.1651278311254 35.9732803539056 35.6421934467669
38.1585818306041 38.0981112684229 38.0735583456966 38.0965295914079 38.1024167086672 38.1001826581137 38.1 38.0937719135921 38.0812916377197 38.0830178110974 38.0252914804754 38.0188781009005 37.9960503182963 37.9805125816581 37.910377376857 37.8567434520079 37.7751376929268 37.7195229134447 37.6603943692467 37.5929676812888 37.5212366352799 37.4723452267206 37.4116095363871 37.3518188115913 37.2979645249497 37.2372511324728 37.21615190679 37.2154815236209 37.2007654037644 37.1822583590407 37.1672400383704 37.1088589710083 37.0996686373622 37.0826931310638 37.0547138863623 37.0462998416458 36.9862740171245 36.9186224785083 36.8087691838509 36.6534691505673 36.4956925941023 36.3365564847406 36.1988173080658 36.0642004743024 35.934120021832 35.9693618371916 35.9904554926954 36.0186398444396 36.0685405008732 36.1070430859597 36.1660764236759 36.2296291831166 36.2195278481703 36.1662615094182 36.0517286456645 35.8371275339291
38.2368666660951 38.1680767269123 38.1266513365125 38.1335039802171 38.1368891837232 38.1175411687766 38.1045770634328 38.1038977928208 38.0824077260862 38.0558928075561 38.0261330682167 37.9992657616756 37.9756637834318 37.968017118458 37.9193799206363 37.856820933545 37.8006400295331 37.7436400975308 37.6765261672722 37.6085762581268 37.5769630033419 37.4978301666911 37.4335317600928 37.350934870303 37.2631679471869 37.219973960729 37.2009491099756 37.2019063524031 37.184468799561 37.1221081149102 37.1232403583237 37.1022773098166 37.0901285207032 37.0389975443417 37.0081058959677 36.9938179528693 36.9382859547892 36.8549884020183 36.7120793031519 36.5752883089163 36.4427321728404 36.3100411908548 36.1854108700998 36.06559478629 35.9733638695342 35.9603340883327 35.9948713916318 36.0112389037448 36.0610634523195 36.1452420680005 36.1959637742696 36.2057233388003 36.189353279745 36.1596813382135 36.099518331312 35.9892197538806
38.2900747007256 38.2313331257873 38.1986994226265 38.1981205886494 38.1695861720003 38.1314806504527 38.1177831849591 38.1092144628691 38.0756133815546 38.0606110904003 38.0398628066833 38.0008452529165 37.9528288604234 37.9787523869284 37.904949855377 37.8637890394918 37.8099129464054 37.7491092272959 37.6728142667721 37.6293265716243 37.5789126226697 37.5156592750603 37.4811522687334 37.4203431435609 37.2645713833017 37.2218960980731 37.2026751680942 37.1988028652783 37.1776154517998 37.1230961711343 37.1173872179763 37.1007531305337 37.0658458533101 37.0171203208239 36.9848771766354 36.945874336705 36.8582303700742 36.7684467967493 36.6592851291614 36.5298553927151 36.4040794295346 36.290618201327 36.1816834598854 36.0796069631228 36.0128733285031 35.9967349156484 36.0031081648478 36.0323277819446 36.1078126326074 36.1684932933162 36.1740794551063 36.1803551479846 36.1864516272037 36.1851697414352 36.1639392983779 36.0956958459911
38.3673193886205 38.2922174720239 38.233007002121 38.2104216641017 38.1976509727501 38.1770651958176 38.1506339243247 38.1141720038814 38.0933604799094 38.070507737735 38.0401185041012 37.9995008786206 37.9797807368147 37.9675380183059 37.9176302712044 37.8769592802754 37.8379093497578 37.7554653452953 37.6896408410036 37.6511175937031 37.5695034431948 37.5176279965443 37.5037409433901 37.4536240805546 37.3486217070733 37.2567450334884 37.2037553856011 37.1992397037801 37.1689479993124 37.122854731323 37.0937312799975 37.0541757292676 37.0215928520388 36.9811182077582 36.9452220619247 36.8775856638259 36.7808581751328 36.6975254817636 36.5939997611405 36.4824250947797 36.3730568214848 36.2636165946699 36.1794078257035 36.1054136980794 36.0481839203373 36.0224797619997 36.0377952320069 36.0987401690783 36.1498334288504 36.1709749751671 36.1773299257157 36.1847742319027 36.189968381243 36.2272424466155 36.2187241755978 36.1825979827902
38.4017001860787 38.3435496161731 38.2745296277952 38.2630443050394 38.2142422615965 38.1976408735832 38.1844835064939 38.1500205732511 38.1023173838474 38.0847410917553 38.01219530618 38.0146798728486 38.0163369919663 37.9767120541682 37.9043853501468 37.8782805920367 37.8152126025903 37.7572065556681 37.6914119551273 37.6419412383172 37.5698008798195 37.5487862209051 37.515176171935 37.4448658976079 37.3481976848767 37.2806835000574 37.2162392006707 37.1791433937845 37.1399725782727 37.1051510098066 37.0849943796425 37.0204913073875 36.9796731116263 36.9200315800455 36.8639432891051 36.8148456594402 36.7485386053335 36.6441898410455 36.5502890660554 36.4596205892475 36.3657575166533 36.2594159781544 36.1768515108776 36.1186970907194 36.0785224692641 36.0683352729636 36.0950652466023 36.1674171234405 36.1764232979148 36.1731500021082 36.194620042297 36.2135448749263 36.219529643939 36.2328003992822 36.2141792846866 36.2082914350743
38.4514250760976 38.3983748531276 38.3258833063388 38.288894615336 38.2753938263305 38.2189417000441 38.1963260015115 38.1783823511607 38.1182625584527 38.0717182518957 38.0471520818054 38.027930261323 38.0254781262893 37.9906228829982 37.9262288406922 37.8587213008843 37.7834679263989 37.7374054587083 37.693770720137 37.6027856781247 37.5422402228174 37.5063973635269 37.4750050810439 37.4252548597097 37.3311410350474 37.2588400083838 37.2118132925175 37.195153662967 37.1504394315117 37.0969390085349 37.0347658955412 36.9949740284903 36.9484120213159 36.8828789506451 36.8471200747054 36.7876892030387 36.6932661276562 36.6206556679424 36.5223343362905 36.4246760628356 36.3500897321672 36.2564370334148 36.222926520279 36.1800220580424 36.1560668681482 36.1369310580813 36.1503802107958 36.1835951170178 36.1968939777167 36.1786203596935 36.1939069209221 36.2496611172066 36.2170363465081 36.2436921429431 36.2381547429833 36.2075011808763
38.5008511963558 38.4466021609294 38.3765645394752 38.3153006224917 38.2855331561812 38.2512811392192 38.1962305780637 38.1918914122451 38.1180365613531 38.1000863203358 38.0539431855343 38.0190109460082 38.0196099187312 37.9869721600816 37.9095554070687 37.8469275222222 37.7844839239196 37.7243670193692 37.6511744603114 37.5920636197068 37.5400074049783 37.4876660972789 37.4271818777698 37.3853376768717 37.3052361063764 37.2541500464613 37.2060830161923 37.1654509062038 37.1142545119376 37.0862465389883 37.0038169565503 36.957931282145 36.9000290801504 36.8442530485539 36.7928512621246 36.7554520784373 36.7080559993355 36.6309179319866 36.5396639984094 36.4599324873703 36.3944490878444 36.2895792099479 36.2261897382847 36.1971360893208 36.1709341920545 36.1538328696005 36.1756917677738 36.1788007114335 36.1892968497935 36.1977267731564 36.204008076423 36.2283270211067 36.2485466234684 36.2502528072742 36.253822148437 36.2372795775141
38.5384180093418 38.4852028790943 38.4066677232286 38.3336935387442 38.301657888223 38.2624521803306 38.2102643096686 38.1863200240454 38.1172709283131 38.0990417198013 38.0788916640179 38.049086698756 38.0129775000631 37.9600670391682 37.8901410174032 37.8215237644973 37.7669369013646 37.7053913389351 37.6439004570129 37.5663153321313 37.4907568454959 37.453494401835 37.3973241781026 37.3501341550264 37.2700283702821 37.2086974546572 37.1917744583735 37.1559640165944 37.1043824733635 37.0639070745416 36.9996701487891 36.9383750703388 36.8735904881209 36.8286082347699 36.7939498165715 36.774363843597 36.7069512408669 36.6278856417877 36.5446816546519 36.4636016558063 36.3977790564528 36.300397066433 36.2254588378581 36.1869230535818 36.1587421930157 36.1646570280761 36.1633593142638 36.1770481144144 36.190391523811 36.2090056452346 36.2213453709129 36.2551968098231 36.2666668244016 36.2931747026437 36.3042081652815 36.2855917169235
38.5313181578503 38.4811617724527 38.4027096650908 38.3456559710271 38.3076112779612 38.2659188638627 38.2130071498902 38.1717516470531 38.1124086536424 38.0931544595892 38.0859379660912 38.0552125675054 38.0057674675629 37.9482084435558 37.8757668045794 37.7947435795885 37.7418377625917 37.6853078761197 37.6283338815528 37.5421750225137 37.4823337488339 37.4153849798905 37.3457020638853 37.2965459652734 37.223655183928 37.1927856663894 37.1551479798088 37.0994542145266 37.0444389483283 37.0188875666778 36.991967395355 36.9440190587729 36.9129496594287 36.87599316746 36.8257363884438 36.7420992386894 36.69271788571 36.6182759784282 36.5461546371584 36.46898796166 36.413445579874 36.323142572329 36.2538163199695 36.2202737462088 36.1851599161043 36.1698474654736 36.1730819505506 36.1537801041998 36.1714854760111 36.1912432652448 36.2140654196987 36.2504363006041 36.2556859072073 36.2846526417971 36.2942419475157 36.2759913207538
38.4988860263161 38.4492070648907 38.3958367808844 38.3169989455704 38.298186929045 38.2512401909722 38.2107891911648 38.1764088263123 38.1191893219904 38.1072304146141 38.0765137347967 38.022542872732 37.9998192925917 37.9441729048816 37.8893545173423 37.8157602143958 37.7534967040198 37.6868335755962 37.6173082213467 37.5492627075093 37.4690372078201 37.3801295530828 37.2966215601766 37.2348567082346 37.1796104702711 37.1171766289465 37.0880134829355 37.0488457292207 37.0228252668448 36.9884011037471 36.9659639772018 36.9507375981593 36.9152837293816 36.8570898458509 36.8082764797586 36.7733068689724 36.6805987703267 36.62360371311 36.5502463395992 36.4814562000021 36.4227795444688 36.345902765722 36.2874444439827 36.2297996213848 36.1975831751399 36.1745991269937 36.1712195839947 36.1821990810367 36.1529985515541 36.1563855764283 36.1944552227356 36.2092281046927 36.2144156902598 36.2455728358309 36.2676475781963 36.2370217380684
38.4900389889085 38.4366076452963 38.3675448783006 38.3020172481481 38.288789065812 38.2502531452576 38.2341000563788 38.1896553568664 38.1758258584825 38.1024305682593 38.0585174694374 38.036384496613 38.0099265768981 37.986197889415 37.910137173267 37.8234522820291 37.7430830280543 37.6923286804053 37.6060350948253 37.5324892359369 37.4409358353356 37.3835490639562 37.3151844358954 37.2217070442173 37.1362381944202 37.0729586474309 37.0420588686633 37.0262126478848 37.0357494973451 37.0175824454112 37.0070875666653 36.9710724772046 36.908285759911 36.8849471309026 36.8333408716587 36.7512928023095 36.6940912052962 36.6497090279009 36.5558202839077 36.4914708072258 36.4134174265787 36.3775657407347 36.3228701249431 36.2608429582716 36.2043188240731 36.1908851622832 36.1960702377924 36.170082109318 36.161237809971 36.1405874406479 36.1518985415183 36.1991371369641 36.208220378655 36.1966372387794 36.1916064462359 36.1716672295197
38.4520039189327 38.4095137555658 38.35649424985 38.3015914363814 38.2813720320955 38.2415296869358 38.2020811080824 38.1863823524033 38.1547512026337 38.1134320262324 38.0835851118148 38.0329869434065 37.9967550494456 37.9352544078278 37.8621615850588 37.791810857965 37.731813597212 37.6494073065021 37.5844892529737 37.4988197773498 37.4128098990858 37.3465000566015 37.2716334130483 37.2077923049157 37.1172055376253 37.1029315275796 37.0686541884739 37.0542092195193 37.0133643074512 36.9995805256425 36.9763691057898 36.9529903122392 36.9336247618105 36.8754150296561 36.8168693941423 36.7929055030334 36.7240437962666 36.655070586572 36.5837134477568 36.5154177013755 36.4261081639676 36.3844391032255 36.3307257145667 36.2631576113239 36.2333696328035 36.2105754916725 36.2086790660121 36.1982899250458 36.1907200929983 36.1698204881674 36.157121321412 36.163728703475 36.1821588382913 36.1699501609277 36.1428916695115 36.1164998127633
38.4240193351649 38.3861576858291 38.3188219984189 38.2738441221471 38.2606359848885 38.2108629448748 38.1930614187764 38.1894198478179 38.1547562513602 38.0933578663043 38.0565381337345 38.0125277604251 37.975153589245 37.9111856131446 37.8356754259999 37.7647003397649 37.7007249000831 37.6406862069617 37.5702689136956 37.4868630374703 37.4101004663503 37.318943181035 37.2457218739323 37.1814787932973 37.1397076012725 37.11964133698 37.0843678319561 37.0367663919965 37.0101024704287 37.0016769096087 36.9754343165598 36.9455633707017 36.9086075948978 36.8863030983511 36.8410867668784 36.7984720617655 36.757849382716 36.6864824911553 36.6137766304604 36.5367640564707 36.4554486457437 36.3979797003408 36.3324267140439 36.3012640905143 36.2851952392952 36.2432030827763 36.2160233483371 36.2068309012997 36.1990045574064 36.1830899449415 36.1368232759163 36.1260846650511 36.1237632986887 36.1014837581909 36.0887469214293 36.0498844996228
38.3900718305667 38.34802388372 38.2977360407655 38.233735956479 38.223234011979 38.2024443836226 38.1968878922377 38.1751860706166 38.1316595410872 38.0569630376678 38.0129879220546 37.9899193845713 37.9373226096186 37.8717302172268 37.8165523151167 37.743442864415 37.6763934843021 37.61878222027 37.5642159714639 37.4939280339025 37.435596824649 37.3543106087461 37.2711397974874 37.2093837135485 37.142188032191 37.0984452068114 37.0540157303246 37.0155331173871 37.0037592967854 36.9981853867926 36.9882570610715 36.9447683051911 36.9113974625203 36.893307915924 36.8420174850536 36.8044252471925 36.7684315707825 36.6776824007111 36.5976344341804 36.5296754554326 36.4734183467316 36.4097848693911 36.3715969914342 36.3249272099701 36.2888825149062 36.2588361170734 36.2334033786405 36.2173763404956 36.1951507305092 36.1774393135093 36.1403890307915 36.1028098526133 36.0752385943474 36.0559773363894 36.037831288389 35.9962275144409
