catData/variables/pastClimate/lig/bio16.asc
NCOLS 409 
NROWS 350 
XLLCORNER 60.897278365 
YLLCORNER 5.843756025 
CELLSIZE 0.0892857 
NODATA_value -9999 
[rows 125 to 149 of 350, columns 280 to 335 of 409]
1050.22704039087 1035.88460338241 1003.98417201485 978.255827364293 986.93363235321 1009.1818077059 1035.65428697327 1063.50203159756 1091.18315120157 1116.58215339045 1127.67192331411 1121.4658301475 1124.67408035504 1150.17888748622 1180.5612248956 1209.50254292794 1241.07682901941 1276.06158912979 1313.8352116499 1355.22041796263 1397.75171375395 1436.53477735463 1465.95293538599 1483.12054303618 1491.04702409983 1495.76117049626 1500.67524109999 1505.89414417984 1510.21861842668 1512.88893571779 1516.09757890624 1528.62851876891 1552.79410268549 1583.75038122349 1619.4673255732 1653.2143467802 1680.08865234366 1703.96864544819 1731.05527574866 1759.65364670013 1781.80814033618 1792.87049616273 1792.24087759281 1782.89751030857 1770.53204181827 1761.63013921342 1773.46338749025 1806.67943217329 1834.8145689743 1919.17320221248 1938.43704194712 1942.23047453307 1935.59650049434 1913.30262324496 1813.56516004714 1798.09168587617
1058.01149723272 1050.47388940098 998.180563759054 951.941583495869 959.560763618463 980.488500021335 1003.90133642032 1028.58843293135 1054.87780864993 1079.74179230078 1093.81050527124 1098.35005580768 1107.37536214879 1129.27762502835 1155.80392583828 1179.48721601589 1205.71927894396 1230.04235799217 1248.52584515264 1271.66449677348 1300.97410773943 1331.94736080888 1358.84664749862 1378.27510578448 1391.33525420254 1401.25242590895 1409.38760643314 1415.08151536003 1417.25187886713 1415.30871582057 1409.7120903471 1417.77320934276 1448.46216434787 1484.04213924308 1523.08213875095 1557.50759266045 1580.89146504851 1599.1343949343 1629.93932721089 1665.90802800577 1695.47943740141 1714.81489761614 1725.15604266224 1729.85111403592 1733.91841762935 1741.89124050763 1792.37210410011 1858.26606158081 1902.75205494681 2025.39787992365 2001.60919354467 1961.9909214991 1930.36799211119 2019.30987738529 1989.20240562756 2176.87939621268
1063.6245021057 1069.86726683661 1007.73242511643 957.534127593493 950.786108056117 961.305461643193 977.607331159759 997.533610546194 1021.47990518827 1046.59640763295 1065.92600349589 1080.6580868389 1095.40297594064 1113.92116531947 1134.53788727249 1146.46512008137 1159.62117321404 1174.08052433885 1182.9989189517 1192.91469255645 1212.19379420847 1240.09361440258 1266.50253794759 1286.38857299357 1300.97255317848 1315.46130686951 1327.8454593926 1335.65542243434 1339.12392851621 1339.39762402229 1332.88520052951 1339.46639819546 1383.35186227272 1420.6502554087 1454.61162493852 1484.53580780775 1506.01727352331 1522.52510759081 1553.86987628282 1590.92797170765 1622.65022212592 1647.87762303747 1666.24557491558 1682.67348325703 1701.68179053744 1738.75684097678 1797.1052784472 1956.61296722315 2059.48761889034 2234.29245831475 2244.02248015888 2065.59195836233 2027.86761323142 2093.7294246077 2157.90043304618 2486.86243793347
1015.56495502841 1026.20824641512 992.175115457367 959.029277653423 946.179493004384 946.861977066503 955.600197992396 970.878772812737 994.196014482445 1020.63265058446 1044.29844198438 1064.78384996768 1082.09156594249 1095.56534007701 1106.22650684375 1109.00075603461 1107.5091614242 1114.79735168303 1123.44547135311 1124.50430641232 1135.01369130066 1164.84210115236 1191.91368071366 1211.43506780442 1224.29035392841 1243.88331810353 1259.96497432091 1269.03695083107 1275.87765060871 1287.8036203652 1312.92306371423 1353.43658882709 1371.35895679156 1387.18489147337 1407.96626645805 1429.46027936024 1447.99292281028 1465.75031043175 1493.99991658139 1527.43816625276 1558.90250953899 1587.54445203112 1612.47338483964 1637.79625792973 1665.63823287944 1705.68473426261 1816.40709369502 2093.31090132043 2255.26090836594 2502.77194118123 2508.61031399347 2294.82203598342 2304.27575948503 2272.49223542222 2307.09014863066 2744.57143628788
947.350574278378 954.403359590475 948.612883950138 941.600085429395 934.059490978661 931.667449504919 936.379083857542 947.680388844248 973.22944896168 1002.81396224146 1025.62451418631 1047.77813288005 1065.81972173421 1072.64279059284 1078.23401673944 1081.16182246074 1080.60623243854 1083.74308851964 1086.5950255042 1084.35100616384 1091.38416541201 1113.82255180912 1138.30631294106 1159.4503752715 1176.985220275 1196.40093819438 1209.76761178099 1215.12838120996 1220.30241933317 1240.66117926084 1287.78788685985 1337.68321337546 1351.96298839319 1358.86619201752 1370.57562696019 1385.19520296017 1399.87114257486 1417.06965839472 1441.05489487116 1471.6647893977 1502.48694498139 1532.0839927494 1560.9235452826 1591.64511012281 1629.25249618727 1691.95941860592 1763.28064011017 1938.25693444209 2326.82449864276 2718.79519039637 2664.73667431479 2409.07107503525 2231.45795682275 2305.15527221149 2295.48932662696 2806.68810709877
886.630002204209 882.602057724107 890.519024125644 911.856087996578 912.174087831826 913.027971697564 920.63472118222 937.586183043795 967.96098192923 993.198955150125 1004.64029029751 1016.23682222292 1029.03158709983 1038.59521543215 1051.44241596657 1063.58298493607 1072.3518306589 1075.77384476914 1071.16541355044 1063.85786458668 1066.40725114858 1080.31148092108 1100.87524524568 1124.11438843406 1148.24287502266 1169.17758125766 1177.23321704474 1173.35655763728 1168.15179635047 1185.81214795393 1236.35982915493 1283.3624795529 1310.35828134046 1323.68105568583 1333.82750664301 1344.93779129283 1357.57758203939 1373.6891084119 1393.91506503332 1420.03469043472 1449.55315079726 1479.51636539136 1509.12202751027 1544.31758033263 1598.60699728124 1664.43891973809 1753.35243375281 1833.58920990431 2068.52487625556 2534.2491221694 2718.48570900419 2724.14489999775 2528.84729311382 2290.08258182627 2139.37952127556 2559.14470683043
838.674051794421 812.633497702482 815.374078388203 858.762919463879 877.57881358847 889.795113035293 906.642827557062 933.802228848841 968.157964894443 984.870028978725 978.878927254834 972.192741622176 975.936236567452 993.99688629054 1022.6820477985 1047.87677350802 1069.41406222671 1079.13353796018 1065.4048875008 1047.71774750244 1044.69232997821 1053.2175397993 1070.61472417116 1094.38031191797 1123.19591767228 1151.38430023688 1155.32234456808 1143.0141762846 1133.5574878053 1148.61553449359 1195.43144748967 1241.07110113062 1272.12800414456 1287.03024957672 1295.52791651306 1304.67154497603 1317.08842807018 1332.51188433969 1351.0414113445 1372.81655140833 1399.41244910931 1427.58546203917 1457.12620028988 1493.70344880551 1555.82274936691 1621.2897665604 1683.60904043401 1768.4944103011 1809.84645683362 1901.43678777954 2013.33249569034 2112.72045266028 2192.42713507802 2337.98158992285 2404.95805444752 2690.63124549278
812.995537205103 776.318667854366 769.699120876663 808.377444166125 841.694376467661 865.290269302542 888.570938654852 921.904177871971 965.123420822556 975.819558041558 948.154479058293 923.094617091994 918.426574494908 943.61109204233 987.924932605297 1025.92382954018 1059.04027188047 1074.29038613921 1045.88735027577 1025.84475577491 1022.89359271299 1028.4529856737 1042.35440723731 1063.64931143577 1090.9248014393 1119.1383288215 1123.86936376842 1114.59014077208 1112.71415016685 1128.69332302368 1165.70234438542 1207.73972728064 1238.54824970692 1249.00418771851 1254.82166181403 1263.19043146229 1275.70178016755 1291.6757671258 1309.77369813752 1329.19692244338 1351.90236462679 1376.97739868859 1404.77745261762 1436.30715577112 1479.53547779044 1529.04431611917 1590.09495256627 1651.42605014942 1695.88764591364 1771.24950357798 1783.38787802453 1831.83410534047 1891.42426939067 1969.20150365819 2235.16512417863 2619.60077804083
804.685260717806 780.290312940481 776.339258029075 795.651744893619 825.86909164182 849.704081840471 865.667791415941 891.295205357803 934.48888788648 945.297829587526 912.623546976083 883.44070895521 876.676070103099 904.518143101975 954.611352881622 997.667219056766 1030.81290472783 1044.41156271559 1015.85276232346 997.018272536463 1000.16754865072 1005.1409089769 1015.13893846125 1031.10088953379 1050.03720115882 1068.59586058173 1076.58422780746 1079.60059013084 1086.38444634178 1103.73966385717 1134.45522254725 1166.38303193635 1191.89032936671 1202.35563607879 1209.61149885712 1219.74429290034 1233.82768880139 1250.996030902 1269.27582499062 1287.77113988524 1307.59151321171 1329.41352619192 1353.14241081477 1380.82640277784 1412.56785077094 1449.69908143017 1494.21987320901 1541.13079315529 1580.84844951017 1625.50226964389 1680.5286936321 1717.93268462727 1750.53488815717 1777.20031979126 1839.99202292694 1973.16239566974
794.449770368655 785.366267301351 786.822321805602 800.598065698982 822.397304939523 831.661579621684 837.387166338632 846.869668659616 869.601852824647 882.5743054201 872.98165428965 860.472469664583 859.896198704489 884.383225798665 928.599550953951 966.961891230956 995.937477006025 1011.22093264551 1002.5118045875 996.953216621014 988.369367856583 984.610211027984 991.741458912638 1001.54600994508 1009.75025020232 1018.47709129709 1029.85215626319 1042.47289986872 1054.051359037 1072.81616718253 1093.91522438929 1116.60438181856 1135.59468968019 1148.35571433076 1160.02865934649 1173.52022537316 1191.35043841451 1210.49802400453 1229.82468845654 1247.72169983206 1265.27740396319 1283.49687853943 1302.83512145736 1325.29345290983 1351.23630917245 1384.55726663905 1424.16532964744 1465.9646855613 1506.60371860039 1541.79880637 1574.83353143571 1609.18930474344 1642.6683367444 1679.51247770381 1718.46683579628 1759.42429029113
776.030966724073 775.562610611158 781.980405309412 794.768089276105 809.785764821014 814.847036151064 815.552378018522 816.944476667156 823.131006920382 828.619282115212 829.848465883912 831.68754620916 838.255998755919 859.25484414209 894.322033532805 935.296368584048 970.336886330079 990.508847559919 1004.43809273467 1000.21773445845 990.860845890269 982.002466888763 983.324698453986 983.04622506204 981.256169502547 983.790705573215 995.074297081612 1008.67858890436 1021.71078634916 1038.90786665415 1053.2656811493 1069.91268933229 1083.50117078537 1095.25657516383 1109.34265166306 1127.93213379145 1150.34891406166 1172.94247958133 1193.84027012493 1210.74532106463 1225.70267465646 1239.96658015662 1255.49984662187 1272.60497005806 1290.97152262172 1320.00801292799 1362.50404674712 1405.91011673962 1447.55398211862 1486.29792922694 1523.82394460806 1560.97513268416 1598.13481174604 1637.49999021793 1681.65006847242 1727.36007479343
752.942187254987 760.592185847074 773.21819929495 787.446607480697 802.84129857393 803.811352138789 798.339179166577 791.838448306578 787.494165851264 786.019549997712 786.194170704584 793.609491696982 812.074979966047 831.255655534098 858.883364771646 907.423539218675 957.434261137059 992.007498817856 1012.86626474369 1006.94591547083 1004.19922979942 1003.52009916235 986.653918385717 972.426679773146 964.45546147016 963.464593864341 969.571391753376 979.944890898501 993.842447601562 1006.6303953033 1017.62113815015 1029.01016612204 1037.69759871481 1045.81848911056 1060.65809321338 1085.38305464864 1112.53310983384 1139.13084666709 1163.40084894595 1178.00298783361 1189.66112472411 1200.98437098506 1213.479239779 1226.02255887393 1239.4122106243 1265.02164684592 1308.87056709669 1353.35103736536 1394.51044756058 1433.09051260868 1470.81378859096 1510.92938317755 1552.55207693902 1593.8839275939 1639.14618484039 1687.35414261085
729.924013738763 743.955818058391 761.165487615627 777.464823381923 791.589542657804 793.584141674643 787.450065984039 774.368366468908 760.489093641506 757.535595224202 764.509480797698 779.408485516191 800.057675604393 812.702199329178 832.202778672032 891.593908650354 957.367011933744 1006.72800033799 1024.14284162852 1005.76093061953 995.347808964453 991.698430077785 975.60094772105 960.418151665062 950.774203961983 947.176101332352 949.264320668948 957.438171157222 968.653841950304 978.559851568909 987.670565474833 996.715833099642 1002.41479361173 1006.79395574075 1021.91110899578 1050.50877604125 1080.14358166421 1108.72041183865 1135.60460735609 1148.80772177277 1157.03812058015 1166.53089390306 1177.41420546355 1189.93160878249 1205.37453804386 1231.09421070091 1269.81737774623 1309.30657853723 1347.45962021822 1382.80904024349 1418.42646004172 1462.0631636986 1504.566710241 1547.19382320375 1592.67691959629 1639.25929897906
719.493710802879 737.496414686082 753.806654849102 769.501523858255 783.325378338708 789.703130736358 786.510907069675 770.35403069974 746.268792531733 742.89502461418 760.079290385414 779.449974316732 799.167350966818 814.602112673647 842.458875043379 904.066301345407 970.644838840876 1015.20200965484 1024.61252788829 995.824862205039 968.795634726702 961.668674078619 954.751983765949 945.667387670682 937.213365199813 931.802847369169 930.910811487193 936.903359645256 946.366386726747 955.121620177641 964.344899653744 973.720677407863 980.743594628442 987.929489046071 1003.05573657261 1028.39456462016 1055.05712821998 1080.75984592818 1103.71767502634 1118.30246760323 1127.78482118443 1137.21662189423 1147.77532828241 1162.17215435691 1180.20802389403 1206.00324773696 1242.07907026175 1275.29276140288 1308.79860791245 1342.26836125796 1375.9314629688 1418.02749330192 1458.67134709979 1499.95488977883 1543.43626928028 1586.11871437456
702.268820156328 729.788518005604 756.462981063454 773.010522472488 787.328484931363 800.491490332731 802.020575586174 789.19727799581 770.343723063416 762.804881494103 773.73008925431 789.340343020542 808.799238019323 833.642553722586 871.550378178758 931.277794395345 987.027123156651 1023.20161060215 1046.82405569709 1006.39496417503 964.660671427868 946.164121675245 939.978051091411 934.010347278267 925.487355521552 917.262735845179 913.605785383877 918.78849702547 928.509616873979 937.259893562334 947.818019747185 959.357606554476 969.912274937796 981.257212302536 996.460930920697 1016.21177633917 1037.36591201688 1057.22330867252 1074.89114066751 1089.80894112747 1100.67441537524 1110.88368823681 1122.56712563432 1138.44115739763 1158.25158942868 1182.59211049349 1214.39433016937 1248.23044104868 1276.74397635091 1309.69757708586 1343.99782384962 1378.61741140788 1415.23059919308 1454.31755260174 1494.38298854111 1531.1894001869
711.984274458161 733.815814469772 760.783171487878 779.723282005757 799.647807556777 817.830458904705 821.171993485974 816.048707856705 811.684035968198 805.019952329026 802.314570348221 808.893279841013 822.217694182263 846.207687159806 889.78786417128 948.803246161708 1014.09589468244 1076.97437314787 1089.22492319663 1033.08836989197 985.286987447158 951.202651807065 937.569338618527 929.535421079465 917.729479694483 904.222960715745 898.321687386843 902.938845478039 912.593644969137 923.599167761991 937.399300813759 952.477278165486 966.233711382774 979.664722783429 994.127633036994 1009.99844150839 1025.7742729834 1040.33731599413 1053.20244019379 1065.14136415784 1076.95337912383 1087.9343874598 1100.28381683938 1118.56794628493 1140.50307018556 1164.04508711281 1194.21371813195 1223.49802631023 1251.14767682941 1279.2623494145 1310.27857215073 1341.48286618282 1375.56476953164 1410.911194181 1444.81611808946 1475.61700574928
733.083046440775 744.770260581805 762.442032840521 779.670517610184 799.224696625036 818.353208317478 826.969949717057 830.702108614792 837.000291830241 834.568294445532 826.6592364104 824.532812250199 830.952896851347 850.090655455746 892.821944675729 949.511083627029 1014.84273543548 1079.3771306347 1094.2211499576 1041.09129200756 993.709610391838 960.200817094592 940.442075134615 926.567148755678 907.926640043177 890.286529342171 884.840975964551 889.069586925734 899.498217686548 912.717257371478 930.625570513627 949.561436394624 965.610063727952 980.824113149012 995.569736961535 1008.74083715692 1019.36971146659 1028.06732868162 1036.23763570544 1045.053098839 1055.82211103333 1069.86018791091 1085.85238069119 1104.69500738652 1126.3190747819 1149.22057644937 1178.22614916456 1202.93458886315 1230.47703963435 1254.67808100146 1280.66115620214 1310.86676957157 1341.97706329839 1371.60798729231 1399.16081663302 1423.27019234177
738.241111655501 748.486613765501 763.173904998711 775.234537932882 789.418130840706 804.164486346742 818.791811927793 830.779424708204 838.327863926428 837.944225032173 833.301767451978 834.25496312463 835.355170787004 846.24499463677 881.701104069143 933.290082733965 991.825331610014 1041.2245425518 1055.86395452098 1025.87250315543 994.007049887769 965.338873961088 944.046795267629 921.07332488927 893.001101678606 875.248530553371 872.228744448546 877.420222301581 888.994885111399 904.872213058664 924.994324056309 947.306549186135 966.237187166783 983.708152407242 999.439843422264 1011.22085668252 1016.40337451409 1018.46353143305 1021.44868150765 1027.91974907083 1038.32138923829 1054.02809252192 1073.17271896174 1092.7472444183 1114.01345254735 1136.27685480635 1160.7999859501 1189.19095604602 1215.25988123609 1237.87066813128 1261.0570585804 1285.07300968251 1310.36660376996 1334.94080072694 1355.45694681286 1371.66288281442
741.610344948607 752.403329925736 765.691352528441 773.353214201027 779.502887674509 794.08642139225 811.795949385013 827.050617854026 835.501514681679 836.798464714975 836.428604626432 840.25574317039 840.251878832259 845.079333024746 872.078933275357 912.583432968484 958.832624561166 995.461215019311 1010.59884976162 1001.76780964119 985.746887940149 970.113724291902 955.157597184367 929.367194939691 894.500754577941 872.742126330864 865.06741413275 870.178523187276 882.764252145301 900.043007091566 920.801374500234 943.321368677859 965.411499028678 986.5412667739 1005.44815720211 1016.48559044848 1014.47557037223 1008.67881905242 1006.13040377811 1010.38474114875 1021.55468878511 1037.93662559051 1057.57955070649 1079.3395830183 1102.59994504246 1125.09815155567 1148.30223216997 1176.79684298008 1201.61662891961 1223.35803863463 1245.90789199994 1264.52137867212 1282.56131060111 1301.44492572118 1315.68293448012 1325.44673845072
748.981274550361 759.892171990493 771.697337948959 780.474445066073 780.546268112828 796.365704422631 814.406979819293 827.394636240417 834.416509751885 837.358593666562 840.094780213002 846.615306414134 849.931682772421 856.96404922366 875.461558468347 901.249520696173 934.761080461939 961.226950069518 978.205036339932 978.355450380792 980.832168638081 983.45056502118 982.026528597881 964.762683207106 929.179275423356 890.439572885241 868.086891173691 868.154140462042 880.44581932888 897.858799214299 917.744300172057 939.612323299135 963.236629082517 988.00279944858 1012.32425456288 1026.35621246805 1013.7047324934 995.196572932677 987.365672855914 992.091200361474 1004.85136908461 1023.06518644708 1043.36923834604 1067.39587083257 1092.09310534751 1115.49193623846 1137.95614664064 1163.44580540544 1188.03709202598 1207.87942293047 1229.0180835978 1245.25780177598 1259.88215503937 1271.96159680287 1280.60642232964 1285.91825208622
762.795817129229 779.495331227681 793.994029562295 800.470873345056 803.532685550654 812.594886101281 824.364681264884 834.94166533679 840.166000396245 842.472096631613 844.608292703815 851.691698268333 858.137880821789 866.333445815033 884.677124574618 900.084689026692 913.941435556033 927.171672065556 941.587264984459 953.681925994779 972.237844623084 996.528742918112 1020.8150640725 1024.15704673935 983.764930340912 927.581128852393 886.584418502961 874.975115305547 884.066074912559 898.790080831183 916.542248390706 936.169097456068 957.67413259351 981.295837564827 1007.08521691201 1025.0437510105 1001.04913575515 969.904189934375 960.858819390099 971.137663769248 989.75977032495 1010.6890576565 1032.69239729604 1058.17811959308 1083.72427894218 1107.58185166943 1130.14076417605 1152.53650757375 1174.00758642764 1193.21494435563 1212.81174449118 1223.73780370202 1235.64854037087 1244.27125092466 1251.72999853689 1253.11607425851
773.94400220775 795.084477639069 822.192253876713 832.397612488735 829.978197266895 829.390893662947 833.719885768902 838.681286300722 840.606219388239 844.688089595787 848.607587748517 856.615168499756 864.92262021257 872.900489667455 882.304362882085 887.546957084636 891.795597925245 899.022353361702 909.12623771752 927.16936641213 956.310890154444 996.601937056108 1046.06119252205 1076.33733877947 1027.70866142506 961.719352338963 915.524548168946 894.762429358168 893.910827394038 902.075431794994 915.153518401838 931.542445707743 949.604324231244 968.541729121321 985.153743471754 989.62698497927 967.536489551939 939.535121122846 936.84036837691 955.756454820039 979.054977487283 1002.52593595233 1025.53612935225 1052.83934467266 1078.21376302652 1102.01960122595 1123.73530258735 1144.19251177741 1164.99192600817 1183.05168710617 1197.60841895699 1205.12368132198 1215.50752113424 1223.19639576422 1229.82226453704 1230.5459299988
786.038323459903 805.556772184479 836.876713451838 851.890644310339 838.008094472693 836.331277477752 841.436967643892 841.007079539715 838.537147643662 841.228103148299 849.853692320217 858.864450154701 866.717428527202 871.697704025944 875.608915905899 876.397378738778 874.464615374744 874.096089148979 880.380074761256 897.020608645665 927.415605297994 971.718665650882 1022.56214414772 1053.44931412519 1023.30959202876 971.954969979885 932.532114212245 909.799368022552 902.416222828657 904.684236700706 913.10949379827 925.101001475826 938.710392604631 951.749142958844 960.889290662669 960.161824139388 945.695950790154 931.285681769448 933.15472190307 952.04909095729 975.402735363789 999.976239663408 1023.15759808094 1050.48705491742 1075.68885655006 1098.06800135454 1118.16986222209 1136.85859999893 1156.63138989174 1174.11401756219 1185.86909292568 1189.50284069726 1196.47711024676 1205.20271154023 1211.73774387156 1215.56598311845
789.62394804951 808.712378351008 820.861236325361 822.433883545539 793.927477701073 819.28665598468 839.289228824017 837.32809097928 829.232246530331 832.85584614967 847.864125739021 861.948586568132 866.256745842449 864.08446662402 860.64074050001 859.090688438785 857.268324752694 855.381844782913 856.385231298019 863.32123805668 887.824809529445 931.154077288989 973.876983764596 997.182547581025 988.923569110821 960.438952202231 932.948026048634 913.98850890374 905.196750713565 904.567451546862 909.544527440643 917.739008303984 927.536696724692 936.999528782413 943.063185153411 943.574150928522 939.333635228206 935.802240627432 941.188758785295 956.60123304417 979.629401775547 1002.62785232214 1026.65406192204 1052.72595937666 1076.44250385807 1095.2324372875 1112.19481494881 1128.12023540292 1146.50107678876 1164.15238633262 1172.94766138771 1169.45140114639 1178.74782588534 1191.20659914527 1201.91182549276 1211.98717557854
788.7933349591 796.466158136748 795.90087138927 782.980160864868 771.287483967001 800.794477640443 821.129945748623 818.390450419739 810.410568663086 816.153754787523 839.384644483773 863.549856539525 864.917924856912 853.326956085448 842.739453835955 839.454451060547 841.730035345442 844.490972492756 843.63126529528 836.100584554956 846.916776193722 894.380716667334 932.257746723714 952.325013764733 953.090421331528 938.543548295833 921.366370779668 908.534930586601 901.748243347888 900.348284582988 903.542888267999 909.428561851466 917.318233939104 925.197097664249 931.273908621548 934.794168979915 936.746629012256 940.319117644609 949.554363611805 964.868788472324 985.863020559749 1009.15112899966 1034.07863671099 1056.73505948752 1078.11436111349 1092.26206621756 1104.94127210378 1117.38544026105 1130.16565893191 1141.66762768076 1137.53126899836 1144.15734699154 1166.70163085802 1185.12628286709 1201.26251962851 1216.55357695483
