catData/variables/pastClimate/lig/bio17.asc
NCOLS 409 
NROWS 350 
XLLCORNER 60.897278365 
YLLCORNER 5.843756025 
CELLSIZE 0.0892857 
NODATA_value -9999 
[rows 216 to 242 of 350, columns 120 to 179 of 409]
-9999 -9999 -9999 -9999 -9999 -9999 -9999 -9999 -9999 -9999 -9999 -9999 -9999 -9999 -9999 -9999 0 0 0 0 0.0247447888131748 0.356854218054289 2.73129740158784 3.28914648105352 4.00514557755871 3.99851976469035 3.59456063263895 3.39711020506466 3.35493155386233 3.52371943714346 3.24015800166881 3.37345640451642 3.23136174433702 3.06068500223973 3.59080595831594 3.61326795631571 3.86355340760487 3.99911933502386 4 4.02350608328401 4.17998021269844 4.38767420994529 4.37457407185624 4.59397814486329 5.00757805470409 5.36074033552559 5.74806295480267 6.00336586213653 6.61668906120472 6.72379596625518 6.85688594507067 7.15488364131314 7.77929715698635 8.97420669058586 9.2629560920368 9.62023023513959 10.2814308095573 10.9558817147542 11.1558430897305 11.7358691066405
-9999 -9999 -9999 -9999 -9999 -9999 -9999 -9999 -9999 -9999 -9999 -9999 -9999 -9999 -9999 -9999 -9999 0 0 0 0 0.0227616386390406 0.814836036594496 2.75271090430668 3.7284203363828 3.16731952124908 2.92169565669259 2.93456884157025 2.58172086403915 2.54312737796078 2.38572791987089 2.25273324115667 2.93942230671949 2.24488106581975 2.68124497752257 3.09529385289598 3.60291575975273 4.09162965532871 4 4 4 3.93336071074264 3.75858072870817 3.8631742409469 4.3248473078168 4.90098519011322 5.13768685949398 5.65142646576411 6.41454134236446 6.11122096938062 6.11964495337194 6.33849199484463 6.85249585446202 8.02569942213614 8.68541905242567 8.97735132648617 9.27272954487295 10.3044572523719 9.8860447124635 10.7232258437055
-9999 -9999 -9999 -9999 -9999 -9999 -9999 -9999 -9999 -9999 -9999 -9999 -9999 -9999 -9999 -9999 -9999 0 0 0 0 0 0.11370789104268 1.5162277115977 3.79710581301627 4.02177823528435 2.37134250285216 2.11797870167069 1.82966465679538 1.50902999159297 1.80749633716215 1.37724192616368 1.76300667643424 2.046439719314 2.36375153868608 2.94830940519068 3.438423593347 4.80561300279117 4.07573961626551 4.00028851497327 3.83627663198609 3.21317494918982 2.98165778653738 3.04693701574496 3.6433493315625 4.38715523604508 4.9304338839181 5.07237427699845 5.63112303906778 5.98591142587677 5.99188069610541 5.99613382779951 6.15548823651909 7.50213533866874 8.03662057845117 8.61436529614624 9.6660647983725 10.0221093553057 9.70319961542426 10.1001103220984
-9999 -9999 -9999 -9999 -9999 -9999 -9999 -9999 -9999 -9999 -9999 -9999 -9999 -9999 -9999 -9999 -9999 0 0 0 0 0.0153447762503975 0.447627228594143 1.64081284213269 2.93181324989555 3.07992536983929 2.09681375733672 1.4526051664398 1.62233725735634 0.912366336030519 0.966062594542753 1.01224921817306 1.21924136817661 2.0535867454733 2.31028585113494 2.77046046931187 3.42001288230453 4.74896137010104 4.74785604756615 4.03004669157954 3.57301559082119 2.99828110399761 2.50759581970578 2.88844724463784 3.28962499232796 4.0726225873495 4.72790909585068 4.99595988009314 5.06479212377103 5.49116827201763 5.63327405289639 5.75684562253876 5.85032721301071 6.82435633289963 7.70422103463859 8.19652624184786 9.36514364854741 9.42459637772104 9.05980423500019 9.51479122672642
-9999 -9999 -9999 -9999 -9999 -9999 -9999 -9999 -9999 -9999 -9999 -9999 -9999 -9999 -9999 -9999 -9999 -9999 0 0 0 0.0772799895779752 1.03218422262119 1.91484757941082 2.23315134564376 2.45571517084402 2.26784892973101 1.3579598813392 1.48940600098921 1.00576652791933 0.676086001784206 0.93917137900595 1.00733698236845 1.73430959042736 2.0948006919686 2.58073461560017 3.31433558772559 4.36616952824447 4.90864230235883 4.29711321379065 3.90190323009922 3.51824586786824 3.14101824052088 3.08026513537929 3.45993523687564 3.98920506458472 4.59234713631715 4.99039077473581 5.25639690529706 5.3617043609898 5.28136477237225 5.32818919213838 5.40528200069329 6.49377211465014 7.05642089798668 7.70197743663877 8.74879486150574 8.60662907674157 9.01826604879884 9.20800840735336
-9999 -9999 -9999 -9999 -9999 -9999 -9999 -9999 -9999 -9999 -9999 -9999 -9999 -9999 -9999 -9999 -9999 0 0 0 0 0.0355490426566518 0.804484878459068 2.29809151683194 2.37260999736574 1.97601255180077 2.17096545498348 1.85365574783413 1.70571858514981 1.46257098682515 0.911836309406166 1.0715569573459 1.00305472004736 1.49101213939013 2.37385384032925 2.46853964290945 2.97867253887076 3.77783545758761 4.87093321780253 4.81909587712795 4.52320011957728 4.27292436566094 3.83895894453213 3.68668438788535 3.89059540188495 4.28933983980745 4.81441385742635 5.365264780282 6.22235715120129 6.40777461088582 5.81938349364976 5.75387488776642 5.75746111111115 6.18115842909708 6.80257325849405 7.26895410071481 7.9032796685791 8.02465648782141 8.36725414649468 9.04930657283538
-9999 -9999 -9999 -9999 -9999 -9999 -9999 -9999 -9999 -9999 -9999 -9999 -9999 -9999 -9999 -9999 -9999 -9999 0 0 0 0 0.313806717508441 2.07816120757486 2.83393563553683 2.3473629884553 2.25308967234814 2.13796352083395 1.96227420569709 1.80613929786859 1.29039732284002 1.17477520423177 1.38023509324092 1.23495145232573 2.14303186386818 2.55553851352244 3.12752406111652 3.1939466540089 3.79645162593581 4.32121023912183 4.63993769187058 4.87378511318581 4.73378903149489 4.60773857115589 4.56511373167417 4.85325006007789 5.1934458585836 6.40756666395486 7.55433193382714 7.64674380923488 6.7600316076872 6.06210712486828 5.59970526829397 6.00124404155164 6.18039971571122 6.42219588167851 6.86044527811665 7.39550113273185 7.63399261907359 8.41780945443748
-9999 -9999 -9999 -9999 -9999 -9999 -9999 -9999 -9999 -9999 -9999 -9999 -9999 -9999 -9999 -9999 -9999 -9999 0 0 0 0 0.532598678076955 1.72589981185861 2.72381700450603 2.88161804840235 2.15471453937556 2.64350741858401 2.12785056484954 1.89633519903681 1.7219928116183 1.15671302998851 1.65122524394839 1.45981899919936 1.41999808227949 2.27396324112706 2.94274486310351 3.01569630871419 3.19250549386402 3.96985622985691 4.32700874795823 4.88372559089023 4.85261786000001 4.37815577517881 4.40984971865777 5.03878982485893 6.13291208314122 6.86440525880995 7.8905911988884 7.84290014244101 7.26380644529861 6.60689470159991 5.7522826491983 5.34227031722177 5.54302831854363 6.15596392506088 6.74641564958066 7.00295487404795 7.20594497613174 7.94036275569972
-9999 -9999 -9999 -9999 -9999 -9999 -9999 -9999 -9999 -9999 -9999 -9999 -9999 -9999 -9999 -9999 -9999 -9999 -9999 0 0 0.0100945332520363 0.848676981414659 1.35620002664382 2.24255303539118 2.9276411069701 2.9370276719068 2.39111268448282 2.55977773299314 2.00397972075453 1.84704795676325 1.71701973860782 1.13703864694776 1.85499388740687 1.71074587294635 2.03210912315878 2.12422986123263 2.84734032338613 3.07755832030206 3.6281583357351 4.01908728170461 4.60675523269273 4.22531988029444 4.67518457322767 4.81573697204813 5.1551149131109 5.80345945830882 6.16932718691108 7 6.99241210938035 6.71975501825839 6.24571074973305 5.83795344395343 5.38781692335644 5.994527340431 6.3604837650186 6.79673076111024 6.80181427624736 6.92353001874124 7.06004878139118
-9999 -9999 -9999 -9999 -9999 -9999 -9999 -9999 -9999 -9999 -9999 -9999 -9999 -9999 -9999 -9999 -9999 -9999 -9999 0 0 0.0356818269211865 0.79568441010413 1.70003188085969 2.57457611892938 3.23100564499047 3.59945063997841 3.20616798530901 2.62920277354732 2.41561429020718 1.89841535699962 1.85923049047287 1.10669820938785 1.36324226369295 1.9623889933653 2.3226986245317 2.46505093132776 2.51459654774528 2.99899832667831 3.36239532752337 3.94131604418134 4.20037797857864 4.28904699351571 4.42405924706727 5 5.14515032150629 5.53770233033232 5.94167559409132 7.19883646216005 7.2198637371242 7.07910093989873 6.98044211349639 6.73589997201647 6.20625179186408 6.41280312528967 6.80162240284269 6.7627398991944 6.91406785082423 6.99886815785834 7
-9999 -9999 -9999 -9999 -9999 -9999 -9999 -9999 -9999 -9999 -9999 -9999 -9999 -9999 -9999 -9999 -9999 -9999 0 0 0 0 0.606304850320147 1.93206205142681 3.16205627530253 3.41462484472079 3.5653949848418 3.53659734622492 2.87601946541385 2.62764878728813 2.30327464798872 1.75906413475309 1.43628164965452 0.981213101590009 1.75160719880745 2.13653224909387 2.76986776950414 2.78245995046484 3.18725372680441 3.38772009209595 3.77964893052315 4.08886783595019 4.73066444376055 4.740391218943 5.13383077979789 5.21955092225205 5.68400904365747 6.09909630364634 7.44706170271215 7.7614516643194 7.64203613894278 7.56021194726574 7.11457613652598 6.80471755173433 6.84051626418466 6.84130218255083 7.12592616506606 7.46633059869429 7.4647760342182 7.07594940008844
-9999 -9999 -9999 -9999 -9999 -9999 -9999 -9999 -9999 -9999 -9999 -9999 -9999 -9999 -9999 -9999 -9999 -9999 -9999 0 0 0 0.210049754100681 1.1233999274894 2.79297936578596 3.64964702732146 3.75134710234952 3.78389666519284 3.30750326489614 2.77899610976016 2.63869494843378 2.04972519771469 1.62490264880277 1.47584495213046 1.64983142284829 1.98787922305865 2.40374372202989 2.9825143531619 3.31793572405469 3.9292591235035 3.75303192343198 3.94325785379574 4.39585484304891 5.00756397415134 5.27357760667991 5.67481220887719 6.08639610493415 6.78197572711097 7.79137949895695 8.0099002238531 8.28537175041518 8.08645837883894 7.531981052423 7.51373719102915 7.06325120554204 7.0765715612263 7.64392085275574 7.95837214866772 7.95767732711577 7.37852394822154
-9999 -9999 -9999 -9999 -9999 -9999 -9999 -9999 -9999 -9999 -9999 -9999 -9999 -9999 -9999 -9999 -9999 -9999 -9999 0 0 0 0.0110560289937781 0.362562005013477 1.85212433962047 3.40688777750835 3.79731364625676 3.63938594171666 3.41842363901552 3.0290746492595 3.20167597257019 2.93538351185327 1.91871812497817 1.84728504012669 2.05175336125968 2.19099267860044 2.07193969991334 2.78594287026897 3.73347337991425 4.13349002672271 3.76842541735052 3.87562577522722 4.0158711015624 4.8134391579707 5.13422700711764 5.71014821416576 6.08993305728246 7.42247310171041 8.6043792249387 8.7984108149374 8.09661630452465 7.72911643120113 7.95648365674906 7.69540500253075 7.04315338466378 7.36887836800391 7.92259427794299 8 7.88811596762715 7.12645119827052
-9999 -9999 -9999 -9999 -9999 -9999 -9999 -9999 -9999 -9999 -9999 -9999 -9999 -9999 -9999 -9999 -9999 -9999 -9999 0 0 0 0 0.081592568182656 1.26466118833227 2.85524371003311 3.54605689042105 3.56852764856922 3.3546188177553 3.32389863500638 3.25565498703931 3.05020601625618 2.32616632204675 1.7730520535505 1.93775472659305 1.78534288387372 1.91059722168134 2.18570926620546 3.11115080402607 3.38046830958394 3.54069454606401 3.45749682090466 3.9465106689597 4.28368975015334 4.97024235745448 5.42902225205496 6.49749664493153 7.30212056500886 8.73737806727374 9.14484388630902 8.07453305067503 7.38618679229829 7.85703329687423 7.78364628215001 7.51255115967063 7.10156054800024 7.31961970995177 7.30367649933434 6.79416306345636 6.13044456633629
-9999 -9999 -9999 -9999 -9999 -9999 -9999 -9999 -9999 -9999 -9999 -9999 -9999 -9999 -9999 -9999 -9999 -9999 -9999 0 0 0 0 0.012310672715107 1.01667008345216 2.66965306452134 3.07312556473161 3.66771914135082 3.52891537371252 3.28007775701529 3.31267266082921 2.57429317831408 2.27556797439502 1.80707703101729 1.53137700114083 1.41521610474413 1.5899000363947 1.99008889804488 2.52098488194865 3.04820852709645 3.32551287532099 3.27774443846503 3.68380173531262 4.04937331382988 4.61691060389509 5.13621814353125 6.37193705451574 7.00922966309808 8.20223100575745 8.01678116360692 7.78494829859944 7.36902083933712 7.30637879423865 7.97160705807073 7.46424564449201 7.00425708789862 6.76065648609613 6.34415886255749 5.5535736669766 4.89093304776814
-9999 -9999 -9999 -9999 -9999 -9999 -9999 -9999 -9999 -9999 -9999 -9999 -9999 -9999 -9999 -9999 -9999 -9999 -9999 0 0 0 0 0.00357999999874733 0.635403967588595 2.33508339156075 2.94612906309181 3.00129996804915 2.97414032795896 2.72128658837685 2.42582195556788 2.14334234024646 1.55200190115783 1.65807855806568 1.22043977630215 1.33077211419593 1.18351133694251 1.81126162100993 2.12053854098166 2.74872109653985 3.1947450681948 3.41050656292583 3.24813470245486 3.95368150082694 4.22200013390316 4.83701512436287 5.89370249975763 6.70423591779772 7.09475213659447 7.1057978713496 7.17188597941303 7.01048208486091 7.05549404863719 7.71566840548503 7.45425269741031 6.83424529964637 6.12564009788259 5.33798126313479 4.43283637794809 3.83961147086237
-9999 -9999 -9999 -9999 -9999 -9999 -9999 -9999 -9999 -9999 -9999 -9999 -9999 -9999 -9999 -9999 -9999 -9999 -9999 0 0 0 0 0 0.382325313589188 1.67569221577597 2.72016283174409 2.65890399179026 2.15729649994417 2.14128829261628 1.70680033483153 1.60234852611877 1.12772634973073 1.07375217485567 0.852192477893636 0.699913806322909 0.92251406050262 1.25327568478576 1.96395833054736 2.32898135555559 2.90689790357375 3.08860621235522 3.03961592101803 3.54237433977391 4.18066497791896 4.44320055802478 5.20623013534878 5.94852367275533 6.00673620922482 5.8887277191962 6.34774521883098 6.88781988654635 7 7.24257689359045 7.28751896392214 6.67688221081464 5.90997478370255 4.85798730523027 3.58339362050073 3.09482386956416
-9999 -9999 -9999 -9999 -9999 -9999 -9999 -9999 -9999 -9999 -9999 -9999 -9999 -9999 -9999 -9999 -9999 -9999 -9999 -9999 0 0 0 0 0.0509596309581942 0.966040646262323 1.92933985029405 2.36433007028211 1.89213229387553 1.51531903219435 1.21875103941044 0.611889775472464 0.738028260602604 0.35294302584536 0.214254919195699 0.101007370384153 0.543882210463357 0.774659243621437 1.37684236466529 2.05122040154886 2.55701814066386 2.61910885354959 2.69621372022652 3.07474053369403 3.62173064981322 4.08606071780518 4.62274922123914 5.12469845134078 4.92091803604614 5.17680968350417 5.66340756137997 6.46238592984585 6.94470160538119 7.33726210578319 7.6335948484063 7.00141408389563 6.05096701313767 4.82652834650951 3.29468450123638 2.70160572027368
-9999 -9999 -9999 -9999 -9999 -9999 -9999 -9999 -9999 -9999 -9999 -9999 -9999 -9999 -9999 -9999 -9999 -9999 -9999 -9999 0 0 0 0 0.0501522513904019 0.447453282096197 1.24637402311163 1.53897674625877 1.69729951126143 1.3040123942251 0.687664171753364 0.558583865272133 0.0335690593279532 0 0 0 0 0 0.128687428934399 0.908114513842782 1.63582558847078 2.16296521740218 2.10414643431272 2.87337132821357 3.20591154249808 3.86729824032366 4.20652336276573 4.15681266569384 4.04320869248053 4.34924295707243 5.41093218793058 5.99616065846111 6.73427091173908 7.14067623999217 7.56113711628245 6.82220406376507 5.67442721514031 4.60425101698315 3.42216746417783 2.2122751568573
-9999 -9999 -9999 -9999 -9999 -9999 -9999 -9999 -9999 -9999 -9999 -9999 -9999 -9999 -9999 -9999 -9999 -9999 -9999 -9999 0 0 0 0 0.0524506209022197 0.235245143307283 0.860824120222551 1.67923015207643 1.46858538171775 1.3480304021836 0.683724036882086 0.265766603229411 0 0 0 0 0 0 0.00414654646021787 0.235544779091868 0.889001804711237 1.46511273267407 2.12047308788831 2.69697965268733 3.47225952494285 3.97698530756634 4.31727694605668 4.11778336545872 4.20095480836659 4.54877926101806 5.08676550360132 5.51031436752128 6.14544416258139 6.78805128560374 6.69272571819623 6.09752592563764 4.99696921141088 3.91765767497683 3.02681527670912 2.40508757469833
-9999 -9999 -9999 -9999 -9999 -9999 -9999 -9999 -9999 -9999 -9999 -9999 -9999 -9999 -9999 -9999 -9999 -9999 -9999 -9999 -9999 0 0 0 0 0 0.330066791616741 1.22824716995424 1.484277212656 1.18307330845557 0.541299874400027 0.0635194719825727 0 0 0 0 0 0 0 0.0273548654895735 0.395310380412732 0.957378936871634 1.65144818347668 2.96375255986093 3.4311533093005 3.92979202246312 4.22455310605801 4.18214809367061 4.35037317631928 4.59987534800969 4.93396389303042 5.03328755418124 5.3338958488719 5.92142726387014 5.84639839550339 5.20300644038114 4.40867511821717 3.68990304014115 3.02062757366238 2.99446855176234
-9999 -9999 -9999 -9999 -9999 -9999 -9999 -9999 -9999 -9999 -9999 -9999 -9999 -9999 -9999 -9999 -9999 -9999 -9999 -9999 -9999 -9999 0 0 0 0 0.203085784260605 0.600806963349337 0.999026811258306 0.899275555881783 0.190986108537778 0.0137485346259128 0 0 0 0 0 0 0 0 0.0638717044799979 0.553074667761379 1.45378241298976 2.52053141318072 3.0724242098561 3.56710188729724 3.9667495714284 4.13451844574348 4.35497170845368 4.3607879859306 4.33173220672959 4.46373233008552 4.37063818546436 4.54827333900117 4.81123660828607 4.46636442052114 4.08360407668251 3.82214049901581 3.39405808707391 3.58961094428973
-9999 -9999 -9999 -9999 -9999 -9999 -9999 -9999 -9999 -9999 -9999 -9999 -9999 -9999 -9999 -9999 -9999 -9999 -9999 -9999 -9999 -9999 -9999 0 0 0 0.0182591316676278 0.0651023979360097 0.116547531115115 0.11760370073595 0.016956934785107 0 0 0 0 0 0 0 0 0 0 0.21521535173992 1.61076789001377 2.08824131564187 2.65250695529726 3.07019312641298 3.15870229249837 3.45919235589417 4.09529612604341 4.08441165569463 3.98086912909039 3.97272366190179 3.89717788359452 3.75041439977739 3.53722603137981 3.83424576921797 4 3.98522125498862 3.93667962388499 4.25021380668099
-9999 -9999 -9999 -9999 -9999 -9999 -9999 -9999 -9999 -9999 -9999 -9999 -9999 -9999 -9999 -9999 -9999 -9999 -9999 -9999 -9999 -9999 -9999 0 0 0 0 0 0 0 0 0 0 0 0 0 0 0 0 0 0.00637074324595478 0.584264337639044 1.04871047806476 1.85601364007058 2.11160774806582 2.31133015891023 2.10089413051701 2.58407769823931 3.04885216521193 3.26086131122329 3.19512297250003 3.08324390777677 2.99943227775199 2.97807030884954 2.99018926658348 3.2826491903788 3.87399883065953 4.01772101905701 4.48353690929696 4.78303283651422
-9999 -9999 -9999 -9999 -9999 -9999 -9999 -9999 -9999 -9999 -9999 -9999 -9999 -9999 -9999 -9999 -9999 -9999 -9999 -9999 -9999 -9999 -9999 0 0 0 0 0 0 0 0 0 0 0 0 0 0 0 0 0 0 0.235694779472126 0.861490591208087 1.19516671656792 1.85176112304433 1.99856920365015 2 1.99617471875417 2.0492863434419 2.31266498032131 2.5743541000679 2.72430314730366 2.5325484512315 2.29789906139719 2.52513046952604 2.90934342960909 3.49094055798659 4.53704845624171 5.00928984070993 4.40135849294266
-9999 -9999 -9999 -9999 -9999 -9999 -9999 -9999 -9999 -9999 -9999 -9999 -9999 -9999 -9999 -9999 -9999 -9999 -9999 -9999 -9999 -9999 -9999 -9999 0 0 0 0 0 0 0 0 0 0 0 0 0 0 0 0 0 0 0.328005037862954 0.916550925734837 1.3364736107774 1.86714503740716 2 1.77665971730849 1.05838096834632 1.48444267201284 1.75248646444674 1.95995894804467 2.01067428780936 2.04068151787955 2.06082431526244 2.57545495861745 3.32853593633582 4.51360593330146 4.99245252057106 3.84539848614007
-9999 -9999 -9999 -9999 -9999 -9999 -9999 -9999 -9999 -9999 -9999 -9999 -9999 -9999 -9999 -9999 -9999 -9999 -9999 -9999 -9999 -9999 -9999 -9999 0 0 0 0 0 0 0 0 0 0 0 0 0 0 0 0 0 0 0.00444365616657626 0.35500463098 0.699484076505672 1.25722730484278 1.82825340673195 1.31984645861306 0.984388984153785 0.6919414259315 0.834137980301008 1.38049102359315 1.58180175457255 2.02354784120516 2.04483856296302 2.52730519259276 3.28622495477474 4.0537191912078 4.89217332087785 4.21628373835817
