catData/variables/pastClimate/lig/bio11.asc
NCOLS 409 
NROWS 350 
XLLCORNER 60.897278365 
YLLCORNER 5.843756025 
CELLSIZE 0.0892857 
NODATA_value -9999 
[rows 150 to 174 of 350, columns 168 to 223 of 409]
13.1668852528369 13.2037119257045 13.4640673025209 13.6757515205085 13.6802912968778 13.8525053064259 13.8806060059565 13.850342460477 13.9373107714331 13.9674113427593 13.8525790454473 13.7625877364855 13.6262925906045 13.5241360381895 13.5034391141878 13.3065343302683 13.2244884860875 13.2772129872868 13.3232640175815 13.3855631858115 13.4104565051349 13.4874596905436 13.4670416852379 13.440168191709 13.3661691566227 13.3394641462699 13.3348815036469 13.2280617152007 13.1618448475128 13.1290368824262 13.1127847317996 13.1886574486098 13.191821591733 13.2798477208726 13.3657485071627 13.3174882940162 13.2146939872787 13.0104702420851 12.7930473304528 12.7910430012985 12.7710158908559 12.64160992221 12.4207731254773 11.8506706956235 11.6410959809641 11.6603805516884 11.8628535643527 11.8435592359656 11.7904701973941 11.778392389662 11.7056305335038 11.5840729881313 11.8054673527351 12.0419217463831 12.0104610734238 11.9612957579019
13.2701696873569 13.2753010573738 13.4571861967139 13.6562305933186 13.6423597336404 13.7391572612224 13.8691482480067 13.8227405630932 13.8654771844781 13.8716858616884 13.7403887690355 13.6363406285949 13.5550726749654 13.5701448710934 13.46207692824 13.2518685116329 13.2371999487062 13.2223089508716 13.2675257124784 13.3942311687485 13.4638038407931 13.4958444434179 13.499240693505 13.4627154512373 13.2751894979451 13.2293822760034 13.1863495661495 13.1643048255563 13.0961215884272 12.9714927872729 12.9461495508961 13.0336409894036 13.2381145944255 13.3141980015837 13.2955098469204 13.2200282843362 13.1199849683346 12.9386183356291 12.947893712762 12.8577087025151 12.7355832612338 12.50141176777 12.2405590699805 11.8859755408072 12.018217678525 11.9971032582849 11.9375244662425 11.8789533103808 11.8378644846467 11.712077929297 11.5838369824604 11.6641530044274 11.9193913070277 11.9002375852958 11.8989586565947 11.9659367148311
13.2861118339894 13.280174781569 13.3691249390236 13.5767337934707 13.6067333520511 13.7071141882986 13.8111953163946 13.7444540347845 13.7837461930712 13.7761379008376 13.6535206240737 13.5410195331731 13.5480554947128 13.5376007457949 13.4007463823181 13.2196087052359 13.20553778452 13.2726822304328 13.3252544386685 13.3786094517873 13.4704911876032 13.4542478884512 13.460641078486 13.447769549285 13.2136265677645 13.0774802558724 13.121139916235 13.0372193742968 12.9771167272085 12.8412599685456 12.8009303922253 12.9804985803838 13.1738331731155 13.2543625520723 13.145170704197 13.0881370318317 13.0357938021663 12.9549419231984 12.9139671963556 12.7276413889405 12.5730685028835 12.1039086905387 11.7820274173158 11.7404175358626 12.0879996661415 12.0701550624638 12.0084132622154 11.9491865244502 11.9499968346251 11.8890588118857 11.7796552089201 11.6669189881688 11.8246599198001 11.6682272692227 11.5677176980432 11.7295123252513
13.239226026111 13.2883993983312 13.3263256026905 13.4668025227769 13.5215736362014 13.6466078175841 13.7290300370439 13.6355707517147 13.7225138409115 13.7074132715914 13.5728164795387 13.5158302203034 13.5383343150393 13.4651436621246 13.2823073031399 13.1097753643681 13.1372276843748 13.1860866166655 13.1904143787155 13.2441653644962 13.4047133961664 13.3868078749895 13.3902280723987 13.431676010375 13.2302380413212 13.0052537074927 12.9932475763683 13.0421674346483 13.1590777350105 13.1138346489786 12.9197124486789 13.0216214945324 13.0997987267616 13.1127836748044 13.1587938197189 13.1328861097848 13.0373186651571 12.9063398918283 12.8559310136193 12.610988672749 12.4410122587358 11.9000179819038 11.7502333797825 12.1425994005523 12.1365240963049 12.0450707626977 11.9575064254303 11.8862137647142 11.8444680291946 11.8774423804376 11.6909794615509 11.5325833334673 11.5496297309037 11.3838710464991 11.2832122121976 11.6926600478912
13.1873990420402 13.277735108748 13.2835286308227 13.3959693026693 13.4228322024085 13.5956397956866 13.6527406616652 13.5825960417963 13.6557121071662 13.6194134630991 13.4932334851298 13.4915844285036 13.4575150529765 13.340959594628 13.2144343116449 13.0662606040573 13.0379477775387 13.1458925202056 13.1763727056567 13.246160926219 13.3537175593686 13.3488228829104 13.2869289292969 13.4074911874671 13.2710971568322 13.0829660468381 13.3090834603754 13.6464866908912 13.7717472659053 13.6582086769778 13.4869099062936 13.3796232054768 13.3003498353178 13.2381772480322 13.2210573425349 13.0945326912885 12.8423895436082 12.7563869363252 12.8004284913165 12.4771905666726 12.1682153186275 12.2248677261244 12.336391102038 12.2491666844271 12.1004228565374 11.9827119490054 11.8234943569228 11.6054521111583 11.528765343158 11.6214366214115 11.4170562629029 11.3775170482326 11.209180764229 11.0569386477668 11.1651054610069 11.3898507157823
13.1370720604528 13.1965911535401 13.2013745238098 13.2639545701793 13.2966636791661 13.4940359619268 13.5779549075834 13.5539758999336 13.6160292923086 13.549260933406 13.4626494193907 13.4438208659183 13.3632360159138 13.2253631122074 13.1129471320556 13.0460306606119 13.0227591956281 13.1758780866193 13.3358148801989 13.3922555907837 13.2379715058072 13.2347093944597 13.5111972626608 13.6159418794853 13.5060074233731 13.3981064779989 13.7929821156584 13.9187718170473 13.944116189464 13.8525946770976 13.6711063765206 13.4807739456081 13.6114897443326 13.5021316600271 13.352062385275 13.0049462451266 12.5855490705532 12.6013498232916 12.5359676562611 12.5834785300375 12.7031329475428 12.5792248531404 12.3939347801505 12.2175788304819 12.0580117976983 11.8837775396622 11.7842490888959 11.6315425722795 11.3877198420499 11.2749459409506 11.2627112713826 11.2460476627315 11.2315425787745 11.0601729365326 10.7698971188463 10.4606210647172
13.1299755301843 13.1243174767863 13.1365304584452 13.1909871375993 13.3306393924138 13.5132790283304 13.4728369045468 13.5090761551718 13.5105990349462 13.4751551701837 13.4061265876741 13.3812542281896 13.2568184284203 13.1421485896799 13.0915601013818 13.0449444273236 13.0807525058822 13.3422872104158 13.3924934380583 13.322374116215 13.2861462310639 13.3854771093858 13.6549999039099 13.836530458931 13.7140728227344 13.7519722675955 13.9205520602232 13.9772364852083 13.9703479628293 13.8540202607648 13.7844016342515 13.7788348643405 13.8244865532656 13.7420260250131 13.6404042244444 13.4828383109465 12.9318684780619 12.7118155422248 12.8346843952424 12.96552524466 12.8077466136545 12.661926824836 12.4711357773223 12.2199436400079 12.0514182339672 11.8845705028326 11.7707740342443 11.7514649791271 11.6205788746067 11.3724915813854 11.0795126254642 10.9605159786181 10.7965950982518 10.8762000962742 10.8634473200063 10.7725953835462
13.1298237490554 13.0738172589305 13.0875932587836 13.2319769381914 13.4089135544584 13.4274695145099 13.358340659774 13.3941891943937 13.3717933535914 13.3970696614479 13.3276261840341 13.304957711406 13.2217246416403 13.2143072996836 13.1972838086172 13.2133568664688 13.1649734751551 13.3240348866068 13.4105495344339 13.3784672107301 13.2849572381716 13.2483083427864 13.4301540358081 13.7325462421223 13.7905150454488 13.9767591414989 14.0163802105904 14.0184332405835 14.0127315045278 13.9830983335978 13.9642045421581 13.9071568166443 13.8399651043051 13.7515783344394 13.6442463332779 13.5251806171838 13.454978591167 13.3191705192991 13.1588907897795 13.0097021909525 12.806611889073 12.6408038923743 12.4090618809127 12.0422131209118 12.0337605490562 11.9819421740105 11.7547471073055 11.5934157009005 11.3922917425139 11.1869646314875 10.9934107382775 10.9185286668132 11.0187789105579 11.1416127105331 11.044330154809 11.1653223589118
13.0776297314792 13.0267165583157 13.0665505992289 13.2464912158214 13.3796983566577 13.3723800168137 13.2327569687804 13.2450766251994 13.2902638988748 13.3211228894664 13.2392362763824 13.2064615113309 13.2082560284228 13.2902916528102 13.3529655957629 13.360581382723 13.3718596636831 13.3336019919066 13.2540698735052 13.2974027405104 13.2870537787848 13.3655063949964 13.763363683731 13.8929748146228 14.0040331052459 14.0993618430925 14.0810830598754 14.0609551397525 14.0116916010563 13.965842855692 13.9301092685273 13.8662100918546 13.8040352723063 13.708478081893 13.6031923052253 13.531337780691 13.4588141190981 13.3181638863138 13.1613114278882 12.971603868467 12.7783133299685 12.5311743768739 12.2374478970891 11.9267346913684 12.1177213249315 12.0349689889152 11.8229210523034 11.5454350700229 11.3387045468522 11.3121847500378 11.1054846534819 11.2476025702584 11.3775438938532 11.2805229464755 11.1044891738493 11.092409676696
13.0130090301859 13.0385342909886 13.028928190784 13.0500128882557 13.2652976232283 13.3050849833718 13.1702439802849 13.1092763003741 13.2444190385814 13.3013120917328 13.5452088753144 13.6172355585526 13.7026036619282 13.7301319825217 13.8876253207929 13.8023155323794 13.9015933347588 13.7665997075102 13.520261007359 13.3750287026022 13.6394041462864 14.0532275220314 14.1589235394644 14.1405953174142 14.1376649507896 14.133801457713 14.1063829313447 14.0668346246889 13.9791685240354 13.9266151543368 13.87144835349 13.8101668520248 13.7691312885168 13.6971685086509 13.5862289523389 13.4902912823897 13.3528064820791 13.2199045285936 13.0653393551646 12.9091115479377 12.5645997536106 12.3206283190601 12.162961766236 11.981338879409 12.1047113864681 12.1252851217719 11.980319127515 11.666673029321 11.8628125776401 11.6909491792106 11.4339263375359 11.5920718558345 11.3615524657192 11.5378950036879 11.5273061365195 11.2814500154563
12.9107373629054 13.0078853411852 12.9691910950353 12.9907108342892 13.1573222585243 13.2777707153844 13.1955672878475 13.4731070667857 13.7584963955415 13.9514173716957 14.1151691454581 14.1453182827244 14.1797294987004 14.2130467375349 14.2807643421904 14.2824454667665 14.2719826731477 14.1095399680647 13.9483656954704 14.2004171874359 14.2539450516189 14.2381796890443 14.1775521336345 14.1562347655437 14.1625981216631 14.0964932062356 14.0434243845371 13.9747546303458 13.8805951174949 13.8301288316893 13.7938620195293 13.7442420589975 13.646717086841 13.3942495460944 13.1687722868239 13.1091352177408 12.8882918514294 12.7452192840449 12.8637218489137 12.7774551379381 12.5882012782089 12.1357543616574 12.0466090016153 12.0087990872332 12.0074989824324 12.0541761308888 12.1877819478008 12.0807247344798 12.0991537000975 11.9708149584222 11.7062777248996 11.95131076604 11.9422483004505 12.0258720977325 11.7585439444295 11.6514508258291
12.8049772355072 12.9461077582696 13.022359737018 12.9989647745875 13.0805947093468 13.2560364622986 13.4855011815448 13.8481980505264 14.1634639512657 14.2854407681827 14.3919422876466 14.3755022733042 14.3964189242055 14.4223426759947 14.4447268441567 14.4256841843762 14.4084601940295 14.3765748921646 14.3472387275376 14.3001018971952 14.2337366103142 14.2120877095473 14.168706475917 14.0844941668413 14.0170362082543 13.998504190847 13.9078856474699 13.8392675068635 13.7188728913434 13.5390648351482 13.2793286420455 13.5077457829346 12.1308168344371 11.9852367316429 12.4522376059103 12.7386359211822 12.6903036757586 12.4755818790988 12.5178824277964 12.404487008158 12.3673535093582 12.1770347702563 11.9738020247536 12.0812649973196 12.1116606004382 11.9945468075611 11.9442205034677 11.7922882087343 11.7401662705193 12.0532339397107 12.0271951383816 12.1126737343967 11.8411799294632 12.0601115129212 11.9299377194911 11.6621105783473
12.8915837780391 13.2216252563861 13.550348197418 13.7440813419003 13.5547718431106 13.703801788392 14.0596792676094 14.2520931993262 14.4089518939538 14.4876767603799 14.5023180472552 14.5349947874496 14.5380851507535 14.5460339582549 14.537642325348 14.5298010350037 14.4666657398003 14.4089976027657 14.3604989990342 14.2828315662042 14.1763793770983 14.0132544100248 14.0084001973737 13.9483620779501 13.7103482518484 13.6749193853507 13.4146043470242 13.1682051438398 13.1464453121827 13.3510914550266 13.3833884542263 13.526781388016 12.648635884618 11.8101838846752 12.0294237388422 12.4489611685323 12.3792410930235 12.2968818075897 12.165408093221 12.1781189511045 12.24367257036 12.2005079422183 12.0694060209404 12.0977092305125 12.1953830394384 12.2511462885271 12.3061637314313 12.1405829940412 11.9207933568964 12.1116874578975 12.2578175800953 12.2440103371969 11.8448358161152 11.8791534771983 12.044475711549 11.9697027795104
13.4460669970008 13.8874420713432 14.2744764980693 14.4721223634063 14.4422430995027 14.421413651579 14.4477209314343 14.3920099382723 14.4894010015374 14.629089147628 14.6402024256086 14.63173294406 14.6277428803784 14.6126215490396 14.5479624338559 14.5264171030506 14.4685392295939 14.402770135338 14.3389152716369 14.1608261166874 13.8640058637805 13.8541034323848 13.9200435235249 13.9701662911168 13.5880777615819 13.3559368163624 12.6971949204595 11.676462565043 11.5208012082878 12.6623699331518 12.9387835979294 13.068573314018 12.3705787617104 11.4138500139947 11.6753332406848 12.1848039774892 11.7776483934056 11.9455278515022 12.0513859131484 12.2455163823467 12.3933157236607 12.5439978795008 12.5439341192308 12.4784045551836 12.4901332530488 12.5593528660911 12.6319169816663 12.4490645412531 12.1796337007988 12.2539424029862 12.4409224488268 12.3835045459798 12.1598539343355 11.9325433539209 12.0481743906737 12.031559447513
14.2969903152859 14.5069776495804 14.6694947652834 14.7554944800797 14.7287980725828 14.647920176615 14.6269648542724 14.5377323528829 14.6097567657348 14.7152959853749 14.7448351580895 14.7049219877794 14.6557853818002 14.6196253502606 14.5588944984102 14.5115933510597 14.4525495645451 14.3140361350181 13.9845165992958 13.6818309234536 13.8216995928499 13.9778714683883 14.0445508400374 13.9529923896052 13.7341346072727 13.4683963198741 12.961640502146 11.7856185967307 11.5899208145064 12.6432063501881 12.691179364845 11.6869609592089 10.9813051592857 10.8959479294091 11.3977387208234 11.7432126335051 11.6608223026658 12.0082935779662 12.1727106778408 12.5029572413662 12.7451366439494 12.863392896565 12.9392462529315 12.9491377787463 12.9123767550602 12.8855430515496 12.9242396664 12.7925978133266 12.5739697592504 12.5156930067317 12.55343069255 12.3450794929137 12.2606255691401 11.9077337189005 12.0280461781359 12.0978522021414
14.9568956577767 14.9397637597159 14.8573062888741 14.9415658226377 14.967183174772 14.8788251545325 14.8262392275246 14.7265924051762 14.8209269987726 14.8834403560292 14.819022637987 14.7518187498603 14.7093708641727 14.6949784294931 14.6422943635783 14.5341915567076 14.4120469851463 14.1973170420256 13.8552205256036 13.6019682706522 13.6039730419496 13.91067441706 14.0407595577199 13.8036122485871 13.5178604056802 13.3766279422757 13.0505870929791 12.4962207162028 12.0995920141178 11.6229670145381 11.1042369728564 11.0420215743332 11.1322574593072 11.3795374064784 11.6775083831665 11.6032680991177 11.8214872875028 12.0775643780516 12.1932403104283 12.7271934724557 12.9879302072307 12.9965508424786 13.0176727256294 13.1454884181763 13.1215876241341 13.1357894042836 13.34699298611 13.2485006214753 12.8702878574014 12.5805155501235 12.6536071324495 12.6161082104163 12.3013064798412 11.8990491923047 11.9527793694987 12.0866924361378
15.2130451425217 15.2133298937313 15.137468262007 15.125845628072 15.0223017067888 14.8585472242086 14.8427055609574 14.8929809174414 14.9652458878376 14.9234034431837 14.8252703987451 14.7998901436018 14.7417830020739 14.7028627201281 14.6042959365091 14.3682849556053 14.2083016484883 13.9239546153132 13.592247387103 13.4334082967982 13.2404029613906 13.7670323455069 14.0058950521486 14.017232290753 13.8352238309393 13.2202932649101 11.8834754450956 11.723655076673 11.2820778562988 11.2507641762607 11.4232127492865 11.7809391099225 12.0102583590548 12.1101681000592 12.3341206839556 12.3842284474477 12.3569377329757 12.488145274161 12.4756891292075 12.8504692254984 13.025007154157 12.9750903026452 13.1506729045238 13.2887624430434 13.3199061408353 13.5050710708657 13.6915174526732 13.4969297099842 12.7383508155858 12.5408000513599 12.6012821034472 12.7310774046407 12.5294777706859 12.0191971082787 12.0140318351631 12.1443930992386
15.2954586656317 15.241390899865 15.1893412470088 15.1718627913686 15.1282619320134 15.0141694858018 14.8997801499653 14.9791487776248 15.0404047739932 14.9719565677377 14.911582708375 14.8429544292076 14.7869028696813 14.6737111809413 14.4033237532187 13.913452441292 13.8877894375992 13.6001465428913 13.3587424564437 13.3340067690008 13.2629414844681 13.4438212537068 13.6795019109392 13.986283074107 13.9334148924232 13.5999304715067 13.1332943644626 12.8110765224611 12.343195110185 12.1908327157671 12.0852800081008 11.8299875248884 12.1787466110158 12.4016446097187 12.5809221981868 12.7835878916143 12.9286067024411 12.8250718323931 12.934146753577 13.0976833817746 13.1112092143078 13.0468622960251 13.3046679851513 13.4000577414075 13.5609205901801 13.8371661718175 13.9092633280215 13.7182896425249 13.0355472486713 12.7332203260892 12.673252343336 12.7916409553112 12.8626540086947 12.727610872757 12.3362468142199 12.1090581935028
15.1363662921214 15.0859991076334 15.1646779078127 15.1395693040903 15.1083165219373 14.90123267311 14.8963166843009 15.0008119555635 15.0786889537016 15.0316835476314 14.9793465430312 14.8648580639286 14.7001427071698 14.4302719570901 14.1211022794056 13.6829238124888 13.6274009990216 13.3132466242177 13.0572699952138 13.1426516722063 13.1810183147133 13.1506758814253 13.2501302085975 13.6550669541336 13.4189805366543 12.7637059111339 12.4891745721074 12.4461734933719 12.4322523593821 12.5638843255708 12.6045746894618 12.2565428060496 12.4377794830652 12.6531908748829 12.7228704098763 12.913006813645 13.1561168093226 13.0660542323765 13.1747914598061 13.1904272786034 13.1871136466089 13.1247135117384 13.3947231323058 13.4810468009646 13.5241990003411 13.884407362202 14.1640375523475 14.1246053551739 13.4208909197341 12.9874468069325 12.7078582957337 12.652250182033 12.9494864165392 12.9040940537782 12.9631871289919 12.8100958323734
15.0712472621632 14.9645274957248 15.0571500558011 15.0140465994397 14.9298500997902 14.8170470767318 14.928615801391 15.0500236028877 15.0996253379026 15.0410764093613 14.9585945736098 14.7478994736334 14.4769723374867 14.1691076675419 13.8646651299711 13.6909327041579 13.7468976597064 13.5361603923731 13.3536703631098 13.2283139514202 13.165872378447 13.1093152075682 13.0331585601991 12.9580892064457 12.6244555852968 12.4304417223317 12.4602243105672 12.5680290273402 12.6879881669565 12.7884496307535 13.0813505947344 12.6385560590079 12.6524209719652 12.8663958772219 13.022896236288 13.1702456268315 13.3483199269856 13.3824601860428 13.4772372592309 13.3926934104717 13.2421250074677 13.2314353220462 13.4514789770269 13.5570620643604 13.557686843891 13.9791534764666 14.3742442676816 14.4180446162677 13.6751224142548 13.0410599495686 12.8343437300875 12.7957862016951 12.7870308584103 13.1260014692915 13.1530144728137 13.0344197258787
15.1395190746881 14.9411455998601 14.8431113808041 14.8149665209726 14.8654845697039 14.9356178833882 15.0685848275493 15.1218446873248 15.090700849405 15.0463560668313 14.9000576777564 14.6024430746153 14.2136338571992 14.0899503315761 14.217436091522 14.2164170549494 14.2434946174926 13.9647230212993 13.8647869446272 13.7121276032779 13.4090797320089 13.2249138970863 13.0200847816055 12.7050298620563 12.4630570742387 12.4503494004545 12.5008570854495 12.4034644198936 12.5391585356579 12.8836052203097 13.5232959400349 13.4397166185375 13.2153354139807 13.0822757462829 13.1723766736588 13.2103462438878 13.3773032945044 13.5859009844385 13.6074326363684 13.5260713641371 13.562536072014 13.6802008853438 13.6035958133294 13.8050548587677 14.0180927841427 14.3440865195243 14.5777258453354 14.6467748055977 14.4752646406982 13.784164064245 12.9073935668428 13.1169134367895 12.9595721443395 13.4335035619975 13.3006512158795 13.0760594468539
15.1862466854429 15.0243250655726 14.8580589326711 14.8853710327337 15.0078969949085 15.101509788783 15.1712648365644 15.1180790464617 15.062518341871 15.0198671962626 14.8662119562762 14.424188381849 14.5169959882072 14.6788010098186 14.665953137535 14.6847803406061 14.4283393861746 14.3392599914485 14.1901982682781 13.8214488800656 13.64765715038 13.5607013480609 13.1273075047288 12.9972518260028 12.9120184041312 12.7915604897968 12.5893581742511 12.6248766063373 12.8074126078722 13.2456320555588 13.7335220571437 13.8789237583597 14.2184329530708 13.8302422046016 13.6783677039124 13.4054703116163 13.5558050167862 13.8948898127013 13.9252410921333 14.179182985511 14.3481930715202 14.3632199532183 14.2804932323904 14.5715374230326 14.6954794737167 14.7806108079811 14.8574663594589 14.8394597377465 14.8096431348881 14.3896628854287 13.71595211651 13.6530308132537 13.2542211185482 13.7945912219701 13.575364079635 13.214037158564
15.0809667209179 14.9615251458621 14.8351131236566 14.9187539095264 14.9828283705622 15.0757988214579 15.1602321996576 15.1369304072395 15.0267134074032 14.8954335465268 14.8681458036158 14.6917030904873 14.910904189921 14.8260305607119 14.6965582964964 14.4620169544227 14.207710554811 13.8074050301951 13.49695496145 13.1554711128693 13.2115966115764 13.5316706212146 13.4136722364432 13.3444610421137 13.2607903993327 13.1021866454138 12.9796576895618 13.1457260721404 13.4616873997015 13.8440109717808 14.0510360756714 14.2125572419611 14.5508772966538 14.5793878368308 14.2563605721203 13.8207876310353 13.8695806045244 14.0743476534562 14.2229299423961 14.4909037013559 14.6203997975764 14.7286936390904 14.8286182003718 14.8257292792432 14.8624624778157 14.9759416225184 15.0523623790065 15.0309336049709 15.0489623001416 14.9955620685102 14.8828164923046 13.737086067532 13.3590774772924 14.2192153705343 13.5536403780819 13.4076685373786
14.6442506297637 14.5572963201663 14.588305323891 14.8350681543246 14.9802910485483 15.0759228671321 15.120222796765 15.1206152517033 15.0777615816284 15.136993270857 15.2115822435644 15.1431542095397 14.9458387186186 14.6474936073226 14.4060640290802 14.029870275509 13.4944768666358 13.1385711508928 12.9115483964488 13.0598322012923 13.268978189812 13.3382247751814 13.576278958081 13.6324984283335 13.4067362519338 13.3169971014994 13.6487363123051 13.962884974321 14.1267620473404 14.2047374466303 14.303488130307 14.5930190639969 14.7410900151575 14.7814742851961 14.4695285543672 14.12774319731 14.3050729437441 14.3262838244348 14.4498707852214 14.6582007973137 14.7903437253288 14.9040429075739 14.9748014880959 15.0085888780181 15.0535964086163 15.184164809616 15.2371434452044 15.226114198035 15.1987127701405 15.1563517431583 15.0715409268971 14.4865543173548 13.8681943196016 14.4409436354276 13.425779681959 13.7295043637997
13.9891329672376 14.1596977373022 14.4145050366196 14.6991969324138 15.0801259856249 15.3531313320112 15.3700431787585 15.3341087781871 15.3328898462036 15.4169695965945 15.3650495462725 15.2504249515263 15.0072914667714 14.7936167926323 14.5677188128849 14.0061262036898 13.3330149652843 12.5983354420769 12.65117466575 13.2785040964436 13.4044661569651 13.4290676126839 13.8948011100269 14.0834499041263 13.8979711493599 14.1678724452688 14.5986198854053 14.6618750890939 14.6036982072009 14.519334364906 14.3611640492867 14.4615324575054 14.6305293305131 14.9077776719144 14.8648136810831 14.6078116382585 14.7941078039811 14.6846246681271 14.7084459143227 14.7541919757779 14.8299906113127 14.9199261095936 15.0737917432881 15.12799782476 15.2755130645622 15.322249917891 15.2994855875741 15.2946458573235 15.284908623479 15.2688982893387 15.2487747741226 15.1760299534573 14.8144815212269 14.1424947815542 13.4696783225041 14.2866338223247
