catData/variables/pastClimate/lig/bio10.asc
NCOLS 409 
NROWS 350 
XLLCORNER 60.897278365 
YLLCORNER 5.843756025 
CELLSIZE 0.0892857 
NODATA_value -9999 
[rows 100 to 124 of 350, columns 112 to 167 of 409]
36.3921441626585 36.3683763582088 36.3614272036003 36.3462661497459 36.3533685213047 36.3746584317935 36.403032293119 36.4190205292906 36.4618385007776 36.4779156919214 36.49252819613 36.5209623489742 36.5270201821377 36.5486236215055 36.5813472892801 36.5637639537875 36.5641400303946 36.5771831332175 36.5852154705216 36.5302568073742 36.5221223551806 36.520684219838 36.5119961279229 36.5191999165021 36.5456201555313 36.4977067607876 36.4381557564081 36.3792041935146 36.3662564359199 36.2843715418141 36.2131781237714 36.1307192116938 36.0204022526477 35.8928401472285 35.7913391782702 35.7146268273587 35.605877243678 35.4777748420705 35.3818863235847 35.2968437624608 35.2140770741411 35.1378515279422 35.0707909757556 35.0158240636214 34.9653721411752 34.9106676883972 34.8261936099369 34.7612280354057 34.6983885501631 34.6240860857692 34.5945064418106 34.5041413775019 34.4559341927428 34.4067677142717 34.38170286612 34.4616319589469
36.3071665116088 36.30441879453 36.2921487783958 36.3010169112898 36.3433041506064 36.3478690978812 36.3778517259346 36.4008050911153 36.4120578707646 36.3993220510511 36.3904651998939 36.4310404103839 36.4041930317225 36.4316404694516 36.4690312072129 36.4754696139064 36.4611410843412 36.4470515380411 36.4380822571917 36.4043652211206 36.4009897696002 36.3513606189332 36.2872034991036 36.279041934941 36.3493577116177 36.357270203936 36.3432750752651 36.3031005353431 36.2886950385188 36.1739691555782 36.0658852541123 35.9676324867026 35.8447201892125 35.7422148955441 35.639509017599 35.5162478093359 35.4259658148724 35.3536284907162 35.2839034150612 35.2034536473101 35.098951441947 35.0251724001459 34.9714270227497 34.9254309220898 34.8622747610838 34.7743549680317 34.709716863359 34.6304779148634 34.5486917704739 34.4586556289956 34.4153203944035 34.3570397752686 34.2837385333687 34.0533779069911 33.9334306284465 34.2011992242707
36.2399102861711 36.2440799369073 36.2661123044409 36.2630938547946 36.2983460856831 36.3306218966383 36.3355099199664 36.3399970921995 36.3474731689309 36.3060862724478 36.3076846761613 36.3283305981996 36.2919479657794 36.292113631845 36.3112462260994 36.3682203453434 36.3367527283781 36.3375307380295 36.3386954117149 36.2905351757913 36.2219023848937 36.1659762406489 36.0917772449442 36.0987331596484 36.2065378659799 36.1947927075432 36.1960119721902 36.1822040030249 36.1132280753932 36.016233123444 35.897752337119 35.7928622115937 35.6938536471132 35.5864182255053 35.4655404016652 35.3709478912437 35.3128447850535 35.2649087354021 35.2150762519799 35.0994548449553 35.0170630245163 34.9801311876688 34.9134479302198 34.8395972825933 34.7510717837668 34.6747104951418 34.5700647975335 34.4758907564386 34.3804376404289 34.2815137184539 34.2401728745306 34.1773820816837 34.1385984342751 33.8718296100354 33.60075771485 34.0840623974887
36.1737537976051 36.1784903662807 36.2098972713417 36.2415923660003 36.3229007187466 36.3014570552755 36.2886466294357 36.2835479951716 36.2486523113296 36.228562881903 36.2315452801795 36.2394821279088 36.2235182453833 36.2040784613034 36.2630306819284 36.242013780986 36.2097693124522 36.1958822322357 36.1726090103789 36.1161942611139 36.08122033054 36.0652594999687 36.0100945129956 35.9952560339966 35.9328807477004 35.910849874659 35.8940008108945 35.8993508262609 35.8245731416146 35.6979934716005 35.6529908761053 35.614116774881 35.5181813161374 35.4145835720329 35.306842108177 35.2449349639051 35.2105115088757 35.1821417334245 35.1438486101371 35.0581262706443 34.99278460277 34.9223123648373 34.8287764545872 34.7573432798013 34.6601041010458 34.5400081076065 34.4390475947702 34.3205676265323 34.203449486531 34.101359203955 33.9987144740905 33.8443699642045 33.8435749607143 33.9705836678217 33.9603009442487 34.097934400862
36.1100613238665 36.1349149099307 36.1819699413656 36.2189972756607 36.2236235335412 36.2080248240932 36.18936987137 36.1757491468397 36.1407482266436 36.1488412915393 36.1518634834155 36.1388606761082 36.1122863393971 36.0888392600061 36.1099123225292 36.0743148383937 36.0566217032398 36.0161298534372 35.9990737936376 35.9731357280699 35.8826837594605 35.7960710427162 35.74716131948 35.6895729920973 35.624178810989 35.6791264951576 35.6921965842552 35.7119327514923 35.6662702357604 35.5444053352274 35.5091772326841 35.4541041482939 35.3778844830813 35.3059391335273 35.2558159512406 35.2005804378913 35.1489417645613 35.0530407522426 35.0132541818594 35.0304342696625 34.9341924531704 34.8550228653763 34.7570325566245 34.6480098226236 34.5406584182409 34.4311350253391 34.2715865520136 34.1122011780246 33.9493497378332 33.8184873162656 33.7419757469945 33.5765358728649 33.3225384491058 33.7702310417491 33.8846988554057 33.591065771461
36.0970590454651 36.1334458712542 36.1576313165182 36.1613380243317 36.1569050281106 36.1080932222611 36.0687994243251 36.0703061733899 36.0868692881617 36.0753620950317 36.0690681325171 36.0238273599591 36.0003961721812 35.9749479770051 35.9739080790969 35.9597319607196 35.9392678607513 35.864899294191 35.7936708293416 35.7600613084315 35.704927794092 35.6152841416771 35.5442034429761 35.5189687486374 35.4614065672742 35.480801699004 35.5286637809077 35.5351033641771 35.5100285393755 35.4592067890241 35.4173490219003 35.3544694990063 35.2934060163163 35.2493083463625 35.2432244279012 35.1884257984836 35.0865199222969 34.9581016835579 34.9069055279097 34.954209435395 34.9231893059468 34.8024437437105 34.6841166915226 34.5579595364223 34.4252028849186 34.2860294074546 34.116974409539 33.9214052647491 33.6802583791684 33.3414464076057 33.014979423761 33.4601688350964 33.7327718064277 33.7855899182063 33.6389683191912 33.346016199553
36.054208412841 36.0888011946295 36.0987789537109 36.0928073453103 36.021878420243 35.9789667221865 35.9729119083199 35.9809405445809 35.9931427899655 35.9988818106441 35.9586639860317 35.886902348766 35.8670592230968 35.8704856519883 35.9055117807989 35.8984900252906 35.8608583979908 35.8072393128445 35.7315161574833 35.6975698711656 35.6751762421244 35.6008237250295 35.5404299780352 35.4896262008945 35.4187074594687 35.3769499719242 35.3474780125404 35.2985167795062 35.3043596197059 35.312506706116 35.2953122078232 35.2639073242826 35.2269539003442 35.2100527296497 35.1825157339012 35.1301658476455 35.0244805166539 34.9351964286796 34.8616383974405 34.8678939330605 34.8503374054606 34.7529002850318 34.6367809800295 34.4825992439827 34.3307077420743 34.1528257024861 33.9174092427767 33.7075175038195 33.5966497667517 33.4355322338839 33.2382467581744 33.4561582183992 33.6361282196589 33.6010371562083 33.4287721566538 33.551928124582
36.0025705290091 36.0092077384064 35.9826240480234 35.8988788056293 35.8299050338702 35.8470206051635 35.8503047880638 35.8659939785594 35.8836458021489 35.8755979251471 35.7911787394995 35.7410602790408 35.7277964848986 35.7256798415252 35.7604489950627 35.7998257518246 35.7787598919558 35.7759396677761 35.7316325731597 35.628533598027 35.607999440434 35.5404691769152 35.4924279110147 35.434443896759 35.3823326014109 35.3365484259225 35.2751661187153 35.2553093142558 35.2493507604693 35.2603783412877 35.2520961857211 35.2495551617598 35.2425390389643 35.2153703611772 35.1912837716792 35.1090698322645 35.0238087231487 34.9664411762774 34.8850072487415 34.8681271500787 34.7865359193195 34.6958334900551 34.5688607791839 34.4180029471841 34.2354792358444 34.0223532974923 33.7701329127314 33.5146374898183 33.5875819149811 33.6305669343083 33.5814336132796 33.5800552485606 33.5606892761664 33.4651683810699 33.3952635321684 33.5372106363999
35.8964558722392 35.9005530942378 35.8567320283098 35.7522815213918 35.7372225828854 35.8019432575172 35.8227453135857 35.7814064482064 35.7134889018455 35.6827542223036 35.6241911888745 35.6061070034806 35.592181779815 35.5722810171208 35.560139744075 35.6439835519981 35.7101571167932 35.6795803487604 35.655379371975 35.5650006266542 35.534204254814 35.4730876520098 35.4097255438127 35.3442005579075 35.2855163492767 35.2244674757876 35.222444921176 35.2106309450754 35.2004208393847 35.2804703298413 35.298132122136 35.3035001159281 35.2848579396109 35.2288952946558 35.1668671255153 35.166922206138 35.1045892415195 35.0226791512787 34.9407086321218 34.8532490592592 34.7497525805116 34.6559947706957 34.5346762439811 34.3621101319477 34.1771439973212 33.9756401740882 33.7378896588524 33.5681322133353 33.654034642354 33.7991080906566 33.739151873251 33.6848863453613 33.6171097186083 33.5697838303791 33.4739086670774 33.5050703734941
35.7104901244719 35.767036995172 35.7757704555924 35.7417198344229 35.7751362650672 35.7704773883925 35.7192978660892 35.667573349706 35.6022053274196 35.5500049263715 35.4767623795511 35.4676595084438 35.4327969890671 35.40117451967 35.4279392666391 35.5683131203886 35.6801996720795 35.699295994473 35.6097376615144 35.5301262390931 35.4987805532055 35.4432286060146 35.3790324347404 35.3189176658433 35.2689893591627 35.240043688535 35.213540388663 35.1870791041038 35.1722237447985 35.2635738282195 35.2866346463059 35.2956685645001 35.2590503287675 35.2157814874832 35.2020282547764 35.1712011057675 35.1247522211064 35.069284457892 34.9771567441577 34.828486018525 34.7064744846701 34.6191561466647 34.4796794157746 34.3452626625041 34.17501750445 34.0049341888341 33.7595254691587 33.7870571511148 33.8459513236901 33.9023433218011 33.8437144822079 33.8022419008307 33.7954906275853 33.7236632980966 33.6166393114781 33.6243018094944
35.6367697031287 35.7349005951035 35.7630071446763 35.764368801267 35.7446045615793 35.7048083863855 35.6319211091944 35.5847922797906 35.5070258724242 35.4279664161162 35.366911241187 35.304549180789 35.2862575943855 35.2835104123839 35.2887197501069 35.4834516485262 35.6011038672751 35.5994249919798 35.5116570165065 35.468282981481 35.3949407568112 35.357993679615 35.3253312920644 35.296884362909 35.2609337100072 35.2264053184476 35.1965702309041 35.1738477180796 35.1512741580278 35.2499668339776 35.2577154724585 35.2560642650904 35.2028715783412 35.1469884992581 35.1811135719151 35.1919667523077 35.125681722044 35.0051835008886 34.9274012380505 34.7858207223909 34.6658803092456 34.5697774150799 34.4653448615856 34.3736445739358 34.1984068838898 34.030183074739 33.8244803483566 33.9826618999703 34.1333903637329 34.0490859919473 34.024532228505 34.0290145831575 33.9908274708642 33.8639742743288 33.6444007309248 33.6745103727946
35.6083987537367 35.6405836136686 35.6502584739306 35.6815023769074 35.6552783201693 35.6022713241482 35.5489558999306 35.509326738428 35.4285467025744 35.3486557636917 35.2804403843597 35.266776892928 35.259990352159 35.2569585682528 35.2690422631265 35.380016758645 35.40009923014 35.3678213603017 35.3202008677761 35.3518104942599 35.2712108534139 35.2152763016967 35.2517798053247 35.2408037087037 35.237014228024 35.2045951886182 35.2008660566278 35.1630898455715 35.1280602206896 35.1562605895618 35.2031466435901 35.1762096185434 35.1295093962719 35.0871421454259 35.1420926617273 35.152338326767 35.0823693129776 34.8901870833536 34.802597959707 34.7357468089937 34.6407125309932 34.5684613565835 34.44253762482 34.294501550479 34.3242684971659 34.1194278099834 34.0514480920663 34.2080173730976 34.3086362115456 34.22118000274 34.1775835134103 34.1584507791734 34.0937399490397 33.9908788838895 33.8654723463768 33.8815213203131
35.4962195685579 35.4545205691633 35.4995627726749 35.5682049337143 35.5902832844727 35.5116937941368 35.4535477457769 35.4373589616576 35.4024666498301 35.3496652772596 35.3448532627824 35.3426171225794 35.3097886907728 35.2694972267994 35.2100726260903 35.1812243225288 35.1622834608542 35.1432389531496 35.1147422331347 35.2100612869668 35.1047602508035 35.1125274364332 35.1825657170569 35.1535958982052 35.2292658333526 35.1651130740171 35.1344182755891 35.1514485164704 35.1229152832971 35.0722382060711 35.0675096666812 35.0778476868706 35.0144287894261 35.0009843348793 35.0784923488093 35.1180228459487 35.0271820161768 34.8501731714276 34.7670316126968 34.7347551728314 34.6718879994579 34.5295080245785 34.344154508781 34.2068932627487 34.3306187434697 34.3423901048703 34.3779833178082 34.4193325385048 34.3897849106595 34.3113696560953 34.2696840087636 34.2157406667342 34.1534725998405 34.1080453857178 33.9880809205398 34.0657246083134
35.1462231285702 35.2258794771797 35.320946168633 35.3716598577268 35.4364139982069 35.3726939640899 35.3394461630425 35.3195767341831 35.3021725280346 35.3104303631981 35.2537147732997 35.2607475510912 35.2549975533719 35.2415526526114 35.2139583806598 35.1250195496738 35.046559610604 34.9840543645764 34.9569017845776 35.0126961840503 34.9614499351482 35.0158782599786 35.0615129062146 35.0860810195942 35.1893315617725 35.1209067208968 35.0708062815092 35.109833920565 35.1284779524191 35.0912476987045 35.0594585638376 35.0287531488865 34.9616842766417 34.9848362720788 35.0834918561411 35.0734860732307 34.9687494470723 34.8833790579781 34.8291686138029 34.7563588797795 34.6334081148404 34.4020901996314 34.1828983222265 34.104945751995 34.3857444534684 34.5986585538144 34.6260979415115 34.5393922564528 34.4488801935233 34.3736989774798 34.4141429197919 34.3728334547615 34.3139560899593 34.2399738472413 34.0988717120569 34.2219327103256
34.9794902902956 35.0839523990895 35.1822135907688 35.1628437812141 35.2314163983404 35.1905158489233 35.1192460927116 35.087417658203 35.1326889024463 35.2224438288144 35.1902263156046 35.2275528871778 35.2659668776997 35.192633799935 35.1684346448038 35.1387860839709 35.09630632642 35.0446587326418 34.9813684838738 34.9098814288641 34.8837937115668 34.9169929375526 34.9705753165328 35.0580520617131 35.1628213825293 35.1430398017215 35.0542011000956 35.0337035560703 35.0708622066757 35.0594030333282 34.976500916149 34.8913994408289 34.9049035282311 34.9865524961268 35.0835101337012 35.0412144958863 34.9912456832353 34.9278411681437 34.8423807631148 34.7075802615433 34.5254951018381 34.2642420208432 34.1057259700557 34.2640931400249 34.4632521426803 34.5892191841606 34.5841859220815 34.5719066633736 34.4910498616919 34.3946803643945 34.5599968726086 34.5414916477373 34.4352496999439 34.3937546028887 34.3546331136281 34.3999782906859
34.7760769574906 34.8816211947592 34.9230685907616 34.9611767584036 34.9756166582261 34.9829679127077 34.905731788324 34.8782900577361 34.981531374848 35.0995771820079 35.1781499905128 35.194406124085 35.2031039355683 35.157612706856 35.1241245667098 35.0541961572645 35.0277262904273 35.0586338762396 35.0148389568353 34.9457620536223 34.9199596835245 34.8866055143477 34.8728780469554 34.9907444172685 35.1475577003422 35.1189065266687 35.0220051487141 35.0048417377052 35.0182198044559 35.0302861442525 34.9734578017343 34.8377703212753 34.8674274215718 34.9677308697477 35.0792826762588 35.0797812310069 35.018216155976 34.9232031565609 34.7918260474323 34.6551313000501 34.5148815319707 34.3175390887872 34.1687391892541 34.3383841589395 34.4664251087511 34.5252907404589 34.5806485598799 34.5967891590413 34.6173340524448 34.5714276194514 34.7335592282331 34.7637421177415 34.6991162777181 34.6103497458784 34.5531123738714 34.6449726231579
34.6434574158287 34.7055396174657 34.7900018861072 34.8155747787781 34.8098833365021 34.7962985413305 34.7150896074947 34.7457289470658 34.8803073831038 34.9909663092634 35.1239277784042 35.1889159444877 35.1639303088038 35.1076686269208 35.0893173569534 35.0137826093823 35.0041414220896 35.0484687370807 35.0576100295696 35.0506115393611 35.0763125184905 34.9887843407138 34.9143078806892 34.9956421257606 35.1567755336048 35.1503071718486 35.0460964146812 35.0243129198908 35.0096394098931 35.0338062045991 34.9365027320583 34.8857398350789 34.9061599396756 35.0033974225406 35.0882683524126 35.0661813219565 35.0069085574874 34.8939259122444 34.7169751584167 34.5278380025444 34.4082200755888 34.1664444703978 34.1390320343275 34.3027981939235 34.3404517240615 34.425270160818 34.5678807738509 34.719415464143 34.7948974333599 34.8226478982978 34.8170844749528 34.8387471650365 34.8698969712004 34.8176288298787 34.7830135727658 34.8151570736331
34.6464632569763 34.6825012877577 34.7245925400419 34.7353622161317 34.6643303986514 34.65585943504 34.6291636494137 34.7429446573774 34.8582751284227 34.9691297544184 35.1268401972078 35.2001089601304 35.1789373982601 35.1104310424291 35.0833170512238 35.0188245690968 34.9825027865975 34.9547937606191 34.9942639878754 35.0839629827382 35.1563218885033 35.0789011772441 35.072071002997 35.1966736333678 35.267479131941 35.2592196298229 35.1304543830927 35.0826712243165 35.0462697142835 34.866459141122 34.8484978930462 34.9810607185255 35.0175926201787 35.0911072156079 35.10014082256 35.0235035637698 34.9632505709047 34.8691598719441 34.6853151236581 34.4541210412408 34.173339072672 33.9736038416883 34.0218286752008 34.2733565061411 34.3191042561595 34.4661479126756 34.6189330367211 34.7522413564331 34.8529772354088 34.9254165016159 34.9230867283784 34.9322407338767 34.9843414368226 35.0001877589432 35.0099238718914 34.9765702188368
34.7237225254725 34.7323566622441 34.7711866059269 34.7466527747755 34.7396084571013 34.6209171615651 34.6521804577302 34.8098303051099 34.9778965364837 35.0349840669374 35.134143266407 35.2433716095516 35.2015715087684 35.1230257932983 35.0939616152121 35.0612942800732 34.98537807165 34.8226092164382 34.91720778593 35.1023271064479 35.0851707183501 35.0202314980039 35.1589333392218 35.2098888331883 35.2437956919229 35.3793916947435 35.2949030738499 35.2392986802564 35.1325841043218 35.0702409710768 35.118828149929 35.1236409571417 35.1006655898727 35.0547002216043 35.0327398243822 34.9960295330728 34.9024765969535 34.841011321568 34.7030068013802 34.4052751023366 34.2023094028639 33.8689237251381 34.0674486643135 34.1176502239046 34.3449766028071 34.5476339522031 34.7126202350005 34.7828937977661 34.8724313852466 34.929456290867 35.0345693339177 35.0514618120943 35.1119692513408 35.0936593885867 35.1077651797646 35.0366871265349
34.8050961613871 34.7547085117371 34.7007438604018 34.700067717999 34.6840131915587 34.7143931420779 34.7728825653261 34.9135882258384 35.0200026470031 35.1210329714723 35.1971626145099 35.261148601163 35.2255029049562 35.1791897199107 35.1445878932129 35.1089609960712 35.0245184857202 34.9825435565928 35.0936600751531 35.2174983458817 35.2639671747189 35.1742837448167 35.1547509655384 35.2022721737851 35.3385761117266 35.4163873931454 35.3322932750713 35.2572947766658 35.2271099419309 35.2150144497616 35.1995145369513 35.0916996616501 34.9856482554233 35.0157051766874 35.0425589612499 34.9930192814902 34.8645468863784 34.7070138155432 34.5946758223906 34.496128401515 34.0725111292428 33.813069181288 34.0376247183548 34.2333943641662 34.478695222963 34.5973129580775 34.7011290621243 34.7912477376128 34.8813022581011 34.9746014208205 35.0410305341512 35.0922440921862 35.1184280089142 35.1758255328519 35.1800638809091 35.1002724798465
34.7565252666517 34.6949263334307 34.6054730866647 34.6600236491907 34.7674458879824 34.8316488021083 34.9012767443321 35.010129197967 35.0965586900731 35.1423829949558 35.2175118771289 35.2695743514712 35.2438087993175 35.2231758379236 35.2102914185469 35.1680802790945 35.0858501063848 35.1477020897527 35.306651020413 35.4293345506996 35.4346076742124 35.3084914050833 35.1258622499774 35.0664053835534 35.360852941856 35.4018091042793 35.3268055473484 35.2984224051744 35.2949720187011 35.2440844717915 35.1968134328118 35.0723699572529 35.0417555689138 35.086532168045 35.0574573158721 34.9748781559637 34.7510194868349 34.5387015301919 34.4597314025358 34.4570145220599 34.292249873978 34.153226465857 34.226116271662 34.4513956805093 34.6276886478286 34.6307537197919 34.6426359076561 34.8256688865904 34.9470820424825 35.0225190975133 35.022489263609 35.163842924646 35.2173445912003 35.2793319301274 35.2743481784813 35.1654283371086
34.5625608751165 34.5708460685472 34.5923067354761 34.7181661887765 34.8698451890046 34.9335617402212 34.9357359944818 35.0536760849797 35.1757513267633 35.1611282604704 35.2342362100472 35.286333843429 35.294441119125 35.2633027848678 35.2951068500609 35.2915212045116 35.3296283978111 35.4155943109703 35.4921000817331 35.5004466067781 35.4927527998714 35.3629248898578 35.2052530715676 35.2461168049151 35.3998022931814 35.3958124742854 35.3794436539386 35.3435393777037 35.2750071038382 35.2332936499793 35.2030566944117 35.1230825054755 35.1069243792161 35.0899895027702 35.0458923292455 34.9111424213464 34.7030448194436 34.5300651039218 34.4025104454912 34.3374886666945 34.2057701318599 34.2250667749655 34.4260012425598 34.5680834294826 34.6847739170547 34.7626505059404 34.7542377558116 34.894473942424 35.0198714214281 35.102589094655 35.0651790017588 35.2696532990253 35.3225559414872 35.3879656330981 35.3954994707773 35.3640493201834
34.4212455945643 34.3867695278447 34.5009361485628 34.7874540887434 34.9433092380194 35.0257942146339 35.0120757696531 35.0753494730183 35.2112728295852 35.1862228590708 35.2547317352939 35.336221292856 35.3467395137803 35.3329894969464 35.4205319986779 35.4585217341696 35.5294448642937 35.4966469008191 35.484397938141 35.506783415708 35.5050515544722 35.4638100696103 35.403727519657 35.4122794565666 35.4106729935145 35.4033409891204 35.3784533733569 35.3303624827142 35.2497269680737 35.2087597328392 35.1952032360651 35.0883361046134 35.0526415347325 35.0059244074264 34.9465667170851 34.8313756935291 34.6018598420807 34.333510025586 34.2545940933933 34.1045230643093 34.1361537445309 34.3152312490811 34.5173588436492 34.6468971077638 34.7394624343283 34.831619012696 34.9022878671152 34.9602772731718 35.0418408969547 35.0979045576377 35.1426205230822 35.2675474243978 35.3662803591133 35.4323336228961 35.4447053032286 35.4441183732025
34.4356726645958 34.4167690381092 34.526739847437 34.7780696549242 34.9608870003621 35.0696366981348 35.1341894140102 35.1796548406627 35.2364214267777 35.2633448425274 35.284544886111 35.3681411407692 35.4279330885735 35.4687000300219 35.5361606938382 35.5567040014299 35.5491937233564 35.5579261613939 35.5606292973255 35.5473592563283 35.4954923854787 35.4677598922362 35.436234260513 35.4272354164648 35.4475453878473 35.384973843458 35.3214214852696 35.3009591856381 35.2547635116864 35.2074846314767 35.1499728202087 34.9673740848654 34.9834278650018 34.9112941758813 34.8022649878721 34.6611229584565 34.3048666275925 34.0285871887366 33.9970524030467 33.9901563857953 34.2528125296326 34.3043432084479 34.4081452195336 34.5814472016177 34.7647340699379 34.868351244888 34.962688971922 35.0444377451672 35.1011916746062 35.1406912123472 35.1267245851787 35.2345507598756 35.3935154692107 35.4364122308707 35.4192929450904 35.4182136404872
34.4429021863479 34.4445126131979 34.4821365734241 34.6860587822179 34.979118743676 35.1368967875137 35.1877633213906 35.2478805335379 35.3086731436256 35.2909714916654 35.2930346600763 35.4028929794214 35.5373905256633 35.6233183216348 35.6655295971524 35.6200074499288 35.5725473720629 35.5430125706211 35.5236881088295 35.4960726474899 35.4514825174058 35.4194201966238 35.4141370836917 35.4009684860381 35.3913844927915 35.3238777378834 35.289695157855 35.2595677401608 35.2046870664412 35.1703176768465 35.0911903832006 34.9205558304409 34.926457216069 34.8116088427357 34.648106784714 34.3339174241422 33.9606787988201 33.7527042965563 33.747464190704 34.0456499013901 34.2984794593813 34.4420375412257 34.4940900595426 34.5960534064432 34.6637499956521 34.7879168442328 34.9450673378661 35.0186595090243 35.1079359118727 35.194495797584 35.2689907020037 35.0938251842097 35.406805599478 35.4421026876992 35.4201779445818 35.4094436365641
