catData/variables/pastClimate/lig/bio16.asc
NCOLS 409 
NROWS 350 
XLLCORNER 60.897278365 
YLLCORNER 5.843756025 
CELLSIZE 0.0892857 
NODATA_value -9999 
[rows 125 to 149 of 350, columns 336 to 391 of 409]
1825.78029763741 1617.45630883379 1612.95883273722 1794.03850792883 1930.15025849538 1967.92534050066 2033.59005413444 2184.30676629454 2207.8336163648 2142.14507981005 2135.18414352962 2193.08851379624 2147.98487059145 2026.59039881132 1880.5092964777 1749.74939353461 1581.71318634146 1499.34819885192 1359.51137119497 1222.37284394211 1075.6267736141 1002.47745221414 955.89308608322 913.684193153422 878.534349929157 861.920212328631 854.013351121923 855.314648766208 860.916645075344 874.583811493271 887.237643200597 898.354877786013 913.74275863942 939.321283872928 997.418386098102 1072.14929448603 1162.07758512888 1156.90103876167 1138.71067094213 1181.12458047408 1203.53369481242 1186.36172561426 1227.80493919376 1276.77644480477 1306.50242161959 1214.35545043608 -9999 -9999 -9999 -9999 -9999 -9999 -9999 -9999 -9999 -9999
2372.3631527362 2446.64034027955 2454.34416297775 2697.75810867564 2563.85497624136 2541.95765436825 2559.51800175913 2686.35388199596 2754.80466628058 2675.18202078659 2569.76055530949 2522.6301200204 2417.70499290419 2226.56440814075 2067.44605883987 1906.98603151173 1763.60222379803 1663.74371544656 1496.55943051387 1319.87564239315 1134.19969157169 1024.50991092318 962.327499494037 906.547259607131 855.357924104392 826.640668239235 819.287527681519 826.552726538005 837.957680985377 851.327344555743 864.318919381157 882.406614448729 909.154053131439 955.982685925446 1031.72985109866 1110.54693333193 1158.05393369302 1116.21816241321 1141.43702984277 1177.36864265186 1177.1090957267 1151.11698921978 1220.14162726446 1278.29769312292 1256.61764022557 1143.5391114898 1101.03461609744 -9999 -9999 -9999 -9999 -9999 -9999 -9999 -9999 -9999
2887.37575867147 3308.91123581976 3646.98554788264 3854.67377475734 3808.96181881537 3657.24707492389 3720.3157174297 3673.05337385255 3419.88389803771 3276.07052226995 3047.02589595407 2895.61798684345 2669.57750767698 2438.70231732393 2232.75908897676 2059.01909022606 1920.69503298899 1787.94725901876 1630.48688135928 1455.62692102713 1240.73381816382 1072.28845653454 989.440527089226 923.434676583424 867.754309238892 832.232807383544 823.161576890413 819.805007541896 829.10665823996 837.424511788357 857.58350665977 883.812057745393 918.830406435524 1002.63450376245 1124.8282590483 1154.57694991583 1132.10663198168 1104.59960123613 1152.81115263034 1156.50027900052 1161.17224888748 1172.83000070988 1221.69539650571 1217.49239064026 1234.1523397913 1154.56226283979 -9999 -9999 -9999 -9999 -9999 -9999 -9999 -9999 -9999 -9999
3307.42061155256 3769.69440044531 4181.0012415802 4432.2004348138 4255.91451775387 3899.52778053291 4114.33686011378 3621.78991574391 3079.8830310308 2915.76871657688 2939.9155378688 2560.05194945166 2751.72829201938 2643.53306713885 2341.35344886259 2141.58802950682 2033.34503751606 1901.33225544688 1756.16368710574 1577.98987153039 1335.08689411578 1151.16864005495 1036.31850077838 961.214729947315 913.293508503969 878.556356465934 904.884965771912 863.23618444821 831.383286803264 846.104353796401 872.616840880888 922.432108318128 1077.17378921739 1166.25824713455 1147.61776995049 1134.61381099251 1125.04378136989 1121.91883790746 1127.73653131938 1125.41333110127 1137.24594787339 1158.66705718444 1171.88403570259 1170.92043329954 1204.89824008175 -9999 -9999 -9999 -9999 -9999 -9999 -9999 -9999 -9999 -9999 -9999
3267.40452677741 3780.7545943613 4450.29992915664 4795.00911690563 4548.35747892896 4125.2493103265 3503.17186103391 3165.63517886657 2636.67224830766 2338.7278957415 2016.06239013348 1772.22179866671 2257.33675383391 2509.75765539497 2275.05642372861 2099.07502215954 2059.88987098069 1978.77666491077 1858.11072463465 1679.90123254078 1495.1328357687 1256.78960226443 1128.08172205483 1008.83603168085 925.093485305232 884.249769788288 903.807260624805 904.175728963186 909.295537645054 936.773548799687 1117.39404021743 1171.76948922867 1149.29907309069 1175.71536063613 1137.0825988607 1097.79833614191 1111.95274053528 1107.8909432973 1093.97436957922 1088.7028427988 1104.52163890803 1113.62550143024 1111.88409398331 1102.21454278561 -9999 -9999 -9999 -9999 -9999 -9999 -9999 -9999 -9999 -9999 -9999 -9999
2772.28335967578 3212.87143483962 4217.83646133442 5041.55485090243 5099.61550805149 4898.24884876 4400.09746135587 3898.68116898744 3214.33240190201 2653.03803153031 2469.86145359475 2674.64920174188 2468.53953217079 2574.80337460659 2384.0461307013 2206.89805140802 2151.28006641835 2097.35633644403 1958.45846154958 1790.62899051037 1648.20031569764 1477.55539937823 1289.39762392659 1100.21687977896 982.449035726846 933.540625253806 933.660986568193 936.580179439002 1020.65740391666 1200.5175681262 1304.38755163383 1178.52325451047 1123.73902832432 1124.11917229125 1095.87785129467 1084.48757638119 1027.62359552158 1074.44609199945 1056.20731586657 1048.65535482767 1068.76636226887 1077.2721265185 1061.56184349328 -9999 -9999 -9999 -9999 -9999 -9999 -9999 -9999 -9999 -9999 -9999 -9999 -9999
2722.29371881007 2776.00260723806 3460.10295893683 4663.71899575397 5104.54885273436 5349.30154654023 5055.06164362842 4926.51888682033 4473.42412442273 4042.63895238439 3828.97760929482 3854.99538709446 3198.18678573994 3020.95316666917 2781.26492777061 2533.25482417469 2371.48897942641 2233.89707965919 2075.90195090234 1932.30900205034 1832.15710588982 1709.35598964483 1427.37713162919 1221.36062402525 1072.22127746208 1024.45693348507 1087.72818565075 1166.06794729889 1374.5224391228 1422.7355594851 1267.31973755858 1141.22230690105 1240.25283562656 1174.97646641423 1092.42720392564 988.581384244489 995.453625302507 1034.72828815589 1013.15200100602 1016.27943685119 1037.34332331729 1042.96383666075 -9999 -9999 -9999 -9999 -9999 -9999 -9999 -9999 -9999 -9999 -9999 -9999 -9999 -9999
2589.56519738973 2585.11432826581 2878.96753225282 3206.59267524989 3930.52830994487 3742.56966923271 4314.13260899435 4777.09614878736 4694.54794151369 4444.0669351655 4126.79423146831 3861.84300308272 3193.59795332541 3242.49625563273 2930.18864061678 2716.5706493275 2495.34247310186 2257.45266271105 2116.29136929362 2007.8219348362 1930.37994242465 1814.496729731 1567.23244083083 1378.59230214229 1225.98993296415 1158.36802515956 1486.76520244897 1561.69924868834 1572.85699596756 1474.77760611812 1239.47926850595 1294.04364429967 1272.53009376371 1171.83031043107 1113.4603787242 1008.46741632378 1024.57371276898 974.550741361113 991.273898387686 996.273151451586 1009.69575467061 1023.23659528872 -9999 -9999 -9999 -9999 -9999 -9999 -9999 -9999 -9999 -9999 -9999 -9999 -9999 -9999
2022.7651064925 1988.04332341844 2056.43711034893 2086.3600225252 2260.77394012508 2215.76659131817 2434.66357873068 2572.06933364602 2643.28324677798 2639.63965351195 2670.30000943975 2520.77854273885 2377.65418725009 2402.46879698503 2416.62374520274 2425.07026942242 2318.15124601672 2094.86729424163 2049.51248871823 2044.26312776761 1964.36129808742 1879.09605225508 1733.83576914273 1538.20143466375 1477.38462555224 1566.1171778347 1663.44690321013 1538.98292215476 1480.62707647454 1382.00365504721 1391.01744360795 1340.10522960585 1235.60778935196 1200.1555304103 1118.75439443434 1015.91695797344 982.909391235357 987.902831970733 985.689400297712 986.109565774384 995.490076971045 1017.38412296409 1020.53940703194 -9999 -9999 -9999 -9999 -9999 -9999 -9999 -9999 -9999 -9999 -9999 -9999 -9999
1802.95899887753 1850.31710772074 1899.59464367985 1953.61433663881 2007.01917363949 2060.53379578753 2105.68360469216 2151.19956275746 2188.06053139244 2216.43786025192 2233.29148078226 2230.49781089493 2207.17725933173 2172.79046235997 2147.33288090103 2196.77013006468 2173.57391404321 2207.50591533344 2110.11957280013 1994.70232719319 1873.96913713292 1706.16475723948 1696.54756045623 1696.27991939912 1656.21372385793 1502.72639217502 1491.01463878501 1312.18119788251 1264.23279373175 1549.19063754492 1502.36576698634 1410.89492668222 1313.31079189945 1213.3655813158 1094.64472745699 1003.21728886036 975.109711655735 995.375516121916 982.181153332177 988.9279212897 1000.33022946698 1011.72774339136 1046.90703079082 1091.32969171262 -9999 -9999 -9999 -9999 -9999 -9999 -9999 -9999 -9999 -9999 -9999 -9999
1773.68078505101 1821.89728637845 1871.81897075064 1924.12364395077 1976.34221877008 2026.65183501923 2075.8183490834 2124.90444928299 2170.67927498383 2212.73677274589 2250.79833653939 2264.82174171665 2237.53011388371 2199.17576610583 2166.98320033448 2128.55081122455 2059.69277698176 1996.33700701449 1934.21317424173 1865.63370917985 1804.84039319811 1761.43358716188 1691.41182157288 1626.85023438863 1528.09888263713 1390.9003554882 1272.87675577061 1208.3959433901 1292.34779941847 1443.88805275542 1431.61830268896 1455.15368370864 1330.59217790483 1175.66607491056 1046.71783596936 1015.17351437056 998.293423601405 1009.63348050801 993.519498225806 993.043873568168 1016.35102318877 1060.79055311987 1105.04210035208 -9999 -9999 -9999 -9999 -9999 -9999 -9999 -9999 -9999 -9999 -9999 -9999 -9999
1734.9569745242 1781.87478238513 1828.22388059863 1876.47351714828 1925.62282587607 1974.6769313118 2023.35229508034 2073.31106073386 2123.84256768897 2173.72594911454 2227.97981534071 2259.16506300799 2218.68537088854 2180.80427697302 2157.81026214624 2136.79392297262 2065.92000005652 1960.87978826192 1873.00102881057 1809.90652945884 1771.41449288072 1760.28120664802 1771.99724282159 1749.7789003817 1641.73248348365 1494.17328864326 1346.79521462646 1310.30073246443 1323.4142541395 1352.65485470165 1261.34710655549 1414.19907071192 1280.19696030142 1036.25870289723 974.017311452221 969.288113541804 1004.01958695674 1020.99253349483 1008.63876897963 1015.37389907018 1036.2354936153 1121.83868027549 1143.4004975595 -9999 -9999 -9999 -9999 -9999 -9999 -9999 -9999 -9999 -9999 -9999 -9999 -9999
1684.66848546435 1728.34136135416 1770.53024037127 1813.76628846726 1858.69410558 1903.85970249174 1948.81745579391 1997.18032970574 2045.18613710376 2092.67297366434 2135.95058046528 2149.85979779148 2133.26190039292 2106.26064198214 2081.30752174214 2061.43006196655 1990.03760254157 1897.20407875391 1824.74344272892 1775.13705119155 1749.30357593888 1749.79441006621 1787.07705588665 1786.29529565897 1683.33384575219 1525.20007725721 1407.99466824295 1327.66510277387 1266.3170743113 1255.66652166685 1239.68577949068 1367.78745577885 1188.47210288481 989.212757658363 967.182909637751 979.735061879475 1028.24563443679 1032.3267846458 1034.55503205434 1058.07153686113 1097.44174295521 1178.87462898579 1190.74622133395 -9999 -9999 -9999 -9999 -9999 -9999 -9999 -9999 -9999 -9999 -9999 -9999 -9999
1628.01904777962 1665.62720128523 1702.72987920413 1740.4369532678 1778.19880166781 1816.39629907594 1856.73186420899 1899.5233204563 1940.60356976078 1979.90497609433 2007.10098846808 2016.54972097678 2006.83359173546 1983.64987984336 1961.85611567933 1932.22265761162 1848.57888704611 1778.48429924398 1730.60260757677 1706.29044909494 1702.13307619676 1716.48266352749 1737.16257745284 1717.28119684282 1633.83739398924 1483.4738175554 1355.28765749927 1286.41083039641 1253.55907330326 1245.85106169608 1259.45193553905 1359.055525172 1110.30202152226 1006.87882274241 991.211088696062 1001.22649444736 1052.35548468087 1060.8499236484 1083.51508852419 1115.66006678104 1211.6051933631 1247.74246161012 -9999 -9999 -9999 -9999 -9999 -9999 -9999 -9999 -9999 -9999 -9999 -9999 -9999 -9999
1565.93575117837 1597.84048009834 1628.99914088356 1658.30273774969 1688.29061140355 1717.78543468255 1751.24065496824 1786.23952013412 1819.56095651455 1847.84542372761 1867.15752863823 1885.64590023629 1874.2578988688 1843.08262509623 1839.22866038799 1773.95560985739 1704.16125863165 1633.55102816617 1609.76372916997 1618.2171910018 1631.31601573871 1645.99450929383 1647.4827295177 1593.38091859063 1538.18704609259 1423.25790539437 1324.09087406959 1301.69526509546 1244.1289763795 1329.43633267508 1234.27800131573 1322.19448083643 1089.01168440487 1051.24594962449 1038.87649138483 1047.50809104233 1087.92796207343 1087.88088110611 1122.71878274874 1213.20590221203 1291.30395897631 -9999 -9999 -9999 -9999 -9999 -9999 -9999 -9999 -9999 -9999 -9999 -9999 -9999 -9999 -9999
1503.60835865729 1528.02643226057 1551.19589106673 1572.62636402027 1592.30009685601 1612.0861229924 1636.12647406487 1664.15416572917 1691.14435473588 1713.24736762647 1729.26845946657 1750.73714358737 1732.34181788651 1713.70057060586 1694.91673153306 1638.00152866527 1576.76771670224 1520.19363396929 1516.38572157582 1532.54223094372 1552.58722869573 1559.5263373414 1550.14870540939 1501.17574629851 1430.99509612197 1375.26789501346 1281.03416757094 1210.78583251636 1206.31792680925 1271.92968259783 1258.38199538747 1194.13173867977 1107.54588288237 1101.34899658581 1103.0720262336 1106.50452374148 1107.07085662493 1127.12756064562 1225.13230296429 1302.50702009873 -9999 -9999 -9999 -9999 -9999 -9999 -9999 -9999 -9999 -9999 -9999 -9999 -9999 -9999 -9999 -9999
1442.31791650899 1459.32833076169 1474.66680210047 1486.35248146063 1495.86501764861 1504.68819836547 1519.59796379045 1546.13354012068 1568.65026740012 1589.84188877815 1601.65478945154 1606.34829103921 1607.79521898656 1606.19404005914 1572.03374691557 1535.78590758116 1487.95061327242 1455.12368386179 1461.6252100757 1464.31006971365 1482.46536969007 1473.4391527269 1458.93368395148 1423.07848594081 1334.05113467105 1304.19534580777 1256.56773369562 1183.48698572948 1168.2473138424 1166.62555449899 1229.99492652784 1166.07877177267 1130.68839348537 1142.01171155189 1146.91901775245 1137.11696015407 1122.69688190628 1187.36035880514 1316.02253456902 1387.86511605995 -9999 -9999 -9999 -9999 -9999 -9999 -9999 -9999 -9999 -9999 -9999 -9999 -9999 -9999 -9999 -9999
1383.96095587563 1394.32252637293 1402.29965826336 1406.06471781652 1406.42048141938 1404.86162962348 1412.46713898997 1438.28349243455 1455.13150526699 1479.3469024013 1489.65529717278 1490.46829441253 1496.24575850108 1508.42573810866 1484.10372099303 1463.53953799237 1436.19582757391 1424.27778429831 1420.25725965154 1408.16099501407 1421.3244609354 1407.6598683238 1369.87014696945 1324.56576220564 1261.79795889798 1182.30429866344 1165.15372019619 1173.15388379651 1167.88163844044 1136.57369021367 1187.40593509543 1123.39284898462 1140.99057185436 1160.41355371739 1154.56556736227 1140.94662344754 1162.93995629855 1325.99513437407 1421.70910644457 -9999 -9999 -9999 -9999 -9999 -9999 -9999 -9999 -9999 -9999 -9999 -9999 -9999 -9999 -9999 -9999 -9999
1331.067709415 1335.24912561806 1337.79010223253 1337.03407529141 1331.95170449508 1327.9989006085 1320.5094223064 1335.87164338452 1351.77894441222 1388.50343317645 1399.66342867496 1418.32258830533 1404.94686137798 1423.03560526787 1421.20371311696 1400.9177114398 1393.62696079003 1406.97631372875 1378.85374287038 1384.48169801176 1355.63292521125 1357.6928967953 1296.23471341241 1250.15486167786 1161.00591623411 1047.70635470071 1066.35489255142 1055.02745839119 1100.9046516541 1065.1193427047 1097.93097044342 1107.40518152117 1136.53098370586 1161.76613964506 1145.24689552804 1150.21382499336 1287.35479393325 1469.83604679846 -9999 -9999 -9999 -9999 -9999 -9999 -9999 -9999 -9999 -9999 -9999 -9999 -9999 -9999 -9999 -9999 -9999 -9999
1286.167150296 1283.23533465499 1282.68127089211 1281.06636595883 1272.83882272512 1280.66285265648 1249.33036729668 1238.9150306838 1264.01431839253 1327.20177352995 1328.63858691657 1372.3954279293 1346.35835312672 1356.39206831295 1363.59798041032 1366.03571823931 1352.50754080259 1363.90171685067 1319.64967487848 1354.36453077667 1326.69452009153 1315.45376239257 1245.75758463907 1179.86704204447 1102.01509462935 1030.32816182378 927.816853558574 968.095310891366 1005.91245935783 1019.70672945412 1048.5103556054 1115.68474264799 1128.64065147301 1150.97307070387 1137.66098551161 1136.70240082247 1293.58874579663 1460.99404719359 -9999 -9999 -9999 -9999 -9999 -9999 -9999 -9999 -9999 -9999 -9999 -9999 -9999 -9999 -9999 -9999 -9999 -9999
1248.42367425403 1240.66805809976 1238.63609466358 1240.40558915662 1235.33538882774 1231.51610400248 1239.97676113368 1177.52794089504 1205.90374440765 1302.27344209584 1283.24885817603 1348.82259947145 1308.49863397802 1324.29893575339 1310.71435445963 1379.22184867407 1340.86587652577 1319.78823906688 1313.67157419815 1310.82364489341 1299.00431957738 1277.57792883127 1200.12291549973 1140.42496172021 1061.70325873076 1001.47561748109 927.62358633047 963.49567517103 1012.63154844011 1004.02510948092 1042.71569788917 1114.25702096054 1102.59882783815 1116.63256673324 1123.31268469712 1185.13334606997 1353.99376274875 1417.47978379971 -9999 -9999 -9999 -9999 -9999 -9999 -9999 -9999 -9999 -9999 -9999 -9999 -9999 -9999 -9999 -9999 -9999 -9999
1224.80246354059 1215.22859123997 1214.64717934395 1227.13316578109 1226.03126753538 1215.59348727417 1235.99793592979 1185.58634474673 1188.3530359635 1301.51639953887 1259.45517255208 1319.5761596515 1286.51571591144 1312.73881151643 1288.1942851592 1375.17415729232 1369.03527739426 1297.47089918747 1319.18896712536 1281.50289554266 1275.09084026454 1228.3107861183 1183.23241714492 1124.76635891366 1077.5884626991 1014.23102416516 1009.99968703383 1004.22198266377 1051.52735858064 1009.05673568802 1078.99931923775 1112.49073155817 1090.96101057503 1116.10194032969 1136.54638972454 1231.95568621202 1362.77839891685 1344.68088989457 -9999 -9999 -9999 -9999 -9999 -9999 -9999 -9999 -9999 -9999 -9999 -9999 -9999 -9999 -9999 -9999 -9999 -9999
1216.00254526419 1215.33611609593 1223.76904694669 1242.63791870859 1241.43322406927 1221.40417928592 1229.62734898045 1217.07044797233 1200.50256015729 1287.33920364308 1255.68757897007 1307.6959678147 1281.6857170752 1318.57750205937 1288.05739215154 1381.57635508205 1357.42557451876 1299.89259971385 1341.11073083556 1253.71020297523 1293.68545947257 1181.22750715425 1185.27681014049 1134.46233780929 1089.65468944458 1021.62363008947 1180.52904890739 1024.76331132259 -9999 -9999 -9999 -9999 -9999 1123.69212987667 1112.74549814927 1194.94392240208 1296.57589642773 -9999 -9999 -9999 -9999 -9999 -9999 -9999 -9999 -9999 -9999 -9999 -9999 -9999 -9999 -9999 -9999 -9999 -9999 -9999
1219.98819826406 1228.43157496305 1242.26873467676 1257.18992646499 1255.77877481913 1230.27384801153 1224.4651794354 1235.91976057349 1213.16360582632 1261.49205433036 1262.7349581782 1300.69130981204 1290.72037359393 1335.26234241769 1312.65173495512 1390.85720841032 1351.9496407052 1316.12103708895 1358.54752957241 1248.33772491749 1336.61040666081 1153.29828866617 1216.54259221649 1202.25663251957 1137.12253731867 1060.05170808241 1264.67817539944 1039.58434428192 1047.14251237623 -9999 -9999 -9999 -9999 -9999 -9999 -9999 1232.8593156201 -9999 -9999 -9999 -9999 -9999 -9999 -9999 -9999 -9999 -9999 -9999 -9999 -9999 -9999 -9999 -9999 -9999 -9999 -9999
1231.71206015746 1248.19775930671 1268.96086295584 1283.09706385895 1280.53957810138 1257.5271468813 1240.68551129749 1253.29815148969 1236.85177260757 1283.93622060838 1277.7854293752 1301.62088688382 1311.36352052579 1340.44081885434 1327.33486256633 1358.28152714838 1379.33710448173 1313.95743949749 1355.83586987892 1320.64249405725 1378.23152148636 1160.26031225125 1195.78734500071 1189.46628581617 1175.71829778747 1103.53731155993 1154.6932624663 1102.99580592594 1118.87505920649 -9999 -9999 -9999 -9999 -9999 -9999 -9999 -9999 -9999 -9999 -9999 -9999 -9999 -9999 -9999 -9999 -9999 -9999 -9999 -9999 -9999 -9999 -9999 -9999 -9999 -9999 -9999
