catData/variables/pastClimate/lig/bio10.asc
NCOLS 409 
NROWS 350 
XLLCORNER 60.897278365 
YLLCORNER 5.843756025 
CELLSIZE 0.0892857 
NODATA_value -9999 
[rows 125 to 149 of 350, columns 112 to 167 of 409]
34.4056518930432 34.4645435749077 34.4491468236087 34.5332702525818 34.8970026259208 35.1254803123208 35.2484805260076 35.3050160547826 35.2971429554209 35.2887090504776 35.3607983549912 35.4936252498295 35.5993084278784 35.636375342014 35.6046134666277 35.5880888669277 35.5319164283264 35.5088083860314 35.484705646117 35.4303730750041 35.4149981131021 35.3972744115081 35.3762835728725 35.3672396241811 35.310993341961 35.2757602402823 35.2473014761298 35.1898446211928 35.108742519239 35.0572288370745 35.0137894795154 34.9109577046748 34.8220165295771 34.6452291083619 34.1679193236423 33.7163270672803 33.4540180312197 33.4264940133496 33.8164780250874 34.1471020776648 34.3079392777234 34.4508594820722 34.5735704771967 34.6639767373323 34.7267263297971 34.8206662023046 34.9423639111628 35.0594908832343 35.1553272175967 35.2334322016997 35.3071276929669 35.2821789655078 35.3945511823323 35.3898863370337 35.3959412347996 35.4470139085231
34.3902589802648 34.3904154656484 34.4396873402984 34.4866725904127 34.7151858807739 35.0221116897742 35.2235604483105 35.2531689048432 35.2579531471841 35.2997905515769 35.4051396487463 35.5413418342901 35.5790536648233 35.4701641098159 35.4649002958581 35.5024554042651 35.4248647010607 35.424311670591 35.4220416127689 35.383468769722 35.3684095504631 35.3287901298132 35.2978734383181 35.2658631704286 35.1960878306297 35.1808116730061 35.138858297824 35.0978240725926 35.0421628774988 35.001055400194 34.9382402406774 34.7994563932373 34.6679555704023 34.2542138258786 33.4887987746072 33.1599984568453 33.1094034205835 33.4002451130815 33.8531130545531 34.0862984360186 34.2701662919164 34.4115290058316 34.5287416719193 34.6405114846739 34.7683109563802 34.8828705176477 34.9961430198781 35.0982373393721 35.1790941651812 35.2689332536964 35.2856971556274 35.3421979575367 35.3513035473029 35.3903629827807 35.4407940507041 35.4953931666436
34.2938203415702 34.2726581334751 34.3078618667124 34.1978383496126 34.7475475885704 34.9689677534166 35.1609092264724 35.2061736884425 35.2517751284104 35.2674768655732 35.3548387373023 35.4662313314757 35.5064471723354 35.4387122303789 35.4144300258725 35.2733205136795 35.1017562336662 35.1477016046505 35.2700177087698 35.3159079419728 35.2964715259285 35.1999391424549 35.1677968947179 35.1735652220109 35.0846523593571 35.0551238850556 35.0488474100869 34.9942549426054 34.9526331835203 34.9275638226881 34.8221806609891 34.6730179765175 34.4338625942576 33.5779087158151 32.7008986741653 32.9132068171833 33.2508681429879 33.559640170397 33.752240020467 33.97746456998 34.2234018897052 34.3423244596237 34.4531806104411 34.5862640764242 34.725210975253 34.8447993797531 34.9799049435198 35.0815738643213 35.2020596255629 35.222048619149 35.1840997615351 35.3225442463963 35.4814986144084 35.5745343044342 35.6253754059417 35.7037162198464
34.2361150202608 34.2462095340167 34.2288790934969 34.234834597191 34.8003816599007 35.0386504616285 35.13158632907 35.2023964864844 35.2652663691425 35.2922085776323 35.3280645034148 35.4354455525607 35.4593087467409 35.4362064684111 35.2776281673363 34.9531468055343 34.7343222318695 34.6184305840558 35.0831454597201 35.2507198738893 35.1983439855491 34.9297006357628 34.9193356400286 34.9892504498137 34.9006659239307 34.8929218132079 34.8946698850486 34.8348426938316 34.8149661810407 34.761511584211 34.6787651263714 34.5565538667655 34.0234568045013 32.8803864513324 32.6567596592914 32.9488763543643 33.1838945649947 33.3884373938547 33.661117536132 33.9286661364951 34.1211106266525 34.2061801851101 34.3786180816174 34.5224404422501 34.6728999411506 34.8555350966595 34.9303672670709 35.0616539448976 35.1475377660692 35.0904331210295 35.2243258551839 35.4146203067277 35.5948738786597 35.7533423188824 35.8299995881306 35.9005746621728
34.1912011594386 34.3036068912215 34.4945149339265 34.3638394604374 34.7215405032449 34.9503869469988 35.1144063136681 35.2231940994313 35.3015590424116 35.3580151076795 35.3959167336654 35.4274970272661 35.3868917690751 35.2710456123607 34.9767461341677 34.2952027702712 33.8152511448658 34.6148631716311 35.0694997212658 35.1146570264526 35.0301277003747 34.9490763987309 34.8624003127504 34.8318747146868 34.8515670504453 34.8181759544699 34.7597708583333 34.6950491875177 34.6340333940585 34.5672313818904 34.4710275553646 34.353333371126 33.4680958185119 32.5762343912127 32.571670385993 32.8731661995086 33.1508546989288 33.3899473119524 33.670646770631 33.8311257657349 33.9616296376465 34.071110567517 34.275608519631 34.5099145533847 34.6779080232291 34.7818952723445 34.9632617172056 35.0630484387803 35.0599795852997 35.1655476568173 35.3740739873886 35.5658855407919 35.6866032474132 35.6340028724382 35.6026847626013 35.8996275011877
34.0501162175428 34.0819846381959 34.3560621637959 34.539118460902 34.7525758874897 34.9305802224719 35.1033212098548 35.2085665373832 35.3091809809261 35.3317112561444 35.369089566705 35.3922987518703 35.3308590516417 35.1710725208588 34.8872108316873 34.4572332128844 34.2927772422125 34.8617345198415 35.0100874226403 34.9605679580261 34.9077802995856 34.8587536668124 34.8211045736177 34.7681279206614 34.712714552379 34.6505604445209 34.5813504934207 34.4993060856859 34.4303073066666 34.3715074075018 34.2417466843638 33.6883867317623 32.5056576865914 32.1053875940547 32.4920962151155 32.8913942816582 33.2089945678781 33.429459500496 33.615465264498 33.7940522275282 33.9651127603781 34.1050285366934 34.2272663680999 34.4428706012538 34.6408282563306 34.8301342732978 34.9341333325804 34.9465173932376 35.0365643706178 35.2314235780651 35.2720057359824 35.3266106802177 35.6655392447641 35.8060388858143 36.0688082772416 36.1681514842711
34.1520227592791 34.2513050640037 34.4115098481799 34.569646600972 34.7338937115077 34.9146602718208 35.080044130952 35.1807412728349 35.2702474799297 35.3060324043058 35.3232324837438 35.3135029480548 35.2591494597002 35.1594431118996 35.0138827660378 34.879195929924 34.9477186483904 34.9668394872795 34.6413885531599 34.7335160137988 34.6586883304507 34.6975379716081 34.6719265914871 34.6237532332532 34.5336770417501 34.4561468294954 34.3820252300628 34.2871958926946 34.2096120432996 34.1099923263653 33.6785100351485 32.3311992291845 31.9247188744212 32.2100178653279 32.5972602833554 32.9239491012543 33.2201894289017 33.4388134289873 33.6134471243221 33.7763549895948 33.9213470020446 34.0984809778309 34.2369602655181 34.3964357337989 34.564893462309 34.7397634615367 34.8713296469713 34.9091980935345 34.9878957695394 35.0697050657674 35.0039143239798 35.4450596496875 35.9229573737909 36.0606406704273 36.1693781853098 36.2003238488935
34.2347669193648 34.3316831205785 34.4499313616377 34.5866703115169 34.7410992305201 34.8868337418784 35.0279826360005 35.131751340925 35.209867478215 35.2448462317394 35.2396214729776 35.219125448142 35.1827086659618 35.1216264398966 35.0685666896926 34.9890274753476 34.9644885625552 34.8722655749787 34.5997018758842 34.5684138194677 34.2762287996164 34.465247554093 34.3236154717523 34.368911573006 34.2415099666555 34.2040992138586 34.1682330228222 34.0807038276318 33.9871104245005 33.7876631783739 32.6112734655925 31.5434565769748 32.044063411963 32.4171210802942 32.7401182989844 32.9722951598915 33.1982829511063 33.3814021278158 33.5713152019498 33.7242388585166 33.926670639615 34.107562978669 34.2463766904052 34.3945448276822 34.5512740311427 34.6971549695997 34.7964486103378 34.7219398013753 34.7374176527615 34.5872864878548 34.7258513634655 35.3325881914095 35.7165523767947 35.9810701061086 36.1400846501999 36.1994366900371
34.2878193980371 34.3659149606137 34.5012662659559 34.6029321785328 34.7275802537361 34.8263222211935 34.9475856662285 35.0773408304471 35.1528738987319 35.1777727905871 35.1586500651706 35.1460294307198 35.1071738038211 35.029018399348 34.9635768639483 34.8642674521679 34.7936035577654 34.7447655686491 34.6872302549741 34.5671708753954 34.3972324937864 34.2497260905927 34.0549099055034 34.1739119487153 34.1115724645517 33.9970800637449 33.998576005353 33.8993734923798 33.6974881568662 32.4615074892946 31.1784964042243 30.8652564617472 31.9139916613498 32.5051409334918 32.8073036790563 33.0171728187135 33.195317852439 33.344414549833 33.5433497331095 33.751692127272 33.9119398857801 34.0508048668676 34.226383102997 34.4066357259189 34.5263379323724 34.4972955190366 34.5580851119067 34.4573038670373 34.1567032771894 34.03126849788 34.1871073176201 34.4713154289848 35.08360295305 35.5374039545696 35.8730008050807 36.1179114569013
34.3300368908797 34.4361509547963 34.5280933855055 34.6306759142685 34.7226298775042 34.8233731474722 34.9564883179332 35.0252330415938 35.0531202435077 35.116517828836 35.088079750369 35.0312504984265 34.9510425594236 34.8591014459338 34.7597000856971 34.6264683342992 34.4668187117546 34.441579515582 34.4205902900919 34.3489009752377 34.3147211423423 34.0600985979946 33.8352848367214 33.9411420876173 33.8938113280816 33.8187837216633 33.7202249216082 33.0542946333405 31.4854027099389 29.6739714163956 30.3501445610754 31.4088110773755 32.1765224182602 32.6041741934306 32.8853748507876 33.0649030147384 33.2324337159062 33.3654228373902 33.5196634600027 33.6474367011273 33.7477251929397 33.9779610297161 34.2155469712149 34.3458817559933 34.2888135418167 34.2472706536185 34.2764469922183 34.0238155053345 33.7936204416851 33.929131290774 34.1155741901991 34.2853245045189 34.4723653632269 34.826423727048 35.2786660652604 35.6104046873168
34.3722664923701 34.4642488195707 34.5537342649635 34.6547112669036 34.7681816333355 34.844509735659 34.926580365547 34.9699663841732 34.9820873835136 35.0102544903713 34.9725293754721 34.8976887506305 34.7748070301155 34.6391578747692 34.5317904155896 34.3829633327349 34.2087353323637 34.0990291739266 34.0797099020345 34.0616448265346 34.029948893969 33.9574513695229 33.6281512107805 33.4703498044409 33.3881803482138 33.5401660187711 32.9620684223676 31.4100369753662 30.2375224742003 30.0675128872561 30.5916341468935 31.8070750280021 32.3093628223154 32.6348692433645 32.8411830862024 33.0273494313613 33.205203406362 33.3271895708538 33.4404223837602 33.5950292593879 33.7530289144941 33.9220239611896 34.037130901976 33.9497580930158 33.7011811033986 34.0642376837976 34.2400711987594 34.2783976369721 34.3812595460089 34.5003295734762 34.3359154570226 34.7183523541791 34.888709922581 34.6617598508039 34.7168157960732 35.0872668400516
34.425946992994 34.5075403665365 34.5981551551624 34.698177086678 34.8016687037581 34.8437830835395 34.8844116028628 34.9265563999148 34.9336858700416 34.8927637503393 34.8313537311972 34.724394309055 34.5625655810146 34.306252984758 34.2057913638405 34.0299818353159 33.6472973333936 33.6314230570969 33.7369283822098 33.6342909483826 33.6462577841929 33.5305413861516 32.9662687489422 33.0302028501965 33.2045095765863 33.0538588547786 32.2043221613265 30.8850167783121 30.380197135859 30.6855049950904 31.1292079380536 31.7716167568856 32.1715913054528 32.4965339021275 32.7656027390527 32.9830976465432 33.2012686394657 33.3198973497178 33.4502851912116 33.6337141307632 33.7889001216516 33.9224886393629 33.7247932707578 33.5564581865259 33.6172891515132 33.7378405249082 33.9085134772135 34.0958511821359 34.2951944431465 34.4262621857337 34.5391560854547 34.6963835848851 34.9001383763014 34.7353423620402 34.6739537540032 34.8530073149845
34.4549761121197 34.5389624962609 34.6452953277308 34.7409167612063 34.8579070282383 34.8734533051908 34.8708549123977 34.843168137674 34.8381302357439 34.7636755718116 34.6789279428587 34.5328597602469 34.3157504681872 33.9258592216058 33.8547286638472 33.5928808697579 32.9779505219249 33.1264228929053 33.4110895805876 33.2462149621589 33.2847649707773 33.0163674065365 32.7227297430469 32.9387332601184 32.9218924759783 31.8728583807822 31.3831536047192 30.5614415529544 30.2098080720904 30.5402366687922 30.9459602538985 31.5619054727333 32.1729828746927 32.5602254712209 32.8072800418822 32.9957538944738 33.180136066695 33.3468198151369 33.4803817658901 33.6237608080729 33.749279674721 33.7940168108978 33.6368017489284 33.360336766657 33.4344757726248 33.5991348061246 33.8617722693759 33.9967355173528 34.0780134719573 34.1001560563404 34.1671359604948 34.4672980388338 34.7862675174532 34.6717877781547 34.7947971700213 35.0123929192931
34.5322340246438 34.6287934312067 34.732829751912 34.7874548806308 34.8277888393915 34.8233527354473 34.7987388070383 34.751675659894 34.7144081100645 34.6373076682498 34.508744711625 34.3640731346167 34.1518374273042 33.9290751137197 33.764453505994 33.4886715979424 32.975637799927 32.7677223397905 33.2032197268384 33.2609516120382 32.9057685500775 31.8187191429767 32.5900874100751 32.9691609061884 32.4870450770698 31.546353053091 31.5038735644487 30.5817571409421 30.1671160351063 30.3914732542077 31.0802911647486 31.3501222895172 32.0548216643689 32.5470432899766 32.799668937631 32.9945695183289 33.1274917094944 33.2707975714075 33.387936090244 33.5229604425048 33.5638654920015 33.602686790002 33.6494139476918 33.3802129332943 33.1245112794434 33.2801911969405 33.4993013351316 33.6316197388132 33.9374364309007 34.2803734237223 34.5143969872166 34.5098553171747 34.5052274524313 34.4754159377907 34.3275531620802 34.8573147381907
34.5878062594491 34.728312152098 34.7922018693213 34.79995711949 34.7850358524976 34.7358352354043 34.6845998148454 34.6339169860346 34.5526311332312 34.4956274778878 34.3683910946502 34.2297943086754 34.0627390624661 33.8734300168373 33.6155510595568 33.4098042852529 33.1456058185088 33.1821831698394 33.3669877529409 33.3458474302151 30.5398907385874 30.0590757459648 32.872910732414 32.8431113350761 31.9544987595256 31.96779749755 31.631416766112 31.0615602686643 30.9006733201853 30.3372352377041 31.3084852123215 31.7760771328776 31.9870233467902 32.5194928112953 32.7376204373421 32.8743152429255 33.0217993880596 33.124847952429 33.2022581627678 33.3578622944716 33.4101273527218 33.4350811992754 33.5328263800371 33.5803418807188 33.3415447505444 33.306031547406 33.3810153336481 33.4939324493076 33.6061235279807 33.6955647308775 33.8702198230132 34.0187356505824 34.2308274051342 34.1483959067593 34.15486352108 34.6877141561857
34.6013734388996 34.6726089749794 34.7119214094953 34.7279722564056 34.7027391190625 34.6477545674134 34.6054984675757 34.5527903465946 34.4623717026702 34.3507330825917 34.2544173676806 34.1227261468888 33.9778263359179 33.8035904862476 33.6408523153047 33.4913319272834 33.4549243088195 33.454232253771 33.2883260750805 32.9972421468291 30.49674237154 32.3848049016423 32.7419500335648 32.4052034703136 32.4731289912456 32.3913412500264 31.6309313429589 31.2670243482013 31.211143221091 30.525008333744 31.1961472658413 31.8698136605454 32.1664473822518 32.4939361891486 32.7701059466002 32.8663639607966 32.8965624289907 32.955514350625 33.0534308857446 33.2187594730722 33.2377497986749 33.2133640801646 33.3540917965432 33.3627089600719 33.3469375874169 33.427916905418 33.4625204568155 33.4695790060348 33.3959277440488 33.4250808380919 33.6915638682735 33.9271528739134 34.3078112975699 34.2479559415918 34.1882188878403 34.5653152716585
34.544328309444 34.5904651792316 34.6123756711115 34.6508446166746 34.6540713578592 34.6193446845118 34.5533016699242 34.4877967005761 34.3875071612249 34.2764236388007 34.1557090294121 34.00839659081 33.87896938489 33.7270731956911 33.5774778144675 33.5285566894761 33.456067136367 33.0524656417819 32.9019289302126 33.3267107716206 33.164232960393 32.6856287878886 32.0578207789018 32.2179888820624 32.7043210244435 32.4866316629483 31.8151261449934 31.3797108479272 31.5249251052214 30.6593243245189 31.1378489172953 32.0064416937859 32.3555679878 32.83570907754 33.1817018185839 33.1641825270527 33.0467116371678 32.9339358739228 32.9792686796544 33.0823197178596 33.0231188497416 33.0237606517003 33.1409228986845 33.151758432761 33.2445249132916 33.4455639464243 33.5397482738167 33.6317073429473 33.7990101821774 33.837865906603 33.9085881526405 34.1669094485606 34.2720407085335 34.2473012248504 34.3391842170251 34.502168955357
34.4903239465687 34.5243920299254 34.5628883406584 34.5970926920729 34.5948928201482 34.5603160929286 34.4725836544133 34.4144852241958 34.3148907577503 34.2115180746103 34.0671668808692 33.9494109283256 33.8329713939106 33.7195666371624 33.6457755424259 33.6356782484346 33.4602694500805 33.0837566767238 33.1571102036609 32.9172158784656 32.5267567579493 32.1698388003401 31.9060113070161 32.6314698792109 33.0887518337568 32.8213312415292 32.0858548944814 31.6651871172142 31.5179582002836 30.8667663805243 31.6637862787314 32.5236847516864 32.8848901399964 33.2493568812106 33.5154723726686 33.506356272096 33.3385566870151 33.0510459117962 32.8935429078426 32.8998535507195 32.7483185500059 33.0193297975175 33.0862221475796 33.0487668196154 33.2247668163865 33.4192095358555 33.5519411016708 33.6621237930478 33.8180446831664 33.9616446325871 34.0945450072602 34.1556227799673 34.1009714621961 34.1067741116369 34.1959319471133 34.3959062247664
34.4885764656436 34.5028562116869 34.4962673238878 34.5185408674709 34.4996215778517 34.4707462233221 34.3955568264915 34.3236358177227 34.2472910112109 34.1790101897774 34.0260348059769 33.9149977493706 33.8065655262826 33.7257529050448 33.6801647109088 33.5773625394479 33.4574157528875 33.3279842836239 33.1422540388836 32.6784127419973 32.3106790200492 32.1919685255786 32.461708638946 33.1682680303736 33.2302031573512 32.651256294026 32.0915874207968 31.6574269901405 30.9548665491193 30.8617417882305 31.7029947570324 32.3474520824963 32.9148946145988 33.4336243743232 33.6851546647704 33.6403427513938 33.2526500795163 32.9918575058331 32.9842787535131 33.0607676615875 32.8214916312395 33.1349653808807 33.2374466276463 32.9372098875091 33.0527927675827 33.3248295345571 33.4640162067002 33.6253632213419 33.7382771409155 33.9307833770394 34.0066239780934 33.896363136552 33.8862280954458 33.9232780830323 34.0868564416927 34.3034339162042
34.4404850203 34.4598482319957 34.4741073830796 34.4406440043869 34.4497330704443 34.4081079265126 34.3520996012114 34.2757248162331 34.2001820952155 34.1218119463337 34.0149075716846 33.9069454433529 33.7976778925744 33.7370111864504 33.5955418491359 33.4990066775621 33.3280338522766 33.1712096200125 32.9927108485591 32.2097053118463 32.7824140183362 32.6309000957105 33.0561259809475 33.4135192582992 33.198852807092 32.2653817338875 31.4949928515985 31.501795909529 31.4415405607562 31.4039232179276 32.127367374961 32.67490055023 33.2730673628462 33.7393474558229 33.7422337536796 33.689849159692 33.1918966585102 33.0773773937761 33.3927815056791 33.7743175035773 33.7471028817651 33.3687426191754 33.408251400697 33.0251950706629 33.0482064523014 33.1361829848505 33.3344758595793 33.5074724486809 33.7112059669336 33.8351463287718 33.9007394936721 33.782208709522 33.6607739408779 33.7924430088876 34.0113659874203 34.1651592197506
34.3830092726769 34.3779974982052 34.371555416306 34.3677360756683 34.3706627361968 34.3120231004529 34.2638520891943 34.1999285793817 34.1633728435917 34.1066528751138 34.0178234480825 33.9200488916178 33.8444185136402 33.7490806757568 33.6556747520067 33.536365385765 33.3739664951824 33.2274037090783 33.142906418138 33.1909052428405 33.0312350564983 32.9197830125192 33.2808819454408 33.4812969508232 33.2990403567698 32.7156183015318 31.883809566635 31.7739060977083 32.2419734352781 32.3133545289614 32.7446521704297 32.9404280416561 33.1185506604036 33.6983889658066 33.9215152910906 33.8748494906862 33.4406284067015 33.4202991376069 34.028548678834 34.2815187555573 34.2136914395689 33.5467627544495 33.120441165388 32.8203281359716 32.9251161134139 33.0369072590768 33.3013868516279 33.4536484682483 33.5181825119697 33.5965385778938 33.672785220664 33.780104000585 33.7134333495766 33.6637386032657 33.7751377439076 33.9815308167513
34.3259774836993 34.317377201848 34.3031467755878 34.2949918518223 34.2831743486927 34.2412673493617 34.1891674194663 34.1269686327961 34.0846943938381 34.0395209767607 33.9846519709675 33.927505987805 33.8426196472428 33.7797382022844 33.6824202574126 33.5614765596331 33.4398121859193 33.3269265254647 33.2793926023109 33.2475224431494 33.1040033535838 33.2931492862948 33.4556120692035 33.4665873518779 33.3810592317428 32.9884809077989 32.5554435728455 32.3709719526877 32.3699677510302 32.5841436907432 33.0079242453071 33.2708529974048 33.4086998824808 33.755597409561 33.9750308086449 34.1453728406681 34.21020655165 34.1001403799329 34.2122036383843 34.3073610854452 34.1729965217715 33.3337191184557 32.8429836907992 32.7853554124394 32.8363605895131 33.1267066322948 33.2332458686786 33.295008469273 33.2896870849854 33.3696005173159 33.4993491778227 33.6767909958934 33.7102993023333 33.6421935130808 33.5609551219971 33.6291379133988
34.2112217773138 34.2292506349814 34.1900787796144 34.2003993111846 34.1825664448636 34.1534887799715 34.1344025893897 34.0857530614561 34.0424369416889 33.9994628709978 33.9501818618203 33.9157906275473 33.8465408120162 33.7826718072377 33.6812712509501 33.5814066851106 33.4940736284381 33.4040126480658 33.3297666762261 33.274061150643 33.2390611046228 33.3789333765368 33.379198462675 33.282025268524 33.3155224288963 32.8833372454243 32.5523643753106 32.6144469516144 32.408057938014 32.6070968867973 33.0298414775091 33.3362663296263 33.4846816253476 33.6491087019533 33.8998487997899 34.1466767256605 34.2348576701897 34.3501242437575 34.3050876319382 34.3248347620178 34.3156013679482 33.3930035652227 33.0090097102636 32.8655114222569 32.8251563771846 32.9204260158182 33.0222846840797 33.093990709083 33.1348240365024 33.2906316041728 33.489032957266 33.5979159476544 33.616868674041 33.6190562353334 33.49382425931 33.3990145286311
34.1241279138013 34.1605152644903 34.0420739367683 34.0236157681935 34.0936770484761 34.1066773886221 34.0858046363639 34.0452687869188 34.0058573075391 33.9702504259466 33.9409152416039 33.8875849189179 33.8189794956198 33.72219338452 33.6705114118947 33.5898777421639 33.5245353927766 33.4561334448151 33.3894634946547 33.3560966014754 33.3842688919258 33.4788696031285 33.387347215668 33.3021131401853 33.3625947614267 33.1424108370525 32.96235971241 32.7757201004073 32.6210085806591 32.707036828877 32.9570807524135 33.1679992023055 33.3079215655556 33.4979399954738 33.8601674163514 34.1772947051547 34.2879244758441 34.3406953236663 34.2314952911766 34.1950372330831 34.1706033294454 33.8079280846623 33.3413209294614 32.965013848675 32.7867597275733 32.7657466888505 32.838248919541 32.9956926590612 33.1549627502544 33.3241252335567 33.3633193016251 33.475558410617 33.5346054534483 33.5364498599346 33.4674829422992 33.3450093635628
34.0536355111389 34.0614955611325 34.0446883377629 34.0410825272328 34.0674200062148 34.0699793674405 34.0296330258046 33.9881662712055 33.9914370652487 33.9156575053986 33.916730788518 33.8578687998968 33.786016111305 33.7075420627924 33.6747896816458 33.598404987086 33.5601734244185 33.507852963922 33.4349277480182 33.419358122825 33.4061836219988 33.4813315501422 33.4696047758378 33.3866524716312 33.3598799233656 33.2446021372243 33.3238742773047 33.135136176899 33.002581413038 32.8078768265895 32.7428934031833 33.0116793992544 33.3812446738408 33.6817797070245 33.7844830933946 34.0871413956598 34.272716970597 34.1865667472566 34.1711515584044 34.0011357356656 33.9265542056498 33.7748602095236 33.3655638564748 32.7677419617253 32.6342917783407 32.6524127705721 32.7752958813793 33.0223088642543 33.1914205461659 33.2449644150005 33.1883681001515 33.3295926026833 33.3832610238344 33.4061279437681 33.4520807644398 33.398804839858
