catData/rasterBestHybridModels/Pbengalensis/RD_BM001_RM2_LQH/Pbengalensis_min.asc
ncols         409
nrows         350
xllcorner     60.897278365
yllcorner     5.843756025
cellsize      0.0892857
NODATA_value  -9999
[rows 29 to 57 of 350, columns 132 to 197 of 409]
1.76374E-4 1.79446E-4 2.11707E-4 2.54898E-4 2.5803E-4 2.33973E-4 2.17714E-4 2.21655E-4 2.56085E-4 2.44525E-4 2.45681E-4 2.78719E-4 2.80648E-4 3.23795E-4 3.03638E-4 2.76655E-4 2.55682E-4 2.4552E-4 2.6369E-4 3.01989E-4 3.03339E-4 3.07338E-4 3.09076E-4 3.08077E-4 3.1697E-4 3.13638E-4 2.90004E-4 2.76714E-4 2.57745E-4 2.33821E-4 2.3148E-4 2.29105E-4 2.3115E-4 2.46245E-4 2.61527E-4 2.68369E-4 2.72709E-4 2.84828E-4 2.81827E-4 2.75681E-4 2.74476E-4 2.7155E-4 2.55033E-4 2.48799E-4 2.34179E-4 2.29637E-4 2.03794E-4 1.64112E-4 1.51427E-4 1.37538E-4 1.16146E-4 1.16225E-4 1.81884E-4 1.91228E-4 1.57753E-4 2.15884E-4 2.61175E-4 1.92608E-4 1.63707E-4 1.17086E-4 8.70501E-5 1.29265E-4 1.56747E-4 1.28078E-4 7.74389E-5 9.24933E-5
2.2859E-4 1.84979E-4 2.06484E-4 2.33988E-4 1.98019E-4 1.84865E-4 2.13806E-4 2.17799E-4 2.10723E-4 2.51661E-4 3.20311E-4 2.54849E-4 2.6116E-4 2.88734E-4 2.85723E-4 3.0238E-4 2.66589E-4 2.56755E-4 2.56407E-4 2.74048E-4 2.7058E-4 2.59737E-4 2.98659E-4 3.30934E-4 3.32803E-4 3.20153E-4 3.04438E-4 2.87948E-4 2.79434E-4 2.74589E-4 2.4724E-4 2.46575E-4 2.39279E-4 2.39612E-4 2.60298E-4 2.66155E-4 2.69481E-4 2.66427E-4 2.50002E-4 2.46177E-4 2.69017E-4 2.59178E-4 2.4596E-4 2.38989E-4 2.24741E-4 2.15615E-4 2.12999E-4 2.07467E-4 2.0194E-4 1.86933E-4 1.70626E-4 1.63964E-4 1.77878E-4 1.66511E-4 1.54478E-4 1.92566E-4 2.47661E-4 2.58839E-4 1.9696E-4 1.70638E-4 1.43016E-4 1.28264E-4 1.67621E-4 1.32104E-4 7.70449E-5 6.97306E-5
2.56345E-4 1.8403E-4 1.68172E-4 1.7614E-4 1.77599E-4 2.14543E-4 2.42334E-4 2.86146E-4 2.20555E-4 2.21923E-4 2.55521E-4 3.21268E-4 2.95555E-4 2.97649E-4 2.88044E-4 2.89933E-4 2.96391E-4 2.85498E-4 2.71036E-4 2.72539E-4 2.71847E-4 2.97521E-4 2.99366E-4 3.16057E-4 3.03995E-4 2.99069E-4 2.81324E-4 2.64419E-4 2.69961E-4 2.7231E-4 2.70103E-4 2.59595E-4 2.45901E-4 2.21234E-4 2.06183E-4 2.3874E-4 2.61357E-4 2.45447E-4 2.20249E-4 2.42382E-4 2.46843E-4 2.31745E-4 2.35101E-4 2.23108E-4 2.15459E-4 2.04394E-4 1.98253E-4 2.12931E-4 2.2647E-4 2.40535E-4 2.50336E-4 2.43904E-4 2.42036E-4 2.02474E-4 1.97334E-4 1.71946E-4 1.81986E-4 2.45238E-4 2.60469E-4 2.40712E-4 2.04848E-4 1.29224E-4 1.66908E-4 1.52743E-4 1.26272E-4 1.20489E-4
1.43487E-4 1.47612E-4 1.25716E-4 1.47187E-4 2.34938E-4 2.33732E-4 2.57053E-4 2.57215E-4 2.38759E-4 2.28095E-4 2.51013E-4 2.66849E-4 2.80862E-4 3.23711E-4 3.33073E-4 3.35294E-4 3.23232E-4 3.06127E-4 2.90443E-4 2.75453E-4 2.71046E-4 2.6911E-4 2.94008E-4 2.69871E-4 3.00491E-4 3.00234E-4 2.8208E-4 3.07001E-4 3.2338E-4 3.27686E-4 3.06851E-4 2.70659E-4 2.71668E-4 2.37818E-4 2.19657E-4 2.1133E-4 2.44044E-4 2.44111E-4 2.32014E-4 2.17572E-4 2.13122E-4 1.92815E-4 2.05917E-4 1.90368E-4 1.8566E-4 1.83501E-4 1.96832E-4 2.04584E-4 2.00105E-4 2.39922E-4 2.57973E-4 2.60988E-4 2.56682E-4 2.56537E-4 2.72143E-4 2.43688E-4 1.78742E-4 2.04806E-4 1.92385E-4 1.54248E-4 1.92134E-4 1.89581E-4 1.71432E-4 1.2438E-4 1.07149E-4 8.88485E-5
1.15482E-4 1.33345E-4 1.16101E-4 1.25141E-4 1.952E-4 2.25056E-4 2.45787E-4 2.65768E-4 2.41326E-4 2.34874E-4 2.84033E-4 2.9016E-4 2.7671E-4 2.77466E-4 2.97022E-4 2.9231E-4 3.02585E-4 3.08814E-4 3.08719E-4 2.93872E-4 2.76706E-4 2.74938E-4 2.70008E-4 3.08578E-4 3.12662E-4 2.86633E-4 3.24018E-4 2.95062E-4 3.09809E-4 3.17276E-4 3.09175E-4 2.87466E-4 2.7396E-4 2.54732E-4 1.9928E-4 2.15736E-4 2.27194E-4 1.8082E-4 1.59349E-4 1.7571E-4 1.81356E-4 1.67221E-4 1.5739E-4 1.57939E-4 1.48562E-4 1.42496E-4 1.81346E-4 2.03193E-4 1.84506E-4 2.05429E-4 2.39198E-4 2.79455E-4 2.88824E-4 2.70745E-4 2.77412E-4 2.78122E-4 2.69776E-4 2.00942E-4 1.80268E-4 1.7804E-4 1.97045E-4 2.06882E-4 1.55142E-4 1.25844E-4 1.36119E-4 1.11177E-4
1.12847E-4 1.19108E-4 9.07407E-5 1.1951E-4 1.55295E-4 2.06326E-4 2.75525E-4 2.60524E-4 2.48386E-4 2.23169E-4 2.40449E-4 2.59049E-4 2.83227E-4 3.23844E-4 3.27217E-4 3.05349E-4 3.31562E-4 3.89844E-4 3.21615E-4 3.05745E-4 3.02149E-4 2.81441E-4 2.76218E-4 2.85264E-4 2.86822E-4 3.07311E-4 3.13547E-4 3.11792E-4 3.41445E-4 3.62905E-4 3.45863E-4 2.98801E-4 2.83398E-4 2.5946E-4 2.29482E-4 2.1348E-4 2.05513E-4 1.61604E-4 1.81177E-4 1.75159E-4 1.80125E-4 1.79226E-4 1.55174E-4 1.51471E-4 1.57272E-4 1.51367E-4 1.67836E-4 1.78998E-4 1.94933E-4 2.36378E-4 2.52468E-4 2.31735E-4 2.26305E-4 2.24878E-4 2.80628E-4 2.70301E-4 2.63143E-4 2.51216E-4 1.83546E-4 1.49061E-4 1.74786E-4 1.83553E-4 1.57876E-4 1.39038E-4 1.53702E-4 1.34918E-4
9.92278E-5 8.62388E-5 1.03341E-4 1.52713E-4 2.07955E-4 2.46351E-4 2.65529E-4 2.63811E-4 2.63036E-4 2.33236E-4 2.21355E-4 2.50614E-4 2.68222E-4 2.74463E-4 2.87687E-4 2.90898E-4 2.99525E-4 3.09013E-4 3.08706E-4 2.96122E-4 3.21949E-4 3.24459E-4 3.20753E-4 2.78163E-4 2.71602E-4 2.77763E-4 2.84251E-4 3.00356E-4 3.10914E-4 3.13313E-4 3.39365E-4 2.95431E-4 3.05556E-4 2.81658E-4 2.57654E-4 2.23385E-4 1.97155E-4 1.80255E-4 1.72144E-4 1.47279E-4 1.62204E-4 1.60797E-4 1.54249E-4 1.65776E-4 1.98003E-4 1.87326E-4 1.8877E-4 2.04564E-4 2.11603E-4 2.5568E-4 2.65567E-4 2.29882E-4 2.14505E-4 1.8007E-4 2.09548E-4 2.58584E-4 2.5285E-4 2.38838E-4 1.73769E-4 1.24584E-4 1.42727E-4 1.54818E-4 1.4778E-4 1.33922E-4 1.46554E-4 1.468E-4
7.97318E-5 8.99675E-5 1.24024E-4 1.97236E-4 2.68056E-4 2.55416E-4 2.39857E-4 2.61392E-4 2.92583E-4 2.61417E-4 2.5061E-4 2.67696E-4 2.7005E-4 2.60867E-4 2.61289E-4 2.59315E-4 2.79071E-4 2.98779E-4 2.87634E-4 3.06298E-4 3.19076E-4 3.29526E-4 3.12164E-4 2.94164E-4 2.79419E-4 3.00188E-4 2.65921E-4 2.75607E-4 2.86155E-4 2.95749E-4 2.90177E-4 2.8079E-4 2.6843E-4 2.78901E-4 2.73331E-4 2.57253E-4 2.33428E-4 2.12127E-4 1.85553E-4 1.48331E-4 1.57446E-4 1.66715E-4 1.6969E-4 1.72936E-4 2.13187E-4 2.36684E-4 2.45616E-4 2.28898E-4 2.06153E-4 2.13017E-4 2.22427E-4 2.14041E-4 2.1611E-4 2.04344E-4 1.71818E-4 2.02477E-4 2.50569E-4 2.32287E-4 2.00655E-4 1.55693E-4 1.16376E-4 1.17442E-4 1.29911E-4 1.26651E-4 1.10109E-4 1.32232E-4
7.7665E-5 9.35256E-5 1.25918E-4 1.73874E-4 1.9362E-4 1.53977E-4 1.52718E-4 1.96593E-4 2.63438E-4 2.53549E-4 2.12925E-4 2.58188E-4 2.60084E-4 2.48856E-4 2.26926E-4 2.44037E-4 2.64427E-4 2.7558E-4 3.08163E-4 2.8706E-4 2.81074E-4 2.94023E-4 3.073E-4 3.21117E-4 2.91714E-4 2.98808E-4 2.65383E-4 2.69427E-4 2.70067E-4 3.00286E-4 2.85684E-4 2.93323E-4 2.54338E-4 2.4346E-4 2.58934E-4 2.82078E-4 2.51013E-4 2.11935E-4 1.88069E-4 1.76927E-4 1.38308E-4 1.76629E-4 2.08556E-4 1.95086E-4 2.09797E-4 2.26755E-4 2.54459E-4 2.35947E-4 2.06187E-4 1.91958E-4 2.18428E-4 2.08306E-4 1.80339E-4 1.82384E-4 1.28557E-4 1.51139E-4 2.05493E-4 2.16337E-4 2.02151E-4 1.77188E-4 1.33226E-4 1.02712E-4 9.88632E-5 1.16594E-4 1.04589E-4 8.98807E-5
8.34514E-5 9.16684E-5 1.02841E-4 1.10084E-4 1.04605E-4 1.00044E-4 1.0647E-4 1.38797E-4 1.62855E-4 1.73251E-4 1.66681E-4 2.40288E-4 2.67874E-4 2.62433E-4 1.83991E-4 2.22624E-4 2.41703E-4 2.58199E-4 3.01403E-4 3.09692E-4 2.99228E-4 2.88184E-4 3.06375E-4 3.11319E-4 3.09015E-4 2.85364E-4 2.79997E-4 2.73627E-4 3.03859E-4 3.24373E-4 3.16512E-4 3.06684E-4 2.73649E-4 2.53581E-4 2.79618E-4 2.92314E-4 2.64011E-4 2.37103E-4 2.22159E-4 2.06705E-4 1.60062E-4 1.7887E-4 2.1345E-4 1.97191E-4 2.15739E-4 1.98877E-4 2.19263E-4 2.37059E-4 2.28051E-4 2.19959E-4 1.94223E-4 2.15326E-4 2.00294E-4 1.80752E-4 1.30204E-4 1.391E-4 1.85577E-4 1.69454E-4 1.55606E-4 1.67499E-4 1.50011E-4 1.18761E-4 9.46968E-5 8.29736E-5 9.17319E-5 8.8112E-5
7.49094E-5 8.80259E-5 9.53577E-5 9.47332E-5 9.26319E-5 8.86077E-5 9.47556E-5 1.16839E-4 1.36648E-4 1.27729E-4 1.27586E-4 1.52816E-4 1.65761E-4 1.7307E-4 1.87848E-4 2.4663E-4 2.41033E-4 2.67761E-4 2.87181E-4 3.30277E-4 3.11645E-4 3.19672E-4 3.24311E-4 3.34129E-4 3.29064E-4 3.07481E-4 3.30062E-4 3.05739E-4 2.98967E-4 2.98956E-4 2.81943E-4 2.92949E-4 2.91221E-4 2.72999E-4 2.75773E-4 2.99346E-4 3.07137E-4 2.79136E-4 2.45783E-4 2.15539E-4 2.08435E-4 1.97046E-4 1.9244E-4 1.91292E-4 2.12305E-4 2.34175E-4 2.36943E-4 2.85195E-4 2.44489E-4 2.15846E-4 1.94094E-4 2.01067E-4 1.92933E-4 1.97042E-4 1.67875E-4 1.12104E-4 1.44464E-4 1.427E-4 1.29449E-4 1.37263E-4 1.50451E-4 1.28001E-4 9.37405E-5 7.56436E-5 7.87752E-5 8.70846E-5
8.27623E-5 9.11398E-5 9.02914E-5 8.7811E-5 8.92507E-5 9.21013E-5 9.58746E-5 9.99927E-5 1.12048E-4 1.11744E-4 9.61865E-5 1.19034E-4 1.40017E-4 1.44858E-4 1.76615E-4 2.48148E-4 2.79339E-4 2.6049E-4 2.87182E-4 3.27403E-4 3.06995E-4 3.17192E-4 3.03927E-4 3.10129E-4 3.14045E-4 2.95123E-4 3.32681E-4 3.10702E-4 3.12683E-4 3.36678E-4 2.93209E-4 2.75642E-4 2.82944E-4 3.19776E-4 2.97702E-4 2.93916E-4 3.10703E-4 2.79138E-4 2.20087E-4 2.16811E-4 2.38999E-4 2.42057E-4 2.18886E-4 1.60643E-4 1.60742E-4 2.30259E-4 2.69624E-4 2.60061E-4 1.99115E-4 2.03284E-4 2.23263E-4 1.80929E-4 1.66791E-4 1.79282E-4 1.79424E-4 1.21903E-4 1.16808E-4 1.319E-4 1.25495E-4 1.20298E-4 1.32432E-4 1.30613E-4 1.04841E-4 8.27144E-5 7.89032E-5 8.47647E-5
6.64498E-5 7.30181E-5 7.76787E-5 7.73072E-5 8.37138E-5 9.00104E-5 9.24248E-5 9.60489E-5 9.79122E-5 9.63202E-5 1.02878E-4 9.69498E-5 1.06641E-4 1.47279E-4 1.64018E-4 1.90289E-4 2.59063E-4 2.34384E-4 2.2802E-4 2.83459E-4 2.87251E-4 2.74449E-4 2.48981E-4 2.4422E-4 2.58129E-4 2.88152E-4 3.35835E-4 3.11561E-4 3.26229E-4 3.34522E-4 3.23402E-4 2.79186E-4 2.96347E-4 3.00198E-4 3.07742E-4 3.06339E-4 3.25922E-4 3.12895E-4 2.88899E-4 2.47961E-4 2.33027E-4 2.38642E-4 2.2881E-4 1.70192E-4 1.56074E-4 1.80947E-4 2.23205E-4 2.40852E-4 2.14862E-4 1.90469E-4 2.12308E-4 1.89321E-4 1.795E-4 1.78515E-4 1.54244E-4 1.50634E-4 1.34666E-4 1.28041E-4 1.22487E-4 1.24593E-4 1.11225E-4 1.0677E-4 1.1718E-4 1.09664E-4 8.54799E-5 7.84785E-5
5.43846E-5 6.16051E-5 7.17638E-5 8.37077E-5 8.93227E-5 9.16843E-5 9.17237E-5 9.0671E-5 1.08718E-4 1.17712E-4 1.02517E-4 9.27795E-5 9.84731E-5 1.48054E-4 1.75632E-4 1.77761E-4 2.37366E-4 1.93986E-4 1.87011E-4 2.44257E-4 2.72466E-4 2.7332E-4 2.78736E-4 2.80186E-4 2.59009E-4 2.96649E-4 3.16808E-4 2.90794E-4 2.96563E-4 3.30521E-4 3.27753E-4 2.99788E-4 3.29157E-4 3.34441E-4 3.45274E-4 3.16291E-4 3.02127E-4 2.83543E-4 2.66099E-4 2.49864E-4 2.33341E-4 2.10039E-4 2.27426E-4 2.33495E-4 1.77961E-4 1.69848E-4 1.77754E-4 2.07664E-4 2.18246E-4 2.00069E-4 1.95885E-4 1.94564E-4 1.84196E-4 1.79445E-4 1.67744E-4 1.53165E-4 1.43379E-4 1.16171E-4 1.22696E-4 1.25377E-4 1.07589E-4 7.9648E-5 8.57253E-5 9.83517E-5 1.05178E-4 9.6507E-5
6.36911E-5 7.15242E-5 8.40195E-5 8.88049E-5 9.44492E-5 9.64022E-5 8.69491E-5 8.39911E-5 8.60635E-5 8.83826E-5 1.01611E-4 1.04764E-4 9.55745E-5 1.04982E-4 1.33625E-4 1.58612E-4 1.60194E-4 1.57152E-4 1.75269E-4 1.88325E-4 2.11025E-4 2.70923E-4 2.63435E-4 2.07394E-4 2.55682E-4 2.87382E-4 2.62097E-4 2.51562E-4 2.67585E-4 2.83158E-4 3.23437E-4 3.0896E-4 3.14095E-4 3.25231E-4 3.06685E-4 3.2763E-4 3.2765E-4 3.08905E-4 2.86841E-4 2.46639E-4 2.31743E-4 2.33453E-4 2.20657E-4 2.1947E-4 2.33373E-4 1.75712E-4 1.44235E-4 1.82734E-4 1.73119E-4 2.0223E-4 1.78737E-4 1.82381E-4 1.77485E-4 1.80311E-4 1.43153E-4 1.53075E-4 1.43938E-4 1.25716E-4 1.03935E-4 1.03492E-4 8.95088E-5 7.7997E-5 9.39172E-5 9.79493E-5 8.33166E-5 9.4877E-5
6.68369E-5 7.93085E-5 8.6527E-5 8.75042E-5 8.79435E-5 8.82235E-5 9.03543E-5 8.52717E-5 8.07646E-5 8.34071E-5 8.22287E-5 8.78073E-5 9.4359E-5 8.5211E-5 1.13338E-4 1.46066E-4 1.40823E-4 1.26685E-4 1.19119E-4 1.24897E-4 1.38239E-4 1.88784E-4 2.2741E-4 1.74908E-4 1.94082E-4 2.54964E-4 2.32443E-4 2.56331E-4 3.04977E-4 2.82101E-4 2.62576E-4 2.64027E-4 2.62464E-4 2.54509E-4 2.70763E-4 3.04964E-4 3.29599E-4 3.29576E-4 2.91684E-4 2.62382E-4 2.25659E-4 2.15781E-4 2.45907E-4 2.24277E-4 2.21472E-4 2.10162E-4 1.69649E-4 1.27017E-4 1.16381E-4 1.50085E-4 1.98372E-4 1.62703E-4 1.50558E-4 1.66272E-4 1.52283E-4 1.2513E-4 1.20818E-4 1.2493E-4 9.85718E-5 8.20135E-5 7.96468E-5 7.28575E-5 8.3861E-5 7.76887E-5 5.61336E-5 8.19096E-5
7.83889E-5 8.24844E-5 8.90935E-5 8.86469E-5 8.81368E-5 8.67065E-5 8.7299E-5 8.02239E-5 6.65361E-5 6.90119E-5 7.10941E-5 6.85411E-5 7.15809E-5 7.2301E-5 8.3693E-5 1.03696E-4 1.14935E-4 1.26674E-4 1.08003E-4 1.06642E-4 1.19779E-4 1.19733E-4 1.13567E-4 1.03826E-4 1.41193E-4 2.67009E-4 3.062E-4 2.89889E-4 2.79714E-4 2.87285E-4 3.01689E-4 3.25596E-4 3.03164E-4 3.09059E-4 3.32928E-4 3.33529E-4 3.3089E-4 3.36858E-4 3.16027E-4 2.70592E-4 2.45701E-4 2.1877E-4 2.33896E-4 2.32253E-4 2.37745E-4 2.10793E-4 2.03086E-4 1.76785E-4 1.67197E-4 1.73371E-4 1.8677E-4 1.51911E-4 1.51685E-4 1.41032E-4 1.55799E-4 1.41613E-4 1.20521E-4 1.23982E-4 1.05882E-4 9.23973E-5 8.05443E-5 7.60755E-5 9.14959E-5 7.94658E-5 5.16494E-5 6.48983E-5
8.47995E-5 9.79736E-5 9.64183E-5 8.46152E-5 8.10476E-5 7.43449E-5 7.32456E-5 6.8674E-5 6.99345E-5 7.0268E-5 6.83196E-5 6.51576E-5 6.29059E-5 6.62445E-5 7.28516E-5 8.8654E-5 8.42042E-5 9.30112E-5 9.62695E-5 9.71791E-5 9.38185E-5 1.02792E-4 9.95281E-5 9.42216E-5 1.12767E-4 1.4427E-4 1.59573E-4 1.73223E-4 2.43609E-4 3.16212E-4 3.17835E-4 3.19236E-4 3.09934E-4 3.23584E-4 3.2146E-4 3.09325E-4 3.18947E-4 3.14542E-4 3.14851E-4 2.94079E-4 2.63674E-4 2.3405E-4 2.26167E-4 2.33395E-4 2.19755E-4 1.97319E-4 2.26483E-4 2.21196E-4 1.79448E-4 1.38036E-4 1.67855E-4 1.48314E-4 1.67234E-4 1.66041E-4 1.63661E-4 1.53789E-4 1.33318E-4 1.22209E-4 1.07671E-4 1.04691E-4 9.2648E-5 8.46377E-5 1.02285E-4 9.27322E-5 5.33085E-5 6.40326E-5
9.33374E-5 9.76605E-5 9.13691E-5 8.89171E-5 1.01803E-4 9.22476E-5 7.48253E-5 7.25271E-5 7.483E-5 7.14738E-5 6.7841E-5 6.20482E-5 6.87517E-5 6.61174E-5 6.56713E-5 6.55354E-5 6.96639E-5 7.31865E-5 7.65461E-5 7.72521E-5 7.74813E-5 9.06362E-5 8.10302E-5 7.52844E-5 1.03006E-4 9.91065E-5 1.1031E-4 1.22051E-4 1.60071E-4 2.40832E-4 2.93799E-4 2.96181E-4 2.96765E-4 3.35382E-4 3.33395E-4 2.96328E-4 2.82619E-4 2.92584E-4 2.75458E-4 2.90199E-4 2.8298E-4 2.49479E-4 2.39291E-4 2.13678E-4 2.19016E-4 2.38708E-4 2.57906E-4 2.21615E-4 2.06228E-4 1.95282E-4 1.60059E-4 1.61677E-4 1.3336E-4 1.36938E-4 1.64194E-4 1.50693E-4 1.46692E-4 1.27829E-4 1.15384E-4 1.09696E-4 1.03643E-4 9.08383E-5 9.88977E-5 1.01058E-4 7.70701E-5 7.95535E-5
1.19815E-4 1.12128E-4 1.08332E-4 1.17457E-4 1.20205E-4 1.09784E-4 7.97712E-5 7.36178E-5 6.81535E-5 6.90811E-5 6.6076E-5 6.73763E-5 6.31451E-5 6.24356E-5 5.52764E-5 6.26461E-5 6.24857E-5 6.31634E-5 6.03777E-5 7.80901E-5 7.28568E-5 6.59013E-5 5.73391E-5 6.09599E-5 9.79018E-5 8.1668E-5 9.1501E-5 1.11937E-4 1.51764E-4 2.10735E-4 2.57614E-4 3.02896E-4 2.95316E-4 3.27432E-4 3.25815E-4 3.02891E-4 2.83722E-4 2.7239E-4 2.68998E-4 3.12101E-4 3.02384E-4 2.64208E-4 2.51476E-4 2.24727E-4 2.5074E-4 2.73824E-4 2.40971E-4 2.25519E-4 2.07062E-4 2.30904E-4 2.03178E-4 1.98453E-4 1.25599E-4 1.29371E-4 1.11678E-4 1.44099E-4 1.45936E-4 1.39399E-4 1.22817E-4 1.15399E-4 1.0553E-4 9.99556E-5 9.97926E-5 1.01263E-4 9.28897E-5 9.25306E-5
1.02844E-4 9.5263E-5 9.58074E-5 1.00261E-4 7.95366E-5 7.33803E-5 7.15981E-5 6.65175E-5 6.33306E-5 7.07692E-5 5.99181E-5 5.11814E-5 5.91668E-5 5.82992E-5 6.1755E-5 5.32746E-5 5.45496E-5 5.55196E-5 6.07804E-5 6.27343E-5 5.9072E-5 5.62411E-5 5.52078E-5 5.90569E-5 8.13822E-5 8.1757E-5 8.8078E-5 1.00663E-4 1.27861E-4 1.75659E-4 2.04954E-4 2.12077E-4 2.55252E-4 2.7791E-4 3.2348E-4 3.20049E-4 3.17249E-4 2.58771E-4 2.71773E-4 3.25929E-4 3.3659E-4 3.08054E-4 2.77181E-4 2.47508E-4 2.58961E-4 2.71957E-4 2.65497E-4 2.7738E-4 2.40474E-4 2.53266E-4 2.52235E-4 2.29105E-4 1.34162E-4 1.52078E-4 1.20312E-4 1.17467E-4 1.37709E-4 1.29656E-4 1.24653E-4 9.93104E-5 9.31316E-5 9.61562E-5 9.64849E-5 9.53856E-5 9.01147E-5 9.73374E-5
5.82056E-5 5.85042E-5 6.23144E-5 6.95423E-5 6.07686E-5 5.25275E-5 5.28146E-5 5.10187E-5 5.12487E-5 6.8125E-5 5.55438E-5 5.02654E-5 4.98255E-5 5.6369E-5 5.17784E-5 5.35139E-5 7.1662E-5 5.8406E-5 5.13357E-5 5.35962E-5 8.96577E-5 6.0799E-5 5.54971E-5 6.1588E-5 7.20027E-5 7.1369E-5 7.94854E-5 9.43225E-5 1.00428E-4 1.08107E-4 1.19343E-4 1.21668E-4 1.49655E-4 2.07272E-4 2.54253E-4 2.25999E-4 2.45394E-4 2.68104E-4 2.68304E-4 3.28992E-4 3.34032E-4 3.15703E-4 2.9605E-4 2.74031E-4 2.49422E-4 2.63717E-4 2.56197E-4 2.79706E-4 2.93674E-4 2.61319E-4 2.351E-4 2.35378E-4 1.47067E-4 1.8368E-4 1.78375E-4 1.30487E-4 1.33984E-4 1.14096E-4 1.00296E-4 9.02179E-5 8.31854E-5 7.75813E-5 8.08665E-5 7.51675E-5 -9999 -9999
5.36396E-5 5.38829E-5 5.74769E-5 5.88482E-5 5.38107E-5 5.47537E-5 6.1704E-5 6.12068E-5 5.04716E-5 4.99467E-5 5.5793E-5 5.79479E-5 4.84353E-5 5.00591E-5 5.98474E-5 5.96238E-5 5.13969E-5 5.06959E-5 5.16688E-5 5.12191E-5 6.0164E-5 5.38313E-5 5.40871E-5 5.70289E-5 6.78278E-5 7.13863E-5 7.33881E-5 7.70555E-5 7.82686E-5 9.23802E-5 9.25382E-5 1.10449E-4 1.17147E-4 1.24107E-4 1.33633E-4 1.48975E-4 2.34319E-4 3.2993E-4 3.07719E-4 3.07275E-4 2.99866E-4 2.82223E-4 2.68808E-4 2.83962E-4 3.13081E-4 2.86427E-4 2.44276E-4 2.58673E-4 3.20618E-4 3.02456E-4 2.3679E-4 2.39393E-4 1.83183E-4 1.60428E-4 1.97744E-4 1.84378E-4 1.72578E-4 1.48348E-4 1.38694E-4 9.92534E-5 8.46876E-5 7.91115E-5 6.84628E-5 6.25391E-5 -9999 -9999
5.7277E-5 5.53891E-5 5.67133E-5 5.56411E-5 5.37716E-5 5.42398E-5 5.24511E-5 4.97217E-5 4.98258E-5 5.05825E-5 5.06071E-5 5.35398E-5 6.6442E-5 6.41768E-5 4.95956E-5 5.06534E-5 5.71296E-5 5.07459E-5 5.10257E-5 5.09522E-5 5.1304E-5 5.22683E-5 5.34519E-5 5.31306E-5 6.29475E-5 5.84197E-5 6.68967E-5 7.10771E-5 7.19772E-5 7.15296E-5 7.42577E-5 9.0469E-5 9.22097E-5 9.42199E-5 1.18463E-4 1.2888E-4 1.74394E-4 2.92056E-4 3.41183E-4 3.32463E-4 3.26366E-4 2.95824E-4 2.86829E-4 2.99836E-4 2.94469E-4 2.89766E-4 2.52198E-4 2.75718E-4 3.07458E-4 3.27105E-4 2.81921E-4 2.65087E-4 2.16215E-4 1.42775E-4 1.72382E-4 1.9459E-4 1.37717E-4 1.3999E-4 1.60946E-4 1.47686E-4 1.17361E-4 8.49766E-5 9.05087E-5 9.4277E-5 9.12526E-5 -9999
5.38904E-5 5.47023E-5 6.30784E-5 5.53965E-5 6.26792E-5 5.34844E-5 5.23063E-5 4.85993E-5 4.91902E-5 4.99478E-5 6.27057E-5 6.66295E-5 5.23874E-5 4.98742E-5 4.87329E-5 4.9623E-5 5.5411E-5 4.9472E-5 5.89135E-5 5.04507E-5 5.16584E-5 5.22492E-5 5.28831E-5 5.26825E-5 5.51854E-5 5.6484E-5 5.65804E-5 6.01296E-5 6.83733E-5 6.09337E-5 6.09667E-5 6.22966E-5 6.65362E-5 8.65959E-5 9.53727E-5 1.09223E-4 1.35546E-4 1.85025E-4 2.83953E-4 3.33628E-4 3.50506E-4 3.43624E-4 3.00995E-4 2.88418E-4 2.8422E-4 2.74815E-4 2.6601E-4 2.93782E-4 2.66746E-4 3.35901E-4 3.23141E-4 2.91145E-4 2.41555E-4 2.12559E-4 1.89597E-4 1.75544E-4 1.08368E-4 1.43517E-4 1.63664E-4 1.72664E-4 1.48902E-4 1.09182E-4 1.1479E-4 1.26745E-4 1.00364E-4 -9999
5.18373E-5 5.99298E-5 5.57691E-5 5.73781E-5 6.08545E-5 6.05001E-5 4.97435E-5 4.93462E-5 5.06984E-5 4.84048E-5 4.89047E-5 6.11985E-5 5.96392E-5 4.904E-5 4.91155E-5 5.01687E-5 7.06169E-5 4.96608E-5 4.94724E-5 4.96193E-5 5.01903E-5 5.1259E-5 5.9108E-5 5.23721E-5 5.31159E-5 5.44024E-5 5.62471E-5 5.66553E-5 5.57752E-5 5.50025E-5 5.41023E-5 6.22811E-5 5.84359E-5 8.31892E-5 9.88079E-5 1.10596E-4 1.19421E-4 1.35575E-4 1.64247E-4 2.06783E-4 2.73567E-4 3.42685E-4 3.40279E-4 3.43179E-4 3.33137E-4 2.89724E-4 2.69601E-4 2.94311E-4 2.74065E-4 3.47238E-4 3.51062E-4 3.43986E-4 2.09756E-4 2.24799E-4 1.69573E-4 1.5569E-4 9.61719E-5 1.0497E-4 1.448E-4 1.68464E-4 1.63092E-4 1.38338E-4 1.40014E-4 1.23522E-4 8.39914E-5 1.20581E-4
4.9956E-5 5.48586E-5 5.45687E-5 5.68696E-5 5.57725E-5 5.86473E-5 4.95997E-5 4.82107E-5 4.85426E-5 4.94111E-5 5.58006E-5 5.67211E-5 5.47436E-5 5.23257E-5 5.48609E-5 5.64762E-5 7.74626E-5 5.03995E-5 4.96694E-5 4.87889E-5 4.89392E-5 4.98355E-5 5.13421E-5 5.20191E-5 5.29241E-5 5.23958E-5 5.32599E-5 5.19245E-5 6.84701E-5 5.27832E-5 5.54179E-5 6.32718E-5 7.14062E-5 7.29396E-5 8.8223E-5 1.08151E-4 9.90166E-5 1.1212E-4 1.30644E-4 1.53469E-4 1.74633E-4 2.20077E-4 2.89165E-4 3.50085E-4 3.34941E-4 3.00166E-4 3.00015E-4 2.91268E-4 3.04922E-4 3.1741E-4 3.70749E-4 3.44893E-4 3.08131E-4 2.641E-4 1.6996E-4 1.56594E-4 1.04148E-4 1.02141E-4 1.38758E-4 1.54103E-4 1.68884E-4 1.75328E-4 1.52571E-4 1.4778E-4 1.17674E-4 1.41712E-4
4.93294E-5 5.20885E-5 5.38254E-5 5.65318E-5 5.22369E-5 5.51437E-5 5.37483E-5 4.94432E-5 4.92136E-5 5.05203E-5 5.15444E-5 5.20602E-5 5.52812E-5 5.48085E-5 5.00189E-5 4.93607E-5 4.96037E-5 5.11533E-5 5.03336E-5 4.86045E-5 4.78952E-5 4.93344E-5 5.0954E-5 5.7155E-5 7.23462E-5 6.93905E-5 5.71998E-5 5.10949E-5 5.12848E-5 5.24773E-5 5.52534E-5 5.62958E-5 5.7676E-5 6.76755E-5 7.51056E-5 9.42053E-5 1.03229E-4 1.20389E-4 1.35366E-4 1.42476E-4 1.5342E-4 1.77315E-4 2.01006E-4 2.34003E-4 2.61057E-4 3.11987E-4 3.18558E-4 3.35199E-4 3.34941E-4 3.12837E-4 3.35279E-4 3.35149E-4 3.3618E-4 3.06334E-4 2.17662E-4 1.3511E-4 1.19304E-4 1.39353E-4 1.82964E-4 1.92741E-4 1.92525E-4 1.90124E-4 1.83173E-4 1.68576E-4 1.64877E-4 1.59167E-4
4.75233E-5 4.97438E-5 5.11458E-5 4.86962E-5 5.0627E-5 5.11183E-5 5.05369E-5 4.95755E-5 5.3268E-5 5.67259E-5 5.84799E-5 5.09762E-5 4.92854E-5 5.66349E-5 5.16047E-5 5.5375E-5 5.4958E-5 5.00938E-5 4.92082E-5 5.46153E-5 4.90915E-5 5.53468E-5 7.36986E-5 4.778E-5 4.89306E-5 4.93537E-5 4.95027E-5 5.06469E-5 5.72236E-5 5.4334E-5 5.44092E-5 7.28366E-5 5.85792E-5 5.95813E-5 6.65696E-5 8.16098E-5 9.92664E-5 1.13906E-4 1.14166E-4 1.18136E-4 1.43653E-4 1.77189E-4 1.74449E-4 1.97535E-4 2.02548E-4 2.31787E-4 2.8957E-4 3.04951E-4 3.37033E-4 3.38757E-4 3.11059E-4 3.02858E-4 3.11132E-4 2.65686E-4 2.44548E-4 1.97541E-4 1.46024E-4 1.36846E-4 1.51404E-4 1.85009E-4 1.90136E-4 1.64145E-4 1.40397E-4 1.11096E-4 1.03237E-4 1.63392E-4
