catData/rasterBestHybridModels/Pbengalensis/RD_BM001_RM2_LQH/Pbengalensis_max.asc
ncols         409
nrows         350
xllcorner     60.897278365
yllcorner     5.843756025
cellsize      0.0892857
NODATA_value  -9999
[rows 203 to 231 of 350, columns 132 to 197 of 409]
-9999 -9999 -9999 2.37065E-6 6.68407E-6 1.09822E-5 3.01304E-5 7.00968E-5 1.21408E-4 1.14723E-4 1.21685E-5 2.21053E-5 7.76967E-6 9.91842E-6 1.38212E-5 3.20186E-5 2.1844E-5 3.16218E-5 3.23491E-5 2.02359E-5 2.09864E-5 8.53486E-5 1.68572E-5 9.03602E-6 4.02096E-6 1.67898E-5 1.27756E-5 2.98197E-5 9.68262E-5 3.85098E-5 4.48141E-5 2.21145E-5 1.28287E-5 6.26808E-6 9.28996E-6 6.36902E-6 8.85192E-7 9.74971E-7 5.95893E-6 1.36336E-6 3.34883E-6 4.75487E-6 1.79454E-5 1.1756E-7 1.07973E-6 1.74617E-6 1.59883E-6 4.1216E-6 4.20068E-6 9.03848E-7 3.7582E-6 7.08571E-6 1.15517E-6 1.14286E-6 2.53015E-6 1.304E-5 2.05838E-6 6.98185E-8 3.03538E-7 1.04966E-5 4.04227E-5 5.11884E-7 7.05437E-5 3.99685E-5 2.73585E-5 2.12545E-5
-9999 -9999 2.91831E-5 2.59445E-6 3.58132E-6 3.86826E-5 4.67319E-5 4.01852E-5 1.43507E-4 1.76836E-5 1.75356E-5 2.13077E-6 8.11726E-6 1.96602E-5 3.50374E-5 1.85463E-5 7.82175E-6 4.11423E-5 4.47733E-5 4.05074E-5 3.82526E-5 1.0962E-4 5.0571E-5 3.74596E-5 3.37905E-5 1.22172E-5 1.12519E-5 2.40308E-5 8.65084E-5 6.63387E-5 9.34457E-5 3.0752E-5 1.15871E-5 1.02486E-5 1.01986E-5 1.69817E-5 1.81214E-6 1.54343E-7 2.33333E-6 7.16718E-7 2.60197E-6 3.69592E-6 9.15578E-6 1.89433E-5 9.81798E-7 2.81923E-7 6.82481E-6 5.17643E-6 1.79261E-6 4.0961E-7 5.06726E-6 2.55928E-5 1.54448E-5 8.094E-7 5.62623E-6 2.13303E-6 3.04172E-7 3.87918E-8 4.8603E-6 2.84916E-6 4.95003E-5 4.62153E-6 6.94094E-6 1.67901E-6 1.61064E-5 4.06774E-6
-9999 -9999 9.6581E-6 3.5587E-8 1.33488E-5 1.1879E-5 1.7429E-5 4.87348E-5 4.58712E-5 3.07888E-5 6.74826E-5 8.05034E-5 2.84738E-5 1.67599E-5 2.08573E-5 2.92191E-5 1.52444E-5 6.25884E-6 1.08474E-5 4.08466E-5 7.62073E-5 7.48893E-5 5.91007E-5 4.49214E-5 5.41153E-5 4.36469E-5 1.76229E-6 2.80979E-6 7.23071E-5 5.79542E-5 1.94395E-5 1.4426E-5 2.54476E-5 1.72948E-5 3.87715E-6 2.52424E-5 6.72034E-5 1.15796E-5 1.40693E-6 1.65664E-6 2.67529E-6 2.38888E-6 3.34417E-6 3.13394E-6 1.43347E-7 1.76591E-6 1.1291E-6 2.58729E-5 8.39714E-6 6.22347E-6 2.14019E-5 2.88692E-5 4.72831E-6 6.69792E-6 1.06739E-5 7.41637E-7 1.39163E-7 1.09166E-7 1.92324E-6 3.07597E-5 4.11737E-5 4.42372E-6 1.46046E-6 2.36593E-6 7.45209E-6 1.97325E-5
-9999 -9999 3.69818E-5 1.17145E-5 7.69659E-6 1.54847E-5 1.26255E-5 8.01463E-5 2.1615E-4 1.16307E-5 8.67544E-5 1.80498E-5 2.78679E-4 5.59841E-5 5.82095E-5 3.56332E-5 7.9982E-6 1.71132E-5 7.75094E-6 1.25877E-5 3.85528E-5 5.41033E-5 6.9603E-5 1.07202E-5 2.92341E-5 5.597E-5 1.0177E-4 8.58708E-6 2.75786E-5 4.23774E-5 3.23481E-5 6.2098E-6 5.21367E-6 5.38299E-6 2.23442E-6 3.34612E-6 2.14433E-6 1.73629E-6 5.98773E-7 2.85013E-7 2.89124E-7 3.08908E-6 3.77565E-7 7.74735E-6 7.90427E-6 2.02635E-6 9.81552E-7 4.06243E-6 3.89773E-6 1.07825E-6 2.36866E-6 1.7576E-5 3.44361E-6 5.16006E-6 1.34238E-6 2.68606E-5 2.69589E-6 1.64789E-5 1.15452E-4 6.28412E-5 6.56938E-5 6.91859E-5 2.58147E-6 1.39363E-5 4.2416E-5 2.89039E-5
-9999 -9999 9.24028E-5 1.01428E-5 2.93361E-5 6.33891E-6 7.08535E-5 7.14947E-5 2.79682E-4 2.24881E-5 3.69429E-6 2.0112E-5 9.42325E-5 2.94356E-4 4.01889E-5 4.48569E-5 3.46677E-5 3.64102E-5 2.70893E-5 8.48266E-5 3.31361E-5 4.09036E-5 5.04794E-6 1.14002E-5 2.03755E-5 4.23409E-5 3.37198E-5 5.93663E-5 6.18406E-6 1.23196E-5 2.74526E-5 6.54935E-5 5.75109E-5 2.17686E-5 2.44721E-5 3.08613E-6 6.1219E-7 7.74847E-7 1.08275E-5 5.05297E-6 5.8809E-6 4.47117E-5 6.56949E-6 2.96787E-6 3.55922E-6 2.40786E-6 3.58608E-6 5.15795E-6 8.30573E-6 1.41506E-7 9.13967E-6 1.44661E-5 4.56549E-6 8.14422E-7 1.54636E-6 4.89034E-7 1.3818E-5 5.9627E-5 5.12538E-5 6.51104E-5 6.4288E-5 5.63514E-5 9.88192E-6 1.46137E-5 4.70653E-5 3.90944E-5
-9999 -9999 1.24768E-4 8.68062E-5 1.11505E-4 6.52133E-5 7.54563E-6 1.75504E-5 2.30541E-4 2.34238E-4 1.501E-5 5.48009E-5 5.66506E-5 2.98888E-5 2.54855E-5 5.51257E-5 3.01444E-5 4.42394E-5 1.73243E-5 6.06063E-5 1.29526E-4 3.39062E-5 6.25443E-6 3.19355E-5 2.50292E-5 5.16612E-5 2.37464E-5 5.41307E-5 8.5771E-6 7.98561E-6 4.68325E-5 2.7431E-5 5.36838E-5 4.59281E-5 5.94289E-6 5.24935E-6 2.83191E-6 2.64132E-6 7.84317E-6 1.39815E-6 1.7518E-6 2.10063E-6 2.61087E-5 6.0928E-5 1.52891E-5 1.1668E-5 2.22103E-6 3.09409E-6 1.33394E-6 1.08653E-5 6.96911E-6 1.39973E-6 2.96492E-7 1.08723E-6 8.29817E-8 3.61099E-7 2.62273E-6 5.32608E-5 2.87898E-5 1.67541E-5 1.28734E-5 1.00179E-5 5.10894E-5 4.88667E-5 2.27544E-5 2.39157E-5
-9999 -9999 1.14707E-4 7.80304E-5 1.50502E-5 1.11696E-4 2.84053E-5 3.96118E-5 1.2921E-4 1.95106E-4 3.20513E-5 7.87462E-5 6.00597E-6 3.50852E-6 6.66845E-5 8.49869E-5 4.21806E-5 3.00733E-5 3.10058E-5 1.31397E-5 1.07336E-5 2.06742E-6 3.7065E-6 4.24144E-5 1.9577E-5 6.72333E-5 1.01008E-5 1.02654E-5 1.46294E-5 6.04678E-6 5.98077E-6 2.95222E-5 1.71327E-5 3.27482E-5 2.35691E-5 1.10625E-5 2.82109E-6 2.31519E-6 1.49727E-5 4.22003E-6 2.00627E-6 4.98018E-7 7.21946E-7 2.86548E-5 4.1765E-5 1.54895E-5 6.49484E-6 8.55541E-7 2.54049E-6 1.12156E-5 3.73685E-5 9.7291E-6 2.82355E-6 6.06698E-6 2.27165E-7 1.87146E-7 7.82411E-7 1.15439E-5 1.06999E-4 5.66215E-5 7.52636E-6 1.89466E-6 1.22043E-5 1.1921E-5 5.35045E-6 5.97345E-5
-9999 -9999 -9999 1.91102E-4 5.28277E-5 1.16069E-5 5.17429E-5 3.18716E-5 5.1345E-5 4.6829E-5 8.85342E-6 1.94786E-5 2.50111E-6 4.13781E-6 2.089E-5 6.94152E-5 1.61587E-4 1.68233E-5 7.39425E-5 4.28332E-5 8.73063E-5 2.25492E-5 4.41018E-5 9.36663E-5 2.52858E-5 1.4411E-5 1.88133E-5 9.37795E-6 1.99232E-5 1.32345E-5 6.47775E-6 8.92977E-6 3.67384E-6 1.70963E-5 3.52146E-5 5.531E-5 2.39602E-5 1.56558E-5 1.23776E-5 2.58709E-6 2.22657E-6 2.72856E-6 8.33259E-6 4.41726E-6 9.20399E-6 2.96755E-6 1.26239E-5 6.70267E-6 2.98395E-6 7.07859E-6 9.49816E-7 4.2437E-6 3.13684E-7 2.20223E-6 3.11291E-6 6.61475E-6 1.84298E-6 4.26219E-7 5.95668E-5 7.01089E-5 6.1655E-5 9.54063E-6 1.33423E-6 1.28841E-5 1.18863E-6 2.8212E-6
-9999 -9999 -9999 -9999 4.76749E-5 1.47643E-5 3.8548E-5 2.21828E-5 2.09622E-5 4.60445E-5 1.28694E-5 7.94483E-5 4.05687E-5 8.649E-7 2.83938E-5 4.35401E-5 2.74227E-5 7.26376E-6 4.95305E-5 3.31497E-5 6.10261E-5 1.45975E-5 9.58617E-6 2.15495E-5 3.02129E-5 2.93629E-5 7.22311E-5 1.95153E-5 1.91299E-6 4.54891E-6 8.50115E-6 6.95478E-6 4.88215E-5 3.17449E-5 4.51405E-6 8.15525E-6 1.93018E-5 2.90794E-5 9.42023E-6 4.70623E-6 4.04424E-6 6.91987E-7 6.01813E-6 3.20275E-6 2.19025E-6 1.67886E-6 1.36314E-5 6.22177E-6 8.27292E-7 9.03721E-7 1.22848E-6 9.48216E-8 6.0272E-6 4.0896E-6 5.77525E-5 2.83629E-6 3.82277E-6 6.82693E-6 2.86803E-5 3.72226E-5 3.14479E-5 5.20303E-5 1.33116E-5 2.36213E-5 6.02439E-6 1.68191E-6
-9999 -9999 -9999 1.12271E-4 1.03462E-4 9.3696E-5 7.53605E-5 2.97487E-5 2.70833E-6 7.79374E-5 8.35368E-5 3.81888E-5 1.12672E-6 3.57136E-6 5.28352E-5 4.20148E-5 1.53587E-5 4.4657E-5 4.3699E-5 2.76102E-5 5.50654E-5 6.99165E-5 4.81496E-5 4.0047E-5 1.45498E-5 1.09117E-5 1.89938E-5 8.04416E-5 3.84576E-6 1.08027E-5 8.62133E-5 1.09903E-5 2.27725E-6 7.4298E-6 4.21872E-6 2.01449E-5 3.33957E-6 1.21104E-5 7.32548E-6 2.72283E-7 6.63455E-7 5.03527E-6 2.51391E-6 1.53524E-6 5.91246E-6 1.40487E-6 4.26932E-6 3.11416E-6 1.10525E-6 3.70441E-7 5.01507E-6 1.13352E-6 2.76711E-7 2.85526E-6 3.83591E-5 4.42936E-6 3.19893E-7 2.56367E-7 3.3924E-6 4.77297E-5 2.35707E-5 1.01921E-5 1.65613E-5 1.74488E-5 9.85244E-7 2.09801E-6
-9999 -9999 -9999 -9999 1.00991E-4 1.08675E-4 9.74965E-6 1.87706E-5 2.0266E-5 6.52398E-6 7.74003E-5 1.15801E-4 1.2698E-6 2.66395E-6 1.47018E-5 3.76985E-5 1.69713E-5 8.62646E-6 3.10968E-5 5.72015E-5 8.75681E-5 1.014E-4 8.43936E-5 1.37972E-5 1.89657E-5 5.36498E-6 2.42256E-5 1.85889E-5 7.01949E-6 2.21627E-5 2.20927E-5 6.07391E-6 1.89075E-6 2.33932E-5 7.35682E-7 1.04964E-5 3.02429E-5 4.16246E-5 2.99015E-5 1.55787E-5 2.05293E-6 8.32694E-6 1.13823E-5 1.63265E-6 3.80432E-6 1.02417E-5 1.22996E-5 1.05895E-5 1.43499E-6 1.02185E-6 8.15141E-7 1.0809E-5 1.54431E-6 7.97987E-7 1.39131E-6 1.18477E-5 7.42597E-6 1.01933E-7 2.69006E-7 1.72116E-6 2.32305E-7 1.47377E-5 7.92117E-6 3.45714E-6 3.16247E-5 2.55479E-6
-9999 -9999 -9999 -9999 1.12633E-4 9.72112E-5 1.44838E-5 4.45168E-6 5.45737E-6 3.82472E-5 3.73676E-4 1.47998E-4 8.70566E-5 3.67348E-5 8.68705E-6 4.82311E-5 5.28297E-5 4.78165E-5 4.34131E-5 1.71398E-5 2.10583E-5 7.69555E-6 2.52817E-5 3.62592E-6 3.61278E-6 3.95328E-6 1.04789E-5 3.13536E-5 1.02617E-5 2.091E-6 8.78701E-7 4.66425E-6 4.16378E-6 6.54179E-7 1.02366E-5 1.67745E-5 1.58618E-5 6.33511E-5 1.44819E-5 3.59651E-5 2.32784E-5 8.8351E-6 2.14769E-6 2.38161E-6 1.62698E-6 3.76591E-6 1.67265E-6 1.02741E-6 7.39871E-6 1.99084E-6 1.90524E-7 1.01926E-5 1.17401E-6 4.92021E-6 1.45334E-6 1.39948E-5 1.09114E-5 1.3875E-6 2.51728E-7 1.49115E-7 6.9969E-7 1.11878E-5 4.61135E-6 4.29616E-7 2.0453E-6 2.154E-6
-9999 -9999 -9999 -9999 2.69719E-4 2.15895E-4 3.98188E-6 3.20158E-6 9.92195E-6 1.92656E-4 3.78343E-4 1.59689E-4 1.62575E-5 2.464E-5 5.00233E-5 5.74183E-6 2.01685E-5 3.52235E-5 6.20122E-5 2.57277E-5 1.01615E-5 6.24137E-7 2.45964E-6 8.70431E-6 1.54198E-5 8.9804E-6 1.3726E-5 3.66157E-5 4.10414E-6 3.64144E-6 7.72589E-6 7.23799E-6 3.52057E-5 1.75912E-6 1.54918E-5 4.70166E-6 1.10607E-5 2.91974E-5 2.34151E-5 6.52738E-5 3.68846E-5 3.64846E-6 6.68271E-7 5.8424E-6 2.14846E-5 1.01924E-6 8.78482E-7 5.05818E-6 2.03344E-6 1.20277E-6 3.5847E-6 1.56327E-5 5.27868E-6 3.18713E-6 2.04289E-7 3.8344E-7 1.95782E-6 8.68506E-6 6.05597E-7 3.95643E-7 1.53097E-6 8.82628E-6 2.1557E-5 2.09412E-5 8.77465E-8 1.1067E-7
-9999 -9999 -9999 -9999 2.18556E-4 3.45356E-4 1.42482E-5 1.17416E-6 7.52003E-6 6.83763E-5 2.53807E-4 1.44841E-4 2.56036E-5 2.52873E-5 5.70376E-5 3.16571E-5 2.63637E-5 2.87296E-5 3.69712E-5 2.42723E-5 3.64695E-5 1.66379E-5 4.35804E-5 1.86114E-5 3.08927E-5 1.23352E-5 4.61678E-6 9.02935E-6 1.28262E-5 1.26014E-5 8.46862E-6 4.08576E-5 2.01578E-5 5.34446E-6 8.35432E-6 2.44128E-5 4.16585E-6 1.95539E-5 1.08415E-5 3.34761E-5 5.39725E-6 1.46416E-5 5.45309E-5 2.54273E-5 5.07237E-6 7.17608E-7 7.22153E-7 4.57818E-7 2.5326E-7 1.50318E-5 6.56067E-6 2.85289E-6 1.43161E-5 6.17853E-6 6.33516E-6 1.94995E-6 2.11396E-6 2.05776E-6 3.45689E-5 4.50705E-7 7.52496E-7 1.72495E-5 5.06568E-6 4.19959E-5 2.29809E-6 1.12147E-7
-9999 -9999 -9999 -9999 -9999 1.1328E-4 2.25815E-5 2.36519E-6 2.90466E-6 6.60459E-6 2.31591E-4 3.01983E-4 3.42672E-4 1.16071E-5 1.04924E-5 7.40115E-6 3.60945E-5 6.65438E-6 1.98604E-5 4.37715E-5 1.94914E-5 1.07269E-5 1.07677E-4 1.41628E-4 9.88552E-5 3.47206E-5 8.07273E-6 2.18913E-5 2.11173E-5 5.0261E-5 1.24497E-5 4.87637E-5 1.426E-5 7.80634E-6 1.47074E-5 1.39666E-5 9.82216E-5 1.00133E-5 6.93549E-6 2.80007E-7 3.21656E-6 4.12938E-6 4.4996E-7 2.82318E-6 9.33462E-6 1.87014E-6 1.33891E-6 8.57096E-7 1.00468E-6 3.88231E-6 5.4901E-6 4.91955E-6 1.74836E-6 1.74691E-5 3.97691E-6 1.42542E-5 1.31037E-6 5.33397E-6 5.93175E-7 2.45469E-6 3.67627E-6 5.46592E-7 2.06165E-6 6.4227E-6 6.93169E-8 7.95018E-7
-9999 -9999 -9999 -9999 -9999 2.18887E-4 4.06203E-5 3.78243E-5 6.56315E-5 1.93962E-5 1.29552E-5 2.62699E-4 2.88643E-4 1.71591E-4 1.89192E-5 7.78771E-6 1.03713E-4 1.59272E-5 3.21061E-5 1.41469E-5 2.42761E-5 6.12E-5 6.44796E-5 6.60454E-5 3.94973E-5 5.32835E-5 1.81235E-5 8.61355E-6 1.12146E-5 8.06199E-7 1.83814E-5 7.94452E-6 5.70006E-6 1.87929E-5 2.70626E-5 2.10125E-5 1.57123E-5 1.78385E-6 9.09359E-6 2.36916E-7 1.8017E-6 2.03327E-5 3.73632E-6 2.81957E-6 4.23263E-5 4.17113E-7 3.61703E-7 2.40817E-7 1.17795E-6 4.74246E-7 2.99751E-6 6.96214E-7 1.85151E-5 9.85779E-6 2.75076E-5 4.90137E-6 1.98605E-5 7.61344E-7 1.16747E-6 6.75504E-6 1.35495E-5 3.59063E-5 1.57521E-6 8.20922E-6 5.36364E-6 1.21462E-7
-9999 -9999 -9999 -9999 -9999 3.53797E-4 5.04827E-5 7.00719E-5 8.37397E-6 1.1623E-5 2.33869E-5 2.50354E-4 3.06547E-4 4.55197E-5 6.55976E-6 4.81603E-5 1.50684E-5 8.12666E-6 2.6753E-5 1.32903E-5 3.41173E-5 3.11428E-5 5.88245E-5 7.21011E-5 5.67085E-5 5.63592E-5 4.19745E-5 3.22563E-5 1.39775E-5 2.56015E-5 3.01521E-5 3.83789E-6 1.09595E-5 6.52756E-6 4.82919E-5 5.27677E-6 3.27105E-6 1.8034E-6 6.00493E-7 3.08775E-6 2.12752E-6 6.19489E-6 6.99344E-6 4.30753E-7 1.03981E-6 4.40015E-6 1.06122E-5 3.6767E-6 1.30441E-5 9.79519E-7 8.98529E-8 1.37772E-6 1.4913E-5 1.39431E-6 1.41907E-5 1.05442E-5 1.2857E-6 1.53033E-6 5.53716E-7 1.06214E-6 5.5272E-6 3.04959E-6 3.44952E-6 8.41338E-5 2.69783E-4 1.61787E-5
-9999 -9999 -9999 -9999 -9999 -9999 1.22167E-5 1.16338E-4 4.79452E-5 3.55266E-5 1.79494E-4 3.3353E-4 3.18379E-4 9.94974E-6 1.56422E-4 9.81581E-5 1.86052E-5 1.21991E-5 6.98641E-6 2.54241E-5 3.88039E-5 8.2343E-5 5.71628E-5 9.51327E-5 6.80421E-5 5.50678E-5 3.92222E-5 4.01956E-5 5.82762E-6 6.80605E-5 6.66053E-5 5.23397E-6 3.76978E-5 5.48178E-6 3.82219E-6 1.13405E-5 2.31942E-6 3.33582E-6 5.4638E-7 2.8958E-6 2.64357E-6 2.79547E-6 2.31086E-6 2.18289E-6 5.93063E-7 9.82187E-7 2.31165E-6 1.68324E-6 6.38027E-6 1.2434E-5 1.89421E-6 6.94102E-7 4.69964E-6 3.51184E-6 1.20711E-5 2.27688E-6 2.25937E-6 5.53097E-7 4.13272E-7 1.95597E-6 3.64034E-6 5.0085E-6 5.94965E-6 4.97507E-5 1.89323E-4 1.75209E-4
-9999 -9999 -9999 -9999 -9999 -9999 6.27589E-5 7.06026E-5 1.42074E-4 1.77698E-5 1.04468E-4 3.29412E-4 2.15958E-4 4.73025E-6 3.7991E-5 2.14181E-4 1.92425E-4 1.27246E-5 1.32086E-6 5.35229E-6 1.59462E-7 9.2947E-6 3.79708E-5 1.60127E-5 6.681E-5 5.74415E-5 7.95251E-5 6.63779E-5 1.20266E-5 4.75568E-5 2.85053E-5 3.71241E-5 7.68257E-6 1.71668E-5 5.99818E-6 5.73427E-6 3.75654E-6 4.45392E-7 8.31253E-6 4.65851E-6 2.60892E-5 3.40314E-5 2.92165E-6 7.1205E-7 6.88921E-7 5.40775E-7 4.37056E-6 2.57601E-6 1.12569E-6 4.04834E-6 3.32058E-5 2.15868E-5 7.66342E-6 9.25496E-6 1.93666E-6 3.89178E-6 3.35631E-7 5.23448E-7 2.31737E-6 4.37453E-6 2.57216E-6 8.69618E-6 2.12805E-5 1.82344E-5 7.2792E-5 7.55265E-5
-9999 -9999 -9999 -9999 -9999 -9999 7.28288E-5 1.09501E-4 9.76123E-5 1.85255E-4 1.37132E-4 2.92197E-4 3.4738E-4 7.8313E-5 2.19098E-6 4.38896E-6 9.10765E-5 3.88261E-5 4.02879E-6 9.0655E-7 5.49373E-7 1.81202E-5 3.82966E-6 1.3582E-5 5.92081E-6 3.00897E-5 7.09731E-5 8.47257E-5 5.54344E-5 5.33719E-5 7.18879E-5 4.60534E-5 3.93554E-5 3.30473E-5 2.6705E-5 1.3606E-5 2.22203E-5 1.58445E-6 1.76617E-6 6.5287E-6 3.3562E-5 6.14821E-5 7.11375E-6 3.54897E-6 1.62508E-8 1.8571E-7 3.6942E-7 5.00117E-7 2.65033E-6 4.60577E-5 6.9607E-5 3.32167E-5 1.07198E-5 1.64009E-6 7.06711E-7 2.72353E-6 1.10272E-5 6.33222E-7 9.3673E-7 4.78306E-6 3.45966E-7 1.0169E-5 3.4048E-5 7.45696E-5 4.22195E-5 5.91611E-5
-9999 -9999 -9999 -9999 -9999 -9999 1.70889E-4 5.47312E-5 1.04657E-4 1.66873E-4 1.10268E-4 2.80028E-4 2.83459E-4 8.09892E-5 2.03437E-5 6.59692E-6 6.94781E-5 1.72917E-4 2.42647E-5 5.38368E-6 1.58074E-6 3.53753E-6 2.44006E-6 8.669E-7 4.39615E-6 5.12572E-5 8.32857E-5 7.06526E-5 9.42348E-5 5.77492E-5 5.34709E-5 6.69786E-5 4.11126E-5 3.89262E-5 2.55171E-5 5.49659E-5 4.01394E-5 8.17836E-6 8.42654E-6 1.36539E-5 3.1329E-5 3.22394E-5 7.41317E-6 3.64811E-6 1.42886E-6 2.50438E-5 7.72726E-5 2.4944E-5 2.12558E-5 5.08049E-5 4.29646E-5 4.46982E-5 1.05189E-6 5.50841E-7 4.1054E-6 8.07525E-6 6.24043E-5 5.38308E-6 8.35018E-7 1.80147E-6 3.85357E-7 6.50954E-6 6.87537E-5 3.77077E-5 5.44472E-5 5.73917E-6
-9999 -9999 -9999 -9999 -9999 -9999 -9999 5.15534E-5 1.08181E-4 1.77668E-4 1.17055E-4 1.71132E-4 2.29666E-4 2.00934E-4 8.23762E-6 1.00267E-5 1.28018E-5 4.91635E-5 4.72697E-5 1.49385E-5 3.39639E-6 3.95443E-6 2.71605E-6 2.84711E-6 5.5303E-7 7.4259E-5 8.85954E-5 1.02117E-4 9.01756E-5 3.36456E-5 8.08989E-5 9.00984E-5 6.48335E-5 4.74099E-5 1.61498E-5 5.24004E-5 5.82399E-6 1.41934E-5 4.07582E-6 5.28625E-6 8.84569E-6 2.56593E-5 4.35456E-5 1.38215E-6 2.40135E-6 1.32819E-6 1.09433E-5 3.61529E-6 3.97785E-6 2.03037E-5 1.77716E-5 1.76164E-5 1.76032E-6 7.32258E-6 9.63633E-6 4.07109E-5 1.02136E-4 2.95083E-5 4.98628E-6 9.9197E-6 6.83937E-5 6.08737E-5 8.55604E-5 4.01795E-5 1.78875E-5 1.84552E-5
-9999 -9999 -9999 -9999 -9999 -9999 -9999 3.69252E-5 1.69709E-4 1.69143E-4 1.20915E-4 1.55005E-4 2.26546E-4 1.58473E-4 3.68532E-5 7.97842E-5 2.2372E-5 1.00624E-4 8.80291E-5 3.70616E-5 6.53423E-6 2.69572E-5 1.36462E-6 2.5363E-7 8.87566E-6 1.03005E-5 4.36315E-5 9.54283E-5 8.47635E-6 2.84491E-5 4.46746E-5 5.73417E-5 6.6807E-5 9.59019E-5 7.9993E-5 7.17479E-6 2.35793E-5 5.489E-5 1.47234E-5 4.60059E-6 2.664E-6 2.25017E-5 8.32833E-6 5.30643E-6 2.15014E-6 2.26078E-7 8.90429E-6 1.66145E-6 2.14436E-6 1.80498E-6 3.03361E-6 1.46681E-5 1.52622E-5 2.22372E-5 5.47719E-5 4.98852E-5 2.26625E-5 3.0284E-5 7.7459E-6 2.21054E-5 1.51399E-5 1.03743E-4 1.60013E-5 2.60161E-5 4.12603E-5 2.00107E-5
-9999 -9999 -9999 -9999 -9999 -9999 -9999 2.06769E-5 4.63995E-5 3.3597E-4 1.50501E-4 2.05427E-4 2.33026E-4 1.98851E-4 2.10818E-6 3.69633E-6 4.66652E-5 1.747E-4 1.33191E-4 5.02686E-5 3.2451E-6 7.86647E-5 3.72293E-5 9.43448E-6 6.20306E-8 1.70755E-5 4.99641E-5 4.2552E-5 1.04375E-5 4.27339E-6 3.82731E-6 6.45112E-5 7.51306E-5 3.62694E-5 8.86029E-5 4.9876E-5 2.36022E-5 1.404E-5 5.35576E-5 1.67708E-5 5.10034E-6 1.16555E-6 2.31738E-6 7.06268E-7 1.85895E-7 1.98598E-6 4.98732E-5 1.15893E-5 5.00309E-7 6.11963E-5 3.59107E-6 8.91148E-6 1.03685E-5 1.2428E-5 1.0251E-4 1.14532E-4 1.46966E-5 6.85141E-5 1.78839E-5 2.08201E-6 5.58488E-6 1.33971E-6 9.36597E-6 4.2591E-5 6.60316E-5 3.33942E-5
-9999 -9999 -9999 -9999 -9999 -9999 -9999 5.74016E-5 1.33959E-4 1.7979E-4 1.53123E-4 1.67167E-4 2.42632E-4 2.89017E-4 9.83938E-5 1.31799E-4 4.27765E-5 8.40288E-6 1.17931E-6 5.86465E-6 1.27925E-5 1.39713E-5 1.01961E-5 2.69598E-5 2.89419E-5 1.74181E-5 7.19952E-6 2.21885E-5 4.56457E-5 1.69703E-6 6.00905E-6 3.12775E-5 1.66933E-5 2.9834E-5 2.51188E-5 3.36124E-5 2.00726E-5 2.3458E-5 8.76244E-6 8.25487E-6 9.96255E-6 5.39462E-6 6.21507E-6 9.13358E-7 6.7746E-7 7.45275E-6 3.63651E-6 5.13831E-7 1.80649E-6 2.35621E-5 7.60897E-5 1.82085E-5 2.23115E-5 1.6619E-5 9.50762E-5 2.87535E-5 2.64343E-5 6.12534E-5 1.02758E-5 1.31992E-5 7.20922E-7 4.33461E-6 1.55787E-5 3.93496E-5 2.37917E-5 2.03127E-5
-9999 -9999 -9999 -9999 -9999 -9999 -9999 2.07532E-5 1.08056E-4 2.2805E-4 1.53592E-4 1.25526E-4 1.57734E-4 2.68875E-4 1.26771E-4 4.72857E-5 1.87878E-4 9.56963E-5 1.04305E-4 5.29917E-5 1.62348E-4 2.11774E-4 2.72631E-5 2.73305E-5 2.04832E-5 1.02159E-5 2.47187E-5 3.5791E-5 9.78909E-6 5.47784E-6 2.45713E-5 5.16957E-5 3.94777E-5 8.13372E-5 1.04454E-4 3.12368E-5 1.02068E-5 5.64613E-6 1.14741E-6 2.09295E-6 2.85548E-6 1.44996E-6 4.48778E-7 4.86741E-6 1.41438E-5 1.14082E-5 1.41885E-5 3.76145E-5 2.00772E-5 6.20887E-5 7.56236E-5 7.43313E-5 2.90022E-5 6.23377E-5 9.56503E-5 1.14617E-5 3.65963E-5 5.78659E-6 3.62131E-6 5.29161E-6 1.62524E-6 3.86161E-7 5.56504E-5 1.15057E-5 1.73679E-5 4.74729E-5
-9999 -9999 -9999 -9999 -9999 -9999 -9999 1.55352E-5 3.63741E-6 1.45356E-4 1.51737E-4 1.01007E-4 1.46008E-4 2.21612E-4 2.4584E-4 1.00606E-4 3.4427E-5 1.41649E-6 5.85831E-6 7.53585E-5 4.38658E-5 6.65934E-5 3.49003E-5 8.83351E-6 2.90607E-5 7.37616E-5 2.12471E-5 3.48321E-5 6.00433E-5 1.95462E-5 8.22131E-6 1.83278E-5 4.34313E-6 4.4653E-5 3.24863E-5 2.47251E-5 1.03656E-5 1.04974E-5 1.22592E-5 4.91398E-7 7.671E-7 1.48657E-5 1.15621E-5 7.62373E-5 1.38645E-5 3.27848E-5 1.58128E-5 5.63222E-6 1.4943E-5 5.3212E-5 6.70444E-5 7.10638E-5 7.11918E-5 3.43846E-5 3.7581E-5 5.02678E-5 3.38115E-5 2.89189E-5 1.06873E-5 2.99225E-5 6.42397E-5 1.06585E-5 1.10704E-5 2.03213E-5 1.91632E-5 1.59556E-5
-9999 -9999 -9999 -9999 -9999 -9999 -9999 4.95701E-6 1.73857E-6 5.75758E-5 1.4526E-4 8.47476E-5 1.47256E-4 2.42087E-4 1.92193E-4 4.51455E-5 1.43124E-4 1.39238E-5 1.65156E-5 7.16868E-5 1.44299E-5 2.83709E-5 1.3441E-5 1.90173E-4 3.08163E-5 5.37044E-5 1.77892E-4 3.14982E-5 5.48594E-5 6.73917E-5 8.80097E-5 1.18559E-5 4.87288E-6 2.73684E-5 3.41132E-5 6.12213E-5 5.61568E-5 7.87085E-5 3.92838E-5 6.07577E-5 7.71987E-7 1.31183E-5 3.69176E-6 2.22113E-5 6.1508E-6 2.27467E-5 3.49877E-5 2.68894E-5 4.37841E-5 6.93462E-5 6.67541E-5 5.62004E-5 6.94523E-5 2.86437E-5 5.92625E-5 7.19419E-5 2.03005E-5 4.12182E-5 3.59142E-5 7.21254E-6 7.01135E-6 4.71985E-6 5.02086E-5 7.81366E-6 1.3182E-5 2.45373E-5
-9999 -9999 -9999 -9999 -9999 -9999 -9999 2.56951E-5 3.44478E-6 3.80669E-5 1.49418E-4 1.41682E-4 1.56851E-4 2.54949E-4 2.80273E-4 2.34467E-4 3.53892E-5 3.68245E-5 2.63755E-5 3.65827E-6 2.90339E-6 1.80392E-5 2.85331E-5 2.24204E-5 1.65374E-5 9.19598E-5 1.21875E-4 9.88409E-5 3.99896E-5 1.55642E-5 2.09911E-5 5.15566E-5 1.62027E-5 4.17017E-5 5.93143E-5 7.79006E-5 5.37728E-6 5.91893E-5 1.58275E-5 3.07767E-6 7.22495E-6 1.62217E-5 7.91368E-5 1.94455E-5 7.51488E-6 2.04032E-5 1.98242E-5 1.19329E-5 9.78432E-6 1.34438E-5 3.57833E-5 2.7466E-5 3.41562E-5 6.78819E-5 7.38774E-5 4.15613E-5 2.60431E-5 4.24214E-5 5.55785E-6 5.75404E-5 8.11597E-6 1.49138E-6 5.66958E-5 5.16623E-5 2.63186E-5 2.2147E-5
