catData/rasterBestHybridModels/Pbengalensis/RD_BM001_RM2_LQH/Pbengalensis_avg.asc
ncols         409
nrows         350
xllcorner     60.897278365
yllcorner     5.843756025
cellsize      0.0892857
NODATA_value  -9999
[rows 145 to 173 of 350, columns 66 to 131 of 409]
-9999 -9999 -9999 -9999 -9999 -9999 -9999 1.57674E-5 1.1798E-5 1.00185E-5 9.26377E-6 1.04019E-5 1.07617E-5 1.07275E-5 1.057E-5 1.10545E-5 1.08628E-5 9.89277E-6 8.97888E-6 8.92585E-6 9.61564E-6 8.833E-6 8.78785E-6 8.90993E-6 9.97942E-6 9.44621E-6 7.74973E-6 6.24626E-6 5.56694E-6 5.6591E-6 5.5694E-6 4.99138E-6 4.72597E-6 4.96151E-6 4.97118E-6 5.09351E-6 5.19057E-6 5.21425E-6 5.60406E-6 5.19449E-6 5.05542E-6 4.77571E-6 3.98105E-6 3.2984E-6 3.00111E-6 2.96961E-6 3.13525E-6 3.51276E-6 3.38606E-6 3.3834E-6 3.63432E-6 5.51094E-6 4.46854E-6 9.43205E-6 1.39232E-5 1.97033E-5 2.84525E-5 3.97166E-5 4.8144E-5 4.41538E-5 4.91038E-5 4.53892E-5 5.74778E-5 4.78332E-5 5.08344E-5 4.21402E-5
-9999 -9999 -9999 -9999 -9999 -9999 -9999 1.37183E-5 1.28506E-5 1.18328E-5 1.14414E-5 1.11607E-5 1.16767E-5 1.17775E-5 1.18399E-5 1.19042E-5 1.14145E-5 1.05361E-5 9.96382E-6 8.96587E-6 8.44975E-6 8.34886E-6 9.06238E-6 9.48591E-6 1.03542E-5 1.01794E-5 8.48705E-6 6.89396E-6 5.72658E-6 5.72667E-6 5.63473E-6 5.2517E-6 4.85054E-6 1.07511E-5 1.03049E-5 5.44224E-6 5.1201E-6 5.16886E-6 5.57817E-6 5.23158E-6 5.03088E-6 4.89714E-6 4.7421E-6 4.01229E-6 3.37148E-6 3.08867E-6 3.22008E-6 3.36029E-6 3.40474E-6 3.43929E-6 3.60247E-6 6.11679E-6 8.58813E-6 1.01958E-5 1.32225E-5 1.81469E-5 2.38799E-5 1.80056E-5 3.61516E-5 3.5719E-5 3.14449E-5 3.98136E-5 4.49188E-5 4.52992E-5 2.28318E-5 3.75078E-5
-9999 -9999 -9999 -9999 -9999 -9999 -9999 -9999 1.39163E-5 1.3925E-5 1.23675E-5 1.19213E-5 1.1761E-5 1.18961E-5 -9999 1.1856E-5 1.15995E-5 1.08539E-5 1.00195E-5 9.72395E-6 9.0208E-6 8.81643E-6 8.62441E-6 8.48883E-6 9.23933E-6 9.41197E-6 7.81541E-6 6.39827E-6 5.53149E-6 5.85121E-6 6.36409E-6 5.93089E-6 5.85067E-6 4.41751E-5 5.26444E-5 7.99632E-6 4.70179E-6 5.01092E-6 7.92071E-6 1.26199E-5 7.33663E-6 5.03274E-6 5.88828E-6 8.48002E-6 7.38229E-6 5.59981E-6 3.77461E-6 3.28173E-6 4.4215E-6 4.70083E-6 4.24471E-6 7.09992E-6 8.60477E-6 9.28389E-6 1.16868E-5 1.8022E-5 1.75633E-5 1.45787E-5 3.04601E-5 4.66378E-5 3.15247E-5 4.0063E-5 7.2822E-5 4.57502E-5 4.71645E-5 5.48363E-5
-9999 -9999 -9999 -9999 -9999 -9999 -9999 -9999 -9999 -9999 -9999 -9999 1.15879E-5 1.17358E-5 1.18456E-5 1.21015E-5 -9999 1.07093E-5 -9999 1.04709E-5 -9999 1.05804E-5 1.25026E-5 1.05436E-5 8.43503E-6 7.90528E-6 6.50205E-6 5.33418E-6 5.00821E-6 5.17303E-6 5.07262E-6 5.32603E-6 5.57877E-6 2.89563E-5 4.58071E-5 9.05507E-6 4.94101E-6 4.91312E-6 8.02567E-6 1.56359E-5 8.63607E-6 5.54066E-6 6.00118E-6 9.34964E-6 9.53315E-6 7.27553E-6 3.79604E-6 3.33385E-6 7.32377E-6 7.5721E-6 4.86454E-6 6.33603E-6 7.30865E-6 1.06007E-5 1.0683E-5 1.21986E-5 1.23223E-5 1.34343E-5 9.54498E-6 5.04164E-5 2.07558E-5 2.08468E-5 3.35448E-5 4.27565E-5 4.61029E-5 3.96611E-5
-9999 -9999 -9999 -9999 -9999 -9999 -9999 -9999 -9999 -9999 -9999 -9999 -9999 -9999 -9999 -9999 1.0174E-5 1.00658E-5 -9999 -9999 1.27018E-5 1.60083E-5 2.47943E-5 3.65044E-5 2.70361E-5 1.04398E-5 6.3737E-6 5.22943E-6 4.74804E-6 4.76446E-6 4.62577E-6 4.68427E-6 4.83824E-6 9.20898E-6 8.5991E-6 5.92118E-6 6.35314E-6 6.24527E-6 5.97516E-6 5.5118E-6 5.65641E-6 5.5894E-6 5.59699E-6 6.2288E-6 6.92803E-6 5.87546E-6 4.64909E-6 3.62264E-6 4.56782E-6 4.38774E-6 5.06228E-6 5.26786E-6 6.46169E-6 7.50282E-6 8.16363E-6 1.11466E-5 3.07533E-6 2.76347E-6 1.55172E-5 2.64962E-5 3.51511E-5 1.9823E-5 1.0776E-5 1.96077E-5 4.45246E-5 5.59331E-5
-9999 -9999 -9999 -9999 -9999 -9999 -9999 -9999 -9999 -9999 -9999 -9999 -9999 -9999 -9999 1.05435E-5 -9999 9.97062E-6 -9999 1.44535E-5 2.27483E-5 3.48349E-5 5.42458E-5 1.2152E-4 8.16587E-5 2.80844E-5 9.03232E-6 6.24082E-6 5.54526E-6 5.40981E-6 5.02412E-6 5.08706E-6 5.32254E-6 5.72095E-6 4.92221E-6 5.50645E-6 6.82698E-6 7.34449E-6 6.6317E-6 5.97696E-6 7.05627E-6 7.73066E-6 9.75694E-6 1.31768E-5 1.52821E-5 1.62929E-5 7.2815E-6 4.07961E-6 3.72176E-6 3.42146E-6 3.64438E-6 4.03359E-6 4.96273E-6 5.72999E-6 6.90959E-6 1.0283E-5 1.09873E-5 6.10332E-7 4.39258E-7 1.36805E-5 1.31861E-5 3.16247E-5 2.99545E-5 2.3116E-5 5.39286E-5 4.88855E-5
-9999 -9999 -9999 -9999 -9999 -9999 -9999 -9999 -9999 -9999 -9999 -9999 -9999 -9999 -9999 -9999 -9999 -9999 1.06614E-5 1.72087E-5 4.71366E-5 7.62761E-5 8.28577E-5 8.26279E-5 7.74726E-5 6.6542E-5 2.51604E-5 1.04116E-5 6.09395E-6 5.67848E-6 5.50608E-6 6.07803E-6 5.93075E-6 6.20484E-6 5.31776E-6 5.13192E-6 6.11836E-6 6.76093E-6 6.43745E-6 8.32378E-6 1.80014E-5 3.08502E-5 5.10457E-5 9.30682E-5 5.37591E-5 2.83211E-5 1.32938E-5 5.26824E-6 3.65897E-6 3.22306E-6 3.66788E-6 3.87368E-6 4.11434E-6 4.9956E-6 5.79275E-6 8.002E-6 9.50931E-6 1.1547E-5 6.5083E-6 3.60408E-6 1.12864E-5 9.51929E-6 2.89225E-5 4.47143E-5 4.83995E-5 4.95735E-5
-9999 -9999 -9999 -9999 -9999 -9999 -9999 -9999 -9999 -9999 -9999 -9999 -9999 -9999 -9999 -9999 -9999 -9999 -9999 1.39536E-5 3.47574E-5 5.20498E-5 4.93638E-5 5.74243E-5 7.49348E-5 7.16212E-5 7.58851E-5 3.25206E-5 3.52946E-5 2.08032E-5 1.37895E-5 8.62436E-6 7.59887E-6 7.13661E-6 6.76597E-6 5.84342E-6 6.34521E-6 7.08497E-6 6.54603E-6 1.25109E-5 4.78503E-5 6.56213E-5 8.01762E-5 7.10552E-5 5.50314E-5 1.78267E-5 8.27134E-6 5.0202E-6 3.4413E-6 3.32615E-6 3.3262E-6 3.58944E-6 3.58295E-6 4.20083E-6 5.29495E-6 6.97061E-6 8.22158E-6 2.07794E-7 1.43514E-6 7.17228E-7 2.77489E-6 2.86446E-5 3.93101E-5 4.4688E-5 4.82675E-5 4.94379E-5
-9999 -9999 -9999 -9999 -9999 -9999 -9999 -9999 -9999 -9999 -9999 -9999 -9999 -9999 -9999 -9999 -9999 -9999 -9999 -9999 1.48844E-5 1.85898E-5 2.29912E-5 3.55507E-5 6.02762E-5 8.40929E-5 9.08509E-5 8.05515E-5 6.77213E-5 6.37052E-5 6.81044E-5 5.57406E-5 2.8077E-5 5.45426E-5 3.99304E-5 2.80913E-5 1.22566E-5 9.07768E-6 1.05246E-5 1.25392E-5 3.03199E-5 5.86452E-5 6.85795E-5 6.20088E-5 2.22806E-5 9.00218E-6 4.87748E-6 4.01526E-6 3.48053E-6 3.46766E-6 3.49298E-6 3.41866E-6 3.46221E-6 3.98194E-6 5.30342E-6 7.34318E-6 4.15826E-6 1.14349E-8 8.94287E-8 5.52385E-6 1.54963E-5 2.96017E-5 4.1688E-5 4.35189E-5 4.7515E-5 5.50609E-5
-9999 -9999 -9999 -9999 -9999 -9999 -9999 -9999 -9999 -9999 -9999 -9999 -9999 -9999 -9999 -9999 -9999 -9999 -9999 -9999 -9999 1.19072E-5 1.7629E-5 2.88437E-5 4.20612E-5 7.02092E-5 9.01528E-5 9.67872E-5 9.22429E-5 8.82227E-5 7.80519E-5 8.06265E-5 8.82644E-5 8.72409E-5 7.68799E-5 7.51917E-5 4.21756E-5 2.93677E-5 3.29686E-5 3.94508E-5 1.50277E-5 2.29598E-5 2.73006E-5 1.41865E-5 8.93955E-6 6.05322E-6 4.53945E-6 4.10692E-6 4.19284E-6 4.13311E-6 4.14173E-6 4.06349E-6 3.90828E-6 2.20406E-6 3.9575E-6 3.53383E-6 1.47727E-6 7.56847E-8 3.74259E-7 3.66502E-6 5.63521E-6 2.532E-5 4.21652E-5 4.99536E-5 4.66185E-5 4.43137E-5
-9999 -9999 -9999 -9999 -9999 -9999 -9999 -9999 -9999 -9999 -9999 -9999 -9999 -9999 -9999 -9999 -9999 -9999 -9999 -9999 1.23415E-5 1.26467E-5 1.83445E-5 3.0996E-5 4.8227E-5 6.89558E-5 8.04765E-5 1.47977E-4 1.07828E-4 9.67209E-5 9.04429E-5 9.25024E-5 1.01658E-4 9.63149E-5 8.56128E-5 8.27113E-5 5.64369E-5 2.24027E-5 1.21085E-5 1.13154E-5 1.15784E-5 1.17539E-5 1.17133E-5 8.38806E-6 7.67068E-6 6.91959E-6 5.78487E-6 4.96746E-6 1.78574E-6 4.56585E-6 4.36793E-6 4.36434E-6 4.26219E-6 4.15954E-6 2.24557E-6 2.07331E-7 6.44567E-7 1.83909E-7 2.24698E-8 5.52182E-8 1.30262E-6 9.89944E-6 2.49815E-5 2.80025E-5 3.10639E-5 4.49162E-5
-9999 -9999 -9999 -9999 -9999 -9999 -9999 -9999 -9999 -9999 -9999 -9999 -9999 -9999 -9999 -9999 -9999 -9999 -9999 -9999 -9999 -9999 1.22364E-5 1.91701E-5 3.55492E-5 5.49442E-5 8.20192E-5 9.50521E-5 1.13309E-4 8.26539E-5 8.20468E-5 9.87008E-5 1.09956E-4 9.41281E-5 8.82233E-5 8.95321E-5 5.92497E-5 1.84641E-5 1.11405E-5 1.20589E-5 1.2277E-5 1.25699E-5 9.91718E-6 7.21686E-6 2.50165E-6 2.03809E-6 1.20515E-7 7.28496E-8 1.53478E-7 2.05673E-7 8.85034E-7 1.78991E-6 1.63923E-6 2.70968E-7 1.07405E-6 3.72573E-7 8.12535E-8 7.06066E-9 1.94874E-7 2.83198E-7 4.48317E-6 2.84905E-6 3.57337E-7 1.95682E-6 2.46392E-5 3.61476E-5
-9999 -9999 -9999 -9999 -9999 -9999 -9999 -9999 -9999 -9999 -9999 -9999 -9999 -9999 -9999 -9999 -9999 -9999 -9999 -9999 -9999 -9999 -9999 1.29704E-5 1.73233E-5 2.71439E-5 4.85152E-5 7.94697E-5 7.68696E-5 7.21235E-5 7.19632E-5 7.22269E-5 7.30935E-5 7.69484E-5 8.0493E-5 4.55745E-5 2.56555E-5 1.41212E-5 2.72066E-5 1.309E-5 1.33263E-5 1.12739E-5 6.00098E-6 9.25156E-8 6.597E-7 9.82399E-8 6.36472E-8 1.55163E-6 1.04475E-5 8.13601E-6 8.22669E-6 8.93881E-7 6.4489E-6 5.19503E-6 1.64364E-6 5.03198E-6 8.79719E-7 7.11889E-8 5.21684E-8 9.605E-7 8.44539E-6 1.39401E-6 1.22705E-6 1.04884E-5 3.46084E-5 3.27877E-5
-9999 -9999 -9999 -9999 -9999 -9999 -9999 -9999 -9999 -9999 -9999 -9999 -9999 -9999 -9999 -9999 -9999 -9999 -9999 -9999 -9999 -9999 -9999 -9999 -9999 1.33526E-5 1.99455E-5 2.86174E-5 3.41694E-5 4.38211E-5 5.10737E-5 3.95206E-5 3.79235E-5 2.92508E-5 1.9932E-5 1.62089E-5 1.33123E-5 -9999 1.47074E-5 1.35154E-5 1.25022E-5 1.0035E-5 2.46157E-7 7.71535E-8 7.50776E-6 5.68983E-7 3.86589E-6 2.58648E-5 3.03956E-5 2.0093E-5 9.06883E-6 1.8244E-5 1.33121E-5 2.06003E-5 1.10906E-5 2.37146E-6 1.31432E-6 2.46098E-8 1.48681E-8 2.97846E-6 2.47008E-6 3.8139E-6 4.27118E-6 1.34548E-5 1.68438E-5 2.23297E-5
-9999 -9999 -9999 -9999 -9999 -9999 -9999 -9999 -9999 -9999 -9999 -9999 -9999 -9999 -9999 -9999 -9999 -9999 -9999 -9999 -9999 -9999 -9999 -9999 -9999 -9999 -9999 1.65683E-5 2.80886E-5 1.86714E-5 1.80735E-5 1.90271E-5 2.55107E-5 1.42635E-5 1.06504E-5 -9999 -9999 -9999 -9999 -9999 1.12433E-5 7.23704E-6 2.54603E-6 8.42644E-7 1.08092E-5 1.40227E-5 1.14574E-5 4.06353E-5 3.04094E-5 1.52424E-5 4.1094E-5 1.27747E-5 1.76811E-5 3.25316E-6 1.96979E-5 1.27012E-6 9.47435E-7 2.11059E-7 3.43913E-7 1.48329E-7 1.69735E-6 1.14458E-6 9.17778E-6 9.6971E-6 1.238E-5 9.50667E-6
-9999 -9999 -9999 -9999 -9999 -9999 -9999 -9999 -9999 -9999 -9999 -9999 -9999 -9999 -9999 -9999 -9999 -9999 -9999 -9999 -9999 -9999 -9999 -9999 -9999 -9999 -9999 -9999 -9999 1.1495E-5 1.0823E-5 1.0947E-5 1.13508E-5 -9999 -9999 -9999 -9999 -9999 -9999 1.17795E-5 4.90375E-6 8.24262E-6 6.65073E-6 2.59377E-6 1.34906E-5 4.66498E-6 3.81783E-6 2.23646E-5 4.54838E-5 1.85125E-5 2.59624E-5 2.41079E-5 2.98771E-5 7.63112E-6 3.2528E-6 6.17856E-7 4.35028E-7 1.92422E-6 1.49518E-6 2.57665E-6 4.2204E-6 2.47069E-6 1.72223E-6 8.10772E-6 7.89497E-6 1.34941E-5
-9999 -9999 -9999 -9999 -9999 -9999 -9999 -9999 -9999 -9999 -9999 -9999 -9999 -9999 -9999 -9999 -9999 -9999 -9999 -9999 -9999 -9999 -9999 -9999 -9999 -9999 -9999 -9999 -9999 -9999 -9999 -9999 -9999 -9999 -9999 -9999 -9999 -9999 -9999 3.07984E-6 2.00749E-7 5.86876E-6 8.42394E-6 1.18085E-5 2.22972E-5 3.46285E-5 7.44848E-6 2.80253E-6 1.18533E-5 5.64627E-5 2.46227E-5 7.39791E-6 2.9403E-7 2.5489E-6 6.99556E-7 1.98227E-7 3.74654E-8 1.98012E-6 1.65027E-6 1.83949E-6 1.05462E-6 8.63244E-6 1.01999E-6 5.80025E-6 8.21773E-6 1.08034E-5
-9999 -9999 -9999 -9999 -9999 -9999 -9999 -9999 -9999 -9999 -9999 -9999 -9999 -9999 -9999 -9999 -9999 -9999 -9999 -9999 -9999 -9999 -9999 -9999 -9999 -9999 -9999 -9999 -9999 -9999 -9999 -9999 -9999 -9999 -9999 1.31619E-5 -9999 1.12907E-5 7.82713E-6 3.98784E-7 3.26475E-6 1.97138E-6 8.73881E-7 1.12869E-5 1.59883E-5 2.48214E-5 3.83108E-6 4.46344E-6 1.07228E-5 7.26562E-5 3.67639E-5 1.08261E-5 5.62098E-6 1.88702E-5 3.56294E-6 5.53569E-8 1.61187E-7 7.82236E-7 1.43409E-6 2.73106E-6 3.67175E-6 8.50266E-6 5.85928E-6 1.29344E-6 5.71182E-6 8.17658E-6
-9999 -9999 -9999 -9999 -9999 -9999 -9999 -9999 -9999 -9999 -9999 -9999 -9999 -9999 -9999 -9999 -9999 -9999 -9999 -9999 -9999 -9999 -9999 -9999 -9999 2.11544E-5 -9999 -9999 -9999 -9999 -9999 -9999 -9999 -9999 -9999 1.15837E-5 8.09354E-6 3.78933E-6 1.02794E-5 1.01642E-5 3.74145E-7 2.75443E-6 1.06707E-5 1.41411E-6 8.77984E-7 5.23908E-7 1.1029E-6 8.55723E-6 1.29044E-5 2.6121E-5 4.0344E-5 1.23646E-5 2.40677E-5 4.7793E-5 3.61041E-5 9.54119E-6 1.73967E-6 1.5039E-6 3.70549E-6 8.04983E-6 3.89717E-6 5.97462E-6 3.04157E-6 2.33749E-6 6.99954E-6 6.71167E-6
-9999 -9999 -9999 -9999 -9999 -9999 -9999 -9999 -9999 -9999 -9999 -9999 -9999 -9999 -9999 -9999 -9999 -9999 -9999 -9999 -9999 -9999 -9999 -9999 -9999 1.55455E-5 -9999 -9999 -9999 -9999 1.40499E-5 -9999 1.61835E-5 1.36417E-5 8.7655E-6 1.72833E-6 1.91499E-6 4.93887E-6 3.63657E-6 3.30665E-6 4.15195E-6 2.25709E-6 1.2224E-5 1.01121E-5 1.47564E-6 2.96251E-6 1.03103E-6 1.73757E-5 1.26715E-6 3.62326E-6 7.50458E-6 6.44353E-6 4.1205E-5 3.99222E-5 3.2128E-5 1.97047E-5 1.87113E-5 1.51079E-7 1.59843E-6 6.66433E-6 1.54761E-6 2.11865E-6 9.87686E-7 3.74653E-6 4.30739E-6 4.6008E-6
-9999 -9999 -9999 -9999 -9999 -9999 -9999 -9999 -9999 -9999 -9999 -9999 -9999 -9999 -9999 -9999 -9999 -9999 -9999 -9999 -9999 -9999 -9999 -9999 1.59004E-5 1.85794E-5 -9999 -9999 1.32362E-5 1.25461E-5 1.51048E-5 1.00591E-5 1.36151E-5 2.40491E-5 2.8654E-5 1.10259E-5 1.49588E-5 7.0111E-6 9.35912E-7 4.89068E-6 5.4882E-7 1.39026E-6 7.84317E-6 4.75408E-6 1.00333E-5 3.39192E-6 5.42764E-8 1.00035E-7 2.22131E-7 2.21779E-6 1.54549E-5 1.11152E-5 3.7956E-5 2.96491E-5 5.76034E-5 3.06197E-5 1.09684E-5 5.27187E-6 1.15669E-6 1.89158E-6 6.25228E-6 6.427E-6 8.89419E-6 8.00462E-6 5.17807E-6 9.24268E-6
-9999 -9999 -9999 -9999 -9999 -9999 -9999 -9999 -9999 -9999 -9999 -9999 -9999 -9999 -9999 -9999 -9999 -9999 -9999 -9999 -9999 -9999 -9999 -9999 -9999 1.97427E-5 1.72437E-5 1.74311E-5 2.3394E-5 4.65962E-6 8.06021E-6 2.96364E-5 3.10689E-5 6.15361E-5 6.00836E-5 7.03922E-5 2.65595E-5 3.5377E-6 8.98806E-6 2.50133E-6 2.58562E-6 4.50452E-7 5.09427E-8 1.17054E-6 9.33279E-6 1.32549E-5 3.81275E-8 1.60022E-5 2.13322E-6 4.29805E-5 2.84722E-5 8.77293E-5 5.07432E-5 1.58672E-5 3.43434E-5 1.9859E-5 5.90923E-6 8.71117E-7 1.54832E-6 3.27633E-6 6.59363E-6 6.87558E-6 9.33998E-6 -9999 -9999 1.03649E-5
-9999 -9999 -9999 -9999 -9999 -9999 -9999 -9999 -9999 -9999 -9999 -9999 -9999 -9999 -9999 -9999 -9999 -9999 -9999 -9999 -9999 -9999 -9999 -9999 -9999 1.79407E-5 1.60417E-5 1.97975E-5 4.06487E-6 5.51257E-6 1.38368E-6 4.29104E-6 5.16942E-5 7.51578E-5 2.46481E-5 1.26702E-5 7.74403E-5 3.17867E-6 7.93293E-6 7.83995E-6 5.36265E-6 2.76533E-5 5.35438E-7 1.34957E-7 3.57458E-6 2.18432E-5 1.50586E-6 6.29524E-6 3.64082E-6 9.96585E-6 6.00621E-6 1.98914E-5 4.38268E-5 4.68321E-5 6.65297E-5 3.39306E-5 7.90248E-6 3.39033E-6 6.20187E-6 5.98194E-6 6.01851E-6 7.99702E-6 -9999 -9999 -9999 7.14544E-6
-9999 -9999 -9999 -9999 -9999 -9999 -9999 -9999 -9999 -9999 -9999 -9999 -9999 -9999 -9999 -9999 -9999 -9999 -9999 -9999 -9999 -9999 -9999 -9999 -9999 -9999 1.41662E-5 1.68207E-5 2.34141E-5 1.47221E-5 1.09051E-5 1.09752E-5 1.14529E-5 7.25438E-6 2.32158E-5 3.04187E-5 2.24282E-5 1.48682E-6 3.26683E-6 3.15558E-6 6.04823E-6 1.60065E-6 3.11053E-7 1.07158E-5 9.72565E-6 9.12452E-6 6.71916E-6 3.19155E-5 5.4594E-5 2.14313E-5 1.26958E-7 5.69438E-6 2.64787E-5 4.5637E-5 2.96445E-5 1.51792E-5 1.23697E-5 1.96544E-6 3.1148E-6 6.64441E-6 6.88352E-6 1.01765E-5 -9999 -9999 1.8596E-6 9.92628E-8
-9999 -9999 -9999 -9999 -9999 -9999 -9999 -9999 -9999 -9999 -9999 -9999 -9999 -9999 -9999 -9999 -9999 -9999 -9999 -9999 -9999 -9999 -9999 -9999 -9999 -9999 -9999 1.65748E-5 1.48355E-5 1.20594E-5 1.043E-5 2.6842E-5 2.35594E-5 4.33329E-5 8.63324E-6 7.70362E-8 1.8509E-6 1.37525E-5 7.25253E-7 1.44166E-6 1.51101E-6 1.29442E-5 4.55862E-6 8.32543E-6 1.18203E-6 5.99462E-5 1.74725E-5 1.06932E-5 1.88749E-5 1.3755E-5 7.67207E-6 1.14464E-5 4.83337E-6 7.14499E-5 4.11692E-5 2.37636E-5 1.18663E-5 1.39939E-6 6.47228E-6 7.8863E-6 9.76879E-6 -9999 -9999 -9999 4.92004E-6 1.90266E-6
-9999 -9999 -9999 -9999 -9999 -9999 -9999 -9999 -9999 -9999 -9999 -9999 -9999 -9999 -9999 -9999 -9999 -9999 -9999 -9999 -9999 -9999 -9999 -9999 -9999 -9999 -9999 -9999 1.3314E-5 1.05181E-5 1.38786E-5 1.92655E-5 1.22243E-5 1.0618E-5 2.52935E-5 5.44143E-6 1.10209E-5 3.62314E-5 1.37424E-5 1.11276E-5 5.05603E-6 4.33437E-6 2.12527E-6 4.69833E-5 3.50821E-6 1.60107E-6 1.88304E-6 1.87325E-7 1.64333E-6 1.94842E-5 3.6233E-6 2.97684E-6 2.12386E-5 1.69963E-5 2.05742E-5 2.74256E-5 4.36612E-6 3.98007E-6 8.4552E-6 8.63353E-6 1.19336E-5 -9999 -9999 -9999 1.01116E-5 6.68553E-6
-9999 -9999 -9999 -9999 -9999 -9999 -9999 -9999 -9999 -9999 -9999 -9999 -9999 -9999 -9999 -9999 -9999 -9999 -9999 -9999 -9999 -9999 -9999 -9999 -9999 -9999 -9999 -9999 -9999 1.35417E-5 8.71762E-6 1.98696E-5 8.70233E-6 5.31517E-6 4.35013E-6 1.26991E-5 2.99488E-5 2.81873E-6 9.38436E-7 3.73824E-6 6.24852E-6 1.1978E-5 7.44295E-6 3.40264E-5 2.70407E-5 8.05959E-6 4.76356E-5 4.69549E-5 1.98001E-6 5.56313E-6 1.33387E-5 2.05812E-6 4.54905E-6 4.74719E-5 2.02247E-5 2.10768E-5 5.04994E-6 2.97813E-6 1.21468E-6 2.91915E-6 4.27447E-6 -9999 -9999 -9999 -9999 1.38233E-7
-9999 -9999 -9999 -9999 -9999 -9999 -9999 -9999 -9999 -9999 -9999 -9999 -9999 -9999 -9999 -9999 -9999 -9999 -9999 -9999 -9999 -9999 -9999 -9999 -9999 -9999 -9999 -9999 -9999 -9999 1.21366E-5 1.2977E-5 1.84556E-5 1.73442E-6 3.86603E-7 3.24914E-6 1.2204E-6 4.76187E-6 3.27834E-6 2.31302E-5 3.55256E-5 7.4899E-6 7.95306E-6 8.61866E-6 4.81859E-6 1.23901E-5 3.4277E-5 5.01939E-5 2.48263E-5 2.78105E-5 3.5147E-5 5.53811E-5 4.23858E-5 2.02329E-5 3.5518E-5 1.29971E-5 1.45061E-5 2.41416E-5 8.76192E-6 1.29479E-6 2.69477E-7 -9999 -9999 -9999 3.6222E-6 2.07287E-7
-9999 -9999 -9999 -9999 -9999 -9999 -9999 -9999 -9999 -9999 -9999 -9999 -9999 -9999 -9999 -9999 -9999 -9999 -9999 -9999 -9999 -9999 -9999 -9999 -9999 -9999 -9999 -9999 -9999 -9999 -9999 -9999 1.40523E-5 3.45781E-6 8.27839E-7 5.66043E-6 3.35957E-6 9.26281E-7 2.32212E-5 5.6664E-6 2.96041E-6 5.27353E-6 2.71278E-5 5.81951E-6 1.46296E-5 3.08651E-6 1.37363E-5 1.52894E-5 2.54547E-5 1.11949E-5 4.12611E-5 1.70951E-5 3.92585E-6 1.68287E-5 2.79237E-5 3.7877E-5 3.30255E-5 1.17872E-5 1.24194E-5 1.51129E-5 3.07336E-6 6.77769E-6 -9999 -9999 -9999 1.24611E-5
