catData/rasterBestHybridModels/Pbengalensis/RD_BM001_RM2_LQH/Pbengalensis_median.asc
ncols         409
nrows         350
xllcorner     60.897278365
yllcorner     5.843756025
cellsize      0.0892857
NODATA_value  -9999
[rows 87 to 115 of 350, columns 264 to 329 of 409]
-9999 -9999 -9999 -9999 -9999 -9999 -9999 -9999 -9999 -9999 -9999 -9999 -9999 -9999 -9999 -9999 -9999 -9999 -9999 -9999 -9999 -9999 -9999 -9999 -9999 -9999 -9999 -9999 -9999 -9999 -9999 -9999 -9999 -9999 -9999 -9999 -9999 -9999 -9999 -9999 -9999 -9999 -9999 -9999 -9999 -9999 -9999 -9999 -9999 -9999 -9999 -9999 -9999 -9999 -9999 -9999 -9999 -9999 -9999 -9999 -9999 -9999 -9999 -9999 -9999 -9999
-9999 -9999 -9999 -9999 -9999 -9999 -9999 -9999 -9999 -9999 -9999 -9999 -9999 -9999 -9999 -9999 -9999 -9999 -9999 -9999 -9999 -9999 -9999 -9999 -9999 -9999 -9999 -9999 -9999 -9999 -9999 -9999 -9999 -9999 -9999 -9999 -9999 -9999 -9999 -9999 -9999 -9999 -9999 -9999 -9999 -9999 -9999 -9999 -9999 -9999 -9999 -9999 -9999 -9999 -9999 -9999 -9999 -9999 -9999 -9999 -9999 -9999 -9999 -9999 -9999 -9999
-9999 -9999 -9999 -9999 -9999 -9999 -9999 -9999 -9999 -9999 -9999 -9999 -9999 -9999 -9999 -9999 -9999 -9999 -9999 -9999 -9999 -9999 -9999 -9999 -9999 -9999 -9999 -9999 -9999 -9999 -9999 -9999 -9999 -9999 -9999 -9999 -9999 -9999 -9999 -9999 -9999 -9999 -9999 -9999 -9999 -9999 -9999 -9999 -9999 -9999 -9999 -9999 -9999 -9999 -9999 -9999 -9999 -9999 -9999 -9999 -9999 -9999 -9999 -9999 -9999 -9999
-9999 -9999 -9999 -9999 -9999 -9999 -9999 -9999 -9999 -9999 -9999 -9999 -9999 -9999 -9999 -9999 -9999 -9999 -9999 -9999 -9999 -9999 -9999 -9999 -9999 -9999 -9999 -9999 -9999 -9999 -9999 -9999 -9999 -9999 -9999 -9999 -9999 -9999 -9999 -9999 -9999 -9999 -9999 -9999 -9999 -9999 -9999 -9999 -9999 -9999 -9999 -9999 -9999 -9999 -9999 -9999 -9999 -9999 -9999 -9999 -9999 -9999 -9999 -9999 -9999 -9999
-9999 -9999 -9999 -9999 -9999 -9999 -9999 -9999 -9999 -9999 -9999 -9999 -9999 -9999 -9999 -9999 -9999 -9999 -9999 -9999 -9999 -9999 -9999 -9999 -9999 -9999 -9999 -9999 -9999 -9999 -9999 -9999 -9999 -9999 -9999 -9999 -9999 -9999 -9999 -9999 -9999 -9999 -9999 -9999 -9999 -9999 -9999 -9999 -9999 -9999 -9999 -9999 -9999 -9999 -9999 -9999 -9999 -9999 -9999 -9999 -9999 -9999 -9999 -9999 -9999 -9999
-9999 -9999 -9999 -9999 -9999 -9999 -9999 -9999 -9999 -9999 -9999 -9999 -9999 -9999 -9999 -9999 -9999 -9999 -9999 -9999 -9999 -9999 -9999 -9999 -9999 -9999 -9999 -9999 -9999 -9999 -9999 -9999 -9999 -9999 -9999 -9999 -9999 -9999 -9999 -9999 -9999 -9999 -9999 -9999 -9999 -9999 -9999 -9999 -9999 -9999 -9999 -9999 -9999 -9999 -9999 -9999 -9999 -9999 -9999 -9999 -9999 -9999 -9999 -9999 -9999 -9999
3.38994E-4 2.96296E-4 -9999 -9999 -9999 -9999 -9999 -9999 -9999 -9999 -9999 -9999 -9999 -9999 -9999 -9999 -9999 -9999 -9999 -9999 -9999 -9999 -9999 -9999 -9999 -9999 -9999 -9999 -9999 -9999 -9999 -9999 -9999 -9999 -9999 -9999 -9999 -9999 -9999 -9999 -9999 -9999 -9999 -9999 -9999 -9999 -9999 -9999 -9999 -9999 -9999 -9999 -9999 -9999 -9999 -9999 -9999 -9999 -9999 -9999 -9999 -9999 -9999 -9999 -9999 -9999
3.32974E-4 3.04399E-4 -9999 -9999 -9999 -9999 2.04747E-4 1.89471E-4 -9999 -9999 -9999 -9999 -9999 -9999 -9999 -9999 -9999 -9999 -9999 -9999 -9999 -9999 -9999 -9999 -9999 -9999 -9999 -9999 -9999 -9999 -9999 -9999 -9999 -9999 -9999 -9999 -9999 -9999 -9999 -9999 -9999 -9999 -9999 -9999 -9999 -9999 -9999 -9999 -9999 -9999 -9999 -9999 -9999 -9999 -9999 -9999 -9999 -9999 -9999 -9999 -9999 -9999 -9999 -9999 -9999 -9999
3.39343E-4 3.10862E-4 2.94098E-4 2.94176E-4 2.93775E-4 2.72367E-4 2.3401E-4 1.97891E-4 -9999 -9999 -9999 -9999 -9999 -9999 -9999 -9999 -9999 -9999 -9999 -9999 -9999 -9999 -9999 -9999 -9999 -9999 -9999 -9999 -9999 -9999 -9999 -9999 -9999 -9999 -9999 -9999 -9999 -9999 -9999 -9999 -9999 -9999 -9999 -9999 -9999 -9999 -9999 -9999 -9999 -9999 -9999 -9999 -9999 -9999 -9999 -9999 -9999 -9999 -9999 -9999 -9999 -9999 -9999 -9999 -9999 -9999
3.65601E-4 3.46565E-4 3.20925E-4 2.89702E-4 2.79873E-4 2.8254E-4 2.47752E-4 2.3576E-4 -9999 -9999 -9999 -9999 -9999 -9999 -9999 -9999 -9999 -9999 -9999 -9999 -9999 -9999 -9999 -9999 -9999 -9999 -9999 -9999 -9999 -9999 -9999 -9999 -9999 -9999 -9999 -9999 -9999 -9999 -9999 -9999 -9999 -9999 -9999 -9999 -9999 -9999 -9999 -9999 -9999 -9999 -9999 -9999 -9999 -9999 -9999 -9999 -9999 -9999 -9999 -9999 -9999 -9999 -9999 -9999 -9999 -9999
4.022E-4 3.79092E-4 3.51208E-4 3.18218E-4 2.8052E-4 2.98386E-4 2.93049E-4 -9999 -9999 -9999 -9999 -9999 -9999 -9999 -9999 -9999 -9999 -9999 -9999 -9999 -9999 -9999 -9999 -9999 -9999 -9999 -9999 -9999 -9999 -9999 -9999 -9999 -9999 -9999 -9999 -9999 -9999 -9999 -9999 -9999 -9999 -9999 -9999 -9999 -9999 -9999 -9999 -9999 -9999 -9999 -9999 -9999 -9999 -9999 -9999 -9999 -9999 -9999 -9999 -9999 -9999 -9999 -9999 -9999 -9999 -9999
3.81249E-4 3.79125E-4 3.45775E-4 3.21695E-4 2.76262E-4 2.9255E-4 2.85686E-4 2.53391E-4 2.56336E-4 -9999 -9999 3.1329E-4 -9999 -9999 -9999 -9999 -9999 -9999 -9999 -9999 -9999 -9999 -9999 -9999 -9999 -9999 -9999 -9999 -9999 -9999 -9999 -9999 -9999 -9999 -9999 -9999 -9999 -9999 -9999 -9999 -9999 -9999 -9999 -9999 -9999 -9999 -9999 -9999 -9999 -9999 -9999 -9999 -9999 -9999 -9999 -9999 -9999 -9999 -9999 -9999 -9999 -9999 4.61937E-4 -9999 4.62617E-4 -9999
3.59123E-4 3.49926E-4 3.12768E-4 2.93028E-4 2.7034E-4 2.73719E-4 2.64857E-4 2.76998E-4 2.78492E-4 2.7138E-4 2.8508E-4 2.92952E-4 3.19232E-4 3.59814E-4 -9999 -9999 -9999 -9999 -9999 -9999 -9999 -9999 -9999 -9999 -9999 -9999 -9999 -9999 -9999 -9999 -9999 -9999 -9999 -9999 -9999 -9999 -9999 -9999 -9999 -9999 -9999 -9999 -9999 -9999 -9999 -9999 -9999 -9999 -9999 -9999 -9999 -9999 -9999 -9999 -9999 -9999 -9999 -9999 -9999 -9999 4.10209E-4 3.68986E-4 3.91981E-4 4.1491E-4 3.9546E-4 3.93405E-4
3.10419E-4 2.99019E-4 2.82033E-4 3.01272E-4 2.71089E-4 2.79984E-4 2.86108E-4 2.92023E-4 2.88832E-4 2.83012E-4 2.9572E-4 3.17906E-4 3.06433E-4 3.76884E-4 3.94386E-4 3.7204E-4 -9999 -9999 -9999 -9999 -9999 -9999 -9999 -9999 -9999 -9999 -9999 -9999 -9999 -9999 -9999 -9999 -9999 -9999 -9999 -9999 -9999 -9999 -9999 -9999 -9999 -9999 -9999 -9999 -9999 -9999 2.53377E-4 -9999 -9999 -9999 -9999 -9999 -9999 -9999 -9999 -9999 -9999 4.47372E-4 4.7956E-4 4.81912E-4 4.37105E-4 4.45805E-4 4.45617E-4 4.70673E-4 4.60281E-4 4.61806E-4
2.65464E-4 2.97589E-4 2.85372E-4 2.48779E-4 2.47456E-4 2.62424E-4 2.98585E-4 3.2312E-4 3.04617E-4 3.29693E-4 3.41329E-4 3.23607E-4 3.15419E-4 3.60369E-4 3.95692E-4 3.91346E-4 -9999 -9999 3.62649E-4 3.76236E-4 -9999 -9999 -9999 3.4312E-4 3.27945E-4 -9999 -9999 -9999 -9999 -9999 -9999 -9999 -9999 -9999 -9999 -9999 -9999 -9999 -9999 -9999 -9999 -9999 -9999 -9999 -9999 -9999 2.5872E-4 2.73344E-4 -9999 -9999 -9999 -9999 -9999 -9999 -9999 -9999 3.98282E-4 4.40654E-4 4.9382E-4 5.06216E-4 4.74021E-4 5.5788E-4 5.7654E-4 6.05072E-4 4.81505E-4 4.68635E-4
2.33887E-4 2.6637E-4 2.59336E-4 2.42737E-4 2.54589E-4 2.66798E-4 2.92493E-4 2.78626E-4 2.87105E-4 3.24013E-4 3.53258E-4 3.31995E-4 3.56679E-4 3.70617E-4 3.71614E-4 3.98338E-4 7.83613E-4 -9999 -9999 3.82326E-4 3.80131E-4 -9999 -9999 3.51772E-4 3.50771E-4 3.64546E-4 5.21116E-4 -9999 -9999 -9999 -9999 -9999 -9999 -9999 -9999 -9999 -9999 -9999 -9999 -9999 -9999 -9999 2.76309E-4 2.83531E-4 2.86107E-4 2.86918E-4 2.76565E-4 2.66981E-4 2.87647E-4 -9999 -9999 -9999 -9999 -9999 3.38411E-4 3.66409E-4 3.95209E-4 4.3924E-4 5.37108E-4 5.71421E-4 5.03989E-4 5.1688E-4 5.72507E-4 5.42111E-4 4.68169E-4 4.7279E-4
2.92485E-4 3.06961E-4 2.77014E-4 2.58026E-4 2.51909E-4 2.6963E-4 2.92817E-4 2.8856E-4 3.01462E-4 3.21691E-4 3.38786E-4 3.45408E-4 3.48898E-4 3.56119E-4 3.35801E-4 3.55724E-4 3.83516E-4 3.9426E-4 3.8314E-4 3.58276E-4 3.89494E-4 3.93822E-4 3.75827E-4 3.55347E-4 3.64581E-4 3.64859E-4 3.50546E-4 3.4518E-4 3.63359E-4 3.53149E-4 -9999 -9999 -9999 -9999 -9999 -9999 -9999 -9999 -9999 2.50796E-4 -9999 2.83786E-4 2.87686E-4 2.93724E-4 2.96473E-4 2.97181E-4 3.18034E-4 2.92815E-4 3.16967E-4 3.15872E-4 -9999 -9999 -9999 -9999 -9999 3.69462E-4 3.70411E-4 4.53328E-4 5.26211E-4 5.73438E-4 5.33593E-4 5.45075E-4 5.98319E-4 6.28886E-4 5.21433E-4 5.0978E-4
2.38525E-4 3.26925E-4 2.97251E-4 2.69696E-4 2.82304E-4 2.7882E-4 2.90623E-4 3.19418E-4 3.32347E-4 3.5126E-4 3.79186E-4 3.46858E-4 3.27777E-4 3.13988E-4 3.1201E-4 3.26864E-4 3.49698E-4 3.72167E-4 3.24604E-4 3.22473E-4 3.60454E-4 3.70879E-4 3.90671E-4 3.74606E-4 3.89642E-4 4.10181E-4 3.60943E-4 3.52551E-4 3.64204E-4 3.62175E-4 3.41933E-4 3.19299E-4 2.9944E-4 2.96264E-4 2.65698E-4 2.78532E-4 2.33252E-4 2.1422E-4 2.35275E-4 2.83881E-4 2.7841E-4 2.79691E-4 3.07233E-4 3.38611E-4 3.20051E-4 3.15192E-4 3.40634E-4 3.0448E-4 3.27449E-4 -9999 -9999 -9999 -9999 3.49006E-4 3.39623E-4 3.56233E-4 3.56991E-4 4.3827E-4 4.8561E-4 5.41123E-4 5.59681E-4 5.85379E-4 5.81508E-4 6.07588E-4 5.89232E-4 6.17534E-4
1.61415E-4 2.04686E-4 2.91378E-4 2.77955E-4 2.8994E-4 3.39711E-4 3.2919E-4 3.53653E-4 3.99819E-4 7.93065E-4 6.60313E-4 3.60473E-4 3.25694E-4 3.04058E-4 3.15252E-4 3.18693E-4 3.21657E-4 3.16513E-4 3.10352E-4 3.07954E-4 3.59005E-4 3.49179E-4 3.71814E-4 3.84827E-4 4.03695E-4 3.7604E-4 3.82217E-4 3.39772E-4 3.38343E-4 3.48893E-4 3.55399E-4 3.47714E-4 3.22929E-4 3.39724E-4 2.90752E-4 2.98408E-4 2.45882E-4 2.74659E-4 2.41545E-4 3.00269E-4 2.76712E-4 2.7885E-4 3.57835E-4 3.62658E-4 3.42995E-4 3.55745E-4 3.54365E-4 3.35427E-4 3.29153E-4 -9999 -9999 -9999 -9999 3.82651E-4 3.877E-4 3.8097E-4 4.01754E-4 4.43551E-4 4.67991E-4 5.20029E-4 5.70881E-4 5.94226E-4 5.67084E-4 5.8657E-4 6.02424E-4 6.2332E-4
1.50168E-4 1.56096E-4 1.7401E-4 2.56302E-4 2.8908E-4 3.09255E-4 3.39528E-4 3.452E-4 3.57179E-4 3.59179E-4 4.14903E-4 6.85165E-4 3.3153E-4 3.05223E-4 3.18449E-4 3.1697E-4 3.42434E-4 3.29549E-4 3.51518E-4 3.22993E-4 3.1516E-4 3.07654E-4 3.42584E-4 3.48986E-4 3.46355E-4 3.40639E-4 3.79809E-4 3.36488E-4 3.71327E-4 3.76557E-4 3.51655E-4 3.41334E-4 3.28678E-4 3.28144E-4 3.1668E-4 3.08569E-4 2.96395E-4 2.74411E-4 2.78113E-4 3.06461E-4 3.11288E-4 3.06959E-4 3.54157E-4 3.91739E-4 3.78518E-4 4.25839E-4 3.83176E-4 3.64716E-4 -9999 -9999 -9999 3.47594E-4 3.58953E-4 3.76396E-4 4.01452E-4 4.24761E-4 4.22073E-4 4.40185E-4 4.5896E-4 4.87089E-4 1.05368E-3 5.73742E-4 5.83864E-4 5.73137E-4 5.65139E-4 6.0245E-4
1.81912E-4 1.88691E-4 1.84438E-4 2.01465E-4 2.34598E-4 3.16486E-4 3.23092E-4 3.41178E-4 3.14753E-4 3.28427E-4 3.90583E-4 4.2234E-4 3.83136E-4 3.15607E-4 2.85666E-4 2.88898E-4 3.44268E-4 3.46536E-4 3.43342E-4 3.67367E-4 3.58549E-4 3.16163E-4 3.12368E-4 3.36254E-4 3.42748E-4 3.16935E-4 3.38526E-4 3.37379E-4 3.69257E-4 3.71353E-4 3.45733E-4 3.69272E-4 3.67728E-4 3.43956E-4 3.50315E-4 3.1428E-4 2.84713E-4 2.80474E-4 3.09863E-4 2.89583E-4 2.93965E-4 3.04627E-4 3.26295E-4 3.8639E-4 3.9799E-4 6.76125E-4 3.95694E-4 3.87152E-4 -9999 -9999 -9999 3.76109E-4 3.80174E-4 4.15048E-4 4.47596E-4 4.43752E-4 4.22567E-4 4.97973E-4 4.91327E-4 4.77908E-4 7.39773E-4 5.5328E-4 5.56844E-4 5.2863E-4 5.19065E-4 5.68489E-4
1.73529E-4 1.69487E-4 1.74703E-4 1.93214E-4 2.34962E-4 2.80686E-4 4.46146E-4 3.15735E-4 2.93216E-4 2.77562E-4 2.91141E-4 3.0427E-4 3.35288E-4 3.35476E-4 3.15849E-4 2.93824E-4 3.06369E-4 3.15597E-4 3.2434E-4 3.35198E-4 3.59681E-4 3.43328E-4 2.98009E-4 2.91035E-4 3.01934E-4 2.99232E-4 3.35592E-4 3.3347E-4 3.73552E-4 3.2549E-4 4.62895E-4 3.54942E-4 3.79811E-4 3.48552E-4 3.43964E-4 2.97801E-4 2.85228E-4 2.84401E-4 3.26553E-4 3.24054E-4 3.39231E-4 3.38175E-4 3.35934E-4 3.60001E-4 3.62016E-4 3.59311E-4 3.87999E-4 3.72338E-4 3.46651E-4 -9999 -9999 3.82431E-4 3.97191E-4 5.31944E-4 4.78128E-4 6.32315E-4 4.0769E-4 4.25451E-4 4.30734E-4 4.45883E-4 4.78611E-4 5.14849E-4 5.06624E-4 4.76405E-4 4.64221E-4 4.96116E-4
1.25935E-4 1.24829E-4 1.29059E-4 1.46827E-4 1.87159E-4 2.11566E-4 2.14259E-4 2.3176E-4 2.12032E-4 2.06176E-4 2.02781E-4 2.24117E-4 2.53219E-4 2.67681E-4 2.74308E-4 3.15216E-4 3.13708E-4 3.27965E-4 5.00276E-4 3.12199E-4 3.1187E-4 3.19199E-4 2.90318E-4 2.69412E-4 2.64988E-4 2.98965E-4 3.40747E-4 3.48397E-4 3.60108E-4 3.26875E-4 2.67816E-4 3.17731E-4 3.36176E-4 3.42375E-4 3.20995E-4 2.91106E-4 2.73018E-4 2.80092E-4 3.11304E-4 3.28095E-4 3.42588E-4 3.46741E-4 3.29415E-4 3.74933E-4 3.5306E-4 4.04596E-4 7.0729E-4 4.25163E-4 3.72762E-4 3.51601E-4 3.61668E-4 3.78994E-4 4.05224E-4 4.50898E-4 4.33207E-4 3.92509E-4 3.6303E-4 3.81679E-4 4.02225E-4 4.09246E-4 4.30929E-4 4.51595E-4 4.12842E-4 3.91857E-4 4.09644E-4 4.31299E-4
1.08444E-4 1.11909E-4 1.09114E-4 1.22545E-4 1.4518E-4 1.49019E-4 1.54373E-4 1.5863E-4 1.70286E-4 1.83673E-4 1.8732E-4 1.80754E-4 1.79026E-4 1.85789E-4 2.10654E-4 2.45852E-4 2.97538E-4 3.40981E-4 3.45312E-4 3.34566E-4 3.1673E-4 2.74341E-4 2.63008E-4 2.61317E-4 2.84608E-4 3.12618E-4 3.55715E-4 4.01489E-4 3.71667E-4 3.56708E-4 2.99715E-4 2.96816E-4 3.38668E-4 3.27437E-4 3.08863E-4 2.97342E-4 2.67873E-4 2.96812E-4 3.32654E-4 3.40867E-4 3.71503E-4 3.71415E-4 3.36847E-4 3.5085E-4 3.7665E-4 5.17186E-4 3.3588E-4 3.49029E-4 3.50101E-4 3.33213E-4 3.58772E-4 3.74796E-4 3.92802E-4 4.3242E-4 4.02618E-4 3.81726E-4 3.78535E-4 3.86565E-4 4.0024E-4 4.23958E-4 4.45157E-4 4.08123E-4 3.98585E-4 3.78596E-4 3.67665E-4 3.94768E-4
1.02478E-4 1.0801E-4 1.04127E-4 1.09179E-4 1.23554E-4 1.2337E-4 1.27221E-4 1.29421E-4 1.29781E-4 1.35265E-4 1.50096E-4 1.62869E-4 1.76725E-4 1.94995E-4 2.08682E-4 2.22324E-4 2.40978E-4 2.71054E-4 2.95673E-4 3.33886E-4 3.35277E-4 2.65003E-4 2.60268E-4 2.70971E-4 2.81876E-4 2.99988E-4 3.37536E-4 3.67647E-4 3.54156E-4 3.25387E-4 2.96524E-4 2.87191E-4 3.74464E-4 3.31298E-4 2.8505E-4 2.79651E-4 2.74534E-4 3.16001E-4 3.38636E-4 3.45912E-4 3.97227E-4 3.76487E-4 5.45777E-4 5.16319E-4 3.34334E-4 4.10371E-4 3.47897E-4 3.68645E-4 3.42427E-4 3.15129E-4 3.58162E-4 3.77616E-4 3.78059E-4 3.89723E-4 4.01711E-4 4.07518E-4 4.04821E-4 4.12019E-4 3.94917E-4 4.34057E-4 4.67149E-4 3.92883E-4 3.74467E-4 3.70219E-4 3.71508E-4 3.70592E-4
9.97019E-5 9.99063E-5 1.05329E-4 1.13485E-4 1.43236E-4 1.17962E-4 1.17879E-4 1.10479E-4 1.18233E-4 1.23297E-4 1.30164E-4 1.37328E-4 1.43606E-4 1.78577E-4 2.02206E-4 2.12975E-4 2.12802E-4 2.12837E-4 2.32151E-4 2.31229E-4 2.80632E-4 2.3636E-4 2.83776E-4 2.99341E-4 2.9937E-4 2.73077E-4 2.9231E-4 3.63132E-4 3.43811E-4 3.06083E-4 2.73663E-4 3.44455E-4 3.57605E-4 3.12748E-4 3.02817E-4 2.97256E-4 3.17313E-4 3.50316E-4 3.63541E-4 3.61573E-4 3.5664E-4 3.59614E-4 6.55946E-4 3.38506E-4 4.96241E-4 3.39864E-4 3.34587E-4 3.18677E-4 3.00293E-4 2.88504E-4 3.41493E-4 3.70634E-4 3.5577E-4 3.70798E-4 4.0029E-4 3.86581E-4 3.98796E-4 3.83826E-4 3.91613E-4 4.23124E-4 6.07539E-4 3.89169E-4 3.50937E-4 5.33155E-4 3.60462E-4 3.52991E-4
1.06273E-4 9.74431E-5 1.05795E-4 1.13092E-4 1.56713E-4 1.16021E-4 1.08547E-4 1.07124E-4 1.18031E-4 1.19932E-4 1.15657E-4 1.25986E-4 1.34922E-4 1.57088E-4 1.60535E-4 1.59984E-4 1.95338E-4 1.8368E-4 1.92588E-4 2.00452E-4 1.93269E-4 2.13015E-4 2.38205E-4 2.91543E-4 3.1161E-4 2.82529E-4 2.72491E-4 2.86223E-4 2.99263E-4 2.48804E-4 2.43506E-4 2.81771E-4 3.15037E-4 3.10936E-4 3.09809E-4 3.18063E-4 3.51593E-4 3.38567E-4 3.77093E-4 3.56562E-4 3.61589E-4 3.56625E-4 3.70492E-4 3.32725E-4 2.85948E-4 3.3698E-4 2.65298E-4 2.1696E-4 1.90026E-4 1.84316E-4 2.54288E-4 3.29509E-4 3.34761E-4 3.17413E-4 3.75376E-4 4.42841E-4 3.63059E-4 3.52487E-4 3.62959E-4 3.97431E-4 3.92044E-4 3.38055E-4 3.24832E-4 3.46147E-4 3.43527E-4 3.4477E-4
1.03806E-4 9.57385E-5 9.30263E-5 9.55144E-5 9.77911E-5 1.05814E-4 1.03791E-4 1.09382E-4 1.15862E-4 1.17731E-4 1.17551E-4 1.44208E-4 1.9795E-4 1.44379E-4 1.33824E-4 1.46848E-4 1.51319E-4 1.57489E-4 1.43675E-4 1.92732E-4 2.06607E-4 2.27076E-4 2.46656E-4 2.2201E-4 2.14606E-4 2.1008E-4 1.78802E-4 1.70637E-4 1.79162E-4 1.9291E-4 2.10175E-4 2.70476E-4 3.16252E-4 3.11069E-4 3.159E-4 3.06279E-4 3.02357E-4 2.70707E-4 3.4689E-4 3.22435E-4 3.5403E-4 5.6289E-4 5.98527E-4 3.49567E-4 1.89506E-4 1.87668E-4 2.49635E-4 1.8238E-4 1.72096E-4 1.6141E-4 1.87658E-4 2.50362E-4 3.20439E-4 3.23959E-4 3.47386E-4 3.95544E-4 3.45463E-4 3.20222E-4 3.36179E-4 3.44127E-4 3.14803E-4 3.20531E-4 3.276E-4 3.26507E-4 4.22234E-4 3.16055E-4
1.48376E-4 9.5757E-5 9.01561E-5 1.04722E-4 8.08178E-5 8.5987E-5 9.56695E-5 1.04828E-4 1.34714E-4 1.21504E-4 1.13635E-4 1.19962E-4 1.31037E-4 1.32063E-4 1.31441E-4 1.44717E-4 1.4423E-4 1.47643E-4 1.348E-4 1.38367E-4 1.51597E-4 1.70958E-4 1.98038E-4 2.01054E-4 1.94467E-4 1.71503E-4 1.61992E-4 1.578E-4 1.57803E-4 1.68066E-4 1.82648E-4 2.80417E-4 2.47863E-4 2.80366E-4 2.71507E-4 2.3252E-4 1.9267E-4 1.83428E-4 1.89757E-4 2.29224E-4 2.51598E-4 2.16448E-4 1.88709E-4 1.79094E-4 1.77044E-4 1.78962E-4 1.83374E-4 1.72965E-4 1.52696E-4 1.65637E-4 1.89816E-4 1.83373E-4 2.02497E-4 1.99612E-4 2.34176E-4 2.10269E-4 3.07177E-4 2.93901E-4 2.85613E-4 2.83062E-4 2.67148E-4 2.40844E-4 3.05488E-4 2.39979E-4 2.13724E-4 2.19073E-4
