catData/rasterBestHybridModels/Pbengalensis/RD_BM001_RM2_LQH/Pbengalensis_median.asc
ncols         409
nrows         350
xllcorner     60.897278365
yllcorner     5.843756025
cellsize      0.0892857
NODATA_value  -9999
[rows 29 to 57 of 350, columns 132 to 197 of 409]
2.13176E-4 2.1527E-4 2.79386E-4 3.15752E-4 3.3153E-4 3.51865E-4 3.43588E-4 3.11094E-4 3.20948E-4 3.13978E-4 3.05968E-4 3.19965E-4 3.22943E-4 3.48848E-4 3.42944E-4 3.22627E-4 2.96178E-4 2.8868E-4 3.02957E-4 3.34915E-4 3.3717E-4 3.48143E-4 3.51567E-4 3.59413E-4 3.54017E-4 3.45091E-4 3.19059E-4 3.14393E-4 3.01973E-4 2.81592E-4 2.78793E-4 2.68976E-4 2.7401E-4 2.88571E-4 2.947E-4 3.09148E-4 3.31963E-4 3.47585E-4 3.53145E-4 3.5002E-4 3.27485E-4 3.41987E-4 2.96535E-4 2.83934E-4 2.59971E-4 2.57984E-4 2.99814E-4 3.0629E-4 3.01561E-4 2.96993E-4 2.8515E-4 2.90464E-4 3.19658E-4 3.33981E-4 3.42662E-4 3.07592E-4 2.97232E-4 2.96705E-4 3.11185E-4 3.06124E-4 2.79322E-4 2.6984E-4 2.22263E-4 2.05597E-4 2.05512E-4 2.05028E-4
2.83837E-4 2.28395E-4 2.71328E-4 2.9777E-4 2.69099E-4 2.70697E-4 3.05406E-4 3.15055E-4 4.71741E-4 3.28449E-4 3.4142E-4 3.0375E-4 3.03297E-4 3.28725E-4 3.39265E-4 3.39929E-4 3.04733E-4 3.06893E-4 3.10343E-4 3.26607E-4 3.26222E-4 3.26937E-4 3.40933E-4 3.80049E-4 3.71539E-4 3.74917E-4 3.45079E-4 3.20158E-4 3.16396E-4 3.19027E-4 3.19927E-4 3.12254E-4 2.86046E-4 2.85517E-4 3.1262E-4 3.22319E-4 3.08937E-4 3.26735E-4 3.36278E-4 3.33503E-4 3.09945E-4 2.9781E-4 2.91673E-4 2.81898E-4 2.88867E-4 2.42377E-4 2.41797E-4 2.30117E-4 2.56716E-4 2.86314E-4 2.93119E-4 3.2757E-4 3.4138E-4 3.51609E-4 3.32504E-4 3.39374E-4 3.5147E-4 3.03859E-4 3.2118E-4 3.32718E-4 3.1304E-4 2.85399E-4 2.32695E-4 2.144E-4 2.14045E-4 1.98098E-4
3.06565E-4 2.04771E-4 2.03935E-4 2.2265E-4 2.27591E-4 3.09178E-4 3.21551E-4 3.35563E-4 3.16639E-4 3.13943E-4 3.10895E-4 3.41645E-4 3.35658E-4 3.37289E-4 3.38347E-4 3.41249E-4 3.40183E-4 3.28566E-4 3.28154E-4 3.65055E-4 4.43958E-4 6.51986E-4 3.41358E-4 3.53249E-4 3.40497E-4 3.46976E-4 3.37987E-4 3.22633E-4 3.28949E-4 3.32822E-4 3.08842E-4 2.98222E-4 2.95735E-4 3.114E-4 3.21882E-4 3.14286E-4 2.92944E-4 3.04573E-4 3.11737E-4 3.31607E-4 3.26372E-4 3.19337E-4 3.07888E-4 2.7297E-4 2.49969E-4 2.26872E-4 2.28318E-4 2.30999E-4 2.46427E-4 2.74194E-4 2.92456E-4 3.05228E-4 3.60293E-4 3.62576E-4 3.54458E-4 3.36294E-4 3.47175E-4 3.26182E-4 3.27647E-4 3.27876E-4 3.12572E-4 2.96157E-4 2.41888E-4 2.2001E-4 2.01428E-4 1.86456E-4
1.59586E-4 1.63951E-4 1.39122E-4 1.73767E-4 6.47016E-4 3.2635E-4 3.27326E-4 3.19831E-4 2.99533E-4 2.94741E-4 3.15222E-4 4.23898E-4 3.38522E-4 3.43233E-4 3.68434E-4 3.6852E-4 3.5461E-4 3.43671E-4 6.31977E-4 3.30779E-4 3.41892E-4 3.31186E-4 3.58033E-4 3.93648E-4 3.39872E-4 3.44011E-4 3.34816E-4 3.4886E-4 3.58826E-4 3.68493E-4 3.59968E-4 3.25798E-4 3.34043E-4 3.304E-4 3.1455E-4 3.06897E-4 2.87601E-4 3.1257E-4 2.93862E-4 2.93027E-4 3.11211E-4 3.12048E-4 3.00399E-4 2.57934E-4 2.39113E-4 2.20144E-4 2.27627E-4 2.42082E-4 2.72539E-4 3.09733E-4 2.95141E-4 3.0002E-4 3.23055E-4 3.496E-4 4.38813E-4 3.71101E-4 3.4622E-4 3.61305E-4 3.52048E-4 3.21202E-4 2.9052E-4 2.6771E-4 2.4545E-4 2.45994E-4 2.26618E-4 2.05049E-4
1.28736E-4 1.58976E-4 1.36336E-4 1.40473E-4 2.30581E-4 3.28513E-4 3.25377E-4 3.24073E-4 2.97835E-4 2.95249E-4 3.38196E-4 3.52755E-4 3.32185E-4 3.21788E-4 3.43392E-4 6.05576E-4 3.39437E-4 3.50855E-4 3.49403E-4 3.28075E-4 3.31505E-4 6.44344E-4 5.47278E-4 5.71865E-4 3.59804E-4 3.20396E-4 3.74765E-4 3.5343E-4 3.69074E-4 3.70956E-4 3.61625E-4 3.43227E-4 3.20201E-4 3.26303E-4 2.93892E-4 2.82583E-4 2.60674E-4 2.8326E-4 2.84973E-4 2.84446E-4 3.02244E-4 2.67006E-4 2.5495E-4 2.39595E-4 2.45816E-4 2.2062E-4 2.22394E-4 2.6584E-4 2.7408E-4 2.90446E-4 2.95565E-4 3.42861E-4 3.58362E-4 3.4891E-4 3.57816E-4 3.53061E-4 3.69338E-4 3.5888E-4 3.47029E-4 3.18489E-4 2.89029E-4 2.6224E-4 2.4533E-4 2.44312E-4 2.22303E-4 2.09327E-4
1.24151E-4 1.34361E-4 1.62474E-4 1.42056E-4 1.92142E-4 3.24584E-4 3.46489E-4 3.22061E-4 3.14706E-4 2.97229E-4 3.07204E-4 3.268E-4 4.09031E-4 3.45399E-4 3.53134E-4 3.43681E-4 3.64598E-4 6.41872E-4 3.7846E-4 3.57031E-4 3.37253E-4 3.30546E-4 3.30418E-4 3.34329E-4 3.34234E-4 3.41127E-4 3.44939E-4 3.56576E-4 3.86722E-4 9.16991E-4 3.9301E-4 3.48358E-4 3.20702E-4 3.03769E-4 2.94789E-4 3.07005E-4 2.60786E-4 2.76978E-4 2.77323E-4 2.51137E-4 2.44381E-4 2.3538E-4 2.50381E-4 2.32026E-4 2.40638E-4 2.71921E-4 2.50711E-4 2.48531E-4 2.90965E-4 3.08661E-4 2.92182E-4 3.01324E-4 3.52992E-4 3.66437E-4 3.69562E-4 3.30917E-4 3.19541E-4 3.42838E-4 3.41148E-4 3.13138E-4 2.86874E-4 2.58904E-4 2.37857E-4 2.16876E-4 1.95104E-4 1.95168E-4
1.05714E-4 1.0464E-4 1.18763E-4 1.77798E-4 2.42247E-4 3.17327E-4 3.3889E-4 4.02919E-4 3.54491E-4 2.98939E-4 3.03879E-4 3.20628E-4 3.30619E-4 3.26487E-4 3.30589E-4 3.30009E-4 3.3529E-4 3.50648E-4 3.62701E-4 3.60334E-4 3.71522E-4 3.49638E-4 3.4837E-4 3.32321E-4 3.31468E-4 3.53882E-4 5.22303E-4 6.32346E-4 3.50956E-4 3.59558E-4 3.82764E-4 3.42573E-4 3.34242E-4 3.26235E-4 3.17444E-4 3.17873E-4 2.89883E-4 2.70931E-4 2.57981E-4 2.45664E-4 2.18486E-4 2.28558E-4 2.68485E-4 2.82606E-4 2.63491E-4 2.75117E-4 2.80591E-4 2.77467E-4 2.96054E-4 3.07167E-4 3.07378E-4 2.94658E-4 3.04276E-4 3.21627E-4 3.52958E-4 3.43234E-4 2.99043E-4 2.96591E-4 2.94661E-4 2.87818E-4 2.77706E-4 2.51662E-4 2.29202E-4 2.29441E-4 1.92335E-4 1.76238E-4
8.4703E-5 9.60693E-5 1.36978E-4 2.22966E-4 3.12527E-4 2.87693E-4 2.83823E-4 3.41108E-4 3.51815E-4 3.3419E-4 3.26807E-4 3.38917E-4 3.77008E-4 3.19917E-4 3.18256E-4 3.25523E-4 3.29831E-4 3.30365E-4 3.33904E-4 3.53931E-4 3.75557E-4 3.76545E-4 3.50906E-4 4.91162E-4 3.52159E-4 3.55191E-4 3.27708E-4 3.39571E-4 3.27124E-4 3.43033E-4 3.47566E-4 3.34935E-4 3.19678E-4 3.13238E-4 3.18713E-4 3.26299E-4 3.05176E-4 3.01029E-4 2.88901E-4 2.58023E-4 2.53623E-4 2.49366E-4 2.68679E-4 3.04544E-4 3.13118E-4 3.15139E-4 3.12191E-4 2.93072E-4 3.11871E-4 3.28824E-4 3.14344E-4 3.12685E-4 3.1327E-4 2.96041E-4 2.99089E-4 3.19489E-4 3.13769E-4 2.88197E-4 2.87122E-4 3.02113E-4 2.77597E-4 2.62191E-4 2.18558E-4 2.0023E-4 1.87337E-4 1.73589E-4
8.59538E-5 1.00286E-4 1.48947E-4 2.17413E-4 2.42647E-4 1.79268E-4 1.71673E-4 2.25466E-4 3.49279E-4 6.3408E-4 3.00885E-4 4.55546E-4 3.21014E-4 3.05783E-4 3.15263E-4 4.73755E-4 3.28529E-4 3.1917E-4 3.49503E-4 3.46041E-4 3.32661E-4 3.52257E-4 3.47198E-4 3.63761E-4 3.75692E-4 3.41802E-4 3.26692E-4 6.02933E-4 3.29692E-4 3.30582E-4 3.42222E-4 3.37058E-4 3.0599E-4 3.01044E-4 3.02723E-4 3.23099E-4 3.29428E-4 3.32884E-4 3.16948E-4 3.02889E-4 2.86929E-4 2.94311E-4 2.86011E-4 2.92629E-4 3.18301E-4 3.32783E-4 3.31215E-4 3.06978E-4 3.31574E-4 3.34794E-4 3.39056E-4 3.25174E-4 3.15556E-4 3.06637E-4 2.87416E-4 2.88318E-4 2.82744E-4 2.94359E-4 2.58916E-4 2.49479E-4 2.61047E-4 2.48488E-4 2.29153E-4 2.05761E-4 1.79125E-4 1.80403E-4
9.02418E-5 9.85093E-5 1.13635E-4 1.3049E-4 1.24683E-4 1.18468E-4 1.24802E-4 1.65435E-4 2.02221E-4 2.14679E-4 2.02918E-4 3.16851E-4 3.38029E-4 3.29032E-4 2.32633E-4 3.10566E-4 3.0846E-4 3.08624E-4 3.31445E-4 3.53741E-4 3.63455E-4 3.50346E-4 3.59726E-4 3.53599E-4 3.4535E-4 3.38273E-4 5.30412E-4 6.13685E-4 3.52157E-4 3.44784E-4 3.58731E-4 3.44036E-4 3.19614E-4 3.0722E-4 3.26606E-4 3.2763E-4 3.3775E-4 3.43476E-4 3.4599E-4 3.21428E-4 3.12391E-4 3.17158E-4 3.12585E-4 3.01611E-4 3.16316E-4 3.32606E-4 3.64167E-4 3.38385E-4 3.29966E-4 3.42963E-4 3.51215E-4 3.50347E-4 3.23485E-4 2.98558E-4 2.90422E-4 2.91817E-4 2.54171E-4 2.48235E-4 2.6316E-4 2.26171E-4 2.14492E-4 2.22928E-4 2.18875E-4 1.94865E-4 1.70608E-4 1.5991E-4
8.68965E-5 9.24342E-5 1.07304E-4 1.12737E-4 1.35274E-4 1.01222E-4 1.06361E-4 1.61624E-4 1.68595E-4 1.41326E-4 1.4067E-4 1.69526E-4 2.03052E-4 2.25123E-4 2.42403E-4 3.21424E-4 2.99234E-4 3.18916E-4 3.5544E-4 3.91352E-4 3.69531E-4 3.62657E-4 3.67637E-4 3.86635E-4 3.77471E-4 3.4681E-4 3.68945E-4 3.43482E-4 3.33276E-4 3.3605E-4 3.32967E-4 3.44514E-4 3.40942E-4 3.29189E-4 3.23142E-4 3.24577E-4 3.35881E-4 3.45884E-4 3.38829E-4 3.2727E-4 3.15267E-4 3.32659E-4 3.30676E-4 3.41873E-4 3.37091E-4 3.55101E-4 3.57038E-4 3.71132E-4 3.5307E-4 3.60535E-4 3.50071E-4 3.50177E-4 3.34237E-4 3.16399E-4 3.00581E-4 2.61108E-4 2.52652E-4 2.24112E-4 2.17305E-4 2.06343E-4 1.95124E-4 1.87762E-4 1.93477E-4 1.9052E-4 1.75352E-4 1.62615E-4
9.25616E-5 9.73945E-5 9.88324E-5 9.74929E-5 9.97508E-5 9.96934E-5 1.03332E-4 1.11534E-4 1.24305E-4 1.19365E-4 1.04428E-4 1.28938E-4 1.6203E-4 1.81771E-4 2.26276E-4 3.21691E-4 3.46405E-4 3.23506E-4 3.51745E-4 3.5248E-4 3.59061E-4 3.67555E-4 3.53545E-4 3.66449E-4 3.73434E-4 3.48165E-4 3.80201E-4 3.53493E-4 3.5337E-4 3.80562E-4 3.42998E-4 3.32707E-4 3.2975E-4 3.5733E-4 3.42947E-4 3.38774E-4 3.4084E-4 3.59336E-4 3.34056E-4 3.15738E-4 3.01477E-4 3.12677E-4 3.19102E-4 3.24673E-4 3.25321E-4 3.68716E-4 4.10044E-4 4.9038E-4 3.43558E-4 3.54197E-4 3.60066E-4 3.26948E-4 3.21412E-4 3.18515E-4 3.00904E-4 2.59302E-4 2.29852E-4 2.22203E-4 2.11578E-4 1.88816E-4 1.80773E-4 1.72983E-4 1.79422E-4 1.7368E-4 1.68868E-4 1.61494E-4
7.97552E-5 7.97603E-5 8.17899E-5 8.12208E-5 8.81076E-5 9.61776E-5 1.01119E-4 1.09002E-4 1.16249E-4 1.14816E-4 1.12827E-4 1.03434E-4 1.13427E-4 1.68301E-4 1.96413E-4 2.48453E-4 3.47921E-4 5.33459E-4 5.15932E-4 3.45399E-4 3.2595E-4 3.1087E-4 2.9116E-4 2.88328E-4 2.9926E-4 3.35744E-4 3.83654E-4 3.54489E-4 4.40033E-4 3.88937E-4 3.80934E-4 3.34631E-4 3.48285E-4 3.31336E-4 3.44106E-4 3.44032E-4 3.58808E-4 3.36228E-4 3.28076E-4 2.90795E-4 2.73379E-4 2.85903E-4 2.95526E-4 3.19545E-4 3.31671E-4 3.5381E-4 3.63449E-4 3.59405E-4 3.51875E-4 3.46358E-4 3.41882E-4 2.96338E-4 3.0875E-4 3.0203E-4 2.83367E-4 2.42326E-4 2.00812E-4 1.85126E-4 1.77753E-4 1.72025E-4 1.80157E-4 1.61431E-4 1.53322E-4 1.46797E-4 1.52255E-4 1.46972E-4
6.78768E-5 7.04755E-5 8.1856E-5 8.80621E-5 1.00749E-4 1.0318E-4 1.1014E-4 1.07536E-4 1.51769E-4 1.44207E-4 1.17107E-4 1.00854E-4 1.06162E-4 1.58338E-4 1.92998E-4 2.20549E-4 3.02336E-4 2.59341E-4 2.46309E-4 3.21639E-4 3.23663E-4 3.07504E-4 3.19351E-4 3.16837E-4 2.97657E-4 3.41039E-4 3.51188E-4 3.27095E-4 3.38445E-4 3.7526E-4 3.73864E-4 3.51049E-4 3.7504E-4 3.88047E-4 7.01635E-4 3.64945E-4 3.54913E-4 3.29683E-4 3.08442E-4 3.0555E-4 3.04383E-4 3.09439E-4 3.16933E-4 3.31024E-4 3.37884E-4 3.55213E-4 3.37221E-4 3.52301E-4 3.38391E-4 3.49539E-4 3.04237E-4 2.92792E-4 2.85934E-4 2.61036E-4 2.59992E-4 2.14927E-4 1.95439E-4 1.97262E-4 1.81622E-4 1.56995E-4 1.53795E-4 1.49817E-4 1.54941E-4 1.36523E-4 1.40288E-4 1.30528E-4
7.20379E-5 8.2253E-5 9.00391E-5 1.01274E-4 1.17171E-4 1.5019E-4 1.0436E-4 9.93502E-5 9.98534E-5 1.05238E-4 1.11825E-4 1.22332E-4 1.05768E-4 1.13693E-4 1.47856E-4 1.82763E-4 1.86543E-4 1.84142E-4 1.92989E-4 2.05645E-4 2.39846E-4 3.1353E-4 3.21099E-4 2.7497E-4 3.10066E-4 3.25184E-4 3.09801E-4 3.3334E-4 4.72683E-4 3.31347E-4 3.59072E-4 3.49512E-4 3.55515E-4 3.65372E-4 3.39737E-4 3.7308E-4 3.81787E-4 3.4765E-4 3.17813E-4 2.96836E-4 2.64971E-4 2.87141E-4 3.18719E-4 3.43837E-4 3.5812E-4 3.41445E-4 3.32062E-4 3.38908E-4 3.16149E-4 3.00378E-4 2.93834E-4 3.07956E-4 2.98663E-4 2.4693E-4 2.29692E-4 2.06289E-4 2.05296E-4 1.93813E-4 1.81195E-4 1.67812E-4 1.53779E-4 1.37738E-4 1.32647E-4 1.41955E-4 1.35361E-4 1.33664E-4
7.63475E-5 8.40249E-5 9.16687E-5 9.46836E-5 1.01834E-4 1.03083E-4 9.85882E-5 9.18321E-5 8.39341E-5 8.99559E-5 8.81456E-5 1.0127E-4 1.30912E-4 9.3243E-5 1.24383E-4 1.62308E-4 1.57125E-4 1.40178E-4 1.33665E-4 1.41804E-4 1.58901E-4 2.0861E-4 2.84418E-4 2.22093E-4 2.67128E-4 3.31294E-4 2.98578E-4 3.12514E-4 3.41221E-4 7.18678E-4 3.22558E-4 3.28848E-4 3.49913E-4 3.16055E-4 3.14584E-4 3.37825E-4 3.72223E-4 3.62453E-4 3.32741E-4 3.05685E-4 2.55257E-4 2.68622E-4 2.86635E-4 3.25724E-4 3.49479E-4 3.64086E-4 3.40359E-4 3.16675E-4 3.087E-4 3.14198E-4 3.10858E-4 3.126E-4 2.80903E-4 2.33229E-4 2.14933E-4 1.99174E-4 1.85525E-4 1.71274E-4 1.61023E-4 1.62972E-4 1.58912E-4 1.42698E-4 1.25275E-4 1.31659E-4 1.21184E-4 1.17936E-4
8.19326E-5 9.10871E-5 9.77686E-5 9.47792E-5 9.65353E-5 9.26847E-5 9.48176E-5 8.44789E-5 7.26916E-5 7.11703E-5 7.38085E-5 7.46645E-5 8.04648E-5 7.48264E-5 9.115E-5 1.1748E-4 1.2884E-4 1.38323E-4 1.18642E-4 1.18709E-4 1.31319E-4 1.3089E-4 1.23579E-4 1.17215E-4 1.67195E-4 3.4459E-4 3.42838E-4 3.42895E-4 3.31729E-4 3.43865E-4 3.34658E-4 3.7061E-4 3.4208E-4 3.45785E-4 3.81784E-4 3.73553E-4 3.65746E-4 3.67221E-4 3.42813E-4 3.19144E-4 2.85782E-4 2.50941E-4 2.7813E-4 2.92923E-4 3.14556E-4 3.33894E-4 3.36761E-4 3.32676E-4 3.17377E-4 3.21764E-4 3.19284E-4 2.95543E-4 2.91512E-4 2.6103E-4 2.19769E-4 2.04951E-4 2.09452E-4 1.93853E-4 1.69298E-4 1.58492E-4 1.596E-4 1.48747E-4 1.29476E-4 1.22035E-4 1.19595E-4 1.08275E-4
9.1951E-5 1.31728E-4 1.20569E-4 9.33656E-5 8.75708E-5 8.11872E-5 7.86537E-5 7.48995E-5 7.35637E-5 7.67601E-5 8.01388E-5 1.33972E-4 7.7743E-5 7.50427E-5 8.14502E-5 1.20666E-4 9.56715E-5 1.03967E-4 1.03011E-4 1.04659E-4 1.07959E-4 1.16393E-4 1.09216E-4 1.06342E-4 1.31221E-4 1.75338E-4 1.97904E-4 3.80019E-4 3.20435E-4 3.35545E-4 3.52316E-4 3.65658E-4 3.62923E-4 3.71734E-4 3.65562E-4 3.56987E-4 3.669E-4 3.57855E-4 3.44289E-4 3.28727E-4 3.04375E-4 2.69637E-4 2.73978E-4 2.7032E-4 3.12777E-4 3.31016E-4 3.47606E-4 3.7372E-4 3.37428E-4 3.14545E-4 3.28327E-4 3.12376E-4 3.13874E-4 2.84162E-4 2.38491E-4 2.20512E-4 2.23546E-4 2.15638E-4 1.91028E-4 1.65078E-4 1.53898E-4 1.54083E-4 1.35052E-4 1.2564E-4 1.23276E-4 1.10814E-4
1.04821E-4 1.06494E-4 1.0176E-4 9.73947E-5 1.10359E-4 9.98206E-5 7.99164E-5 7.95973E-5 8.2884E-5 8.10677E-5 7.8948E-5 7.7651E-5 8.41129E-5 9.01546E-5 7.8717E-5 7.73724E-5 7.80328E-5 7.68836E-5 7.97246E-5 8.19316E-5 8.99328E-5 1.29881E-4 1.12908E-4 1.05087E-4 1.15271E-4 1.0613E-4 1.25854E-4 1.39042E-4 1.98646E-4 3.35502E-4 3.306E-4 3.37585E-4 3.48462E-4 3.81529E-4 3.84825E-4 3.47419E-4 3.39699E-4 3.30691E-4 3.19118E-4 3.28492E-4 3.22693E-4 2.89312E-4 2.73498E-4 2.95802E-4 3.12284E-4 3.2623E-4 3.51203E-4 3.6599E-4 3.58931E-4 3.45743E-4 3.29823E-4 3.20907E-4 3.00193E-4 2.82982E-4 2.58298E-4 2.59382E-4 2.48222E-4 2.43781E-4 2.07085E-4 1.83519E-4 1.58E-4 1.46984E-4 1.36124E-4 1.36668E-4 1.20426E-4 1.13831E-4
1.84392E-4 1.25645E-4 1.25108E-4 1.39196E-4 1.3855E-4 1.22763E-4 8.81584E-5 8.01854E-5 7.30254E-5 7.36115E-5 7.57989E-5 7.94585E-5 1.06077E-4 7.80993E-5 7.62626E-5 7.60327E-5 7.41087E-5 7.54899E-5 7.75774E-5 8.96038E-5 1.65208E-4 8.40037E-5 7.70894E-5 8.20128E-5 1.4435E-4 9.7633E-5 9.94314E-5 1.19843E-4 1.82374E-4 3.15493E-4 3.19881E-4 3.29933E-4 3.3964E-4 3.71002E-4 3.64406E-4 3.47581E-4 3.21905E-4 3.09354E-4 3.0539E-4 3.51235E-4 3.50551E-4 2.95386E-4 2.89937E-4 2.78817E-4 2.91108E-4 3.21681E-4 3.54362E-4 3.60682E-4 3.58753E-4 3.63983E-4 3.29706E-4 3.11409E-4 2.95545E-4 2.82277E-4 2.76308E-4 2.76274E-4 2.79429E-4 2.68079E-4 2.29971E-4 1.95862E-4 1.74043E-4 1.50269E-4 1.39926E-4 1.33857E-4 1.2611E-4 1.39764E-4
1.18262E-4 1.06695E-4 1.14459E-4 1.54034E-4 9.45766E-5 7.91998E-5 7.7457E-5 7.33175E-5 7.21087E-5 7.52497E-5 7.12656E-5 8.41267E-5 7.25749E-5 7.4561E-5 1.01031E-4 7.30695E-5 7.54717E-5 8.05437E-5 7.63125E-5 8.39273E-5 8.28472E-5 8.36264E-5 7.494E-5 7.88157E-5 8.95781E-5 9.63985E-5 9.64797E-5 1.08787E-4 1.40034E-4 2.20532E-4 2.74879E-4 2.7704E-4 2.9933E-4 3.1693E-4 3.58957E-4 3.48437E-4 3.44635E-4 3.29279E-4 3.19767E-4 3.65299E-4 3.79665E-4 3.36649E-4 3.19877E-4 3.07969E-4 2.9567E-4 3.08141E-4 3.36155E-4 3.78583E-4 3.65193E-4 3.73671E-4 3.43601E-4 3.51665E-4 3.17899E-4 3.11641E-4 2.85534E-4 2.73597E-4 2.72493E-4 2.58535E-4 2.30388E-4 2.03408E-4 1.84691E-4 1.71934E-4 1.582E-4 1.36328E-4 1.28439E-4 1.42771E-4
6.2498E-5 6.1752E-5 6.70235E-5 8.54128E-5 9.52721E-5 7.19156E-5 7.02819E-5 6.69225E-5 8.30323E-5 9.38788E-5 6.96717E-5 6.98956E-5 6.8926E-5 7.18139E-5 7.22953E-5 1.2616E-4 7.7861E-5 7.70575E-5 7.10606E-5 7.54838E-5 1.48068E-4 7.9731E-5 7.46469E-5 1.06746E-4 1.23055E-4 1.1885E-4 9.3009E-5 1.4723E-4 1.14493E-4 1.16608E-4 1.28644E-4 1.34059E-4 1.69668E-4 2.41829E-4 3.09301E-4 2.83851E-4 4.60161E-4 3.26462E-4 5.1283E-4 3.60794E-4 3.76486E-4 3.5288E-4 3.38411E-4 3.2361E-4 3.26335E-4 3.47249E-4 3.48303E-4 3.63166E-4 6.47451E-4 3.62963E-4 3.57948E-4 3.59752E-4 3.29038E-4 3.40029E-4 3.25197E-4 2.83253E-4 2.75536E-4 2.54889E-4 2.28599E-4 2.04609E-4 1.7673E-4 1.64096E-4 1.52277E-4 1.41326E-4 -9999 -9999
5.98386E-5 5.93425E-5 1.20677E-4 6.87615E-5 6.36136E-5 6.87161E-5 6.92877E-5 6.47637E-5 6.69021E-5 6.72291E-5 7.01447E-5 6.62775E-5 6.46095E-5 6.93948E-5 9.69872E-5 7.56822E-5 7.87597E-5 7.15125E-5 1.06284E-4 7.21778E-5 1.41442E-4 7.58059E-5 7.49021E-5 1.07743E-4 8.28124E-5 8.63229E-5 8.3054E-5 8.97894E-5 9.08611E-5 1.10522E-4 1.00985E-4 1.22691E-4 1.27302E-4 1.37926E-4 1.5804E-4 1.78129E-4 5.22071E-4 3.56439E-4 3.43381E-4 3.41503E-4 3.40107E-4 3.19929E-4 3.13481E-4 3.26203E-4 3.38808E-4 3.55785E-4 3.69274E-4 3.61409E-4 3.72862E-4 3.63327E-4 3.4991E-4 3.55368E-4 3.42522E-4 3.34328E-4 3.22751E-4 3.07505E-4 2.86916E-4 2.63301E-4 2.35527E-4 1.96588E-4 1.82604E-4 1.77279E-4 1.63285E-4 1.4777E-4 -9999 -9999
6.14576E-5 5.93044E-5 6.32451E-5 6.22448E-5 5.9822E-5 6.26412E-5 6.23883E-5 5.98208E-5 6.41549E-5 6.93703E-5 7.07762E-5 7.27701E-5 7.93904E-5 7.39285E-5 6.79886E-5 7.11163E-5 1.2677E-4 8.40549E-5 9.29602E-5 7.22702E-5 7.22375E-5 7.33941E-5 7.56497E-5 7.42932E-5 7.97298E-5 7.87411E-5 7.70731E-5 7.84192E-5 8.23002E-5 8.91419E-5 8.55023E-5 1.08181E-4 1.02274E-4 1.02442E-4 1.96605E-4 1.53203E-4 2.21909E-4 5.86969E-4 3.77144E-4 3.68726E-4 3.74578E-4 3.46991E-4 3.25597E-4 3.37034E-4 3.22996E-4 3.24946E-4 3.21368E-4 3.37803E-4 3.77194E-4 3.71789E-4 3.49913E-4 3.42696E-4 3.60634E-4 3.23841E-4 3.16996E-4 2.87941E-4 2.72969E-4 2.46719E-4 2.19597E-4 1.98779E-4 2.00206E-4 1.91268E-4 1.84917E-4 1.74875E-4 1.68539E-4 -9999
5.80612E-5 5.99303E-5 7.56772E-5 6.23639E-5 6.84454E-5 6.03055E-5 5.99342E-5 5.62818E-5 6.02872E-5 6.40479E-5 7.01988E-5 7.87613E-5 1.1547E-4 6.78414E-5 6.4275E-5 6.81703E-5 7.15214E-5 6.91003E-5 1.36359E-4 7.15244E-5 9.49279E-5 7.47294E-5 1.00307E-4 7.39406E-5 8.81886E-5 7.86577E-5 7.69067E-5 8.21468E-5 8.17317E-5 7.65606E-5 9.59456E-5 8.2647E-5 8.33756E-5 1.03623E-4 1.03669E-4 1.19981E-4 1.52969E-4 2.41945E-4 3.45064E-4 3.63539E-4 3.984E-4 3.8766E-4 3.56563E-4 3.40197E-4 3.34908E-4 3.04384E-4 2.97745E-4 3.5073E-4 3.63236E-4 3.83926E-4 3.75213E-4 3.60269E-4 3.4781E-4 3.25586E-4 3.01555E-4 2.90574E-4 2.79459E-4 2.7457E-4 2.24203E-4 1.98432E-4 1.99561E-4 1.95109E-4 1.94522E-4 2.04513E-4 1.93182E-4 -9999
5.41791E-5 6.81818E-5 7.17587E-5 7.80104E-5 7.24549E-5 6.44764E-5 5.57024E-5 5.67431E-5 5.94205E-5 5.72579E-5 6.00526E-5 6.62483E-5 6.64824E-5 6.44135E-5 6.50323E-5 6.90812E-5 7.89496E-5 6.9416E-5 6.91533E-5 6.92608E-5 7.0429E-5 7.40699E-5 8.317E-5 7.3141E-5 7.35844E-5 7.55814E-5 7.91881E-5 8.33891E-5 7.61554E-5 7.06238E-5 7.24046E-5 7.79853E-5 7.85256E-5 9.88483E-5 1.10812E-4 1.22009E-4 1.39943E-4 2.45067E-4 2.01399E-4 2.88782E-4 5.62748E-4 3.88185E-4 3.88417E-4 3.77721E-4 3.66385E-4 3.25284E-4 3.19131E-4 3.5579E-4 3.60199E-4 3.93987E-4 4.79351E-4 3.84066E-4 3.42691E-4 3.55632E-4 3.05912E-4 2.91063E-4 2.75346E-4 2.65996E-4 2.49865E-4 2.00023E-4 1.87942E-4 1.97508E-4 1.97855E-4 2.01914E-4 1.92983E-4 1.88519E-4
5.56951E-5 5.83803E-5 6.13799E-5 6.54327E-5 6.47405E-5 6.22882E-5 5.45948E-5 5.42998E-5 5.50079E-5 5.89631E-5 6.84395E-5 6.98163E-5 6.79294E-5 6.66666E-5 6.91585E-5 7.7489E-5 9.95734E-5 7.09168E-5 6.88904E-5 6.70356E-5 6.81486E-5 7.08891E-5 7.2911E-5 7.34263E-5 8.43407E-5 7.394E-5 7.53622E-5 7.23135E-5 7.16447E-5 7.00068E-5 7.57091E-5 1.27301E-4 7.60052E-5 7.59472E-5 9.37032E-5 1.20628E-4 1.16112E-4 1.28787E-4 1.54247E-4 2.60302E-4 2.22825E-4 3.09494E-4 3.31834E-4 5.87616E-4 3.84288E-4 3.55122E-4 3.60555E-4 3.45385E-4 3.66026E-4 3.70382E-4 7.36007E-4 3.86155E-4 3.75374E-4 3.63245E-4 3.22558E-4 3.14858E-4 2.82264E-4 2.66052E-4 2.55728E-4 2.3676E-4 2.05272E-4 2.01673E-4 2.05956E-4 1.99072E-4 1.92025E-4 1.89884E-4
5.56786E-5 5.60738E-5 5.70738E-5 5.96506E-5 5.7054E-5 5.83628E-5 6.06977E-5 5.53102E-5 5.64594E-5 6.13686E-5 6.5277E-5 9.31831E-5 6.8367E-5 6.81816E-5 6.69876E-5 6.59522E-5 6.8466E-5 1.24587E-4 7.07885E-5 6.71013E-5 6.64516E-5 6.9707E-5 7.26026E-5 7.5119E-5 8.22157E-5 7.67416E-5 1.20396E-4 8.22453E-5 7.14267E-5 7.25681E-5 1.42066E-4 7.57258E-5 7.63073E-5 8.12792E-5 8.83445E-5 1.05192E-4 1.1583E-4 1.44218E-4 2.01278E-4 1.68106E-4 2.38315E-4 2.22738E-4 2.72289E-4 3.23916E-4 3.15991E-4 3.47139E-4 3.69019E-4 3.85095E-4 3.81902E-4 3.5309E-4 3.83437E-4 3.80247E-4 3.82032E-4 3.50951E-4 3.21162E-4 2.92831E-4 2.70943E-4 2.71186E-4 2.85425E-4 2.61214E-4 2.27502E-4 2.14895E-4 2.08098E-4 1.93669E-4 2.00123E-4 2.10268E-4
5.19349E-5 5.48841E-5 5.61494E-5 5.38497E-5 5.36736E-5 5.71647E-5 5.87784E-5 5.76489E-5 6.19691E-5 6.79774E-5 1.07906E-4 6.32573E-5 6.07549E-5 6.99917E-5 1.43578E-4 6.94212E-5 7.01855E-5 1.03715E-4 6.84497E-5 7.13636E-5 6.98172E-5 7.20737E-5 9.52842E-5 6.68561E-5 8.72306E-5 7.40544E-5 6.98219E-5 7.17314E-5 7.53309E-5 1.53105E-4 7.54628E-5 7.73391E-5 1.12326E-4 8.07734E-5 1.51107E-4 1.77197E-4 1.10653E-4 1.3166E-4 1.30028E-4 1.33121E-4 1.66939E-4 2.03833E-4 1.96137E-4 2.27381E-4 2.68485E-4 3.33174E-4 3.48215E-4 3.40001E-4 3.81713E-4 7.5956E-4 3.4779E-4 3.46983E-4 3.65989E-4 3.28763E-4 2.93107E-4 2.83766E-4 2.64877E-4 2.90712E-4 2.94247E-4 2.7208E-4 2.5759E-4 2.70909E-4 2.33155E-4 2.18385E-4 2.15532E-4 1.96168E-4
