catData/rasterBestHybridModels/Pbengalensis/RD_BM001_RM2_LQH/Pbengalensis_avg.asc
ncols         409
nrows         350
xllcorner     60.897278365
yllcorner     5.843756025
cellsize      0.0892857
NODATA_value  -9999
[rows 116 to 144 of 350, columns 330 to 395 of 409]
1.66819E-4 1.78634E-4 1.85968E-4 1.91858E-4 1.92835E-4 1.90321E-4 1.77473E-4 1.20486E-4 8.46336E-5 8.58164E-5 1.20965E-4 1.68105E-4 1.72028E-4 1.67624E-4 1.64817E-4 1.54192E-4 1.44175E-4 1.59615E-4 1.71292E-4 1.75794E-4 1.64022E-4 1.4488E-4 1.52714E-4 2.59992E-4 1.44635E-4 1.28943E-4 1.26811E-4 1.34569E-4 1.26217E-4 1.20873E-4 1.28831E-4 1.29066E-4 1.34141E-4 1.41797E-4 1.63309E-4 1.72968E-4 1.8269E-4 1.74196E-4 1.52791E-4 1.55735E-4 2.97922E-4 1.54548E-4 1.57746E-4 1.63675E-4 2.22387E-4 1.95607E-4 2.21612E-4 2.30183E-4 2.52434E-4 2.87078E-4 3.55102E-4 3.89784E-4 4.7284E-4 4.37793E-4 4.41413E-4 4.54404E-4 -9999 -9999 -9999 -9999 -9999 -9999 -9999 -9999 -9999 -9999
1.57532E-4 1.68915E-4 1.7534E-4 1.90394E-4 1.54453E-4 1.11387E-4 1.06798E-4 9.07606E-5 7.16394E-5 7.74883E-5 8.76008E-5 1.09172E-4 1.1053E-4 1.13839E-4 1.24435E-4 1.29779E-4 1.23636E-4 1.35658E-4 1.3834E-4 1.46357E-4 1.35726E-4 1.20539E-4 1.28048E-4 1.26733E-4 1.25794E-4 1.24305E-4 1.36631E-4 1.71835E-4 1.332E-4 1.56132E-4 1.58894E-4 1.39735E-4 1.41976E-4 1.61342E-4 1.69729E-4 1.85057E-4 2.13942E-4 2.70951E-4 1.5603E-4 1.62777E-4 1.55499E-4 1.51749E-4 1.81621E-4 2.12602E-4 1.85209E-4 2.0976E-4 2.55659E-4 2.67848E-4 3.01296E-4 3.30353E-4 3.50747E-4 3.97372E-4 4.331E-4 4.46625E-4 -9999 -9999 -9999 -9999 -9999 -9999 -9999 -9999 -9999 -9999 -9999 -9999
1.24149E-4 1.28509E-4 1.45598E-4 1.48751E-4 8.82397E-5 9.22878E-5 1.20936E-4 7.3253E-5 6.56758E-5 6.53541E-5 6.6051E-5 7.7833E-5 8.84812E-5 1.02043E-4 1.07874E-4 1.06249E-4 9.72015E-5 1.05086E-4 1.05863E-4 1.23674E-4 1.25566E-4 1.06947E-4 1.17258E-4 1.37395E-4 1.2338E-4 1.14109E-4 1.1155E-4 1.13724E-4 1.19507E-4 1.61312E-4 1.83362E-4 1.87145E-4 1.97974E-4 2.33169E-4 2.29023E-4 2.5259E-4 2.42374E-4 1.86858E-4 1.51652E-4 1.58504E-4 2.82478E-4 1.54466E-4 1.62442E-4 2.01309E-4 2.15756E-4 2.45735E-4 2.89064E-4 3.14167E-4 3.46927E-4 3.66528E-4 3.56944E-4 3.79587E-4 3.90049E-4 -9999 -9999 -9999 -9999 -9999 -9999 -9999 -9999 -9999 -9999 -9999 -9999 -9999
1.34219E-4 1.38202E-4 1.36963E-4 9.54974E-5 7.82191E-5 4.80673E-5 8.89946E-5 7.34518E-5 6.58392E-5 6.3934E-5 6.42064E-5 6.97233E-5 7.97468E-5 9.01647E-5 9.82709E-5 9.37496E-5 8.87218E-5 8.95781E-5 1.43852E-4 9.6825E-5 1.08464E-4 1.07223E-4 1.20278E-4 1.30225E-4 1.12595E-4 1.03068E-4 9.72334E-5 1.05808E-4 1.49266E-4 1.70502E-4 1.97369E-4 2.21082E-4 2.37526E-4 2.66128E-4 2.76391E-4 2.98259E-4 2.94549E-4 2.20122E-4 1.62708E-4 1.57304E-4 1.56462E-4 1.51413E-4 1.73763E-4 2.20687E-4 2.53372E-4 2.97708E-4 3.31207E-4 3.43276E-4 3.4945E-4 3.66363E-4 3.65204E-4 3.69442E-4 3.68496E-4 -9999 -9999 -9999 -9999 -9999 -9999 -9999 -9999 -9999 -9999 -9999 -9999 -9999
1.10479E-4 1.23757E-4 1.20186E-4 1.33398E-4 4.99768E-5 6.62756E-5 6.42502E-5 9.52362E-5 6.57568E-5 6.37535E-5 6.37851E-5 7.26122E-5 7.98472E-5 8.11383E-5 8.58887E-5 9.38513E-5 8.143E-5 9.01353E-5 1.07763E-4 1.06846E-4 1.0209E-4 1.02427E-4 1.11126E-4 1.087E-4 1.05955E-4 1.00371E-4 9.9842E-5 1.32831E-4 1.59667E-4 2.04543E-4 2.06224E-4 2.08953E-4 2.37643E-4 2.73444E-4 2.96777E-4 3.24371E-4 3.24239E-4 2.66962E-4 1.93594E-4 1.92485E-4 1.69636E-4 1.69687E-4 2.00273E-4 2.58526E-4 3.00959E-4 3.15691E-4 6.46661E-4 3.55721E-4 3.64865E-4 3.77088E-4 3.7181E-4 3.64137E-4 3.55816E-4 3.66716E-4 -9999 -9999 -9999 -9999 -9999 -9999 -9999 -9999 -9999 -9999 -9999 -9999
8.07507E-5 8.77755E-5 1.1419E-4 5.65462E-5 4.4475E-5 6.53717E-5 5.14448E-5 3.41642E-5 3.3946E-5 6.27928E-5 2.68632E-5 5.98163E-5 3.87257E-5 9.99731E-5 8.94202E-5 1.29711E-4 1.8878E-4 2.03444E-4 1.73623E-4 9.38622E-5 8.92631E-5 9.90917E-5 9.58806E-5 1.12864E-4 1.46275E-4 1.01561E-4 1.40054E-4 1.66468E-4 2.03892E-4 1.83647E-4 1.69555E-4 1.76267E-4 2.43478E-4 2.91785E-4 3.21154E-4 3.6482E-4 3.52552E-4 2.56445E-4 2.41593E-4 2.19221E-4 1.88893E-4 2.09858E-4 2.66707E-4 3.12517E-4 3.26957E-4 3.39298E-4 3.56448E-4 3.63036E-4 3.68615E-4 4.28723E-4 3.98815E-4 3.49328E-4 3.29466E-4 3.69285E-4 -9999 -9999 -9999 -9999 -9999 -9999 -9999 -9999 -9999 -9999 -9999 -9999
4.21893E-5 6.54237E-5 6.87087E-5 4.12809E-5 3.00733E-5 1.54025E-5 3.48634E-5 4.70132E-6 3.45154E-5 3.91869E-5 3.3313E-5 5.82701E-6 5.3704E-5 1.72759E-4 1.27084E-4 2.52875E-4 2.31954E-4 1.82433E-4 1.53729E-4 1.14602E-4 1.36465E-4 9.98568E-5 1.79067E-4 1.92162E-4 1.38078E-4 9.8271E-5 1.39897E-4 1.72006E-4 1.8836E-4 1.57638E-4 1.55607E-4 1.80034E-4 2.43259E-4 3.17209E-4 3.41448E-4 3.48953E-4 3.31372E-4 2.13434E-4 2.03078E-4 1.79039E-4 1.91116E-4 2.54477E-4 3.35193E-4 3.88765E-4 3.71014E-4 3.40014E-4 3.64957E-4 3.6456E-4 3.57908E-4 3.44126E-4 3.49661E-4 3.56765E-4 3.19926E-4 -9999 -9999 -9999 -9999 -9999 -9999 -9999 -9999 -9999 -9999 -9999 -9999 -9999
6.69301E-5 1.34983E-4 1.42623E-4 7.17688E-5 5.78336E-5 3.26928E-5 3.03258E-5 6.23025E-5 5.34221E-5 4.63212E-5 3.03806E-5 4.93631E-5 8.03489E-5 1.82543E-4 2.257E-4 2.70079E-4 2.24475E-4 2.01149E-4 1.96203E-4 1.97901E-4 1.73269E-4 1.80526E-4 2.30327E-4 2.30259E-4 1.90116E-4 1.10175E-4 1.23785E-4 1.52043E-4 1.50592E-4 1.5083E-4 1.51596E-4 1.60239E-4 2.01091E-4 2.57773E-4 3.27683E-4 3.26873E-4 2.58276E-4 1.90555E-4 1.78228E-4 1.72668E-4 2.01363E-4 2.80972E-4 3.96215E-4 5.69997E-4 4.12948E-4 3.90408E-4 4.1382E-4 3.98176E-4 3.66836E-4 3.46375E-4 3.42692E-4 3.40368E-4 3.30979E-4 3.44012E-4 -9999 -9999 -9999 -9999 -9999 -9999 -9999 -9999 -9999 -9999 -9999 -9999
1.84452E-4 1.91905E-4 1.78623E-4 1.49518E-4 9.79648E-5 9.07074E-5 1.21707E-4 7.08163E-5 6.30882E-5 7.0599E-5 1.45561E-4 1.80041E-4 1.83106E-4 2.56214E-4 2.99041E-4 2.90995E-4 2.93121E-4 3.27334E-4 3.2131E-4 3.01248E-4 2.79136E-4 2.65128E-4 2.70435E-4 2.69816E-4 2.02624E-4 1.90679E-4 1.42472E-4 1.56651E-4 1.53712E-4 1.45158E-4 1.52134E-4 1.69507E-4 1.95504E-4 2.29955E-4 2.23595E-4 2.12674E-4 1.99231E-4 1.70162E-4 1.81436E-4 1.75379E-4 2.21133E-4 3.20047E-4 3.62524E-4 4.19123E-4 4.32627E-4 4.5049E-4 8.56247E-4 4.31277E-4 3.94362E-4 3.6051E-4 3.35351E-4 3.37167E-4 3.50173E-4 -9999 -9999 -9999 -9999 -9999 -9999 -9999 -9999 -9999 -9999 -9999 -9999 -9999
2.04656E-4 1.98659E-4 1.8986E-4 1.92716E-4 1.88158E-4 2.06773E-4 2.00302E-4 1.69798E-4 1.62479E-4 1.79202E-4 1.95916E-4 2.04981E-4 2.25555E-4 2.92904E-4 3.30223E-4 3.38119E-4 4.14804E-4 4.06972E-4 3.70546E-4 3.33601E-4 3.01065E-4 2.64564E-4 2.80027E-4 2.91304E-4 2.95253E-4 2.66739E-4 2.0073E-4 1.58551E-4 1.54633E-4 1.58267E-4 1.69348E-4 1.96694E-4 2.15163E-4 2.44003E-4 2.40536E-4 2.1403E-4 1.94305E-4 2.60844E-4 1.68231E-4 1.91407E-4 2.46138E-4 3.12825E-4 3.45724E-4 3.64359E-4 3.87337E-4 4.55021E-4 4.68293E-4 4.61019E-4 4.09431E-4 3.87568E-4 3.55472E-4 3.65739E-4 -9999 -9999 -9999 -9999 -9999 -9999 -9999 -9999 -9999 -9999 -9999 -9999 -9999 -9999
2.3839E-4 2.1714E-4 2.04919E-4 2.32468E-4 2.41089E-4 2.60734E-4 2.95576E-4 3.1146E-4 3.27596E-4 3.31714E-4 3.19111E-4 3.10247E-4 3.34766E-4 3.63376E-4 3.65201E-4 3.65336E-4 3.82776E-4 3.69481E-4 3.52035E-4 3.33627E-4 2.95537E-4 2.76681E-4 2.75717E-4 3.01226E-4 3.24635E-4 3.3468E-4 2.24312E-4 1.79739E-4 1.62811E-4 1.75099E-4 1.95032E-4 2.38403E-4 2.41299E-4 2.50728E-4 2.64716E-4 2.21604E-4 1.84999E-4 1.83002E-4 1.97907E-4 2.4622E-4 2.91696E-4 3.30856E-4 3.4725E-4 3.45928E-4 3.78325E-4 4.2368E-4 4.61391E-4 4.68278E-4 4.22751E-4 3.87486E-4 3.84652E-4 3.84774E-4 3.9878E-4 -9999 -9999 -9999 -9999 -9999 -9999 -9999 -9999 -9999 -9999 -9999 -9999 -9999
3.24522E-4 2.63077E-4 2.45275E-4 2.46249E-4 2.67542E-4 3.17105E-4 3.43875E-4 3.74129E-4 3.9542E-4 4.14926E-4 4.06302E-4 4.12275E-4 4.25415E-4 4.30351E-4 3.97839E-4 3.65919E-4 3.67229E-4 3.66226E-4 3.42492E-4 3.12964E-4 3.00934E-4 2.95347E-4 2.89783E-4 3.11214E-4 3.32107E-4 3.46989E-4 2.75159E-4 2.00189E-4 1.83313E-4 1.99026E-4 2.21486E-4 2.87986E-4 2.50826E-4 2.51073E-4 2.42521E-4 2.16111E-4 2.00645E-4 2.2118E-4 2.38267E-4 3.02717E-4 3.30025E-4 3.59047E-4 3.73525E-4 3.49909E-4 3.9389E-4 4.52287E-4 5.10716E-4 4.8147E-4 4.54828E-4 4.50858E-4 4.11709E-4 4.20749E-4 -9999 -9999 -9999 -9999 -9999 -9999 -9999 -9999 -9999 -9999 -9999 -9999 -9999 -9999
4.1798E-4 3.72082E-4 3.46713E-4 3.19507E-4 3.13259E-4 3.60487E-4 3.9579E-4 4.18351E-4 4.47145E-4 4.89462E-4 4.95956E-4 4.86905E-4 4.64767E-4 4.71176E-4 4.3343E-4 3.91261E-4 3.73753E-4 3.72872E-4 3.53452E-4 3.50941E-4 3.30255E-4 3.24718E-4 3.16565E-4 3.09281E-4 3.35071E-4 3.5126E-4 3.36693E-4 2.45616E-4 2.21727E-4 2.3491E-4 2.77412E-4 3.15673E-4 3.48509E-4 3.02602E-4 2.47315E-4 2.42623E-4 2.58164E-4 3.01997E-4 3.2671E-4 3.51659E-4 3.70984E-4 3.63866E-4 3.53277E-4 3.59086E-4 3.85681E-4 4.39706E-4 5.00096E-4 4.68701E-4 5.01653E-4 4.93838E-4 4.5844E-4 -9999 -9999 -9999 -9999 -9999 -9999 -9999 -9999 -9999 -9999 -9999 -9999 -9999 -9999 -9999
4.60763E-4 4.19248E-4 3.63128E-4 3.36807E-4 3.35494E-4 4.08381E-4 4.31959E-4 4.55411E-4 4.97902E-4 5.74258E-4 7.21808E-4 5.33771E-4 4.85241E-4 4.81934E-4 5.5631E-4 4.20078E-4 4.2833E-4 4.11028E-4 3.70377E-4 3.45042E-4 3.2319E-4 3.21397E-4 3.17211E-4 3.18379E-4 3.37035E-4 3.48926E-4 3.771E-4 3.229E-4 2.65385E-4 2.42544E-4 2.56021E-4 2.88494E-4 3.33338E-4 3.37376E-4 3.28657E-4 3.51382E-4 3.54969E-4 3.42202E-4 3.62202E-4 3.71173E-4 3.70149E-4 3.68371E-4 3.47837E-4 3.61478E-4 3.81437E-4 4.13449E-4 4.26744E-4 4.62861E-4 5.08975E-4 5.06365E-4 -9999 -9999 -9999 -9999 -9999 -9999 -9999 -9999 -9999 -9999 -9999 -9999 -9999 -9999 -9999 -9999
4.85953E-4 4.51006E-4 4.17103E-4 3.74923E-4 3.35134E-4 4.04665E-4 4.25693E-4 4.73633E-4 5.09367E-4 5.75702E-4 5.75883E-4 5.06127E-4 4.70143E-4 4.55528E-4 4.3065E-4 3.90011E-4 3.96569E-4 3.85476E-4 3.76204E-4 3.52369E-4 3.36652E-4 3.27247E-4 3.19042E-4 3.24216E-4 3.52536E-4 3.76165E-4 4.06123E-4 4.26225E-4 4.08167E-4 3.18314E-4 3.0119E-4 3.40607E-4 3.83704E-4 3.88193E-4 4.07949E-4 3.98101E-4 3.74448E-4 3.47175E-4 3.45185E-4 3.37983E-4 3.30708E-4 3.18881E-4 3.2454E-4 3.4561E-4 3.53995E-4 3.87913E-4 4.13725E-4 4.54104E-4 -9999 -9999 -9999 -9999 -9999 -9999 -9999 -9999 -9999 -9999 -9999 -9999 -9999 -9999 -9999 -9999 -9999 -9999
3.39073E-4 3.36242E-4 3.47988E-4 3.58049E-4 3.72943E-4 4.05144E-4 4.3751E-4 4.63084E-4 5.10975E-4 5.30752E-4 5.14791E-4 4.8284E-4 4.44325E-4 4.40909E-4 4.31383E-4 4.0478E-4 3.50735E-4 3.26042E-4 3.43999E-4 3.5716E-4 3.53986E-4 3.3591E-4 3.38591E-4 3.48305E-4 3.65799E-4 4.05927E-4 4.26878E-4 4.59004E-4 4.39773E-4 3.97653E-4 3.84425E-4 4.36413E-4 4.64382E-4 4.43956E-4 4.40285E-4 4.15345E-4 3.58742E-4 3.18144E-4 3.23786E-4 3.15964E-4 3.13346E-4 2.95712E-4 3.23126E-4 3.30013E-4 3.44194E-4 3.72285E-4 3.9315E-4 4.18265E-4 -9999 -9999 -9999 -9999 -9999 -9999 -9999 -9999 -9999 -9999 -9999 -9999 -9999 -9999 -9999 -9999 -9999 -9999
2.37205E-4 2.30447E-4 2.32171E-4 2.5605E-4 3.26224E-4 3.81422E-4 3.8674E-4 3.94109E-4 4.50883E-4 4.46606E-4 4.40939E-4 4.03025E-4 3.96898E-4 4.14958E-4 4.12712E-4 5.28903E-4 3.56318E-4 3.08537E-4 3.11748E-4 3.0728E-4 3.03334E-4 3.24951E-4 3.26969E-4 3.34645E-4 3.55927E-4 3.88117E-4 4.24265E-4 4.54017E-4 4.57554E-4 4.63833E-4 4.33519E-4 5.16757E-4 4.68168E-4 4.547E-4 4.22483E-4 3.82402E-4 3.3957E-4 3.1687E-4 3.05147E-4 2.98966E-4 2.83277E-4 2.81468E-4 2.98106E-4 3.1795E-4 3.25605E-4 3.30527E-4 3.50389E-4 -9999 -9999 -9999 -9999 -9999 -9999 -9999 -9999 -9999 -9999 -9999 -9999 -9999 -9999 -9999 -9999 -9999 -9999 -9999
1.25843E-4 1.97415E-4 1.85936E-4 1.85471E-4 2.3187E-4 2.60286E-4 2.61047E-4 2.67776E-4 2.32441E-4 2.67963E-4 2.64414E-4 2.44206E-4 2.81091E-4 2.87434E-4 2.91894E-4 2.90755E-4 2.62432E-4 2.28166E-4 2.10171E-4 2.13938E-4 2.51759E-4 3.01411E-4 3.16813E-4 3.28162E-4 3.42972E-4 3.67868E-4 3.96765E-4 4.2686E-4 4.57424E-4 7.38889E-4 6.72242E-4 4.99927E-4 4.62615E-4 4.17192E-4 3.76353E-4 3.55304E-4 3.30058E-4 3.27217E-4 3.21974E-4 3.09794E-4 2.94999E-4 3.00583E-4 3.05787E-4 3.01461E-4 2.87198E-4 2.97718E-4 3.16731E-4 -9999 -9999 -9999 -9999 -9999 -9999 -9999 -9999 -9999 -9999 -9999 -9999 -9999 -9999 -9999 -9999 -9999 -9999 -9999
2.7578E-5 2.75406E-5 2.79015E-5 2.9172E-5 2.86112E-5 2.70176E-5 2.55571E-5 2.54555E-5 2.59084E-5 2.56671E-5 2.64338E-5 2.80778E-5 2.93318E-5 3.10128E-5 3.2278E-5 2.71072E-5 2.40671E-5 2.29841E-5 2.2444E-5 2.31847E-5 7.37698E-5 1.90864E-4 2.29972E-4 2.77217E-4 3.2392E-4 3.48301E-4 3.47899E-4 3.72364E-4 4.04425E-4 4.37541E-4 4.44629E-4 4.49096E-4 4.04759E-4 3.63395E-4 3.38041E-4 3.2098E-4 3.23155E-4 3.28612E-4 3.23815E-4 3.17833E-4 3.08205E-4 3.21513E-4 3.25233E-4 3.05178E-4 2.80537E-4 2.88843E-4 2.92915E-4 3.0623E-4 3.26855E-4 -9999 -9999 -9999 -9999 -9999 -9999 -9999 -9999 -9999 -9999 -9999 -9999 -9999 -9999 -9999 -9999 -9999
2.61301E-5 2.49619E-5 2.55716E-5 2.63512E-5 2.65018E-5 2.57053E-5 2.51281E-5 2.43143E-5 2.44277E-5 2.35568E-5 2.43967E-5 2.43955E-5 2.46066E-5 2.5663E-5 2.76651E-5 2.44787E-5 2.64501E-5 3.24563E-5 2.71599E-5 2.35846E-5 2.52839E-5 2.69873E-5 6.15153E-5 1.8294E-4 2.13367E-4 2.20238E-4 2.3175E-4 2.53868E-4 2.74828E-4 3.14026E-4 3.16364E-4 2.94302E-4 2.84542E-4 3.05324E-4 2.99204E-4 2.90512E-4 3.07327E-4 3.38777E-4 3.45075E-4 3.3067E-4 3.43551E-4 3.34392E-4 3.31835E-4 2.99314E-4 2.84665E-4 2.97866E-4 2.92007E-4 2.8347E-4 3.00732E-4 -9999 -9999 -9999 -9999 -9999 -9999 -9999 -9999 -9999 -9999 -9999 -9999 -9999 -9999 -9999 -9999 -9999
2.70659E-5 2.47913E-5 2.48623E-5 2.65089E-5 3.13432E-5 2.57107E-5 2.51092E-5 2.3898E-5 2.26436E-5 2.20078E-5 2.23625E-5 2.32375E-5 2.35693E-5 2.40221E-5 2.43028E-5 2.37766E-5 3.39608E-5 3.28484E-5 2.64383E-5 2.31027E-5 2.43548E-5 2.71287E-5 3.64748E-5 3.06644E-5 3.44057E-5 4.63932E-5 5.33183E-5 8.11469E-5 1.053E-4 1.61169E-4 1.66072E-4 2.30557E-4 3.0528E-4 3.06278E-4 2.86333E-4 2.8205E-4 2.92327E-4 3.40633E-4 3.61299E-4 3.34874E-4 3.352E-4 3.27544E-4 3.24362E-4 3.06159E-4 3.09086E-4 2.73374E-4 3.00099E-4 2.87523E-4 -9999 -9999 -9999 -9999 -9999 -9999 -9999 -9999 -9999 -9999 -9999 -9999 -9999 -9999 -9999 -9999 -9999 -9999
2.8085E-5 2.46253E-5 2.31607E-5 2.51194E-5 2.49638E-5 2.44022E-5 2.38926E-5 2.21413E-5 2.05723E-5 2.07141E-5 2.06537E-5 2.2078E-5 2.34783E-5 2.4321E-5 4.14639E-5 2.29005E-5 2.39826E-5 2.40887E-5 2.5152E-5 2.55322E-5 2.90907E-5 4.32621E-5 3.06681E-5 2.98937E-5 4.26086E-5 3.30861E-5 3.92743E-5 5.77522E-5 4.21484E-5 1.03619E-4 9.78404E-5 2.59233E-4 3.54159E-4 3.14081E-4 2.96338E-4 2.87373E-4 3.28527E-4 3.6282E-4 3.62357E-4 3.46031E-4 4.8488E-4 3.39256E-4 3.52657E-4 3.38218E-4 3.2916E-4 3.21051E-4 3.1392E-4 3.06843E-4 -9999 -9999 -9999 -9999 -9999 -9999 -9999 -9999 -9999 -9999 -9999 -9999 -9999 -9999 -9999 -9999 -9999 -9999
3.6989E-5 2.51702E-5 2.33679E-5 2.23548E-5 2.24662E-5 2.22616E-5 2.24432E-5 2.10334E-5 2.05433E-5 2.11475E-5 2.17252E-5 2.11757E-5 2.1781E-5 2.31994E-5 2.34164E-5 2.24198E-5 2.35505E-5 2.47548E-5 2.497E-5 2.37333E-5 3.50463E-5 6.63911E-5 3.26045E-5 3.49311E-5 5.02807E-5 3.51379E-5 3.88414E-5 3.55905E-5 3.96402E-5 1.40437E-4 2.31965E-4 2.98283E-4 3.55054E-4 3.28003E-4 3.11104E-4 3.21837E-4 3.54063E-4 3.74343E-4 3.27065E-4 3.39208E-4 3.52538E-4 3.94643E-4 3.87946E-4 3.76112E-4 3.5218E-4 3.34479E-4 3.2268E-4 -9999 -9999 -9999 -9999 -9999 -9999 -9999 -9999 -9999 -9999 -9999 -9999 -9999 -9999 -9999 -9999 -9999 -9999 -9999
2.6016E-5 2.49869E-5 2.21133E-5 2.10883E-5 2.19949E-5 2.19572E-5 2.19057E-5 2.09915E-5 2.15097E-5 2.20044E-5 2.25011E-5 2.0186E-5 2.13796E-5 2.11986E-5 2.0605E-5 2.16811E-5 2.37751E-5 3.6451E-5 2.94929E-5 2.06058E-5 6.99054E-5 5.03998E-5 4.78982E-5 3.46435E-5 4.86267E-5 4.48071E-5 6.2189E-5 5.52186E-5 4.73074E-5 2.16555E-4 2.60542E-4 3.01858E-4 3.57923E-4 3.40351E-4 3.44874E-4 3.80772E-4 3.92456E-4 4.20085E-4 4.29246E-4 5.02163E-4 6.11176E-4 3.81903E-4 3.79664E-4 3.8351E-4 3.70124E-4 3.58497E-4 3.25214E-4 -9999 -9999 -9999 -9999 -9999 -9999 -9999 -9999 -9999 -9999 -9999 -9999 -9999 -9999 -9999 -9999 -9999 -9999 -9999
2.32097E-5 2.29716E-5 2.46963E-5 2.31172E-5 2.28619E-5 2.23222E-5 2.12087E-5 2.03866E-5 2.14389E-5 2.17199E-5 2.18213E-5 2.45764E-5 2.13832E-5 2.09285E-5 2.168E-5 2.34383E-5 2.64109E-5 3.65401E-5 2.97611E-5 3.08493E-5 6.04037E-5 5.14619E-5 6.14598E-5 4.36413E-5 6.66607E-5 9.77402E-5 1.14217E-4 1.25159E-4 1.34534E-4 2.27039E-4 2.82094E-4 3.08267E-4 3.54947E-4 3.45389E-4 3.54668E-4 3.98112E-4 3.85117E-4 3.77563E-4 2.99991E-4 3.55737E-4 3.56112E-4 4.01113E-4 3.824E-4 3.80256E-4 3.50305E-4 3.36451E-4 -9999 -9999 -9999 -9999 -9999 -9999 -9999 -9999 -9999 -9999 -9999 -9999 -9999 -9999 -9999 -9999 -9999 -9999 -9999 -9999
2.35867E-5 2.35589E-5 3.24961E-5 2.25608E-5 3.39105E-5 2.3681E-5 2.2004E-5 2.21837E-5 2.24611E-5 2.3671E-5 2.33011E-5 2.06004E-5 2.16426E-5 2.48844E-5 2.76225E-5 3.36635E-5 3.1447E-5 3.2865E-5 5.25784E-5 7.62857E-5 5.41893E-5 7.03926E-5 9.10211E-5 8.22459E-5 1.37271E-4 1.50118E-4 2.11023E-4 2.10602E-4 2.26139E-4 2.49269E-4 3.09671E-4 3.34546E-4 3.59704E-4 3.74524E-4 4.0227E-4 4.03262E-4 4.01592E-4 3.79145E-4 3.80733E-4 3.48166E-4 4.13249E-4 3.5433E-4 3.68925E-4 3.43659E-4 3.1242E-4 -9999 -9999 -9999 -9999 -9999 -9999 -9999 -9999 -9999 -9999 -9999 -9999 -9999 -9999 -9999 -9999 -9999 -9999 -9999 -9999 -9999
2.26885E-5 2.25602E-5 2.46149E-5 2.29873E-5 2.4151E-5 2.23339E-5 2.2929E-5 2.55334E-5 2.44827E-5 2.42827E-5 2.32296E-5 3.24407E-5 2.4095E-5 3.19685E-5 3.10585E-5 2.88515E-5 4.78018E-5 4.66787E-5 1.52471E-4 1.20357E-4 1.29213E-4 1.18212E-4 1.35695E-4 2.03611E-4 1.60516E-4 2.1607E-4 2.47436E-4 2.81398E-4 3.43065E-4 3.45131E-4 3.40617E-4 3.58274E-4 3.93689E-4 3.99918E-4 4.30979E-4 4.29313E-4 4.35405E-4 4.11666E-4 3.58654E-4 3.56683E-4 3.64083E-4 3.43592E-4 3.25021E-4 2.85499E-4 2.42181E-4 -9999 -9999 -9999 -9999 -9999 -9999 -9999 -9999 -9999 -9999 -9999 -9999 -9999 -9999 -9999 -9999 -9999 -9999 -9999 -9999 -9999
2.7551E-5 2.52834E-5 2.47836E-5 2.41406E-5 2.40143E-5 2.41262E-5 2.65622E-5 2.92203E-5 2.6786E-5 2.42072E-5 2.33589E-5 2.62209E-5 2.4516E-5 3.3825E-5 4.23137E-5 5.29594E-5 8.73945E-5 1.04917E-4 1.71747E-4 1.44499E-4 1.92509E-4 1.67547E-4 2.10152E-4 2.2996E-4 2.19884E-4 2.57075E-4 3.08502E-4 3.51523E-4 3.8208E-4 3.91052E-4 3.97057E-4 4.1805E-4 4.24078E-4 4.40467E-4 4.35519E-4 4.44577E-4 4.34476E-4 4.19263E-4 3.9225E-4 3.65009E-4 3.59431E-4 3.48057E-4 3.24258E-4 2.63947E-4 -9999 -9999 -9999 -9999 -9999 -9999 -9999 -9999 -9999 -9999 -9999 -9999 -9999 -9999 -9999 -9999 -9999 -9999 -9999 -9999 -9999 -9999
2.72173E-5 2.71285E-5 2.75758E-5 2.56943E-5 2.61509E-5 2.76977E-5 3.69892E-5 2.90759E-5 2.68137E-5 2.31949E-5 2.26425E-5 4.13127E-5 3.64838E-5 4.0423E-5 7.27861E-5 1.14703E-4 3.35375E-4 1.85342E-4 2.00162E-4 1.87247E-4 2.2971E-4 2.37424E-4 2.41198E-4 2.55013E-4 2.64481E-4 3.15944E-4 4.0172E-4 3.91529E-4 4.01145E-4 4.35225E-4 4.55731E-4 4.7643E-4 4.58595E-4 4.41754E-4 4.3119E-4 4.32122E-4 4.39057E-4 4.25992E-4 4.12944E-4 3.81412E-4 3.63904E-4 3.51911E-4 3.11168E-4 2.84578E-4 -9999 -9999 -9999 -9999 -9999 -9999 -9999 -9999 -9999 -9999 -9999 -9999 -9999 -9999 -9999 -9999 -9999 -9999 -9999 -9999 -9999 -9999
