catData/rasterBestHybridModels/Pbengalensis/RD_BM001_RM2_LQH/Pbengalensis_stddev.asc
ncols         409
nrows         350
xllcorner     60.897278365
yllcorner     5.843756025
cellsize      0.0892857
NODATA_value  -9999
[rows 0 to 28 of 350, columns 132 to 197 of 409]
-9999 -9999 -9999 -9999 -9999 -9999 -9999 -9999 -9999 -9999 -9999 -9999 -9999 -9999 -9999 -9999 -9999 -9999 -9999 -9999 -9999 5.88463E-5 5.74811E-5 -9999 -9999 -9999 -9999 -9999 -9999 -9999 -9999 -9999 -9999 -9999 -9999 -9999 -9999 -9999 -9999 -9999 -9999 -9999 -9999 -9999 -9999 -9999 -9999 -9999 -9999 -9999 -9999 -9999 -9999 -9999 -9999 -9999 -9999 -9999 -9999 -9999 -9999 -9999 -9999 -9999 -9999 -9999
-9999 -9999 -9999 -9999 -9999 -9999 -9999 -9999 -9999 -9999 -9999 -9999 -9999 -9999 -9999 -9999 -9999 -9999 5.58479E-5 5.46257E-5 5.83068E-5 5.93513E-5 5.24435E-5 5.22431E-5 5.63364E-5 -9999 5.47928E-5 5.79861E-5 5.73943E-5 -9999 -9999 -9999 -9999 -9999 -9999 -9999 -9999 -9999 -9999 -9999 -9999 -9999 -9999 -9999 -9999 -9999 -9999 -9999 -9999 -9999 -9999 -9999 -9999 -9999 -9999 -9999 -9999 -9999 -9999 -9999 -9999 -9999 -9999 -9999 -9999 -9999
-9999 -9999 -9999 -9999 -9999 -9999 -9999 -9999 4.98428E-5 5.17353E-5 5.32339E-5 5.3112E-5 5.22775E-5 5.27586E-5 -9999 -9999 5.31088E-5 5.46501E-5 5.54866E-5 5.23602E-5 4.86297E-5 4.51224E-5 4.33921E-5 5.32952E-5 5.44366E-5 4.69476E-5 4.64769E-5 4.9898E-5 5.36611E-5 5.87748E-5 -9999 -9999 -9999 -9999 -9999 -9999 -9999 -9999 -9999 -9999 -9999 -9999 -9999 -9999 -9999 -9999 -9999 -9999 -9999 -9999 -9999 -9999 -9999 -9999 -9999 -9999 -9999 -9999 -9999 -9999 -9999 -9999 -9999 -9999 -9999 -9999
5.78357E-5 5.72025E-5 5.65298E-5 5.35603E-5 5.24791E-5 5.17957E-5 5.00647E-5 4.96452E-5 4.92024E-5 4.72723E-5 4.89698E-5 5.10751E-5 5.3735E-5 5.40876E-5 4.73175E-5 4.99505E-5 5.09553E-5 4.659E-5 4.23394E-5 4.23384E-5 4.27009E-5 3.8838E-5 3.52981E-5 3.6869E-5 3.80439E-5 4.03263E-5 4.91889E-5 5.59307E-5 5.64302E-5 5.53954E-5 -9999 -9999 -9999 -9999 -9999 -9999 -9999 -9999 -9999 -9999 -9999 -9999 -9999 -9999 -9999 -9999 -9999 -9999 -9999 -9999 -9999 -9999 -9999 -9999 -9999 -9999 -9999 -9999 -9999 -9999 -9999 -9999 -9999 -9999 -9999 -9999
5.74304E-5 5.6887E-5 5.33334E-5 5.26744E-5 5.43411E-5 5.64372E-5 5.55302E-5 4.75824E-5 4.35737E-5 4.79167E-5 5.38393E-5 5.03722E-5 4.89511E-5 5.09013E-5 4.48202E-5 4.46207E-5 4.839E-5 5.14031E-5 5.33592E-5 5.73178E-5 5.35291E-5 4.91651E-5 3.92622E-5 2.95241E-5 3.30596E-5 5.11844E-5 5.2512E-5 4.82171E-5 5.2934E-5 5.44677E-5 5.85987E-5 6.11924E-5 6.07058E-5 5.89091E-5 6.0226E-5 -9999 -9999 -9999 -9999 -9999 -9999 -9999 -9999 -9999 -9999 -9999 -9999 -9999 -9999 -9999 -9999 -9999 -9999 -9999 -9999 -9999 -9999 -9999 -9999 -9999 -9999 -9999 -9999 -9999 -9999 -9999
5.66035E-5 5.45382E-5 5.24662E-5 5.19759E-5 5.02755E-5 4.75192E-5 4.38517E-5 4.11371E-5 3.67828E-5 3.93209E-5 4.11034E-5 3.40989E-5 3.26711E-5 3.40177E-5 3.80828E-5 3.97879E-5 4.02996E-5 5.32009E-5 6.93022E-5 6.73278E-5 5.37032E-5 4.28155E-5 4.71355E-5 2.91741E-5 2.71098E-5 3.90601E-5 5.3942E-5 5.52379E-5 5.30496E-5 5.71819E-5 5.52306E-5 5.83031E-5 5.98919E-5 6.10704E-5 6.14251E-5 5.9741E-5 -9999 -9999 -9999 -9999 -9999 -9999 -9999 -9999 -9999 -9999 -9999 -9999 -9999 -9999 -9999 -9999 -9999 -9999 -9999 -9999 -9999 -9999 -9999 -9999 -9999 -9999 -9999 -9999 -9999 -9999
5.32512E-5 5.14663E-5 5.2415E-5 5.04757E-5 4.71188E-5 4.08628E-5 3.69909E-5 3.50183E-5 3.23282E-5 4.10343E-5 3.88635E-5 3.19288E-5 2.60346E-5 2.6965E-5 3.16021E-5 3.80273E-5 4.71778E-5 4.00865E-5 4.56238E-5 6.85739E-5 9.04344E-5 6.68422E-5 4.1976E-5 2.75088E-5 2.82216E-5 3.20559E-5 3.16503E-5 4.40207E-5 4.74749E-5 5.29453E-5 5.39608E-5 5.57418E-5 5.66446E-5 5.94851E-5 6.08E-5 6.0151E-5 -9999 -9999 -9999 -9999 -9999 -9999 -9999 -9999 -9999 -9999 -9999 -9999 -9999 -9999 -9999 -9999 -9999 -9999 -9999 -9999 -9999 -9999 -9999 -9999 -9999 -9999 -9999 -9999 -9999 -9999
5.25595E-5 5.26385E-5 5.31574E-5 4.86707E-5 4.56684E-5 3.9499E-5 3.17503E-5 2.71888E-5 2.6529E-5 3.62861E-5 4.2534E-5 4.0505E-5 2.36999E-5 2.21854E-5 3.52379E-5 4.93866E-5 4.30241E-5 2.8852E-5 3.25765E-5 5.06297E-5 5.4814E-5 7.77015E-5 8.00533E-5 4.08241E-5 2.43374E-5 3.94582E-5 4.71379E-5 4.85736E-5 4.25566E-5 4.42547E-5 4.44877E-5 5.03938E-5 5.49124E-5 5.80615E-5 5.88613E-5 5.91796E-5 5.96446E-5 -9999 -9999 -9999 -9999 -9999 -9999 -9999 -9999 -9999 -9999 -9999 -9999 -9999 -9999 -9999 -9999 -9999 -9999 -9999 -9999 -9999 -9999 -9999 -9999 -9999 -9999 -9999 -9999 -9999
5.37021E-5 5.18926E-5 4.86178E-5 4.73577E-5 4.54227E-5 3.98932E-5 3.28869E-5 2.6194E-5 3.28402E-5 3.4096E-5 2.61326E-5 3.52526E-5 2.35204E-5 2.35849E-5 4.26399E-5 4.58156E-5 3.47523E-5 2.2929E-5 2.20141E-5 4.07371E-5 3.96624E-5 1.23435E-4 1.7578E-4 3.78426E-5 2.80509E-5 7.06239E-5 8.43734E-5 7.60871E-5 7.08257E-5 5.567E-5 4.58215E-5 4.96894E-5 5.59762E-5 5.74831E-5 5.6629E-5 5.80609E-5 5.91244E-5 -9999 -9999 -9999 -9999 -9999 -9999 -9999 -9999 -9999 -9999 -9999 -9999 -9999 -9999 -9999 -9999 -9999 -9999 -9999 -9999 -9999 -9999 -9999 -9999 -9999 -9999 -9999 -9999 -9999
5.18937E-5 5.05958E-5 4.77116E-5 4.42619E-5 4.17944E-5 3.63173E-5 3.25051E-5 2.62832E-5 2.53515E-5 2.52464E-5 3.01729E-5 2.95195E-5 2.9807E-5 3.84616E-5 4.30037E-5 3.8272E-5 3.37104E-5 2.22465E-5 2.0817E-5 2.56836E-5 3.02804E-5 3.54056E-5 3.63918E-5 2.81794E-5 3.06051E-5 4.71604E-5 6.76155E-5 6.16878E-5 7.77311E-5 6.68376E-5 5.86424E-5 5.34295E-5 5.61437E-5 5.7403E-5 5.77873E-5 5.78916E-5 5.9493E-5 -9999 -9999 -9999 -9999 -9999 -9999 -9999 -9999 -9999 -9999 -9999 -9999 -9999 -9999 -9999 -9999 -9999 -9999 -9999 -9999 -9999 -9999 -9999 -9999 -9999 -9999 -9999 -9999 -9999
4.89941E-5 4.92508E-5 4.6092E-5 4.26614E-5 4.03437E-5 3.69448E-5 3.05571E-5 2.90798E-5 2.99229E-5 2.87309E-5 4.97689E-5 5.68773E-5 9.26025E-5 2.80996E-5 2.3938E-5 2.32423E-5 2.94663E-5 2.25437E-5 2.15223E-5 3.25575E-5 4.12065E-5 5.24523E-5 5.59818E-5 3.81448E-5 3.12978E-5 4.637E-5 4.3285E-5 4.32617E-5 5.34251E-5 5.67883E-5 6.04419E-5 6.00261E-5 6.00159E-5 6.06551E-5 5.97475E-5 5.76489E-5 -9999 -9999 -9999 -9999 -9999 -9999 -9999 -9999 -9999 -9999 -9999 -9999 -9999 -9999 -9999 -9999 -9999 -9999 -9999 -9999 -9999 -9999 -9999 -9999 -9999 -9999 -9999 -9999 -9999 -9999
4.66145E-5 4.96234E-5 4.8783E-5 4.36335E-5 4.02635E-5 4.11904E-5 3.68981E-5 3.0853E-5 3.70622E-5 4.69656E-5 5.50837E-5 4.8489E-5 3.31238E-5 2.68692E-5 2.34314E-5 2.12208E-5 2.15562E-5 2.233E-5 2.20831E-5 3.56441E-5 3.28433E-5 3.35344E-5 4.72875E-5 6.38404E-5 6.16044E-5 6.71922E-5 4.95355E-5 5.08247E-5 4.96994E-5 5.12734E-5 5.38729E-5 5.65614E-5 5.70361E-5 5.90382E-5 5.89713E-5 5.70766E-5 5.79929E-5 -9999 -9999 -9999 -9999 -9999 -9999 -9999 -9999 -9999 -9999 -9999 -9999 -9999 -9999 -9999 -9999 -9999 -9999 -9999 -9999 -9999 -9999 -9999 -9999 -9999 -9999 -9999 -9999 -9999
4.45701E-5 5.33125E-5 5.09336E-5 4.59013E-5 4.4574E-5 4.19963E-5 4.2489E-5 3.99352E-5 3.31999E-5 3.62584E-5 3.74845E-5 4.53267E-5 3.37814E-5 3.66376E-5 3.25949E-5 2.84893E-5 2.44116E-5 3.20348E-5 3.32292E-5 2.58428E-5 2.37627E-5 3.26108E-5 3.23021E-5 3.08852E-5 5.06201E-5 7.09489E-5 4.58145E-5 4.24443E-5 4.85938E-5 4.58838E-5 4.95826E-5 5.19249E-5 5.27995E-5 5.46989E-5 5.66961E-5 5.47602E-5 5.53774E-5 5.32417E-5 6.69952E-5 -9999 -9999 -9999 -9999 -9999 -9999 -9999 -9999 -9999 -9999 -9999 -9999 -9999 -9999 -9999 -9999 -9999 -9999 -9999 -9999 -9999 -9999 -9999 -9999 -9999 -9999 -9999
4.60918E-5 5.03475E-5 4.97673E-5 4.75459E-5 4.80799E-5 4.37517E-5 3.9206E-5 3.55427E-5 3.41103E-5 3.5186E-5 3.14808E-5 3.72325E-5 3.65702E-5 3.70411E-5 3.6629E-5 3.42446E-5 3.17302E-5 3.20259E-5 8.97695E-5 2.92309E-5 2.41757E-5 2.11336E-5 2.32953E-5 2.98138E-5 3.76064E-5 5.76317E-5 5.01048E-5 4.58444E-5 4.41541E-5 4.52524E-5 4.43423E-5 4.7575E-5 5.04345E-5 4.92625E-5 4.95366E-5 5.51167E-5 4.94425E-5 5.51373E-5 7.15346E-5 -9999 -9999 -9999 -9999 -9999 -9999 -9999 -9999 -9999 -9999 -9999 -9999 -9999 -9999 -9999 -9999 -9999 -9999 -9999 -9999 -9999 -9999 -9999 -9999 -9999 -9999 -9999
4.35564E-5 4.52734E-5 4.65015E-5 4.24571E-5 4.05841E-5 4.04535E-5 3.60455E-5 3.4034E-5 3.40442E-5 3.37651E-5 2.82815E-5 2.7506E-5 3.60284E-5 3.16021E-5 2.77758E-5 3.73605E-5 4.03938E-5 3.95437E-5 3.50805E-5 2.75172E-5 2.10121E-5 2.16094E-5 2.27237E-5 2.95092E-5 4.18457E-5 5.15594E-5 3.91773E-5 4.77794E-5 4.69175E-5 4.37238E-5 4.06463E-5 4.58946E-5 4.14376E-5 4.76176E-5 4.67488E-5 4.8501E-5 4.4873E-5 6.23719E-5 6.18342E-5 6.10786E-5 5.75041E-5 6.2223E-5 6.66701E-5 -9999 -9999 -9999 -9999 -9999 -9999 -9999 -9999 -9999 -9999 -9999 -9999 -9999 -9999 -9999 -9999 -9999 -9999 -9999 -9999 -9999 -9999 -9999
3.73976E-5 3.85815E-5 3.83346E-5 3.49826E-5 3.64055E-5 3.73586E-5 3.09912E-5 2.89356E-5 2.93944E-5 3.07418E-5 3.03527E-5 3.21945E-5 2.7944E-5 2.49354E-5 2.31108E-5 3.13291E-5 3.80757E-5 3.69038E-5 3.18399E-5 2.84458E-5 2.29808E-5 2.20783E-5 2.47169E-5 2.62639E-5 2.75295E-5 3.32144E-5 3.00476E-5 4.18081E-5 3.88526E-5 3.91001E-5 3.36832E-5 3.15865E-5 2.88926E-5 2.95973E-5 3.35577E-5 3.53214E-5 3.93266E-5 5.47834E-5 4.8278E-5 4.56143E-5 4.82943E-5 4.96819E-5 5.28973E-5 5.78412E-5 6.8876E-5 -9999 -9999 -9999 -9999 -9999 -9999 -9999 -9999 -9999 -9999 -9999 -9999 -9999 -9999 -9999 -9999 -9999 -9999 -9999 -9999 -9999
3.04423E-5 3.90164E-5 3.36055E-5 3.15454E-5 3.28122E-5 3.22527E-5 2.78456E-5 2.56248E-5 2.30829E-5 2.3976E-5 2.61449E-5 2.06254E-5 1.73648E-5 2.3809E-5 2.09601E-5 1.94283E-5 2.74134E-5 3.16374E-5 3.82464E-5 3.5319E-5 2.48074E-5 2.27563E-5 2.40594E-5 3.86353E-5 3.30777E-5 2.47666E-5 2.43396E-5 2.64258E-5 2.92438E-5 3.06739E-5 2.88647E-5 2.79695E-5 2.91407E-5 5.25597E-5 4.85715E-5 3.92701E-5 4.15891E-5 3.54846E-5 4.83079E-5 6.86347E-5 7.67985E-5 6.002E-5 6.99603E-5 7.57684E-5 6.95153E-5 6.72971E-5 6.53142E-5 -9999 -9999 -9999 -9999 -9999 -9999 -9999 -9999 -9999 -9999 -9999 -9999 -9999 -9999 -9999 -9999 -9999 -9999 -9999
3.02786E-5 3.60543E-5 2.98389E-5 2.95195E-5 2.38112E-5 1.94759E-5 1.78844E-5 2.12972E-5 2.27112E-5 2.76919E-5 2.67652E-5 2.76066E-5 1.30209E-5 2.58066E-5 3.13046E-5 2.63401E-5 2.58814E-5 2.11035E-5 2.68419E-5 2.85226E-5 2.16647E-5 2.14967E-5 2.17209E-5 2.70508E-5 4.34886E-5 4.01938E-5 3.26505E-5 2.64156E-5 2.60786E-5 2.81221E-5 2.80984E-5 2.67958E-5 2.47963E-5 2.47943E-5 3.14151E-5 5.04386E-5 6.22619E-5 5.2494E-5 5.42939E-5 5.84934E-5 5.17692E-5 3.6463E-5 5.29722E-5 6.44643E-5 5.4143E-5 6.39383E-5 7.24924E-5 5.98808E-5 5.85308E-5 6.73366E-5 -9999 -9999 -9999 -9999 -9999 -9999 -9999 -9999 -9999 -9999 -9999 -9999 -9999 -9999 -9999 -9999
3.51945E-5 3.45009E-5 2.42892E-5 2.15145E-5 2.12876E-5 2.4757E-5 2.49938E-5 2.6068E-5 2.12153E-5 1.91995E-5 1.69599E-5 1.86906E-5 2.8711E-5 2.30748E-5 2.45172E-5 5.49938E-5 4.61991E-5 3.2018E-5 2.56616E-5 2.22376E-5 2.1463E-5 2.24132E-5 3.23065E-5 2.77814E-5 3.71392E-5 4.96201E-5 5.61512E-5 5.16992E-5 5.08822E-5 2.97609E-5 2.36084E-5 2.5782E-5 2.64326E-5 2.49085E-5 2.44039E-5 3.41668E-5 5.277E-5 4.67901E-5 4.80046E-5 6.70034E-5 4.42812E-5 3.43109E-5 6.22232E-5 5.56449E-5 4.44061E-5 5.67113E-5 7.05055E-5 6.6694E-5 5.78454E-5 5.67943E-5 6.36401E-5 7.13825E-5 7.2032E-5 6.88456E-5 6.5398E-5 6.38493E-5 6.36783E-5 6.20623E-5 -9999 6.39351E-5 -9999 -9999 -9999 -9999 -9999 -9999
3.38822E-5 3.60118E-5 2.83535E-5 2.5134E-5 2.13556E-5 2.85674E-5 3.14966E-5 3.59191E-5 4.23488E-5 4.00891E-5 2.61992E-5 2.66128E-5 2.11883E-5 1.93741E-5 2.461E-5 3.41081E-5 3.42074E-5 2.5838E-5 2.30454E-5 1.7949E-5 2.73241E-5 4.64926E-5 5.71424E-5 4.19936E-5 2.21672E-4 4.337E-5 4.63311E-5 5.83301E-5 5.48428E-5 4.16732E-5 2.88698E-5 2.62824E-5 2.96256E-5 2.9253E-5 2.65251E-5 3.01019E-5 4.71073E-5 5.19998E-5 3.27932E-5 5.49972E-5 5.1427E-5 3.15888E-5 5.72014E-5 5.3004E-5 3.62058E-5 4.51612E-5 6.26354E-5 7.41819E-5 7.35685E-5 5.89073E-5 5.75827E-5 6.93778E-5 7.60703E-5 7.30917E-5 6.54891E-5 6.31112E-5 6.24625E-5 6.20486E-5 6.29025E-5 -9999 -9999 -9999 -9999 -9999 -9999 -9999
3.02773E-5 3.14038E-5 2.92938E-5 2.32583E-5 1.9986E-5 3.12293E-5 8.29188E-5 3.82666E-5 3.57164E-5 3.3219E-5 3.0441E-5 3.08608E-5 2.68558E-5 2.59442E-5 2.44182E-5 2.6067E-5 2.30952E-5 2.18874E-5 2.40977E-5 3.31002E-5 5.94215E-5 7.16334E-5 4.75495E-5 3.45486E-5 3.15327E-5 4.72749E-5 4.64389E-5 4.72948E-5 4.85422E-5 4.52459E-5 4.74542E-5 3.63884E-5 5.93059E-5 7.62085E-5 3.20839E-5 2.36918E-5 2.61936E-5 3.75298E-5 2.64276E-5 2.83213E-5 4.21555E-5 2.98431E-5 3.549E-5 3.08355E-5 3.06782E-5 3.98585E-5 5.14724E-5 6.70946E-5 8.00866E-5 6.49813E-5 4.88237E-5 5.82028E-5 7.18845E-5 7.22517E-5 7.01366E-5 6.46952E-5 6.11466E-5 6.21475E-5 6.34115E-5 -9999 -9999 -9999 -9999 -9999 -9999 -9999
2.79451E-5 2.81935E-5 2.49947E-5 1.71666E-5 2.32835E-5 2.39964E-5 2.47366E-5 2.78573E-5 2.95077E-5 2.75132E-5 2.88821E-5 3.27072E-5 3.18094E-5 3.12444E-5 3.19578E-5 2.93672E-5 2.81122E-5 2.67434E-5 3.53711E-5 5.15297E-5 6.10299E-5 4.87395E-5 3.16884E-5 2.49716E-5 3.10817E-5 3.01197E-5 3.26195E-5 4.09155E-5 4.69474E-5 5.08122E-5 5.26616E-5 5.16934E-5 4.27894E-5 5.06353E-5 4.61273E-5 2.50542E-5 2.17035E-5 2.37942E-5 2.80895E-5 3.36525E-5 7.8255E-5 7.68285E-5 2.97459E-5 3.23239E-5 3.78773E-5 4.64639E-5 4.69094E-5 6.19481E-5 7.41922E-5 6.57415E-5 4.49288E-5 5.50775E-5 6.4334E-5 6.91505E-5 7.39695E-5 6.57045E-5 6.13205E-5 6.32311E-5 6.36787E-5 6.4327E-5 -9999 -9999 -9999 -9999 -9999 -9999
3.13012E-5 2.29346E-5 2.23586E-5 2.41132E-5 2.23116E-5 1.76631E-5 2.23321E-5 3.08739E-5 2.91483E-5 3.58072E-5 3.20843E-5 3.4743E-5 3.23385E-5 3.5773E-5 2.96543E-5 3.20436E-5 3.2759E-5 3.39427E-5 3.93657E-5 4.28763E-5 4.54087E-5 4.14746E-5 3.27773E-5 2.47599E-5 3.06638E-5 3.38159E-5 3.05662E-5 3.79865E-5 4.21473E-5 4.05045E-5 3.95938E-5 4.14452E-5 4.44805E-5 4.94464E-5 4.57956E-5 3.55152E-5 2.50538E-5 2.44503E-5 3.10367E-5 5.81931E-5 6.74097E-5 5.07859E-5 3.37911E-5 4.74372E-5 6.27294E-5 5.95941E-5 6.29108E-5 7.14568E-5 7.80066E-5 7.86391E-5 6.02E-5 4.74257E-5 5.37686E-5 6.74867E-5 6.77328E-5 6.45454E-5 6.22661E-5 6.20292E-5 6.25605E-5 6.32878E-5 -9999 -9999 -9999 -9999 -9999 -9999
2.59869E-5 2.36328E-5 2.59581E-5 2.24271E-5 1.9511E-5 2.22783E-5 2.59354E-5 2.8181E-5 2.83951E-5 3.39543E-5 3.44356E-5 3.46177E-5 3.0375E-5 3.32123E-5 3.11833E-5 3.05701E-5 3.36949E-5 3.54373E-5 3.32445E-5 3.61055E-5 3.80659E-5 3.6408E-5 3.37364E-5 2.81469E-5 2.51104E-5 2.86268E-5 3.5182E-5 3.59125E-5 4.01695E-5 3.60282E-5 3.36018E-5 3.71628E-5 4.51264E-5 5.11217E-5 5.41176E-5 4.92635E-5 3.3772E-5 3.10017E-5 2.68028E-5 3.06811E-5 5.34956E-5 6.77773E-5 4.00627E-5 3.31369E-5 5.40586E-5 6.15657E-5 7.2834E-5 8.15798E-5 7.80248E-5 7.63211E-5 7.23947E-5 6.02048E-5 4.26817E-5 5.19277E-5 5.92906E-5 6.21166E-5 6.32076E-5 6.2267E-5 6.17601E-5 6.06167E-5 6.22618E-5 -9999 -9999 -9999 -9999 -9999
3.51826E-5 3.00597E-5 2.70378E-5 2.08924E-5 1.81316E-5 2.54601E-5 2.58479E-5 2.65719E-5 3.17114E-5 3.33412E-5 3.19601E-5 3.00963E-5 2.94499E-5 3.19906E-5 2.76215E-5 2.85692E-5 3.09505E-5 3.38445E-5 3.65132E-5 3.80711E-5 3.70719E-5 3.34761E-5 3.64309E-5 3.2773E-5 2.85446E-5 3.21142E-5 3.75737E-5 3.92139E-5 3.87786E-5 3.52771E-5 3.6699E-5 3.74924E-5 4.35556E-5 4.91318E-5 5.22109E-5 5.25623E-5 5.08356E-5 4.62795E-5 2.62682E-5 2.29772E-5 4.56396E-5 6.06589E-5 5.04176E-5 4.12933E-5 5.04263E-5 7.85535E-5 9.33755E-5 6.52185E-5 6.70199E-5 5.93572E-5 5.6779E-5 7.25121E-5 5.76819E-5 4.11895E-5 5.61093E-5 6.39852E-5 6.74035E-5 6.65793E-5 6.45569E-5 6.30407E-5 6.00512E-5 -9999 -9999 -9999 -9999 -9999
3.15703E-5 2.6611E-5 3.12131E-5 3.20581E-5 2.48046E-5 2.62563E-5 2.71812E-5 2.64729E-5 2.80418E-5 3.03214E-5 2.82353E-5 3.08975E-5 3.03915E-5 3.45547E-5 2.69141E-5 2.41543E-5 2.5225E-5 2.89323E-5 3.31367E-5 3.18862E-5 3.13761E-5 3.1685E-5 2.99612E-5 3.05497E-5 3.27806E-5 3.59488E-5 3.79605E-5 3.77935E-5 4.10614E-5 4.01217E-5 4.13377E-5 4.3309E-5 4.37317E-5 4.19641E-5 4.61322E-5 4.81965E-5 5.64392E-5 4.99063E-5 2.71455E-5 2.30376E-5 4.31884E-5 5.61382E-5 6.46825E-5 6.61189E-5 7.41442E-5 6.42076E-5 4.98537E-5 4.16619E-5 3.85899E-5 3.19015E-5 4.23471E-5 6.59156E-5 6.74181E-5 4.76188E-5 4.56911E-5 6.22983E-5 7.10847E-5 7.44754E-5 6.85638E-5 6.54496E-5 6.20811E-5 5.83329E-5 -9999 -9999 -9999 -9999
2.64042E-5 2.9323E-5 3.19178E-5 3.86317E-5 3.30961E-5 2.5137E-5 2.35224E-5 2.38822E-5 2.22893E-5 2.3215E-5 2.61018E-5 3.0375E-5 2.96087E-5 2.81136E-5 2.42152E-5 2.28008E-5 2.31175E-5 2.45931E-5 2.79619E-5 2.42116E-5 2.40591E-5 2.65547E-5 2.59514E-5 2.39192E-5 2.88765E-5 3.01423E-5 3.23296E-5 3.52209E-5 4.01702E-5 4.35041E-5 4.31151E-5 4.4158E-5 4.14337E-5 3.80601E-5 3.6672E-5 3.91501E-5 5.54568E-5 5.21748E-5 2.83411E-5 2.5598E-5 2.90518E-5 4.54732E-5 5.05809E-5 6.21824E-5 7.12367E-5 7.6111E-5 6.57738E-5 5.15502E-5 5.82625E-5 4.3154E-5 3.50087E-5 3.66369E-5 4.3856E-5 5.31551E-5 3.93861E-5 5.37548E-5 6.83996E-5 7.53673E-5 7.22117E-5 6.63655E-5 6.00347E-5 5.85173E-5 -9999 -9999 -9999 -9999
2.69787E-5 3.15775E-5 3.03924E-5 5.65349E-5 3.51571E-5 2.80961E-5 2.29645E-5 2.15518E-5 2.12608E-5 2.25141E-5 2.68583E-5 3.00928E-5 2.87271E-5 3.22059E-5 2.81422E-5 2.30863E-5 1.97228E-5 1.97453E-5 2.05051E-5 1.97136E-5 2.22473E-5 2.53106E-5 2.43317E-5 2.41583E-5 2.43875E-5 2.57505E-5 3.00004E-5 3.28032E-5 3.98369E-5 4.35791E-5 4.49501E-5 4.17763E-5 3.76525E-5 3.51849E-5 3.03267E-5 2.90574E-5 3.36067E-5 3.56265E-5 3.36272E-5 4.66992E-5 3.30024E-5 2.71239E-5 2.97444E-5 3.78898E-5 4.57808E-5 6.75191E-5 6.99112E-5 6.73377E-5 7.22674E-5 5.65532E-5 5.60963E-5 4.25709E-5 3.93763E-5 3.48504E-5 3.41322E-5 3.77056E-5 6.5841E-5 7.33173E-5 7.93219E-5 7.43098E-5 6.75068E-5 5.80009E-5 6.22386E-5 6.6417E-5 -9999 -9999
2.64295E-5 2.39641E-5 2.75366E-5 2.7764E-5 2.77931E-5 2.92748E-5 2.99271E-5 2.72339E-5 1.9376E-5 1.99248E-5 2.58882E-5 2.71201E-5 2.90828E-5 1.44087E-4 3.12826E-5 2.46028E-5 2.19102E-5 2.24924E-5 1.81312E-5 1.79093E-5 2.46173E-5 2.76899E-5 2.70806E-5 2.94677E-5 2.4475E-5 2.30352E-5 2.72504E-5 3.04735E-5 3.25625E-5 3.81511E-5 4.57601E-5 4.48707E-5 4.51154E-5 4.79476E-5 4.90462E-5 5.55185E-5 3.588E-5 4.84286E-5 2.65502E-4 3.68015E-5 4.07749E-5 3.39294E-5 2.8371E-5 2.7941E-5 3.32744E-5 5.36775E-5 6.54878E-5 7.10088E-5 7.20576E-5 6.38581E-5 6.2076E-5 6.14681E-5 5.83897E-5 3.44245E-5 3.05066E-5 2.99759E-5 4.47262E-5 7.26261E-5 7.75721E-5 7.73394E-5 7.10791E-5 5.83309E-5 6.16555E-5 6.62272E-5 6.75511E-5 6.72785E-5
