catData/rasterBestHybridModels/Pbengalensis/RD_BM001_RM2_LQH/Pbengalensis_min.asc
ncols         409
nrows         350
xllcorner     60.897278365
yllcorner     5.843756025
cellsize      0.0892857
NODATA_value  -9999
[rows 116 to 144 of 350, columns 198 to 263 of 409]
3.02525E-5 3.05863E-5 3.21824E-5 3.26393E-5 3.34319E-5 3.24671E-5 3.0713E-5 3.25395E-5 3.40537E-5 3.28015E-5 3.5309E-5 3.10339E-5 3.38955E-5 3.44158E-5 3.4421E-5 3.51716E-5 3.565E-5 3.48499E-5 5.07154E-5 3.69528E-5 4.09371E-5 3.87054E-5 4.70834E-5 4.27461E-5 4.18571E-5 4.11154E-5 4.38111E-5 4.68145E-5 5.28266E-5 4.63322E-5 4.84366E-5 4.44981E-5 4.29949E-5 4.366E-5 4.36081E-5 4.14299E-5 4.20381E-5 4.3331E-5 4.57976E-5 4.76873E-5 4.87939E-5 4.92435E-5 5.01301E-5 5.21201E-5 4.9816E-5 4.81932E-5 4.84435E-5 4.68144E-5 4.77687E-5 4.56794E-5 4.62814E-5 4.87134E-5 4.27625E-5 5.07826E-5 5.51716E-5 4.93507E-5 5.24901E-5 6.07413E-5 6.01704E-5 5.32376E-5 4.74611E-5 4.79541E-5 4.76001E-5 4.87995E-5 5.201E-5 6.04066E-5
3.24732E-5 3.11647E-5 3.16302E-5 3.30455E-5 3.34772E-5 4.26412E-5 3.0565E-5 3.02497E-5 3.22114E-5 3.34547E-5 4.67681E-5 3.32409E-5 3.72336E-5 3.76862E-5 3.63486E-5 3.47336E-5 3.45227E-5 3.42577E-5 3.78711E-5 4.28812E-5 4.08808E-5 3.94861E-5 3.72654E-5 3.98619E-5 3.94305E-5 4.17071E-5 4.10998E-5 4.486E-5 5.14823E-5 4.96468E-5 4.34412E-5 4.16853E-5 4.08389E-5 4.11228E-5 4.21329E-5 4.08199E-5 4.15426E-5 4.23646E-5 4.71528E-5 4.77092E-5 5.43684E-5 5.33142E-5 5.14263E-5 5.23836E-5 5.24921E-5 5.58631E-5 5.06885E-5 4.42475E-5 3.81372E-5 3.97673E-5 4.48334E-5 4.29202E-5 4.22108E-5 4.94093E-5 4.43904E-5 4.16946E-5 4.44075E-5 4.80894E-5 5.56381E-5 5.52194E-5 4.9938E-5 4.57761E-5 4.32626E-5 4.80906E-5 5.02411E-5 5.18208E-5
3.11241E-5 3.04284E-5 3.10386E-5 3.08588E-5 2.35142E-5 1.67627E-5 4.15747E-5 3.03969E-5 2.95857E-5 3.25962E-5 3.10513E-5 2.86365E-5 3.63461E-5 3.66673E-5 3.4349E-5 3.43782E-5 3.57899E-5 3.64517E-5 3.39443E-5 3.51117E-5 3.19052E-5 3.80084E-5 3.6106E-5 3.46108E-5 4.10359E-5 3.98693E-5 3.76204E-5 4.08132E-5 4.40805E-5 4.3503E-5 4.21243E-5 4.12449E-5 4.04051E-5 3.98661E-5 4.32615E-5 3.23606E-5 4.07666E-5 4.07315E-5 4.46402E-5 4.70016E-5 5.08824E-5 4.56409E-5 5.01154E-5 5.02779E-5 5.68629E-5 5.29914E-5 5.96686E-5 4.67461E-5 4.54278E-5 4.01554E-5 3.6391E-5 3.70213E-5 4.0348E-5 4.79707E-5 2.1258E-5 4.36047E-5 4.37559E-5 4.54061E-5 5.46133E-5 5.26968E-5 4.74183E-5 4.35988E-5 4.27687E-5 4.73731E-5 5.51859E-5 6.09705E-5
2.91089E-5 3.05272E-5 2.71947E-5 2.31104E-5 2.88066E-5 5.58308E-6 2.02461E-5 2.29908E-5 2.04687E-5 2.33916E-5 3.30819E-5 3.31996E-5 3.31163E-5 3.23957E-5 3.31681E-5 3.40359E-5 3.36511E-5 3.07975E-5 3.54991E-5 4.405E-5 3.1876E-5 3.58091E-5 3.66658E-5 4.16219E-5 4.00408E-5 3.73994E-5 3.71317E-5 4.16575E-5 4.14517E-5 5.00304E-5 4.47364E-5 4.33899E-5 3.98015E-5 4.028E-5 4.06876E-5 4.09646E-5 3.056E-5 4.01435E-5 3.99183E-5 4.12732E-5 4.129E-5 4.37682E-5 4.43649E-5 4.73959E-5 4.99978E-5 4.89026E-5 4.97423E-5 4.59149E-5 4.51228E-5 4.44008E-5 3.4134E-5 4.03893E-5 3.81841E-5 3.85705E-5 3.61808E-5 3.558E-5 4.73067E-5 4.27291E-5 4.10916E-5 4.02487E-5 3.73174E-5 3.93812E-5 4.42535E-5 4.43619E-5 4.69021E-5 5.94569E-5
2.80365E-5 2.98577E-5 2.10103E-5 2.59282E-5 2.00317E-5 1.97173E-5 1.1674E-5 3.20303E-5 3.3357E-5 1.54801E-5 3.38573E-5 2.15364E-5 3.08755E-5 3.39729E-5 2.82384E-5 2.88883E-5 3.07679E-5 3.10291E-5 3.36125E-5 3.47221E-5 3.52629E-5 3.44004E-5 3.49482E-5 3.65819E-5 3.68423E-5 3.80453E-5 2.12968E-5 2.85151E-5 4.07008E-5 4.30463E-5 4.32139E-5 4.19081E-5 4.2364E-5 4.32793E-5 4.66407E-5 4.32833E-5 3.71609E-5 4.17933E-5 4.41675E-5 3.07808E-5 4.07807E-5 4.0733E-5 4.22635E-5 4.40776E-5 4.54853E-5 4.58106E-5 4.84513E-5 4.64524E-5 4.67372E-5 4.72589E-5 4.31729E-5 4.63935E-5 4.58708E-5 7.0891E-5 3.75837E-5 3.26367E-5 3.64619E-5 3.40507E-5 3.55931E-5 3.46104E-5 3.71542E-5 4.11802E-5 4.66318E-5 4.42008E-5 4.37983E-5 4.39116E-5
1.84537E-5 2.90905E-5 2.15427E-5 1.70777E-5 1.75079E-5 9.88858E-6 2.10649E-5 3.2509E-5 3.20203E-5 1.33931E-5 1.26072E-5 2.0077E-5 3.54071E-5 3.04804E-5 3.27727E-5 2.32359E-5 3.33504E-5 3.39898E-5 2.98985E-5 3.00014E-5 3.30005E-5 3.24019E-5 4.1207E-5 3.5058E-5 3.62161E-5 3.74574E-5 3.48684E-5 3.22421E-5 3.96236E-5 3.1564E-5 3.40127E-5 4.05498E-5 3.86566E-5 3.96464E-5 3.86749E-5 3.85679E-5 2.66956E-5 1.2124E-5 3.92931E-5 4.05868E-6 2.5909E-5 4.03665E-5 4.3873E-5 4.27105E-5 4.82574E-5 4.21758E-5 4.41971E-5 4.14013E-5 4.06379E-5 4.01232E-5 4.66016E-5 4.25022E-5 4.08043E-5 3.86549E-5 3.94121E-5 4.6175E-5 3.19881E-5 3.36135E-5 3.66334E-5 3.57143E-5 4.36536E-5 4.48548E-5 5.48783E-5 4.27817E-5 4.54651E-5 4.53572E-5
9.25113E-6 9.19029E-6 1.31827E-6 3.61194E-6 3.16924E-6 1.31022E-5 1.54686E-6 2.07481E-5 3.28091E-5 2.33688E-5 3.22834E-5 7.33687E-6 2.22E-5 3.20379E-5 2.75547E-5 2.68635E-5 3.14971E-5 3.25623E-5 3.06756E-5 3.16392E-5 3.06623E-5 3.09545E-5 3.29595E-5 3.34641E-5 3.51467E-5 3.14934E-5 2.08608E-5 2.05021E-5 3.93304E-5 4.03128E-5 3.9056E-5 3.71956E-5 3.97425E-5 3.94709E-5 3.91269E-5 3.79238E-5 3.84847E-5 4.14294E-5 3.27435E-5 3.52945E-5 3.79045E-5 4.06747E-5 4.12767E-5 4.13203E-5 4.30084E-5 3.94789E-5 3.79343E-5 3.90056E-5 3.88957E-5 3.56833E-5 3.48278E-5 3.54794E-5 3.83797E-5 4.43312E-5 3.6552E-5 4.05148E-5 3.60761E-5 3.26903E-5 3.53896E-5 4.07438E-5 4.29424E-5 2.67833E-5 3.74187E-5 3.8054E-5 3.71681E-5 3.9322E-5
2.78137E-6 1.26374E-5 4.73855E-6 2.99858E-7 3.61696E-6 3.22367E-6 2.79085E-6 9.95513E-6 6.54184E-6 9.77511E-6 3.14747E-5 2.3351E-5 1.01401E-5 8.71374E-6 3.31426E-5 2.94652E-5 3.25734E-5 3.11969E-5 3.12572E-5 3.06227E-5 2.95731E-5 3.17171E-5 3.2961E-5 3.18713E-5 4.09836E-5 4.41277E-5 4.02488E-5 4.97203E-5 3.90334E-5 4.18584E-5 4.0834E-5 3.89928E-5 3.9109E-5 3.74056E-5 3.62657E-5 3.65713E-5 2.81482E-5 3.84377E-5 3.4547E-5 4.11039E-5 4.04441E-5 3.75329E-5 3.73615E-5 3.72973E-5 3.77153E-5 4.11739E-5 4.18461E-5 4.16455E-5 4.1336E-5 4.01919E-5 4.06453E-5 3.97546E-5 4.15166E-5 3.99461E-5 3.45952E-5 4.05129E-5 3.3574E-5 3.00375E-5 3.20463E-5 3.47683E-5 3.49347E-5 5.39115E-5 3.50885E-5 2.40443E-5 2.93903E-5 3.47877E-5
2.79335E-5 2.50062E-5 1.92989E-5 3.02733E-6 8.50729E-6 2.0065E-5 8.80882E-6 1.12676E-5 2.97543E-5 9.77258E-6 7.47143E-6 3.08109E-5 8.4163E-6 3.11155E-5 3.06621E-5 3.09431E-5 2.63036E-5 1.31701E-5 2.8802E-5 1.25701E-5 2.97402E-5 2.19939E-5 3.34853E-5 3.19478E-5 3.28297E-5 3.12079E-5 3.30321E-5 3.60081E-5 4.82832E-5 4.57065E-5 3.62942E-5 2.05121E-5 3.6263E-5 3.78023E-5 3.81382E-5 4.17858E-5 3.04189E-5 2.72289E-5 2.79866E-5 3.70803E-5 3.80109E-5 3.77327E-5 3.39136E-5 3.44128E-5 3.31719E-5 3.83124E-5 3.77514E-5 3.91699E-5 3.89837E-5 3.35172E-5 3.30379E-5 3.17374E-5 2.92764E-5 3.39824E-5 3.03136E-5 3.104E-5 3.08645E-5 2.80727E-5 2.85106E-5 3.07617E-5 3.71498E-5 3.38854E-5 3.80246E-5 2.54677E-5 2.62745E-5 2.99989E-5
2.36728E-5 1.48941E-5 2.78038E-5 2.58696E-6 4.13145E-6 3.03404E-5 2.28622E-5 7.09713E-6 2.95231E-5 1.08892E-5 8.04381E-6 9.5255E-7 8.8519E-6 1.24232E-5 1.87202E-5 1.23923E-5 1.91099E-5 2.56578E-5 2.91263E-5 1.38468E-5 1.90747E-5 3.09098E-5 3.15761E-5 3.23344E-5 2.1237E-5 3.38538E-5 3.56396E-5 3.38485E-5 3.71964E-5 3.49098E-5 3.40089E-5 3.80512E-5 3.29364E-5 3.54704E-5 3.50953E-5 3.82855E-5 1.17217E-5 2.93742E-5 2.75411E-5 2.71065E-5 3.72732E-5 4.24659E-5 3.35094E-5 3.03713E-5 3.00524E-5 3.27143E-5 3.64607E-5 3.49503E-5 3.20468E-5 3.21104E-5 3.90264E-5 3.32334E-5 2.80891E-5 2.65352E-5 2.93734E-5 2.93464E-5 3.16056E-5 2.70926E-5 3.09794E-5 3.67881E-5 3.43292E-5 2.97124E-5 3.38394E-5 4.09105E-5 3.54463E-5 3.2224E-5
2.17121E-5 2.00042E-5 1.34502E-5 7.29314E-7 2.60568E-5 1.23805E-5 1.01496E-5 5.85535E-6 7.01004E-6 2.90289E-6 5.69878E-6 8.20718E-7 9.07838E-6 2.1378E-5 2.11578E-6 2.14268E-5 1.63852E-5 1.61339E-5 2.07165E-5 2.30561E-5 1.65205E-5 2.79455E-5 2.61412E-5 3.00957E-5 3.13095E-5 2.73498E-5 3.03766E-5 3.14892E-5 2.45659E-5 7.71427E-6 3.03629E-5 3.77135E-5 3.76806E-5 3.19965E-5 1.72108E-5 1.53466E-5 3.58075E-5 3.80724E-5 3.56875E-5 3.50192E-5 3.07754E-5 3.38377E-5 3.44169E-5 3.59778E-5 3.18211E-5 3.47692E-5 3.55846E-5 3.24195E-5 2.97542E-5 3.00529E-5 3.39864E-5 2.91657E-5 2.71531E-5 2.66457E-5 2.50912E-5 2.62482E-5 2.58209E-5 2.52804E-5 2.78003E-5 2.78279E-5 2.58507E-5 2.47849E-5 2.29101E-5 2.63246E-5 2.23107E-5 2.06284E-5
2.61833E-5 1.30618E-6 1.51328E-5 7.175E-6 9.47392E-6 1.0557E-7 8.40528E-7 2.5753E-5 5.41058E-6 6.5492E-7 9.27121E-6 4.5597E-6 5.78516E-7 2.83301E-5 2.17393E-5 2.16504E-5 2.81913E-5 2.45089E-5 2.23244E-5 7.02271E-6 5.52847E-6 1.35655E-5 2.9905E-5 1.84357E-5 2.87525E-5 2.43898E-5 3.11317E-5 3.22379E-5 2.04624E-5 1.39866E-5 3.2812E-5 1.55059E-5 3.79217E-5 3.7457E-5 2.00407E-5 3.00416E-5 4.26954E-5 2.63405E-5 4.30961E-5 3.6441E-5 3.36411E-5 2.26579E-5 3.90372E-5 3.63094E-5 3.23386E-5 2.87914E-5 2.77808E-5 3.22198E-5 3.28817E-5 3.04148E-5 2.67957E-5 2.77572E-5 3.10733E-5 2.90482E-5 2.59926E-5 2.55403E-5 2.53595E-5 2.91193E-5 2.54299E-5 2.16673E-5 2.15371E-5 2.06677E-5 2.06853E-5 2.00967E-5 2.24557E-5 2.58836E-5
8.31599E-6 1.71894E-5 1.16382E-6 7.92961E-8 2.56919E-7 5.84758E-7 2.27431E-6 1.98079E-6 7.73551E-6 4.01169E-8 2.271E-7 3.01108E-6 9.42215E-7 2.11106E-5 2.3951E-5 1.73788E-5 2.33061E-5 1.75175E-5 2.40164E-5 9.25335E-6 2.66282E-5 2.78409E-5 2.66782E-5 5.549E-6 1.85972E-5 7.49056E-6 2.53183E-5 1.66932E-5 3.23569E-5 3.34694E-5 3.31796E-5 2.50918E-5 3.70521E-5 2.99214E-5 3.45169E-5 3.52864E-5 3.60913E-5 3.66515E-5 3.60701E-5 3.83721E-5 3.03132E-5 2.0558E-5 3.52591E-5 3.39077E-5 3.57944E-5 3.64503E-5 3.24493E-5 3.12121E-5 3.70279E-5 3.09795E-5 3.00775E-5 2.80463E-5 2.83663E-5 3.03714E-5 2.69295E-5 2.65114E-5 2.68321E-5 2.96368E-5 2.88314E-5 2.15474E-5 2.22421E-5 2.14386E-5 1.90993E-5 2.13572E-5 2.28202E-5 2.95513E-5
2.35033E-6 2.3759E-5 1.80251E-5 7.20458E-6 7.98219E-6 2.54998E-5 2.55122E-5 1.05638E-5 1.74916E-5 1.75621E-7 6.19773E-7 9.18989E-6 6.8025E-6 2.79138E-5 2.99917E-5 2.66984E-5 2.532E-5 2.56926E-5 2.20431E-5 3.98915E-6 2.81853E-5 1.3154E-5 9.93115E-6 1.61536E-5 7.85074E-6 3.18337E-6 9.81462E-6 6.51413E-6 1.40139E-5 2.83966E-5 3.44749E-5 2.91409E-5 2.9325E-5 2.0342E-5 1.80527E-5 3.40507E-5 1.95096E-5 3.46869E-5 3.74683E-5 3.55867E-5 3.74679E-5 3.25954E-5 3.4475E-5 3.75016E-5 3.24638E-5 3.29494E-5 3.04737E-5 3.09377E-5 2.97274E-5 2.77638E-5 2.92063E-5 3.32086E-5 3.29413E-5 2.4851E-5 2.33663E-5 2.43074E-5 2.39809E-5 2.19104E-5 1.83175E-5 2.24502E-5 2.77122E-5 2.29574E-5 3.083E-5 2.3281E-5 2.24587E-5 2.35786E-5
1.57316E-6 5.81285E-7 3.66159E-7 5.78723E-6 2.47388E-5 2.87431E-5 2.19385E-5 1.72442E-7 6.43346E-7 5.33876E-8 1.68855E-5 2.64774E-5 2.32529E-5 2.35248E-5 2.58955E-5 3.03536E-5 2.62157E-5 2.64914E-5 2.59399E-5 1.12778E-5 2.63329E-5 1.96846E-5 2.15019E-6 6.97295E-6 1.23989E-5 2.82101E-5 1.11905E-5 1.06128E-7 2.01684E-5 3.62082E-5 2.42213E-5 3.33706E-5 3.35916E-5 3.37612E-5 3.71285E-5 1.38499E-5 5.52883E-5 3.54957E-5 3.44587E-5 3.3688E-5 3.40613E-5 3.30947E-5 3.646E-5 3.45728E-5 3.43117E-5 3.48175E-5 3.16068E-5 3.59233E-5 3.05251E-5 2.73683E-5 2.51692E-5 2.55897E-5 2.51708E-5 2.53846E-5 2.56932E-5 2.9171E-5 2.40554E-5 2.1072E-5 1.94486E-5 2.04415E-5 2.15183E-5 2.21894E-5 2.45528E-5 2.43182E-5 2.7125E-5 3.17085E-5
1.74913E-8 9.97151E-7 4.45634E-6 1.22204E-5 1.06858E-5 2.62221E-5 5.77329E-9 4.21807E-8 1.11042E-5 4.56413E-6 1.67672E-6 4.80242E-6 1.21781E-6 1.60437E-6 2.38181E-5 1.33982E-5 2.65631E-5 2.73871E-5 2.57468E-5 1.88502E-5 2.10861E-5 2.16203E-5 2.22727E-5 2.98095E-5 2.58065E-5 2.35309E-5 1.01424E-5 2.49074E-5 1.98356E-5 2.95364E-5 3.29992E-5 3.55845E-5 3.30435E-5 3.53952E-5 3.83613E-5 2.59755E-5 1.5569E-5 8.36397E-6 2.44951E-5 2.46111E-5 3.60057E-5 3.33074E-5 3.23991E-5 3.42621E-5 3.58284E-5 3.13525E-5 2.93892E-5 3.02972E-5 2.83401E-5 3.43518E-5 2.7371E-5 2.93212E-5 2.60948E-5 2.66915E-5 2.54866E-5 2.39433E-5 2.51341E-5 2.05973E-5 1.87103E-5 1.96369E-5 2.31166E-5 2.27221E-5 2.89788E-5 3.54181E-5 3.04183E-5 3.51749E-5
6.9476E-9 5.23086E-7 2.4774E-6 2.9312E-6 1.11188E-5 2.66273E-5 2.6506E-6 6.3775E-6 2.02064E-5 2.67452E-5 9.71912E-6 1.05813E-5 6.508E-6 4.35251E-7 1.06455E-5 1.72759E-5 2.23032E-5 2.47979E-5 1.62337E-5 2.9761E-6 2.86295E-5 3.02369E-5 3.01793E-5 1.05001E-5 4.63887E-6 2.28164E-5 1.01695E-5 1.02951E-5 2.90116E-6 4.45319E-6 2.14913E-6 2.29058E-5 3.50625E-6 4.38649E-8 6.90523E-7 2.39049E-5 3.02082E-5 3.11563E-5 2.74003E-5 4.3585E-5 3.10287E-5 2.70102E-5 2.87023E-5 3.01561E-5 2.91274E-5 2.95951E-5 3.06618E-5 2.84543E-5 2.75338E-5 3.45101E-5 2.67236E-5 3.01437E-5 3.33857E-5 2.59382E-5 2.24146E-5 1.84767E-5 2.11416E-5 2.0669E-5 2.1162E-5 1.87224E-5 2.17121E-5 2.54147E-5 2.89033E-5 3.34439E-5 2.94736E-5 2.93206E-5
4.40988E-7 4.69365E-6 9.63245E-9 1.17467E-7 8.32428E-6 2.63484E-5 2.25875E-5 2.28686E-6 3.57973E-6 1.46739E-6 1.56823E-6 1.62007E-5 2.15864E-5 2.86289E-5 2.41971E-5 8.39856E-6 1.68271E-5 1.64963E-5 2.59399E-5 1.45938E-5 1.03907E-6 2.21894E-5 2.49445E-5 2.28025E-5 1.55153E-5 2.47666E-5 1.93407E-5 2.9724E-6 1.38496E-5 3.17151E-6 4.01005E-6 2.30146E-7 1.08737E-7 6.42402E-7 2.92321E-6 1.00592E-5 1.07399E-5 4.68091E-6 5.18888E-6 1.007E-5 1.65857E-5 1.99919E-5 1.48412E-5 3.83609E-6 2.58847E-5 2.96662E-5 3.26987E-5 2.75529E-5 3.11064E-5 2.67232E-5 2.9601E-5 2.61689E-5 2.95684E-5 2.53699E-5 2.25455E-5 1.9808E-5 2.4302E-5 2.46409E-5 2.31418E-5 2.22236E-5 2.6988E-5 3.11971E-5 3.22185E-5 3.42971E-5 3.14761E-5 2.3634E-5
1.25637E-6 1.47787E-5 3.07805E-6 2.76164E-8 3.09682E-6 1.12404E-5 3.27388E-6 2.3216E-5 1.31417E-5 2.71095E-5 1.62078E-5 1.63726E-5 1.95782E-5 1.37169E-5 2.04802E-5 8.29035E-6 1.11795E-5 5.52017E-6 3.61962E-6 1.72058E-5 2.689E-5 2.40479E-6 1.19325E-5 1.19263E-5 1.65944E-5 2.30511E-5 9.82261E-7 5.54886E-6 7.68703E-7 1.79342E-7 6.55276E-7 1.81641E-7 3.98934E-8 1.23552E-5 9.67138E-6 9.61835E-6 3.89087E-7 1.82525E-6 5.57894E-6 3.72529E-8 3.5678E-9 1.00585E-8 1.26916E-8 1.25447E-7 3.68069E-8 1.23011E-7 1.03869E-8 1.68672E-7 1.73992E-7 2.25523E-5 2.56291E-5 1.56617E-5 3.49067E-5 2.79025E-5 2.5832E-5 2.79542E-5 2.53858E-5 2.91416E-5 2.73897E-5 2.61681E-5 2.7823E-5 3.05114E-5 3.22965E-5 3.62228E-5 4.56158E-5 1.77182E-5
1.73973E-6 1.61846E-6 4.8966E-6 1.59694E-6 1.25956E-7 1.56152E-6 4.18895E-6 3.22629E-6 2.03326E-5 1.87868E-5 7.372E-6 2.33668E-5 3.0518E-6 1.20513E-5 1.87173E-6 8.63609E-7 1.08231E-6 9.95056E-6 2.48119E-5 9.96346E-6 1.27144E-5 1.88449E-5 1.30752E-5 1.15887E-6 1.36447E-6 2.46126E-6 3.00103E-6 1.94705E-6 1.33624E-5 3.4691E-6 9.99185E-6 9.45222E-6 2.48538E-5 2.28253E-5 2.79979E-5 2.14451E-5 2.01522E-5 5.78912E-6 2.91979E-5 1.06337E-5 1.82362E-7 1.79896E-7 1.52039E-6 2.62169E-6 1.48934E-7 7.97726E-7 1.5761E-6 1.16897E-8 2.42413E-8 4.42417E-6 2.21676E-5 1.97385E-5 7.17086E-6 2.54153E-5 3.35005E-5 2.705E-5 3.49391E-5 3.4405E-5 3.06985E-5 2.79658E-5 3.31921E-5 3.34688E-5 3.52949E-5 3.88927E-5 2.90179E-5 3.5202E-5
8.61848E-6 6.48711E-6 6.83357E-6 1.1524E-6 3.50523E-7 6.63478E-6 2.67133E-5 1.58109E-6 1.57002E-5 1.69956E-6 1.03444E-5 2.58489E-6 1.51035E-7 3.33125E-6 1.26988E-5 9.32881E-8 5.85175E-7 3.61738E-6 9.14248E-6 1.1225E-5 1.32576E-5 1.42231E-5 8.33444E-6 1.53717E-6 1.7969E-6 1.57713E-5 1.02249E-5 1.55795E-5 6.8282E-6 6.67574E-6 2.50922E-5 4.28955E-6 8.48869E-6 1.67951E-6 3.70609E-7 6.60166E-7 5.81072E-6 1.66531E-5 1.70387E-5 2.44195E-6 6.8538E-6 1.28313E-6 3.36868E-8 6.11566E-8 5.71028E-8 7.23931E-7 2.25154E-5 3.8327E-6 3.07552E-5 1.00116E-5 2.42078E-5 1.04285E-5 2.29184E-5 3.70128E-5 3.44894E-5 3.19237E-5 2.59115E-5 3.81288E-5 1.22876E-5 3.29781E-5 3.08338E-5 1.46399E-5 5.63167E-5 3.40366E-5 3.43952E-5 3.35967E-5
5.06745E-6 2.93057E-5 1.99413E-5 1.8936E-7 7.10555E-7 1.83667E-5 1.50795E-5 1.05629E-6 1.17825E-5 6.54992E-8 3.11799E-7 5.20101E-7 2.17811E-7 2.66925E-8 2.37273E-6 4.61951E-6 3.62789E-8 8.60641E-6 9.85038E-6 7.64879E-6 6.42127E-7 3.60974E-6 7.93179E-6 7.72081E-7 5.13892E-7 2.52728E-7 2.42231E-6 9.94742E-6 1.85926E-6 1.18298E-6 2.68082E-6 3.74544E-6 7.20793E-7 3.75396E-6 1.75231E-8 4.14884E-7 4.23274E-7 2.03922E-7 1.09993E-7 7.50079E-8 3.09842E-6 6.93626E-6 3.05097E-8 1.0607E-7 3.15073E-6 1.64124E-6 4.72483E-6 1.42175E-5 4.50497E-5 2.93268E-5 2.97019E-5 3.18744E-5 2.05187E-5 1.22749E-5 3.43969E-5 4.52115E-5 4.03551E-5 2.10187E-5 3.50921E-5 1.4946E-5 2.44538E-5 4.85673E-5 3.22302E-5 3.54322E-5 3.66106E-5 3.49301E-5
2.17163E-5 1.9796E-5 1.91235E-5 1.85877E-6 4.19663E-7 1.05189E-6 5.43107E-8 1.45579E-7 3.93243E-6 1.3634E-6 1.96153E-6 4.04068E-8 7.2512E-7 1.10639E-8 5.53939E-7 1.55451E-6 7.1079E-6 6.30728E-6 2.45267E-6 8.1671E-7 4.30464E-6 4.06621E-8 8.2735E-8 1.0358E-6 1.20282E-5 2.06782E-5 1.57763E-5 1.46057E-5 3.71618E-5 2.72562E-5 2.67905E-5 2.54492E-5 1.03539E-5 8.45489E-8 4.49407E-7 5.5632E-7 1.10867E-5 3.73446E-5 2.98122E-7 3.48917E-9 1.81924E-8 6.07948E-7 7.60334E-9 4.78582E-9 3.51938E-6 3.99292E-8 3.8816E-7 1.04019E-6 4.56333E-5 4.74284E-5 4.84539E-5 3.87869E-5 3.79229E-5 9.59747E-6 3.5192E-6 3.30647E-6 3.57959E-5 2.3237E-5 1.78703E-5 1.48125E-5 4.97734E-6 2.25183E-5 2.74013E-5 4.01269E-5 4.11593E-5 3.79788E-5
2.63954E-8 1.46208E-8 6.95564E-6 2.43641E-5 5.87899E-7 1.32311E-7 5.48413E-8 1.01426E-7 7.25833E-7 4.88162E-7 9.33122E-7 6.40473E-7 1.18229E-6 4.21136E-6 4.10572E-6 1.2078E-5 1.72316E-5 5.03807E-6 1.21901E-8 1.2739E-8 4.23124E-8 5.22616E-7 6.70818E-6 3.97561E-5 3.20475E-6 8.56738E-6 6.33172E-6 1.75793E-5 1.76329E-5 1.51337E-5 8.52289E-6 4.30839E-6 1.62698E-5 2.21883E-6 4.63811E-6 2.8406E-7 2.78415E-7 3.19977E-9 1.64968E-9 1.86215E-8 7.47773E-9 1.34463E-7 4.09392E-10 1.86993E-9 3.94192E-9 1.45933E-8 6.57862E-7 1.22079E-7 4.75334E-7 1.1634E-7 1.14033E-5 4.37523E-5 3.16388E-5 8.92536E-6 3.04994E-5 6.46037E-6 4.9451E-5 6.12931E-5 4.2888E-5 2.56189E-5 2.00077E-5 3.67393E-5 3.93246E-5 3.80629E-5 3.79135E-5 4.15082E-5
1.10355E-10 5.05855E-10 1.92108E-9 4.48505E-8 1.90111E-7 4.97843E-7 2.58403E-8 6.60925E-8 4.19665E-7 1.62035E-5 1.41157E-5 1.8478E-5 1.10388E-5 1.25253E-5 8.82176E-6 2.74434E-6 1.0415E-6 6.77436E-7 1.78804E-9 1.65051E-6 7.0088E-7 1.41555E-7 1.87406E-7 7.677E-8 3.66499E-6 6.52451E-6 2.74521E-5 2.00071E-5 1.75829E-5 7.60391E-6 5.60118E-5 1.61482E-5 3.9306E-5 4.59001E-6 3.25254E-7 6.72133E-8 5.6983E-9 6.04748E-9 2.23317E-7 1.15402E-6 5.62802E-6 1.95063E-6 2.2003E-7 5.63602E-6 3.30311E-7 8.80628E-6 1.24461E-6 6.05807E-6 2.01743E-6 7.47793E-7 2.39212E-5 2.5241E-5 2.52233E-5 2.69316E-5 4.30545E-5 1.86157E-5 4.31117E-5 3.7083E-5 4.21483E-5 4.44507E-5 3.91059E-5 3.92492E-5 4.49447E-5 4.33983E-5 4.15315E-5 4.87409E-5
2.65938E-9 4.22441E-11 1.48407E-9 2.43372E-6 3.81051E-6 4.39592E-7 2.5793E-7 5.5303E-7 4.03978E-7 1.0682E-5 4.60994E-6 2.31591E-5 6.7241E-6 4.89577E-6 3.7938E-7 8.97577E-9 7.07437E-7 1.70546E-7 5.52489E-7 2.33118E-8 4.57973E-9 5.27121E-7 4.62559E-6 3.20433E-5 4.55386E-6 8.65286E-7 1.87939E-5 1.00321E-5 8.78373E-6 1.02736E-5 3.29042E-5 4.99905E-6 1.66419E-6 1.09291E-8 6.26526E-7 1.38227E-7 2.22175E-6 3.06589E-6 2.06673E-6 1.04394E-6 4.72503E-8 5.27108E-7 2.44985E-5 1.18502E-5 4.13456E-6 4.62889E-6 9.64561E-6 7.29127E-6 1.74476E-6 1.54875E-6 3.53899E-6 6.73003E-6 1.7205E-5 1.09362E-5 5.37865E-7 1.27228E-5 1.1242E-5 1.42661E-5 4.09936E-5 4.15449E-5 3.53157E-5 2.57141E-5 4.42515E-5 3.98404E-5 3.85729E-5 4.52269E-5
2.85387E-7 1.83408E-8 3.22771E-7 3.88466E-7 1.4089E-7 2.69704E-5 1.38336E-7 2.71346E-6 1.01187E-5 3.27282E-5 5.65555E-6 8.56305E-6 6.23579E-7 6.17376E-9 7.69705E-9 8.00138E-7 2.5471E-6 1.44124E-6 1.99706E-7 1.51198E-7 5.42098E-7 2.98156E-5 2.11248E-5 4.32165E-5 2.54661E-5 1.80893E-6 2.17364E-6 1.66065E-6 1.19123E-5 2.42578E-6 4.13302E-6 4.71403E-6 2.46813E-6 4.69123E-6 3.09855E-7 2.60439E-7 5.23819E-6 2.25794E-5 5.74263E-7 6.68193E-6 1.10538E-6 1.68111E-6 8.04797E-6 5.07865E-6 1.40607E-6 8.30373E-11 4.84098E-9 1.60807E-6 1.27661E-7 8.76282E-6 4.74162E-6 2.68185E-5 5.96487E-7 5.256E-9 6.23401E-7 1.48689E-5 2.59185E-5 7.33912E-6 4.64364E-5 3.02144E-5 4.35726E-5 4.85972E-5 1.16565E-5 1.50262E-5 2.14659E-5 2.3042E-5
7.00272E-6 6.94304E-6 3.24771E-6 5.92771E-6 4.02916E-6 2.33646E-6 9.9818E-7 2.391E-7 7.31351E-7 8.05804E-6 2.02179E-5 5.12583E-8 1.25658E-7 2.86682E-6 1.40198E-7 2.09967E-7 1.44732E-6 9.7632E-7 6.50052E-7 2.04096E-6 3.07001E-7 4.91303E-6 1.61158E-5 3.67751E-5 1.0973E-5 1.3732E-5 5.24644E-7 7.11786E-7 2.03102E-6 1.00814E-5 3.10013E-6 4.04659E-6 2.277E-6 4.18873E-7 2.23152E-5 1.76933E-5 1.77457E-5 1.28282E-5 2.53109E-6 1.25404E-6 7.17334E-6 5.79526E-6 3.568E-5 3.07667E-5 5.89514E-7 2.04272E-6 1.20079E-6 1.47763E-8 3.59891E-6 3.82035E-5 1.82798E-5 2.09024E-5 1.76773E-5 7.6065E-6 6.9127E-6 2.78023E-5 2.20213E-5 3.17015E-5 3.16411E-5 3.69301E-5 3.35204E-5 4.32593E-5 8.52256E-6 2.67371E-6 1.18825E-5 4.54415E-5
8.556E-8 4.02581E-6 2.68862E-5 6.20634E-6 1.32219E-6 9.27825E-9 2.09694E-7 1.27091E-7 1.22878E-6 9.55996E-7 1.21833E-7 1.0423E-5 4.99498E-6 2.25868E-8 3.38618E-8 7.08617E-8 6.72234E-7 3.1529E-6 7.37733E-8 6.69954E-7 5.57192E-6 1.3554E-5 2.44598E-5 1.46744E-5 6.021E-6 4.38359E-7 3.45047E-7 6.64061E-7 1.20421E-7 2.0117E-6 4.5187E-7 2.33799E-6 1.75672E-6 2.41782E-5 8.00791E-7 2.42508E-6 7.05416E-6 7.84755E-7 1.22695E-5 5.48129E-6 1.58076E-6 2.54323E-7 8.55934E-7 1.30833E-6 2.4508E-7 2.77069E-6 2.54516E-5 3.08102E-5 2.47672E-5 2.45345E-5 4.24192E-5 4.66634E-5 1.42162E-5 2.19187E-5 1.24537E-5 4.11383E-5 1.37615E-5 3.34618E-5 4.43582E-5 5.39152E-5 2.86024E-5 2.42267E-5 4.16407E-5 4.33024E-5 2.90953E-5 2.27758E-5
