catData/rasterBestHybridModels/Pbengalensis/RD_BM001_RM2_LQH/Pbengalensis_avg.asc
ncols         409
nrows         350
xllcorner     60.897278365
yllcorner     5.843756025
cellsize      0.0892857
NODATA_value  -9999
[rows 116 to 144 of 350, columns 66 to 131 of 409]
5.32629E-5 5.2607E-5 3.78468E-5 5.26585E-5 3.90166E-5 2.08923E-5 1.23129E-5 9.15499E-6 8.30688E-6 1.13677E-5 8.34388E-6 8.93366E-6 9.35465E-6 1.56945E-5 1.31077E-5 1.39882E-5 2.07924E-5 1.10874E-5 8.4467E-6 8.41896E-6 9.09205E-6 1.02397E-5 9.92249E-6 9.83204E-6 7.78785E-6 1.00278E-5 9.15198E-6 9.48583E-6 9.14182E-6 9.2331E-6 8.59124E-6 8.66954E-6 9.00143E-6 1.00383E-5 1.22215E-5 1.64315E-5 1.74983E-5 1.86618E-5 2.1399E-5 2.43772E-5 2.71899E-5 3.21236E-5 3.4214E-5 3.8612E-5 4.16732E-5 4.47535E-5 4.42436E-5 4.60836E-5 4.55083E-5 4.1777E-5 4.26914E-5 4.11984E-5 3.98981E-5 4.19635E-5 4.56273E-5 4.61214E-5 4.23842E-5 4.16004E-5 4.55261E-5 4.66751E-5 4.47905E-5 4.03854E-5 3.85768E-5 3.76335E-5 3.57185E-5 3.48022E-5
4.32711E-5 5.06967E-5 4.6774E-5 4.66311E-5 4.02137E-5 2.38109E-5 1.34814E-5 7.75235E-6 7.92006E-6 7.05563E-6 8.59893E-6 8.19626E-6 9.38719E-6 1.08375E-5 1.2439E-5 1.24391E-5 1.53473E-5 1.20425E-5 9.16898E-6 8.63607E-6 9.2959E-6 9.46527E-6 9.48084E-6 7.11661E-6 9.30841E-6 1.00988E-5 9.35232E-6 9.5513E-6 9.88518E-6 1.06677E-5 1.04293E-5 9.49153E-6 1.00248E-5 1.01713E-5 1.21158E-5 1.44692E-5 1.64795E-5 1.86175E-5 2.12966E-5 2.41772E-5 2.85346E-5 3.23365E-5 3.42805E-5 3.44046E-5 3.71059E-5 4.33255E-5 4.06705E-5 4.32733E-5 4.35042E-5 4.02943E-5 3.96423E-5 3.86402E-5 4.00362E-5 4.1208E-5 4.39426E-5 4.38416E-5 4.00881E-5 3.99065E-5 4.02033E-5 4.03373E-5 3.94669E-5 3.83573E-5 3.71427E-5 3.76882E-5 3.72873E-5 3.62314E-5
4.59185E-5 3.63381E-5 4.67222E-5 4.49007E-5 5.30478E-5 3.41644E-5 2.01316E-5 8.83988E-6 7.86156E-6 8.55369E-6 8.37753E-6 7.40512E-6 8.74986E-6 1.37516E-5 1.0932E-5 1.14174E-5 1.29158E-5 1.20984E-5 9.47709E-6 7.80332E-6 8.40875E-6 8.90245E-6 1.00045E-5 6.58937E-6 1.14913E-5 1.06571E-5 1.00134E-5 9.63332E-6 1.07625E-5 1.24885E-5 1.1338E-5 1.07948E-5 1.13742E-5 1.08821E-5 1.17311E-5 1.36805E-5 1.6548E-5 1.94834E-5 2.17284E-5 2.56968E-5 2.81499E-5 3.00204E-5 2.96704E-5 3.11546E-5 3.58955E-5 3.86824E-5 3.6799E-5 4.01991E-5 3.77026E-5 3.78288E-5 4.00752E-5 3.79045E-5 4.19381E-5 3.90664E-5 3.85555E-5 3.8203E-5 3.75946E-5 3.7475E-5 3.73968E-5 3.72313E-5 3.92004E-5 3.60547E-5 3.5121E-5 3.53056E-5 3.68773E-5 3.90786E-5
6.06395E-5 3.65714E-5 3.60351E-5 3.91943E-5 5.22565E-5 4.33615E-5 2.7078E-5 2.779E-5 1.30067E-5 1.15649E-5 8.52155E-6 8.9675E-6 9.49848E-6 7.85704E-6 9.27533E-6 1.06658E-5 1.1393E-5 1.25652E-5 1.08986E-5 8.37585E-6 7.49596E-6 7.58503E-6 9.36607E-6 1.1127E-5 1.17652E-5 1.02038E-5 1.01614E-5 9.9947E-6 1.06914E-5 1.21732E-5 1.19042E-5 1.26104E-5 1.14293E-5 1.12344E-5 1.24727E-5 1.3514E-5 1.61994E-5 2.12247E-5 2.18477E-5 2.54287E-5 2.51838E-5 2.65159E-5 2.76164E-5 3.10102E-5 3.45046E-5 3.51578E-5 3.37118E-5 3.70881E-5 3.82165E-5 3.61034E-5 3.81836E-5 3.74367E-5 3.58084E-5 3.56956E-5 3.81383E-5 3.78399E-5 3.48417E-5 3.47571E-5 3.48388E-5 3.44229E-5 3.64264E-5 3.35275E-5 3.39697E-5 3.67156E-5 3.63276E-5 3.6174E-5
6.67172E-5 5.0269E-5 3.2408E-5 3.30441E-5 4.10664E-5 4.83022E-5 3.56947E-5 4.62967E-5 2.83771E-5 2.75542E-5 1.04946E-5 1.45149E-5 1.83436E-5 7.45571E-6 8.10331E-6 9.8763E-6 1.10636E-5 1.02951E-5 1.04276E-5 9.80717E-6 1.04282E-5 8.31822E-6 7.46154E-6 8.15557E-6 1.0407E-5 9.92599E-6 9.69304E-6 1.04097E-5 1.0704E-5 1.06794E-5 1.09506E-5 1.12963E-5 1.12167E-5 1.25941E-5 1.20264E-5 1.3409E-5 1.63475E-5 2.14338E-5 2.1536E-5 2.30238E-5 2.4089E-5 2.50231E-5 2.62475E-5 2.80337E-5 3.19288E-5 3.33555E-5 3.26023E-5 3.5722E-5 3.69056E-5 3.50304E-5 3.729E-5 3.49306E-5 3.50085E-5 3.38862E-5 3.2961E-5 3.30667E-5 3.24091E-5 3.24701E-5 3.57886E-5 3.4323E-5 3.47601E-5 3.47419E-5 3.48803E-5 3.45915E-5 3.42045E-5 3.46659E-5
6.33182E-5 5.96668E-5 4.90598E-5 3.66112E-5 3.7071E-5 4.57402E-5 4.25329E-5 4.87643E-5 3.47493E-5 3.86806E-5 2.38988E-5 2.74233E-5 2.62363E-5 6.78785E-6 7.4344E-6 9.49015E-6 1.01848E-5 1.06184E-5 1.35047E-5 9.17289E-6 9.85028E-6 9.73559E-6 9.63833E-6 9.68041E-6 6.86683E-6 9.6101E-6 9.32813E-6 1.10178E-5 1.05803E-5 1.04495E-5 1.02349E-5 1.03645E-5 1.16157E-5 1.23774E-5 1.21157E-5 1.40092E-5 1.65549E-5 2.28356E-5 2.32183E-5 2.21947E-5 2.34448E-5 2.43802E-5 2.58847E-5 2.77497E-5 2.93206E-5 3.09335E-5 3.3468E-5 3.74332E-5 3.6551E-5 3.61321E-5 3.60335E-5 3.61812E-5 3.63297E-5 3.5303E-5 3.40243E-5 3.24896E-5 3.49591E-5 3.36918E-5 3.46464E-5 3.81436E-5 3.85009E-5 3.85994E-5 3.47897E-5 3.53043E-5 3.31391E-5 3.32433E-5
7.33259E-5 5.95293E-5 5.48767E-5 4.82197E-5 4.32609E-5 4.10368E-5 4.53126E-5 5.21759E-5 3.73592E-5 5.93006E-5 3.30203E-5 3.44246E-5 3.39008E-5 1.14004E-5 7.25129E-6 8.56491E-6 1.64031E-5 1.04422E-5 1.06085E-5 9.16699E-6 1.32543E-5 1.784E-5 8.94348E-6 8.91627E-6 9.57502E-6 8.95553E-6 8.84466E-6 9.43716E-6 9.96549E-6 9.90598E-6 9.98019E-6 1.00777E-5 1.13125E-5 1.12482E-5 1.23532E-5 1.42837E-5 1.58911E-5 2.04666E-5 2.27928E-5 2.31122E-5 2.3217E-5 2.4066E-5 2.75027E-5 3.00201E-5 3.24297E-5 3.31215E-5 3.63033E-5 3.89017E-5 3.99307E-5 3.81998E-5 3.82666E-5 4.0438E-5 4.0063E-5 3.67385E-5 3.51555E-5 3.56099E-5 3.59458E-5 3.49193E-5 3.58566E-5 3.66771E-5 3.88555E-5 3.83124E-5 3.4191E-5 3.39941E-5 3.3065E-5 3.19011E-5
8.88714E-5 6.48554E-5 4.69688E-5 5.8098E-5 6.25233E-5 4.17093E-5 4.35127E-5 5.65013E-5 4.7094E-5 5.75428E-5 4.10683E-5 3.8656E-5 4.18042E-5 2.74305E-5 1.03675E-5 9.48167E-6 9.31015E-6 9.97868E-6 9.44015E-6 9.4641E-6 9.72239E-6 1.0257E-5 1.09732E-5 8.51023E-6 9.9907E-6 8.41273E-6 8.02187E-6 8.14649E-6 9.02496E-6 9.07138E-6 1.04884E-5 9.86624E-6 1.03174E-5 1.03008E-5 1.30615E-5 1.31499E-5 1.54731E-5 2.13137E-5 2.39036E-5 2.56946E-5 2.60326E-5 2.41712E-5 2.82216E-5 2.92158E-5 3.20718E-5 3.47864E-5 3.7346E-5 4.0027E-5 4.4805E-5 4.38388E-5 4.02377E-5 3.95757E-5 4.0962E-5 3.75304E-5 3.58979E-5 3.4322E-5 3.68677E-5 3.81034E-5 3.92415E-5 3.75753E-5 3.69482E-5 3.6706E-5 3.71415E-5 3.772E-5 3.43204E-5 3.36303E-5
9.70824E-5 7.76736E-5 4.97484E-5 4.8121E-5 5.05219E-5 3.86742E-5 4.73638E-5 4.51871E-5 5.67567E-5 5.3156E-5 4.89273E-5 4.48915E-5 4.59617E-5 3.48145E-5 1.77837E-5 9.17289E-6 6.81354E-6 9.10042E-6 9.12408E-6 9.89825E-6 9.6309E-6 9.34953E-6 9.94905E-6 1.38244E-5 7.22815E-6 5.38236E-6 7.60043E-6 7.83334E-6 7.52769E-6 7.40139E-6 8.64342E-6 9.63248E-6 9.76216E-6 9.9284E-6 1.07255E-5 1.36537E-5 1.56088E-5 1.91479E-5 2.33102E-5 2.74183E-5 2.74664E-5 2.52864E-5 2.70425E-5 2.97428E-5 3.26447E-5 3.54662E-5 4.13086E-5 4.09196E-5 4.31236E-5 4.55634E-5 4.47722E-5 4.09249E-5 4.14348E-5 3.77405E-5 3.86959E-5 3.47059E-5 3.66433E-5 4.06904E-5 4.02534E-5 3.7219E-5 4.08915E-5 4.1269E-5 3.68384E-5 3.62079E-5 3.57274E-5 3.62964E-5
9.32213E-5 9.27522E-5 6.14124E-5 4.64911E-5 4.3599E-5 3.63113E-5 4.03196E-5 4.184E-5 4.40677E-5 5.42111E-5 4.2657E-5 4.59351E-5 4.61447E-5 3.88381E-5 3.74621E-5 1.47486E-5 8.40745E-6 9.51576E-6 1.00792E-5 1.16083E-5 1.35052E-5 9.82256E-6 9.14346E-6 8.71207E-6 6.56196E-6 5.97446E-6 8.16973E-6 5.63605E-6 7.13831E-6 7.75338E-6 6.82838E-6 7.95755E-6 9.50162E-6 9.83869E-6 1.21632E-5 1.52033E-5 1.51906E-5 1.76388E-5 2.41715E-5 2.73773E-5 2.7207E-5 2.67042E-5 2.97217E-5 3.03539E-5 3.54487E-5 3.64656E-5 4.23265E-5 4.48724E-5 4.47434E-5 4.41472E-5 4.1046E-5 4.00561E-5 3.91004E-5 3.80717E-5 3.86191E-5 3.40242E-5 3.55095E-5 3.95253E-5 3.84373E-5 3.98209E-5 4.27912E-5 4.02254E-5 3.7583E-5 3.95329E-5 3.75962E-5 3.89544E-5
8.22228E-5 8.89544E-5 7.67047E-5 5.98637E-5 4.71271E-5 3.9436E-5 3.6744E-5 4.17798E-5 4.01472E-5 4.98317E-5 4.26569E-5 4.88338E-5 4.70597E-5 3.93413E-5 3.98763E-5 3.91651E-5 1.60402E-5 1.13768E-5 1.53065E-5 1.42944E-5 1.23667E-5 1.04489E-5 1.71986E-5 9.60112E-6 6.3732E-6 7.21295E-6 7.07079E-6 6.5327E-6 3.77917E-6 6.26943E-6 5.54118E-6 6.93997E-6 9.17704E-6 9.89538E-6 1.24586E-5 1.34347E-5 1.45757E-5 1.68495E-5 2.44053E-5 3.10234E-5 3.07021E-5 3.01016E-5 3.016E-5 3.09845E-5 3.58903E-5 3.64973E-5 4.03966E-5 4.59799E-5 4.48394E-5 4.55799E-5 4.374E-5 4.33581E-5 4.03179E-5 4.09413E-5 3.86306E-5 3.34425E-5 3.54403E-5 3.49641E-5 3.765E-5 3.89941E-5 4.04521E-5 3.38893E-5 3.91927E-5 3.93968E-5 5.23872E-5 4.04178E-5
7.44914E-5 7.78199E-5 9.65211E-5 6.65507E-5 4.66407E-5 4.68783E-5 4.36993E-5 4.68623E-5 4.20513E-5 3.93305E-5 3.97537E-5 4.12337E-5 4.5267E-5 3.6421E-5 3.40513E-5 3.75736E-5 3.18309E-5 5.52967E-6 2.86482E-6 1.10544E-5 1.14868E-5 1.07388E-5 9.58157E-6 8.33544E-6 6.78492E-6 6.03466E-6 6.09153E-6 5.51777E-6 5.75693E-6 6.24536E-6 4.97903E-6 7.63458E-6 9.38433E-6 1.07498E-5 1.25657E-5 1.09489E-5 1.68208E-5 2.01746E-5 2.79939E-5 3.23074E-5 3.30193E-5 3.1255E-5 2.91762E-5 3.04131E-5 3.46107E-5 3.4794E-5 3.91745E-5 4.32346E-5 4.5011E-5 4.74971E-5 4.26544E-5 5.32177E-5 4.00663E-5 3.75599E-5 3.60944E-5 3.25869E-5 3.08218E-5 3.14495E-5 3.35127E-5 3.54764E-5 3.96617E-5 3.83095E-5 3.48055E-5 3.82271E-5 3.56255E-5 3.77156E-5
6.41801E-5 6.63445E-5 8.36719E-5 7.65783E-5 5.35218E-5 3.80458E-5 4.00035E-5 5.09362E-5 4.0332E-5 3.8342E-5 4.48418E-5 4.37718E-5 4.42141E-5 3.87954E-5 3.73808E-5 4.12051E-5 3.10561E-5 1.08923E-5 1.58816E-5 1.22692E-5 1.19775E-5 1.13209E-5 8.72382E-6 4.6692E-6 6.48192E-6 7.21269E-6 6.73554E-6 3.76283E-6 6.08532E-6 6.56869E-6 3.41314E-6 7.62451E-6 9.02636E-6 9.63105E-6 1.31701E-5 1.32881E-5 1.8394E-5 2.14763E-5 2.79326E-5 3.33325E-5 3.29497E-5 3.0184E-5 2.8221E-5 2.96491E-5 3.34287E-5 3.48417E-5 3.5238E-5 3.92329E-5 4.1668E-5 4.23877E-5 3.9169E-5 3.7591E-5 3.64714E-5 3.58927E-5 3.35269E-5 3.10288E-5 2.92798E-5 3.01172E-5 3.16286E-5 3.55503E-5 3.80334E-5 3.76741E-5 4.76624E-5 3.28508E-5 3.60177E-5 3.17088E-5
6.00325E-5 6.36749E-5 7.82093E-5 8.09743E-5 4.84998E-5 4.48738E-5 4.79525E-5 5.70018E-5 4.93478E-5 4.21568E-5 4.35543E-5 4.58376E-5 4.27224E-5 4.18224E-5 4.51293E-5 4.50364E-5 2.25251E-5 1.02217E-5 1.07843E-5 1.24252E-5 1.26747E-5 1.21785E-5 1.1078E-5 9.43506E-6 1.00256E-5 7.30844E-6 2.50896E-6 1.90063E-6 7.71838E-6 7.01493E-6 7.14021E-6 6.43075E-6 2.75951E-6 5.81636E-6 1.05164E-5 1.35912E-5 1.96667E-5 2.31009E-5 2.93681E-5 3.39924E-5 3.34916E-5 3.05838E-5 2.78189E-5 2.98905E-5 3.14157E-5 3.18099E-5 3.36025E-5 3.47235E-5 3.44705E-5 3.80195E-5 3.88344E-5 3.44513E-5 3.64972E-5 3.25693E-5 3.17067E-5 2.80335E-5 2.91217E-5 2.84886E-5 3.01797E-5 3.59936E-5 3.95147E-5 5.13022E-5 3.90648E-5 4.20286E-5 3.48417E-5 3.44413E-5
6.15785E-5 7.5077E-5 8.05681E-5 6.15942E-5 4.88001E-5 6.1258E-5 6.27175E-5 6.65492E-5 5.89446E-5 4.79996E-5 4.40136E-5 4.44094E-5 4.40044E-5 4.42439E-5 4.7441E-5 4.55447E-5 2.96564E-5 1.02672E-5 8.37092E-6 1.97693E-5 1.26505E-5 1.63498E-5 1.03202E-5 9.07342E-6 7.99452E-6 7.13229E-6 5.47507E-6 3.17622E-6 6.57885E-6 6.69073E-6 6.92526E-6 3.9841E-6 4.67775E-6 5.62154E-6 1.06805E-5 1.46021E-5 1.83496E-5 2.24725E-5 3.18702E-5 3.52883E-5 3.40426E-5 3.08574E-5 2.78681E-5 2.87308E-5 3.11262E-5 3.15413E-5 3.35619E-5 3.53373E-5 3.28217E-5 3.46798E-5 3.51515E-5 3.22105E-5 3.01618E-5 2.87807E-5 2.72664E-5 2.62531E-5 2.4E-5 2.52352E-5 2.95912E-5 3.37132E-5 3.80704E-5 4.23971E-5 2.42537E-5 3.85508E-5 2.53305E-5 2.74308E-5
7.37973E-5 8.22695E-5 7.81457E-5 6.21734E-5 6.23014E-5 8.09772E-5 7.97629E-5 7.37049E-5 6.07393E-5 5.09315E-5 4.50897E-5 4.51733E-5 4.70807E-5 4.43522E-5 3.42692E-5 3.10428E-5 2.13445E-5 1.50419E-5 9.4338E-6 9.63454E-6 1.16932E-5 1.06343E-5 6.75857E-6 8.76367E-6 9.31297E-6 8.33152E-6 4.12797E-6 3.26738E-6 1.55873E-6 4.49325E-6 4.56231E-7 3.84078E-6 4.15895E-6 1.13228E-5 1.32438E-5 1.5971E-5 1.97593E-5 2.49904E-5 3.424E-5 3.37072E-5 3.19894E-5 3.06095E-5 3.0455E-5 2.67378E-5 3.08971E-5 3.2113E-5 3.29226E-5 3.026E-5 2.99257E-5 3.20955E-5 3.16743E-5 2.87614E-5 2.7414E-5 2.77404E-5 2.08661E-5 1.83558E-5 1.77472E-5 2.27285E-5 2.99502E-5 3.15718E-5 3.39218E-5 3.59608E-5 3.65009E-5 3.25667E-5 2.80128E-5 5.39091E-5
9.19461E-5 8.65892E-5 7.11765E-5 6.92997E-5 8.0275E-5 8.91202E-5 9.02446E-5 7.65316E-5 6.31571E-5 5.22632E-5 4.80348E-5 4.84144E-5 4.87005E-5 4.49155E-5 3.26218E-5 2.41876E-5 8.39515E-6 1.40465E-5 1.10494E-5 9.29515E-6 1.0977E-5 8.73738E-6 1.06046E-5 8.95532E-6 6.40217E-6 8.33947E-6 7.76958E-6 6.14017E-6 3.94062E-6 6.0096E-6 5.38714E-6 3.98394E-6 3.13131E-6 1.31951E-5 1.62519E-5 1.81582E-5 2.09866E-5 2.62533E-5 3.27522E-5 3.1674E-5 3.21326E-5 3.12681E-5 3.07982E-5 2.85469E-5 2.84193E-5 2.90448E-5 2.84845E-5 2.85525E-5 2.78912E-5 2.92277E-5 2.8986E-5 2.60639E-5 2.48127E-5 1.70087E-5 1.50349E-5 1.41867E-5 1.62735E-5 2.11388E-5 2.77115E-5 3.12876E-5 2.1927E-5 2.80991E-5 1.38117E-5 3.49984E-5 3.66742E-5 3.52509E-5
1.07352E-4 9.42803E-5 6.90614E-5 7.06281E-5 7.68376E-5 8.62194E-5 8.75847E-5 8.01232E-5 6.45962E-5 5.74406E-5 5.41618E-5 5.07694E-5 4.64762E-5 3.60857E-5 3.09757E-5 2.39015E-5 6.84059E-6 7.64344E-6 8.81802E-6 8.4618E-6 1.03562E-5 8.66638E-6 8.39404E-6 9.8769E-6 2.31671E-6 5.79036E-6 6.40616E-6 5.13345E-6 5.75045E-6 7.21711E-6 7.97786E-6 1.02174E-5 1.15924E-6 1.44441E-5 1.81314E-5 2.0614E-5 2.58464E-5 3.2653E-5 3.6605E-5 3.29221E-5 3.25947E-5 3.28583E-5 3.32734E-5 2.82652E-5 2.84397E-5 2.59554E-5 2.64885E-5 2.78404E-5 2.58091E-5 2.58341E-5 2.45971E-5 2.49381E-5 1.80089E-5 1.32579E-5 1.23996E-5 1.2923E-5 1.65589E-5 1.89884E-5 2.49611E-5 2.49066E-5 3.56332E-5 2.00917E-5 3.26168E-5 2.3763E-5 3.10099E-5 2.39705E-5
9.39514E-5 7.92053E-5 5.45892E-5 8.03723E-5 7.84088E-5 8.59441E-5 8.40519E-5 7.84136E-5 7.20495E-5 6.69875E-5 6.35889E-5 5.49085E-5 5.19466E-5 2.29131E-5 2.11067E-5 1.42201E-5 7.72519E-6 8.19182E-6 8.58721E-6 1.27248E-5 1.09444E-5 9.47018E-6 8.96608E-6 5.02051E-6 8.67723E-6 3.78812E-6 7.30975E-6 4.58666E-6 6.7732E-6 6.80888E-6 6.60778E-6 8.4485E-6 1.25682E-5 1.72701E-5 2.01478E-5 2.4935E-5 2.90534E-5 3.53249E-5 3.59373E-5 3.71833E-5 3.6145E-5 3.31972E-5 3.21069E-5 2.90734E-5 2.75579E-5 2.52016E-5 2.39134E-5 2.39926E-5 2.4428E-5 2.65333E-5 2.37144E-5 1.66564E-5 1.27159E-5 1.14944E-5 1.25102E-5 1.19605E-5 1.38136E-5 1.86163E-5 3.00291E-5 3.06519E-5 3.77754E-5 2.78149E-5 3.58425E-5 3.54433E-5 3.15996E-5 1.04495E-5
3.30497E-5 3.54637E-5 5.53914E-5 4.9203E-5 6.29535E-5 8.13083E-5 7.83524E-5 8.02966E-5 8.85181E-5 7.95944E-5 6.981E-5 5.93446E-5 3.15391E-5 1.483E-5 1.24287E-5 9.91854E-6 6.09863E-6 5.63459E-6 9.37168E-6 9.75162E-6 9.22691E-6 4.01841E-6 6.96924E-6 2.31538E-6 4.81338E-6 2.76244E-7 6.30257E-7 6.44748E-6 6.54029E-6 6.58447E-6 5.48064E-6 8.73611E-6 1.9004E-5 2.29971E-5 2.50993E-5 3.02514E-5 3.36148E-5 4.1183E-5 3.89252E-5 3.81137E-5 3.65027E-5 3.45184E-5 3.4247E-5 3.01611E-5 2.97347E-5 2.68492E-5 2.32844E-5 2.50335E-5 2.32014E-5 1.95296E-5 1.54001E-5 1.09945E-5 1.08614E-5 9.07641E-6 1.00324E-5 1.09712E-5 1.38751E-5 2.18822E-5 3.1033E-5 3.50052E-5 2.70109E-5 5.06573E-5 7.33674E-6 2.49259E-5 3.2628E-5 1.74293E-5
2.18785E-5 2.15351E-5 3.12841E-5 4.91462E-5 4.24032E-5 4.22951E-5 6.53117E-5 8.4203E-5 9.44893E-5 8.3869E-5 4.51177E-5 2.49733E-5 1.95676E-5 1.43477E-5 1.01605E-5 9.55549E-6 9.99259E-6 5.66188E-6 6.12644E-6 9.04646E-6 9.244E-6 8.94038E-6 1.33989E-5 9.38877E-6 9.01221E-6 1.83971E-6 2.69058E-6 5.90896E-6 7.04996E-6 7.84826E-6 7.56147E-6 1.62572E-5 2.19517E-5 2.59287E-5 2.83868E-5 3.54972E-5 3.63843E-5 4.21995E-5 4.20052E-5 4.00112E-5 3.77998E-5 3.52189E-5 3.23962E-5 2.98374E-5 2.78328E-5 2.48684E-5 2.29031E-5 2.13544E-5 1.49309E-5 1.23951E-5 9.29233E-6 7.26544E-6 8.56237E-6 7.34756E-6 8.58075E-6 1.14084E-5 1.62999E-5 2.74399E-5 3.14375E-5 3.36544E-5 3.87166E-5 1.45687E-5 2.45692E-6 1.44892E-5 3.4884E-5 3.84573E-5
-9999 -9999 -9999 1.44789E-5 -9999 1.92996E-5 2.01311E-5 2.16955E-5 5.12904E-5 3.65768E-5 1.48672E-5 1.1809E-5 1.23296E-5 1.1582E-5 9.71046E-6 1.59655E-5 9.59393E-6 5.55564E-6 8.56768E-6 9.10463E-6 1.56547E-5 7.2124E-6 9.02087E-6 9.31775E-6 1.12433E-5 7.01114E-6 6.0095E-6 4.10034E-6 5.76971E-6 8.03875E-6 1.39505E-5 1.83756E-5 2.26266E-5 2.58794E-5 3.0377E-5 3.30683E-5 3.63346E-5 3.90876E-5 4.59937E-5 4.16844E-5 4.01589E-5 3.55871E-5 3.26719E-5 3.16638E-5 2.68457E-5 2.20511E-5 1.56333E-5 1.2518E-5 9.23957E-6 7.49366E-6 4.92778E-6 4.53168E-6 5.5014E-6 6.45645E-6 8.62369E-6 1.26333E-5 2.04742E-5 2.71282E-5 2.15676E-5 2.35568E-5 9.49147E-6 2.48043E-6 9.29839E-6 2.25241E-5 3.75886E-5 4.44993E-5
-9999 -9999 -9999 -9999 1.43259E-5 1.4187E-5 1.43566E-5 1.43098E-5 1.76714E-5 1.29668E-5 9.88226E-6 1.05537E-5 1.70236E-5 1.01593E-5 1.03229E-5 9.88908E-6 2.15421E-5 7.61865E-6 8.14911E-6 8.8392E-6 7.40503E-6 7.17563E-6 4.48193E-6 3.35225E-6 4.22121E-6 7.0354E-6 5.50992E-6 1.48482E-6 3.29109E-6 1.29177E-5 1.56221E-5 1.72683E-5 2.30854E-5 4.43782E-5 2.85367E-5 3.01565E-5 3.26743E-5 4.1691E-5 4.11153E-5 4.13622E-5 3.94483E-5 3.58111E-5 2.79867E-5 2.15993E-5 1.75287E-5 1.38179E-5 9.67825E-6 5.94116E-6 4.37886E-6 3.8044E-6 3.49585E-6 3.94195E-6 5.40453E-6 7.52516E-6 1.02898E-5 2.02354E-5 2.80402E-5 3.42196E-5 4.37907E-6 5.79801E-6 3.59989E-6 9.46424E-7 1.51861E-5 5.68781E-6 4.13714E-5 9.28458E-6
-9999 -9999 -9999 -9999 -9999 1.44816E-5 -9999 1.31634E-5 1.09235E-5 1.00225E-5 9.72651E-6 1.05056E-5 1.17508E-5 9.78961E-6 8.94853E-6 9.34392E-6 9.11861E-6 4.31406E-6 6.96668E-6 7.28214E-6 1.94232E-6 1.96834E-6 3.62106E-6 8.19346E-6 3.47063E-6 7.53771E-6 3.56105E-6 1.47028E-6 9.32988E-6 1.36195E-5 1.49912E-5 1.60138E-5 2.04935E-5 2.18079E-5 2.90541E-5 2.63377E-5 2.93077E-5 3.14801E-5 3.23552E-5 2.99329E-5 2.45381E-5 1.89534E-5 1.42566E-5 1.09577E-5 8.61552E-6 7.50991E-6 5.18256E-6 3.08998E-6 2.97729E-6 3.26835E-6 3.74237E-6 4.74743E-6 7.06784E-6 1.00824E-5 1.39534E-5 1.97264E-5 3.63911E-5 3.77115E-5 4.36239E-5 4.36959E-5 1.13686E-5 5.39185E-6 6.04823E-6 1.88216E-5 6.64066E-6 5.81324E-6
-9999 -9999 -9999 -9999 -9999 1.60674E-5 1.61087E-5 1.30014E-5 1.07727E-5 2.0858E-5 1.00298E-5 1.00873E-5 9.96929E-6 9.51354E-6 8.97335E-6 8.40916E-6 7.81443E-6 6.44276E-6 8.23742E-6 8.19388E-6 6.97209E-6 1.05672E-6 6.53207E-6 4.37221E-6 4.47539E-6 3.60078E-6 4.01901E-6 4.70986E-6 1.03657E-5 1.23764E-5 1.42423E-5 1.61966E-5 1.87601E-5 2.0232E-5 2.28336E-5 2.18157E-5 2.54085E-5 2.36493E-5 2.35052E-5 1.94374E-5 1.55636E-5 1.1274E-5 7.70959E-6 6.62054E-6 6.74783E-6 4.38581E-6 3.89023E-6 3.27695E-6 3.37127E-6 3.34302E-6 3.93781E-6 5.0482E-6 6.67886E-6 9.42064E-6 1.44499E-5 2.15253E-5 3.55866E-5 4.30881E-5 5.69297E-5 4.87614E-5 4.86615E-5 4.38275E-5 3.52166E-5 3.40624E-6 2.48058E-6 9.42294E-6
-9999 -9999 -9999 -9999 -9999 -9999 -9999 1.44729E-5 1.22879E-5 1.10305E-5 1.01942E-5 9.46808E-6 9.80146E-6 1.01337E-5 1.01348E-5 8.75009E-6 8.28672E-6 8.12281E-6 8.07616E-6 7.45487E-6 5.46561E-6 3.28635E-6 3.16489E-6 1.11554E-6 1.01277E-5 3.01695E-6 7.7146E-6 8.79947E-6 1.205E-5 1.36553E-5 1.39245E-5 2.76217E-5 1.64325E-5 1.711E-5 1.78039E-5 1.5771E-5 1.50627E-5 1.4181E-5 1.3489E-5 9.43582E-6 8.87817E-6 6.3874E-6 5.04491E-6 4.93141E-6 7.82672E-6 8.01302E-6 3.86977E-6 3.24718E-6 3.57819E-6 3.95046E-6 3.67658E-6 4.29071E-6 7.7728E-6 9.20151E-6 1.74631E-5 3.37369E-5 3.87343E-5 4.71194E-5 4.9709E-5 5.01422E-5 4.37324E-5 1.54074E-5 2.24072E-5 2.85561E-5 2.84009E-5 2.88619E-5
-9999 -9999 -9999 -9999 -9999 -9999 1.50209E-5 1.45457E-5 1.30265E-5 1.01013E-5 9.42071E-6 9.48674E-6 9.76957E-6 1.6501E-5 9.95195E-6 9.48447E-6 1.53197E-5 8.11268E-6 7.63841E-6 6.99916E-6 7.43379E-6 7.77126E-6 7.23908E-6 1.93081E-6 2.04382E-6 2.08817E-6 7.9071E-6 9.33176E-6 9.91715E-6 1.11632E-5 1.20577E-5 1.34988E-5 1.29089E-5 1.17887E-5 1.11797E-5 1.10499E-5 9.31075E-6 8.04679E-6 7.00047E-6 5.89604E-6 4.92258E-6 3.95763E-6 4.89858E-6 2.06364E-5 1.81301E-5 7.05407E-6 4.14474E-6 3.97808E-6 3.9697E-6 4.26729E-6 4.00428E-6 4.20654E-6 8.31138E-6 1.37499E-5 2.58335E-5 3.18293E-5 4.33914E-5 4.55862E-5 4.49467E-5 4.83622E-5 4.90641E-5 6.50353E-6 1.41882E-5 3.4988E-5 4.36566E-5 2.25473E-5
-9999 -9999 -9999 -9999 -9999 -9999 1.44989E-5 1.51413E-5 -9999 9.84041E-6 9.32696E-6 9.10031E-6 8.82549E-6 8.90002E-6 8.76889E-6 8.70313E-6 8.40626E-6 8.15792E-6 7.62031E-6 7.55247E-6 9.22277E-6 9.69269E-6 8.60049E-6 7.13721E-6 7.2328E-6 6.72002E-6 6.64866E-6 7.04529E-6 7.91374E-6 7.74672E-6 7.33516E-6 7.02259E-6 6.85119E-6 6.791E-6 5.8485E-6 5.58862E-6 4.92431E-6 5.13987E-6 5.05541E-6 5.12224E-6 4.84531E-6 4.0327E-6 5.05457E-6 1.31202E-5 1.33721E-5 4.54137E-6 3.16531E-6 3.22421E-6 3.33394E-6 3.80055E-6 4.16212E-6 6.08357E-6 8.29025E-6 1.16423E-5 1.22752E-5 2.80813E-5 3.96417E-5 3.53701E-5 3.9943E-5 5.37751E-5 9.2345E-5 6.33917E-5 3.37508E-5 1.47853E-5 2.78539E-5 4.73755E-5
-9999 -9999 -9999 -9999 -9999 -9999 -9999 1.59792E-5 1.14545E-5 9.64289E-6 9.03173E-6 9.13952E-6 9.31047E-6 8.99337E-6 8.60242E-6 9.66906E-6 9.5552E-6 9.09406E-6 7.94845E-6 8.55553E-6 9.7274E-6 1.00191E-5 8.79679E-6 8.22547E-6 8.1579E-6 7.30286E-6 6.92228E-6 5.95181E-6 6.02394E-6 5.97829E-6 5.46277E-6 5.30186E-6 5.18797E-6 5.17654E-6 4.87565E-6 4.62446E-6 4.64071E-6 5.09022E-6 5.39961E-6 5.39599E-6 5.1827E-6 4.35618E-6 3.56131E-6 3.11723E-6 2.93398E-6 2.87752E-6 3.01197E-6 3.34494E-6 3.58035E-6 3.49371E-6 3.62699E-6 5.24255E-6 7.18533E-6 8.39007E-6 1.58379E-5 2.42793E-5 3.61619E-5 4.07659E-5 4.47848E-5 4.3983E-5 5.25946E-5 4.72634E-5 4.6033E-5 5.44611E-5 5.30674E-5 1.73017E-5
