catData/rasterBestHybridModels/Pbengalensis/RD_BM001_RM2_LQH/Pbengalensis_min.asc
ncols         409
nrows         350
xllcorner     60.897278365
yllcorner     5.843756025
cellsize      0.0892857
NODATA_value  -9999
[rows 87 to 115 of 350, columns 198 to 263 of 409]
7.06417E-5 6.7065E-5 6.40831E-5 7.40686E-5 8.18552E-5 8.53871E-5 9.00587E-5 1.05619E-4 1.34823E-4 1.65596E-4 1.91999E-4 2.28593E-4 2.84161E-4 2.65921E-4 2.45629E-4 2.85919E-4 2.7204E-4 2.86407E-4 2.76118E-4 2.208E-4 2.75161E-4 2.97369E-4 3.03774E-4 2.82807E-4 2.68795E-4 2.68326E-4 2.57765E-4 2.8394E-4 2.98771E-4 2.63659E-4 2.76406E-4 3.05535E-4 2.96857E-4 2.59493E-4 2.45963E-4 2.36181E-4 2.64067E-4 2.82389E-4 3.01429E-4 3.19163E-4 3.71436E-4 3.17755E-4 2.97535E-4 2.63598E-4 1.81707E-4 2.2027E-4 1.85794E-4 1.71945E-4 1.67843E-4 1.43611E-4 1.35614E-4 1.37323E-4 1.47555E-4 1.47822E-4 -9999 -9999 -9999 -9999 -9999 1.44648E-4 2.08488E-4 -9999 -9999 -9999 -9999 -9999
6.25495E-5 6.22835E-5 6.33346E-5 6.07345E-5 9.27494E-5 7.28095E-5 7.62135E-5 9.12254E-5 1.01031E-4 1.09874E-4 1.16593E-4 1.47301E-4 1.95465E-4 2.25696E-4 2.09401E-4 2.22531E-4 2.10811E-4 1.9806E-4 2.06864E-4 1.97326E-4 2.63225E-4 3.28613E-4 3.22192E-4 3.03841E-4 2.89207E-4 2.98378E-4 2.68711E-4 2.27999E-4 2.62307E-4 2.15508E-4 2.73623E-4 2.98002E-4 2.85537E-4 2.71297E-4 2.56237E-4 2.78571E-4 2.61759E-4 2.77975E-4 2.96001E-4 3.11982E-4 3.5104E-4 3.3999E-4 2.92561E-4 2.74359E-4 2.424E-4 2.63928E-4 2.24637E-4 1.8043E-4 1.94697E-4 1.68155E-4 1.4352E-4 1.44858E-4 1.50003E-4 1.40858E-4 1.41331E-4 1.42533E-4 -9999 1.12915E-4 1.22494E-4 1.85802E-4 2.33074E-4 2.08389E-4 1.66311E-4 -9999 -9999 -9999
6.16653E-5 6.71233E-5 5.36E-5 5.58863E-5 6.13905E-5 6.7869E-5 6.99184E-5 8.22045E-5 8.99986E-5 9.43192E-5 9.28338E-5 9.70088E-5 1.10042E-4 1.33854E-4 1.47135E-4 1.52165E-4 1.56046E-4 1.47029E-4 1.60832E-4 1.53204E-4 1.76491E-4 2.16414E-4 2.54227E-4 2.64075E-4 2.63722E-4 2.94559E-4 2.89262E-4 2.42959E-4 2.46796E-4 2.75131E-4 2.77739E-4 2.93917E-4 2.76396E-4 2.77042E-4 2.73682E-4 2.72722E-4 2.69618E-4 2.66191E-4 3.09762E-4 3.25211E-4 3.27583E-4 3.05297E-4 2.78277E-4 2.65875E-4 2.50425E-4 2.36992E-4 2.19608E-4 2.17222E-4 2.08023E-4 1.58942E-4 1.50738E-4 1.66101E-4 1.58386E-4 1.59411E-4 1.60354E-4 1.35568E-4 8.93201E-5 9.06008E-5 1.22021E-4 2.47002E-4 2.48922E-4 2.2043E-4 -9999 -9999 -9999 -9999
5.40853E-5 5.82549E-5 5.76729E-5 5.95984E-5 6.36611E-5 6.88469E-5 6.42165E-5 6.83192E-5 7.4899E-5 8.24758E-5 8.26196E-5 9.7131E-5 9.27867E-5 9.72641E-5 9.75047E-5 9.43859E-5 1.15049E-4 1.00993E-4 1.32237E-4 1.47567E-4 1.84416E-4 2.30228E-4 2.53394E-4 2.69774E-4 2.48102E-4 2.42237E-4 2.44979E-4 2.39958E-4 2.34579E-4 2.68541E-4 2.6906E-4 2.93526E-4 2.48861E-4 3.13087E-4 3.18041E-4 3.28009E-4 3.20851E-4 3.06373E-4 3.05576E-4 3.12853E-4 3.00503E-4 2.70752E-4 2.62559E-4 2.78363E-4 2.4103E-4 2.513E-4 2.14633E-4 2.03411E-4 1.91354E-4 1.85708E-4 1.70999E-4 1.74741E-4 1.65967E-4 1.69624E-4 1.56365E-4 1.38905E-4 1.01779E-4 1.2357E-4 1.92692E-4 2.73409E-4 2.64108E-4 1.83407E-4 -9999 -9999 -9999 -9999
5.01649E-5 4.93285E-5 5.60087E-5 5.76128E-5 5.5085E-5 5.69419E-5 5.84932E-5 6.62814E-5 6.32622E-5 6.615E-5 8.79264E-5 8.58453E-5 7.98056E-5 7.80248E-5 8.31557E-5 8.9841E-5 9.45477E-5 9.39346E-5 9.48694E-5 1.05442E-4 1.01541E-4 1.3664E-4 1.97143E-4 2.44495E-4 2.19265E-4 2.02181E-4 1.97011E-4 1.75899E-4 1.83046E-4 2.25941E-4 2.33754E-4 2.42454E-4 2.29773E-4 2.44669E-4 3.09233E-4 3.41215E-4 3.38614E-4 3.30689E-4 3.25808E-4 2.78018E-4 2.53255E-4 2.44269E-4 2.70076E-4 2.64879E-4 2.54283E-4 2.48903E-4 2.28627E-4 1.95992E-4 1.79132E-4 1.94613E-4 2.00083E-4 2.00032E-4 1.84196E-4 2.04963E-4 1.6886E-4 1.30078E-4 1.53076E-4 1.98192E-4 3.01512E-4 3.21302E-4 2.4652E-4 1.73946E-4 -9999 -9999 -9999 -9999
5.19194E-5 5.12422E-5 5.33055E-5 5.58292E-5 5.67378E-5 5.81068E-5 5.97861E-5 5.7731E-5 5.75323E-5 5.70611E-5 6.02645E-5 7.22832E-5 6.85907E-5 7.20682E-5 7.53924E-5 9.174E-5 9.40594E-5 9.58032E-5 9.77279E-5 9.17267E-5 8.39999E-5 8.57499E-5 1.00485E-4 1.37272E-4 1.50752E-4 1.86026E-4 2.11545E-4 1.87462E-4 1.71596E-4 1.57067E-4 1.67783E-4 1.84158E-4 2.15001E-4 2.33918E-4 2.53237E-4 2.74711E-4 3.09805E-4 3.20459E-4 3.04198E-4 2.80861E-4 2.36757E-4 2.27581E-4 2.14041E-4 2.40705E-4 2.46307E-4 2.21336E-4 1.93298E-4 1.83428E-4 1.79761E-4 1.91905E-4 2.00702E-4 1.86482E-4 1.90802E-4 1.91666E-4 1.63139E-4 1.46578E-4 2.14951E-4 3.08616E-4 3.2189E-4 2.42626E-4 1.57543E-4 1.50171E-4 1.46851E-4 1.54233E-4 1.58582E-4 -9999
5.74449E-5 5.07983E-5 5.33859E-5 6.12418E-5 5.52284E-5 5.61233E-5 5.42443E-5 5.38673E-5 5.47476E-5 5.49209E-5 5.84644E-5 6.53117E-5 5.72448E-5 6.32886E-5 6.59698E-5 9.40329E-5 9.73668E-5 1.02383E-4 1.00485E-4 8.45734E-5 8.41474E-5 8.90818E-5 8.90667E-5 9.34247E-5 9.23882E-5 9.34936E-5 1.06842E-4 1.39139E-4 1.70485E-4 1.78293E-4 1.33529E-4 1.45323E-4 1.8454E-4 2.3693E-4 2.74063E-4 2.90093E-4 3.00092E-4 2.83743E-4 2.46768E-4 2.48006E-4 2.45027E-4 2.36527E-4 2.39521E-4 2.5686E-4 2.44361E-4 2.13207E-4 2.05953E-4 2.19904E-4 1.95296E-4 1.88158E-4 1.64888E-4 1.29321E-4 9.52489E-5 8.43024E-5 1.24621E-4 1.60296E-4 3.00071E-4 3.16149E-4 2.92238E-4 2.30131E-4 1.87454E-4 1.86761E-4 2.07172E-4 1.96172E-4 1.78249E-4 1.59146E-4
5.26105E-5 4.84689E-5 5.06561E-5 5.15595E-5 5.47493E-5 5.13451E-5 5.73919E-5 5.1698E-5 5.34622E-5 5.41396E-5 5.56724E-5 5.66645E-5 5.78521E-5 6.34935E-5 6.49615E-5 9.01155E-5 8.57811E-5 8.57504E-5 9.70246E-5 8.22837E-5 7.75341E-5 8.58735E-5 9.04677E-5 8.19256E-5 8.03999E-5 7.91796E-5 7.84159E-5 8.94304E-5 1.02807E-4 1.51288E-4 1.33394E-4 1.67806E-4 1.70709E-4 2.28199E-4 3.16147E-4 3.01662E-4 3.15519E-4 2.7075E-4 2.43461E-4 2.36133E-4 2.33871E-4 2.59212E-4 2.55889E-4 2.44637E-4 2.35406E-4 2.29508E-4 2.21945E-4 2.12905E-4 2.10666E-4 2.26596E-4 2.2503E-4 2.25009E-4 2.1921E-4 1.97162E-4 1.76307E-4 2.55326E-4 2.99091E-4 3.37137E-4 2.00147E-4 1.4449E-4 1.79802E-4 2.42572E-4 2.56483E-4 2.25275E-4 2.361E-4 2.42473E-4
5.02996E-5 5.27255E-5 4.84088E-5 4.97599E-5 5.16556E-5 5.39111E-5 5.38098E-5 5.12293E-5 5.08086E-5 5.56911E-5 5.92607E-5 5.59981E-5 5.72577E-5 6.22969E-5 6.25677E-5 7.83892E-5 7.61059E-5 7.59199E-5 8.41145E-5 9.05261E-5 8.25135E-5 9.04417E-5 9.49147E-5 9.52771E-5 8.53814E-5 7.75055E-5 8.24167E-5 7.98952E-5 8.90581E-5 1.11153E-4 1.13747E-4 1.46193E-4 1.93701E-4 1.97205E-4 2.3753E-4 2.48557E-4 3.06563E-4 2.84758E-4 2.34257E-4 2.44634E-4 2.51256E-4 2.62987E-4 2.69349E-4 2.54028E-4 2.48257E-4 2.44869E-4 2.35956E-4 2.25549E-4 2.49813E-4 2.51656E-4 2.47055E-4 2.56025E-4 2.71235E-4 2.87929E-4 3.01638E-4 2.88548E-4 3.01135E-4 3.34589E-4 3.01719E-4 2.27842E-4 2.09983E-4 2.18299E-4 1.70754E-4 2.27513E-4 3.07628E-4 3.01059E-4
4.26253E-5 4.61742E-5 4.87465E-5 4.96012E-5 5.26264E-5 5.12674E-5 5.04625E-5 5.16981E-5 4.75788E-5 5.21789E-5 5.59414E-5 6.09261E-5 6.18533E-5 6.1852E-5 6.73486E-5 7.15742E-5 8.42954E-5 7.42177E-5 7.479E-5 8.91447E-5 8.84972E-5 8.89941E-5 9.92763E-5 9.62125E-5 9.42525E-5 9.4275E-5 8.3635E-5 8.4892E-5 1.05697E-4 1.0451E-4 9.923E-5 1.24928E-4 1.42928E-4 1.74043E-4 1.89623E-4 2.13757E-4 2.30996E-4 2.52603E-4 2.42167E-4 2.83356E-4 3.11213E-4 2.91193E-4 2.82564E-4 2.75271E-4 2.70273E-4 2.87993E-4 2.49687E-4 2.43744E-4 2.45008E-4 2.43162E-4 2.36748E-4 2.38595E-4 2.52945E-4 2.67612E-4 3.08994E-4 2.99794E-4 3.1335E-4 3.28628E-4 3.43639E-4 3.39918E-4 3.32713E-4 3.49075E-4 2.98198E-4 2.59932E-4 3.13337E-4 3.26021E-4
4.47483E-5 4.4222E-5 4.92234E-5 4.41253E-5 4.5192E-5 4.7886E-5 4.81536E-5 4.97299E-5 4.46658E-5 4.52421E-5 4.64376E-5 5.53049E-5 5.93467E-5 5.57542E-5 5.72756E-5 7.95048E-5 7.00673E-5 6.72087E-5 6.90339E-5 7.96086E-5 9.10018E-5 9.17923E-5 8.76276E-5 8.64068E-5 9.27034E-5 8.29101E-5 7.64632E-5 9.06477E-5 9.51506E-5 9.81009E-5 9.82076E-5 1.12758E-4 1.34566E-4 1.56927E-4 1.63608E-4 1.91186E-4 2.09119E-4 2.50793E-4 3.025E-4 3.19699E-4 3.06418E-4 3.02853E-4 2.91739E-4 2.92816E-4 2.88294E-4 2.68945E-4 2.61089E-4 2.80458E-4 2.9041E-4 2.61089E-4 2.52995E-4 2.47138E-4 2.6037E-4 2.78332E-4 2.95153E-4 3.06693E-4 3.21973E-4 3.52168E-4 3.1451E-4 3.27931E-4 3.45823E-4 3.37361E-4 3.22883E-4 3.03216E-4 3.11423E-4 3.38455E-4
4.17383E-5 4.56027E-5 4.59767E-5 4.696E-5 4.87319E-5 4.80577E-5 4.58936E-5 4.53724E-5 4.79418E-5 4.91074E-5 4.72495E-5 4.96317E-5 5.1372E-5 5.81054E-5 5.48892E-5 6.65073E-5 6.87668E-5 6.42312E-5 6.42376E-5 9.15022E-5 9.50161E-5 7.58509E-5 7.97021E-5 7.33842E-5 7.53579E-5 6.89361E-5 6.97682E-5 9.21327E-5 9.13198E-5 9.69377E-5 1.00676E-4 1.08224E-4 1.09235E-4 1.16818E-4 1.18925E-4 1.40262E-4 1.6539E-4 1.80182E-4 2.2998E-4 2.74266E-4 2.81536E-4 2.94638E-4 3.17383E-4 3.19617E-4 3.3065E-4 2.68108E-4 2.5798E-4 2.73123E-4 2.86073E-4 2.81072E-4 2.70715E-4 2.58318E-4 2.93796E-4 2.84761E-4 3.04011E-4 3.14413E-4 3.36492E-4 3.09164E-4 2.9002E-4 3.03943E-4 3.32776E-4 3.04834E-4 2.98506E-4 3.15999E-4 3.61381E-4 3.4159E-4
3.58377E-5 4.02514E-5 4.3402E-5 4.57856E-5 4.6828E-5 4.83316E-5 4.47145E-5 4.38616E-5 4.39856E-5 5.15545E-5 4.83462E-5 4.90576E-5 5.06095E-5 5.10947E-5 5.91391E-5 6.60123E-5 6.41498E-5 5.81735E-5 5.93257E-5 7.61005E-5 8.0512E-5 8.37133E-5 6.39828E-5 6.16682E-5 7.9069E-5 6.78594E-5 7.11719E-5 7.44893E-5 8.57899E-5 9.05773E-5 1.05487E-4 8.76022E-5 8.48113E-5 8.22037E-5 8.69144E-5 1.02448E-4 1.38113E-4 1.6365E-4 1.92976E-4 2.07787E-4 2.55008E-4 2.76138E-4 3.1051E-4 3.17813E-4 2.95138E-4 2.78929E-4 2.66176E-4 3.05019E-4 2.97788E-4 2.95627E-4 2.95208E-4 2.5196E-4 2.42628E-4 2.84763E-4 3.0041E-4 3.14294E-4 3.04572E-4 2.9131E-4 3.18905E-4 3.01205E-4 2.6979E-4 2.63513E-4 2.6522E-4 3.19567E-4 3.47236E-4 3.29501E-4
4.04161E-5 3.98309E-5 4.04859E-5 4.07413E-5 4.27806E-5 4.3389E-5 4.7967E-5 4.68385E-5 5.05302E-5 5.20893E-5 5.16823E-5 4.6891E-5 5.33986E-5 5.67485E-5 5.78288E-5 6.00829E-5 6.22886E-5 5.99967E-5 5.98113E-5 5.89681E-5 6.25534E-5 6.41725E-5 5.98229E-5 5.64968E-5 5.58376E-5 7.684E-5 7.55886E-5 6.78325E-5 8.5551E-5 7.45095E-5 9.26831E-5 7.13028E-5 7.1337E-5 7.25637E-5 8.19209E-5 9.82421E-5 1.03161E-4 1.24302E-4 1.76929E-4 1.79682E-4 1.81483E-4 1.93833E-4 2.11283E-4 2.65049E-4 2.73502E-4 2.58252E-4 2.60931E-4 2.71033E-4 2.98949E-4 3.19995E-4 2.7934E-4 2.50669E-4 2.31968E-4 2.59315E-4 3.18009E-4 3.15386E-4 2.81475E-4 3.30447E-4 3.05881E-4 2.75754E-4 2.58461E-4 2.30585E-4 2.29751E-4 2.37662E-4 2.65384E-4 2.87048E-4
4.37814E-5 3.85651E-5 4.10604E-5 4.02135E-5 4.3887E-5 4.65049E-5 4.35875E-5 4.30879E-5 4.41577E-5 4.61771E-5 4.50695E-5 4.6712E-5 4.95109E-5 5.56378E-5 5.51906E-5 5.1778E-5 5.36154E-5 5.41231E-5 5.87766E-5 5.30594E-5 5.63646E-5 5.69478E-5 6.08128E-5 5.99827E-5 5.48995E-5 5.77754E-5 7.17894E-5 7.3925E-5 6.75584E-5 7.02874E-5 6.99826E-5 7.01552E-5 6.82542E-5 7.22488E-5 7.15982E-5 9.1994E-5 9.70735E-5 9.83673E-5 1.10544E-4 1.47168E-4 1.73308E-4 1.8291E-4 1.5871E-4 1.63213E-4 2.36177E-4 2.7023E-4 2.55312E-4 2.42957E-4 2.96302E-4 3.02746E-4 2.71466E-4 2.54723E-4 2.44175E-4 2.54743E-4 3.15451E-4 2.97437E-4 2.80742E-4 3.25029E-4 2.90379E-4 3.10322E-4 2.79226E-4 2.11326E-4 2.33554E-4 2.35987E-4 2.46845E-4 2.11735E-4
4.11149E-5 4.12188E-5 5.21095E-5 3.99271E-5 4.16884E-5 4.33034E-5 4.03682E-5 4.06653E-5 4.41226E-5 4.65714E-5 5.00015E-5 4.88757E-5 5.10002E-5 4.85669E-5 5.14588E-5 5.4612E-5 5.06178E-5 5.07239E-5 5.00958E-5 5.08543E-5 5.27223E-5 5.19099E-5 5.10666E-5 5.31354E-5 5.92305E-5 5.47983E-5 5.60532E-5 7.00033E-5 6.37561E-5 8.10224E-5 7.07888E-5 8.00569E-5 5.93262E-5 5.88677E-5 6.42959E-5 7.40944E-5 9.78889E-5 1.06294E-4 1.15854E-4 1.20636E-4 1.27151E-4 1.44426E-4 1.5809E-4 1.5667E-4 1.59806E-4 2.24228E-4 2.52809E-4 2.15108E-4 2.19423E-4 2.37596E-4 2.98297E-4 2.84542E-4 2.38826E-4 2.62166E-4 2.63319E-4 2.64364E-4 2.57938E-4 2.62663E-4 2.64034E-4 2.75607E-4 2.39519E-4 2.01473E-4 1.87718E-4 1.91623E-4 2.1745E-4 2.09516E-4
3.77444E-5 4.02968E-5 4.05493E-5 4.39031E-5 4.39878E-5 4.12589E-5 3.82673E-5 4.11696E-5 4.05096E-5 4.06026E-5 3.88288E-5 4.44065E-5 4.61854E-5 4.96632E-5 4.9549E-5 7.33459E-5 4.85927E-5 5.31179E-5 5.22544E-5 5.31808E-5 5.53838E-5 5.02343E-5 5.39312E-5 5.73323E-5 5.26631E-5 5.29432E-5 5.48617E-5 7.78052E-5 6.04851E-5 5.85554E-5 6.23238E-5 5.83423E-5 6.72403E-5 5.74634E-5 5.71275E-5 6.7946E-5 6.90482E-5 6.9416E-5 8.33845E-5 9.42267E-5 1.27992E-4 1.35207E-4 1.14629E-4 1.11049E-4 1.13445E-4 1.31472E-4 1.4912E-4 1.52465E-4 1.97293E-4 2.18774E-4 2.30364E-4 2.61256E-4 2.56102E-4 2.73921E-4 2.97841E-4 2.86278E-4 2.62886E-4 2.79662E-4 2.40122E-4 2.03512E-4 2.05652E-4 2.07812E-4 1.88654E-4 2.06062E-4 2.15018E-4 2.34307E-4
3.43754E-5 4.15624E-5 4.07129E-5 3.76875E-5 4.01769E-5 5.01176E-5 4.33722E-5 4.05323E-5 3.9631E-5 3.78974E-5 3.81249E-5 4.11924E-5 4.17717E-5 4.74852E-5 5.10241E-5 5.37254E-5 5.24366E-5 4.9348E-5 4.9664E-5 5.43928E-5 5.20711E-5 5.13641E-5 5.56447E-5 5.40042E-5 5.07208E-5 5.27447E-5 5.54897E-5 7.72299E-5 7.35086E-5 5.52204E-5 5.85337E-5 5.57183E-5 6.65557E-5 5.54598E-5 5.44994E-5 5.79896E-5 6.54043E-5 7.17311E-5 7.78309E-5 6.71152E-5 8.36275E-5 1.14588E-4 1.46206E-4 1.42396E-4 1.27736E-4 1.26047E-4 1.16258E-4 1.37951E-4 1.42539E-4 1.36102E-4 1.39711E-4 1.47719E-4 1.91639E-4 2.49485E-4 2.41725E-4 2.34143E-4 2.72135E-4 2.70574E-4 2.69993E-4 2.30983E-4 2.31529E-4 2.30117E-4 2.23847E-4 2.3823E-4 2.1589E-4 1.81358E-4
3.44298E-5 3.84539E-5 4.02037E-5 3.88644E-5 3.85946E-5 3.43204E-5 4.73045E-5 3.98984E-5 4.02722E-5 4.23605E-5 4.08881E-5 4.47774E-5 4.51814E-5 4.09494E-5 4.63263E-5 5.01446E-5 5.43233E-5 6.198E-5 5.18269E-5 5.55672E-5 5.77524E-5 5.29816E-5 5.69657E-5 5.67944E-5 5.07495E-5 5.36441E-5 5.52037E-5 6.09549E-5 5.88804E-5 5.337E-5 6.17678E-5 5.23522E-5 5.66486E-5 5.35724E-5 5.63668E-5 5.85792E-5 6.06327E-5 6.87992E-5 7.70445E-5 6.82317E-5 6.07479E-5 6.99792E-5 1.06907E-4 1.32101E-4 1.32714E-4 1.15377E-4 9.80624E-5 1.02866E-4 8.69104E-5 8.38205E-5 8.57847E-5 1.05532E-4 1.10517E-4 1.20696E-4 1.34106E-4 1.49351E-4 2.13171E-4 1.95852E-4 1.59932E-4 1.38825E-4 1.47336E-4 1.32803E-4 1.35445E-4 1.38734E-4 1.35916E-4 1.41951E-4
3.22195E-5 3.39726E-5 3.54785E-5 3.57371E-5 3.77097E-5 3.52666E-5 3.62291E-5 4.00655E-5 4.27699E-5 4.28988E-5 4.17171E-5 4.51994E-5 4.13933E-5 4.32362E-5 5.31955E-5 5.16077E-5 5.3263E-5 5.42631E-5 5.58202E-5 6.20736E-5 5.51965E-5 5.24966E-5 5.19615E-5 5.93126E-5 5.19002E-5 5.18626E-5 5.261E-5 5.93263E-5 5.85572E-5 5.17116E-5 5.50563E-5 5.66646E-5 5.65654E-5 5.42628E-5 5.35866E-5 5.45676E-5 5.90019E-5 7.47823E-5 7.43776E-5 6.72681E-5 6.10173E-5 6.48028E-5 7.35218E-5 8.86589E-5 8.77481E-5 8.62821E-5 7.57855E-5 7.21123E-5 7.48783E-5 7.01415E-5 7.20004E-5 9.04123E-5 7.74743E-5 9.15304E-5 8.7179E-5 9.64042E-5 1.07725E-4 1.23674E-4 1.2445E-4 1.16401E-4 1.01105E-4 1.00273E-4 1.10481E-4 1.17796E-4 1.24362E-4 1.30549E-4
3.37044E-5 3.35328E-5 3.48608E-5 3.32013E-5 3.28764E-5 3.41182E-5 3.30642E-5 3.70928E-5 3.98E-5 3.74518E-5 3.92655E-5 5.58663E-5 4.33276E-5 4.4577E-5 4.63468E-5 4.5525E-5 4.70447E-5 5.10439E-5 5.60198E-5 6.06607E-5 4.82874E-5 5.26929E-5 5.74317E-5 6.57193E-5 5.79478E-5 6.26163E-5 5.18263E-5 5.3208E-5 5.15605E-5 5.0655E-5 4.90244E-5 6.16163E-5 5.18061E-5 5.30302E-5 5.64398E-5 5.42459E-5 5.17841E-5 5.82623E-5 6.53586E-5 6.54491E-5 6.99244E-5 6.63864E-5 7.47295E-5 7.30281E-5 7.21572E-5 7.2635E-5 7.06868E-5 6.75689E-5 6.4616E-5 5.90382E-5 6.1543E-5 7.05729E-5 7.8337E-5 7.81726E-5 8.20796E-5 8.81754E-5 8.93785E-5 9.46246E-5 1.07844E-4 1.28758E-4 1.18505E-4 1.17081E-4 1.26889E-4 1.21153E-4 1.24909E-4 1.52813E-4
3.39451E-5 3.32836E-5 3.39373E-5 3.28888E-5 3.25296E-5 3.54925E-5 3.67264E-5 3.38871E-5 3.42891E-5 3.54743E-5 3.68981E-5 3.91595E-5 3.74352E-5 4.17555E-5 4.37128E-5 4.81427E-5 4.98827E-5 4.95176E-5 4.76884E-5 5.14413E-5 4.89105E-5 5.03053E-5 5.29701E-5 6.40688E-5 5.6604E-5 5.40639E-5 5.41684E-5 5.20105E-5 5.08684E-5 5.68029E-5 4.99772E-5 5.01866E-5 4.79508E-5 5.57624E-5 6.0564E-5 5.6434E-5 5.1742E-5 6.24701E-5 6.81349E-5 6.50961E-5 6.78051E-5 6.7874E-5 7.13154E-5 7.38511E-5 7.13201E-5 6.57533E-5 6.35552E-5 6.58497E-5 5.75808E-5 5.84957E-5 5.65315E-5 6.29843E-5 7.02736E-5 7.50522E-5 7.7569E-5 9.12496E-5 8.15083E-5 8.85938E-5 9.32535E-5 1.20246E-4 1.21998E-4 1.12397E-4 1.14219E-4 1.25616E-4 1.34768E-4 1.41451E-4
3.31073E-5 3.29062E-5 3.42694E-5 3.28656E-5 3.23417E-5 3.30478E-5 3.55963E-5 3.50574E-5 3.57331E-5 3.51906E-5 3.62786E-5 3.83688E-5 4.22278E-5 4.09194E-5 4.3041E-5 4.25921E-5 4.55007E-5 4.72107E-5 4.52523E-5 5.12495E-5 5.04204E-5 4.98752E-5 5.00955E-5 4.75015E-5 5.3225E-5 5.42752E-5 5.28536E-5 5.48119E-5 5.34737E-5 5.33703E-5 4.994E-5 5.21376E-5 5.25783E-5 4.85701E-5 5.11562E-5 5.20863E-5 5.58842E-5 5.71024E-5 5.62899E-5 5.84989E-5 6.85472E-5 6.09894E-5 6.3036E-5 6.47217E-5 6.3242E-5 6.10977E-5 5.73667E-5 5.89869E-5 6.13953E-5 6.10192E-5 5.70503E-5 5.55237E-5 6.33463E-5 7.12154E-5 7.36949E-5 8.39264E-5 9.1717E-5 8.34035E-5 8.61227E-5 1.00112E-4 1.12745E-4 1.05891E-4 1.16282E-4 1.17075E-4 1.22633E-4 1.19922E-4
3.35911E-5 3.14092E-5 3.34206E-5 3.37847E-5 3.57662E-5 3.29518E-5 3.16531E-5 3.39121E-5 3.46275E-5 3.3724E-5 3.48434E-5 3.69046E-5 3.67452E-5 3.91596E-5 3.81188E-5 3.95966E-5 3.86904E-5 4.92799E-5 4.59161E-5 4.7292E-5 5.6102E-5 5.85522E-5 5.54016E-5 5.26417E-5 4.8364E-5 5.25735E-5 5.81759E-5 6.03981E-5 5.97032E-5 5.71503E-5 5.28679E-5 5.5832E-5 6.02534E-5 5.28708E-5 4.87151E-5 5.57315E-5 5.62311E-5 5.12197E-5 5.25272E-5 5.27773E-5 5.81499E-5 5.64138E-5 6.2131E-5 6.35889E-5 6.28922E-5 5.65224E-5 6.39553E-5 6.35603E-5 6.47794E-5 7.09948E-5 5.76365E-5 5.83403E-5 6.47373E-5 6.58072E-5 7.06512E-5 7.8777E-5 8.14991E-5 7.91412E-5 8.05712E-5 9.21169E-5 9.45741E-5 9.05E-5 1.00667E-4 1.04844E-4 1.05064E-4 1.04401E-4
3.27208E-5 3.18178E-5 2.96669E-5 3.29728E-5 3.3146E-5 3.33788E-5 3.27113E-5 2.95573E-5 3.26401E-5 3.31225E-5 3.45319E-5 3.54065E-5 3.72777E-5 3.70154E-5 4.09868E-5 5.00207E-5 3.99841E-5 3.95821E-5 4.08564E-5 4.3454E-5 4.16341E-5 5.36314E-5 5.01701E-5 4.48662E-5 4.80554E-5 5.18061E-5 6.00761E-5 5.3139E-5 5.38067E-5 5.66294E-5 5.50159E-5 5.08829E-5 6.73924E-5 4.87686E-5 5.14365E-5 4.82009E-5 4.83489E-5 5.39137E-5 5.11172E-5 5.169E-5 5.42748E-5 5.76817E-5 5.43456E-5 5.57475E-5 5.34298E-5 4.94973E-5 5.90563E-5 6.49763E-5 6.10784E-5 6.83174E-5 6.24641E-5 6.77315E-5 6.98792E-5 6.66758E-5 6.98836E-5 8.27506E-5 8.42185E-5 7.98005E-5 7.91531E-5 7.77572E-5 8.53757E-5 9.52941E-5 8.30141E-5 8.59833E-5 9.7034E-5 7.63832E-5
2.99656E-5 3.19533E-5 3.10587E-5 2.94984E-5 2.9868E-5 3.09985E-5 3.08851E-5 3.20584E-5 3.01105E-5 3.2714E-5 3.35993E-5 3.86108E-5 3.96509E-5 3.74618E-5 4.10255E-5 4.1317E-5 3.86849E-5 4.02351E-5 4.54491E-5 4.54869E-5 4.56583E-5 4.75643E-5 4.88629E-5 5.57249E-5 5.0552E-5 5.24534E-5 4.83734E-5 5.30028E-5 5.9734E-5 5.56399E-5 5.44591E-5 5.23124E-5 4.97283E-5 5.39591E-5 5.30139E-5 4.99284E-5 4.59662E-5 4.7247E-5 5.37208E-5 5.16277E-5 5.47041E-5 5.78757E-5 5.49749E-5 5.36876E-5 4.89652E-5 4.80883E-5 4.90183E-5 5.10016E-5 5.20525E-5 5.78453E-5 6.48471E-5 6.4732E-5 6.56515E-5 6.23506E-5 5.95547E-5 6.81189E-5 7.08405E-5 7.14217E-5 8.18181E-5 7.3166E-5 7.40989E-5 7.84949E-5 7.33254E-5 6.74944E-5 6.7612E-5 6.21818E-5
3.35614E-5 3.11243E-5 3.1155E-5 3.01452E-5 2.98415E-5 3.0642E-5 3.2465E-5 3.16888E-5 3.17962E-5 3.22068E-5 3.33163E-5 3.52354E-5 4.0137E-5 3.57469E-5 3.73952E-5 4.12624E-5 3.61265E-5 3.69256E-5 4.26697E-5 3.87715E-5 4.25856E-5 5.2474E-5 4.86362E-5 5.11621E-5 5.13787E-5 5.48456E-5 4.96761E-5 4.6826E-5 5.5875E-5 8.3043E-5 5.43183E-5 5.6356E-5 5.23833E-5 7.63051E-5 5.13151E-5 4.52542E-5 4.43783E-5 4.53807E-5 5.69053E-5 5.27668E-5 5.75635E-5 5.81951E-5 5.27406E-5 5.50787E-5 5.48628E-5 5.37281E-5 5.37823E-5 5.03338E-5 4.74274E-5 5.12977E-5 6.05995E-5 6.26722E-5 5.23334E-5 5.32637E-5 5.83404E-5 6.14266E-5 6.76721E-5 7.12216E-5 7.18196E-5 7.31083E-5 7.37813E-5 7.56164E-5 6.87071E-5 5.75898E-5 5.65707E-5 5.77252E-5
4.24831E-5 4.09175E-5 4.00849E-5 3.01494E-5 3.11361E-5 3.09236E-5 3.11294E-5 3.3395E-5 3.29198E-5 3.25433E-5 3.36562E-5 3.45993E-5 3.57791E-5 3.50767E-5 3.69281E-5 4.15434E-5 4.08032E-5 4.90339E-5 3.75204E-5 4.14849E-5 4.05419E-5 5.20553E-5 5.36955E-5 4.6708E-5 4.80875E-5 6.5315E-5 6.46334E-5 4.77928E-5 4.76783E-5 5.54123E-5 5.4223E-5 5.2356E-5 4.99419E-5 4.99916E-5 4.83337E-5 5.85857E-5 4.44147E-5 4.69228E-5 5.10388E-5 5.57182E-5 5.69901E-5 5.54414E-5 5.20999E-5 5.5276E-5 5.83823E-5 6.38591E-5 5.76562E-5 5.97933E-5 5.30743E-5 5.54537E-5 5.32528E-5 5.24177E-5 4.77597E-5 5.26761E-5 6.0321E-5 6.34993E-5 6.40408E-5 6.95624E-5 7.06285E-5 7.02715E-5 7.20761E-5 6.74081E-5 5.90656E-5 5.71686E-5 5.74981E-5 6.28277E-5
3.16317E-5 3.16668E-5 3.28237E-5 3.99611E-5 3.9365E-5 3.19252E-5 3.24885E-5 3.28607E-5 3.23261E-5 3.30396E-5 3.43543E-5 3.40913E-5 3.37025E-5 3.51217E-5 3.57553E-5 3.67791E-5 3.96433E-5 4.90833E-5 3.62452E-5 4.10973E-5 4.37088E-5 4.27192E-5 4.70506E-5 4.41083E-5 4.61978E-5 6.14275E-5 6.10187E-5 4.36847E-5 4.76889E-5 5.16973E-5 5.04496E-5 5.06532E-5 4.74145E-5 4.52051E-5 4.60137E-5 4.55843E-5 4.73122E-5 5.08644E-5 5.68482E-5 7.2202E-5 8.90409E-5 5.55649E-5 5.27606E-5 5.7884E-5 5.50518E-5 5.59896E-5 5.59774E-5 5.55911E-5 4.86883E-5 5.21403E-5 5.9165E-5 5.51612E-5 4.70751E-5 7.72627E-5 6.05679E-5 6.22339E-5 6.12331E-5 6.74211E-5 6.45667E-5 5.83562E-5 5.87782E-5 5.77544E-5 5.50975E-5 5.13164E-5 6.20697E-5 6.92998E-5
