catData/rasterBestHybridModels/Pbengalensis/RD_BM001_RM2_LQH/Pbengalensis_median.asc
ncols         409
nrows         350
xllcorner     60.897278365
yllcorner     5.843756025
cellsize      0.0892857
NODATA_value  -9999
[rows 203 to 231 of 350, columns 198 to 263 of 409]
4.5497E-5 4.01704E-5 3.78222E-5 3.21774E-5 3.08395E-5 1.0796E-5 3.65144E-5 2.38843E-5 7.06873E-6 9.50451E-6 1.89631E-6 1.18811E-6 7.53396E-7 1.57785E-7 2.58855E-7 7.12792E-7 6.88704E-6 2.11465E-5 8.2154E-6 3.83742E-6 4.53046E-5 4.54565E-5 4.96627E-5 4.64674E-5 2.08066E-5 8.75088E-6 6.27182E-5 6.7563E-5 6.18364E-5 7.74118E-5 7.42462E-5 6.1234E-5 7.47296E-5 1.04479E-4 1.28705E-5 1.47303E-6 3.22054E-5 2.20829E-5 5.17502E-5 1.37575E-4 1.43335E-4 1.09718E-4 2.66749E-6 1.01563E-5 3.00646E-5 1.83969E-4 1.98603E-4 1.24956E-4 2.09698E-4 2.25092E-4 1.86264E-4 1.46029E-4 1.24248E-4 1.21781E-4 1.05368E-4 5.42204E-5 3.95365E-5 1.03593E-4 1.04677E-4 1.1622E-4 1.54101E-4 1.67047E-4 1.4372E-4 1.68113E-4 1.91468E-4 1.60367E-4
1.48224E-5 9.71396E-6 2.524E-5 5.79589E-5 3.29878E-5 4.1567E-5 2.24584E-5 1.36281E-5 3.02705E-5 1.46601E-5 6.61664E-6 2.08514E-7 1.84525E-7 1.1135E-6 5.97528E-6 2.86703E-6 4.36719E-7 2.17086E-5 3.56592E-5 5.50206E-6 5.9806E-6 2.17215E-5 4.47533E-5 2.0776E-5 3.7176E-5 4.62432E-5 5.86679E-5 7.31043E-5 9.40544E-5 1.08354E-4 3.03118E-5 5.49716E-5 7.25467E-5 9.8382E-5 8.58027E-5 1.12876E-4 1.12832E-4 1.23505E-4 1.35073E-4 1.34263E-4 1.3206E-4 1.57576E-5 3.0706E-7 1.34775E-5 2.08551E-4 1.08449E-4 2.04019E-4 1.46912E-4 2.33999E-4 2.5724E-4 2.06573E-4 1.44173E-4 1.0949E-4 1.03699E-4 8.09625E-5 8.2172E-5 1.03236E-4 1.2107E-4 1.32758E-4 6.49888E-5 1.09808E-4 1.25727E-4 1.17966E-4 1.20383E-4 1.29281E-4 1.25399E-4
2.73932E-5 3.49546E-6 9.07112E-6 4.98164E-5 5.71256E-5 4.74642E-5 4.43601E-5 4.33506E-5 2.4644E-5 1.61139E-6 1.37224E-5 2.68045E-6 1.58893E-7 2.49034E-6 4.79002E-7 1.07086E-5 2.99774E-6 3.20059E-7 5.2603E-6 1.84569E-5 3.59939E-5 2.42245E-5 1.39429E-5 2.67743E-5 1.03753E-5 6.53823E-5 5.52651E-5 7.97936E-5 1.01488E-4 1.70576E-4 9.7606E-5 8.82538E-5 9.47956E-5 9.46451E-5 1.01975E-4 9.23102E-5 7.61811E-5 1.08895E-4 1.35311E-4 1.00937E-4 1.07068E-4 1.06355E-4 8.9888E-6 5.78896E-5 1.96815E-4 4.68471E-5 2.20072E-5 3.20471E-5 1.34679E-5 2.76731E-4 2.48091E-4 1.39279E-4 9.79645E-5 4.07417E-5 3.83195E-5 6.00052E-5 9.18109E-5 1.32295E-4 1.42214E-4 9.50715E-5 6.48312E-5 1.26216E-4 1.09766E-4 1.09985E-4 9.13513E-5 5.74477E-5
2.68214E-5 7.31959E-6 3.52007E-5 5.16893E-5 3.68351E-5 1.56737E-5 3.21561E-5 1.34097E-5 4.51793E-5 4.33655E-5 1.77354E-5 9.41611E-6 6.62974E-6 1.09018E-6 8.99291E-7 5.95582E-7 4.95546E-7 1.96451E-6 1.85896E-6 2.2599E-5 2.32082E-5 3.96516E-5 1.32441E-5 4.9036E-6 4.48004E-5 5.93753E-5 6.80015E-5 9.35942E-5 1.0979E-4 2.13E-4 1.3591E-4 1.01334E-4 6.59551E-5 7.65706E-5 7.06994E-5 6.75264E-5 6.35342E-5 6.82371E-5 8.47696E-5 7.48331E-5 5.51317E-5 9.07622E-5 1.2194E-4 1.2503E-4 2.05668E-4 2.55945E-6 2.96343E-6 1.1991E-4 1.69406E-4 2.75592E-4 1.93198E-4 7.79777E-5 8.34536E-5 6.84969E-5 7.40725E-6 5.61561E-5 6.90318E-5 1.10626E-4 1.16581E-4 1.14021E-4 6.43254E-5 1.1738E-4 1.38811E-4 1.16243E-4 2.28118E-5 -9999
2.80682E-5 2.45377E-5 5.10127E-5 6.9946E-6 4.81371E-6 6.74744E-6 8.90143E-6 4.51888E-5 3.76664E-5 3.21198E-5 4.18668E-6 1.9723E-5 4.51618E-6 3.89653E-6 1.88616E-6 1.24009E-6 1.2544E-6 2.44494E-5 1.02008E-5 2.21622E-5 2.89147E-6 3.09784E-5 1.15974E-5 3.55478E-5 1.19945E-5 8.16594E-6 1.68385E-5 7.34971E-5 9.42658E-5 1.4213E-4 1.44881E-4 1.00011E-4 4.12322E-5 6.35361E-5 6.60457E-5 6.01974E-5 5.37611E-5 4.89373E-5 7.42943E-5 5.56752E-5 6.24889E-5 8.57419E-5 1.24357E-4 1.93402E-4 1.26939E-4 1.03122E-5 1.1037E-4 2.43595E-4 1.87997E-4 2.48848E-4 1.54264E-4 9.5637E-5 8.68453E-5 1.41676E-4 2.12857E-5 2.17864E-5 1.85527E-5 5.89231E-5 9.2859E-5 1.01531E-4 3.33339E-5 7.01063E-5 2.8864E-5 2.28497E-5 -9999 -9999
4.54122E-5 1.5633E-5 2.53719E-6 7.62556E-6 6.98629E-7 1.8168E-5 2.17786E-5 3.43806E-5 2.46358E-5 4.28635E-5 2.43049E-5 1.56644E-5 1.77085E-6 4.27116E-7 7.80945E-7 5.82652E-6 4.36014E-6 7.45914E-6 1.9253E-5 1.34097E-5 4.39704E-6 1.87206E-6 4.99253E-5 6.87464E-5 5.42705E-5 2.16191E-6 1.73217E-7 1.35521E-5 6.31825E-5 4.09512E-5 9.46998E-5 6.53943E-5 2.49117E-5 6.15331E-5 6.4089E-5 6.20482E-5 6.53835E-5 6.62209E-5 6.73473E-5 5.98556E-5 6.72855E-5 1.26472E-4 1.5752E-4 1.87754E-4 1.41121E-4 2.58959E-5 1.88512E-4 2.81329E-4 2.71281E-4 2.16211E-4 1.28818E-4 9.2712E-5 8.30723E-5 7.52466E-5 7.61948E-5 5.38972E-5 7.78304E-5 4.36536E-5 2.35858E-5 4.60327E-5 1.27097E-5 1.99302E-5 2.18717E-5 -9999 -9999 -9999
2.38998E-5 1.20873E-5 1.97198E-5 8.64991E-6 6.49781E-6 5.06548E-6 3.60878E-5 2.78258E-5 4.72803E-5 2.11757E-5 3.86985E-5 4.18593E-5 2.4321E-6 1.67548E-6 6.59832E-7 1.25441E-5 5.52999E-6 4.52261E-6 3.41157E-5 1.83743E-5 2.00406E-5 1.19158E-5 1.38735E-5 5.47753E-5 6.20824E-5 2.71525E-5 4.52015E-5 4.98641E-6 3.86107E-6 1.6019E-5 8.50737E-5 8.43182E-5 3.40023E-5 5.18378E-5 5.98854E-5 6.28523E-5 6.29384E-5 9.13221E-5 6.91366E-5 7.24295E-5 9.49476E-5 1.4944E-4 1.51674E-4 1.29366E-4 7.00772E-5 2.8039E-5 2.02076E-4 2.28292E-4 2.60408E-4 2.23551E-4 1.85335E-4 1.26555E-4 8.75549E-5 6.7233E-5 7.29324E-5 9.0234E-5 7.91847E-5 4.11679E-5 2.01894E-5 2.25407E-5 8.61675E-6 2.03009E-5 -9999 -9999 -9999 -9999
6.51768E-6 3.95501E-5 3.15036E-5 1.3977E-5 2.99272E-6 3.14634E-6 7.8241E-7 2.40086E-6 4.87741E-5 3.23163E-5 4.56667E-5 4.57962E-5 3.25323E-5 9.39525E-6 6.03929E-6 5.86457E-6 5.78686E-6 5.27008E-6 2.51577E-6 2.23544E-5 1.94531E-5 3.22512E-5 4.36459E-6 3.38551E-5 1.88061E-5 5.29949E-5 4.22512E-5 4.52746E-5 4.20774E-5 4.33623E-5 9.30332E-5 5.11462E-5 6.69521E-5 5.41703E-5 1.8201E-5 3.25341E-5 5.54349E-5 6.25289E-5 6.56075E-5 9.27825E-5 1.31753E-4 1.50144E-4 1.40961E-4 1.83848E-4 1.29383E-4 1.07218E-4 2.54092E-4 2.63988E-4 2.61318E-4 2.39678E-4 1.75495E-4 1.16659E-4 6.6359E-5 4.78909E-5 2.62254E-5 5.33135E-5 7.71186E-5 4.28405E-5 3.83362E-5 1.79846E-5 8.65929E-6 -9999 -9999 -9999 -9999 -9999
1.44977E-6 4.91607E-5 6.31813E-5 3.80937E-5 5.01507E-6 3.01946E-6 8.43137E-8 3.29642E-6 1.65677E-5 5.02781E-5 4.19497E-5 4.90773E-5 1.86218E-5 2.63256E-6 1.46057E-5 4.80553E-6 1.23071E-7 5.98987E-6 1.21994E-5 2.52733E-5 4.35872E-5 1.9933E-5 2.49879E-5 1.74544E-6 6.88155E-6 4.67108E-5 4.57665E-5 4.82141E-5 1.61206E-6 1.70402E-6 2.48498E-6 1.45788E-5 2.96139E-5 5.63766E-5 5.32292E-5 6.8183E-5 5.63334E-5 6.20287E-5 7.7444E-5 1.20345E-4 1.51343E-4 1.30696E-4 1.83161E-4 6.14356E-5 1.04196E-4 2.56526E-4 2.68002E-4 2.71189E-4 2.7002E-4 2.2426E-4 1.33847E-4 1.05357E-4 8.77402E-5 7.36047E-5 3.22008E-5 3.42302E-6 4.72428E-5 4.06566E-5 1.98112E-5 1.76531E-5 -9999 -9999 -9999 -9999 -9999 -9999
1.88884E-6 7.91354E-6 5.45382E-6 3.95719E-6 1.89862E-6 1.94686E-7 7.33509E-7 4.31131E-7 8.03518E-6 2.8342E-5 4.55239E-5 5.21369E-5 2.42046E-5 1.62994E-5 5.12783E-6 3.58711E-6 9.78722E-7 9.58341E-6 3.21751E-5 5.95253E-5 3.84974E-5 1.85986E-5 9.31836E-6 2.47436E-5 1.64003E-5 1.39895E-5 2.56839E-5 3.44033E-5 2.70579E-6 5.41025E-8 1.19589E-8 5.85893E-7 2.04741E-6 1.10301E-5 1.38857E-5 5.43667E-5 5.36482E-5 8.46217E-5 7.25149E-5 1.65598E-4 1.31913E-4 1.29209E-4 2.45017E-4 2.78731E-4 2.87741E-4 2.49191E-4 2.92446E-4 3.17344E-4 2.76905E-4 1.66272E-4 1.20853E-4 8.20142E-5 1.30546E-5 4.26648E-5 2.88793E-5 5.11348E-5 2.26944E-5 1.68105E-5 -9999 -9999 -9999 -9999 -9999 -9999 -9999 -9999
3.18435E-5 1.57286E-5 2.81802E-8 8.10382E-9 1.12301E-7 1.57405E-6 1.32305E-7 2.54044E-8 4.82708E-7 2.38102E-6 5.41362E-6 7.16789E-5 1.84141E-5 1.08358E-6 1.43778E-6 6.60968E-6 2.0284E-6 2.81889E-5 1.92674E-5 1.22675E-5 5.05633E-5 2.84309E-5 3.41201E-5 3.24055E-5 1.13095E-5 1.2269E-5 6.01169E-6 5.45705E-6 9.99132E-6 4.11229E-6 1.10525E-6 2.24328E-7 6.15308E-6 1.7894E-5 3.53149E-5 3.18571E-5 8.17094E-5 8.05665E-5 1.38033E-4 1.61215E-4 2.26365E-4 2.36154E-4 2.20135E-4 2.3632E-4 2.76178E-4 2.99076E-4 3.00374E-4 2.48244E-4 1.44659E-4 1.05735E-4 8.99091E-5 4.35518E-5 2.99575E-5 2.51668E-5 2.29256E-5 1.23978E-5 -9999 -9999 -9999 -9999 -9999 -9999 -9999 -9999 -9999 -9999
2.35201E-6 2.62776E-6 3.20922E-6 9.11567E-7 2.05575E-8 6.31832E-7 4.12288E-8 6.16129E-8 1.02469E-7 3.25981E-8 9.70092E-7 6.52763E-6 8.16842E-7 1.558E-6 4.22614E-6 1.34868E-5 1.07223E-5 1.0643E-5 1.1554E-5 1.12077E-5 6.51323E-6 4.44081E-5 6.9058E-5 5.31399E-5 1.35632E-6 9.95118E-6 3.76485E-6 1.47392E-5 5.08156E-5 6.2351E-5 3.04676E-6 1.85525E-7 1.19709E-6 3.15898E-5 1.28327E-5 7.9251E-5 1.39056E-4 1.71292E-4 1.75208E-4 2.44362E-4 2.79914E-4 2.95045E-4 2.14874E-4 2.25694E-4 3.11932E-4 3.00321E-4 1.44384E-4 1.7273E-4 9.21444E-5 7.66386E-5 3.63841E-5 7.19639E-5 8.43308E-5 2.16948E-5 1.65498E-5 -9999 -9999 -9999 -9999 -9999 -9999 -9999 -9999 -9999 -9999 -9999
1.25662E-8 8.01692E-8 1.832E-6 2.16856E-6 3.73047E-7 2.42459E-7 4.80815E-7 8.50399E-8 2.00374E-8 1.40356E-6 2.9277E-6 2.0704E-6 1.57843E-6 3.40977E-6 3.54957E-5 1.60808E-5 1.47452E-5 1.00459E-5 4.7459E-5 1.74573E-5 1.08778E-5 4.91716E-5 5.82179E-5 5.8056E-5 1.58586E-5 5.2251E-6 1.05458E-6 1.50173E-5 2.95623E-5 2.92942E-5 9.5767E-6 6.7198E-8 4.21018E-6 1.66998E-5 7.77084E-5 1.37726E-4 1.96083E-4 1.99527E-4 2.00914E-4 2.82965E-4 2.7209E-4 2.58296E-4 2.22113E-4 2.39503E-4 2.40443E-4 1.66033E-4 9.76001E-5 7.91357E-5 6.44954E-5 8.04708E-5 7.68889E-5 7.5501E-5 7.17064E-5 8.66467E-5 4.23192E-5 -9999 -9999 -9999 -9999 -9999 -9999 -9999 -9999 -9999 -9999 -9999
1.75845E-6 4.86559E-6 1.44524E-6 1.05705E-5 1.96672E-5 2.28424E-5 2.30729E-6 3.71647E-8 2.7918E-7 1.93829E-7 6.3382E-7 5.01646E-7 9.05189E-6 2.30513E-5 2.64207E-5 2.91576E-5 6.18816E-6 3.36113E-5 3.39248E-5 1.00442E-5 3.94251E-6 5.53788E-6 5.23449E-6 2.72185E-6 8.56489E-6 2.88396E-6 9.85559E-7 1.62962E-6 1.43767E-5 1.23867E-6 5.95675E-7 1.10885E-7 1.86672E-5 7.08516E-5 1.3099E-4 1.92684E-4 2.02652E-4 2.00863E-4 1.79075E-4 2.085E-4 2.33024E-4 2.10941E-4 1.69895E-4 2.1153E-4 1.35398E-4 1.0897E-4 9.25196E-5 5.44814E-5 6.73356E-5 6.64862E-5 6.08777E-5 4.91005E-5 1.08597E-4 8.50466E-5 -9999 -9999 -9999 -9999 -9999 -9999 -9999 -9999 -9999 -9999 -9999 -9999
3.91212E-6 5.79301E-5 1.74664E-5 1.10778E-5 2.53934E-6 7.12647E-6 1.71434E-5 1.14147E-7 2.98452E-7 3.02828E-7 1.68965E-5 9.14364E-7 2.11465E-6 2.03207E-5 7.34447E-6 5.38739E-6 4.92286E-6 3.5211E-5 4.45314E-6 3.99819E-6 2.48787E-6 6.83314E-7 3.06048E-6 3.57727E-6 1.56209E-6 2.28463E-6 7.00058E-6 9.67326E-7 1.55877E-6 4.94572E-5 1.3261E-6 1.85864E-6 4.20515E-5 1.06483E-4 1.4743E-4 1.71086E-4 1.96748E-4 1.69975E-4 1.30989E-4 1.5715E-4 1.35498E-4 1.32267E-4 1.06295E-4 1.25831E-4 1.01024E-4 1.15466E-4 7.87726E-5 8.99347E-5 7.60273E-5 6.19608E-5 3.34968E-5 5.83554E-5 5.6315E-5 -9999 -9999 -9999 -9999 -9999 -9999 -9999 -9999 -9999 -9999 -9999 -9999 -9999
2.24235E-6 5.87483E-5 5.80777E-5 6.51482E-6 3.99735E-7 4.92787E-6 2.42167E-6 1.15615E-7 2.16939E-7 2.50197E-7 1.97379E-6 2.18705E-7 2.10246E-6 2.72237E-5 5.97254E-7 3.53059E-6 1.89301E-5 2.5487E-5 5.09348E-6 6.07277E-6 5.80078E-7 1.22338E-7 3.08874E-6 6.21321E-5 1.20306E-5 1.10435E-5 3.26316E-5 7.62057E-6 2.1399E-6 9.06179E-7 3.82462E-6 4.98296E-5 1.0214E-4 1.29103E-4 1.48425E-4 1.63767E-4 1.7416E-4 1.2865E-4 1.11537E-4 1.12556E-4 9.49929E-5 1.09622E-4 1.04409E-4 9.59127E-5 9.41536E-5 8.36012E-5 8.74427E-5 1.02209E-4 3.72279E-5 2.79921E-5 -9999 -9999 -9999 -9999 -9999 -9999 -9999 -9999 -9999 -9999 -9999 -9999 -9999 -9999 -9999 -9999
5.68301E-5 8.67522E-5 9.90793E-5 8.53442E-5 5.50855E-6 1.45944E-5 3.22237E-5 1.01536E-5 5.81242E-7 1.57147E-6 1.78617E-7 1.95466E-7 2.59417E-6 5.92906E-7 1.15087E-6 3.21887E-6 1.91526E-5 4.6181E-5 3.75307E-6 1.30889E-6 5.36719E-7 2.49941E-7 4.19005E-7 8.70762E-6 1.54069E-5 3.15053E-5 6.56261E-5 7.8453E-5 3.31682E-5 3.62481E-6 3.90438E-6 5.09294E-5 9.76482E-5 1.04481E-4 1.28327E-4 1.31608E-4 1.30217E-4 1.03532E-4 9.62577E-5 9.57407E-5 9.2621E-5 1.28109E-4 1.16288E-4 8.95061E-5 8.09835E-5 1.05593E-4 1.96522E-4 4.70772E-5 2.0955E-5 -9999 -9999 -9999 -9999 -9999 -9999 -9999 -9999 -9999 -9999 -9999 -9999 -9999 -9999 -9999 -9999 -9999
2.80739E-5 8.71946E-5 6.25464E-5 5.73539E-5 7.5905E-6 8.66109E-6 3.45676E-5 3.73657E-5 2.90619E-7 3.36849E-7 3.8169E-6 8.13239E-7 4.50407E-8 6.34278E-8 1.35368E-6 7.78909E-7 3.26996E-5 6.09998E-5 1.06537E-5 1.49899E-6 4.5499E-6 1.81866E-8 9.94834E-8 1.00085E-5 1.78514E-5 3.47504E-5 6.94819E-5 7.68179E-5 5.62118E-5 4.60963E-5 6.3161E-5 1.09931E-4 1.12383E-4 6.24524E-5 9.39753E-5 1.11571E-4 7.07185E-5 3.32379E-5 8.82214E-5 8.93579E-5 1.00548E-4 1.21259E-4 9.60761E-5 9.75327E-5 1.00124E-4 6.40922E-5 2.94016E-5 -9999 -9999 -9999 -9999 -9999 -9999 -9999 -9999 -9999 -9999 -9999 -9999 -9999 -9999 -9999 -9999 -9999 -9999 -9999
6.45163E-6 3.50528E-5 2.90253E-5 4.20561E-5 1.06544E-5 7.27385E-6 5.81207E-6 1.60106E-5 2.48881E-6 5.72986E-6 2.95498E-6 1.79624E-6 2.4243E-7 3.06843E-7 5.74426E-8 9.72205E-6 2.2758E-5 3.78795E-5 5.11E-6 9.63843E-6 5.42031E-6 1.52724E-5 1.53087E-5 1.81739E-5 4.97061E-5 5.05857E-5 1.76281E-5 7.76027E-6 1.11877E-5 5.53387E-5 5.48774E-5 1.03705E-4 1.10967E-4 9.27991E-5 7.47174E-5 8.1815E-5 2.88337E-5 2.38962E-5 7.84737E-5 9.16589E-5 9.70121E-5 1.02857E-4 6.49142E-5 9.34387E-5 3.44692E-5 2.03198E-5 -9999 -9999 -9999 -9999 -9999 -9999 -9999 -9999 -9999 -9999 -9999 -9999 -9999 -9999 -9999 -9999 -9999 -9999 -9999 -9999
4.96209E-5 7.47952E-5 8.40788E-6 4.52925E-5 3.08424E-5 3.1544E-5 2.47071E-5 1.87144E-5 1.03004E-5 1.21448E-6 2.21699E-6 2.28753E-6 2.08562E-7 5.0379E-7 2.1709E-6 1.15087E-5 3.82709E-5 1.99428E-5 4.90326E-7 1.73149E-5 6.74701E-6 1.36452E-5 9.57004E-6 5.73351E-5 5.49807E-5 5.86221E-5 3.65687E-6 4.87515E-6 8.52017E-6 1.60061E-6 2.75109E-5 2.64417E-5 4.11213E-5 4.40045E-5 4.00862E-5 3.1187E-5 2.88075E-5 6.53027E-5 5.42684E-5 3.35999E-5 3.55485E-5 3.85875E-5 1.04205E-5 1.5333E-5 -9999 -9999 -9999 -9999 -9999 -9999 -9999 -9999 -9999 -9999 -9999 -9999 -9999 -9999 -9999 -9999 -9999 -9999 -9999 -9999 -9999 -9999
7.78393E-5 8.61683E-5 5.34823E-5 1.91603E-5 1.72566E-5 1.40513E-5 4.65613E-5 8.40175E-6 3.47522E-5 3.33751E-5 1.40018E-6 4.08057E-6 5.09135E-7 8.88082E-7 2.09707E-5 5.30816E-5 5.14384E-5 5.09465E-5 2.22846E-5 4.19539E-5 4.67022E-5 3.31475E-5 1.42293E-5 4.42009E-5 6.26221E-5 4.17612E-5 4.59098E-6 1.30811E-5 8.09689E-6 1.07706E-5 2.98193E-5 4.90473E-5 4.47677E-5 2.63109E-5 1.50131E-5 9.77683E-6 1.89754E-5 3.66175E-5 3.0779E-5 1.54094E-5 2.2351E-5 1.80117E-5 8.39029E-6 -9999 -9999 -9999 -9999 -9999 -9999 -9999 -9999 -9999 -9999 -9999 -9999 -9999 -9999 -9999 -9999 -9999 -9999 -9999 -9999 -9999 -9999 -9999
7.52822E-5 2.06432E-5 4.24166E-5 3.33578E-5 1.89037E-5 8.07172E-6 2.9575E-5 6.66053E-5 4.06004E-5 1.12046E-5 2.27508E-5 7.39658E-6 2.1266E-6 8.36885E-6 5.59309E-5 6.37086E-5 5.5758E-5 4.82946E-5 3.15343E-5 1.39855E-5 1.89022E-6 1.36582E-5 1.70598E-5 1.45065E-5 4.75581E-5 2.15895E-5 1.36571E-5 1.71694E-5 3.04786E-6 1.20477E-5 3.96071E-5 3.14568E-5 3.17473E-5 1.81226E-5 1.54387E-5 2.21201E-5 4.08064E-5 5.81657E-5 3.64015E-5 2.18501E-5 1.64918E-5 9.93811E-6 -9999 -9999 -9999 -9999 -9999 -9999 -9999 -9999 -9999 -9999 -9999 -9999 -9999 -9999 -9999 -9999 -9999 -9999 -9999 -9999 -9999 -9999 -9999 -9999
1.10879E-5 5.04936E-5 3.79994E-5 1.39946E-5 1.52747E-5 3.42017E-5 4.26687E-5 4.87129E-5 1.49789E-5 2.81038E-6 6.49349E-6 5.75532E-5 2.35902E-5 5.29695E-5 5.34267E-5 6.91103E-5 4.61637E-5 4.66522E-5 3.18291E-5 2.84168E-6 4.72071E-6 5.1459E-7 6.95621E-6 1.13605E-5 2.50057E-5 3.16778E-5 2.44658E-5 6.36874E-6 2.66019E-5 1.9659E-5 5.58263E-5 4.17643E-5 1.56131E-5 1.38747E-5 2.04384E-5 1.48343E-5 2.04722E-5 2.27198E-5 1.4945E-5 1.10926E-5 1.1392E-5 -9999 -9999 -9999 -9999 -9999 -9999 -9999 -9999 -9999 -9999 -9999 -9999 -9999 -9999 -9999 -9999 -9999 -9999 -9999 -9999 -9999 -9999 -9999 -9999 -9999
2.89763E-5 2.27372E-5 1.02303E-5 4.23116E-6 1.5862E-5 1.99887E-5 5.68984E-6 9.79826E-6 6.20686E-6 2.94219E-5 3.77995E-5 7.01129E-5 5.3301E-5 4.79542E-5 4.52583E-5 4.30651E-5 1.87522E-5 1.94262E-5 3.35009E-5 2.29801E-6 1.97063E-6 5.54696E-7 2.91663E-5 3.35644E-5 1.47496E-5 1.3624E-5 4.62175E-5 4.05954E-5 3.71004E-5 1.60352E-5 7.62268E-6 1.22167E-5 8.00115E-6 1.33828E-5 1.55458E-5 1.13703E-5 1.17284E-5 2.34134E-5 1.38478E-5 1.07829E-5 1.05855E-5 -9999 -9999 -9999 -9999 -9999 -9999 -9999 -9999 -9999 -9999 -9999 -9999 -9999 -9999 -9999 -9999 -9999 -9999 -9999 -9999 -9999 -9999 -9999 -9999 -9999
4.61223E-5 1.19833E-5 4.34504E-6 4.99006E-5 2.55083E-5 6.2123E-6 2.60611E-6 8.65001E-7 2.63908E-5 5.24794E-5 5.80622E-5 3.118E-5 2.47031E-5 3.23463E-5 3.03762E-5 1.76334E-5 8.66873E-6 3.32554E-6 2.05569E-5 2.01728E-6 3.36925E-6 3.42793E-6 4.29646E-5 3.35127E-5 5.79426E-6 3.48573E-6 1.04466E-5 1.22914E-5 1.97899E-5 1.06819E-5 9.5981E-6 9.27181E-6 1.07628E-5 1.04388E-5 1.37053E-5 1.16256E-5 9.50771E-6 1.0984E-5 1.11049E-5 1.10248E-5 1.23726E-5 1.30233E-5 -9999 -9999 -9999 -9999 -9999 -9999 -9999 -9999 -9999 -9999 -9999 -9999 -9999 -9999 -9999 -9999 -9999 -9999 -9999 -9999 -9999 -9999 -9999 -9999
7.01373E-6 9.28938E-6 4.42241E-6 2.08066E-5 2.04765E-5 2.89286E-6 9.26193E-6 7.22874E-6 2.20073E-5 2.5954E-6 3.49987E-6 4.00852E-6 6.31344E-6 3.35579E-5 2.98182E-6 4.97434E-6 1.44588E-5 7.20672E-6 8.15881E-6 1.6601E-6 4.48604E-6 4.32598E-5 9.21359E-7 1.36597E-5 1.6991E-5 4.94623E-6 6.35291E-6 1.04299E-5 1.51262E-5 9.5916E-6 1.00027E-5 1.00355E-5 1.03119E-5 1.51138E-5 1.17312E-5 1.38402E-5 1.15138E-5 1.14405E-5 1.09503E-5 1.10915E-5 1.26706E-5 5.95588E-6 1.12273E-5 -9999 -9999 -9999 -9999 -9999 -9999 -9999 -9999 -9999 -9999 -9999 -9999 -9999 -9999 -9999 -9999 -9999 -9999 -9999 -9999 -9999 -9999 -9999
1.80028E-5 3.5995E-5 1.59935E-5 2.26889E-5 9.26693E-6 7.29358E-6 2.58101E-5 4.91582E-5 6.79598E-6 3.5138E-6 7.89731E-6 2.45837E-5 6.42807E-6 2.75268E-5 2.53241E-6 4.5314E-6 1.39207E-5 1.54866E-6 1.10615E-6 2.64526E-6 1.31236E-6 2.10553E-5 6.31693E-6 2.31422E-6 2.78155E-6 3.16562E-6 1.12418E-5 9.43406E-6 9.54028E-6 6.26087E-6 1.74595E-5 2.21139E-5 1.02559E-5 1.10782E-5 1.11717E-5 1.14798E-5 1.17017E-5 1.2785E-5 1.83678E-5 1.13983E-5 1.05797E-5 1.00692E-5 -9999 -9999 -9999 -9999 -9999 -9999 -9999 -9999 -9999 -9999 -9999 -9999 -9999 -9999 -9999 -9999 -9999 -9999 -9999 -9999 -9999 -9999 -9999 -9999
1.41059E-5 2.27261E-5 1.58288E-6 1.99605E-6 1.26141E-5 1.03288E-5 3.81846E-5 4.38383E-5 3.26125E-6 1.38777E-5 4.89986E-5 4.39377E-5 4.92783E-5 4.9087E-5 3.83057E-5 2.78749E-5 3.61033E-5 3.73571E-6 8.34928E-6 1.66315E-5 4.21178E-6 2.51381E-6 1.22042E-5 1.59638E-5 1.16124E-5 8.51566E-6 8.73353E-6 9.40558E-6 9.90226E-6 1.22659E-5 1.15964E-5 1.01226E-5 1.06915E-5 9.71311E-6 1.11912E-5 2.18965E-5 1.56249E-5 1.28993E-5 1.19619E-5 1.03721E-5 1.08694E-5 -9999 -9999 -9999 -9999 -9999 -9999 -9999 -9999 -9999 -9999 -9999 -9999 -9999 -9999 -9999 -9999 -9999 -9999 -9999 -9999 -9999 -9999 -9999 -9999 -9999
2.12312E-7 7.53894E-6 4.78555E-6 4.4674E-7 7.20666E-8 2.02925E-7 7.4062E-6 3.92221E-7 5.50587E-6 3.97292E-6 1.24918E-5 8.69944E-6 4.25888E-5 5.63007E-5 5.12462E-5 6.04515E-5 2.9057E-5 4.55914E-5 3.84111E-5 2.51128E-5 1.8477E-5 3.84139E-6 1.01189E-5 7.58509E-6 7.82898E-6 1.29804E-6 7.86765E-6 1.02112E-5 9.06961E-6 9.02454E-6 9.32713E-6 9.76089E-6 9.81252E-6 6.17129E-6 1.03303E-5 1.20365E-5 1.42471E-5 9.2263E-6 8.30452E-6 -9999 -9999 -9999 -9999 -9999 -9999 -9999 -9999 -9999 -9999 -9999 -9999 -9999 -9999 -9999 -9999 -9999 -9999 -9999 -9999 -9999 -9999 -9999 -9999 -9999 -9999 -9999
