catData/rasterBestHybridModels/Pbengalensis/RD_BM001_RM2_LQH/Pbengalensis_stddev.asc
ncols         409
nrows         350
xllcorner     60.897278365
yllcorner     5.843756025
cellsize      0.0892857
NODATA_value  -9999
[rows 87 to 115 of 350, columns 330 to 395 of 409]
-9999 -9999 -9999 -9999 -9999 -9999 -9999 -9999 -9999 -9999 -9999 -9999 -9999 -9999 -9999 -9999 -9999 -9999 -9999 -9999 -9999 -9999 -9999 -9999 -9999 -9999 -9999 -9999 -9999 -9999 -9999 -9999 -9999 -9999 -9999 -9999 -9999 -9999 -9999 -9999 -9999 -9999 -9999 -9999 -9999 -9999 -9999 8.86186E-5 8.57115E-5 -9999 -9999 -9999 -9999 -9999 -9999 -9999 -9999 -9999 -9999 -9999 2.03905E-4 2.31724E-4 2.70011E-4 2.499E-4 2.85745E-4 3.15011E-4
-9999 -9999 -9999 -9999 -9999 -9999 -9999 -9999 -9999 -9999 -9999 -9999 -9999 -9999 -9999 -9999 -9999 -9999 -9999 -9999 -9999 -9999 -9999 -9999 -9999 -9999 -9999 -9999 -9999 -9999 -9999 -9999 -9999 -9999 -9999 -9999 -9999 -9999 -9999 -9999 -9999 -9999 -9999 -9999 -9999 9.76594E-5 8.34893E-5 8.11701E-5 8.56392E-5 8.51132E-5 -9999 -9999 -9999 -9999 -9999 -9999 -9999 -9999 1.58865E-4 1.78361E-4 2.00224E-4 2.63023E-4 2.78422E-4 2.75724E-4 3.06288E-4 2.87534E-4
-9999 -9999 -9999 -9999 -9999 -9999 -9999 -9999 -9999 -9999 -9999 -9999 -9999 -9999 -9999 -9999 -9999 -9999 -9999 -9999 -9999 -9999 -9999 -9999 -9999 -9999 -9999 -9999 -9999 -9999 -9999 -9999 -9999 -9999 -9999 -9999 -9999 -9999 -9999 -9999 -9999 -9999 -9999 1.00216E-4 9.3847E-5 9.72781E-5 8.65684E-5 7.84449E-5 7.62563E-5 7.68599E-5 7.36534E-5 6.3078E-5 7.30157E-5 9.42462E-5 -9999 -9999 -9999 1.43593E-4 1.60983E-4 1.89781E-4 2.11989E-4 2.55539E-4 2.63447E-4 2.69014E-4 2.97379E-4 2.63098E-4
-9999 -9999 -9999 -9999 -9999 -9999 -9999 -9999 -9999 -9999 -9999 -9999 -9999 -9999 -9999 -9999 -9999 -9999 -9999 -9999 -9999 -9999 -9999 -9999 -9999 -9999 -9999 -9999 -9999 -9999 -9999 -9999 -9999 -9999 -9999 -9999 -9999 -9999 -9999 -9999 -9999 -9999 1.05084E-4 9.18852E-5 8.13942E-5 8.61424E-5 7.96993E-5 7.07979E-5 6.86674E-5 5.9581E-5 5.13499E-5 5.86994E-5 6.97559E-5 8.69988E-5 9.31689E-5 1.047E-4 -9999 1.40687E-4 1.56495E-4 1.89448E-4 2.0026E-4 2.11685E-4 2.36041E-4 2.5244E-4 2.44972E-4 -9999
-9999 -9999 -9999 -9999 -9999 -9999 -9999 -9999 -9999 -9999 -9999 -9999 -9999 -9999 -9999 -9999 -9999 -9999 -9999 -9999 -9999 -9999 -9999 -9999 -9999 -9999 -9999 -9999 -9999 -9999 -9999 -9999 -9999 -9999 -9999 -9999 -9999 -9999 -9999 -9999 -9999 -9999 1.04897E-4 9.12632E-5 7.92644E-5 7.29286E-5 6.82821E-5 5.98972E-5 5.33319E-5 4.58482E-5 4.50535E-5 5.34613E-5 6.06786E-5 8.68133E-5 8.70714E-5 9.38336E-5 1.15834E-4 1.3676E-4 1.53396E-4 1.8565E-4 1.67143E-4 1.80857E-4 2.14495E-4 2.3218E-4 2.36893E-4 -9999
-9999 -9999 -9999 -9999 -9999 -9999 -9999 -9999 -9999 -9999 -9999 -9999 -9999 -9999 -9999 -9999 -9999 -9999 -9999 -9999 -9999 -9999 -9999 -9999 -9999 -9999 -9999 -9999 -9999 -9999 -9999 -9999 -9999 -9999 -9999 -9999 -9999 -9999 -9999 -9999 -9999 1.03984E-4 1.00141E-4 8.27345E-5 7.44906E-5 6.29919E-5 6.04894E-5 4.98201E-5 4.60868E-5 4.06647E-5 4.27294E-5 4.55192E-5 6.62497E-5 8.48688E-5 8.8141E-5 9.56612E-5 1.11064E-4 1.20047E-4 1.43851E-4 1.4104E-4 1.56152E-4 1.54936E-4 2.29699E-4 2.18155E-4 2.09559E-4 2.57936E-4
-9999 -9999 -9999 -9999 -9999 -9999 -9999 -9999 -9999 -9999 -9999 -9999 -9999 -9999 -9999 -9999 -9999 -9999 -9999 -9999 -9999 -9999 -9999 -9999 -9999 -9999 -9999 -9999 -9999 -9999 -9999 -9999 -9999 -9999 -9999 -9999 -9999 -9999 -9999 -9999 -9999 9.52447E-5 8.83775E-5 7.46414E-5 6.27521E-5 6.09043E-5 5.30229E-5 4.5836E-5 4.04809E-5 3.78364E-5 3.93148E-5 3.84163E-5 5.38468E-5 6.84803E-5 8.42348E-5 9.38451E-5 9.4527E-5 1.15977E-4 1.05427E-4 1.39679E-4 1.37519E-4 1.39408E-4 2.18699E-4 2.07184E-4 2.66686E-4 2.57757E-4
-9999 -9999 -9999 -9999 -9999 -9999 -9999 -9999 -9999 -9999 -9999 -9999 -9999 -9999 -9999 -9999 -9999 -9999 -9999 -9999 -9999 -9999 -9999 -9999 -9999 -9999 -9999 -9999 -9999 -9999 -9999 -9999 -9999 9.9792E-5 9.09054E-5 9.42197E-5 1.18165E-4 1.16504E-4 1.23411E-4 1.17798E-4 1.14635E-4 9.84497E-5 8.25372E-5 6.89703E-5 5.23083E-5 5.11282E-5 4.81846E-5 4.33059E-5 3.83001E-5 3.2523E-5 3.13999E-5 3.15078E-5 3.62013E-5 5.98715E-5 7.14132E-5 7.91711E-5 7.51307E-5 8.52338E-5 9.4843E-5 1.05475E-4 1.17517E-4 1.25002E-4 1.56008E-4 1.87715E-4 2.61683E-4 2.97766E-4
-9999 -9999 -9999 -9999 -9999 -9999 -9999 -9999 -9999 -9999 -9999 -9999 -9999 -9999 -9999 -9999 -9999 -9999 -9999 -9999 -9999 -9999 -9999 -9999 -9999 -9999 -9999 -9999 -9999 -9999 -9999 -9999 -9999 7.98462E-5 8.19482E-5 8.31184E-5 1.0975E-4 1.10993E-4 1.15942E-4 1.02221E-4 1.10061E-4 9.13232E-5 7.30941E-5 6.26171E-5 4.96109E-5 4.42895E-5 3.75614E-5 3.59275E-5 3.06597E-5 2.55886E-5 2.71861E-5 3.43422E-5 3.35187E-5 3.8322E-5 4.52927E-5 5.83179E-5 5.98915E-5 6.79346E-5 8.08095E-5 9.21542E-5 1.05128E-4 1.24601E-4 1.60057E-4 1.7803E-4 1.91302E-4 2.16674E-4
-9999 -9999 -9999 -9999 -9999 -9999 -9999 -9999 -9999 -9999 -9999 -9999 -9999 -9999 -9999 -9999 -9999 -9999 -9999 -9999 -9999 -9999 -9999 -9999 -9999 -9999 -9999 -9999 -9999 -9999 -9999 -9999 7.05459E-5 9.22339E-5 9.62019E-5 7.75606E-5 8.65756E-5 8.89636E-5 9.14888E-5 1.01314E-4 9.88965E-5 9.02431E-5 7.71498E-5 6.65225E-5 5.56384E-5 3.77797E-5 3.41031E-5 2.61938E-5 2.77396E-5 2.09306E-5 2.2412E-5 2.90739E-5 2.3754E-5 2.51191E-5 2.92283E-5 4.08803E-5 5.08535E-5 4.97516E-5 6.26813E-5 8.05903E-5 9.85478E-5 1.18527E-4 1.46118E-4 1.72724E-4 1.80833E-4 2.20801E-4
-9999 -9999 -9999 -9999 -9999 -9999 -9999 -9999 -9999 -9999 -9999 -9999 -9999 -9999 -9999 -9999 -9999 -9999 -9999 -9999 -9999 -9999 -9999 -9999 -9999 -9999 -9999 -9999 -9999 -9999 -9999 -9999 6.70954E-5 7.27712E-5 8.17176E-5 7.55995E-5 7.5844E-5 8.52232E-5 7.31689E-5 7.31918E-5 7.52091E-5 8.11294E-5 7.49417E-5 7.06967E-5 4.98139E-5 4.40373E-5 3.57779E-5 1.63113E-5 2.09989E-5 1.99034E-5 2.13208E-5 1.9238E-5 1.6658E-5 2.33053E-5 2.33851E-5 2.49076E-5 3.45713E-5 4.29737E-5 5.27886E-5 7.80675E-5 9.79763E-5 1.13111E-4 1.29371E-4 1.72996E-4 1.84851E-4 2.02461E-4
-9999 -9999 -9999 -9999 -9999 -9999 -9999 -9999 -9999 -9999 -9999 -9999 -9999 -9999 -9999 -9999 -9999 -9999 -9999 -9999 -9999 -9999 -9999 -9999 -9999 -9999 -9999 -9999 -9999 -9999 6.11442E-5 6.21069E-5 6.16562E-5 6.21226E-5 5.94313E-5 6.44038E-5 6.49527E-5 6.96599E-5 6.82111E-5 6.96522E-5 7.31898E-5 5.96073E-5 5.92153E-5 5.2567E-5 4.88892E-5 3.95403E-5 2.5031E-5 2.1656E-5 2.37784E-5 2.17087E-5 2.95364E-5 1.86227E-5 1.85443E-5 2.34201E-5 2.73644E-5 2.69336E-5 3.43685E-5 3.99041E-5 3.7409E-5 4.37415E-5 6.37419E-5 9.97695E-5 1.12214E-4 1.30511E-4 1.7502E-4 1.91409E-4
1.97435E-4 2.08215E-4 -9999 -9999 -9999 -9999 -9999 -9999 -9999 -9999 -9999 -9999 -9999 -9999 -9999 -9999 -9999 -9999 -9999 -9999 -9999 -9999 -9999 -9999 -9999 -9999 -9999 -9999 -9999 5.6261E-5 5.77935E-5 5.37554E-5 5.60397E-5 5.48479E-5 5.4264E-5 5.55871E-5 4.53129E-5 4.91962E-5 5.17965E-5 5.37248E-5 5.19257E-5 5.62074E-5 4.51584E-5 4.32909E-5 4.56186E-5 4.02472E-5 3.40513E-5 2.26381E-5 3.61681E-5 6.18588E-5 4.68629E-5 2.44116E-5 2.09502E-5 2.32072E-5 2.78678E-5 3.25596E-5 2.20175E-5 2.5744E-5 3.48702E-5 4.03063E-5 5.08884E-5 7.87922E-5 1.04827E-4 1.33604E-4 1.44162E-4 1.62926E-4
1.95615E-4 -9999 -9999 -9999 -9999 -9999 -9999 -9999 -9999 -9999 -9999 -9999 -9999 -9999 -9999 -9999 -9999 -9999 -9999 -9999 -9999 -9999 -9999 -9999 -9999 -9999 6.10813E-5 5.56378E-5 5.68206E-5 5.71525E-5 5.95476E-5 4.98959E-5 4.22921E-5 4.07165E-5 4.0582E-5 3.61909E-5 3.68397E-5 3.81236E-5 3.70589E-5 4.31687E-5 4.53412E-5 4.31243E-5 4.20615E-5 4.33488E-5 3.22989E-5 2.55475E-5 2.39211E-5 2.50317E-5 2.4193E-5 5.11163E-5 3.51259E-5 2.59429E-5 2.34923E-5 2.30966E-5 2.74289E-5 3.44917E-5 2.95769E-5 2.65589E-5 3.06363E-5 3.57127E-5 3.32629E-5 4.85041E-5 7.14543E-5 9.12505E-5 1.11581E-4 1.37349E-4
1.9561E-4 2.0497E-4 1.91581E-4 1.7925E-4 1.6115E-4 -9999 -9999 -9999 -9999 -9999 1.009E-4 9.32152E-5 -9999 -9999 -9999 -9999 -9999 -9999 -9999 -9999 -9999 -9999 -9999 -9999 -9999 -9999 -9999 5.73294E-5 6.57256E-5 6.72934E-5 6.1783E-5 5.34312E-5 4.83293E-5 4.84238E-5 3.80285E-5 3.30425E-5 3.29332E-5 3.53585E-5 3.48475E-5 3.42901E-5 3.48384E-5 3.43025E-5 3.101E-5 2.97408E-5 3.54224E-5 2.68154E-5 2.4249E-5 3.25106E-5 6.94519E-5 3.26559E-5 3.45096E-5 2.26458E-5 2.34039E-5 2.54662E-5 2.7984E-5 5.8319E-5 2.57627E-5 2.70024E-5 2.35623E-5 2.12298E-5 2.34885E-5 3.29455E-5 5.19002E-5 7.94425E-5 9.47891E-5 1.16943E-4
1.97291E-4 1.97531E-4 1.90244E-4 1.70745E-4 1.53017E-4 1.3022E-4 1.21605E-4 1.16782E-4 1.1507E-4 8.9171E-5 8.21879E-5 7.07376E-5 7.96925E-5 8.50578E-5 -9999 -9999 -9999 -9999 -9999 -9999 -9999 -9999 -9999 -9999 -9999 -9999 -9999 5.97052E-5 7.0161E-5 7.13615E-5 5.63354E-5 4.46669E-5 5.04738E-5 3.96789E-5 3.73596E-5 2.91214E-5 2.87853E-5 2.78314E-5 2.69721E-5 2.73719E-5 3.21397E-5 3.07251E-5 3.38496E-5 2.52165E-5 3.69778E-5 3.72112E-5 3.932E-5 4.39746E-5 5.79803E-5 4.44978E-5 3.64184E-5 3.0417E-5 2.70425E-5 2.14172E-5 2.66593E-5 2.17809E-5 2.44372E-5 1.82245E-5 1.45938E-5 1.44406E-5 1.69846E-5 2.47831E-5 4.10916E-5 5.73052E-5 1.07203E-4 1.10124E-4
1.78938E-4 1.87918E-4 1.96729E-4 1.76701E-4 1.54709E-4 1.30906E-4 1.18795E-4 1.23781E-4 9.92629E-5 9.45634E-5 7.25244E-5 5.92884E-5 5.59979E-5 6.26023E-5 -9999 -9999 -9999 -9999 -9999 -9999 -9999 -9999 -9999 -9999 -9999 6.33683E-5 7.25219E-5 7.81153E-5 7.78767E-5 7.11397E-5 6.28996E-5 5.32246E-5 4.50415E-5 3.87629E-5 3.42668E-5 2.62498E-5 2.85648E-5 2.73049E-5 2.69373E-5 2.39614E-5 2.95234E-5 2.6218E-5 3.23674E-5 3.72545E-5 3.96794E-5 4.2608E-5 4.31985E-5 3.67703E-5 4.34565E-5 3.88346E-5 4.06118E-5 2.94898E-5 2.49891E-5 2.03081E-5 2.18456E-5 2.0552E-5 1.84277E-5 1.169E-5 1.08626E-5 1.12132E-5 1.35907E-5 2.02403E-5 3.45683E-5 4.94739E-5 8.02447E-5 8.39641E-5
1.7015E-4 1.84999E-4 1.8822E-4 1.90836E-4 1.63554E-4 1.47161E-4 1.15559E-4 1.16982E-4 9.2836E-5 8.77229E-5 7.18353E-5 5.80719E-5 4.84425E-5 4.85437E-5 4.25493E-5 4.34067E-5 -9999 -9999 -9999 8.64341E-5 9.38239E-5 1.07052E-4 -9999 9.80975E-5 1.14317E-4 1.06767E-4 9.78456E-5 8.98943E-5 7.75875E-5 7.34441E-5 6.83974E-5 5.6437E-5 5.016E-5 3.98323E-5 2.78016E-5 2.63488E-5 2.70644E-5 2.63625E-5 2.94281E-5 2.94573E-5 2.62499E-5 2.68735E-5 3.33583E-5 3.84904E-5 3.74971E-5 3.23418E-5 3.00074E-5 2.81046E-5 2.63586E-5 2.80322E-5 1.8176E-5 1.46027E-5 1.29167E-5 1.25654E-5 1.30023E-5 1.40748E-5 1.54994E-5 1.36672E-5 1.42323E-5 1.32695E-5 1.32739E-5 1.83681E-5 2.90333E-5 4.237E-5 5.74185E-5 7.56196E-5
1.76105E-4 1.88428E-4 1.93555E-4 2.1329E-4 1.86112E-4 1.52628E-4 1.18217E-4 1.11271E-4 9.03923E-5 1.43456E-4 5.65121E-5 4.77191E-5 4.86175E-5 4.66907E-5 3.95381E-5 3.70167E-5 6.14029E-5 6.29858E-5 7.88719E-5 7.58909E-5 8.48762E-5 9.12849E-5 1.03009E-4 1.19539E-4 1.3433E-4 1.21354E-4 9.85149E-5 9.51676E-5 8.77736E-5 7.21643E-5 6.44907E-5 6.42963E-5 5.79855E-5 4.74891E-5 3.58554E-5 2.99766E-5 2.1397E-5 2.90426E-5 3.66703E-5 3.69569E-5 3.49465E-5 3.53459E-5 3.89582E-5 3.91252E-5 3.31076E-5 3.09149E-5 3.16319E-5 1.92767E-5 1.04401E-5 1.00684E-5 1.4111E-5 1.38603E-5 1.32034E-5 1.3894E-5 1.42729E-5 1.45224E-5 1.5468E-5 1.65042E-5 1.59693E-5 1.4111E-5 1.41973E-5 1.79878E-5 2.64257E-5 3.96034E-5 5.80054E-5 7.55703E-5
1.56943E-4 1.75553E-4 1.80076E-4 1.91243E-4 2.09893E-4 1.39116E-4 1.13164E-4 9.46171E-5 7.70551E-5 5.49703E-5 4.4162E-5 4.17954E-5 9.99989E-5 3.31455E-5 2.5489E-5 2.72115E-5 4.62035E-5 2.67313E-4 6.72941E-5 7.47641E-5 8.03217E-5 1.05026E-4 1.12133E-4 1.61294E-4 1.64985E-4 1.42401E-4 1.18994E-4 9.88761E-5 8.46889E-5 7.46662E-5 7.50836E-5 7.28777E-5 6.45163E-5 5.34334E-5 4.1227E-5 3.6749E-5 2.96918E-5 3.36291E-5 8.73022E-5 6.79891E-5 4.64425E-5 4.35151E-5 4.65085E-5 1.76457E-5 1.55545E-5 1.45898E-5 1.46597E-5 1.65191E-5 1.26025E-5 1.38639E-5 1.86285E-5 2.04787E-5 1.86093E-5 2.02646E-5 1.69999E-5 1.65657E-5 1.73894E-5 1.8964E-5 6.60861E-5 1.71069E-5 1.5253E-5 1.76453E-5 2.37838E-5 3.39746E-5 5.04519E-5 7.0495E-5
1.2948E-4 2.65411E-4 1.56423E-4 1.53328E-4 1.5791E-4 1.25966E-4 9.96672E-5 7.7131E-5 5.33596E-5 4.16181E-5 3.61982E-5 3.18625E-5 2.58817E-5 2.32924E-5 2.19564E-5 2.47677E-5 3.48966E-5 5.40695E-5 7.02861E-5 7.74198E-5 8.98576E-5 1.12136E-4 1.37333E-4 1.49143E-4 1.29763E-4 1.24878E-4 1.1373E-4 9.79799E-5 9.8285E-5 8.67185E-5 8.12431E-5 9.1346E-5 7.34871E-5 6.61403E-5 5.333E-5 4.63737E-5 3.92563E-5 3.89424E-5 4.54247E-5 4.68474E-5 3.60363E-5 3.14584E-5 1.38983E-5 8.89073E-6 1.08302E-5 1.27284E-5 1.63898E-5 8.51489E-5 1.75412E-5 2.20843E-5 4.47913E-5 2.5897E-5 1.69266E-5 4.98596E-5 2.40276E-5 4.0476E-5 6.59424E-5 2.06164E-5 1.92531E-5 1.9028E-5 1.85956E-5 1.99004E-5 2.5215E-5 3.43051E-5 4.37907E-5 6.802E-5
9.95566E-5 1.08777E-4 1.14696E-4 1.11106E-4 1.117E-4 1.07204E-4 8.71104E-5 7.26129E-5 5.21469E-5 3.69831E-5 3.78299E-5 2.88696E-5 2.87304E-5 3.10766E-5 2.29218E-5 2.17421E-5 3.20599E-5 4.62428E-5 6.10234E-5 6.85721E-5 8.17969E-5 1.03909E-4 1.29185E-4 1.21228E-4 1.02369E-4 9.67741E-5 9.21181E-5 7.76584E-5 8.4196E-5 7.65559E-5 7.84937E-5 8.65662E-5 8.07725E-5 7.71995E-5 6.66908E-5 5.69952E-5 5.55564E-5 3.99741E-5 3.60318E-5 3.34567E-5 2.0882E-5 2.07708E-5 1.08251E-5 1.34136E-5 1.84763E-5 1.87024E-5 1.92069E-5 1.98563E-5 2.13533E-5 1.94737E-5 1.82401E-5 1.66023E-5 1.46168E-5 1.57861E-5 1.60438E-5 5.17315E-5 1.88207E-5 1.79106E-5 5.56201E-5 2.86972E-5 2.50443E-5 2.55812E-5 3.03585E-5 4.07434E-5 4.96748E-5 7.25904E-5
6.95597E-5 8.19557E-5 8.15264E-5 9.31684E-5 8.82714E-5 8.06235E-5 7.89151E-5 7.07299E-5 5.09834E-5 5.31638E-5 4.15153E-5 2.54283E-5 3.02503E-5 1.69775E-4 2.89297E-5 3.13812E-5 3.77007E-5 4.86455E-5 5.8646E-5 6.97199E-5 9.1034E-5 1.02772E-4 1.14705E-4 1.07785E-4 8.66052E-5 7.24924E-5 5.98577E-5 5.51039E-5 5.63606E-5 5.95436E-5 6.16711E-5 6.89513E-5 7.67478E-5 7.83417E-5 6.9863E-5 5.48989E-5 4.79699E-5 3.7008E-5 2.0876E-5 2.27021E-5 1.75173E-5 1.7543E-5 1.87848E-5 2.08572E-5 2.037E-5 2.01484E-5 1.9837E-5 1.99326E-5 2.20574E-5 1.84771E-5 1.69221E-5 1.53549E-5 1.43301E-5 1.34275E-5 1.74324E-5 4.66499E-5 1.9867E-5 1.79001E-5 2.5023E-5 6.12406E-5 3.73874E-5 3.89792E-5 4.43262E-5 5.13512E-5 6.38018E-5 8.8848E-5
5.63831E-5 6.60737E-5 6.76579E-5 1.85701E-4 7.18932E-5 6.37254E-5 5.18569E-5 6.20308E-5 4.96673E-5 4.65778E-5 3.80611E-5 2.34296E-5 2.58607E-5 2.78488E-5 2.79557E-5 3.13234E-5 3.58747E-5 4.78207E-5 6.25217E-5 8.25913E-5 7.93308E-5 8.10453E-5 9.63988E-5 1.04039E-4 7.59888E-5 5.56308E-5 4.66633E-5 4.44886E-5 4.76476E-5 5.32341E-5 5.34253E-5 5.36463E-5 5.67368E-5 5.4346E-5 5.52169E-5 5.03079E-5 4.02058E-5 3.06337E-5 2.25259E-5 1.17468E-5 1.37975E-5 4.82961E-5 2.81042E-5 2.23519E-5 2.12163E-5 2.06152E-5 2.08268E-5 2.33024E-5 1.97246E-5 1.85989E-5 1.83814E-5 1.76452E-5 1.52966E-5 1.3183E-5 1.51418E-5 5.00669E-5 1.8573E-5 1.92787E-5 3.26458E-5 4.99238E-5 5.48181E-5 5.48083E-5 5.92851E-5 7.9746E-5 -9999 -9999
4.78818E-5 4.99798E-5 5.31938E-5 4.16529E-5 3.94374E-5 4.4592E-5 3.52175E-5 4.26344E-5 4.86223E-5 3.05409E-5 2.6902E-5 2.8048E-5 2.54856E-5 2.6893E-5 2.70993E-5 3.31581E-5 4.09478E-5 5.43737E-5 6.09433E-5 6.41382E-5 5.64779E-5 5.59723E-5 6.31991E-5 6.76195E-5 5.64489E-5 4.15662E-5 4.08097E-5 4.10318E-5 4.09351E-5 4.45091E-5 4.50902E-5 4.43207E-5 4.36213E-5 3.70082E-5 3.86055E-5 4.11837E-5 4.35303E-5 5.31918E-5 1.74923E-5 1.24348E-5 2.09474E-5 2.31552E-5 2.33818E-5 2.2785E-5 2.19688E-5 2.141E-5 2.49513E-5 2.18704E-5 1.97997E-5 1.8512E-5 1.86383E-5 1.7572E-5 1.49276E-5 1.29169E-5 1.51544E-5 2.03931E-5 2.27145E-5 3.1707E-5 3.12912E-5 3.37696E-5 4.27879E-5 5.63658E-5 7.63313E-5 -9999 -9999 -9999
2.98896E-5 3.63503E-5 4.19767E-5 4.08764E-5 3.46258E-5 2.50029E-5 2.45298E-5 2.94256E-5 2.91826E-5 2.78484E-5 3.11273E-5 1.89024E-4 3.63765E-5 3.13046E-5 2.96217E-5 3.69015E-5 4.82901E-5 4.68615E-5 4.34353E-5 4.50511E-5 4.65841E-5 4.73619E-5 4.17947E-5 4.34701E-5 3.51356E-5 2.76718E-5 2.03093E-5 2.06182E-5 2.85477E-5 3.5065E-5 3.67561E-5 3.01574E-5 2.83773E-5 2.14391E-5 2.6519E-5 3.46855E-5 5.26215E-5 2.42198E-5 1.33671E-5 3.48311E-5 2.47571E-5 2.58499E-5 2.30785E-5 2.25437E-5 2.34296E-5 2.56035E-5 2.30773E-5 2.16243E-5 2.00066E-5 1.84092E-5 2.02411E-5 1.77058E-5 3.63193E-5 1.35089E-5 1.63256E-5 2.50976E-5 3.11991E-5 4.32733E-5 8.75298E-5 5.10286E-5 6.32148E-5 7.45736E-5 -9999 -9999 -9999 -9999
1.94836E-5 1.47605E-5 2.27217E-5 2.99916E-5 2.77026E-5 2.13252E-5 2.59328E-5 2.68906E-5 2.42069E-5 2.15934E-5 3.01523E-5 3.47953E-5 2.98541E-5 2.75753E-5 2.21348E-5 2.52634E-5 2.66245E-5 2.69201E-5 2.52004E-5 2.67371E-5 3.16168E-5 2.21959E-5 1.90186E-5 2.24134E-5 1.72932E-5 1.34718E-5 1.3441E-5 9.80424E-6 8.17866E-6 1.60452E-5 1.2107E-5 1.12231E-5 7.28852E-6 9.06677E-6 1.42334E-5 1.67644E-5 1.53448E-5 1.86374E-5 2.29992E-5 2.49405E-5 2.51191E-5 2.47772E-5 2.37829E-5 2.38542E-5 2.70811E-5 2.35361E-5 2.1113E-5 3.40731E-5 2.02814E-5 1.91142E-5 1.43482E-5 1.42737E-5 1.70698E-5 1.76678E-5 2.88774E-5 3.42823E-5 3.7078E-5 5.07847E-5 6.3089E-5 6.73731E-5 -9999 -9999 -9999 -9999 -9999 -9999
2.02678E-5 1.69992E-5 1.95802E-5 2.30112E-5 2.70047E-5 2.85611E-5 8.06157E-5 6.42116E-5 2.38573E-5 1.97913E-5 2.3562E-5 2.42331E-5 2.93402E-5 2.92287E-5 2.27749E-5 2.69082E-5 1.98495E-5 2.1934E-5 2.77598E-5 2.84826E-5 1.55718E-5 1.09322E-5 1.13655E-5 1.45105E-5 1.50112E-5 2.72578E-5 2.05621E-5 2.24864E-5 2.05995E-5 1.41569E-5 1.02316E-5 1.43951E-5 1.4373E-5 1.6193E-5 2.02002E-5 2.31959E-5 1.21256E-4 2.43218E-5 2.46554E-5 2.66261E-5 2.97235E-5 2.94828E-5 2.90254E-5 2.79259E-5 2.27974E-5 2.08349E-5 2.01855E-5 1.84391E-5 1.84403E-5 1.6377E-5 1.67148E-5 1.62837E-5 1.86579E-5 3.11559E-5 2.88444E-5 3.28689E-5 4.99262E-5 6.74558E-5 7.7015E-5 -9999 -9999 -9999 -9999 -9999 -9999 -9999
1.45697E-5 1.20383E-5 1.41836E-5 1.69017E-5 2.2928E-5 2.83923E-5 2.38724E-5 1.88358E-5 1.59288E-5 1.45551E-5 2.20581E-5 2.05037E-5 6.27202E-5 2.05848E-5 1.52569E-5 1.03246E-5 1.01445E-5 1.14267E-5 1.48789E-5 5.81897E-5 1.37422E-5 1.26848E-5 1.33968E-5 1.68136E-5 2.16186E-5 2.34288E-5 2.38679E-5 2.33614E-5 2.23026E-5 2.19539E-5 2.30484E-5 2.22504E-5 2.24339E-5 2.36681E-5 2.34708E-5 2.42894E-5 2.52874E-5 2.59529E-5 2.87486E-5 2.97786E-5 2.63727E-5 2.38529E-5 2.67257E-5 2.81394E-5 1.7851E-5 1.66128E-5 3.90366E-5 1.54324E-5 1.36349E-5 1.57432E-5 2.17316E-5 3.99222E-5 6.08192E-5 4.29645E-5 4.43214E-5 4.84436E-5 6.13334E-5 -9999 -9999 -9999 -9999 -9999 -9999 -9999 -9999 -9999
