catData/rasterBestHybridModels/Pbengalensis/RD_BM001_RM2_LQH/Pbengalensis_max.asc
ncols         409
nrows         350
xllcorner     60.897278365
yllcorner     5.843756025
cellsize      0.0892857
NODATA_value  -9999
[rows 87 to 115 of 350, columns 264 to 329 of 409]
-9999 -9999 -9999 -9999 -9999 -9999 -9999 -9999 -9999 -9999 -9999 -9999 -9999 -9999 -9999 -9999 -9999 -9999 -9999 -9999 -9999 -9999 -9999 -9999 -9999 -9999 -9999 -9999 -9999 -9999 -9999 -9999 -9999 -9999 -9999 -9999 -9999 -9999 -9999 -9999 -9999 -9999 -9999 -9999 -9999 -9999 -9999 -9999 -9999 -9999 -9999 -9999 -9999 -9999 -9999 -9999 -9999 -9999 -9999 -9999 -9999 -9999 -9999 -9999 -9999 -9999
-9999 -9999 -9999 -9999 -9999 -9999 -9999 -9999 -9999 -9999 -9999 -9999 -9999 -9999 -9999 -9999 -9999 -9999 -9999 -9999 -9999 -9999 -9999 -9999 -9999 -9999 -9999 -9999 -9999 -9999 -9999 -9999 -9999 -9999 -9999 -9999 -9999 -9999 -9999 -9999 -9999 -9999 -9999 -9999 -9999 -9999 -9999 -9999 -9999 -9999 -9999 -9999 -9999 -9999 -9999 -9999 -9999 -9999 -9999 -9999 -9999 -9999 -9999 -9999 -9999 -9999
-9999 -9999 -9999 -9999 -9999 -9999 -9999 -9999 -9999 -9999 -9999 -9999 -9999 -9999 -9999 -9999 -9999 -9999 -9999 -9999 -9999 -9999 -9999 -9999 -9999 -9999 -9999 -9999 -9999 -9999 -9999 -9999 -9999 -9999 -9999 -9999 -9999 -9999 -9999 -9999 -9999 -9999 -9999 -9999 -9999 -9999 -9999 -9999 -9999 -9999 -9999 -9999 -9999 -9999 -9999 -9999 -9999 -9999 -9999 -9999 -9999 -9999 -9999 -9999 -9999 -9999
-9999 -9999 -9999 -9999 -9999 -9999 -9999 -9999 -9999 -9999 -9999 -9999 -9999 -9999 -9999 -9999 -9999 -9999 -9999 -9999 -9999 -9999 -9999 -9999 -9999 -9999 -9999 -9999 -9999 -9999 -9999 -9999 -9999 -9999 -9999 -9999 -9999 -9999 -9999 -9999 -9999 -9999 -9999 -9999 -9999 -9999 -9999 -9999 -9999 -9999 -9999 -9999 -9999 -9999 -9999 -9999 -9999 -9999 -9999 -9999 -9999 -9999 -9999 -9999 -9999 -9999
-9999 -9999 -9999 -9999 -9999 -9999 -9999 -9999 -9999 -9999 -9999 -9999 -9999 -9999 -9999 -9999 -9999 -9999 -9999 -9999 -9999 -9999 -9999 -9999 -9999 -9999 -9999 -9999 -9999 -9999 -9999 -9999 -9999 -9999 -9999 -9999 -9999 -9999 -9999 -9999 -9999 -9999 -9999 -9999 -9999 -9999 -9999 -9999 -9999 -9999 -9999 -9999 -9999 -9999 -9999 -9999 -9999 -9999 -9999 -9999 -9999 -9999 -9999 -9999 -9999 -9999
-9999 -9999 -9999 -9999 -9999 -9999 -9999 -9999 -9999 -9999 -9999 -9999 -9999 -9999 -9999 -9999 -9999 -9999 -9999 -9999 -9999 -9999 -9999 -9999 -9999 -9999 -9999 -9999 -9999 -9999 -9999 -9999 -9999 -9999 -9999 -9999 -9999 -9999 -9999 -9999 -9999 -9999 -9999 -9999 -9999 -9999 -9999 -9999 -9999 -9999 -9999 -9999 -9999 -9999 -9999 -9999 -9999 -9999 -9999 -9999 -9999 -9999 -9999 -9999 -9999 -9999
3.92993E-4 3.44302E-4 -9999 -9999 -9999 -9999 -9999 -9999 -9999 -9999 -9999 -9999 -9999 -9999 -9999 -9999 -9999 -9999 -9999 -9999 -9999 -9999 -9999 -9999 -9999 -9999 -9999 -9999 -9999 -9999 -9999 -9999 -9999 -9999 -9999 -9999 -9999 -9999 -9999 -9999 -9999 -9999 -9999 -9999 -9999 -9999 -9999 -9999 -9999 -9999 -9999 -9999 -9999 -9999 -9999 -9999 -9999 -9999 -9999 -9999 -9999 -9999 -9999 -9999 -9999 -9999
3.81184E-4 3.52708E-4 -9999 -9999 -9999 -9999 3.29891E-4 3.3169E-4 -9999 -9999 -9999 -9999 -9999 -9999 -9999 -9999 -9999 -9999 -9999 -9999 -9999 -9999 -9999 -9999 -9999 -9999 -9999 -9999 -9999 -9999 -9999 -9999 -9999 -9999 -9999 -9999 -9999 -9999 -9999 -9999 -9999 -9999 -9999 -9999 -9999 -9999 -9999 -9999 -9999 -9999 -9999 -9999 -9999 -9999 -9999 -9999 -9999 -9999 -9999 -9999 -9999 -9999 -9999 -9999 -9999 -9999
3.93716E-4 3.58671E-4 3.67717E-4 3.68661E-4 3.77689E-4 3.58961E-4 3.4252E-4 3.3264E-4 -9999 -9999 -9999 -9999 -9999 -9999 -9999 -9999 -9999 -9999 -9999 -9999 -9999 -9999 -9999 -9999 -9999 -9999 -9999 -9999 -9999 -9999 -9999 -9999 -9999 -9999 -9999 -9999 -9999 -9999 -9999 -9999 -9999 -9999 -9999 -9999 -9999 -9999 -9999 -9999 -9999 -9999 -9999 -9999 -9999 -9999 -9999 -9999 -9999 -9999 -9999 -9999 -9999 -9999 -9999 -9999 -9999 -9999
4.2847E-4 4.03426E-4 3.65453E-4 3.69321E-4 3.6178E-4 3.77499E-4 3.59779E-4 3.52037E-4 -9999 -9999 -9999 -9999 -9999 -9999 -9999 -9999 -9999 -9999 -9999 -9999 -9999 -9999 -9999 -9999 -9999 -9999 -9999 -9999 -9999 -9999 -9999 -9999 -9999 -9999 -9999 -9999 -9999 -9999 -9999 -9999 -9999 -9999 -9999 -9999 -9999 -9999 -9999 -9999 -9999 -9999 -9999 -9999 -9999 -9999 -9999 -9999 -9999 -9999 -9999 -9999 -9999 -9999 -9999 -9999 -9999 -9999
4.81663E-4 4.72345E-4 4.03325E-4 3.78152E-4 3.54026E-4 4.13472E-4 3.91512E-4 -9999 -9999 -9999 -9999 -9999 -9999 -9999 -9999 -9999 -9999 -9999 -9999 -9999 -9999 -9999 -9999 -9999 -9999 -9999 -9999 -9999 -9999 -9999 -9999 -9999 -9999 -9999 -9999 -9999 -9999 -9999 -9999 -9999 -9999 -9999 -9999 -9999 -9999 -9999 -9999 -9999 -9999 -9999 -9999 -9999 -9999 -9999 -9999 -9999 -9999 -9999 -9999 -9999 -9999 -9999 -9999 -9999 -9999 -9999
4.5126E-4 4.16892E-4 3.86196E-4 3.79349E-4 3.43008E-4 3.7254E-4 3.89254E-4 3.65864E-4 3.60031E-4 -9999 -9999 3.7559E-4 -9999 -9999 -9999 -9999 -9999 -9999 -9999 -9999 -9999 -9999 -9999 -9999 -9999 -9999 -9999 -9999 -9999 -9999 -9999 -9999 -9999 -9999 -9999 -9999 -9999 -9999 -9999 -9999 -9999 -9999 -9999 -9999 -9999 -9999 -9999 -9999 -9999 -9999 -9999 -9999 -9999 -9999 -9999 -9999 -9999 -9999 -9999 -9999 -9999 -9999 7.42371E-4 -9999 7.58238E-4 -9999
4.52233E-4 4.07094E-4 3.72139E-4 3.48141E-4 3.33287E-4 3.5053E-4 3.44119E-4 3.544E-4 3.60549E-4 3.49075E-4 3.59554E-4 3.60113E-4 3.57479E-4 4.10498E-4 -9999 -9999 -9999 -9999 -9999 -9999 -9999 -9999 -9999 -9999 -9999 -9999 -9999 -9999 -9999 -9999 -9999 -9999 -9999 -9999 -9999 -9999 -9999 -9999 -9999 -9999 -9999 -9999 -9999 -9999 -9999 -9999 -9999 -9999 -9999 -9999 -9999 -9999 -9999 -9999 -9999 -9999 -9999 -9999 -9999 -9999 7.45755E-4 7.65676E-4 7.79236E-4 7.84663E-4 7.80259E-4 7.72316E-4
4.05755E-4 3.59043E-4 3.32447E-4 3.61259E-4 3.26411E-4 3.58529E-4 3.60415E-4 3.55303E-4 3.50534E-4 3.48181E-4 3.63659E-4 3.71565E-4 3.58749E-4 4.09937E-4 5.00303E-4 5.10905E-4 -9999 -9999 -9999 -9999 -9999 -9999 -9999 -9999 -9999 -9999 -9999 -9999 -9999 -9999 -9999 -9999 -9999 -9999 -9999 -9999 -9999 -9999 -9999 -9999 -9999 -9999 -9999 -9999 -9999 -9999 3.15744E-4 -9999 -9999 -9999 -9999 -9999 -9999 -9999 -9999 -9999 -9999 6.23281E-4 6.87319E-4 7.51384E-4 7.91063E-4 8.06938E-4 8.11948E-4 8.09131E-4 8.0564E-4 7.98322E-4
3.05174E-4 3.31453E-4 3.09135E-4 2.65698E-4 2.91712E-4 3.07303E-4 3.68766E-4 3.80216E-4 3.70098E-4 3.90397E-4 3.82955E-4 3.70227E-4 3.65077E-4 3.9259E-4 4.5787E-4 4.80574E-4 -9999 -9999 4.44863E-4 4.31273E-4 -9999 -9999 -9999 4.29874E-4 4.31623E-4 -9999 -9999 -9999 -9999 -9999 -9999 -9999 -9999 -9999 -9999 -9999 -9999 -9999 -9999 -9999 -9999 -9999 -9999 -9999 -9999 -9999 3.06072E-4 3.07637E-4 -9999 -9999 -9999 -9999 -9999 -9999 -9999 -9999 5.52869E-4 6.47614E-4 7.20138E-4 7.9947E-4 8.36856E-4 8.31312E-4 8.19631E-4 8.139E-4 8.14599E-4 8.09795E-4
2.57544E-4 2.98383E-4 2.83957E-4 2.64014E-4 2.8765E-4 3.02704E-4 3.31015E-4 3.16222E-4 3.3281E-4 3.76887E-4 3.94167E-4 3.95058E-4 3.95439E-4 4.29735E-4 4.29787E-4 4.59814E-4 1.18559E-3 -9999 -9999 4.44621E-4 5.31473E-4 -9999 -9999 4.59179E-4 4.42145E-4 5.41464E-4 9.96716E-4 -9999 -9999 -9999 -9999 -9999 -9999 -9999 -9999 -9999 -9999 -9999 -9999 -9999 -9999 -9999 2.95806E-4 3.08766E-4 3.19718E-4 3.26535E-4 3.07929E-4 2.98544E-4 3.21915E-4 -9999 -9999 -9999 -9999 -9999 4.31735E-4 4.49377E-4 5.44006E-4 6.60389E-4 8.44029E-4 8.3159E-4 8.66438E-4 8.5081E-4 8.12E-4 8.28726E-4 8.23276E-4 8.69929E-4
3.35978E-4 3.48963E-4 3.04311E-4 2.80891E-4 2.67417E-4 2.95918E-4 3.30386E-4 3.25848E-4 3.46667E-4 3.88371E-4 4.13356E-4 4.22988E-4 4.19985E-4 4.13019E-4 4.08851E-4 4.37889E-4 4.5048E-4 4.59358E-4 4.32283E-4 4.27453E-4 4.38983E-4 5.10416E-4 4.87007E-4 4.92522E-4 4.85252E-4 4.90187E-4 4.69813E-4 4.92271E-4 4.94348E-4 4.48081E-4 -9999 -9999 -9999 -9999 -9999 -9999 -9999 -9999 -9999 2.87354E-4 -9999 3.14674E-4 3.12213E-4 3.40629E-4 3.47396E-4 3.62346E-4 3.63148E-4 3.33118E-4 3.70081E-4 4.3156E-4 -9999 -9999 -9999 -9999 -9999 4.51016E-4 5.34264E-4 6.3522E-4 7.05606E-4 8.00877E-4 8.36334E-4 8.26912E-4 9.25046E-4 8.05668E-4 8.2243E-4 9.06874E-4
2.69511E-4 3.70803E-4 3.19336E-4 2.92163E-4 3.08659E-4 3.14556E-4 3.26682E-4 3.80644E-4 4.13728E-4 4.5781E-4 5.62286E-4 4.75957E-4 3.9173E-4 3.74897E-4 3.79281E-4 3.98802E-4 4.30042E-4 4.20996E-4 3.99681E-4 4.01059E-4 4.25562E-4 4.45749E-4 4.94195E-4 5.16826E-4 5.32408E-4 5.14011E-4 5.04215E-4 4.6057E-4 4.38458E-4 4.32847E-4 3.86274E-4 3.82474E-4 3.59794E-4 3.58686E-4 3.56492E-4 3.53527E-4 3.41577E-4 3.38909E-4 3.40403E-4 3.18992E-4 3.44539E-4 3.56849E-4 3.75595E-4 3.93835E-4 3.67131E-4 3.70284E-4 3.96598E-4 3.66311E-4 3.78565E-4 -9999 -9999 -9999 -9999 5.34498E-4 4.98616E-4 4.81783E-4 5.19229E-4 6.00716E-4 6.63482E-4 7.37688E-4 7.64703E-4 8.48641E-4 9.27034E-4 8.05753E-4 8.09951E-4 9.00657E-4
1.70028E-4 2.22357E-4 3.1506E-4 3.1675E-4 3.46812E-4 3.84048E-4 3.8774E-4 4.33801E-4 6.27543E-4 1.96261E-3 9.07726E-4 5.22356E-4 3.82459E-4 3.50612E-4 3.6997E-4 3.84604E-4 3.95119E-4 3.83362E-4 3.73085E-4 3.70427E-4 4.44952E-4 3.85302E-4 3.9573E-4 4.51949E-4 4.60121E-4 4.17481E-4 4.60784E-4 3.88312E-4 3.84257E-4 3.9533E-4 3.94394E-4 4.28961E-4 4.08866E-4 3.93455E-4 3.58695E-4 3.70049E-4 3.56515E-4 3.56165E-4 3.53686E-4 3.5768E-4 3.4582E-4 3.68656E-4 4.21314E-4 4.25825E-4 4.01777E-4 4.02789E-4 3.83385E-4 3.72096E-4 3.80892E-4 -9999 -9999 -9999 -9999 4.95713E-4 5.00001E-4 5.03184E-4 5.38066E-4 5.90044E-4 6.53154E-4 6.71714E-4 7.27788E-4 8.1943E-4 8.3473E-4 8.05797E-4 9.05405E-4 8.70973E-4
1.57775E-4 1.65503E-4 1.81097E-4 2.91878E-4 3.2633E-4 3.63326E-4 4.26871E-4 4.39847E-4 4.60407E-4 4.98558E-4 4.66061E-4 1.06874E-3 3.96903E-4 3.50581E-4 3.54844E-4 3.7775E-4 4.13973E-4 4.12975E-4 4.08078E-4 4.00398E-4 3.8649E-4 3.73705E-4 4.16269E-4 3.79423E-4 4.27144E-4 4.16137E-4 4.36995E-4 3.71856E-4 4.2103E-4 4.51403E-4 4.56593E-4 4.45369E-4 4.10639E-4 3.69047E-4 3.68161E-4 3.66405E-4 3.78305E-4 3.55346E-4 3.61254E-4 3.68237E-4 3.45264E-4 3.4936E-4 4.15483E-4 4.48392E-4 4.81057E-4 4.97744E-4 4.67597E-4 3.98606E-4 -9999 -9999 -9999 4.36113E-4 4.6244E-4 4.70755E-4 4.9911E-4 5.61177E-4 5.65291E-4 5.82553E-4 5.81203E-4 5.88037E-4 1.28684E-3 7.34194E-4 8.09138E-4 8.58196E-4 8.62708E-4 8.56238E-4
1.90203E-4 2.04589E-4 1.92533E-4 2.15291E-4 2.64128E-4 3.65731E-4 3.82415E-4 4.04827E-4 3.82729E-4 3.89459E-4 4.45901E-4 4.65414E-4 4.29376E-4 3.67811E-4 3.17501E-4 3.38813E-4 4.03799E-4 4.06827E-4 4.06166E-4 4.27755E-4 4.19217E-4 3.77736E-4 3.5969E-4 4.04527E-4 4.19612E-4 3.98718E-4 4.1072E-4 4.06612E-4 4.63861E-4 4.6158E-4 4.2893E-4 4.32867E-4 4.43099E-4 3.70215E-4 4.24003E-4 3.83918E-4 3.50931E-4 3.52859E-4 3.61246E-4 3.66964E-4 3.61833E-4 3.66682E-4 3.7403E-4 4.32946E-4 4.79313E-4 1.16859E-3 4.85479E-4 4.41061E-4 -9999 -9999 -9999 4.96743E-4 4.85043E-4 5.34413E-4 5.66139E-4 5.55096E-4 5.2457E-4 6.43813E-4 6.0955E-4 5.66194E-4 8.92778E-4 6.88503E-4 7.4079E-4 7.65434E-4 7.40812E-4 7.80367E-4
1.81787E-4 1.77695E-4 1.88752E-4 2.15209E-4 2.62871E-4 3.14268E-4 5.53776E-4 3.65618E-4 3.36808E-4 3.11391E-4 3.31344E-4 3.58464E-4 3.77814E-4 3.67136E-4 3.39922E-4 3.37642E-4 3.49301E-4 3.70317E-4 3.89622E-4 3.98033E-4 4.22422E-4 4.24314E-4 3.67175E-4 3.64451E-4 3.71717E-4 3.60227E-4 4.08335E-4 4.06481E-4 4.42505E-4 3.94265E-4 6.27503E-4 4.20038E-4 4.7669E-4 4.27745E-4 4.26763E-4 3.6105E-4 3.58776E-4 3.51081E-4 4.00748E-4 3.66246E-4 3.72613E-4 3.92069E-4 4.32747E-4 4.51231E-4 4.77591E-4 4.59792E-4 4.91486E-4 4.31294E-4 4.08713E-4 -9999 -9999 4.6609E-4 5.28166E-4 8.01987E-4 5.89495E-4 8.56961E-4 4.6973E-4 4.86655E-4 5.40839E-4 5.35313E-4 5.5989E-4 6.30807E-4 6.99451E-4 6.6668E-4 6.55621E-4 6.50257E-4
1.35536E-4 1.3439E-4 1.38914E-4 1.56714E-4 2.06647E-4 2.33317E-4 2.37829E-4 2.5963E-4 2.39407E-4 2.31603E-4 2.26036E-4 2.46682E-4 2.88673E-4 2.94803E-4 3.01684E-4 3.49757E-4 3.51911E-4 3.95354E-4 6.33303E-4 3.62797E-4 3.78028E-4 3.73682E-4 3.29322E-4 3.17691E-4 3.01842E-4 3.55347E-4 4.2042E-4 4.3507E-4 4.59916E-4 4.02359E-4 2.98612E-4 3.6538E-4 4.34909E-4 4.43674E-4 4.11509E-4 3.55373E-4 3.31744E-4 3.45459E-4 3.89653E-4 4.15497E-4 4.30615E-4 4.56065E-4 4.28714E-4 4.67747E-4 4.55055E-4 4.77627E-4 1.22717E-3 5.18746E-4 4.27848E-4 3.88994E-4 3.91242E-4 4.09376E-4 5.03569E-4 5.87976E-4 5.18415E-4 4.49214E-4 4.25636E-4 4.23998E-4 4.94565E-4 4.9691E-4 5.73943E-4 5.67841E-4 5.53935E-4 5.71982E-4 5.79354E-4 5.8548E-4
1.18856E-4 1.20265E-4 1.19123E-4 1.31229E-4 1.55843E-4 1.58676E-4 1.63667E-4 1.67547E-4 1.78161E-4 1.90367E-4 2.00329E-4 1.92121E-4 1.89561E-4 1.983E-4 2.26192E-4 2.66911E-4 3.34987E-4 3.82167E-4 3.96927E-4 3.79634E-4 3.56364E-4 3.01128E-4 2.94863E-4 2.99697E-4 3.06534E-4 3.455E-4 4.16838E-4 4.74547E-4 4.60269E-4 4.30363E-4 3.46238E-4 3.40687E-4 4.20628E-4 4.05207E-4 3.89962E-4 3.43158E-4 3.01943E-4 3.41669E-4 4.01474E-4 4.38896E-4 5.32577E-4 4.61826E-4 4.08023E-4 4.24203E-4 4.45861E-4 7.16778E-4 4.21313E-4 4.41636E-4 4.31287E-4 4.28582E-4 4.3812E-4 4.52488E-4 5.02487E-4 5.31155E-4 4.75828E-4 4.41733E-4 4.69441E-4 4.40653E-4 4.77014E-4 5.21596E-4 5.60343E-4 5.23205E-4 4.50366E-4 4.65035E-4 5.15358E-4 5.36109E-4
1.1292E-4 1.15281E-4 1.12762E-4 1.21625E-4 1.39184E-4 1.32511E-4 1.35499E-4 1.40293E-4 1.39711E-4 1.44983E-4 1.57187E-4 1.71546E-4 1.84527E-4 2.14931E-4 2.28271E-4 2.54902E-4 2.6076E-4 3.10024E-4 3.48197E-4 3.82552E-4 3.69882E-4 2.85959E-4 2.85273E-4 2.90705E-4 3.22604E-4 3.3281E-4 4.09077E-4 4.55421E-4 5.08056E-4 3.77714E-4 3.45142E-4 3.29025E-4 4.48312E-4 4.05167E-4 3.13753E-4 3.10345E-4 2.99017E-4 3.72871E-4 4.22152E-4 4.24082E-4 4.79144E-4 4.47467E-4 7.53998E-4 6.64819E-4 3.77892E-4 5.63256E-4 4.37733E-4 4.59857E-4 4.32468E-4 3.99235E-4 5.0684E-4 5.05953E-4 4.88272E-4 5.09937E-4 5.04508E-4 4.90429E-4 6.05354E-4 4.8294E-4 4.58754E-4 4.96956E-4 5.31477E-4 4.92705E-4 4.14479E-4 4.32697E-4 4.67787E-4 4.85289E-4
1.07656E-4 1.0609E-4 1.1637E-4 1.25368E-4 1.78656E-4 1.31297E-4 1.27761E-4 1.21277E-4 1.31017E-4 1.38406E-4 1.47228E-4 1.47876E-4 1.53562E-4 1.86229E-4 2.16868E-4 2.40766E-4 2.29863E-4 2.41448E-4 2.55488E-4 2.68134E-4 3.0399E-4 2.53143E-4 3.08794E-4 3.2597E-4 3.32922E-4 3.16797E-4 3.31207E-4 4.18327E-4 4.10419E-4 3.51744E-4 3.13606E-4 3.83406E-4 4.22604E-4 3.57309E-4 3.48307E-4 3.23289E-4 3.8024E-4 4.32056E-4 4.5154E-4 4.55672E-4 4.47218E-4 4.42741E-4 1.00692E-3 3.93238E-4 6.32015E-4 3.9791E-4 4.1632E-4 4.03596E-4 3.74389E-4 3.30121E-4 4.13E-4 4.74606E-4 4.5121E-4 4.42509E-4 5.10925E-4 5.06001E-4 5.33104E-4 4.8369E-4 4.67922E-4 5.00704E-4 9.3643E-4 4.77549E-4 4.16125E-4 7.27321E-4 4.47154E-4 4.31255E-4
1.20139E-4 1.07098E-4 1.20543E-4 1.26377E-4 2.16465E-4 1.37091E-4 1.20997E-4 1.15574E-4 1.35366E-4 1.34204E-4 1.30758E-4 1.43982E-4 1.56367E-4 1.72174E-4 1.79891E-4 1.78675E-4 2.07866E-4 2.09212E-4 2.02254E-4 2.12965E-4 2.03638E-4 2.32494E-4 2.74531E-4 3.10533E-4 3.29604E-4 3.0491E-4 2.93444E-4 3.18108E-4 3.21646E-4 2.83522E-4 2.77217E-4 3.13348E-4 3.95127E-4 3.62161E-4 3.54176E-4 3.5715E-4 4.09348E-4 3.86488E-4 4.60436E-4 4.3497E-4 4.43503E-4 4.43979E-4 4.55632E-4 3.94514E-4 3.20278E-4 3.76125E-4 2.91147E-4 2.28732E-4 2.0822E-4 1.96771E-4 2.78908E-4 3.9915E-4 4.3481E-4 3.86996E-4 5.60857E-4 7.10398E-4 4.74249E-4 4.71093E-4 4.70132E-4 4.87908E-4 4.69269E-4 3.83231E-4 3.67738E-4 4.26034E-4 4.33055E-4 4.14545E-4
1.21679E-4 1.10323E-4 1.14233E-4 1.0829E-4 1.09579E-4 1.21322E-4 1.13419E-4 1.21932E-4 1.29367E-4 1.32121E-4 1.32739E-4 1.6268E-4 2.72737E-4 1.71993E-4 1.55079E-4 1.73847E-4 1.68782E-4 1.75942E-4 1.63877E-4 2.04924E-4 2.2422E-4 2.55523E-4 2.77663E-4 2.36923E-4 2.41738E-4 2.24683E-4 1.91639E-4 1.78471E-4 1.85455E-4 2.05288E-4 2.31334E-4 3.01033E-4 3.67575E-4 3.49973E-4 3.59879E-4 3.49936E-4 3.52746E-4 3.0012E-4 4.47272E-4 3.79937E-4 4.09998E-4 7.67333E-4 8.37264E-4 3.87376E-4 2.04765E-4 1.9661E-4 2.98904E-4 1.8718E-4 1.76802E-4 1.6851E-4 2.0181E-4 3.22821E-4 3.58477E-4 3.69791E-4 4.34507E-4 5.55698E-4 4.70619E-4 4.16505E-4 4.26347E-4 4.25149E-4 3.61051E-4 3.51947E-4 3.57066E-4 3.72181E-4 5.19567E-4 3.71242E-4
2.11746E-4 1.07567E-4 1.25076E-4 1.45481E-4 1.03149E-4 1.03897E-4 1.10358E-4 1.18594E-4 1.74125E-4 1.48933E-4 1.28281E-4 1.3759E-4 1.51716E-4 1.53953E-4 1.52753E-4 1.79792E-4 1.6828E-4 1.78979E-4 1.58172E-4 1.62381E-4 1.66013E-4 1.85734E-4 2.14221E-4 2.19402E-4 2.09136E-4 1.78736E-4 1.69847E-4 1.65906E-4 1.67012E-4 1.73668E-4 1.96161E-4 3.36255E-4 2.69272E-4 3.21176E-4 3.16556E-4 2.7109E-4 2.14307E-4 2.01084E-4 2.02242E-4 2.56113E-4 2.74839E-4 2.40601E-4 2.02882E-4 1.84345E-4 1.93326E-4 1.99273E-4 1.96031E-4 1.80296E-4 1.65096E-4 1.76979E-4 2.11588E-4 1.88526E-4 2.17909E-4 2.05971E-4 3.01132E-4 2.24032E-4 3.34049E-4 3.41884E-4 3.23172E-4 3.21489E-4 2.92343E-4 2.61952E-4 3.41457E-4 2.61418E-4 2.36739E-4 2.43218E-4
