catData/rasterBestHybridModels/Pbengalensis/RD_BM001_RM2_LQH/Pbengalensis_max.asc
ncols         409
nrows         350
xllcorner     60.897278365
yllcorner     5.843756025
cellsize      0.0892857
NODATA_value  -9999
[rows 232 to 260 of 350, columns 132 to 197 of 409]
-9999 -9999 -9999 -9999 -9999 -9999 -9999 -9999 1.70662E-5 3.91126E-5 1.68733E-4 1.48792E-4 1.70723E-4 2.47217E-4 2.72661E-4 7.22177E-5 1.01779E-4 4.20931E-5 2.22172E-6 2.6521E-6 2.66034E-6 6.61242E-6 1.78445E-5 3.59076E-5 6.02493E-5 1.8219E-4 1.34631E-4 7.76125E-5 5.41512E-5 5.6174E-5 4.657E-5 4.27741E-6 1.60348E-5 5.62612E-6 1.43272E-4 5.01196E-5 9.07809E-6 1.76857E-5 1.10323E-4 4.05195E-5 3.01754E-5 1.12201E-5 6.34533E-5 4.76738E-5 7.74433E-7 2.43769E-6 3.60702E-5 3.09756E-5 1.5373E-5 1.13607E-5 1.22783E-6 3.50393E-5 2.3244E-5 4.66368E-5 5.07978E-5 5.76901E-5 2.53226E-5 6.27925E-6 1.01774E-5 3.52726E-5 5.5932E-6 6.11861E-8 5.7021E-6 2.07882E-5 5.08404E-5 6.60542E-5
-9999 -9999 -9999 -9999 -9999 -9999 -9999 -9999 6.63243E-6 8.56811E-5 1.76675E-4 2.86093E-4 1.79276E-4 2.1198E-4 1.51241E-4 1.36624E-4 9.95714E-5 2.42082E-5 3.51919E-5 8.39308E-5 1.8911E-5 1.96357E-5 3.7897E-5 5.37016E-5 1.43321E-4 4.32136E-5 7.19548E-5 4.39903E-5 1.47238E-5 2.50299E-5 3.30536E-5 2.19155E-5 2.91096E-5 1.2131E-5 3.33434E-5 5.68095E-5 4.89948E-6 2.16357E-5 1.01528E-5 1.61344E-5 3.10466E-5 8.95062E-6 4.83773E-5 2.77294E-6 1.13305E-5 3.22656E-6 4.94904E-5 2.09539E-5 6.42586E-5 3.59011E-5 5.92969E-6 1.39159E-5 4.06754E-5 6.10531E-5 9.80225E-5 2.7434E-5 1.56486E-5 2.19405E-5 1.81808E-5 5.89096E-6 3.03794E-6 2.55885E-5 4.71336E-5 1.53485E-5 3.46604E-6 2.40688E-6
-9999 -9999 -9999 -9999 -9999 -9999 -9999 -9999 -9999 1.1351E-4 1.72155E-4 1.12484E-4 1.75911E-4 1.79894E-4 2.01498E-4 1.76745E-4 2.43953E-4 3.41779E-5 3.64036E-5 9.5983E-6 5.46509E-6 2.11578E-4 3.64405E-5 1.43532E-5 3.44781E-5 4.96216E-5 1.83436E-5 3.82191E-5 3.56986E-7 1.09278E-6 2.84073E-5 2.12854E-5 9.40985E-6 2.10655E-5 3.49161E-5 2.10627E-5 2.37037E-6 6.82239E-6 2.6443E-5 2.14731E-5 7.07596E-5 5.81838E-5 6.69351E-6 1.84788E-5 1.15601E-5 5.61563E-7 3.95613E-6 9.25522E-5 8.83179E-5 2.96218E-5 5.28527E-5 4.41694E-5 1.45003E-5 1.08114E-4 1.13846E-4 5.1763E-5 3.56969E-5 1.43162E-5 8.94785E-6 1.20092E-5 1.1285E-5 3.84772E-6 6.20232E-6 4.63256E-5 1.20562E-6 1.19076E-4
-9999 -9999 -9999 -9999 -9999 -9999 -9999 -9999 -9999 9.13195E-5 7.24864E-5 5.79711E-5 1.80456E-4 1.57251E-4 2.1691E-4 3.00027E-4 3.38257E-4 9.32214E-5 2.62516E-6 9.40401E-6 7.16005E-6 4.76473E-6 2.58108E-5 1.54645E-6 5.59374E-6 6.66769E-5 2.77412E-5 3.94789E-5 7.71112E-6 3.90863E-5 3.71573E-5 2.1166E-5 5.74422E-5 4.64205E-5 1.57565E-5 1.62544E-5 6.30942E-6 6.88854E-5 1.55205E-5 7.26403E-5 3.93291E-5 7.10429E-6 6.09329E-6 1.26735E-5 6.93126E-6 5.56025E-5 6.57012E-5 8.72861E-5 1.24862E-4 2.53623E-5 1.16294E-5 3.04198E-5 3.71044E-5 5.9339E-5 5.95875E-5 6.67043E-5 3.30708E-5 1.90193E-5 4.52415E-6 4.40863E-6 1.92008E-5 1.49422E-5 5.44963E-6 5.89936E-7 2.86303E-7 3.54636E-6
-9999 -9999 -9999 -9999 -9999 -9999 -9999 -9999 -9999 4.91836E-5 5.27864E-5 1.8101E-5 1.11508E-4 1.66172E-4 1.9859E-4 2.72526E-4 2.82981E-4 1.31391E-4 8.76097E-5 2.53728E-6 8.35374E-6 2.77234E-6 2.63655E-7 3.21821E-6 1.72184E-5 1.81699E-5 4.409E-6 9.94963E-6 1.20664E-5 1.39134E-5 7.90786E-5 5.35131E-5 1.30076E-5 4.26821E-6 1.05823E-5 8.89324E-6 4.27542E-5 5.93948E-5 2.42949E-5 8.90879E-5 8.96625E-5 2.05889E-5 1.07209E-5 1.65825E-5 1.23645E-5 1.13825E-4 5.28282E-5 7.76584E-5 1.30325E-5 2.50307E-5 1.79222E-5 1.20628E-5 2.13139E-5 7.17787E-6 5.56594E-5 1.68021E-5 3.84333E-5 2.46687E-5 3.73349E-6 1.3974E-5 2.14172E-5 6.7337E-6 1.57342E-5 1.46823E-5 1.13644E-5 4.82278E-7
-9999 -9999 -9999 -9999 -9999 -9999 -9999 -9999 -9999 -9999 1.54195E-4 3.50562E-5 1.27901E-4 1.70354E-4 2.1101E-4 2.56335E-4 2.54591E-4 9.84796E-5 1.4294E-4 4.55007E-5 1.3538E-4 5.40806E-5 2.23421E-6 1.54407E-5 2.07175E-5 2.08211E-6 1.46945E-5 2.24979E-5 5.1387E-5 3.05044E-5 6.27971E-5 3.47757E-5 7.51735E-5 1.50616E-5 1.23042E-5 3.6386E-5 3.94252E-6 2.13032E-5 2.20807E-6 5.44584E-5 5.3123E-5 1.168E-5 3.86227E-6 5.16166E-5 5.36089E-5 6.36081E-5 5.16388E-5 1.26764E-5 3.11446E-6 5.49726E-6 1.51404E-5 1.7485E-5 1.48963E-5 5.78466E-6 2.67116E-5 3.18587E-5 3.36854E-5 4.69161E-5 8.69496E-6 4.74E-6 2.374E-5 7.70884E-6 2.66107E-5 8.45563E-6 1.07902E-5 1.18437E-5
-9999 -9999 -9999 -9999 -9999 -9999 -9999 -9999 -9999 -9999 -9999 6.23405E-5 4.96434E-5 1.57379E-4 1.5974E-4 1.69913E-4 1.66954E-4 2.2374E-4 2.25719E-4 7.2319E-5 2.23888E-4 1.8637E-6 5.03769E-7 2.56989E-7 1.58657E-6 7.0304E-6 1.03894E-4 8.11191E-5 8.55818E-5 5.85882E-5 5.22707E-6 4.90828E-6 3.54628E-5 5.36955E-5 5.25881E-5 2.83864E-5 9.07155E-7 1.0617E-6 7.9291E-7 5.34201E-5 1.05683E-4 1.06541E-6 2.08524E-7 5.50147E-5 1.38003E-4 1.98435E-4 3.8454E-5 3.20333E-6 1.24167E-6 8.77397E-6 1.76925E-5 3.91724E-5 8.80594E-6 3.31284E-5 2.21919E-5 1.27402E-5 6.54316E-6 1.33056E-5 1.47494E-5 1.38557E-5 1.54465E-5 1.04409E-5 1.4048E-5 8.71581E-6 4.62947E-6 6.51767E-6
-9999 -9999 -9999 -9999 -9999 -9999 -9999 -9999 -9999 -9999 -9999 -9999 1.49329E-4 8.46489E-5 1.12062E-4 1.71465E-4 2.72014E-4 3.03244E-4 2.69257E-4 3.1591E-4 9.18401E-5 4.34468E-5 3.4181E-5 6.32193E-6 1.28844E-6 4.46953E-5 1.05023E-5 8.36021E-6 4.57922E-5 7.40332E-5 6.82282E-5 3.42006E-5 8.33062E-5 8.68872E-5 7.24767E-5 5.54414E-6 1.7121E-5 1.1021E-6 4.53595E-8 7.07572E-7 3.39806E-7 6.74194E-6 1.03407E-5 7.61268E-5 1.5203E-4 1.39275E-4 2.85668E-5 3.97714E-5 6.46819E-6 1.55551E-5 3.60602E-6 1.16723E-5 2.42691E-5 4.56183E-5 4.45293E-5 7.88155E-6 5.89504E-6 1.88666E-5 5.35623E-6 4.08441E-6 1.63083E-5 3.47465E-6 7.41638E-6 6.91832E-6 1.35254E-5 1.09726E-5
-9999 -9999 -9999 -9999 -9999 -9999 -9999 -9999 -9999 -9999 -9999 -9999 5.63483E-6 1.11614E-5 1.34127E-4 1.76097E-4 2.02712E-4 2.56864E-4 3.08132E-4 2.95157E-4 1.94827E-4 6.95215E-5 2.15249E-4 8.90911E-6 2.77117E-7 3.69662E-6 2.01537E-5 7.43184E-6 8.18366E-5 2.97809E-5 1.2091E-6 3.59317E-7 6.05696E-6 3.27683E-5 7.81991E-7 4.20575E-6 1.0255E-5 1.16288E-5 1.04271E-7 1.56018E-7 1.32868E-7 2.09621E-5 5.13597E-6 1.51937E-5 1.04342E-4 3.93533E-5 2.86531E-5 6.60219E-5 1.63998E-5 2.96067E-5 1.37486E-5 4.1606E-6 1.16488E-5 3.92831E-5 1.61382E-5 5.49254E-5 1.67121E-5 2.3292E-5 8.09602E-6 5.06334E-6 1.88557E-6 9.52664E-6 1.38497E-5 3.25067E-6 1.58039E-5 3.56336E-6
-9999 -9999 -9999 -9999 -9999 -9999 -9999 -9999 -9999 -9999 -9999 -9999 2.00587E-5 1.30339E-5 5.63469E-5 4.64387E-5 3.8237E-4 2.13171E-4 2.77147E-4 2.96141E-4 3.0525E-4 1.18596E-4 8.87017E-5 1.54072E-4 1.23719E-6 4.42509E-7 2.72444E-5 1.50459E-5 1.66207E-6 2.25922E-6 4.35936E-5 5.60609E-5 4.28187E-5 3.22766E-5 3.81234E-6 1.87184E-6 6.22069E-6 4.22431E-5 3.02281E-6 1.80495E-7 9.78185E-8 3.07228E-6 1.03089E-5 1.43636E-4 1.36042E-4 4.13256E-5 8.11081E-5 4.90582E-5 2.10063E-5 1.24053E-5 5.43244E-6 4.1885E-6 7.69555E-6 3.14358E-6 5.71273E-6 6.35285E-5 1.09882E-4 3.12386E-5 1.24499E-5 1.78022E-5 2.37354E-5 3.62913E-6 3.68614E-6 5.14714E-6 6.23787E-6 2.10762E-5
-9999 -9999 -9999 -9999 -9999 -9999 -9999 -9999 -9999 -9999 -9999 -9999 -9999 6.99719E-5 7.42708E-5 1.31865E-4 1.79888E-4 2.09068E-4 2.67921E-4 2.79703E-4 4.9982E-4 2.65454E-4 1.92715E-4 7.46669E-5 1.13195E-4 9.46858E-6 6.68103E-5 8.27734E-6 7.44823E-6 1.96865E-5 9.3962E-6 2.24533E-5 6.04641E-5 1.60366E-4 8.50786E-5 1.29694E-5 3.60387E-5 3.86641E-5 6.50872E-5 2.43408E-7 2.15683E-7 1.61317E-7 1.20623E-5 1.68151E-4 1.42728E-4 2.33932E-5 1.12297E-5 6.9886E-5 1.70595E-5 1.71829E-5 2.38107E-6 1.60968E-5 4.64455E-8 2.91849E-5 2.67103E-6 3.216E-5 7.12277E-5 3.50882E-5 3.49981E-5 1.78328E-5 2.60869E-5 5.66865E-5 1.76379E-5 2.64534E-7 9.22187E-6 8.21614E-6
-9999 -9999 -9999 -9999 -9999 -9999 -9999 -9999 -9999 -9999 -9999 -9999 -9999 1.56956E-5 3.69932E-5 1.15843E-4 8.08183E-5 1.63638E-4 2.42062E-4 2.80632E-4 2.70132E-4 2.5329E-4 6.04326E-5 8.83404E-6 8.94728E-5 2.45527E-5 1.76172E-6 1.43806E-4 5.33692E-6 9.28587E-6 9.83611E-6 3.44618E-5 2.74591E-6 1.31328E-5 5.54257E-5 1.22023E-4 5.7302E-5 3.82688E-5 4.26883E-5 1.23994E-7 8.31268E-7 5.39705E-6 3.29395E-5 3.38202E-5 6.97769E-5 5.07972E-5 1.63109E-5 9.23857E-6 4.34133E-5 1.50441E-5 9.21004E-6 3.49469E-7 2.38299E-9 1.67898E-7 1.22203E-5 3.50922E-6 4.19646E-5 2.15232E-5 3.36114E-5 2.41254E-5 3.14644E-5 1.08952E-5 1.86359E-5 1.7082E-5 6.24188E-5 3.55667E-6
-9999 -9999 -9999 -9999 -9999 -9999 -9999 -9999 -9999 -9999 -9999 -9999 -9999 -9999 6.31037E-6 7.2792E-5 1.74094E-4 1.96038E-4 2.65893E-4 3.09338E-4 2.68985E-4 6.03639E-4 2.27018E-4 2.67272E-5 1.84925E-5 3.38383E-5 1.70875E-5 9.01095E-6 8.18932E-8 4.70201E-5 4.49452E-5 3.63244E-5 3.54134E-5 6.37774E-5 1.69096E-5 5.07876E-5 1.26194E-4 2.96924E-5 3.63548E-6 2.27863E-6 5.67168E-5 3.17249E-5 1.46525E-6 1.35268E-6 2.11336E-5 9.24273E-5 5.6554E-5 3.66797E-5 7.99247E-6 3.91742E-5 1.39129E-6 4.36922E-7 1.05337E-8 1.21825E-6 4.78558E-6 3.09763E-5 2.76207E-5 1.98003E-4 5.35184E-5 4.8818E-6 2.88744E-6 8.32583E-7 5.11063E-6 1.88505E-5 5.50648E-5 2.61848E-6
-9999 -9999 -9999 -9999 -9999 -9999 -9999 -9999 -9999 -9999 -9999 -9999 -9999 -9999 7.15203E-5 1.61133E-4 1.84453E-4 2.18791E-4 2.86943E-4 2.78736E-4 2.47064E-4 2.39896E-4 2.15958E-4 2.04147E-4 8.27245E-5 8.8649E-5 3.28995E-5 2.61591E-5 6.92941E-8 2.90549E-7 2.9315E-5 2.5465E-5 3.48829E-6 5.06248E-6 9.58818E-6 3.26845E-5 5.58825E-6 1.13044E-5 2.52902E-5 6.84994E-5 1.49167E-5 1.35465E-6 2.83815E-6 1.98213E-6 1.29682E-6 2.94773E-6 9.41274E-6 4.52292E-5 8.69071E-7 1.1161E-5 5.96356E-6 2.10797E-6 6.15308E-6 3.97783E-5 3.86752E-5 4.27549E-5 2.60183E-5 1.02177E-5 3.68288E-5 6.34178E-7 4.27561E-6 3.87839E-6 2.71076E-6 2.67635E-5 4.61051E-5 3.97829E-7
-9999 -9999 -9999 -9999 -9999 -9999 -9999 -9999 -9999 -9999 -9999 -9999 -9999 -9999 -9999 1.84955E-4 1.77805E-4 2.20729E-4 2.81706E-4 2.61611E-4 2.37865E-4 2.123E-4 2.18809E-4 2.14189E-4 2.06381E-4 3.87391E-5 4.03178E-5 1.67566E-6 1.99771E-6 3.37851E-7 1.20832E-5 3.47744E-5 8.89693E-6 5.39836E-5 1.55315E-6 2.88283E-6 3.50047E-6 3.47027E-6 3.01959E-7 6.81916E-6 2.35105E-6 3.63558E-6 3.30147E-6 5.44157E-6 7.94087E-6 5.8555E-6 2.48283E-6 2.99721E-5 2.30922E-6 3.11762E-6 6.53066E-6 5.22394E-5 7.50649E-6 4.15239E-6 1.94339E-6 1.86468E-5 2.53673E-6 3.73233E-6 1.19826E-5 2.90378E-5 1.72288E-5 2.11439E-5 7.20573E-6 1.2474E-5 4.34753E-5 1.25355E-7
-9999 -9999 -9999 -9999 -9999 -9999 -9999 -9999 -9999 -9999 -9999 -9999 -9999 -9999 -9999 4.04764E-4 1.82988E-4 2.06127E-4 2.23637E-4 2.32202E-4 2.13959E-4 2.22055E-4 3.80084E-4 2.43377E-4 2.09478E-4 1.7268E-4 2.31646E-4 7.56968E-5 7.69203E-5 4.75153E-5 1.01636E-5 2.87726E-5 1.57237E-5 1.95169E-5 2.06684E-5 2.75477E-6 1.86807E-5 9.86356E-6 3.13418E-5 1.26082E-6 4.07852E-6 2.06701E-6 1.02618E-5 6.08429E-6 3.02546E-5 7.25878E-7 2.94411E-6 4.084E-6 8.3491E-6 4.14653E-6 2.14841E-5 3.98268E-5 3.70927E-5 6.8973E-7 1.33752E-6 1.22244E-6 1.19745E-5 2.29254E-6 3.86114E-6 2.81377E-5 2.30836E-5 2.82598E-5 1.31216E-5 8.44016E-6 5.0427E-6 1.554E-7
-9999 -9999 -9999 -9999 -9999 -9999 -9999 -9999 -9999 -9999 -9999 -9999 -9999 -9999 -9999 6.13716E-5 7.04722E-5 9.66662E-5 1.76519E-4 1.8073E-4 1.95453E-4 2.20805E-4 2.53192E-4 2.35953E-4 2.09644E-4 2.2775E-4 7.32259E-5 1.038E-5 1.84071E-5 1.86737E-5 1.03378E-5 5.2957E-5 2.88383E-5 1.10351E-5 2.84011E-5 5.61298E-6 6.38003E-6 1.08872E-5 1.41976E-5 2.42845E-6 2.7246E-6 2.64978E-5 2.90668E-6 5.27867E-6 2.03065E-5 4.88219E-6 1.66611E-6 1.97835E-6 1.3643E-5 1.51008E-5 1.71259E-5 9.70928E-6 1.56539E-5 7.62854E-6 6.45234E-6 1.84989E-6 8.1591E-6 8.30155E-6 2.13484E-6 2.38369E-6 9.25421E-6 1.82889E-5 3.37204E-6 1.07133E-6 4.69361E-6 2.0523E-5
-9999 -9999 -9999 -9999 -9999 -9999 -9999 -9999 -9999 -9999 -9999 -9999 -9999 -9999 -9999 8.48664E-5 2.87995E-4 1.80314E-4 1.96045E-4 2.1033E-4 2.00802E-4 1.90687E-4 2.14908E-4 2.3824E-4 2.17535E-4 2.25673E-4 1.02407E-4 9.95194E-6 1.38517E-4 1.68876E-5 4.781E-6 2.688E-5 7.16992E-5 8.74771E-6 1.35997E-5 2.72589E-6 3.12002E-7 2.04303E-6 1.38116E-5 1.64718E-5 5.41731E-6 1.00389E-5 6.56709E-6 2.18923E-6 3.40164E-6 9.53975E-6 2.90921E-6 9.63645E-6 9.41769E-6 1.28171E-5 2.4158E-6 5.20503E-6 3.08523E-7 3.36475E-6 2.39386E-6 6.56352E-6 3.50396E-5 2.89636E-6 2.79392E-6 4.80128E-6 1.01257E-5 7.30222E-6 2.18653E-5 2.8553E-5 8.43805E-6 4.62985E-6
-9999 -9999 -9999 -9999 -9999 -9999 -9999 -9999 -9999 -9999 -9999 -9999 -9999 -9999 -9999 -9999 -9999 1.32685E-4 1.69732E-4 1.95373E-4 1.71978E-4 1.87058E-4 2.40925E-4 2.56106E-4 2.45653E-4 2.49388E-4 1.17323E-4 3.54688E-5 1.24442E-4 1.09314E-4 8.26257E-6 1.42629E-5 3.49596E-6 2.54409E-5 8.27086E-6 2.86501E-6 1.1501E-5 2.20066E-5 2.52838E-5 1.64886E-5 1.98647E-6 1.03352E-6 2.24225E-5 1.44439E-6 2.99508E-6 5.51602E-6 7.84749E-6 4.12794E-7 1.33593E-6 1.93235E-5 3.76616E-7 2.50896E-7 8.76909E-7 4.05938E-6 1.58128E-5 2.67588E-5 2.16904E-5 5.68103E-6 6.79145E-7 6.46488E-7 1.34922E-5 1.23901E-5 8.06794E-6 3.28746E-5 1.62972E-5 5.24923E-6
-9999 -9999 -9999 -9999 -9999 -9999 -9999 -9999 -9999 -9999 -9999 -9999 -9999 -9999 -9999 -9999 -9999 2.72895E-5 6.12172E-5 1.81656E-4 1.831E-4 2.47196E-4 2.96387E-4 2.84351E-4 3.33333E-4 2.76737E-4 5.21565E-5 2.70049E-6 7.87315E-5 1.19863E-4 1.47095E-4 3.41662E-5 1.5412E-4 3.50603E-6 1.01769E-5 4.30586E-6 1.07069E-6 7.12458E-6 6.37836E-6 8.25044E-8 7.00952E-6 1.67411E-5 6.39906E-6 5.6326E-6 1.72047E-6 1.20426E-5 4.17976E-7 3.22347E-6 2.00115E-7 9.10718E-7 1.59654E-6 3.95153E-6 8.24957E-7 3.61167E-6 8.62376E-6 8.66172E-6 4.95745E-6 5.9957E-6 1.03669E-6 4.78362E-6 8.79637E-7 2.39303E-6 6.96333E-6 1.94763E-5 1.27263E-5 3.41302E-5
-9999 -9999 -9999 -9999 -9999 -9999 -9999 -9999 -9999 -9999 -9999 -9999 -9999 -9999 -9999 -9999 -9999 -9999 -9999 1.43132E-4 1.94789E-4 2.30763E-4 2.65383E-4 2.71163E-4 2.6941E-4 1.30361E-4 7.70874E-5 6.04379E-5 6.59271E-5 1.44732E-4 1.88441E-5 3.1801E-7 3.34019E-5 5.07021E-5 6.33381E-6 3.15997E-5 3.51288E-5 9.29936E-7 2.19711E-7 3.36061E-7 1.50062E-6 7.96868E-6 4.66474E-6 5.27052E-7 1.99232E-6 9.93321E-5 3.93657E-5 1.51996E-5 1.08584E-6 2.21517E-6 1.29314E-5 1.21038E-6 3.69069E-6 2.7174E-7 1.12451E-5 1.22614E-5 2.90027E-6 3.65832E-6 4.01827E-6 7.31895E-7 1.36148E-6 9.21695E-7 1.1368E-5 1.80309E-5 2.68209E-6 1.70393E-5
-9999 -9999 -9999 -9999 -9999 -9999 -9999 -9999 -9999 -9999 -9999 -9999 -9999 -9999 -9999 -9999 -9999 -9999 -9999 1.48507E-4 1.69639E-4 1.75762E-4 2.26098E-4 2.55272E-4 2.5821E-4 1.6224E-4 2.06948E-4 2.07783E-4 1.0791E-4 2.08009E-4 3.12734E-5 1.33656E-7 1.95519E-6 4.75888E-5 1.70018E-4 1.28346E-4 1.68228E-4 1.0246E-7 4.04819E-7 4.51582E-7 1.38899E-6 1.65435E-6 5.0186E-6 6.46893E-6 1.02437E-5 5.4489E-6 1.05525E-5 1.14046E-5 2.02785E-6 2.44707E-6 6.30632E-7 7.70911E-7 1.55491E-5 9.81593E-7 1.37817E-6 3.499E-6 5.89358E-6 5.92084E-6 1.50742E-5 1.49827E-5 3.82792E-6 1.22621E-6 7.32186E-6 1.45031E-5 1.8324E-5 7.36334E-6
-9999 -9999 -9999 -9999 -9999 -9999 -9999 -9999 -9999 -9999 -9999 -9999 -9999 -9999 -9999 -9999 -9999 -9999 -9999 3.03299E-5 1.74698E-4 1.97275E-4 2.36507E-4 2.70271E-4 3.66818E-4 1.23275E-4 3.20245E-4 1.51926E-4 1.38259E-4 1.79743E-4 3.27448E-5 2.78343E-6 1.12503E-6 1.14269E-5 1.54286E-4 2.05451E-4 1.21958E-4 5.82911E-8 2.35701E-6 2.16641E-6 2.7583E-6 3.45186E-6 2.7493E-6 1.28971E-6 3.00517E-5 2.6503E-5 2.97972E-5 1.4762E-5 4.80962E-6 4.23655E-8 2.14383E-6 5.01451E-6 5.51648E-6 2.14167E-6 2.65017E-5 1.04136E-5 1.12657E-5 1.82803E-6 1.07688E-5 1.02193E-5 1.00895E-5 6.32415E-6 7.52321E-7 4.41183E-7 5.81638E-6 1.30088E-5
-9999 -9999 -9999 -9999 -9999 -9999 -9999 -9999 -9999 -9999 -9999 -9999 -9999 -9999 -9999 -9999 -9999 -9999 -9999 8.65527E-5 1.81925E-4 1.93463E-4 2.28549E-4 2.75605E-4 6.80352E-5 2.81909E-5 2.55246E-4 2.45044E-4 2.42644E-4 3.11433E-4 1.05377E-4 8.81629E-6 4.01369E-6 7.84597E-6 5.97334E-5 2.0592E-4 2.20544E-4 1.35521E-5 5.0172E-6 8.81024E-6 6.65611E-7 4.4791E-6 2.93709E-5 1.42177E-5 2.8644E-5 3.2978E-5 5.83503E-6 2.0765E-6 1.74066E-6 9.40917E-7 2.89607E-5 1.44705E-5 4.70406E-6 2.29266E-5 2.31372E-6 8.88606E-6 2.487E-5 4.77252E-6 9.43217E-6 2.72829E-6 4.13491E-6 3.20391E-7 4.62764E-6 4.95731E-6 2.65072E-6 9.73821E-6
-9999 -9999 -9999 -9999 -9999 -9999 -9999 -9999 -9999 -9999 -9999 -9999 -9999 -9999 -9999 -9999 -9999 -9999 -9999 -9999 1.02228E-4 1.70988E-4 2.08198E-4 2.55531E-4 1.47093E-4 7.63511E-5 3.27003E-4 2.53526E-4 2.40972E-4 2.16644E-4 2.19232E-4 1.15208E-4 1.00097E-5 8.9321E-5 5.84224E-5 1.98912E-4 3.591E-5 6.84198E-7 9.6081E-7 4.84565E-6 2.9475E-6 1.0901E-5 3.05254E-5 5.58146E-6 1.3619E-5 3.74127E-6 1.74999E-5 2.76715E-5 2.3529E-5 9.60596E-7 2.10432E-6 1.55454E-5 1.37582E-5 2.27711E-5 9.97942E-6 7.89739E-6 5.88717E-5 4.6166E-5 6.11232E-6 1.79258E-6 1.42143E-5 2.37065E-5 2.33285E-6 6.08379E-6 2.38711E-6 1.81252E-6
-9999 -9999 -9999 -9999 -9999 -9999 -9999 -9999 -9999 -9999 -9999 -9999 -9999 -9999 -9999 -9999 -9999 -9999 -9999 -9999 1.81951E-4 1.95525E-4 2.50201E-4 2.67089E-4 2.78063E-4 2.8947E-4 2.75431E-4 2.52922E-4 2.45721E-4 2.61665E-4 2.5015E-4 8.22015E-5 2.851E-5 1.54141E-5 5.73841E-5 1.37079E-4 4.79452E-5 1.9834E-6 3.41807E-6 9.32386E-6 1.95039E-5 1.16525E-4 2.25113E-5 4.48914E-5 9.69865E-6 5.10916E-6 4.67862E-6 3.63313E-6 1.2059E-5 1.86686E-5 3.70705E-6 1.59269E-5 1.95362E-6 6.76456E-6 3.89483E-6 2.87298E-6 2.81957E-6 1.40661E-6 6.74413E-6 1.34298E-5 6.68955E-6 8.1817E-6 1.11795E-6 8.76625E-7 8.51136E-6 3.99653E-6
-9999 -9999 -9999 -9999 -9999 -9999 -9999 -9999 -9999 -9999 -9999 -9999 -9999 -9999 -9999 -9999 -9999 -9999 -9999 -9999 5.28843E-5 1.88372E-4 2.54062E-4 2.77528E-4 2.6898E-4 2.69103E-4 2.64844E-4 2.64861E-4 2.71096E-4 4.11894E-4 2.6814E-4 8.29866E-5 1.08231E-4 1.56321E-4 1.89048E-4 4.30501E-5 9.26105E-5 7.52827E-6 7.7872E-7 2.04185E-6 1.36842E-5 3.52069E-6 9.99758E-6 5.89795E-5 1.98877E-5 6.79184E-6 1.06549E-5 2.23139E-6 3.26355E-6 3.45767E-5 2.24935E-5 6.39438E-6 3.07805E-6 3.2436E-6 5.47722E-6 2.90776E-6 1.88713E-6 3.43386E-6 7.05547E-6 1.13675E-5 2.80666E-6 4.99924E-6 1.17756E-5 6.50025E-6 3.37794E-5 1.17538E-5
-9999 -9999 -9999 -9999 -9999 -9999 -9999 -9999 -9999 -9999 -9999 -9999 -9999 -9999 -9999 -9999 -9999 -9999 -9999 -9999 -9999 8.40872E-5 2.67915E-4 2.58318E-4 2.87959E-4 2.91308E-4 5.8753E-4 2.812E-4 2.94133E-4 3.16002E-4 3.16255E-4 1.22661E-4 1.74902E-4 2.1773E-4 2.23971E-4 2.45571E-4 7.19877E-5 2.31445E-5 9.42591E-7 3.14039E-6 1.43341E-5 2.62616E-6 4.76466E-6 7.10761E-6 2.89006E-5 1.16169E-5 1.97776E-5 3.15227E-6 1.77224E-6 2.50417E-6 5.08026E-6 8.21748E-7 3.18593E-6 9.46764E-6 6.18699E-6 4.57303E-6 2.71637E-6 9.12015E-6 1.16557E-5 2.30476E-5 1.81116E-5 2.85149E-5 2.8553E-5 1.26102E-5 1.25522E-5 1.21504E-5
-9999 -9999 -9999 -9999 -9999 -9999 -9999 -9999 -9999 -9999 -9999 -9999 -9999 -9999 -9999 -9999 -9999 -9999 -9999 -9999 -9999 -9999 1.91448E-4 1.82716E-4 2.34754E-4 3.18068E-4 2.95511E-4 2.9272E-4 2.89798E-4 3.12779E-4 3.07198E-4 2.60338E-4 1.75993E-4 3.40668E-4 2.43746E-4 2.57454E-4 6.0674E-5 2.14572E-5 3.23863E-7 1.04815E-6 6.58038E-6 8.78679E-6 6.01781E-5 5.19631E-6 3.4159E-5 3.51208E-5 1.03145E-5 1.93143E-6 6.36723E-6 1.36981E-6 1.75184E-6 3.52036E-6 1.15414E-5 2.15163E-5 9.5027E-6 1.56607E-6 3.90737E-7 5.30341E-7 7.21344E-6 7.13382E-5 1.96384E-5 1.092E-6 6.70907E-6 4.56133E-6 2.84497E-6 4.31652E-5
