catData/rasterBestHybridModels/Pbengalensis/RD_BM001_RM2_LQH/Pbengalensis_stddev.asc
ncols         409
nrows         350
xllcorner     60.897278365
yllcorner     5.843756025
cellsize      0.0892857
NODATA_value  -9999
[rows 145 to 173 of 350, columns 132 to 197 of 409]
3.81907E-6 5.09827E-6 3.50945E-6 4.86198E-6 4.40318E-6 4.48201E-6 9.82271E-6 4.06634E-6 6.29164E-6 5.21887E-6 1.62224E-6 1.0715E-7 1.07629E-6 1.10295E-8 6.51284E-8 2.18051E-6 4.60185E-6 1.41061E-7 1.68867E-7 4.24455E-7 7.23572E-7 2.18236E-6 2.87979E-6 4.12149E-6 3.41911E-6 5.49177E-6 9.78642E-6 3.8561E-6 6.10278E-6 2.28146E-6 5.56818E-6 3.91685E-6 4.19675E-6 1.15274E-6 4.12047E-7 4.36817E-6 2.40592E-6 1.59132E-6 1.80727E-6 3.33695E-6 1.80799E-6 1.27855E-6 8.66744E-7 3.51816E-7 4.04072E-7 8.23793E-7 4.79173E-8 1.52412E-6 8.82058E-7 7.1483E-7 6.00409E-7 1.48938E-6 1.03243E-6 2.02789E-8 5.98554E-8 1.29382E-7 1.2731E-6 2.81507E-6 2.18375E-8 1.30753E-8 1.42373E-9 4.37806E-9 9.57334E-10 5.75329E-10 1.42076E-8 1.15659E-6
1.78327E-6 4.69881E-6 2.16776E-6 6.20937E-6 4.76327E-6 5.70963E-6 7.80642E-6 5.67715E-6 5.70894E-6 1.80679E-6 5.24356E-7 2.10941E-6 7.85723E-8 2.08719E-7 5.57831E-8 9.74879E-7 3.35546E-6 2.22058E-6 1.63693E-6 7.37026E-7 2.76021E-6 3.72837E-7 4.29251E-6 1.24868E-5 4.6593E-6 8.56815E-7 1.96784E-6 3.97763E-6 6.18882E-6 7.50318E-6 8.38807E-6 3.76855E-6 5.06753E-6 3.9526E-6 1.83781E-6 4.86716E-7 1.52333E-6 6.34192E-7 2.84811E-6 1.35496E-6 1.86136E-6 3.02192E-6 1.50693E-6 9.30427E-7 2.2588E-7 4.49039E-6 1.97453E-6 9.50591E-7 4.68832E-7 3.63706E-7 1.58642E-7 1.25181E-6 3.7162E-6 2.3817E-6 4.39268E-7 4.65184E-7 1.92015E-6 4.50499E-7 1.90707E-9 4.41262E-10 9.59407E-10 1.11359E-9 7.0984E-8 7.40154E-9 1.38787E-7 4.15204E-6
6.51935E-6 5.48263E-6 4.63872E-6 2.0812E-6 5.02282E-7 5.19435E-6 4.63483E-6 3.18548E-6 2.07014E-6 1.20192E-7 1.12994E-6 2.63827E-7 6.82693E-7 4.78257E-8 2.11119E-7 8.02685E-7 3.0402E-6 3.58188E-6 1.51819E-6 1.28297E-6 2.50661E-6 2.39003E-6 4.39113E-7 1.61071E-6 4.46212E-6 1.50616E-6 6.84614E-6 6.75611E-6 7.44808E-6 7.0036E-6 2.87785E-6 4.00561E-6 3.06675E-6 6.73509E-7 8.63793E-8 1.15147E-6 3.41795E-6 6.87602E-7 3.01791E-6 2.1258E-6 2.05401E-6 3.67319E-6 3.92735E-6 5.39362E-6 2.01272E-6 3.0136E-8 4.31284E-7 1.60425E-7 2.64449E-6 3.8304E-7 1.43193E-7 2.27124E-7 2.11823E-6 7.7737E-7 2.22302E-6 3.00276E-6 1.68215E-6 8.42292E-8 6.38525E-9 1.12136E-8 4.57145E-9 2.78005E-7 3.10365E-7 5.92153E-8 2.01109E-6 1.84768E-6
5.61865E-6 2.89496E-6 1.59557E-7 1.13352E-6 1.17976E-6 2.75895E-6 1.44954E-6 9.884E-7 3.48072E-6 9.15049E-7 1.02781E-6 3.48563E-6 4.32331E-7 4.35681E-7 7.56047E-7 7.06924E-7 3.27823E-6 4.20362E-6 3.01884E-6 2.01603E-6 4.04153E-6 1.76625E-6 8.97907E-7 5.6693E-7 2.30321E-6 3.84755E-6 7.75324E-6 7.12736E-6 3.6511E-6 6.58286E-7 2.57052E-6 3.41293E-6 2.63227E-6 8.04803E-7 7.27448E-7 1.81916E-6 2.06641E-6 1.62146E-6 7.99856E-7 1.88693E-6 3.80389E-6 3.31918E-6 1.40121E-6 6.33606E-7 3.91095E-6 2.27797E-6 4.2861E-6 8.57994E-7 3.75829E-7 9.7833E-8 2.08934E-7 4.3211E-7 1.90293E-6 4.87584E-7 1.35675E-6 2.12007E-6 6.09426E-7 3.06175E-8 6.26029E-7 1.01326E-7 1.15062E-7 4.08144E-7 3.89661E-8 2.4145E-6 2.8868E-6 8.88399E-7
6.45988E-6 5.1995E-6 1.24524E-6 9.66797E-7 4.71825E-6 1.00855E-6 1.90981E-6 1.46384E-6 2.96657E-6 6.248E-8 3.04801E-7 2.28004E-6 7.7255E-7 1.17628E-6 1.87008E-6 1.54933E-6 3.6991E-6 2.22104E-6 1.57731E-6 6.38368E-7 2.89368E-6 3.44168E-6 2.60675E-6 2.34038E-6 3.36386E-6 8.22943E-7 9.01818E-6 9.06965E-6 3.11871E-6 2.11171E-6 1.63305E-5 4.70284E-6 4.79157E-6 2.20635E-6 2.29638E-7 1.94253E-7 1.94413E-6 1.39221E-6 2.72374E-6 1.06088E-6 1.33403E-6 2.76556E-6 1.69418E-6 2.96818E-6 2.13476E-6 1.12015E-6 2.189E-6 3.03627E-6 7.34888E-7 8.66455E-7 2.54982E-7 1.51684E-6 7.44829E-7 3.17762E-6 2.89895E-6 1.03275E-6 4.71342E-8 8.48651E-10 1.32535E-9 4.19866E-9 4.86028E-9 2.3337E-7 2.46925E-7 3.71837E-6 1.95715E-6 1.50441E-7
5.76091E-6 6.05017E-6 2.21438E-6 3.45423E-6 4.08515E-6 9.67937E-7 3.71827E-6 4.31071E-6 5.77286E-6 2.14532E-6 9.36658E-7 2.86414E-7 1.14816E-6 1.16777E-6 3.16979E-6 4.01868E-6 2.87468E-6 2.02572E-6 2.30669E-6 8.72377E-8 3.42372E-6 2.0344E-6 2.88601E-7 1.3863E-6 2.91535E-6 7.17762E-7 7.58378E-6 2.52815E-5 2.21026E-6 6.23445E-6 9.01863E-6 7.40196E-6 4.66836E-6 3.8679E-6 6.60322E-8 2.7657E-7 1.946E-6 3.39065E-6 3.01241E-6 2.12754E-6 2.58815E-6 2.51087E-6 1.33992E-6 6.37864E-7 6.34882E-7 3.98141E-7 5.87266E-7 3.32308E-7 1.94905E-7 7.21018E-8 5.46787E-8 2.82246E-7 9.0186E-8 1.92104E-6 1.7492E-6 1.07397E-9 3.12323E-9 9.73491E-10 8.0719E-10 4.89227E-10 1.33304E-8 1.73831E-6 1.74004E-6 7.98329E-7 2.63387E-6 2.12635E-6
2.20097E-5 4.03958E-6 4.83347E-6 9.07795E-6 5.6536E-6 4.74773E-6 3.63014E-6 1.43397E-6 6.82464E-6 3.41669E-6 5.15245E-6 3.31162E-6 1.64646E-6 1.99865E-6 4.06105E-6 6.6688E-6 8.50794E-6 1.55846E-6 4.3202E-6 3.82499E-6 1.96866E-6 1.32966E-6 5.18333E-7 8.63878E-7 6.40667E-6 5.01028E-6 2.49692E-6 7.15369E-6 4.04439E-6 6.22163E-6 7.87538E-6 1.4796E-5 2.8036E-6 9.77463E-7 5.4505E-7 3.56628E-7 7.72025E-7 1.2786E-6 1.23312E-6 1.74721E-6 5.48958E-7 3.99893E-6 9.0459E-6 1.98209E-6 1.18828E-6 1.711E-7 6.80013E-8 2.33245E-9 5.63166E-8 5.71891E-7 4.55654E-7 5.584E-7 3.94679E-7 1.02979E-6 5.98955E-7 2.14982E-7 1.20227E-6 5.59114E-8 3.5693E-10 7.72163E-10 5.12872E-8 1.71202E-6 3.35838E-7 8.74233E-7 3.10153E-6 2.35793E-6
5.84503E-6 4.32059E-6 6.16624E-6 5.20354E-6 5.3922E-6 3.77391E-6 9.76105E-6 3.58222E-6 4.29248E-6 1.17185E-5 5.33913E-6 1.64023E-6 1.17417E-6 4.45305E-7 2.6428E-7 1.49867E-6 4.46905E-6 1.89636E-6 5.33884E-6 2.06443E-6 2.16886E-6 1.16871E-6 1.85493E-7 2.19704E-7 4.42944E-6 7.35197E-6 3.96383E-6 2.46763E-6 8.27022E-6 1.00332E-5 1.92363E-5 2.7894E-6 3.95531E-6 6.16729E-7 5.5645E-6 4.18047E-6 7.17691E-7 2.72975E-7 3.64408E-6 8.21958E-7 3.34426E-6 2.67018E-6 3.53129E-6 4.8672E-6 1.69797E-7 3.54176E-8 6.50123E-7 2.59216E-7 2.25161E-7 4.45602E-7 3.33614E-7 6.34701E-7 1.3484E-7 2.31895E-6 6.79202E-7 1.21003E-7 1.53193E-6 1.97805E-7 7.6524E-10 6.73586E-10 1.24735E-6 1.19278E-6 2.50881E-7 1.83979E-6 1.2566E-6 4.32374E-7
7.19574E-6 5.14986E-6 5.2221E-6 4.20088E-6 5.20858E-6 3.69599E-6 2.37577E-6 3.62387E-6 1.04061E-6 5.48731E-6 2.94253E-6 3.74805E-6 3.60185E-6 8.28155E-7 2.35419E-6 1.53475E-6 3.68211E-6 1.94065E-6 3.68332E-6 1.50979E-6 3.9666E-7 7.22828E-7 4.85238E-7 7.96767E-7 2.12428E-6 2.16628E-6 1.05262E-5 4.10205E-6 1.04979E-5 1.03216E-5 4.49364E-6 3.21575E-6 1.99446E-6 1.15478E-7 1.88485E-6 6.88883E-6 5.70314E-6 4.49382E-6 4.34458E-6 1.74453E-6 3.05474E-6 6.63927E-7 1.42489E-6 5.50323E-6 3.96471E-8 6.70977E-8 1.77168E-6 2.74874E-6 4.62608E-7 2.04018E-6 1.06324E-6 7.58874E-7 1.5275E-6 1.44683E-6 3.81395E-7 5.91813E-7 7.85071E-7 8.47117E-8 5.94737E-7 1.83236E-9 1.10193E-6 1.80546E-7 4.45065E-8 2.20205E-6 8.69781E-7 1.75993E-6
9.70438E-6 9.55913E-6 6.00824E-6 5.43195E-6 3.87918E-6 2.18588E-6 2.01311E-6 4.55413E-6 9.68701E-8 8.66357E-7 5.17289E-7 1.64983E-7 1.24615E-7 1.98435E-6 4.03071E-6 4.01494E-6 2.63112E-6 1.0688E-6 3.70571E-6 2.65292E-6 1.07381E-6 1.55672E-6 5.59627E-7 1.61657E-6 3.35145E-6 1.14528E-6 1.47733E-5 6.04451E-6 6.14692E-6 4.56999E-6 3.38283E-6 4.64181E-6 7.10721E-7 1.60518E-7 2.85463E-7 6.82336E-6 6.91299E-6 9.35492E-6 8.21951E-6 1.19253E-6 3.13391E-6 9.81582E-7 1.99737E-7 7.87701E-7 1.19482E-7 2.47389E-7 1.2773E-6 3.14491E-6 3.47354E-6 3.31114E-6 1.47094E-6 9.90368E-7 4.52337E-6 2.25869E-6 2.72445E-6 1.08488E-6 3.38443E-7 2.01805E-6 1.50521E-6 9.97267E-8 3.32756E-7 2.00575E-6 3.33566E-6 2.59839E-6 1.1814E-6 1.95842E-6
9.65926E-6 1.02391E-5 7.11176E-6 6.84998E-6 5.10028E-6 3.52666E-6 1.3939E-6 2.28122E-6 2.11061E-7 2.00687E-7 4.13627E-8 2.05392E-8 1.06615E-6 6.82783E-7 4.71974E-6 1.45986E-6 2.01848E-6 4.34878E-6 2.32383E-6 7.14324E-6 2.53438E-7 1.76674E-8 1.94451E-7 5.72079E-7 5.94983E-7 9.37843E-8 2.00108E-6 7.13958E-6 6.13734E-6 8.38525E-6 7.40611E-6 6.12666E-6 5.39371E-6 2.99645E-6 6.92304E-6 5.33388E-6 6.50077E-6 7.36446E-6 2.9779E-6 3.06742E-6 2.51406E-6 1.87844E-7 1.55912E-7 2.77362E-7 1.16995E-7 2.55564E-7 7.9707E-8 5.33284E-7 3.82293E-6 2.43725E-6 2.87504E-6 3.30628E-6 2.6312E-6 2.14542E-6 2.10857E-6 7.77099E-7 8.82581E-7 2.00556E-6 2.41061E-6 1.44104E-6 4.73182E-6 3.78257E-6 1.59496E-6 5.43717E-8 3.02815E-8 3.22941E-7
5.22442E-6 6.94618E-6 7.0598E-6 8.30114E-6 7.72155E-6 5.60217E-6 4.16738E-6 4.63532E-6 1.93061E-6 1.47976E-7 2.04928E-6 1.26949E-6 1.07826E-8 6.29502E-9 4.95613E-6 3.44454E-6 3.94432E-6 4.00346E-6 1.02398E-6 6.67594E-7 1.68011E-6 1.83251E-6 9.43694E-7 2.02231E-8 1.23169E-6 7.5694E-7 2.37732E-6 5.0435E-6 7.89182E-6 5.879E-6 7.17602E-6 6.23423E-6 7.3128E-6 8.63621E-6 7.06655E-6 6.819E-6 8.17202E-6 9.08352E-6 1.51887E-6 4.13355E-6 3.11261E-6 2.67066E-6 2.55488E-7 2.2751E-9 1.23494E-7 1.51432E-7 7.73245E-8 8.68697E-7 2.47867E-6 5.71957E-7 4.05282E-6 6.87412E-7 5.18706E-7 4.5003E-6 4.8579E-6 2.21374E-6 2.12444E-6 4.90804E-6 2.727E-6 1.45856E-6 3.47898E-6 2.67281E-6 2.41957E-7 4.93562E-9 4.56366E-8 4.05604E-7
4.19147E-6 4.30833E-6 5.46802E-6 7.14136E-6 2.97723E-5 6.59215E-6 3.58289E-6 5.31512E-6 7.60849E-6 5.57939E-6 1.40347E-6 3.80039E-6 1.47978E-6 4.40571E-8 7.55458E-7 6.82417E-7 2.00665E-6 1.43505E-6 1.01994E-6 3.15809E-6 2.12586E-6 1.22039E-6 3.98478E-6 3.49916E-6 1.54557E-6 7.93186E-7 9.64648E-7 4.73375E-6 4.44898E-5 9.07091E-6 5.64947E-6 1.16172E-5 9.66366E-6 8.96763E-6 1.00561E-5 1.15739E-5 1.1497E-5 1.27612E-5 2.71785E-6 2.05914E-6 3.09093E-6 1.5183E-6 1.33702E-7 2.19062E-8 4.48529E-7 7.53253E-7 2.56197E-6 1.51125E-6 9.13509E-6 7.38893E-7 4.48423E-7 1.90483E-6 1.64487E-6 1.30531E-6 8.17292E-7 2.1321E-6 1.63143E-6 3.11786E-6 2.77534E-6 1.73449E-6 2.48853E-6 1.66201E-6 9.65802E-7 7.57286E-8 5.88965E-7 1.569E-6
3.90442E-6 3.78985E-6 4.49012E-6 5.30412E-6 5.96019E-6 7.72161E-6 7.28702E-6 5.78794E-6 8.00568E-6 5.4358E-6 2.3252E-7 6.60337E-7 6.60541E-6 3.77429E-7 2.73216E-7 1.16909E-6 1.63891E-6 2.43347E-7 1.848E-6 2.42763E-6 5.56126E-6 2.16672E-6 1.21718E-6 1.22402E-6 8.20632E-7 4.35209E-8 5.69147E-7 7.54065E-6 8.04144E-6 4.64119E-6 1.01096E-5 9.57495E-6 1.08805E-5 9.28348E-6 1.17168E-5 1.57841E-5 1.11566E-5 9.01069E-6 5.02673E-6 3.37114E-6 2.27897E-7 8.8764E-7 5.90996E-8 9.62525E-7 7.1094E-8 2.08799E-6 2.57367E-6 5.32227E-6 4.35986E-6 2.769E-7 3.83609E-6 4.88086E-6 5.25395E-6 5.01472E-6 1.46319E-6 3.22905E-6 3.50411E-6 3.28413E-6 3.55758E-7 1.98216E-6 1.48642E-6 2.24779E-6 2.47819E-6 2.91417E-6 2.76355E-6 1.58781E-6
4.50012E-6 3.88757E-6 5.42187E-6 4.73091E-6 4.24267E-6 5.97224E-6 5.71511E-6 5.04131E-6 7.48505E-6 2.15777E-6 3.79186E-6 2.56062E-6 5.95433E-6 9.73083E-7 3.04143E-6 4.1665E-6 2.64869E-6 2.68199E-6 2.31102E-6 9.86702E-7 6.00637E-6 1.78474E-6 2.7269E-6 4.61589E-6 4.70092E-7 1.29927E-7 2.97181E-6 4.56986E-6 9.02696E-6 9.02546E-6 1.00426E-5 1.46269E-5 1.32354E-5 8.16119E-6 1.16383E-5 7.31991E-6 9.79635E-6 5.75825E-6 7.15506E-6 1.83111E-6 1.02036E-7 5.8664E-8 1.41271E-6 6.40539E-6 1.1366E-6 3.41588E-6 3.91621E-6 3.56385E-6 2.89018E-6 3.52481E-6 1.24388E-6 2.56238E-6 2.53524E-6 3.28849E-6 5.01947E-6 5.81457E-6 4.47958E-6 1.04109E-6 1.51448E-6 2.40465E-6 4.24291E-6 2.49295E-6 2.0194E-6 3.09019E-6 4.00673E-6 3.96213E-6
3.9506E-6 3.31038E-6 3.8083E-6 5.12826E-6 4.95707E-6 1.23938E-5 5.2003E-6 2.01626E-6 6.84309E-6 4.90372E-6 2.21998E-5 9.22352E-7 4.93378E-6 4.12777E-6 2.03307E-6 6.37785E-7 5.85466E-6 2.83417E-7 1.68642E-6 5.43204E-6 4.00933E-6 1.34207E-5 4.42429E-6 6.52212E-6 4.31126E-6 4.17994E-6 1.17866E-7 6.33573E-6 8.94449E-6 8.89891E-6 8.95137E-6 1.07554E-5 1.13683E-5 1.07048E-5 1.47921E-5 8.16111E-6 7.16101E-6 3.56207E-6 1.03138E-6 5.97526E-6 2.60356E-6 5.88583E-7 6.23849E-7 3.31425E-6 3.47617E-6 2.3638E-6 2.25978E-6 1.52662E-6 8.64843E-7 9.17415E-8 1.13686E-7 1.62667E-6 2.96387E-6 2.89683E-6 1.91684E-6 1.33855E-6 1.1229E-5 1.30532E-6 4.66846E-6 4.24791E-6 2.16875E-6 3.34557E-6 4.60203E-6 3.30351E-6 2.08812E-6 5.49528E-7
5.90475E-6 4.50853E-6 6.51023E-6 6.62491E-6 8.76294E-6 6.16547E-6 3.98881E-6 4.7663E-6 2.69148E-6 2.66186E-6 2.38074E-6 1.52211E-6 6.94726E-6 4.58279E-6 4.76651E-7 4.65849E-7 1.05197E-6 4.7681E-6 1.5354E-7 3.90636E-6 7.0554E-6 1.15983E-6 1.96508E-6 4.72246E-6 4.46869E-6 1.93194E-5 2.75799E-6 7.0959E-6 1.17102E-5 1.11033E-5 8.3413E-6 8.50216E-6 2.29274E-5 6.09094E-6 2.7455E-6 6.06446E-6 2.74518E-6 2.92896E-6 2.94401E-6 4.24583E-6 1.29069E-6 3.26578E-6 3.08638E-6 2.84577E-6 7.79444E-7 5.34757E-7 6.80613E-7 7.67179E-7 1.75793E-8 2.3879E-8 2.36355E-7 1.4334E-5 1.52659E-6 2.39851E-6 7.09201E-7 3.00276E-6 4.09601E-6 3.04198E-6 5.16338E-6 3.29706E-6 2.38891E-6 3.11556E-6 2.20434E-6 3.25212E-6 2.67339E-6 2.88244E-6
3.76575E-6 3.78501E-6 6.51611E-6 6.00548E-6 5.2652E-6 4.20941E-6 2.88224E-6 6.6269E-6 1.03407E-5 1.61052E-6 3.45602E-6 1.41815E-6 2.85647E-6 3.48899E-6 1.48681E-6 3.64064E-6 5.93742E-6 6.4403E-6 5.2198E-6 3.80734E-6 3.16924E-6 2.80072E-6 4.90902E-6 4.42761E-6 7.23395E-6 7.24036E-6 2.27807E-6 4.50545E-6 3.6391E-6 2.81944E-5 9.43119E-6 7.95826E-6 4.60228E-6 1.76659E-5 4.44911E-6 3.74477E-6 4.02998E-6 4.22765E-6 7.11233E-6 4.30424E-6 3.17683E-6 3.90731E-6 1.9641E-6 9.36772E-7 1.78557E-7 5.78211E-7 1.45795E-6 1.11715E-7 4.58903E-8 5.92584E-9 6.28633E-7 1.75948E-6 2.55114E-6 2.53272E-6 1.66768E-6 2.65202E-6 3.46214E-6 1.11124E-6 4.90046E-6 2.75115E-6 3.92672E-6 4.20783E-6 4.04831E-6 2.7635E-6 3.52879E-6 2.69675E-6
3.48648E-6 8.48746E-6 6.92486E-6 5.04877E-6 4.04551E-6 3.91185E-6 3.93165E-6 6.02522E-6 1.53416E-5 3.72311E-6 3.06593E-6 7.40099E-6 6.27284E-6 2.67645E-6 4.46054E-6 5.5408E-6 4.95185E-6 5.1484E-6 4.06688E-6 7.23662E-6 6.75104E-6 5.30422E-6 3.35206E-6 2.16825E-6 4.61097E-6 3.13038E-7 1.8968E-6 6.39221E-7 3.02088E-7 2.56177E-6 4.06814E-6 5.23389E-6 1.01103E-5 6.33335E-6 7.0281E-6 6.00381E-6 4.53597E-6 4.16603E-6 2.76905E-6 2.0912E-6 2.73721E-6 2.91583E-6 4.03386E-6 3.74946E-6 3.2795E-6 2.13937E-6 3.60649E-6 1.46583E-6 4.12932E-7 2.35045E-6 3.96865E-6 1.99945E-6 4.88797E-6 4.34854E-6 5.39577E-7 6.85146E-7 2.93347E-6 2.61722E-6 2.92024E-6 3.93844E-6 4.84555E-6 4.21677E-6 7.54032E-6 9.97409E-6 3.81193E-5 5.07462E-6
2.53624E-6 3.35354E-6 1.77095E-5 4.70031E-6 2.97878E-6 1.79405E-6 4.40944E-6 3.71401E-6 6.63985E-6 4.33989E-6 7.70853E-6 7.54778E-6 7.98235E-6 4.15071E-6 2.19377E-6 5.05736E-6 6.191E-6 3.56695E-6 5.86051E-7 6.75708E-6 7.64186E-6 1.31666E-5 2.21675E-6 5.15648E-6 3.62256E-6 4.20195E-6 3.58634E-6 3.13865E-6 1.99312E-6 1.70821E-7 2.70191E-6 3.2497E-6 4.67152E-6 6.42659E-6 5.00524E-6 6.66787E-6 2.89252E-6 1.95369E-6 3.07255E-6 3.55293E-6 2.61939E-6 3.22888E-6 3.09524E-6 3.90524E-6 5.51288E-6 2.41396E-6 1.94749E-6 1.91714E-6 2.19085E-6 5.10267E-6 4.19636E-6 2.19691E-6 1.50187E-6 2.83386E-6 1.58468E-6 2.61575E-6 1.71772E-6 2.4655E-6 1.90334E-6 2.76471E-6 3.21624E-6 3.46165E-6 7.08882E-6 9.11391E-6 8.43722E-6 3.29407E-6
2.78987E-6 2.97734E-6 1.94489E-6 3.16834E-6 3.57439E-6 5.5303E-6 3.69759E-6 5.25262E-6 7.48701E-6 8.69242E-6 6.62434E-6 6.2112E-6 7.6518E-6 7.97465E-6 1.18644E-5 9.04107E-6 7.63531E-6 7.2861E-6 2.51663E-5 5.90789E-7 9.77379E-7 1.94013E-6 7.2717E-7 4.49381E-7 3.31191E-6 2.92693E-6 4.72942E-6 5.69072E-6 4.13286E-6 5.91566E-6 4.03679E-6 2.31652E-6 2.92476E-6 3.12356E-6 1.64181E-6 2.66976E-6 3.04742E-6 2.32955E-6 3.87127E-6 3.6468E-6 3.1883E-6 4.27579E-6 5.67279E-6 3.82273E-6 3.89707E-6 3.85637E-6 2.07696E-6 7.87576E-7 2.11269E-6 8.23403E-6 4.52222E-6 2.67647E-6 2.0435E-6 4.29455E-6 5.44563E-6 3.84546E-6 3.69033E-6 3.70941E-6 2.39634E-6 1.60305E-6 3.4076E-6 3.81895E-6 3.73634E-6 4.96939E-6 2.95937E-6 6.46244E-6
-9999 1.62053E-6 1.16521E-6 2.78983E-6 1.07902E-5 2.53812E-6 2.93556E-6 3.75806E-6 5.07675E-6 4.31898E-6 5.53756E-6 7.63189E-6 7.06067E-6 5.51571E-6 5.94902E-6 6.47395E-6 6.54176E-6 6.34724E-6 6.45229E-6 3.37864E-7 3.44895E-7 2.56023E-6 3.98813E-6 1.23846E-5 3.28274E-6 3.42043E-6 6.59242E-6 5.26975E-6 3.18258E-6 2.20938E-6 9.74008E-7 2.77161E-6 2.27968E-6 1.91461E-6 2.57519E-6 2.05221E-6 3.55551E-6 2.29901E-6 2.13166E-6 4.27862E-6 4.4051E-6 2.93411E-5 5.36984E-6 4.12185E-6 3.93197E-6 5.23333E-6 1.17408E-6 7.77213E-8 2.72323E-6 4.02668E-6 3.15222E-6 2.6652E-6 4.04861E-6 4.54616E-6 4.91032E-6 4.69827E-6 6.49124E-6 3.64734E-6 2.14125E-6 4.06556E-6 1.16256E-6 2.01108E-6 5.31242E-6 4.65714E-6 5.02232E-6 5.66246E-6
1.46587E-6 1.24258E-6 1.24787E-6 6.23975E-7 2.32696E-6 1.91676E-6 2.32643E-6 3.54704E-6 4.79924E-6 3.95523E-6 6.05652E-6 7.83405E-6 6.34861E-6 4.35597E-6 5.46202E-6 4.87385E-6 2.83646E-6 2.3163E-6 2.72726E-6 2.48667E-6 2.445E-6 3.38834E-6 4.54477E-6 3.31932E-6 4.09329E-6 3.07608E-6 2.76509E-6 2.87779E-6 3.15181E-6 5.61572E-6 2.43694E-6 2.08505E-6 4.69018E-6 2.93857E-6 3.62725E-6 2.39322E-6 9.53427E-7 5.60517E-7 4.17383E-7 1.87089E-6 4.496E-6 4.86307E-6 5.35843E-6 3.78643E-6 4.60514E-6 3.97471E-6 1.55082E-7 5.16902E-8 1.67092E-6 1.98343E-6 2.06129E-6 4.37652E-6 4.19739E-6 4.4426E-6 4.27925E-6 2.99573E-6 3.68298E-6 6.01276E-6 3.3418E-6 1.27814E-6 2.05207E-6 1.0769E-6 1.86535E-6 2.17332E-6 1.2444E-6 2.90135E-6
3.91421E-7 4.12009E-6 1.72489E-6 1.93539E-6 1.80412E-6 2.32334E-6 3.05683E-6 3.89589E-6 3.81397E-6 4.1687E-6 4.53744E-6 6.75687E-6 5.39033E-6 5.36565E-6 1.2602E-6 3.38207E-8 1.34301E-6 1.35507E-6 3.62001E-6 3.74419E-6 3.50942E-6 3.29369E-6 2.91612E-6 3.1175E-6 6.45618E-6 3.23111E-6 1.47989E-5 2.4788E-6 1.99937E-6 2.58734E-6 2.54681E-6 2.46612E-6 1.95467E-6 4.54162E-6 3.58426E-6 3.97564E-6 2.67226E-6 3.66691E-6 2.29563E-6 2.60028E-6 3.78937E-6 4.19637E-6 1.49979E-5 4.52435E-6 4.53781E-6 2.34988E-6 2.02817E-7 6.73403E-7 2.64921E-6 3.3695E-6 4.02082E-6 4.31803E-6 4.55419E-6 4.31654E-6 5.89123E-7 3.38846E-7 1.39318E-6 2.34165E-7 2.76105E-6 2.82454E-6 7.99488E-7 5.41769E-6 4.53596E-6 4.19206E-7 2.58051E-6 4.13523E-6
6.11358E-7 9.12683E-7 2.03869E-6 1.44756E-6 1.79217E-6 2.48479E-6 3.05917E-6 4.29643E-6 2.28314E-6 3.86068E-6 3.22461E-6 5.58166E-6 4.43789E-6 5.73772E-6 4.03268E-6 2.92888E-6 1.70212E-6 2.68682E-6 3.31578E-6 1.07542E-6 4.59032E-6 3.80687E-6 2.66638E-6 3.38181E-6 1.91245E-6 2.29737E-6 1.95306E-6 4.92057E-6 2.11016E-6 3.95178E-7 2.46248E-6 2.07131E-6 3.94332E-6 3.61768E-6 2.36184E-6 2.99102E-6 3.40613E-6 3.92931E-6 3.17559E-6 3.04307E-6 3.77737E-6 2.891E-6 5.03282E-6 3.85831E-6 3.19178E-6 2.67476E-6 1.69411E-6 2.53357E-6 2.07555E-6 3.50547E-6 4.60336E-6 4.07464E-6 3.69733E-6 4.18252E-6 1.28318E-6 1.22625E-7 3.48777E-8 2.5784E-7 6.15765E-6 3.09109E-6 5.40514E-6 2.5128E-6 3.28283E-7 1.01995E-6 2.39362E-6 6.67631E-6
2.44201E-7 1.09186E-6 1.62987E-6 1.64805E-6 1.52501E-6 1.45125E-6 2.66659E-6 5.88868E-6 4.95665E-6 1.08281E-5 8.13051E-6 6.07595E-6 5.62202E-6 4.91197E-6 2.49934E-6 4.20402E-6 4.89848E-6 4.71866E-6 5.19521E-6 7.49264E-6 1.16344E-5 3.77988E-6 1.47245E-6 2.12088E-6 2.57309E-6 2.65341E-6 1.10205E-6 1.51254E-6 1.7391E-6 1.06362E-6 2.78956E-6 2.26884E-6 5.21928E-6 2.66529E-6 3.35106E-6 4.24899E-6 6.47784E-6 2.56218E-6 3.00096E-6 4.61165E-6 4.90289E-6 5.60097E-6 2.96076E-6 3.29621E-6 3.01534E-6 2.61124E-6 2.02193E-6 2.23972E-6 4.15341E-6 4.1947E-6 3.94727E-6 5.83465E-6 3.31611E-6 5.42171E-6 4.75172E-6 2.69765E-6 2.84797E-6 7.69825E-7 1.31846E-5 3.07924E-6 2.94527E-7 2.89657E-7 4.19327E-7 2.92443E-8 5.05207E-8 1.21518E-6
3.25366E-7 1.25842E-6 1.67174E-6 1.77906E-6 1.54243E-6 1.66223E-6 4.4264E-6 7.15974E-6 9.2535E-6 4.85566E-6 1.06471E-5 8.30739E-6 6.33014E-6 7.52606E-6 7.30033E-6 1.30289E-6 4.03473E-6 2.2969E-6 3.73769E-6 1.07977E-6 3.29109E-6 6.5642E-6 2.80851E-6 1.42964E-6 1.41911E-6 8.24709E-7 1.74192E-6 9.45543E-7 2.55058E-6 2.70252E-6 3.97951E-6 2.79753E-6 3.26545E-6 2.86939E-6 2.35731E-6 3.64492E-6 2.29459E-6 2.34911E-6 2.77043E-6 4.11434E-6 3.71633E-6 1.63258E-6 2.91911E-6 3.2167E-6 3.10875E-6 2.86103E-6 2.80919E-6 4.10828E-6 3.64779E-6 3.33815E-6 3.44997E-6 2.75412E-6 2.46407E-6 3.6484E-6 4.95574E-6 5.67378E-6 4.71442E-6 3.50183E-6 6.98026E-7 1.07094E-7 2.29331E-7 3.54169E-8 3.02735E-8 1.41599E-8 2.15901E-7 1.86007E-6
4.51774E-7 1.29433E-6 1.76887E-6 5.27204E-6 2.43648E-6 3.23893E-6 8.38176E-6 5.13699E-6 7.63549E-6 7.61386E-6 7.55313E-6 7.84474E-6 7.39287E-6 8.09761E-6 1.20123E-5 1.89668E-6 7.73633E-6 4.88103E-7 2.70813E-7 4.00326E-6 4.55096E-6 1.7824E-5 1.24027E-5 5.53541E-6 1.19949E-6 1.25705E-6 1.92832E-7 2.54057E-7 2.07135E-6 1.6883E-6 1.40264E-6 3.20494E-6 2.64016E-6 3.7187E-6 2.23483E-6 7.38948E-7 9.94143E-7 2.37775E-6 2.35782E-6 2.62239E-5 4.25151E-6 2.02221E-6 3.5049E-6 3.19913E-6 3.35246E-6 3.50486E-6 6.99421E-6 6.72022E-6 3.55701E-6 4.18381E-6 3.24453E-6 3.43108E-6 3.65002E-6 4.55314E-6 6.64536E-6 7.34136E-7 5.3278E-8 1.33316E-6 2.93169E-7 1.81829E-8 1.93016E-7 1.60038E-6 1.02988E-7 5.18353E-8 8.06549E-7 5.314E-8
1.59763E-6 3.24561E-6 2.41254E-6 4.89725E-6 3.22492E-6 3.84315E-6 7.30619E-6 3.98737E-6 4.74104E-6 5.98651E-6 5.62115E-6 6.66048E-6 5.77861E-6 2.18442E-6 7.80694E-6 7.62495E-6 7.20307E-6 5.76049E-6 4.82297E-6 2.54282E-6 1.99686E-6 2.68693E-6 3.89127E-6 1.80899E-6 3.80959E-6 2.86742E-6 7.7678E-7 5.56288E-8 8.84907E-8 4.15604E-6 4.12511E-6 2.27278E-6 2.5294E-6 1.50042E-6 3.13885E-6 2.33651E-6 2.26587E-6 1.61419E-6 2.81655E-6 1.50692E-6 1.08768E-6 2.14168E-6 2.06229E-6 2.57275E-6 2.86396E-6 2.72356E-6 2.99887E-6 4.39954E-6 4.10393E-6 4.15424E-6 4.36541E-6 4.33594E-6 5.38879E-6 4.81939E-6 8.00396E-7 8.73519E-8 1.75787E-8 2.74712E-8 3.03091E-8 4.91339E-8 8.55232E-7 2.54565E-6 2.37924E-6 3.06087E-6 9.25248E-7 8.01109E-7
