catData/rasterBestHybridModels/Pbengalensis/RD_BM01_RM2_L/Pbengalensis_max.asc
ncols         409
nrows         350
xllcorner     60.897278365
yllcorner     5.843756025
cellsize      0.0892857
NODATA_value  -9999
[rows 145 to 173 of 350, columns 198 to 263 of 409]
3.46242E-6 6.90502E-6 8.08024E-6 1.23703E-6 1.29249E-6 2.44162E-5 9.07635E-6 1.43548E-5 2.56253E-6 1.35179E-6 4.09425E-6 4.67169E-6 1.40037E-5 6.81215E-7 3.20454E-6 1.12065E-5 1.09024E-6 8.64032E-7 1.12159E-7 6.17232E-7 3.05344E-6 1.27394E-5 2.19175E-5 1.10454E-5 5.6663E-6 2.92586E-6 2.32481E-6 8.69518E-7 1.45942E-6 1.88906E-6 6.50905E-6 3.29501E-5 1.07221E-5 1.01274E-5 3.37922E-5 1.47397E-5 3.52408E-6 1.54797E-7 7.34098E-7 3.36538E-6 6.48378E-8 1.31419E-7 2.4875E-6 2.14871E-5 1.30136E-5 2.08945E-5 5.94981E-5 9.38318E-5 5.31712E-5 4.06948E-5 4.93871E-5 4.24815E-5 7.20754E-5 4.43306E-5 4.32542E-5 3.29772E-5 6.11574E-5 8.53133E-5 1.01573E-4 8.94622E-5 6.06163E-5 7.17519E-5 8.94797E-5 4.19953E-5 3.16012E-5 1.52422E-5
8.74427E-6 5.37712E-6 5.65778E-6 1.06361E-6 6.71376E-6 4.70026E-7 4.07352E-7 5.51204E-6 1.66648E-5 4.01662E-6 6.12099E-6 1.10578E-7 5.07524E-8 6.93425E-6 7.5829E-6 4.01369E-7 5.39393E-7 6.93596E-8 6.64365E-8 2.66774E-8 1.89674E-6 8.41918E-6 1.54193E-6 6.66994E-7 2.28525E-6 1.14725E-6 2.20893E-6 8.87895E-8 6.32283E-8 8.36601E-6 3.0283E-5 1.84415E-6 5.1568E-6 7.03249E-5 5.08861E-5 5.29859E-5 3.32042E-5 6.33152E-6 8.78002E-6 6.7624E-7 4.06047E-7 6.24347E-6 2.44556E-5 5.28668E-6 2.11867E-6 6.0062E-6 3.79073E-5 3.42831E-5 2.71077E-5 4.87776E-5 1.0751E-5 3.33549E-5 6.92752E-5 5.58999E-5 2.66667E-5 1.94564E-5 5.24447E-5 6.46105E-5 8.03835E-5 9.40173E-5 9.6212E-5 1.87722E-5 1.76775E-5 5.52031E-5 1.89986E-5 3.68715E-5
8.5784E-6 1.5307E-5 1.1483E-5 1.00593E-5 3.44801E-6 3.39821E-7 2.7839E-6 3.85817E-5 3.66634E-6 1.64043E-6 1.7613E-7 6.22304E-7 6.41908E-6 2.85669E-6 4.89799E-6 1.008E-6 7.11599E-8 3.51306E-8 1.74976E-7 1.37528E-7 1.83088E-6 2.26887E-6 2.10316E-6 1.65209E-6 3.64505E-7 8.38199E-7 1.36001E-5 7.08322E-6 6.09126E-6 3.95294E-6 6.31408E-6 1.20943E-6 7.56577E-6 3.25928E-6 3.01871E-5 3.03005E-5 3.82625E-5 1.15413E-5 2.67961E-5 2.21784E-5 6.18194E-6 1.49881E-6 3.88331E-5 1.13667E-5 3.86139E-6 1.01249E-5 2.13485E-5 5.38978E-5 1.36109E-5 1.84029E-5 5.79388E-6 4.00292E-5 5.82275E-5 2.46697E-5 2.09063E-5 2.46716E-5 7.42131E-5 5.34041E-5 8.1579E-5 6.04089E-5 9.72289E-5 1.77259E-4 9.87515E-5 5.04446E-5 3.68207E-5 5.30949E-5
1.08308E-5 5.66002E-6 1.28107E-6 7.52861E-7 3.61597E-7 7.87263E-7 7.32687E-7 5.13681E-6 2.19386E-6 5.57498E-6 1.44022E-6 1.15793E-6 2.23241E-6 5.14625E-6 7.3321E-6 6.65198E-7 4.68666E-6 2.16876E-5 1.16306E-6 1.9213E-6 1.2736E-5 1.51629E-5 3.33476E-6 3.91979E-6 1.37445E-5 2.95205E-5 1.88338E-5 6.46109E-5 5.51854E-6 9.36663E-8 8.22794E-6 1.08851E-5 1.47425E-5 6.18867E-6 1.42855E-5 1.37185E-5 4.47681E-5 4.29466E-5 5.00065E-5 3.97758E-5 1.95487E-5 3.29724E-6 1.67435E-5 4.93833E-5 9.94056E-6 2.86819E-5 2.75978E-5 2.37136E-5 3.74977E-5 1.54329E-5 3.12238E-6 1.24656E-5 4.4039E-6 4.25381E-6 3.17654E-6 1.43246E-5 2.96244E-5 5.89681E-5 2.7973E-5 6.52496E-5 1.0627E-4 1.29187E-4 1.19877E-4 7.95572E-5 5.06777E-5 3.13631E-5
2.55134E-5 3.47202E-6 2.01081E-7 1.77289E-7 1.99133E-5 2.57425E-6 4.78679E-6 2.18586E-6 3.31575E-6 1.82235E-6 5.73405E-7 3.41167E-7 5.33925E-6 2.58108E-6 1.02078E-5 4.59776E-8 5.42873E-7 4.19642E-6 2.4665E-6 4.3306E-6 6.25289E-6 1.49698E-5 2.58623E-5 4.47042E-6 4.38552E-6 1.72756E-5 2.54331E-5 1.79645E-5 1.26409E-5 2.15803E-6 2.67681E-6 2.7094E-6 6.87163E-6 6.27423E-6 5.15542E-6 9.97591E-6 2.61554E-5 3.18026E-5 4.21736E-5 3.24798E-5 3.52244E-5 3.54573E-5 5.45827E-5 7.62689E-5 5.78529E-5 4.20454E-5 1.35687E-5 3.25676E-5 1.59055E-5 1.03553E-5 1.04082E-5 1.51773E-5 2.86424E-5 2.6699E-5 4.25522E-5 1.96963E-5 1.51478E-5 5.29978E-5 4.94373E-5 8.67807E-5 5.07469E-5 9.69495E-5 5.50189E-5 7.17966E-5 5.82624E-5 4.1961E-5
7.08502E-6 3.92231E-6 9.5424E-8 4.54038E-6 1.34933E-5 2.27294E-6 1.929E-6 2.87316E-6 1.50773E-6 4.81754E-6 4.65769E-7 3.46193E-7 1.29905E-6 1.01825E-5 1.69056E-5 3.55124E-6 2.30957E-6 1.67157E-5 1.09042E-5 3.17531E-5 3.85814E-5 1.26553E-5 1.10323E-5 8.07946E-6 4.77692E-5 7.63317E-5 5.71645E-5 7.30118E-5 2.0775E-5 4.2611E-5 4.59029E-5 1.71379E-5 3.44817E-6 2.88264E-6 6.648E-6 5.27543E-5 3.12801E-5 4.17649E-5 4.33519E-5 4.4938E-5 4.35577E-5 4.44598E-5 4.99509E-5 6.05524E-5 6.38645E-5 5.03713E-5 4.71008E-5 4.02096E-5 7.62181E-5 3.50678E-5 1.30215E-5 8.79032E-6 1.99148E-6 9.01482E-6 1.37719E-5 7.50294E-5 2.77352E-5 2.93087E-5 1.6906E-5 8.38962E-5 7.72124E-5 5.53702E-5 9.54468E-5 6.90059E-5 6.53941E-5 1.19028E-4
1.27583E-5 1.08502E-6 6.35529E-8 2.21758E-7 6.13393E-6 1.60283E-5 7.95169E-7 6.62124E-6 3.23185E-7 2.47725E-7 4.43476E-7 9.80603E-7 7.31174E-6 1.70198E-5 1.57885E-5 1.13028E-5 1.35402E-5 3.01918E-5 5.80479E-6 2.13253E-5 2.71508E-5 1.66037E-5 1.81074E-5 2.18862E-5 3.37526E-5 7.14518E-5 4.11925E-5 7.19134E-5 6.40663E-5 6.27694E-5 4.16423E-5 5.68935E-6 1.00866E-5 5.62791E-5 3.46676E-5 3.90109E-6 1.55279E-5 5.0383E-5 6.12253E-5 5.65786E-5 5.9504E-5 7.5599E-5 6.15802E-5 1.38502E-4 9.2088E-5 6.29921E-5 7.38673E-5 3.55679E-5 4.65075E-5 3.57277E-5 2.30348E-5 2.1611E-5 2.39155E-5 1.02097E-5 2.06322E-5 2.96463E-5 4.46666E-5 4.24063E-5 9.87723E-6 4.08061E-5 1.19031E-4 9.36849E-5 1.13122E-4 1.08558E-4 6.97343E-5 1.0874E-4
1.66167E-7 1.85808E-7 3.31675E-6 1.62081E-6 1.6814E-6 9.10004E-7 4.01866E-6 9.50466E-7 6.69812E-7 3.71133E-6 6.35055E-6 5.61279E-6 5.21506E-5 4.12168E-5 4.79739E-5 2.38698E-6 3.92616E-6 1.33772E-5 5.46792E-6 4.8077E-6 2.55665E-5 2.0418E-5 2.72414E-5 4.97173E-5 3.98755E-5 9.95632E-6 3.88095E-5 6.18409E-5 6.40816E-5 7.18504E-5 1.87986E-5 5.81045E-6 4.57979E-6 7.28469E-7 1.89914E-6 5.24073E-7 1.42821E-5 1.07938E-5 1.27852E-5 8.55511E-5 9.98275E-5 1.12408E-4 7.24535E-5 5.74288E-5 3.50111E-5 7.41839E-5 6.62901E-5 2.3363E-5 3.30691E-5 1.60983E-5 5.31383E-6 1.42119E-5 1.01645E-5 2.13916E-5 2.93653E-5 6.28827E-5 9.87428E-5 7.75771E-5 3.66754E-5 1.02793E-4 8.95488E-5 3.69915E-5 6.15001E-5 2.9036E-4 1.24404E-4 7.34616E-5
6.2933E-6 1.27572E-6 1.24323E-5 1.28433E-6 1.30185E-6 1.0481E-6 1.56941E-6 3.80884E-6 1.30151E-6 1.99186E-5 7.15083E-6 1.91365E-6 3.79136E-5 1.51637E-7 6.82221E-7 1.03265E-5 3.02334E-5 1.34875E-5 3.79612E-6 7.48103E-6 1.48404E-5 2.27253E-5 2.5971E-5 2.76633E-5 2.33518E-5 1.01912E-5 2.17713E-5 1.20835E-5 6.39839E-5 5.02616E-5 2.94571E-5 7.27618E-6 1.80919E-5 6.7549E-6 3.49708E-6 2.85388E-6 3.11706E-5 8.47045E-6 6.89142E-7 4.30207E-5 3.46917E-5 2.64958E-5 5.28384E-5 5.24545E-5 1.95329E-5 5.80139E-5 4.09686E-5 1.16801E-5 5.88367E-6 2.25206E-6 3.09777E-6 1.23477E-5 1.54404E-5 1.5904E-5 2.39904E-5 3.92507E-5 4.67402E-5 1.33835E-5 6.6189E-5 5.62509E-5 3.0164E-5 7.49949E-5 5.11538E-5 7.42742E-5 8.54688E-5 8.68246E-5
2.66528E-5 7.7816E-6 1.42346E-6 8.68144E-7 6.24339E-7 2.08147E-6 2.73095E-5 3.00221E-5 2.28581E-6 4.5789E-6 1.88581E-6 4.07196E-6 1.35106E-6 3.2655E-5 1.66735E-5 7.18362E-6 2.00792E-5 3.50422E-6 1.18519E-5 8.96433E-6 1.99777E-5 1.00373E-5 1.86171E-6 9.20436E-6 2.52557E-5 1.98116E-5 2.62401E-5 1.63235E-5 2.01499E-5 1.97967E-5 1.55724E-5 5.07484E-6 1.68634E-5 1.67003E-6 3.29392E-7 1.08476E-6 5.98147E-7 5.21868E-6 1.26768E-7 1.27481E-6 1.88286E-5 1.21832E-5 3.30877E-5 3.98953E-5 8.89683E-6 2.41837E-5 1.69281E-7 1.36749E-7 1.23581E-6 5.98E-6 1.75475E-5 6.24207E-6 1.28718E-5 3.17817E-5 4.62449E-5 2.73216E-5 2.29846E-5 6.50468E-6 7.35366E-6 1.53556E-5 1.66866E-5 1.97936E-5 7.40786E-5 9.47268E-5 6.8966E-5 6.20012E-5
5.85909E-6 3.43516E-5 2.47459E-5 1.64837E-5 1.49954E-5 2.80201E-5 3.78691E-5 3.85128E-5 1.34997E-5 8.74998E-6 4.17114E-6 4.57419E-7 4.46833E-5 1.81347E-5 3.06036E-5 3.74047E-5 1.66918E-5 3.47272E-5 1.31942E-5 3.11693E-6 5.22435E-6 1.05415E-6 1.56836E-6 1.9442E-7 7.45418E-6 1.78314E-5 2.22408E-5 3.20343E-5 1.18045E-5 3.98477E-5 4.24192E-5 4.0329E-6 1.25656E-5 4.08601E-5 2.62862E-7 2.0476E-5 6.27522E-6 2.83754E-8 9.32315E-7 3.92892E-6 3.32888E-5 2.64168E-5 4.34661E-5 4.15555E-5 1.93728E-5 3.89875E-6 1.35399E-6 8.25517E-8 4.57832E-7 4.19349E-6 1.15135E-5 2.0493E-5 9.3922E-6 4.17592E-5 3.42275E-5 4.92801E-5 2.32748E-5 3.41594E-5 2.48571E-5 2.00607E-5 3.62846E-5 5.10423E-5 2.51673E-5 4.15258E-5 5.99938E-5 3.92097E-5
1.00346E-6 1.82939E-7 7.99153E-6 3.40422E-7 7.62257E-8 7.50316E-8 9.43282E-6 3.74792E-5 5.98032E-6 5.3183E-6 1.10944E-6 4.12473E-6 8.30563E-6 1.9205E-5 4.32007E-5 2.46538E-5 6.08758E-6 5.55468E-6 2.181E-6 9.54408E-6 1.05028E-6 2.59103E-6 6.87725E-6 4.95469E-6 1.25406E-5 9.37158E-6 2.53898E-5 8.86159E-5 5.14317E-5 4.27097E-5 1.84666E-5 1.0187E-4 2.93401E-5 1.07741E-5 2.001E-5 6.54517E-6 3.1976E-6 3.19056E-7 4.46002E-7 5.34125E-6 1.80662E-5 1.05336E-5 1.57647E-5 7.94345E-6 7.4727E-5 4.7941E-5 2.3987E-6 7.75844E-6 6.66465E-6 2.94443E-6 4.08704E-5 5.09788E-5 1.69594E-5 7.88817E-5 4.66562E-5 2.21274E-5 2.20067E-5 3.18372E-5 4.57902E-5 4.32328E-5 4.93426E-5 7.94887E-5 7.34681E-5 2.35074E-5 5.45866E-5 1.00586E-4
4.01896E-6 2.6276E-6 8.62002E-6 9.68081E-7 1.79601E-6 2.22134E-5 2.56298E-6 1.3732E-7 6.63157E-8 2.95392E-7 5.8674E-6 1.1025E-6 5.34681E-6 1.90147E-5 2.37732E-5 1.40528E-5 2.50749E-5 2.1658E-5 6.9844E-6 6.48569E-6 3.16426E-6 2.63588E-6 1.45422E-5 8.75588E-6 8.69473E-6 2.1115E-6 1.10442E-6 4.9811E-5 5.50897E-5 1.434E-5 2.31138E-6 2.8672E-5 1.03161E-5 6.7321E-6 2.08228E-5 5.09086E-6 1.30337E-5 1.94428E-6 1.30718E-6 1.88274E-5 1.94776E-5 3.32699E-5 1.44167E-5 7.6328E-6 1.56501E-5 2.4346E-5 2.14045E-5 3.68836E-5 1.43129E-5 2.60233E-6 3.1049E-6 3.9318E-6 1.47193E-5 3.90417E-5 3.69465E-5 3.02433E-5 2.03967E-5 5.09238E-5 4.37605E-5 1.22405E-4 6.81717E-5 8.05796E-5 1.07202E-4 6.81289E-5 3.97842E-5 1.47287E-4
5.11888E-6 1.82492E-5 2.21529E-6 2.769E-7 3.19475E-8 6.03218E-8 3.35218E-6 3.83405E-7 6.52439E-6 2.11447E-6 1.6158E-6 4.24415E-6 3.58636E-6 1.02115E-5 1.2774E-5 3.97082E-5 1.414E-5 1.14018E-5 1.6143E-5 1.42169E-5 1.57016E-5 1.2316E-5 1.57475E-5 3.99385E-6 1.07574E-5 5.6239E-6 1.06762E-6 7.08476E-6 9.67604E-8 2.06204E-6 1.96497E-5 5.32424E-6 1.90179E-6 5.38405E-6 2.55145E-5 2.21924E-5 7.25989E-6 1.60781E-5 4.1882E-5 4.21827E-5 3.58484E-5 1.70861E-5 7.04675E-6 2.95852E-6 4.67882E-6 3.50513E-5 6.55663E-6 3.62661E-6 1.18056E-5 3.43322E-6 2.89359E-5 1.00858E-5 3.70804E-5 4.19937E-5 4.6713E-5 3.17766E-5 3.80327E-5 2.14675E-5 3.65412E-5 8.6739E-5 1.20132E-4 7.41357E-5 1.10851E-4 1.10764E-4 4.37063E-5 6.69588E-5
5.283E-6 1.93778E-5 6.86592E-6 5.17165E-5 7.86291E-6 1.58183E-6 7.6825E-8 2.54376E-7 2.47494E-5 1.48554E-5 1.13167E-5 4.11981E-6 6.6547E-6 2.77117E-5 2.18357E-5 2.84674E-5 8.87432E-6 9.38694E-6 1.71991E-5 7.40607E-6 2.14066E-5 2.57745E-5 1.00074E-5 1.79883E-6 1.18356E-5 1.04338E-5 8.36131E-7 3.83534E-5 1.407E-6 1.83277E-6 1.8828E-7 3.57365E-7 3.43203E-7 3.24292E-5 1.12041E-5 4.29726E-6 1.18125E-6 1.61438E-5 3.22573E-5 5.10811E-5 8.55336E-5 2.41005E-5 6.93687E-6 2.78721E-6 4.05484E-6 3.38175E-5 5.02433E-5 1.84328E-5 4.36446E-5 6.69237E-6 2.82366E-5 3.63704E-5 4.81886E-5 5.2619E-5 1.70228E-5 2.10675E-5 2.65918E-5 4.03183E-5 1.59054E-5 3.89048E-5 5.54688E-5 3.62095E-5 1.33161E-4 6.83731E-5 1.84527E-5 2.68741E-5
1.07887E-5 5.18428E-5 2.77815E-5 5.42862E-5 4.73235E-5 4.78405E-5 5.24482E-5 3.34284E-5 3.26335E-6 6.88899E-7 7.28018E-6 1.53502E-5 1.79051E-6 3.19398E-6 1.21316E-5 1.11544E-5 3.20081E-5 9.61829E-6 2.56383E-6 7.76089E-6 4.06032E-5 1.73028E-5 9.4147E-6 5.31981E-6 4.91434E-6 3.97682E-6 1.32282E-5 4.30837E-6 3.60744E-5 2.20568E-5 4.36694E-6 6.31123E-6 3.66458E-7 4.23769E-8 8.20713E-6 8.74641E-5 5.72889E-6 5.63315E-5 6.30787E-5 4.72661E-5 6.87318E-5 5.19047E-5 1.26922E-5 3.00113E-5 2.40635E-5 4.25661E-5 5.78531E-5 3.5118E-5 3.23874E-5 3.74512E-5 3.40331E-5 3.63341E-5 3.41458E-5 4.03435E-5 2.08642E-5 3.21824E-6 2.1248E-5 2.90731E-5 2.23362E-5 2.97238E-5 2.56202E-5 2.29002E-5 5.27363E-5 7.84766E-5 1.27614E-5 2.49546E-5
4.83273E-5 1.52871E-5 3.97387E-5 3.25355E-5 5.98674E-6 3.30777E-5 1.0072E-5 8.5619E-6 4.78681E-6 1.84479E-5 6.02751E-6 2.17657E-7 4.82477E-8 1.28027E-7 8.53663E-7 2.0249E-6 5.13343E-6 1.25217E-6 4.30993E-5 2.03773E-5 5.61394E-5 3.52628E-5 1.63692E-5 3.00389E-6 1.81879E-6 1.07422E-5 1.44956E-5 1.35033E-5 2.15626E-5 3.0778E-5 3.2121E-5 1.98637E-5 2.18244E-5 2.39498E-5 2.1758E-4 2.80137E-4 8.19769E-5 9.26413E-5 8.30392E-5 5.30673E-5 2.86883E-5 5.78185E-5 3.17768E-5 3.23034E-5 2.46237E-5 4.01849E-5 1.45244E-5 3.48017E-5 3.36482E-5 1.11303E-4 1.12014E-4 2.73871E-5 2.88598E-5 3.01134E-5 2.63653E-5 1.70179E-5 3.76347E-5 2.1499E-5 2.12431E-5 1.02686E-5 3.44837E-5 4.64887E-5 3.51484E-5 5.85511E-5 5.79018E-5 4.88138E-6
2.32332E-5 3.36983E-5 1.20321E-5 8.37711E-6 1.57467E-5 1.71233E-5 5.64759E-6 1.21162E-6 1.69464E-6 8.58637E-8 4.27123E-8 3.12646E-7 2.90995E-7 5.14405E-7 2.14962E-7 2.91755E-6 4.44195E-6 5.38481E-7 1.52316E-5 3.04134E-5 8.90363E-5 4.51037E-5 2.36753E-5 1.59666E-5 4.66659E-7 2.4527E-7 1.01478E-5 3.93137E-5 6.50417E-5 7.92408E-5 9.24228E-5 8.87771E-5 8.38291E-5 1.35029E-4 1.43845E-4 1.01059E-4 8.482E-5 6.60227E-5 6.15356E-5 5.85267E-5 5.01127E-5 7.19972E-5 7.04416E-5 8.1949E-5 2.05583E-5 3.52791E-5 7.94963E-5 1.30714E-4 1.38193E-4 7.41815E-5 2.52429E-5 1.5075E-5 1.78198E-5 4.3952E-5 9.62836E-5 1.08396E-4 8.18017E-5 1.40926E-5 6.87237E-6 1.99042E-5 2.00599E-5 4.30256E-5 3.19526E-5 4.08241E-5 4.03084E-5 6.03475E-6
5.9769E-5 3.13429E-5 1.49452E-5 1.22015E-5 2.55404E-6 7.21248E-6 3.03702E-6 5.13075E-6 7.37516E-8 7.43137E-7 9.67951E-7 4.14132E-6 5.83569E-6 2.1692E-6 3.2671E-6 5.27877E-6 1.59669E-5 4.12905E-6 2.50231E-5 6.3637E-5 7.73486E-6 3.18238E-5 1.50809E-5 4.11223E-5 3.49351E-7 1.7141E-5 9.94447E-6 4.38873E-5 7.19018E-5 4.85807E-5 8.82674E-5 1.12846E-4 1.15181E-4 6.44755E-5 7.80464E-5 8.51978E-5 7.84995E-5 7.14085E-5 7.01983E-5 3.43303E-5 6.85645E-5 7.49869E-5 7.97489E-5 7.70026E-5 1.575E-5 3.14831E-5 5.12494E-5 1.29943E-4 1.26263E-4 3.10525E-5 1.51712E-5 7.99981E-6 3.33382E-5 4.59032E-5 1.10759E-4 9.07322E-5 4.17773E-5 3.09525E-5 3.84466E-5 1.34299E-5 3.37E-5 2.34984E-5 1.46332E-5 5.26104E-5 3.43961E-5 5.45474E-5
1.38837E-5 3.47151E-5 1.28092E-5 4.26618E-6 9.95435E-6 8.45314E-6 7.49131E-6 7.58069E-7 1.88914E-7 5.84173E-6 3.56469E-6 1.57859E-6 1.74533E-6 1.83405E-6 5.35281E-7 4.42728E-6 1.99481E-5 8.70963E-5 7.25345E-5 1.62962E-5 9.8825E-6 1.7474E-5 6.74669E-5 1.30989E-5 1.53462E-5 1.71534E-5 5.28365E-5 6.57403E-5 7.80445E-5 2.47111E-5 6.85286E-5 5.11544E-5 4.40047E-5 5.08233E-5 6.9507E-5 8.547E-5 8.1521E-5 8.34246E-5 7.16159E-5 3.48746E-5 3.37965E-5 3.22388E-5 2.2145E-5 2.71483E-5 2.26562E-5 7.91131E-5 6.58525E-5 1.97904E-5 2.49546E-5 1.62368E-5 8.26052E-6 1.48874E-5 1.16171E-5 2.70176E-5 4.1961E-5 2.91395E-5 3.84772E-5 3.6285E-5 5.10047E-5 4.56684E-5 4.73942E-5 3.55598E-5 1.79987E-5 3.13408E-5 3.27939E-6 7.40136E-6
1.34018E-5 3.962E-5 7.31942E-5 4.05269E-6 8.7214E-6 2.97956E-5 2.0797E-6 6.52864E-7 7.10323E-6 3.33785E-6 2.99693E-6 1.13036E-6 1.50549E-6 7.75881E-6 9.55631E-6 2.65995E-5 4.73191E-5 5.64602E-5 6.44457E-5 4.10904E-5 1.79277E-5 2.86455E-5 1.51847E-4 6.91144E-5 1.10145E-5 2.76229E-5 1.78049E-5 1.00968E-4 8.07905E-5 7.30925E-5 6.35682E-5 5.82046E-5 1.78751E-5 2.02369E-6 3.19039E-5 6.93065E-5 7.1082E-5 2.26068E-5 5.85738E-5 7.96123E-5 1.04845E-4 5.22708E-5 1.67259E-5 2.37229E-5 4.04144E-6 3.99321E-6 2.80304E-6 3.93862E-5 1.07584E-5 1.89916E-5 7.38305E-6 2.14558E-5 2.17087E-5 3.88235E-5 2.89665E-5 2.30403E-5 2.87605E-5 3.75391E-5 5.73316E-5 6.28524E-5 2.77093E-5 4.77814E-5 3.49364E-5 1.44932E-5 3.03592E-5 1.74832E-5
1.90132E-5 1.16937E-5 2.65571E-6 9.83848E-6 2.83909E-6 9.80758E-6 4.44577E-6 4.98418E-6 2.80649E-6 5.08972E-7 5.00329E-7 1.53189E-6 4.45867E-6 2.99101E-6 1.41983E-5 3.32798E-5 3.90818E-5 4.91552E-5 6.14157E-5 3.63244E-5 3.48497E-5 6.72901E-5 2.43937E-4 1.10197E-4 2.47112E-5 4.236E-5 8.52017E-5 1.14448E-4 4.01239E-5 5.4814E-5 6.65745E-6 1.33905E-5 6.27564E-5 2.32871E-6 1.62819E-5 3.43777E-5 7.1737E-6 1.72028E-5 1.7965E-5 7.29036E-5 9.00046E-5 4.87495E-5 2.02877E-5 4.20187E-5 3.06263E-5 1.92931E-5 8.45705E-6 3.21388E-5 1.3696E-5 2.75004E-5 1.82066E-5 5.22893E-5 5.24614E-5 1.71612E-5 2.3372E-5 5.29374E-5 1.95234E-5 2.60957E-5 2.79881E-5 4.66983E-5 6.18834E-5 7.09805E-5 3.7352E-5 2.5906E-5 2.37192E-5 4.96988E-5
8.83738E-6 9.9232E-6 4.26318E-6 3.92235E-6 2.94351E-6 1.99987E-6 5.63326E-7 8.1832E-6 4.08862E-6 8.84763E-7 2.1192E-6 1.59344E-5 2.48719E-5 9.57778E-6 3.2956E-5 1.58636E-5 1.86441E-5 3.12293E-5 6.72045E-5 9.10693E-5 9.56166E-5 8.99111E-5 1.93939E-4 1.39714E-4 7.6047E-5 6.29399E-5 9.27837E-5 1.07142E-4 7.70447E-5 4.011E-5 1.43431E-6 4.88019E-8 1.94106E-5 3.77918E-6 3.61794E-6 4.36397E-5 2.73071E-6 5.82655E-6 4.11293E-5 7.31789E-5 8.5988E-5 6.9779E-5 6.71837E-5 9.19082E-5 7.72966E-5 5.04872E-5 5.11059E-5 3.52973E-5 4.11463E-5 2.34367E-5 1.79059E-5 2.30632E-5 6.29368E-5 5.29904E-5 1.00578E-5 1.9071E-5 2.98165E-5 2.71891E-5 3.94044E-5 6.71742E-5 7.80454E-5 7.4201E-5 7.14987E-5 3.69828E-5 4.118E-5 2.38972E-5
6.24968E-6 1.38754E-6 1.97028E-6 1.96123E-6 7.88911E-7 1.20143E-5 8.3042E-6 8.7536E-6 2.89132E-5 4.05505E-7 2.85931E-5 4.41474E-5 5.69359E-5 6.02421E-5 5.68403E-5 1.57311E-5 3.36522E-5 2.34299E-5 5.78417E-5 8.73508E-5 1.35615E-4 1.37987E-4 1.53518E-4 5.78005E-5 4.68546E-5 6.46778E-5 7.03717E-5 6.2989E-5 6.78114E-5 8.51969E-5 1.97025E-5 5.4538E-6 1.98183E-6 4.38274E-5 3.59268E-6 5.64695E-6 3.87614E-6 9.44993E-7 7.78575E-6 1.6141E-5 2.80145E-5 7.12821E-5 7.08213E-5 9.83236E-5 9.64552E-5 1.05256E-4 7.79226E-5 6.57879E-5 8.58991E-5 8.15885E-5 4.01828E-5 4.23411E-5 3.86129E-5 2.61394E-5 2.18728E-5 2.87439E-5 6.04243E-5 4.46219E-5 6.23746E-5 7.37699E-5 5.35236E-5 9.22335E-5 7.87813E-5 2.80932E-5 3.5031E-5 2.8893E-5
1.05807E-5 5.62917E-6 7.85022E-7 1.74709E-6 5.25419E-7 6.28666E-6 1.19314E-5 8.6097E-6 4.10104E-6 5.51948E-6 6.09449E-5 5.2942E-5 8.5226E-5 4.76106E-5 2.92082E-5 4.76112E-5 7.11509E-5 2.97795E-5 6.55015E-5 1.12818E-4 1.61884E-4 1.43184E-4 5.66204E-5 1.45436E-5 1.84608E-5 3.58602E-5 6.76168E-5 7.88168E-5 2.6083E-5 5.01025E-5 4.32167E-6 1.41814E-5 1.26942E-5 3.16758E-6 4.3918E-6 1.0589E-6 7.53556E-8 7.43983E-8 9.32074E-6 4.20807E-5 7.13536E-5 6.62044E-5 8.19472E-5 8.66079E-5 9.4015E-5 8.54391E-5 6.99261E-5 6.39805E-5 7.82694E-5 8.26751E-5 9.4341E-5 6.43331E-5 4.45107E-5 5.09965E-5 5.95451E-5 6.26008E-5 6.53583E-5 4.39701E-5 5.77526E-5 7.33109E-5 5.55468E-5 8.14197E-5 2.80427E-5 1.10944E-5 1.6548E-5 5.24625E-6
4.06971E-5 3.40339E-5 3.18648E-5 2.08332E-6 9.49182E-6 5.29438E-6 5.06953E-6 1.0138E-5 2.20027E-6 1.60426E-5 2.2981E-5 3.568E-5 7.66871E-5 6.67275E-5 5.73855E-5 7.00116E-5 8.16804E-5 7.56563E-5 5.40271E-5 8.08987E-5 9.16888E-5 1.21427E-4 5.06545E-5 1.22155E-5 1.58347E-5 8.56625E-6 3.22052E-5 6.44263E-5 5.46615E-5 5.75933E-5 3.79044E-5 2.43863E-5 3.64039E-6 1.67782E-6 2.8139E-7 4.70718E-7 1.94143E-6 9.23887E-7 9.76803E-6 2.37137E-5 4.9175E-5 1.85966E-5 6.49683E-5 6.62348E-5 7.03523E-5 7.21012E-5 6.17859E-5 5.68793E-5 6.27157E-5 6.45139E-5 6.87543E-5 6.75341E-5 6.86672E-5 3.72642E-5 7.19304E-5 4.36287E-5 2.14576E-5 5.7553E-5 5.97803E-5 9.53359E-5 3.01904E-5 1.0138E-4 6.72287E-5 6.25456E-5 3.7333E-5 5.16529E-5
3.06306E-5 7.68187E-5 4.17749E-5 1.29319E-5 1.02485E-5 8.24671E-6 2.15022E-5 1.44681E-5 1.78343E-5 2.30023E-5 2.33804E-5 1.68606E-5 4.82283E-5 1.0701E-4 9.51769E-5 4.76271E-5 8.88988E-5 2.03209E-5 6.96059E-5 6.37543E-5 5.66631E-5 5.87277E-5 6.42526E-5 7.3249E-6 1.1524E-5 1.97073E-5 3.94956E-5 4.94987E-5 7.25379E-5 4.24331E-5 1.27872E-5 1.56465E-5 8.36644E-6 3.74993E-6 8.19753E-6 2.95375E-6 1.72725E-5 5.03457E-5 5.45215E-5 1.17312E-5 2.52456E-5 6.41157E-5 5.94527E-5 7.04158E-5 9.05932E-5 8.39145E-5 6.63855E-5 5.48089E-5 5.13417E-5 5.62123E-5 5.80471E-5 5.71388E-5 6.34002E-5 7.0033E-5 6.08526E-5 5.65676E-5 4.3152E-5 1.34873E-5 2.01623E-5 3.15736E-5 3.90023E-5 8.43438E-5 4.18081E-5 5.08009E-5 7.49705E-5 4.56324E-5
1.56394E-5 9.8661E-5 2.11237E-5 3.53704E-5 1.32811E-5 1.74798E-5 2.6494E-5 6.51454E-5 2.25488E-5 7.96437E-6 7.46661E-6 2.43996E-6 5.09056E-6 6.95412E-5 7.98655E-5 5.10998E-5 8.83803E-5 4.06582E-5 4.33537E-5 1.12176E-5 8.69768E-6 5.41587E-5 7.2524E-5 5.59712E-5 1.34309E-5 2.00197E-5 5.59803E-5 7.02306E-5 5.41771E-5 1.50461E-5 4.27181E-5 3.30957E-7 1.86558E-6 1.0828E-5 7.38252E-6 9.31196E-6 3.21298E-5 7.40437E-5 3.82726E-5 6.00481E-5 5.69669E-5 7.13566E-5 5.94501E-5 7.09527E-5 9.03831E-5 8.74608E-5 6.74111E-5 5.61708E-5 5.98267E-5 6.78564E-5 7.23674E-5 6.81512E-5 6.0444E-5 5.99096E-5 5.84606E-5 5.86373E-5 4.02489E-5 4.30407E-5 1.80979E-5 2.17275E-5 9.51689E-6 5.98954E-5 4.91388E-5 3.91731E-5 7.95442E-5 3.25134E-5
5.91425E-5 6.85665E-5 3.34704E-5 5.80744E-5 3.95919E-5 4.71687E-5 4.63484E-5 4.78057E-5 1.19484E-5 9.20326E-6 3.4165E-6 8.0746E-6 1.91106E-5 5.50489E-5 1.80018E-5 5.54522E-5 5.60328E-5 5.48734E-6 3.12278E-5 1.75002E-5 5.09071E-5 2.67733E-5 5.19218E-5 2.63174E-5 3.26429E-5 3.66413E-5 4.56091E-5 3.06731E-5 5.44881E-6 2.55742E-6 1.71899E-6 5.13513E-6 2.39626E-5 1.95775E-5 6.40985E-5 2.38665E-5 1.98422E-5 4.64271E-6 6.72487E-6 7.36927E-5 8.74996E-5 7.04512E-5 4.9891E-5 4.49195E-5 3.29883E-5 4.7635E-5 5.24147E-5 2.80675E-5 6.36342E-5 4.87833E-5 8.96658E-5 6.06384E-5 4.54977E-5 5.50966E-5 4.90012E-5 3.66385E-5 5.82207E-5 4.60118E-5 6.86517E-5 6.96035E-5 2.82786E-5 8.21965E-5 5.20019E-5 3.6781E-5 1.22553E-5 2.46913E-5
