catData/rasterBestHybridModels/Pbengalensis/RD_BM01_RM2_L/Pbengalensis_stddev.asc
ncols         409
nrows         350
xllcorner     60.897278365
yllcorner     5.843756025
cellsize      0.0892857
NODATA_value  -9999
[rows 145 to 173 of 350, columns 132 to 197 of 409]
1.55322E-6 3.34941E-6 2.39085E-6 4.36794E-6 4.25172E-6 2.80255E-6 4.88158E-6 2.04727E-6 5.65512E-6 3.02097E-6 1.17006E-6 9.9977E-8 9.9743E-7 1.62357E-8 1.07531E-7 2.53734E-6 4.15404E-6 1.58681E-7 1.68519E-7 3.80305E-7 6.90764E-7 1.93843E-6 2.85085E-6 4.07939E-6 3.02065E-6 3.6613E-6 7.10482E-6 4.04379E-6 6.23876E-6 2.59359E-6 6.08943E-6 2.27957E-6 3.79576E-6 1.43419E-6 4.63002E-7 3.21212E-6 2.7872E-6 2.19741E-6 2.25927E-6 3.27338E-6 1.8345E-6 1.83379E-6 1.1177E-6 5.29418E-7 5.4017E-7 1.11917E-6 6.2177E-8 1.44496E-6 7.67062E-7 5.72708E-7 5.88582E-7 1.5963E-6 1.2796E-6 2.76004E-8 6.85159E-8 1.53436E-7 1.31E-6 2.62434E-6 2.91794E-8 1.79716E-8 2.20326E-9 6.72516E-9 1.62543E-9 1.04888E-9 1.87064E-8 1.08795E-6
1.90929E-6 3.23471E-6 2.59353E-6 5.81264E-6 4.54538E-6 3.37821E-6 4.83891E-6 3.05901E-6 4.11598E-6 1.41127E-6 5.54126E-7 2.01E-6 9.10947E-8 2.5288E-7 8.12274E-8 1.36501E-6 2.03313E-6 1.69978E-6 1.31025E-6 6.36481E-7 1.79277E-6 4.03358E-7 3.9249E-6 5.72243E-6 4.01045E-6 9.25837E-7 2.46626E-6 3.68218E-6 5.5669E-6 5.53074E-6 1.04146E-5 2.67709E-6 4.00603E-6 2.08242E-6 1.45144E-6 4.49532E-7 1.57362E-6 8.4589E-7 3.60609E-6 1.60226E-6 2.1716E-6 2.39187E-6 1.94166E-6 9.53863E-7 3.25056E-7 2.90085E-6 2.43924E-6 1.06969E-6 5.07384E-7 3.41343E-7 1.61605E-7 1.37552E-6 4.36526E-6 2.87716E-6 4.6952E-7 5.57222E-7 2.2402E-6 5.12788E-7 2.67127E-9 7.80978E-10 1.48568E-9 1.81352E-9 1.02905E-7 9.31211E-9 1.72835E-7 2.42929E-6
5.74301E-6 4.70645E-6 2.30611E-6 2.51587E-6 7.01848E-7 2.06701E-6 1.94134E-6 1.95611E-6 1.5063E-6 1.27936E-7 1.39135E-6 3.91042E-7 9.19762E-7 6.16212E-8 2.39639E-7 9.08383E-7 1.46777E-6 3.83503E-6 1.19557E-6 1.00554E-6 1.74741E-6 1.9617E-6 4.86705E-7 1.7189E-6 2.89292E-6 1.31814E-6 3.28624E-6 5.90205E-6 6.23522E-6 7.92306E-6 2.90166E-6 2.22738E-6 2.10627E-6 6.48774E-7 7.70317E-8 9.68164E-7 2.57761E-6 9.51728E-7 3.11725E-6 2.40789E-6 1.68468E-6 2.91944E-6 3.79515E-6 7.03778E-6 2.35467E-6 4.30588E-8 5.84713E-7 2.31946E-7 2.71745E-6 3.95978E-7 1.34423E-7 2.3214E-7 2.00409E-6 7.96238E-7 1.69223E-6 1.73261E-6 1.5213E-6 1.04724E-7 1.00373E-8 1.62999E-8 6.46612E-9 3.16111E-7 3.68364E-7 7.42334E-8 1.96227E-6 1.54732E-6
4.53412E-6 2.65836E-6 1.79599E-7 1.24279E-6 1.27313E-6 1.92158E-6 1.19192E-6 7.15153E-7 1.98436E-6 9.65097E-7 1.36089E-6 2.20742E-6 6.39268E-7 5.42339E-7 7.80696E-7 7.29845E-7 1.84312E-6 4.94172E-6 1.92062E-6 1.49945E-6 5.05935E-6 1.38664E-6 8.51965E-7 5.12517E-7 1.71633E-6 1.95919E-6 5.2595E-6 5.24525E-6 2.19748E-6 7.11727E-7 2.55703E-6 3.37817E-6 3.14386E-6 8.94357E-7 6.61362E-7 1.50295E-6 1.94006E-6 1.74406E-6 9.80598E-7 1.77614E-6 3.8779E-6 2.1692E-6 1.53653E-6 8.72983E-7 5.04836E-6 2.32058E-6 5.7436E-6 9.01615E-7 4.75315E-7 1.13007E-7 2.27079E-7 4.00379E-7 1.46828E-6 4.51463E-7 1.08907E-6 1.3514E-6 6.03438E-7 4.14632E-8 6.71818E-7 1.46006E-7 1.39666E-7 3.97826E-7 4.88142E-8 3.27245E-6 3.64719E-6 9.62984E-7
5.98696E-6 3.37867E-6 1.58714E-6 1.26537E-6 2.28835E-6 1.01225E-6 1.50997E-6 1.1893E-6 1.80956E-6 7.09195E-8 3.65542E-7 2.658E-6 9.9184E-7 1.32803E-6 1.67494E-6 1.73038E-6 1.86437E-6 2.22902E-6 1.58807E-6 7.07012E-7 1.66414E-6 1.54633E-6 1.48285E-6 1.42671E-6 1.79495E-6 7.14677E-7 6.28419E-6 6.93405E-6 2.59777E-6 2.58252E-6 1.15481E-5 4.9761E-6 3.89746E-6 2.37318E-6 2.25877E-7 2.0568E-7 2.36059E-6 1.3917E-6 2.93367E-6 1.06887E-6 1.08626E-6 1.75375E-6 1.83179E-6 3.77854E-6 2.87932E-6 1.29811E-6 2.05908E-6 2.62664E-6 9.47936E-7 9.27441E-7 3.23063E-7 1.39025E-6 8.19593E-7 2.78339E-6 2.08671E-6 9.04132E-7 4.74234E-8 1.25946E-9 2.08974E-9 6.08117E-9 5.99277E-9 2.30113E-7 2.90766E-7 4.59726E-6 2.57469E-6 1.66363E-7
5.99714E-6 5.24237E-6 3.23654E-6 4.06767E-6 2.54223E-6 1.08528E-6 1.39569E-6 2.14302E-6 4.75279E-6 2.23921E-6 1.00673E-6 3.31765E-7 1.21281E-6 1.35754E-6 2.04558E-6 3.15913E-6 3.92198E-6 2.83755E-6 2.41137E-6 1.2613E-7 2.79526E-6 1.94426E-6 2.61497E-7 1.04866E-6 2.05458E-6 6.6361E-7 6.13417E-6 1.05803E-5 2.45954E-6 5.31845E-6 8.91879E-6 5.75425E-6 3.44216E-6 2.28074E-6 6.14708E-8 2.81018E-7 2.27397E-6 4.14759E-6 2.87787E-6 1.73187E-6 1.81635E-6 2.56379E-6 1.70777E-6 7.49051E-7 7.75654E-7 5.25466E-7 6.7073E-7 3.55361E-7 2.49077E-7 9.52476E-8 6.77921E-8 3.10081E-7 1.21964E-7 1.90931E-6 1.96556E-6 1.41691E-9 4.2457E-9 1.48922E-9 1.14467E-9 6.67302E-10 1.36447E-8 1.65568E-6 2.14472E-6 1.05436E-6 2.66151E-6 1.6877E-6
1.00884E-5 4.22226E-6 4.42265E-6 8.74241E-6 5.60085E-6 3.26994E-6 2.78517E-6 1.95531E-6 6.05411E-6 3.97646E-6 4.08701E-6 1.73936E-6 1.63355E-6 2.40352E-6 4.63018E-6 7.23445E-6 5.7386E-6 2.43584E-6 2.98343E-6 3.72787E-6 3.1132E-6 1.49454E-6 4.88309E-7 8.30944E-7 3.43124E-6 3.44267E-6 2.54475E-6 5.27769E-6 3.23056E-6 3.42268E-6 5.88079E-6 6.76404E-6 3.40911E-6 9.95089E-7 4.59659E-7 3.25548E-7 7.5811E-7 1.29872E-6 1.1803E-6 1.75378E-6 6.15711E-7 4.56509E-6 3.88766E-6 2.42474E-6 1.57986E-6 1.4093E-7 8.50964E-8 2.81809E-9 6.29092E-8 6.20927E-7 4.69103E-7 5.82427E-7 4.93619E-7 1.34166E-6 6.66588E-7 2.50974E-7 1.58507E-6 7.00203E-8 6.03809E-10 1.08119E-9 4.70924E-8 1.64397E-6 4.23114E-7 8.64699E-7 3.14553E-6 1.81043E-6
6.23367E-6 2.73047E-6 4.83432E-6 3.50803E-6 4.60434E-6 2.49209E-6 7.55273E-6 4.29814E-6 4.11097E-6 6.49003E-6 4.67118E-6 1.77794E-6 1.27115E-6 6.26033E-7 4.68568E-7 2.52321E-6 3.06063E-6 2.32108E-6 3.11737E-6 2.89304E-6 2.73495E-6 1.28989E-6 1.83102E-7 2.40991E-7 4.26446E-6 5.15693E-6 2.55709E-6 2.80813E-6 7.17021E-6 9.54514E-6 8.13213E-6 3.22678E-6 3.30008E-6 6.01805E-7 3.71463E-6 1.46087E-6 6.91791E-7 2.88333E-7 2.36602E-6 1.02784E-6 3.96177E-6 2.65508E-6 3.49272E-6 4.13571E-6 2.15754E-7 4.87889E-8 7.04777E-7 2.45807E-7 1.99292E-7 3.94697E-7 2.84519E-7 5.59799E-7 1.38059E-7 2.06807E-6 6.61787E-7 1.54264E-7 1.09799E-6 2.51198E-7 1.21936E-9 9.10837E-10 9.50894E-7 1.0304E-6 2.64617E-7 1.88484E-6 1.18669E-6 3.5577E-7
6.41244E-6 3.22479E-6 4.6225E-6 3.15325E-6 4.58986E-6 1.97939E-6 3.313E-6 3.30806E-6 1.33138E-6 5.90746E-6 2.5066E-6 1.57875E-6 2.01068E-6 1.04442E-6 2.66724E-6 2.00076E-6 1.83711E-6 1.8735E-6 1.63433E-6 1.62608E-6 4.42981E-7 7.22305E-7 4.58611E-7 8.40215E-7 2.39536E-6 2.35764E-6 9.88565E-6 3.47234E-6 9.32013E-6 7.58702E-6 4.30774E-6 3.58999E-6 2.43545E-6 1.28222E-7 1.5289E-6 5.60532E-6 3.98677E-6 4.71286E-6 3.94649E-6 2.22534E-6 3.15886E-6 7.77357E-7 1.64761E-6 4.29018E-6 5.36756E-8 7.47484E-8 1.92515E-6 1.75514E-6 4.36747E-7 1.63704E-6 9.00469E-7 7.19942E-7 1.5745E-6 1.4774E-6 3.54171E-7 6.41454E-7 1.05989E-6 1.19195E-7 6.90329E-7 2.2663E-9 7.94039E-7 1.44387E-7 4.02807E-8 1.56211E-6 7.16274E-7 1.4456E-6
8.072E-6 8.35383E-6 4.98951E-6 4.52834E-6 1.79008E-6 2.11683E-6 2.26782E-6 2.65535E-6 1.69141E-7 1.37689E-6 7.20558E-7 2.14893E-7 1.4515E-7 1.83794E-6 2.08218E-6 2.2942E-6 1.91309E-6 1.1278E-6 2.00706E-6 3.00865E-6 1.28233E-6 1.53327E-6 5.49386E-7 1.46421E-6 2.47147E-6 1.39076E-6 8.45702E-6 3.89893E-6 2.92971E-6 3.23753E-6 3.91431E-6 4.39924E-6 7.52993E-7 1.77351E-7 3.09504E-7 4.87275E-6 4.91695E-6 6.58426E-6 7.77605E-6 1.52384E-6 2.63633E-6 1.0213E-6 2.26554E-7 9.85148E-7 1.45021E-7 2.93738E-7 1.25462E-6 2.0492E-6 2.8345E-6 3.10774E-6 1.46867E-6 1.06815E-6 7.81493E-6 4.00683E-6 2.44226E-6 1.17847E-6 4.5624E-7 2.33355E-6 1.7387E-6 1.0711E-7 3.08223E-7 1.25171E-6 1.79627E-6 1.27359E-6 1.22788E-6 2.24873E-6
8.11461E-6 8.21022E-6 4.34753E-6 4.3599E-6 1.87637E-6 2.05601E-6 1.59249E-6 2.88871E-6 3.01284E-7 3.25886E-7 7.4361E-8 3.37555E-8 1.28686E-6 7.0316E-7 5.26454E-6 1.20019E-6 1.59118E-6 2.18463E-6 2.76023E-6 4.99315E-6 3.56673E-7 2.17979E-8 2.3171E-7 6.9896E-7 6.4004E-7 1.06161E-7 2.13156E-6 4.21452E-6 1.69598E-6 5.45347E-6 4.25897E-6 3.41203E-6 2.95119E-6 2.94905E-6 4.9629E-6 4.57225E-6 4.25976E-6 5.26157E-6 3.43704E-6 3.44367E-6 2.66682E-6 2.42237E-7 1.9135E-7 2.78631E-7 1.1773E-7 2.42219E-7 7.52573E-8 5.65026E-7 4.1525E-6 1.7781E-6 2.84416E-6 2.76155E-6 3.92848E-6 3.7708E-6 2.20752E-6 8.01672E-7 8.76291E-7 2.12742E-6 3.18628E-6 1.90969E-6 5.99238E-6 3.84804E-6 1.1931E-6 6.3993E-8 4.07823E-8 4.8474E-7
5.86152E-6 7.55388E-6 5.27534E-6 4.54243E-6 5.13397E-6 3.09612E-6 2.3324E-6 2.4161E-6 2.87381E-6 2.56674E-7 1.67616E-6 1.93538E-6 1.61403E-8 8.63122E-9 4.89272E-6 1.81593E-6 1.89495E-6 1.40929E-6 1.27648E-6 9.25568E-7 2.04918E-6 2.10165E-6 1.26897E-6 2.32473E-8 1.49992E-6 7.31346E-7 1.98898E-6 2.75122E-6 4.89238E-6 3.10264E-6 5.52572E-6 2.94847E-6 6.03084E-6 7.15376E-6 5.79889E-6 5.062E-6 5.66414E-6 5.79363E-6 1.45975E-6 2.71669E-6 3.42555E-6 2.24092E-6 3.10671E-7 3.09773E-9 1.39802E-7 1.75837E-7 8.46785E-8 9.54757E-7 2.78683E-6 6.9514E-7 2.96883E-6 6.36055E-7 5.40993E-7 4.22933E-6 4.80001E-6 2.55329E-6 1.93318E-6 4.80442E-6 2.85023E-6 2.22046E-6 2.98072E-6 1.56742E-6 2.4989E-7 7.25692E-9 7.227E-8 5.74454E-7
6.06232E-6 4.21116E-6 4.10558E-6 6.24405E-6 1.00629E-5 5.70412E-6 2.29304E-6 1.9502E-6 4.24433E-6 2.42034E-6 2.07779E-6 2.97781E-6 1.9791E-6 6.56174E-8 8.57372E-7 6.36308E-7 1.77535E-6 1.45908E-6 1.08796E-6 2.7479E-6 3.0421E-6 1.28636E-6 3.81442E-6 2.76485E-6 1.91168E-6 8.12351E-7 9.64105E-7 4.12472E-6 1.17085E-5 7.03374E-6 3.33858E-6 1.05164E-5 8.53577E-6 5.75346E-6 8.23181E-6 9.54832E-6 6.99295E-6 9.18768E-6 2.76937E-6 1.80499E-6 2.62021E-6 1.68843E-6 1.24717E-7 2.99604E-8 5.77056E-7 6.46297E-7 2.64647E-6 1.82817E-6 3.6951E-6 9.20177E-7 4.48713E-7 1.46576E-6 1.56807E-6 1.65984E-6 1.08093E-6 2.43599E-6 1.50439E-6 2.53884E-6 2.90861E-6 2.37612E-6 1.88611E-6 1.33168E-6 9.28636E-7 9.98586E-8 9.17038E-7 2.20437E-6
4.26522E-6 4.08883E-6 4.19634E-6 4.72319E-6 4.43658E-6 4.73174E-6 4.41535E-6 1.46096E-6 4.88159E-6 2.15141E-6 3.17597E-7 9.29325E-7 6.40115E-6 6.26776E-7 3.56947E-7 1.15141E-6 1.83444E-6 3.23581E-7 2.18988E-6 2.43792E-6 5.47126E-6 3.00111E-6 1.44393E-6 1.57819E-6 9.53307E-7 4.67955E-8 5.44458E-7 6.85346E-6 7.01403E-6 3.59629E-6 6.69207E-6 7.53444E-6 8.58688E-6 5.83144E-6 8.96791E-6 1.08917E-5 7.38965E-6 6.84246E-6 4.78008E-6 2.5103E-6 2.10802E-7 9.50514E-7 7.4363E-8 1.11646E-6 8.30628E-8 2.43919E-6 2.45465E-6 5.49677E-6 4.45322E-6 3.14709E-7 2.59194E-6 5.52614E-6 5.3624E-6 4.5362E-6 1.37181E-6 2.09039E-6 2.23087E-6 2.06348E-6 3.61829E-7 1.62495E-6 1.26131E-6 1.35761E-6 1.28695E-6 2.06299E-6 2.21812E-6 1.86078E-6
7.74882E-6 6.02654E-6 7.35139E-6 6.52169E-6 2.44902E-6 6.57865E-6 6.20465E-6 2.70558E-6 2.88191E-6 2.78185E-6 3.86782E-6 3.11403E-6 5.85241E-6 1.53834E-6 2.9092E-6 1.53864E-6 3.15749E-6 2.27671E-6 3.17512E-6 1.15131E-6 6.1877E-6 2.41929E-6 2.87253E-6 2.24783E-6 4.42318E-7 1.26448E-7 2.26024E-6 1.97631E-6 5.53617E-6 5.16704E-6 6.31031E-6 1.11105E-5 8.30578E-6 6.84496E-6 9.45244E-6 3.57462E-6 5.77302E-6 3.68353E-6 3.9805E-6 1.51764E-6 9.20705E-8 5.58416E-8 1.31806E-6 5.83868E-6 1.0433E-6 2.20289E-6 2.2358E-6 2.28733E-6 1.83193E-6 3.04664E-6 1.27246E-6 2.10257E-6 2.48269E-6 2.9249E-6 6.07597E-6 6.65408E-6 4.77998E-6 1.32882E-6 1.73826E-6 2.06459E-6 5.26313E-6 2.24142E-6 1.92331E-6 1.97613E-6 5.03621E-6 5.05688E-6
7.43268E-6 4.83328E-6 5.84135E-6 4.99989E-6 4.98342E-6 7.59788E-6 6.67666E-6 3.05312E-6 1.91942E-6 3.7164E-6 7.22586E-6 1.38167E-6 2.77451E-6 4.48937E-6 2.82851E-6 7.2897E-7 2.96607E-6 3.9073E-7 2.13181E-6 3.61894E-6 4.29362E-6 5.52621E-6 3.84886E-6 5.42928E-6 3.4842E-6 4.04399E-6 1.22896E-7 3.57511E-6 5.36879E-6 5.52244E-6 5.85194E-6 7.39091E-6 8.28188E-6 9.53281E-6 9.89427E-6 1.2033E-5 4.50685E-6 2.49539E-6 8.15233E-7 2.39458E-6 2.42197E-6 6.11176E-7 5.78326E-7 2.02222E-6 2.92452E-6 2.89765E-6 2.29047E-6 1.60084E-6 9.40968E-7 1.12557E-7 1.65592E-7 2.3915E-6 4.20264E-6 3.17763E-6 2.39285E-6 1.93045E-6 5.11126E-6 1.84E-6 5.70605E-6 7.73327E-6 2.43317E-6 5.01768E-6 7.89635E-6 2.15919E-6 1.55049E-6 4.76652E-7
8.02762E-6 7.49833E-6 7.19689E-6 6.35431E-6 7.64586E-6 5.97921E-6 2.39368E-6 2.87126E-6 3.52574E-6 2.95941E-6 3.5931E-6 1.94767E-6 5.5962E-6 4.50756E-6 7.06158E-7 5.58182E-7 1.04293E-6 2.46575E-6 1.75678E-7 3.73825E-6 4.93767E-6 1.52947E-6 2.10621E-6 2.55758E-6 4.43757E-6 6.6875E-6 2.82406E-6 3.90605E-6 7.18913E-6 8.69146E-6 6.59928E-6 7.26604E-6 1.23696E-5 5.36354E-6 3.42441E-6 6.87589E-6 3.43703E-6 2.24627E-6 2.30255E-6 2.96483E-6 1.54828E-6 3.5831E-6 2.7417E-6 2.02958E-6 1.19399E-6 4.37822E-7 1.03234E-6 1.19122E-6 2.65908E-8 3.32665E-8 3.7613E-7 6.67083E-6 2.21142E-6 3.39787E-6 9.43222E-7 2.863E-6 5.01245E-6 3.53986E-6 4.91302E-6 4.14027E-6 2.7599E-6 3.34269E-6 2.78213E-6 2.39925E-6 1.68748E-6 2.70174E-6
6.64527E-6 4.06058E-6 7.10807E-6 6.64674E-6 3.61583E-6 3.788E-6 1.9042E-6 4.60285E-6 5.79672E-6 2.48567E-6 3.38638E-6 1.68742E-6 2.91275E-6 3.26517E-6 1.78906E-6 2.56304E-6 1.97141E-6 3.97382E-6 5.18033E-6 3.66306E-6 3.97602E-6 3.21203E-6 2.69279E-6 2.01084E-6 5.2778E-6 6.28906E-6 2.11574E-6 2.73645E-6 3.97522E-6 9.79542E-6 6.08392E-6 6.02306E-6 3.66991E-6 7.62891E-6 4.71277E-6 2.9222E-6 2.17957E-6 2.10628E-6 5.35282E-6 3.56994E-6 3.8108E-6 5.49204E-6 2.14263E-6 1.25168E-6 2.87119E-7 9.25576E-7 2.36154E-6 1.09057E-7 7.24199E-8 8.34538E-9 9.44401E-7 2.3711E-6 2.36796E-6 2.39797E-6 1.79135E-6 2.55837E-6 3.86059E-6 1.71836E-6 3.87254E-6 2.67775E-6 2.34413E-6 2.99156E-6 4.73422E-6 2.84901E-6 3.28879E-6 2.39542E-6
7.03615E-6 8.6615E-6 7.36762E-6 5.26766E-6 3.39691E-6 4.52583E-6 4.22911E-6 4.53646E-6 7.50251E-6 4.71655E-6 4.12341E-6 4.76022E-6 3.18051E-6 3.00855E-6 1.5318E-6 1.88548E-6 2.14602E-6 4.14492E-6 3.66377E-6 6.92349E-6 5.45344E-6 4.94557E-6 2.63495E-6 2.33589E-6 2.90424E-6 3.09559E-7 1.59486E-6 6.41391E-7 3.36474E-7 2.7133E-6 3.04367E-6 2.92601E-6 9.36106E-6 4.59149E-6 3.70216E-6 2.28061E-6 1.92963E-6 5.16458E-6 2.18631E-6 1.6819E-6 2.02735E-6 2.22579E-6 5.20625E-6 4.00383E-6 4.46642E-6 3.3533E-6 4.9696E-6 2.09008E-6 5.57036E-7 2.0959E-6 3.81531E-6 1.81553E-6 7.20598E-6 4.90889E-6 7.86465E-7 7.70048E-7 2.77711E-6 2.59916E-6 2.24088E-6 1.84047E-6 1.51094E-6 5.14812E-6 8.71609E-6 1.76859E-5 1.5702E-5 5.64809E-6
3.81847E-6 4.93048E-6 1.03387E-5 4.19563E-6 2.09775E-6 4.168E-6 4.0398E-6 2.46379E-6 3.39075E-6 4.35141E-6 5.14633E-6 5.55284E-6 6.20546E-6 4.40305E-6 2.87E-6 2.95614E-6 4.63693E-6 2.85013E-6 7.50451E-7 5.82859E-6 9.12457E-6 8.78691E-6 2.81882E-6 5.88685E-6 3.5274E-6 2.20176E-6 3.76878E-6 1.97827E-6 2.10746E-6 2.12159E-7 2.75336E-6 3.05872E-6 4.15486E-6 5.4622E-6 2.96865E-6 5.27333E-6 1.60143E-6 1.5865E-6 3.70141E-6 4.9496E-6 1.6163E-6 3.95219E-6 5.26659E-6 5.4969E-6 3.53313E-6 2.19986E-6 1.85755E-6 1.999E-6 2.68011E-6 8.53103E-6 5.19813E-6 1.87789E-6 2.02804E-6 3.37424E-6 1.93221E-6 2.23784E-6 1.4345E-6 1.66643E-6 1.65012E-6 1.68889E-6 1.49253E-6 1.47703E-6 4.57579E-6 2.43412E-5 9.38062E-6 3.2209E-6
4.42397E-6 4.01662E-6 5.58912E-6 3.72213E-6 4.74875E-6 8.54627E-6 5.35951E-6 7.38103E-6 7.90341E-6 4.40734E-6 4.92104E-6 4.51913E-6 6.31446E-6 7.70371E-6 8.883E-6 8.41774E-6 4.94492E-6 6.25484E-6 1.11613E-5 8.85845E-7 1.32299E-6 2.6258E-6 1.05171E-6 6.29894E-7 3.46561E-6 2.12055E-6 5.65104E-6 6.74433E-6 5.49651E-6 7.6667E-6 5.64664E-6 2.72683E-6 2.7648E-6 2.7058E-6 1.79254E-6 1.72809E-6 3.79078E-6 1.95823E-6 5.58952E-6 5.09067E-6 3.79408E-6 5.8614E-6 6.3426E-6 5.2121E-6 1.81651E-6 5.07366E-6 2.27537E-6 9.92078E-7 3.03866E-6 5.36852E-6 5.78487E-6 1.94341E-6 2.10258E-6 4.75883E-6 5.98179E-6 1.65479E-6 1.5616E-6 2.83085E-6 2.25391E-6 1.6883E-6 2.69429E-6 1.48212E-6 1.94321E-6 3.01903E-6 2.08643E-6 3.51262E-6
-9999 6.42428E-6 4.56801E-6 4.4348E-6 9.77702E-6 5.14964E-6 4.73757E-6 4.90684E-6 7.51085E-6 4.02343E-6 4.19495E-6 2.66107E-6 4.48412E-6 3.20449E-6 4.80336E-6 6.2965E-6 4.83448E-6 5.49834E-6 7.45628E-6 4.83374E-7 4.3273E-7 2.54858E-6 6.5937E-6 1.00762E-5 4.6946E-6 6.11163E-6 7.97826E-6 8.7395E-6 4.234E-6 3.36308E-6 1.75664E-6 3.03673E-6 3.39706E-6 3.0137E-6 2.88171E-6 1.57213E-6 5.89282E-6 3.95244E-6 3.26966E-6 5.42592E-6 7.07519E-6 1.13774E-5 7.45389E-6 5.22934E-6 5.2983E-6 5.86227E-6 1.99823E-6 1.24124E-7 2.29598E-6 3.98312E-6 2.18981E-6 1.89098E-6 3.86965E-6 5.18151E-6 5.20842E-6 3.81099E-6 5.74526E-6 3.71742E-6 2.14587E-6 4.45902E-6 1.1871E-6 1.27943E-6 2.02111E-6 2.25374E-6 3.22536E-6 5.70488E-6
2.99416E-6 3.9763E-6 2.2463E-6 3.79114E-6 4.00823E-6 2.05277E-6 3.7933E-6 4.83859E-6 7.40298E-6 4.95889E-6 7.02501E-6 4.39491E-6 4.60266E-6 1.86341E-6 4.97959E-6 4.9024E-6 3.26194E-6 2.21026E-6 2.35814E-6 2.16263E-6 1.9386E-6 2.67881E-6 6.67931E-6 5.88069E-6 4.49189E-6 4.15862E-6 3.05796E-6 2.77205E-6 4.53603E-6 4.44851E-6 4.16514E-6 3.39767E-6 4.21457E-6 3.64116E-6 3.90917E-6 2.11758E-6 1.44159E-6 9.27214E-7 7.56899E-7 2.29307E-6 5.87268E-6 6.89897E-6 7.87696E-6 5.31975E-6 5.85761E-6 4.2843E-6 2.08349E-7 8.67933E-8 1.92753E-6 1.80995E-6 1.64533E-6 5.20879E-6 5.33687E-6 5.25159E-6 3.0494E-6 1.7484E-6 2.43075E-6 4.89419E-6 4.13663E-6 1.60181E-6 1.85354E-6 8.92855E-7 1.31436E-6 1.63997E-6 1.00588E-6 2.90647E-6
4.52445E-6 7.50713E-6 5.76604E-6 3.65568E-6 4.1632E-6 4.50713E-6 3.54715E-6 3.68235E-6 3.96213E-6 4.3885E-6 4.26894E-6 4.24773E-6 4.76575E-6 4.61432E-6 1.79859E-6 4.65653E-8 1.61956E-6 1.21775E-6 1.68797E-6 2.04516E-6 5.14833E-6 3.65132E-6 3.5354E-6 4.44287E-6 5.30568E-6 6.58536E-6 5.72725E-6 4.13073E-6 2.08979E-6 4.05618E-6 3.76268E-6 2.31119E-6 3.1635E-6 6.61941E-6 5.35642E-6 5.27879E-6 1.97432E-6 6.0666E-6 2.21308E-6 1.61605E-6 5.28217E-6 7.2599E-6 1.11051E-5 8.40781E-6 7.4423E-6 3.7871E-6 3.01396E-7 9.00572E-7 1.78735E-6 2.83958E-6 5.19314E-6 5.3783E-6 5.34812E-6 2.29866E-6 3.18532E-7 2.25832E-7 1.04842E-6 2.11376E-7 2.32347E-6 2.24583E-6 7.96726E-7 3.52491E-6 2.57456E-6 3.06608E-7 2.12903E-6 2.50386E-6
4.10045E-6 5.06671E-6 6.92694E-6 2.3078E-6 4.35018E-6 3.64923E-6 4.62063E-6 6.52379E-6 2.75466E-6 4.74911E-6 4.2109E-6 4.54809E-6 5.029E-6 4.62125E-6 2.73621E-6 2.98888E-6 1.9133E-6 2.32819E-6 2.15151E-6 7.60222E-7 3.40066E-6 3.04938E-6 1.85956E-6 6.05522E-6 2.95734E-6 3.42923E-6 3.22862E-6 3.81514E-6 3.30611E-6 5.42487E-7 2.70022E-6 1.83365E-6 5.97473E-6 4.11589E-6 2.24615E-6 4.32552E-6 5.58693E-6 6.627E-6 5.51096E-6 2.12426E-6 5.82549E-6 2.87842E-6 6.77007E-6 4.74349E-6 5.7178E-6 3.56352E-6 1.72954E-6 1.4251E-6 1.573E-6 4.0464E-6 5.45264E-6 2.34825E-6 2.43498E-6 3.45658E-6 7.59893E-7 9.19706E-8 3.20813E-8 2.64391E-7 4.98925E-6 2.73262E-6 4.59041E-6 2.43658E-6 2.73443E-7 7.18638E-7 1.98088E-6 4.01914E-6
2.92678E-6 2.85825E-6 3.76979E-6 4.04251E-6 4.32665E-6 1.66951E-6 3.79672E-6 7.18383E-6 6.7414E-6 8.63043E-6 4.80051E-6 2.84275E-6 5.41042E-6 5.41276E-6 2.4513E-6 2.09011E-6 1.79402E-6 5.22749E-6 4.03784E-6 1.61685E-6 3.58848E-6 2.27464E-6 1.33547E-6 1.76533E-6 1.98597E-6 2.89955E-6 1.51786E-6 2.59743E-6 2.48394E-6 1.22055E-6 1.578E-6 2.89296E-6 9.18731E-6 3.56126E-6 3.11467E-6 6.88782E-6 4.60343E-6 3.66781E-6 2.23073E-6 6.20638E-6 8.4945E-6 9.24899E-6 3.87675E-6 3.76576E-6 5.00106E-6 2.71728E-6 1.49972E-6 1.53375E-6 5.50206E-6 5.50388E-6 3.3865E-6 3.51354E-6 2.61954E-6 2.13737E-6 1.54453E-6 1.89992E-6 2.01602E-6 8.01483E-7 6.17581E-6 3.0911E-6 2.8266E-7 2.76907E-7 3.76868E-7 2.60781E-8 3.88432E-8 9.32753E-7
3.29163E-6 4.21691E-6 3.79323E-6 4.55887E-6 1.99214E-6 3.16912E-6 3.52801E-6 3.93592E-6 4.83268E-6 3.80109E-6 4.44201E-6 3.22145E-6 4.43612E-6 5.87802E-6 2.28357E-6 8.80825E-7 2.03979E-6 1.65017E-6 2.01423E-6 8.78146E-7 2.87397E-6 4.42085E-6 2.76067E-6 1.44221E-6 1.28037E-6 9.47456E-7 2.4129E-6 1.31918E-6 2.46146E-6 1.49191E-6 5.26826E-6 4.06655E-6 5.68074E-6 5.46943E-6 2.60048E-6 4.59067E-6 3.46742E-6 3.11562E-6 3.22851E-6 8.12076E-6 7.22091E-6 2.68441E-6 2.54438E-6 5.21361E-6 4.95032E-6 2.91698E-6 2.11319E-6 5.4247E-6 3.50156E-6 1.56423E-6 2.70849E-6 1.51761E-6 1.40087E-6 3.86947E-6 5.9556E-6 6.5754E-6 4.66617E-6 3.01231E-6 7.35562E-7 1.02843E-7 1.93633E-7 3.61469E-8 1.62385E-8 1.43703E-8 1.74796E-7 1.52943E-6
4.37001E-6 2.4486E-6 5.2046E-6 8.09978E-6 3.92567E-6 3.95935E-6 4.76387E-6 1.95448E-6 4.25927E-6 4.18511E-6 4.42639E-6 5.15051E-6 4.51104E-6 5.78336E-6 3.78705E-6 1.21111E-6 3.03213E-6 4.61355E-7 2.69012E-7 3.51787E-6 4.53577E-6 1.0532E-5 1.03281E-5 7.87993E-6 1.17296E-6 1.42941E-6 2.3493E-7 2.88155E-7 2.39283E-6 1.47322E-6 1.09616E-6 1.8661E-6 2.87174E-6 3.34374E-6 1.8592E-6 8.02601E-7 1.15927E-6 1.83958E-6 3.1456E-6 1.22059E-5 8.86923E-6 2.35667E-6 2.98064E-6 5.04019E-6 5.07431E-6 3.9823E-6 5.18088E-6 4.34634E-6 2.78037E-6 2.08668E-6 2.47402E-6 4.16612E-6 5.24856E-6 6.15935E-6 9.24059E-6 6.73904E-7 5.3342E-8 1.17261E-6 2.57691E-7 1.64262E-8 1.5845E-7 1.51014E-6 1.04582E-7 5.04562E-8 8.39962E-7 6.42294E-8
5.83399E-6 9.08421E-6 4.35471E-6 9.10378E-6 4.32856E-6 3.92175E-6 5.15945E-6 2.53818E-6 2.58462E-6 5.18187E-6 5.39361E-6 5.7822E-6 3.24631E-6 1.46127E-6 4.8616E-6 4.72572E-6 7.21499E-6 8.2207E-6 5.09037E-6 3.9497E-6 3.32699E-6 4.16095E-6 7.10391E-6 2.60274E-6 3.90712E-6 2.62433E-6 9.61489E-7 7.16374E-8 9.43394E-8 3.89868E-6 5.414E-6 1.6035E-6 1.66056E-6 1.32366E-6 2.91766E-6 1.68029E-6 1.52073E-6 1.45682E-6 2.8162E-6 2.07839E-6 1.44343E-6 2.25795E-6 1.89862E-6 1.59107E-6 2.32107E-6 1.90806E-6 2.24004E-6 4.85653E-6 3.39958E-6 3.19111E-6 4.65346E-6 5.6437E-6 5.4068E-6 2.61528E-6 7.21307E-7 7.29394E-8 1.81199E-8 2.38446E-8 2.3165E-8 3.70759E-8 6.35325E-7 2.0729E-6 2.39067E-6 3.63706E-6 1.20626E-6 5.31471E-7
