catData/rasterBestHybridModels/Pbengalensis/RD_BM01_RM2_L/Pbengalensis_stddev.asc
ncols         409
nrows         350
xllcorner     60.897278365
yllcorner     5.843756025
cellsize      0.0892857
NODATA_value  -9999
[rows 145 to 173 of 350, columns 198 to 263 of 409]
7.2224E-7 1.25714E-6 1.55047E-6 3.25933E-7 3.46488E-7 2.63208E-6 1.54009E-6 1.9104E-6 6.13687E-7 3.38958E-7 9.80167E-7 1.17492E-6 2.2471E-6 1.76649E-7 7.07434E-7 1.44948E-6 2.76145E-7 2.23403E-7 3.03252E-8 1.58793E-7 6.73346E-7 1.51952E-6 1.53357E-6 1.76498E-6 1.19121E-6 6.78E-7 5.51475E-7 2.2069E-7 3.5766E-7 4.71458E-7 1.43929E-6 3.49771E-6 1.99945E-6 1.69433E-6 2.02264E-6 1.52554E-6 7.50791E-7 4.11683E-8 1.85795E-7 7.09903E-7 1.74118E-8 3.48979E-8 5.6723E-7 1.83858E-6 2.13579E-6 3.13154E-6 3.48634E-6 3.919E-6 2.72371E-6 3.09606E-6 2.7715E-6 2.78384E-6 4.64911E-6 2.18531E-6 1.94368E-6 1.72353E-6 3.25004E-6 6.13226E-6 8.17314E-6 6.44947E-6 3.21686E-6 4.97858E-6 6.11773E-6 1.61565E-6 1.81782E-6 1.96232E-6
1.43775E-6 1.14533E-6 1.30647E-6 2.85158E-7 1.53901E-6 1.26481E-7 1.09086E-7 1.19953E-6 1.80918E-6 8.79124E-7 1.30199E-6 3.01857E-8 1.38955E-8 1.25823E-6 1.27263E-6 1.0349E-7 1.38726E-7 1.8741E-8 1.79922E-8 7.32094E-9 4.6183E-7 1.47157E-6 3.73476E-7 1.73295E-7 5.66101E-7 2.96918E-7 5.37109E-7 2.39318E-8 1.71108E-8 1.62242E-6 3.56423E-6 4.95881E-7 1.1985E-6 5.43336E-6 3.77886E-6 5.47617E-6 3.55011E-6 1.09989E-6 1.29142E-6 1.70367E-7 1.04978E-7 1.10793E-6 1.89451E-6 1.06852E-6 5.02774E-7 1.25422E-6 2.1897E-6 1.81018E-6 1.69141E-6 2.47702E-6 1.78785E-6 1.8363E-6 4.95935E-6 3.52703E-6 1.79615E-6 2.01544E-6 2.4157E-6 3.36948E-6 5.17791E-6 5.45045E-6 7.04446E-6 3.65493E-6 3.10705E-6 2.02112E-6 2.56294E-6 2.19025E-6
1.62715E-6 2.46858E-6 2.17766E-6 2.08209E-6 8.62551E-7 9.3969E-8 7.23527E-7 4.10963E-6 8.50776E-7 4.23752E-7 4.85034E-8 1.70111E-7 1.38573E-6 6.52E-7 9.38679E-7 2.46379E-7 1.90978E-8 9.56772E-9 4.69795E-8 3.74588E-8 4.70337E-7 5.60537E-7 5.03205E-7 4.16617E-7 9.94639E-8 2.26643E-7 2.22989E-6 1.33641E-6 1.15732E-6 8.74647E-7 1.36363E-6 3.15211E-7 1.53833E-6 7.40308E-7 1.67923E-6 2.68543E-6 4.84782E-6 1.6149E-6 3.74756E-6 3.22041E-6 1.09427E-6 3.57428E-7 4.2058E-6 1.7964E-6 8.06047E-7 1.4859E-6 1.80667E-6 5.20899E-6 1.59752E-6 1.68352E-6 1.11954E-6 2.94624E-6 5.24166E-6 2.03652E-6 1.87211E-6 2.21424E-6 4.41683E-6 3.53632E-6 5.38625E-6 3.21586E-6 6.14022E-6 1.13654E-5 7.05516E-6 2.20983E-6 1.83804E-6 2.09156E-6
1.94052E-6 1.40825E-6 3.45039E-7 2.01562E-7 9.82388E-8 2.12898E-7 1.9832E-7 1.20575E-6 5.53457E-7 1.38788E-6 3.79715E-7 3.06284E-7 5.48546E-7 1.0323E-6 1.23442E-6 1.67637E-7 9.0229E-7 1.50883E-6 2.97074E-7 4.97667E-7 2.63484E-6 2.50906E-6 7.64709E-7 8.96896E-7 2.40874E-6 3.44247E-6 2.43275E-6 5.25192E-6 1.02395E-6 2.52316E-8 1.52555E-6 1.9008E-6 2.06199E-6 1.19806E-6 1.6471E-6 1.51292E-6 5.92816E-6 6.63378E-6 8.7565E-6 7.04176E-6 3.32863E-6 7.14973E-7 2.22873E-6 5.91438E-6 1.48765E-6 2.76687E-6 2.71794E-6 2.39212E-6 4.4324E-6 1.70911E-6 6.79249E-7 1.61321E-6 8.9812E-7 8.91997E-7 7.2615E-7 2.35385E-6 3.90579E-6 6.27034E-6 3.63063E-6 3.40416E-6 6.4423E-6 1.0316E-5 1.01899E-5 3.68588E-6 1.64586E-6 3.64622E-6
2.32252E-6 8.4846E-7 5.54957E-8 4.94483E-8 2.62832E-6 6.54075E-7 1.19761E-6 5.51295E-7 7.80469E-7 4.674E-7 1.5242E-7 9.05762E-8 1.07641E-6 5.81877E-7 1.44093E-6 1.24944E-8 1.39562E-7 8.76207E-7 5.87298E-7 1.008E-6 1.41157E-6 2.27634E-6 2.35943E-6 1.05666E-6 1.0321E-6 2.198E-6 1.86265E-6 1.72044E-6 1.50135E-6 5.19731E-7 6.67568E-7 6.95317E-7 1.51741E-6 1.28001E-6 1.0219E-6 1.37895E-6 2.95054E-6 4.66365E-6 6.87921E-6 5.3649E-6 6.06537E-6 5.84246E-6 8.42763E-6 1.15654E-5 8.13429E-6 5.83935E-6 1.84718E-6 4.64304E-6 2.13483E-6 1.53292E-6 1.54743E-6 2.00964E-6 3.14691E-6 1.97434E-6 1.82174E-6 2.71631E-6 2.80114E-6 5.05908E-6 3.48388E-6 5.64114E-6 2.25626E-6 5.02064E-6 3.7338E-6 2.64125E-6 2.36531E-6 5.19014E-6
1.28681E-6 8.83642E-7 2.62047E-8 1.07719E-6 2.30682E-6 6.07816E-7 4.9695E-7 6.7691E-7 3.6856E-7 1.00609E-6 1.21682E-7 9.05256E-8 3.18018E-7 1.58582E-6 2.10802E-6 8.22207E-7 5.55587E-7 2.14156E-6 1.71974E-6 1.60975E-6 1.82917E-6 1.92467E-6 2.04378E-6 1.86373E-6 4.83936E-6 6.57655E-6 3.10055E-6 5.7221E-6 1.44551E-6 2.38407E-6 3.74902E-6 3.06299E-6 8.51805E-7 6.82804E-7 1.2387E-6 5.49022E-6 3.60066E-6 5.77132E-6 5.92145E-6 6.25723E-6 6.38828E-6 6.23838E-6 6.37784E-6 6.87155E-6 7.39346E-6 6.21211E-6 6.23138E-6 5.50192E-6 1.18444E-5 5.90472E-6 2.00482E-6 1.42649E-6 4.65539E-7 1.4707E-6 1.91498E-6 5.23994E-6 2.60429E-6 2.80544E-6 2.57817E-6 5.61761E-6 4.21883E-6 1.8936E-6 5.77858E-6 2.36508E-6 2.33794E-6 7.97044E-6
1.55598E-6 2.71094E-7 1.72993E-8 5.93986E-8 1.36088E-6 2.61865E-6 2.09944E-7 1.26898E-6 8.44438E-8 6.57349E-8 1.1665E-7 2.49351E-7 1.42552E-6 2.36554E-6 2.60557E-6 2.2063E-6 2.39196E-6 3.48713E-6 1.26276E-6 1.8014E-6 1.50401E-6 1.81893E-6 2.30351E-6 2.91237E-6 3.63149E-6 6.73843E-6 3.42174E-6 5.53819E-6 5.27E-6 5.34058E-6 2.47556E-6 1.26462E-6 1.85944E-6 3.91383E-6 2.07517E-6 8.00593E-7 1.67956E-6 5.28776E-6 6.62801E-6 6.1941E-6 7.10715E-6 8.78559E-6 6.20557E-6 1.32004E-5 7.80067E-6 5.80928E-6 7.54881E-6 3.78998E-6 6.21663E-6 5.03973E-6 2.88925E-6 2.58048E-6 2.98654E-6 1.69636E-6 2.0768E-6 2.06107E-6 1.90381E-6 2.30409E-6 1.70852E-6 4.14995E-6 8.84046E-6 5.50836E-6 5.4073E-6 6.4892E-6 4.17926E-6 5.21913E-6
4.41999E-8 4.91926E-8 7.31059E-7 4.07365E-7 4.35034E-7 2.41708E-7 9.14434E-7 2.38356E-7 1.72187E-7 8.61123E-7 1.4326E-6 1.27656E-6 4.0064E-6 4.91098E-6 4.71712E-6 6.21706E-7 9.81866E-7 2.66116E-6 1.23111E-6 1.01692E-6 1.48419E-6 1.44697E-6 1.60828E-6 2.68666E-6 3.98323E-6 2.10809E-6 3.21543E-6 4.52633E-6 5.03023E-6 5.83094E-6 1.82593E-6 1.17836E-6 9.78501E-7 1.84787E-7 4.44738E-7 1.33986E-7 1.61773E-6 1.74916E-6 1.97579E-6 7.20215E-6 9.65309E-6 1.09439E-5 5.61742E-6 2.16033E-6 2.18981E-6 5.30149E-6 5.45412E-6 1.80474E-6 3.4098E-6 1.86833E-6 1.05149E-6 1.79799E-6 1.59669E-6 2.36856E-6 3.0094E-6 5.95281E-6 8.42125E-6 6.34606E-6 2.97167E-6 9.97199E-6 5.85824E-6 3.2328E-6 4.6758E-6 2.67594E-5 9.40394E-6 3.87925E-6
1.25794E-6 3.18495E-7 1.63392E-6 3.32826E-7 3.52422E-7 2.83049E-7 4.00438E-7 8.32379E-7 3.24502E-7 2.5718E-6 1.67522E-6 5.04192E-7 4.43302E-6 4.19776E-8 1.81958E-7 2.02191E-6 2.99253E-6 2.44727E-6 8.76523E-7 1.34896E-6 1.44778E-6 1.70509E-6 1.45086E-6 1.68206E-6 2.38047E-6 1.85729E-6 2.88133E-6 2.4616E-6 5.36705E-6 2.91356E-6 2.91368E-6 1.58122E-6 2.28372E-6 1.34056E-6 7.83086E-7 6.42522E-7 1.52359E-6 1.61545E-6 1.79172E-7 1.81525E-6 1.69301E-6 1.7362E-6 2.49941E-6 2.6664E-6 3.17595E-6 3.07363E-6 1.9265E-6 1.717E-6 1.11373E-6 5.21496E-7 6.96557E-7 1.82756E-6 2.06714E-6 1.90771E-6 2.09716E-6 4.26648E-6 5.1725E-6 2.01581E-6 7.78016E-6 4.76772E-6 2.92535E-6 3.35611E-6 4.1157E-6 7.21934E-6 5.43128E-6 2.92746E-6
3.06769E-6 1.57204E-6 3.52611E-7 2.25316E-7 1.67284E-7 5.2725E-7 2.12654E-6 1.62427E-6 5.34768E-7 1.02332E-6 4.83324E-7 9.89942E-7 3.67054E-7 3.43276E-6 2.82666E-6 1.71366E-6 3.47698E-6 8.35424E-7 1.72768E-6 1.37924E-6 1.55574E-6 1.3527E-6 4.3131E-7 1.39267E-6 1.49795E-6 2.18198E-6 3.17077E-6 2.96304E-6 3.16908E-6 2.71439E-6 2.73741E-6 1.301E-6 2.57551E-6 4.32474E-7 8.8142E-8 2.75501E-7 1.57016E-7 1.21134E-6 3.47302E-8 3.26529E-7 1.81566E-6 1.60887E-6 2.12198E-6 3.80132E-6 2.10066E-6 3.69768E-6 4.57231E-8 3.66717E-8 3.03068E-7 1.18821E-6 2.24711E-6 1.32833E-6 2.22025E-6 1.93349E-6 2.65703E-6 2.46408E-6 2.60305E-6 1.3027E-6 1.42118E-6 2.23981E-6 2.41838E-6 2.92342E-6 2.09196E-6 3.65608E-6 3.09048E-6 2.53342E-6
1.45052E-6 3.34681E-6 1.85179E-6 1.55279E-6 1.83115E-6 1.74524E-6 2.18372E-6 2.80945E-6 1.41703E-6 1.44472E-6 9.33951E-7 1.22787E-7 3.99894E-6 2.90688E-6 4.57619E-6 4.74338E-6 2.81349E-6 2.50541E-6 1.76808E-6 6.7854E-7 9.44544E-7 2.56204E-7 3.66891E-7 5.12405E-8 1.3758E-6 2.50279E-6 2.90575E-6 3.41279E-6 2.111E-6 2.50085E-6 3.70308E-6 1.00857E-6 2.44045E-6 4.9529E-6 7.11186E-8 2.65637E-6 1.35556E-6 7.922E-9 2.53793E-7 9.49717E-7 1.80871E-6 1.43616E-6 2.25036E-6 3.45836E-6 3.3174E-6 9.61398E-7 3.44057E-7 2.23146E-8 1.18727E-7 9.37087E-7 2.20285E-6 3.35428E-6 2.01609E-6 2.48953E-6 1.69432E-6 3.30065E-6 2.50145E-6 4.44707E-6 2.9729E-6 2.658E-6 3.28167E-6 3.54321E-6 2.4105E-6 2.21949E-6 2.30993E-6 3.24533E-6
2.64921E-7 4.95438E-8 1.40066E-6 8.92863E-8 2.05941E-8 2.03202E-8 1.67878E-6 1.92831E-6 1.15792E-6 1.0594E-6 2.85244E-7 1.01847E-6 1.94951E-6 2.80998E-6 3.74455E-6 3.81295E-6 1.51022E-6 1.29226E-6 5.29763E-7 1.44881E-6 2.58132E-7 5.64926E-7 1.10885E-6 9.52913E-7 1.81056E-6 1.87583E-6 4.00798E-6 7.27735E-6 3.901E-6 1.84956E-6 3.01722E-6 1.05633E-5 3.83536E-6 2.09446E-6 3.42913E-6 1.56158E-6 7.67363E-7 8.63498E-8 1.20354E-7 1.18829E-6 1.73476E-6 1.38664E-6 1.69518E-6 1.53397E-6 6.31687E-6 2.63465E-6 5.71897E-7 1.39559E-6 1.3114E-6 6.98536E-7 3.87082E-6 6.50816E-6 3.35627E-6 4.68692E-6 1.69945E-6 2.42765E-6 2.49257E-6 3.75604E-6 4.52612E-6 3.25001E-6 2.87274E-6 3.14748E-6 3.5483E-6 2.49995E-6 2.90287E-6 4.33287E-6
9.47268E-7 6.41622E-7 1.75997E-6 2.49739E-7 4.47799E-7 2.6464E-6 6.44221E-7 3.74592E-8 1.81067E-8 7.77038E-8 1.22096E-6 2.85733E-7 1.2143E-6 2.70567E-6 3.60248E-6 2.49856E-6 3.47704E-6 2.85552E-6 1.41035E-6 1.23271E-6 6.76249E-7 5.75609E-7 1.47812E-6 1.33792E-6 1.5172E-6 5.29763E-7 2.98549E-7 7.12297E-6 6.02882E-6 2.58223E-6 5.64991E-7 3.08468E-6 2.07419E-6 1.48899E-6 3.32916E-6 1.21117E-6 2.14829E-6 4.76809E-7 3.30228E-7 1.83089E-6 1.89809E-6 1.67464E-6 1.53032E-6 1.3455E-6 1.77911E-6 1.429E-6 1.58485E-6 3.17631E-6 1.86732E-6 6.24978E-7 7.56104E-7 9.67636E-7 2.81664E-6 2.66673E-6 1.82048E-6 2.31252E-6 2.57755E-6 6.00768E-6 3.63883E-6 8.12197E-6 1.84243E-6 3.13404E-6 5.96239E-6 2.51952E-6 2.67307E-6 9.74436E-6
1.10353E-6 2.873E-6 5.85876E-7 7.50086E-8 8.86864E-9 1.67818E-8 8.65144E-7 1.04206E-7 1.38334E-6 5.02481E-7 3.90934E-7 9.1559E-7 8.1276E-7 2.00789E-6 2.52694E-6 3.89036E-6 2.22974E-6 1.82995E-6 1.7371E-6 1.59352E-6 1.43719E-6 1.48615E-6 1.5665E-6 8.13261E-7 1.65525E-6 1.22782E-6 2.83197E-7 1.74103E-6 2.69571E-8 5.26476E-7 2.22042E-6 1.12431E-6 4.66519E-7 1.19392E-6 3.0869E-6 2.61844E-6 1.42586E-6 2.27224E-6 2.10604E-6 2.85016E-6 3.35916E-6 2.37921E-6 1.34275E-6 6.63566E-7 9.03097E-7 3.09869E-6 1.15988E-6 7.57248E-7 1.69774E-6 7.7301E-7 2.18265E-6 1.93805E-6 2.40592E-6 1.61498E-6 2.9309E-6 2.58841E-6 4.26792E-6 2.35527E-6 2.50209E-6 3.09472E-6 4.71373E-6 6.2939E-6 8.84008E-6 7.80059E-6 2.32073E-6 2.82508E-6
1.12777E-6 2.84544E-6 1.65893E-6 4.64446E-6 1.69559E-6 4.14304E-7 2.11227E-8 6.87985E-8 2.16396E-6 1.58991E-6 1.54552E-6 8.74193E-7 1.25154E-6 2.13754E-6 2.56159E-6 2.71113E-6 1.54363E-6 1.48772E-6 1.44039E-6 1.26813E-6 1.48014E-6 1.47956E-6 1.32936E-6 4.23132E-7 1.60496E-6 1.80769E-6 2.18923E-7 4.50943E-6 3.71006E-7 4.6552E-7 5.042E-8 9.34225E-8 8.98783E-8 2.56648E-6 2.13859E-6 1.00434E-6 3.09059E-7 2.92268E-6 3.77865E-6 4.21933E-6 9.04025E-6 3.29029E-6 1.39221E-6 6.28698E-7 8.29623E-7 3.35295E-6 5.94405E-6 2.11838E-6 4.64485E-6 1.26227E-6 1.90938E-6 1.89057E-6 2.15682E-6 3.11097E-6 2.00545E-6 1.99289E-6 2.14033E-6 3.93389E-6 1.94882E-6 1.57838E-6 2.60896E-6 5.53136E-6 1.15947E-5 4.71852E-6 2.84876E-6 2.8857E-6
1.69886E-6 3.00034E-6 3.56452E-6 4.11816E-6 2.62784E-6 2.72375E-6 3.32151E-6 2.34487E-6 7.49297E-7 1.76269E-7 1.39731E-6 2.1801E-6 4.4077E-7 7.33749E-7 2.0911E-6 2.21213E-6 2.64212E-6 1.60577E-6 5.98624E-7 1.49712E-6 2.26315E-6 1.99977E-6 1.49511E-6 1.02024E-6 9.47505E-7 8.30366E-7 1.94767E-6 9.88507E-7 3.30858E-6 3.07466E-6 9.63966E-7 1.21888E-6 9.61255E-8 1.16342E-8 1.88347E-6 1.0115E-5 1.41194E-6 6.70646E-6 5.99505E-6 3.35357E-6 5.40791E-6 3.67002E-6 1.89894E-6 1.58402E-6 1.48055E-6 2.7783E-6 5.50151E-6 3.45682E-6 3.90806E-6 4.08918E-6 2.95894E-6 2.72792E-6 2.91916E-6 2.69646E-6 2.4287E-6 7.48507E-7 2.1737E-6 1.92397E-6 2.03012E-6 1.61359E-6 2.3126E-6 3.21659E-6 3.58742E-6 3.77904E-6 2.14318E-6 3.45467E-6
3.76641E-6 1.8967E-6 2.47198E-6 2.52756E-6 1.23053E-6 2.30862E-6 2.08022E-6 1.87712E-6 1.11685E-6 2.14565E-6 1.35917E-6 5.9741E-8 1.33254E-8 3.48055E-8 2.29161E-7 5.48197E-7 1.20883E-6 3.17198E-7 2.57631E-6 2.9558E-6 4.55059E-6 2.70646E-6 1.78125E-6 6.53055E-7 4.18271E-7 1.31478E-6 1.86196E-6 1.83275E-6 2.17327E-6 2.06089E-6 2.90624E-6 2.20765E-6 2.20585E-6 3.49651E-6 1.6431E-5 2.87253E-5 6.50341E-6 7.00168E-6 5.68464E-6 2.38229E-6 2.64276E-6 2.78637E-6 1.53959E-6 2.12605E-6 2.20858E-6 1.545E-6 2.00287E-6 2.41407E-6 3.24876E-6 1.46769E-5 1.24849E-5 1.9267E-6 2.34438E-6 2.86724E-6 3.29032E-6 2.70714E-6 2.10611E-6 1.89088E-6 1.89464E-6 1.54815E-6 1.69219E-6 2.02141E-6 1.69403E-6 3.4815E-6 2.42267E-6 1.16503E-6
1.64642E-6 2.14354E-6 1.80359E-6 1.55358E-6 1.90961E-6 2.36782E-6 1.36827E-6 3.30007E-7 4.40265E-7 2.34142E-8 1.18574E-8 8.70372E-8 7.9413E-8 1.35703E-7 5.85581E-8 7.44696E-7 1.04597E-6 1.42279E-7 2.27557E-6 4.03725E-6 8.192E-6 3.2263E-6 2.03568E-6 1.52052E-6 1.20237E-7 6.41584E-8 1.4546E-6 3.67135E-6 6.93379E-6 8.73006E-6 9.34017E-6 8.23022E-6 4.76174E-6 8.62515E-6 9.94802E-6 6.74551E-6 5.51713E-6 3.61334E-6 3.60955E-6 3.66707E-6 2.77649E-6 5.32914E-6 3.9435E-6 5.81474E-6 3.0308E-6 3.53967E-6 3.3607E-6 9.93623E-6 1.27186E-5 7.58547E-6 2.15255E-6 1.68875E-6 2.29728E-6 3.60883E-6 8.83947E-6 9.63712E-6 6.01139E-6 1.93899E-6 1.24619E-6 1.98927E-6 1.86725E-6 3.46483E-6 2.09993E-6 1.7869E-6 2.1963E-6 1.41766E-6
4.30122E-6 1.60588E-6 1.67235E-6 1.6502E-6 5.94275E-7 1.43618E-6 7.44511E-7 1.19471E-6 2.01832E-8 1.92474E-7 2.53995E-7 9.94015E-7 1.29844E-6 5.25136E-7 7.53015E-7 1.15919E-6 2.64377E-6 1.01558E-6 2.64976E-6 4.60687E-6 1.67707E-6 2.56324E-6 2.06658E-6 3.09094E-6 9.05519E-8 2.0407E-6 1.509E-6 5.01253E-6 7.17624E-6 3.44154E-6 6.46244E-6 8.23316E-6 9.3327E-6 4.01399E-6 5.0327E-6 5.45943E-6 5.12719E-6 5.08748E-6 5.19153E-6 1.63708E-6 4.10274E-6 4.52654E-6 3.34674E-6 6.12759E-6 2.97026E-6 3.26245E-6 2.40719E-6 7.54831E-6 8.59644E-6 2.47563E-6 1.56623E-6 1.30934E-6 1.63397E-6 3.09426E-6 9.85958E-6 6.50894E-6 2.56339E-6 1.52054E-6 3.12868E-6 1.66778E-6 3.64021E-6 2.28338E-6 1.83026E-6 3.71019E-6 1.67095E-6 2.35275E-6
2.09848E-6 1.75535E-6 2.04303E-6 9.37053E-7 1.76705E-6 1.751E-6 1.67923E-6 2.01144E-7 5.0834E-8 1.12624E-6 7.99103E-7 3.92327E-7 4.25096E-7 4.35392E-7 1.38778E-7 1.00628E-6 3.16188E-6 8.22499E-6 5.82634E-6 2.03746E-6 1.80395E-6 2.34479E-6 5.62363E-6 1.69295E-6 1.70623E-6 2.00636E-6 6.29665E-6 6.15768E-6 4.81662E-6 2.44825E-6 5.48162E-6 3.02677E-6 2.10375E-6 2.56994E-6 4.27581E-6 6.00796E-6 5.27667E-6 5.83096E-6 5.14478E-6 2.51132E-6 2.88387E-6 2.1129E-6 1.90266E-6 2.56081E-6 2.7253E-6 7.10431E-6 5.46183E-6 2.72631E-6 2.35645E-6 1.65423E-6 1.24212E-6 1.46881E-6 1.69672E-6 2.03914E-6 2.42788E-6 2.74953E-6 1.53386E-6 2.08448E-6 5.4625E-6 4.16155E-6 3.91173E-6 2.32949E-6 2.04778E-6 2.48211E-6 7.37315E-7 1.43596E-6
2.49376E-6 3.59382E-6 5.13322E-6 9.4322E-7 1.7007E-6 3.85492E-6 5.66777E-7 1.7742E-7 1.4899E-6 7.44286E-7 6.78778E-7 2.82595E-7 3.64142E-7 1.26821E-6 1.47636E-6 1.97898E-6 2.91533E-6 3.52773E-6 4.10632E-6 1.80894E-6 2.26704E-6 2.58724E-6 1.12481E-5 3.2332E-6 1.8181E-6 2.3948E-6 2.35291E-6 8.86874E-6 5.85589E-6 5.99201E-6 4.98551E-6 4.44823E-6 2.60507E-6 5.02632E-7 3.85495E-6 5.68911E-6 4.72489E-6 3.08811E-6 5.94774E-6 7.02979E-6 1.04169E-5 3.5359E-6 1.94217E-6 1.72094E-6 9.15127E-7 9.82289E-7 7.23801E-7 2.82591E-6 1.69558E-6 1.41117E-6 1.20808E-6 1.91906E-6 2.22662E-6 2.44834E-6 2.24417E-6 2.00259E-6 1.69994E-6 3.24801E-6 5.27645E-6 5.00389E-6 1.65721E-6 2.27525E-6 1.49912E-6 1.95495E-6 2.70668E-6 2.03195E-6
3.66194E-6 2.5109E-6 6.99875E-7 2.00762E-6 6.81713E-7 2.0147E-6 1.10902E-6 1.19094E-6 6.79762E-7 1.33842E-7 1.32891E-7 3.90311E-7 9.69119E-7 6.90502E-7 1.7225E-6 1.81134E-6 1.7931E-6 2.62141E-6 3.79627E-6 1.60422E-6 2.88656E-6 3.2114E-6 2.03178E-5 7.03281E-6 2.54212E-6 2.86323E-6 8.45941E-6 9.30058E-6 1.99285E-6 3.69904E-6 1.57262E-6 2.62148E-6 5.39943E-6 5.69378E-7 2.71343E-6 3.78996E-6 1.53052E-6 2.43702E-6 2.81276E-6 6.12937E-6 8.59632E-6 3.17358E-6 2.8119E-6 3.36133E-6 2.69791E-6 2.19537E-6 1.61286E-6 1.91165E-6 1.64783E-6 1.44396E-6 1.49614E-6 2.29633E-6 3.87856E-6 2.89827E-6 3.12536E-6 2.14312E-6 2.26056E-6 1.92366E-6 1.93609E-6 2.1027E-6 3.39108E-6 4.56124E-6 1.97054E-6 2.12838E-6 1.83416E-6 5.5655E-6
2.05539E-6 2.23115E-6 1.07774E-6 9.71953E-7 7.50198E-7 5.01919E-7 1.48674E-7 1.58697E-6 9.03552E-7 2.32489E-7 5.56263E-7 2.80572E-6 3.02289E-6 1.98993E-6 2.11521E-6 1.74729E-6 1.6964E-6 1.91659E-6 5.62097E-6 6.15308E-6 6.58346E-6 7.34666E-6 1.74286E-5 1.04356E-5 4.07468E-6 3.84907E-6 7.82807E-6 6.63052E-6 6.00323E-6 2.88759E-6 3.79688E-7 1.35033E-8 2.5125E-6 8.7118E-7 8.8443E-7 3.45251E-6 7.07685E-7 1.38062E-6 2.48514E-6 6.23699E-6 8.17716E-6 6.13895E-6 5.3031E-6 9.47802E-6 7.09454E-6 3.7012E-6 3.80555E-6 1.97487E-6 2.89365E-6 2.48043E-6 2.00323E-6 1.99839E-6 4.74089E-6 5.22183E-6 1.98523E-6 2.27579E-6 1.54121E-6 1.83302E-6 1.68731E-6 4.28008E-6 6.11079E-6 6.23655E-6 4.44809E-6 1.43121E-6 2.84826E-6 2.24685E-6
1.50425E-6 3.56665E-7 5.00753E-7 5.22555E-7 2.15968E-7 2.20937E-6 1.52256E-6 1.43151E-6 1.76349E-6 1.08912E-7 4.087E-6 5.04923E-6 6.02291E-6 5.69667E-6 3.30296E-6 1.97163E-6 1.77322E-6 2.19821E-6 3.62753E-6 5.59817E-6 1.0373E-5 1.05778E-5 1.3217E-5 3.79843E-6 1.76275E-6 4.74343E-6 4.7333E-6 2.79049E-6 4.99294E-6 8.45609E-6 2.84714E-6 1.1552E-6 4.75811E-7 3.01098E-6 9.15261E-7 1.33653E-6 9.29999E-7 2.48944E-7 1.55076E-6 2.68571E-6 3.70245E-6 6.49519E-6 6.0609E-6 9.99595E-6 9.38738E-6 1.15805E-5 7.91541E-6 6.14317E-6 9.00701E-6 8.22851E-6 3.7874E-6 3.40036E-6 2.26073E-6 2.44739E-6 2.37863E-6 2.02191E-6 5.17872E-6 3.90357E-6 4.95606E-6 5.40767E-6 3.69526E-6 7.67461E-6 5.56403E-6 1.70646E-6 2.29586E-6 2.13772E-6
2.06882E-6 1.20884E-6 2.05359E-7 4.51388E-7 1.41227E-7 1.34043E-6 1.72639E-6 1.33317E-6 8.79105E-7 1.18678E-6 3.92655E-6 3.26415E-6 6.3563E-6 4.24697E-6 2.7689E-6 1.97514E-6 4.94443E-6 2.78762E-6 3.1498E-6 7.56135E-6 1.38838E-5 1.39042E-5 4.68357E-6 2.50692E-6 2.33879E-6 2.37669E-6 4.64567E-6 5.5618E-6 2.92197E-6 4.79066E-6 1.03585E-6 1.93135E-6 1.50311E-6 7.32117E-7 1.00951E-6 2.73902E-7 2.04554E-8 2.01857E-8 1.57031E-6 2.66372E-6 6.47193E-6 5.71968E-6 7.58964E-6 8.09833E-6 8.81892E-6 7.94493E-6 6.76873E-6 5.82189E-6 7.56628E-6 7.94845E-6 1.02129E-5 5.58283E-6 2.70783E-6 4.14892E-6 4.60207E-6 4.27421E-6 4.96191E-6 2.54135E-6 3.54911E-6 5.46942E-6 3.25497E-6 6.24988E-6 2.20086E-6 1.74115E-6 2.11792E-6 1.11864E-6
2.01825E-6 1.59563E-6 1.62464E-6 5.06791E-7 1.68526E-6 1.09007E-6 1.00425E-6 1.40183E-6 5.13429E-7 1.73211E-6 1.96591E-6 2.19408E-6 3.85156E-6 4.37141E-6 3.51999E-6 3.78209E-6 6.76732E-6 5.38883E-6 4.53946E-6 4.68854E-6 5.32386E-6 9.12118E-6 3.02283E-6 2.11423E-6 2.03031E-6 1.48826E-6 1.59573E-6 5.3659E-6 4.2103E-6 4.73486E-6 2.24606E-6 1.46663E-6 8.06833E-7 4.14122E-7 7.43377E-8 1.22436E-7 4.72258E-7 2.385E-7 1.67487E-6 1.40077E-6 3.65982E-6 1.53729E-6 5.44292E-6 5.54197E-6 6.17015E-6 5.62569E-6 5.19405E-6 5.08632E-6 5.46308E-6 5.59245E-6 6.49319E-6 6.07164E-6 6.05322E-6 3.86901E-6 6.3721E-6 2.57132E-6 1.84745E-6 3.48412E-6 3.41181E-6 8.55903E-6 4.09269E-6 9.1801E-6 3.90527E-6 3.46078E-6 2.7098E-6 2.16016E-6
1.97057E-6 6.13335E-6 2.86646E-6 2.17095E-6 1.74734E-6 1.34574E-6 1.86765E-6 1.62131E-6 1.87306E-6 1.76498E-6 2.32213E-6 2.77058E-6 3.94758E-6 1.00933E-5 9.01718E-6 3.79155E-6 8.4972E-6 3.28732E-6 5.66004E-6 3.42312E-6 2.41396E-6 2.34622E-6 3.65023E-6 1.39359E-6 1.63864E-6 1.95181E-6 1.88639E-6 3.18354E-6 6.95342E-6 2.64539E-6 1.51435E-6 1.92951E-6 1.69345E-6 9.01634E-7 1.55394E-6 6.90681E-7 2.45383E-6 4.671E-6 4.08418E-6 1.89597E-6 2.33472E-6 5.44176E-6 5.10036E-6 6.50444E-6 9.49985E-6 8.42909E-6 5.85159E-6 4.98168E-6 4.87438E-6 5.00531E-6 5.10763E-6 4.9615E-6 5.24058E-6 6.0893E-6 4.56338E-6 3.58661E-6 2.66376E-6 2.01472E-6 2.72467E-6 4.23649E-6 3.8551E-6 6.79903E-6 1.86373E-6 3.04128E-6 6.15679E-6 3.98537E-6
2.34439E-6 9.97407E-6 3.39564E-6 3.33154E-6 2.05391E-6 1.65627E-6 1.62524E-6 5.55765E-6 1.68129E-6 1.41246E-6 1.56662E-6 6.1031E-7 1.28119E-6 5.79964E-6 7.15002E-6 3.30539E-6 8.22565E-6 2.84464E-6 2.49371E-6 1.79691E-6 1.49738E-6 3.95036E-6 6.43548E-6 5.71802E-6 1.85669E-6 2.38809E-6 3.50724E-6 6.13767E-6 5.53099E-6 2.25771E-6 2.843E-6 8.83399E-8 4.87614E-7 2.20371E-6 1.6297E-6 1.90884E-6 2.88036E-6 6.8608E-6 3.30905E-6 4.98351E-6 5.16971E-6 6.4511E-6 5.10328E-6 6.3731E-6 9.30618E-6 8.97442E-6 6.12093E-6 5.00627E-6 5.2059E-6 5.80254E-6 6.83852E-6 5.98954E-6 4.97818E-6 4.8973E-6 4.96068E-6 4.8971E-6 2.96956E-6 1.81115E-6 2.39243E-6 2.67941E-6 1.98725E-6 4.75013E-6 2.73123E-6 3.10703E-6 5.94264E-6 3.86401E-6
4.89146E-6 6.44921E-6 4.21378E-6 5.1903E-6 2.57105E-6 2.81246E-6 2.64357E-6 2.11707E-6 1.98844E-6 1.57823E-6 7.71242E-7 1.69514E-6 3.06058E-6 5.15367E-6 2.7786E-6 3.92737E-6 4.01226E-6 1.15736E-6 2.11527E-6 1.98684E-6 3.56145E-6 1.95219E-6 6.23538E-6 2.01012E-6 2.19053E-6 2.68091E-6 3.63646E-6 3.19448E-6 1.28391E-6 6.23832E-7 4.15798E-7 1.07471E-6 2.6587E-6 2.55421E-6 5.57599E-6 3.31636E-6 2.28172E-6 1.03409E-6 1.3489E-6 6.40745E-6 8.64725E-6 6.26656E-6 3.6879E-6 2.90109E-6 2.44893E-6 3.05486E-6 3.96112E-6 1.52913E-6 5.52239E-6 3.8572E-6 9.31466E-6 4.78512E-6 2.708E-6 4.89468E-6 4.96215E-6 2.77924E-6 4.97723E-6 1.65572E-6 3.19591E-6 3.81414E-6 3.85255E-6 6.54193E-6 3.01531E-6 3.01041E-6 2.2449E-6 2.71275E-6
