catData/rasterBestHybridModels/Pbengalensis/RD_BM01_RM2_L/Pbengalensis_avg.asc
ncols         409
nrows         350
xllcorner     60.897278365
yllcorner     5.843756025
cellsize      0.0892857
NODATA_value  -9999
[rows 0 to 28 of 350, columns 132 to 197 of 409]
-9999 -9999 -9999 -9999 -9999 -9999 -9999 -9999 -9999 -9999 -9999 -9999 -9999 -9999 -9999 -9999 -9999 -9999 -9999 -9999 -9999 1.7943E-4 1.80087E-4 -9999 -9999 -9999 -9999 -9999 -9999 -9999 -9999 -9999 -9999 -9999 -9999 -9999 -9999 -9999 -9999 -9999 -9999 -9999 -9999 -9999 -9999 -9999 -9999 -9999 -9999 -9999 -9999 -9999 -9999 -9999 -9999 -9999 -9999 -9999 -9999 -9999 -9999 -9999 -9999 -9999 -9999 -9999
-9999 -9999 -9999 -9999 -9999 -9999 -9999 -9999 -9999 -9999 -9999 -9999 -9999 -9999 -9999 -9999 -9999 -9999 2.22042E-4 1.89261E-4 2.15549E-4 2.4243E-4 1.80113E-4 2.05676E-4 2.84442E-4 -9999 1.41725E-4 1.79784E-4 1.51083E-4 -9999 -9999 -9999 -9999 -9999 -9999 -9999 -9999 -9999 -9999 -9999 -9999 -9999 -9999 -9999 -9999 -9999 -9999 -9999 -9999 -9999 -9999 -9999 -9999 -9999 -9999 -9999 -9999 -9999 -9999 -9999 -9999 -9999 -9999 -9999 -9999 -9999
-9999 -9999 -9999 -9999 -9999 -9999 -9999 -9999 7.6695E-5 1.07053E-4 1.35726E-4 1.61489E-4 1.44647E-4 1.50017E-4 -9999 -9999 1.71089E-4 1.95118E-4 2.14166E-4 1.91036E-4 1.59693E-4 1.49602E-4 1.62282E-4 2.52037E-4 2.64276E-4 1.40438E-4 1.02374E-4 1.11917E-4 1.33835E-4 1.91184E-4 -9999 -9999 -9999 -9999 -9999 -9999 -9999 -9999 -9999 -9999 -9999 -9999 -9999 -9999 -9999 -9999 -9999 -9999 -9999 -9999 -9999 -9999 -9999 -9999 -9999 -9999 -9999 -9999 -9999 -9999 -9999 -9999 -9999 -9999 -9999 -9999
5.58206E-5 6.19289E-5 6.23111E-5 4.85409E-5 6.31734E-5 8.47346E-5 9.4487E-5 1.18416E-4 1.45018E-4 1.48423E-4 2.06622E-4 2.67441E-4 3.27097E-4 3.01971E-4 1.6999E-4 1.82706E-4 2.19071E-4 1.99325E-4 1.5237E-4 1.69963E-4 1.98378E-4 1.69629E-4 1.31413E-4 1.33939E-4 1.36075E-4 1.35049E-4 1.68355E-4 2.11225E-4 2.06898E-4 1.59967E-4 -9999 -9999 -9999 -9999 -9999 -9999 -9999 -9999 -9999 -9999 -9999 -9999 -9999 -9999 -9999 -9999 -9999 -9999 -9999 -9999 -9999 -9999 -9999 -9999 -9999 -9999 -9999 -9999 -9999 -9999 -9999 -9999 -9999 -9999 -9999 -9999
5.04694E-5 5.9709E-5 4.84729E-5 9.38554E-5 1.96035E-4 2.49932E-4 2.64587E-4 2.1094E-4 1.83374E-4 2.68892E-4 3.70445E-4 3.67337E-4 3.87481E-4 3.78909E-4 2.49275E-4 2.22895E-4 4.22545E-4 4.34914E-4 4.31274E-4 5.3729E-4 4.75668E-4 3.63012E-4 2.37016E-4 1.44901E-4 1.51607E-4 2.73615E-4 2.63767E-4 2.17833E-4 2.20813E-4 1.94931E-4 2.24894E-4 2.40299E-4 2.01098E-4 1.17985E-4 7.41566E-5 -9999 -9999 -9999 -9999 -9999 -9999 -9999 -9999 -9999 -9999 -9999 -9999 -9999 -9999 -9999 -9999 -9999 -9999 -9999 -9999 -9999 -9999 -9999 -9999 -9999 -9999 -9999 -9999 -9999 -9999 -9999
6.07015E-5 5.63078E-5 6.21673E-5 1.27909E-4 1.70783E-4 1.5908E-4 1.61661E-4 1.61843E-4 1.17321E-4 1.98739E-4 2.86565E-4 2.18292E-4 1.87527E-4 1.88365E-4 2.27349E-4 1.82758E-4 3.13273E-4 5.31351E-4 7.92179E-4 8.51602E-4 6.47751E-4 5.36064E-4 5.06227E-4 2.48695E-4 1.7806E-4 2.65476E-4 3.70638E-4 3.20401E-4 2.22547E-4 2.1466E-4 1.7651E-4 1.98561E-4 2.1119E-4 1.85748E-4 1.30138E-4 6.15392E-5 -9999 -9999 -9999 -9999 -9999 -9999 -9999 -9999 -9999 -9999 -9999 -9999 -9999 -9999 -9999 -9999 -9999 -9999 -9999 -9999 -9999 -9999 -9999 -9999 -9999 -9999 -9999 -9999 -9999 -9999
3.49203E-5 4.33544E-5 1.01502E-4 1.55338E-4 1.41421E-4 1.06173E-4 1.04269E-4 1.14431E-4 1.27925E-4 2.62571E-4 3.35991E-4 2.65377E-4 1.40041E-4 1.35595E-4 1.75956E-4 2.76394E-4 4.00998E-4 3.62293E-4 4.79053E-4 8.59045E-4 1.30649E-3 1.01052E-3 6.98346E-4 2.9505E-4 2.35419E-4 2.70699E-4 2.01607E-4 2.27846E-4 2.0471E-4 2.08051E-4 1.63103E-4 1.5013E-4 1.48867E-4 1.64252E-4 1.45864E-4 8.37675E-5 -9999 -9999 -9999 -9999 -9999 -9999 -9999 -9999 -9999 -9999 -9999 -9999 -9999 -9999 -9999 -9999 -9999 -9999 -9999 -9999 -9999 -9999 -9999 -9999 -9999 -9999 -9999 -9999 -9999 -9999
3.86752E-5 7.9604E-5 1.2463E-4 1.41048E-4 1.49774E-4 1.31678E-4 1.01571E-4 8.9857E-5 1.45076E-4 2.84539E-4 3.67876E-4 3.50773E-4 1.60892E-4 1.42015E-4 2.46627E-4 4.03435E-4 3.38152E-4 2.49523E-4 3.18003E-4 7.83028E-4 9.63702E-4 9.62029E-4 1.38984E-3 5.57615E-4 2.1486E-4 3.79982E-4 4.08744E-4 3.69007E-4 2.54559E-4 1.68678E-4 1.1523E-4 1.17952E-4 1.34555E-4 1.4143E-4 1.06566E-4 7.98687E-5 5.60192E-5 -9999 -9999 -9999 -9999 -9999 -9999 -9999 -9999 -9999 -9999 -9999 -9999 -9999 -9999 -9999 -9999 -9999 -9999 -9999 -9999 -9999 -9999 -9999 -9999 -9999 -9999 -9999 -9999 -9999
6.11101E-5 9.33659E-5 1.01323E-4 1.4473E-4 1.7761E-4 1.68688E-4 1.56696E-4 1.09763E-4 2.02872E-4 2.93283E-4 2.48449E-4 3.21533E-4 1.72854E-4 2.02744E-4 3.44075E-4 4.04647E-4 2.55529E-4 1.92082E-4 2.17237E-4 4.15195E-4 4.59113E-4 4.40186E-4 6.06544E-4 4.23835E-4 2.78066E-4 6.82934E-4 1.05134E-3 8.37313E-4 6.82439E-4 3.22849E-4 1.68683E-4 1.36194E-4 1.60895E-4 1.44971E-4 7.95609E-5 6.39794E-5 8.30348E-5 -9999 -9999 -9999 -9999 -9999 -9999 -9999 -9999 -9999 -9999 -9999 -9999 -9999 -9999 -9999 -9999 -9999 -9999 -9999 -9999 -9999 -9999 -9999 -9999 -9999 -9999 -9999 -9999 -9999
5.18598E-5 7.18244E-5 8.25131E-5 1.03737E-4 1.33126E-4 1.36585E-4 1.34224E-4 1.25755E-4 1.673E-4 1.86041E-4 2.2965E-4 2.36485E-4 2.14019E-4 3.19039E-4 4.11087E-4 3.69082E-4 2.54763E-4 1.72202E-4 1.48966E-4 2.25183E-4 2.94931E-4 3.62229E-4 3.5393E-4 2.48766E-4 2.66408E-4 4.07724E-4 7.18324E-4 6.64329E-4 8.83552E-4 5.36652E-4 3.59749E-4 2.08664E-4 1.90049E-4 1.65251E-4 1.09645E-4 8.24756E-5 1.13488E-4 -9999 -9999 -9999 -9999 -9999 -9999 -9999 -9999 -9999 -9999 -9999 -9999 -9999 -9999 -9999 -9999 -9999 -9999 -9999 -9999 -9999 -9999 -9999 -9999 -9999 -9999 -9999 -9999 -9999
4.9493E-5 5.04522E-5 5.79625E-5 6.94592E-5 9.11209E-5 1.09034E-4 1.04797E-4 1.57554E-4 2.28882E-4 2.34727E-4 4.19505E-4 3.03762E-4 2.60207E-4 2.37134E-4 2.4739E-4 2.25954E-4 2.33425E-4 1.74792E-4 1.52741E-4 3.49594E-4 6.87836E-4 8.1545E-4 7.13256E-4 4.14458E-4 3.11729E-4 3.64441E-4 3.2072E-4 2.99596E-4 4.08504E-4 4.08471E-4 4.10694E-4 3.14596E-4 2.66828E-4 2.38526E-4 1.78017E-4 1.36854E-4 -9999 -9999 -9999 -9999 -9999 -9999 -9999 -9999 -9999 -9999 -9999 -9999 -9999 -9999 -9999 -9999 -9999 -9999 -9999 -9999 -9999 -9999 -9999 -9999 -9999 -9999 -9999 -9999 -9999 -9999
7.72269E-5 7.76695E-5 8.99356E-5 8.32204E-5 1.06952E-4 1.6581E-4 1.73739E-4 1.72047E-4 2.75008E-4 3.5948E-4 4.89592E-4 4.36992E-4 2.61967E-4 2.12358E-4 1.85166E-4 1.5134E-4 1.63835E-4 1.58721E-4 1.99056E-4 3.83789E-4 4.30786E-4 4.59578E-4 6.58089E-4 7.61179E-4 6.91255E-4 6.42049E-4 4.1298E-4 3.40469E-4 2.64991E-4 2.45039E-4 2.58659E-4 2.6765E-4 2.61563E-4 2.84627E-4 2.61357E-4 2.13545E-4 2.24065E-4 -9999 -9999 -9999 -9999 -9999 -9999 -9999 -9999 -9999 -9999 -9999 -9999 -9999 -9999 -9999 -9999 -9999 -9999 -9999 -9999 -9999 -9999 -9999 -9999 -9999 -9999 -9999 -9999 -9999
1.23347E-4 1.47376E-4 1.19543E-4 1.16603E-4 1.5603E-4 1.82127E-4 2.0445E-4 2.21844E-4 2.39217E-4 2.96003E-4 3.38783E-4 4.02807E-4 2.76363E-4 2.73639E-4 2.71152E-4 2.25078E-4 1.7849E-4 1.50103E-4 1.63561E-4 2.04618E-4 1.9712E-4 2.90992E-4 2.50976E-4 2.5652E-4 4.33807E-4 6.49004E-4 4.28846E-4 2.5477E-4 2.10664E-4 1.40136E-4 1.37637E-4 1.75452E-4 2.48896E-4 2.75732E-4 3.19836E-4 2.58909E-4 2.03561E-4 1.55955E-4 2.62338E-4 -9999 -9999 -9999 -9999 -9999 -9999 -9999 -9999 -9999 -9999 -9999 -9999 -9999 -9999 -9999 -9999 -9999 -9999 -9999 -9999 -9999 -9999 -9999 -9999 -9999 -9999 -9999
2.02755E-4 1.89786E-4 1.54823E-4 1.46016E-4 1.70555E-4 1.85168E-4 1.70813E-4 1.40364E-4 1.94436E-4 2.57843E-4 2.2962E-4 2.61108E-4 2.75345E-4 2.55729E-4 2.89339E-4 2.97257E-4 2.63565E-4 2.38696E-4 2.24926E-4 1.55338E-4 1.24525E-4 1.77025E-4 1.28834E-4 1.35874E-4 3.02471E-4 5.07843E-4 3.58822E-4 2.40708E-4 1.19216E-4 8.89814E-5 1.08951E-4 1.89878E-4 2.41837E-4 2.38963E-4 2.46766E-4 2.71984E-4 1.60929E-4 2.27587E-4 3.47033E-4 -9999 -9999 -9999 -9999 -9999 -9999 -9999 -9999 -9999 -9999 -9999 -9999 -9999 -9999 -9999 -9999 -9999 -9999 -9999 -9999 -9999 -9999 -9999 -9999 -9999 -9999 -9999
2.22419E-4 1.69524E-4 1.53146E-4 1.51202E-4 1.6175E-4 1.90697E-4 1.40575E-4 7.65718E-5 1.31536E-4 1.84903E-4 1.29952E-4 1.1118E-4 2.0352E-4 1.76246E-4 2.01476E-4 3.0783E-4 3.65328E-4 3.65757E-4 3.08077E-4 2.17912E-4 1.30296E-4 9.44612E-5 9.75302E-5 1.15097E-4 2.35938E-4 3.50633E-4 1.82079E-4 2.21396E-4 2.11677E-4 1.58936E-4 1.25706E-4 2.15796E-4 1.92896E-4 2.22556E-4 2.43412E-4 2.3973E-4 1.61218E-4 2.85564E-4 3.31666E-4 3.43457E-4 2.77762E-4 2.89981E-4 3.36695E-4 -9999 -9999 -9999 -9999 -9999 -9999 -9999 -9999 -9999 -9999 -9999 -9999 -9999 -9999 -9999 -9999 -9999 -9999 -9999 -9999 -9999 -9999 -9999
1.68644E-4 1.57321E-4 1.10416E-4 1.30437E-4 2.01744E-4 2.43027E-4 1.60356E-4 9.10292E-5 8.54423E-5 9.7974E-5 6.60059E-5 1.06543E-4 1.4573E-4 1.16464E-4 1.19415E-4 2.22495E-4 3.30252E-4 3.44772E-4 2.6935E-4 2.24158E-4 1.51142E-4 8.57372E-5 8.69685E-5 1.02419E-4 1.14216E-4 1.84989E-4 1.28938E-4 1.9352E-4 1.69256E-4 1.50661E-4 1.15945E-4 1.15368E-4 1.27523E-4 1.47658E-4 1.761E-4 1.61594E-4 1.47076E-4 2.48223E-4 2.31664E-4 1.643E-4 2.59471E-4 3.02734E-4 3.12471E-4 3.38446E-4 5.26975E-4 -9999 -9999 -9999 -9999 -9999 -9999 -9999 -9999 -9999 -9999 -9999 -9999 -9999 -9999 -9999 -9999 -9999 -9999 -9999 -9999 -9999
1.44931E-4 1.53637E-4 1.11855E-4 1.77222E-4 2.66467E-4 2.7841E-4 2.26961E-4 1.75816E-4 8.94279E-5 7.26391E-5 6.8295E-5 8.04171E-5 8.61215E-5 8.0613E-5 1.1633E-4 1.71709E-4 2.29628E-4 2.96946E-4 2.93774E-4 2.49759E-4 1.48526E-4 8.33318E-5 1.28692E-4 3.16922E-4 2.58249E-4 1.47099E-4 1.20701E-4 1.20381E-4 1.08405E-4 1.16273E-4 1.7095E-4 1.49741E-4 1.82339E-4 3.50358E-4 3.33787E-4 2.69469E-4 2.71286E-4 1.65869E-4 2.13444E-4 4.5072E-4 6.15378E-4 4.76485E-4 5.44571E-4 6.69998E-4 6.12337E-4 5.60739E-4 4.84601E-4 -9999 -9999 -9999 -9999 -9999 -9999 -9999 -9999 -9999 -9999 -9999 -9999 -9999 -9999 -9999 -9999 -9999 -9999 -9999
1.68859E-4 1.484E-4 1.11107E-4 1.90054E-4 1.84139E-4 1.657E-4 1.14687E-4 1.02932E-4 8.7025E-5 6.34007E-5 5.75645E-5 5.13975E-5 4.81022E-5 6.12945E-5 9.77811E-5 1.39756E-4 1.52516E-4 1.87394E-4 2.26324E-4 2.18036E-4 1.25365E-4 9.4899E-5 1.38334E-4 2.44377E-4 4.18408E-4 3.47421E-4 2.52514E-4 1.89622E-4 1.61641E-4 1.50701E-4 2.098E-4 2.70788E-4 1.82097E-4 2.05181E-4 3.04464E-4 4.45603E-4 4.98159E-4 3.30603E-4 3.37766E-4 4.52837E-4 3.48973E-4 2.78319E-4 4.35625E-4 5.65591E-4 4.03055E-4 4.74104E-4 5.93262E-4 3.93694E-4 3.3326E-4 3.96875E-4 -9999 -9999 -9999 -9999 -9999 -9999 -9999 -9999 -9999 -9999 -9999 -9999 -9999 -9999 -9999 -9999
2.60008E-4 1.8716E-4 9.96043E-5 1.07014E-4 1.15943E-4 1.18352E-4 1.53185E-4 1.79417E-4 1.97213E-4 1.61929E-4 1.06017E-4 1.03081E-4 7.27944E-5 6.77628E-5 8.47842E-5 1.11912E-4 1.18107E-4 1.16372E-4 1.02731E-4 9.18317E-5 9.52009E-5 1.55223E-4 3.03876E-4 2.33851E-4 3.27033E-4 4.73562E-4 4.58247E-4 4.05339E-4 3.47909E-4 2.08663E-4 1.81162E-4 2.3536E-4 2.89834E-4 2.12819E-4 2.19187E-4 2.93086E-4 4.36774E-4 3.65038E-4 3.35915E-4 5.50673E-4 3.52863E-4 2.7218E-4 5.04037E-4 6.0108E-4 3.85976E-4 4.22458E-4 5.70784E-4 5.07378E-4 3.66917E-4 3.04471E-4 3.65007E-4 3.95192E-4 4.04976E-4 3.05314E-4 1.84842E-4 1.39964E-4 1.09889E-4 6.98094E-5 -9999 5.41799E-5 -9999 -9999 -9999 -9999 -9999 -9999
2.27096E-4 2.75747E-4 1.89489E-4 2.30569E-4 1.9675E-4 1.41374E-4 1.81929E-4 3.22323E-4 4.41106E-4 3.91218E-4 2.5251E-4 1.81553E-4 1.22179E-4 1.62998E-4 1.74977E-4 1.50237E-4 1.42134E-4 1.38183E-4 1.14095E-4 1.35698E-4 2.52036E-4 5.48088E-4 6.76763E-4 3.83317E-4 2.84734E-4 3.98679E-4 4.3199E-4 4.78307E-4 3.90011E-4 3.10551E-4 2.83257E-4 2.2611E-4 2.07272E-4 2.29057E-4 2.31346E-4 2.57318E-4 3.19125E-4 3.43166E-4 2.3831E-4 3.87935E-4 4.2755E-4 2.8309E-4 5.69081E-4 5.71226E-4 3.58789E-4 3.46687E-4 4.62305E-4 6.6779E-4 6.29585E-4 3.59817E-4 2.59996E-4 3.78404E-4 4.803E-4 3.7354E-4 2.10786E-4 1.2269E-4 7.81676E-5 6.14438E-5 5.49177E-5 -9999 -9999 -9999 -9999 -9999 -9999 -9999
2.49499E-4 2.44202E-4 2.16589E-4 2.23707E-4 1.66268E-4 1.38264E-4 1.66119E-4 2.02267E-4 3.09163E-4 3.15584E-4 2.8441E-4 2.1625E-4 1.79932E-4 2.24802E-4 2.25323E-4 2.00869E-4 1.96249E-4 1.88934E-4 1.69646E-4 2.55811E-4 5.24903E-4 7.8796E-4 4.6056E-4 2.92232E-4 2.50307E-4 3.91355E-4 4.17525E-4 3.88228E-4 3.4068E-4 3.53646E-4 4.0649E-4 3.70014E-4 2.77617E-4 3.11514E-4 2.96575E-4 2.05704E-4 1.91273E-4 2.66797E-4 2.62107E-4 2.62004E-4 3.59465E-4 3.01994E-4 3.91748E-4 4.55571E-4 3.21598E-4 3.28135E-4 4.54074E-4 6.27674E-4 7.23035E-4 4.27054E-4 2.13431E-4 2.51637E-4 3.80028E-4 4.18357E-4 3.42555E-4 1.83875E-4 9.38908E-5 8.88634E-5 7.87264E-5 -9999 -9999 -9999 -9999 -9999 -9999 -9999
3.01079E-4 2.22216E-4 1.08545E-4 1.0909E-4 1.09117E-4 1.47698E-4 1.98985E-4 2.23895E-4 2.66694E-4 2.78068E-4 2.38546E-4 1.92404E-4 1.97357E-4 2.49728E-4 2.66563E-4 2.29005E-4 2.36621E-4 2.31165E-4 2.44352E-4 3.79436E-4 5.53683E-4 4.41335E-4 2.70129E-4 1.89065E-4 2.63552E-4 2.46232E-4 2.42681E-4 2.93023E-4 3.18784E-4 3.8733E-4 4.27014E-4 4.34517E-4 3.75364E-4 3.99597E-4 3.38015E-4 1.98597E-4 1.40361E-4 1.74492E-4 2.4785E-4 3.44987E-4 4.24828E-4 3.54091E-4 3.06267E-4 3.76874E-4 3.50226E-4 4.3338E-4 4.6063E-4 5.75085E-4 6.89445E-4 5.14492E-4 2.32274E-4 2.47357E-4 3.37747E-4 4.03345E-4 4.36562E-4 2.47763E-4 1.34277E-4 1.30132E-4 1.09424E-4 8.44112E-5 -9999 -9999 -9999 -9999 -9999 -9999
2.61495E-4 1.81721E-4 9.20774E-5 7.5511E-5 9.23882E-5 1.42492E-4 2.13742E-4 3.14926E-4 3.27063E-4 3.34016E-4 2.17536E-4 1.83297E-4 1.7062E-4 2.11573E-4 2.05042E-4 2.33914E-4 2.41106E-4 2.58723E-4 2.66395E-4 3.01386E-4 3.59483E-4 3.19294E-4 2.32448E-4 1.70934E-4 2.33431E-4 2.70605E-4 2.07862E-4 2.15215E-4 2.41281E-4 2.63591E-4 2.63769E-4 2.87474E-4 3.24801E-4 3.50115E-4 3.09333E-4 2.24705E-4 1.40193E-4 1.63251E-4 2.48505E-4 4.49903E-4 5.99027E-4 4.77983E-4 3.18568E-4 3.70331E-4 5.02027E-4 5.2507E-4 5.56088E-4 6.94493E-4 8.09964E-4 7.73659E-4 3.94953E-4 2.2924E-4 2.37477E-4 3.6891E-4 3.4161E-4 2.53962E-4 1.58972E-4 1.00678E-4 9.11992E-5 8.75485E-5 -9999 -9999 -9999 -9999 -9999 -9999
1.77137E-4 1.22454E-4 9.18168E-5 8.49486E-5 1.07074E-4 1.48845E-4 1.76134E-4 2.08717E-4 2.46548E-4 2.75764E-4 1.97545E-4 1.34168E-4 1.56857E-4 1.70699E-4 1.53869E-4 1.90321E-4 1.69284E-4 1.74792E-4 1.8977E-4 1.52526E-4 1.92033E-4 2.13347E-4 2.02302E-4 1.80185E-4 1.46386E-4 2.02812E-4 1.97451E-4 1.6338E-4 1.69189E-4 1.71334E-4 1.75344E-4 2.11249E-4 2.7492E-4 3.24858E-4 3.39017E-4 2.70937E-4 1.78873E-4 1.79556E-4 1.8359E-4 2.37075E-4 4.16616E-4 5.27186E-4 3.0888E-4 2.87539E-4 4.92109E-4 6.01689E-4 6.67892E-4 8.41729E-4 8.40494E-4 7.26365E-4 5.63071E-4 3.56047E-4 1.686E-4 1.8478E-4 1.9875E-4 2.33499E-4 1.89524E-4 9.54818E-5 7.93499E-5 7.20367E-5 8.0318E-5 -9999 -9999 -9999 -9999 -9999
1.34684E-4 1.14508E-4 9.4781E-5 1.02025E-4 1.37382E-4 2.04139E-4 1.97051E-4 1.72889E-4 2.01319E-4 1.6908E-4 1.40923E-4 1.55136E-4 1.73696E-4 2.13787E-4 2.23535E-4 2.10966E-4 1.40234E-4 1.31636E-4 1.35667E-4 1.04417E-4 1.42541E-4 1.66884E-4 1.98405E-4 1.64655E-4 1.28031E-4 1.57811E-4 1.53402E-4 1.38575E-4 1.32035E-4 1.43327E-4 1.45172E-4 1.73058E-4 2.28944E-4 2.61532E-4 2.75494E-4 2.55277E-4 2.62625E-4 2.40201E-4 1.79928E-4 1.43083E-4 2.77154E-4 4.12978E-4 3.25767E-4 3.14787E-4 4.17467E-4 4.80154E-4 5.06722E-4 5.77845E-4 5.48073E-4 4.36567E-4 3.68954E-4 4.65798E-4 2.60507E-4 1.19541E-4 1.53856E-4 2.52152E-4 2.69227E-4 2.1522E-4 1.65874E-4 1.07744E-4 7.82243E-5 -9999 -9999 -9999 -9999 -9999
1.17912E-4 1.12711E-4 1.11498E-4 1.15735E-4 1.41621E-4 2.00795E-4 2.18729E-4 2.21852E-4 1.72987E-4 1.2552E-4 1.68445E-4 2.91244E-4 3.10603E-4 3.5522E-4 2.74781E-4 2.07062E-4 1.31813E-4 1.14308E-4 1.05042E-4 9.84049E-5 1.19266E-4 1.36072E-4 1.58659E-4 1.4955E-4 1.44084E-4 1.29767E-4 1.03201E-4 9.58729E-5 9.83464E-5 1.08441E-4 1.40519E-4 1.72948E-4 1.72841E-4 1.62548E-4 2.16507E-4 2.62185E-4 3.50468E-4 3.16073E-4 2.10724E-4 1.37551E-4 2.29966E-4 3.18608E-4 4.18188E-4 4.76241E-4 5.85245E-4 5.58825E-4 4.34342E-4 3.63506E-4 3.07607E-4 2.37055E-4 2.29012E-4 3.08658E-4 2.87635E-4 1.4853E-4 1.00226E-4 2.02295E-4 3.24357E-4 3.98987E-4 2.92191E-4 1.86964E-4 1.09644E-4 7.677E-5 -9999 -9999 -9999 -9999
1.04944E-4 1.09421E-4 1.35213E-4 1.59052E-4 1.60401E-4 1.71507E-4 1.69128E-4 1.78986E-4 1.1707E-4 8.92458E-5 1.61037E-4 3.63097E-4 3.32675E-4 3.0829E-4 1.86791E-4 1.70158E-4 1.3739E-4 1.38777E-4 1.16027E-4 1.20452E-4 1.55015E-4 1.60623E-4 1.44275E-4 1.5067E-4 1.44291E-4 1.16172E-4 1.18949E-4 1.33073E-4 1.10758E-4 9.02732E-5 9.98491E-5 1.21792E-4 1.54884E-4 1.59162E-4 1.86963E-4 2.28566E-4 3.56614E-4 3.6188E-4 2.19884E-4 1.7987E-4 1.9339E-4 2.7421E-4 2.73749E-4 3.85474E-4 4.71746E-4 5.66059E-4 5.01007E-4 3.86669E-4 3.92986E-4 2.54604E-4 1.71994E-4 1.40111E-4 1.3752E-4 1.34524E-4 9.01981E-5 1.60401E-4 3.07138E-4 4.34596E-4 3.24229E-4 2.05328E-4 1.26292E-4 9.47816E-5 -9999 -9999 -9999 -9999
9.37403E-5 1.08604E-4 1.40225E-4 1.72508E-4 1.65564E-4 1.31124E-4 1.13359E-4 1.12771E-4 1.04058E-4 1.17258E-4 2.55776E-4 3.48211E-4 2.62575E-4 2.67028E-4 1.86921E-4 2.08821E-4 1.62043E-4 1.26618E-4 1.11218E-4 1.41517E-4 1.97381E-4 2.14536E-4 1.90824E-4 1.75188E-4 1.49338E-4 1.19873E-4 1.17469E-4 1.43799E-4 1.38233E-4 1.12534E-4 1.17695E-4 1.23924E-4 1.3709E-4 1.63184E-4 1.75335E-4 2.05448E-4 2.53085E-4 2.7248E-4 2.26376E-4 3.16504E-4 2.54547E-4 1.91073E-4 1.7826E-4 1.98732E-4 2.57615E-4 4.0878E-4 4.49133E-4 4.38462E-4 4.42174E-4 2.75479E-4 2.3069E-4 1.367E-4 1.23407E-4 1.08974E-4 1.09539E-4 1.32731E-4 2.70533E-4 4.10261E-4 4.72647E-4 3.45716E-4 2.06129E-4 1.15411E-4 1.38833E-4 1.5159E-4 -9999 -9999
1.07131E-4 9.77375E-5 1.1432E-4 1.36737E-4 1.40973E-4 1.44957E-4 1.39506E-4 1.24704E-4 1.48534E-4 1.66223E-4 2.23621E-4 2.81047E-4 1.92868E-4 2.19227E-4 2.55383E-4 1.75596E-4 1.26721E-4 9.70409E-5 1.04306E-4 1.30791E-4 1.91026E-4 2.51795E-4 2.69929E-4 2.86596E-4 2.38345E-4 1.74315E-4 1.22141E-4 1.07445E-4 1.03687E-4 1.1695E-4 1.55624E-4 1.59773E-4 2.00654E-4 2.5968E-4 3.07495E-4 3.76035E-4 2.83871E-4 3.66869E-4 2.79205E-4 2.36011E-4 2.58529E-4 2.21948E-4 1.5891E-4 1.244E-4 1.3228E-4 2.40057E-4 3.42529E-4 3.93683E-4 3.73901E-4 2.81342E-4 2.40767E-4 2.34826E-4 2.6072E-4 1.54206E-4 1.4459E-4 1.42814E-4 1.93905E-4 3.71074E-4 4.95044E-4 4.66956E-4 3.24202E-4 1.45304E-4 1.5479E-4 1.95533E-4 2.12501E-4 1.28702E-4
