catData/rasterBestHybridModels/Pbengalensis/RD_BM01_RM2_L/Pbengalensis_min.asc
ncols         409
nrows         350
xllcorner     60.897278365
yllcorner     5.843756025
cellsize      0.0892857
NODATA_value  -9999
[rows 203 to 231 of 350, columns 132 to 197 of 409]
-9999 -9999 -9999 3.44436E-6 5.38436E-6 2.64295E-6 1.41132E-5 2.77324E-5 6.88684E-5 3.656E-5 9.23376E-7 2.98098E-6 6.79808E-7 1.07562E-6 2.03712E-6 8.91599E-6 5.16639E-6 9.9995E-6 1.10044E-5 5.20267E-6 5.3914E-6 4.57526E-5 4.17328E-6 1.66644E-6 4.35453E-7 3.92242E-6 2.66118E-6 1.17131E-5 4.58109E-5 1.37097E-5 1.66743E-5 6.87548E-6 3.26186E-6 1.0896E-6 2.37234E-6 1.23264E-6 4.16988E-8 5.63718E-8 1.24199E-6 1.09965E-7 4.63727E-7 1.06166E-6 1.04354E-5 2.72624E-9 1.11239E-7 1.79441E-7 2.27129E-7 9.38536E-7 9.80893E-7 7.39556E-8 7.7104E-7 2.02026E-6 1.14921E-7 1.3042E-7 4.80256E-7 7.86947E-6 4.15504E-7 1.11207E-9 1.87096E-8 5.8459E-6 3.09838E-5 3.2706E-8 5.17845E-5 3.72388E-5 2.24155E-5 1.55436E-5
-9999 -9999 1.33586E-4 4.15991E-6 1.51795E-6 2.01965E-5 3.44857E-5 1.70087E-5 8.70969E-5 1.84432E-6 2.20856E-6 6.94478E-8 8.13041E-7 1.92079E-6 1.01137E-5 3.94789E-6 1.01735E-6 1.79382E-5 1.24404E-5 1.4324E-5 1.67522E-5 5.6295E-5 2.29912E-5 1.52302E-5 1.37177E-5 2.7796E-6 2.58471E-6 9.78052E-6 5.12007E-5 3.32206E-5 4.12648E-5 9.35293E-6 2.12691E-6 1.95878E-6 2.03577E-6 4.67525E-6 1.13169E-7 2.173E-9 6.15347E-8 2.99762E-8 2.77673E-7 5.93974E-7 2.74188E-6 5.70916E-6 7.65716E-8 1.02126E-8 2.0758E-6 1.27498E-6 2.42784E-7 1.75745E-8 1.26123E-6 1.77214E-5 8.80843E-6 7.76682E-8 1.87807E-6 4.38158E-7 1.36446E-8 5.35154E-10 1.61377E-6 5.7333E-7 4.36288E-5 1.32535E-6 2.08188E-6 2.2129E-7 9.56721E-6 1.12095E-6
-9999 -9999 1.53159E-5 2.12475E-9 1.27358E-6 2.66889E-6 5.96516E-6 1.24132E-5 4.75251E-6 5.48146E-6 7.41319E-6 1.72354E-5 4.57583E-6 1.32695E-6 4.75524E-6 9.41616E-6 3.42399E-6 8.00878E-7 2.17146E-6 1.92308E-5 4.77451E-5 4.55944E-5 3.38102E-5 2.2152E-5 2.74317E-5 2.17869E-5 1.39389E-7 3.22759E-7 5.41991E-5 3.55648E-5 5.12246E-6 2.99453E-6 6.4525E-6 4.07644E-6 3.36632E-7 8.17869E-6 3.94592E-5 2.67733E-6 7.99075E-8 1.03865E-7 2.65714E-7 6.09022E-8 4.39968E-7 4.13613E-7 2.44719E-9 1.64603E-7 9.55466E-8 1.14275E-5 2.96138E-6 1.72155E-6 1.19673E-5 2.03402E-5 8.87101E-7 2.70773E-6 5.54464E-6 7.54038E-8 1.99868E-9 3.12499E-9 3.25184E-7 3.13051E-5 4.56725E-5 1.30844E-6 1.89786E-7 3.88269E-7 2.25168E-6 1.34859E-5
-9999 -9999 3.63136E-5 5.5003E-6 1.31029E-6 3.56764E-6 3.09423E-6 3.85232E-5 1.13582E-4 8.83405E-7 3.26849E-5 3.08084E-6 1.51451E-4 8.9827E-6 2.96365E-5 3.30223E-6 1.13092E-6 3.89691E-6 1.09297E-6 2.60539E-6 1.54772E-5 3.12344E-5 3.36706E-5 2.46792E-6 1.22509E-5 3.16424E-5 6.69128E-5 1.46178E-6 1.22766E-5 2.51197E-5 1.47126E-5 9.39686E-7 6.19457E-7 6.39998E-7 1.43979E-7 2.63549E-7 1.40103E-7 1.08921E-7 1.65216E-8 5.22872E-9 6.00702E-9 3.29577E-7 9.98369E-9 1.51329E-6 1.63779E-6 2.01242E-7 6.76078E-8 6.52538E-7 7.19742E-7 8.39134E-8 3.34664E-7 9.85837E-6 6.13954E-7 1.56315E-6 2.06017E-7 2.55399E-5 6.12079E-7 1.22955E-5 6.47815E-5 5.84807E-5 3.29316E-5 6.13235E-5 4.83095E-7 7.01104E-6 2.71316E-5 2.04955E-5
-9999 -9999 1.17659E-4 1.87326E-6 1.05866E-5 6.76234E-7 5.74772E-5 2.79027E-5 1.03045E-4 2.32615E-6 1.53239E-7 3.4757E-6 4.59777E-5 1.71216E-4 1.59652E-5 1.77754E-5 1.11901E-5 1.2128E-5 6.9816E-6 4.86097E-5 1.1079E-5 1.87294E-5 5.51268E-7 2.88809E-6 7.0025E-6 2.11529E-5 1.67382E-5 4.45139E-5 1.23547E-6 3.82166E-6 1.15131E-5 4.07457E-5 3.67555E-5 7.73904E-6 8.6043E-6 2.50163E-7 1.72195E-8 2.6292E-8 1.73348E-6 5.93078E-7 7.88317E-7 2.44946E-5 1.08571E-6 3.14412E-7 4.3055E-7 2.25999E-7 4.41268E-7 9.48367E-7 2.20924E-6 2.7554E-9 2.78187E-6 7.11398E-6 1.23044E-6 7.26142E-8 1.20975E-7 3.89951E-8 8.54666E-6 5.20648E-5 4.95241E-5 5.38176E-5 5.77856E-5 4.9383E-5 3.9112E-6 7.00204E-6 3.13243E-5 2.28143E-5
-9999 -9999 1.11444E-4 5.61318E-5 1.06747E-4 4.33662E-5 1.33331E-6 3.58661E-6 9.8042E-5 9.239E-5 1.42683E-6 1.61571E-5 1.3988E-5 6.63718E-6 6.62808E-6 2.26371E-5 8.3291E-6 1.56396E-5 3.51669E-6 2.99438E-5 9.97788E-5 4.55265E-6 8.80782E-7 1.50249E-5 1.08512E-5 2.90795E-5 1.01021E-5 3.96705E-5 2.29174E-6 1.99594E-6 2.88624E-5 1.35762E-5 4.02557E-5 1.09154E-5 9.14211E-7 6.50452E-7 2.20004E-7 1.73616E-7 1.02441E-6 6.93452E-8 9.2296E-8 1.53886E-7 1.09035E-5 4.80123E-5 5.15292E-6 3.08155E-6 1.83924E-7 3.43904E-7 9.50912E-8 3.6676E-6 1.94404E-6 1.58707E-7 1.21313E-8 1.19811E-7 1.82161E-9 2.15754E-8 4.73439E-7 4.76841E-5 2.42036E-5 7.54304E-6 4.78558E-6 3.22864E-6 4.01482E-5 3.84996E-5 1.40424E-5 1.26744E-5
-9999 -9999 7.83218E-5 4.47345E-5 3.29802E-6 9.02071E-5 1.26261E-5 1.943E-5 5.8614E-5 7.74635E-5 4.33636E-6 2.39288E-5 2.93303E-7 1.35096E-7 2.25383E-5 3.82437E-5 1.34902E-5 8.65139E-6 1.0518E-5 2.6769E-6 2.13387E-6 1.49291E-7 4.02971E-7 2.21121E-5 7.64052E-6 4.16318E-5 2.48731E-6 2.89742E-6 2.99395E-6 1.22937E-6 1.20297E-6 1.57975E-5 7.49802E-6 1.94575E-5 1.03649E-5 2.56135E-6 2.3867E-7 1.74132E-7 3.65322E-6 4.55247E-7 1.37327E-7 1.51508E-8 3.10012E-8 3.20836E-6 2.78323E-5 4.64683E-6 9.31587E-7 3.61044E-8 2.55328E-7 8.79562E-7 2.66462E-5 3.56636E-6 4.30141E-7 1.77846E-6 7.67442E-9 6.34582E-9 6.95486E-8 6.20972E-6 6.71647E-5 4.91537E-5 1.9659E-6 1.99818E-7 4.87527E-6 5.18323E-6 1.33366E-6 4.24575E-5
-9999 -9999 -9999 1.24512E-4 2.44897E-5 2.35764E-6 1.77582E-5 1.12066E-5 1.75229E-5 6.43405E-6 4.44675E-7 2.11089E-6 8.01915E-8 1.93335E-7 2.73068E-6 2.6728E-5 4.7197E-5 3.91197E-6 4.53457E-5 1.99239E-5 5.66563E-5 7.72751E-6 2.65408E-5 1.98999E-5 9.08523E-6 3.5427E-6 5.24819E-6 2.19612E-6 8.86616E-6 4.63229E-6 1.42111E-6 2.45719E-6 5.74498E-7 7.96718E-6 2.20277E-5 3.77162E-5 9.84421E-6 4.47038E-6 2.5964E-6 2.10583E-7 1.76152E-7 2.54476E-7 1.7337E-6 6.52692E-7 2.06471E-6 3.06145E-7 3.5948E-6 1.21568E-6 3.35388E-7 1.52108E-6 5.6641E-8 6.62768E-7 1.04011E-8 3.02876E-7 5.18413E-7 1.81252E-6 2.38891E-7 2.26013E-8 5.78043E-5 5.63507E-5 4.17605E-5 3.02178E-6 1.20659E-7 1.97021E-6 1.13514E-7 4.70458E-7
-9999 -9999 -9999 -9999 2.11403E-5 3.29522E-6 5.7108E-5 8.92852E-6 6.21869E-6 1.23003E-5 8.69187E-7 2.01607E-5 8.63323E-6 1.77621E-8 6.54548E-6 1.40114E-5 8.42472E-6 1.04625E-6 2.55517E-5 1.52034E-5 4.3012E-5 4.44474E-6 2.028E-6 4.09531E-6 1.1447E-5 9.80789E-6 3.27956E-5 4.64003E-6 1.48816E-7 7.89967E-7 2.44895E-6 1.63638E-6 3.64577E-5 1.01929E-5 9.06289E-7 2.22055E-6 8.90587E-6 6.23728E-6 1.96252E-6 6.55109E-7 5.08871E-7 2.88638E-8 7.04004E-7 3.85868E-7 1.99052E-7 1.27935E-7 4.26824E-6 1.05237E-6 3.96611E-8 4.95449E-8 8.70065E-8 1.2697E-9 1.33577E-6 7.61844E-7 4.42263E-5 4.32222E-7 6.26001E-7 2.02153E-6 1.83441E-5 2.88921E-5 2.15155E-5 3.73982E-5 5.48039E-6 1.40605E-5 1.5171E-6 1.88976E-7
-9999 -9999 -9999 7.78684E-5 2.8964E-5 5.77024E-5 3.49633E-5 1.5021E-5 2.12611E-7 6.9711E-5 3.29656E-5 6.05199E-6 1.94706E-8 1.57975E-7 9.52611E-6 1.67661E-5 2.97703E-6 1.72257E-5 1.7512E-5 8.90219E-6 2.96768E-5 2.5883E-5 2.23216E-5 1.70498E-5 4.18148E-6 2.85908E-6 5.3098E-6 4.08831E-5 4.08577E-7 3.15633E-6 4.38114E-5 3.81657E-6 2.63675E-7 2.0421E-6 7.92882E-7 9.12881E-6 4.91582E-7 3.99799E-6 1.51788E-6 6.0075E-9 2.28309E-8 6.78575E-7 2.39776E-7 1.12062E-7 1.07943E-6 2.13066E-8 6.4946E-7 3.75449E-7 6.85861E-8 1.12936E-8 9.15175E-7 8.25208E-8 7.45993E-9 3.80351E-7 2.46347E-5 8.64835E-7 1.06473E-8 6.61121E-9 5.13882E-7 3.26943E-5 1.45491E-5 4.06607E-6 8.85617E-6 8.47789E-6 7.15463E-8 2.67071E-7
-9999 -9999 -9999 -9999 6.64568E-5 6.22229E-5 1.50893E-6 6.34352E-6 8.88467E-6 8.24645E-7 2.36121E-5 3.26743E-5 1.85507E-8 6.66269E-8 1.69449E-6 1.06373E-5 3.58952E-6 1.27543E-6 1.11232E-5 1.86854E-5 5.78602E-5 6.56929E-5 4.96923E-5 3.2682E-6 6.1272E-6 7.53631E-7 8.2958E-6 4.48764E-6 1.17191E-6 1.06688E-5 1.16444E-5 1.48067E-6 2.08564E-7 1.19946E-5 4.45539E-8 3.75428E-6 1.86244E-5 2.05426E-5 1.42849E-5 4.92099E-6 1.65449E-7 1.44101E-6 2.49062E-6 1.203E-7 4.93611E-7 2.68318E-6 3.59204E-6 2.71745E-6 1.05357E-7 6.0241E-8 1.2067E-8 3.25387E-6 1.27284E-7 4.51757E-8 1.1373E-7 3.75927E-6 1.86197E-6 1.4721E-9 8.26836E-9 1.94753E-7 7.00234E-9 7.38849E-6 6.90363E-7 6.19298E-7 7.1961E-6 3.43238E-7
-9999 -9999 -9999 -9999 7.186E-5 5.5023E-5 2.612E-6 4.53319E-7 6.54035E-7 1.20587E-5 1.45354E-4 5.01233E-5 5.21134E-6 1.57511E-6 6.46213E-7 1.07868E-5 1.7182E-5 1.90772E-5 2.14201E-5 3.99035E-6 6.29962E-6 1.07989E-6 7.99842E-6 3.71966E-7 3.56556E-7 3.90655E-7 1.82799E-6 1.03113E-5 1.8773E-6 2.13384E-7 5.31669E-8 8.88981E-7 6.54739E-7 3.21763E-8 3.40642E-6 4.90832E-6 6.83763E-6 5.18704E-5 5.42696E-6 1.99564E-5 1.01908E-5 1.90661E-6 1.87086E-7 2.42073E-7 1.21522E-7 4.6155E-7 1.1829E-7 5.47357E-8 1.56125E-6 1.63063E-7 3.46204E-9 2.49848E-6 6.57456E-8 7.97108E-7 5.72637E-8 5.0975E-6 2.97704E-6 9.83859E-8 6.56869E-9 3.12557E-9 4.32272E-8 4.23246E-6 9.89045E-7 1.84532E-8 2.37962E-7 2.21581E-7
-9999 -9999 -9999 -9999 1.70945E-4 1.56284E-4 3.02423E-7 2.35661E-7 1.23668E-6 1.77432E-4 2.24394E-4 6.32977E-5 1.11805E-6 3.20759E-6 1.22431E-5 3.01992E-7 2.69282E-6 7.66919E-6 2.43173E-5 6.02611E-6 1.34123E-6 1.54859E-8 1.75144E-7 1.56629E-6 3.82266E-6 1.46026E-6 2.76329E-6 1.34768E-5 4.12129E-7 4.6503E-7 1.82639E-6 1.62648E-6 1.91169E-5 1.81614E-7 6.49571E-6 9.95333E-7 4.08854E-6 1.5971E-5 1.11417E-5 5.16965E-5 1.46522E-5 5.09146E-7 3.14519E-8 1.15367E-6 5.05969E-6 5.82411E-8 4.19288E-8 3.61702E-7 1.66249E-7 6.51455E-8 4.4105E-7 4.7503E-6 6.96785E-7 3.25E-7 3.82451E-9 1.1454E-8 1.67776E-7 1.90172E-6 2.22143E-8 1.45648E-8 5.74214E-8 2.6569E-6 1.10515E-5 9.95867E-6 1.11183E-9 1.52299E-9
-9999 -9999 -9999 -9999 1.69325E-4 1.7688E-4 2.51357E-6 5.53041E-8 1.18059E-6 4.04651E-5 1.60846E-4 4.77368E-5 2.21558E-6 3.10657E-6 1.62842E-5 6.25216E-6 4.42326E-6 5.21143E-6 6.82572E-6 3.7085E-6 9.87155E-6 3.37893E-6 1.87016E-5 5.46203E-6 1.28602E-5 2.7972E-6 4.89332E-7 1.685E-6 2.9325E-6 3.15032E-6 1.69801E-6 2.10701E-5 7.74026E-6 1.07897E-6 2.59311E-6 1.47553E-5 8.537E-7 9.53823E-6 3.73407E-6 2.22912E-5 1.13382E-6 5.48631E-6 1.79749E-5 1.30154E-5 9.13701E-7 3.24647E-8 3.1489E-8 1.42936E-8 5.04802E-9 1.56142E-6 1.19247E-6 2.83036E-7 3.70239E-6 9.6338E-7 1.10131E-6 1.55649E-7 1.92073E-7 1.77113E-7 1.76839E-5 1.5088E-8 3.8277E-8 7.35747E-6 8.77201E-7 2.2943E-5 2.10531E-7 1.4102E-9
-9999 -9999 -9999 -9999 -9999 6.99707E-5 5.27916E-6 1.65781E-7 2.68859E-7 7.98595E-7 1.85742E-4 1.23359E-4 1.67063E-4 6.90242E-7 3.01028E-7 6.43212E-7 8.97117E-6 5.07718E-7 3.08985E-6 1.25254E-5 3.74981E-6 1.77715E-6 7.18937E-5 8.07745E-5 7.05548E-5 1.72979E-5 1.45216E-6 8.35135E-6 7.42291E-6 8.79098E-6 3.20425E-6 2.75737E-5 4.22051E-6 1.96693E-6 6.72867E-6 6.68875E-6 7.49185E-5 3.46335E-6 1.79834E-6 8.85078E-9 4.58686E-7 6.72558E-7 1.67258E-8 3.51736E-7 2.37467E-6 1.67905E-7 9.28532E-8 4.07007E-8 5.55513E-8 5.28709E-7 8.82633E-7 6.51666E-7 1.1956E-7 5.97054E-6 4.99801E-7 1.84076E-6 8.48099E-8 9.57953E-7 2.64687E-8 2.73507E-7 4.77243E-7 2.46411E-8 1.94825E-7 1.1284E-6 5.98011E-10 3.66465E-8
-9999 -9999 -9999 -9999 -9999 4.5386E-5 1.30305E-5 1.46332E-5 4.64185E-5 5.90382E-6 2.46527E-6 1.50123E-4 1.18826E-4 4.7531E-5 2.55779E-6 6.83644E-7 3.47579E-5 1.61819E-6 7.68588E-6 2.13183E-6 5.43026E-6 2.64593E-5 3.54949E-5 3.87808E-5 2.04454E-5 3.40978E-5 6.46189E-6 2.01434E-6 3.07324E-6 4.44263E-8 7.68241E-6 1.66245E-6 9.60719E-7 7.96882E-6 1.55501E-5 1.22817E-5 7.37909E-6 1.84969E-7 2.98537E-6 7.39907E-9 2.01633E-7 9.38534E-6 6.22823E-7 1.2181E-7 2.73759E-5 1.46575E-8 1.0295E-8 5.82806E-9 7.96551E-8 1.69816E-8 3.50133E-7 2.9832E-8 7.2079E-6 2.49367E-6 1.12614E-5 6.56967E-7 7.02634E-6 3.31026E-8 7.95129E-8 1.3999E-6 2.94263E-6 2.24918E-5 1.15155E-7 1.86234E-6 9.27764E-7 1.7659E-9
-9999 -9999 -9999 -9999 -9999 1.68274E-4 1.92693E-5 4.23264E-5 1.37272E-6 1.70052E-6 7.35416E-6 2.17475E-4 1.26413E-4 5.81047E-6 3.41859E-7 1.32934E-5 2.06809E-6 8.05461E-7 5.95415E-6 1.99895E-6 1.02041E-5 8.36137E-6 2.69939E-5 4.62703E-5 3.58555E-5 3.4797E-5 2.45603E-5 1.9794E-5 5.71182E-6 1.44523E-5 1.77383E-5 6.31787E-7 2.82191E-6 1.20686E-6 3.25343E-5 1.21156E-6 4.9929E-7 2.07092E-7 3.46415E-8 2.35484E-7 1.61575E-7 1.48673E-6 1.73032E-6 1.81586E-8 7.02711E-8 7.35376E-7 3.20429E-6 6.1494E-7 4.66694E-6 5.78778E-8 1.07739E-9 1.12133E-7 6.71331E-6 9.55058E-8 3.7079E-6 2.24911E-6 6.84756E-8 1.0533E-7 1.96134E-8 5.78691E-8 7.07054E-7 3.4083E-7 2.49312E-7 5.88767E-5 1.0946E-4 1.76617E-6
-9999 -9999 -9999 -9999 -9999 -9999 1.74418E-6 7.1949E-5 2.3597E-5 1.67107E-5 1.79489E-4 1.96064E-4 8.64684E-5 3.19414E-7 7.06252E-5 4.01441E-5 2.91488E-6 1.56373E-6 6.56569E-7 6.69093E-6 1.45667E-5 4.2379E-5 2.16185E-5 4.79107E-5 3.82924E-5 3.37064E-5 2.45354E-5 2.88328E-5 9.88743E-7 5.15439E-5 4.25259E-5 9.80121E-7 1.76326E-5 8.64989E-7 4.92312E-7 3.33923E-6 2.71296E-7 5.61023E-7 3.01893E-8 4.91843E-7 3.83013E-7 3.8373E-7 2.79989E-7 2.55754E-7 2.88507E-8 6.87953E-8 3.07107E-7 1.70333E-7 1.46036E-6 4.29625E-6 1.88442E-7 3.74037E-8 1.06314E-6 6.35359E-7 3.45575E-6 2.19124E-7 2.14003E-7 2.0672E-8 1.12377E-8 1.49404E-7 4.67345E-7 7.99348E-7 9.75355E-7 3.32045E-5 1.1449E-4 1.07744E-4
-9999 -9999 -9999 -9999 -9999 -9999 2.60029E-5 3.20658E-5 1.05239E-4 5.02989E-6 8.37553E-5 2.0793E-4 8.28359E-5 2.0803E-7 7.8441E-6 1.26151E-4 7.50352E-5 1.59418E-6 4.11507E-8 5.20993E-7 1.31452E-9 1.15761E-6 1.02275E-5 3.21266E-6 3.02618E-5 3.17739E-5 5.01449E-5 4.70954E-5 4.13277E-6 3.24135E-5 1.36738E-5 1.84962E-5 1.63618E-6 6.73662E-6 1.3519E-6 1.29735E-6 6.71788E-7 2.08194E-8 2.295E-6 1.05982E-6 1.81347E-5 1.97656E-5 4.78093E-7 4.59217E-8 4.12682E-8 2.91664E-8 2.91497E-7 3.62833E-7 9.97765E-8 8.0975E-7 2.18701E-5 1.14313E-5 2.33773E-6 3.27342E-6 2.19792E-7 6.35285E-7 9.15864E-9 1.83642E-8 6.29323E-8 5.56437E-7 2.31467E-7 1.91859E-6 7.39485E-6 6.67305E-6 6.24095E-5 3.79505E-5
-9999 -9999 -9999 -9999 -9999 -9999 3.37967E-5 6.61937E-5 6.34211E-5 1.58863E-4 1.75018E-4 2.01593E-4 1.59045E-4 1.71194E-5 6.37794E-8 2.38519E-7 4.09551E-5 9.48074E-6 2.47832E-7 2.52926E-8 1.13997E-8 3.96888E-6 2.34054E-7 1.96221E-6 5.35316E-7 1.06176E-5 3.92437E-5 4.72598E-5 3.45513E-5 3.1292E-5 3.70163E-5 2.10728E-5 1.83851E-5 1.77904E-5 1.48682E-5 6.0196E-6 1.16711E-5 1.76382E-7 2.07941E-7 1.86442E-6 2.68082E-5 4.07858E-5 2.33645E-6 6.66901E-7 8.56417E-11 5.03596E-9 1.58641E-8 2.77255E-8 4.60439E-7 4.16054E-5 5.69433E-5 2.33844E-5 2.35925E-6 1.70794E-7 1.98453E-8 3.39005E-7 2.93404E-6 2.37048E-8 4.35198E-8 6.02224E-7 7.72984E-9 2.37549E-6 1.09812E-5 5.56875E-5 2.39087E-5 4.07643E-5
-9999 -9999 -9999 -9999 -9999 -9999 1.16504E-4 2.22259E-5 6.59099E-5 1.23478E-4 7.20781E-5 1.15826E-4 9.7115E-5 1.77334E-5 2.07897E-6 4.23477E-7 2.38575E-5 9.68717E-5 4.30409E-6 4.23165E-7 7.12366E-8 3.02053E-7 1.37344E-7 2.04632E-8 3.00196E-7 1.85638E-5 3.57661E-5 3.40154E-5 4.28262E-5 2.59311E-5 2.19195E-5 2.81085E-5 1.99147E-5 2.09745E-5 1.2736E-5 4.46869E-5 2.05658E-5 2.63391E-6 2.64793E-6 5.60923E-6 2.21509E-5 2.29631E-5 2.33901E-6 6.72707E-7 1.42055E-7 1.61871E-5 6.18353E-5 6.00849E-6 1.31741E-5 2.09964E-5 3.60627E-5 2.85E-5 9.05678E-8 2.38857E-8 6.15071E-7 1.79855E-6 4.06691E-5 7.42101E-7 3.07672E-8 1.05863E-7 8.61394E-9 1.0391E-6 5.04761E-5 1.78818E-5 2.92357E-5 8.1473E-7
-9999 -9999 -9999 -9999 -9999 -9999 -9999 2.21631E-5 6.84982E-5 1.1519E-4 7.01826E-5 1.48133E-4 1.67541E-4 1.01115E-4 5.9875E-7 8.73582E-7 1.48145E-6 1.50317E-5 1.4719E-5 2.22056E-6 2.39651E-7 8.97405E-8 1.83216E-7 1.82732E-7 1.20682E-8 2.99037E-5 3.80244E-5 4.12003E-5 3.40077E-5 9.86382E-6 3.06873E-5 4.11706E-5 3.76347E-5 2.82714E-5 5.87968E-6 3.85524E-5 1.38806E-6 5.64004E-6 6.5128E-7 1.02619E-6 2.39446E-6 1.39772E-5 3.1113E-5 1.3615E-7 3.88329E-7 1.07972E-7 5.24222E-6 7.56208E-7 2.8959E-7 1.09161E-5 8.24916E-6 8.23508E-6 1.85573E-7 1.57448E-6 2.16484E-6 2.25492E-5 5.4905E-5 9.35233E-6 4.66968E-7 1.65405E-6 4.13248E-5 2.37628E-5 6.49034E-5 1.8608E-5 4.44681E-6 4.90181E-6
-9999 -9999 -9999 -9999 -9999 -9999 -9999 1.14393E-5 1.24204E-4 1.51478E-4 1.05238E-4 1.08172E-4 1.39716E-4 6.77376E-5 7.39629E-6 3.00647E-5 3.82909E-6 4.61468E-5 4.07106E-5 3.05908E-6 6.2754E-7 7.48919E-6 6.04969E-8 3.03527E-9 1.25751E-6 2.04473E-6 2.14635E-5 4.87768E-5 1.16142E-6 8.53431E-6 1.9135E-5 3.23322E-5 4.20949E-5 6.27218E-5 5.51291E-5 1.75704E-6 1.17569E-5 3.8452E-5 6.05503E-6 6.88797E-7 3.82372E-7 1.16354E-5 2.2664E-6 1.17263E-6 2.73727E-7 7.3625E-9 3.10808E-6 1.95478E-7 2.94812E-7 1.63285E-7 3.09136E-7 4.91406E-6 4.77029E-6 7.97492E-6 3.02427E-5 2.51548E-5 7.53546E-6 1.183E-5 1.07516E-6 5.70585E-6 3.63696E-6 6.90221E-5 4.53732E-6 9.90385E-6 1.73011E-5 5.0006E-6
-9999 -9999 -9999 -9999 -9999 -9999 -9999 4.68612E-6 1.72956E-5 1.69067E-4 1.38528E-4 1.5974E-4 1.16994E-4 1.05453E-4 5.87875E-8 1.90495E-7 6.28847E-6 1.05963E-4 7.86087E-5 1.65073E-5 1.63062E-7 2.46497E-5 1.40385E-5 1.32209E-6 3.03606E-10 5.00915E-6 3.05723E-5 2.09693E-5 1.86144E-6 3.85634E-7 3.64937E-7 3.66997E-5 5.04297E-5 2.12101E-5 6.98722E-5 3.55518E-5 1.01093E-5 5.13487E-6 4.29537E-5 7.03493E-6 1.09637E-6 9.06791E-8 2.65582E-7 3.65937E-8 4.07768E-9 2.24133E-7 3.95087E-5 4.18312E-6 2.53981E-8 5.26966E-5 4.54722E-7 1.67957E-6 6.85757E-7 2.69326E-6 7.08186E-5 6.47989E-5 3.99471E-6 4.40743E-5 5.28761E-6 1.3222E-7 7.28779E-7 7.3873E-8 1.81079E-6 2.05225E-5 3.14146E-5 1.22503E-5
-9999 -9999 -9999 -9999 -9999 -9999 -9999 2.4165E-5 8.50052E-5 1.58869E-4 1.32344E-4 1.5541E-4 1.21535E-4 1.45637E-4 2.89601E-5 4.66359E-5 8.90036E-6 7.71119E-7 3.24234E-8 5.15071E-7 1.15148E-6 1.66962E-6 1.3484E-6 7.16667E-6 9.84147E-6 5.01871E-6 1.29119E-6 8.51989E-6 2.48646E-5 9.86195E-8 7.47756E-7 1.28524E-5 5.27343E-6 1.50643E-5 1.21647E-5 1.76168E-5 7.24651E-6 1.02834E-5 2.24765E-6 2.00048E-6 2.78103E-6 1.03627E-6 1.11054E-6 4.43572E-8 2.9808E-8 1.80943E-6 5.60505E-7 2.41003E-8 2.02979E-7 7.4627E-6 6.7162E-5 7.4338E-6 1.14167E-5 4.51103E-6 7.36597E-5 1.29456E-5 1.13871E-5 4.18132E-5 2.45549E-6 1.93809E-6 2.7127E-8 5.56368E-7 4.65183E-6 1.7988E-5 7.22761E-6 6.40199E-6
-9999 -9999 -9999 -9999 -9999 -9999 -9999 6.2636E-6 7.55256E-5 1.45712E-4 1.35228E-4 9.06395E-5 8.62146E-5 1.38834E-4 4.79647E-5 9.62344E-6 1.07385E-4 1.13163E-5 5.4829E-5 1.00314E-5 1.02473E-4 4.70732E-5 6.60831E-6 7.23201E-6 4.50452E-6 1.43712E-6 3.82928E-6 1.61805E-5 1.82828E-6 6.85506E-7 7.87323E-6 2.53938E-5 1.97623E-5 5.41251E-5 6.60251E-5 1.41031E-5 2.55244E-6 1.01382E-6 7.29316E-8 1.95913E-7 3.38685E-7 1.11967E-7 1.2612E-8 6.09774E-7 4.17614E-6 2.99633E-6 1.02888E-6 2.51141E-5 1.02024E-5 5.76773E-5 6.54191E-5 5.53581E-5 1.97276E-5 5.8001E-5 7.9106E-5 3.04053E-6 1.99531E-5 1.01898E-6 4.77061E-7 8.7024E-7 1.2862E-7 1.0669E-8 3.57484E-5 3.07992E-6 5.94113E-6 2.44861E-5
-9999 -9999 -9999 -9999 -9999 -9999 -9999 1.08108E-5 2.83003E-7 1.24648E-4 1.28148E-4 8.65918E-5 8.56378E-5 9.52345E-5 8.93543E-5 2.98929E-5 6.6066E-6 3.89141E-8 2.09626E-7 3.23057E-5 1.01557E-5 2.47139E-5 3.23937E-6 9.8833E-7 3.03875E-6 3.34058E-5 4.27736E-6 9.87618E-6 2.59502E-5 4.19364E-6 1.05142E-6 4.80567E-6 4.86089E-7 2.20287E-5 1.36064E-5 9.46963E-6 1.54063E-6 2.53536E-6 3.50826E-6 1.83763E-8 4.01667E-8 4.92989E-6 2.7507E-6 4.56646E-5 3.03937E-6 1.38526E-5 5.18834E-6 1.25358E-6 6.15907E-6 4.16411E-5 5.04546E-5 4.7311E-5 4.99712E-5 2.66037E-5 2.74302E-5 3.94969E-5 2.36004E-5 4.64917E-6 3.78821E-6 1.74626E-5 4.66469E-5 2.71471E-6 3.06323E-6 9.01492E-6 8.13776E-6 5.82485E-6
-9999 -9999 -9999 -9999 -9999 -9999 -9999 2.3391E-6 8.26922E-8 2.63296E-5 1.10521E-4 5.18503E-5 1.06403E-4 8.23826E-5 6.46648E-5 8.78239E-6 6.77006E-5 1.60876E-6 2.42762E-6 2.86823E-5 1.68155E-6 7.05779E-6 1.87263E-6 5.35295E-5 7.62184E-6 2.12799E-5 4.82884E-5 6.14006E-6 2.01103E-5 1.06349E-5 4.41451E-5 1.65386E-6 4.63472E-7 9.31202E-6 1.42019E-5 3.93133E-5 3.72892E-5 5.97784E-5 2.09759E-5 4.67279E-5 2.40497E-8 4.05195E-6 3.72816E-7 6.69789E-6 9.12582E-7 2.22165E-6 2.19412E-5 1.62447E-5 3.01946E-5 4.01203E-5 4.03574E-5 3.38569E-5 3.95926E-5 1.85365E-5 3.95306E-5 5.12008E-5 1.16352E-5 3.6546E-5 2.82539E-5 1.90409E-6 1.45883E-6 7.13653E-7 3.6047E-5 1.23803E-6 5.13044E-6 1.24374E-5
-9999 -9999 -9999 -9999 -9999 -9999 -9999 2.47002E-5 2.89204E-7 1.25362E-5 1.13671E-4 1.15267E-4 1.08598E-4 1.35489E-4 1.14775E-4 1.17587E-4 4.57001E-6 8.56908E-6 4.87458E-6 1.60437E-7 1.50181E-7 8.65089E-7 6.27202E-6 4.63901E-6 2.53074E-6 4.13767E-5 8.88977E-5 3.89868E-5 1.0967E-5 2.27363E-6 3.53607E-6 1.71351E-5 2.68411E-6 1.49091E-5 2.96203E-5 4.5737E-5 6.53123E-7 3.44733E-5 5.02221E-6 3.71334E-7 1.4807E-6 5.10519E-6 4.87552E-5 5.28494E-6 1.38991E-6 8.71532E-6 9.38396E-6 4.48125E-6 3.05325E-6 4.49505E-6 2.35494E-5 1.86654E-5 2.55804E-5 4.5507E-5 4.28716E-5 2.76259E-5 1.49727E-5 3.17505E-5 1.32129E-6 5.57714E-5 2.09912E-6 1.08084E-7 4.2068E-5 4.24768E-5 1.46617E-5 1.03661E-5
