catData/rasterBestHybridModels/Pbengalensis/RD_BM01_RM2_L/Pbengalensis_median.asc
ncols         409
nrows         350
xllcorner     60.897278365
yllcorner     5.843756025
cellsize      0.0892857
NODATA_value  -9999
[rows 174 to 202 of 350, columns 132 to 197 of 409]
8.46046E-5 1.25103E-4 1.2723E-4 1.03396E-4 9.44302E-5 6.83163E-5 3.42607E-5 2.30996E-5 3.78355E-5 4.77842E-5 3.3806E-5 4.05788E-6 1.20087E-5 4.23064E-5 5.82663E-5 7.05299E-5 8.38376E-5 8.56412E-5 5.48561E-5 7.27105E-5 4.86355E-5 6.57711E-5 3.32084E-5 6.31569E-5 5.624E-5 3.89004E-5 5.67211E-5 2.50469E-5 3.80238E-6 4.03774E-6 1.12697E-5 5.46345E-6 3.09334E-5 5.60995E-6 1.94392E-5 2.1931E-6 4.56434E-6 6.04969E-6 3.72882E-6 4.3896E-7 1.78164E-6 3.48791E-6 4.99032E-5 1.56598E-5 9.91285E-6 1.75081E-5 1.81716E-5 9.15328E-6 1.15232E-5 1.66125E-5 2.55437E-5 4.48296E-5 5.59906E-5 3.89273E-5 2.31933E-6 1.94903E-6 2.84193E-6 7.39179E-6 1.03114E-5 5.44235E-7 2.48875E-5 1.72588E-5 2.99731E-7 2.91102E-5 4.11713E-5 2.57708E-5
-9999 1.16649E-4 1.32651E-4 1.3313E-4 7.86923E-5 2.67569E-5 1.72415E-5 7.29726E-6 6.10828E-5 6.00485E-5 4.37317E-5 2.53353E-5 3.01795E-5 5.0244E-5 8.09263E-6 2.17021E-5 7.66499E-5 8.35668E-5 7.67919E-5 6.20041E-5 6.0498E-5 7.40828E-5 6.26112E-5 6.77503E-5 5.87474E-5 2.24726E-5 2.34056E-5 1.96871E-5 2.69488E-6 6.49696E-6 1.00858E-5 1.0241E-5 4.46243E-5 1.00449E-6 3.87459E-7 8.22395E-6 4.81931E-5 1.08955E-5 8.24239E-6 1.35895E-5 1.13146E-6 1.07587E-5 2.7872E-5 1.60514E-5 3.7968E-6 1.79542E-5 1.01394E-5 1.97472E-6 3.5439E-5 4.28741E-5 5.29077E-5 5.88774E-5 1.56059E-5 5.28657E-5 6.86764E-5 5.40735E-5 2.10601E-5 2.62023E-5 5.9095E-5 6.44757E-5 4.12976E-5 1.48614E-5 2.3141E-6 7.44254E-5 3.24666E-5 1.23757E-5
1.52894E-4 1.35219E-4 1.36911E-4 1.13496E-4 8.8341E-5 1.54239E-6 6.36453E-5 9.82164E-5 8.71767E-5 7.78138E-5 7.81627E-5 6.52644E-5 5.93294E-5 7.16038E-6 5.27038E-5 3.30228E-6 1.84168E-5 1.8845E-5 3.02324E-5 1.85049E-5 2.43066E-5 6.37371E-5 6.09197E-5 5.14324E-5 9.02263E-5 3.93574E-5 1.5987E-5 7.49348E-6 5.83103E-6 1.70861E-5 3.05099E-5 5.71609E-5 6.50491E-5 7.52014E-5 6.72144E-5 2.93118E-5 5.63104E-5 7.15812E-5 1.05508E-5 1.0914E-5 4.81646E-5 5.03572E-6 9.7916E-6 1.99417E-6 3.36372E-6 1.34877E-5 3.6231E-5 4.97556E-5 6.06897E-5 5.96038E-5 6.68386E-5 6.69401E-5 4.39823E-5 2.94687E-6 5.52236E-5 4.01102E-6 2.04119E-5 3.92582E-5 6.38917E-5 6.45094E-5 7.4731E-5 1.58671E-5 4.14389E-5 5.39587E-5 3.28937E-5 6.62936E-5
1.34825E-4 1.63671E-4 1.45201E-4 1.31463E-4 1.13218E-4 1.28571E-4 1.29853E-4 1.25823E-4 9.4769E-5 4.3589E-5 5.1762E-5 8.39468E-5 3.45375E-5 2.66586E-5 2.44439E-5 1.18025E-5 1.13194E-5 9.43179E-6 1.97832E-5 7.67485E-6 8.33603E-6 1.97281E-5 4.14147E-5 3.21119E-5 5.24248E-5 2.70895E-5 4.45447E-5 6.33479E-5 7.43776E-5 3.47741E-5 4.01372E-5 2.95086E-5 3.49523E-5 7.23014E-5 5.00747E-5 5.44726E-5 6.82331E-5 2.87654E-5 9.37973E-7 1.98043E-5 3.08104E-6 3.14501E-6 7.42885E-6 4.26827E-5 5.37238E-5 5.10144E-5 5.32802E-5 6.28107E-5 7.27692E-5 4.56732E-5 6.17481E-5 2.09254E-5 1.85638E-6 4.69351E-6 7.71455E-5 6.47093E-5 7.17695E-5 5.34266E-5 3.81489E-5 3.38701E-5 1.83028E-5 2.85581E-5 3.59321E-5 4.20804E-5 2.93826E-5 3.586E-5
1.23277E-4 1.33954E-4 1.35886E-4 1.1681E-4 1.40619E-4 1.28549E-4 1.22933E-4 1.22439E-4 1.04226E-4 2.73464E-6 2.60937E-6 4.15343E-6 4.57317E-6 1.86679E-5 8.11951E-6 3.00444E-6 7.40862E-6 7.1367E-6 3.0991E-6 9.36341E-6 2.61496E-5 4.03703E-5 3.13046E-5 2.03716E-5 1.70201E-5 4.00198E-5 6.63406E-5 6.67549E-5 6.51852E-5 5.01838E-5 5.36346E-5 3.48214E-5 3.43622E-5 5.81451E-5 1.7213E-5 4.11042E-5 5.8921E-5 7.84667E-5 1.50032E-5 1.95979E-5 1.08909E-5 5.81794E-6 6.73786E-5 3.0333E-5 7.94132E-6 1.40562E-5 3.29598E-5 5.68531E-5 3.317E-5 2.03282E-5 5.45714E-5 2.41196E-5 1.52402E-5 2.38521E-5 2.89245E-5 9.9885E-8 1.57092E-8 1.29398E-5 4.523E-5 3.7798E-5 4.94181E-6 3.7136E-5 4.2435E-5 1.90595E-5 4.91265E-5 3.44267E-5
-9999 8.32689E-5 1.5182E-4 1.19613E-4 1.33985E-4 1.25082E-4 1.05461E-4 1.22899E-4 1.09289E-4 9.13887E-5 6.11559E-5 7.8648E-5 3.10048E-5 8.80044E-6 1.23641E-5 2.88011E-5 2.68283E-5 1.45151E-5 6.90658E-6 7.28592E-6 1.54212E-5 1.87302E-5 1.67427E-5 3.95075E-5 5.54536E-5 7.0144E-5 5.43574E-5 6.12204E-5 6.29712E-5 3.62286E-5 6.54474E-5 7.46418E-5 6.94744E-5 6.54122E-5 4.97429E-5 5.14238E-5 5.14188E-5 6.03368E-5 3.97647E-5 3.43778E-5 2.37245E-5 1.33444E-5 2.65964E-5 6.7794E-5 5.42862E-5 5.89642E-5 7.52824E-5 6.43999E-5 6.18096E-5 6.18148E-5 6.01243E-5 4.1313E-5 7.07187E-6 4.67185E-7 4.15502E-8 4.04725E-8 2.16995E-7 1.40658E-5 6.84172E-6 2.97876E-5 7.14984E-6 2.12942E-5 2.23116E-5 2.24671E-5 5.36496E-5 2.74808E-5
-9999 9.33755E-5 1.07287E-4 1.26045E-4 1.078E-4 1.02495E-4 9.33752E-5 9.49776E-5 8.95086E-5 8.24744E-5 7.74506E-5 7.10951E-5 6.21441E-5 1.13914E-6 9.52164E-6 6.99004E-6 7.19388E-6 5.57484E-6 4.14194E-6 9.44804E-6 1.44749E-5 1.09703E-5 3.66595E-5 3.86099E-5 5.7317E-5 3.35762E-5 7.11981E-5 3.97351E-5 6.45049E-5 7.42031E-5 4.05955E-5 6.1608E-5 3.16183E-5 3.41811E-5 6.96264E-5 3.32579E-5 7.53398E-5 4.80316E-5 5.39544E-5 5.6785E-5 5.98814E-5 5.6109E-5 6.38799E-5 7.10872E-5 5.75206E-5 6.23699E-5 7.66941E-5 6.67737E-5 5.71756E-5 5.72293E-5 5.56689E-5 1.66822E-5 1.11574E-5 1.81104E-5 6.94232E-7 8.99657E-6 2.0011E-5 1.02723E-5 1.83639E-6 5.57292E-5 2.96286E-5 1.41997E-5 9.36326E-6 6.41544E-6 2.6591E-5 3.87042E-5
-9999 4.68078E-5 1.42184E-4 1.37352E-4 1.20436E-4 1.04818E-4 1.04491E-4 9.63194E-5 8.27184E-5 9.61928E-5 9.03675E-5 8.65444E-5 7.7397E-5 6.54715E-5 5.70147E-5 7.18749E-6 1.10248E-5 6.32944E-6 3.57688E-6 1.31935E-5 3.11248E-5 2.93481E-5 1.48684E-5 2.88889E-5 4.77767E-5 4.53047E-5 4.89154E-5 2.64286E-5 5.73981E-5 7.74758E-5 4.13292E-5 4.54689E-5 1.33181E-5 8.16737E-6 4.88899E-5 6.24237E-5 2.21995E-5 5.60285E-5 7.21069E-5 8.0832E-5 6.99325E-5 6.09334E-5 7.03589E-5 6.40757E-5 5.39799E-5 6.51616E-5 6.05319E-5 4.4169E-5 2.45613E-5 2.5929E-5 5.95544E-5 4.05869E-5 1.74202E-5 3.79531E-5 2.06163E-6 1.00414E-5 5.47047E-5 4.7426E-5 3.47041E-5 6.55621E-5 1.50003E-5 8.05018E-7 4.45822E-6 2.19632E-5 1.37492E-5 1.11367E-5
-9999 6.8382E-5 6.39764E-5 1.93793E-4 1.44964E-4 1.15229E-4 1.08952E-4 1.08625E-4 1.02384E-4 1.20582E-4 1.04578E-4 1.15179E-4 9.24122E-5 7.53913E-5 6.03559E-5 8.01086E-6 3.41193E-5 3.31713E-5 3.79256E-5 1.51644E-5 1.20582E-5 4.13536E-5 1.66912E-5 8.62276E-6 1.68406E-5 2.50056E-5 2.63295E-5 5.3939E-5 5.70767E-5 3.31165E-5 6.33321E-5 4.00494E-5 7.1575E-6 2.93748E-5 2.67024E-5 1.24037E-5 4.71765E-5 4.82607E-5 6.59759E-5 6.20318E-5 6.51011E-5 1.32404E-5 7.41339E-5 4.34788E-5 7.23834E-5 7.07798E-5 5.37473E-5 6.31657E-5 5.11325E-5 9.92643E-6 5.38758E-5 3.75977E-5 3.96496E-5 6.31298E-5 3.50303E-5 3.88562E-5 1.43661E-5 6.50535E-6 1.54688E-5 1.73558E-5 3.28933E-6 1.03157E-6 2.82957E-6 4.64159E-7 3.04606E-6 1.37466E-6
-9999 -9999 4.05658E-5 1.39136E-4 1.42531E-4 1.18148E-4 1.06734E-4 1.21275E-4 1.11548E-4 1.13803E-4 1.11694E-4 1.13861E-4 1.09242E-4 9.43139E-5 8.03568E-5 2.95442E-5 6.92981E-5 4.59551E-5 2.21361E-5 1.25634E-5 2.41014E-5 7.23378E-6 7.05932E-6 2.48363E-5 3.9606E-5 1.29958E-5 1.0301E-5 3.78893E-5 5.66531E-5 5.23933E-5 7.89673E-5 4.14124E-5 4.37991E-5 2.90451E-5 7.66406E-6 2.11216E-5 1.41637E-5 4.82395E-6 3.31959E-5 4.0402E-5 2.2581E-5 1.37893E-5 9.26872E-6 4.59737E-6 4.01443E-6 6.23776E-5 5.17324E-5 5.89652E-5 5.65993E-5 9.87551E-6 2.94408E-5 5.9652E-5 1.28198E-5 3.92684E-5 1.73628E-5 1.89408E-5 4.40382E-6 3.83383E-6 8.13008E-6 2.06336E-7 1.07104E-8 2.01087E-7 1.29646E-5 7.18451E-6 2.39401E-7 3.03969E-6
-9999 -9999 8.98944E-5 1.42722E-4 1.191E-4 3.99925E-5 1.67302E-5 2.0669E-5 5.00281E-5 3.82317E-5 1.00829E-4 2.94386E-5 1.93948E-5 5.51455E-5 9.04292E-6 1.42246E-5 7.25608E-5 5.20604E-5 2.84438E-5 7.43605E-6 1.10123E-5 1.18318E-5 2.32049E-6 5.70367E-6 2.89272E-5 2.47484E-5 3.3783E-5 2.71195E-5 3.87657E-5 6.63623E-5 4.33904E-5 1.87031E-5 1.11177E-5 7.53072E-5 6.14809E-5 4.83382E-5 4.5744E-5 6.05319E-5 7.01923E-5 7.38679E-5 5.71439E-5 5.33611E-5 6.18088E-5 3.99207E-5 2.67261E-5 5.5393E-5 1.94363E-6 6.55193E-5 4.88725E-6 1.35303E-5 1.15897E-5 9.89554E-6 3.03063E-5 1.73413E-5 1.85444E-6 1.07881E-8 1.75273E-6 3.90837E-7 3.22943E-6 2.29431E-7 9.58791E-8 1.34906E-8 2.60112E-8 6.10007E-8 2.1697E-8 3.83828E-9
-9999 -9999 4.49749E-5 1.29215E-4 3.04461E-5 6.72897E-6 6.30431E-6 4.7141E-6 1.14515E-5 5.00063E-5 7.23223E-5 2.08735E-6 1.15581E-6 2.73278E-6 2.33371E-5 2.45072E-5 5.94308E-5 7.75101E-5 5.6013E-5 1.65178E-5 4.37473E-5 2.76167E-6 1.45925E-6 3.77491E-6 3.17137E-5 5.25838E-5 5.25975E-5 1.07921E-5 1.04019E-5 1.50656E-5 2.91393E-5 3.04978E-6 3.60849E-5 7.07789E-5 1.25724E-5 9.55433E-7 2.56684E-6 1.33101E-5 3.62208E-6 5.7091E-5 5.82166E-5 5.90979E-5 2.84493E-5 2.22438E-5 1.55478E-5 1.38768E-5 2.36117E-7 1.99412E-6 2.03322E-6 2.05587E-6 1.34388E-7 4.90726E-7 1.05696E-6 7.94835E-7 3.11589E-7 4.51986E-8 8.19253E-6 1.01987E-5 7.17381E-7 4.97915E-7 1.0515E-7 1.4869E-8 1.03038E-6 4.09028E-7 1.53051E-7 2.50708E-8
-9999 1.25579E-4 7.70611E-5 1.35088E-4 1.86344E-5 3.39086E-6 1.52534E-5 1.73358E-5 1.94229E-5 5.47884E-5 4.06825E-5 4.06923E-6 1.37044E-7 1.50955E-7 6.76305E-6 9.71616E-6 3.03755E-5 2.84611E-5 5.44668E-5 7.51223E-5 5.39544E-5 5.557E-7 1.96198E-5 6.08314E-6 4.23007E-5 3.85911E-5 7.4957E-5 1.56712E-5 4.16506E-5 3.36791E-5 4.51917E-5 6.28012E-5 6.07475E-5 5.18401E-5 2.55833E-5 1.41918E-7 1.77274E-7 5.64055E-7 2.85018E-7 8.12891E-6 2.70852E-5 3.73729E-5 4.46581E-5 4.48208E-5 3.08998E-5 4.13699E-5 7.24678E-6 9.1771E-6 5.47315E-7 8.80411E-7 1.08082E-5 1.02497E-5 1.53648E-6 1.20141E-6 4.81693E-6 1.04826E-6 1.88576E-5 1.51242E-5 7.98449E-6 3.13538E-7 1.51406E-7 5.17931E-7 4.68303E-7 1.15672E-7 5.5179E-8 6.93639E-8
-9999 5.78023E-5 2.77529E-5 6.46413E-5 9.82055E-6 1.28979E-5 4.81454E-5 4.11283E-5 2.21863E-5 5.6433E-5 2.7723E-5 1.99145E-5 8.64427E-7 1.93495E-7 2.37586E-6 1.83921E-5 1.27691E-5 1.37885E-5 1.53753E-5 4.26519E-6 1.25999E-5 3.40739E-5 3.4261E-6 3.38753E-6 1.2356E-5 1.5723E-5 5.36757E-5 6.82958E-5 1.19404E-5 1.9403E-5 2.57276E-5 7.84987E-5 9.61029E-5 8.40289E-5 1.25457E-5 5.73008E-6 6.49618E-6 4.06341E-7 8.04941E-7 3.13045E-6 4.3668E-5 1.62046E-5 5.06379E-6 4.73941E-5 4.15607E-5 4.6446E-5 1.37734E-5 6.0746E-5 5.22416E-5 2.84887E-5 3.35143E-6 2.97294E-7 2.5924E-6 4.26486E-6 5.38843E-6 6.99237E-6 6.16429E-6 4.54054E-7 3.15327E-7 8.63551E-8 2.24436E-7 4.78911E-6 2.62474E-8 1.45496E-9 3.037E-8 1.19461E-6
-9999 6.32166E-7 1.30263E-5 6.0911E-5 3.54148E-6 3.40428E-5 4.15554E-5 2.66802E-5 1.23685E-5 2.70768E-5 1.38095E-5 2.04796E-5 1.55451E-5 2.1908E-5 7.11164E-6 1.69562E-5 3.02667E-5 2.6633E-5 1.36987E-5 2.92284E-5 3.65119E-6 3.48125E-6 9.51406E-6 2.4675E-6 7.59763E-6 1.29144E-5 2.12323E-5 4.36903E-5 3.94629E-6 9.86876E-6 3.25267E-5 6.5981E-5 3.67785E-5 8.49915E-5 8.33381E-6 9.04352E-7 1.29049E-6 2.59648E-7 1.65437E-7 5.12791E-7 4.32817E-6 1.6378E-6 1.09421E-5 3.02464E-5 3.52575E-5 3.41362E-5 2.64158E-5 1.31772E-5 8.09886E-6 3.60521E-5 8.29772E-6 7.18203E-6 1.37409E-6 1.78446E-6 7.17976E-6 7.19039E-6 7.61727E-7 2.17453E-7 2.50113E-7 1.39101E-7 1.92914E-6 7.42968E-8 2.29178E-6 1.85212E-8 4.13249E-7 6.46717E-8
-9999 5.98263E-6 5.72973E-6 6.22512E-6 2.82271E-5 2.99948E-5 2.10423E-5 2.8247E-5 6.14856E-5 7.28826E-5 5.20937E-5 2.68913E-5 5.39744E-6 1.39035E-5 1.5328E-5 5.63616E-6 1.1619E-5 2.31314E-5 1.94482E-5 1.44844E-5 1.16655E-5 5.34988E-6 8.58782E-6 2.43818E-5 4.61587E-5 8.10481E-6 4.43212E-6 6.64678E-8 2.42624E-5 2.37818E-7 1.05374E-5 1.38724E-6 1.2423E-6 9.33479E-6 2.56013E-6 3.01134E-6 3.94215E-7 9.03804E-7 1.94473E-7 1.47849E-6 5.67184E-7 1.53747E-7 6.95278E-7 2.78276E-5 1.7263E-6 2.66611E-6 2.15397E-6 1.15828E-6 1.62127E-7 1.57098E-6 6.40615E-6 3.38275E-5 5.47161E-5 1.86605E-5 3.45179E-6 5.33725E-7 7.7471E-6 9.4063E-6 7.27585E-7 1.05821E-6 1.30784E-7 5.63619E-7 6.08611E-6 1.24966E-7 8.68378E-9 6.47857E-8
-9999 7.32844E-5 7.80764E-7 5.15643E-7 3.3359E-6 2.57146E-5 2.96515E-5 6.09095E-5 7.90292E-5 4.26628E-5 2.55741E-5 1.90828E-5 3.60833E-6 1.58754E-5 6.81129E-5 7.13488E-5 4.12742E-5 9.34174E-6 5.27729E-6 3.60152E-6 2.35054E-5 1.77994E-5 7.06839E-6 2.78971E-5 9.28647E-6 2.18351E-6 4.11933E-7 4.00381E-8 1.92663E-6 6.57975E-8 5.00785E-7 1.24706E-7 2.78586E-7 1.22219E-6 1.12513E-6 5.59029E-6 3.374E-5 3.73311E-5 1.3435E-6 1.8758E-7 1.50335E-7 1.07861E-6 5.39763E-7 3.92736E-6 5.63169E-6 1.39408E-5 3.14163E-6 3.98023E-6 3.29763E-5 4.69879E-6 3.75676E-6 7.9151E-6 6.51113E-5 3.33709E-5 7.54792E-6 5.87236E-6 1.17395E-6 5.14833E-6 1.97466E-6 1.33721E-6 1.33889E-6 4.90514E-7 2.39591E-6 3.44286E-7 9.21165E-7 2.4162E-7
-9999 9.5064E-5 1.80501E-6 5.39E-6 4.25054E-6 3.81994E-6 9.54493E-5 5.92532E-5 4.63756E-5 8.3034E-5 6.53724E-5 1.96217E-5 1.41072E-4 2.06774E-5 3.38921E-5 1.67374E-5 9.95038E-6 8.90951E-6 4.07238E-6 6.68015E-7 4.92453E-6 6.58338E-5 4.31585E-5 1.26581E-5 1.59834E-5 6.76122E-7 2.34129E-8 8.3701E-8 7.45159E-7 6.57815E-6 1.30736E-5 3.97188E-6 3.88493E-6 2.28415E-6 2.12367E-6 2.84172E-5 4.2054E-5 4.99391E-5 1.41636E-6 4.6149E-7 4.20029E-8 9.05099E-7 4.61526E-7 2.23965E-6 7.92486E-7 5.19773E-6 3.55127E-6 1.15161E-5 2.89234E-5 5.64302E-6 7.81469E-6 1.36988E-5 1.49343E-6 1.17667E-5 5.18379E-6 2.77046E-7 1.21896E-6 9.36518E-6 2.23514E-7 1.18315E-7 4.51541E-9 1.48482E-9 1.21036E-9 2.06122E-8 9.35251E-10 3.68058E-8
9.35676E-5 7.73618E-5 2.5455E-5 3.51813E-6 1.17351E-5 4.0617E-5 7.95893E-5 9.82667E-5 1.89855E-5 1.05316E-4 7.76164E-5 8.05814E-5 1.5878E-5 1.96405E-5 9.20736E-6 9.83031E-7 1.24147E-5 4.73333E-6 1.03549E-5 5.31734E-6 5.17099E-6 4.39965E-6 2.56792E-5 5.92262E-6 1.27107E-6 5.70029E-8 5.75829E-6 5.96788E-7 6.33972E-6 5.44255E-5 2.15639E-6 6.68687E-6 2.07912E-6 3.1675E-7 1.51782E-7 4.91735E-6 1.24291E-5 2.64492E-6 5.0743E-6 1.56091E-6 2.50675E-7 4.08129E-8 2.36552E-6 5.51734E-6 2.10004E-5 2.43555E-6 1.34892E-6 9.61131E-7 3.94676E-7 3.91459E-7 3.52785E-6 2.5405E-6 3.4744E-6 1.18555E-5 1.03976E-5 1.10879E-5 1.86189E-6 3.05511E-7 4.79253E-7 5.70087E-8 1.11128E-9 6.98525E-9 5.69256E-7 7.15452E-8 3.55592E-7 1.19164E-7
1.51224E-5 2.04347E-5 7.42981E-5 1.56367E-6 5.29167E-7 6.41188E-5 8.63714E-5 8.19335E-5 6.48232E-5 3.28099E-5 2.60607E-5 2.55239E-5 3.15151E-5 1.02411E-5 7.8319E-6 6.43877E-6 1.21474E-7 6.55649E-6 1.58252E-5 2.52522E-5 1.105E-6 3.32334E-6 2.17066E-5 2.82171E-5 1.01667E-5 2.65934E-8 8.99029E-8 9.93856E-7 2.78762E-6 1.51699E-5 5.31575E-6 7.38783E-7 3.27094E-7 9.28123E-8 2.17737E-7 3.16777E-5 4.97345E-6 3.20321E-7 1.75828E-6 2.27992E-6 5.11947E-6 1.1104E-6 9.59055E-7 2.86166E-6 1.93557E-5 4.45858E-6 2.07707E-7 6.81078E-7 2.00981E-6 5.80439E-7 8.29288E-6 6.51231E-5 5.50023E-5 6.9161E-6 3.00508E-7 5.34112E-6 2.28206E-6 3.53123E-7 2.1358E-7 8.38152E-8 1.70974E-6 5.43727E-8 1.81585E-6 4.80606E-7 3.62766E-7 9.81368E-7
-9999 1.68349E-5 1.20878E-6 1.34574E-6 7.54959E-7 1.09828E-5 6.71016E-5 5.6688E-6 9.48416E-6 2.46271E-5 2.74462E-6 2.83447E-5 2.08855E-6 1.36713E-5 2.95562E-5 3.23229E-6 3.11374E-6 8.05091E-7 9.42538E-8 7.73442E-6 1.17401E-5 6.09739E-6 7.22183E-7 4.99468E-6 7.12698E-6 1.32341E-6 3.87295E-7 3.75886E-8 6.32762E-8 7.69754E-6 1.89073E-6 2.50057E-6 1.12989E-6 2.63381E-7 2.77956E-7 2.17406E-7 5.61052E-7 1.68714E-8 9.00963E-8 6.66106E-7 2.35937E-6 1.36854E-5 1.17687E-5 6.26064E-6 1.06156E-5 1.7025E-5 1.97485E-6 3.25704E-6 4.53189E-7 2.07701E-6 2.6703E-6 1.33431E-6 1.55759E-5 3.57296E-6 2.69579E-7 1.04479E-7 1.12105E-6 2.82475E-8 1.50537E-8 2.17954E-7 5.9009E-8 5.2968E-7 9.47896E-7 1.41983E-6 9.66049E-7 6.01474E-6
-9999 7.97292E-5 3.15111E-5 2.56276E-6 5.19892E-7 3.91094E-6 8.70312E-6 1.49614E-5 1.75055E-5 1.05579E-4 1.14254E-5 4.93294E-6 1.60953E-6 1.31898E-5 1.17215E-5 2.77043E-5 1.61848E-5 4.39276E-6 5.3983E-6 6.70536E-6 9.9816E-6 1.23714E-5 2.24118E-6 6.14419E-6 7.1182E-6 2.42217E-5 6.58166E-6 2.59833E-6 4.3867E-7 4.27635E-6 7.23634E-6 1.86491E-6 2.20683E-6 7.80943E-6 3.87243E-6 1.31116E-5 6.0625E-7 2.76339E-8 1.38802E-7 1.91922E-7 2.51801E-8 5.25619E-7 1.78917E-5 5.43604E-6 2.38318E-6 2.94392E-6 1.96251E-6 3.32699E-6 3.5208E-6 3.27737E-7 1.23863E-7 1.10761E-6 2.3982E-6 3.83646E-6 1.20834E-5 6.06648E-6 7.1636E-9 1.17404E-6 2.13077E-7 5.19731E-7 6.98128E-7 1.73904E-5 4.04694E-5 7.82959E-6 2.51575E-5 3.79205E-6
-9999 1.90593E-5 3.78755E-5 2.08063E-5 1.16149E-6 4.5819E-5 5.50228E-6 1.67413E-5 5.65081E-5 4.53856E-5 2.07452E-5 1.03461E-5 8.42459E-6 6.57953E-6 6.73288E-6 3.86544E-5 6.496E-5 3.12725E-5 5.29647E-5 5.97628E-5 4.59553E-5 5.55616E-5 4.34761E-5 9.71615E-6 4.60548E-6 3.25828E-6 9.90245E-6 2.18924E-5 5.12146E-5 1.94478E-5 5.04761E-6 6.92217E-7 3.61249E-6 4.39022E-7 6.16119E-7 9.64603E-6 2.78901E-5 1.14702E-5 8.18274E-6 1.68356E-7 3.37773E-8 5.79736E-8 7.46876E-7 3.61714E-6 4.00808E-6 7.7942E-6 6.72013E-7 1.80344E-6 5.7718E-7 9.77308E-7 2.92728E-7 6.77017E-8 1.66022E-7 2.05402E-5 7.94386E-6 2.32916E-5 1.36679E-5 8.1614E-7 4.36768E-7 7.59515E-7 9.22163E-7 1.92506E-5 1.36305E-5 4.06E-5 1.43186E-5 1.14017E-6
-9999 9.89278E-5 1.67483E-5 7.50974E-6 4.17119E-8 2.6149E-5 3.8293E-5 6.35994E-6 4.09877E-5 4.77292E-5 2.00297E-5 1.4761E-5 2.19567E-5 2.40403E-7 4.41936E-6 8.14155E-6 6.50548E-6 2.77306E-5 3.27221E-5 8.59588E-6 5.43242E-6 2.25648E-5 1.10464E-4 9.11179E-5 2.21708E-5 6.82409E-6 5.23815E-6 3.28871E-5 8.14283E-5 2.29017E-5 2.0234E-5 2.08002E-6 6.37589E-6 9.97934E-6 4.19975E-7 3.56868E-6 4.42823E-6 1.50848E-6 1.51281E-5 1.97772E-6 2.16069E-8 9.75031E-8 2.69698E-7 4.65189E-7 4.87031E-7 1.71883E-6 1.20986E-5 6.55709E-6 7.08652E-6 6.92593E-7 9.05729E-7 1.07944E-6 5.3659E-8 7.00709E-7 6.36396E-6 2.12048E-6 5.09637E-5 3.72679E-6 2.39488E-7 2.05054E-6 9.53667E-7 1.06975E-6 8.29349E-7 5.54914E-7 6.89221E-7 5.15878E-8
-9999 3.11048E-5 2.06911E-5 4.7575E-5 1.08652E-6 8.42657E-6 4.28481E-5 4.59551E-5 5.51272E-5 5.36811E-5 3.38885E-5 9.29932E-6 6.04149E-5 3.77854E-6 2.35747E-7 8.20267E-6 1.44844E-5 1.58818E-5 8.59674E-6 1.04787E-5 4.3138E-5 5.91674E-5 8.05626E-5 7.2491E-5 4.35715E-5 2.13719E-5 2.17971E-5 1.20807E-5 2.01606E-5 2.9446E-5 8.98594E-6 2.50845E-7 1.05359E-6 1.59858E-6 2.67606E-7 1.01664E-7 1.323E-6 3.42819E-6 4.78307E-7 1.29477E-5 1.36204E-6 6.19665E-6 2.16976E-6 9.43441E-7 5.65718E-7 9.22424E-6 7.79792E-6 1.93961E-5 9.74648E-6 9.95881E-6 1.81406E-5 3.40629E-5 1.2781E-5 6.92955E-6 2.35018E-5 6.72293E-6 1.80583E-5 8.60527E-6 1.51019E-7 4.05801E-7 8.32373E-8 6.33249E-6 1.12077E-7 8.57318E-7 1.10902E-7 1.03481E-7
-9999 5.93252E-5 8.69572E-5 2.09487E-5 4.44557E-5 3.31799E-5 3.939E-5 9.48618E-5 7.66404E-5 7.795E-5 5.46445E-5 2.2509E-5 4.07649E-6 8.2893E-6 2.49875E-5 4.26069E-5 1.53338E-5 3.02787E-6 2.25484E-5 1.26772E-5 8.24269E-5 3.16897E-5 9.49857E-6 8.98382E-6 8.02361E-6 5.81265E-6 7.35387E-6 6.63361E-7 1.00639E-6 2.27817E-6 2.67825E-5 5.65214E-6 6.08352E-6 1.87684E-5 1.69869E-5 2.17243E-6 1.87798E-6 1.0012E-7 1.68105E-7 2.18816E-7 1.20135E-6 5.84192E-6 1.42919E-6 8.28171E-7 1.28379E-7 1.89072E-6 1.72946E-5 1.62E-5 3.05603E-5 3.26986E-6 2.24486E-5 2.53449E-5 5.93217E-5 5.23285E-5 2.78237E-5 9.32986E-6 7.23196E-7 4.11075E-6 3.94441E-7 5.74064E-7 2.13104E-8 1.96491E-6 8.18386E-6 7.42911E-7 1.03704E-7 3.85962E-5
-9999 1.07702E-4 1.93674E-4 1.72552E-4 1.2038E-4 8.35101E-5 8.57488E-6 2.25307E-5 3.81788E-5 4.62776E-5 5.89068E-5 8.27703E-6 8.96614E-7 1.09604E-5 2.1395E-5 3.94408E-6 1.55052E-5 3.1559E-5 1.27412E-5 3.10287E-5 5.40253E-5 2.2312E-5 1.02459E-5 9.2373E-6 1.08997E-5 2.5114E-5 2.9304E-5 2.47605E-5 4.50464E-6 1.27909E-5 2.0916E-5 8.75752E-6 1.60669E-5 5.36333E-6 1.29307E-6 3.21263E-6 1.55774E-6 4.37732E-6 1.28115E-5 6.64182E-6 1.22852E-5 1.76829E-7 1.97666E-6 4.31881E-7 1.67063E-6 3.296E-6 9.03384E-6 3.88985E-5 1.80179E-5 3.24769E-6 9.75212E-6 7.39996E-5 7.94192E-5 6.42123E-5 2.72185E-6 2.60042E-6 4.90709E-7 1.98047E-7 4.31275E-7 1.97375E-6 8.177E-8 1.62025E-7 3.94723E-5 6.86856E-6 1.21378E-6 5.58016E-6
-9999 1.74896E-4 1.96837E-4 1.48043E-4 1.885E-5 1.85395E-5 1.40295E-5 4.99562E-5 1.00165E-5 7.81253E-5 2.4354E-5 2.60115E-6 8.38954E-8 7.23678E-6 2.34274E-5 1.02382E-5 3.73419E-5 3.96749E-6 9.49914E-6 2.68538E-6 2.25137E-5 6.3415E-7 6.8265E-6 6.59527E-5 1.5625E-5 8.841E-6 1.22451E-5 3.65715E-5 2.91714E-6 1.10028E-5 4.20333E-6 5.38973E-7 4.78369E-7 5.92224E-7 4.79989E-8 3.29676E-8 1.10618E-8 1.75557E-6 1.18794E-5 2.72868E-6 1.1955E-5 5.0806E-7 3.07285E-7 8.95672E-7 4.36422E-5 6.80466E-5 4.89848E-5 4.74188E-5 3.24055E-6 4.87154E-5 2.51781E-5 2.87157E-5 3.48293E-5 3.40326E-5 1.21645E-6 4.88318E-7 2.92054E-7 2.10411E-8 4.05327E-6 1.68969E-6 1.42443E-6 9.84803E-6 2.39559E-6 1.14273E-5 9.79851E-6 5.77631E-5
-9999 -9999 1.7252E-4 6.20586E-5 1.60995E-5 3.5082E-6 8.1189E-5 4.17216E-5 6.01621E-5 3.4196E-5 5.38915E-6 7.83116E-6 6.83232E-7 3.07123E-6 4.14505E-6 1.72474E-5 3.02277E-5 7.46546E-6 1.93595E-5 2.7399E-5 5.69151E-5 6.8708E-5 1.928E-5 7.0502E-6 1.23494E-5 6.69886E-6 1.31318E-5 4.24542E-5 1.58389E-5 1.53041E-5 3.41489E-6 5.53756E-6 1.14292E-5 3.48383E-5 2.14816E-5 3.55765E-7 1.05141E-6 7.28108E-7 7.46663E-6 1.62991E-6 9.33477E-6 4.90131E-6 2.12618E-6 4.27384E-7 1.24927E-6 3.58993E-6 5.34598E-7 5.91518E-7 2.77853E-6 1.69663E-6 1.02484E-6 1.45598E-5 4.12243E-6 2.58715E-6 3.48073E-6 2.93079E-6 1.68247E-7 9.53363E-8 2.50654E-7 2.72296E-6 7.0034E-6 4.52105E-5 2.96728E-5 2.70693E-5 4.38063E-5 4.13136E-5
