catData/rasterBestHybridModels/Pbengalensis/RD_BM01_RM2_L/Pbengalensis_min.asc
ncols         409
nrows         350
xllcorner     60.897278365
yllcorner     5.843756025
cellsize      0.0892857
NODATA_value  -9999
[rows 116 to 144 of 350, columns 132 to 197 of 409]
1.68876E-5 1.90356E-5 2.06116E-5 2.21897E-5 2.07879E-5 1.94393E-5 2.32071E-5 2.6537E-5 3.01338E-5 3.13255E-5 3.01482E-5 3.18872E-5 3.93332E-5 4.99023E-5 5.87103E-5 4.38145E-5 4.95332E-5 4.08708E-5 3.55396E-7 8.27277E-6 2.54918E-6 6.34141E-6 1.56153E-6 1.00573E-6 1.24657E-6 1.72201E-5 4.56625E-5 5.07301E-5 5.29848E-5 4.80012E-5 4.06942E-5 3.38057E-5 3.2945E-5 3.72142E-5 3.7165E-5 5.40876E-5 5.9406E-5 5.51737E-5 2.91071E-5 4.87586E-5 5.29507E-5 2.56102E-5 7.98508E-6 2.81547E-5 3.95393E-5 4.00381E-5 4.44465E-5 5.46156E-5 6.41377E-5 6.11638E-5 4.9781E-5 4.11024E-5 3.94213E-5 4.89225E-5 5.99059E-5 6.55931E-5 5.46247E-5 6.27786E-5 6.79718E-5 5.67371E-5 5.35683E-5 6.48281E-5 6.73427E-5 6.93725E-5 6.22954E-5 5.07581E-5
2.17523E-5 2.51133E-5 2.76054E-5 2.87463E-5 2.78938E-5 2.52844E-5 2.87945E-5 3.46155E-5 3.72848E-5 3.89841E-5 1.9079E-5 3.44985E-5 4.01172E-5 4.94406E-5 5.8915E-5 6.03717E-5 5.03554E-5 7.36443E-6 3.41285E-6 3.9253E-7 3.26324E-5 2.25591E-6 8.55897E-6 2.82194E-6 2.19849E-6 4.17268E-5 4.11334E-5 4.13477E-5 4.18193E-5 3.96835E-5 3.20172E-5 3.0051E-5 2.65724E-5 2.16349E-5 4.67426E-5 5.82008E-5 7.18362E-5 6.01019E-5 4.88401E-5 5.50369E-5 5.87116E-5 7.11041E-6 3.47745E-5 4.35988E-5 4.89155E-5 5.03647E-5 4.64108E-5 5.09705E-5 4.60578E-5 5.28984E-5 4.50605E-5 3.75133E-5 3.95238E-5 4.95188E-5 5.95478E-5 6.4136E-5 5.42947E-5 5.51083E-5 5.84241E-5 5.77391E-5 5.32817E-5 5.46721E-5 5.62279E-5 6.19723E-5 5.76898E-5 5.23014E-5
2.72676E-5 3.28124E-5 3.621E-5 3.7462E-5 3.60545E-5 3.24682E-5 3.28313E-5 3.93103E-5 4.46246E-5 4.29946E-5 2.73036E-5 4.09261E-5 3.76959E-5 3.55065E-5 3.62873E-5 4.86846E-5 4.00534E-5 2.25281E-5 3.88542E-5 5.55304E-5 4.70531E-5 3.26637E-5 2.03406E-6 1.15207E-5 1.1949E-6 4.46586E-5 3.61623E-5 3.25836E-5 3.47731E-5 3.74519E-5 3.78446E-5 3.56496E-5 3.19334E-5 2.92582E-5 4.35836E-5 4.77214E-5 5.65456E-5 4.75606E-5 4.46453E-5 4.79416E-5 5.14437E-5 4.47278E-5 3.70348E-5 4.01836E-5 5.92398E-5 5.69327E-5 3.11015E-5 3.82695E-5 5.18373E-5 1.57541E-8 4.47306E-9 3.99602E-6 1.78677E-7 2.01065E-8 9.53227E-7 8.43031E-6 1.35356E-5 2.78653E-5 5.89845E-5 7.12359E-5 6.06447E-5 4.98896E-5 3.8095E-5 5.49836E-5 3.92919E-5 5.98303E-5
3.23462E-5 3.94404E-5 4.47074E-5 4.68961E-5 4.3796E-5 3.84505E-5 3.44491E-5 4.26678E-5 5.16321E-5 5.31482E-5 4.00731E-5 2.31833E-5 3.57446E-5 3.2016E-5 3.96047E-5 4.03383E-6 1.34588E-5 2.58036E-5 1.05615E-5 2.58889E-5 1.044E-5 6.96961E-6 4.51087E-5 3.99081E-5 4.93142E-5 4.55625E-5 3.92715E-5 2.715E-5 3.83243E-5 4.72308E-5 4.77273E-5 4.33932E-5 3.71979E-5 3.87061E-5 4.77335E-5 5.70666E-5 5.98426E-5 3.83503E-5 3.16976E-5 4.09691E-5 4.97387E-5 4.88554E-5 4.4212E-5 4.88239E-5 3.36596E-5 1.20729E-5 3.10765E-5 3.56186E-5 2.78345E-6 7.32908E-8 3.43336E-11 3.17294E-10 2.06437E-8 1.47613E-7 2.40519E-6 3.5733E-6 4.56491E-5 5.93769E-5 5.44454E-5 2.80685E-5 5.56023E-5 3.50494E-5 2.35569E-5 2.34818E-5 3.30424E-5 5.94033E-5
3.54296E-5 4.37582E-5 5.37722E-5 6.53271E-5 5.2573E-5 4.26373E-5 3.53004E-5 4.13964E-5 5.13578E-5 5.83285E-5 4.41057E-5 1.14338E-5 3.73429E-5 3.63629E-5 1.20147E-5 8.99629E-7 3.37127E-6 2.84219E-5 4.88522E-6 5.38189E-6 1.01341E-5 3.18934E-6 1.533E-5 5.23204E-5 5.31171E-5 4.22707E-5 3.81161E-5 4.27578E-5 3.60587E-5 1.97726E-5 4.818E-5 4.4966E-5 3.06523E-5 4.23721E-5 4.8713E-5 5.38189E-5 5.81304E-5 4.36376E-5 4.41318E-5 2.18206E-5 3.96843E-5 3.88884E-5 3.6489E-5 3.17654E-5 1.95561E-6 2.45664E-5 2.29883E-5 3.62362E-7 2.22789E-7 2.44276E-9 3.36181E-7 3.22443E-7 5.3032E-6 9.11653E-6 4.50453E-5 6.60234E-5 5.44311E-5 4.66055E-5 1.33743E-5 1.77912E-8 5.95303E-6 2.21862E-5 3.65278E-5 1.77886E-5 4.58545E-5 5.12914E-5
3.58421E-5 4.41533E-5 5.51299E-5 6.5574E-5 5.47085E-5 4.32772E-5 3.48619E-5 3.70114E-5 4.34222E-5 3.10291E-5 3.07703E-5 5.98768E-5 5.4671E-5 6.03655E-5 2.92008E-5 1.26466E-5 1.62693E-5 1.40469E-5 3.70799E-5 5.55931E-7 1.48484E-7 2.13387E-6 4.97032E-5 4.91316E-5 4.63889E-5 3.60348E-5 4.44436E-5 5.22984E-5 4.97543E-5 3.96265E-5 4.45482E-5 4.157E-5 3.80901E-5 5.06555E-5 5.15664E-5 3.16015E-5 3.84912E-5 3.87372E-5 3.98958E-5 2.40488E-5 3.5246E-5 2.25925E-5 3.00427E-5 3.59425E-5 3.24532E-5 6.9196E-6 2.14527E-5 8.56655E-8 2.09957E-8 4.25177E-7 2.01549E-7 5.04041E-6 3.04408E-5 2.9147E-6 5.17951E-5 1.67593E-5 3.55481E-6 1.26741E-6 6.55989E-9 3.68625E-8 2.03012E-5 6.56339E-5 4.34682E-5 1.7835E-5 4.27261E-5 4.78915E-5
3.32858E-5 3.94973E-5 4.54292E-5 5.04799E-5 4.74E-5 4.10789E-5 3.45293E-5 3.20633E-5 3.66217E-5 4.42344E-5 5.51288E-5 6.67753E-5 5.57454E-5 3.40942E-5 4.2805E-7 3.49533E-5 1.46219E-5 4.02247E-5 4.31189E-5 1.12883E-5 4.63244E-5 4.54532E-5 3.23437E-5 1.4048E-5 6.76582E-6 1.05538E-6 1.08353E-5 2.36673E-5 3.19219E-5 4.4413E-5 3.59669E-5 4.39241E-5 3.75054E-5 5.35303E-5 6.47158E-5 3.97004E-5 4.91044E-5 3.62095E-5 3.37162E-5 1.08115E-5 4.9598E-5 3.28545E-5 3.69671E-5 3.91696E-6 1.31726E-5 3.32794E-6 2.66498E-6 9.96381E-6 1.78503E-6 9.78692E-7 5.64755E-7 2.2999E-6 6.11626E-7 1.03112E-6 5.17003E-8 1.08305E-7 2.08284E-7 2.10641E-6 1.37951E-7 8.68851E-8 7.49868E-6 1.65801E-5 7.9914E-6 4.49213E-5 1.18801E-5 6.14854E-7
3.14709E-5 3.31238E-5 3.64075E-5 3.928E-5 3.914E-5 3.65983E-5 3.13998E-5 3.11772E-5 2.09283E-5 3.09175E-5 4.2841E-5 4.73476E-5 3.1676E-5 4.98217E-6 3.55317E-5 3.65023E-5 2.16553E-6 1.46407E-5 6.8846E-5 5.77406E-5 3.76716E-5 3.42618E-5 4.65088E-5 3.13353E-5 3.53074E-6 8.54481E-6 8.71357E-6 5.34689E-5 3.21918E-5 4.49201E-5 4.59574E-5 4.07859E-5 4.34018E-5 3.86074E-5 4.30749E-5 1.77347E-5 2.2396E-5 3.02724E-5 4.03915E-5 4.11089E-5 4.94184E-5 3.56608E-5 3.55321E-6 2.89861E-7 1.63494E-5 2.04999E-6 7.9532E-6 4.69864E-6 7.24711E-6 9.09963E-6 3.61679E-7 3.98109E-7 4.25902E-6 3.8971E-9 1.83182E-8 1.82846E-7 8.78076E-7 8.33163E-8 3.58207E-6 1.25466E-5 3.07682E-5 3.65503E-5 3.54499E-5 1.84011E-5 1.55498E-5 2.6034E-5
3.75728E-5 3.24591E-5 2.98381E-5 3.242E-5 3.17293E-5 3.64048E-5 3.85844E-5 3.51553E-5 2.94655E-5 3.58766E-5 6.60527E-6 4.72259E-5 2.92771E-5 9.87419E-6 2.81158E-5 2.3799E-6 1.78652E-6 4.32162E-5 4.45019E-5 4.41186E-5 3.57668E-5 9.26057E-7 5.64478E-6 5.98507E-6 2.38399E-5 3.742E-6 1.07706E-6 3.80417E-5 9.5434E-6 1.97947E-5 6.00897E-5 1.04074E-5 4.25978E-5 2.56424E-5 3.42346E-5 1.2334E-5 3.86706E-5 3.15288E-5 3.34281E-5 4.9909E-5 3.40612E-5 1.38791E-6 2.88931E-7 1.75019E-5 2.73407E-5 4.66202E-6 1.20949E-5 1.04368E-5 1.50238E-5 2.53504E-5 5.50505E-6 9.65841E-7 9.97488E-7 8.10414E-8 2.76902E-7 5.29788E-7 3.02958E-7 3.78851E-7 3.58394E-7 3.2384E-5 3.21774E-5 5.0134E-5 5.92206E-5 4.76682E-5 4.83205E-5 2.95726E-5
4.48696E-5 3.71824E-5 3.10973E-5 3.00893E-5 3.54741E-5 4.16191E-5 4.72195E-5 3.99617E-5 4.56893E-5 4.38795E-5 1.98601E-5 3.35343E-6 4.12938E-6 1.26029E-5 1.38403E-6 4.21224E-6 4.72329E-6 2.89509E-6 4.97354E-5 4.56842E-5 3.01598E-5 3.56548E-5 5.92527E-5 4.29374E-5 7.46093E-6 6.21273E-7 1.00232E-6 5.42676E-6 3.06344E-5 2.05355E-5 4.54293E-5 4.11629E-5 2.9611E-5 2.77929E-5 3.55322E-5 5.02678E-5 4.32468E-5 4.03985E-5 3.46851E-5 6.21752E-6 3.88481E-5 2.86732E-5 8.94806E-6 3.33674E-5 3.49907E-5 2.82806E-5 2.33956E-5 1.91932E-6 3.44166E-7 6.03994E-6 6.39953E-7 1.07849E-8 9.60288E-6 1.21121E-6 1.94271E-7 2.98261E-7 2.34842E-7 8.78109E-7 1.168E-6 6.72524E-6 5.30582E-5 5.20978E-5 5.91188E-5 1.26658E-5 9.02241E-6 4.3141E-5
4.73385E-5 3.78834E-5 3.05949E-5 3.07303E-5 3.45745E-5 4.71443E-5 3.28995E-5 4.91065E-5 3.37785E-5 1.28163E-5 3.91317E-5 1.38E-6 2.22408E-5 3.38267E-6 7.18487E-6 5.1271E-6 1.2065E-6 3.3973E-5 4.99399E-5 5.40137E-5 4.52086E-5 2.57859E-5 6.30133E-6 1.63529E-6 5.27019E-6 2.21576E-5 1.78381E-5 9.12566E-6 1.93797E-6 3.3524E-5 6.18036E-5 1.03981E-5 3.11269E-5 2.27802E-5 1.8844E-5 4.17429E-5 5.45515E-5 4.46632E-5 1.99317E-5 9.87567E-6 2.21769E-5 3.07476E-5 1.88654E-5 4.40129E-5 2.40829E-5 3.86154E-5 1.02511E-5 3.14206E-6 3.85596E-7 4.06107E-6 1.93102E-7 5.58817E-7 3.46679E-6 1.82239E-7 3.51789E-6 1.36468E-7 1.91674E-6 5.19691E-6 3.05973E-5 4.28166E-5 3.06728E-5 2.86229E-5 4.1973E-6 1.49087E-6 5.66072E-8 1.62232E-5
4.18779E-5 3.53691E-5 2.87611E-5 2.9512E-5 3.64965E-5 4.02004E-5 5.42864E-5 1.14087E-5 1.14286E-7 1.01842E-5 5.65578E-6 1.67311E-5 2.36039E-5 1.1435E-5 1.19211E-6 5.3009E-6 4.03915E-5 4.35753E-5 1.58777E-5 5.76497E-5 3.73845E-5 2.50472E-6 5.0403E-7 8.01432E-6 4.40359E-6 3.59411E-5 1.16697E-5 1.94568E-5 1.81629E-5 1.91129E-5 1.17318E-5 2.05321E-6 6.07602E-6 3.635E-5 4.27938E-5 4.65248E-5 5.1121E-5 4.67597E-5 5.66532E-5 5.38994E-5 2.46312E-5 4.13354E-5 3.35227E-5 3.71987E-5 4.42406E-5 3.28618E-5 4.63055E-6 9.41621E-8 4.77887E-8 4.18572E-7 1.7163E-6 9.71028E-6 4.60252E-8 1.53397E-6 3.9228E-7 1.82495E-6 4.24469E-7 3.5394E-6 4.55615E-7 1.05677E-5 1.8012E-6 4.14236E-7 4.45452E-6 3.45591E-6 1.91022E-6 2.56161E-5
3.49888E-5 3.17305E-5 2.30822E-5 3.01814E-5 3.05375E-5 4.81323E-6 1.85245E-5 9.27093E-6 3.101E-5 3.1535E-6 5.82647E-7 1.01408E-5 3.40647E-5 3.02432E-5 2.46117E-5 1.45092E-5 1.07234E-7 4.18479E-5 5.45382E-5 4.52316E-5 1.5272E-6 4.37248E-7 4.89279E-7 5.78695E-7 1.44312E-5 4.21062E-5 1.78607E-5 2.96039E-5 4.03199E-5 4.18138E-6 1.2274E-5 6.45104E-6 4.22434E-5 4.23871E-5 3.3983E-5 1.11592E-5 1.07085E-5 1.96959E-5 1.89351E-5 4.19732E-5 3.58505E-5 4.03027E-5 3.71523E-5 5.04163E-5 2.36645E-5 3.30047E-5 2.22581E-7 1.96749E-6 1.43213E-6 1.73023E-6 9.85377E-7 1.94767E-5 2.25904E-6 1.22664E-7 1.93296E-7 4.24015E-6 3.10846E-6 1.04134E-6 6.77153E-8 1.12541E-10 5.07284E-7 1.48488E-5 6.74344E-7 3.20253E-7 1.70142E-8 1.88168E-9
3.84917E-5 3.3635E-5 3.58227E-5 3.87306E-5 9.50892E-6 6.71016E-6 4.92459E-7 7.06382E-7 3.50112E-5 1.73481E-6 1.06473E-5 1.03312E-7 1.6719E-5 1.46592E-6 1.81708E-7 4.32941E-7 2.45991E-5 4.13996E-5 4.22759E-5 4.67397E-5 5.35178E-6 1.55265E-6 8.08761E-7 3.88884E-6 1.49769E-6 9.07431E-6 1.39112E-5 4.12966E-5 2.18422E-5 2.56537E-6 3.79048E-5 3.90364E-5 5.72778E-5 2.96053E-5 1.02601E-5 1.19634E-6 3.11886E-5 2.82174E-5 1.97158E-5 4.14737E-5 2.50156E-5 3.37389E-5 2.41568E-5 3.57145E-5 4.72902E-5 3.44123E-5 5.00592E-6 7.06843E-9 7.86247E-7 6.54319E-6 3.38473E-7 2.04769E-5 9.62018E-9 9.46591E-9 5.47486E-8 2.8781E-8 2.4216E-6 9.43346E-7 8.31553E-7 4.92899E-10 2.77612E-8 8.21609E-8 5.78541E-10 6.64239E-8 1.17444E-8 4.68472E-9
3.09482E-5 3.47646E-5 3.95093E-5 3.52667E-5 9.48075E-6 6.28234E-7 2.40495E-7 2.42784E-7 1.30978E-6 2.78594E-6 1.24715E-5 5.37488E-6 9.6246E-7 3.67712E-7 4.02879E-7 2.90891E-6 1.18143E-6 2.9756E-5 1.7897E-5 2.07259E-6 2.52247E-5 1.52932E-5 5.21709E-6 2.70451E-6 1.78521E-6 1.79268E-6 3.42832E-6 4.84342E-6 1.52209E-5 3.09947E-5 3.23817E-5 3.95444E-5 4.77477E-5 4.93801E-5 1.43333E-5 2.60495E-5 3.21845E-5 5.12217E-5 3.81504E-5 1.67642E-5 9.83234E-6 4.44179E-5 5.05012E-5 3.99699E-5 4.21993E-5 1.06672E-6 1.02791E-5 1.51296E-8 1.17803E-7 6.14245E-7 2.88896E-7 4.24975E-6 4.2661E-7 2.90957E-8 2.58695E-6 8.66353E-7 1.62409E-6 3.20272E-7 1.15404E-6 6.2253E-8 1.41611E-9 9.13772E-7 1.47103E-9 8.84569E-9 3.44404E-9 9.24386E-7
1.4825E-5 3.45837E-5 1.78191E-5 3.99611E-5 6.33092E-6 8.26894E-6 5.33459E-5 9.951E-6 2.89014E-6 1.80182E-6 1.68366E-7 5.93153E-6 2.85235E-7 9.15632E-8 4.92059E-5 1.7518E-7 2.02117E-5 5.01737E-5 8.35434E-6 8.15203E-6 1.09799E-5 5.2082E-6 2.96967E-5 2.47606E-5 4.11748E-6 7.43628E-6 2.30663E-5 3.13472E-6 3.23834E-5 3.02957E-5 3.39378E-5 4.03397E-5 3.39E-5 5.05352E-5 2.26618E-5 2.99558E-5 4.03607E-5 3.63628E-5 3.25437E-5 5.58368E-6 2.92647E-5 5.02096E-5 6.03204E-5 5.73895E-5 1.61968E-5 5.16193E-8 4.46806E-7 1.55012E-8 1.49925E-6 6.56478E-7 4.24263E-8 4.23494E-7 5.20695E-6 2.3577E-8 1.16427E-7 6.43705E-7 4.37786E-6 6.23149E-7 2.12931E-7 9.79008E-8 8.76863E-9 5.18784E-9 5.75804E-8 2.46524E-6 8.12603E-7 1.31057E-7
1.43532E-5 3.1979E-5 4.26218E-6 1.61337E-5 1.43433E-7 2.7721E-7 1.30919E-6 1.24465E-7 4.29113E-9 1.29371E-6 5.26557E-6 2.60983E-5 3.24543E-8 8.70966E-9 6.22281E-6 1.26847E-5 4.57679E-6 1.80061E-5 6.66507E-7 7.84862E-8 2.01962E-6 3.21363E-6 4.0561E-5 2.36318E-5 7.35512E-6 1.23003E-5 3.33244E-5 2.23781E-5 1.36282E-5 6.7764E-6 3.35485E-5 3.48676E-5 3.74603E-5 3.80947E-5 4.35445E-5 5.02332E-5 5.77398E-5 5.15109E-5 4.42778E-5 3.64043E-5 2.89436E-5 4.77678E-5 5.38141E-5 3.93238E-5 3.22746E-5 6.23461E-7 9.01123E-7 1.37197E-5 5.62992E-7 1.93486E-7 6.31851E-8 3.51859E-9 3.76549E-7 1.55297E-7 2.64278E-7 6.70444E-7 2.0165E-6 8.07758E-8 2.35584E-7 6.77144E-10 1.10074E-6 2.19992E-7 6.60747E-7 2.63971E-5 2.1662E-7 2.4441E-7
2.89638E-6 1.1475E-5 2.31293E-6 1.3291E-5 1.20817E-5 5.06551E-7 5.85492E-7 4.68548E-7 4.69096E-5 6.53477E-6 5.25296E-5 2.29528E-5 9.56428E-7 5.37254E-9 2.08769E-7 4.08182E-5 4.55942E-6 4.30716E-6 9.47968E-7 1.4024E-5 3.42806E-5 5.46072E-6 1.57884E-5 2.69907E-5 1.54859E-5 3.5419E-5 2.57992E-5 2.41469E-5 3.5588E-5 3.68411E-5 1.41814E-5 9.14149E-6 3.68548E-5 2.64043E-5 4.80081E-5 6.12598E-5 4.85572E-5 4.37771E-5 3.10295E-5 3.75354E-5 5.96365E-5 5.20854E-5 5.15547E-5 4.72642E-5 3.58755E-5 2.62397E-5 2.13325E-5 1.35055E-5 5.66309E-7 7.86092E-8 2.22932E-7 1.66935E-10 2.53792E-8 2.62336E-7 1.30339E-6 1.66994E-5 2.40421E-6 1.64659E-7 1.34783E-8 2.01175E-9 9.21837E-7 1.10827E-7 6.55482E-7 5.36895E-7 3.42136E-7 2.76758E-8
2.6384E-7 2.92776E-6 6.56964E-7 3.72094E-5 2.89831E-5 4.339E-6 5.0688E-7 7.6927E-6 4.53894E-5 1.68255E-5 1.18789E-5 1.16281E-5 2.21064E-5 2.76346E-7 4.79535E-6 1.01428E-5 6.069E-6 4.15438E-7 1.0015E-5 1.82948E-5 1.22461E-5 2.19208E-5 2.52764E-5 1.19984E-5 4.27468E-5 3.5478E-5 4.69382E-5 2.13035E-5 7.17809E-6 3.07765E-5 5.73705E-6 2.19795E-6 9.5452E-6 1.08014E-5 4.6658E-8 2.05725E-6 2.29941E-5 3.88555E-5 3.75329E-5 2.47361E-5 5.4208E-5 4.91558E-5 5.75512E-5 1.95002E-5 3.42553E-5 3.25646E-6 1.29553E-5 1.23741E-5 1.67777E-6 1.41903E-7 1.36276E-8 1.81684E-9 6.39814E-8 5.3309E-7 5.79057E-7 2.0252E-5 8.97809E-6 3.74733E-8 1.50167E-6 8.80682E-7 3.1215E-8 4.48111E-8 1.79559E-6 5.01308E-5 7.86459E-6 8.08011E-7
3.20254E-6 7.19106E-7 1.23771E-6 3.2055E-5 4.49565E-5 5.51844E-6 4.5049E-5 5.17187E-5 2.35935E-6 1.41977E-5 4.68728E-5 1.12833E-7 3.63114E-7 2.8906E-7 3.10982E-7 4.66474E-8 3.51512E-7 1.56595E-5 1.88989E-5 1.2555E-5 1.01168E-5 3.19731E-5 4.25812E-5 4.5373E-5 4.79237E-5 2.17074E-5 6.01684E-6 8.23806E-8 3.79323E-5 4.14034E-5 7.48317E-6 3.56812E-6 6.72289E-6 3.58345E-7 7.49263E-7 2.41248E-7 2.74708E-6 5.18626E-6 1.79974E-5 3.37406E-5 2.67122E-5 4.83213E-5 4.77428E-5 4.67989E-5 4.16356E-5 3.38477E-5 1.64227E-5 9.99461E-6 8.09024E-6 4.48237E-7 6.05845E-7 2.47281E-6 1.00082E-6 2.46147E-6 1.21877E-5 3.90454E-6 1.81124E-5 6.38068E-6 1.07195E-6 3.49273E-7 1.92871E-6 2.74518E-7 1.76813E-8 7.53467E-6 3.17402E-7 4.20796E-6
4.30086E-6 7.26169E-7 1.04653E-5 3.15027E-5 5.31741E-6 2.95349E-5 4.27812E-5 3.30984E-5 1.1463E-5 3.23588E-5 1.5406E-5 3.47542E-6 4.68936E-6 2.94757E-7 8.18343E-9 9.83049E-7 1.72969E-7 1.88572E-5 7.80804E-6 3.01951E-5 4.09429E-5 3.21148E-5 4.56544E-5 5.03753E-5 5.02645E-5 5.26344E-5 4.66213E-5 1.12179E-5 1.90041E-5 4.70466E-5 3.74814E-5 3.53077E-5 5.44499E-5 2.81853E-5 2.30119E-5 1.37578E-5 2.62766E-5 4.8267E-7 2.19728E-5 3.52152E-5 1.00531E-5 4.46469E-5 1.23642E-5 3.39641E-5 2.28088E-5 2.84289E-5 3.28422E-5 1.96668E-5 5.7876E-6 1.50443E-7 2.36015E-7 1.02954E-6 4.0247E-7 1.38109E-6 4.55547E-6 2.54356E-5 1.89437E-5 4.67604E-5 5.43861E-6 3.31833E-6 1.82872E-6 9.74376E-7 1.41072E-6 3.65421E-6 2.2169E-6 2.57027E-6
2.12792E-5 8.15502E-7 2.36383E-6 1.73788E-6 2.29028E-5 2.90685E-5 4.88919E-5 2.34623E-5 3.35635E-5 1.33964E-5 1.72548E-5 4.05442E-5 2.16097E-8 2.10846E-7 4.44847E-8 5.03002E-6 5.14022E-6 3.88063E-5 2.0623E-5 3.30231E-5 3.12288E-5 2.368E-6 3.81998E-5 1.43352E-5 2.59194E-6 5.99239E-6 4.12213E-6 3.83302E-5 4.36859E-5 9.84033E-6 1.11992E-5 2.60306E-5 4.93667E-5 3.16261E-5 4.39501E-5 5.06652E-5 3.21906E-5 5.90762E-7 1.74285E-7 1.35222E-5 2.9097E-5 3.37313E-5 5.7943E-6 1.7517E-5 3.44795E-5 3.19676E-5 3.76745E-5 2.45603E-5 9.35704E-7 1.48073E-6 1.95308E-7 2.14784E-6 2.1069E-6 1.48217E-5 7.80518E-7 1.2243E-5 2.00264E-5 4.05978E-5 3.37659E-7 2.83137E-7 1.19248E-6 1.27713E-6 2.00951E-5 1.58077E-5 3.57741E-5 1.51601E-5
9.07777E-6 9.20238E-6 1.79149E-5 2.78415E-6 3.09008E-5 5.52833E-5 4.75039E-5 4.44288E-5 5.19236E-5 2.65132E-5 1.60986E-5 2.31938E-5 6.69949E-8 2.44756E-8 2.24475E-8 1.0249E-5 4.11596E-5 4.97381E-6 1.36125E-5 3.91238E-5 2.72413E-5 3.0438E-6 4.53936E-6 7.29517E-6 1.26387E-6 6.89214E-7 9.25417E-6 3.33292E-5 7.1592E-6 2.47276E-5 2.99926E-5 4.13757E-5 9.08669E-6 2.56229E-5 2.96912E-6 2.40393E-5 2.06356E-5 3.93548E-6 4.05007E-7 6.50383E-6 4.98909E-5 5.04665E-5 4.74815E-5 1.54292E-5 3.4967E-5 4.23557E-5 3.19324E-5 7.18463E-6 1.5272E-5 2.78376E-5 3.30737E-6 7.21495E-8 1.24295E-6 2.68386E-6 2.31253E-6 6.30646E-6 6.30582E-8 3.3598E-6 8.33751E-6 5.47179E-7 3.26502E-6 4.38059E-6 5.22795E-5 3.73676E-5 2.86601E-5 2.86353E-5
8.29594E-5 3.02263E-5 8.18239E-6 9.8608E-6 3.87636E-5 9.76743E-7 1.1257E-5 3.71338E-5 2.09768E-5 1.01712E-5 9.11036E-6 6.64731E-5 1.14456E-6 4.68249E-6 1.23653E-5 3.51457E-5 3.81375E-5 1.03126E-5 3.02246E-5 3.70226E-5 1.45724E-5 1.68682E-6 3.84671E-6 4.80187E-5 1.30078E-5 2.34413E-5 4.73178E-6 7.95886E-6 4.8163E-6 9.73951E-6 3.32885E-5 1.84641E-6 1.95143E-5 8.75759E-6 2.93191E-6 1.86461E-5 3.10134E-5 1.7359E-6 6.62866E-6 1.93798E-5 3.04319E-5 4.54473E-5 3.47571E-5 5.95601E-6 2.62326E-5 2.95254E-5 1.41613E-5 7.46395E-6 7.6177E-6 2.06018E-5 2.04647E-6 1.16656E-7 1.36183E-6 1.6463E-6 1.22424E-7 3.00528E-6 3.81422E-7 4.93513E-7 2.50026E-6 8.95501E-7 2.42209E-7 3.13899E-6 3.10126E-5 7.95998E-6 9.65935E-6 2.27612E-7
9.32606E-5 7.97671E-6 4.37807E-6 5.39643E-6 3.74538E-5 1.12389E-7 3.2611E-5 1.42307E-6 2.85441E-5 1.70382E-6 3.92809E-6 1.02036E-5 1.03286E-5 1.35079E-7 9.15009E-7 4.58729E-5 1.52322E-5 1.46058E-5 1.83161E-5 5.16632E-5 3.9171E-5 1.60285E-6 3.45762E-6 3.91027E-5 5.26482E-5 4.58303E-5 4.16532E-5 5.11521E-6 3.42993E-6 2.82711E-6 3.77542E-5 1.13242E-5 5.99502E-5 2.1481E-5 2.52608E-5 8.54805E-7 2.96638E-6 6.85123E-8 3.25716E-6 9.88323E-6 2.42673E-5 1.02719E-5 1.81796E-5 6.5511E-6 7.4529E-6 1.08308E-5 6.80025E-6 2.68242E-6 1.20836E-6 3.72429E-5 7.00534E-7 9.96754E-8 1.40269E-7 1.84478E-6 3.08472E-7 7.25266E-8 7.23302E-6 4.29647E-7 1.84435E-5 1.46898E-6 1.05074E-7 1.0508E-6 2.34892E-5 3.02237E-7 1.09837E-5 9.38033E-7
1.27322E-5 3.28425E-5 4.37169E-5 3.82063E-5 3.10322E-5 1.74176E-5 3.26465E-5 3.30668E-6 3.03034E-5 7.88686E-6 3.85656E-8 2.90137E-5 1.24929E-6 7.43117E-7 1.07395E-6 1.53075E-6 4.25174E-7 5.3569E-7 4.21562E-5 3.64992E-5 4.3301E-5 1.11265E-5 5.9206E-6 4.07737E-5 2.03782E-5 5.70925E-5 4.60307E-5 5.20567E-5 2.56163E-5 4.58255E-5 4.40287E-5 4.82219E-5 4.9322E-5 9.53114E-6 8.17814E-6 9.83178E-6 5.18916E-6 2.36193E-7 5.82915E-7 1.682E-7 5.48451E-6 5.96737E-7 8.3012E-7 1.27957E-7 1.40853E-6 1.4253E-6 2.27451E-6 6.30361E-7 8.65569E-6 1.5155E-5 1.79311E-5 5.45797E-6 3.66251E-7 1.31881E-5 1.62485E-6 9.15959E-8 5.94024E-6 3.94419E-5 3.92048E-5 4.77338E-7 1.06408E-7 4.98214E-7 2.22474E-6 1.11305E-5 2.82102E-6 1.32943E-8
3.16319E-7 2.24748E-7 6.16581E-6 3.87231E-5 8.70471E-6 3.20709E-6 3.02404E-5 2.93967E-6 3.34794E-6 2.69027E-6 1.59477E-6 6.37449E-7 3.21372E-5 3.077E-5 3.2548E-5 1.27681E-8 1.52869E-6 7.24449E-6 1.70148E-5 6.52691E-5 6.63746E-5 1.18532E-5 5.37421E-5 8.57013E-6 3.03012E-5 5.7952E-5 5.63687E-5 5.11258E-5 1.27118E-5 7.41207E-6 1.59924E-5 5.30688E-6 3.86297E-6 1.95027E-5 2.56692E-7 9.32971E-8 7.22872E-7 1.09066E-6 3.75712E-7 8.73992E-6 9.67887E-8 5.06456E-7 9.70414E-9 5.25094E-8 1.33324E-8 2.57743E-6 1.47925E-8 1.41331E-5 2.77216E-7 2.32203E-6 1.86071E-6 3.03842E-5 2.88938E-6 2.49501E-5 2.50436E-5 3.39928E-7 5.52821E-8 1.07346E-7 4.78404E-8 3.23678E-9 2.70584E-7 7.08096E-8 2.51224E-7 4.65965E-6 1.18507E-5 1.57453E-5
3.15895E-7 3.11863E-8 7.32068E-6 4.6472E-6 1.62127E-5 2.5513E-5 3.77871E-5 2.0184E-6 1.66186E-5 6.67499E-6 3.23946E-6 2.25005E-6 6.67906E-6 1.55317E-5 4.23161E-5 4.85252E-7 9.1065E-8 2.0909E-5 5.0954E-5 5.40304E-5 4.98002E-5 5.16094E-7 4.63531E-7 1.99714E-5 1.88217E-6 6.88608E-5 6.96804E-5 4.6923E-5 1.38026E-5 3.00803E-6 1.57008E-5 1.63954E-5 2.99423E-7 3.01403E-7 1.09806E-7 9.39398E-8 4.30378E-7 2.03112E-6 8.5296E-6 2.89547E-6 3.10423E-7 7.56175E-7 1.07515E-5 3.77905E-6 2.10926E-7 8.90011E-6 1.86232E-6 2.34226E-6 2.89696E-7 2.8849E-7 6.27613E-7 7.7182E-6 4.08719E-8 1.79705E-5 1.35471E-5 1.48257E-6 5.81654E-8 3.20559E-7 9.26015E-8 1.67355E-9 3.64888E-9 5.40314E-10 1.57366E-8 2.79304E-9 4.56122E-7 2.55694E-7
1.20798E-5 9.95811E-6 7.54255E-6 3.23216E-5 4.94149E-5 4.75799E-5 5.03056E-5 2.76218E-6 2.65465E-5 2.73029E-5 1.95275E-6 6.05756E-7 5.56353E-9 1.35524E-7 1.40242E-5 7.15026E-6 3.73025E-5 4.65162E-5 1.15541E-6 3.82193E-5 4.29267E-5 1.85708E-5 3.94936E-6 1.49351E-5 9.43558E-6 5.32599E-5 5.89403E-5 1.86019E-5 4.04288E-5 1.32879E-5 2.63336E-6 1.19134E-6 2.46609E-5 3.56281E-6 1.66198E-8 2.66493E-6 2.48678E-8 9.9519E-6 3.03873E-5 7.22629E-6 7.43339E-7 1.70431E-6 4.25665E-6 3.62977E-6 2.56814E-5 4.53604E-5 3.87322E-5 4.0339E-5 7.17596E-6 2.94897E-6 7.62611E-8 5.15705E-7 2.72858E-8 4.82467E-6 2.65644E-7 3.52849E-7 1.71572E-7 5.45306E-6 4.445E-7 3.25547E-10 7.81317E-11 1.11663E-8 4.26322E-9 1.22316E-9 7.49429E-12 5.23833E-7
