catData/rasterBestHybridModels/Pbengalensis/RD_BM01_RM2_L/Pbengalensis_avg.asc
ncols         409
nrows         350
xllcorner     60.897278365
yllcorner     5.843756025
cellsize      0.0892857
NODATA_value  -9999
[rows 58 to 86 of 350, columns 66 to 131 of 409]
-9999 -9999 -9999 -9999 -9999 -9999 -9999 -9999 -9999 -9999 -9999 -9999 -9999 -9999 -9999 -9999 -9999 -9999 -9999 -9999 -9999 -9999 -9999 -9999 -9999 -9999 -9999 2.89624E-5 2.6775E-5 2.7151E-5 3.0308E-5 3.57306E-5 2.98251E-5 3.10353E-5 3.99407E-5 4.46308E-5 3.67575E-5 3.9948E-5 4.46657E-5 5.54007E-5 6.2933E-5 6.59988E-5 5.78122E-5 5.04846E-5 6.80273E-5 8.11296E-5 1.01498E-4 7.68366E-5 7.04112E-5 5.96607E-5 6.01928E-5 6.57856E-5 6.68333E-5 5.48441E-5 4.49992E-5 3.66769E-5 2.97668E-5 3.19819E-5 3.94968E-5 4.87095E-5 6.38132E-5 7.83276E-5 8.95365E-5 8.61008E-5 8.60647E-5 7.48424E-5
-9999 -9999 -9999 -9999 -9999 -9999 -9999 -9999 -9999 -9999 -9999 -9999 -9999 -9999 -9999 8.21566E-6 -9999 -9999 -9999 1.2861E-5 1.43319E-5 -9999 -9999 -9999 -9999 -9999 3.54161E-5 3.94257E-5 3.57389E-5 2.88174E-5 2.96932E-5 2.77432E-5 2.50558E-5 3.06456E-5 3.52776E-5 5.74531E-5 3.82042E-5 3.75158E-5 4.04418E-5 4.62187E-5 5.05646E-5 5.12131E-5 4.74754E-5 5.07734E-5 6.76487E-5 7.57769E-5 9.24228E-5 8.57066E-5 8.22978E-5 6.48567E-5 5.7421E-5 6.62708E-5 6.59655E-5 5.24847E-5 4.51521E-5 3.75111E-5 2.86869E-5 3.11669E-5 4.0186E-5 5.02963E-5 7.30387E-5 8.89424E-5 7.6866E-5 7.56582E-5 8.50454E-5 7.5077E-5
-9999 -9999 -9999 -9999 -9999 -9999 -9999 -9999 -9999 -9999 -9999 -9999 -9999 -9999 1.05508E-5 1.00466E-5 1.04449E-5 1.06589E-5 1.16322E-5 1.3786E-5 1.5888E-5 1.81662E-5 -9999 -9999 -9999 -9999 5.07359E-5 5.81718E-5 4.51148E-5 3.6776E-5 3.57324E-5 3.47152E-5 4.10052E-5 4.15301E-5 3.27611E-5 5.55928E-5 3.91378E-5 3.44506E-5 3.67353E-5 3.80401E-5 4.16294E-5 4.16061E-5 3.89786E-5 4.65162E-5 5.82081E-5 6.45772E-5 8.03473E-5 8.12934E-5 6.81111E-5 5.78562E-5 4.7711E-5 5.14259E-5 5.06269E-5 4.44265E-5 4.13199E-5 3.36194E-5 2.48958E-5 2.9362E-5 3.85002E-5 4.59009E-5 6.15386E-5 6.96773E-5 6.66334E-5 6.39427E-5 6.63551E-5 7.01837E-5
-9999 -9999 -9999 -9999 -9999 -9999 -9999 -9999 -9999 -9999 -9999 -9999 -9999 1.33165E-5 1.22795E-5 1.19852E-5 1.24826E-5 1.2116E-5 1.21401E-5 1.54246E-5 1.77962E-5 1.96476E-5 2.33437E-5 -9999 4.01112E-5 5.68541E-5 6.42294E-5 6.41731E-5 5.4227E-5 5.24641E-5 4.71323E-5 4.78631E-5 6.61209E-5 5.94611E-5 4.36863E-5 6.07747E-5 4.03623E-5 3.0403E-5 3.08234E-5 3.10919E-5 3.36666E-5 3.20372E-5 3.11329E-5 3.86639E-5 4.80722E-5 6.85444E-5 7.85034E-5 8.23108E-5 7.19735E-5 5.93241E-5 4.40037E-5 4.16483E-5 3.97321E-5 3.80716E-5 3.58285E-5 2.98821E-5 2.44791E-5 2.79487E-5 3.38484E-5 4.17094E-5 4.95165E-5 5.42539E-5 5.32897E-5 6.19868E-5 7.7225E-5 9.01656E-5
-9999 -9999 -9999 -9999 -9999 -9999 -9999 -9999 -9999 -9999 -9999 1.79626E-5 1.71006E-5 1.65619E-5 1.5305E-5 1.50563E-5 1.55456E-5 1.51673E-5 1.5336E-5 1.56626E-5 1.88601E-5 2.28278E-5 2.81379E-5 3.75909E-5 5.00687E-5 5.87726E-5 6.78937E-5 7.36961E-5 7.58585E-5 7.29731E-5 6.14105E-5 6.32886E-5 7.88592E-5 6.53579E-5 5.19762E-5 6.47204E-5 3.35536E-5 2.52763E-5 2.67152E-5 2.50976E-5 2.45236E-5 2.47304E-5 2.58392E-5 3.25944E-5 4.60445E-5 6.38879E-5 6.47046E-5 6.28885E-5 5.84766E-5 5.07129E-5 4.58008E-5 5.1642E-5 5.16229E-5 4.82034E-5 4.16679E-5 3.43046E-5 2.93188E-5 2.62271E-5 3.11614E-5 4.01735E-5 4.72444E-5 5.1524E-5 5.46481E-5 5.98088E-5 7.28012E-5 8.42344E-5
-9999 -9999 -9999 -9999 -9999 -9999 -9999 -9999 -9999 2.33819E-5 2.44956E-5 2.39285E-5 2.31113E-5 2.11375E-5 1.98994E-5 2.04565E-5 2.07689E-5 1.93436E-5 1.84517E-5 1.72898E-5 1.85734E-5 2.41419E-5 3.11185E-5 4.29924E-5 5.00135E-5 7.33291E-5 8.94275E-5 8.43089E-5 8.17122E-5 7.85585E-5 7.88429E-5 8.39393E-5 9.99932E-5 7.16333E-5 5.91177E-5 6.20956E-5 4.11803E-5 2.16408E-5 2.15489E-5 2.00765E-5 1.90967E-5 2.30555E-5 2.96867E-5 3.77155E-5 5.33561E-5 5.50846E-5 5.37005E-5 4.70163E-5 4.59224E-5 4.61373E-5 5.14404E-5 6.23602E-5 6.5774E-5 5.56759E-5 4.49823E-5 3.56132E-5 2.98372E-5 2.83912E-5 3.5294E-5 4.79942E-5 5.79093E-5 6.56235E-5 6.71529E-5 6.02752E-5 6.17206E-5 6.63564E-5
-9999 -9999 -9999 -9999 -9999 -9999 -9999 -9999 -9999 -9999 3.19565E-5 3.1094E-5 2.91856E-5 2.66467E-5 2.50683E-5 2.62691E-5 2.71529E-5 2.5926E-5 2.45582E-5 2.30839E-5 2.24516E-5 2.55368E-5 3.38174E-5 4.14848E-5 4.80682E-5 6.18043E-5 6.69427E-5 7.3874E-5 8.18126E-5 9.81171E-5 1.17834E-4 1.06709E-4 8.78518E-5 7.68961E-5 5.84064E-5 5.70555E-5 5.20164E-5 2.79433E-5 1.85595E-5 1.84957E-5 2.02366E-5 2.49316E-5 3.28851E-5 4.46787E-5 6.25095E-5 6.49043E-5 6.31062E-5 5.67607E-5 4.98477E-5 5.26873E-5 5.17244E-5 5.99278E-5 6.23788E-5 5.22174E-5 4.26036E-5 3.4522E-5 2.81427E-5 2.86213E-5 3.7462E-5 5.10859E-5 6.57539E-5 8.01959E-5 8.16999E-5 6.92391E-5 5.77785E-5 5.86517E-5
3.65012E-5 3.17716E-5 2.66482E-5 2.3174E-5 -9999 -9999 -9999 -9999 3.77959E-5 4.13499E-5 4.30787E-5 4.19367E-5 3.96256E-5 3.47034E-5 3.13789E-5 3.40086E-5 3.58471E-5 3.78606E-5 4.68939E-5 4.31625E-5 3.22814E-5 2.89809E-5 3.41758E-5 3.81374E-5 4.64089E-5 5.1563E-5 5.62317E-5 6.67933E-5 7.36442E-5 9.44452E-5 1.08915E-4 1.0478E-4 1.02671E-4 7.46107E-5 4.67358E-5 6.28639E-5 6.16534E-5 3.18059E-5 2.21823E-5 1.92366E-5 2.13768E-5 2.59395E-5 3.40957E-5 4.2997E-5 6.68358E-5 7.76591E-5 8.01444E-5 6.64625E-5 6.26854E-5 6.80318E-5 5.77756E-5 4.86683E-5 5.02826E-5 4.39044E-5 3.77786E-5 3.27154E-5 2.65643E-5 2.78336E-5 3.70658E-5 5.39974E-5 6.85096E-5 8.05041E-5 8.32987E-5 7.02669E-5 6.36459E-5 7.30804E-5
4.55728E-5 3.86361E-5 3.43654E-5 3.14935E-5 3.09209E-5 3.67873E-5 4.12594E-5 4.54948E-5 5.22912E-5 5.76269E-5 6.05865E-5 6.25317E-5 5.69459E-5 4.67716E-5 4.08705E-5 4.43114E-5 4.6665E-5 4.88354E-5 4.80534E-5 4.4502E-5 3.78319E-5 3.11233E-5 2.79591E-5 3.63658E-5 4.55204E-5 5.86783E-5 5.0171E-5 5.30169E-5 6.21346E-5 8.01047E-5 9.45756E-5 8.74821E-5 9.27088E-5 6.75322E-5 5.24007E-5 6.82699E-5 6.28729E-5 3.6607E-5 2.7644E-5 1.99716E-5 2.1328E-5 2.50351E-5 3.15771E-5 4.12668E-5 6.51039E-5 7.3923E-5 6.96292E-5 6.17674E-5 6.47685E-5 7.78479E-5 6.29102E-5 4.691E-5 3.84745E-5 3.51081E-5 3.16036E-5 2.77296E-5 2.98348E-5 3.14805E-5 3.77132E-5 4.99359E-5 5.93633E-5 6.6526E-5 6.7892E-5 6.1262E-5 6.84083E-5 8.32784E-5
6.08361E-5 5.2946E-5 4.84985E-5 4.5088E-5 4.18233E-5 4.54081E-5 5.22405E-5 6.28353E-5 7.64804E-5 7.83444E-5 7.12416E-5 6.77331E-5 5.95551E-5 5.11267E-5 4.82575E-5 5.50555E-5 6.01681E-5 6.08272E-5 5.86217E-5 5.20033E-5 4.64336E-5 3.7668E-5 3.65353E-5 3.37694E-5 3.94133E-5 4.08785E-5 4.01465E-5 4.28678E-5 5.58757E-5 7.73194E-5 7.21769E-5 7.89342E-5 1.00296E-4 8.90248E-5 6.56748E-5 7.98318E-5 8.08133E-5 5.09445E-5 3.01799E-5 2.35784E-5 2.55844E-5 2.6007E-5 3.04023E-5 3.995E-5 6.10501E-5 7.17722E-5 6.49094E-5 5.70893E-5 5.50814E-5 6.01132E-5 5.37194E-5 4.04008E-5 3.40734E-5 2.86105E-5 2.97291E-5 3.55687E-5 4.01823E-5 4.39738E-5 4.46123E-5 4.43065E-5 4.82194E-5 5.40767E-5 6.43742E-5 7.18344E-5 6.74337E-5 7.14382E-5
8.45606E-5 7.88603E-5 6.78117E-5 6.45707E-5 5.84087E-5 5.9867E-5 7.26184E-5 8.49114E-5 1.07116E-4 1.20007E-4 1.12713E-4 9.35303E-5 7.27948E-5 5.94252E-5 5.39307E-5 6.12969E-5 7.16432E-5 8.33428E-5 1.07667E-4 8.37902E-5 6.31221E-5 4.88025E-5 4.03649E-5 3.42335E-5 3.59851E-5 2.89339E-5 3.51022E-5 4.13972E-5 5.32082E-5 5.28593E-5 7.46184E-5 9.46999E-5 1.31478E-4 1.05823E-4 8.58489E-5 1.10593E-4 1.03674E-4 5.79626E-5 3.49693E-5 3.20016E-5 3.25472E-5 3.32433E-5 3.50784E-5 4.20239E-5 6.44325E-5 8.5652E-5 8.23671E-5 6.46579E-5 5.23447E-5 4.59846E-5 4.54072E-5 3.66417E-5 2.98466E-5 3.04824E-5 3.74567E-5 4.57207E-5 5.51613E-5 6.03652E-5 5.6448E-5 5.0408E-5 4.59129E-5 5.54708E-5 6.88662E-5 8.61039E-5 7.80582E-5 6.48022E-5
9.02939E-5 8.06147E-5 7.39848E-5 7.01064E-5 6.54213E-5 5.80584E-5 7.20322E-5 9.67213E-5 1.50503E-4 1.65482E-4 1.25056E-4 9.6504E-5 7.90141E-5 6.35173E-5 5.53576E-5 6.18661E-5 6.88595E-5 7.72219E-5 7.78939E-5 6.78777E-5 5.31892E-5 4.27234E-5 3.74732E-5 3.85432E-5 2.35884E-5 2.28856E-5 2.70238E-5 4.03111E-5 5.17147E-5 5.6771E-5 7.64766E-5 1.08109E-4 1.14158E-4 1.23848E-4 1.14204E-4 1.08942E-4 1.08006E-4 6.24952E-5 3.81091E-5 3.6208E-5 3.85718E-5 3.98775E-5 4.32559E-5 4.90936E-5 6.66168E-5 8.37016E-5 6.97063E-5 5.92216E-5 4.96689E-5 4.07554E-5 3.4556E-5 3.07968E-5 2.94578E-5 3.47948E-5 3.9996E-5 5.22428E-5 7.07317E-5 7.72374E-5 6.78107E-5 5.71024E-5 4.8163E-5 5.41466E-5 6.23445E-5 7.02282E-5 6.84929E-5 6.03303E-5
6.6527E-5 5.65271E-5 5.92758E-5 6.06258E-5 5.66342E-5 5.42434E-5 6.98798E-5 1.24388E-4 1.61087E-4 1.28638E-4 1.10732E-4 9.71932E-5 8.35025E-5 6.69118E-5 6.42272E-5 7.42712E-5 8.87132E-5 8.96845E-5 7.93974E-5 7.00094E-5 5.73161E-5 4.77769E-5 3.81987E-5 3.02206E-5 2.57933E-5 2.41945E-5 2.75165E-5 3.6063E-5 5.30816E-5 5.34086E-5 7.16321E-5 8.65465E-5 9.26325E-5 1.04786E-4 1.03805E-4 1.0234E-4 1.21976E-4 7.17982E-5 3.72234E-5 3.89446E-5 4.51409E-5 4.92887E-5 5.47924E-5 6.09826E-5 8.19303E-5 1.01794E-4 8.07669E-5 6.21911E-5 4.93105E-5 4.08198E-5 3.40621E-5 3.1884E-5 3.54985E-5 4.15469E-5 5.03914E-5 5.81466E-5 7.36142E-5 8.17048E-5 6.94956E-5 5.63907E-5 5.04271E-5 6.12454E-5 7.73121E-5 8.09961E-5 6.90837E-5 7.70391E-5
6.56338E-5 6.90587E-5 7.6114E-5 7.3369E-5 6.25185E-5 6.49268E-5 7.70094E-5 1.0078E-4 1.3318E-4 1.43683E-4 1.61214E-4 1.38584E-4 1.0263E-4 8.71948E-5 8.00036E-5 7.95021E-5 9.54885E-5 1.24508E-4 1.00053E-4 7.97037E-5 6.14335E-5 5.15668E-5 4.2669E-5 3.90535E-5 3.77258E-5 3.29191E-5 2.66956E-5 3.20063E-5 3.86379E-5 4.59263E-5 5.77814E-5 6.79277E-5 8.22603E-5 8.66934E-5 7.34611E-5 6.9486E-5 8.2564E-5 5.8357E-5 3.46223E-5 4.06377E-5 4.85847E-5 5.84079E-5 6.63412E-5 7.73366E-5 8.41218E-5 9.57861E-5 7.53744E-5 6.00726E-5 4.7323E-5 3.88082E-5 3.29522E-5 3.33465E-5 3.92221E-5 4.68561E-5 6.3581E-5 7.93685E-5 7.09702E-5 6.42143E-5 6.42496E-5 5.69439E-5 5.4837E-5 6.3038E-5 7.59505E-5 8.34856E-5 7.83065E-5 9.04034E-5
5.7567E-5 7.07452E-5 7.87714E-5 7.46738E-5 7.54305E-5 7.24214E-5 9.08111E-5 1.15667E-4 1.49732E-4 1.74164E-4 1.87682E-4 1.4036E-4 1.00416E-4 7.74703E-5 7.70143E-5 9.27469E-5 1.12921E-4 1.23913E-4 1.0965E-4 8.82043E-5 7.02669E-5 6.58386E-5 6.27193E-5 5.6372E-5 4.7743E-5 3.78145E-5 3.02569E-5 2.89078E-5 3.42675E-5 3.99129E-5 5.27828E-5 5.31036E-5 6.00678E-5 5.84516E-5 5.8895E-5 5.67041E-5 6.0474E-5 4.54094E-5 3.29214E-5 3.70884E-5 4.61657E-5 5.40562E-5 6.12542E-5 6.28715E-5 6.95853E-5 7.9486E-5 7.96938E-5 6.48288E-5 5.11284E-5 3.95288E-5 3.1281E-5 3.13261E-5 4.07048E-5 4.91273E-5 6.47305E-5 7.65146E-5 7.1793E-5 8.27048E-5 8.19696E-5 6.65634E-5 6.98286E-5 7.15584E-5 6.30593E-5 6.29396E-5 6.56282E-5 7.32975E-5
5.64855E-5 6.95445E-5 7.56715E-5 7.62555E-5 7.2627E-5 8.00051E-5 1.22944E-4 1.70213E-4 2.21658E-4 2.04974E-4 1.9066E-4 1.67875E-4 1.30098E-4 9.33966E-5 7.2496E-5 7.77725E-5 8.64351E-5 9.04271E-5 9.00314E-5 9.44116E-5 9.53363E-5 9.23384E-5 7.84801E-5 5.94914E-5 4.59466E-5 3.8598E-5 3.31523E-5 2.68126E-5 2.87308E-5 3.41432E-5 4.03592E-5 3.78609E-5 4.13413E-5 4.60193E-5 4.68293E-5 4.52799E-5 5.12698E-5 3.36058E-5 3.04349E-5 3.36134E-5 4.27149E-5 4.41797E-5 4.63251E-5 4.85295E-5 5.83335E-5 8.10267E-5 8.20334E-5 6.59271E-5 5.27323E-5 4.14334E-5 3.32683E-5 2.8636E-5 3.59139E-5 4.76143E-5 5.74019E-5 6.0603E-5 6.44799E-5 7.5114E-5 7.53032E-5 6.67859E-5 8.44786E-5 8.66081E-5 7.3932E-5 6.62179E-5 6.66138E-5 8.41749E-5
5.15477E-5 5.65078E-5 6.5405E-5 8.0321E-5 7.6744E-5 8.4692E-5 1.40418E-4 1.96158E-4 2.09855E-4 2.26345E-4 2.76464E-4 2.57832E-4 2.06528E-4 1.49018E-4 9.98289E-5 7.88794E-5 7.23961E-5 7.86249E-5 9.38654E-5 1.15063E-4 1.223E-4 1.05026E-4 7.29256E-5 5.13057E-5 4.0731E-5 3.49543E-5 3.16506E-5 2.7263E-5 2.72368E-5 2.70281E-5 2.99453E-5 3.40907E-5 3.37762E-5 3.62829E-5 3.7341E-5 3.62683E-5 3.45552E-5 3.05229E-5 2.87405E-5 3.14852E-5 3.29718E-5 3.55025E-5 3.61296E-5 3.88917E-5 5.23364E-5 7.57771E-5 8.59002E-5 7.42681E-5 5.66536E-5 4.35111E-5 3.39515E-5 3.77654E-5 4.30247E-5 5.57397E-5 6.04116E-5 6.84679E-5 8.19208E-5 7.68539E-5 6.31946E-5 6.15072E-5 7.4078E-5 7.8502E-5 1.33153E-4 7.29409E-5 6.54366E-5 8.09125E-5
4.7365E-5 5.61868E-5 8.54207E-5 1.25149E-4 1.21234E-4 1.1631E-4 1.1982E-4 1.24687E-4 1.49056E-4 2.44322E-4 3.04528E-4 2.59866E-4 2.07414E-4 1.59132E-4 1.22278E-4 8.91821E-5 8.31349E-5 9.05364E-5 9.59556E-5 1.20177E-4 1.29822E-4 1.05809E-4 8.13051E-5 5.83172E-5 4.80804E-5 3.88875E-5 3.40972E-5 3.19761E-5 3.05633E-5 3.16414E-5 3.74945E-5 3.69317E-5 3.61313E-5 3.40969E-5 3.00421E-5 2.95108E-5 3.1319E-5 3.98453E-5 2.94273E-5 2.94581E-5 3.0695E-5 3.29934E-5 3.40738E-5 3.74607E-5 5.14697E-5 6.73421E-5 7.08796E-5 6.50188E-5 5.30095E-5 4.20158E-5 4.3556E-5 5.03135E-5 5.71207E-5 6.81322E-5 7.84908E-5 7.31053E-5 7.7812E-5 7.73926E-5 7.1318E-5 5.88836E-5 5.67054E-5 6.7018E-5 7.15796E-5 6.43181E-5 6.03886E-5 6.99187E-5
5.57383E-5 7.44237E-5 1.07824E-4 1.43437E-4 1.56621E-4 1.66199E-4 1.06794E-4 7.69555E-5 8.69789E-5 1.5563E-4 1.68989E-4 1.54258E-4 1.62166E-4 1.78113E-4 1.54024E-4 1.09915E-4 8.0791E-5 8.39417E-5 1.03914E-4 9.25338E-5 1.1218E-4 9.99255E-5 7.32104E-5 5.76434E-5 4.72189E-5 3.73337E-5 4.29584E-5 3.84155E-5 3.91137E-5 4.23246E-5 4.59897E-5 4.88375E-5 4.43014E-5 4.21275E-5 3.46727E-5 3.02517E-5 3.29498E-5 4.11703E-5 3.06883E-5 3.42935E-5 3.69598E-5 4.04897E-5 4.52966E-5 4.79584E-5 5.06478E-5 5.67294E-5 5.39122E-5 4.88534E-5 4.94317E-5 4.81655E-5 5.19976E-5 6.54435E-5 7.46536E-5 6.96931E-5 8.36649E-5 7.72664E-5 7.04852E-5 7.93761E-5 7.28079E-5 5.9612E-5 4.67186E-5 5.39297E-5 5.47237E-5 5.29465E-5 6.50867E-5 6.92563E-5
7.08232E-5 2.21129E-4 2.91521E-4 1.64861E-4 1.45322E-4 1.33754E-4 8.28173E-5 5.71799E-5 5.94018E-5 6.40238E-5 7.11227E-5 8.99104E-5 1.17229E-4 1.43733E-4 1.52002E-4 1.35004E-4 9.31615E-5 8.69291E-5 9.53588E-5 1.0472E-4 9.15241E-5 7.46836E-5 5.98592E-5 4.75759E-5 4.25377E-5 4.35585E-5 4.8248E-5 6.05631E-5 5.42278E-5 5.77539E-5 5.89672E-5 7.16639E-5 6.31987E-5 5.91612E-5 3.9555E-5 3.20245E-5 3.77739E-5 3.92498E-5 3.17843E-5 3.55633E-5 4.111E-5 4.8577E-5 5.68811E-5 6.12974E-5 6.24136E-5 5.03894E-5 4.61933E-5 5.35136E-5 6.35115E-5 6.17658E-5 5.96397E-5 7.02827E-5 1.21166E-4 7.01794E-5 6.6112E-5 6.32817E-5 5.94637E-5 6.31495E-5 5.97543E-5 5.18192E-5 5.07047E-5 5.73496E-5 6.21552E-5 5.7275E-5 7.20554E-5 8.90638E-5
9.76579E-5 1.12562E-4 1.21074E-4 1.4575E-4 1.29329E-4 1.20432E-4 8.78868E-5 6.13568E-5 4.93206E-5 4.80692E-5 6.06955E-5 7.62299E-5 9.83365E-5 9.75532E-5 9.31914E-5 9.47839E-5 8.53672E-5 9.84491E-5 9.37563E-5 8.99421E-5 7.44677E-5 5.24514E-5 4.21519E-5 3.90634E-5 4.16263E-5 4.82342E-5 6.41311E-5 6.83425E-5 6.63746E-5 7.26887E-5 7.81197E-5 9.1871E-5 7.44426E-5 5.73712E-5 4.52773E-5 3.90268E-5 3.77281E-5 3.32114E-5 3.37167E-5 3.5898E-5 4.13698E-5 5.10465E-5 6.87509E-5 7.53117E-5 6.87272E-5 5.2115E-5 4.76439E-5 5.7144E-5 6.83366E-5 8.2362E-5 6.87055E-5 6.13645E-5 6.5523E-5 6.32344E-5 5.40188E-5 5.09185E-5 4.78566E-5 4.92507E-5 4.62786E-5 4.74839E-5 5.93782E-5 7.16774E-5 7.83218E-5 6.7524E-5 6.58028E-5 7.55972E-5
1.0025E-4 9.32609E-5 8.57015E-5 9.78949E-5 1.31885E-4 1.58666E-4 1.38109E-4 7.55375E-5 5.18079E-5 3.70318E-5 4.40461E-5 5.56015E-5 7.03028E-5 6.67416E-5 5.69884E-5 5.30629E-5 5.4314E-5 7.38516E-5 7.48118E-5 6.50473E-5 5.44054E-5 4.40286E-5 3.89192E-5 4.74658E-5 5.00477E-5 6.33997E-5 8.06978E-5 9.12093E-5 8.82616E-5 8.90837E-5 1.07712E-4 9.60601E-5 8.21842E-5 5.96356E-5 4.91934E-5 4.31958E-5 3.70167E-5 2.75551E-5 3.0197E-5 3.36868E-5 3.80672E-5 4.77669E-5 6.4795E-5 7.07102E-5 6.69331E-5 5.28705E-5 4.87143E-5 5.89917E-5 6.8462E-5 7.3336E-5 6.66763E-5 6.2369E-5 5.16397E-5 5.0239E-5 5.19693E-5 5.39303E-5 4.96872E-5 4.26809E-5 4.54188E-5 5.05662E-5 6.14053E-5 7.46194E-5 8.23542E-5 7.20874E-5 5.92169E-5 6.00081E-5
8.74376E-5 1.05823E-4 8.48549E-5 8.74217E-5 1.12281E-4 1.15167E-4 1.23396E-4 7.68209E-5 5.67448E-5 3.46177E-5 3.13039E-5 3.68392E-5 4.20184E-5 4.31724E-5 4.11056E-5 4.3906E-5 4.43544E-5 5.00462E-5 5.15058E-5 5.08767E-5 4.66354E-5 3.76013E-5 3.92994E-5 4.88615E-5 6.48114E-5 7.53996E-5 1.04932E-4 1.39525E-4 1.15146E-4 1.0716E-4 1.27218E-4 9.54302E-5 7.53491E-5 6.10843E-5 5.23264E-5 4.8019E-5 3.23091E-5 2.67162E-5 2.63887E-5 2.90023E-5 3.35285E-5 4.26726E-5 5.37427E-5 5.64179E-5 5.68787E-5 4.70473E-5 5.11089E-5 6.24819E-5 7.87155E-5 8.0712E-5 8.24135E-5 7.2352E-5 5.63401E-5 5.47212E-5 6.47119E-5 6.72151E-5 6.05775E-5 4.99795E-5 5.49138E-5 6.47065E-5 6.82173E-5 6.18362E-5 6.40279E-5 5.8338E-5 5.37426E-5 5.36939E-5
9.1071E-5 1.17624E-4 1.03293E-4 8.66448E-5 9.0327E-5 8.37836E-5 7.29669E-5 6.0089E-5 4.8039E-5 3.26533E-5 2.7277E-5 2.82359E-5 2.87632E-5 2.82197E-5 2.83303E-5 2.94785E-5 3.0253E-5 3.70309E-5 3.79819E-5 3.84927E-5 4.1678E-5 3.77872E-5 3.65737E-5 4.64978E-5 5.82144E-5 6.96009E-5 8.55151E-5 1.0288E-4 9.61325E-5 8.48436E-5 9.61498E-5 8.40728E-5 6.85565E-5 5.99364E-5 5.18869E-5 4.18072E-5 3.17583E-5 3.04067E-5 3.04602E-5 3.2143E-5 3.59259E-5 4.59187E-5 5.20597E-5 5.13492E-5 5.05309E-5 4.2035E-5 4.82959E-5 5.69527E-5 6.51886E-5 6.91941E-5 7.38381E-5 6.58338E-5 5.52389E-5 6.01442E-5 7.46559E-5 8.05896E-5 6.74503E-5 5.54669E-5 6.31582E-5 7.74145E-5 8.72413E-5 7.08125E-5 5.56866E-5 6.35392E-5 7.07188E-5 6.4696E-5
1.01349E-4 1.42303E-4 1.11782E-4 7.76235E-5 8.15536E-5 7.20518E-5 4.84899E-5 4.20501E-5 3.81223E-5 3.13216E-5 3.21947E-5 3.52858E-5 3.56502E-5 3.43116E-5 3.10234E-5 2.68691E-5 2.49946E-5 2.5672E-5 3.19006E-5 3.04836E-5 3.53037E-5 3.36326E-5 3.20686E-5 3.97052E-5 4.94514E-5 5.6085E-5 6.54469E-5 6.8286E-5 6.37103E-5 6.13271E-5 6.41391E-5 6.20163E-5 5.65565E-5 5.44002E-5 4.79354E-5 3.65022E-5 2.96768E-5 3.22125E-5 3.59524E-5 3.93292E-5 4.38978E-5 6.03873E-5 6.71194E-5 6.48674E-5 5.74784E-5 5.1022E-5 5.49351E-5 5.68558E-5 5.57647E-5 5.43521E-5 5.71988E-5 5.38988E-5 4.71743E-5 5.75408E-5 7.01895E-5 7.1733E-5 6.27006E-5 6.94811E-5 6.58436E-5 7.17259E-5 7.43902E-5 6.53747E-5 5.77236E-5 7.08036E-5 8.27603E-5 6.76655E-5
1.16926E-4 1.16475E-4 8.80079E-5 6.8412E-5 6.63818E-5 4.98506E-5 4.02138E-5 3.30573E-5 3.96406E-5 3.74597E-5 3.64209E-5 4.25494E-5 4.36889E-5 3.80092E-5 3.21101E-5 2.71579E-5 2.45271E-5 2.2209E-5 2.23822E-5 2.25899E-5 2.40877E-5 2.36308E-5 2.64847E-5 3.46078E-5 3.80066E-5 3.92497E-5 4.54764E-5 4.98244E-5 4.98805E-5 4.45566E-5 4.50854E-5 4.74255E-5 4.65269E-5 4.27136E-5 3.61207E-5 3.53939E-5 3.04535E-5 3.46823E-5 4.22397E-5 5.31836E-5 6.24496E-5 6.8245E-5 8.26309E-5 7.77971E-5 6.00165E-5 6.24098E-5 6.72947E-5 7.29469E-5 6.86496E-5 6.00292E-5 5.9085E-5 5.17665E-5 5.50391E-5 6.39919E-5 6.8872E-5 7.84926E-5 7.42922E-5 8.83146E-5 7.42251E-5 6.4188E-5 7.26088E-5 7.00761E-5 5.74454E-5 5.87988E-5 6.63983E-5 5.85361E-5
1.03847E-4 1.09441E-4 8.51409E-5 7.19574E-5 5.86753E-5 4.15711E-5 4.49655E-5 4.42711E-5 4.70092E-5 4.61861E-5 4.09044E-5 6.9106E-5 5.03766E-5 4.08104E-5 3.32101E-5 2.69093E-5 2.5175E-5 2.66064E-5 2.19282E-5 1.97577E-5 2.08816E-5 2.22534E-5 2.26844E-5 2.54448E-5 2.62546E-5 2.80297E-5 3.27256E-5 3.66577E-5 3.80693E-5 3.38139E-5 3.22315E-5 3.38253E-5 3.30057E-5 3.08572E-5 3.3523E-5 3.05634E-5 3.0764E-5 3.9104E-5 4.92435E-5 5.6389E-5 7.5797E-5 6.29136E-5 6.50667E-5 6.60686E-5 7.00624E-5 7.95757E-5 7.06264E-5 8.2846E-5 6.94092E-5 7.67737E-5 6.953E-5 5.70166E-5 6.01405E-5 7.55408E-5 8.33308E-5 8.23347E-5 7.23832E-5 7.464E-5 6.74971E-5 6.04878E-5 7.13107E-5 6.75182E-5 5.37659E-5 4.48059E-5 5.03035E-5 4.78622E-5
1.02186E-4 9.76212E-5 7.12553E-5 5.94612E-5 4.65591E-5 5.22025E-5 5.5479E-5 4.54533E-5 4.82325E-5 5.29629E-5 4.46578E-5 4.07669E-5 4.1892E-5 3.71144E-5 3.19929E-5 2.54318E-5 2.36641E-5 2.27284E-5 1.66937E-5 1.50045E-5 1.78526E-5 2.13507E-5 2.19092E-5 2.34623E-5 2.31359E-5 2.26781E-5 2.46106E-5 2.77091E-5 2.93013E-5 2.59324E-5 2.52409E-5 2.48362E-5 2.19041E-5 2.50501E-5 3.13015E-5 2.63183E-5 2.83592E-5 3.5592E-5 4.58366E-5 5.02209E-5 6.43833E-5 5.59368E-5 5.03266E-5 5.99216E-5 6.74686E-5 7.35151E-5 6.92038E-5 6.4469E-5 6.74439E-5 7.57781E-5 6.94005E-5 5.67746E-5 5.64951E-5 6.69152E-5 7.32781E-5 7.24283E-5 6.28126E-5 5.63423E-5 4.46225E-5 4.91121E-5 5.18464E-5 5.14861E-5 4.71647E-5 3.89019E-5 3.75449E-5 3.7763E-5
6.41973E-5 4.55746E-5 3.29679E-5 3.11919E-5 3.88065E-5 5.15418E-5 5.10822E-5 3.8777E-5 3.86618E-5 3.99967E-5 3.80629E-5 3.28881E-5 3.28453E-5 3.04395E-5 2.67609E-5 2.27232E-5 1.96689E-5 1.70006E-5 1.41146E-5 1.26372E-5 1.83698E-5 2.39099E-5 2.63095E-5 2.9936E-5 3.28692E-5 3.40995E-5 3.67357E-5 3.66389E-5 3.11693E-5 2.79856E-5 2.63776E-5 2.11696E-5 1.8253E-5 2.0189E-5 2.29334E-5 2.34969E-5 2.53745E-5 2.93506E-5 3.4131E-5 4.63373E-5 4.97899E-5 4.52389E-5 4.03549E-5 5.04459E-5 6.11871E-5 7.33672E-5 7.99228E-5 6.75639E-5 5.57268E-5 5.98062E-5 5.87196E-5 5.19722E-5 5.59261E-5 6.60088E-5 1.19404E-4 7.40649E-5 5.9206E-5 3.68377E-5 3.79215E-5 3.87657E-5 4.12155E-5 4.04522E-5 3.74965E-5 3.42216E-5 3.02971E-5 3.59042E-5
