catData/rasterBestHybridModels/Pbengalensis/RD_BM01_RM2_L/Pbengalensis_avg.asc
ncols         409
nrows         350
xllcorner     60.897278365
yllcorner     5.843756025
cellsize      0.0892857
NODATA_value  -9999
[rows 116 to 144 of 350, columns 330 to 395 of 409]
1.27851E-4 1.4188E-4 1.46867E-4 1.41599E-4 1.41052E-4 1.41469E-4 1.49971E-4 1.44619E-4 1.24451E-4 1.09389E-4 1.26816E-4 1.5161E-4 1.66954E-4 1.58776E-4 1.40342E-4 1.16064E-4 1.08475E-4 1.36474E-4 1.67412E-4 1.87321E-4 1.64357E-4 1.3084E-4 1.61524E-4 2.0223E-4 1.8081E-4 1.43733E-4 1.68086E-4 1.95525E-4 1.57669E-4 1.2905E-4 1.08448E-4 8.98427E-5 1.12499E-4 1.24647E-4 1.62379E-4 2.05656E-4 2.22614E-4 2.09736E-4 1.65669E-4 1.77353E-4 2.06883E-4 1.66126E-4 1.72144E-4 1.77394E-4 2.04745E-4 1.76885E-4 1.97808E-4 1.73877E-4 1.6265E-4 1.60349E-4 2.19246E-4 2.40242E-4 2.91451E-4 3.17546E-4 3.20092E-4 2.76491E-4 -9999 -9999 -9999 -9999 -9999 -9999 -9999 -9999 -9999 -9999
1.56793E-4 1.70692E-4 1.72004E-4 1.84103E-4 1.75798E-4 1.73528E-4 1.83948E-4 1.72229E-4 1.40798E-4 1.18803E-4 1.08556E-4 1.22703E-4 1.26693E-4 1.38579E-4 1.44043E-4 1.3067E-4 1.10984E-4 1.30428E-4 1.44578E-4 1.66167E-4 1.60816E-4 1.39513E-4 1.51591E-4 1.72853E-4 1.72277E-4 1.63769E-4 1.99358E-4 2.00696E-4 1.79333E-4 1.46857E-4 1.20127E-4 8.67743E-5 1.01676E-4 1.23078E-4 1.66545E-4 1.95673E-4 2.163E-4 2.11529E-4 1.74961E-4 1.6115E-4 1.64123E-4 1.51078E-4 1.89614E-4 1.95699E-4 1.91233E-4 2.31451E-4 3.34704E-4 2.35219E-4 1.61518E-4 1.68817E-4 1.77564E-4 2.21941E-4 2.35624E-4 3.52771E-4 -9999 -9999 -9999 -9999 -9999 -9999 -9999 -9999 -9999 -9999 -9999 -9999
1.99908E-4 1.98954E-4 2.15685E-4 2.27788E-4 2.05264E-4 2.06157E-4 2.21782E-4 1.93793E-4 1.53489E-4 1.21791E-4 9.85804E-5 1.2197E-4 1.47408E-4 1.79742E-4 1.82628E-4 1.53532E-4 1.2627E-4 1.51825E-4 1.70293E-4 1.87989E-4 1.92961E-4 1.62417E-4 1.80967E-4 2.21729E-4 1.89766E-4 1.49597E-4 1.50063E-4 1.48507E-4 1.35113E-4 1.20826E-4 2.17166E-4 1.51906E-4 1.99903E-4 5.30071E-4 5.26248E-4 6.07718E-4 6.69221E-4 2.26044E-4 1.46574E-4 1.76923E-4 2.02316E-4 1.61471E-4 1.63081E-4 1.78962E-4 1.83803E-4 3.09983E-4 4.69181E-4 2.40573E-4 1.82384E-4 2.8171E-4 1.78489E-4 3.69137E-4 3.80107E-4 -9999 -9999 -9999 -9999 -9999 -9999 -9999 -9999 -9999 -9999 -9999 -9999 -9999
2.09785E-4 1.92738E-4 2.01309E-4 1.91995E-4 1.83616E-4 1.29218E-4 2.04215E-4 1.96722E-4 1.61637E-4 1.29575E-4 1.07323E-4 1.24744E-4 1.55056E-4 1.90153E-4 1.91391E-4 1.58989E-4 1.33646E-4 1.61577E-4 1.99601E-4 1.86079E-4 1.91981E-4 2.02739E-4 2.10809E-4 2.01002E-4 1.75202E-4 1.36631E-4 1.11096E-4 1.13058E-4 1.13897E-4 1.74067E-4 1.52534E-4 4.68506E-4 4.56901E-4 5.38466E-4 3.44827E-4 3.28479E-4 4.47923E-4 2.21564E-4 1.48578E-4 1.55158E-4 1.63531E-4 1.46018E-4 1.36948E-4 1.70639E-4 1.99124E-4 4.87938E-4 6.58803E-4 4.9346E-4 2.84612E-4 5.17627E-4 2.76211E-4 2.21097E-4 2.79743E-4 -9999 -9999 -9999 -9999 -9999 -9999 -9999 -9999 -9999 -9999 -9999 -9999 -9999
1.94922E-4 1.91922E-4 1.77327E-4 2.17526E-4 1.31462E-4 1.58811E-4 1.89228E-4 2.07477E-4 1.7285E-4 1.36818E-4 1.2285E-4 1.48339E-4 1.73434E-4 1.72052E-4 1.54551E-4 1.45878E-4 1.41849E-4 1.58861E-4 1.8752E-4 1.75556E-4 1.59953E-4 1.83752E-4 1.92815E-4 1.64007E-4 1.62052E-4 1.38776E-4 1.11694E-4 9.22132E-5 1.50523E-4 2.08089E-4 1.98658E-4 2.39748E-4 2.59884E-4 3.80225E-4 3.98375E-4 5.76479E-4 4.27091E-4 6.21559E-4 2.16426E-4 1.90556E-4 1.66899E-4 1.38856E-4 1.33594E-4 2.23385E-4 6.04323E-4 8.33361E-4 8.25215E-4 4.44058E-4 5.29441E-4 8.07281E-4 5.2035E-4 5.14534E-4 3.37185E-4 2.20671E-4 -9999 -9999 -9999 -9999 -9999 -9999 -9999 -9999 -9999 -9999 -9999 -9999
2.163E-4 2.20588E-4 2.05786E-4 1.79825E-4 1.30169E-4 1.6534E-4 1.50599E-4 1.04858E-4 9.21649E-5 1.39851E-4 5.71416E-5 1.38797E-4 8.69689E-5 2.18237E-4 1.76198E-4 2.40786E-4 1.81011E-4 1.61446E-4 1.39841E-4 1.28205E-4 1.27398E-4 1.42514E-4 1.48799E-4 1.90055E-4 1.9844E-4 1.54732E-4 1.20082E-4 1.76153E-4 2.20734E-4 1.19215E-4 1.06072E-4 9.95937E-5 2.71499E-4 3.28139E-4 4.58078E-4 5.37115E-4 6.89443E-4 6.77487E-4 2.40258E-4 2.0025E-4 1.75523E-4 1.74001E-4 2.57457E-4 3.79408E-4 3.98235E-4 6.81965E-4 7.91532E-4 7.29672E-4 8.69328E-4 6.89895E-4 7.05198E-4 6.45228E-4 3.62828E-4 2.28811E-4 -9999 -9999 -9999 -9999 -9999 -9999 -9999 -9999 -9999 -9999 -9999 -9999
1.3585E-4 1.75798E-4 1.81443E-4 1.22855E-4 8.45003E-5 3.47317E-5 7.8719E-5 1.12641E-5 7.29782E-5 7.1527E-5 6.47342E-5 1.33195E-5 1.326E-4 2.23591E-4 1.83248E-4 2.5345E-4 2.05618E-4 1.65939E-4 1.27533E-4 9.8462E-5 1.01236E-4 1.10121E-4 1.45866E-4 2.02796E-4 1.74039E-4 1.43579E-4 1.19369E-4 1.82725E-4 1.78684E-4 1.27012E-4 1.10206E-4 1.13573E-4 2.76674E-4 3.65334E-4 4.79549E-4 6.53966E-4 8.40627E-4 3.1711E-4 1.94625E-4 1.74103E-4 1.5003E-4 3.55093E-4 6.4373E-4 8.32848E-4 6.483E-4 9.2914E-4 7.24123E-4 7.43597E-4 5.70585E-4 4.54961E-4 5.79244E-4 4.46123E-4 3.69521E-4 -9999 -9999 -9999 -9999 -9999 -9999 -9999 -9999 -9999 -9999 -9999 -9999 -9999
1.7586E-4 1.47806E-4 1.6724E-4 1.64163E-4 1.27211E-4 6.44895E-5 5.27227E-5 1.1119E-4 9.24542E-5 7.60183E-5 5.52248E-5 1.0099E-4 1.77527E-4 2.0469E-4 1.98376E-4 2.96658E-4 2.62902E-4 1.80618E-4 1.34107E-4 1.46605E-4 1.40093E-4 1.85027E-4 4.62947E-4 3.60217E-4 1.45143E-4 1.22427E-4 1.45457E-4 1.66692E-4 1.64723E-4 1.43005E-4 1.19112E-4 9.97428E-5 1.49135E-4 2.48492E-4 2.76324E-4 2.76955E-4 3.26046E-4 2.95798E-4 1.83796E-4 1.59699E-4 2.03057E-4 6.28871E-4 4.22183E-4 9.27398E-4 6.28223E-4 5.25037E-4 8.97257E-4 6.70835E-4 5.2509E-4 4.30829E-4 3.87189E-4 4.66083E-4 2.97851E-4 2.10831E-4 -9999 -9999 -9999 -9999 -9999 -9999 -9999 -9999 -9999 -9999 -9999 -9999
1.76553E-4 1.48705E-4 1.38278E-4 1.3252E-4 1.21131E-4 1.04746E-4 8.86052E-5 8.53696E-5 8.16728E-5 8.84967E-5 1.08663E-4 1.37804E-4 1.52551E-4 2.03674E-4 3.73919E-4 4.50549E-4 4.05995E-4 6.43353E-4 5.64027E-4 6.09807E-4 5.33372E-4 3.14386E-4 2.39132E-4 2.34181E-4 1.74108E-4 1.35877E-4 1.54642E-4 1.89954E-4 1.77105E-4 1.44091E-4 1.18812E-4 1.26576E-4 1.67002E-4 1.92009E-4 1.74013E-4 2.13719E-4 1.8372E-4 1.74466E-4 1.83016E-4 1.60281E-4 1.99385E-4 5.73346E-4 8.02645E-4 4.82881E-4 3.1685E-4 6.67695E-4 7.81429E-4 7.12996E-4 6.56401E-4 5.19589E-4 4.2476E-4 3.88814E-4 3.78335E-4 -9999 -9999 -9999 -9999 -9999 -9999 -9999 -9999 -9999 -9999 -9999 -9999 -9999
1.56347E-4 1.36697E-4 1.14033E-4 1.13477E-4 1.07612E-4 1.01441E-4 8.74781E-5 7.81375E-5 8.48177E-5 8.94717E-5 1.05046E-4 1.25246E-4 1.38921E-4 2.34871E-4 3.13819E-4 6.69763E-4 7.81274E-4 9.10821E-4 8.41187E-4 7.40965E-4 5.31883E-4 3.75591E-4 2.54955E-4 2.08376E-4 3.7686E-4 1.95704E-4 1.66402E-4 1.55149E-4 1.5089E-4 1.39566E-4 1.98528E-4 2.07362E-4 2.25709E-4 2.51927E-4 2.26713E-4 2.642E-4 2.19281E-4 2.02545E-4 1.70161E-4 1.5653E-4 3.63287E-4 6.39423E-4 6.81071E-4 7.28264E-4 6.3173E-4 6.86528E-4 1.01879E-3 5.11145E-4 6.62808E-4 2.99955E-4 3.89292E-4 2.69804E-4 -9999 -9999 -9999 -9999 -9999 -9999 -9999 -9999 -9999 -9999 -9999 -9999 -9999 -9999
1.59198E-4 1.25422E-4 1.05319E-4 9.94161E-5 9.78412E-5 1.19176E-4 1.29501E-4 1.35187E-4 1.61628E-4 1.86744E-4 2.6224E-4 2.35217E-4 1.97536E-4 2.40386E-4 3.97925E-4 7.60957E-4 5.22162E-4 5.38978E-4 7.31512E-4 5.04646E-4 3.27086E-4 1.97463E-4 2.02623E-4 2.25592E-4 2.34168E-4 1.83307E-4 1.81294E-4 1.34005E-4 1.33069E-4 1.69042E-4 2.46039E-4 2.94588E-4 3.20652E-4 3.58024E-4 2.76374E-4 2.95196E-4 1.56796E-4 1.62945E-4 2.62647E-4 5.39813E-4 8.13428E-4 1.17437E-3 1.22798E-3 1.05606E-3 4.73184E-4 6.82219E-4 7.36226E-4 7.62261E-4 5.22281E-4 3.4308E-4 2.6653E-4 2.80773E-4 2.32925E-4 -9999 -9999 -9999 -9999 -9999 -9999 -9999 -9999 -9999 -9999 -9999 -9999 -9999
1.67438E-4 1.31772E-4 1.07149E-4 8.76435E-5 8.37995E-5 1.72597E-4 2.78152E-4 3.09264E-4 5.79519E-4 5.58642E-4 8.18854E-4 4.25211E-4 3.68114E-4 4.13772E-4 3.82111E-4 3.14862E-4 4.86552E-4 3.36155E-4 3.00891E-4 3.35377E-4 2.44601E-4 1.96179E-4 1.75337E-4 1.7102E-4 1.90854E-4 2.24018E-4 1.99464E-4 1.32084E-4 2.40708E-4 5.07443E-4 7.44813E-4 3.5753E-4 5.84481E-4 4.98455E-4 6.94876E-4 3.0714E-4 1.58501E-4 2.52735E-4 2.49648E-4 3.29188E-4 7.43105E-4 9.02822E-4 1.14167E-3 1.08605E-3 4.81032E-4 6.18709E-4 1.02519E-3 6.0522E-4 6.00946E-4 4.30873E-4 3.31156E-4 3.69634E-4 -9999 -9999 -9999 -9999 -9999 -9999 -9999 -9999 -9999 -9999 -9999 -9999 -9999 -9999
2.26607E-4 1.74809E-4 1.4215E-4 1.177E-4 9.53595E-5 1.3852E-4 2.37449E-4 7.08417E-4 7.15396E-4 7.08299E-4 5.04928E-4 4.15183E-4 4.26217E-4 6.57457E-4 4.89591E-4 3.84302E-4 4.10032E-4 4.56301E-4 2.88357E-4 3.11202E-4 2.76112E-4 1.54108E-4 1.5457E-4 1.23677E-4 1.33021E-4 2.06939E-4 1.63461E-4 1.33853E-4 1.89875E-4 2.577E-4 3.45498E-4 4.29826E-4 3.92699E-4 3.15644E-4 6.50719E-4 3.73582E-4 2.01162E-4 3.21082E-4 4.60878E-4 8.01469E-4 1.20292E-3 8.66178E-4 6.24754E-4 6.00955E-4 4.75752E-4 3.53788E-4 5.06513E-4 6.13095E-4 7.70301E-4 4.00655E-4 3.46274E-4 -9999 -9999 -9999 -9999 -9999 -9999 -9999 -9999 -9999 -9999 -9999 -9999 -9999 -9999 -9999
5.78521E-4 2.25486E-4 1.40802E-4 1.11488E-4 1.01475E-4 1.6656E-4 2.17445E-4 7.8811E-4 8.71608E-4 7.0799E-4 5.57882E-4 4.17969E-4 3.557E-4 4.18754E-4 4.20843E-4 4.17173E-4 5.37789E-4 4.14115E-4 3.49731E-4 2.60969E-4 2.09683E-4 1.8526E-4 1.19382E-4 1.18213E-4 1.19707E-4 1.28553E-4 1.59689E-4 1.55723E-4 1.79698E-4 2.32001E-4 2.65488E-4 4.6993E-4 5.86526E-4 2.61917E-4 2.09069E-4 1.92171E-4 3.11929E-4 3.95917E-4 2.45654E-4 4.25053E-4 5.57935E-4 9.2436E-4 3.39952E-4 2.93012E-4 3.686E-4 3.28539E-4 5.50017E-4 5.38687E-4 5.82073E-4 5.55345E-4 -9999 -9999 -9999 -9999 -9999 -9999 -9999 -9999 -9999 -9999 -9999 -9999 -9999 -9999 -9999 -9999
5.42123E-4 5.82939E-4 3.46732E-4 1.53093E-4 1.25611E-4 2.09831E-4 5.70281E-4 4.16152E-4 1.37737E-3 9.91254E-4 4.52412E-4 3.48823E-4 3.0066E-4 3.69996E-4 3.42634E-4 3.24024E-4 4.23448E-4 3.83734E-4 2.82185E-4 3.17054E-4 1.73454E-4 1.59038E-4 1.18839E-4 1.00462E-4 1.46551E-4 1.69208E-4 3.06384E-4 3.65955E-4 3.04203E-4 3.03318E-4 3.80581E-4 4.36418E-4 3.43022E-4 2.6197E-4 1.95081E-4 1.72596E-4 2.4351E-4 1.99477E-4 2.22809E-4 5.7021E-4 3.26371E-4 3.7799E-4 2.19439E-4 2.50646E-4 3.89494E-4 3.17146E-4 3.45057E-4 3.40127E-4 -9999 -9999 -9999 -9999 -9999 -9999 -9999 -9999 -9999 -9999 -9999 -9999 -9999 -9999 -9999 -9999 -9999 -9999
2.39644E-4 2.77539E-4 2.05646E-4 1.93855E-4 2.19589E-4 4.61366E-4 6.09249E-4 7.06656E-4 6.45459E-4 9.41899E-4 5.71788E-4 3.79276E-4 3.53059E-4 4.02751E-4 4.504E-4 4.52182E-4 5.78755E-4 4.83842E-4 3.64478E-4 2.80972E-4 2.06356E-4 1.42977E-4 1.2399E-4 1.19862E-4 1.96601E-4 2.67474E-4 3.55358E-4 3.22653E-4 5.33676E-4 5.4672E-4 4.18466E-4 5.25081E-4 5.92561E-4 4.00172E-4 4.59411E-4 2.57124E-4 1.47173E-4 1.25791E-4 3.03325E-4 7.82747E-4 2.82865E-4 2.35688E-4 2.0448E-4 2.34356E-4 2.35892E-4 2.51634E-4 2.6416E-4 2.18289E-4 -9999 -9999 -9999 -9999 -9999 -9999 -9999 -9999 -9999 -9999 -9999 -9999 -9999 -9999 -9999 -9999 -9999 -9999
2.04045E-4 2.25818E-4 2.23531E-4 1.52691E-4 2.62676E-4 3.58661E-4 3.12622E-4 3.50636E-4 3.49262E-4 3.65572E-4 4.20744E-4 5.49291E-4 7.24299E-4 5.28236E-4 6.49235E-4 5.16166E-4 7.46875E-4 6.55376E-4 3.94287E-4 2.2049E-4 2.01817E-4 2.23938E-4 3.08017E-4 2.36178E-4 2.45104E-4 2.65759E-4 2.92437E-4 3.51579E-4 5.14938E-4 5.26078E-4 8.91352E-4 4.95849E-4 6.82424E-4 4.40922E-4 5.68424E-4 4.2749E-4 1.73366E-4 1.54362E-4 4.33135E-4 2.04327E-4 2.12803E-4 1.47635E-4 2.2814E-4 2.03622E-4 1.50358E-4 2.56382E-4 2.02061E-4 -9999 -9999 -9999 -9999 -9999 -9999 -9999 -9999 -9999 -9999 -9999 -9999 -9999 -9999 -9999 -9999 -9999 -9999 -9999
1.23292E-4 1.21751E-4 1.50843E-4 1.60892E-4 1.53042E-4 1.5303E-4 1.43641E-4 1.21252E-4 1.27815E-4 1.37945E-4 1.25771E-4 1.54356E-4 2.50428E-4 2.58972E-4 2.71829E-4 3.80104E-4 3.60843E-4 2.88931E-4 1.71764E-4 1.26378E-4 2.13272E-4 2.15941E-4 1.96157E-4 1.62904E-4 2.18573E-4 3.50538E-4 3.46418E-4 2.97725E-4 4.10545E-4 6.45611E-4 1.24013E-3 6.00694E-4 5.43776E-4 3.37791E-4 4.33567E-4 2.36685E-4 2.40613E-4 2.62688E-4 2.14174E-4 3.81303E-4 1.84848E-4 2.90809E-4 2.05421E-4 1.8589E-4 1.48253E-4 2.32307E-4 1.97437E-4 -9999 -9999 -9999 -9999 -9999 -9999 -9999 -9999 -9999 -9999 -9999 -9999 -9999 -9999 -9999 -9999 -9999 -9999 -9999
1.00518E-4 1.11032E-4 1.2906E-4 1.41258E-4 1.44716E-4 1.36922E-4 1.24474E-4 1.12493E-4 9.84174E-5 8.89513E-5 1.04328E-4 1.2483E-4 1.53022E-4 1.83035E-4 2.11515E-4 1.92638E-4 1.56354E-4 1.37995E-4 1.25143E-4 1.03566E-4 1.24545E-4 1.63626E-4 1.69502E-4 1.59531E-4 2.46366E-4 2.43669E-4 2.48898E-4 2.23979E-4 2.83092E-4 4.90411E-4 6.85188E-4 4.1743E-4 2.71311E-4 1.98703E-4 1.65927E-4 2.86139E-4 2.93061E-4 5.77147E-4 3.82531E-4 4.05614E-4 2.76145E-4 2.36937E-4 2.16125E-4 2.08927E-4 1.46133E-4 1.65617E-4 1.50565E-4 2.04927E-4 2.66538E-4 -9999 -9999 -9999 -9999 -9999 -9999 -9999 -9999 -9999 -9999 -9999 -9999 -9999 -9999 -9999 -9999 -9999
1.23359E-4 1.23567E-4 1.4856E-4 1.72309E-4 1.77327E-4 1.61487E-4 1.40869E-4 1.20148E-4 1.02634E-4 8.64708E-5 1.02523E-4 1.22277E-4 1.47651E-4 1.78512E-4 2.07947E-4 1.89517E-4 1.71267E-4 1.85694E-4 1.51048E-4 1.23307E-4 1.35408E-4 1.52091E-4 1.66218E-4 1.67072E-4 1.78189E-4 1.87571E-4 1.81877E-4 1.73288E-4 1.74287E-4 2.2753E-4 2.14224E-4 2.16484E-4 1.62145E-4 1.39836E-4 1.64953E-4 2.0641E-4 2.34266E-4 3.7543E-4 8.71422E-4 2.98583E-4 2.98916E-4 2.83411E-4 2.06533E-4 2.0665E-4 1.76424E-4 1.46198E-4 2.33272E-4 2.86722E-4 1.42891E-4 -9999 -9999 -9999 -9999 -9999 -9999 -9999 -9999 -9999 -9999 -9999 -9999 -9999 -9999 -9999 -9999 -9999
1.5329E-4 1.43487E-4 1.59385E-4 2.01505E-4 2.15048E-4 1.79156E-4 1.46548E-4 1.20928E-4 1.01605E-4 8.89435E-5 1.06257E-4 1.27638E-4 1.5212E-4 1.78761E-4 1.89272E-4 1.66811E-4 1.9834E-4 1.92391E-4 1.55272E-4 1.27388E-4 1.45137E-4 1.79348E-4 2.06109E-4 1.74005E-4 1.96071E-4 1.98492E-4 1.76398E-4 1.86772E-4 1.80223E-4 1.76363E-4 1.89458E-4 2.06118E-4 1.61582E-4 1.51841E-4 1.55885E-4 1.70849E-4 1.75666E-4 3.22768E-4 3.78803E-4 2.33497E-4 2.64939E-4 2.18487E-4 2.63272E-4 2.92276E-4 2.63494E-4 2.01539E-4 2.82496E-4 2.82448E-4 -9999 -9999 -9999 -9999 -9999 -9999 -9999 -9999 -9999 -9999 -9999 -9999 -9999 -9999 -9999 -9999 -9999 -9999
1.9151E-4 1.67012E-4 1.47648E-4 1.83599E-4 1.91065E-4 1.67095E-4 1.39864E-4 1.15416E-4 9.49083E-5 1.05621E-4 1.09254E-4 1.29322E-4 1.59211E-4 1.91634E-4 2.20372E-4 1.7306E-4 1.70713E-4 1.67713E-4 1.44253E-4 1.22218E-4 1.50076E-4 1.99715E-4 1.93022E-4 1.6675E-4 1.87742E-4 1.89701E-4 2.02838E-4 2.14504E-4 1.78824E-4 2.24307E-4 2.24493E-4 2.26998E-4 2.66113E-4 2.15142E-4 1.80436E-4 2.24707E-4 2.69695E-4 4.69101E-4 2.62545E-4 2.47313E-4 3.39419E-4 2.93784E-4 3.45322E-4 4.59039E-4 3.51714E-4 4.65769E-4 2.91692E-4 1.50419E-4 -9999 -9999 -9999 -9999 -9999 -9999 -9999 -9999 -9999 -9999 -9999 -9999 -9999 -9999 -9999 -9999 -9999 -9999
2.01579E-4 1.7292E-4 1.39733E-4 1.41596E-4 1.47459E-4 1.38618E-4 1.23289E-4 1.06149E-4 1.12561E-4 1.28592E-4 1.39476E-4 1.35179E-4 1.42297E-4 1.63507E-4 1.71898E-4 1.5083E-4 1.41543E-4 1.41322E-4 1.29704E-4 1.0904E-4 1.28596E-4 1.69258E-4 1.53492E-4 1.78299E-4 2.00151E-4 1.79796E-4 1.74673E-4 1.70985E-4 1.7085E-4 2.36359E-4 3.30635E-4 2.49353E-4 2.50728E-4 1.82818E-4 2.60371E-4 3.65574E-4 4.97922E-4 5.73181E-4 2.33394E-4 2.1567E-4 2.45236E-4 3.02469E-4 3.86015E-4 5.2561E-4 3.3482E-4 3.07864E-4 1.32556E-4 -9999 -9999 -9999 -9999 -9999 -9999 -9999 -9999 -9999 -9999 -9999 -9999 -9999 -9999 -9999 -9999 -9999 -9999 -9999
1.62198E-4 1.51415E-4 1.25677E-4 1.19658E-4 1.31255E-4 1.31807E-4 1.24063E-4 1.10821E-4 1.31191E-4 1.55662E-4 1.73781E-4 1.66206E-4 1.48639E-4 1.28282E-4 1.33384E-4 1.44662E-4 1.48615E-4 1.51507E-4 1.18652E-4 9.56665E-5 1.41129E-4 1.5328E-4 1.53102E-4 1.80447E-4 2.01903E-4 1.79717E-4 1.70589E-4 1.41362E-4 1.41897E-4 1.95361E-4 2.78146E-4 2.02121E-4 1.66047E-4 1.74012E-4 2.0802E-4 2.70973E-4 3.22277E-4 4.26051E-4 2.80507E-4 2.71211E-4 2.79207E-4 2.70677E-4 3.466E-4 3.09201E-4 2.36371E-4 1.4629E-4 1.24156E-4 -9999 -9999 -9999 -9999 -9999 -9999 -9999 -9999 -9999 -9999 -9999 -9999 -9999 -9999 -9999 -9999 -9999 -9999 -9999
1.35269E-4 1.51671E-4 1.6359E-4 1.51798E-4 1.67704E-4 1.62433E-4 1.45131E-4 1.25069E-4 1.39326E-4 1.68036E-4 1.98065E-4 2.01439E-4 1.68313E-4 1.33889E-4 1.5911E-4 1.85162E-4 1.78841E-4 1.6104E-4 1.2506E-4 1.34704E-4 1.84706E-4 1.45524E-4 1.40493E-4 1.58661E-4 1.96123E-4 2.61519E-4 2.60227E-4 2.40881E-4 1.91339E-4 1.55234E-4 2.16338E-4 1.49917E-4 1.4051E-4 1.56135E-4 1.64245E-4 2.341E-4 3.57856E-4 3.84481E-4 2.30787E-4 2.62422E-4 2.76829E-4 2.79522E-4 3.57789E-4 3.066E-4 2.0541E-4 1.45409E-4 -9999 -9999 -9999 -9999 -9999 -9999 -9999 -9999 -9999 -9999 -9999 -9999 -9999 -9999 -9999 -9999 -9999 -9999 -9999 -9999
1.52275E-4 1.84278E-4 2.06671E-4 1.66432E-4 2.04977E-4 1.89925E-4 1.58206E-4 1.39232E-4 1.404E-4 1.69398E-4 1.96079E-4 1.85886E-4 1.75055E-4 1.54425E-4 1.7108E-4 2.01612E-4 1.90172E-4 1.56688E-4 1.69206E-4 2.38719E-4 1.81441E-4 1.7998E-4 1.45069E-4 1.56989E-4 1.98747E-4 2.70276E-4 3.65348E-4 1.95035E-4 1.95782E-4 1.56684E-4 2.01028E-4 1.54718E-4 1.21919E-4 1.53802E-4 2.15341E-4 3.14301E-4 4.04258E-4 3.47667E-4 2.63976E-4 2.41901E-4 2.91379E-4 3.12169E-4 2.97953E-4 2.95353E-4 1.63122E-4 -9999 -9999 -9999 -9999 -9999 -9999 -9999 -9999 -9999 -9999 -9999 -9999 -9999 -9999 -9999 -9999 -9999 -9999 -9999 -9999 -9999
1.43851E-4 1.7384E-4 1.89875E-4 1.58186E-4 1.88052E-4 1.78634E-4 1.60326E-4 1.70154E-4 1.47607E-4 1.59133E-4 1.83962E-4 2.09317E-4 1.95831E-4 1.69885E-4 1.34768E-4 1.54571E-4 1.68479E-4 1.93779E-4 2.53172E-4 3.57107E-4 2.29712E-4 2.04611E-4 2.37359E-4 1.94042E-4 1.72513E-4 3.52669E-4 7.06094E-4 3.03268E-4 2.00842E-4 1.80679E-4 1.72672E-4 1.26192E-4 1.40085E-4 2.07941E-4 2.94737E-4 4.44783E-4 5.40934E-4 3.72675E-4 3.19448E-4 2.29705E-4 6.10592E-4 3.44084E-4 2.81239E-4 2.43852E-4 1.1582E-4 -9999 -9999 -9999 -9999 -9999 -9999 -9999 -9999 -9999 -9999 -9999 -9999 -9999 -9999 -9999 -9999 -9999 -9999 -9999 -9999 -9999
1.28958E-4 1.46351E-4 1.52064E-4 1.37795E-4 1.49116E-4 1.76599E-4 2.1517E-4 2.13732E-4 1.72526E-4 1.48175E-4 1.62089E-4 1.74495E-4 1.60715E-4 1.5315E-4 1.40362E-4 1.79167E-4 1.97994E-4 2.96672E-4 2.83265E-4 2.37306E-4 2.19972E-4 2.10354E-4 2.52428E-4 2.19137E-4 3.04951E-4 7.69045E-4 4.83966E-4 2.4216E-4 2.78426E-4 2.39668E-4 2.21642E-4 1.84059E-4 1.77697E-4 1.95237E-4 4.76087E-4 3.39516E-4 5.52398E-4 3.82568E-4 3.77369E-4 3.24477E-4 3.66046E-4 2.98779E-4 2.24101E-4 1.55636E-4 -9999 -9999 -9999 -9999 -9999 -9999 -9999 -9999 -9999 -9999 -9999 -9999 -9999 -9999 -9999 -9999 -9999 -9999 -9999 -9999 -9999 -9999
1.14845E-4 1.1777E-4 1.24511E-4 1.19582E-4 1.49907E-4 1.90995E-4 2.12472E-4 2.23396E-4 1.72648E-4 1.31214E-4 1.32322E-4 1.49691E-4 1.46115E-4 1.82973E-4 1.85751E-4 2.12328E-4 2.76332E-4 4.08964E-4 1.89194E-4 2.03953E-4 2.40295E-4 2.31693E-4 3.93998E-4 2.35862E-4 4.34582E-4 7.89486E-4 3.87685E-4 2.47308E-4 2.47117E-4 3.30871E-4 2.89032E-4 2.48078E-4 2.71658E-4 3.07839E-4 4.34045E-4 3.95977E-4 3.80585E-4 6.40598E-4 3.55291E-4 2.87796E-4 2.30377E-4 2.60852E-4 1.82476E-4 1.17846E-4 -9999 -9999 -9999 -9999 -9999 -9999 -9999 -9999 -9999 -9999 -9999 -9999 -9999 -9999 -9999 -9999 -9999 -9999 -9999 -9999 -9999 -9999
