catData/rasterBestHybridModels/Pbengalensis/RD_BM01_RM2_L/Pbengalensis_median.asc
ncols         409
nrows         350
xllcorner     60.897278365
yllcorner     5.843756025
cellsize      0.0892857
NODATA_value  -9999
[rows 261 to 289 of 350, columns 132 to 197 of 409]
-9999 -9999 -9999 -9999 -9999 -9999 -9999 -9999 -9999 -9999 -9999 -9999 -9999 -9999 -9999 -9999 -9999 -9999 -9999 -9999 -9999 -9999 1.58558E-4 1.66816E-4 2.70526E-4 4.20182E-4 3.71603E-4 2.97769E-4 2.92026E-4 2.56148E-4 2.15963E-4 1.74349E-4 1.13202E-4 1.5469E-4 1.50471E-4 1.1659E-4 4.55195E-5 3.69905E-6 4.30294E-7 2.23994E-6 4.10177E-6 2.64383E-5 2.52633E-6 2.9798E-6 9.64265E-6 2.3276E-5 9.43525E-6 5.44452E-6 2.54471E-5 4.22718E-7 3.0773E-6 8.35878E-7 8.20687E-7 8.56324E-7 3.41032E-6 3.4649E-7 1.88613E-7 1.55088E-6 2.63848E-5 1.48056E-5 2.51793E-5 5.82476E-7 1.78827E-6 6.33962E-6 3.51577E-5 1.19464E-5
-9999 -9999 -9999 -9999 -9999 -9999 -9999 -9999 -9999 -9999 -9999 -9999 -9999 -9999 -9999 -9999 -9999 -9999 -9999 -9999 -9999 -9999 1.80864E-4 1.71798E-4 1.63465E-4 3.34312E-4 2.32951E-4 2.4007E-4 2.56772E-4 2.44185E-4 2.60978E-4 2.30245E-4 1.70225E-4 1.39253E-4 9.81132E-5 3.09281E-5 2.71527E-6 2.74893E-6 1.74597E-6 2.28804E-6 4.06145E-6 2.77156E-5 6.88388E-6 2.84034E-7 4.4516E-7 1.29789E-6 1.70097E-6 7.17435E-6 1.24445E-6 7.75113E-7 5.94033E-6 9.92076E-6 2.2007E-6 2.74481E-5 1.07385E-6 2.06474E-6 3.07438E-7 2.97173E-6 1.95248E-5 3.64228E-5 3.54101E-6 5.38633E-6 1.05332E-5 9.64797E-6 4.06977E-5 4.46695E-6
-9999 -9999 -9999 -9999 -9999 -9999 -9999 -9999 -9999 -9999 -9999 -9999 -9999 -9999 -9999 -9999 -9999 -9999 -9999 -9999 -9999 -9999 1.01494E-4 1.87791E-4 1.5706E-4 1.62486E-4 3.36421E-4 3.49991E-4 2.01904E-4 3.43004E-4 2.9818E-4 2.68837E-4 2.31744E-4 2.03717E-4 2.13305E-4 4.01256E-5 1.86582E-5 3.87653E-6 1.8963E-6 3.24119E-7 1.88794E-7 3.91587E-6 7.11266E-7 1.05577E-6 7.27382E-7 2.71957E-6 1.18262E-6 1.24222E-6 1.43014E-7 5.06501E-6 1.08775E-5 5.46465E-7 3.65929E-6 2.81217E-5 7.93749E-6 4.74603E-7 3.57556E-6 1.4303E-6 2.63496E-6 1.31172E-6 3.42806E-7 1.0448E-5 2.08827E-6 3.49041E-5 3.97076E-5 1.81379E-5
-9999 -9999 -9999 -9999 -9999 -9999 -9999 -9999 -9999 -9999 -9999 -9999 -9999 -9999 -9999 -9999 -9999 -9999 -9999 -9999 -9999 -9999 1.26068E-4 1.86346E-4 1.42543E-4 1.87278E-4 5.05106E-4 3.85688E-4 3.48488E-4 3.47033E-4 6.24932E-4 2.5797E-4 2.92409E-4 1.81253E-4 3.75322E-4 1.38601E-4 2.48479E-5 1.55821E-6 3.83525E-7 1.00702E-7 2.14019E-6 1.70914E-6 7.88144E-7 1.61801E-6 1.06465E-5 5.6959E-6 1.07376E-6 1.95109E-6 1.34741E-7 1.05088E-6 2.75612E-7 1.17834E-6 7.06839E-6 7.63133E-6 7.12824E-6 2.28141E-5 7.52858E-6 1.8365E-5 1.56653E-6 3.16091E-7 1.85032E-7 5.50959E-7 1.43974E-6 3.80469E-5 1.24715E-4 4.2714E-5
-9999 -9999 -9999 -9999 -9999 -9999 -9999 -9999 -9999 -9999 -9999 -9999 -9999 -9999 -9999 -9999 -9999 -9999 -9999 -9999 -9999 -9999 -9999 1.6319E-4 2.25637E-4 1.4959E-4 3.51761E-4 3.61769E-4 5.41725E-4 5.69109E-4 4.35342E-4 2.63285E-4 3.99999E-4 6.45706E-4 3.35376E-4 7.86187E-5 5.51587E-5 3.08908E-5 1.07109E-5 1.50392E-6 7.42496E-5 2.44695E-6 1.10038E-6 2.29678E-6 3.146E-6 5.44618E-6 1.3962E-6 1.18785E-5 7.66293E-6 1.0135E-5 4.47631E-5 5.04423E-6 2.38875E-6 5.50078E-5 3.37079E-5 4.77019E-5 3.45062E-5 6.02997E-5 2.77833E-5 8.8461E-6 3.54063E-5 9.73067E-5 5.54526E-5 4.03078E-5 5.4124E-5 6.42222E-5
-9999 -9999 -9999 -9999 -9999 -9999 -9999 -9999 -9999 -9999 -9999 -9999 -9999 -9999 -9999 -9999 -9999 -9999 -9999 -9999 -9999 -9999 -9999 1.56034E-4 2.47605E-4 1.85291E-4 2.71489E-4 2.88729E-4 4.15582E-4 4.31812E-4 3.81938E-4 2.11087E-4 2.72031E-4 3.73382E-4 1.30215E-4 4.00707E-6 3.34008E-5 5.60976E-5 6.84678E-5 6.0263E-6 4.71859E-6 3.10174E-5 4.1196E-6 2.95437E-6 1.31651E-5 2.37237E-5 5.81694E-6 7.88637E-6 4.02894E-6 1.57275E-5 2.6624E-5 1.03461E-6 1.12577E-5 8.6113E-5 1.00526E-4 6.15155E-5 5.96664E-5 9.94618E-5 2.27843E-5 1.47792E-5 3.60434E-5 8.90169E-5 1.25876E-4 2.81283E-5 9.10443E-6 1.28193E-5
-9999 -9999 -9999 -9999 -9999 -9999 -9999 -9999 -9999 -9999 -9999 -9999 -9999 -9999 -9999 -9999 -9999 -9999 -9999 -9999 -9999 -9999 -9999 2.4287E-4 3.7645E-4 3.69727E-4 2.04033E-4 2.59572E-4 1.4385E-4 2.05184E-4 3.61837E-4 3.83089E-4 5.18902E-4 5.69587E-4 2.43729E-4 7.86399E-5 1.0787E-4 4.58367E-5 1.59075E-5 2.12851E-5 2.08012E-5 2.44626E-5 4.68613E-6 1.64726E-5 2.4541E-6 1.46691E-5 4.45961E-6 2.15739E-6 1.83846E-5 1.24751E-5 2.67318E-5 2.69014E-6 6.49825E-5 3.19622E-5 6.9495E-5 4.46356E-5 3.12762E-5 3.08222E-5 1.81398E-5 4.37893E-6 1.15048E-5 7.35582E-5 5.30221E-5 2.07893E-5 1.96171E-5 3.02178E-5
-9999 -9999 -9999 -9999 -9999 -9999 -9999 -9999 -9999 -9999 -9999 -9999 -9999 -9999 -9999 -9999 -9999 -9999 -9999 -9999 -9999 -9999 -9999 1.50834E-4 2.82801E-4 3.1736E-4 1.95324E-4 1.66455E-4 1.9742E-4 1.69777E-4 3.0868E-4 3.5277E-4 3.06242E-4 5.68309E-4 2.94901E-4 1.78337E-4 8.79466E-5 6.23615E-5 4.81042E-5 2.45221E-6 1.3674E-6 2.48405E-5 5.73723E-5 2.97388E-5 1.35335E-6 1.61533E-6 1.30857E-7 1.64731E-7 9.67874E-6 2.64117E-5 1.1257E-5 2.10737E-7 3.18721E-5 1.00338E-4 9.63123E-6 6.36461E-5 9.53179E-5 4.34138E-6 4.93608E-6 2.296E-6 6.82916E-5 2.41832E-5 2.26309E-5 2.07007E-5 4.49178E-5 1.15218E-5
-9999 -9999 -9999 -9999 -9999 -9999 -9999 -9999 -9999 -9999 -9999 -9999 -9999 -9999 -9999 -9999 -9999 -9999 -9999 -9999 -9999 -9999 -9999 -9999 2.25217E-4 4.62451E-4 1.98121E-4 1.29555E-4 1.31516E-4 1.83976E-4 3.47725E-4 4.40962E-4 3.21613E-4 4.50833E-4 4.13601E-4 2.65861E-4 1.57193E-4 2.03014E-5 6.73057E-5 5.92994E-6 2.67288E-6 1.77748E-5 9.6542E-6 4.10962E-5 6.40115E-5 3.44427E-6 3.35668E-7 1.316E-7 1.31511E-5 9.09218E-7 2.42767E-6 6.97144E-6 1.81515E-5 1.04885E-5 7.47305E-5 1.55266E-4 8.16014E-5 2.77062E-5 5.0491E-7 4.78967E-6 1.77465E-5 3.90572E-5 3.14607E-5 1.94537E-5 5.73659E-5 1.38026E-5
-9999 -9999 -9999 -9999 -9999 -9999 -9999 -9999 -9999 -9999 -9999 -9999 -9999 -9999 -9999 -9999 -9999 -9999 -9999 -9999 -9999 -9999 -9999 -9999 1.96525E-4 2.22326E-4 2.016E-4 1.46421E-4 1.49945E-4 2.29846E-4 3.81641E-4 4.82661E-4 3.66194E-4 4.12074E-4 4.31635E-4 4.36414E-4 8.61013E-5 9.59064E-5 1.2578E-4 3.0103E-5 1.09842E-5 8.66315E-5 5.99812E-5 4.30552E-5 3.65574E-5 7.45279E-6 8.00224E-7 4.20035E-6 3.00585E-6 1.06021E-5 1.0789E-4 1.39227E-4 7.51916E-5 1.23508E-4 3.01353E-4 2.68435E-4 6.54502E-6 3.88525E-6 3.61176E-7 3.95655E-5 2.48468E-6 3.38952E-5 1.02146E-5 4.49456E-5 1.21488E-5 9.98533E-6
-9999 -9999 -9999 -9999 -9999 -9999 -9999 -9999 -9999 -9999 -9999 -9999 -9999 -9999 -9999 -9999 -9999 -9999 -9999 -9999 -9999 -9999 -9999 -9999 7.16565E-5 1.49603E-4 2.3121E-4 1.73763E-4 1.78682E-4 2.23589E-4 3.36748E-4 4.46607E-4 3.93573E-4 4.69851E-4 3.18954E-4 3.37427E-4 2.93853E-4 1.25051E-4 1.65449E-4 5.86135E-5 5.9762E-5 1.71104E-4 7.49295E-5 7.86658E-5 1.12401E-4 2.59537E-5 7.86625E-6 4.00038E-5 4.49538E-6 6.22035E-5 7.22492E-5 1.23396E-4 1.10752E-4 1.13687E-4 1.40267E-4 3.63319E-5 1.07335E-6 6.44846E-5 4.78803E-5 3.82328E-5 3.36288E-5 8.80367E-5 5.16063E-5 3.16199E-5 5.01616E-5 3.97138E-5
-9999 -9999 -9999 -9999 -9999 -9999 -9999 -9999 -9999 -9999 -9999 -9999 -9999 -9999 -9999 -9999 -9999 -9999 -9999 -9999 -9999 -9999 -9999 -9999 2.02784E-4 3.27763E-4 1.68673E-4 1.67788E-4 2.18145E-4 1.68107E-4 2.18577E-4 2.60036E-4 3.55674E-4 2.2426E-4 4.48894E-4 5.22102E-4 2.46386E-4 1.72261E-4 1.46563E-4 4.40398E-5 1.57778E-5 4.54552E-5 9.71755E-6 4.76901E-5 1.69933E-5 1.16322E-5 3.62789E-6 9.29161E-6 6.11796E-6 4.3735E-5 9.44085E-5 1.51626E-4 1.08241E-4 5.00503E-5 5.85865E-5 1.11128E-5 1.91427E-5 6.43836E-5 1.0837E-4 2.56687E-5 2.96288E-5 7.2202E-5 6.19875E-5 4.002E-5 7.07012E-5 7.31145E-5
-9999 -9999 -9999 -9999 -9999 -9999 -9999 -9999 -9999 -9999 -9999 -9999 -9999 -9999 -9999 -9999 -9999 -9999 -9999 -9999 -9999 -9999 -9999 -9999 -9999 2.13087E-4 1.57075E-4 1.65925E-4 1.77263E-4 2.54112E-4 3.58141E-4 3.9183E-4 4.64557E-4 3.02458E-4 6.53047E-4 6.42959E-4 2.63433E-4 1.82057E-4 1.09519E-4 7.18253E-5 1.08751E-5 7.45885E-5 5.18226E-5 3.02367E-5 4.05015E-5 3.45394E-5 3.03986E-6 1.54857E-4 1.32377E-4 4.15847E-5 1.66892E-4 1.27769E-4 8.99437E-5 4.74495E-6 9.45964E-6 1.31621E-4 4.42063E-5 4.61982E-5 1.26265E-5 3.2723E-5 3.92523E-6 2.47293E-5 4.38821E-5 4.24008E-5 9.68E-5 2.83626E-6
-9999 -9999 -9999 -9999 -9999 -9999 -9999 -9999 -9999 -9999 -9999 -9999 -9999 -9999 -9999 -9999 -9999 -9999 -9999 -9999 -9999 -9999 -9999 -9999 -9999 -9999 1.77911E-4 1.25945E-4 1.68843E-4 3.09348E-4 4.73876E-4 5.01E-4 4.54726E-4 2.49881E-4 7.48744E-4 8.75955E-4 1.99801E-4 1.50837E-4 7.92323E-5 4.60977E-5 5.07952E-6 3.99108E-5 5.95654E-5 6.7117E-6 1.81716E-5 3.67764E-5 7.19386E-5 1.52022E-4 1.88616E-4 1.17326E-4 1.16879E-4 1.25225E-4 9.44579E-5 2.44922E-5 1.42186E-5 1.0872E-4 7.91912E-5 1.05789E-4 7.96489E-5 1.10499E-4 1.79536E-5 4.58554E-5 6.9587E-5 5.16951E-6 9.67538E-6 3.5376E-5
-9999 -9999 -9999 -9999 -9999 -9999 -9999 -9999 -9999 -9999 -9999 -9999 -9999 -9999 -9999 -9999 -9999 -9999 -9999 -9999 -9999 -9999 -9999 -9999 -9999 -9999 1.56704E-4 1.55404E-4 3.01975E-4 6.11513E-4 6.7301E-4 6.70179E-4 4.21104E-4 5.11951E-4 7.36065E-4 5.7879E-4 2.03182E-4 1.59605E-4 9.98186E-5 1.25793E-5 5.62523E-5 1.08075E-4 4.3925E-5 6.08968E-6 2.94331E-5 3.01533E-5 8.5436E-5 1.38403E-4 1.45751E-4 1.31082E-4 2.31602E-5 7.02612E-5 1.1724E-5 2.60449E-5 4.57935E-5 8.56016E-5 1.1256E-4 2.48175E-5 6.30551E-5 4.47736E-5 3.43861E-6 3.06688E-5 3.34919E-5 3.56383E-6 3.21602E-5 6.63532E-5
-9999 -9999 -9999 -9999 -9999 -9999 -9999 -9999 -9999 -9999 -9999 -9999 -9999 -9999 -9999 -9999 -9999 -9999 -9999 -9999 -9999 -9999 -9999 -9999 -9999 -9999 -9999 1.36034E-4 4.49285E-4 4.10854E-4 3.00501E-4 2.51424E-4 3.51099E-4 6.31958E-4 6.30733E-4 5.5164E-4 2.84319E-4 1.42393E-4 1.25224E-4 1.06441E-4 4.52225E-5 3.40702E-5 8.5539E-5 2.1831E-4 1.47978E-4 9.50903E-5 9.9479E-5 1.18969E-4 1.70342E-4 2.53782E-4 5.6811E-5 7.34235E-5 7.16379E-6 1.38139E-6 4.14182E-6 6.2419E-5 5.28794E-5 6.62603E-5 1.88801E-4 2.32372E-5 5.56842E-7 6.76707E-5 1.4395E-6 7.14152E-6 3.93404E-6 8.89952E-5
-9999 -9999 -9999 -9999 -9999 -9999 -9999 -9999 -9999 -9999 -9999 -9999 -9999 -9999 -9999 -9999 -9999 -9999 -9999 -9999 -9999 -9999 -9999 -9999 -9999 -9999 -9999 2.11605E-4 1.69923E-4 3.53676E-4 4.82271E-4 1.89692E-4 4.38348E-4 6.20048E-4 5.58181E-4 4.54884E-4 4.93159E-4 2.4295E-4 1.83645E-4 1.56573E-4 1.11964E-4 8.17682E-5 3.64255E-5 1.49951E-4 1.73703E-4 7.66592E-5 1.00888E-4 5.99002E-5 9.77151E-5 2.95169E-5 1.20713E-4 9.61418E-5 5.51806E-5 2.86985E-5 3.66715E-5 3.12425E-5 7.24983E-5 1.33084E-4 1.6046E-4 8.95607E-6 1.63278E-5 1.18432E-5 2.28892E-5 2.87491E-6 4.71387E-6 1.23531E-5
-9999 -9999 -9999 -9999 -9999 -9999 -9999 -9999 -9999 -9999 -9999 -9999 -9999 -9999 -9999 -9999 -9999 -9999 -9999 -9999 -9999 -9999 -9999 -9999 -9999 -9999 -9999 -9999 1.56909E-4 1.74811E-4 3.47748E-4 5.03783E-4 4.35486E-4 4.90311E-4 4.56372E-4 4.38633E-4 5.8149E-4 2.61623E-4 1.91802E-4 8.03448E-5 1.01753E-4 1.36831E-4 1.228E-4 7.82065E-5 9.73055E-5 3.15282E-5 2.89382E-5 1.26964E-4 1.10303E-4 8.02641E-5 7.23986E-5 8.60603E-5 4.38872E-5 7.6327E-5 6.12922E-5 5.36746E-5 9.06378E-5 1.40768E-4 8.65708E-5 5.14693E-5 3.39156E-5 1.10719E-5 5.82021E-6 1.13799E-5 3.00983E-6 4.71318E-7
-9999 -9999 -9999 -9999 -9999 -9999 -9999 -9999 -9999 -9999 -9999 -9999 -9999 -9999 -9999 -9999 -9999 -9999 -9999 -9999 -9999 -9999 -9999 -9999 -9999 -9999 -9999 -9999 1.82924E-4 1.73998E-4 3.75882E-4 6.34689E-4 4.08086E-4 4.36722E-4 4.6629E-4 4.04512E-4 4.99862E-4 5.31661E-4 3.20284E-4 1.55316E-4 9.93389E-5 1.07274E-4 9.31913E-5 9.55536E-5 1.43168E-4 1.14729E-4 6.71451E-5 1.10831E-4 1.21247E-4 1.57838E-4 9.84399E-5 5.05474E-5 6.33144E-5 2.56064E-5 7.33604E-5 1.07271E-4 9.8235E-5 1.08288E-4 1.14959E-4 2.18497E-5 3.68705E-5 3.16689E-5 9.49207E-5 2.65159E-5 3.07537E-5 2.86616E-5
-9999 -9999 -9999 -9999 -9999 -9999 -9999 -9999 -9999 -9999 -9999 -9999 -9999 -9999 -9999 -9999 -9999 -9999 -9999 -9999 -9999 -9999 -9999 -9999 -9999 -9999 -9999 -9999 2.46389E-4 1.53428E-4 2.30125E-4 2.28382E-4 2.36602E-4 2.90579E-4 3.95877E-4 3.64954E-4 6.89701E-4 5.74061E-4 3.47556E-4 1.62508E-4 4.20887E-6 4.86566E-5 8.17493E-5 6.39498E-5 1.1978E-4 1.40616E-4 6.14068E-5 1.3082E-4 1.54878E-4 9.15372E-5 1.65287E-4 3.69668E-5 3.19397E-5 4.85374E-5 1.33774E-4 9.90569E-5 6.68342E-5 5.6255E-6 9.02723E-5 4.51838E-5 7.45767E-5 8.86891E-5 5.04095E-5 5.42739E-5 1.70221E-5 2.70656E-5
-9999 -9999 -9999 -9999 -9999 -9999 -9999 -9999 -9999 -9999 -9999 -9999 -9999 -9999 -9999 -9999 -9999 -9999 -9999 -9999 -9999 -9999 -9999 -9999 -9999 -9999 -9999 -9999 -9999 1.3587E-4 1.67849E-4 1.44169E-4 1.81362E-4 2.53783E-4 4.25684E-4 3.136E-4 3.55497E-4 6.42932E-4 2.78695E-4 1.1157E-4 3.25058E-5 3.8049E-5 6.90768E-5 6.9289E-5 4.03917E-5 3.67545E-5 4.71338E-5 4.43738E-5 8.61256E-5 1.21906E-4 4.96416E-4 1.08381E-4 4.87243E-5 6.0537E-5 1.64058E-4 9.43522E-5 6.35046E-5 6.37432E-5 3.17909E-5 6.75847E-5 2.54279E-5 6.82093E-6 1.68114E-5 7.42169E-5 8.44695E-6 1.75398E-4
-9999 -9999 -9999 -9999 -9999 -9999 -9999 -9999 -9999 -9999 -9999 -9999 -9999 -9999 -9999 -9999 -9999 -9999 -9999 -9999 -9999 -9999 -9999 -9999 -9999 -9999 -9999 -9999 -9999 -9999 1.83759E-4 1.95105E-4 2.79564E-4 5.8451E-4 5.57598E-4 7.3278E-4 3.71026E-4 6.04394E-4 3.63531E-4 1.83062E-4 1.31762E-4 3.76802E-5 4.17136E-5 1.09539E-4 4.96375E-5 1.57421E-5 1.38496E-5 5.75113E-5 9.7511E-5 2.05395E-4 4.65123E-4 1.43283E-4 7.05048E-5 9.31654E-5 3.09196E-4 2.15862E-4 3.29819E-5 9.35145E-5 5.78518E-5 3.69722E-5 3.1662E-6 8.31591E-5 3.50836E-4 2.5692E-4 3.30319E-4 2.91744E-4
-9999 -9999 -9999 -9999 -9999 -9999 -9999 -9999 -9999 -9999 -9999 -9999 -9999 -9999 -9999 -9999 -9999 -9999 -9999 -9999 -9999 -9999 -9999 -9999 -9999 -9999 -9999 -9999 -9999 -9999 -9999 1.703E-4 1.48266E-4 2.9109E-4 3.69392E-4 4.15786E-4 6.21926E-4 6.77495E-4 6.62339E-4 8.19302E-4 4.51392E-4 1.50348E-4 1.30468E-4 1.37031E-4 1.51225E-4 1.12345E-4 8.96466E-5 1.10592E-5 1.02194E-5 2.15769E-4 2.70984E-4 1.62918E-4 2.15964E-4 2.4033E-4 2.54439E-4 1.85169E-4 7.53058E-5 4.11879E-5 2.4099E-5 7.72515E-5 2.34399E-6 1.52423E-4 2.30099E-4 2.0761E-4 2.05508E-4 1.2841E-4
-9999 -9999 -9999 -9999 -9999 -9999 -9999 -9999 -9999 -9999 -9999 -9999 -9999 -9999 -9999 -9999 -9999 -9999 -9999 -9999 -9999 -9999 -9999 -9999 -9999 -9999 -9999 -9999 -9999 -9999 -9999 -9999 1.76402E-4 2.49664E-4 2.95876E-4 5.41942E-4 4.9941E-4 8.37079E-4 6.60727E-4 9.38162E-4 3.31686E-4 3.57503E-4 2.84802E-4 1.80563E-4 1.21028E-4 3.7405E-5 5.33793E-5 2.63003E-5 8.57575E-5 3.21246E-4 2.612E-4 1.77205E-4 2.08515E-4 2.55432E-4 2.78104E-4 3.27167E-5 1.44974E-4 1.37109E-5 9.58128E-5 6.23762E-5 3.51619E-5 9.08704E-5 1.47562E-6 9.51845E-6 2.63777E-5 1.07039E-4
-9999 -9999 -9999 -9999 -9999 -9999 -9999 -9999 -9999 -9999 -9999 -9999 -9999 -9999 -9999 -9999 -9999 -9999 -9999 -9999 -9999 -9999 -9999 -9999 -9999 -9999 -9999 -9999 -9999 -9999 -9999 -9999 1.96457E-4 1.65706E-4 1.6247E-4 4.05378E-4 4.18133E-4 1.00921E-3 8.01178E-4 3.82592E-4 3.42682E-4 4.6371E-4 4.12756E-4 2.33902E-4 2.03446E-4 1.50513E-4 1.26855E-4 1.18817E-4 1.54555E-4 3.30873E-4 3.15024E-4 2.83672E-4 4.32378E-4 3.62448E-4 1.50441E-4 7.03154E-6 4.86967E-5 5.70664E-5 4.41771E-5 1.14618E-4 6.01598E-6 1.90803E-5 5.44812E-5 2.93663E-6 9.48658E-7 4.58479E-5
-9999 -9999 -9999 -9999 -9999 -9999 -9999 -9999 -9999 -9999 -9999 -9999 -9999 -9999 -9999 -9999 -9999 -9999 -9999 -9999 -9999 -9999 -9999 -9999 -9999 -9999 -9999 -9999 -9999 -9999 -9999 -9999 1.70153E-4 1.62806E-4 2.20877E-4 4.64496E-4 4.72236E-4 7.38356E-4 7.26793E-4 4.42772E-4 5.04697E-4 7.62212E-4 5.561E-4 5.2488E-4 5.85059E-4 3.9247E-4 5.49893E-4 4.76135E-4 1.53072E-4 7.15777E-5 8.22607E-5 8.85485E-5 1.36625E-4 1.57731E-4 8.1178E-5 2.43206E-5 1.09876E-4 1.57053E-5 3.14113E-6 7.24109E-5 6.26369E-5 4.06614E-5 6.41418E-5 6.92926E-6 2.87496E-5 1.08966E-4
-9999 -9999 -9999 -9999 -9999 -9999 -9999 -9999 -9999 -9999 -9999 -9999 -9999 -9999 -9999 -9999 -9999 -9999 -9999 -9999 -9999 -9999 -9999 -9999 -9999 -9999 -9999 -9999 -9999 -9999 -9999 -9999 -9999 1.48245E-4 1.80874E-4 2.33354E-4 3.77432E-4 7.03208E-4 6.01291E-4 3.29507E-4 2.09689E-4 4.81884E-4 1.0316E-3 7.4334E-4 1.52053E-3 1.2703E-3 1.7612E-3 4.57797E-4 1.91836E-4 1.53617E-5 1.16714E-5 2.00304E-4 7.64038E-5 8.99097E-5 1.72807E-4 5.51389E-5 6.04286E-5 4.22948E-7 4.8138E-7 1.47551E-5 8.01607E-5 1.25291E-4 4.47124E-5 2.08208E-4 7.32545E-5 5.1821E-5
-9999 -9999 -9999 -9999 -9999 -9999 -9999 -9999 -9999 -9999 -9999 -9999 -9999 -9999 -9999 -9999 -9999 -9999 -9999 -9999 -9999 -9999 -9999 -9999 -9999 -9999 -9999 -9999 -9999 -9999 -9999 -9999 -9999 -9999 1.65578E-4 1.95675E-4 2.59566E-4 4.01146E-4 5.30049E-4 1.56056E-4 1.20917E-4 2.80182E-4 9.7821E-4 9.24749E-4 9.72805E-4 1.14447E-3 9.58005E-4 1.51851E-4 3.81414E-5 9.07239E-5 4.98889E-6 6.01929E-6 6.39916E-6 2.91352E-7 5.28641E-5 5.18888E-5 2.47966E-5 7.89112E-6 2.93508E-7 1.1315E-6 1.42381E-5 5.86909E-5 5.17156E-5 2.02824E-4 1.40007E-4 8.40193E-5
-9999 -9999 -9999 -9999 -9999 -9999 -9999 -9999 -9999 -9999 -9999 -9999 -9999 -9999 -9999 -9999 -9999 -9999 -9999 -9999 -9999 -9999 -9999 -9999 -9999 -9999 -9999 -9999 -9999 -9999 -9999 -9999 -9999 -9999 -9999 2.07199E-4 2.07753E-4 2.0489E-4 1.94225E-4 1.2782E-4 2.1272E-4 5.27908E-4 6.50801E-4 3.94234E-4 7.39041E-4 5.44965E-4 1.47986E-4 6.09041E-5 1.97286E-5 6.60771E-6 4.71248E-6 5.09419E-7 6.52572E-6 4.94964E-7 1.07695E-5 2.75092E-5 7.5476E-5 7.07135E-5 1.12575E-5 2.68152E-5 2.50918E-5 4.19885E-5 2.50138E-5 2.63271E-4 1.66182E-4 1.46403E-4
