catData/rasterBestHybridModels/Pbengalensis/RD_BM01_RM2_L/Pbengalensis_stddev.asc
ncols         409
nrows         350
xllcorner     60.897278365
yllcorner     5.843756025
cellsize      0.0892857
NODATA_value  -9999
[rows 29 to 57 of 350, columns 132 to 197 of 409]
4.64151E-6 5.91297E-6 5.32766E-6 5.59056E-6 9.86791E-6 1.64729E-5 1.7931E-5 1.01177E-5 1.68194E-5 1.37458E-5 1.01798E-5 1.16419E-5 1.65665E-5 2.50528E-5 2.46371E-5 1.29729E-5 7.0554E-6 6.23005E-6 8.35032E-6 1.17176E-5 2.33713E-5 3.27613E-5 3.4824E-5 3.75561E-5 3.32022E-5 1.81146E-5 1.26872E-5 1.09119E-5 1.1595E-5 1.31423E-5 1.32795E-5 1.30875E-5 1.31057E-5 1.28346E-5 1.61479E-5 2.64698E-5 4.09251E-5 5.21519E-5 5.63036E-5 5.44432E-5 3.69531E-5 3.25703E-5 1.90548E-5 1.35553E-5 1.16662E-5 1.24772E-5 1.46344E-5 1.72132E-5 2.02607E-5 2.0384E-5 2.14722E-5 2.75576E-5 2.71166E-5 3.31216E-5 4.90354E-5 2.93545E-5 1.7427E-5 2.32626E-5 2.05759E-5 2.52304E-5 3.46738E-5 2.2665E-5 1.76995E-5 2.07166E-5 3.42436E-5 3.01581E-5
5.10242E-6 6.02019E-6 5.16911E-6 8.31413E-6 9.91736E-6 1.53568E-5 1.47994E-5 1.09124E-5 1.90812E-5 2.3513E-5 2.1033E-5 9.72031E-6 8.83502E-6 1.53541E-5 2.08986E-5 1.12896E-5 8.96195E-6 8.67393E-6 1.10367E-5 1.88505E-5 1.87517E-5 2.1062E-5 2.78606E-5 3.00809E-5 3.81766E-5 1.94997E-5 1.60996E-5 1.20932E-5 1.11389E-5 1.13318E-5 1.3331E-5 1.24519E-5 1.25777E-5 1.29709E-5 1.51419E-5 2.24337E-5 2.64835E-5 3.75821E-5 4.7113E-5 4.50448E-5 2.69455E-5 2.04475E-5 1.62523E-5 1.37169E-5 1.34975E-5 1.22108E-5 1.17036E-5 1.30791E-5 1.4714E-5 1.58693E-5 2.10761E-5 3.52218E-5 5.22316E-5 7.6278E-5 9.19462E-5 6.10163E-5 4.0547E-5 2.36421E-5 2.65117E-5 2.05294E-5 2.32329E-5 2.17754E-5 1.70351E-5 1.92858E-5 3.25023E-5 3.77335E-5
5.63817E-6 4.83921E-6 4.55377E-6 7.93352E-6 1.01679E-5 1.59504E-5 1.66596E-5 1.31189E-5 1.19771E-5 1.06478E-5 1.18049E-5 2.17223E-5 2.36991E-5 1.80631E-5 1.92678E-5 2.27383E-5 1.84183E-5 1.92563E-5 2.03426E-5 2.50143E-5 2.62377E-5 2.70739E-5 2.80613E-5 3.33E-5 2.49524E-5 2.23976E-5 2.17778E-5 9.30573E-6 1.25194E-5 1.51957E-5 1.83145E-5 1.73422E-5 1.60881E-5 1.39355E-5 1.52188E-5 1.69612E-5 1.49239E-5 2.48934E-5 3.21013E-5 2.88357E-5 2.27998E-5 1.91253E-5 1.49134E-5 1.37719E-5 1.35415E-5 1.34529E-5 1.18341E-5 1.16191E-5 1.18006E-5 1.27872E-5 1.62103E-5 2.63747E-5 4.92556E-5 9.80425E-5 1.23518E-4 1.21374E-4 8.93891E-5 3.87274E-5 2.49517E-5 1.72112E-5 1.48158E-5 1.93127E-5 1.76498E-5 1.96094E-5 2.30156E-5 2.19327E-5
5.05787E-6 4.23725E-6 6.28395E-6 1.04216E-5 2.19048E-5 1.67548E-5 2.06443E-5 1.73841E-5 8.52508E-6 6.11557E-6 1.27435E-5 2.59257E-5 2.74871E-5 2.12477E-5 2.71896E-5 3.19732E-5 2.20457E-5 2.87364E-5 3.45171E-5 2.16561E-5 2.36511E-5 2.24166E-5 2.09642E-5 2.60928E-5 2.60479E-5 1.95603E-5 1.47481E-5 2.07577E-5 3.27074E-5 3.98699E-5 3.96785E-5 3.54551E-5 2.37307E-5 1.71051E-5 1.37465E-5 1.43558E-5 1.27834E-5 1.42946E-5 1.61283E-5 1.75287E-5 1.62136E-5 1.60591E-5 1.45027E-5 1.51084E-5 1.56259E-5 1.6182E-5 1.42409E-5 1.40973E-5 1.49536E-5 1.44874E-5 1.72107E-5 2.22848E-5 3.55709E-5 6.01232E-5 9.25092E-5 1.13848E-4 1.19031E-4 7.08275E-5 4.73804E-5 3.33242E-5 1.76226E-5 1.53685E-5 1.74774E-5 2.2925E-5 2.3508E-5 2.61032E-5
6.93293E-6 7.74731E-6 1.10068E-5 8.89258E-6 1.08098E-5 1.74548E-5 1.83831E-5 1.82924E-5 8.12422E-6 5.74273E-6 1.22165E-5 2.09224E-5 2.29707E-5 1.55914E-5 2.97908E-5 3.56488E-5 2.55613E-5 3.33849E-5 3.08969E-5 1.80042E-5 2.25914E-5 2.98432E-5 2.67928E-5 3.96024E-5 3.66438E-5 1.78459E-5 2.74949E-5 3.44088E-5 4.98495E-5 6.22278E-5 6.67264E-5 4.97095E-5 3.10952E-5 2.09471E-5 1.77403E-5 1.41704E-5 1.26441E-5 1.59132E-5 1.71842E-5 1.63231E-5 1.58721E-5 1.65838E-5 1.74984E-5 1.77822E-5 2.01461E-5 1.99041E-5 1.64576E-5 1.49659E-5 1.57556E-5 1.69868E-5 1.93428E-5 2.99071E-5 4.1123E-5 5.25042E-5 5.85919E-5 6.02315E-5 6.51859E-5 7.05994E-5 5.02796E-5 2.77916E-5 1.70427E-5 1.43091E-5 1.74578E-5 2.03436E-5 1.78124E-5 1.92238E-5
6.91963E-6 9.57323E-6 1.24628E-5 1.14996E-5 1.06627E-5 1.7249E-5 1.44954E-5 1.81023E-5 1.43132E-5 6.68149E-6 9.86091E-6 2.09232E-5 2.99991E-5 2.36756E-5 2.73246E-5 2.91151E-5 3.08134E-5 6.27834E-5 6.16296E-5 2.89697E-5 2.30432E-5 2.12408E-5 2.14044E-5 2.1408E-5 2.07219E-5 2.42062E-5 2.67699E-5 3.68699E-5 5.39008E-5 7.54372E-5 7.31276E-5 5.34331E-5 3.05468E-5 2.15024E-5 1.53849E-5 1.49544E-5 1.74027E-5 2.58091E-5 2.14173E-5 1.80872E-5 1.69405E-5 1.63699E-5 1.97574E-5 1.84547E-5 1.74987E-5 1.86989E-5 1.71705E-5 1.6051E-5 1.53137E-5 1.34278E-5 1.49304E-5 2.56642E-5 4.5614E-5 6.68342E-5 5.38159E-5 3.89002E-5 3.29059E-5 3.5029E-5 3.80591E-5 2.71832E-5 1.75973E-5 1.52738E-5 1.65178E-5 1.7475E-5 1.48266E-5 1.52232E-5
5.09786E-6 5.75087E-6 8.53879E-6 8.42813E-6 5.6912E-6 7.12762E-6 1.05022E-5 2.69609E-5 2.49283E-5 8.00392E-6 7.71429E-6 1.59859E-5 2.21094E-5 1.9168E-5 1.43211E-5 1.53607E-5 1.88978E-5 2.99202E-5 3.94807E-5 3.69732E-5 2.05891E-5 1.60585E-5 2.13257E-5 2.28665E-5 2.26903E-5 2.59392E-5 3.06274E-5 3.6725E-5 3.09162E-5 3.77274E-5 5.68337E-5 3.71686E-5 2.20085E-5 1.64442E-5 1.1707E-5 1.69959E-5 2.23075E-5 2.50126E-5 2.56283E-5 2.7344E-5 1.98675E-5 1.86786E-5 2.00746E-5 1.74518E-5 1.47161E-5 1.55793E-5 1.57491E-5 1.49336E-5 1.43487E-5 1.32728E-5 1.24345E-5 1.90762E-5 2.84699E-5 4.59664E-5 4.81035E-5 3.4073E-5 2.23524E-5 2.10533E-5 2.52265E-5 2.33287E-5 1.82777E-5 1.68734E-5 1.698E-5 1.91409E-5 1.63234E-5 1.40702E-5
4.76323E-6 4.66921E-6 4.65371E-6 6.60419E-6 8.03877E-6 5.79122E-6 6.52525E-6 1.28491E-5 1.61594E-5 1.08274E-5 8.21544E-6 2.32905E-5 2.78712E-5 1.56803E-5 1.43522E-5 1.92641E-5 2.04536E-5 1.68463E-5 1.45263E-5 1.96397E-5 2.25506E-5 2.5125E-5 3.32329E-5 3.30513E-5 2.66732E-5 2.05646E-5 2.07028E-5 2.55265E-5 1.82573E-5 1.49041E-5 2.47527E-5 2.18817E-5 1.44943E-5 1.13943E-5 1.15952E-5 1.60231E-5 1.92177E-5 2.13894E-5 2.5308E-5 3.10349E-5 2.28108E-5 1.75569E-5 1.66856E-5 1.62473E-5 1.5302E-5 1.55316E-5 1.59588E-5 1.73547E-5 1.87189E-5 1.64456E-5 1.43901E-5 1.59416E-5 1.86923E-5 2.279E-5 3.04238E-5 2.66585E-5 1.76331E-5 1.52255E-5 1.63928E-5 1.74363E-5 1.9847E-5 2.06328E-5 1.84401E-5 1.81491E-5 1.96407E-5 1.63592E-5
5.05631E-6 4.78663E-6 5.93268E-6 1.48005E-5 1.58456E-5 6.29403E-6 5.39461E-6 6.19099E-6 1.60316E-5 2.12162E-5 1.41677E-5 2.37844E-5 1.66286E-5 8.16888E-6 1.09295E-5 2.16863E-5 2.07356E-5 1.39809E-5 1.08264E-5 2.22345E-5 2.65436E-5 2.8678E-5 2.67272E-5 3.70285E-5 3.06056E-5 1.50548E-5 2.00001E-5 2.86724E-5 2.19844E-5 1.66867E-5 1.53427E-5 1.19839E-5 1.00108E-5 1.00349E-5 1.14038E-5 1.24931E-5 1.71316E-5 2.2349E-5 2.86843E-5 3.19537E-5 3.0382E-5 1.6759E-5 1.48777E-5 1.83178E-5 2.39477E-5 2.83421E-5 2.74272E-5 2.76892E-5 3.26736E-5 2.84034E-5 1.85452E-5 1.62783E-5 1.67151E-5 1.73339E-5 2.19898E-5 2.06943E-5 1.565E-5 1.41314E-5 1.42574E-5 1.54064E-5 1.91436E-5 2.36915E-5 2.34994E-5 1.95059E-5 1.89346E-5 2.20689E-5
5.41903E-6 4.72459E-6 5.76587E-6 1.077E-5 1.2022E-5 6.25006E-6 5.81155E-6 1.01966E-5 1.0276E-5 9.97137E-6 1.07861E-5 1.40024E-5 1.08565E-5 7.88045E-6 5.57223E-6 9.30623E-6 9.86233E-6 8.75417E-6 1.89467E-5 3.02299E-5 3.99009E-5 2.69418E-5 3.45282E-5 3.44131E-5 2.9187E-5 2.6821E-5 2.90031E-5 2.97297E-5 2.0417E-5 1.46482E-5 1.11132E-5 1.03026E-5 9.63496E-6 8.6677E-6 8.66299E-6 1.09721E-5 1.34316E-5 1.72322E-5 2.44607E-5 2.8848E-5 2.96084E-5 1.73817E-5 1.55277E-5 2.66293E-5 3.55666E-5 5.2764E-5 6.36128E-5 5.05218E-5 4.47825E-5 3.88888E-5 3.12519E-5 1.96195E-5 1.62914E-5 1.59882E-5 1.85285E-5 1.84166E-5 1.50123E-5 1.54084E-5 1.66861E-5 1.58197E-5 1.65244E-5 2.05494E-5 2.46106E-5 2.4726E-5 2.06411E-5 1.86696E-5
5.49252E-6 4.78532E-6 5.09268E-6 8.42734E-6 1.13124E-5 7.12258E-6 6.83004E-6 1.23898E-5 1.17001E-5 6.21962E-6 4.83612E-6 5.03451E-6 8.08696E-6 1.30209E-5 1.30377E-5 6.93849E-6 6.36605E-6 1.36091E-5 2.7424E-5 4.22695E-5 5.59615E-5 3.66051E-5 3.00565E-5 3.12368E-5 2.42505E-5 2.8352E-5 2.95515E-5 2.76145E-5 2.1069E-5 1.57928E-5 1.25973E-5 1.04517E-5 1.03475E-5 1.4619E-5 1.35251E-5 1.57591E-5 1.53148E-5 1.44625E-5 1.5073E-5 1.89836E-5 1.97839E-5 1.87713E-5 2.37941E-5 4.36561E-5 5.53341E-5 6.97246E-5 8.53019E-5 7.14536E-5 6.39289E-5 5.91598E-5 4.44815E-5 2.46326E-5 1.82236E-5 1.65024E-5 1.7682E-5 2.20453E-5 1.82106E-5 1.67741E-5 1.75576E-5 1.69619E-5 1.5441E-5 1.70454E-5 2.25569E-5 2.68478E-5 2.4029E-5 1.77952E-5
5.88251E-6 5.18124E-6 4.75016E-6 4.95833E-6 5.32151E-6 5.04232E-6 5.11244E-6 6.40597E-6 6.28596E-6 4.95867E-6 4.58448E-6 4.92007E-6 8.23191E-6 1.29675E-5 1.25377E-5 7.25427E-6 1.29783E-5 1.7275E-5 1.62545E-5 2.49889E-5 3.26666E-5 2.7071E-5 9.24872E-6 1.43036E-5 2.05919E-5 2.60523E-5 3.19727E-5 3.35165E-5 3.37596E-5 3.00955E-5 2.10933E-5 1.27425E-5 1.10924E-5 1.44686E-5 1.89297E-5 1.9646E-5 2.31576E-5 2.48153E-5 2.10287E-5 1.47739E-5 1.405E-5 1.25781E-5 2.04463E-5 5.95962E-5 9.75986E-5 1.12907E-4 1.12115E-4 1.18178E-4 1.11483E-4 7.5694E-5 4.16025E-5 3.07337E-5 2.05399E-5 1.7037E-5 1.66762E-5 2.07968E-5 2.10909E-5 1.76797E-5 1.74272E-5 1.64566E-5 1.49319E-5 1.45953E-5 1.75935E-5 2.12378E-5 2.08875E-5 1.64046E-5
6.18021E-6 5.8092E-6 5.20657E-6 4.75336E-6 4.65308E-6 4.71258E-6 5.3774E-6 5.05019E-6 7.05711E-6 6.65158E-6 4.69184E-6 4.69072E-6 4.91895E-6 6.84789E-6 6.54728E-6 6.60207E-6 1.57343E-5 2.12643E-5 2.04433E-5 1.32591E-5 1.16068E-5 7.7821E-6 6.68236E-6 6.63514E-6 6.3824E-6 1.61999E-5 3.85193E-5 3.52192E-5 3.73155E-5 3.40013E-5 2.73514E-5 1.58222E-5 1.6847E-5 1.90079E-5 2.85816E-5 2.63657E-5 2.22606E-5 1.90554E-5 1.26509E-5 1.09711E-5 1.18015E-5 1.26764E-5 1.78824E-5 4.59396E-5 9.26907E-5 1.35636E-4 1.41906E-4 1.042E-4 9.5638E-5 7.52436E-5 3.91601E-5 2.5644E-5 1.87533E-5 1.58958E-5 1.72387E-5 1.67365E-5 1.65394E-5 1.57276E-5 1.53799E-5 1.43319E-5 1.60173E-5 1.52162E-5 1.31154E-5 1.30768E-5 1.55113E-5 1.44307E-5
5.97334E-6 5.46282E-6 4.85976E-6 4.82791E-6 5.66965E-6 6.52217E-6 9.90176E-6 8.78366E-6 1.07115E-5 1.05943E-5 5.52024E-6 4.02566E-6 4.83306E-6 4.75922E-6 4.82614E-6 5.09857E-6 8.19188E-6 9.82455E-6 1.07323E-5 7.67994E-6 4.8941E-6 5.53846E-6 5.70202E-6 4.98151E-6 5.37313E-6 7.67839E-6 1.09919E-5 1.67715E-5 2.46909E-5 2.89742E-5 2.17578E-5 2.35376E-5 2.62254E-5 3.45924E-5 4.58154E-5 4.36283E-5 3.20583E-5 1.8605E-5 9.47275E-6 9.64778E-6 1.31471E-5 1.42611E-5 1.50721E-5 2.34259E-5 5.64708E-5 1.01733E-4 1.02808E-4 7.30771E-5 5.43646E-5 4.87289E-5 3.05543E-5 2.07841E-5 1.67831E-5 1.54198E-5 1.61639E-5 1.55615E-5 1.50542E-5 1.7309E-5 1.52682E-5 1.28029E-5 1.44433E-5 1.74596E-5 1.55316E-5 1.18122E-5 1.00966E-5 9.37733E-6
5.65964E-6 5.51981E-6 4.73678E-6 5.49825E-6 1.03927E-5 1.20527E-5 9.64524E-6 8.96398E-6 6.03221E-6 5.92114E-6 4.45595E-6 6.22209E-6 7.99137E-6 6.29789E-6 4.77553E-6 5.14244E-6 4.81181E-6 4.52488E-6 4.17588E-6 4.27571E-6 5.01644E-6 4.98091E-6 4.77662E-6 6.18905E-6 9.49046E-6 1.13549E-5 8.01089E-6 1.15586E-5 2.57956E-5 2.01985E-5 1.84818E-5 3.05887E-5 3.43378E-5 1.98194E-5 2.18683E-5 2.13411E-5 2.38491E-5 2.6435E-5 1.33873E-5 9.23493E-6 1.22887E-5 1.35109E-5 1.38499E-5 1.76504E-5 2.46926E-5 4.92492E-5 6.81222E-5 5.19918E-5 4.29726E-5 2.76902E-5 2.38348E-5 1.80397E-5 1.59567E-5 1.49474E-5 1.68421E-5 1.54923E-5 1.56664E-5 1.58841E-5 1.66502E-5 1.51271E-5 1.49877E-5 1.47837E-5 1.16034E-5 1.06672E-5 1.08034E-5 8.05963E-6
4.90062E-6 4.70875E-6 4.75114E-6 5.40954E-6 7.82634E-6 8.42492E-6 5.95418E-6 5.29464E-6 4.61119E-6 4.51071E-6 4.87757E-6 8.6677E-6 1.05417E-5 5.96623E-6 4.73696E-6 5.11426E-6 5.14383E-6 4.51712E-6 5.46706E-6 5.78733E-6 5.60034E-6 4.10094E-6 6.89198E-6 1.19878E-5 1.44978E-5 8.89726E-6 6.53683E-6 1.10235E-5 2.65703E-5 3.28004E-5 1.67536E-5 2.14832E-5 2.31479E-5 1.39798E-5 1.16484E-5 8.00941E-6 7.29158E-6 8.53905E-6 1.01564E-5 1.14893E-5 1.03934E-5 1.17095E-5 1.34917E-5 1.58308E-5 1.99915E-5 2.49223E-5 3.2324E-5 3.31842E-5 2.92378E-5 2.2261E-5 1.5965E-5 1.71167E-5 1.7287E-5 1.58235E-5 1.6269E-5 1.76711E-5 1.69832E-5 1.46087E-5 1.58247E-5 1.75631E-5 1.80417E-5 1.69793E-5 1.13928E-5 1.08713E-5 1.37028E-5 8.77836E-6
5.55758E-6 6.93137E-6 7.02946E-6 5.37345E-6 4.7417E-6 5.03838E-6 4.67307E-6 4.9161E-6 5.0788E-6 4.45445E-6 4.79927E-6 5.67962E-6 4.78186E-6 4.43926E-6 6.37471E-6 1.04766E-5 9.07307E-6 5.31122E-6 4.77431E-6 4.97262E-6 4.70589E-6 4.71561E-6 5.49661E-6 8.53136E-6 1.07711E-5 2.27863E-5 1.42394E-5 1.27484E-5 2.17849E-5 2.49686E-5 1.99362E-5 2.01827E-5 2.01874E-5 2.82431E-5 3.35623E-5 2.11169E-5 1.04048E-5 9.5538E-6 1.03412E-5 1.19904E-5 1.32601E-5 1.14324E-5 1.24202E-5 1.44832E-5 1.52453E-5 1.93554E-5 1.95093E-5 2.05134E-5 2.07092E-5 1.86782E-5 1.72683E-5 1.89761E-5 1.81108E-5 1.79321E-5 1.6055E-5 1.63851E-5 1.8681E-5 1.66276E-5 1.5935E-5 1.56767E-5 1.71908E-5 1.59016E-5 1.12203E-5 1.04232E-5 1.45694E-5 1.02668E-5
7.11611E-6 1.2555E-5 1.15422E-5 6.362E-6 4.85466E-6 5.11935E-6 5.42625E-6 6.05414E-6 5.09132E-6 4.36545E-6 5.85302E-6 1.11301E-5 8.08073E-6 5.0309E-6 6.28118E-6 1.04949E-5 7.96222E-6 4.79192E-6 4.87159E-6 4.5358E-6 5.34775E-6 5.81712E-6 8.14928E-6 7.24343E-6 8.8514E-6 1.18536E-5 1.10937E-5 1.84747E-5 1.54407E-5 1.27151E-5 1.14383E-5 1.47482E-5 3.55299E-5 4.45259E-5 4.4214E-5 2.97621E-5 1.50243E-5 9.40439E-6 9.1619E-6 1.03347E-5 1.129E-5 1.20567E-5 1.09194E-5 1.31475E-5 1.55578E-5 1.83658E-5 1.8311E-5 2.4183E-5 2.8408E-5 2.81379E-5 2.12781E-5 1.9888E-5 1.68795E-5 1.63934E-5 1.56267E-5 1.61132E-5 1.77688E-5 1.85173E-5 1.79414E-5 1.59083E-5 1.58209E-5 1.58965E-5 1.13349E-5 9.97892E-6 1.49891E-5 1.08261E-5
9.33492E-6 8.89167E-6 8.03554E-6 5.87971E-6 5.00693E-6 4.81991E-6 5.61063E-6 6.28208E-6 5.91871E-6 5.18418E-6 4.78117E-6 7.19963E-6 7.51597E-6 9.27543E-6 5.68344E-6 4.95885E-6 4.66111E-6 4.39062E-6 4.3841E-6 4.98996E-6 8.39012E-6 1.06707E-5 9.87129E-6 9.8945E-6 5.67173E-6 5.36245E-6 7.41771E-6 9.86079E-6 1.00519E-5 1.9714E-5 1.90729E-5 1.39471E-5 2.04224E-5 3.63765E-5 2.96436E-5 2.07378E-5 1.42696E-5 6.60753E-6 6.24576E-6 6.86047E-6 1.03303E-5 1.40299E-5 1.11786E-5 1.39981E-5 1.40643E-5 1.51999E-5 1.91111E-5 3.49458E-5 4.19487E-5 3.88356E-5 3.49726E-5 2.5155E-5 2.01495E-5 1.80051E-5 1.62023E-5 1.70883E-5 1.77122E-5 1.96041E-5 1.86366E-5 1.65818E-5 1.44639E-5 1.43193E-5 1.19778E-5 9.84372E-6 1.01738E-5 8.3045E-6
1.38035E-5 8.13062E-6 9.3391E-6 1.20169E-5 7.59959E-6 5.24282E-6 5.46745E-6 5.04633E-6 4.4781E-6 4.40506E-6 4.23158E-6 5.58795E-6 1.02392E-5 8.17388E-6 7.62449E-6 5.33078E-6 4.55134E-6 4.71928E-6 5.3185E-6 8.60538E-6 1.16568E-5 7.42018E-6 5.1656E-6 6.82158E-6 1.16433E-5 7.5826E-6 4.95917E-6 5.33991E-6 9.91926E-6 1.71763E-5 1.51521E-5 8.69036E-6 5.79895E-6 9.63571E-6 8.24796E-6 7.01101E-6 8.86373E-6 6.93682E-6 6.00308E-6 8.42081E-6 1.16625E-5 1.77286E-5 1.43219E-5 1.40951E-5 1.37049E-5 1.95125E-5 4.09442E-5 7.05907E-5 8.99702E-5 6.14156E-5 4.98302E-5 3.4444E-5 3.09291E-5 2.00983E-5 1.82338E-5 1.78653E-5 1.89973E-5 2.02942E-5 1.96033E-5 1.71697E-5 1.53947E-5 1.36222E-5 1.21061E-5 1.04757E-5 9.42649E-6 7.08315E-6
6.61936E-6 5.22869E-6 8.01176E-6 1.23541E-5 7.91018E-6 5.06976E-6 4.84188E-6 4.46641E-6 5.9669E-6 5.59387E-6 5.95816E-6 9.36325E-6 6.89068E-6 6.90169E-6 9.83173E-6 5.7792E-6 7.41876E-6 8.87025E-6 5.31268E-6 8.46362E-6 7.57677E-6 8.78859E-6 5.18834E-6 6.88071E-6 8.96529E-6 6.64679E-6 5.49081E-6 6.47724E-6 5.53437E-6 6.94094E-6 6.37579E-6 5.1142E-6 5.58223E-6 5.63335E-6 6.89001E-6 9.28343E-6 1.22369E-5 7.4449E-6 1.34193E-5 1.73075E-5 1.57002E-5 2.10673E-5 1.64714E-5 1.39458E-5 1.63195E-5 2.49326E-5 4.50803E-5 8.23479E-5 1.34401E-4 9.72355E-5 5.36979E-5 4.42651E-5 4.05503E-5 2.0584E-5 1.8318E-5 2.09629E-5 2.26514E-5 2.25681E-5 2.00099E-5 1.97432E-5 1.79456E-5 1.62332E-5 1.40672E-5 1.18179E-5 1.07545E-5 7.98684E-6
4.80537E-6 5.34809E-6 6.11124E-6 9.58571E-6 9.2535E-6 8.74068E-6 8.0804E-6 5.1328E-6 9.30586E-6 8.69173E-6 5.18008E-6 7.86973E-6 6.19101E-6 5.55839E-6 7.83463E-6 1.10725E-5 7.3666E-6 7.3704E-6 5.00425E-6 7.62735E-6 1.24234E-5 7.0642E-6 5.56074E-6 1.01892E-5 9.99446E-6 1.06188E-5 8.09252E-6 1.16755E-5 7.02727E-6 5.69206E-6 4.97518E-6 4.78847E-6 4.88339E-6 4.73036E-6 6.1895E-6 1.09643E-5 2.2121E-5 1.8079E-5 2.57131E-5 2.45874E-5 2.27322E-5 2.08469E-5 1.27122E-5 1.20759E-5 2.19099E-5 3.63346E-5 5.74693E-5 7.95431E-5 1.2518E-4 1.0521E-4 7.28824E-5 5.05403E-5 4.76294E-5 2.36801E-5 1.81969E-5 2.04889E-5 2.11192E-5 2.24185E-5 2.16733E-5 2.15652E-5 1.9126E-5 1.77743E-5 1.61998E-5 1.52455E-5 -9999 -9999
4.7004E-6 6.8212E-6 1.12359E-5 6.58182E-6 5.75577E-6 7.21143E-6 6.93971E-6 4.68744E-6 5.80118E-6 6.67564E-6 6.34961E-6 4.65302E-6 4.32905E-6 6.4511E-6 9.56556E-6 7.26082E-6 8.92642E-6 7.49962E-6 1.01952E-5 7.33957E-6 1.12337E-5 7.61001E-6 5.77791E-6 1.01248E-5 7.11844E-6 7.5813E-6 6.26479E-6 7.92571E-6 8.1269E-6 1.02416E-5 6.67677E-6 5.62734E-6 6.08343E-6 6.48186E-6 8.60945E-6 1.08791E-5 2.21343E-5 2.47866E-5 2.66478E-5 2.30549E-5 1.58883E-5 1.17918E-5 9.351E-6 1.05187E-5 1.2895E-5 2.9468E-5 6.30983E-5 7.67568E-5 8.02113E-5 6.7027E-5 6.30028E-5 4.56922E-5 4.23921E-5 3.33307E-5 1.78304E-5 1.58378E-5 1.61837E-5 1.79854E-5 1.87526E-5 1.93577E-5 2.02481E-5 2.1387E-5 2.05578E-5 1.94898E-5 -9999 -9999
5.94204E-6 5.45081E-6 6.74519E-6 5.50492E-6 4.38974E-6 4.38806E-6 4.38079E-6 4.39564E-6 5.07321E-6 8.58439E-6 8.71821E-6 5.27461E-6 6.00667E-6 4.60592E-6 4.72974E-6 7.7332E-6 1.0585E-5 9.26285E-6 9.57209E-6 7.86173E-6 6.45347E-6 6.01608E-6 7.56554E-6 6.12029E-6 7.54856E-6 6.735E-6 4.4739E-6 4.45864E-6 7.19519E-6 8.8108E-6 8.13637E-6 1.01698E-5 9.76609E-6 6.87335E-6 1.31242E-5 1.09013E-5 1.25048E-5 2.51427E-5 2.73108E-5 1.73998E-5 2.14134E-5 2.08227E-5 1.4833E-5 1.36445E-5 1.45294E-5 1.91082E-5 3.53956E-5 4.51169E-5 5.73894E-5 4.7024E-5 5.54711E-5 5.12214E-5 5.79939E-5 5.21511E-5 2.55278E-5 1.65697E-5 1.7153E-5 1.73549E-5 1.59173E-5 1.58455E-5 1.90227E-5 2.22808E-5 2.05237E-5 1.70428E-5 1.59618E-5 -9999
5.88879E-6 6.3849E-6 8.79706E-6 6.18284E-6 4.52088E-6 4.34929E-6 4.95774E-6 4.66159E-6 4.39445E-6 4.96661E-6 4.73401E-6 7.25772E-6 1.06543E-5 5.88344E-6 4.25877E-6 5.24923E-6 5.58565E-6 6.02023E-6 1.12277E-5 7.36243E-6 9.52357E-6 8.30076E-6 9.65616E-6 7.03771E-6 9.31153E-6 7.82172E-6 4.98269E-6 7.75049E-6 6.85313E-6 5.57957E-6 9.6207E-6 8.11474E-6 7.50035E-6 9.78072E-6 6.66029E-6 6.47337E-6 7.40532E-6 1.27982E-5 1.27974E-5 1.83525E-5 4.3441E-5 5.48875E-5 3.49395E-5 2.15488E-5 2.35234E-5 2.11755E-5 1.93977E-5 3.50891E-5 7.95311E-5 7.8429E-5 6.76024E-5 7.05142E-5 6.15187E-5 4.41024E-5 2.86171E-5 1.87325E-5 1.84536E-5 1.7543E-5 1.60559E-5 1.45129E-5 1.56647E-5 1.94911E-5 1.76673E-5 1.51659E-5 1.83196E-5 -9999
4.7002E-6 6.1039E-6 8.74824E-6 8.92436E-6 7.15763E-6 4.79402E-6 4.52896E-6 5.26349E-6 4.90072E-6 4.52478E-6 4.36722E-6 4.97299E-6 5.55653E-6 4.57542E-6 4.51223E-6 6.29354E-6 8.36035E-6 6.33137E-6 5.56516E-6 4.85824E-6 4.98812E-6 8.38245E-6 8.73922E-6 5.10353E-6 4.62463E-6 5.31615E-6 8.54629E-6 8.95668E-6 7.63085E-6 4.71373E-6 5.40682E-6 5.59681E-6 7.20026E-6 9.38536E-6 5.84296E-6 4.49325E-6 7.86801E-6 1.43387E-5 1.05769E-5 1.37248E-5 2.62E-5 3.67014E-5 3.14289E-5 4.27464E-5 3.7006E-5 3.34537E-5 3.05547E-5 3.87343E-5 7.58076E-5 7.39566E-5 5.61116E-5 6.87711E-5 7.46414E-5 5.00093E-5 3.4368E-5 2.0474E-5 2.1067E-5 2.10039E-5 1.85791E-5 1.50588E-5 1.41321E-5 1.63233E-5 1.59251E-5 1.69436E-5 2.22095E-5 1.65457E-5
7.22285E-6 4.99432E-6 6.69099E-6 7.77573E-6 7.05334E-6 4.79699E-6 4.56319E-6 4.95152E-6 4.59281E-6 4.56329E-6 5.80182E-6 6.51836E-6 4.76789E-6 4.42652E-6 4.71536E-6 8.16425E-6 1.12752E-5 7.98519E-6 4.866E-6 4.14002E-6 4.46112E-6 6.65994E-6 6.70305E-6 5.47746E-6 8.96695E-6 6.58426E-6 8.48592E-6 6.76321E-6 4.75227E-6 4.86047E-6 8.14543E-6 1.05545E-5 6.08832E-6 4.77373E-6 4.3759E-6 5.05313E-6 5.0186E-6 6.41507E-6 8.45364E-6 1.45681E-5 1.20449E-5 8.24077E-6 1.94365E-5 4.02908E-5 3.01751E-5 2.79532E-5 3.57649E-5 3.42792E-5 4.4091E-5 4.27308E-5 5.7771E-5 6.9328E-5 5.87309E-5 4.04894E-5 2.92322E-5 2.17612E-5 2.53168E-5 2.63943E-5 1.99297E-5 1.71558E-5 1.48339E-5 1.36627E-5 1.54467E-5 1.57137E-5 1.84713E-5 1.50101E-5
8.14635E-6 5.26635E-6 4.62518E-6 4.75138E-6 4.61951E-6 4.49784E-6 4.48723E-6 4.52652E-6 4.60057E-6 6.01584E-6 7.815E-6 9.96332E-6 5.43329E-6 4.93321E-6 6.16797E-6 5.01681E-6 6.04253E-6 1.1167E-5 7.24322E-6 4.34169E-6 4.43179E-6 6.38172E-6 7.47798E-6 5.31627E-6 8.33456E-6 7.9071E-6 1.06674E-5 9.26054E-6 6.84171E-6 6.92484E-6 1.17633E-5 6.60502E-6 5.41576E-6 5.33807E-6 6.87978E-6 5.92094E-6 5.1384E-6 9.95246E-6 1.15857E-5 1.10156E-5 1.39561E-5 7.70426E-6 9.65602E-6 1.36253E-5 1.07589E-5 2.6307E-5 3.74373E-5 2.95039E-5 3.296E-5 2.79612E-5 3.47491E-5 2.80925E-5 2.2458E-5 1.58195E-5 1.92599E-5 1.95366E-5 2.00567E-5 2.07563E-5 1.63016E-5 1.50187E-5 1.42268E-5 1.37463E-5 1.34757E-5 1.40678E-5 1.30945E-5 1.11517E-5
5.38652E-6 4.94228E-6 4.58888E-6 4.70221E-6 4.53774E-6 5.72481E-6 7.68689E-6 6.2517E-6 5.19739E-6 7.21272E-6 9.96798E-6 6.02465E-6 4.56964E-6 6.63699E-6 1.19167E-5 6.12056E-6 7.26476E-6 1.03207E-5 5.6532E-6 5.45264E-6 8.45356E-6 7.32852E-6 9.34571E-6 5.51502E-6 9.50507E-6 8.81397E-6 6.5155E-6 8.14086E-6 6.17333E-6 1.2166E-5 6.96344E-6 5.53059E-6 1.02219E-5 8.49854E-6 1.15274E-5 1.22243E-5 8.56928E-6 5.63784E-6 5.66861E-6 7.90068E-6 8.66071E-6 7.25038E-6 5.14317E-6 4.84832E-6 7.6245E-6 1.64726E-5 2.35565E-5 1.98159E-5 3.00194E-5 4.17938E-5 2.81397E-5 2.37995E-5 1.90579E-5 1.19317E-5 1.22734E-5 1.34001E-5 1.59803E-5 1.80021E-5 1.67772E-5 1.54949E-5 1.48039E-5 1.63671E-5 1.70382E-5 1.86132E-5 1.93677E-5 1.36174E-5
