catData/rasterBestHybridModels/Pbengalensis/RD_BM01_RM2_L/Pbengalensis_stddev.asc
ncols         409
nrows         350
xllcorner     60.897278365
yllcorner     5.843756025
cellsize      0.0892857
NODATA_value  -9999
[rows 174 to 202 of 350, columns 132 to 197 of 409]
5.97772E-6 5.07091E-6 5.38346E-6 4.96979E-6 3.54902E-6 4.43436E-6 2.55719E-6 2.52966E-6 3.24976E-6 6.16641E-6 3.78819E-6 1.10984E-6 2.02064E-6 4.29873E-6 4.64579E-6 4.58057E-6 6.8492E-6 7.70964E-6 2.69268E-6 6.47889E-6 4.78262E-6 5.69643E-6 2.06626E-6 5.22306E-6 3.78771E-6 1.99235E-6 5.37796E-6 2.06796E-6 1.04779E-6 1.0448E-6 1.74852E-6 1.18757E-6 2.41567E-6 1.21316E-6 1.75377E-6 6.51604E-7 1.0385E-6 1.22855E-6 9.93093E-7 2.01753E-7 6.12351E-7 1.02138E-6 4.76534E-6 1.87316E-6 1.44995E-6 1.59757E-6 2.61369E-6 1.35779E-6 1.55954E-6 2.00895E-6 2.78205E-6 5.66231E-6 5.59796E-6 2.28341E-6 7.99316E-7 6.88084E-7 8.95202E-7 1.54498E-6 1.77596E-6 2.42691E-7 2.1233E-6 2.89537E-6 1.55266E-7 3.48767E-6 5.27778E-6 3.54973E-6
-9999 3.91524E-6 5.96373E-6 6.60207E-6 2.82095E-6 3.22151E-6 3.00678E-6 1.98623E-6 3.35799E-6 5.33058E-6 2.77017E-6 2.56121E-6 3.41655E-6 6.46538E-6 1.80876E-6 2.4787E-6 6.00925E-6 7.95648E-6 5.71589E-6 3.73476E-6 4.39926E-6 5.86474E-6 5.12263E-6 5.91428E-6 5.01228E-6 2.85153E-6 1.85063E-6 1.47896E-6 8.17024E-7 1.45647E-6 1.71637E-6 1.63979E-6 3.89162E-6 4.19733E-7 2.00017E-7 1.48161E-6 4.15141E-6 1.87357E-6 1.70792E-6 2.3152E-6 4.34981E-7 2.40392E-6 3.30119E-6 1.94386E-6 9.10954E-7 1.59809E-6 1.42934E-6 5.6229E-7 4.16515E-6 5.48255E-6 5.51584E-6 5.52621E-6 2.34741E-6 3.52032E-6 6.24424E-6 5.68433E-6 1.99295E-6 1.77437E-6 5.59682E-6 6.97914E-6 3.53997E-6 2.5488E-6 7.84282E-7 7.54257E-6 4.75041E-6 2.36093E-6
9.5811E-6 6.23094E-6 6.48432E-6 5.37907E-6 2.74354E-6 7.26252E-7 4.5604E-6 4.4728E-6 3.74454E-6 3.90108E-6 3.93425E-6 3.64831E-6 5.87152E-6 1.59759E-6 4.87066E-6 1.06518E-6 3.21899E-6 3.77272E-6 3.65071E-6 2.58722E-6 3.79716E-6 6.66789E-6 4.14388E-6 3.3868E-6 1.04498E-5 3.71879E-6 2.15879E-6 1.60253E-6 1.47849E-6 2.78463E-6 2.4596E-6 5.20947E-6 5.22312E-6 5.71383E-6 5.64688E-6 2.1812E-6 5.2508E-6 8.05208E-6 2.06817E-6 2.43658E-6 4.80229E-6 1.26976E-6 1.79632E-6 6.32568E-7 8.52033E-7 1.38037E-6 3.97426E-6 5.32342E-6 5.35424E-6 5.37802E-6 5.7021E-6 6.36495E-6 3.26522E-6 9.26296E-7 5.72128E-6 1.0938E-6 3.00987E-6 3.26729E-6 7.86298E-6 8.99344E-6 8.86629E-6 2.17594E-6 3.00117E-6 4.3292E-6 2.64885E-6 6.45959E-6
4.88593E-6 1.06719E-5 7.94202E-6 5.68247E-6 4.27091E-6 6.48901E-6 7.48726E-6 6.93349E-6 3.56224E-6 4.79522E-6 5.1683E-6 3.02772E-6 2.68588E-6 2.33287E-6 2.20541E-6 2.22633E-6 2.43199E-6 2.19878E-6 2.88463E-6 1.78124E-6 1.95934E-6 2.99496E-6 2.31008E-6 2.03629E-6 3.62561E-6 2.45287E-6 2.23947E-6 5.2199E-6 8.07188E-6 5.2462E-6 3.19639E-6 2.08027E-6 2.92749E-6 6.13121E-6 3.8372E-6 4.65644E-6 5.65391E-6 5.18517E-6 3.95075E-7 3.86998E-6 9.70106E-7 9.09751E-7 1.43007E-6 2.83529E-6 5.33386E-6 5.29187E-6 5.38505E-6 5.43852E-6 6.03681E-6 2.86365E-6 4.99631E-6 3.20359E-6 6.37388E-7 1.31493E-6 1.06117E-5 7.53333E-6 1.01281E-5 6.29129E-6 3.11918E-6 3.34585E-6 2.52485E-6 1.75032E-6 2.77466E-6 3.89556E-6 2.5901E-6 4.80944E-6
4.49318E-6 8.213E-6 5.88434E-6 3.99245E-6 7.57676E-6 5.48807E-6 4.99647E-6 5.94939E-6 6.13474E-6 1.06787E-6 1.05654E-6 1.41961E-6 1.35118E-6 1.99953E-6 1.628E-6 9.72256E-7 1.7878E-6 1.73059E-6 9.98186E-7 1.84044E-6 2.07523E-6 1.89198E-6 1.4501E-6 1.51487E-6 1.74936E-6 2.22008E-6 6.03611E-6 5.30717E-6 6.18172E-6 3.53357E-6 2.96141E-6 2.5402E-6 3.01431E-6 6.7067E-6 3.06448E-6 5.96286E-6 5.63878E-6 6.82428E-6 2.48109E-6 3.07635E-6 2.14809E-6 1.36958E-6 7.23142E-6 3.23874E-6 1.66759E-6 2.06544E-6 2.60976E-6 4.58173E-6 3.9261E-6 3.21587E-6 5.61773E-6 4.2612E-6 2.87596E-6 2.73794E-6 2.87331E-6 5.88607E-8 1.33278E-8 2.25762E-6 4.34503E-6 3.05213E-6 1.11657E-6 2.39911E-6 3.35398E-6 1.70193E-6 4.41557E-6 3.07402E-6
-9999 8.20382E-6 8.87211E-6 4.16996E-6 6.08423E-6 4.7183E-6 3.37573E-6 6.06045E-6 6.02613E-6 4.52932E-6 2.8966E-6 4.21893E-6 1.95458E-6 1.79612E-6 2.09096E-6 2.54441E-6 2.09895E-6 2.01074E-6 1.47441E-6 1.51115E-6 1.74326E-6 1.6959E-6 1.99687E-6 2.08085E-6 5.11264E-6 6.67067E-6 6.48476E-6 6.02108E-6 6.37786E-6 3.8053E-6 5.43781E-6 6.73991E-6 6.56351E-6 6.66214E-6 6.8983E-6 4.59673E-6 4.72602E-6 4.19414E-6 1.85508E-6 1.972E-6 1.93114E-6 2.18499E-6 3.97535E-6 9.02708E-6 5.32714E-6 6.15306E-6 1.0119E-5 7.71322E-6 7.80154E-6 7.91608E-6 6.30439E-6 3.97477E-6 1.52509E-6 2.03092E-7 2.90095E-8 2.80323E-8 1.12401E-7 1.96081E-6 1.29642E-6 2.0793E-6 1.4703E-6 2.98837E-6 3.30139E-6 2.42646E-6 5.46394E-6 1.5764E-6
-9999 7.46317E-6 9.78232E-6 4.64566E-6 4.33573E-6 4.19657E-6 4.52588E-6 3.23964E-6 3.67405E-6 5.1808E-6 4.80351E-6 4.82555E-6 4.95709E-6 4.84281E-7 1.84206E-6 1.56053E-6 1.56099E-6 1.32418E-6 1.08212E-6 1.64503E-6 1.83531E-6 1.93426E-6 3.00208E-6 3.89577E-6 4.82619E-6 2.70689E-6 8.23267E-6 3.24447E-6 7.228E-6 8.83912E-6 3.478E-6 6.20091E-6 4.54441E-6 2.92951E-6 8.16656E-6 3.8842E-6 9.3763E-6 3.85919E-6 4.91093E-6 5.77881E-6 6.22033E-6 5.71352E-6 7.47216E-6 7.6295E-6 6.13901E-6 7.17114E-6 9.09991E-6 7.17416E-6 6.46518E-6 6.52661E-6 6.2914E-6 2.8505E-6 2.22794E-6 2.12345E-6 2.72157E-7 1.74342E-6 3.4669E-6 2.08793E-6 6.00403E-7 5.71985E-6 2.35925E-6 2.78255E-6 2.14954E-6 1.46245E-6 1.54226E-6 3.75153E-6
-9999 8.0754E-6 6.81595E-6 5.77638E-6 4.26903E-6 5.26434E-6 4.22036E-6 3.22833E-6 2.49553E-6 4.01224E-6 3.86997E-6 4.50688E-6 4.51554E-6 4.86938E-6 5.71139E-6 1.63672E-6 1.94963E-6 1.48023E-6 1.00371E-6 1.93706E-6 1.57941E-6 2.05553E-6 2.72014E-6 4.96371E-6 4.13029E-6 3.17724E-6 4.9417E-6 4.49849E-6 5.43871E-6 9.90812E-6 3.83784E-6 3.2367E-6 2.1592E-6 1.60194E-6 4.07508E-6 5.82875E-6 2.35227E-6 5.67727E-6 7.73385E-6 1.21132E-5 7.22584E-6 5.89827E-6 9.00426E-6 6.38565E-6 5.4965E-6 6.7394E-6 5.8777E-6 3.21305E-6 1.76923E-6 1.64648E-6 6.12344E-6 4.83251E-6 3.06795E-6 3.15021E-6 6.14424E-7 1.84968E-6 6.89814E-6 4.91089E-6 3.31787E-6 8.65117E-6 2.23695E-6 3.28897E-7 1.16287E-6 1.92958E-6 1.55794E-6 1.73639E-6
-9999 7.84708E-6 9.64196E-6 1.26741E-5 7.50469E-6 3.74335E-6 3.62324E-6 6.64748E-6 5.2772E-6 8.55221E-6 6.7157E-6 9.85257E-6 5.95077E-6 4.69223E-6 4.12401E-6 1.97141E-6 2.28789E-6 2.19838E-6 2.0146E-6 2.19839E-6 1.98357E-6 1.91077E-6 2.54217E-6 1.92639E-6 2.3678E-6 2.09154E-6 3.06302E-6 5.02221E-6 4.44241E-6 2.46344E-6 5.55898E-6 2.64536E-6 1.37857E-6 1.52592E-6 1.53241E-6 1.56558E-6 5.12849E-6 3.87947E-6 6.44184E-6 5.85345E-6 6.19221E-6 2.49222E-6 1.00336E-5 4.10475E-6 1.00146E-5 8.2853E-6 4.74179E-6 6.57992E-6 4.75837E-6 1.81664E-6 5.39549E-6 3.27E-6 4.47562E-6 6.78739E-6 2.33826E-6 3.21123E-6 2.06307E-6 1.39523E-6 2.76224E-6 3.50457E-6 9.71016E-7 4.00999E-7 8.46077E-7 2.09457E-7 8.5593E-7 4.90715E-7
-9999 -9999 7.76311E-6 6.30614E-6 7.10996E-6 4.27726E-6 3.58743E-6 7.31967E-6 5.29476E-6 6.62624E-6 6.40026E-6 8.99457E-6 5.49146E-6 4.57083E-6 5.39071E-6 3.62232E-6 4.19516E-6 3.68864E-6 2.82969E-6 2.29053E-6 2.76289E-6 1.65349E-6 1.49898E-6 2.01811E-6 2.59754E-6 1.74377E-6 1.77222E-6 2.19535E-6 4.70123E-6 5.43037E-6 8.07493E-6 2.70506E-6 3.24632E-6 2.49718E-6 1.5071E-6 1.58531E-6 1.36682E-6 1.09734E-6 2.29049E-6 2.7529E-6 1.8985E-6 2.11453E-6 1.92983E-6 1.32136E-6 1.1023E-6 7.77909E-6 5.66337E-6 6.95007E-6 8.75235E-6 1.9404E-6 2.09177E-6 6.18161E-6 2.77808E-6 3.73643E-6 1.87619E-6 1.27261E-6 9.82294E-7 9.53287E-7 1.65007E-6 1.09383E-7 9.58012E-9 1.07134E-7 2.5389E-6 1.76101E-6 1.21392E-7 8.97605E-7
-9999 -9999 1.13096E-5 6.76462E-6 4.19457E-6 6.53198E-6 3.88093E-6 4.02264E-6 3.62653E-6 4.48212E-6 6.62683E-6 4.71032E-6 3.69097E-6 2.4609E-6 2.29366E-6 3.09397E-6 7.37415E-6 6.4364E-6 3.61123E-6 1.88729E-6 2.51772E-6 2.39427E-6 7.55169E-7 1.25063E-6 1.49166E-6 2.04404E-6 2.08561E-6 1.67562E-6 2.61326E-6 7.36217E-6 4.407E-6 2.54629E-6 2.46728E-6 9.4543E-6 6.24957E-6 5.14917E-6 5.10701E-6 5.57466E-6 6.97668E-6 7.53617E-6 4.59419E-6 5.51177E-6 6.83695E-6 4.00117E-6 2.66251E-6 6.56922E-6 6.57005E-7 6.64153E-6 1.26975E-6 2.07471E-6 1.6489E-6 1.80801E-6 2.85651E-6 2.22129E-6 6.07561E-7 9.76504E-9 5.26839E-7 1.77699E-7 8.2035E-7 1.15954E-7 5.79073E-8 1.16187E-8 1.9561E-8 4.02058E-8 1.72703E-8 4.14854E-9
-9999 -9999 9.14471E-6 7.67427E-6 6.53821E-6 2.5556E-6 2.22796E-6 1.63386E-6 2.70369E-6 4.60307E-6 8.05336E-6 8.8981E-7 5.76191E-7 1.06919E-6 3.24393E-6 3.77049E-6 5.46905E-6 6.00472E-6 2.81873E-6 3.03572E-6 7.8242E-6 9.46651E-7 5.6636E-7 1.09396E-6 2.34195E-6 4.35773E-6 4.67099E-6 2.02211E-6 1.81174E-6 2.25042E-6 2.27731E-6 9.42773E-7 4.45923E-6 7.2496E-6 2.21508E-6 3.89493E-7 7.9638E-7 2.36427E-6 1.1448E-6 7.8732E-6 4.90915E-6 5.53033E-6 1.66254E-6 1.83706E-6 1.85807E-6 2.1467E-6 1.24928E-7 6.75573E-7 6.77328E-7 6.53825E-7 7.90357E-8 2.18516E-7 4.03203E-7 3.29291E-7 1.55045E-7 3.11947E-8 1.31697E-6 1.37799E-6 2.83224E-7 2.11223E-7 6.14877E-8 1.24301E-8 3.7062E-7 1.81409E-7 8.49232E-8 1.88059E-8
-9999 1.01331E-5 9.06108E-6 5.58132E-6 4.54905E-6 1.38445E-6 3.62146E-6 3.5001E-6 3.20897E-6 2.67844E-6 4.97263E-6 1.4851E-6 1.05055E-7 1.15356E-7 1.82569E-6 2.28487E-6 3.68253E-6 3.96417E-6 2.81118E-6 5.86027E-6 3.69108E-6 2.75574E-7 3.14811E-6 1.58222E-6 2.56416E-6 4.81856E-6 8.67472E-6 2.60177E-6 2.03238E-6 1.54015E-6 2.56263E-6 3.79218E-6 3.39916E-6 3.27697E-6 2.54628E-6 9.11671E-8 1.10798E-7 2.66286E-7 1.59291E-7 2.02828E-6 3.75183E-6 2.59028E-6 3.91695E-6 5.22145E-6 2.02769E-6 2.93752E-6 1.67161E-6 2.22967E-6 2.45059E-7 3.51945E-7 1.68987E-6 1.87182E-6 5.47924E-7 4.60958E-7 1.29995E-6 4.01511E-7 2.21893E-6 2.12732E-6 1.43911E-6 1.52793E-7 8.50549E-8 2.29952E-7 2.06869E-7 6.72132E-8 3.69501E-8 4.47129E-8
-9999 9.62591E-6 7.43539E-6 8.28326E-6 3.06936E-6 3.15201E-6 2.72425E-6 2.8417E-6 3.27352E-6 2.25781E-6 3.66223E-6 3.55897E-6 4.59916E-7 1.4022E-7 9.17397E-7 3.31997E-6 3.03125E-6 3.4894E-6 3.26689E-6 1.35695E-6 2.62617E-6 4.66168E-6 1.13531E-6 1.08675E-6 2.23543E-6 2.8502E-6 3.60327E-6 5.08646E-6 2.61955E-6 2.7964E-6 2.00949E-6 5.83185E-6 9.00603E-6 9.40412E-6 2.54515E-6 1.45562E-6 1.38172E-6 2.07522E-7 3.58469E-7 1.05256E-6 6.21411E-6 2.70309E-6 1.23114E-6 4.04252E-6 2.82736E-6 3.80525E-6 2.23421E-6 5.74583E-6 3.93256E-6 1.70312E-6 9.68642E-7 1.52794E-7 8.48343E-7 1.14597E-6 1.29953E-6 1.51948E-6 1.53505E-6 2.07368E-7 1.53753E-7 5.30861E-8 1.17837E-7 1.282E-6 1.99009E-8 1.93527E-9 2.30454E-8 3.90587E-7
-9999 4.22463E-7 3.98472E-6 9.76101E-6 1.4925E-6 4.88486E-6 3.54376E-6 3.07182E-6 2.4491E-6 2.88437E-6 2.6722E-6 3.34654E-6 3.27412E-6 3.84683E-6 2.06138E-6 3.03454E-6 4.29714E-6 4.7007E-6 3.04043E-6 5.65599E-6 1.23709E-6 1.16961E-6 2.39261E-6 8.81333E-7 1.8225E-6 2.54242E-6 3.8182E-6 7.62874E-6 1.29877E-6 2.20046E-6 1.6668E-6 4.51557E-6 4.7736E-6 9.8942E-6 1.98352E-6 3.80039E-7 4.93329E-7 1.47685E-7 9.97215E-8 2.49677E-7 1.28E-6 6.15738E-7 2.20289E-6 3.30995E-6 2.70429E-6 1.72646E-6 1.81063E-6 1.91927E-6 1.60398E-6 2.49702E-6 1.72565E-6 1.73919E-6 5.16305E-7 6.05961E-7 1.37487E-6 1.54551E-6 3.15263E-7 1.14566E-7 1.27308E-7 7.87608E-8 6.29483E-7 4.62559E-8 7.21662E-7 1.48146E-8 1.83234E-7 4.33018E-8
-9999 2.29539E-6 2.05199E-6 2.18819E-6 5.10571E-6 4.46473E-6 3.38802E-6 3.02751E-6 4.25252E-6 5.19819E-6 2.23543E-6 3.97752E-6 1.7782E-6 3.52006E-6 3.60884E-6 1.75385E-6 2.88191E-6 4.79745E-6 3.6799E-6 3.20122E-6 2.70148E-6 1.55834E-6 2.08173E-6 2.74474E-6 2.48042E-6 1.91768E-6 1.36009E-6 5.06186E-8 3.6739E-6 1.42778E-7 1.87051E-6 5.50205E-7 5.16229E-7 2.11618E-6 8.52458E-7 9.11582E-7 2.01894E-7 3.8712E-7 1.16284E-7 5.42374E-7 2.58999E-7 9.17806E-8 3.14468E-7 5.09872E-6 6.35665E-7 8.44999E-7 6.90999E-7 4.38412E-7 9.47073E-8 5.84591E-7 1.62239E-6 2.72901E-6 5.18982E-6 2.04598E-6 9.29287E-7 2.35356E-7 1.78184E-6 1.83928E-6 2.85886E-7 3.83276E-7 7.5187E-8 2.44404E-7 1.5125E-6 7.31998E-8 7.95352E-9 4.22678E-8
-9999 6.67297E-6 4.60996E-7 3.21258E-7 1.33408E-6 4.02383E-6 4.14052E-6 2.07887E-6 1.93642E-6 4.39329E-6 4.18986E-6 4.21095E-6 1.37843E-6 3.86468E-6 7.53338E-6 3.36421E-6 5.02525E-6 2.51185E-6 1.60596E-6 1.22901E-6 4.49452E-6 3.28502E-6 1.82275E-6 2.82476E-6 1.9275E-6 7.83719E-7 2.16033E-7 3.30024E-8 7.44539E-7 5.00759E-8 2.58952E-7 8.58162E-8 1.58759E-7 4.99023E-7 4.53747E-7 1.40104E-6 3.59469E-6 4.72807E-6 5.3732E-7 1.0743E-7 9.19527E-8 4.35056E-7 2.56574E-7 1.19999E-6 1.47944E-6 2.48918E-6 9.71447E-7 1.1057E-6 3.20642E-6 1.37263E-6 1.13355E-6 1.92648E-6 7.94085E-6 2.55959E-6 1.55261E-6 1.46355E-6 4.57554E-7 1.32839E-6 6.21619E-7 4.49668E-7 4.62845E-7 2.16579E-7 7.57399E-7 1.65571E-7 3.58606E-7 1.21681E-7
-9999 6.93428E-6 8.83262E-7 1.87474E-6 1.61635E-6 1.50917E-6 4.25487E-6 3.46948E-6 6.202E-6 7.86346E-6 5.53741E-6 4.44775E-6 1.64624E-5 4.88426E-6 4.99132E-6 3.37818E-6 2.51308E-6 2.29066E-6 1.33102E-6 3.33097E-7 1.55985E-6 4.31447E-6 5.00098E-6 2.78262E-6 2.69503E-6 3.23839E-7 2.12344E-8 6.04672E-8 3.57199E-7 1.80387E-6 2.70458E-6 1.20762E-6 1.1164E-6 7.60557E-7 7.33637E-7 2.53094E-6 4.27596E-6 7.24596E-6 5.53067E-7 2.22664E-7 3.24902E-8 3.8079E-7 2.2419E-7 7.84131E-7 3.41028E-7 1.46987E-6 1.10513E-6 2.15843E-6 2.22417E-6 1.437E-6 1.72327E-6 2.81982E-6 5.50798E-7 2.02896E-6 1.35522E-6 1.4093E-7 4.46632E-7 1.69847E-6 1.14902E-7 7.01445E-8 5.02797E-9 1.95083E-9 1.61239E-9 1.65467E-8 1.33674E-9 2.74224E-8
1.03128E-5 6.90231E-6 4.91392E-6 1.43416E-6 3.20345E-6 6.74807E-6 7.82937E-6 4.55225E-6 4.49139E-6 1.11753E-5 6.25839E-6 3.76004E-6 3.91659E-6 4.54442E-6 2.65751E-6 4.73611E-7 2.72181E-6 1.46144E-6 2.50303E-6 1.69122E-6 1.64272E-6 1.37008E-6 4.71082E-6 1.73462E-6 5.29096E-7 4.48922E-8 1.54656E-6 2.94295E-7 1.74791E-6 8.83084E-6 8.10215E-7 1.75775E-6 7.466E-7 1.64531E-7 9.12865E-8 1.40943E-6 2.52728E-6 8.6196E-7 1.34726E-6 5.65769E-7 1.35883E-7 3.06653E-8 7.91439E-7 1.45314E-6 2.52921E-6 8.10229E-7 5.08717E-7 3.84846E-7 1.8954E-7 1.89022E-7 9.86275E-7 7.99838E-7 1.00144E-6 2.23373E-6 2.46451E-6 2.26874E-6 6.11239E-7 1.46063E-7 2.08622E-7 3.78014E-8 1.64395E-9 7.15671E-9 2.37446E-7 4.65059E-8 1.69461E-7 7.03278E-8
5.06571E-6 5.68083E-6 7.50236E-6 7.65571E-7 3.24777E-7 4.24237E-6 3.79606E-6 1.82376E-6 3.8346E-6 5.76288E-6 5.08174E-6 4.56738E-6 4.86323E-6 2.83379E-6 2.37908E-6 1.95161E-6 8.60962E-8 1.71388E-6 2.96821E-6 4.37179E-6 4.98259E-7 1.12586E-6 3.50487E-6 3.52921E-6 2.12651E-6 2.32669E-8 6.28188E-8 4.27089E-7 9.63346E-7 3.21663E-6 1.56588E-6 3.43289E-7 1.74531E-7 6.04402E-8 1.23819E-7 5.07913E-6 1.41143E-6 1.63476E-7 6.0509E-7 7.11912E-7 1.18344E-6 4.14676E-7 3.76307E-7 8.65714E-7 2.03239E-6 1.22177E-6 1.10551E-7 2.82875E-7 6.73957E-7 2.59676E-7 1.82858E-6 6.28417E-6 3.17299E-6 1.62468E-6 1.51911E-7 1.32227E-6 6.98664E-7 1.68478E-7 1.0944E-7 5.38134E-8 5.43322E-7 3.68706E-8 5.64145E-7 2.07672E-7 1.65203E-7 3.73259E-7
-9999 5.14962E-6 6.90574E-7 6.82352E-7 4.23145E-7 3.16313E-6 2.8939E-6 1.91218E-6 2.79827E-6 5.44627E-6 1.15927E-6 5.46535E-6 8.98917E-7 3.32199E-6 4.62217E-6 1.16348E-6 1.08246E-6 3.84366E-7 6.80164E-8 2.13511E-6 2.88248E-6 1.71969E-6 3.4808E-7 1.38995E-6 1.82352E-6 5.53602E-7 2.04317E-7 3.01526E-8 4.8066E-8 1.85847E-6 7.08559E-7 8.82914E-7 4.68412E-7 1.40916E-7 1.51161E-7 1.23707E-7 2.57022E-7 1.47908E-8 5.6758E-8 2.94067E-7 7.61809E-7 1.75437E-6 1.69251E-6 1.44746E-6 2.12266E-6 2.62327E-6 6.55114E-7 8.86903E-7 2.14124E-7 7.18835E-7 8.73288E-7 5.02889E-7 2.92405E-6 1.05258E-6 1.36156E-7 6.30501E-8 4.27333E-7 2.16753E-8 1.34621E-8 1.14241E-7 3.88299E-8 2.40473E-7 3.82022E-7 4.94153E-7 3.73421E-7 1.56104E-6
-9999 1.06451E-5 6.78134E-6 1.14472E-6 3.17112E-7 1.56838E-6 2.61652E-6 3.24602E-6 3.69562E-6 6.55978E-6 3.48481E-6 1.8361E-6 7.57384E-7 2.9042E-6 2.67056E-6 3.80898E-6 3.49399E-6 1.44539E-6 1.59682E-6 1.81786E-6 2.36225E-6 2.4947E-6 8.21701E-7 1.58129E-6 1.86004E-6 4.16858E-6 1.89864E-6 9.43097E-7 2.37295E-7 1.24312E-6 1.74607E-6 6.75797E-7 7.5382E-7 1.8369E-6 1.21352E-6 2.73456E-6 2.69772E-7 2.25594E-8 8.25566E-8 1.06692E-7 2.06079E-8 2.33161E-7 1.88832E-6 1.37045E-6 8.00459E-7 9.25317E-7 6.76306E-7 9.47708E-7 1.00701E-6 1.63541E-7 7.48288E-8 4.37518E-7 7.87461E-7 1.06301E-6 2.09873E-6 1.59843E-6 7.32429E-9 4.47559E-7 1.13611E-7 2.30462E-7 3.03698E-7 3.44951E-6 4.85642E-6 1.62155E-6 3.50511E-6 1.12265E-6
-9999 5.38152E-6 6.8907E-6 4.66869E-6 6.05007E-7 5.437E-6 1.93753E-6 3.85989E-6 3.37029E-6 4.06637E-6 4.52936E-6 3.2079E-6 2.4763E-6 1.79728E-6 1.97967E-6 4.39809E-6 7.02779E-6 5.87933E-6 4.1022E-6 1.76285E-6 1.87952E-6 1.88617E-6 2.72192E-6 2.11562E-6 1.34885E-6 1.07789E-6 2.21417E-6 2.95603E-6 3.72038E-6 3.85431E-6 1.5332E-6 3.15984E-7 1.02812E-6 2.1813E-7 2.87022E-7 2.17025E-6 2.47537E-6 2.00329E-6 1.88246E-6 9.61191E-8 2.58091E-8 4.12616E-8 3.17368E-7 1.03664E-6 1.17151E-6 1.80285E-6 2.86408E-7 5.96582E-7 2.53076E-7 3.83612E-7 1.48685E-7 4.45392E-8 9.31345E-8 1.87079E-6 1.75692E-6 3.7891E-6 2.70825E-6 3.42258E-7 2.06668E-7 3.12679E-7 3.7733E-7 3.14332E-6 2.49939E-6 2.66052E-6 2.4234E-6 4.41477E-7
-9999 1.38322E-5 5.01987E-6 2.70582E-6 4.3128E-8 5.06698E-6 6.43779E-6 2.19921E-6 4.47534E-6 2.88952E-6 3.05499E-6 3.89494E-6 4.24358E-6 1.71158E-7 1.46699E-6 2.22495E-6 1.95626E-6 4.24356E-6 3.43789E-6 2.01151E-6 1.63327E-6 4.09217E-6 7.72343E-6 4.97541E-6 2.55251E-6 1.65739E-6 1.40701E-6 1.7967E-6 2.74831E-6 4.57776E-6 4.38456E-6 7.68556E-7 1.5614E-6 1.89112E-6 2.08698E-7 1.06737E-6 1.17034E-6 5.53594E-7 2.51244E-6 6.95276E-7 1.78447E-8 6.24965E-8 1.42599E-7 2.20623E-7 2.21164E-7 5.90058E-7 1.72276E-6 1.35959E-6 1.48176E-6 2.98306E-7 3.68084E-7 4.12799E-7 3.7847E-8 2.92741E-7 1.54111E-6 7.35733E-7 5.05792E-6 1.04213E-6 1.25671E-7 6.17028E-7 3.6288E-7 4.09937E-7 3.32366E-7 2.43296E-7 2.87574E-7 3.626E-8
-9999 7.54959E-6 6.07258E-6 8.0943E-6 5.81473E-7 2.63124E-6 6.62965E-6 5.56244E-6 3.07557E-6 1.94093E-6 2.82649E-6 2.65707E-6 6.33361E-6 1.5367E-6 1.62985E-7 2.09794E-6 2.7984E-6 2.78402E-6 1.99996E-6 2.27741E-6 3.80508E-6 6.84443E-6 7.80535E-6 3.21283E-6 1.74602E-6 2.41965E-6 2.57853E-6 2.25268E-6 2.53826E-6 3.30951E-6 2.14964E-6 1.45984E-7 4.53227E-7 6.25922E-7 1.5163E-7 6.79089E-8 5.23201E-7 1.01685E-6 2.33422E-7 3.00685E-6 5.24154E-7 1.55214E-6 7.44629E-7 3.87075E-7 2.50094E-7 1.93168E-6 1.72044E-6 2.09096E-6 1.95764E-6 2.23595E-6 3.36479E-6 2.90552E-6 1.85537E-6 1.44549E-6 2.35029E-6 1.55725E-6 2.36171E-6 1.56853E-6 8.81841E-8 1.90082E-7 5.59033E-8 1.30574E-6 7.13641E-8 3.3534E-7 6.84144E-8 6.37026E-8
-9999 1.16674E-5 1.09354E-5 5.77542E-6 8.10583E-6 6.45729E-6 5.18272E-6 6.31449E-6 5.3198E-6 1.95685E-6 3.25584E-6 5.11963E-6 1.64816E-6 2.71656E-6 4.80193E-6 3.23924E-6 2.51839E-6 1.0028E-6 2.25158E-6 2.34836E-6 5.4065E-6 4.06053E-6 2.35736E-6 2.14631E-6 1.82519E-6 1.45209E-6 1.81488E-6 3.20632E-7 4.34074E-7 7.78704E-7 2.09574E-6 1.38593E-6 1.54201E-6 3.34799E-6 3.64717E-6 7.73842E-7 6.76162E-7 6.79761E-8 1.00641E-7 1.25622E-7 4.84307E-7 1.60742E-6 5.54834E-7 3.52726E-7 7.86992E-8 7.12079E-7 3.17234E-6 2.44397E-6 3.3383E-6 1.03598E-6 3.7632E-6 2.81148E-6 4.58434E-6 3.65403E-6 2.70315E-6 1.73089E-6 3.00331E-7 1.04561E-6 1.8228E-7 2.47203E-7 1.79146E-8 6.34018E-7 1.60001E-6 3.14834E-7 6.44512E-8 3.69881E-6
-9999 1.39365E-5 1.04011E-5 1.05931E-5 9.47376E-6 1.01209E-5 2.90124E-6 5.16887E-6 5.78858E-6 6.40478E-6 6.67434E-6 2.79101E-6 4.91556E-7 3.3464E-6 4.69891E-6 1.43713E-6 2.83672E-6 2.41492E-6 2.13562E-6 2.09745E-6 2.53316E-6 3.24394E-6 2.48722E-6 2.34261E-6 2.41797E-6 2.47714E-6 3.41206E-6 4.56999E-6 1.3998E-6 2.47324E-6 2.34559E-6 1.64409E-6 2.44934E-6 1.48758E-6 5.19768E-7 1.00826E-6 5.65649E-7 1.19933E-6 2.63935E-6 1.85885E-6 2.50566E-6 1.04141E-7 7.1184E-7 2.14027E-7 6.08955E-7 1.03179E-6 2.02643E-6 3.52381E-6 3.71742E-6 1.03122E-6 2.06515E-6 8.53248E-6 9.1317E-6 6.67514E-6 8.89401E-7 8.32404E-7 2.18663E-7 1.04576E-7 2.04259E-7 6.75873E-7 5.19251E-8 9.32803E-8 2.96466E-6 1.67356E-6 4.70133E-7 1.28041E-6
-9999 1.14704E-5 1.55686E-5 1.00603E-5 5.06564E-6 4.74174E-6 4.18143E-6 6.34367E-6 2.89437E-6 8.12199E-6 5.06833E-6 1.16034E-6 7.19557E-8 2.31923E-6 5.041E-6 2.89542E-6 3.52025E-6 1.25989E-6 2.06482E-6 9.47059E-7 2.90941E-6 3.21698E-7 2.02137E-6 8.05462E-6 3.1051E-6 1.93874E-6 2.55267E-6 5.0032E-6 1.01363E-6 2.27738E-6 1.19018E-6 2.59748E-7 2.39742E-7 2.78659E-7 3.58126E-8 2.68346E-8 1.13569E-8 6.53589E-7 2.62503E-6 9.67782E-7 2.43538E-6 2.4151E-7 1.63594E-7 3.72827E-7 2.30113E-6 6.19176E-6 2.99413E-6 3.16025E-6 1.01159E-6 3.68407E-6 2.74716E-6 4.01924E-6 3.91613E-6 4.1374E-6 4.70744E-7 2.25866E-7 1.44871E-7 1.68411E-8 1.17486E-6 6.19029E-7 5.31846E-7 1.83385E-6 8.03768E-7 2.75133E-6 2.0673E-6 5.42555E-6
-9999 -9999 9.86825E-6 1.21117E-5 5.24254E-6 1.56325E-6 1.1741E-5 7.28491E-6 5.35039E-6 7.73401E-6 1.98007E-6 2.39105E-6 3.8881E-7 1.24199E-6 1.56121E-6 3.91928E-6 3.93464E-6 2.04119E-6 3.17003E-6 3.21803E-6 2.2822E-6 3.32845E-6 3.6332E-6 1.94823E-6 2.56703E-6 1.66584E-6 2.42847E-6 2.75343E-6 2.67706E-6 2.30791E-6 9.9178E-7 1.35282E-6 2.20198E-6 4.32677E-6 4.25713E-6 1.87284E-7 4.25685E-7 3.23495E-7 1.71482E-6 6.13114E-7 1.89648E-6 1.25782E-6 7.1819E-7 2.04164E-7 4.93576E-7 1.12567E-6 2.51724E-7 2.59194E-7 8.38607E-7 5.75769E-7 3.95546E-7 2.15646E-6 1.10351E-6 8.07491E-7 1.00142E-6 8.32142E-7 9.19672E-8 5.83134E-8 1.33169E-7 8.63627E-7 1.56205E-6 2.71015E-6 3.0212E-6 3.46837E-6 3.06317E-6 2.57812E-6
