catData/rasterBestHybridModels/Pbengalensis/RD_BM01_RM2_L/Pbengalensis_max.asc
ncols         409
nrows         350
xllcorner     60.897278365
yllcorner     5.843756025
cellsize      0.0892857
NODATA_value  -9999
[rows 261 to 289 of 350, columns 132 to 197 of 409]
-9999 -9999 -9999 -9999 -9999 -9999 -9999 -9999 -9999 -9999 -9999 -9999 -9999 -9999 -9999 -9999 -9999 -9999 -9999 -9999 -9999 -9999 1.77381E-4 1.87909E-4 3.1302E-4 4.81986E-4 4.2796E-4 3.32275E-4 3.08455E-4 2.70002E-4 2.37323E-4 1.79266E-4 1.20012E-4 1.6464E-4 1.67492E-4 1.30277E-4 4.98459E-5 5.89926E-6 1.03532E-6 3.95164E-6 6.33813E-6 3.02245E-5 4.41512E-6 5.05598E-6 1.2679E-5 2.59664E-5 1.20119E-5 7.58851E-6 2.80052E-5 9.67919E-7 4.91652E-6 1.65943E-6 1.58582E-6 1.64901E-6 5.18134E-6 8.07055E-7 4.91586E-7 2.74628E-6 2.94425E-5 1.88601E-5 2.84267E-5 1.18983E-6 3.06683E-6 8.99763E-6 3.73331E-5 1.52929E-5
-9999 -9999 -9999 -9999 -9999 -9999 -9999 -9999 -9999 -9999 -9999 -9999 -9999 -9999 -9999 -9999 -9999 -9999 -9999 -9999 -9999 -9999 2.0599E-4 1.90209E-4 1.79296E-4 3.75454E-4 2.54886E-4 2.61471E-4 2.76006E-4 2.53202E-4 2.78673E-4 2.50392E-4 1.86071E-4 1.45219E-4 1.08357E-4 3.56553E-5 4.766E-6 4.72142E-6 3.29921E-6 4.14035E-6 6.46155E-6 3.21832E-5 1.01273E-5 7.53753E-7 1.06756E-6 2.46476E-6 3.01708E-6 9.92417E-6 2.40573E-6 1.61902E-6 8.35004E-6 1.27869E-5 3.65659E-6 2.98229E-5 1.99194E-6 3.53291E-6 7.35543E-7 4.89608E-6 2.37745E-5 3.95312E-5 5.76643E-6 7.8205E-6 1.37259E-5 1.31651E-5 4.19807E-5 6.68629E-6
-9999 -9999 -9999 -9999 -9999 -9999 -9999 -9999 -9999 -9999 -9999 -9999 -9999 -9999 -9999 -9999 -9999 -9999 -9999 -9999 -9999 -9999 1.2069E-4 2.10592E-4 1.77894E-4 1.79495E-4 3.83065E-4 4.01638E-4 2.14242E-4 3.65024E-4 3.1404E-4 2.87231E-4 2.40841E-4 2.18123E-4 2.23672E-4 4.55282E-5 2.29562E-5 6.17089E-6 3.56246E-6 8.40831E-7 5.43765E-7 6.59164E-6 1.60727E-6 2.17411E-6 1.57949E-6 4.70059E-6 2.36062E-6 2.46175E-6 4.22984E-7 7.79244E-6 1.40839E-5 1.19163E-6 5.79262E-6 3.01658E-5 1.05183E-5 1.07894E-6 5.76815E-6 2.75646E-6 4.60256E-6 2.54273E-6 8.33108E-7 1.39486E-5 3.84503E-6 3.84132E-5 4.22883E-5 2.07938E-5
-9999 -9999 -9999 -9999 -9999 -9999 -9999 -9999 -9999 -9999 -9999 -9999 -9999 -9999 -9999 -9999 -9999 -9999 -9999 -9999 -9999 -9999 1.39705E-4 2.12026E-4 1.57015E-4 2.08427E-4 5.83971E-4 4.34444E-4 3.78876E-4 3.76201E-4 7.46698E-4 2.8513E-4 3.31255E-4 1.9451E-4 4.15685E-4 1.4412E-4 3.08786E-5 3.0073E-6 9.47273E-7 3.12544E-7 3.94067E-6 3.32827E-6 1.72495E-6 3.0287E-6 1.40797E-5 8.66682E-6 2.23125E-6 3.61063E-6 3.99469E-7 2.13845E-6 6.8862E-7 2.26168E-6 1.01246E-5 1.0782E-5 1.02383E-5 2.63401E-5 1.04044E-5 2.20726E-5 2.91527E-6 7.81903E-7 4.93554E-7 1.25559E-6 2.78534E-6 4.18521E-5 1.37841E-4 4.61877E-5
-9999 -9999 -9999 -9999 -9999 -9999 -9999 -9999 -9999 -9999 -9999 -9999 -9999 -9999 -9999 -9999 -9999 -9999 -9999 -9999 -9999 -9999 -9999 1.86198E-4 2.56792E-4 1.63875E-4 4.15607E-4 4.18129E-4 6.14941E-4 6.79026E-4 5.16153E-4 3.00427E-4 4.66513E-4 7.65802E-4 3.84737E-4 8.35665E-5 5.95445E-5 3.67987E-5 1.43419E-5 2.8578E-6 7.90181E-5 4.38683E-6 2.25999E-6 4.00423E-6 5.14838E-6 8.32689E-6 2.71983E-6 1.55205E-5 1.0873E-5 1.39859E-5 4.71819E-5 7.79231E-6 4.19892E-6 5.64707E-5 3.62147E-5 4.95033E-5 3.74315E-5 6.74197E-5 3.08676E-5 1.19272E-5 3.87745E-5 1.1505E-4 5.94247E-5 4.34816E-5 5.49656E-5 7.19292E-5
-9999 -9999 -9999 -9999 -9999 -9999 -9999 -9999 -9999 -9999 -9999 -9999 -9999 -9999 -9999 -9999 -9999 -9999 -9999 -9999 -9999 -9999 -9999 1.77423E-4 2.85186E-4 2.05367E-4 3.13936E-4 3.36888E-4 4.78148E-4 4.96332E-4 4.61017E-4 2.4166E-4 3.11989E-4 4.08299E-4 1.4832E-4 6.70492E-6 3.97689E-5 6.09126E-5 7.01111E-5 9.01167E-6 7.30536E-6 3.49074E-5 6.47753E-6 5.03261E-6 1.74135E-5 2.87961E-5 8.80415E-6 1.08406E-5 6.34158E-6 1.91982E-5 3.02638E-5 2.15548E-6 1.52301E-5 9.93436E-5 1.26519E-4 6.59654E-5 6.61691E-5 1.24476E-4 2.63539E-5 1.86128E-5 3.86054E-5 1.04078E-4 1.45251E-4 3.27654E-5 1.26969E-5 1.61556E-5
-9999 -9999 -9999 -9999 -9999 -9999 -9999 -9999 -9999 -9999 -9999 -9999 -9999 -9999 -9999 -9999 -9999 -9999 -9999 -9999 -9999 -9999 -9999 2.74644E-4 4.62958E-4 4.18459E-4 2.23358E-4 2.99874E-4 1.63956E-4 2.30414E-4 4.4124E-4 4.54836E-4 6.05747E-4 6.62593E-4 2.54687E-4 8.58595E-5 1.18139E-4 5.21065E-5 2.13527E-5 2.64115E-5 2.56654E-5 2.90182E-5 7.28733E-6 2.10225E-5 4.25456E-6 1.88684E-5 7.17299E-6 3.87202E-6 2.25972E-5 1.6474E-5 3.13011E-5 4.71599E-6 6.75116E-5 3.51717E-5 7.56791E-5 4.69539E-5 3.43359E-5 3.36933E-5 2.22058E-5 6.96616E-6 1.49956E-5 8.05592E-5 5.40203E-5 2.42557E-5 2.3026E-5 3.41237E-5
-9999 -9999 -9999 -9999 -9999 -9999 -9999 -9999 -9999 -9999 -9999 -9999 -9999 -9999 -9999 -9999 -9999 -9999 -9999 -9999 -9999 -9999 -9999 1.7338E-4 3.30268E-4 3.60189E-4 2.13574E-4 1.84604E-4 2.3017E-4 1.89889E-4 3.66058E-4 4.06821E-4 3.23259E-4 6.44684E-4 3.14892E-4 2.05801E-4 9.3379E-5 6.56435E-5 5.20599E-5 4.54985E-6 2.84807E-6 3.07582E-5 6.05124E-5 3.43474E-5 2.60955E-6 3.07378E-6 3.96197E-7 4.70202E-7 1.31417E-5 3.04447E-5 1.54023E-5 5.6981E-7 3.51346E-5 1.19288E-4 1.28687E-5 7.12099E-5 1.11355E-4 6.65385E-6 7.60018E-6 4.06681E-6 7.67248E-5 2.73312E-5 2.6798E-5 2.41026E-5 4.76656E-5 1.54809E-5
-9999 -9999 -9999 -9999 -9999 -9999 -9999 -9999 -9999 -9999 -9999 -9999 -9999 -9999 -9999 -9999 -9999 -9999 -9999 -9999 -9999 -9999 -9999 -9999 2.56921E-4 5.62017E-4 2.16298E-4 1.38038E-4 1.47691E-4 2.17063E-4 4.37554E-4 5.47321E-4 3.5715E-4 5.18316E-4 4.65372E-4 2.88734E-4 1.75858E-4 2.52541E-5 7.46364E-5 9.33636E-6 4.88114E-6 2.29739E-5 1.39724E-5 4.55285E-5 6.83438E-5 5.5852E-6 8.35656E-7 3.84551E-7 1.64249E-5 1.87089E-6 4.19961E-6 1.00187E-5 2.18247E-5 1.39864E-5 8.33997E-5 1.75181E-4 9.15581E-5 3.09264E-5 1.13241E-6 7.25415E-6 2.15479E-5 4.24672E-5 3.43234E-5 2.3325E-5 5.81006E-5 1.80615E-5
-9999 -9999 -9999 -9999 -9999 -9999 -9999 -9999 -9999 -9999 -9999 -9999 -9999 -9999 -9999 -9999 -9999 -9999 -9999 -9999 -9999 -9999 -9999 -9999 2.21756E-4 2.51145E-4 2.20781E-4 1.5643E-4 1.70475E-4 2.73558E-4 4.90528E-4 6.26883E-4 4.42147E-4 4.71956E-4 4.80208E-4 4.90663E-4 9.43914E-5 1.05007E-4 1.42657E-4 3.59925E-5 1.53986E-5 9.67167E-5 6.28032E-5 4.69004E-5 3.99925E-5 1.0512E-5 1.72411E-6 6.86981E-6 5.02105E-6 1.46331E-5 1.3174E-4 1.62754E-4 7.85593E-5 1.32419E-4 3.78786E-4 3.4188E-4 1.03239E-5 6.28715E-6 8.71899E-7 4.21125E-5 4.29764E-6 3.69386E-5 1.32728E-5 4.87182E-5 1.62906E-5 1.3931E-5
-9999 -9999 -9999 -9999 -9999 -9999 -9999 -9999 -9999 -9999 -9999 -9999 -9999 -9999 -9999 -9999 -9999 -9999 -9999 -9999 -9999 -9999 -9999 -9999 9.89937E-5 1.86316E-4 2.63694E-4 1.90525E-4 1.94814E-4 2.57533E-4 4.20466E-4 5.9233E-4 4.94129E-4 5.60791E-4 3.38906E-4 3.64798E-4 3.27226E-4 1.4187E-4 1.88117E-4 6.25989E-5 6.44608E-5 1.97833E-4 8.49437E-5 8.55747E-5 1.23627E-4 2.96835E-5 1.11765E-5 4.44869E-5 7.25869E-6 6.35675E-5 7.60136E-5 1.338E-4 1.19323E-4 1.23768E-4 1.52718E-4 3.98598E-5 2.21374E-6 6.65586E-5 4.99009E-5 4.19734E-5 3.72781E-5 9.59214E-5 5.31432E-5 3.50017E-5 5.25276E-5 4.33166E-5
-9999 -9999 -9999 -9999 -9999 -9999 -9999 -9999 -9999 -9999 -9999 -9999 -9999 -9999 -9999 -9999 -9999 -9999 -9999 -9999 -9999 -9999 -9999 -9999 2.40189E-4 3.87524E-4 1.85744E-4 1.8529E-4 2.39459E-4 1.83297E-4 2.60568E-4 3.17308E-4 4.49067E-4 2.61347E-4 5.24215E-4 6.05209E-4 2.76901E-4 2.029E-4 1.6536E-4 4.86756E-5 2.04039E-5 5.12732E-5 1.39598E-5 5.13874E-5 2.15566E-5 1.53117E-5 5.99797E-6 1.33295E-5 9.42576E-6 4.75848E-5 1.03501E-4 1.75333E-4 1.21962E-4 5.38667E-5 6.05886E-5 1.47786E-5 2.28894E-5 7.28436E-5 1.24849E-4 3.03491E-5 3.27617E-5 7.49063E-5 6.67806E-5 4.40657E-5 7.46904E-5 7.86849E-5
-9999 -9999 -9999 -9999 -9999 -9999 -9999 -9999 -9999 -9999 -9999 -9999 -9999 -9999 -9999 -9999 -9999 -9999 -9999 -9999 -9999 -9999 -9999 -9999 -9999 2.37941E-4 1.77578E-4 1.8049E-4 1.92552E-4 2.93909E-4 4.31756E-4 4.83648E-4 6.09582E-4 3.59601E-4 7.91273E-4 7.57436E-4 2.91578E-4 2.04956E-4 1.20072E-4 7.65967E-5 1.56329E-5 7.92544E-5 5.74389E-5 3.46028E-5 4.51303E-5 3.84173E-5 5.41663E-6 1.65585E-4 1.44465E-4 4.50907E-5 1.98962E-4 1.48369E-4 9.4503E-5 7.77073E-6 1.3051E-5 1.50804E-4 4.77011E-5 4.9101E-5 1.62571E-5 3.71799E-5 6.51372E-6 2.95114E-5 4.85748E-5 4.51908E-5 1.04633E-4 4.68593E-6
-9999 -9999 -9999 -9999 -9999 -9999 -9999 -9999 -9999 -9999 -9999 -9999 -9999 -9999 -9999 -9999 -9999 -9999 -9999 -9999 -9999 -9999 -9999 -9999 -9999 -9999 1.95772E-4 1.35826E-4 1.92456E-4 3.56461E-4 5.46269E-4 6.25111E-4 5.83061E-4 2.87265E-4 9.0715E-4 1.09281E-3 2.16734E-4 1.72189E-4 8.35377E-5 5.26232E-5 8.48291E-6 4.60128E-5 6.28776E-5 1.03097E-5 2.27669E-5 4.21072E-5 7.57086E-5 1.69812E-4 2.21443E-4 1.34964E-4 1.33358E-4 1.36812E-4 1.03188E-4 2.92962E-5 1.92635E-5 1.15751E-4 8.70446E-5 1.28456E-4 8.9554E-5 1.18482E-4 2.26492E-5 4.81416E-5 7.46585E-5 8.02412E-6 1.34304E-5 3.78218E-5
-9999 -9999 -9999 -9999 -9999 -9999 -9999 -9999 -9999 -9999 -9999 -9999 -9999 -9999 -9999 -9999 -9999 -9999 -9999 -9999 -9999 -9999 -9999 -9999 -9999 -9999 1.82497E-4 1.79008E-4 3.67404E-4 7.83015E-4 8.55775E-4 8.67239E-4 5.21784E-4 6.08189E-4 8.9094E-4 6.72524E-4 2.32668E-4 1.77522E-4 1.03713E-4 1.78581E-5 6.19312E-5 1.16148E-4 4.91652E-5 9.63537E-6 3.42806E-5 3.50884E-5 9.27369E-5 1.59509E-4 1.57601E-4 1.41759E-4 2.9461E-5 7.23426E-5 1.53107E-5 2.98709E-5 5.03391E-5 8.87571E-5 1.30446E-4 2.81994E-5 6.61747E-5 4.71865E-5 5.70937E-6 3.38782E-5 3.64045E-5 5.77249E-6 3.59308E-5 7.41708E-5
-9999 -9999 -9999 -9999 -9999 -9999 -9999 -9999 -9999 -9999 -9999 -9999 -9999 -9999 -9999 -9999 -9999 -9999 -9999 -9999 -9999 -9999 -9999 -9999 -9999 -9999 -9999 1.54546E-4 5.62712E-4 5.10189E-4 3.54199E-4 2.94275E-4 4.18103E-4 7.56623E-4 7.06981E-4 6.27771E-4 3.08264E-4 1.56902E-4 1.41015E-4 1.1358E-4 4.99323E-5 4.04918E-5 8.90398E-5 2.48388E-4 1.72155E-4 1.04494E-4 1.09795E-4 1.26872E-4 1.96952E-4 2.96523E-4 6.35483E-5 7.62834E-5 1.0695E-5 2.69475E-6 6.79778E-6 6.52511E-5 5.53528E-5 7.42105E-5 2.07851E-4 2.70544E-5 1.25546E-6 7.47714E-5 2.67566E-6 1.02111E-5 6.09396E-6 1.02343E-4
-9999 -9999 -9999 -9999 -9999 -9999 -9999 -9999 -9999 -9999 -9999 -9999 -9999 -9999 -9999 -9999 -9999 -9999 -9999 -9999 -9999 -9999 -9999 -9999 -9999 -9999 -9999 2.33378E-4 1.81292E-4 4.37084E-4 6.30281E-4 2.21192E-4 5.41066E-4 7.63076E-4 6.67754E-4 5.36976E-4 5.82268E-4 2.60339E-4 2.15952E-4 1.73297E-4 1.29099E-4 8.60345E-5 4.28801E-5 1.73936E-4 2.07845E-4 8.16251E-5 1.14962E-4 6.33175E-5 1.06038E-4 3.40225E-5 1.27319E-4 1.05158E-4 5.8676E-5 3.32786E-5 4.13707E-5 3.56954E-5 7.50936E-5 1.45674E-4 1.72442E-4 1.24304E-5 1.93057E-5 1.53078E-5 2.68008E-5 4.85739E-6 6.96408E-6 1.49269E-5
-9999 -9999 -9999 -9999 -9999 -9999 -9999 -9999 -9999 -9999 -9999 -9999 -9999 -9999 -9999 -9999 -9999 -9999 -9999 -9999 -9999 -9999 -9999 -9999 -9999 -9999 -9999 -9999 1.69451E-4 2.00547E-4 4.35956E-4 6.49062E-4 5.36754E-4 5.82305E-4 4.98585E-4 4.75974E-4 6.86987E-4 2.78958E-4 2.0086E-4 8.30951E-5 1.09012E-4 1.46108E-4 1.26816E-4 8.33889E-5 1.08919E-4 3.73547E-5 3.31807E-5 1.49725E-4 1.19769E-4 8.64934E-5 7.53726E-5 8.7695E-5 4.83562E-5 8.84592E-5 7.48419E-5 5.95697E-5 9.42348E-5 1.50316E-4 9.3201E-5 5.58147E-5 3.68413E-5 1.40798E-5 8.37223E-6 1.49074E-5 4.81387E-6 1.04952E-6
-9999 -9999 -9999 -9999 -9999 -9999 -9999 -9999 -9999 -9999 -9999 -9999 -9999 -9999 -9999 -9999 -9999 -9999 -9999 -9999 -9999 -9999 -9999 -9999 -9999 -9999 -9999 -9999 2.02278E-4 1.91192E-4 4.5505E-4 8.34668E-4 5.09314E-4 5.27317E-4 5.42034E-4 4.48113E-4 5.62996E-4 6.21571E-4 3.71521E-4 1.63274E-4 1.09138E-4 1.16547E-4 9.64671E-5 1.03116E-4 1.66373E-4 1.31359E-4 6.99355E-5 1.24834E-4 1.34139E-4 1.90074E-4 1.08297E-4 5.38186E-5 6.85749E-5 3.15557E-5 8.84561E-5 1.17667E-4 1.07083E-4 1.21063E-4 1.37674E-4 2.49341E-5 3.85549E-5 3.47399E-5 1.03813E-4 2.9171E-5 3.25416E-5 3.08422E-5
-9999 -9999 -9999 -9999 -9999 -9999 -9999 -9999 -9999 -9999 -9999 -9999 -9999 -9999 -9999 -9999 -9999 -9999 -9999 -9999 -9999 -9999 -9999 -9999 -9999 -9999 -9999 -9999 2.85055E-4 1.79622E-4 2.50069E-4 2.6211E-4 2.70005E-4 3.48512E-4 4.87215E-4 4.24758E-4 8.45062E-4 6.92566E-4 4.10796E-4 1.73678E-4 7.11035E-6 5.30214E-5 8.81628E-5 6.84715E-5 1.35066E-4 1.53192E-4 6.49121E-5 1.42562E-4 1.86832E-4 9.85095E-5 1.74487E-4 4.17352E-5 3.66473E-5 5.38139E-5 1.54415E-4 1.09241E-4 6.93072E-5 8.33294E-6 1.02339E-4 4.76083E-5 8.26755E-5 9.80343E-5 5.3649E-5 5.84594E-5 1.92157E-5 2.93658E-5
-9999 -9999 -9999 -9999 -9999 -9999 -9999 -9999 -9999 -9999 -9999 -9999 -9999 -9999 -9999 -9999 -9999 -9999 -9999 -9999 -9999 -9999 -9999 -9999 -9999 -9999 -9999 -9999 -9999 1.5729E-4 1.8979E-4 1.54904E-4 2.02817E-4 2.90673E-4 5.34418E-4 3.65641E-4 4.08442E-4 8.246E-4 3.28671E-4 1.19352E-4 4.01144E-5 4.30451E-5 7.35479E-5 7.3063E-5 4.67257E-5 4.15933E-5 5.07837E-5 4.81134E-5 9.35514E-5 1.28193E-4 5.77094E-4 1.22866E-4 5.4248E-5 7.48743E-5 1.91701E-4 1.04869E-4 6.638E-5 6.6697E-5 3.4744E-5 6.9607E-5 3.00514E-5 1.01344E-5 2.0105E-5 8.39405E-5 1.14731E-5 1.88348E-4
-9999 -9999 -9999 -9999 -9999 -9999 -9999 -9999 -9999 -9999 -9999 -9999 -9999 -9999 -9999 -9999 -9999 -9999 -9999 -9999 -9999 -9999 -9999 -9999 -9999 -9999 -9999 -9999 -9999 -9999 2.0395E-4 2.15406E-4 3.08555E-4 7.2856E-4 6.9477E-4 9.23198E-4 4.35473E-4 7.48588E-4 4.1935E-4 1.9582E-4 1.36409E-4 4.46775E-5 4.87622E-5 1.16728E-4 5.35543E-5 2.08481E-5 1.87115E-5 6.13837E-5 1.03794E-4 2.17868E-4 5.65813E-4 1.63372E-4 8.60676E-5 1.0836E-4 3.54493E-4 2.41434E-4 3.65981E-5 1.04616E-4 5.9586E-5 3.97158E-5 5.28921E-6 9.33313E-5 4.03166E-4 2.9884E-4 3.738E-4 3.18146E-4
-9999 -9999 -9999 -9999 -9999 -9999 -9999 -9999 -9999 -9999 -9999 -9999 -9999 -9999 -9999 -9999 -9999 -9999 -9999 -9999 -9999 -9999 -9999 -9999 -9999 -9999 -9999 -9999 -9999 -9999 -9999 1.92656E-4 1.59337E-4 3.23751E-4 4.29978E-4 4.66011E-4 7.72785E-4 8.31317E-4 7.83441E-4 1.03951E-3 5.54173E-4 1.60113E-4 1.37456E-4 1.45706E-4 1.74194E-4 1.27364E-4 9.32327E-5 1.57988E-5 1.50386E-5 2.33103E-4 3.12037E-4 1.81536E-4 2.52507E-4 2.70757E-4 2.78727E-4 2.00224E-4 7.96286E-5 4.49835E-5 2.70606E-5 9.0399E-5 4.01729E-6 1.66254E-4 2.66288E-4 2.32025E-4 2.29517E-4 1.32889E-4
-9999 -9999 -9999 -9999 -9999 -9999 -9999 -9999 -9999 -9999 -9999 -9999 -9999 -9999 -9999 -9999 -9999 -9999 -9999 -9999 -9999 -9999 -9999 -9999 -9999 -9999 -9999 -9999 -9999 -9999 -9999 -9999 1.96442E-4 2.74271E-4 3.42433E-4 6.79624E-4 6.20726E-4 1.05636E-3 7.97241E-4 1.21446E-3 3.92854E-4 4.40035E-4 3.28122E-4 1.87271E-4 1.27764E-4 4.29551E-5 5.8857E-5 3.29797E-5 9.18654E-5 3.68856E-4 2.93233E-4 1.91596E-4 2.3048E-4 2.72969E-4 3.05304E-4 3.96217E-5 1.61408E-4 1.74343E-5 1.12341E-4 7.2789E-5 4.1695E-5 1.05616E-4 2.80081E-6 1.28799E-5 2.94768E-5 1.12006E-4
-9999 -9999 -9999 -9999 -9999 -9999 -9999 -9999 -9999 -9999 -9999 -9999 -9999 -9999 -9999 -9999 -9999 -9999 -9999 -9999 -9999 -9999 -9999 -9999 -9999 -9999 -9999 -9999 -9999 -9999 -9999 -9999 2.2503E-4 1.78523E-4 1.78223E-4 4.9502E-4 4.95811E-4 1.29198E-3 9.85587E-4 4.41563E-4 4.09685E-4 5.73549E-4 4.83173E-4 2.51514E-4 2.35431E-4 1.61586E-4 1.35587E-4 1.26933E-4 1.67825E-4 3.66994E-4 3.51991E-4 3.15476E-4 4.96968E-4 4.03539E-4 1.72302E-4 9.84419E-6 5.33839E-5 6.35876E-5 4.92931E-5 1.38943E-4 8.65638E-6 2.27596E-5 5.88082E-5 4.92123E-6 1.88198E-6 4.85901E-5
-9999 -9999 -9999 -9999 -9999 -9999 -9999 -9999 -9999 -9999 -9999 -9999 -9999 -9999 -9999 -9999 -9999 -9999 -9999 -9999 -9999 -9999 -9999 -9999 -9999 -9999 -9999 -9999 -9999 -9999 -9999 -9999 1.89139E-4 1.77557E-4 2.44815E-4 5.71674E-4 5.93274E-4 9.38328E-4 8.96913E-4 5.52126E-4 6.44751E-4 9.7041E-4 6.46902E-4 5.6895E-4 6.51601E-4 4.26933E-4 6.16198E-4 5.31563E-4 1.63715E-4 7.75189E-5 9.01969E-5 9.68191E-5 1.46086E-4 1.7163E-4 8.57442E-5 2.76213E-5 1.2283E-4 1.93266E-5 5.00154E-6 8.42197E-5 7.00002E-5 4.50522E-5 6.92517E-5 1.04741E-5 3.23931E-5 1.19434E-4
-9999 -9999 -9999 -9999 -9999 -9999 -9999 -9999 -9999 -9999 -9999 -9999 -9999 -9999 -9999 -9999 -9999 -9999 -9999 -9999 -9999 -9999 -9999 -9999 -9999 -9999 -9999 -9999 -9999 -9999 -9999 -9999 -9999 1.6105E-4 1.97411E-4 2.65451E-4 4.64515E-4 9.39839E-4 7.60175E-4 4.07681E-4 2.43457E-4 6.08676E-4 1.29507E-3 8.18281E-4 1.88559E-3 1.54487E-3 2.26535E-3 4.91607E-4 2.03902E-4 2.0514E-5 1.59212E-5 2.219E-4 8.02534E-5 9.97736E-5 1.84744E-4 5.98123E-5 6.64403E-5 9.58442E-7 1.0475E-6 1.76376E-5 9.10948E-5 1.4181E-4 4.8242E-5 2.22758E-4 7.56832E-5 5.69582E-5
-9999 -9999 -9999 -9999 -9999 -9999 -9999 -9999 -9999 -9999 -9999 -9999 -9999 -9999 -9999 -9999 -9999 -9999 -9999 -9999 -9999 -9999 -9999 -9999 -9999 -9999 -9999 -9999 -9999 -9999 -9999 -9999 -9999 -9999 1.79093E-4 2.18506E-4 2.95557E-4 4.95821E-4 6.80524E-4 1.80667E-4 1.33967E-4 3.51128E-4 1.29301E-3 1.09611E-3 1.15274E-3 1.36362E-3 1.18499E-3 1.75093E-4 4.51047E-5 1.01134E-4 7.4971E-6 8.80146E-6 9.0167E-6 7.17933E-7 5.73393E-5 5.48206E-5 2.81726E-5 1.1123E-5 7.03976E-7 2.12204E-6 1.72828E-5 6.33581E-5 5.62603E-5 2.06706E-4 1.4855E-4 9.23872E-5
-9999 -9999 -9999 -9999 -9999 -9999 -9999 -9999 -9999 -9999 -9999 -9999 -9999 -9999 -9999 -9999 -9999 -9999 -9999 -9999 -9999 -9999 -9999 -9999 -9999 -9999 -9999 -9999 -9999 -9999 -9999 -9999 -9999 -9999 -9999 2.28781E-4 2.3541E-4 2.29234E-4 2.15593E-4 1.36077E-4 2.49858E-4 6.90114E-4 8.39551E-4 4.68889E-4 8.90829E-4 6.45829E-4 1.68122E-4 6.74468E-5 2.53198E-5 9.75059E-6 7.5909E-6 1.16847E-6 9.49029E-6 1.07915E-6 1.3865E-5 3.10762E-5 8.15741E-5 7.42023E-5 1.48332E-5 2.99643E-5 2.68795E-5 4.61889E-5 3.0657E-5 2.73419E-4 1.81922E-4 1.65674E-4
