catData/rasterBestHybridModels/Pbengalensis/RD_BM01_RM2_L/Pbengalensis_min.asc
ncols         409
nrows         350
xllcorner     60.897278365
yllcorner     5.843756025
cellsize      0.0892857
NODATA_value  -9999
[rows 145 to 173 of 350, columns 264 to 329 of 409]
2.37767E-5 4.97782E-5 8.02778E-5 9.3092E-5 6.65514E-5 6.11047E-5 5.83866E-6 2.48197E-6 5.74982E-5 8.65688E-6 2.46115E-6 3.02244E-7 5.46094E-5 6.14035E-5 9.17987E-6 6.13792E-6 1.6528E-6 2.4125E-6 3.19529E-6 6.15706E-6 1.61406E-6 5.34644E-6 7.68695E-7 6.13873E-5 6.43137E-5 7.071E-5 3.63408E-6 7.20488E-5 5.99628E-5 6.79273E-5 8.76813E-5 9.3473E-5 8.7406E-5 7.31498E-5 7.49248E-5 8.85383E-5 1.10369E-4 1.15371E-4 9.98338E-5 9.67432E-5 9.75288E-5 1.2517E-4 1.41623E-4 1.21857E-4 9.14192E-5 1.00814E-4 1.12136E-4 1.03157E-4 8.78265E-5 1.15364E-4 1.05931E-4 1.5774E-4 1.39755E-4 1.36822E-4 1.18984E-4 1.00506E-4 1.32635E-4 1.73054E-4 4.9181E-5 6.32836E-5 1.46047E-4 1.50489E-4 1.77401E-4 1.81837E-4 1.37901E-4 1.00782E-4
2.03503E-5 2.96846E-5 7.17184E-5 3.75315E-5 5.15233E-5 2.32744E-5 6.27019E-5 7.22144E-5 7.97012E-5 2.22393E-7 7.5678E-7 5.57547E-6 1.99921E-5 4.96845E-5 1.32456E-5 4.20708E-6 1.61976E-6 1.18551E-5 8.66866E-5 5.61395E-5 7.04693E-6 9.37956E-6 2.62833E-6 3.20041E-5 5.00428E-5 8.57931E-5 5.1721E-6 7.43225E-5 1.43753E-5 3.69049E-6 5.99338E-5 6.71747E-5 6.18839E-5 6.33936E-5 1.02848E-4 1.1235E-4 1.14542E-4 9.57372E-5 9.84753E-5 1.21769E-4 1.24315E-4 1.13341E-4 1.20817E-4 1.09862E-4 9.20914E-5 1.25985E-4 1.41215E-4 1.31852E-4 9.74049E-5 1.27047E-4 1.5445E-4 8.67614E-5 4.21239E-5 1.2035E-4 1.38787E-4 1.0212E-4 1.22333E-4 1.55552E-4 1.55177E-4 1.44414E-4 1.67974E-4 1.50998E-4 1.44531E-4 1.47255E-4 1.20861E-4 1.22495E-4
6.65298E-5 8.13758E-5 1.1614E-5 1.07599E-5 3.98979E-5 2.5174E-5 1.34492E-5 7.64886E-6 4.30779E-5 1.83014E-5 2.09381E-5 6.11094E-5 5.98252E-5 1.50892E-5 1.84347E-5 3.08202E-5 5.80885E-5 6.35537E-6 1.29963E-4 1.04308E-4 7.99191E-5 8.42462E-5 7.00302E-5 3.83312E-5 1.21492E-5 4.3965E-5 2.71627E-5 3.05526E-5 7.42989E-5 4.73508E-5 6.94409E-5 1.0007E-4 1.15274E-4 1.11538E-4 1.2429E-4 1.21124E-4 1.21677E-4 1.00568E-4 1.00839E-4 1.22994E-4 1.24969E-4 1.20149E-4 1.39771E-4 1.19122E-4 9.10463E-5 1.22472E-4 1.35872E-4 1.23247E-4 9.21824E-5 1.06962E-4 1.26682E-4 1.31016E-4 9.22263E-5 7.14007E-5 7.94304E-5 9.42643E-5 9.56909E-5 1.09825E-4 9.72058E-5 7.81289E-5 1.25386E-4 1.16282E-4 1.03885E-4 1.05601E-4 1.1489E-4 1.54085E-4
1.36886E-5 4.31662E-6 5.45458E-6 3.24661E-7 5.09704E-6 2.36475E-6 2.03182E-6 7.38343E-6 1.80087E-8 3.57325E-6 3.1053E-5 4.03794E-5 5.48411E-5 1.16284E-4 7.26561E-5 6.88658E-5 9.49888E-5 3.87182E-5 1.74956E-5 9.29236E-5 9.74877E-5 9.44463E-5 9.93601E-5 8.83709E-5 8.44216E-5 7.88731E-5 1.12385E-4 1.96383E-5 2.00732E-5 3.93373E-5 7.9387E-5 1.00246E-4 7.36387E-5 9.4036E-5 1.13429E-4 1.21626E-4 1.23195E-4 1.02955E-4 8.34917E-5 9.97675E-5 9.96903E-5 1.03055E-4 1.00105E-4 1.02837E-4 8.17609E-5 9.33347E-5 1.02858E-4 9.44722E-5 7.75014E-5 8.8894E-5 1.06232E-4 1.34849E-4 1.21517E-4 7.57657E-5 9.14848E-5 6.78772E-5 7.42745E-5 5.00433E-5 8.14769E-5 7.67573E-5 8.82371E-5 8.45236E-5 7.8771E-5 8.38033E-5 1.11066E-4 1.93573E-4
5.49901E-5 4.54335E-6 3.06039E-5 2.93246E-6 4.6849E-6 3.9646E-6 1.93793E-5 2.50765E-5 3.69661E-5 8.96034E-6 3.9441E-6 2.74629E-5 5.82631E-6 1.27875E-5 2.56609E-5 5.9127E-6 3.60875E-5 1.64691E-5 7.52113E-5 8.61923E-5 8.97214E-5 9.21122E-5 9.5455E-5 7.72458E-5 9.07249E-5 1.03918E-4 1.21067E-4 9.22184E-5 1.05125E-4 1.02289E-4 1.08349E-4 5.26446E-5 1.18201E-4 1.07871E-4 9.09068E-5 1.0851E-4 1.09821E-4 9.54238E-5 7.33354E-5 8.86922E-5 1.09346E-4 1.10752E-4 9.13466E-5 7.55239E-5 7.39657E-5 6.69122E-5 7.17418E-5 6.89247E-5 8.64713E-5 1.15598E-4 1.35287E-4 1.27308E-4 1.01946E-4 8.94234E-5 6.42799E-5 5.8404E-5 5.49881E-5 7.34227E-5 8.41183E-5 2.27655E-5 1.11827E-4 9.85739E-5 5.4499E-5 1.1901E-4 1.11691E-4 1.98781E-4
2.61353E-5 4.24668E-5 3.55216E-5 1.81742E-5 4.28877E-5 1.72009E-5 1.3609E-5 6.04699E-6 1.02195E-5 4.35711E-5 1.74512E-5 2.64858E-5 2.36122E-7 2.8923E-6 2.44698E-5 2.95274E-5 5.62273E-5 6.20002E-5 8.19865E-5 7.45649E-5 6.96497E-5 8.40862E-5 8.65708E-5 7.8149E-5 1.02082E-4 9.56035E-5 8.90037E-5 9.35624E-5 9.83797E-5 1.15504E-4 1.24142E-4 9.21982E-5 9.22783E-5 9.16116E-5 9.98929E-5 1.1795E-4 1.24113E-4 1.0504E-4 7.80096E-5 1.02463E-4 1.25291E-4 1.27648E-4 1.11868E-4 1.02744E-4 1.03231E-4 8.65257E-5 6.78768E-5 6.44408E-5 8.89738E-5 1.25049E-4 1.50148E-4 1.35467E-4 1.03751E-4 7.58147E-5 5.85004E-5 4.7917E-5 6.03866E-5 8.44401E-5 1.14953E-4 1.51482E-4 1.39081E-4 1.17064E-4 4.43995E-5 1.65983E-4 1.46357E-4 1.46944E-4
9.22212E-5 1.04491E-4 4.3525E-6 1.15224E-5 5.81452E-5 6.76801E-5 3.46383E-5 9.4809E-6 5.27645E-6 1.90087E-5 9.80995E-5 1.05635E-4 3.37282E-6 1.61467E-7 1.01686E-6 5.9825E-6 1.80049E-6 2.96909E-5 7.75113E-5 7.54612E-5 6.83571E-6 3.81039E-5 4.61693E-5 6.57454E-5 4.44483E-5 8.82194E-5 7.32086E-5 7.82213E-5 8.09489E-5 9.7623E-5 9.67572E-5 1.16932E-4 1.07234E-4 1.16238E-4 8.6308E-5 1.05563E-4 1.19454E-4 1.08452E-4 8.4362E-5 9.36829E-5 1.14878E-4 1.15858E-4 1.3886E-4 1.26319E-4 1.2484E-4 1.02432E-4 7.81056E-5 6.87868E-5 7.88112E-5 1.02967E-4 1.19995E-4 1.12903E-4 1.01397E-4 9.21303E-5 7.57532E-5 5.91416E-5 6.10111E-5 8.41267E-5 1.16336E-4 1.53006E-4 1.18231E-4 1.34234E-4 1.58945E-4 4.63564E-5 1.56444E-4 1.13913E-4
8.60923E-5 5.53763E-6 6.64579E-8 5.94167E-7 2.0727E-7 3.15846E-8 2.35595E-7 8.87204E-7 2.90565E-9 9.73171E-8 8.7164E-7 1.89936E-6 5.74918E-5 2.72188E-5 6.90367E-5 7.87439E-5 7.9944E-5 7.2608E-5 1.13275E-5 3.82175E-6 1.32043E-6 4.03721E-5 3.80754E-5 6.39564E-5 8.92045E-5 6.08369E-5 6.54342E-5 5.40696E-5 6.93735E-5 7.9345E-5 9.11798E-5 1.11872E-4 1.14241E-4 1.10737E-4 1.00402E-4 1.19226E-4 1.28437E-4 1.13356E-4 8.92547E-5 7.32919E-5 8.53748E-5 1.09089E-4 1.18091E-4 1.22636E-4 1.18989E-4 1.17813E-4 9.92368E-5 9.48253E-5 7.95962E-5 7.67905E-5 9.63075E-5 1.27433E-4 1.35596E-4 1.17324E-4 8.94924E-5 6.70164E-5 5.57154E-5 7.45502E-5 9.72878E-5 1.17807E-4 1.23067E-4 1.07698E-4 1.19519E-4 9.31121E-5 7.25794E-5 1.05122E-4
1.39555E-4 1.58868E-6 3.21191E-8 6.98089E-8 1.69832E-8 5.04467E-8 1.03681E-8 8.91382E-8 1.09271E-5 7.69837E-5 4.62664E-5 2.3073E-5 7.63155E-5 7.63078E-5 9.54772E-5 9.31075E-5 8.8636E-5 8.36015E-5 4.22988E-5 6.32178E-5 1.90054E-5 4.03859E-5 6.69507E-5 6.35687E-5 6.56898E-5 3.02462E-6 7.82302E-7 5.48934E-5 7.23112E-5 8.34043E-5 1.00581E-4 1.1298E-4 1.08522E-4 1.11449E-4 9.12577E-5 9.76923E-5 1.07664E-4 1.00195E-4 9.69988E-5 8.1567E-5 7.29947E-5 8.42526E-5 1.13465E-4 1.35528E-4 1.24143E-4 1.2887E-4 1.26622E-4 1.2384E-4 9.81712E-5 7.33134E-5 1.01616E-4 1.36348E-4 1.48239E-4 1.26308E-4 9.32774E-5 7.58455E-5 7.90279E-5 7.50968E-5 7.46579E-5 8.41641E-5 8.66002E-5 7.94001E-5 1.01453E-4 1.34931E-4 1.57327E-4 1.90952E-5
3.74149E-5 5.35817E-6 8.01797E-6 3.8273E-5 5.56526E-7 2.37265E-7 2.30341E-6 1.08786E-5 2.15206E-5 3.44254E-5 2.24862E-5 6.66573E-5 7.69876E-5 6.41487E-5 6.15553E-5 6.78522E-5 8.42329E-5 1.0612E-4 3.12346E-5 4.75791E-7 1.92117E-6 1.20896E-5 1.04955E-5 5.89132E-5 6.44028E-5 5.93933E-5 3.43097E-5 5.9376E-5 8.85745E-5 8.55462E-5 1.11264E-4 1.18463E-4 1.20877E-4 1.2448E-4 1.14306E-4 9.55479E-5 1.01062E-4 1.20509E-4 1.19501E-4 9.86145E-5 1.02516E-4 9.59503E-5 1.03956E-4 1.15697E-4 1.24987E-4 1.14288E-4 1.32983E-4 1.2643E-4 1.00199E-4 7.39226E-5 8.95217E-5 1.11511E-4 1.19625E-4 1.12817E-4 9.75504E-5 1.04934E-4 1.12035E-4 1.01196E-4 8.12492E-5 6.52921E-5 6.05682E-5 7.7804E-5 1.07999E-4 1.51579E-4 1.9031E-4 1.54267E-4
5.73197E-5 4.09993E-7 1.22892E-9 1.37724E-10 4.66249E-8 1.85099E-7 1.98115E-6 2.84923E-5 2.01489E-5 3.36795E-5 7.04508E-5 1.10104E-4 9.21731E-5 2.84449E-5 4.80062E-6 1.96992E-6 4.84086E-5 6.9421E-5 8.26946E-5 3.21185E-5 3.39358E-7 4.9939E-7 5.0987E-6 6.03452E-6 7.27202E-5 5.93893E-5 1.26435E-5 5.36774E-5 5.39523E-5 1.06374E-4 9.67808E-5 9.62395E-5 1.02369E-4 1.17768E-4 1.35241E-4 1.09159E-4 1.00414E-4 1.22221E-4 1.17323E-4 1.10002E-4 1.25807E-4 1.13667E-4 1.11511E-4 1.34589E-4 1.33945E-4 1.28199E-4 1.3913E-4 1.11124E-4 9.45893E-5 9.28172E-5 1.0503E-4 1.23572E-4 1.3426E-4 1.42387E-4 1.21167E-4 1.37646E-4 1.47158E-4 1.27941E-4 9.99701E-5 8.67029E-5 6.88981E-5 8.14146E-5 1.12254E-4 1.54064E-4 1.75465E-4 1.827E-4
7.2544E-5 2.77313E-8 4.31994E-6 3.72722E-6 1.29818E-5 1.13376E-5 1.42129E-5 4.03334E-5 4.7415E-5 6.81862E-5 8.42937E-5 9.95337E-5 2.68588E-5 1.39812E-5 4.03354E-6 4.84153E-6 7.73024E-6 2.01348E-5 5.14188E-5 7.96807E-7 4.68292E-7 5.06645E-5 6.70578E-5 4.05303E-5 3.59451E-5 4.75046E-5 7.52375E-5 7.52793E-5 6.83575E-5 8.99336E-5 8.13107E-5 1.10661E-4 1.1342E-4 1.1027E-4 1.21475E-4 1.03262E-4 8.21066E-5 9.59516E-5 9.44725E-5 1.07947E-4 1.21025E-4 1.11702E-4 1.23609E-4 1.19322E-4 1.09785E-4 1.26081E-4 1.28218E-4 1.07452E-4 1.32353E-4 1.28219E-4 1.2254E-4 1.49557E-4 1.37381E-4 1.40453E-4 1.18636E-4 1.41168E-4 1.52402E-4 1.42202E-4 1.37416E-4 1.07074E-4 8.4733E-5 8.27021E-5 1.11772E-4 1.49806E-4 1.66826E-4 1.40447E-4
6.12718E-5 3.23634E-5 6.01048E-5 6.55952E-6 7.88797E-6 4.56698E-6 1.61193E-5 2.3216E-5 1.60833E-5 5.7278E-5 8.62137E-5 8.91578E-5 8.35222E-5 1.03129E-5 1.8699E-5 2.71246E-5 5.36055E-5 3.04052E-5 4.00322E-5 8.61325E-5 7.89428E-5 5.97466E-5 6.68274E-5 2.85733E-5 6.59555E-5 7.53947E-5 9.71406E-5 9.24261E-5 8.07843E-5 7.13754E-5 9.33601E-5 1.16236E-4 1.55061E-4 1.18243E-4 8.6706E-5 7.86149E-5 9.00078E-5 9.29998E-5 9.94153E-5 1.15466E-4 1.10549E-4 1.09238E-4 1.23958E-4 1.18721E-4 1.31598E-4 1.33039E-4 1.31439E-4 1.16958E-4 1.43773E-4 1.39129E-4 1.11334E-4 1.31009E-4 1.26079E-4 1.14765E-4 1.29531E-4 1.56277E-4 1.47079E-4 1.66683E-4 1.56954E-4 1.16532E-4 1.17635E-4 1.15297E-4 1.03733E-4 1.41641E-4 1.65256E-4 1.4118E-4
5.93587E-5 5.11503E-5 3.01816E-5 6.19249E-6 2.17184E-6 2.11415E-6 6.04618E-6 1.43978E-5 4.67145E-5 8.26638E-5 1.24031E-4 9.05766E-5 8.07092E-5 1.08577E-4 1.05217E-4 7.67772E-5 8.605E-5 8.0194E-5 8.40682E-5 9.04002E-5 6.35064E-5 4.72634E-5 4.63418E-5 4.08665E-5 6.32568E-5 7.21189E-5 1.03644E-4 9.60868E-5 8.07931E-5 6.07828E-5 8.15103E-5 1.09144E-4 1.16246E-4 9.05964E-5 1.02093E-4 1.0692E-4 1.18909E-4 1.2244E-4 1.14299E-4 1.34786E-4 1.25799E-4 1.28934E-4 1.32106E-4 1.27994E-4 1.4354E-4 1.33049E-4 1.36869E-4 1.35454E-4 1.32581E-4 1.19268E-4 9.61038E-5 1.0523E-4 1.36913E-4 1.46175E-4 1.23167E-4 1.40618E-4 1.31674E-4 1.29662E-4 1.25542E-4 8.08213E-5 1.53535E-4 1.54658E-4 1.16011E-4 1.46279E-4 1.77695E-4 1.49276E-4
9.42213E-5 1.89545E-5 2.19923E-5 9.42358E-6 1.66269E-6 1.20728E-5 5.45864E-6 2.13907E-5 7.11696E-5 9.46228E-5 1.06713E-4 1.3949E-4 1.57335E-4 1.07586E-4 9.52952E-5 1.08872E-4 1.00574E-4 9.59451E-5 1.8127E-5 1.16797E-4 5.22607E-5 6.98935E-5 5.10909E-5 4.91994E-5 6.26539E-5 8.91277E-5 8.31158E-5 8.27192E-5 7.23235E-5 6.64765E-5 7.14044E-5 1.141E-4 1.26513E-4 1.01718E-4 1.21447E-4 1.31167E-4 1.25013E-4 1.3008E-4 1.14899E-4 1.33014E-4 1.2168E-4 1.23101E-4 1.2757E-4 1.38171E-4 1.50189E-4 1.3011E-4 1.46388E-4 1.40043E-4 1.42219E-4 1.14563E-4 9.69193E-5 1.05379E-4 1.36781E-4 1.42453E-4 1.20023E-4 1.14207E-4 1.90882E-4 1.55958E-4 1.20864E-4 1.23507E-4 1.52196E-4 1.53029E-4 1.16146E-4 1.16026E-4 1.28875E-4 1.18088E-4
4.04891E-5 3.20621E-5 6.17295E-7 1.33227E-5 5.7511E-6 2.46861E-5 3.73913E-5 3.27898E-5 2.27709E-5 9.35808E-5 1.24524E-4 1.29648E-4 1.00512E-4 5.90629E-5 8.99888E-5 8.93508E-5 1.01232E-4 9.0312E-5 9.82642E-5 1.24437E-4 4.77601E-5 4.89822E-5 6.2646E-5 7.14145E-5 5.85403E-5 5.99165E-5 6.39141E-5 6.23063E-5 5.49421E-5 6.33406E-5 8.52823E-5 1.05501E-4 1.04465E-4 6.26137E-5 1.27568E-4 1.26458E-4 1.32258E-4 1.07587E-4 9.48023E-5 1.0776E-4 1.00592E-4 1.2352E-4 1.36637E-4 1.46249E-4 1.30683E-4 1.36891E-4 1.31073E-4 1.39101E-4 1.51067E-4 1.28825E-4 1.25646E-4 1.47944E-4 1.29087E-4 1.08618E-4 8.76614E-5 1.34785E-4 1.58875E-4 1.47487E-4 1.20354E-4 1.0074E-4 1.15106E-4 1.14013E-4 9.65174E-5 1.03503E-4 1.24076E-4 1.55229E-4
1.01389E-6 9.24724E-5 1.49945E-5 5.34624E-5 6.48066E-6 4.4505E-5 9.70054E-6 7.19869E-5 1.61578E-5 9.06575E-5 1.23746E-4 7.39243E-5 9.96127E-5 7.06259E-5 7.2511E-5 8.95021E-5 4.86121E-5 8.13528E-5 1.02651E-4 8.22804E-5 8.85427E-5 8.29906E-5 1.00974E-4 9.22393E-5 7.24824E-5 4.70122E-5 4.80265E-5 5.2415E-5 4.90819E-5 6.11845E-5 7.17685E-5 7.6271E-5 7.2092E-5 1.04138E-4 1.28592E-4 1.26289E-4 1.49842E-4 1.32385E-4 1.06017E-4 1.21267E-4 1.23011E-4 1.31746E-4 1.41564E-4 1.74391E-4 1.42727E-4 1.3573E-4 1.31456E-4 1.36224E-4 1.36715E-4 1.29519E-4 1.31412E-4 1.48421E-4 1.34966E-4 1.00661E-4 1.00182E-4 1.37749E-4 1.60576E-4 1.3556E-4 1.01021E-4 9.00183E-5 1.17588E-4 1.39991E-4 1.29721E-4 1.25065E-4 1.68406E-4 2.10997E-4
6.10503E-7 2.21503E-5 6.74272E-5 5.56107E-5 5.00917E-5 6.67296E-5 2.50905E-5 5.38507E-5 1.63396E-5 1.58E-5 2.07035E-5 6.54932E-5 8.10349E-5 1.19468E-4 6.98487E-5 9.51602E-5 8.37195E-5 5.54042E-5 9.77105E-5 7.67423E-5 1.02936E-4 1.08561E-4 8.75621E-5 9.07221E-5 7.84987E-5 8.64982E-5 7.66966E-5 6.2196E-5 6.68035E-5 8.10988E-5 6.86592E-5 7.87986E-5 8.20028E-5 9.04911E-5 9.53313E-5 1.10139E-4 1.30265E-4 1.21629E-4 1.22986E-4 1.45856E-4 1.53324E-4 1.46258E-4 1.73726E-4 1.79777E-4 1.21796E-4 1.03684E-4 1.00304E-4 1.49935E-4 1.51618E-4 1.46126E-4 1.46841E-4 1.18591E-4 1.07615E-4 9.21242E-5 9.04702E-5 1.14283E-4 1.18159E-4 1.06915E-4 9.0901E-5 1.118E-4 1.37132E-4 1.68773E-4 1.51422E-4 1.30003E-4 1.60737E-4 1.62744E-4
2.11714E-5 2.41015E-5 3.78265E-5 1.22645E-4 4.87637E-5 1.17986E-5 1.98958E-5 1.09186E-5 2.70846E-5 7.89677E-5 3.43575E-5 4.96101E-5 1.00647E-4 5.28131E-5 3.74407E-5 6.33407E-5 5.55496E-5 8.15081E-5 4.21033E-5 8.79103E-5 1.15221E-4 1.14892E-4 8.46854E-5 7.07199E-5 5.50472E-5 5.85327E-5 4.86948E-5 8.51679E-5 9.20969E-5 2.93259E-5 7.69603E-5 1.0057E-4 1.07052E-4 9.39063E-5 1.02487E-4 9.59537E-5 9.22886E-5 9.15167E-5 1.09749E-4 1.26824E-4 1.44492E-4 1.46146E-4 1.46858E-4 2.1607E-4 1.32645E-4 1.28089E-4 1.08913E-4 1.12873E-4 1.19672E-4 -9999 1.26198E-4 1.04228E-4 7.95124E-5 6.80811E-5 6.6349E-5 7.84731E-5 8.37333E-5 7.87778E-5 1.08101E-4 1.44974E-4 1.38459E-4 1.4484E-4 1.78709E-4 1.56152E-4 1.1718E-4 1.18461E-4
2.83421E-5 4.69104E-6 1.99104E-5 2.25654E-5 1.54718E-5 4.40946E-6 2.12783E-5 4.49368E-5 6.3788E-6 1.0431E-4 1.37023E-4 8.61252E-5 7.23657E-5 7.91487E-5 1.5576E-5 2.66034E-5 5.62529E-5 2.45917E-5 7.35861E-5 8.44828E-5 1.25847E-4 9.78662E-5 1.26119E-4 4.58203E-5 2.96356E-5 5.30435E-5 6.56408E-5 7.64598E-5 1.09628E-4 5.96081E-5 7.82334E-5 1.21175E-4 1.16728E-4 1.10351E-4 1.27899E-4 1.19231E-4 9.20491E-5 1.01381E-4 -9999 1.12502E-4 1.35864E-4 1.44563E-4 1.41359E-4 1.26616E-4 1.35847E-4 1.44923E-4 1.25065E-4 1.2446E-4 1.02768E-4 -9999 9.03489E-5 7.96712E-5 -9999 5.07609E-5 5.00489E-5 -9999 6.9058E-5 1.00897E-4 1.08052E-4 1.26158E-4 1.1473E-4 1.3228E-4 1.4638E-4 1.34685E-4 1.05747E-4 8.38745E-5
1.06484E-5 2.67138E-5 3.61829E-5 3.87407E-5 1.08056E-5 2.30156E-5 5.77906E-6 5.86844E-6 9.26495E-5 1.39618E-4 7.01409E-5 1.03521E-4 1.02694E-4 7.26151E-5 4.83157E-5 6.64842E-5 5.92723E-5 3.34182E-5 9.09799E-5 8.47111E-5 1.88031E-4 1.02039E-4 7.50922E-5 5.73231E-5 6.67359E-5 1.80955E-5 5.31175E-5 8.11873E-5 8.90927E-5 4.95602E-5 1.02552E-4 1.08206E-4 1.13749E-4 1.0726E-4 1.23822E-4 1.19735E-4 9.07163E-5 1.19758E-4 -9999 1.34546E-4 1.09405E-4 1.38216E-4 1.43079E-4 1.3789E-4 1.39868E-4 1.41108E-4 1.4334E-4 1.26423E-4 1.13641E-4 9.56748E-5 -9999 6.11294E-5 5.10932E-5 4.52298E-5 3.83516E-5 5.36382E-5 7.38356E-5 -9999 1.45244E-4 1.80171E-4 -9999 1.61524E-4 1.4328E-4 -9999 8.45274E-5 6.67656E-5
2.24417E-5 1.72368E-5 5.52443E-5 3.52751E-5 6.9536E-5 4.34457E-5 7.26438E-5 8.77772E-5 1.91881E-4 1.49776E-4 6.98167E-5 1.59622E-5 1.07062E-5 3.42698E-6 8.45197E-6 7.0926E-5 3.31778E-5 6.93411E-5 1.02942E-4 1.04285E-4 8.98739E-5 9.58984E-5 8.56891E-5 2.35612E-5 5.5118E-5 4.91502E-5 5.46845E-5 6.27687E-5 6.14441E-5 8.00051E-5 9.38112E-5 9.36592E-5 9.73395E-5 8.66739E-5 9.7178E-5 9.19292E-5 8.02962E-5 1.09105E-4 1.30253E-4 -9999 1.31013E-4 1.43954E-4 1.29371E-4 1.28882E-4 1.51761E-4 1.40137E-4 1.2762E-4 1.27355E-4 1.45585E-4 -9999 8.52767E-5 7.17569E-5 5.26978E-5 4.18049E-5 3.71448E-5 5.16014E-5 7.0627E-5 9.79823E-5 1.30189E-4 1.4953E-4 1.50878E-4 1.51596E-4 1.35999E-4 1.02542E-4 7.56058E-5 5.54641E-5
2.93031E-5 4.92821E-5 6.63539E-5 5.47173E-5 4.8541E-6 4.80706E-5 9.43307E-5 1.03027E-4 1.99879E-4 1.59789E-4 1.0612E-4 9.2535E-5 1.32341E-5 5.38804E-6 2.94529E-5 7.26246E-6 3.70961E-5 1.64515E-5 7.67999E-5 4.77411E-5 6.79365E-5 7.73031E-5 2.96875E-5 1.96528E-5 2.73737E-5 1.31171E-5 7.45213E-6 4.40936E-5 5.9971E-5 5.51851E-5 7.08297E-5 7.03177E-5 7.1222E-5 6.55319E-5 6.9072E-5 6.7322E-5 6.88026E-5 9.58916E-5 1.26859E-4 1.38225E-4 1.45294E-4 -9999 1.26531E-4 1.30726E-4 1.38516E-4 1.17813E-4 8.47643E-5 1.32421E-4 1.62707E-4 1.37254E-4 1.0225E-4 7.46501E-5 5.38286E-5 -9999 3.37005E-5 4.54445E-5 6.08326E-5 7.95158E-5 9.86384E-5 1.06067E-4 1.0617E-4 1.12426E-4 -9999 8.5286E-5 6.64216E-5 4.97908E-5
4.07851E-5 4.93606E-5 1.91412E-5 1.63286E-5 4.9342E-6 6.99848E-5 2.94081E-5 7.71045E-5 2.29394E-4 1.1957E-4 8.27795E-5 4.38818E-5 1.55359E-5 1.22786E-5 2.16762E-5 1.11129E-5 5.76045E-5 3.35041E-5 8.89778E-5 7.29003E-5 2.03833E-4 1.36567E-4 6.29846E-5 2.26394E-5 1.72767E-5 1.38214E-5 1.26497E-5 3.71528E-5 4.71069E-5 6.86061E-5 6.34611E-5 6.03303E-5 7.08152E-5 8.79478E-5 9.45032E-5 8.64541E-5 7.07281E-5 7.99905E-5 1.04218E-4 -9999 1.46737E-4 -9999 1.36545E-4 1.51276E-4 1.18216E-4 9.75567E-5 8.48019E-5 9.61932E-5 1.23187E-4 1.13142E-4 8.91E-5 6.73728E-5 5.04731E-5 3.72137E-5 -9999 3.79753E-5 -9999 6.01806E-5 -9999 7.4948E-5 -9999 7.91816E-5 7.56244E-5 6.64347E-5 5.39706E-5 4.24748E-5
1.33954E-5 5.19928E-5 3.07025E-5 4.39271E-5 2.8477E-5 2.10916E-5 1.80545E-5 4.89578E-5 1.06628E-4 1.49864E-4 1.34655E-4 1.05274E-4 1.65727E-5 4.16436E-6 2.8075E-5 3.43573E-6 8.6786E-6 4.55087E-6 4.08416E-5 1.85592E-4 1.83874E-4 1.61125E-4 1.65609E-4 7.53174E-5 2.48855E-5 2.44083E-5 3.4535E-5 4.60518E-5 5.58187E-5 7.57218E-5 8.5516E-5 8.69725E-5 8.87725E-5 1.16664E-4 1.27375E-4 1.1243E-4 8.63269E-5 8.84236E-5 7.70903E-5 1.02583E-4 -9999 1.24704E-4 1.2635E-4 1.32054E-4 1.08528E-4 8.20628E-5 -9999 8.00881E-5 8.79372E-5 7.31648E-5 6.22892E-5 -9999 4.33595E-5 2.9016E-5 -9999 3.00835E-5 -9999 4.44081E-5 -9999 5.32852E-5 6.06933E-5 5.0076E-5 -9999 4.95365E-5 4.16085E-5 3.53403E-5
5.99231E-5 1.0545E-4 5.7893E-5 2.90622E-5 7.52121E-6 9.06815E-6 3.91339E-5 6.69683E-5 9.11987E-5 1.3605E-4 1.05818E-4 5.3599E-5 2.79224E-6 3.45865E-6 2.33522E-6 1.24737E-6 1.35708E-5 1.17376E-5 8.07985E-5 1.84635E-4 1.20607E-4 1.21247E-4 6.24712E-5 7.82888E-5 3.67945E-5 4.61274E-5 4.3856E-5 5.53013E-5 7.57403E-5 1.01192E-4 1.24364E-4 1.15606E-4 9.59848E-5 1.24357E-4 1.3962E-4 1.20492E-4 1.19803E-4 1.14828E-4 9.24042E-5 -9999 -9999 8.53646E-5 9.3092E-5 9.68755E-5 8.47068E-5 6.94114E-5 5.35563E-5 -9999 6.21052E-5 5.94779E-5 5.27051E-5 -9999 -9999 -9999 2.31162E-5 2.30972E-5 -9999 -9999 3.5827E-5 3.70228E-5 -9999 -9999 -9999 -9999 3.12158E-5 -9999
4.46497E-5 3.51633E-5 1.52609E-5 4.68398E-6 1.47528E-5 1.73378E-5 1.5705E-5 7.20031E-5 4.78444E-5 7.43752E-5 4.96569E-5 6.4339E-5 1.38523E-5 2.42596E-5 1.30582E-5 8.02922E-6 1.41464E-5 1.03417E-5 8.23835E-5 1.47772E-4 1.66999E-4 1.15699E-4 9.13317E-5 5.18512E-5 4.56657E-5 5.7953E-5 6.84085E-5 7.47166E-5 8.0679E-5 1.17377E-4 1.15344E-4 1.28214E-4 1.02846E-4 1.03629E-4 1.12763E-4 1.2093E-4 1.44784E-4 1.3397E-4 -9999 -9999 6.21669E-5 -9999 6.72098E-5 6.82223E-5 -9999 5.45992E-5 -9999 -9999 4.37733E-5 4.24078E-5 -9999 -9999 -9999 -9999 1.74176E-5 1.73664E-5 -9999 -9999 -9999 -9999 -9999 -9999 -9999 -9999 -9999 -9999
4.78772E-5 5.34046E-5 1.26236E-5 3.56121E-5 2.13616E-5 3.07109E-6 3.21604E-5 4.09957E-5 5.8725E-5 4.29106E-5 4.43767E-6 8.50425E-5 5.8541E-5 4.19171E-5 7.17069E-6 7.42025E-5 5.99352E-7 3.19647E-6 3.20694E-5 1.33071E-4 1.95855E-4 1.16258E-4 1.03619E-4 5.18248E-5 6.09472E-5 7.55318E-5 9.18126E-5 9.45624E-5 7.48949E-5 9.2966E-5 1.11545E-4 1.10705E-4 9.96189E-5 1.28367E-4 1.33645E-4 1.11749E-4 1.28206E-4 -9999 -9999 -9999 5.23275E-5 3.89085E-5 4.7761E-5 4.83051E-5 -9999 4.07986E-5 3.00996E-5 -9999 -9999 -9999 2.7838E-5 -9999 -9999 -9999 -9999 -9999 -9999 -9999 -9999 -9999 -9999 -9999 -9999 -9999 -9999 -9999
4.85783E-5 1.816E-5 9.75807E-5 1.82323E-4 4.34384E-5 1.50034E-5 3.91401E-5 3.12935E-5 6.42047E-5 3.63644E-5 4.55558E-5 5.56293E-5 1.3615E-4 3.55998E-5 3.64725E-5 1.75473E-5 4.25085E-6 1.70134E-5 1.74667E-5 5.66515E-5 1.38179E-4 1.14341E-4 6.88063E-5 6.71087E-5 8.37081E-5 9.71835E-5 1.17413E-4 1.17973E-4 1.03448E-4 8.27628E-5 8.05159E-5 8.01862E-5 1.07282E-4 1.38273E-4 -9999 -9999 -9999 -9999 -9999 -9999 -9999 -9999 -9999 -9999 -9999 2.98751E-5 -9999 -9999 -9999 -9999 -9999 -9999 -9999 -9999 -9999 -9999 -9999 -9999 -9999 -9999 -9999 -9999 -9999 -9999 -9999 -9999
