catData/rasterBestHybridModels/Pbengalensis/RD_BM01_RM2_L/Pbengalensis_median.asc
ncols         409
nrows         350
xllcorner     60.897278365
yllcorner     5.843756025
cellsize      0.0892857
NODATA_value  -9999
[rows 116 to 144 of 350, columns 132 to 197 of 409]
2.32211E-5 2.50917E-5 2.67277E-5 2.79498E-5 2.69012E-5 2.55126E-5 2.93536E-5 3.25497E-5 3.63473E-5 3.74795E-5 3.62474E-5 3.8683E-5 4.83126E-5 6.21062E-5 7.29419E-5 5.0615E-5 6.23861E-5 5.13157E-5 1.38509E-6 1.25729E-5 6.02833E-6 1.11581E-5 4.43218E-6 3.5144E-6 4.2413E-6 2.37922E-5 5.94728E-5 6.36576E-5 6.60776E-5 6.05344E-5 5.01091E-5 4.10487E-5 3.95904E-5 4.50334E-5 4.48713E-5 6.61182E-5 7.24074E-5 6.71475E-5 3.20072E-5 6.19139E-5 6.47682E-5 3.03808E-5 1.37974E-5 3.10985E-5 4.78387E-5 4.84654E-5 5.4667E-5 6.62787E-5 7.84861E-5 7.90065E-5 6.15531E-5 4.98943E-5 4.7968E-5 6.04036E-5 7.26192E-5 8.42955E-5 6.59763E-5 7.61728E-5 8.27338E-5 7.16884E-5 6.68473E-5 7.81865E-5 8.13929E-5 8.38599E-5 7.48518E-5 6.16132E-5
2.7898E-5 3.12657E-5 3.36883E-5 3.47976E-5 3.39486E-5 3.13385E-5 3.48218E-5 4.20721E-5 4.56329E-5 4.79178E-5 2.1737E-5 4.20349E-5 4.90258E-5 6.15958E-5 7.30181E-5 7.52961E-5 6.31125E-5 1.26156E-5 7.27352E-6 1.78659E-6 3.85027E-5 6.53542E-6 1.52605E-5 8.10644E-6 7.54328E-6 4.79364E-5 5.00374E-5 5.14596E-5 5.25182E-5 4.86647E-5 3.76709E-5 3.61283E-5 3.18653E-5 2.38859E-5 5.8633E-5 7.13879E-5 8.90926E-5 7.3622E-5 6.289E-5 7.06429E-5 7.00904E-5 1.54694E-5 3.92431E-5 5.37789E-5 6.07382E-5 6.2165E-5 5.76689E-5 6.24648E-5 5.28635E-5 6.47521E-5 5.60557E-5 4.58013E-5 4.77395E-5 6.09626E-5 7.2544E-5 7.82133E-5 6.58625E-5 6.637E-5 7.41141E-5 7.29721E-5 6.42983E-5 6.57514E-5 7.09544E-5 7.89875E-5 6.91148E-5 6.32328E-5
3.33609E-5 3.8998E-5 4.34444E-5 4.50623E-5 4.34202E-5 3.89318E-5 3.95452E-5 4.81714E-5 5.68774E-5 5.51016E-5 2.97099E-5 5.07708E-5 4.53067E-5 4.11773E-5 4.18171E-5 6.10941E-5 4.83547E-5 2.49265E-5 4.62854E-5 6.80611E-5 5.18252E-5 3.96863E-5 6.60258E-6 1.90979E-5 4.82866E-6 5.46232E-5 4.24019E-5 3.87844E-5 4.25246E-5 4.6315E-5 4.66189E-5 4.32538E-5 3.81181E-5 3.34115E-5 5.38521E-5 5.93274E-5 6.94835E-5 5.71252E-5 5.56218E-5 5.74284E-5 6.03381E-5 5.04649E-5 4.20991E-5 4.63914E-5 7.28185E-5 6.81723E-5 3.50833E-5 4.19485E-5 5.88499E-5 2.3643E-7 8.73379E-8 7.73233E-6 8.68653E-7 2.16978E-7 3.28887E-6 1.50207E-5 1.98722E-5 3.22996E-5 7.08968E-5 8.65442E-5 7.29914E-5 6.27423E-5 4.55606E-5 6.95813E-5 4.41005E-5 7.19905E-5
3.85427E-5 4.85276E-5 5.54887E-5 5.8784E-5 5.51464E-5 4.82382E-5 4.19839E-5 5.39224E-5 6.84365E-5 6.52685E-5 4.61534E-5 2.66806E-5 4.2185E-5 3.7151E-5 4.8493E-5 7.79666E-6 1.64646E-5 2.9558E-5 1.54578E-5 3.08234E-5 1.92583E-5 1.62882E-5 5.16213E-5 4.62304E-5 6.54194E-5 5.94589E-5 4.82183E-5 3.10238E-5 4.62015E-5 5.96431E-5 5.9997E-5 5.43419E-5 4.5135E-5 4.74428E-5 5.96927E-5 7.02723E-5 7.39346E-5 4.36073E-5 3.62186E-5 4.87771E-5 6.15607E-5 6.05724E-5 5.50637E-5 6.0556E-5 3.79587E-5 2.05283E-5 3.50687E-5 3.90017E-5 8.04933E-6 6.31592E-7 2.9819E-9 1.23592E-8 2.30121E-7 8.7897E-7 6.3869E-6 8.8994E-6 5.37079E-5 7.15172E-5 6.55911E-5 3.35474E-5 6.67228E-5 4.04021E-5 2.94656E-5 3.27325E-5 4.40032E-5 7.60361E-5
4.25463E-5 5.42871E-5 6.57397E-5 8.46335E-5 6.93793E-5 5.67634E-5 4.41787E-5 5.24803E-5 6.76572E-5 7.31145E-5 5.20444E-5 1.76133E-5 4.56404E-5 4.17459E-5 1.80432E-5 3.04135E-6 6.87766E-6 3.23897E-5 8.89616E-6 1.00564E-5 1.65214E-5 8.23794E-6 2.39749E-5 6.39049E-5 7.07103E-5 5.34941E-5 4.70753E-5 5.43758E-5 4.17688E-5 2.60872E-5 5.68421E-5 5.48383E-5 3.59082E-5 5.32315E-5 6.07615E-5 6.48644E-5 7.03463E-5 5.10791E-5 5.60641E-5 2.4179E-5 4.89242E-5 4.67654E-5 4.37292E-5 3.61052E-5 5.37493E-6 2.8888E-5 2.68848E-5 1.6199E-6 1.2268E-6 5.37948E-8 1.43441E-6 1.56639E-6 1.20677E-5 1.68965E-5 5.027E-5 8.03762E-5 6.40561E-5 5.18555E-5 2.09861E-5 2.11368E-7 1.19639E-5 2.93361E-5 4.09187E-5 2.48735E-5 5.44611E-5 6.54618E-5
4.30803E-5 5.52135E-5 6.7651E-5 8.118E-5 6.81496E-5 5.72879E-5 4.35456E-5 4.58197E-5 5.50496E-5 3.44014E-5 3.45069E-5 7.38016E-5 6.68088E-5 7.47381E-5 3.483E-5 1.90863E-5 2.11766E-5 1.96309E-5 4.27614E-5 2.25027E-6 8.66623E-7 6.04397E-6 5.85069E-5 5.93033E-5 6.06257E-5 4.39676E-5 5.64549E-5 6.87045E-5 6.27424E-5 4.43872E-5 5.11867E-5 5.1063E-5 4.72324E-5 6.62549E-5 6.45917E-5 3.55401E-5 4.43079E-5 4.75924E-5 4.86411E-5 2.61661E-5 4.13763E-5 2.51399E-5 3.40482E-5 4.28805E-5 3.72412E-5 1.10572E-5 2.37163E-5 5.39576E-7 2.08301E-7 1.65343E-6 1.04838E-6 1.09402E-5 3.68583E-5 8.71406E-6 6.12523E-5 2.44767E-5 8.89181E-6 4.57484E-6 1.17243E-7 3.55406E-7 2.72564E-5 7.96333E-5 4.75654E-5 2.37069E-5 5.32014E-5 5.97658E-5
3.98714E-5 4.8263E-5 5.74572E-5 6.57971E-5 5.94209E-5 5.10964E-5 4.18321E-5 3.85601E-5 4.5477E-5 5.63052E-5 6.85022E-5 8.26624E-5 6.88732E-5 3.84326E-5 2.47269E-6 3.95786E-5 2.0434E-5 4.59795E-5 4.78827E-5 1.86616E-5 5.82812E-5 5.78782E-5 3.57138E-5 2.0495E-5 1.28588E-5 3.98625E-6 1.7676E-5 3.16177E-5 3.89241E-5 5.23408E-5 4.15681E-5 5.38062E-5 4.62628E-5 7.00071E-5 8.07727E-5 4.41222E-5 6.33357E-5 4.33304E-5 3.93537E-5 1.66085E-5 6.36294E-5 3.58224E-5 4.46066E-5 7.57458E-6 1.54763E-5 6.10943E-6 5.1524E-6 1.25358E-5 3.89048E-6 2.76742E-6 2.01162E-6 5.96264E-6 2.66998E-6 3.88873E-6 4.46627E-7 7.4745E-7 1.1106E-6 5.34549E-6 7.91695E-7 6.18875E-7 1.46228E-5 2.41048E-5 1.58365E-5 5.39966E-5 1.60016E-5 2.33883E-6
3.7707E-5 4.02071E-5 4.51756E-5 4.8179E-5 4.78697E-5 4.45233E-5 3.74252E-5 3.73364E-5 2.31931E-5 3.66599E-5 5.23356E-5 5.92701E-5 3.50214E-5 1.06381E-5 4.04205E-5 4.17176E-5 6.21526E-6 2.27646E-5 8.56403E-5 7.14774E-5 4.40549E-5 3.96082E-5 5.91226E-5 3.62417E-5 8.70264E-6 1.683E-5 1.70444E-5 6.6701E-5 3.60957E-5 5.49137E-5 5.41307E-5 4.57472E-5 5.29955E-5 4.50519E-5 5.07455E-5 2.45135E-5 2.59195E-5 3.48218E-5 4.92363E-5 5.0373E-5 5.93282E-5 4.03007E-5 8.77425E-6 1.32384E-6 1.84166E-5 3.91534E-6 9.84886E-6 6.24777E-6 9.12083E-6 1.12263E-5 1.47796E-6 1.60116E-6 8.44083E-6 7.03755E-8 1.89697E-7 8.90298E-7 2.60789E-6 5.00695E-7 6.6015E-6 1.73051E-5 3.46423E-5 4.20232E-5 4.04778E-5 2.5516E-5 2.02007E-5 2.99997E-5
4.72639E-5 3.93141E-5 3.57376E-5 3.89076E-5 3.77354E-5 4.38318E-5 4.73439E-5 4.20921E-5 3.42696E-5 4.14119E-5 1.3786E-5 5.56737E-5 3.21283E-5 1.5872E-5 3.55606E-5 7.5203E-6 5.33136E-6 5.04582E-5 5.2255E-5 5.39041E-5 4.14658E-5 3.6733E-6 1.27025E-5 1.19937E-5 2.89962E-5 9.70307E-6 4.14108E-6 4.40504E-5 1.69706E-5 2.44083E-5 7.34305E-5 1.91862E-5 5.03328E-5 2.84806E-5 3.99075E-5 1.68855E-5 4.74733E-5 3.6893E-5 3.98596E-5 6.46397E-5 3.85389E-5 5.12442E-6 1.56934E-6 2.12004E-5 3.14657E-5 7.50888E-6 1.44671E-5 1.24836E-5 1.85144E-5 3.09879E-5 8.26888E-6 2.72206E-6 2.80674E-6 4.85307E-7 1.13752E-6 1.75328E-6 1.23503E-6 1.40046E-6 1.39511E-6 3.79823E-5 3.53463E-5 6.00634E-5 7.17086E-5 5.56395E-5 6.01824E-5 3.39679E-5
5.83864E-5 4.50031E-5 3.71607E-5 3.58101E-5 4.30019E-5 5.2452E-5 5.93735E-5 4.67978E-5 5.94486E-5 5.36286E-5 2.61872E-5 9.24763E-6 9.30956E-6 1.78615E-5 4.34305E-6 9.18761E-6 9.37178E-6 7.15724E-6 6.27082E-5 5.8238E-5 3.31996E-5 4.04811E-5 7.63602E-5 5.09045E-5 1.22733E-5 2.38637E-6 3.67831E-6 1.21412E-5 3.43415E-5 2.5767E-5 5.17768E-5 4.77055E-5 3.29169E-5 3.22267E-5 4.11427E-5 6.27485E-5 5.49068E-5 4.97528E-5 4.11709E-5 1.13041E-5 4.52269E-5 3.12105E-5 1.404E-5 3.88994E-5 4.10168E-5 3.20208E-5 2.6048E-5 4.33979E-6 1.27104E-6 8.20443E-6 1.7485E-6 1.11172E-7 1.19332E-5 2.82889E-6 8.43299E-7 1.16175E-6 1.02065E-6 2.60788E-6 3.42854E-6 1.26884E-5 6.54016E-5 6.40267E-5 7.29197E-5 2.1799E-5 1.66161E-5 5.33694E-5
6.13227E-5 4.66245E-5 3.66247E-5 3.6716E-5 4.08934E-5 6.13007E-5 3.69688E-5 5.88033E-5 3.74724E-5 1.77379E-5 4.58E-5 4.45281E-6 2.5598E-5 7.22436E-6 1.14285E-5 9.38896E-6 4.02254E-6 3.82527E-5 5.936E-5 6.75622E-5 5.79327E-5 3.05244E-5 1.30991E-5 4.8737E-6 9.7679E-6 2.66336E-5 2.17773E-5 1.43484E-5 5.33136E-6 3.76948E-5 7.71721E-5 1.68209E-5 3.69173E-5 2.79432E-5 2.623E-5 4.71046E-5 7.21965E-5 5.83368E-5 2.48432E-5 1.599E-5 2.56221E-5 3.5563E-5 2.16306E-5 5.46448E-5 2.82145E-5 4.77993E-5 1.55852E-5 6.63016E-6 1.4231E-6 5.79931E-6 7.45299E-7 1.48293E-6 4.80237E-6 7.91621E-7 5.44002E-6 6.94748E-7 4.59652E-6 9.66938E-6 3.38264E-5 5.02542E-5 3.71872E-5 3.4141E-5 9.61683E-6 4.90179E-6 5.02714E-7 2.14419E-5
5.28753E-5 4.30267E-5 3.45894E-5 3.54429E-5 4.52497E-5 4.89634E-5 7.15646E-5 1.9051E-5 8.25117E-7 1.51777E-5 9.68863E-6 2.04459E-5 2.65E-5 1.69127E-5 3.84301E-6 9.7598E-6 4.74594E-5 5.02611E-5 2.46473E-5 7.674E-5 4.40382E-5 5.87922E-6 2.00911E-6 1.37523E-5 1.02877E-5 4.0536E-5 1.72241E-5 2.37945E-5 2.39337E-5 2.51788E-5 1.93147E-5 6.06382E-6 1.12286E-5 4.54216E-5 5.24937E-5 5.51484E-5 6.3662E-5 5.90615E-5 7.10679E-5 6.55605E-5 2.91731E-5 5.07867E-5 3.89956E-5 4.22523E-5 5.02805E-5 3.69244E-5 9.66789E-6 6.0641E-7 3.37238E-7 1.53192E-6 2.97363E-6 1.23809E-5 3.07991E-7 3.44149E-6 1.44457E-6 4.5552E-6 1.79322E-6 8.88602E-6 2.32767E-6 1.73207E-5 5.68223E-6 2.00802E-6 8.98976E-6 8.44859E-6 6.37262E-6 3.01267E-5
4.27537E-5 3.84933E-5 2.71481E-5 3.67434E-5 3.59611E-5 8.9047E-6 2.26727E-5 1.48001E-5 3.67632E-5 6.68825E-6 1.92856E-6 1.50055E-5 3.88488E-5 3.61326E-5 3.1055E-5 2.03091E-5 7.21354E-7 4.93662E-5 7.22784E-5 5.79911E-5 4.42513E-6 1.85863E-6 1.90043E-6 2.4148E-6 2.20684E-5 4.76026E-5 2.35376E-5 3.26243E-5 4.55119E-5 1.08692E-5 1.88436E-5 1.21312E-5 5.15994E-5 5.20341E-5 3.95787E-5 1.64497E-5 1.6387E-5 2.43588E-5 2.49335E-5 4.81998E-5 4.13073E-5 4.95968E-5 4.5152E-5 6.48592E-5 2.96257E-5 3.71044E-5 1.21346E-6 4.86415E-6 3.61236E-6 3.50815E-6 2.07953E-6 2.38569E-5 4.4844E-6 6.59953E-7 9.81939E-7 8.58322E-6 6.93901E-6 3.85884E-6 6.79386E-7 8.05198E-9 2.11112E-6 1.89758E-5 2.40556E-6 1.65157E-6 2.39631E-7 5.01054E-8
4.8204E-5 4.14163E-5 4.4513E-5 4.87674E-5 1.39422E-5 1.11046E-5 1.95618E-6 2.51418E-6 4.24073E-5 4.34184E-6 1.36327E-5 6.94354E-7 2.46234E-5 6.22593E-6 1.34108E-6 2.01521E-6 2.7309E-5 5.10852E-5 5.26807E-5 5.97227E-5 1.18133E-5 5.14938E-6 2.96078E-6 8.37172E-6 4.90047E-6 1.59141E-5 1.93556E-5 5.06284E-5 2.72534E-5 7.13555E-6 4.73755E-5 4.88105E-5 7.75888E-5 3.78176E-5 1.65486E-5 3.5619E-6 3.60018E-5 3.0662E-5 2.45595E-5 5.03848E-5 2.7966E-5 3.98836E-5 2.75412E-5 4.35594E-5 5.92348E-5 3.99752E-5 9.61099E-6 9.43719E-8 2.33128E-6 8.34052E-6 1.08237E-6 2.47672E-5 1.10325E-7 1.28006E-7 4.94055E-7 3.22105E-7 6.46788E-6 3.25056E-6 3.25638E-6 1.93505E-8 3.16809E-7 6.75928E-7 2.15429E-8 5.06442E-7 1.64867E-7 9.71183E-8
3.52911E-5 4.25985E-5 4.8311E-5 4.08146E-5 1.53775E-5 2.3807E-6 1.37784E-6 1.39374E-6 3.9768E-6 6.25688E-6 1.49318E-5 1.03215E-5 3.69032E-6 2.11144E-6 2.10829E-6 7.02632E-6 3.35818E-6 3.45233E-5 2.22246E-5 6.03628E-6 3.40655E-5 2.35262E-5 1.14076E-5 6.68061E-6 4.71827E-6 4.74079E-6 7.12413E-6 8.87389E-6 2.05565E-5 3.59628E-5 3.95076E-5 4.93879E-5 5.71955E-5 5.96954E-5 1.99255E-5 2.95576E-5 3.68369E-5 6.26007E-5 4.2739E-5 2.31373E-5 1.4213E-5 5.63469E-5 6.5824E-5 4.66763E-5 5.34476E-5 2.9878E-6 1.30138E-5 1.47014E-7 5.99749E-7 1.69369E-6 1.04539E-6 6.64486E-6 1.63937E-6 2.94965E-7 7.1453E-6 3.95434E-6 5.61007E-6 1.54479E-6 3.39823E-6 5.02127E-7 4.41365E-8 3.8154E-6 4.10444E-8 1.21846E-7 7.12567E-8 3.80079E-6
2.07886E-5 4.02566E-5 2.34656E-5 4.50961E-5 1.32426E-5 1.43582E-5 6.54658E-5 1.77726E-5 7.33013E-6 4.7859E-6 8.93615E-7 1.11978E-5 1.64172E-6 8.83238E-7 5.73536E-5 1.0877E-6 2.47242E-5 6.35517E-5 1.43503E-5 1.39714E-5 1.77928E-5 1.27608E-5 3.78972E-5 3.04256E-5 8.09079E-6 1.27457E-5 2.78955E-5 7.00726E-6 3.94604E-5 3.59399E-5 4.08275E-5 4.95526E-5 3.82145E-5 6.35383E-5 2.5875E-5 3.50086E-5 4.69358E-5 4.09776E-5 3.83946E-5 1.10457E-5 3.37924E-5 6.58142E-5 7.56727E-5 7.17243E-5 2.12983E-5 3.86999E-7 1.54818E-6 1.49283E-7 2.82864E-6 1.53242E-6 2.95517E-7 1.46978E-6 8.54842E-6 2.48997E-7 8.12251E-7 2.89754E-6 1.02337E-5 2.33586E-6 1.01081E-6 6.74296E-7 1.34738E-7 9.96331E-8 4.79265E-7 5.86602E-6 3.16629E-6 1.05E-6
2.09936E-5 3.77889E-5 1.01834E-5 2.27142E-5 9.83105E-7 1.45353E-6 4.72649E-6 9.1585E-7 9.36903E-8 4.4981E-6 1.08307E-5 3.05652E-5 3.66451E-7 1.74715E-7 1.43748E-5 1.885E-5 1.07223E-5 2.54604E-5 3.09634E-6 6.04159E-7 5.62136E-6 8.58567E-6 4.77958E-5 2.86977E-5 1.20928E-5 1.89095E-5 3.73547E-5 2.79198E-5 1.89516E-5 1.09466E-5 4.13108E-5 4.31942E-5 4.76943E-5 4.89865E-5 5.37629E-5 6.38204E-5 7.37625E-5 6.88575E-5 5.64775E-5 4.30447E-5 3.32683E-5 6.23606E-5 6.75637E-5 4.64269E-5 3.75477E-5 2.09197E-6 2.5151E-6 1.63866E-5 1.43161E-6 7.40896E-7 3.7725E-7 5.25302E-8 1.52383E-6 9.34446E-7 1.58158E-6 3.1154E-6 5.74503E-6 5.74107E-7 1.05927E-6 1.91646E-8 3.20021E-6 1.08929E-6 2.28593E-6 3.01732E-5 1.42722E-6 1.50313E-6
6.37273E-6 1.55526E-5 6.16464E-6 2.02709E-5 2.01793E-5 2.39663E-6 2.96031E-6 2.41933E-6 5.24223E-5 1.52277E-5 6.09601E-5 2.88151E-5 3.66978E-6 1.08682E-7 1.26373E-6 4.9881E-5 1.0668E-5 1.12314E-5 3.80682E-6 1.9532E-5 4.15874E-5 1.02806E-5 2.13871E-5 3.08461E-5 2.00583E-5 3.99285E-5 3.27744E-5 3.01331E-5 4.16411E-5 4.47651E-5 1.75731E-5 1.2831E-5 4.70493E-5 2.89637E-5 5.93895E-5 7.86584E-5 6.16944E-5 5.61742E-5 3.60638E-5 4.36858E-5 7.58302E-5 6.54723E-5 6.50634E-5 6.01411E-5 4.2439E-5 3.06754E-5 2.45379E-5 1.57077E-5 1.44628E-6 4.21879E-7 9.52613E-7 6.24793E-9 2.3858E-7 1.32869E-6 4.67567E-6 2.3072E-5 6.46474E-6 9.24242E-7 1.43984E-7 3.52538E-8 2.56261E-6 5.89352E-7 2.2839E-6 2.22184E-6 1.79723E-6 3.14143E-7
1.15514E-6 6.59464E-6 2.59685E-6 4.13334E-5 3.45685E-5 1.03457E-5 2.29424E-6 1.48623E-5 4.91392E-5 2.81347E-5 2.04833E-5 1.9696E-5 3.14986E-5 1.93593E-6 1.15032E-5 1.6176E-5 1.20982E-5 1.93711E-6 1.627E-5 2.31828E-5 1.68431E-5 2.52254E-5 2.87284E-5 1.59727E-5 5.22833E-5 3.99353E-5 5.74821E-5 2.78089E-5 1.34725E-5 3.43792E-5 1.11377E-5 5.44538E-6 1.49134E-5 1.57389E-5 4.32415E-7 5.98909E-6 2.78408E-5 4.98459E-5 4.80602E-5 3.0517E-5 6.8452E-5 6.19246E-5 7.32162E-5 2.55993E-5 4.01298E-5 6.71423E-6 1.50666E-5 1.40854E-5 2.8661E-6 6.40425E-7 1.38401E-7 3.38822E-8 4.63307E-7 2.21841E-6 2.46046E-6 2.51152E-5 1.38181E-5 3.19926E-7 3.75837E-6 2.63407E-6 2.88748E-7 3.73708E-7 4.78101E-6 6.34182E-5 1.46584E-5 3.19232E-6
7.58467E-6 3.01323E-6 4.20963E-6 3.51425E-5 5.66892E-5 1.04478E-5 5.47649E-5 6.33821E-5 6.46404E-6 2.25194E-5 5.57354E-5 8.87651E-7 2.13154E-6 1.75269E-6 1.67578E-6 4.93919E-7 2.14066E-6 2.1828E-5 2.30352E-5 1.69848E-5 1.64791E-5 3.59297E-5 5.00821E-5 5.76343E-5 5.8459E-5 3.10876E-5 1.3618E-5 6.43843E-7 4.29942E-5 4.72876E-5 1.39697E-5 8.6861E-6 1.38035E-5 1.84592E-6 2.63593E-6 1.21643E-6 6.01292E-6 8.82841E-6 2.28834E-5 3.92672E-5 3.14874E-5 6.4124E-5 6.05633E-5 5.96511E-5 5.54994E-5 4.26681E-5 1.83895E-5 1.19961E-5 1.03024E-5 1.39987E-6 1.88337E-6 5.20384E-6 3.095E-6 6.96965E-6 1.95105E-5 9.93366E-6 2.37072E-5 1.15267E-5 3.39228E-6 1.60732E-6 5.41793E-6 1.46259E-6 2.17157E-7 1.42415E-5 1.84596E-6 1.00014E-5
9.93083E-6 3.50182E-6 1.93255E-5 3.69159E-5 1.20139E-5 3.22462E-5 5.10629E-5 3.72045E-5 1.61157E-5 3.44088E-5 2.27416E-5 9.21288E-6 1.24591E-5 1.81197E-6 1.37333E-7 4.00317E-6 1.28714E-6 2.49233E-5 1.34662E-5 3.35581E-5 4.67798E-5 3.90806E-5 5.24686E-5 6.33653E-5 6.33443E-5 6.72798E-5 5.6941E-5 1.82381E-5 2.50206E-5 5.65279E-5 4.4137E-5 4.02438E-5 6.51125E-5 3.33822E-5 2.60708E-5 1.90688E-5 2.89703E-5 1.95649E-6 2.49167E-5 3.99116E-5 1.7893E-5 5.50449E-5 1.68386E-5 4.13579E-5 2.63476E-5 3.46537E-5 4.16807E-5 2.16712E-5 8.79919E-6 7.2254E-7 1.01673E-6 3.00665E-6 1.6766E-6 4.35966E-6 1.06512E-5 3.44741E-5 2.48056E-5 5.84804E-5 1.16811E-5 7.84568E-6 5.90541E-6 4.1699E-6 4.55875E-6 7.79244E-6 5.74668E-6 6.09997E-6
2.81215E-5 3.62161E-6 7.14504E-6 6.13273E-6 3.1228E-5 3.47735E-5 5.95956E-5 2.65692E-5 3.83527E-5 1.74253E-5 2.23633E-5 4.59977E-5 2.70569E-7 1.24167E-6 4.02821E-7 1.05139E-5 1.09261E-5 4.53756E-5 2.35493E-5 3.88401E-5 3.49673E-5 7.2552E-6 4.26535E-5 2.00221E-5 6.09723E-6 1.18601E-5 1.0665E-5 4.42746E-5 5.20742E-5 1.59559E-5 1.64765E-5 3.09339E-5 5.51329E-5 3.54845E-5 5.45565E-5 6.28103E-5 3.59019E-5 2.55636E-6 9.86858E-7 1.95781E-5 3.34485E-5 3.86096E-5 1.15692E-5 2.11342E-5 4.32946E-5 3.82476E-5 4.7325E-5 2.72992E-5 2.8817E-6 3.71286E-6 1.03238E-6 5.49485E-6 5.17557E-6 1.87224E-5 2.8269E-6 1.86866E-5 2.56847E-5 4.83954E-5 2.01562E-6 1.56319E-6 4.23183E-6 4.54266E-6 2.49874E-5 2.05369E-5 4.35218E-5 1.92691E-5
1.69544E-5 1.6717E-5 2.38795E-5 7.93882E-6 3.98406E-5 6.7517E-5 5.70899E-5 5.06871E-5 5.94344E-5 3.1343E-5 2.30676E-5 2.93442E-5 5.44703E-7 2.48092E-7 2.13921E-7 1.48307E-5 5.03385E-5 9.11403E-6 1.66891E-5 4.76517E-5 3.01404E-5 7.73612E-6 1.06091E-5 1.37284E-5 4.25827E-6 2.63959E-6 1.62271E-5 3.73621E-5 1.33699E-5 2.76961E-5 3.45178E-5 5.03219E-5 1.419E-5 2.85171E-5 7.83058E-6 3.00555E-5 2.73449E-5 1.00755E-5 2.0033E-6 1.19661E-5 6.33639E-5 6.20642E-5 5.88141E-5 2.06314E-5 4.33336E-5 5.30252E-5 3.57329E-5 1.31967E-5 1.94065E-5 3.27814E-5 7.71828E-6 6.26747E-7 4.31039E-6 6.64846E-6 5.3423E-6 1.11239E-5 5.05809E-7 7.92881E-6 1.3832E-5 2.25309E-6 8.85469E-6 1.14873E-5 6.14899E-5 4.2248E-5 3.40551E-5 3.22746E-5
1.0018E-4 4.20168E-5 1.38895E-5 1.59527E-5 4.37071E-5 3.34051E-6 1.60879E-5 4.29163E-5 2.5894E-5 1.87872E-5 1.82806E-5 7.95159E-5 4.18719E-6 9.26328E-6 1.66056E-5 4.05587E-5 4.39177E-5 1.67188E-5 3.36045E-5 4.37391E-5 2.03971E-5 5.82146E-6 1.09001E-5 5.65445E-5 2.18915E-5 2.93524E-5 9.48721E-6 1.33531E-5 9.83795E-6 1.53937E-5 3.92205E-5 4.86153E-6 2.42589E-5 1.55308E-5 7.6311E-6 2.44732E-5 3.9858E-5 6.27138E-6 1.35728E-5 2.71878E-5 3.43897E-5 5.83705E-5 4.10106E-5 1.06909E-5 2.99788E-5 3.33959E-5 2.10941E-5 1.37851E-5 1.2953E-5 2.33861E-5 5.87039E-6 9.80696E-7 5.01788E-6 4.9856E-6 7.75853E-7 7.76966E-6 2.05744E-6 2.31606E-6 5.82709E-6 3.11807E-6 1.39791E-6 8.59845E-6 3.63319E-5 1.53263E-5 1.69283E-5 1.26774E-6
1.0856E-4 1.77172E-5 9.91622E-6 1.01672E-5 4.35488E-5 6.7712E-7 3.70681E-5 3.88606E-6 3.16738E-5 5.44081E-6 1.11111E-5 2.09583E-5 1.90584E-5 8.78353E-7 3.09867E-6 5.56643E-5 2.37349E-5 2.25721E-5 2.42695E-5 6.43019E-5 4.51445E-5 5.31769E-6 9.51309E-6 4.35119E-5 6.30953E-5 5.39975E-5 5.05057E-5 1.08352E-5 9.59323E-6 8.13734E-6 4.25986E-5 1.8627E-5 7.35478E-5 2.94591E-5 3.18692E-5 3.29398E-6 7.73102E-6 5.8114E-7 8.87526E-6 1.74019E-5 2.8526E-5 1.55074E-5 2.30401E-5 1.19809E-5 1.22522E-5 1.57461E-5 1.23984E-5 6.58028E-6 3.53495E-6 4.75552E-5 2.83365E-6 7.54835E-7 9.35934E-7 5.04712E-6 1.51775E-6 6.28566E-7 1.46841E-5 2.12451E-6 2.19088E-5 4.07465E-6 7.04905E-7 3.31594E-6 2.6874E-5 1.68104E-6 1.72347E-5 3.30155E-6
2.24123E-5 4.02091E-5 4.86768E-5 4.40034E-5 3.56271E-5 1.99283E-5 4.03515E-5 6.54881E-6 3.25451E-5 1.48467E-5 4.08441E-7 3.66803E-5 4.26613E-6 2.59179E-6 3.4164E-6 4.9558E-6 2.37815E-6 2.92009E-6 4.67769E-5 4.15929E-5 4.81255E-5 1.83401E-5 1.36612E-5 4.5468E-5 2.952E-5 7.13065E-5 5.8724E-5 6.52143E-5 3.23924E-5 5.3201E-5 4.95561E-5 5.49794E-5 6.10986E-5 1.69567E-5 1.5562E-5 1.72871E-5 1.13174E-5 1.37279E-6 2.60287E-6 1.08979E-6 1.06934E-5 2.22142E-6 3.20631E-6 9.85156E-7 4.59632E-6 3.93689E-6 5.39209E-6 2.47843E-6 1.45431E-5 2.09247E-5 2.51325E-5 1.19404E-5 1.91232E-6 1.92734E-5 4.72732E-6 6.54645E-7 1.17636E-5 5.06324E-5 5.28379E-5 2.14749E-6 8.57933E-7 2.30461E-6 5.72459E-6 1.76193E-5 8.23682E-6 1.84409E-7
1.71135E-6 1.37273E-6 1.21053E-5 4.5245E-5 1.12936E-5 5.50792E-6 3.7786E-5 5.51552E-6 7.00002E-6 6.47906E-6 4.50387E-6 2.38098E-6 3.66535E-5 3.54246E-5 3.75584E-5 1.71471E-7 5.10115E-6 1.55157E-5 2.44141E-5 8.07345E-5 8.21977E-5 1.98216E-5 6.23462E-5 1.67833E-5 3.6248E-5 7.20974E-5 7.44661E-5 6.40881E-5 1.90497E-5 1.41179E-5 2.25297E-5 1.16469E-5 8.25481E-6 2.37656E-5 1.56509E-6 8.09168E-7 3.65648E-6 4.30304E-6 1.71901E-6 1.49784E-5 7.53797E-7 2.09045E-6 1.59599E-7 5.37836E-7 1.8872E-7 6.24885E-6 1.97938E-7 2.03513E-5 1.7428E-6 7.22738E-6 6.14565E-6 3.56432E-5 8.46753E-6 3.13167E-5 3.06737E-5 1.52988E-6 4.33404E-7 6.5507E-7 4.0505E-7 7.14927E-8 1.68326E-6 6.36254E-7 1.31102E-6 9.90776E-6 1.72764E-5 2.01855E-5
1.47607E-6 3.02017E-7 1.23729E-5 8.65948E-6 1.88978E-5 2.78328E-5 4.47562E-5 4.30208E-6 1.9528E-5 1.07121E-5 6.71156E-6 5.14712E-6 1.07627E-5 2.07326E-5 5.05775E-5 2.10972E-6 6.53727E-7 2.61329E-5 6.5549E-5 6.64332E-5 5.96582E-5 2.29649E-6 2.36389E-6 2.7945E-5 6.90263E-6 8.60344E-5 8.79232E-5 5.55534E-5 1.92561E-5 6.69152E-6 2.13789E-5 2.23382E-5 1.67813E-6 1.70359E-6 7.78835E-7 6.84684E-7 2.18489E-6 5.99694E-6 1.45974E-5 8.53899E-6 1.7778E-6 2.82822E-6 1.56672E-5 8.2867E-6 1.16467E-6 1.49962E-5 6.10148E-6 6.43361E-6 1.5702E-6 1.5533E-6 2.35347E-6 1.27287E-5 4.06616E-7 2.35398E-5 1.95282E-5 4.3623E-6 4.73518E-7 1.40569E-6 6.09634E-7 4.3556E-8 7.9136E-8 2.2616E-8 2.12324E-7 5.99472E-8 1.78051E-6 1.14097E-6
1.65466E-5 1.37269E-5 1.24976E-5 3.65657E-5 6.07787E-5 5.42149E-5 5.70714E-5 6.12226E-6 3.30805E-5 3.32883E-5 4.31313E-6 2.02727E-6 8.44994E-8 8.93991E-7 2.24741E-5 1.53827E-5 4.10575E-5 5.70485E-5 3.43434E-6 4.43319E-5 5.1625E-5 2.26358E-5 8.35209E-6 2.19153E-5 1.717E-5 6.39728E-5 7.35963E-5 2.57186E-5 4.88642E-5 1.82936E-5 6.44106E-6 4.10236E-6 3.34344E-5 1.00305E-5 2.27097E-7 6.35743E-6 3.0373E-7 1.74072E-5 3.4193E-5 1.33636E-5 3.16536E-6 5.42888E-6 8.46798E-6 7.97952E-6 3.00013E-5 5.73867E-5 4.6409E-5 5.15041E-5 1.16728E-5 6.70791E-6 5.13497E-7 2.12336E-6 3.08598E-7 1.00398E-5 1.38519E-6 1.87016E-6 1.14495E-6 1.06511E-5 1.96102E-6 1.54569E-8 6.26786E-9 1.95575E-7 9.46484E-8 3.62424E-8 1.01665E-9 1.86466E-6
