catData/rasterBestHybridModels/Pbengalensis/RD_BM01_RM2_L/Pbengalensis_max.asc
ncols         409
nrows         350
xllcorner     60.897278365
yllcorner     5.843756025
cellsize      0.0892857
NODATA_value  -9999
[rows 87 to 115 of 350, columns 264 to 329 of 409]
-9999 -9999 -9999 -9999 -9999 -9999 -9999 -9999 -9999 -9999 -9999 -9999 -9999 -9999 -9999 -9999 -9999 -9999 -9999 -9999 -9999 -9999 -9999 -9999 -9999 -9999 -9999 -9999 -9999 -9999 -9999 -9999 -9999 -9999 -9999 -9999 -9999 -9999 -9999 -9999 -9999 -9999 -9999 -9999 -9999 -9999 -9999 -9999 -9999 -9999 -9999 -9999 -9999 -9999 -9999 -9999 -9999 -9999 -9999 -9999 -9999 -9999 -9999 -9999 -9999 -9999
-9999 -9999 -9999 -9999 -9999 -9999 -9999 -9999 -9999 -9999 -9999 -9999 -9999 -9999 -9999 -9999 -9999 -9999 -9999 -9999 -9999 -9999 -9999 -9999 -9999 -9999 -9999 -9999 -9999 -9999 -9999 -9999 -9999 -9999 -9999 -9999 -9999 -9999 -9999 -9999 -9999 -9999 -9999 -9999 -9999 -9999 -9999 -9999 -9999 -9999 -9999 -9999 -9999 -9999 -9999 -9999 -9999 -9999 -9999 -9999 -9999 -9999 -9999 -9999 -9999 -9999
-9999 -9999 -9999 -9999 -9999 -9999 -9999 -9999 -9999 -9999 -9999 -9999 -9999 -9999 -9999 -9999 -9999 -9999 -9999 -9999 -9999 -9999 -9999 -9999 -9999 -9999 -9999 -9999 -9999 -9999 -9999 -9999 -9999 -9999 -9999 -9999 -9999 -9999 -9999 -9999 -9999 -9999 -9999 -9999 -9999 -9999 -9999 -9999 -9999 -9999 -9999 -9999 -9999 -9999 -9999 -9999 -9999 -9999 -9999 -9999 -9999 -9999 -9999 -9999 -9999 -9999
-9999 -9999 -9999 -9999 -9999 -9999 -9999 -9999 -9999 -9999 -9999 -9999 -9999 -9999 -9999 -9999 -9999 -9999 -9999 -9999 -9999 -9999 -9999 -9999 -9999 -9999 -9999 -9999 -9999 -9999 -9999 -9999 -9999 -9999 -9999 -9999 -9999 -9999 -9999 -9999 -9999 -9999 -9999 -9999 -9999 -9999 -9999 -9999 -9999 -9999 -9999 -9999 -9999 -9999 -9999 -9999 -9999 -9999 -9999 -9999 -9999 -9999 -9999 -9999 -9999 -9999
-9999 -9999 -9999 -9999 -9999 -9999 -9999 -9999 -9999 -9999 -9999 -9999 -9999 -9999 -9999 -9999 -9999 -9999 -9999 -9999 -9999 -9999 -9999 -9999 -9999 -9999 -9999 -9999 -9999 -9999 -9999 -9999 -9999 -9999 -9999 -9999 -9999 -9999 -9999 -9999 -9999 -9999 -9999 -9999 -9999 -9999 -9999 -9999 -9999 -9999 -9999 -9999 -9999 -9999 -9999 -9999 -9999 -9999 -9999 -9999 -9999 -9999 -9999 -9999 -9999 -9999
-9999 -9999 -9999 -9999 -9999 -9999 -9999 -9999 -9999 -9999 -9999 -9999 -9999 -9999 -9999 -9999 -9999 -9999 -9999 -9999 -9999 -9999 -9999 -9999 -9999 -9999 -9999 -9999 -9999 -9999 -9999 -9999 -9999 -9999 -9999 -9999 -9999 -9999 -9999 -9999 -9999 -9999 -9999 -9999 -9999 -9999 -9999 -9999 -9999 -9999 -9999 -9999 -9999 -9999 -9999 -9999 -9999 -9999 -9999 -9999 -9999 -9999 -9999 -9999 -9999 -9999
7.04601E-4 3.92348E-4 -9999 -9999 -9999 -9999 -9999 -9999 -9999 -9999 -9999 -9999 -9999 -9999 -9999 -9999 -9999 -9999 -9999 -9999 -9999 -9999 -9999 -9999 -9999 -9999 -9999 -9999 -9999 -9999 -9999 -9999 -9999 -9999 -9999 -9999 -9999 -9999 -9999 -9999 -9999 -9999 -9999 -9999 -9999 -9999 -9999 -9999 -9999 -9999 -9999 -9999 -9999 -9999 -9999 -9999 -9999 -9999 -9999 -9999 -9999 -9999 -9999 -9999 -9999 -9999
6.80774E-4 4.09811E-4 -9999 -9999 -9999 -9999 1.65371E-4 1.20615E-4 -9999 -9999 -9999 -9999 -9999 -9999 -9999 -9999 -9999 -9999 -9999 -9999 -9999 -9999 -9999 -9999 -9999 -9999 -9999 -9999 -9999 -9999 -9999 -9999 -9999 -9999 -9999 -9999 -9999 -9999 -9999 -9999 -9999 -9999 -9999 -9999 -9999 -9999 -9999 -9999 -9999 -9999 -9999 -9999 -9999 -9999 -9999 -9999 -9999 -9999 -9999 -9999 -9999 -9999 -9999 -9999 -9999 -9999
9.11282E-4 5.26404E-4 2.59207E-4 1.71046E-4 1.6063E-4 2.54362E-4 1.59891E-4 1.22221E-4 -9999 -9999 -9999 -9999 -9999 -9999 -9999 -9999 -9999 -9999 -9999 -9999 -9999 -9999 -9999 -9999 -9999 -9999 -9999 -9999 -9999 -9999 -9999 -9999 -9999 -9999 -9999 -9999 -9999 -9999 -9999 -9999 -9999 -9999 -9999 -9999 -9999 -9999 -9999 -9999 -9999 -9999 -9999 -9999 -9999 -9999 -9999 -9999 -9999 -9999 -9999 -9999 -9999 -9999 -9999 -9999 -9999 -9999
6.13569E-4 7.62692E-4 4.66292E-4 2.20649E-4 1.34762E-4 1.39581E-4 1.17479E-4 1.8774E-4 -9999 -9999 -9999 -9999 -9999 -9999 -9999 -9999 -9999 -9999 -9999 -9999 -9999 -9999 -9999 -9999 -9999 -9999 -9999 -9999 -9999 -9999 -9999 -9999 -9999 -9999 -9999 -9999 -9999 -9999 -9999 -9999 -9999 -9999 -9999 -9999 -9999 -9999 -9999 -9999 -9999 -9999 -9999 -9999 -9999 -9999 -9999 -9999 -9999 -9999 -9999 -9999 -9999 -9999 -9999 -9999 -9999 -9999
4.04465E-4 5.49681E-4 5.09764E-4 3.12589E-4 1.27107E-4 1.84815E-4 3.37223E-4 -9999 -9999 -9999 -9999 -9999 -9999 -9999 -9999 -9999 -9999 -9999 -9999 -9999 -9999 -9999 -9999 -9999 -9999 -9999 -9999 -9999 -9999 -9999 -9999 -9999 -9999 -9999 -9999 -9999 -9999 -9999 -9999 -9999 -9999 -9999 -9999 -9999 -9999 -9999 -9999 -9999 -9999 -9999 -9999 -9999 -9999 -9999 -9999 -9999 -9999 -9999 -9999 -9999 -9999 -9999 -9999 -9999 -9999 -9999
3.04086E-4 2.96925E-4 2.39511E-4 1.8295E-4 1.16013E-4 1.25677E-4 2.25106E-4 2.03876E-4 2.06475E-4 -9999 -9999 2.74065E-4 -9999 -9999 -9999 -9999 -9999 -9999 -9999 -9999 -9999 -9999 -9999 -9999 -9999 -9999 -9999 -9999 -9999 -9999 -9999 -9999 -9999 -9999 -9999 -9999 -9999 -9999 -9999 -9999 -9999 -9999 -9999 -9999 -9999 -9999 -9999 -9999 -9999 -9999 -9999 -9999 -9999 -9999 -9999 -9999 -9999 -9999 -9999 -9999 -9999 -9999 4.28506E-4 -9999 4.13229E-4 -9999
2.68762E-4 1.91311E-4 1.58211E-4 1.40888E-4 1.13895E-4 1.14412E-4 9.68212E-5 1.22939E-4 1.52679E-4 1.08808E-4 1.38804E-4 2.57291E-4 4.22094E-4 6.31353E-4 -9999 -9999 -9999 -9999 -9999 -9999 -9999 -9999 -9999 -9999 -9999 -9999 -9999 -9999 -9999 -9999 -9999 -9999 -9999 -9999 -9999 -9999 -9999 -9999 -9999 -9999 -9999 -9999 -9999 -9999 -9999 -9999 -9999 -9999 -9999 -9999 -9999 -9999 -9999 -9999 -9999 -9999 -9999 -9999 -9999 -9999 7.27418E-4 9.90783E-4 8.25592E-4 6.93559E-4 7.96864E-4 8.29014E-4
2.27446E-4 1.60765E-4 1.32387E-4 1.36526E-4 1.05541E-4 1.03303E-4 1.09423E-4 1.41616E-4 1.36312E-4 1.25592E-4 1.75986E-4 2.95254E-4 4.10134E-4 6.71873E-4 7.4797E-4 1.23268E-3 -9999 -9999 -9999 -9999 -9999 -9999 -9999 -9999 -9999 -9999 -9999 -9999 -9999 -9999 -9999 -9999 -9999 -9999 -9999 -9999 -9999 -9999 -9999 -9999 -9999 -9999 -9999 -9999 -9999 -9999 1.43728E-4 -9999 -9999 -9999 -9999 -9999 -9999 -9999 -9999 -9999 -9999 6.20478E-4 6.29162E-4 8.02747E-4 1.04713E-3 1.01197E-3 9.36183E-4 7.59011E-4 7.51988E-4 6.87368E-4
1.38054E-4 1.34257E-4 1.13037E-4 9.34383E-5 7.85338E-5 9.96658E-5 1.30394E-4 1.43525E-4 1.53935E-4 1.69942E-4 2.07948E-4 2.19243E-4 1.90278E-4 2.52384E-4 3.48548E-4 6.47459E-4 -9999 -9999 8.83683E-4 5.31029E-4 -9999 -9999 -9999 9.36651E-4 1.28385E-3 -9999 -9999 -9999 -9999 -9999 -9999 -9999 -9999 -9999 -9999 -9999 -9999 -9999 -9999 -9999 -9999 -9999 -9999 -9999 -9999 -9999 1.92566E-4 2.17579E-4 -9999 -9999 -9999 -9999 -9999 -9999 -9999 -9999 5.43667E-4 6.9423E-4 6.26138E-4 8.53951E-4 1.13111E-3 8.21796E-4 6.22499E-4 5.52767E-4 5.76728E-4 6.69779E-4
1.20592E-4 1.18575E-4 1.06216E-4 9.14711E-5 8.45547E-5 1.03769E-4 1.28355E-4 1.27718E-4 1.43534E-4 1.67026E-4 1.75147E-4 1.87375E-4 1.80442E-4 2.0883E-4 2.59983E-4 4.17706E-4 5.43613E-4 -9999 -9999 5.21351E-4 9.61036E-4 -9999 -9999 1.00659E-3 9.80986E-4 1.41918E-3 2.10755E-3 -9999 -9999 -9999 -9999 -9999 -9999 -9999 -9999 -9999 -9999 -9999 -9999 -9999 -9999 -9999 3.17894E-4 2.89885E-4 2.69448E-4 2.58729E-4 3.13047E-4 3.2643E-4 4.39339E-4 -9999 -9999 -9999 -9999 -9999 3.98084E-4 3.89688E-4 5.42014E-4 7.46002E-4 7.55858E-4 7.6634E-4 1.07473E-3 8.7393E-4 5.24819E-4 6.48375E-4 6.88594E-4 8.041E-4
1.52547E-4 1.47929E-4 1.23965E-4 1.01888E-4 9.14026E-5 1.09951E-4 1.23398E-4 1.38978E-4 1.6551E-4 2.05991E-4 2.50835E-4 2.4115E-4 2.29371E-4 2.05959E-4 2.06516E-4 2.72406E-4 3.55029E-4 4.10743E-4 3.36396E-4 2.83492E-4 4.22445E-4 7.91118E-4 1.00948E-3 1.29348E-3 1.13334E-3 1.3066E-3 1.20248E-3 1.33754E-3 1.26608E-3 1.01406E-3 -9999 -9999 -9999 -9999 -9999 -9999 -9999 -9999 -9999 3.10336E-4 -9999 4.64916E-4 3.93735E-4 3.40731E-4 3.34049E-4 2.80363E-4 4.11936E-4 3.35701E-4 4.43784E-4 7.2788E-4 -9999 -9999 -9999 -9999 -9999 4.46224E-4 5.57457E-4 6.19434E-4 5.28353E-4 6.71744E-4 7.87819E-4 6.95702E-4 4.21546E-4 5.33709E-4 6.85862E-4 7.738E-4
1.76916E-4 1.73993E-4 1.42282E-4 1.12402E-4 1.10685E-4 1.26235E-4 1.42551E-4 1.94201E-4 2.51677E-4 3.30425E-4 4.64658E-4 3.16047E-4 2.4162E-4 1.93932E-4 1.79896E-4 2.00539E-4 2.54085E-4 2.63783E-4 1.85969E-4 1.85762E-4 2.62859E-4 4.29054E-4 6.91195E-4 1.18109E-3 1.14208E-3 1.02372E-3 1.26424E-3 1.01633E-3 7.85935E-4 5.2003E-4 3.56034E-4 1.98087E-4 1.6067E-4 1.57775E-4 2.02054E-4 2.44421E-4 1.96634E-4 1.75335E-4 2.14224E-4 3.00226E-4 4.96856E-4 7.0288E-4 6.2768E-4 5.228E-4 4.34587E-4 3.38031E-4 3.87295E-4 3.36115E-4 3.32997E-4 -9999 -9999 -9999 -9999 9.48662E-4 7.24095E-4 5.32447E-4 5.18063E-4 5.25907E-4 4.02435E-4 4.41364E-4 5.09386E-4 4.91338E-4 5.49339E-4 5.57401E-4 5.60584E-4 6.92601E-4
1.69876E-4 1.39839E-4 1.37221E-4 1.24496E-4 1.4241E-4 1.73658E-4 1.87971E-4 2.65777E-4 3.72418E-4 8.32185E-4 3.31226E-4 3.02489E-4 2.29827E-4 1.66776E-4 1.72137E-4 1.75616E-4 1.98398E-4 1.68914E-4 1.59019E-4 1.65521E-4 2.39731E-4 2.19243E-4 3.22502E-4 6.03717E-4 6.02949E-4 5.35877E-4 7.50674E-4 5.94148E-4 4.01627E-4 3.09382E-4 2.56492E-4 2.08826E-4 1.88531E-4 1.97047E-4 2.52258E-4 2.49603E-4 1.85773E-4 1.59816E-4 1.8759E-4 3.28323E-4 7.22393E-4 7.97504E-4 5.89345E-4 5.37143E-4 4.91805E-4 4.52717E-4 3.47103E-4 3.38927E-4 4.3451E-4 -9999 -9999 -9999 -9999 6.93987E-4 5.52909E-4 4.75243E-4 4.5484E-4 4.58015E-4 3.92605E-4 3.61779E-4 3.9492E-4 4.53822E-4 6.46516E-4 5.53483E-4 4.4638E-4 6.4234E-4
1.42706E-4 1.25593E-4 1.08582E-4 1.1531E-4 1.41727E-4 1.7431E-4 2.36834E-4 2.70719E-4 3.05273E-4 3.6392E-4 3.59048E-4 4.15432E-4 2.50248E-4 1.64099E-4 1.4687E-4 1.57522E-4 1.94146E-4 1.91218E-4 1.91321E-4 1.92749E-4 1.85362E-4 1.73718E-4 2.82373E-4 2.8203E-4 2.99308E-4 2.55139E-4 3.26866E-4 2.72204E-4 3.03443E-4 3.06975E-4 2.81379E-4 2.42344E-4 2.1957E-4 2.47456E-4 2.37911E-4 1.96123E-4 1.60381E-4 1.27278E-4 1.55171E-4 2.81175E-4 4.69826E-4 5.56105E-4 4.46564E-4 4.12451E-4 4.33562E-4 5.34761E-4 3.85265E-4 3.69383E-4 -9999 -9999 -9999 6.70485E-4 6.35544E-4 4.67853E-4 4.48376E-4 5.35379E-4 5.20892E-4 4.74346E-4 4.01945E-4 3.81729E-4 3.98769E-4 4.37425E-4 4.22645E-4 4.05685E-4 4.13472E-4 5.08502E-4
1.20078E-4 1.18665E-4 1.08111E-4 1.16956E-4 1.47486E-4 1.97479E-4 2.38573E-4 2.50692E-4 1.86033E-4 2.00633E-4 2.78101E-4 3.27854E-4 2.60941E-4 1.72554E-4 1.2833E-4 1.37472E-4 1.87743E-4 2.0266E-4 2.07847E-4 2.43392E-4 2.01447E-4 1.99979E-4 1.82131E-4 1.86075E-4 2.02839E-4 1.80002E-4 1.94411E-4 2.54035E-4 3.61735E-4 2.82067E-4 2.6499E-4 3.01134E-4 2.80002E-4 2.91609E-4 2.37006E-4 1.73633E-4 1.33247E-4 1.33308E-4 1.70857E-4 2.16497E-4 2.86329E-4 3.46032E-4 3.85785E-4 4.15842E-4 4.33364E-4 4.81321E-4 4.18273E-4 3.86694E-4 -9999 -9999 -9999 6.94241E-4 5.73758E-4 5.28979E-4 4.78233E-4 5.14312E-4 4.98661E-4 5.38687E-4 5.13185E-4 4.00964E-4 4.05745E-4 3.90573E-4 4.74963E-4 4.58906E-4 3.90935E-4 4.44608E-4
9.98104E-5 9.4066E-5 1.01665E-4 1.22311E-4 1.51489E-4 2.02005E-4 2.37778E-4 2.01777E-4 1.5333E-4 1.25908E-4 1.51446E-4 1.758E-4 1.86481E-4 1.6334E-4 1.37368E-4 1.43095E-4 1.69289E-4 2.08921E-4 2.35625E-4 2.21435E-4 2.22434E-4 2.38263E-4 1.56258E-4 1.47054E-4 1.411E-4 1.47477E-4 2.27283E-4 2.47012E-4 2.56378E-4 2.40632E-4 2.81752E-4 2.80049E-4 3.56572E-4 3.4924E-4 1.99644E-4 1.42678E-4 1.56324E-4 1.44746E-4 1.61624E-4 2.03225E-4 2.62157E-4 2.427E-4 2.57345E-4 3.08606E-4 3.58769E-4 3.65622E-4 4.40282E-4 4.50017E-4 4.84357E-4 -9999 -9999 5.32175E-4 5.83687E-4 6.63045E-4 5.61939E-4 5.08364E-4 4.24038E-4 4.26995E-4 4.89367E-4 4.52973E-4 3.68963E-4 3.62405E-4 4.98874E-4 4.2573E-4 4.03145E-4 4.81022E-4
1.03036E-4 9.24077E-5 8.73917E-5 1.04321E-4 1.30963E-4 1.52489E-4 1.62867E-4 1.51336E-4 1.3361E-4 1.18312E-4 1.1547E-4 1.17635E-4 1.1783E-4 1.1379E-4 1.18226E-4 1.3809E-4 1.75694E-4 2.25934E-4 2.50492E-4 1.88904E-4 1.74961E-4 1.76135E-4 1.22409E-4 1.00055E-4 1.00243E-4 1.45577E-4 2.1217E-4 3.43696E-4 3.5315E-4 2.36418E-4 2.0432E-4 1.90532E-4 2.5747E-4 2.70628E-4 2.13222E-4 1.46595E-4 1.1909E-4 1.27817E-4 1.87014E-4 2.42174E-4 3.05499E-4 3.21623E-4 2.43839E-4 3.01953E-4 3.31343E-4 4.26175E-4 5.29184E-4 5.47047E-4 4.38495E-4 3.99934E-4 4.1472E-4 3.5286E-4 4.97014E-4 5.83135E-4 4.86157E-4 4.03953E-4 3.44261E-4 3.39573E-4 4.64845E-4 4.39098E-4 6.33443E-4 3.72424E-4 5.89681E-4 6.22639E-4 4.80824E-4 6.55339E-4
1.09796E-4 9.82526E-5 9.20048E-5 1.0214E-4 1.14136E-4 1.13859E-4 1.18567E-4 1.14786E-4 1.08065E-4 9.90853E-5 9.70984E-5 1.00507E-4 9.78713E-5 9.36856E-5 1.04789E-4 1.23088E-4 1.45086E-4 2.02797E-4 1.95798E-4 1.71E-4 1.47217E-4 1.13991E-4 9.4696E-5 7.89292E-5 9.54192E-5 1.36876E-4 2.15041E-4 3.28597E-4 3.45453E-4 2.92292E-4 1.57374E-4 1.50167E-4 2.26863E-4 2.02195E-4 1.69727E-4 1.27593E-4 1.05291E-4 1.44527E-4 1.91338E-4 3.20167E-4 6.17679E-4 4.30222E-4 3.09828E-4 3.53521E-4 3.70031E-4 4.09021E-4 3.24997E-4 3.18169E-4 5.01985E-4 3.95635E-4 3.25175E-4 3.14988E-4 4.81602E-4 4.07186E-4 3.76443E-4 3.74423E-4 4.08945E-4 4.07063E-4 4.10715E-4 3.90727E-4 4.88191E-4 6.47934E-4 3.39149E-4 6.09303E-4 9.18475E-4 8.51206E-4
1.10514E-4 9.84123E-5 1.03317E-4 1.18395E-4 1.33615E-4 1.24991E-4 1.12296E-4 1.01138E-4 8.93595E-5 8.788E-5 9.889E-5 1.06756E-4 1.09599E-4 1.14136E-4 1.05756E-4 1.14698E-4 1.24486E-4 1.35891E-4 1.46028E-4 1.58555E-4 1.65891E-4 1.00113E-4 9.03863E-5 8.64465E-5 1.00429E-4 1.27055E-4 2.11366E-4 3.05899E-4 2.63387E-4 2.10193E-4 1.51292E-4 1.46133E-4 2.94335E-4 1.97198E-4 1.21937E-4 9.8168E-5 1.10789E-4 1.61878E-4 2.39914E-4 3.6436E-4 4.10142E-4 3.27338E-4 2.78815E-4 2.5303E-4 2.32991E-4 3.03866E-4 3.21795E-4 4.97815E-4 6.47E-4 2.57626E-4 5.76016E-4 5.1834E-4 3.94901E-4 5.92496E-4 4.29831E-4 5.53187E-4 6.96798E-4 5.38178E-4 4.43994E-4 4.94124E-4 6.51893E-4 1.51223E-3 4.45031E-4 1.01935E-3 9.58978E-4 8.92577E-4
1.02232E-4 9.73421E-5 1.15813E-4 1.4465E-4 1.74626E-4 1.51041E-4 1.20574E-4 1.0176E-4 9.77866E-5 1.00232E-4 1.13132E-4 1.19432E-4 1.25491E-4 1.33981E-4 1.29811E-4 1.17585E-4 1.13625E-4 1.20024E-4 1.22866E-4 1.14836E-4 1.04425E-4 9.71333E-5 9.8842E-5 1.19476E-4 1.2026E-4 1.05855E-4 1.39997E-4 2.26011E-4 2.35426E-4 1.62244E-4 1.44038E-4 2.30715E-4 2.80548E-4 1.77494E-4 1.31795E-4 1.06998E-4 1.7029E-4 2.50658E-4 3.50319E-4 3.50019E-4 3.61771E-4 3.29143E-4 5.23368E-4 3.68444E-4 2.70763E-4 2.95822E-4 3.52591E-4 4.19625E-4 6.63092E-4 2.66635E-4 4.22267E-4 6.32115E-4 6.58823E-4 4.63645E-4 9.44194E-4 9.75591E-4 6.66568E-4 6.57404E-4 4.40492E-4 7.41844E-4 1.17573E-3 9.67422E-4 3.90171E-4 4.35561E-4 8.36223E-4 6.12769E-4
1.16808E-4 1.07476E-4 1.22496E-4 1.56491E-4 1.79476E-4 1.51095E-4 1.17725E-4 1.02627E-4 1.15477E-4 1.16482E-4 1.22153E-4 1.43668E-4 1.54484E-4 1.51798E-4 1.36815E-4 1.24348E-4 1.3481E-4 1.26779E-4 1.16191E-4 1.20512E-4 1.21531E-4 1.34509E-4 1.28056E-4 1.3473E-4 1.32713E-4 9.84156E-5 1.15041E-4 1.29419E-4 1.48502E-4 1.20286E-4 1.46077E-4 1.88537E-4 2.02402E-4 1.71772E-4 1.28246E-4 1.41548E-4 2.12734E-4 2.19552E-4 3.11968E-4 2.9208E-4 2.87961E-4 3.55993E-4 3.7235E-4 3.22266E-4 2.02523E-4 2.13544E-4 2.02664E-4 2.64884E-4 4.52614E-4 2.77235E-4 3.05652E-4 4.66574E-4 7.94899E-4 7.74838E-4 1.4515E-3 1.19389E-3 5.93577E-4 5.43465E-4 6.37479E-4 6.50871E-4 6.92182E-4 2.76949E-4 3.2161E-4 4.48188E-4 5.94059E-4 6.08922E-4
1.5177E-4 1.28811E-4 1.36741E-4 1.34691E-4 1.31886E-4 1.22848E-4 1.04583E-4 1.20206E-4 1.38988E-4 1.39087E-4 1.32249E-4 1.83118E-4 2.0121E-4 1.62338E-4 1.33642E-4 1.44708E-4 1.46858E-4 1.41928E-4 1.26542E-4 1.46473E-4 1.42838E-4 1.61187E-4 1.67027E-4 1.44606E-4 1.25276E-4 1.21144E-4 9.35497E-5 9.12951E-5 1.07118E-4 1.25776E-4 1.5715E-4 1.83551E-4 1.93489E-4 1.60889E-4 1.61735E-4 1.53621E-4 1.60754E-4 1.66194E-4 2.1938E-4 2.25064E-4 2.66069E-4 2.79011E-4 3.24229E-4 2.84921E-4 4.74531E-4 2.32694E-4 2.63908E-4 3.50625E-4 2.18853E-4 2.80049E-4 2.00026E-4 2.60222E-4 4.37783E-4 5.31182E-4 3.97657E-4 5.37832E-4 1.00235E-3 5.05262E-4 4.17292E-4 5.5188E-4 4.36714E-4 3.01873E-4 2.61899E-4 4.67317E-4 2.75738E-4 2.55532E-4
1.77425E-4 1.37912E-4 1.65054E-4 1.71287E-4 1.34356E-4 1.2973E-4 1.2267E-4 1.36629E-4 1.7896E-4 1.75845E-4 1.35971E-4 1.55394E-4 1.70709E-4 1.49783E-4 1.45806E-4 1.79987E-4 1.792E-4 1.59072E-4 1.45459E-4 1.5344E-4 1.46064E-4 1.66978E-4 2.06273E-4 1.91587E-4 1.58685E-4 1.24518E-4 1.15995E-4 1.10828E-4 1.20456E-4 1.52896E-4 1.94776E-4 2.21742E-4 1.91779E-4 1.46236E-4 1.27989E-4 1.15926E-4 1.2562E-4 1.39486E-4 1.49143E-4 1.51169E-4 1.54396E-4 1.65687E-4 1.81793E-4 2.56625E-4 1.9189E-4 2.09139E-4 3.74143E-4 2.39451E-4 3.83186E-4 2.36779E-4 2.93863E-4 3.22776E-4 2.06289E-4 2.74762E-4 3.19545E-4 2.48021E-4 3.93217E-4 3.22891E-4 3.57308E-4 3.25939E-4 1.96705E-4 1.31466E-4 1.87198E-4 1.83289E-4 1.98625E-4 2.00526E-4
