catData/rasterBestHybridModels/Prubiginosus/RD_RM1.5_H/Prubiginosus_avg.asc
ncols         409
nrows         350
xllcorner     60.897278365
yllcorner     5.843756025
cellsize      0.0892857
NODATA_value  -9999
[rows 116 to 144 of 350, columns 65 to 129 of 409]
3.63283E-5 3.3055E-5 2.72535E-5 4.56411E-5 3.12821E-5 3.23704E-5 5.11992E-5 2.00745E-5 3.12279E-5 1.4805E-5 7.6302E-6 4.58162E-6 5.56665E-6 4.7109E-6 3.73458E-6 4.54676E-6 3.36166E-6 2.71537E-6 3.67166E-6 1.55624E-5 1.32171E-5 1.72211E-5 2.33E-5 2.7577E-5 7.5047E-5 2.34237E-5 2.91885E-5 3.94001E-5 2.93034E-5 4.03452E-5 4.09631E-5 3.60436E-5 3.56552E-5 3.59469E-5 2.6945E-5 2.67648E-5 2.81109E-5 3.11868E-5 4.29639E-5 4.42901E-5 4.67528E-5 5.35753E-5 2.12833E-5 2.7459E-5 3.84692E-5 6.8015E-5 6.58144E-5 5.08592E-5 4.85134E-5 4.92717E-5 6.70056E-5 5.21116E-5 4.21922E-5 6.55454E-5 6.49786E-5 4.86058E-5 4.90573E-5 6.67074E-5 6.65281E-5 4.66023E-5 3.73519E-5 4.22271E-5 5.95882E-5 5.77242E-5 5.34078E-5
3.68284E-5 4.84247E-5 3.49211E-5 3.08378E-5 3.7561E-5 3.9355E-5 5.36764E-5 1.3824E-5 1.68575E-5 8.41609E-6 8.33246E-6 6.43698E-6 5.96091E-6 3.72941E-6 3.86654E-6 4.63326E-6 4.64098E-6 3.8724E-6 5.05898E-6 1.79026E-5 2.16133E-5 2.09891E-5 2.5639E-5 3.46356E-5 2.86864E-5 2.75834E-5 3.0432E-5 4.05336E-5 3.97604E-5 4.02414E-5 2.65725E-5 2.68319E-5 3.66782E-5 3.69974E-5 3.73593E-5 3.79317E-5 3.9665E-5 4.29426E-5 4.33293E-5 4.46075E-5 4.69025E-5 4.02911E-5 1.87487E-5 2.18558E-5 4.05966E-5 7.24642E-5 5.26461E-5 6.97327E-5 5.22299E-5 5.32217E-5 7.26653E-5 6.27425E-5 3.14051E-5 2.93721E-5 7.04738E-5 5.24453E-5 4.86321E-5 6.55644E-5 6.97287E-5 6.65152E-5 5.76163E-5 6.3035E-5 6.5732E-5 6.28984E-5 4.53532E-5
2.72243E-5 4.80107E-5 5.25204E-5 2.21364E-5 3.84434E-5 3.37286E-5 3.55368E-5 4.5493E-5 3.33938E-5 1.01625E-5 6.82934E-6 6.98808E-6 6.35732E-6 3.88534E-6 4.08811E-6 4.8141E-6 4.87045E-6 3.07414E-6 5.01218E-6 6.07679E-6 2.2799E-5 2.32827E-5 3.43994E-5 3.37733E-5 8.446E-6 2.44142E-5 2.67618E-5 2.66624E-5 3.53073E-5 3.5548E-5 2.66664E-5 3.6605E-5 3.70937E-5 2.74039E-5 3.76998E-5 3.79393E-5 4.00757E-5 4.29763E-5 4.31602E-5 4.44943E-5 3.88722E-5 3.92141E-5 2.1194E-5 2.92001E-5 4.33496E-5 5.80088E-5 5.65894E-5 7.518E-5 5.62334E-5 7.5403E-5 7.12371E-5 5.43357E-5 3.60802E-5 4.89919E-5 7.57821E-5 7.35033E-5 6.77636E-5 6.4084E-5 7.36209E-5 7.24313E-5 7.28067E-5 5.51448E-5 7.27318E-5 6.84306E-5 6.88839E-5
3.65018E-5 3.48989E-5 5.21482E-5 5.16291E-5 4.546E-5 3.52535E-5 3.01888E-5 4.7769E-5 2.09577E-5 9.27597E-6 7.4204E-6 7.80886E-6 7.28546E-6 5.41047E-6 4.06053E-6 4.02561E-6 5.00848E-6 4.22676E-6 4.17558E-6 3.92029E-6 6.9277E-6 1.80128E-5 3.2365E-5 2.34162E-5 1.25812E-5 1.53506E-5 2.32839E-5 2.69919E-5 3.57895E-5 3.57818E-5 2.68547E-5 3.69671E-5 2.74823E-5 3.76173E-5 3.80278E-5 2.82058E-5 4.04537E-5 4.27223E-5 3.17096E-5 4.44456E-5 3.86563E-5 2.63944E-5 2.77151E-5 2.90573E-5 3.38313E-5 5.36931E-5 6.04391E-5 8.06179E-5 6.0305E-5 6.03264E-5 8.30114E-5 6.34413E-5 6.35394E-5 7.68091E-5 8.20686E-5 4.32696E-5 5.9276E-5 8.10194E-5 7.73995E-5 7.54178E-5 7.50465E-5 5.60067E-5 7.49106E-5 7.57144E-5 7.59341E-5
3.76178E-5 3.47132E-5 3.59948E-5 5.08597E-5 5.09299E-5 4.10291E-5 2.80569E-5 4.09106E-5 2.59579E-5 2.02819E-5 1.55565E-5 9.4803E-6 1.33063E-5 7.06346E-6 3.68401E-6 3.9053E-6 4.82435E-6 3.77486E-6 4.24704E-6 3.95576E-6 4.42499E-6 7.35377E-6 1.0596E-5 7.1078E-6 4.78108E-6 1.36377E-5 2.60199E-5 3.72781E-5 3.69643E-5 3.64617E-5 3.67829E-5 3.72913E-5 3.75469E-5 3.78322E-5 2.8336E-5 3.91535E-5 4.12374E-5 4.23088E-5 3.12756E-5 4.87928E-5 5.03761E-5 2.51761E-5 2.65145E-5 2.82772E-5 8.42918E-5 6.47061E-5 6.39573E-5 8.53561E-5 6.4315E-5 6.47643E-5 8.48889E-5 5.72337E-5 7.51611E-5 7.93508E-5 7.69457E-5 3.44319E-5 7.64178E-5 7.73082E-5 7.52344E-5 5.54171E-5 7.34671E-5 7.28731E-5 7.36182E-5 7.68539E-5 8.03479E-5
4.04599E-5 4.75515E-5 3.60429E-5 3.22334E-5 3.54275E-5 4.39149E-5 3.18156E-5 3.73454E-5 2.59254E-5 1.44414E-5 2.70281E-5 2.92778E-5 1.99083E-5 1.57704E-5 5.39524E-6 4.03606E-6 3.91724E-6 4.90023E-6 4.30635E-6 4.32011E-6 5.1341E-6 6.34177E-6 5.02824E-6 9.29313E-6 6.6783E-6 7.44205E-6 1.64909E-5 2.73126E-5 2.77216E-5 3.79227E-5 3.78857E-5 3.78792E-5 3.7671E-5 2.78382E-5 2.85934E-5 3.96914E-5 2.98417E-5 4.11468E-5 3.01492E-5 3.50245E-5 4.82694E-5 2.39023E-5 2.51253E-5 2.66051E-5 7.97407E-5 8.50909E-5 8.63999E-5 8.61375E-5 6.44581E-5 8.40445E-5 8.26323E-5 6.2735E-5 4.95298E-5 5.1855E-5 7.42007E-5 7.40456E-5 7.47304E-5 5.5839E-5 7.43962E-5 7.30703E-5 5.3545E-5 5.1338E-5 5.4072E-5 7.62445E-5 5.84167E-5
3.71238E-5 5.05838E-5 4.05943E-5 2.92201E-5 2.84009E-5 2.35795E-5 4.19212E-5 3.83939E-5 2.64353E-5 2.41862E-5 2.42586E-5 3.47367E-5 2.75743E-5 2.5248E-5 1.56003E-5 5.75866E-6 4.18013E-6 3.99441E-6 4.98287E-6 3.81515E-6 5.54124E-6 6.076E-6 6.49951E-6 7.37979E-6 6.94297E-6 6.62915E-6 3.04309E-5 3.45867E-5 3.16415E-5 3.89687E-5 3.97006E-5 3.94956E-5 3.86135E-5 2.79747E-5 3.89771E-5 3.87058E-5 2.85553E-5 3.96415E-5 2.88024E-5 4.52642E-5 2.21512E-5 2.31884E-5 2.44947E-5 2.91604E-5 5.57708E-5 6.19272E-5 8.3645E-5 8.35005E-5 8.30663E-5 8.13929E-5 7.95253E-5 7.6488E-5 5.50446E-5 5.05834E-5 7.35185E-5 7.27349E-5 5.41845E-5 5.41114E-5 7.14088E-5 7.00935E-5 6.84215E-5 4.93528E-5 4.95558E-5 6.81839E-5 7.35085E-5
4.33033E-5 5.19411E-5 4.18403E-5 3.89869E-5 2.64121E-5 1.15622E-5 1.68512E-5 3.01157E-5 2.97169E-5 2.25991E-5 2.69019E-5 3.51461E-5 3.73511E-5 2.54359E-5 2.03627E-5 9.45922E-6 5.8557E-6 4.26787E-6 4.09471E-6 4.97029E-6 6.00465E-6 4.70462E-6 4.8728E-6 7.13992E-6 7.86233E-6 8.33368E-6 9.25199E-6 1.05394E-5 1.33426E-5 2.67226E-5 3.91053E-5 2.9316E-5 3.89131E-5 3.8069E-5 3.80844E-5 2.7697E-5 3.76045E-5 3.81573E-5 3.18054E-5 4.33639E-5 1.56813E-5 1.67296E-5 2.41642E-5 2.84872E-5 4.03352E-5 7.99506E-5 7.98836E-5 7.99028E-5 7.95531E-5 5.87684E-5 5.68439E-5 7.37234E-5 7.10781E-5 5.23592E-5 7.03908E-5 6.94461E-5 6.87352E-5 4.6746E-5 4.82877E-5 4.92671E-5 5.86597E-5 5.32945E-5 5.85897E-5 6.62067E-5 5.01401E-5
4.81368E-5 5.54204E-5 5.52971E-5 4.60401E-5 3.2932E-5 3.00912E-5 3.76322E-5 3.52932E-5 3.34299E-5 2.05384E-5 2.66035E-5 2.80734E-5 3.67059E-5 2.66398E-5 2.97519E-5 2.80367E-5 8.3155E-6 4.49418E-6 4.2885E-6 3.82264E-6 5.22493E-6 6.34264E-6 6.3111E-6 6.72378E-6 7.43817E-6 8.39932E-6 9.07796E-6 9.85133E-6 9.27039E-6 1.07634E-5 3.57342E-5 2.80922E-5 2.80266E-5 3.7482E-5 3.65509E-5 3.67513E-5 3.64236E-5 3.64081E-5 3.67269E-5 4.14529E-5 1.48358E-5 1.56702E-5 3.43307E-5 3.59287E-5 3.82623E-5 7.55325E-5 7.589E-5 5.65401E-5 7.55931E-5 7.48695E-5 5.50185E-5 5.33752E-5 6.23351E-5 4.30651E-5 5.70395E-5 4.14052E-5 5.65444E-5 4.24558E-5 3.10381E-5 3.97118E-5 5.17367E-5 3.1863E-5 3.89316E-5 5.81519E-5 5.84142E-5
5.2754E-5 4.67468E-5 5.66623E-5 4.47454E-5 4.4052E-5 4.50111E-5 5.82439E-5 4.29478E-5 3.84657E-5 3.84783E-5 3.16784E-5 4.0669E-5 3.97465E-5 3.01655E-5 3.29461E-5 2.28159E-5 3.14437E-5 8.01489E-6 4.53396E-6 4.14766E-6 3.53321E-6 5.09399E-6 5.5231E-6 6.69187E-6 7.87789E-6 6.68337E-6 1.00946E-5 8.17729E-6 8.70282E-6 8.72531E-6 8.99148E-6 3.57188E-5 3.66512E-5 3.5921E-5 3.51181E-5 2.58013E-5 2.60712E-5 3.5263E-5 3.54778E-5 1.71902E-5 1.68593E-5 1.76828E-5 2.79658E-5 2.31134E-5 3.65519E-5 5.32432E-5 7.25377E-5 5.36062E-5 5.32945E-5 7.2665E-5 7.3281E-5 6.38724E-5 5.75578E-5 4.71943E-5 4.60531E-5 3.43866E-5 4.66179E-5 3.42616E-5 2.48793E-5 3.19136E-5 4.25922E-5 3.1857E-5 4.39656E-5 5.24921E-5 3.97269E-5
4.9772E-5 5.01251E-5 6.00881E-5 5.73013E-5 5.65181E-5 4.59472E-5 6.21353E-5 6.14381E-5 4.51043E-5 5.73342E-5 4.81628E-5 4.44039E-5 3.42913E-5 3.35199E-5 3.59122E-5 2.70463E-5 2.63924E-5 1.48772E-5 4.59877E-6 1.31057E-5 3.96035E-6 3.15736E-6 5.27547E-6 3.1417E-6 5.85994E-6 6.65068E-6 8.30032E-6 1.04349E-5 9.08867E-6 8.75819E-6 8.82473E-6 2.9966E-5 2.52119E-5 2.51986E-5 3.37334E-5 3.40416E-5 3.48741E-5 3.08607E-5 2.90384E-5 1.60859E-5 1.04732E-5 1.58864E-5 1.64514E-5 2.11595E-5 3.01845E-5 4.39694E-5 6.04136E-5 4.52209E-5 3.91627E-5 4.41305E-5 4.52586E-5 6.08415E-5 5.13612E-5 4.76718E-5 4.15803E-5 4.22203E-5 5.64615E-5 4.07051E-5 3.77006E-5 3.87312E-5 5.48733E-5 4.65184E-5 3.99458E-5 3.02442E-5 1.36363E-5
6.06232E-5 5.22326E-5 6.46441E-5 4.42954E-5 5.88437E-5 6.22577E-5 4.69016E-5 5.86379E-5 4.41659E-5 5.79551E-5 5.89923E-5 5.33533E-5 5.06695E-5 3.69462E-5 4.32386E-5 3.37487E-5 3.3596E-5 2.17695E-5 7.51706E-6 4.5045E-6 4.91951E-6 3.01626E-6 3.79417E-6 3.2445E-6 4.03949E-6 3.1302E-6 2.99142E-6 7.87422E-6 8.68547E-6 7.51037E-6 8.3423E-6 8.44041E-6 2.22495E-5 3.40984E-5 2.97845E-5 2.80155E-5 2.78937E-5 2.04986E-5 1.7512E-5 2.10451E-5 1.04934E-5 1.70753E-5 1.72229E-5 2.40477E-5 2.48554E-5 1.93094E-5 3.67513E-5 2.78823E-5 2.4654E-5 2.45027E-5 2.85495E-5 3.92275E-5 3.8984E-5 4.16584E-5 4.55887E-5 5.16582E-5 5.08786E-5 4.99254E-5 4.82787E-5 4.83155E-5 4.36762E-5 1.60522E-5 3.25101E-5 4.75648E-5 5.12584E-5
5.79146E-5 6.67933E-5 6.87537E-5 4.78968E-5 4.53314E-5 6.13509E-5 6.38756E-5 6.18714E-5 4.44514E-5 6.0601E-5 5.92105E-5 4.12665E-5 5.11693E-5 3.80029E-5 4.34744E-5 4.4706E-5 3.51733E-5 3.0959E-5 9.14833E-6 5.95102E-6 4.11334E-6 3.12195E-6 1.64734E-6 2.28438E-6 4.31057E-6 4.0767E-6 3.73853E-6 2.516E-6 3.25319E-6 2.88245E-6 4.13356E-6 6.33305E-6 2.59512E-5 2.7624E-5 2.74965E-5 2.33861E-5 1.68873E-5 1.50418E-5 1.52891E-5 2.53045E-5 1.96922E-5 2.19295E-5 5.45498E-5 5.63927E-5 5.84069E-5 4.4273E-5 4.6079E-5 4.65349E-5 3.54711E-5 3.57752E-5 4.8293E-5 4.79067E-5 4.38707E-5 4.5991E-5 5.24072E-5 5.38532E-5 5.46889E-5 5.45915E-5 5.22706E-5 5.04353E-5 3.61885E-5 4.91156E-5 1.66561E-4 1.27882E-4 5.94961E-5
4.20838E-5 6.32326E-5 6.97015E-5 4.91746E-5 4.59683E-5 6.32303E-5 6.34297E-5 4.70169E-5 3.87788E-5 4.50143E-5 5.91108E-5 5.59912E-5 5.27934E-5 4.73075E-5 4.21045E-5 4.29096E-5 4.43502E-5 3.19376E-5 8.97303E-6 6.10038E-6 3.5317E-6 3.40568E-6 1.95412E-6 1.66989E-6 2.05903E-6 3.81395E-6 4.31977E-6 3.31033E-6 7.00054E-6 3.36736E-6 3.2707E-6 2.79431E-6 4.97621E-6 6.2681E-6 7.72837E-6 1.27699E-5 1.11702E-5 2.18242E-5 5.00117E-5 5.44258E-5 3.44662E-5 4.77792E-5 6.62415E-5 6.88452E-5 7.10355E-5 7.27742E-5 5.7368E-5 5.89571E-5 5.99813E-5 5.79698E-5 6.15773E-5 4.28828E-5 5.37386E-5 3.91651E-5 5.30121E-5 4.02245E-5 5.5955E-5 4.10385E-5 5.4629E-5 5.28218E-5 3.87364E-5 1.15116E-4 4.76299E-5 3.48189E-5 1.25782E-4
1.91919E-5 5.8221E-5 5.04032E-5 3.90095E-5 4.80495E-5 4.84957E-5 4.61822E-5 3.98219E-5 3.2063E-5 3.89597E-5 4.45486E-5 5.66297E-5 5.20418E-5 4.50011E-5 4.1425E-5 2.63987E-5 3.4048E-5 2.53575E-5 9.67844E-6 5.75519E-6 3.54444E-6 1.7282E-6 2.46544E-6 2.41986E-6 2.24185E-6 4.34835E-6 4.19324E-6 4.24421E-6 4.77653E-6 3.93597E-6 3.06634E-6 4.49648E-6 4.08726E-6 4.04849E-6 1.62328E-5 2.4654E-5 2.66772E-5 3.1248E-5 4.50034E-5 4.21207E-5 3.17041E-5 3.85746E-5 7.19756E-5 7.41701E-5 7.61184E-5 5.78389E-5 8.03289E-5 6.50999E-5 6.62582E-5 6.34991E-5 4.6252E-5 4.32165E-5 5.58344E-5 4.97973E-5 2.09186E-5 4.65309E-5 5.67023E-5 5.72973E-5 5.6113E-5 5.42823E-5 5.46075E-5 1.68168E-4 6.5004E-5 4.49909E-5 5.58306E-5
3.79703E-5 4.38822E-5 6.32935E-5 2.96493E-5 5.35848E-5 3.22933E-5 4.23203E-5 3.29108E-5 3.15491E-5 3.88337E-5 4.30713E-5 5.5685E-5 5.00588E-5 4.71773E-5 4.03651E-5 3.25508E-5 2.69252E-5 9.99122E-6 9.24947E-6 6.09587E-6 3.20132E-6 2.19541E-6 2.31016E-6 3.19686E-6 2.67882E-6 3.21724E-6 4.62145E-6 5.37402E-6 4.1755E-6 8.37735E-6 4.75933E-6 6.03157E-6 7.79027E-6 1.74889E-5 2.89472E-5 3.10145E-5 3.14512E-5 4.68861E-5 3.58745E-5 4.43976E-5 4.79447E-5 6.83659E-5 5.82209E-5 5.95948E-5 8.26755E-5 6.28409E-5 4.77593E-5 5.03453E-5 6.62377E-5 6.354E-5 4.60849E-5 4.44992E-5 3.93332E-5 1.76893E-5 1.72346E-5 4.16015E-5 3.3929E-5 3.9646E-5 5.54224E-5 5.17197E-5 1.35371E-4 6.05453E-5 6.0528E-5 4.77254E-5 6.83079E-5
3.20095E-5 2.0155E-5 4.56216E-5 5.34318E-5 3.60687E-5 4.21069E-5 3.61996E-5 2.98542E-5 3.78917E-5 4.35526E-5 5.62695E-5 5.4147E-5 5.05064E-5 4.65769E-5 3.68554E-5 3.30113E-5 2.71198E-5 9.1752E-6 7.57718E-6 2.44086E-6 3.48306E-6 7.1811E-6 3.21294E-6 4.32822E-6 2.9324E-6 4.7332E-6 8.05791E-6 4.23085E-6 7.79273E-6 8.48989E-6 1.22075E-5 5.71918E-6 6.63375E-6 1.16396E-5 2.22465E-5 2.36663E-5 2.49421E-5 5.03377E-5 6.52492E-5 6.74944E-5 7.01953E-5 7.40128E-5 7.66654E-5 5.86435E-5 8.74336E-5 6.59873E-5 5.0274E-5 6.71721E-5 8.05964E-5 7.88439E-5 5.7189E-5 5.55997E-5 4.06769E-5 3.74346E-5 7.17664E-5 4.35819E-5 3.56195E-5 4.80505E-5 5.40053E-5 5.05236E-5 5.17689E-5 4.34404E-5 4.33844E-5 5.46178E-5 1.27756E-4
2.1324E-5 2.24889E-5 1.91285E-5 1.58452E-5 4.05336E-5 2.0505E-5 4.11515E-5 3.64974E-5 4.27852E-5 5.72482E-5 5.52044E-5 5.30968E-5 4.71818E-5 3.83111E-5 3.31539E-5 2.75888E-5 2.74615E-5 2.69646E-5 6.89178E-6 7.05437E-6 3.14661E-6 5.85531E-6 7.12489E-6 8.20837E-6 6.74276E-6 8.61949E-6 7.31338E-6 5.98193E-6 4.67256E-6 5.55501E-6 5.74548E-6 5.73356E-6 4.75568E-6 1.04227E-5 2.22302E-5 2.38968E-5 2.28676E-5 3.87558E-5 5.00338E-5 5.35771E-5 7.48716E-5 7.87319E-5 8.20662E-5 6.23207E-5 8.47143E-5 5.21244E-5 6.91991E-5 6.8026E-5 6.12821E-5 4.77609E-5 3.02562E-5 2.91007E-5 6.58361E-5 3.08891E-5 7.52958E-5 3.05054E-5 6.61926E-5 3.70646E-5 6.53383E-5 7.05398E-5 9.52882E-5 9.76912E-5 1.44345E-4 7.87974E-5 7.84602E-5
2.4465E-5 1.82782E-5 1.37461E-5 1.31698E-5 2.74871E-5 1.72457E-5 1.25725E-5 2.22714E-5 5.58417E-5 5.5164E-5 5.39618E-5 3.68558E-5 3.92487E-5 2.49273E-5 2.68663E-5 1.67164E-5 1.53979E-5 2.9417E-5 3.30212E-6 1.80537E-5 3.38848E-6 8.77498E-6 4.09503E-6 1.07887E-5 1.17689E-5 1.07181E-5 4.8076E-6 5.30298E-6 7.55147E-6 6.22269E-6 9.14369E-6 6.70703E-6 7.02346E-6 1.03351E-5 3.15554E-5 3.46543E-5 2.72823E-5 5.63206E-5 7.38853E-5 7.78807E-5 8.02721E-5 8.26707E-5 8.53763E-5 8.64595E-5 8.7406E-5 7.09329E-5 7.05141E-5 9.33552E-5 8.32678E-5 5.59647E-5 3.08192E-5 5.8488E-5 7.29205E-5 6.66577E-5 2.86748E-5 5.39433E-5 7.03479E-5 6.75434E-5 6.49273E-5 6.26949E-5 6.77216E-5 1.26182E-4 5.69503E-5 5.08714E-5 9.73244E-5
3.81102E-5 1.40114E-5 1.23812E-5 2.84743E-5 3.54543E-5 3.25752E-5 2.29626E-5 1.64712E-5 4.9997E-5 4.01177E-5 3.71262E-5 3.00755E-5 3.45428E-5 2.02373E-5 2.00953E-5 1.17023E-5 1.03967E-5 3.14894E-5 3.07326E-5 9.02003E-6 1.10189E-5 3.37204E-6 3.427E-6 9.04272E-6 1.06482E-5 5.10935E-6 1.6284E-5 5.90724E-6 3.48086E-6 4.5123E-6 5.69453E-6 4.21719E-6 1.42488E-5 1.4722E-5 2.45878E-5 3.6106E-5 5.43967E-5 5.78655E-5 5.59239E-5 8.1151E-5 8.34156E-5 8.46618E-5 8.61215E-5 6.44274E-5 8.66453E-5 5.21384E-5 5.19614E-5 6.83747E-5 4.20733E-5 4.22228E-5 3.26655E-5 4.59244E-5 3.39247E-5 4.87431E-5 6.36863E-5 1.15895E-4 6.82248E-5 2.48937E-5 9.03004E-5 7.47152E-5 7.85154E-5 1.07822E-4 5.16932E-5 4.19533E-5 1.41739E-4
3.55631E-5 3.57164E-5 2.96621E-5 2.97101E-5 1.23024E-5 1.0622E-5 2.1915E-5 1.70055E-5 2.49372E-5 2.85654E-5 2.38635E-5 2.54076E-5 2.74397E-5 2.70722E-5 1.44921E-5 9.8429E-6 8.42867E-6 8.90656E-6 1.11998E-5 3.05517E-5 9.31459E-6 8.46607E-6 8.24942E-6 3.44086E-6 4.05382E-6 3.6164E-6 5.17322E-6 4.53945E-6 4.8448E-6 9.20652E-6 4.67543E-6 5.96337E-6 5.14308E-6 1.09114E-5 1.66567E-5 3.78424E-5 4.15416E-5 5.95652E-5 5.73162E-5 8.26915E-5 8.45489E-5 8.5334E-5 8.64424E-5 8.62162E-5 8.5517E-5 6.89497E-5 6.85572E-5 6.76422E-5 6.04947E-5 3.9244E-5 3.16774E-5 5.37711E-5 3.17969E-5 2.46341E-5 5.40284E-5 7.07882E-5 3.32028E-5 5.97899E-5 5.73416E-5 5.12113E-5 6.79144E-5 4.90749E-5 5.62813E-5 4.24539E-5 6.79182E-5
-9999 -9999 -9999 3.62806E-5 2.04006E-5 8.09046E-6 9.03698E-6 2.38569E-5 1.44371E-5 1.41362E-5 2.11696E-5 1.23919E-5 5.94538E-6 9.38505E-6 1.02136E-5 1.16331E-5 8.81784E-6 1.16272E-5 1.18875E-5 1.14448E-5 1.10129E-5 1.04203E-5 1.79658E-5 6.73895E-6 8.11257E-6 1.0064E-5 1.18863E-5 1.07825E-5 9.79927E-6 4.84933E-6 4.95811E-6 5.78084E-6 5.67158E-6 1.63789E-5 2.34567E-5 7.57139E-5 5.8155E-5 6.15091E-5 7.97061E-5 8.38272E-5 8.48261E-5 8.53266E-5 8.64433E-5 8.55629E-5 6.25777E-5 6.80751E-5 6.77552E-5 6.69596E-5 5.63486E-5 6.82855E-5 6.29568E-5 6.66878E-5 7.77203E-5 7.66614E-5 7.38333E-5 7.15128E-5 6.92999E-5 6.26184E-5 1.87541E-4 1.51343E-4 5.02827E-5 5.78E-5 5.60184E-5 3.90791E-5 7.40934E-5
-9999 -9999 -9999 -9999 -9999 1.42481E-5 7.27362E-6 7.78069E-6 8.56927E-6 1.01316E-5 1.00195E-5 9.7762E-6 9.58459E-6 1.03508E-5 1.17421E-5 8.97779E-6 1.23993E-5 3.41126E-5 1.23837E-5 1.21662E-5 1.1423E-5 1.05182E-5 8.44803E-6 1.94796E-5 6.08429E-6 2.8623E-5 1.12179E-5 1.12081E-5 1.21425E-5 1.70423E-5 1.78025E-5 4.0439E-5 4.14641E-5 3.14248E-5 4.60175E-5 7.76481E-5 8.17849E-5 6.31526E-5 6.62058E-5 8.33513E-5 8.42201E-5 8.46651E-5 8.5135E-5 8.44263E-5 6.74053E-5 4.93874E-5 6.677E-5 4.83624E-5 8.03966E-5 7.9132E-5 7.82699E-5 7.83702E-5 7.85914E-5 5.61355E-5 5.37914E-5 7.07271E-5 5.05721E-5 6.13638E-5 6.51353E-5 7.14161E-5 4.92018E-5 1.03911E-4 3.48504E-5 1.49033E-4 2.65655E-5
-9999 -9999 -9999 -9999 -9999 -9999 7.6101E-6 -9999 2.2972E-5 9.17918E-6 1.22682E-5 1.20865E-5 1.20917E-5 1.20901E-5 1.22999E-5 1.29373E-5 1.3159E-5 1.27351E-5 1.30446E-5 1.23966E-5 1.14494E-5 1.05046E-5 8.56591E-6 6.92522E-6 8.35748E-6 1.02273E-5 1.12896E-5 1.21647E-5 1.91547E-5 3.9893E-5 3.06352E-5 3.13238E-5 4.42365E-5 4.57903E-5 3.95285E-5 3.06616E-5 4.36972E-5 8.93305E-5 6.67205E-5 6.73115E-5 9.33729E-5 6.73965E-5 6.67008E-5 6.60727E-5 6.56322E-5 6.52914E-5 6.52721E-5 6.46551E-5 6.31449E-5 7.60773E-5 5.71639E-5 5.80343E-5 7.93341E-5 5.64019E-5 5.43212E-5 7.11448E-5 2.75825E-5 9.44047E-5 1.06436E-4 1.13781E-4 1.45629E-4 2.58894E-5 2.62232E-5 3.52987E-5 2.75081E-5
-9999 -9999 -9999 -9999 -9999 -9999 1.84438E-5 1.17092E-5 1.63554E-5 9.96849E-6 1.31693E-5 1.30614E-5 1.28258E-5 1.28176E-5 1.3037E-5 1.36254E-5 1.30846E-5 1.01359E-5 9.55764E-6 8.87892E-6 8.3407E-6 8.12563E-6 7.10226E-6 6.44567E-6 9.91523E-6 1.08487E-5 3.26646E-5 1.5744E-5 2.6412E-5 4.38781E-5 4.54839E-5 3.81958E-5 3.88569E-5 4.00538E-5 4.16225E-5 4.36531E-5 2.89874E-5 3.48749E-5 4.77924E-5 3.51604E-5 9.23901E-5 9.17265E-5 9.08273E-5 6.462E-5 4.71423E-5 6.01784E-5 6.46518E-5 6.45663E-5 5.64694E-5 5.1662E-5 4.94497E-5 5.75305E-5 7.76664E-5 7.70606E-5 7.47827E-5 7.14203E-5 1.00556E-4 1.27836E-4 9.31721E-5 1.15998E-4 2.27419E-4 1.10527E-4 6.59626E-5 6.69618E-5 1.05353E-4
-9999 -9999 -9999 -9999 -9999 -9999 -9999 -9999 8.48698E-6 9.25618E-6 1.03278E-5 9.69786E-6 1.40577E-5 1.39047E-5 1.41225E-5 1.08808E-5 1.42006E-5 1.45576E-5 1.03125E-5 8.64194E-6 9.12587E-6 8.90949E-6 9.2451E-6 4.37204E-5 2.31169E-5 9.54698E-6 2.51728E-5 3.56388E-5 3.8547E-5 2.90739E-5 1.86454E-5 2.58102E-5 2.63341E-5 2.70081E-5 2.79467E-5 2.11284E-5 2.10191E-5 3.45451E-5 4.73158E-5 4.72313E-5 4.68109E-5 6.60084E-5 9.01443E-5 8.94542E-5 4.68839E-5 6.60983E-5 4.91905E-5 6.52599E-5 7.93559E-5 5.58878E-5 4.03481E-5 5.43923E-5 7.44069E-5 5.36558E-5 2.00449E-4 1.96242E-4 1.37133E-4 1.29863E-4 7.04568E-5 9.20078E-5 1.18609E-4 5.70723E-5 5.42951E-5 5.57488E-5 2.83839E-4
-9999 -9999 -9999 -9999 -9999 -9999 -9999 8.58512E-6 1.01553E-5 1.52911E-5 1.43462E-5 1.52539E-5 1.50779E-5 1.51704E-5 1.52726E-5 1.17465E-5 1.13202E-5 1.53393E-5 8.43459E-6 8.05219E-6 1.6181E-5 1.97873E-5 2.05826E-5 2.14114E-5 2.13208E-5 2.14448E-5 2.23493E-5 2.40144E-5 1.8571E-5 2.67265E-5 2.712E-5 2.74619E-5 2.80565E-5 2.07762E-5 2.04946E-5 2.08587E-5 2.10714E-5 2.16394E-5 4.64405E-5 4.58932E-5 3.29864E-5 2.81534E-5 4.53265E-5 6.37944E-5 9.58782E-5 6.98095E-5 6.71128E-5 6.55855E-5 6.51589E-5 5.45792E-5 4.78729E-5 5.15397E-5 7.18594E-5 7.08392E-5 1.40772E-4 6.24815E-5 6.05234E-5 4.32172E-5 3.78824E-5 4.4E-5 2.06899E-5 5.71255E-5 4.98685E-5 1.10355E-4 7.70746E-5
-9999 -9999 -9999 -9999 -9999 -9999 -9999 -9999 1.37351E-5 1.56017E-5 1.64962E-5 1.63514E-5 1.63442E-5 1.67036E-5 7.51124E-6 7.62289E-6 7.78202E-6 7.97765E-6 8.73263E-6 1.92048E-5 2.43111E-5 1.46309E-5 1.40534E-5 2.13205E-5 2.43036E-5 1.77882E-5 2.45517E-5 2.53879E-5 2.67693E-5 2.80088E-5 2.84157E-5 2.87594E-5 2.90064E-5 2.91936E-5 2.93808E-5 2.93641E-5 2.95585E-5 2.86347E-5 3.13491E-5 2.93686E-5 4.95558E-5 4.00033E-5 5.21388E-5 4.65495E-5 9.54137E-5 6.94765E-5 4.81314E-5 4.63486E-5 7.7242E-5 7.46256E-5 7.06194E-5 5.16115E-5 5.12279E-5 6.84481E-5 6.2265E-5 6.06277E-5 5.28111E-5 5.09333E-5 5.25443E-5 4.65825E-5 1.718E-5 1.5674E-5 1.82952E-5 1.32236E-4 5.7258E-5
-9999 -9999 -9999 -9999 -9999 -9999 -9999 -9999 4.02787E-5 1.69846E-5 1.75559E-5 1.75311E-5 1.61947E-5 2.64267E-5 3.80675E-5 9.04189E-6 1.11351E-5 1.63796E-5 2.01448E-5 2.74504E-5 1.86081E-5 1.34653E-5 1.39154E-5 2.09764E-5 1.78327E-5 1.55295E-5 2.89078E-5 3.09827E-5 4.47295E-5 3.36742E-5 3.40134E-5 4.64638E-5 4.63872E-5 2.91989E-5 2.11533E-5 2.04964E-5 2.05174E-5 3.14405E-5 5.02392E-5 3.99935E-5 3.80271E-5 3.67108E-5 4.39752E-5 6.21984E-5 6.33602E-5 6.2756E-5 5.5311E-5 4.62073E-5 5.18197E-5 5.33005E-5 7.2369E-5 6.98998E-5 6.82762E-5 1.34202E-4 5.35804E-5 4.91075E-5 4.8395E-5 4.17519E-5 4.34653E-5 4.49045E-5 4.59994E-5 4.39654E-5 2.75749E-4 1.52752E-4 1.93899E-5
