catData/rasterBestHybridModels/Prubiginosus/RD_RM1.5_H/Prubiginosus_min.asc
ncols         409
nrows         350
xllcorner     60.897278365
yllcorner     5.843756025
cellsize      0.0892857
NODATA_value  -9999
[rows 145 to 173 of 350, columns 65 to 129 of 409]
-9999 -9999 -9999 -9999 -9999 -9999 -9999 9.1384E-6 9.32537E-6 4.17653E-6 4.50481E-6 1.20077E-5 9.45734E-6 9.26743E-6 9.83335E-6 9.75642E-6 8.9601E-6 8.40537E-6 1.03681E-5 1.25937E-5 1.18247E-5 8.77913E-6 1.02049E-5 1.05498E-5 9.12284E-6 7.01874E-6 7.52216E-6 1.02225E-5 1.3254E-5 1.37996E-5 1.14475E-5 1.14265E-5 1.39789E-5 1.38715E-5 1.11717E-5 9.8818E-6 8.37554E-6 7.93593E-6 8.38476E-6 7.92294E-6 8.4147E-6 8.77586E-6 9.48072E-6 1.23357E-5 2.29988E-5 2.27443E-5 2.11176E-5 1.88287E-5 1.6627E-5 2.0085E-5 2.27896E-5 2.82855E-5 5.59394E-5 1.42886E-4 1.74082E-5 1.36762E-5 1.49935E-5 5.20576E-5 7.04545E-5 2.66658E-5 9.58745E-5 2.61399E-5 1.18227E-4 5.81075E-5 6.80533E-6
-9999 -9999 -9999 -9999 -9999 -9999 -9999 -9999 8.90712E-6 4.91246E-6 9.14184E-6 9.43715E-6 8.66197E-6 7.64909E-6 7.52663E-6 7.28959E-6 6.8516E-6 7.43699E-6 9.12083E-6 9.84303E-6 1.19075E-5 1.19802E-5 1.22929E-5 9.77738E-6 8.48825E-6 6.46311E-6 6.43071E-6 8.59782E-6 1.03646E-5 1.3011E-5 1.07557E-5 9.83661E-6 1.10097E-5 1.39252E-5 1.71803E-5 1.26357E-5 8.20288E-6 7.67261E-6 7.22803E-6 8.66453E-6 1.02906E-5 1.12918E-5 1.1524E-5 1.24258E-5 2.25341E-5 2.16689E-5 2.08657E-5 2.0722E-5 1.61674E-5 1.67791E-5 2.14553E-5 2.67376E-5 5.49536E-5 4.35077E-5 1.05096E-5 4.32514E-5 6.8695E-5 2.12503E-5 7.03865E-5 2.01142E-5 2.69067E-5 2.81139E-5 5.92465E-5 8.09966E-5 2.85508E-5
-9999 -9999 -9999 -9999 -9999 -9999 -9999 -9999 -9999 6.93887E-6 6.80984E-6 7.37997E-6 7.05021E-6 6.59435E-6 6.58949E-6 6.51135E-6 6.50699E-6 -9999 7.55116E-6 8.85689E-6 9.55902E-6 1.22956E-5 1.31485E-5 1.34888E-5 1.09057E-5 7.57573E-6 6.93736E-6 8.94951E-6 1.03829E-5 1.22194E-5 9.54826E-6 7.88577E-6 9.94704E-6 1.40663E-5 2.81351E-5 2.39338E-5 1.16148E-5 9.67417E-6 9.90369E-6 1.12299E-5 1.57888E-5 1.7182E-5 1.53274E-5 1.64928E-5 1.92442E-5 1.89484E-5 1.71815E-5 2.00301E-5 1.93118E-5 2.07939E-5 2.19913E-5 4.53217E-5 4.24088E-5 4.29847E-5 1.29212E-5 1.87965E-5 2.02217E-5 6.43194E-5 1.8339E-5 6.64624E-5 8.55617E-5 9.12734E-5 9.05435E-5 8.50264E-5 1.37705E-5
-9999 -9999 -9999 -9999 -9999 -9999 -9999 -9999 -9999 -9999 6.01927E-6 -9999 6.49795E-6 -9999 6.82043E-6 6.76638E-6 7.1346E-6 6.71849E-6 6.71297E-6 7.50219E-6 8.94572E-6 1.00272E-5 -9999 1.53323E-5 1.24775E-5 9.7185E-6 8.58686E-6 1.08272E-5 1.33694E-5 1.28882E-5 1.00975E-5 9.99133E-6 1.02864E-5 1.43805E-5 2.49247E-5 3.10619E-5 1.63363E-5 1.20281E-5 1.29167E-5 1.51536E-5 1.87459E-5 1.82407E-5 1.23133E-5 1.34024E-5 1.9986E-5 2.37167E-5 2.23184E-5 2.52669E-5 1.93368E-5 2.01153E-5 2.07592E-5 3.90647E-5 2.69E-5 2.77414E-5 2.99549E-5 1.83066E-5 2.03734E-5 1.73831E-5 1.59702E-5 6.49076E-5 6.0577E-5 7.24775E-5 5.70225E-5 8.77267E-5 7.09401E-5
-9999 -9999 -9999 -9999 -9999 -9999 -9999 -9999 -9999 -9999 -9999 -9999 -9999 -9999 -9999 -9999 -9999 6.79732E-6 7.75609E-6 9.07076E-6 -9999 1.53208E-5 1.68024E-5 1.94822E-5 2.22936E-5 1.6052E-5 1.25949E-5 1.13922E-5 1.38591E-5 1.37269E-5 1.36396E-5 1.39211E-5 1.41579E-5 1.43247E-5 1.35649E-5 1.66172E-5 1.11244E-5 9.33099E-6 9.72734E-6 1.03338E-5 1.30618E-5 1.29173E-5 1.52817E-5 1.57566E-5 1.63329E-5 1.59688E-5 1.9935E-5 1.59723E-5 1.62901E-5 1.21165E-5 1.21327E-5 2.53985E-5 2.56849E-5 3.95994E-5 3.5758E-5 1.8429E-5 2.03887E-5 2.03549E-5 1.66202E-5 6.33881E-5 7.99267E-5 6.26299E-5 5.23704E-5 8.17448E-5 8.86859E-5
-9999 -9999 -9999 -9999 -9999 -9999 -9999 -9999 -9999 -9999 -9999 -9999 -9999 -9999 -9999 -9999 -9999 6.88075E-6 8.4233E-6 -9999 1.58272E-5 1.86157E-5 2.20553E-5 2.0888E-5 3.27224E-5 2.55902E-5 2.16222E-5 1.57061E-5 1.39708E-5 1.39446E-5 1.14169E-5 1.42498E-5 1.43272E-5 1.43187E-5 1.15236E-5 1.38525E-5 1.07782E-5 9.0759E-6 8.11795E-6 1.05093E-5 1.30974E-5 1.08152E-5 1.37324E-5 1.438E-5 1.56271E-5 1.21532E-5 1.32972E-5 1.86454E-5 1.13329E-5 1.14119E-5 3.5174E-5 3.77012E-5 3.90467E-5 4.75842E-5 5.88475E-5 1.94153E-5 1.99906E-5 1.9517E-5 1.91148E-5 1.99621E-5 2.08412E-5 2.36968E-5 2.10041E-5 7.27933E-5 8.17424E-5
-9999 -9999 -9999 -9999 -9999 -9999 -9999 -9999 -9999 -9999 -9999 -9999 -9999 -9999 -9999 -9999 -9999 -9999 -9999 -9999 1.67199E-5 2.44611E-5 3.08949E-5 2.71998E-5 3.45403E-5 3.37949E-5 2.74411E-5 1.66402E-5 1.62681E-5 1.48662E-5 1.46678E-5 1.44158E-5 1.12891E-5 1.37773E-5 1.11403E-5 1.38194E-5 1.35616E-5 1.08363E-5 8.64601E-6 1.05946E-5 1.40388E-5 1.69289E-5 1.9043E-5 1.7257E-5 1.62431E-5 1.81996E-5 1.10165E-5 8.97295E-6 1.06864E-5 1.45288E-5 2.01204E-5 2.16799E-5 2.20907E-5 5.88195E-5 4.89882E-5 2.01372E-5 1.5909E-5 1.98361E-5 1.58701E-5 1.53687E-5 2.16316E-5 6.13554E-5 9.09802E-5 6.96673E-5 7.15101E-5
-9999 -9999 -9999 -9999 -9999 -9999 -9999 -9999 -9999 -9999 -9999 -9999 -9999 -9999 -9999 -9999 -9999 -9999 -9999 -9999 1.592E-5 2.25928E-5 2.70086E-5 2.14853E-5 2.10013E-5 3.35885E-5 3.31151E-5 2.37406E-5 2.36624E-5 1.87546E-5 2.07963E-5 1.68939E-5 1.41458E-5 1.32282E-5 1.05246E-5 1.08383E-5 1.33982E-5 1.08461E-5 8.47747E-6 1.00522E-5 1.44415E-5 1.93818E-5 1.50524E-5 1.43067E-5 1.48865E-5 1.0566E-5 9.35443E-6 1.1676E-5 1.62236E-5 1.74963E-5 2.65387E-5 2.86123E-5 4.8814E-5 6.46993E-5 6.69199E-5 6.8723E-5 5.26034E-5 2.006E-5 1.55468E-5 3.75418E-5 1.63187E-5 1.31434E-4 6.09177E-5 6.98639E-5 5.79306E-5
-9999 -9999 -9999 -9999 -9999 -9999 -9999 -9999 -9999 -9999 -9999 -9999 -9999 -9999 -9999 -9999 -9999 -9999 -9999 -9999 1.25802E-5 1.70974E-5 1.91592E-5 1.96055E-5 2.18212E-5 2.86025E-5 3.30814E-5 2.47661E-5 2.78548E-5 2.08851E-5 1.85523E-5 1.72178E-5 1.89014E-5 1.23535E-5 1.83178E-5 1.93584E-5 1.86922E-5 1.19959E-5 1.05509E-5 8.22518E-6 7.78361E-6 1.2446E-5 1.66231E-5 1.27818E-5 1.11929E-5 1.49196E-5 1.21508E-5 1.24417E-5 1.5921E-5 2.66041E-5 5.9251E-5 6.16629E-5 6.21941E-5 6.17048E-5 6.0016E-5 6.13058E-5 6.37348E-5 6.50053E-5 6.03253E-5 2.03062E-5 7.32385E-5 1.32363E-4 1.13669E-4 7.16499E-5 5.47903E-5
-9999 -9999 -9999 -9999 -9999 -9999 -9999 -9999 -9999 -9999 -9999 -9999 -9999 -9999 -9999 -9999 -9999 -9999 -9999 -9999 -9999 -9999 1.53839E-5 1.76443E-5 2.04931E-5 2.46485E-5 3.20195E-5 3.26276E-5 3.02508E-5 2.7066E-5 1.86125E-5 1.63301E-5 1.45776E-5 9.16727E-6 1.44648E-5 1.4738E-5 1.79839E-5 1.61541E-5 1.2245E-5 1.21129E-5 7.69294E-6 6.98675E-6 7.76993E-6 8.41049E-6 7.35756E-6 8.85943E-6 9.86333E-6 1.56057E-5 2.62208E-5 4.30314E-5 4.41957E-5 4.20681E-5 4.16845E-5 4.26741E-5 3.84931E-5 3.50224E-5 3.72771E-5 4.74416E-5 4.90667E-5 5.02588E-5 3.68471E-5 1.23632E-4 1.31304E-4 6.90294E-5 1.50176E-5
-9999 -9999 -9999 -9999 -9999 -9999 -9999 -9999 -9999 -9999 -9999 -9999 -9999 -9999 -9999 -9999 -9999 -9999 -9999 -9999 -9999 1.15689E-5 1.57751E-5 1.77914E-5 2.06527E-5 2.44408E-5 3.00709E-5 3.13624E-5 3.12793E-5 2.74303E-5 2.43508E-5 2.18663E-5 1.96023E-5 1.65656E-5 1.33255E-5 1.60874E-5 1.29257E-5 1.2264E-5 8.17158E-6 6.49681E-6 5.71878E-6 6.74355E-6 7.19961E-6 7.28301E-6 5.7387E-6 4.45928E-6 7.60494E-6 1.35266E-5 3.63762E-5 4.34668E-5 4.21113E-5 3.26007E-5 2.4699E-5 2.53893E-5 2.53522E-5 2.01944E-5 2.28225E-5 2.9301E-5 3.09871E-5 4.83913E-5 5.04848E-5 1.65213E-4 8.84724E-5 2.99964E-5 7.67016E-6
-9999 -9999 -9999 -9999 -9999 -9999 -9999 -9999 -9999 -9999 -9999 -9999 -9999 -9999 -9999 -9999 -9999 -9999 -9999 -9999 -9999 -9999 -9999 1.61106E-5 1.53634E-5 2.28944E-5 2.92038E-5 3.2694E-5 2.53174E-5 2.20946E-5 2.5497E-5 2.29683E-5 2.0918E-5 1.52357E-5 1.33433E-5 1.49773E-5 1.25144E-5 9.66984E-6 7.18437E-6 8.56543E-6 6.92078E-6 7.38255E-6 6.69998E-6 7.04518E-6 8.20401E-6 5.51853E-6 9.71209E-6 1.16366E-5 2.68987E-5 1.23779E-4 4.08813E-5 1.01678E-4 2.0695E-5 2.22585E-5 3.05036E-5 2.27078E-5 2.81473E-5 2.886E-5 2.47586E-5 3.2224E-5 1.58766E-5 4.58676E-5 5.79959E-5 8.90729E-5 5.7892E-5
-9999 -9999 -9999 -9999 -9999 -9999 -9999 -9999 -9999 -9999 -9999 -9999 -9999 -9999 -9999 -9999 -9999 -9999 -9999 -9999 -9999 -9999 -9999 -9999 1.77588E-5 2.00616E-5 2.23022E-5 2.92702E-5 3.08713E-5 2.86279E-5 2.6433E-5 2.53967E-5 2.43185E-5 2.38231E-5 1.95648E-5 2.09433E-5 1.53992E-5 8.63886E-6 6.42224E-6 4.72669E-6 6.32226E-6 -9999 6.19623E-6 4.65082E-6 7.06582E-6 7.33662E-6 3.81377E-5 8.94863E-5 1.00005E-4 3.27512E-5 3.4322E-5 3.71249E-5 3.0854E-5 1.14505E-4 8.69145E-5 3.36745E-5 3.37438E-5 3.7057E-5 2.44239E-5 1.47718E-5 2.01144E-5 4.36103E-5 4.43277E-5 4.90435E-5 4.9288E-5
-9999 -9999 -9999 -9999 -9999 -9999 -9999 -9999 -9999 -9999 -9999 -9999 -9999 -9999 -9999 -9999 -9999 -9999 -9999 -9999 -9999 -9999 -9999 -9999 -9999 -9999 1.46589E-5 2.15008E-5 2.35181E-5 2.44115E-5 2.54581E-5 2.04781E-5 2.39655E-5 2.35714E-5 2.27883E-5 1.93528E-5 1.38925E-5 7.72586E-6 -9999 -9999 6.47889E-6 -9999 5.60056E-6 7.19144E-6 7.81536E-6 5.56178E-5 1.49168E-5 1.54502E-4 1.56963E-4 6.25497E-5 6.49899E-5 6.64787E-5 6.96912E-5 1.47696E-4 1.14635E-4 1.74127E-4 1.27925E-4 1.01263E-4 3.01718E-5 1.87487E-5 4.83628E-5 3.94482E-5 5.13834E-5 6.51563E-5 1.72004E-5
-9999 -9999 -9999 -9999 -9999 -9999 -9999 -9999 -9999 -9999 -9999 -9999 -9999 -9999 -9999 -9999 -9999 -9999 -9999 -9999 -9999 -9999 -9999 -9999 -9999 -9999 -9999 -9999 1.81549E-5 1.83373E-5 1.83122E-5 1.85565E-5 1.84442E-5 1.84185E-5 1.86297E-5 -9999 -9999 -9999 -9999 -9999 -9999 1.00329E-5 1.0739E-5 1.12317E-5 1.27191E-5 1.37588E-5 1.74461E-5 6.46154E-5 6.76726E-5 7.75239E-5 8.1026E-5 8.54086E-5 8.33479E-5 2.12353E-4 1.66525E-4 1.85209E-4 1.23425E-4 1.05349E-4 1.51769E-5 6.66001E-5 7.05384E-5 5.85409E-5 4.78857E-5 3.12601E-5 1.4753E-5
-9999 -9999 -9999 -9999 -9999 -9999 -9999 -9999 -9999 -9999 -9999 -9999 -9999 -9999 -9999 -9999 -9999 -9999 -9999 -9999 -9999 -9999 -9999 -9999 -9999 -9999 -9999 -9999 -9999 -9999 -9999 -9999 1.21495E-5 1.20112E-5 -9999 -9999 -9999 -9999 -9999 -9999 8.81435E-6 1.08373E-5 1.09466E-5 2.99443E-5 3.38459E-5 1.30887E-5 1.98762E-5 7.0446E-5 7.35191E-5 8.53169E-5 8.89634E-5 8.80764E-5 8.66426E-5 6.65611E-5 1.76958E-4 4.86398E-5 1.27742E-4 2.45762E-5 2.28935E-5 8.53112E-5 6.8934E-5 1.80003E-5 5.88939E-5 4.13188E-5 9.64428E-6
-9999 -9999 -9999 -9999 -9999 -9999 -9999 -9999 -9999 -9999 -9999 -9999 -9999 -9999 -9999 -9999 -9999 -9999 -9999 -9999 -9999 -9999 -9999 -9999 -9999 -9999 -9999 -9999 -9999 -9999 -9999 -9999 -9999 -9999 -9999 -9999 -9999 -9999 -9999 -9999 6.65663E-6 2.36284E-5 3.82032E-5 1.64959E-5 4.56684E-5 1.34691E-5 7.33407E-5 2.37019E-5 7.57947E-5 8.3799E-5 8.5749E-5 8.66682E-5 2.22203E-4 2.08174E-4 2.15902E-4 5.06514E-5 6.15556E-5 2.53202E-5 1.8899E-5 5.41252E-5 5.21713E-5 5.47511E-5 2.57463E-5 2.69473E-5 9.34611E-6
-9999 -9999 -9999 -9999 -9999 -9999 -9999 -9999 -9999 -9999 -9999 -9999 -9999 -9999 -9999 -9999 -9999 -9999 -9999 -9999 -9999 -9999 -9999 -9999 -9999 -9999 -9999 -9999 -9999 -9999 -9999 -9999 -9999 -9999 -9999 -9999 -9999 -9999 -9999 1.14281E-5 1.1874E-5 8.84281E-6 6.54903E-5 7.15204E-5 2.34091E-5 2.2275E-5 2.27725E-5 3.24604E-5 3.22614E-5 7.69072E-5 7.8181E-5 7.93195E-5 8.03408E-5 9.01457E-5 1.32852E-4 3.70476E-5 2.10753E-5 4.85363E-5 2.01213E-5 2.20457E-5 1.19992E-5 8.11834E-6 6.60518E-6 1.20672E-5 1.41526E-5
-9999 -9999 -9999 -9999 -9999 -9999 -9999 -9999 -9999 -9999 -9999 -9999 -9999 -9999 -9999 -9999 -9999 -9999 -9999 -9999 -9999 -9999 -9999 -9999 -9999 -9999 -9999 -9999 -9999 -9999 -9999 -9999 -9999 -9999 -9999 -9999 8.69082E-6 7.60966E-6 2.28538E-5 8.12419E-6 4.21982E-5 3.62806E-5 1.55065E-5 6.08055E-5 7.33538E-5 2.40774E-5 3.4432E-5 5.09679E-5 5.26249E-5 3.84011E-5 3.81342E-5 5.45264E-5 2.82898E-4 5.63234E-5 4.12682E-5 3.86385E-5 5.86394E-5 1.62341E-5 1.44173E-5 1.01539E-5 6.44793E-6 6.43603E-6 9.63788E-6 1.38107E-5 2.49185E-5
-9999 -9999 -9999 -9999 -9999 -9999 -9999 -9999 -9999 -9999 -9999 -9999 -9999 -9999 -9999 -9999 -9999 -9999 -9999 -9999 -9999 -9999 -9999 -9999 -9999 -9999 -9999 -9999 -9999 -9999 -9999 -9999 -9999 1.08906E-5 9.96572E-6 9.56158E-6 7.85849E-6 2.69453E-5 1.37952E-5 1.02414E-5 1.65007E-5 1.40972E-5 6.12853E-5 1.99985E-5 7.05473E-5 2.0164E-5 6.31339E-5 5.26583E-5 6.51563E-5 5.52537E-5 3.94359E-5 4.11488E-5 3.5904E-5 3.1916E-5 2.9234E-5 2.84267E-5 1.32175E-5 1.34818E-5 9.71732E-6 8.55899E-6 8.05355E-6 1.1614E-5 1.37189E-5 1.4297E-5 1.20533E-5
-9999 -9999 -9999 -9999 -9999 -9999 -9999 -9999 -9999 -9999 -9999 -9999 -9999 -9999 -9999 -9999 -9999 -9999 -9999 -9999 -9999 -9999 -9999 -9999 -9999 6.73312E-6 1.05865E-5 1.04805E-5 -9999 1.25187E-5 1.20288E-5 1.0525E-5 7.50371E-6 1.16242E-5 9.9651E-6 1.10892E-5 2.98877E-5 4.99469E-5 6.64324E-5 2.1635E-5 2.64819E-5 2.35828E-5 2.39978E-5 2.6212E-5 2.2418E-5 6.10085E-5 8.94094E-5 5.38902E-5 5.66683E-5 5.05029E-5 3.13528E-5 3.04184E-5 3.06455E-5 2.95874E-5 8.10422E-5 2.03552E-5 1.39881E-5 1.71349E-5 9.65606E-6 1.24503E-5 1.21615E-5 1.39476E-5 1.44381E-5 -9999 3.7706E-6
-9999 -9999 -9999 -9999 -9999 -9999 -9999 -9999 -9999 -9999 -9999 -9999 -9999 -9999 -9999 -9999 -9999 -9999 -9999 -9999 -9999 -9999 -9999 -9999 -9999 -9999 7.27717E-6 1.04865E-5 1.12394E-5 1.22592E-5 1.10467E-5 8.01392E-6 9.04096E-6 1.03837E-5 1.20864E-5 1.50934E-5 1.33918E-5 2.21501E-5 4.29134E-5 3.08995E-5 3.30157E-5 3.24609E-5 3.28606E-5 2.99139E-5 2.81417E-5 2.42926E-5 3.84453E-5 2.97719E-5 3.31078E-5 3.87326E-5 3.43686E-5 3.08396E-5 2.52967E-5 2.49339E-5 2.45918E-5 2.4066E-5 1.41315E-5 1.14126E-5 9.27192E-6 9.70638E-6 1.71964E-5 1.47754E-5 1.35567E-5 -9999 8.09072E-6
-9999 -9999 -9999 -9999 -9999 -9999 -9999 -9999 -9999 -9999 -9999 -9999 -9999 -9999 -9999 -9999 -9999 -9999 -9999 -9999 -9999 -9999 -9999 -9999 -9999 -9999 7.11523E-6 5.46064E-6 7.54319E-6 6.70049E-6 2.73182E-5 2.83244E-5 1.6605E-5 2.09537E-5 2.24507E-5 1.85917E-5 1.80759E-5 2.22069E-5 5.17621E-5 1.44742E-4 5.1652E-5 5.48182E-5 5.36987E-5 5.07167E-5 4.26996E-5 3.63044E-5 2.57051E-5 3.10723E-5 3.75241E-5 3.48271E-5 3.18933E-5 2.63227E-5 2.57492E-5 2.51289E-5 2.70629E-5 1.85429E-5 1.68467E-5 1.6787E-5 1.35442E-5 1.41724E-5 1.8016E-5 1.52657E-5 1.24589E-5 -9999 -9999
-9999 -9999 -9999 -9999 -9999 -9999 -9999 -9999 -9999 -9999 -9999 -9999 -9999 -9999 -9999 -9999 -9999 -9999 -9999 -9999 -9999 -9999 -9999 -9999 -9999 -9999 -9999 6.71467E-6 6.80789E-6 1.30883E-5 3.2574E-5 3.25971E-5 5.32965E-5 1.92801E-5 1.74999E-5 1.81962E-5 2.02878E-5 2.08739E-5 5.49033E-5 5.54948E-5 5.52365E-5 5.71201E-5 5.20711E-5 5.24611E-5 1.4682E-4 1.00932E-4 2.6483E-5 3.14255E-5 1.05193E-4 3.21892E-5 2.65337E-5 2.65203E-5 2.83904E-5 3.06918E-5 5.69812E-5 1.24322E-5 9.12981E-6 1.21603E-5 5.72756E-5 1.48438E-5 1.50169E-5 1.36155E-5 -9999 -9999 -9999
-9999 -9999 -9999 -9999 -9999 -9999 -9999 -9999 -9999 -9999 -9999 -9999 -9999 -9999 -9999 -9999 -9999 -9999 -9999 -9999 -9999 -9999 -9999 -9999 -9999 -9999 -9999 -9999 1.1036E-5 1.3054E-5 1.61832E-5 5.24752E-5 5.91463E-5 1.41598E-5 1.28698E-5 1.2856E-5 1.99773E-5 2.81613E-5 2.83639E-5 9.98067E-5 4.40367E-5 5.34759E-5 5.38536E-5 3.52116E-5 1.24052E-4 2.99154E-5 4.48133E-5 3.42142E-5 3.85214E-5 3.45084E-5 3.29319E-5 2.97559E-5 3.41314E-5 3.98642E-5 1.91615E-5 1.20565E-5 9.63159E-6 1.42096E-5 1.81919E-5 1.45488E-5 1.15508E-5 1.05592E-5 -9999 -9999 -9999
-9999 -9999 -9999 -9999 -9999 -9999 -9999 -9999 -9999 -9999 -9999 -9999 -9999 -9999 -9999 -9999 -9999 -9999 -9999 -9999 -9999 -9999 -9999 -9999 -9999 -9999 -9999 -9999 -9999 1.55768E-5 1.60048E-5 1.62924E-5 1.18804E-5 4.69372E-5 1.12845E-5 1.28486E-5 6.93934E-5 6.51215E-5 5.36372E-5 1.10752E-5 2.61434E-5 2.99652E-5 2.37098E-5 2.83569E-5 7.05892E-5 7.73009E-5 3.73077E-5 4.82378E-5 4.57166E-5 1.19433E-4 4.74857E-5 4.62687E-5 4.23246E-5 2.58243E-5 2.45287E-5 1.57342E-5 8.76745E-6 1.33657E-5 1.4496E-5 9.6659E-6 9.28223E-6 9.03835E-6 -9999 -9999 -9999
-9999 -9999 -9999 -9999 -9999 -9999 -9999 -9999 -9999 -9999 -9999 -9999 -9999 -9999 -9999 -9999 -9999 -9999 -9999 -9999 -9999 -9999 -9999 -9999 -9999 -9999 -9999 -9999 -9999 -9999 1.45806E-5 1.09177E-5 3.49721E-5 5.75104E-5 4.0879E-5 2.76032E-5 6.59659E-5 9.07535E-5 7.41883E-5 3.28669E-5 3.29617E-5 3.51558E-5 6.43996E-5 5.34772E-5 6.09822E-5 1.00739E-4 1.14174E-4 4.18753E-5 3.27754E-5 3.80117E-5 3.82656E-5 3.5627E-5 8.52877E-5 6.53091E-5 5.14468E-5 1.34939E-5 1.09104E-5 7.59539E-6 1.28723E-5 2.5764E-5 8.39191E-6 7.71487E-6 -9999 -9999 -9999
-9999 -9999 -9999 -9999 -9999 -9999 -9999 -9999 -9999 -9999 -9999 -9999 -9999 -9999 -9999 -9999 -9999 -9999 -9999 -9999 -9999 -9999 -9999 -9999 -9999 -9999 -9999 -9999 -9999 -9999 -9999 -9999 2.53721E-6 1.5247E-5 1.23756E-5 3.21751E-5 3.77255E-5 5.91583E-5 5.93794E-5 5.20161E-5 5.68526E-5 4.16562E-5 5.00039E-5 1.95634E-5 2.14423E-5 7.65673E-5 9.48459E-5 3.57844E-5 3.8047E-5 3.78307E-5 3.26798E-5 9.09661E-5 7.56637E-5 2.16146E-5 2.64789E-5 2.06774E-5 2.34428E-5 1.46206E-5 1.40351E-5 1.35863E-5 1.24923E-5 9.37991E-6 -9999 -9999 -9999
-9999 -9999 -9999 -9999 -9999 -9999 -9999 -9999 -9999 -9999 -9999 -9999 -9999 -9999 -9999 -9999 -9999 -9999 -9999 -9999 -9999 -9999 -9999 -9999 -9999 -9999 -9999 -9999 -9999 -9999 -9999 -9999 -9999 9.21273E-6 6.6823E-6 4.46222E-5 3.83641E-5 2.7629E-5 3.53994E-5 5.47727E-5 6.529E-5 6.49736E-5 7.36402E-5 1.42718E-4 4.16873E-5 1.44271E-4 1.7537E-4 1.12173E-4 3.71972E-5 4.46896E-5 2.54297E-5 1.10904E-4 5.06903E-5 1.59271E-5 3.04243E-5 4.50868E-5 2.26321E-5 1.82261E-5 1.52759E-5 2.51408E-5 2.02751E-5 1.8725E-5 3.80303E-5 -9999 -9999
