catData/rasterBestHybridModels/Prubiginosus/RD_RM1.5_H/Prubiginosus_avg.asc
ncols         409
nrows         350
xllcorner     60.897278365
yllcorner     5.843756025
cellsize      0.0892857
NODATA_value  -9999
[rows 145 to 173 of 350, columns 65 to 129 of 409]
-9999 -9999 -9999 -9999 -9999 -9999 -9999 3.89579E-5 4.55933E-5 1.81716E-5 2.06757E-5 5.17406E-5 3.63912E-5 3.52498E-5 1.84242E-5 1.83026E-5 1.61475E-5 1.44665E-5 1.95581E-5 2.66173E-5 2.49487E-5 1.64136E-5 2.12411E-5 2.18972E-5 1.70942E-5 1.95439E-5 2.08891E-5 3.07894E-5 4.44062E-5 4.5952E-5 3.40663E-5 3.39236E-5 4.64428E-5 4.66357E-5 3.38392E-5 2.87225E-5 2.30488E-5 2.18867E-5 3.76922E-5 3.57483E-5 3.75604E-5 3.92683E-5 4.28524E-5 6.05056E-5 6.04148E-5 5.91643E-5 5.21119E-5 4.30539E-5 3.50041E-5 4.39968E-5 5.07925E-5 6.87361E-5 1.34567E-4 3.0839E-4 4.87392E-5 4.06089E-5 4.08902E-5 1.13545E-4 1.40904E-4 5.45732E-5 1.54392E-4 8.46636E-5 3.27707E-4 1.12451E-4 1.77501E-5
-9999 -9999 -9999 -9999 -9999 -9999 -9999 -9999 3.79459E-5 2.36235E-5 3.51119E-5 3.57401E-5 3.16423E-5 1.31339E-5 1.29458E-5 1.25685E-5 1.18666E-5 1.28023E-5 1.64855E-5 1.873E-5 2.53315E-5 2.55512E-5 2.6148E-5 1.86207E-5 2.47372E-5 1.80271E-5 1.79481E-5 2.51573E-5 3.1542E-5 4.38577E-5 3.24148E-5 2.83763E-5 3.31623E-5 4.62333E-5 4.7321E-5 3.25448E-5 2.28062E-5 2.12318E-5 2.01052E-5 3.88929E-5 4.90422E-5 5.51906E-5 5.53381E-5 5.79897E-5 5.77575E-5 5.70076E-5 5.57702E-5 4.74278E-5 3.45683E-5 3.57438E-5 4.85687E-5 6.62444E-5 1.31488E-4 1.10695E-4 3.06521E-5 1.16369E-4 1.41313E-4 5.20807E-5 1.56096E-4 4.26971E-5 1.10491E-4 9.40324E-5 1.02591E-4 1.39416E-4 4.51491E-5
-9999 -9999 -9999 -9999 -9999 -9999 -9999 -9999 -9999 2.43761E-5 2.3851E-5 2.54667E-5 2.42718E-5 1.19075E-5 1.19147E-5 1.17966E-5 1.17889E-5 -9999 1.30138E-5 1.61478E-5 1.83441E-5 2.62827E-5 2.79629E-5 4.55397E-5 3.29353E-5 2.14046E-5 1.93626E-5 2.62556E-5 3.17263E-5 4.17537E-5 2.9341E-5 2.2185E-5 3.01919E-5 4.49553E-5 5.18663E-5 3.81481E-5 3.1024E-5 2.93191E-5 2.97564E-5 3.03799E-5 6.13136E-5 8.15498E-5 7.86855E-5 7.82221E-5 7.96115E-5 4.16814E-5 3.91003E-5 4.51444E-5 4.42822E-5 4.53643E-5 4.78703E-5 1.18921E-4 1.12322E-4 1.11272E-4 4.26995E-5 5.16114E-5 5.65464E-5 1.7534E-4 4.6111E-5 2.2861E-4 2.57639E-4 2.57981E-4 1.25095E-4 1.38011E-4 2.41396E-5
-9999 -9999 -9999 -9999 -9999 -9999 -9999 -9999 -9999 -9999 2.13171E-5 -9999 1.17374E-5 -9999 1.23057E-5 1.22293E-5 2.72659E-5 1.21808E-5 1.21711E-5 1.29727E-5 1.63386E-5 1.90984E-5 -9999 4.73256E-5 3.54747E-5 2.80681E-5 2.41214E-5 3.30559E-5 4.54645E-5 4.3851E-5 3.0676E-5 2.95136E-5 3.01793E-5 4.43701E-5 4.99736E-5 5.33152E-5 4.61016E-5 4.04484E-5 4.25457E-5 4.37829E-5 4.43159E-5 7.98894E-5 5.4092E-5 5.52254E-5 7.75353E-5 5.53062E-5 5.43146E-5 6.36461E-5 5.6215E-5 5.40128E-5 5.55041E-5 1.10055E-4 9.26287E-5 9.29779E-5 9.48321E-5 5.21816E-5 6.36879E-5 4.82639E-5 8.18859E-5 2.28239E-4 2.20525E-4 1.97669E-4 9.61635E-5 1.39554E-4 1.07132E-4
-9999 -9999 -9999 -9999 -9999 -9999 -9999 -9999 -9999 -9999 -9999 -9999 -9999 -9999 -9999 -9999 -9999 1.23396E-5 1.34057E-5 1.66173E-5 -9999 4.71276E-5 4.82482E-5 4.98356E-5 5.05278E-5 3.59803E-5 3.42938E-5 3.43776E-5 4.63426E-5 4.50541E-5 4.3662E-5 4.32045E-5 4.32066E-5 4.32713E-5 3.23305E-5 4.46618E-5 3.12976E-5 2.68366E-5 2.72539E-5 2.87799E-5 3.96949E-5 3.79639E-5 7.20517E-5 7.29668E-5 7.25823E-5 3.72444E-5 5.13681E-5 4.06598E-5 5.16074E-5 4.38031E-5 4.44517E-5 9.17094E-5 9.22298E-5 1.10986E-4 8.4204E-5 5.76836E-5 6.69041E-5 1.20396E-4 8.12095E-5 2.2799E-4 2.57731E-4 1.91044E-4 8.89353E-5 1.36628E-4 1.23183E-4
-9999 -9999 -9999 -9999 -9999 -9999 -9999 -9999 -9999 -9999 -9999 -9999 -9999 -9999 -9999 -9999 -9999 1.24876E-5 1.47372E-5 -9999 4.72517E-5 4.92192E-5 5.1337E-5 3.88508E-5 5.44633E-5 3.98788E-5 5.07219E-5 4.74633E-5 4.51278E-5 4.36219E-5 3.0879E-5 4.17608E-5 4.13373E-5 4.09471E-5 2.96836E-5 4.11612E-5 2.99148E-5 2.40031E-5 1.99888E-5 2.76682E-5 3.83765E-5 2.71602E-5 3.68197E-5 3.64908E-5 3.67012E-5 4.60249E-5 5.99618E-5 5.17661E-5 4.31189E-5 4.36014E-5 1.07965E-4 1.12091E-4 1.13418E-4 1.23091E-4 1.41829E-4 6.70454E-5 1.33419E-4 1.1097E-4 9.21969E-5 9.16456E-5 9.16696E-5 5.49542E-5 4.68682E-5 1.29403E-4 1.30106E-4
-9999 -9999 -9999 -9999 -9999 -9999 -9999 -9999 -9999 -9999 -9999 -9999 -9999 -9999 -9999 -9999 -9999 -9999 -9999 -9999 4.79865E-5 5.24332E-5 5.59085E-5 4.23778E-5 5.79017E-5 5.65691E-5 5.22649E-5 3.55589E-5 4.50951E-5 4.28732E-5 4.14942E-5 4.03085E-5 2.84906E-5 3.87853E-5 2.80941E-5 3.92105E-5 3.98133E-5 2.85215E-5 2.03373E-5 2.71469E-5 3.76021E-5 3.80949E-5 3.79869E-5 3.3982E-5 3.22315E-5 6.11946E-5 5.13119E-5 5.07161E-5 3.47993E-5 4.18986E-5 5.89308E-5 4.96326E-5 5.01542E-5 1.43605E-4 1.07769E-4 7.02596E-5 1.00086E-4 1.22222E-4 8.1096E-5 6.73417E-5 1.11037E-4 1.1655E-4 1.6105E-4 1.30914E-4 1.18851E-4
-9999 -9999 -9999 -9999 -9999 -9999 -9999 -9999 -9999 -9999 -9999 -9999 -9999 -9999 -9999 -9999 -9999 -9999 -9999 -9999 4.84298E-5 5.35531E-5 5.57305E-5 4.1054E-5 3.99334E-5 5.65611E-5 5.57085E-5 3.71959E-5 4.66284E-5 3.25829E-5 4.21727E-5 3.95883E-5 3.77209E-5 3.66662E-5 2.66981E-5 2.72631E-5 3.78937E-5 2.74994E-5 1.98457E-5 2.60144E-5 3.62007E-5 3.84872E-5 2.70979E-5 2.58309E-5 2.82428E-5 3.83138E-5 5.06971E-5 6.01755E-5 4.34505E-5 4.673E-5 6.8085E-5 7.19613E-5 1.08294E-4 1.51168E-4 1.52346E-4 1.5428E-4 1.11881E-4 6.63692E-5 3.99581E-5 9.21197E-5 4.63486E-5 2.70442E-4 1.30322E-4 1.348E-4 9.8101E-5
-9999 -9999 -9999 -9999 -9999 -9999 -9999 -9999 -9999 -9999 -9999 -9999 -9999 -9999 -9999 -9999 -9999 -9999 -9999 -9999 3.52796E-5 5.1545E-5 5.35819E-5 5.32943E-5 5.29005E-5 5.51931E-5 5.64898E-5 3.99185E-5 5.01672E-5 3.47558E-5 3.14675E-5 3.1307E-5 3.56688E-5 3.16295E-5 3.5105E-5 3.87815E-5 3.77486E-5 2.66473E-5 2.52695E-5 2.2396E-5 2.17707E-5 3.13493E-5 3.23879E-5 2.80031E-5 2.78382E-5 6.25834E-5 6.20622E-5 6.6293E-5 3.96253E-5 6.91254E-5 1.44172E-4 1.47579E-4 1.48063E-4 1.47279E-4 1.4683E-4 1.47735E-4 1.49249E-4 1.50079E-4 1.33135E-4 5.66259E-5 1.58887E-4 2.93666E-4 2.0825E-4 1.29441E-4 1.05573E-4
-9999 -9999 -9999 -9999 -9999 -9999 -9999 -9999 -9999 -9999 -9999 -9999 -9999 -9999 -9999 -9999 -9999 -9999 -9999 -9999 -9999 -9999 5.04164E-5 5.22018E-5 5.30367E-5 5.39851E-5 5.5487E-5 5.7747E-5 5.83996E-5 5.24647E-5 3.53475E-5 3.16119E-5 2.49555E-5 1.98784E-5 2.44634E-5 2.57046E-5 3.33094E-5 3.40875E-5 3.12273E-5 3.09153E-5 2.61797E-5 2.62402E-5 2.679E-5 2.73535E-5 2.66625E-5 4.3474E-5 4.72042E-5 7.49023E-5 6.79197E-5 1.01576E-4 1.00361E-4 9.84878E-5 9.85687E-5 1.00742E-4 9.30273E-5 8.78207E-5 8.93848E-5 1.2264E-4 1.23343E-4 1.22617E-4 1.04312E-4 2.80081E-4 2.75731E-4 1.42155E-4 3.68126E-5
-9999 -9999 -9999 -9999 -9999 -9999 -9999 -9999 -9999 -9999 -9999 -9999 -9999 -9999 -9999 -9999 -9999 -9999 -9999 -9999 -9999 3.47928E-5 5.06214E-5 5.24435E-5 5.29147E-5 5.39267E-5 5.5117E-5 5.60858E-5 5.81863E-5 5.78899E-5 5.37116E-5 4.77026E-5 3.75888E-5 3.08777E-5 2.30115E-5 2.98954E-5 2.80682E-5 2.45891E-5 2.77167E-5 2.6174E-5 2.50783E-5 2.17358E-5 2.17705E-5 2.21793E-5 2.5258E-5 1.83128E-5 4.12459E-5 3.84052E-5 1.10297E-4 1.19944E-4 1.00383E-4 7.81702E-5 6.06234E-5 6.21492E-5 6.27773E-5 6.4768E-5 7.37591E-5 1.00597E-4 1.01509E-4 1.22365E-4 1.35585E-4 3.32241E-4 1.77341E-4 6.21921E-5 1.84865E-5
-9999 -9999 -9999 -9999 -9999 -9999 -9999 -9999 -9999 -9999 -9999 -9999 -9999 -9999 -9999 -9999 -9999 -9999 -9999 -9999 -9999 -9999 -9999 5.12567E-5 3.91362E-5 5.56449E-5 5.81019E-5 5.93019E-5 4.3429E-5 4.08725E-5 5.10737E-5 5.03554E-5 4.45467E-5 3.05032E-5 2.57956E-5 2.66661E-5 2.81656E-5 2.92619E-5 2.78106E-5 3.05752E-5 2.2257E-5 2.08713E-5 1.80348E-5 2.26705E-5 3.02009E-5 2.50621E-5 3.4089E-5 4.33958E-5 9.14514E-5 2.84655E-4 1.13783E-4 2.20363E-4 6.18342E-5 7.07382E-5 7.59444E-5 7.42592E-5 1.01404E-4 1.00971E-4 7.43941E-5 1.02936E-4 5.03284E-5 1.17938E-4 1.06616E-4 1.78409E-4 1.16009E-4
-9999 -9999 -9999 -9999 -9999 -9999 -9999 -9999 -9999 -9999 -9999 -9999 -9999 -9999 -9999 -9999 -9999 -9999 -9999 -9999 -9999 -9999 -9999 -9999 5.33367E-5 5.47365E-5 5.57955E-5 5.90775E-5 5.84247E-5 5.51807E-5 5.17873E-5 5.06339E-5 4.93772E-5 4.85808E-5 3.5597E-5 4.07736E-5 3.55783E-5 2.96675E-5 2.6839E-5 1.90262E-5 1.94982E-5 -9999 1.94702E-5 1.87362E-5 5.02225E-5 5.05344E-5 1.18475E-4 2.34909E-4 2.55983E-4 9.62044E-5 9.813E-5 1.00312E-4 7.50644E-5 2.64204E-4 2.06427E-4 1.03715E-4 1.04091E-4 8.9111E-5 7.46393E-5 4.98296E-5 4.87491E-5 1.16146E-4 1.12601E-4 1.2055E-4 1.28076E-4
-9999 -9999 -9999 -9999 -9999 -9999 -9999 -9999 -9999 -9999 -9999 -9999 -9999 -9999 -9999 -9999 -9999 -9999 -9999 -9999 -9999 -9999 -9999 -9999 -9999 -9999 3.67813E-5 5.38533E-5 5.4942E-5 5.27116E-5 5.07168E-5 3.64129E-5 4.87382E-5 4.82912E-5 4.77105E-5 4.4673E-5 3.84442E-5 2.34795E-5 -9999 -9999 2.36393E-5 -9999 3.74755E-5 5.10585E-5 5.11916E-5 1.24788E-4 4.55124E-5 3.00041E-4 2.91642E-4 1.22334E-4 1.24363E-4 1.26533E-4 1.28629E-4 2.78983E-4 2.27608E-4 3.51153E-4 2.47349E-4 2.63628E-4 1.02496E-4 4.82583E-5 1.18082E-4 8.74843E-5 1.03443E-4 1.41082E-4 4.21029E-5
-9999 -9999 -9999 -9999 -9999 -9999 -9999 -9999 -9999 -9999 -9999 -9999 -9999 -9999 -9999 -9999 -9999 -9999 -9999 -9999 -9999 -9999 -9999 -9999 -9999 -9999 -9999 -9999 4.88464E-5 4.90061E-5 4.86301E-5 4.75855E-5 4.62735E-5 4.63876E-5 4.71506E-5 -9999 -9999 -9999 -9999 -9999 -9999 4.87891E-5 6.19695E-5 6.09828E-5 3.60975E-5 3.6252E-5 4.69787E-5 1.20856E-4 1.25017E-4 1.54264E-4 1.58194E-4 1.63342E-4 1.48528E-4 3.86703E-4 3.06759E-4 3.51798E-4 2.76133E-4 2.65958E-4 3.51954E-5 1.49595E-4 1.71845E-4 1.24788E-4 1.03447E-4 8.68388E-5 3.46076E-5
-9999 -9999 -9999 -9999 -9999 -9999 -9999 -9999 -9999 -9999 -9999 -9999 -9999 -9999 -9999 -9999 -9999 -9999 -9999 -9999 -9999 -9999 -9999 -9999 -9999 -9999 -9999 -9999 -9999 -9999 -9999 -9999 3.24016E-5 3.12418E-5 -9999 -9999 -9999 -9999 -9999 -9999 4.57296E-5 6.20051E-5 5.99702E-5 7.43125E-5 7.48699E-5 2.76905E-5 4.80688E-5 1.34917E-4 1.28148E-4 1.58098E-4 1.65332E-4 1.51711E-4 1.42697E-4 1.1771E-4 3.06381E-4 1.11234E-4 2.84213E-4 6.13923E-5 5.33459E-5 1.77434E-4 1.33707E-4 3.97281E-5 1.44585E-4 1.16054E-4 4.63673E-5
-9999 -9999 -9999 -9999 -9999 -9999 -9999 -9999 -9999 -9999 -9999 -9999 -9999 -9999 -9999 -9999 -9999 -9999 -9999 -9999 -9999 -9999 -9999 -9999 -9999 -9999 -9999 -9999 -9999 -9999 -9999 -9999 -9999 -9999 -9999 -9999 -9999 -9999 -9999 -9999 4.76854E-5 1.34541E-4 1.67967E-4 3.23824E-5 8.46946E-5 2.4664E-5 1.16945E-4 5.03719E-5 1.31213E-4 1.39373E-4 1.4442E-4 1.4761E-4 3.20687E-4 3.17767E-4 3.63687E-4 1.12912E-4 1.42737E-4 6.19716E-5 3.9038E-5 1.23911E-4 1.11968E-4 1.38316E-4 1.60046E-4 1.68861E-4 4.79774E-5
-9999 -9999 -9999 -9999 -9999 -9999 -9999 -9999 -9999 -9999 -9999 -9999 -9999 -9999 -9999 -9999 -9999 -9999 -9999 -9999 -9999 -9999 -9999 -9999 -9999 -9999 -9999 -9999 -9999 -9999 -9999 -9999 -9999 -9999 -9999 -9999 -9999 -9999 -9999 6.14354E-5 6.03984E-5 5.1689E-5 1.24241E-4 1.38599E-4 3.7548E-5 3.1103E-5 3.84936E-5 5.40657E-5 5.49696E-5 1.19814E-4 1.2776E-4 1.32263E-4 1.28262E-4 1.49193E-4 2.07932E-4 6.64461E-5 5.35925E-5 1.15803E-4 4.93154E-5 5.41656E-5 7.03235E-5 5.9583E-5 4.43964E-5 7.2926E-5 6.73847E-5
-9999 -9999 -9999 -9999 -9999 -9999 -9999 -9999 -9999 -9999 -9999 -9999 -9999 -9999 -9999 -9999 -9999 -9999 -9999 -9999 -9999 -9999 -9999 -9999 -9999 -9999 -9999 -9999 -9999 -9999 -9999 -9999 -9999 -9999 -9999 -9999 4.52992E-5 5.25933E-5 1.35596E-4 5.05419E-5 1.65584E-4 7.66397E-5 3.52697E-5 1.11743E-4 1.38644E-4 3.80535E-5 5.618E-5 7.07478E-5 7.40145E-5 5.74515E-5 6.73197E-5 7.98044E-5 4.22416E-4 8.03166E-5 6.23876E-5 6.73755E-5 1.20293E-4 7.22158E-5 7.17201E-5 5.10229E-5 4.25193E-5 4.35567E-5 6.22551E-5 7.91507E-5 1.24713E-4
-9999 -9999 -9999 -9999 -9999 -9999 -9999 -9999 -9999 -9999 -9999 -9999 -9999 -9999 -9999 -9999 -9999 -9999 -9999 -9999 -9999 -9999 -9999 -9999 -9999 -9999 -9999 -9999 -9999 -9999 -9999 -9999 -9999 4.62729E-5 4.92815E-5 5.95284E-5 5.17757E-5 1.40127E-4 6.2581E-5 5.31405E-5 3.79781E-5 3.22425E-5 1.10313E-4 3.76582E-5 1.16128E-4 3.07844E-5 1.24088E-4 7.55272E-5 1.00201E-4 8.45715E-5 7.15141E-5 6.30361E-5 8.01978E-5 6.67244E-5 5.83364E-5 5.49134E-5 6.25941E-5 5.27089E-5 6.01862E-5 6.03954E-5 6.07442E-5 7.18907E-5 7.87443E-5 6.40219E-5 5.61937E-5
-9999 -9999 -9999 -9999 -9999 -9999 -9999 -9999 -9999 -9999 -9999 -9999 -9999 -9999 -9999 -9999 -9999 -9999 -9999 -9999 -9999 -9999 -9999 -9999 -9999 3.12862E-5 3.78322E-5 2.98631E-5 -9999 3.30858E-5 4.06236E-5 3.66783E-5 3.02515E-5 5.24359E-5 6.11433E-5 6.35659E-5 1.46488E-4 1.74118E-4 1.92214E-4 7.02528E-5 5.0705E-5 3.59994E-5 3.72625E-5 5.13926E-5 4.41376E-5 8.15297E-5 1.57167E-4 8.00943E-5 7.80607E-5 7.04868E-5 7.21618E-5 5.83695E-5 6.73892E-5 6.15536E-5 1.3384E-4 3.39814E-5 6.33469E-5 7.32679E-5 6.0253E-5 7.15873E-5 7.33776E-5 7.84094E-5 6.37538E-5 -9999 1.60542E-5
-9999 -9999 -9999 -9999 -9999 -9999 -9999 -9999 -9999 -9999 -9999 -9999 -9999 -9999 -9999 -9999 -9999 -9999 -9999 -9999 -9999 -9999 -9999 -9999 -9999 -9999 3.17336E-5 3.75642E-5 3.81823E-5 3.90714E-5 3.58775E-5 3.02616E-5 3.21771E-5 3.31758E-5 3.32899E-5 6.57916E-5 6.06388E-5 7.10023E-5 8.81695E-5 5.11245E-5 6.69437E-5 6.49912E-5 6.6829E-5 6.19733E-5 5.88581E-5 5.13625E-5 6.6908E-5 6.95836E-5 6.49748E-5 9.0809E-5 7.91946E-5 7.2658E-5 5.60049E-5 5.24633E-5 5.00007E-5 4.69428E-5 6.36277E-5 6.16743E-5 6.01792E-5 5.1246E-5 8.60144E-5 6.39996E-5 5.6961E-5 -9999 3.51633E-5
-9999 -9999 -9999 -9999 -9999 -9999 -9999 -9999 -9999 -9999 -9999 -9999 -9999 -9999 -9999 -9999 -9999 -9999 -9999 -9999 -9999 -9999 -9999 -9999 -9999 -9999 3.15822E-5 2.2727E-5 3.19983E-5 2.66727E-5 8.31109E-5 8.36412E-5 4.09909E-5 4.31486E-5 4.46248E-5 3.73664E-5 3.61202E-5 4.31079E-5 1.06994E-4 2.37289E-4 8.24331E-5 1.06367E-4 1.05256E-4 1.02865E-4 8.84951E-5 7.77841E-5 5.95158E-5 7.28561E-5 8.9678E-5 8.07275E-5 7.29824E-5 5.97358E-5 5.96506E-5 5.35043E-5 4.50375E-5 6.70764E-5 5.51953E-5 7.45817E-5 7.28311E-5 7.89534E-5 8.93664E-5 6.69456E-5 5.07539E-5 -9999 -9999
-9999 -9999 -9999 -9999 -9999 -9999 -9999 -9999 -9999 -9999 -9999 -9999 -9999 -9999 -9999 -9999 -9999 -9999 -9999 -9999 -9999 -9999 -9999 -9999 -9999 -9999 -9999 3.12747E-5 2.9746E-5 3.93789E-5 7.58727E-5 7.58651E-5 1.06243E-4 3.3935E-5 3.10717E-5 3.77003E-5 3.77299E-5 4.06464E-5 1.13463E-4 1.16738E-4 1.12004E-4 1.13587E-4 8.25148E-5 1.05515E-4 2.46398E-4 2.08087E-4 4.80523E-5 6.07306E-5 2.65185E-4 7.61587E-5 6.1418E-5 6.08927E-5 5.33532E-5 6.49206E-5 1.30252E-4 4.72858E-5 4.02438E-5 5.32873E-5 2.33906E-4 6.43101E-5 6.45085E-5 5.77468E-5 -9999 -9999 -9999
-9999 -9999 -9999 -9999 -9999 -9999 -9999 -9999 -9999 -9999 -9999 -9999 -9999 -9999 -9999 -9999 -9999 -9999 -9999 -9999 -9999 -9999 -9999 -9999 -9999 -9999 -9999 -9999 3.84676E-5 4.16041E-5 4.66256E-5 1.21708E-4 1.22435E-4 3.7477E-5 3.04445E-5 3.18427E-5 3.53729E-5 6.14863E-5 6.34612E-5 1.86786E-4 9.80906E-5 1.09199E-4 1.09671E-4 6.96777E-5 2.40574E-4 7.78037E-5 9.56324E-5 6.43172E-5 8.97748E-5 8.079E-5 7.85215E-5 5.78894E-5 7.76037E-5 8.82922E-5 7.01525E-5 4.90784E-5 4.69694E-5 7.48296E-5 8.78379E-5 6.36961E-5 4.63339E-5 4.40933E-5 -9999 -9999 -9999
-9999 -9999 -9999 -9999 -9999 -9999 -9999 -9999 -9999 -9999 -9999 -9999 -9999 -9999 -9999 -9999 -9999 -9999 -9999 -9999 -9999 -9999 -9999 -9999 -9999 -9999 -9999 -9999 -9999 4.68923E-5 4.79889E-5 4.66899E-5 3.62491E-5 8.13188E-5 2.4559E-5 3.36651E-5 2.03482E-4 1.85795E-4 1.85285E-4 4.93771E-5 8.41527E-5 8.7323E-5 6.91203E-5 8.42093E-5 1.98704E-4 2.01664E-4 8.57161E-5 1.01963E-4 9.94431E-5 2.10174E-4 1.07747E-4 1.00903E-4 9.23623E-5 6.40904E-5 8.34332E-5 5.73991E-5 4.67656E-5 7.41979E-5 7.9586E-5 5.30125E-5 5.16682E-5 5.16498E-5 -9999 -9999 -9999
-9999 -9999 -9999 -9999 -9999 -9999 -9999 -9999 -9999 -9999 -9999 -9999 -9999 -9999 -9999 -9999 -9999 -9999 -9999 -9999 -9999 -9999 -9999 -9999 -9999 -9999 -9999 -9999 -9999 -9999 4.35705E-5 3.81477E-5 9.85188E-5 9.49039E-5 7.91016E-5 6.97761E-5 1.74649E-4 1.9373E-4 2.20445E-4 1.38138E-4 1.29717E-4 1.31742E-4 1.99305E-4 1.8629E-4 1.93999E-4 2.35713E-4 2.44828E-4 9.35015E-5 8.15876E-5 8.52379E-5 8.67762E-5 8.30272E-5 2.11999E-4 1.95532E-4 1.85404E-4 6.72172E-5 6.46379E-5 4.55819E-5 7.38821E-5 1.62324E-4 6.17765E-5 6.11961E-5 -9999 -9999 -9999
-9999 -9999 -9999 -9999 -9999 -9999 -9999 -9999 -9999 -9999 -9999 -9999 -9999 -9999 -9999 -9999 -9999 -9999 -9999 -9999 -9999 -9999 -9999 -9999 -9999 -9999 -9999 -9999 -9999 -9999 -9999 -9999 1.33197E-5 5.29201E-5 4.24224E-5 1.4899E-4 1.43407E-4 2.163E-4 2.34341E-4 2.166E-4 2.17483E-4 1.74999E-4 1.9075E-4 7.22255E-5 7.38664E-5 2.16059E-4 2.24398E-4 8.36966E-5 8.58732E-5 8.49063E-5 8.17827E-5 2.1244E-4 2.04448E-4 7.41625E-5 8.44948E-5 6.13025E-5 8.24008E-5 6.82822E-5 6.76863E-5 6.73125E-5 6.62659E-5 6.29899E-5 -9999 -9999 -9999
-9999 -9999 -9999 -9999 -9999 -9999 -9999 -9999 -9999 -9999 -9999 -9999 -9999 -9999 -9999 -9999 -9999 -9999 -9999 -9999 -9999 -9999 -9999 -9999 -9999 -9999 -9999 -9999 -9999 -9999 -9999 -9999 -9999 3.70137E-5 2.86257E-5 2.23365E-4 2.04946E-4 1.75377E-4 1.51626E-4 2.20898E-4 2.32372E-4 2.38669E-4 2.21608E-4 2.68973E-4 9.40494E-5 2.62129E-4 2.91448E-4 2.30404E-4 8.46299E-5 9.52528E-5 7.69918E-5 2.43977E-4 1.46579E-4 5.31357E-5 8.70494E-5 1.04201E-4 6.20813E-5 7.1362E-5 5.24576E-5 6.35818E-5 7.31143E-5 7.90683E-5 1.60366E-4 -9999 -9999
