catData/rasterBestHybridModels/Prubiginosus/RD_RM1.5_H/Prubiginosus_max.asc
ncols         409
nrows         350
xllcorner     60.897278365
yllcorner     5.843756025
cellsize      0.0892857
NODATA_value  -9999
[rows 145 to 173 of 350, columns 195 to 259 of 409]
9.96177E-5 9.58438E-5 5.05554E-5 6.61238E-5 7.90142E-5 8.94163E-5 1.35773E-4 2.07209E-4 1.41442E-4 7.97036E-5 1.72906E-4 1.13231E-4 1.29535E-4 8.09385E-5 2.01638E-4 4.46196E-4 6.19618E-5 1.51571E-4 2.21892E-4 5.8523E-5 5.8244E-5 8.74767E-5 6.02826E-5 4.84456E-5 2.49297E-4 7.71207E-5 6.67876E-5 6.05398E-5 7.74406E-5 5.23388E-5 8.04385E-5 1.38991E-4 6.37276E-5 5.3842E-5 6.04253E-5 5.89031E-5 5.59816E-5 7.94409E-5 6.95436E-5 4.98481E-5 7.23647E-5 6.19019E-5 5.12931E-5 1.19174E-4 4.64819E-5 5.43027E-5 5.03536E-5 5.07587E-5 4.89485E-5 5.63381E-5 4.97446E-5 4.68787E-5 5.40921E-5 5.13826E-5 4.11232E-5 4.86756E-5 4.24061E-5 4.31635E-5 5.35506E-5 5.48985E-5 5.59569E-5 5.2039E-5 1.72934E-5 3.24442E-5 3.15065E-5
1.10034E-4 1.03386E-4 5.35628E-5 5.77661E-5 6.24612E-5 2.97287E-5 8.37553E-5 1.09205E-4 1.01606E-4 7.84609E-5 6.06853E-5 6.22256E-5 8.21323E-5 1.93208E-4 1.78801E-4 1.03545E-4 6.85969E-5 4.45156E-4 5.99008E-5 4.92574E-5 1.93843E-5 2.5572E-5 5.22378E-5 5.55291E-5 5.22993E-5 7.82327E-5 8.70233E-5 5.52915E-5 2.62315E-5 1.26721E-4 3.99675E-5 1.05629E-4 5.21132E-5 4.95212E-5 8.83458E-5 5.06461E-5 1.22697E-4 2.04661E-4 1.73179E-4 9.756E-5 5.20074E-5 7.52705E-5 9.27924E-5 2.93474E-5 4.59716E-5 4.74158E-5 1.85554E-5 3.69066E-5 3.60877E-5 3.74789E-5 6.16036E-5 5.73764E-5 5.08666E-5 5.68137E-5 1.51886E-5 5.84402E-5 4.98982E-5 5.67623E-5 6.52354E-5 5.77928E-5 6.87725E-5 5.67729E-5 5.61644E-5 5.61067E-5 5.64034E-5
9.90274E-5 7.33966E-5 3.89317E-4 8.84082E-5 1.15287E-4 1.18147E-4 6.04931E-5 6.25743E-5 4.42237E-5 7.48964E-5 4.44769E-5 6.62911E-5 1.11138E-4 1.33009E-4 6.1554E-5 4.99234E-5 6.34801E-5 1.75942E-4 3.5721E-5 3.6547E-5 9.54504E-5 7.69699E-5 8.80254E-5 5.88259E-5 8.74215E-5 6.29376E-5 6.2493E-5 3.1247E-5 3.38999E-5 8.89272E-5 5.91285E-5 7.10617E-5 7.2257E-5 7.66096E-5 3.9032E-5 7.27439E-5 5.99206E-5 1.16017E-4 6.54632E-5 1.62245E-4 5.1675E-5 6.41801E-5 5.3637E-5 6.28951E-5 7.68849E-5 6.04751E-5 4.68048E-5 2.74784E-5 6.40864E-5 5.80486E-5 6.94469E-5 6.13124E-5 6.23886E-5 8.78733E-5 6.22938E-5 6.22927E-5 5.62113E-5 7.69155E-5 6.04439E-5 6.09822E-5 6.11612E-5 6.01637E-5 5.76572E-5 6.35168E-5 4.25491E-5
2.14215E-4 1.30971E-4 2.1749E-4 1.55138E-4 4.25121E-5 9.42059E-5 3.09349E-5 1.25088E-4 1.05636E-4 5.45505E-5 1.01038E-4 2.0831E-4 1.23388E-4 1.09309E-4 8.82873E-5 1.03101E-4 5.93606E-5 2.16182E-4 5.22493E-5 1.09876E-4 1.61257E-4 5.19634E-5 9.40799E-5 8.67137E-5 5.16812E-5 5.21401E-5 5.33588E-5 5.67123E-5 5.44117E-5 5.58153E-5 2.63013E-4 1.25145E-4 1.42543E-4 7.50785E-5 1.07085E-4 6.68878E-5 9.68833E-5 5.58808E-5 7.74156E-5 1.28184E-4 1.58992E-4 1.04508E-4 1.02096E-4 8.06551E-5 6.88408E-5 9.65447E-5 8.95075E-5 6.3094E-5 6.6165E-5 7.0158E-5 6.84604E-5 6.70368E-5 6.70064E-5 6.70582E-5 6.64741E-5 6.69902E-5 6.77317E-5 6.78705E-5 6.71612E-5 6.60422E-5 6.45262E-5 6.70126E-5 5.64402E-5 4.12551E-5 3.93111E-5
1.64946E-4 1.51065E-4 1.38511E-4 1.1901E-4 8.36597E-5 1.61973E-4 1.1681E-4 1.16677E-4 6.22485E-5 7.39326E-5 2.1827E-4 6.42743E-5 6.64639E-5 8.54184E-5 5.94238E-5 5.66426E-5 6.6971E-5 1.65064E-4 1.17587E-4 1.04418E-4 1.78383E-4 6.67411E-5 5.14511E-5 2.14643E-5 4.50254E-5 5.16954E-5 7.60365E-5 5.33538E-5 5.46929E-5 1.14915E-4 8.86568E-5 1.45601E-4 1.38538E-4 9.53405E-5 1.15684E-4 1.34842E-4 1.73337E-4 8.37028E-5 6.98278E-5 9.02541E-5 1.04997E-4 8.25131E-5 9.98833E-5 2.02331E-4 2.95321E-4 1.52099E-4 1.12885E-4 1.29427E-4 7.15476E-5 6.63105E-5 7.58606E-5 9.12024E-5 2.30458E-4 8.35172E-5 7.24486E-5 9.82321E-5 7.35688E-5 9.90067E-5 7.04271E-5 7.17485E-5 6.68013E-5 6.35118E-5 1.14434E-4 4.44036E-5 6.72025E-5
3.45753E-4 1.00859E-4 1.66619E-4 1.34789E-4 6.63457E-5 2.28093E-4 1.68337E-4 8.89024E-5 2.7802E-5 1.01139E-4 1.01379E-4 1.14146E-4 8.43165E-5 1.76568E-4 9.84262E-5 7.4691E-5 1.49061E-4 1.81547E-4 1.34946E-4 2.64147E-5 5.21339E-5 5.33152E-5 4.43055E-5 4.87562E-5 4.65252E-5 5.46288E-5 2.77112E-5 5.16667E-5 7.09576E-5 7.59243E-5 1.57853E-4 8.74567E-5 7.37237E-5 1.0988E-4 1.80703E-4 1.99478E-4 1.71246E-4 1.24538E-4 1.31143E-4 1.1675E-4 7.52287E-5 7.20528E-5 1.69898E-4 1.52435E-4 1.41055E-4 1.31246E-4 1.18391E-4 1.78365E-4 1.41871E-4 1.82973E-4 7.56423E-5 1.54495E-4 6.75719E-5 7.30271E-5 1.15501E-4 9.15675E-5 7.76288E-5 8.25801E-5 1.80119E-4 7.44557E-5 7.05734E-5 6.61766E-5 8.95753E-5 7.08379E-5 9.97236E-5
1.35476E-4 1.59297E-4 2.22526E-4 1.7279E-4 2.26919E-4 8.9808E-5 1.30488E-4 8.76058E-5 8.76887E-5 1.26258E-4 2.07898E-4 1.3511E-4 1.26678E-4 1.16916E-4 8.35661E-5 8.17864E-5 7.97699E-5 1.15251E-4 1.04579E-4 5.66101E-5 1.67119E-5 5.14251E-5 5.02349E-5 7.16038E-5 6.52204E-5 1.01639E-4 5.46209E-5 5.0601E-5 5.05375E-5 2.00969E-4 1.40205E-4 2.65232E-4 1.95984E-4 7.12598E-5 9.60805E-5 1.26427E-4 2.85377E-4 1.22736E-4 8.13218E-5 8.98012E-5 9.21357E-5 9.45077E-5 1.45712E-4 1.48292E-4 1.47002E-4 2.13496E-4 1.41186E-4 1.33157E-4 1.01871E-4 1.11494E-4 6.3879E-5 5.85575E-5 9.5859E-5 7.12851E-5 7.91126E-5 7.58384E-5 6.9435E-5 8.14476E-5 8.48478E-5 8.04959E-5 7.07001E-5 7.10768E-5 1.06624E-4 1.21331E-4 9.72583E-5
1.93231E-4 5.51311E-5 9.33727E-5 2.50721E-4 2.44826E-4 1.89052E-4 9.90793E-5 1.98028E-4 1.26296E-4 8.3181E-5 1.30589E-4 9.62312E-5 1.35864E-4 9.84842E-5 2.99464E-4 1.86253E-4 1.37901E-4 7.04086E-5 1.33043E-4 2.08023E-4 5.59541E-5 7.33628E-5 6.58808E-5 5.75175E-5 1.31745E-4 7.05952E-5 8.7821E-5 4.86201E-5 7.7183E-5 5.87281E-5 7.51741E-5 3.06972E-4 3.44445E-4 5.99266E-5 1.8629E-4 6.82746E-5 1.45776E-4 1.97394E-4 1.58235E-4 7.81783E-5 6.38462E-5 7.96594E-5 5.88276E-5 1.42028E-4 1.04707E-4 1.32587E-4 5.79418E-5 7.00939E-5 1.14225E-4 5.66241E-5 6.46826E-5 5.57494E-5 6.68855E-5 7.76696E-5 6.70736E-5 6.8601E-5 6.74968E-5 7.92107E-5 8.46756E-5 1.10858E-4 1.10705E-4 8.9061E-5 1.1539E-4 1.49559E-4 3.66949E-5
2.28443E-4 1.55021E-4 2.45628E-4 2.27176E-4 2.46356E-4 1.91078E-4 1.62711E-4 2.24453E-4 1.05867E-4 7.22976E-5 1.35438E-4 1.6273E-4 1.18993E-4 1.33669E-4 7.25284E-5 6.71869E-5 1.20445E-4 9.39483E-5 1.68443E-4 5.28106E-5 4.11828E-5 5.54884E-5 9.31415E-5 7.3905E-5 7.63862E-5 7.66005E-5 7.91022E-5 6.43436E-5 7.42817E-5 9.94661E-5 9.93522E-5 1.34633E-4 1.61353E-4 9.86086E-5 1.12253E-4 6.24092E-5 8.18254E-5 8.03478E-5 8.27218E-5 7.81193E-5 7.60835E-5 8.57659E-5 5.57121E-5 5.6904E-5 6.63253E-5 8.66108E-5 5.3783E-5 5.59726E-5 5.13311E-5 4.93757E-5 5.37089E-5 9.2136E-5 5.45187E-5 9.48864E-5 6.93939E-5 7.0796E-5 1.11423E-4 7.7804E-5 8.33585E-5 5.22671E-5 6.1504E-5 6.9464E-5 3.08003E-5 3.8484E-5 4.70939E-5
1.6949E-4 1.99257E-4 4.30224E-4 1.59885E-4 1.99842E-4 2.23736E-4 1.55064E-4 1.19873E-4 1.27688E-4 1.03503E-4 2.57172E-4 1.16669E-4 9.04176E-5 9.95309E-5 6.85023E-5 6.33827E-5 1.15205E-4 7.41353E-5 8.81648E-5 5.40908E-5 2.16441E-4 5.71672E-5 9.83792E-5 8.3415E-5 5.88561E-5 6.58255E-5 7.74364E-5 5.85635E-5 5.46624E-5 5.1781E-5 5.47645E-5 5.27514E-5 6.82999E-5 6.87385E-5 1.06152E-4 7.12174E-5 6.81651E-5 1.17889E-4 3.39209E-5 5.0165E-5 6.34902E-5 1.02698E-4 3.78138E-5 5.3544E-5 5.25333E-5 4.81771E-5 4.96017E-5 5.61367E-5 3.89701E-5 2.85366E-5 4.08333E-5 4.23146E-5 4.32054E-5 5.61087E-5 6.42715E-5 4.26369E-5 5.48289E-5 5.5717E-5 5.85123E-5 5.8181E-5 7.36013E-5 5.18074E-5 6.26595E-5 5.10775E-5 3.84352E-5
2.17487E-4 2.61959E-4 1.28109E-4 1.34606E-4 1.71135E-4 9.25677E-5 9.10096E-5 1.01255E-4 1.06386E-4 1.35003E-4 6.70727E-4 1.81478E-4 9.75775E-5 6.47407E-5 8.21737E-5 1.14048E-4 1.58152E-4 6.58955E-5 6.80647E-5 5.97516E-5 6.02544E-5 6.34262E-5 7.93606E-5 7.02165E-5 7.24412E-5 8.19623E-5 1.42719E-4 6.19757E-5 6.36616E-5 6.09447E-5 1.10929E-4 7.26385E-5 8.09433E-5 5.70609E-5 7.24467E-5 4.94554E-5 7.17777E-5 5.36548E-5 5.93975E-5 4.95439E-5 5.03786E-5 5.10974E-5 5.13695E-5 5.48476E-5 5.99419E-5 4.67386E-5 5.82557E-5 5.73967E-5 4.53487E-5 5.44877E-5 4.48697E-5 4.54537E-5 6.72143E-5 3.38971E-5 4.66126E-5 3.69192E-5 3.98529E-5 5.56654E-5 6.55874E-5 4.87421E-5 7.91104E-5 6.68523E-5 4.18283E-5 4.07902E-5 4.32586E-5
2.60007E-4 2.82965E-4 2.01084E-4 1.36544E-4 1.25317E-4 4.77892E-4 2.58647E-4 1.7831E-4 8.30395E-5 9.4789E-5 1.01379E-4 8.61923E-5 7.67685E-5 6.74011E-5 6.29409E-5 5.91762E-5 5.86198E-5 6.2174E-5 4.62977E-5 6.02218E-5 5.86105E-5 1.13229E-4 7.57257E-5 7.08202E-5 7.33027E-5 6.50985E-5 6.28833E-5 5.69899E-5 5.56444E-5 6.34774E-5 7.37849E-5 1.03358E-4 7.37367E-5 1.06314E-4 5.87645E-5 5.88624E-5 4.7151E-5 6.2602E-5 3.95836E-5 8.14664E-5 5.01064E-5 5.3152E-5 5.96433E-5 6.74007E-5 7.25866E-5 6.30654E-5 6.72763E-5 7.12654E-5 7.05248E-5 7.61449E-5 7.10976E-5 4.5224E-5 4.9849E-5 5.80084E-5 3.11633E-5 5.14212E-5 5.15212E-5 5.4584E-5 6.05822E-5 4.46676E-5 4.93649E-5 5.229E-5 7.68339E-5 4.57207E-5 4.54504E-5
1.60712E-4 2.1503E-4 2.12367E-4 1.48072E-4 1.01421E-4 7.50942E-5 1.19902E-4 7.50199E-5 7.65621E-5 1.03882E-4 8.38797E-5 8.89567E-5 9.25619E-5 4.94569E-5 5.82496E-5 6.43946E-5 6.90976E-5 5.93545E-5 5.97364E-5 5.96941E-5 6.20508E-5 5.14603E-5 5.49307E-5 8.9576E-5 6.92858E-5 6.99953E-5 6.9051E-5 6.72528E-5 1.29459E-4 9.44347E-5 5.62843E-5 6.56949E-5 5.1213E-5 6.41297E-5 1.04583E-4 5.72693E-5 4.8957E-5 5.95992E-5 5.19502E-5 7.0407E-5 5.50922E-5 5.23244E-5 6.67901E-5 6.73715E-5 7.99812E-5 6.70713E-5 5.99665E-5 5.17659E-5 8.51512E-5 8.02627E-5 6.73632E-5 4.80802E-5 3.21373E-5 4.52628E-5 2.931E-5 5.92682E-5 5.26035E-5 1.11813E-4 9.79611E-5 9.46233E-5 1.09059E-4 1.49556E-4 1.98375E-4 1.24665E-4 1.27265E-4
1.00282E-4 8.30471E-5 8.34377E-5 7.96948E-5 6.26125E-5 7.0619E-5 1.20412E-4 7.1628E-5 3.62476E-5 1.85763E-5 5.24207E-5 9.87846E-5 7.09791E-5 6.6027E-5 6.61633E-5 9.74491E-5 1.25716E-4 7.49056E-5 7.25336E-5 6.03393E-5 7.95833E-5 8.2918E-5 6.0704E-5 6.81537E-5 5.3643E-5 6.82683E-5 7.3138E-5 7.21379E-5 1.34801E-4 1.38099E-4 1.1436E-4 1.34114E-4 9.18577E-5 6.80796E-5 5.44976E-5 1.03225E-4 6.43688E-5 6.56153E-5 5.15587E-5 5.10314E-5 5.87426E-5 5.74212E-5 6.52032E-5 7.58093E-5 8.41035E-5 7.3478E-5 8.048E-5 9.20407E-5 8.94566E-5 8.62818E-5 8.6677E-5 5.43541E-5 1.02898E-4 8.69643E-5 1.6141E-4 9.42344E-5 8.84664E-5 1.19187E-4 1.04874E-4 1.05876E-4 1.10412E-4 1.12873E-4 1.53429E-4 1.66742E-4 9.8771E-5
7.95561E-5 7.93758E-5 8.00284E-5 6.14039E-5 3.79158E-5 2.08733E-5 3.58959E-5 5.38268E-5 7.69482E-5 6.92875E-5 5.64486E-5 8.07675E-5 7.41815E-5 1.43231E-4 1.44913E-4 1.23758E-4 2.241E-4 8.9372E-5 1.26056E-4 6.85727E-5 1.25774E-4 7.06319E-5 7.02031E-5 9.56938E-5 6.37862E-5 1.10669E-4 5.90575E-5 9.03675E-5 1.32068E-4 1.51292E-4 9.43606E-5 7.21252E-5 1.44983E-4 1.46792E-4 1.21043E-4 1.021E-4 4.9364E-5 6.91772E-5 7.45799E-5 1.04862E-4 8.89794E-5 8.36407E-5 6.47576E-5 6.94994E-5 1.12042E-4 9.33419E-5 9.35178E-5 1.00741E-4 1.28756E-4 1.24604E-4 7.1003E-5 1.42537E-4 8.49838E-5 8.53626E-5 9.25374E-5 8.65891E-5 8.52371E-5 1.06787E-4 1.57005E-4 1.14888E-4 1.16799E-4 1.14468E-4 1.1999E-4 1.13454E-4 2.88481E-4
6.08813E-5 7.58271E-5 7.28588E-5 7.71052E-5 1.63407E-4 1.42081E-4 1.5661E-4 1.18648E-4 1.60804E-4 2.36597E-4 3.36258E-4 1.82156E-4 1.5907E-4 4.30652E-4 2.57053E-4 1.72791E-4 1.57261E-4 8.87094E-5 7.29295E-5 8.50405E-5 7.06287E-5 7.07814E-5 6.52744E-5 1.10395E-4 4.87855E-5 5.37389E-5 5.92054E-5 9.3108E-5 1.1024E-4 1.10579E-4 1.44961E-4 1.30544E-4 1.0704E-4 1.02324E-4 1.07705E-4 1.42296E-4 1.1188E-4 1.04627E-4 1.2837E-4 8.0858E-5 6.46895E-5 5.95433E-5 7.70489E-5 7.32136E-5 1.53813E-4 8.90528E-5 8.73954E-5 8.74437E-5 1.88138E-4 1.5255E-4 1.08385E-4 1.98429E-4 1.48671E-4 9.12433E-5 1.0824E-4 9.34541E-5 1.03712E-4 1.23999E-4 1.79264E-4 1.22588E-4 1.25888E-4 1.274E-4 1.41252E-4 1.35855E-4 2.06536E-4
1.63997E-4 2.30742E-4 3.14281E-4 2.1701E-4 1.93899E-4 2.22966E-4 1.24455E-4 2.07279E-4 9.16816E-4 3.69305E-4 6.90073E-4 4.1238E-4 2.43194E-4 4.98918E-4 1.79011E-4 1.74444E-4 1.1064E-4 1.40794E-4 8.63746E-5 1.10974E-4 8.39451E-5 1.8333E-4 7.28187E-5 6.02709E-5 4.83661E-5 8.2499E-5 8.83712E-5 1.22355E-4 1.10923E-4 1.09759E-4 1.13272E-4 1.11463E-4 8.0709E-5 1.20404E-4 7.00155E-5 7.80456E-5 6.19294E-5 5.98646E-5 1.01869E-4 5.1351E-5 5.44474E-5 6.34874E-5 6.86255E-5 6.21821E-5 5.79467E-5 8.03577E-5 6.34187E-5 8.21997E-5 1.32459E-4 7.51793E-5 8.39331E-5 1.48775E-4 1.6919E-4 1.99157E-4 2.19191E-4 1.05525E-4 1.35126E-4 1.14779E-4 1.46292E-4 1.08002E-4 1.35293E-4 1.40032E-4 1.47611E-4 1.46877E-4 1.05398E-4
2.2368E-4 1.64821E-4 2.39423E-4 2.14526E-4 1.82676E-4 1.39787E-4 1.46557E-4 7.96206E-4 1.11453E-3 5.71711E-4 4.61779E-4 1.72517E-4 2.4239E-4 2.3237E-4 2.12757E-4 1.84713E-4 1.73695E-4 1.51351E-4 7.19659E-5 7.00339E-5 1.02607E-4 1.14114E-4 5.89522E-5 5.15397E-5 6.34312E-5 1.12499E-4 1.99128E-4 9.18627E-5 1.54789E-4 1.10462E-4 1.39358E-4 1.89965E-4 1.0146E-4 1.03134E-4 9.4503E-5 1.37787E-4 1.57559E-4 1.04883E-4 1.16322E-4 1.20063E-4 4.92637E-5 8.95681E-5 6.12203E-5 5.93333E-5 1.29941E-4 8.26208E-5 7.93517E-5 8.57798E-5 6.91039E-5 1.09255E-4 1.09932E-4 1.1541E-4 2.09379E-4 4.11261E-4 4.16151E-4 1.31122E-4 5.10744E-5 5.23523E-5 5.1994E-5 1.39771E-4 2.26828E-4 2.66111E-4 1.49648E-4 1.37469E-4 1.01579E-4
6.70708E-5 2.68356E-4 7.15651E-4 1.06483E-3 1.34194E-4 1.91313E-4 1.2269E-4 2.48193E-4 7.80346E-4 2.54112E-4 2.20299E-4 4.50583E-4 2.277E-4 1.77351E-4 2.08942E-4 1.54885E-4 1.72665E-4 1.17786E-4 9.06266E-5 7.34208E-5 7.94279E-5 7.39283E-5 6.16145E-5 4.97626E-5 5.85544E-5 6.13466E-5 6.6384E-5 1.45222E-4 2.01101E-4 2.95293E-4 2.3255E-4 3.06108E-4 2.32E-4 2.3752E-4 2.28113E-4 2.05637E-4 1.27218E-4 1.206E-4 4.97492E-5 4.70542E-5 1.1056E-4 6.9815E-5 7.68294E-5 1.59527E-4 1.60946E-4 7.18574E-5 9.15808E-5 7.79945E-5 9.34957E-5 7.7861E-5 1.25093E-4 4.02993E-5 1.40351E-4 2.06859E-4 1.27837E-4 1.32229E-4 1.20642E-4 1.27102E-4 3.78914E-5 1.12416E-4 1.4825E-4 1.45885E-4 4.96911E-5 1.24587E-4 1.18019E-4
9.38634E-5 1.90389E-4 1.14553E-4 1.13771E-4 2.5098E-4 1.89188E-4 1.32509E-4 1.57482E-4 5.77206E-4 2.92025E-4 4.05986E-4 4.56717E-4 6.72013E-4 2.9387E-4 3.0385E-4 2.88876E-4 2.74717E-4 2.39596E-4 2.24022E-4 1.63261E-4 1.54838E-4 1.28901E-4 1.4571E-4 1.19627E-4 1.51903E-4 9.35162E-5 9.0967E-5 1.24253E-4 2.9865E-4 3.57143E-4 3.50268E-4 2.1166E-4 3.62463E-4 1.05816E-3 5.82122E-4 1.05527E-4 1.46749E-4 1.64335E-4 1.60573E-4 1.32306E-4 1.39645E-4 7.69676E-5 8.72336E-5 9.29152E-5 9.45382E-5 9.88058E-5 9.92704E-5 5.1607E-5 7.65095E-5 1.31632E-4 1.19097E-4 1.37907E-4 1.52063E-4 1.05323E-4 1.12093E-4 1.57853E-4 1.73286E-4 1.93185E-4 1.175E-4 1.278E-4 1.39615E-4 1.35042E-4 1.25631E-4 1.18119E-4 1.1766E-4
2.40741E-4 9.24187E-5 8.08185E-5 1.06581E-4 1.22808E-4 1.63739E-4 2.727E-4 6.20336E-4 3.06622E-4 3.00062E-4 3.23236E-4 2.77256E-4 4.18044E-4 3.72571E-4 3.4858E-4 2.16428E-4 2.05866E-4 2.61332E-4 1.44424E-4 1.73883E-4 3.8158E-4 1.07859E-3 1.38691E-3 2.20443E-4 1.41493E-4 2.65005E-4 1.62697E-4 1.15289E-4 1.74128E-4 2.15065E-4 2.07759E-4 2.43666E-4 8.67841E-4 1.28143E-3 3.5643E-4 1.46289E-4 1.12273E-4 1.09507E-4 9.55698E-5 8.25824E-5 8.35748E-5 8.71034E-5 9.64142E-5 9.09563E-5 9.22502E-5 8.51287E-5 9.67785E-5 1.13102E-4 7.7279E-5 9.65351E-5 9.27536E-5 1.00715E-4 9.95907E-5 1.06088E-4 8.88763E-5 1.11111E-4 9.02004E-5 2.06444E-4 1.38751E-4 1.12389E-4 1.17556E-4 1.17734E-4 1.14291E-4 1.1541E-4 4.46904E-5
1.90924E-4 1.25672E-4 1.58688E-4 1.63408E-4 1.25562E-4 1.75092E-4 2.78484E-4 2.60485E-4 3.06605E-4 3.31095E-4 2.85135E-4 1.0327E-4 3.33642E-4 3.42239E-4 1.42022E-4 1.75344E-4 1.82541E-4 1.67956E-4 3.21946E-4 1.47325E-4 1.36784E-4 2.95984E-4 1.22562E-4 3.1391E-4 1.31733E-4 2.71665E-4 3.15566E-4 1.67693E-4 3.38297E-4 2.22177E-4 8.63937E-5 2.61795E-4 7.64315E-4 1.83188E-4 1.43057E-4 1.34567E-4 5.76421E-5 5.32961E-5 3.04876E-5 2.88801E-5 2.76728E-5 4.35809E-5 9.19337E-5 2.88381E-5 8.97701E-5 1.00185E-4 1.10282E-4 8.76433E-5 9.0037E-5 8.32302E-5 9.89793E-5 9.88762E-5 1.02444E-4 1.01817E-4 1.15448E-4 1.13591E-4 1.12673E-4 1.14987E-4 8.80985E-5 1.48224E-4 1.36417E-4 9.10944E-5 8.70618E-5 8.3565E-5 1.10663E-4
1.23462E-4 1.34839E-4 2.15454E-4 1.27728E-4 1.24974E-4 1.74287E-4 1.86636E-4 2.17198E-4 1.73804E-4 2.57785E-4 2.4493E-4 1.17105E-4 2.58013E-4 2.53751E-4 8.71513E-5 8.26093E-5 1.50178E-4 5.72021E-4 2.33039E-4 1.50155E-4 1.62818E-4 2.40075E-4 1.07087E-4 2.20902E-4 1.39282E-4 2.34093E-4 2.30924E-4 2.68539E-4 3.91671E-4 3.73578E-4 2.42271E-4 3.41951E-4 1.46093E-4 5.0617E-5 1.31196E-4 3.92038E-5 3.70832E-5 7.89282E-5 7.78036E-5 4.28251E-5 2.96134E-5 6.06196E-5 4.23732E-5 1.07973E-4 8.82643E-5 8.47873E-5 8.71455E-5 8.81154E-5 9.58229E-5 9.54217E-5 1.06345E-4 1.03603E-4 1.05161E-4 9.78359E-5 9.88717E-5 8.41244E-5 1.16867E-4 3.01994E-5 9.14287E-5 1.85955E-4 2.07595E-4 1.13513E-4 1.18766E-4 1.17929E-4 1.05638E-4
1.78839E-4 1.04719E-4 1.52246E-4 1.75718E-4 1.37558E-4 1.44147E-4 1.02263E-4 2.00573E-4 2.02326E-4 2.40362E-4 2.42633E-4 1.55403E-4 1.62604E-4 1.203E-4 1.09919E-4 7.37945E-5 3.05736E-5 5.50529E-4 1.88857E-4 1.35057E-4 7.26001E-5 2.22384E-4 1.07394E-4 2.13491E-4 2.28551E-4 1.44369E-4 1.60987E-4 1.76214E-4 1.90782E-4 4.04313E-4 3.84703E-4 1.84715E-4 1.48387E-4 4.31497E-5 4.08334E-5 3.9678E-5 3.85242E-5 3.63571E-5 7.54561E-5 1.33082E-4 7.79524E-5 2.67854E-5 2.88077E-5 3.8336E-5 2.83355E-5 8.37589E-5 2.89731E-5 2.87075E-5 2.94106E-5 2.89806E-5 2.90839E-5 2.95028E-5 2.95912E-5 1.06125E-4 1.08871E-4 8.15181E-5 1.26564E-4 7.77285E-5 7.94048E-5 8.48455E-5 1.15309E-4 1.09936E-4 1.05792E-4 9.90892E-5 1.05167E-4
1.09878E-4 2.59287E-4 2.66374E-4 2.32455E-4 2.1666E-4 2.62031E-4 1.3935E-4 1.8867E-4 1.97292E-4 1.34487E-4 2.2408E-4 1.24867E-4 1.22398E-4 1.21283E-4 1.19803E-4 1.2192E-4 3.97889E-5 1.86078E-4 1.64191E-4 2.9265E-5 9.58695E-5 1.76606E-4 5.79777E-5 1.60941E-4 9.79496E-5 2.35842E-4 2.82707E-4 2.0498E-4 1.91637E-4 4.20449E-4 2.36399E-4 1.25935E-4 5.99344E-5 4.07085E-5 3.93411E-5 3.81297E-5 3.70918E-5 3.53886E-5 3.34391E-5 4.26791E-5 8.93567E-5 8.95102E-5 7.33419E-5 3.09192E-5 3.03205E-5 3.11622E-5 3.18002E-5 3.09904E-5 3.20875E-5 3.2342E-5 3.19878E-5 3.20792E-5 3.17089E-5 3.00774E-5 3.09657E-5 8.617E-5 1.05775E-4 8.36388E-5 9.86748E-5 7.79215E-5 9.05398E-5 1.37491E-4 1.05274E-4 3.57807E-5 4.37969E-5
2.62197E-4 3.05879E-4 3.6616E-4 7.79943E-4 3.3179E-4 4.8841E-4 2.05989E-4 2.60751E-4 2.63021E-4 1.86695E-4 1.43019E-4 2.47718E-4 1.45229E-4 3.68727E-4 4.00921E-4 1.61305E-4 1.4499E-4 1.79909E-4 9.47016E-5 1.01048E-4 7.53726E-5 1.02416E-4 1.21254E-4 1.61568E-4 2.66316E-4 3.00403E-4 6.37174E-4 1.67404E-4 1.33749E-4 9.03979E-4 8.84316E-4 2.05086E-4 8.30038E-5 3.88807E-5 3.92711E-5 3.78898E-5 2.8905E-5 3.42583E-5 3.2337E-5 3.1351E-5 3.03811E-5 3.59412E-5 1.03049E-4 9.55646E-5 3.31052E-5 3.37635E-5 3.39801E-5 1.21909E-4 2.7268E-5 3.52442E-5 3.50089E-5 3.47596E-5 3.31194E-5 3.25361E-5 3.28076E-5 3.28939E-5 3.33767E-5 9.71554E-5 7.99709E-5 1.32779E-4 2.75508E-4 1.61689E-4 9.85453E-5 6.94095E-5 3.53799E-5
2.44226E-4 3.05026E-4 3.49568E-4 1.26666E-3 6.30977E-4 1.61418E-4 1.64524E-4 2.04654E-4 3.28658E-4 1.56302E-4 1.83176E-4 5.86907E-4 3.19371E-4 5.03371E-4 3.13827E-4 1.31645E-4 1.38175E-4 1.3892E-4 1.24181E-4 3.12603E-5 1.03224E-4 9.01624E-5 9.30281E-5 1.99485E-4 2.80771E-4 2.47601E-4 5.97109E-4 3.08923E-4 1.92264E-4 9.04376E-4 2.12052E-4 1.4528E-4 1.12719E-4 4.39328E-5 3.70551E-5 3.70313E-5 4.08933E-5 3.36511E-5 9.14357E-5 3.04142E-5 8.51337E-5 8.70402E-5 1.00456E-4 9.758E-5 4.90844E-5 3.68575E-5 3.70101E-5 1.07488E-4 3.67399E-5 3.81352E-5 3.79743E-5 3.7505E-5 3.64129E-5 3.5649E-5 3.53347E-5 3.37272E-5 3.67748E-5 1.04786E-4 8.77262E-5 9.06814E-5 9.94129E-5 1.04321E-4 5.71559E-5 1.02909E-4 1.03056E-4
2.57384E-4 3.07915E-4 2.53357E-4 6.80461E-4 1.53824E-3 2.62403E-4 1.65494E-4 3.10011E-4 1.3744E-4 1.551E-4 3.91918E-4 2.91068E-4 4.24808E-4 1.55201E-4 2.15139E-4 1.4085E-4 1.25676E-4 1.47504E-4 1.28489E-4 3.47114E-5 1.06561E-4 3.11468E-5 4.59002E-5 1.34203E-4 3.08378E-4 2.41214E-4 3.85353E-4 5.53818E-4 4.75509E-4 2.46298E-4 3.05445E-4 1.20164E-4 1.14316E-4 6.28706E-5 6.14026E-5 3.54092E-5 6.1511E-5 3.31353E-5 9.33014E-5 1.06572E-4 9.67268E-5 1.00222E-4 3.28738E-5 1.15911E-4 3.56629E-5 3.75461E-5 6.815E-5 4.08459E-5 4.07805E-5 4.70289E-5 4.1835E-5 4.05828E-5 3.14929E-5 3.93858E-5 3.83412E-5 3.6596E-5 4.75882E-5 4.8066E-5 1.2961E-4 1.3095E-4 2.42962E-4 3.59542E-5 5.59233E-5 1.14637E-4 8.60742E-5
3.46205E-4 1.92966E-4 1.94973E-4 3.84622E-4 1.65306E-4 1.72837E-4 1.5261E-4 2.4363E-4 7.03504E-4 3.11049E-4 3.11302E-4 1.59106E-4 2.00635E-4 5.85355E-4 1.82403E-4 1.11581E-4 1.58044E-4 1.72215E-4 1.69167E-4 4.89295E-5 1.06933E-4 3.25581E-5 3.41949E-5 1.38516E-4 1.33748E-4 8.49558E-5 2.21665E-4 1.84867E-4 8.05381E-4 3.40711E-4 2.29533E-4 5.59081E-5 5.24349E-5 4.58328E-5 5.18731E-5 3.08222E-5 4.29335E-5 5.60422E-5 9.859E-5 1.18826E-4 7.3435E-5 1.12513E-4 9.82313E-5 3.47544E-5 3.65977E-5 5.45209E-5 1.22956E-4 1.523E-4 1.42461E-4 1.54606E-4 1.37835E-4 5.5092E-5 4.13906E-5 4.13314E-5 1.27958E-4 1.27655E-4 3.81521E-5 4.9894E-5 1.46621E-4 1.52216E-4 2.24197E-4 6.08607E-5 5.26144E-5 8.40245E-5 9.12403E-5
