catData/rasterBestHybridModels/Prubiginosus/RD_RM1.5_H/Prubiginosus_median.asc
ncols         409
nrows         350
xllcorner     60.897278365
yllcorner     5.843756025
cellsize      0.0892857
NODATA_value  -9999
[rows 87 to 115 of 350, columns 65 to 129 of 409]
1.02081E-5 1.43631E-5 1.43833E-5 1.52352E-5 1.46198E-5 1.38403E-5 1.0501E-5 1.44288E-5 1.51241E-5 1.47319E-5 1.51221E-5 2.09801E-5 1.87791E-5 2.11209E-5 2.1646E-5 2.17081E-5 2.40233E-5 2.3394E-5 2.11252E-5 1.97814E-5 1.81231E-5 1.63875E-5 1.55855E-5 1.61171E-5 2.21098E-5 2.25976E-5 2.29509E-5 2.3156E-5 2.42577E-5 2.56363E-5 1.89844E-5 2.69948E-5 2.6603E-5 1.95001E-5 1.50765E-5 1.85708E-5 2.19257E-5 2.89741E-5 2.11148E-5 4.36945E-6 4.11232E-6 3.21674E-6 4.01418E-6 3.34688E-6 3.51272E-6 3.89746E-6 4.46936E-6 2.81808E-6 3.20221E-6 3.96843E-6 3.00705E-6 2.77777E-6 2.44319E-6 3.46886E-6 4.14265E-6 3.21698E-6 3.78053E-6 1.24242E-5 1.43425E-5 3.80881E-5 1.26644E-5 1.25635E-5 1.33526E-5 1.37887E-5 1.49294E-5
1.34264E-5 1.43911E-5 1.13805E-5 1.13805E-5 1.52515E-5 1.35334E-5 1.43322E-5 2.10304E-5 2.22637E-5 2.11807E-5 1.55737E-5 2.18404E-5 6.70239E-6 2.23846E-5 2.31136E-5 2.38074E-5 2.47424E-5 2.87517E-5 2.24102E-5 1.93625E-5 1.84355E-5 1.82946E-5 1.8737E-5 2.4283E-5 2.32323E-5 1.58612E-5 1.55697E-5 2.23726E-5 2.28053E-5 1.72229E-5 2.55248E-5 2.55225E-5 1.92032E-5 1.7144E-5 1.61358E-5 2.21015E-5 3.15678E-5 2.33406E-5 1.38955E-5 5.69926E-6 3.3641E-6 3.2135E-6 2.87745E-6 3.52422E-6 5.06437E-6 5.00905E-6 4.49362E-6 3.98518E-6 3.16174E-6 2.61179E-6 2.65441E-6 3.38696E-6 3.42204E-6 4.13278E-6 3.65373E-6 5.07877E-6 4.25127E-6 5.63956E-6 8.6276E-6 1.63329E-5 1.79364E-5 1.80579E-5 1.56519E-5 7.97385E-6 8.01887E-6
1.43217E-5 1.00892E-5 1.13771E-5 1.53308E-5 1.53308E-5 1.44543E-5 1.84927E-5 2.37879E-5 2.14877E-5 2.451E-5 2.32706E-5 2.0494E-5 1.90957E-5 2.32491E-5 2.34321E-5 2.44925E-5 2.48198E-5 3.07844E-5 3.16779E-5 3.16351E-5 3.18396E-5 2.88779E-5 2.75972E-5 2.61676E-5 2.12089E-5 2.40376E-5 2.42126E-5 1.75348E-5 2.44708E-5 2.45417E-5 2.51232E-5 1.98881E-5 1.71223E-5 1.32686E-5 1.61087E-5 2.34388E-5 2.46715E-5 2.12092E-5 1.65431E-5 1.01927E-5 3.89228E-6 8.17988E-6 8.91309E-6 4.63331E-6 5.0443E-6 4.64185E-6 4.24769E-6 4.00635E-6 3.18274E-6 5.63837E-6 3.89973E-6 4.18733E-6 4.39837E-6 4.77989E-6 5.31327E-6 5.87088E-6 6.31669E-6 6.68554E-6 1.35773E-5 1.47643E-5 2.07656E-5 1.51805E-5 1.46671E-5 1.52538E-5 8.65844E-6
1.00884E-5 8.96608E-6 1.53308E-5 1.55365E-5 1.14809E-5 1.09197E-5 1.72221E-5 2.04375E-5 3.05845E-5 2.60491E-5 2.34172E-5 2.45612E-5 2.48608E-5 2.4345E-5 2.4327E-5 2.56397E-5 2.80354E-5 3.20132E-5 3.36038E-5 2.62393E-5 2.47665E-5 2.17934E-5 1.87547E-5 1.89462E-5 1.97673E-5 2.02727E-5 2.5384E-5 2.35065E-5 2.67735E-5 2.07625E-5 2.08754E-5 2.03009E-5 1.56019E-5 1.47639E-5 1.84613E-5 2.222E-5 2.2041E-5 1.20142E-5 1.53844E-5 1.35256E-5 3.38706E-6 2.44631E-6 2.88925E-6 4.21761E-6 4.58958E-6 4.45718E-6 4.00406E-6 3.19913E-6 9.43843E-6 8.72458E-6 8.33536E-6 4.69434E-6 4.03584E-6 8.54307E-6 4.47027E-6 5.05923E-6 1.06076E-5 1.92928E-5 2.08729E-5 1.64542E-5 2.18272E-5 1.23424E-5 8.96781E-6 8.45495E-6 7.56533E-6
6.03942E-6 1.35388E-5 1.53308E-5 1.54031E-5 1.77952E-5 1.86281E-5 2.59944E-5 2.06543E-5 2.81E-5 2.60908E-5 2.04653E-5 2.60221E-5 1.86987E-5 1.96587E-5 2.48391E-5 1.99509E-5 2.76322E-5 2.40522E-5 3.396E-5 2.63713E-5 1.91481E-5 1.58283E-5 1.37936E-5 1.34803E-5 1.47319E-5 2.0318E-5 2.82812E-5 2.9012E-5 3.03117E-5 2.28943E-5 1.79428E-5 1.61653E-5 1.57386E-5 1.76181E-5 2.4053E-5 2.37169E-5 1.84246E-5 1.62954E-5 1.34068E-5 3.95968E-6 3.25844E-6 2.46989E-6 2.48293E-6 3.96787E-6 4.19974E-6 4.21724E-6 3.997E-6 3.16499E-6 4.23287E-6 1.27314E-5 1.19399E-5 1.37614E-5 1.07777E-5 1.00079E-5 1.66029E-5 1.71894E-5 2.05163E-5 2.13037E-5 8.89764E-6 8.24415E-6 9.51527E-6 1.26846E-5 1.25345E-5 1.01776E-5 9.9058E-6
1.09331E-5 1.44359E-5 1.13671E-5 1.13671E-5 1.80898E-5 2.34154E-5 2.69916E-5 2.74493E-5 1.97884E-5 2.02825E-5 2.6364E-5 2.57822E-5 2.55801E-5 1.96486E-5 2.44016E-5 2.49348E-5 2.63174E-5 2.80635E-5 2.98665E-5 2.5275E-5 1.90693E-5 1.72822E-5 1.48694E-5 1.66804E-5 2.06669E-5 2.55037E-5 3.41068E-5 2.52998E-5 3.2024E-5 2.41558E-5 1.76223E-5 1.49459E-5 1.57555E-5 1.88356E-5 1.90943E-5 1.32085E-5 1.16373E-5 4.47281E-6 3.83906E-6 3.08228E-6 3.08825E-6 3.98542E-6 3.23838E-6 3.20445E-6 3.95711E-6 3.97512E-6 3.22096E-6 3.73503E-6 3.15822E-6 1.40766E-5 1.53491E-5 1.56218E-5 1.68165E-5 1.84294E-5 1.98632E-5 1.63408E-5 8.50211E-6 9.17984E-6 8.76409E-6 7.63548E-6 9.23916E-6 1.05329E-5 1.29986E-5 1.30951E-5 1.28645E-5
1.16979E-5 1.13638E-5 1.08321E-5 1.08321E-5 1.11231E-5 1.5186E-5 2.07371E-5 3.03699E-5 2.2691E-5 2.56761E-5 2.60197E-5 2.59436E-5 2.56459E-5 2.50284E-5 2.37373E-5 2.3524E-5 2.39767E-5 1.90524E-5 2.66578E-5 2.70948E-5 2.2327E-5 1.76347E-5 1.72317E-5 2.13707E-5 2.6204E-5 3.43638E-5 3.42384E-5 2.68296E-5 3.28938E-5 2.57168E-5 1.80117E-5 1.44173E-5 1.43436E-5 2.11866E-5 2.01995E-5 1.86371E-5 4.11867E-6 3.56967E-6 4.07603E-6 4.2409E-6 4.53356E-6 4.1794E-6 3.95466E-6 3.22678E-6 2.93922E-6 3.29041E-6 3.34955E-6 3.35971E-6 6.36615E-6 1.21487E-5 1.34313E-5 1.7437E-5 1.98705E-5 1.66386E-5 8.52686E-6 8.33612E-6 7.56373E-6 7.80179E-6 7.60291E-6 7.17284E-6 8.00671E-6 9.62154E-6 1.03025E-5 1.03198E-5 1.17789E-5
1.53308E-5 1.13605E-5 1.35388E-5 1.58508E-5 1.68591E-5 2.49377E-5 2.73684E-5 2.40136E-5 2.64347E-5 2.58418E-5 2.58E-5 2.01516E-5 1.96043E-5 2.43213E-5 2.31695E-5 2.24642E-5 2.14642E-5 1.52778E-5 1.89636E-5 7.69539E-6 1.24581E-5 1.51538E-5 1.65791E-5 2.66554E-5 3.64978E-5 3.68722E-5 2.84003E-5 2.77561E-5 3.40105E-5 3.29045E-5 2.34158E-5 1.7861E-5 1.21485E-5 1.23518E-5 1.29526E-5 5.57082E-6 3.7435E-6 4.04687E-6 3.24668E-6 4.51573E-6 4.50371E-6 4.15693E-6 3.9422E-6 3.27688E-6 3.30781E-6 3.6848E-6 7.30841E-6 6.71791E-6 7.78304E-6 9.82179E-6 1.43786E-5 1.89181E-5 2.12763E-5 1.24365E-5 1.26086E-5 1.00532E-5 9.2741E-6 7.85456E-6 7.24238E-6 7.35707E-6 7.30379E-6 7.71143E-6 8.09117E-6 8.48707E-6 5.59728E-6
1.1052E-5 1.44359E-5 1.55414E-5 1.71249E-5 1.45568E-5 2.78626E-5 2.87744E-5 2.22992E-5 2.19388E-5 1.7366E-5 2.53549E-5 2.58815E-5 1.9138E-5 1.18428E-5 1.91606E-5 1.91965E-5 6.55302E-6 5.8413E-6 5.56006E-6 5.49208E-6 4.70242E-6 6.52047E-6 1.64391E-5 1.88418E-5 2.77719E-5 2.01627E-5 1.73445E-5 1.67919E-5 1.93326E-5 2.605E-5 2.44099E-5 1.32799E-5 1.20785E-5 1.17274E-5 4.76973E-6 3.71087E-6 3.10275E-6 3.14613E-6 3.4993E-6 4.13754E-6 3.97179E-6 3.91392E-6 3.26909E-6 3.30123E-6 4.09795E-6 5.23859E-6 9.73626E-6 1.17686E-5 1.17879E-5 1.06105E-5 1.56698E-5 2.10286E-5 9.02961E-6 9.56061E-6 1.30073E-5 1.29924E-5 1.05174E-5 8.54928E-6 7.38598E-6 7.48024E-6 7.85184E-6 8.11828E-6 7.31557E-6 8.59258E-6 9.2284E-6
1.40098E-5 1.63837E-5 1.15642E-5 1.74663E-5 2.36409E-5 2.0681E-5 2.96211E-5 2.99618E-5 2.68709E-5 1.3488E-5 2.53368E-5 2.17145E-5 6.48772E-6 5.80599E-6 6.61135E-6 5.89626E-6 5.39391E-6 5.01331E-6 3.65064E-6 4.81339E-6 4.1477E-6 4.12138E-6 8.6886E-6 7.25548E-6 5.88982E-6 5.99754E-6 5.85146E-6 4.74668E-6 8.50453E-6 1.48161E-5 4.98368E-6 4.473E-6 3.99338E-6 4.30231E-6 4.22337E-6 3.0847E-6 4.1435E-6 4.49978E-6 4.13865E-6 4.01104E-6 3.45014E-6 3.33644E-6 3.33709E-6 3.15811E-6 3.81593E-6 1.96757E-5 1.72208E-5 1.77765E-5 1.50603E-5 1.52668E-5 1.71135E-5 1.29247E-5 1.28175E-5 1.02628E-5 1.07627E-5 1.35765E-5 1.09073E-5 9.83999E-6 8.48084E-6 8.45444E-6 9.76333E-6 1.0551E-5 9.6832E-6 1.00341E-5 1.35963E-5
1.15775E-5 1.68453E-5 1.63003E-5 1.76674E-5 2.23918E-5 2.03417E-5 2.87591E-5 2.51719E-5 2.71561E-5 2.0878E-5 2.5986E-5 7.8953E-6 4.88201E-6 4.46368E-6 4.65035E-6 5.41789E-6 4.93554E-6 4.73683E-6 4.75011E-6 4.76174E-6 3.80407E-6 4.44648E-6 1.35556E-5 3.50917E-6 3.26653E-6 3.27741E-6 3.23369E-6 3.30592E-6 4.23609E-6 2.80152E-6 3.58669E-6 9.63713E-6 3.49657E-6 4.17274E-6 4.18038E-6 4.46229E-6 4.0891E-6 4.02053E-6 4.0512E-6 3.44126E-6 3.4791E-6 3.114E-6 4.89155E-6 5.38705E-6 1.38218E-5 2.19861E-5 1.92606E-5 1.96314E-5 2.01918E-5 2.2197E-5 1.3222E-5 1.3638E-5 1.35745E-5 1.36173E-5 1.10702E-5 1.38399E-5 1.39888E-5 1.13015E-5 9.06495E-6 8.94546E-6 1.09457E-5 1.35674E-5 1.39523E-5 2.28485E-5 2.10028E-5
1.13474E-5 1.13474E-5 1.67039E-5 1.87176E-5 1.66747E-5 2.82715E-5 2.91367E-5 3.34876E-5 2.80637E-5 2.12007E-5 2.62502E-5 1.13385E-5 4.37956E-6 4.4831E-6 4.61598E-6 5.3935E-6 3.82568E-6 1.90327E-5 4.82184E-6 3.99636E-6 3.11101E-6 4.19555E-6 3.03064E-6 2.80897E-6 2.84726E-6 3.69078E-6 3.7964E-6 3.87954E-6 3.80524E-6 3.78559E-6 4.23209E-6 3.28348E-6 3.18382E-6 4.26113E-6 3.5729E-6 3.10197E-6 3.04616E-6 3.54096E-6 3.55446E-6 2.60676E-6 3.03516E-6 3.62551E-6 1.94626E-5 1.54405E-5 1.44342E-5 1.59879E-5 2.03996E-5 1.68989E-5 1.71635E-5 1.8156E-5 9.72571E-6 1.0973E-5 1.42203E-5 1.38034E-5 1.37483E-5 1.10586E-5 1.42431E-5 1.14946E-5 1.11563E-5 1.1091E-5 1.09517E-5 1.6887E-5 1.70985E-5 1.68725E-5 1.65288E-5
1.66695E-5 1.18839E-5 1.944E-5 1.91614E-5 1.76034E-5 2.87742E-5 2.99038E-5 3.26445E-5 2.18598E-5 1.80284E-5 1.1426E-5 1.07426E-5 5.24963E-6 5.23541E-6 6.23879E-6 5.79959E-6 5.34303E-6 4.9133E-6 4.53348E-6 3.74808E-6 3.74396E-6 4.37625E-6 4.44518E-6 4.43386E-6 4.3996E-6 4.48588E-6 3.36933E-6 3.92429E-6 3.8476E-6 4.16708E-6 3.40879E-6 3.49418E-6 3.49259E-6 3.69415E-6 4.30342E-6 4.32747E-6 3.62786E-6 3.52651E-6 3.15528E-6 2.78997E-6 2.89052E-6 1.0989E-5 2.21429E-5 2.27216E-5 1.62131E-5 1.68774E-5 2.27505E-5 2.35899E-5 2.34115E-5 1.02584E-5 9.32473E-6 1.15525E-5 1.45759E-5 1.11455E-5 1.40825E-5 1.42388E-5 1.45074E-5 1.45266E-5 1.42725E-5 2.38685E-5 2.38852E-5 1.109E-5 2.30999E-5 2.26439E-5 2.0427E-5
2.12346E-5 2.28139E-5 1.91587E-5 1.3779E-5 2.42537E-5 2.75841E-5 3.0649E-5 3.10421E-5 2.3222E-5 1.78745E-5 8.89891E-6 7.97581E-6 5.96014E-6 7.1028E-6 6.8524E-6 6.33718E-6 4.43968E-6 3.94369E-6 4.61521E-6 4.35113E-6 3.67544E-6 3.6934E-6 4.31359E-6 3.78374E-6 3.74778E-6 3.79769E-6 4.533E-6 4.28416E-6 4.1776E-6 4.20192E-6 8.5528E-6 1.30891E-5 4.16086E-6 4.26738E-6 4.14647E-6 2.89417E-6 2.87463E-6 3.26966E-6 3.72244E-6 5.53098E-6 8.13657E-6 1.38355E-5 1.70888E-5 2.40688E-5 2.47681E-5 1.88401E-5 2.44606E-5 1.96341E-5 1.40624E-5 1.1387E-5 1.14368E-5 1.18807E-5 1.51437E-5 1.45242E-5 1.14325E-5 1.46157E-5 1.1652E-5 1.78102E-5 1.75411E-5 1.74283E-5 1.7276E-5 6.05778E-6 1.01385E-5 6.04976E-6 6.25792E-6
1.81954E-5 2.12513E-5 2.2016E-5 2.45036E-5 2.98832E-5 2.67204E-5 3.03048E-5 2.85748E-5 2.45381E-5 7.34768E-6 6.89002E-6 7.90735E-6 8.16251E-6 7.98376E-6 7.63567E-6 5.54771E-6 4.37796E-6 4.44923E-6 5.31971E-6 1.2292E-5 4.45566E-6 3.828E-6 3.44095E-6 3.37517E-6 3.01485E-6 3.31688E-6 3.33325E-6 3.15809E-6 3.21846E-6 3.69955E-6 9.818E-6 3.70839E-6 3.80693E-6 1.05529E-5 2.85032E-6 3.93502E-6 5.96532E-6 1.10865E-5 1.1858E-5 1.03462E-5 1.44669E-5 1.79091E-5 2.63868E-5 1.90981E-5 2.73544E-5 2.05279E-5 2.72508E-5 1.16137E-5 1.49505E-5 1.5091E-5 1.51682E-5 1.17288E-5 1.48991E-5 1.46827E-5 1.14618E-5 2.46587E-5 2.00482E-5 1.40348E-5 1.30335E-5 1.40647E-5 1.63098E-5 6.2141E-6 8.83184E-6 6.70722E-6 1.57647E-5
1.11381E-5 1.29756E-5 2.40568E-5 2.44866E-5 1.8516E-5 2.03765E-5 2.10406E-5 2.92879E-5 2.21513E-5 5.47707E-6 5.27376E-6 6.07987E-6 6.94227E-6 8.7344E-6 8.36352E-6 7.66798E-6 5.29581E-6 4.61325E-6 5.39023E-6 1.98138E-5 4.45405E-6 3.80537E-6 3.37014E-6 2.67996E-6 2.70857E-6 2.99329E-6 3.18022E-6 3.64568E-6 9.92051E-6 3.71821E-6 4.17872E-6 4.22668E-6 3.28452E-6 3.37623E-6 3.37715E-6 4.49626E-6 1.96615E-5 2.44778E-5 1.8011E-5 1.72167E-5 1.80687E-5 1.97261E-5 2.83915E-5 2.88858E-5 3.17856E-5 2.82635E-5 1.55004E-5 1.22575E-5 1.18258E-5 1.20335E-5 1.51983E-5 1.18774E-5 1.50274E-5 1.96385E-5 1.95882E-5 2.48216E-5 2.03788E-5 1.5181E-5 1.35247E-5 1.62246E-5 2.02348E-5 1.15505E-5 2.05634E-5 1.9269E-5 1.83193E-5
1.26572E-5 1.97153E-5 2.30354E-5 1.63252E-5 9.19645E-6 2.8141E-5 3.01349E-5 3.04665E-5 2.20424E-5 5.81613E-6 6.5497E-6 9.04865E-6 9.90012E-6 9.3002E-6 7.86746E-6 7.161E-6 6.53141E-6 5.92883E-6 5.28928E-6 3.69723E-6 4.35142E-6 1.01392E-5 2.9811E-6 2.50789E-6 3.02686E-6 3.23665E-6 3.74443E-6 3.7954E-6 3.31236E-6 4.42154E-6 4.6157E-6 4.93567E-6 5.00769E-6 5.86055E-6 8.99693E-6 1.65812E-5 1.84912E-5 2.6602E-5 2.72666E-5 2.81772E-5 2.9776E-5 3.1249E-5 3.22557E-5 2.89639E-5 1.55279E-5 5.2781E-5 5.3118E-5 4.02417E-5 3.25922E-5 3.99098E-5 5.23733E-5 5.09664E-5 5.19528E-5 4.0696E-5 4.00723E-5 5.1086E-5 3.92784E-5 3.35234E-5 3.30959E-5 3.8725E-5 3.76417E-5 1.40051E-5 1.0249E-5 3.34899E-5 4.99368E-5
2.11654E-5 2.34802E-5 2.38162E-5 2.57155E-5 2.6484E-5 2.42983E-5 2.27325E-5 2.12698E-5 2.50492E-5 9.88423E-6 6.21348E-6 7.01786E-6 7.21195E-6 8.50757E-6 7.75209E-6 5.54559E-6 6.60986E-6 6.10966E-6 5.51299E-6 5.06471E-6 4.69896E-6 3.51092E-6 2.21292E-6 2.29924E-6 3.6131E-6 4.38263E-6 3.85444E-6 4.51812E-6 4.78926E-6 5.26852E-6 1.5189E-5 5.85396E-6 6.41935E-6 8.50351E-6 2.56757E-5 2.63873E-5 1.95407E-5 2.11148E-5 2.91314E-5 2.11126E-5 3.17208E-5 3.58472E-5 3.0241E-5 1.60366E-5 1.30711E-5 5.49335E-5 5.45054E-5 5.36201E-5 4.06082E-5 3.81789E-5 3.8926E-5 4.00821E-5 5.4879E-5 5.56316E-5 4.19554E-5 5.25732E-5 5.1368E-5 2.72746E-5 2.68621E-5 4.00974E-5 5.62308E-5 5.68675E-5 5.90553E-5 5.65146E-5 5.2798E-5
2.11468E-5 1.07153E-5 2.35356E-5 1.85456E-5 2.61895E-5 2.54152E-5 2.39435E-5 3.83389E-5 4.34298E-5 3.42164E-5 8.55229E-6 7.12363E-6 6.34907E-6 6.18551E-6 7.47416E-6 7.0587E-6 6.66484E-6 6.37051E-6 4.5578E-6 4.14601E-6 3.82986E-6 3.13425E-6 2.44175E-6 3.11248E-6 4.89211E-6 4.91036E-6 4.88993E-6 5.28928E-6 4.54019E-6 6.31347E-6 1.03411E-5 8.17824E-6 1.85308E-5 1.84379E-5 1.97037E-5 2.78594E-5 2.93896E-5 2.29007E-5 3.11398E-5 3.22316E-5 2.84768E-5 4.15038E-5 3.3124E-5 3.34835E-5 1.35282E-5 5.69131E-5 5.6756E-5 5.65441E-5 5.46096E-5 5.19714E-5 4.07081E-5 4.10618E-5 5.57313E-5 5.73581E-5 5.66442E-5 4.36139E-5 5.54446E-5 4.25749E-5 5.48625E-5 3.58864E-5 4.30299E-5 5.65885E-5 4.4137E-5 5.95256E-5 5.9994E-5
1.92226E-5 2.37461E-5 1.6393E-5 1.42503E-5 1.61316E-5 1.45451E-5 3.392E-5 4.24364E-5 3.21563E-5 3.61944E-5 1.14341E-5 9.76765E-6 8.43815E-6 7.67144E-6 7.30847E-6 6.86852E-6 6.58525E-6 6.14651E-6 4.40932E-6 3.09853E-6 7.03289E-6 3.03664E-6 3.30452E-6 7.40911E-6 4.41141E-6 8.88929E-6 5.75605E-6 8.73574E-6 1.0032E-5 1.87734E-5 1.86581E-5 2.86082E-5 2.97774E-5 2.1793E-5 2.09126E-5 2.224E-5 3.30454E-5 3.49198E-5 2.61981E-5 3.7949E-5 4.2292E-5 3.5128E-5 3.4806E-5 3.45233E-5 5.92445E-5 5.83915E-5 5.8208E-5 5.70969E-5 4.30097E-5 5.36547E-5 5.44334E-5 5.6764E-5 5.73695E-5 4.48356E-5 2.75075E-5 5.84307E-5 5.59326E-5 5.41043E-5 5.85915E-5 5.86047E-5 4.24073E-5 5.41653E-5 5.52634E-5 5.80097E-5 4.59993E-5
2.13151E-5 2.6395E-5 1.90816E-5 1.61016E-5 1.83255E-5 2.07827E-5 3.78883E-5 4.38921E-5 4.14598E-5 2.80556E-5 9.03552E-6 6.96898E-6 7.67999E-6 7.10801E-6 6.96405E-6 6.70986E-6 6.22719E-6 4.55569E-6 4.02664E-6 3.46481E-6 2.95417E-6 3.31824E-6 3.85912E-6 4.04967E-6 6.27315E-6 6.25216E-6 4.83077E-6 2.09676E-5 2.77377E-5 2.89743E-5 3.0126E-5 3.1831E-5 3.30525E-5 3.39534E-5 2.45706E-5 2.41154E-5 2.66367E-5 3.73136E-5 3.97178E-5 3.23188E-5 3.60023E-5 3.58275E-5 3.32115E-5 2.49817E-5 5.60856E-5 4.32886E-5 5.37595E-5 5.19522E-5 4.01234E-5 3.49013E-5 4.2797E-5 2.92091E-5 2.73972E-5 5.44065E-5 4.36445E-5 4.47808E-5 5.43576E-5 4.89185E-5 4.24207E-5 5.56772E-5 5.53332E-5 4.88912E-5 5.32906E-5 5.53197E-5 5.51758E-5
2.87177E-5 3.0703E-5 3.16997E-5 2.51789E-5 2.12106E-5 1.96844E-5 2.92685E-5 3.56374E-5 4.15813E-5 2.59923E-5 1.87639E-5 6.36011E-6 7.09511E-6 6.59193E-6 4.98114E-6 6.39553E-6 5.99717E-6 5.78644E-6 4.976E-6 4.34862E-6 2.82536E-6 7.27069E-6 4.01597E-6 4.0841E-6 1.37169E-5 4.71096E-6 8.81823E-6 2.75826E-5 2.97805E-5 3.10854E-5 2.32167E-5 2.44852E-5 2.52469E-5 2.49665E-5 2.44195E-5 1.94006E-5 2.56713E-5 2.94637E-5 3.97879E-5 4.13623E-5 2.69833E-5 3.60351E-5 3.31018E-5 2.62533E-5 4.83537E-5 5.6058E-5 1.03278E-4 1.21701E-4 1.90111E-5 1.71374E-5 2.3633E-5 5.56918E-5 3.63371E-5 4.72446E-5 4.79077E-5 5.35605E-5 4.1599E-5 5.15262E-5 5.22359E-5 5.41734E-5 5.40736E-5 5.30051E-5 5.25492E-5 5.11731E-5 3.99985E-5
2.2874E-5 3.17365E-5 3.6407E-5 3.67783E-5 2.95739E-5 3.43238E-5 4.41795E-5 4.74393E-5 3.90812E-5 1.60106E-5 9.78509E-6 7.31728E-6 6.56619E-6 6.16138E-6 6.01295E-6 5.93676E-6 4.42834E-6 3.97805E-6 3.51325E-6 4.35177E-6 3.74376E-6 4.57574E-6 6.39749E-6 1.5201E-5 1.47699E-5 5.45522E-6 6.23068E-6 1.97568E-5 2.22597E-5 3.30571E-5 3.53058E-5 2.62591E-5 2.53421E-5 1.91053E-5 1.84113E-5 1.73792E-5 2.2067E-5 3.07602E-5 4.17521E-5 3.60657E-5 2.77234E-5 2.93029E-5 3.88744E-5 4.05772E-5 6.43683E-5 5.89704E-5 5.66329E-5 3.11202E-5 1.81551E-5 4.74595E-5 4.94739E-5 3.92979E-5 4.16162E-5 5.11738E-5 5.03361E-5 4.12137E-5 4.11654E-5 4.81855E-5 4.90142E-5 5.0212E-5 4.06283E-5 4.81847E-5 4.61979E-5 4.43931E-5 4.2845E-5
1.99376E-5 2.18568E-5 3.49004E-5 2.74213E-5 2.06584E-5 2.24545E-5 4.69098E-5 4.51435E-5 3.8533E-5 2.13872E-5 8.94576E-6 7.01233E-6 6.20009E-6 5.63348E-6 4.20003E-6 4.11336E-6 3.73121E-6 2.57259E-6 3.2967E-6 3.56094E-6 3.64702E-6 4.61979E-6 9.24654E-6 2.04454E-5 1.9141E-5 1.49452E-5 7.68762E-6 1.96956E-5 2.23563E-5 2.49226E-5 3.71816E-5 3.89125E-5 2.80171E-5 2.60864E-5 1.92912E-5 1.74248E-5 2.23983E-5 3.17424E-5 3.9852E-5 3.98361E-5 4.02337E-5 4.14531E-5 3.48053E-5 4.30967E-5 6.78331E-5 6.14981E-5 3.53464E-5 5.18205E-5 3.86006E-5 4.13034E-5 3.11545E-5 3.90733E-5 3.47943E-5 3.98152E-5 4.82176E-5 4.0682E-5 5.02234E-5 4.69912E-5 3.93313E-5 4.82476E-5 4.83915E-5 4.50748E-5 3.04333E-5 3.70085E-5 2.89538E-5
2.37912E-5 1.92832E-5 2.51758E-5 3.69821E-5 3.17179E-5 1.91325E-5 3.36752E-5 4.1555E-5 1.96976E-5 1.70036E-5 8.53084E-6 6.71713E-6 5.83974E-6 4.03462E-6 3.2343E-6 2.41251E-6 2.2474E-6 2.18294E-6 2.18636E-6 2.88668E-6 1.3421E-5 4.87991E-6 1.72424E-5 3.2044E-5 3.07648E-5 1.18394E-5 1.43487E-5 3.28509E-5 2.53895E-5 2.55517E-5 2.78675E-5 3.96357E-5 3.94688E-5 2.83067E-5 2.12409E-5 1.75852E-5 2.21357E-5 2.89476E-5 4.16174E-5 3.10897E-5 3.17451E-5 4.41486E-5 3.49241E-5 2.84474E-5 6.51543E-5 6.16362E-5 4.54894E-5 4.95193E-5 4.54627E-5 4.58124E-5 3.6321E-5 3.22209E-5 3.29524E-5 3.58278E-5 4.59986E-5 3.96035E-5 5.1481E-5 3.85256E-5 3.53517E-5 4.55869E-5 2.85826E-5 3.08236E-5 3.25976E-5 3.20294E-5 3.25307E-5
2.75857E-5 2.2152E-5 2.52375E-5 2.98637E-5 3.51174E-5 2.61203E-5 3.3979E-5 3.98027E-5 3.65405E-5 1.18733E-5 5.86419E-6 6.4785E-6 4.56087E-6 3.39877E-6 2.26789E-6 1.70855E-6 1.59163E-6 1.65606E-6 2.22796E-6 2.90757E-6 4.60658E-6 2.23684E-5 2.10436E-5 2.40175E-5 1.76337E-5 9.19002E-6 3.13872E-5 3.44931E-5 3.78731E-5 2.80056E-5 2.72701E-5 2.80171E-5 4.00944E-5 2.86349E-5 2.13286E-5 1.77373E-5 2.24961E-5 2.98858E-5 4.25184E-5 3.14607E-5 3.19627E-5 4.36646E-5 4.74614E-5 2.94713E-5 4.97811E-5 5.42646E-5 5.04388E-5 4.67054E-5 4.31183E-5 3.14954E-5 2.94176E-5 3.55646E-5 2.62085E-5 3.3662E-5 3.96026E-5 4.64669E-5 4.61181E-5 3.42386E-5 4.05465E-5 3.78369E-5 3.04108E-5 3.71819E-5 3.40459E-5 1.62101E-5 3.283E-5
2.76273E-5 2.75096E-5 2.1651E-5 2.97947E-5 3.67898E-5 2.94954E-5 2.99626E-5 1.2383E-5 1.62484E-5 2.96941E-5 8.12961E-6 6.27831E-6 4.30511E-6 3.34662E-6 3.46576E-6 2.6787E-6 2.9856E-6 1.78993E-6 2.8431E-6 4.6218E-6 6.45459E-6 2.01716E-5 3.00669E-5 3.39463E-5 1.23403E-5 9.19613E-6 2.46698E-5 2.66314E-5 3.9779E-5 3.97644E-5 4.03573E-5 2.82994E-5 4.07504E-5 2.89906E-5 2.16405E-5 1.87213E-5 2.56876E-5 3.07089E-5 4.37493E-5 3.1767E-5 3.17557E-5 3.252E-5 4.75959E-5 2.99863E-5 2.90815E-5 4.49151E-5 5.16525E-5 4.45143E-5 4.49018E-5 4.84162E-5 4.50422E-5 4.04412E-5 2.77612E-5 1.97313E-5 2.47864E-5 3.03952E-5 4.15862E-5 4.08517E-5 4.12026E-5 3.0482E-5 2.54641E-5 3.91341E-5 4.24391E-5 3.59643E-5 3.10144E-5
3.35395E-5 3.04017E-5 2.343E-5 3.05866E-5 3.20796E-5 2.8672E-5 2.95332E-5 2.11629E-5 1.22097E-5 3.01776E-5 9.11846E-6 4.89369E-6 3.95178E-6 3.6171E-6 3.55937E-6 3.52307E-6 2.75485E-6 1.79312E-6 3.06133E-6 4.84563E-6 8.72542E-6 2.07916E-5 2.53986E-5 3.51811E-5 2.6557E-5 1.33887E-5 3.73927E-5 2.85066E-5 4.06442E-5 2.89489E-5 4.14067E-5 4.0475E-5 4.08265E-5 2.90362E-5 2.1091E-5 2.13354E-5 2.96511E-5 4.40329E-5 4.42183E-5 4.4979E-5 4.46557E-5 3.13629E-5 4.80229E-5 2.12856E-5 6.42636E-5 5.84161E-5 5.2669E-5 4.68225E-5 5.08283E-5 3.93368E-5 4.10603E-5 3.95827E-5 2.87202E-5 4.77554E-5 3.72339E-5 4.94222E-5 4.98274E-5 5.01703E-5 4.97393E-5 5.18949E-5 5.1435E-5 4.60706E-5 4.18898E-5 3.52638E-5 3.31921E-5
3.64371E-5 3.18974E-5 2.90974E-5 3.314E-5 2.71056E-5 2.45227E-5 3.35293E-5 1.30851E-5 1.28361E-5 2.30322E-5 8.0384E-6 4.74193E-6 5.32198E-6 4.75312E-6 3.59575E-6 4.5833E-6 2.78171E-6 1.80913E-6 2.42742E-6 9.10647E-6 1.45229E-5 1.65895E-5 2.31626E-5 2.59786E-5 2.00914E-5 6.94394E-5 3.75619E-5 3.95762E-5 4.00771E-5 4.15983E-5 4.2315E-5 4.14216E-5 3.5223E-5 2.73885E-5 2.46245E-5 2.15227E-5 3.02406E-5 4.51342E-5 3.17836E-5 4.54827E-5 4.60775E-5 4.45789E-5 5.43777E-5 2.12629E-5 5.12017E-5 4.69171E-5 5.59107E-5 5.35725E-5 5.38149E-5 5.74185E-5 6.08718E-5 4.6075E-5 4.54248E-5 5.625E-5 5.59264E-5 5.62373E-5 4.43924E-5 4.49057E-5 5.73669E-5 4.43972E-5 3.35644E-5 4.29902E-5 5.30628E-5 5.21061E-5 4.69446E-5
