catData/rasterBestHybridModels/Prubiginosus/RD_RM1.5_H/Prubiginosus_min.asc
ncols         409
nrows         350
xllcorner     60.897278365
yllcorner     5.843756025
cellsize      0.0892857
NODATA_value  -9999
[rows 87 to 115 of 350, columns 195 to 259 of 409]
6.75642E-6 2.93777E-6 5.60065E-6 1.75175E-6 1.38144E-6 1.87715E-6 4.31221E-6 3.49978E-6 3.51034E-6 6.33146E-6 1.7472E-5 1.13552E-5 1.33406E-5 8.43326E-6 1.22E-5 6.10265E-6 1.21469E-5 2.19655E-5 7.91995E-6 8.60922E-6 7.61839E-6 7.75703E-6 1.12406E-5 8.09646E-6 1.17479E-5 1.25637E-5 1.51526E-5 1.22487E-5 1.18439E-5 1.40483E-5 1.3423E-5 1.14888E-5 1.18539E-5 3.47773E-6 2.95406E-6 9.70878E-6 7.8291E-6 7.8291E-6 3.73623E-6 7.8291E-6 9.16874E-6 7.82197E-6 1.01945E-5 1.01945E-5 1.01945E-5 1.01945E-5 1.8249E-5 6.29339E-6 9.35519E-6 7.61234E-6 7.61234E-6 5.50397E-6 8.35563E-6 1.01945E-5 1.01945E-5 1.01945E-5 8.35563E-6 7.53302E-6 -9999 -9999 5.03663E-6 7.53215E-6 8.35563E-6 1.01945E-5 1.01945E-5
4.05811E-6 4.07485E-6 1.69498E-6 2.71808E-6 1.3247E-6 1.4058E-6 1.72363E-6 1.57679E-6 3.55013E-6 3.56169E-6 4.20786E-6 1.43716E-5 6.96931E-6 3.53231E-6 5.31498E-6 1.72652E-5 1.58924E-5 1.84525E-5 1.61249E-5 1.84189E-5 1.14612E-5 9.84108E-6 1.00102E-5 1.6012E-5 1.09856E-5 1.17784E-5 1.22239E-5 1.31539E-5 1.23867E-5 1.45261E-5 1.9319E-5 1.32857E-5 1.44444E-5 9.73591E-6 1.0449E-5 3.94723E-6 3.94723E-6 3.59859E-6 6.0789E-6 7.8291E-6 7.8291E-6 7.8291E-6 1.01945E-5 1.22689E-5 1.39803E-5 1.01945E-5 2.01803E-5 1.39803E-5 7.1457E-6 1.16264E-5 1.11611E-5 8.47693E-6 8.35418E-6 1.01945E-5 1.01945E-5 1.01945E-5 1.01945E-5 8.35418E-6 8.11568E-6 8.11568E-6 7.5313E-6 8.35418E-6 1.01945E-5 1.01945E-5 8.35418E-6
4.10548E-6 4.48986E-6 4.13563E-6 4.79261E-6 1.41535E-6 1.73785E-6 1.5734E-6 1.58037E-6 1.75751E-6 1.59406E-6 3.61448E-6 3.61707E-6 9.97419E-6 1.15142E-5 1.31107E-5 1.95012E-5 2.27335E-5 2.23403E-5 1.74794E-5 1.23954E-5 9.4653E-6 1.26357E-5 7.42117E-6 2.68839E-5 1.84142E-5 1.53091E-5 1.91091E-5 1.80692E-5 9.8526E-6 1.04909E-5 1.5816E-5 1.5375E-5 1.35962E-5 1.30411E-5 1.13654E-5 1.33222E-5 4.91775E-6 3.94723E-6 3.94723E-6 3.94723E-6 7.8291E-6 6.07757E-6 8.11568E-6 1.11611E-5 1.69998E-5 1.01945E-5 7.07893E-6 9.16874E-6 9.16874E-6 1.01945E-5 1.26719E-5 1.20122E-5 7.5313E-6 8.35274E-6 1.01945E-5 8.35274E-6 1.01945E-5 1.01945E-5 1.01945E-5 1.01945E-5 8.35274E-6 1.01945E-5 1.01945E-5 1.01945E-5 8.35274E-6
4.14565E-6 4.26391E-6 4.1802E-6 3.55713E-6 3.57499E-6 3.38047E-6 1.63432E-6 1.77283E-6 1.94203E-6 1.8162E-6 1.82511E-6 1.82682E-6 4.31929E-6 3.66934E-6 4.6629E-6 5.12826E-6 6.67429E-6 4.73872E-6 4.35383E-6 4.60542E-6 3.69754E-6 5.64746E-6 1.32134E-5 1.57802E-5 2.06959E-5 1.87382E-5 1.75249E-5 1.37905E-5 1.21784E-5 1.64079E-5 1.43496E-5 1.55676E-5 1.37634E-5 1.47926E-5 6.79405E-6 1.50026E-5 1.02955E-5 9.37305E-6 3.66798E-6 2.95406E-6 2.69314E-6 4.85699E-6 9.68744E-6 6.07623E-6 1.7757E-5 1.89551E-5 1.2261E-5 6.3927E-6 5.23688E-6 6.79617E-6 4.83143E-6 1.01945E-5 8.3513E-6 1.95841E-5 1.01945E-5 1.2261E-5 1.01945E-5 1.01945E-5 1.01945E-5 1.01945E-5 1.01945E-5 1.01945E-5 1.01945E-5 1.01945E-5 1.01945E-5
4.18996E-6 3.56954E-6 3.58148E-6 3.59285E-6 3.60937E-6 7.10659E-6 1.95304E-6 1.93584E-6 1.92363E-6 2.06405E-6 2.07266E-6 2.02043E-6 1.82399E-6 1.65125E-6 1.80701E-5 5.18719E-6 4.79963E-6 4.41603E-6 3.74425E-6 1.14784E-5 6.64987E-6 4.82127E-6 2.23563E-6 2.60041E-6 5.26532E-6 1.67796E-5 1.97139E-5 2.61111E-5 3.0345E-5 2.25445E-5 2.01075E-5 2.07049E-5 1.70791E-5 1.73758E-5 1.64421E-5 1.76895E-5 1.6198E-5 9.79786E-6 9.82669E-6 3.66798E-6 3.33419E-6 2.95091E-6 3.06281E-6 7.8291E-6 7.8291E-6 8.34986E-6 7.52959E-6 8.11568E-6 7.52959E-6 7.3714E-6 4.83143E-6 5.82302E-6 7.82197E-6 1.71411E-5 1.83463E-5 1.01945E-5 1.01945E-5 8.34986E-6 1.01945E-5 1.01945E-5 1.01945E-5 1.01945E-5 8.34986E-6 8.11568E-6 8.11568E-6
3.58544E-6 3.60308E-6 3.61704E-6 3.62837E-6 3.64292E-6 1.34617E-5 6.39533E-6 3.48271E-6 1.9963E-6 2.03212E-6 2.09582E-6 2.03662E-6 1.84268E-6 1.66794E-6 1.43857E-6 2.06359E-6 3.58846E-6 3.77434E-6 7.11101E-6 1.3424E-5 1.34374E-5 8.9251E-6 2.57063E-6 2.36433E-6 2.18642E-6 2.1387E-6 1.3047E-5 1.65309E-5 2.4868E-5 1.72821E-5 1.88001E-5 1.2716E-5 1.70163E-5 1.68322E-5 1.57721E-5 1.94576E-5 1.87201E-5 1.24954E-5 1.46201E-5 1.20827E-5 9.48823E-6 3.66798E-6 3.80219E-6 4.90118E-6 3.94723E-6 3.94723E-6 6.07358E-6 4.42609E-6 8.34842E-6 1.75232E-5 1.75698E-5 7.82197E-6 1.54185E-5 1.22532E-5 8.34842E-6 1.71411E-5 9.16874E-6 8.34842E-6 5.8592E-6 2.79168E-6 3.94723E-6 3.94723E-6 1.01945E-5 1.01945E-5 8.34842E-6
4.37049E-6 4.38751E-6 4.40834E-6 4.78997E-6 8.85804E-6 4.39124E-6 5.60529E-6 4.28975E-6 5.77766E-6 1.96827E-6 1.95115E-6 2.05752E-6 1.86224E-6 1.68437E-6 1.45268E-6 1.98463E-6 1.88347E-6 1.69941E-6 4.17821E-6 4.45442E-5 1.94808E-5 5.20147E-6 2.46947E-6 1.74127E-6 1.66556E-6 1.90576E-6 1.60355E-6 2.22974E-6 2.40885E-6 3.28026E-6 1.09448E-5 1.98784E-5 5.39451E-6 3.51357E-6 5.76902E-6 2.91026E-5 1.70455E-5 1.3805E-5 1.33342E-5 1.09029E-5 1.00251E-5 1.10067E-5 3.99564E-6 4.94386E-6 5.30398E-6 4.90118E-6 1.4978E-5 3.06148E-6 7.8291E-6 3.73623E-6 5.53593E-6 1.42537E-5 1.69604E-5 1.21202E-5 7.52788E-6 6.0961E-6 8.11568E-6 6.58191E-6 6.07226E-6 1.52965E-5 4.07362E-6 3.80136E-6 6.07226E-6 3.94723E-6 3.06148E-6
5.27439E-6 4.71265E-6 4.34444E-6 4.41994E-6 3.70413E-6 3.71751E-6 4.40052E-6 1.13791E-5 4.34075E-6 3.76865E-6 4.4632E-6 4.87387E-6 4.4842E-6 3.80878E-6 1.89208E-6 1.89922E-6 1.72062E-6 1.71779E-6 4.43967E-6 4.64661E-6 4.65967E-6 4.02858E-6 5.66468E-6 1.50864E-5 6.33054E-6 1.71109E-6 1.89866E-6 1.95376E-6 2.14152E-6 2.20598E-6 1.21018E-6 5.66202E-6 1.99598E-5 2.44872E-5 1.37765E-5 2.77218E-5 2.34513E-5 1.38309E-5 1.29637E-5 9.89129E-6 1.21927E-5 1.55051E-5 1.33612E-5 1.26271E-5 4.97922E-6 4.9393E-6 4.90118E-6 4.90118E-6 4.90118E-6 1.18663E-6 1.88371E-6 2.26639E-6 8.924E-6 4.03458E-6 4.38495E-6 3.99765E-6 3.25263E-6 9.75647E-6 8.34557E-6 3.10538E-6 2.3193E-6 2.68447E-6 3.06081E-6 4.90118E-6 3.94723E-6
2.10939E-6 1.82313E-6 3.71394E-6 3.7268E-6 3.55655E-6 3.74895E-6 4.43698E-6 1.96527E-6 1.87076E-6 1.69389E-6 1.70237E-6 1.89416E-6 3.08964E-6 3.09786E-6 3.85558E-6 3.86191E-6 3.87915E-6 3.87434E-6 3.92301E-6 1.7423E-6 3.89432E-6 4.59794E-6 8.36396E-6 5.48089E-6 4.59961E-6 4.88011E-6 1.45444E-6 1.34912E-6 2.08609E-6 2.23869E-6 1.48436E-6 1.55556E-6 1.23857E-6 2.15742E-5 2.46807E-5 2.22797E-5 8.06243E-6 6.26914E-6 2.16075E-5 1.49905E-5 1.36012E-5 1.31055E-5 1.66865E-5 1.62392E-5 1.32016E-5 3.95903E-6 3.94723E-6 4.90118E-6 4.90118E-6 4.90118E-6 1.10059E-5 3.15814E-6 2.45527E-6 2.95406E-6 2.95406E-6 2.0407E-6 2.69314E-6 3.1772E-6 1.01945E-5 1.86426E-6 1.10659E-6 6.8729E-6 2.68408E-6 2.95406E-6 2.78986E-6
2.12546E-6 2.02854E-6 1.90763E-6 1.85427E-6 3.76667E-6 3.781E-6 1.87467E-6 1.47863E-6 1.91855E-6 2.10919E-6 1.86034E-6 1.72778E-6 1.34327E-6 1.29962E-6 1.44677E-6 1.50217E-6 3.90786E-6 3.71969E-6 4.70643E-6 4.61547E-6 3.9245E-6 3.92685E-6 6.92236E-6 5.29546E-6 3.51325E-6 2.9602E-6 9.22467E-6 4.37779E-6 3.89044E-6 4.73654E-6 4.77152E-6 2.07852E-6 1.91836E-6 2.53686E-6 6.89529E-6 8.7479E-6 1.8039E-5 1.93757E-5 1.52296E-5 8.38443E-6 2.06425E-5 2.20906E-5 1.38761E-5 1.2089E-5 1.20874E-5 1.20827E-5 1.20827E-5 3.94723E-6 3.05949E-6 4.90118E-6 1.20827E-5 1.20827E-5 1.10059E-5 1.00251E-5 3.94723E-6 3.94723E-6 3.94723E-6 3.05949E-6 3.94723E-6 3.94723E-6 1.00251E-5 1.50681E-6 7.53769E-6 1.0049E-6 1.85394E-6
1.88403E-6 1.86085E-6 1.75375E-6 1.68897E-6 1.69426E-6 1.31847E-6 1.70776E-6 1.75888E-6 1.77922E-6 1.91498E-6 1.98306E-6 1.76594E-6 1.76123E-6 1.95162E-6 1.59454E-6 1.51548E-6 1.76851E-6 1.96733E-6 2.1736E-6 5.07461E-6 4.67011E-6 3.96088E-6 3.95773E-6 3.5337E-5 1.21204E-5 3.04358E-6 3.55484E-6 1.05486E-5 3.99189E-6 3.40325E-6 3.29002E-6 2.15052E-6 2.16036E-6 2.10124E-6 2.82953E-6 6.45872E-6 6.76998E-6 9.12539E-6 1.89734E-5 9.64528E-6 1.41713E-5 1.46478E-5 1.29736E-5 1.37219E-5 1.4407E-5 1.03434E-5 1.20827E-5 1.20827E-5 3.94723E-6 1.36296E-5 3.05883E-6 9.88626E-6 3.699E-5 1.20827E-5 1.20827E-5 1.20827E-5 4.90118E-6 3.94723E-6 2.7268E-6 4.90118E-6 4.90118E-6 1.03434E-5 7.78657E-6 2.53389E-6 1.75045E-6
1.72475E-6 1.69447E-6 1.72114E-6 2.09499E-6 2.081E-6 1.40502E-6 1.73582E-6 2.34949E-6 2.55711E-6 1.74274E-6 1.74951E-6 1.82105E-6 1.76903E-6 1.77186E-6 1.96897E-6 1.97028E-6 1.78931E-6 1.98674E-6 1.62133E-6 1.76386E-6 2.10176E-6 4.71075E-6 3.21786E-6 7.57345E-6 4.01949E-6 4.831E-6 5.29856E-6 3.70103E-6 4.93651E-6 4.82291E-6 2.67527E-6 2.00033E-6 1.94591E-6 1.98081E-6 2.0708E-6 1.90154E-6 3.88532E-6 6.50074E-6 8.93246E-6 8.04449E-6 1.86548E-5 1.6248E-5 1.43827E-5 1.93254E-5 1.70364E-5 1.17556E-5 1.27679E-5 1.03812E-5 1.27086E-5 1.17291E-5 1.07123E-5 3.94723E-6 3.94723E-6 3.70735E-5 1.20827E-5 9.88459E-6 1.03434E-5 1.03434E-5 1.078E-5 4.09067E-6 4.90118E-6 1.15347E-5 1.28732E-5 1.13654E-5 1.20827E-5
1.70031E-6 2.00895E-6 1.9235E-6 1.29765E-6 1.17706E-6 1.46387E-6 2.86546E-6 1.31361E-6 1.23706E-6 1.95435E-6 1.76733E-6 1.77363E-6 1.52998E-6 1.78616E-6 1.79271E-6 1.99332E-6 1.80411E-6 1.39722E-6 1.36177E-6 1.72434E-6 2.23143E-6 2.01199E-6 1.81967E-6 1.43487E-6 3.87967E-6 5.28647E-6 5.98071E-6 4.83649E-6 2.37673E-6 5.30358E-6 4.94617E-6 4.68597E-6 1.84178E-6 1.79906E-6 1.98595E-6 2.26112E-6 1.83747E-6 2.35409E-6 8.69708E-6 6.75955E-6 6.13316E-6 7.20408E-6 1.91833E-5 1.56218E-5 1.40408E-5 1.26278E-5 1.48918E-5 1.22867E-5 1.0268E-5 1.07765E-5 1.76886E-5 1.77701E-5 1.07084E-5 9.74631E-6 1.19767E-5 1.29821E-5 1.12617E-5 1.03806E-5 1.03633E-5 1.27498E-5 1.59827E-5 1.00827E-5 1.34037E-5 3.51292E-6 1.26382E-5
2.05355E-6 3.57208E-6 1.46283E-6 1.98758E-6 1.47248E-6 2.21512E-6 1.23713E-6 1.24191E-6 1.21856E-6 1.03588E-6 1.03928E-6 1.53536E-6 1.57167E-6 1.54913E-6 1.80917E-6 2.01422E-6 1.56376E-6 1.23633E-6 1.51548E-6 1.74109E-6 2.31984E-6 2.13923E-6 2.04231E-6 1.87727E-6 1.90551E-6 2.07839E-6 2.09641E-6 5.33811E-6 1.25695E-5 1.90542E-6 2.3787E-6 5.35293E-6 2.02609E-6 1.41439E-6 1.9685E-6 2.07997E-6 2.20814E-6 2.19541E-6 4.72226E-6 6.1255E-6 9.31948E-6 7.19764E-6 3.54538E-6 2.24212E-6 3.53324E-6 3.3726E-6 1.64434E-5 1.68712E-5 1.16016E-5 7.32437E-6 8.65321E-6 1.25419E-5 1.47323E-5 1.26834E-5 1.33792E-5 1.67294E-5 1.39224E-5 1.44773E-5 1.44775E-5 1.33808E-5 1.03316E-5 1.33222E-5 1.92568E-5 3.06824E-5 1.23437E-5
4.30619E-6 1.19795E-6 1.15369E-6 2.44689E-6 1.31956E-6 1.21841E-6 1.56284E-6 1.03684E-6 1.04182E-6 1.09765E-6 1.23808E-6 1.35116E-6 1.4723E-6 2.02085E-6 1.82435E-6 1.83158E-6 1.57775E-6 1.42335E-6 2.04366E-6 2.27095E-6 2.39217E-6 1.81569E-6 2.1742E-6 2.12036E-6 1.9357E-6 1.48774E-6 1.47144E-6 2.09969E-6 2.22805E-6 4.92828E-6 2.00905E-6 2.31195E-6 1.27868E-6 1.059E-6 1.77826E-6 1.80261E-6 1.86429E-6 2.1182E-6 2.29804E-6 2.97723E-6 2.89835E-6 1.03103E-5 6.51977E-6 3.94679E-6 1.80274E-6 2.20659E-6 4.62774E-6 8.20697E-6 9.01552E-6 1.22196E-5 1.23295E-5 1.07326E-5 1.02737E-5 1.26286E-5 1.42557E-5 1.94668E-5 1.63434E-5 1.15848E-5 1.58541E-5 2.43952E-5 1.73828E-5 2.41547E-5 2.20339E-5 1.60478E-5 2.62499E-5
1.97947E-6 1.47442E-6 1.06232E-6 1.00271E-6 2.55903E-6 2.09598E-6 1.59022E-6 1.79408E-6 1.268E-6 1.2719E-6 1.35853E-6 1.23207E-6 1.20107E-6 1.0725E-6 1.01501E-6 1.12366E-6 1.85587E-6 1.87009E-6 2.17697E-6 2.09458E-6 2.18423E-6 2.37506E-6 2.3782E-6 2.23582E-6 2.18203E-6 2.15825E-6 1.95263E-6 1.9595E-6 2.16927E-6 2.40372E-6 2.02491E-6 2.39704E-6 2.22839E-6 1.0473E-6 1.24076E-6 1.05827E-6 1.83491E-6 2.02658E-6 2.23741E-6 2.68931E-6 7.5575E-6 8.08859E-6 1.10055E-5 5.87418E-6 8.4096E-6 6.92887E-6 2.86971E-6 3.39153E-6 5.69025E-6 1.50945E-5 1.04689E-5 1.07685E-5 1.50543E-5 9.9177E-6 1.00807E-5 1.4518E-5 2.49766E-5 2.88134E-5 1.34181E-5 2.30159E-5 1.78061E-5 2.80804E-5 3.03838E-5 3.86547E-5 2.95322E-5
1.31956E-6 1.24262E-6 1.22009E-6 1.0372E-6 1.09051E-6 1.04417E-6 9.98684E-7 2.94646E-6 2.30627E-6 2.06602E-6 1.53866E-6 1.54928E-6 1.55481E-6 1.55163E-6 1.11339E-6 1.30053E-6 1.28111E-6 1.09677E-6 2.04006E-6 1.8826E-6 1.62758E-6 1.61201E-6 1.61351E-6 1.74499E-6 2.47311E-6 1.77332E-6 1.69479E-6 1.99517E-6 2.19405E-6 2.41805E-6 2.73909E-6 1.59543E-6 1.58313E-6 2.06038E-6 1.25684E-6 1.06239E-6 1.06051E-6 1.25062E-6 2.23028E-6 2.46214E-6 2.65784E-6 2.69704E-6 3.1793E-6 7.62798E-6 6.19675E-6 2.41692E-6 2.29631E-6 2.11391E-6 2.13655E-6 1.13077E-5 8.61314E-6 6.79505E-6 1.96005E-5 1.53455E-5 1.42541E-5 1.21755E-5 1.51495E-5 1.55491E-5 2.03858E-5 8.82674E-6 2.55731E-5 1.02136E-5 1.2422E-5 1.94393E-5 1.73421E-5
1.22128E-6 1.03688E-6 1.03984E-6 1.04407E-6 8.42559E-7 1.46348E-6 1.61471E-6 1.0607E-6 5.26682E-6 1.81003E-6 2.78307E-6 1.25101E-6 1.25684E-6 1.57378E-6 1.57091E-6 1.56702E-6 1.40424E-6 1.04522E-6 8.88176E-7 1.39618E-6 1.91766E-6 1.93791E-6 2.38608E-6 2.33497E-6 2.21927E-6 1.78842E-6 1.70578E-6 1.99479E-6 2.18211E-6 2.41729E-6 2.50978E-6 2.62709E-6 1.60371E-6 6.96902E-6 2.43664E-6 1.01729E-6 1.06356E-6 1.25816E-6 1.36556E-6 1.51822E-6 1.51533E-6 2.1317E-6 2.67161E-6 2.74765E-6 4.22096E-6 5.63975E-6 4.74656E-6 1.48618E-6 2.62577E-6 5.29787E-6 4.49738E-6 6.57934E-6 8.55938E-6 9.0418E-6 9.78416E-6 2.4851E-5 1.83359E-5 2.10595E-5 2.391E-5 1.82094E-5 1.68437E-5 2.4622E-5 3.96211E-5 3.7959E-5 2.79707E-5
1.31926E-6 1.61241E-6 2.60168E-6 1.46485E-6 1.04023E-6 1.46097E-6 3.18324E-6 1.06695E-6 1.70479E-6 1.27504E-6 2.27679E-6 4.26569E-6 1.12731E-6 1.57564E-6 4.75131E-6 1.5886E-6 1.53278E-6 1.30474E-6 1.10783E-6 1.30922E-6 1.0782E-6 1.31688E-6 1.12231E-6 1.98595E-6 1.98177E-6 1.70441E-6 1.70958E-6 1.98594E-6 2.17641E-6 2.20961E-6 1.76251E-6 1.88257E-6 2.62617E-6 2.39614E-6 2.67973E-6 2.24183E-6 1.07897E-6 8.70141E-7 1.02354E-6 1.48837E-6 1.52315E-6 1.2257E-6 1.22571E-6 2.30224E-6 2.21641E-6 1.76088E-6 3.17726E-6 2.77172E-6 3.08579E-6 7.13936E-6 1.69744E-6 2.58639E-6 2.48009E-6 2.72691E-6 2.10071E-6 4.67268E-6 2.00844E-6 2.66751E-6 8.81576E-6 2.05343E-5 1.92042E-5 2.11003E-5 1.78899E-5 1.74184E-5 1.93412E-5
1.14287E-6 1.02056E-6 2.38966E-6 2.02644E-6 1.25527E-6 1.61412E-6 2.12874E-6 3.0457E-6 1.0785E-6 1.67138E-6 1.66171E-6 1.69772E-6 1.89084E-6 1.44248E-6 1.14151E-6 1.61949E-6 4.45394E-6 1.78871E-6 1.11083E-6 1.11576E-6 1.32133E-6 1.46217E-6 1.49463E-6 1.95315E-6 1.13851E-6 1.99211E-6 1.99104E-6 1.99085E-6 1.9722E-6 1.97946E-6 1.68886E-6 1.74931E-6 2.43841E-6 1.62789E-6 2.73079E-6 2.27533E-6 1.93757E-6 2.5128E-6 1.28662E-6 1.39027E-6 1.24136E-6 1.23316E-6 1.52749E-6 1.35219E-6 1.25287E-6 1.2373E-6 1.49002E-6 1.29336E-6 1.50027E-6 1.98108E-6 1.9876E-6 2.01592E-6 2.13105E-6 2.33623E-6 1.95551E-6 2.39709E-6 1.82966E-6 2.39812E-6 2.50305E-6 2.76114E-6 2.30775E-6 1.89822E-5 1.62399E-5 1.4218E-5 1.18139E-5
9.18505E-7 1.07812E-6 1.68272E-6 8.68378E-7 4.76287E-6 1.62901E-6 2.33072E-6 1.39087E-6 2.74439E-6 1.31505E-6 1.885E-6 1.69772E-6 1.10246E-6 1.70571E-6 1.4842E-6 1.43137E-6 2.05035E-6 1.05157E-6 1.06042E-6 1.12087E-6 1.1261E-6 1.07089E-6 1.28574E-6 3.75866E-6 1.14023E-6 1.14449E-6 1.52867E-6 2.06306E-6 1.70128E-6 1.98787E-6 1.98002E-6 2.17141E-6 2.386E-6 1.62241E-6 1.62879E-6 2.50898E-6 2.30561E-6 1.93687E-6 2.43E-6 2.26085E-6 1.3911E-6 1.38249E-6 1.2913E-6 1.25493E-6 1.05267E-6 1.04449E-6 1.03788E-6 1.03326E-6 1.76517E-6 1.78017E-6 1.79507E-6 1.81006E-6 2.71855E-6 2.35489E-6 2.63934E-6 2.35967E-6 2.13559E-6 2.15591E-6 2.28561E-6 2.53591E-6 2.78197E-6 2.97941E-6 3.67534E-6 7.72742E-6 1.55953E-5
1.2518E-6 1.28423E-6 1.83385E-6 2.51736E-6 5.58321E-6 3.72932E-6 1.56714E-6 2.354E-6 1.60891E-6 1.54164E-6 2.80033E-6 5.00822E-6 1.91366E-6 1.11723E-6 4.43051E-6 1.32492E-6 1.38129E-6 3.14758E-6 1.08872E-6 1.33109E-6 1.13394E-6 1.33958E-6 1.45501E-6 3.75732E-6 1.1404E-6 1.1465E-6 1.18116E-6 1.1416E-6 1.15542E-6 1.34669E-6 1.98693E-6 2.19461E-6 1.77144E-6 1.61495E-6 5.88539E-6 2.83601E-6 2.51179E-6 1.84532E-6 1.93147E-6 1.92105E-6 1.81557E-6 1.02681E-6 1.07574E-6 1.07022E-6 1.06423E-6 1.25489E-6 1.27876E-6 1.27511E-6 1.27578E-6 1.28189E-6 1.01705E-6 1.76704E-6 1.78139E-6 2.08619E-6 2.23024E-6 2.13677E-6 1.94485E-6 1.96574E-6 2.23909E-6 2.40687E-6 2.64798E-6 2.61923E-6 2.5126E-6 5.47465E-6 7.86714E-6
1.37124E-6 1.5443E-6 2.10468E-6 1.57927E-6 3.0887E-6 1.50813E-6 4.14106E-6 4.9764E-6 4.05425E-6 1.87798E-6 1.72779E-6 1.28004E-6 3.09516E-6 2.59818E-6 2.45281E-6 2.00172E-6 8.08494E-7 9.01628E-7 1.43061E-6 1.33736E-6 1.1338E-6 1.13366E-6 1.8706E-6 1.13357E-6 2.76287E-6 2.04101E-6 1.46912E-6 1.94607E-6 1.13727E-6 1.34308E-6 1.13423E-6 1.13771E-6 1.34412E-6 1.44769E-6 1.30733E-6 2.85358E-6 6.19783E-6 2.51406E-6 2.29504E-6 1.92965E-6 2.27165E-6 1.90987E-6 1.90194E-6 1.02378E-6 1.29701E-6 1.38001E-6 1.54518E-6 1.54121E-6 1.54362E-6 1.55025E-6 1.39291E-6 3.86752E-6 1.0979E-6 1.10884E-6 2.1544E-6 2.16713E-6 1.88491E-6 2.00355E-6 2.08102E-6 2.4836E-6 2.46081E-6 2.38612E-6 2.02864E-6 1.88567E-6 2.46143E-6
2.22892E-6 1.83974E-6 1.84688E-6 2.30142E-6 2.31169E-6 5.43024E-6 2.01745E-6 1.42812E-6 1.41026E-6 1.70017E-6 1.11398E-6 1.53129E-6 4.15985E-6 2.1562E-6 1.76289E-6 3.12156E-6 1.67468E-6 1.0741E-6 1.13383E-6 1.13519E-6 1.08219E-6 1.13915E-6 1.23642E-6 9.20666E-7 1.4683E-6 1.2485E-6 1.69921E-6 2.87548E-6 1.23493E-6 2.21478E-6 1.07723E-6 1.13721E-6 1.99743E-6 2.35418E-6 1.92942E-6 1.1021E-6 2.38912E-6 2.37386E-6 1.85738E-6 1.55992E-6 1.93496E-6 1.92735E-6 2.2699E-6 2.45449E-6 1.56266E-6 1.56262E-6 1.56413E-6 1.56655E-6 1.57045E-6 1.26487E-6 1.57565E-6 4.24791E-6 1.33796E-6 1.11964E-6 1.13184E-6 1.3492E-6 1.14471E-6 1.96663E-6 2.48894E-6 2.54868E-6 2.32941E-6 2.144E-6 1.66507E-6 1.66141E-6 2.35147E-6
2.18954E-6 1.53081E-6 1.53893E-6 1.92504E-6 3.36537E-6 1.93949E-6 2.63725E-6 2.85407E-6 4.21991E-6 3.30864E-6 2.37726E-6 2.54095E-6 2.8619E-6 2.28597E-6 3.46097E-6 3.99683E-6 3.15477E-6 1.58468E-6 1.37526E-6 1.13982E-6 1.14041E-6 1.1425E-6 1.14262E-6 1.15088E-6 9.26003E-7 1.57318E-6 1.47914E-6 1.35528E-6 1.14358E-6 1.08809E-6 1.46813E-6 1.35028E-6 2.00189E-6 1.99756E-6 2.00334E-6 2.00702E-6 2.18958E-6 1.97141E-6 1.96675E-6 1.95426E-6 1.95045E-6 1.94537E-6 1.93341E-6 2.27508E-6 2.31541E-6 1.31761E-6 1.40501E-6 1.57641E-6 1.57748E-6 1.27648E-6 1.28309E-6 1.59862E-6 1.15781E-6 1.04564E-6 9.17698E-7 1.1509E-6 1.15696E-6 1.38786E-6 1.627E-6 1.41335E-6 2.04349E-6 2.12716E-6 2.14025E-6 1.72436E-6 2.04235E-6
1.05016E-5 1.82868E-6 1.54335E-6 1.93862E-6 1.95329E-6 3.92589E-6 2.36064E-6 2.52243E-6 4.82977E-6 2.85444E-6 4.44449E-6 2.87294E-6 2.89113E-6 4.01862E-6 5.5938E-6 9.31275E-6 3.25619E-6 5.40775E-6 2.96854E-6 1.08954E-6 1.14311E-6 1.0899E-6 1.11358E-6 2.01368E-6 1.7965E-6 1.33592E-6 1.19119E-6 2.00047E-6 1.1488E-6 1.15122E-6 1.36391E-6 1.96269E-6 2.38508E-6 2.0079E-6 2.00564E-6 2.38228E-6 2.67964E-6 2.63911E-6 3.19201E-6 3.31785E-6 2.36135E-6 2.30509E-6 1.93264E-6 1.92111E-6 1.8827E-6 1.84391E-6 1.30184E-6 1.3305E-6 1.42266E-6 1.59875E-6 1.60831E-6 1.62589E-6 1.31198E-6 1.14707E-6 1.09541E-6 1.16352E-6 1.38526E-6 1.50599E-6 1.66181E-6 1.39502E-6 1.20735E-6 1.17523E-6 1.5068E-6 2.47387E-6 2.6556E-6
1.21149E-5 6.37375E-6 4.32738E-6 2.83484E-6 1.57948E-6 3.60599E-6 2.32879E-6 2.37701E-6 2.04075E-6 2.33417E-6 2.87887E-6 4.91813E-6 1.27309E-5 7.76475E-6 2.33238E-6 2.08396E-6 4.84657E-6 1.10975E-5 7.54784E-6 2.03002E-6 2.01475E-6 2.02178E-6 2.39725E-6 2.61182E-6 1.10189E-6 1.34009E-6 1.1768E-6 1.6108E-6 1.56363E-6 2.66966E-6 2.41314E-6 1.63745E-6 2.03872E-6 2.02415E-6 2.01404E-6 2.38414E-6 2.4315E-6 3.38152E-6 3.67038E-6 4.64122E-6 4.6237E-6 2.8631E-6 2.31765E-6 1.90537E-6 2.29826E-6 1.86526E-6 1.82561E-6 1.11349E-6 1.32028E-6 1.35103E-6 1.44741E-6 1.63274E-6 1.64657E-6 1.60913E-6 1.1005E-6 1.16734E-6 1.39118E-6 1.52224E-6 1.43004E-6 1.40964E-6 1.21772E-6 1.23625E-6 1.2438E-6 1.24433E-6 1.18012E-6
3.18837E-6 2.94916E-6 2.81551E-6 4.0672E-6 1.29289E-5 4.96142E-6 1.98528E-6 1.98965E-6 1.8894E-6 1.72859E-6 1.88543E-6 1.94366E-6 2.5901E-6 4.51003E-6 1.54149E-5 5.10514E-6 9.56199E-6 2.93285E-6 6.87856E-6 3.48256E-6 2.41509E-6 2.03309E-6 2.03401E-6 2.4068E-6 2.10942E-6 1.98212E-6 2.41643E-6 2.04158E-6 2.86517E-6 7.09486E-6 2.61867E-6 2.04117E-6 2.414E-6 2.39754E-6 2.01756E-6 2.01615E-6 2.01705E-6 2.27276E-6 2.63362E-6 5.73488E-6 3.2316E-6 2.98541E-6 1.98267E-6 2.08245E-6 3.00178E-6 2.3804E-6 2.33192E-6 1.7776E-6 9.03603E-7 1.13045E-6 1.0791E-6 1.07539E-6 1.11198E-6 1.39997E-6 4.14427E-6 1.17158E-6 1.17917E-6 1.39999E-6 1.18802E-6 1.20124E-6 1.22148E-6 1.23496E-6 1.24086E-6 1.23998E-6 1.23878E-6
1.57938E-5 1.4624E-5 1.40282E-5 1.01427E-5 2.74879E-5 7.72806E-6 6.37151E-6 1.99832E-6 1.99876E-6 1.60786E-6 2.00178E-6 2.01024E-6 3.65437E-6 7.72242E-6 2.60887E-6 2.9745E-6 6.91817E-6 7.94815E-6 3.98806E-6 3.04136E-6 2.0823E-6 2.41468E-6 2.04188E-6 2.87369E-6 2.42277E-6 2.63744E-6 2.42438E-6 2.08117E-6 5.67908E-6 2.89765E-6 2.05267E-6 2.04373E-6 2.04181E-6 2.40341E-6 2.44557E-6 2.44323E-6 2.39404E-6 2.29748E-6 2.2259E-6 2.13597E-6 2.0867E-6 5.40537E-6 2.07679E-6 2.27569E-6 5.65489E-6 7.32536E-6 3.32538E-6 2.40361E-6 2.75441E-6 1.7983E-6 1.14773E-6 1.15153E-6 1.15678E-6 1.1661E-6 1.17337E-6 1.17806E-6 1.84214E-6 1.19325E-6 1.20178E-6 1.42842E-6 1.46997E-6 1.48451E-6 1.49292E-6 1.46052E-6 1.23287E-6
