catData/rasterBestHybridModels/Prubiginosus/RD_RM1.5_H/Prubiginosus_avg.asc
ncols         409
nrows         350
xllcorner     60.897278365
yllcorner     5.843756025
cellsize      0.0892857
NODATA_value  -9999
[rows 116 to 144 of 350, columns 195 to 259 of 409]
5.9666E-5 3.27378E-5 6.21319E-5 2.42517E-5 8.7826E-5 4.15017E-5 1.678E-5 1.2317E-5 5.13417E-6 6.86649E-6 6.68146E-6 4.21051E-6 7.22173E-6 5.06693E-6 7.18032E-6 7.38006E-6 8.0648E-6 9.61579E-6 9.12266E-6 5.10528E-6 5.73776E-6 5.06003E-6 6.70776E-6 5.35772E-6 5.53632E-6 4.91926E-6 5.33745E-6 5.53974E-6 6.97588E-6 6.25267E-6 6.24043E-6 4.80229E-6 5.19681E-6 5.22722E-6 6.23138E-6 6.35589E-6 5.12906E-6 4.74965E-6 6.74076E-6 6.70957E-6 6.69825E-6 6.45483E-6 5.30789E-6 5.27564E-6 5.22628E-6 7.90418E-6 1.31923E-5 8.96899E-6 6.9174E-6 6.48493E-6 5.9728E-6 2.31586E-6 3.0791E-6 3.09005E-6 2.32679E-6 3.28121E-6 3.80767E-6 2.61785E-6 2.62779E-6 2.64497E-6 3.17612E-6 3.49314E-6 3.9672E-6 3.46785E-6 3.22689E-6
3.23113E-5 2.56937E-5 5.05777E-5 3.76883E-5 4.12785E-5 3.79089E-5 4.06339E-5 1.46085E-5 1.45513E-5 8.97454E-6 7.392E-6 6.87386E-6 6.7153E-6 5.66155E-6 6.03568E-6 4.36429E-6 5.76536E-6 5.72635E-6 8.7896E-6 7.82636E-6 5.42546E-6 6.12917E-6 5.15605E-6 4.86154E-6 6.08819E-6 5.3553E-6 5.33914E-6 6.8025E-6 6.82439E-6 6.73888E-6 5.38902E-6 4.85133E-6 6.38425E-6 5.20502E-6 5.18037E-6 5.14035E-6 4.67707E-6 4.74385E-6 7.28801E-6 8.36776E-6 8.00943E-6 7.2254E-6 5.3478E-6 4.84312E-6 4.00308E-6 5.25396E-6 6.34553E-6 6.49354E-6 2.24748E-5 2.10636E-5 8.71424E-6 8.06734E-6 7.55101E-6 5.64274E-6 2.8577E-6 3.80161E-6 3.34802E-6 3.53878E-6 3.11077E-6 2.64667E-6 2.65124E-6 2.38731E-6 2.52876E-6 2.84195E-6 2.82525E-6
1.784E-5 2.09727E-5 4.61722E-5 1.03819E-4 5.98679E-5 5.09469E-5 1.41965E-4 1.29773E-4 7.81973E-5 5.54352E-5 1.72976E-5 8.52609E-6 8.61469E-6 7.00741E-6 1.04742E-5 4.21362E-6 4.20867E-6 9.29537E-6 6.9853E-6 4.42172E-6 4.29654E-6 5.39756E-6 9.13698E-6 5.6415E-6 7.07114E-6 8.06425E-6 6.93653E-6 7.17993E-6 7.92934E-6 6.44096E-6 5.29799E-6 5.292E-6 6.38443E-6 6.66751E-6 6.35137E-6 5.19385E-6 5.15422E-6 5.10377E-6 6.15294E-6 6.77235E-6 7.30045E-6 6.57401E-6 5.39589E-6 4.8949E-6 6.46229E-6 5.30122E-6 5.28611E-6 4.0017E-6 5.28861E-6 4.8351E-6 7.8659E-6 6.40775E-6 8.74799E-6 8.15036E-6 8.18218E-6 8.07335E-6 7.81105E-6 7.74177E-6 2.55506E-6 3.12674E-6 2.64353E-6 2.66142E-6 2.37516E-6 2.33308E-6 2.57843E-6
1.15469E-5 3.21346E-5 7.95412E-5 1.52515E-4 2.74599E-5 5.29457E-5 7.48047E-5 5.89911E-5 7.47114E-5 8.11392E-5 5.58871E-5 5.41666E-5 4.5976E-5 1.73813E-5 8.75328E-6 8.03174E-6 7.2387E-6 6.84119E-6 6.81126E-6 6.90908E-6 5.43548E-6 5.54664E-6 1.14144E-5 6.88535E-6 6.22551E-6 5.81152E-6 4.13004E-6 6.51726E-6 6.66296E-6 7.95489E-6 6.45618E-6 5.30022E-6 4.84774E-6 7.28917E-6 7.28781E-6 6.49838E-6 6.29887E-6 5.14244E-6 5.09583E-6 5.48018E-6 6.61669E-6 6.57474E-6 5.4311E-6 6.55323E-6 7.20792E-6 6.496E-6 5.33288E-6 5.33484E-6 6.44612E-6 7.15031E-6 8.26961E-6 8.75983E-6 9.30372E-6 9.48353E-6 6.62378E-6 8.55797E-6 8.19604E-6 7.90211E-6 5.76865E-6 6.78008E-6 4.60429E-6 5.04881E-6 2.64595E-6 2.63959E-6 3.12504E-6
2.30036E-5 1.01762E-4 9.40076E-5 1.51002E-4 7.25644E-5 5.90845E-5 8.92865E-5 9.51382E-5 6.4487E-5 4.21336E-5 4.03458E-5 6.32296E-5 6.89167E-5 5.80189E-5 1.32172E-5 7.90095E-6 5.15457E-6 6.07366E-6 5.47493E-6 5.44395E-6 4.13917E-6 5.42984E-6 6.57206E-6 5.40875E-6 5.84954E-6 6.95104E-6 5.68884E-6 6.20436E-6 5.37457E-6 8.07933E-6 6.86514E-6 5.79353E-6 5.36758E-6 6.44515E-6 6.58406E-6 6.52967E-6 6.49391E-6 4.85594E-6 6.26364E-6 5.53663E-6 5.50141E-6 4.13503E-6 5.44654E-6 6.58691E-6 8.01203E-6 7.24013E-6 6.52343E-6 5.39422E-6 5.38067E-6 6.52583E-6 8.00064E-6 8.7425E-6 9.02665E-6 8.99659E-6 7.31223E-6 6.54225E-6 8.33009E-6 6.85995E-6 6.28534E-6 6.99295E-6 6.31367E-6 4.60801E-6 5.04489E-6 5.04318E-6 5.02203E-6
8.45608E-5 2.20409E-4 1.05353E-4 1.42762E-4 1.18732E-4 6.38931E-5 9.60478E-5 2.07581E-4 8.57491E-5 8.1864E-5 8.35135E-5 2.74583E-5 7.55926E-5 4.15933E-5 5.43856E-5 7.40138E-6 5.5496E-6 1.60522E-5 5.54947E-6 5.0528E-6 5.02544E-6 5.47087E-6 6.6143E-6 5.17514E-6 1.129E-5 6.28754E-6 5.68591E-6 7.34593E-6 6.47759E-6 5.75828E-6 7.75141E-6 7.22774E-6 6.07842E-6 5.38368E-6 5.37204E-6 5.27525E-6 5.24633E-6 5.222E-6 6.40007E-6 6.63729E-6 6.80347E-6 5.51359E-6 5.47957E-6 6.60847E-6 6.75314E-6 7.30359E-6 7.28285E-6 4.97684E-6 5.44821E-6 6.60099E-6 8.08414E-6 8.4555E-6 8.59993E-6 8.52803E-6 8.55065E-6 8.5683E-6 7.70395E-6 6.28384E-6 5.1358E-6 7.63707E-6 5.28707E-6 3.83452E-6 5.05656E-6 6.15959E-6 3.79022E-6
1.12819E-4 6.66059E-5 4.0536E-5 6.80552E-5 2.43294E-5 7.50376E-5 5.91313E-5 6.36308E-5 4.35082E-5 7.5751E-5 2.70489E-5 2.66736E-5 4.90645E-5 3.12132E-5 3.30534E-5 1.79314E-5 1.73743E-5 2.18683E-5 3.74075E-5 2.66736E-5 6.27846E-6 5.5087E-6 8.42561E-6 5.00899E-6 5.44112E-6 7.53297E-6 1.37095E-5 8.4282E-6 1.27732E-5 5.9093E-6 5.40839E-6 5.49372E-6 5.35682E-6 6.47464E-6 6.60144E-6 6.64666E-6 6.64746E-6 5.26536E-6 5.23361E-6 5.18672E-6 5.08206E-6 5.68871E-6 5.53047E-6 5.50191E-6 5.47441E-6 6.63991E-6 7.36368E-6 5.01595E-6 5.57877E-6 6.67193E-6 6.85164E-6 6.96422E-6 7.47445E-6 6.95894E-6 7.01445E-6 7.02797E-6 6.9918E-6 6.3213E-6 5.19715E-6 6.30965E-6 6.2509E-6 5.10461E-6 5.08021E-6 6.17564E-6 6.403E-6
4.01218E-5 5.62663E-5 6.39772E-5 3.16294E-5 5.09269E-5 7.96723E-5 4.73025E-5 5.3422E-5 6.8575E-5 2.19495E-5 2.36142E-5 2.17699E-5 4.55275E-5 4.01094E-5 2.76057E-5 2.97795E-5 3.16337E-5 2.57418E-5 4.54269E-5 1.78648E-5 6.5156E-6 6.69276E-6 8.52823E-6 8.65923E-6 6.69603E-6 5.49523E-6 5.48434E-6 5.39404E-6 1.32215E-5 7.44398E-6 5.60737E-6 5.61239E-6 4.11284E-6 5.38208E-6 6.51408E-6 7.93331E-6 7.13187E-6 6.55394E-6 6.37252E-6 5.20373E-6 5.57831E-6 5.65705E-6 5.07452E-6 5.05652E-6 5.52431E-6 5.50334E-6 6.69366E-6 6.69342E-6 5.55493E-6 5.56535E-6 5.58279E-6 5.61818E-6 5.13514E-6 5.65638E-6 5.71986E-6 5.72796E-6 5.69693E-6 6.87868E-6 5.19945E-6 6.34767E-6 5.1601E-6 5.13401E-6 6.23871E-6 6.88293E-6 7.90444E-6
1.65475E-5 1.06515E-4 6.7951E-5 4.30845E-5 1.13747E-4 8.4805E-5 6.32633E-5 4.77031E-5 1.63805E-5 5.09676E-5 2.17215E-5 1.7907E-5 4.9892E-5 1.77279E-5 6.12526E-5 1.98834E-5 4.20477E-5 1.84881E-5 2.69327E-5 2.50472E-5 3.37297E-5 1.70143E-5 7.74075E-6 6.57581E-6 5.65643E-6 6.89046E-6 5.50965E-6 5.5237E-6 6.71627E-6 6.83352E-6 5.178E-6 4.18729E-6 4.09296E-6 5.4407E-6 7.96679E-6 7.24514E-6 8.27886E-6 8.19906E-6 5.31462E-6 4.77758E-6 5.18462E-6 5.58884E-6 6.7722E-6 7.47631E-6 6.75564E-6 5.5401E-6 4.19252E-6 6.70648E-6 5.58517E-6 5.60764E-6 5.135E-6 5.83919E-6 5.6869E-6 5.71957E-6 7.0049E-6 7.00296E-6 4.3261E-6 5.70736E-6 5.70137E-6 5.24272E-6 5.21317E-6 6.30356E-6 6.42516E-6 5.16708E-6 7.92834E-6
1.17491E-5 2.03305E-5 1.37789E-4 4.77812E-5 5.27473E-5 4.97073E-5 7.17534E-5 6.3196E-5 5.16254E-5 1.82959E-5 1.82403E-5 1.82102E-5 2.17335E-5 4.81186E-5 6.91601E-5 3.95103E-5 1.05949E-5 2.40893E-5 2.42269E-5 2.41666E-5 7.1191E-6 8.06181E-6 2.13661E-5 1.90978E-5 6.73692E-6 2.24656E-5 7.0573E-6 5.68681E-6 5.92084E-6 4.20337E-6 4.90259E-6 5.13859E-6 6.92117E-6 5.47015E-6 5.45672E-6 7.07365E-6 5.58149E-6 8.31028E-6 7.91347E-6 6.40867E-6 5.2275E-6 5.62467E-6 6.81309E-6 7.52863E-6 5.64141E-6 6.78918E-6 5.591E-6 6.75687E-6 6.7861E-6 4.25397E-6 5.1634E-6 7.06144E-6 7.11373E-6 7.15276E-6 7.75916E-6 7.77365E-6 7.00125E-6 4.36974E-6 5.73877E-6 5.20772E-6 5.22116E-6 5.19709E-6 5.18539E-6 4.7058E-6 6.39218E-6
2.75349E-5 1.38034E-5 8.01186E-5 3.26063E-5 7.10418E-5 6.24866E-5 6.67888E-5 5.54149E-5 5.52142E-5 4.95959E-5 6.57372E-5 6.49859E-5 6.96104E-5 6.35239E-5 6.02343E-5 8.27834E-5 7.27555E-5 2.36206E-5 4.28324E-5 1.58664E-5 2.70364E-5 2.812E-5 7.8147E-6 2.62985E-5 4.27324E-5 2.70993E-5 7.65823E-6 7.14774E-6 7.29578E-6 5.57234E-6 5.56588E-6 5.57085E-6 6.7238E-6 6.68489E-6 5.77976E-6 5.44247E-6 6.89173E-6 7.36543E-6 8.02042E-6 6.49964E-6 5.31261E-6 5.2875E-6 5.69353E-6 6.86904E-6 7.55846E-6 6.82534E-6 1.26231E-5 5.59654E-6 5.6246E-6 5.65523E-6 6.95585E-6 7.08764E-6 7.71623E-6 6.68882E-6 7.76205E-6 7.02626E-6 5.7788E-6 5.78536E-6 7.01349E-6 7.71123E-6 6.57691E-6 6.38274E-6 5.20279E-6 5.17991E-6 5.16494E-6
4.0483E-5 2.84846E-5 4.06247E-5 4.8615E-5 7.64005E-5 6.6622E-5 1.51147E-5 4.73237E-5 5.68363E-5 1.0859E-4 8.60066E-5 6.27476E-5 8.43045E-5 2.21059E-4 9.08441E-5 6.93648E-5 3.56983E-5 3.22524E-5 7.49422E-5 2.19276E-5 5.04806E-5 1.49329E-5 6.57379E-6 2.8949E-5 1.52704E-5 2.23886E-5 2.01157E-5 9.65626E-6 1.86526E-5 2.05522E-5 6.98103E-6 5.60357E-6 6.29669E-6 5.51464E-6 7.11206E-6 5.44745E-6 5.46235E-6 6.63446E-6 6.75322E-6 4.93803E-6 5.36916E-6 4.8878E-6 5.74721E-6 5.98299E-6 6.91303E-6 7.60728E-6 7.01643E-6 6.84725E-6 5.63915E-6 5.65423E-6 5.67694E-6 5.72513E-6 6.97491E-6 7.27617E-6 7.04719E-6 5.90538E-6 5.79301E-6 7.03037E-6 7.18481E-6 7.16828E-6 5.23951E-6 5.28015E-6 5.22619E-6 5.21436E-6 5.95619E-6
3.27669E-5 3.1215E-5 4.18073E-5 3.99279E-5 7.06749E-5 5.83564E-5 5.80322E-5 6.39559E-5 5.98003E-5 8.957E-5 9.09487E-5 9.04721E-5 6.96423E-5 9.54624E-5 9.295E-5 6.57171E-5 6.81777E-5 2.19602E-5 5.63205E-5 6.54174E-5 5.17261E-5 3.76555E-5 6.71249E-6 2.63108E-5 2.44102E-5 9.89312E-6 1.02323E-5 1.29361E-5 6.84306E-6 2.58154E-5 8.39197E-6 2.25637E-5 6.82811E-6 5.56522E-6 5.52752E-6 5.80946E-6 5.45897E-6 5.46756E-6 5.44909E-6 5.4172E-6 5.389E-6 6.53566E-6 7.01791E-6 5.80549E-6 6.40666E-6 6.93732E-6 6.90816E-6 5.69671E-6 5.69767E-6 5.68808E-6 5.69484E-6 5.71575E-6 5.7532E-6 4.36228E-6 7.02704E-6 5.80515E-6 5.30506E-6 5.30057E-6 5.82597E-6 5.82741E-6 5.81118E-6 5.75528E-6 6.45387E-6 6.61117E-6 6.622E-6
1.04619E-5 9.44761E-6 2.59104E-5 1.21671E-5 2.34942E-5 4.6442E-5 5.23786E-5 4.66591E-5 9.26493E-5 7.96595E-5 9.13765E-5 1.87231E-4 9.41138E-5 7.81225E-5 5.95547E-5 5.00075E-5 8.39974E-5 2.14793E-5 1.87198E-5 2.27957E-5 5.46561E-5 4.16188E-5 1.83519E-5 9.57496E-6 1.38656E-5 1.00785E-5 9.8369E-6 1.40983E-5 1.51785E-5 9.63715E-6 6.85663E-6 6.8004E-6 7.95003E-6 6.99004E-6 6.78653E-6 5.55565E-6 5.49496E-6 5.58702E-6 5.44049E-6 5.48376E-6 5.44467E-6 5.40519E-6 5.37324E-6 4.36839E-6 5.77607E-6 5.75107E-6 4.33691E-6 5.71756E-6 6.93788E-6 6.92432E-6 5.75302E-6 6.92293E-6 6.96198E-6 4.35603E-6 5.82549E-6 5.84096E-6 5.85254E-6 5.85762E-6 6.05501E-6 5.83102E-6 7.0565E-6 6.00005E-6 5.82732E-6 5.34928E-6 5.32896E-6
1.27162E-5 1.45897E-5 1.25679E-5 2.91899E-5 7.05316E-5 1.49999E-5 2.835E-5 6.88779E-5 7.11835E-5 9.20626E-5 9.08391E-5 9.06082E-5 9.00357E-5 8.32088E-5 5.97749E-5 5.58845E-5 7.27952E-5 4.95721E-5 3.45949E-5 1.94704E-5 5.37549E-5 3.48353E-5 6.77976E-6 6.87608E-6 3.87567E-5 9.28065E-6 3.07258E-5 1.02967E-5 9.64408E-6 9.38446E-6 1.1064E-5 1.10337E-5 9.59254E-6 8.77168E-6 7.60762E-6 7.04708E-6 6.76128E-6 5.50346E-6 6.67419E-6 1.41926E-5 5.69451E-6 5.43173E-6 5.40726E-6 7.06339E-6 7.03151E-6 5.78303E-6 5.77689E-6 5.78209E-6 5.24646E-6 6.95404E-6 5.7149E-6 5.73867E-6 7.02825E-6 5.84141E-6 7.16623E-6 7.32353E-6 5.49284E-6 5.50826E-6 7.2384E-6 5.87528E-6 5.87164E-6 5.87915E-6 7.14741E-6 6.75648E-6 6.77286E-6
4.84229E-5 1.14618E-5 3.56503E-5 1.91786E-5 9.37377E-6 4.33224E-5 5.24063E-5 6.88247E-5 4.78716E-5 7.60529E-5 5.76319E-5 7.55588E-5 7.56335E-5 9.13262E-5 7.51736E-5 3.66353E-5 8.49195E-5 5.18948E-5 5.13585E-5 4.33886E-5 4.17876E-5 7.22654E-5 1.95391E-5 2.12744E-5 2.25615E-5 1.15811E-5 1.20231E-5 7.8612E-6 7.84496E-6 1.03346E-5 1.09359E-5 1.141E-5 9.36855E-6 7.48708E-6 6.54331E-6 8.76124E-6 7.69839E-6 5.40642E-6 5.21217E-6 5.59659E-6 1.70255E-5 5.57988E-6 5.50407E-6 5.45639E-6 5.86356E-6 5.82681E-6 7.08617E-6 5.86176E-6 5.85158E-6 5.7759E-6 5.75698E-6 5.88705E-6 6.29675E-6 6.10666E-6 4.5433E-6 5.96696E-6 4.49019E-6 4.52634E-6 6.02659E-6 4.50821E-6 7.26264E-6 7.44624E-6 8.04971E-6 6.86713E-6 8.63934E-6
4.75897E-5 3.8364E-5 8.21864E-6 7.9088E-5 2.83625E-5 1.19416E-5 3.45974E-5 2.9058E-5 3.49534E-5 4.80008E-5 3.16918E-5 6.28815E-5 9.58346E-5 5.24745E-5 5.75621E-5 4.03812E-5 7.67426E-5 5.7135E-5 4.69588E-5 5.5269E-5 2.94068E-5 5.67309E-5 3.98147E-5 3.95901E-5 1.52359E-5 7.18083E-6 6.55299E-6 4.85951E-6 4.87338E-6 1.00971E-5 9.39431E-6 2.8702E-5 8.11011E-6 8.09744E-6 7.96667E-6 2.65137E-5 1.4572E-5 7.33809E-6 5.82629E-6 5.60618E-6 5.57875E-6 5.52895E-6 5.61686E-6 6.78427E-6 5.7526E-6 6.19598E-6 5.91842E-6 5.9408E-6 5.97541E-6 5.85952E-6 5.84419E-6 6.03085E-6 7.52254E-6 6.25826E-6 6.10218E-6 6.03158E-6 6.0609E-6 6.12511E-6 6.13373E-6 7.43192E-6 7.61433E-6 6.13448E-6 9.42986E-6 9.41412E-6 8.21821E-6
2.35469E-5 1.03909E-5 1.44526E-5 1.55534E-5 1.37545E-5 2.88919E-5 1.39376E-5 3.09164E-5 5.87181E-5 7.75468E-5 7.77824E-5 4.88952E-5 7.13981E-5 7.76521E-5 9.54807E-5 8.14661E-5 8.37758E-5 9.83369E-5 9.84794E-5 5.14389E-5 5.69877E-5 8.25696E-5 7.81951E-5 7.39976E-5 1.03433E-5 6.80194E-6 2.44857E-5 8.59093E-6 2.11513E-5 2.29603E-5 2.19034E-5 9.59125E-6 6.82737E-6 2.44944E-5 4.37819E-5 3.71066E-5 9.8846E-6 2.21477E-5 8.6898E-6 5.4518E-6 2.10052E-5 7.12629E-6 5.88317E-6 5.724E-6 6.33337E-6 7.46693E-6 4.52828E-5 9.75209E-6 7.47771E-6 8.06577E-6 7.70659E-6 6.33441E-6 6.14417E-6 4.6087E-6 7.41524E-6 5.72682E-6 7.71889E-6 7.65171E-6 6.30633E-6 6.28792E-6 6.30749E-6 7.64363E-6 8.34936E-6 6.24354E-6 5.712E-6
8.43904E-6 1.05527E-5 2.12318E-5 5.22059E-5 4.92479E-5 4.08673E-5 3.20481E-5 1.52516E-5 2.1951E-5 4.8237E-5 3.76816E-5 7.61541E-5 3.91585E-5 8.08621E-5 7.52784E-5 8.76149E-5 7.69099E-5 8.08608E-5 8.49403E-5 1.01449E-4 1.04363E-4 9.4525E-5 4.04174E-5 1.1053E-5 3.32848E-5 2.70008E-5 3.20031E-5 3.67339E-5 1.39207E-4 2.65601E-5 2.15978E-5 4.09842E-5 3.37586E-5 3.11234E-5 7.48792E-5 1.88269E-5 2.09268E-5 4.56697E-5 2.91874E-5 1.0487E-5 1.71648E-5 1.03102E-5 2.22594E-5 9.54981E-6 9.74067E-6 6.08358E-5 1.09663E-5 7.99466E-6 1.06514E-5 9.21363E-6 2.20785E-5 7.59544E-6 7.91661E-6 6.0566E-6 8.80236E-6 1.01756E-5 1.01867E-5 8.91417E-6 8.19541E-6 8.01461E-6 6.54068E-6 6.54072E-6 7.82773E-6 7.87681E-6 6.61074E-6
3.60365E-5 1.23371E-5 2.24388E-5 1.78332E-5 3.22757E-5 5.17206E-5 1.13855E-4 8.842E-5 4.26694E-5 4.31236E-5 5.85411E-5 5.85947E-5 9.54661E-5 6.52775E-5 9.42671E-5 6.40553E-5 4.32055E-5 1.06651E-4 2.09326E-5 1.14712E-4 1.09416E-4 3.30872E-5 1.63558E-5 2.97571E-5 4.00565E-5 4.08554E-5 3.52005E-5 3.16377E-5 2.46676E-5 3.64783E-5 3.01502E-5 3.82194E-5 5.90236E-5 3.26228E-5 3.6934E-5 1.36503E-5 3.87897E-5 1.21433E-5 1.10624E-5 1.1358E-5 1.04767E-5 9.76737E-6 1.07703E-5 2.27825E-5 7.05625E-5 1.38301E-5 3.26683E-5 3.60327E-5 3.2924E-5 2.36734E-5 1.25959E-5 2.06296E-5 1.13828E-5 1.26519E-5 1.28628E-5 1.3272E-5 1.48573E-5 1.23131E-5 3.2617E-5 9.60901E-6 8.61201E-6 6.96641E-6 6.80202E-6 6.99869E-6 7.29979E-6
2.85933E-5 1.56313E-5 6.84208E-5 7.73567E-5 1.67975E-5 1.48944E-5 7.41324E-5 3.83661E-5 2.47172E-5 7.46061E-5 2.30531E-5 3.69434E-5 5.72463E-5 9.92896E-5 1.05845E-4 7.17307E-5 7.74454E-5 4.42139E-5 6.50159E-5 8.34042E-5 3.4332E-5 1.77139E-5 4.47103E-5 4.38807E-5 5.20089E-5 3.90081E-5 3.17176E-5 3.29653E-5 4.23846E-5 6.23965E-5 5.30167E-5 4.99918E-5 1.08133E-4 6.9721E-5 8.24338E-5 6.204E-5 3.38194E-5 4.29509E-5 5.45091E-5 4.20181E-5 8.70551E-6 1.25008E-5 3.67877E-5 1.55978E-5 1.31768E-5 1.45106E-5 2.89123E-5 8.43569E-5 4.02018E-5 1.06092E-5 1.05703E-5 8.61408E-6 1.21342E-5 1.19238E-5 4.0858E-5 3.3126E-5 4.53554E-5 3.3658E-5 4.45503E-5 4.23598E-5 2.44644E-5 9.39666E-6 9.04441E-6 8.23617E-6 7.75771E-6
2.6992E-5 1.48634E-5 4.6212E-5 3.97592E-5 3.83679E-5 5.17273E-5 5.23653E-5 4.99362E-5 1.14541E-5 1.50538E-5 1.33582E-5 6.22752E-5 1.11932E-4 4.21202E-5 2.86269E-5 6.42645E-5 3.32502E-5 1.63675E-5 5.05179E-5 3.63306E-5 5.2432E-5 7.3078E-5 4.57889E-5 4.9105E-5 4.53636E-5 4.34351E-5 4.04297E-5 5.86166E-5 4.29275E-5 1.65075E-5 2.49559E-5 1.83048E-5 1.45263E-5 6.27892E-5 9.79887E-5 6.54102E-5 6.94862E-5 5.24516E-5 9.69961E-5 3.44802E-5 3.95499E-5 2.10981E-5 4.76006E-5 4.86956E-5 1.62398E-5 6.33782E-5 5.10322E-5 4.08434E-5 3.65221E-5 3.52057E-5 1.07499E-5 8.71238E-6 8.3522E-6 1.10951E-5 1.12838E-5 1.32016E-5 4.87647E-5 3.56433E-5 4.42607E-5 4.25505E-5 4.21139E-5 4.10344E-5 2.8355E-5 2.50276E-5 6.71971E-6
1.83195E-5 3.56409E-5 4.48257E-5 1.0275E-4 5.36621E-5 4.25743E-5 8.09884E-5 7.2551E-5 1.93697E-5 2.04907E-5 8.99295E-5 1.02887E-4 1.25299E-4 5.39283E-5 3.33662E-5 8.21315E-5 2.1745E-5 5.47455E-5 5.51582E-5 5.1857E-5 5.26394E-5 5.58667E-5 5.13144E-5 5.4814E-5 7.37741E-5 5.61465E-5 8.96744E-5 3.0993E-5 5.59184E-5 6.35583E-5 2.63479E-5 1.46103E-5 1.4866E-5 1.19902E-5 1.01537E-4 8.84108E-5 9.24054E-5 7.44645E-5 1.16454E-4 8.23597E-5 1.49394E-5 1.61453E-5 4.31539E-5 7.14465E-5 5.27915E-5 1.2075E-4 1.05579E-4 4.15028E-5 7.08468E-5 4.29158E-5 1.19122E-5 1.07255E-5 8.6894E-6 8.73538E-6 9.93866E-6 1.23559E-5 1.67186E-5 1.80944E-5 1.58712E-5 4.3438E-5 3.22099E-5 2.88819E-5 2.49359E-5 2.85803E-5 9.75365E-6
7.3756E-5 9.96594E-5 1.80328E-4 7.00362E-5 1.34957E-4 4.85491E-5 8.32395E-5 1.91725E-5 6.10334E-5 6.49584E-5 8.7561E-5 1.9244E-5 5.55707E-5 5.22969E-5 7.89264E-5 6.22253E-5 1.17104E-4 5.9555E-5 5.73513E-5 4.38732E-5 8.87193E-5 6.072E-5 9.10493E-5 1.06673E-4 8.80996E-5 1.08727E-4 6.24692E-5 7.03797E-5 5.2928E-5 1.68439E-5 2.63949E-5 1.5122E-5 2.48401E-5 8.10007E-5 8.74934E-5 9.42249E-5 1.06672E-4 4.94471E-5 1.27727E-4 2.01489E-5 3.19105E-5 1.03484E-4 1.35114E-4 1.34966E-4 5.54412E-5 4.45259E-5 5.28039E-5 1.29823E-4 8.24482E-5 1.33608E-4 1.058E-4 3.08905E-5 1.36742E-5 9.75537E-6 7.70388E-6 1.4031E-5 4.09935E-5 1.16043E-5 3.58072E-5 4.07482E-5 3.87711E-5 3.84362E-5 3.50116E-5 3.07886E-5 8.2808E-6
1.48717E-4 2.4646E-4 3.50399E-4 1.09334E-4 1.15872E-4 1.25361E-4 1.2558E-4 1.22892E-4 2.07104E-5 6.01198E-5 1.98551E-5 5.32661E-5 6.19126E-5 5.79534E-5 8.58092E-5 7.12817E-5 6.94678E-5 4.79842E-5 1.05079E-4 6.97438E-5 1.03061E-4 1.19021E-4 1.21985E-4 1.50549E-4 1.10953E-4 8.15188E-5 8.44081E-5 4.66948E-5 1.99073E-5 9.52688E-6 2.20703E-5 3.48731E-5 3.42178E-5 1.91028E-5 2.78329E-5 6.55675E-5 7.89852E-5 1.72812E-5 1.04691E-4 1.38277E-4 6.90425E-5 2.32321E-5 3.41954E-5 3.83821E-5 9.4595E-5 7.84098E-5 8.04097E-5 8.82085E-5 5.3627E-5 4.13171E-5 1.25222E-5 1.19395E-5 6.30301E-5 2.71689E-5 2.42205E-5 3.07739E-5 4.4587E-5 4.47356E-5 4.68383E-5 4.439E-5 4.33935E-5 4.02815E-5 1.38674E-5 9.88923E-6 8.74553E-6
3.43106E-5 3.98356E-5 1.31794E-4 1.11777E-4 1.16744E-4 1.25132E-4 1.28099E-4 3.81482E-5 1.84894E-5 4.46461E-5 6.18659E-5 6.24652E-5 9.6263E-5 9.27967E-5 9.47763E-5 1.11427E-4 1.60588E-4 7.47873E-5 1.18524E-4 1.42451E-4 1.34256E-4 1.29676E-4 1.26277E-4 1.22223E-4 5.93686E-5 4.03276E-5 4.46884E-5 4.02602E-5 4.20451E-5 3.81534E-5 7.46686E-5 2.1116E-5 7.5898E-5 1.00688E-4 5.72457E-5 4.94704E-5 7.15963E-5 5.17919E-5 7.22353E-5 7.8623E-5 1.80798E-5 2.35948E-5 1.76044E-5 1.00231E-4 5.4139E-5 4.24254E-5 4.55564E-5 3.37625E-5 4.90655E-5 4.03568E-5 3.37875E-5 5.10742E-5 3.02775E-5 3.87866E-5 4.00928E-5 4.34119E-5 6.34216E-5 2.13571E-5 4.83913E-5 3.4173E-5 2.40254E-5 1.31963E-5 1.06658E-5 2.88406E-5 1.32607E-5
4.55854E-5 4.36556E-5 6.67412E-5 1.21153E-4 1.24998E-4 1.75866E-4 1.29087E-4 1.81474E-5 1.64727E-5 5.70366E-5 1.1185E-4 6.59251E-5 7.24283E-5 5.91754E-5 7.09669E-5 1.76273E-4 8.57848E-5 1.14863E-4 5.53638E-5 1.15267E-4 1.2274E-4 1.27164E-4 8.8189E-5 6.03345E-5 4.39805E-5 8.53271E-5 1.23214E-4 3.06507E-5 7.56734E-5 2.78404E-5 8.37118E-5 9.67585E-5 4.9067E-5 5.29737E-5 5.65798E-5 4.52998E-5 4.30664E-5 1.23846E-4 8.41332E-5 4.24942E-5 4.13261E-5 1.54822E-5 4.44965E-5 7.74578E-5 4.01143E-5 3.82242E-5 4.3539E-5 1.28731E-5 3.95252E-5 8.09566E-5 7.23295E-5 1.91956E-5 8.69481E-6 1.17641E-5 1.0898E-5 4.15987E-5 3.32054E-5 3.83919E-5 3.61507E-5 3.51224E-5 1.38678E-5 1.7918E-5 2.74598E-5 3.43627E-5 3.77063E-5
7.83167E-5 1.71822E-4 6.63507E-5 8.82229E-5 6.04469E-5 8.61632E-5 5.41043E-5 5.84646E-5 1.14713E-4 8.20682E-5 1.0492E-4 6.72699E-5 8.73138E-5 1.45656E-4 1.32928E-4 4.32172E-5 1.26608E-5 5.68721E-5 6.12574E-5 5.56584E-5 8.37016E-5 4.96492E-5 5.09829E-5 4.10104E-5 1.0117E-4 6.06059E-5 5.89901E-5 2.92717E-5 2.41343E-5 8.06455E-5 1.11655E-4 4.64856E-5 4.74236E-5 6.26743E-5 4.25118E-5 5.31725E-5 5.41412E-5 3.35741E-5 4.89192E-5 4.24544E-5 3.2769E-5 4.41748E-5 4.0343E-5 3.07887E-5 3.65397E-5 3.12881E-5 3.41385E-5 3.85842E-5 1.21617E-5 5.90165E-5 6.50661E-5 2.56999E-5 2.04929E-5 2.62975E-5 3.29017E-5 2.59919E-5 2.8095E-5 2.78416E-5 2.8562E-5 3.13696E-5 1.40197E-5 1.09362E-5 2.26754E-5 3.15725E-5 3.33553E-5
1.05325E-4 1.03056E-4 9.16825E-5 1.51931E-4 5.74612E-5 2.35997E-4 8.48556E-5 9.17471E-5 1.55308E-4 1.42508E-4 1.11778E-4 1.15101E-4 1.36621E-4 1.19858E-4 1.05972E-4 9.9739E-5 8.26178E-5 1.08196E-4 1.28395E-4 1.51681E-4 9.49669E-5 5.39042E-5 4.7997E-5 5.48311E-5 1.33715E-4 3.44919E-4 3.84104E-5 3.28847E-5 3.74682E-5 3.6663E-5 3.51885E-5 1.01806E-4 7.45735E-5 4.08633E-5 1.22135E-5 4.23664E-5 2.71836E-5 3.82539E-5 8.71669E-5 3.57584E-5 2.79564E-5 3.443E-5 9.49389E-5 6.12875E-5 3.69993E-5 3.52363E-5 3.01272E-5 2.96912E-5 1.75991E-5 8.82174E-5 4.7035E-5 3.50918E-5 2.77369E-5 2.74329E-5 2.82694E-5 1.84223E-5 1.04646E-5 2.66358E-5 3.44325E-5 1.19625E-5 2.90493E-5 3.75919E-5 2.11804E-5 2.29095E-5 1.76909E-5
