catData/rasterBestHybridModels/Prubiginosus/RD_RM1.5_H/Prubiginosus_stddev.asc
ncols         409
nrows         350
xllcorner     60.897278365
yllcorner     5.843756025
cellsize      0.0892857
NODATA_value  -9999
[rows 232 to 260 of 350, columns 130 to 194 of 409]
-9999 -9999 -9999 -9999 -9999 -9999 -9999 -9999 -9999 -9999 4.08608E-5 3.68381E-5 3.22402E-5 1.29804E-5 5.34971E-5 7.47823E-5 2.50504E-4 1.90071E-4 5.42197E-5 5.11014E-5 1.83755E-4 2.21629E-4 1.88517E-4 3.71177E-5 2.82118E-5 5.3215E-5 5.00466E-5 1.08716E-4 8.01097E-5 8.50083E-5 2.08896E-4 7.80259E-5 4.37084E-5 6.06306E-5 8.97899E-5 7.0167E-5 6.86845E-5 5.4362E-5 6.39572E-5 3.55886E-5 4.87727E-5 1.07828E-4 1.93677E-5 4.96657E-5 4.78119E-5 6.9872E-5 3.37842E-5 2.39443E-5 2.32572E-5 5.99604E-5 9.79796E-5 1.03868E-4 8.25796E-5 6.439E-5 5.55717E-5 1.67564E-5 1.61885E-5 2.07159E-5 3.32386E-5 2.11611E-5 2.10262E-5 2.70552E-5 2.21988E-5 3.31146E-5 4.1912E-5
-9999 -9999 -9999 -9999 -9999 -9999 -9999 -9999 -9999 -9999 1.63388E-5 2.88337E-5 7.35586E-5 3.66206E-5 5.14299E-5 7.27053E-5 2.4674E-4 3.03069E-4 5.56837E-5 5.89822E-5 1.98723E-4 3.26436E-4 2.10355E-4 1.59515E-4 3.88528E-5 4.01968E-5 5.58037E-5 7.22644E-5 9.3952E-5 1.07067E-4 9.43974E-5 3.0506E-5 3.10746E-5 2.52979E-5 4.46425E-5 4.67525E-5 5.19343E-5 5.05064E-5 7.04334E-5 8.63116E-5 9.94769E-5 1.04612E-4 1.00438E-4 2.27957E-5 2.07222E-5 3.64715E-5 5.16443E-5 9.69063E-5 9.73161E-5 6.49307E-5 7.97536E-5 3.0407E-5 4.55494E-5 1.34629E-4 9.62528E-5 6.20038E-5 3.69693E-5 2.46257E-5 3.62231E-5 1.74035E-5 2.47472E-5 4.59319E-5 3.79586E-5 1.01973E-4 4.38776E-5
-9999 -9999 -9999 -9999 -9999 -9999 -9999 -9999 -9999 -9999 -9999 3.81336E-5 4.66531E-5 6.62777E-5 7.39346E-5 4.84689E-5 2.42173E-4 2.39027E-4 1.50081E-4 8.75908E-5 1.98096E-4 1.71267E-4 2.19776E-4 1.56225E-4 9.67194E-5 2.40891E-5 4.14678E-5 5.75165E-5 8.41336E-5 2.14564E-5 2.22568E-5 3.34765E-5 1.05023E-4 2.46526E-5 5.37407E-5 3.56148E-5 5.04495E-5 5.8229E-5 8.25814E-5 1.03265E-4 1.03584E-4 8.15604E-5 3.45452E-5 1.07661E-4 2.78646E-5 1.01992E-4 1.12555E-4 1.19841E-4 1.0069E-4 4.48926E-5 1.4139E-5 4.2782E-5 3.36758E-5 6.85009E-5 7.18821E-5 6.49205E-5 5.84896E-5 6.84202E-5 1.01168E-4 5.61453E-5 5.77091E-5 7.96238E-5 4.52023E-5 4.4047E-5 1.067E-4
-9999 -9999 -9999 -9999 -9999 -9999 -9999 -9999 -9999 -9999 -9999 3.84101E-5 3.95635E-5 6.38456E-5 7.73172E-5 9.53101E-5 9.79601E-5 2.50355E-4 2.83266E-4 7.94604E-5 4.43928E-5 1.73416E-4 2.17422E-4 1.16433E-4 2.40532E-4 3.08026E-5 5.53335E-5 3.67076E-5 3.84129E-5 3.81245E-5 3.74779E-5 3.81588E-5 2.26072E-5 6.83058E-5 7.07957E-5 6.14678E-5 5.93067E-5 4.7875E-5 9.59742E-5 9.82494E-5 1.08385E-4 7.19498E-5 8.18888E-5 8.491E-5 9.99726E-5 9.19382E-5 1.09387E-4 3.96911E-5 5.22039E-5 1.15979E-5 1.37786E-5 4.03368E-5 5.5136E-5 8.78088E-5 1.08689E-4 1.26522E-4 6.90958E-5 1.1331E-4 1.16924E-4 9.56421E-5 6.1143E-5 1.96682E-5 3.48832E-5 1.04316E-4 1.74021E-4
-9999 -9999 -9999 -9999 -9999 -9999 -9999 -9999 -9999 -9999 -9999 4.16779E-5 3.83909E-5 3.87907E-5 8.1891E-5 1.0383E-4 8.44074E-5 3.01368E-4 4.08019E-4 2.20123E-4 5.42484E-5 1.77439E-4 1.52907E-4 1.35676E-4 1.97856E-4 3.04753E-5 7.06359E-5 8.96119E-5 7.89249E-5 8.9201E-5 7.55685E-5 5.61307E-5 2.03736E-5 3.19544E-5 2.82036E-5 5.08246E-5 2.88121E-5 3.65899E-5 9.57211E-5 7.22437E-5 9.79198E-5 1.03287E-4 1.00047E-4 1.07096E-4 1.10836E-4 1.17155E-4 5.11175E-5 5.94098E-5 4.98136E-5 4.93956E-5 3.41111E-5 1.69146E-5 2.46293E-5 6.28224E-5 9.59062E-5 6.54374E-5 1.04395E-4 1.45678E-4 1.14407E-4 4.29114E-5 3.08988E-5 4.8109E-5 3.45246E-5 6.98109E-5 6.87382E-5
-9999 -9999 -9999 -9999 -9999 -9999 -9999 -9999 -9999 -9999 -9999 -9999 5.11747E-5 6.21122E-5 6.967E-5 1.14357E-4 1.01864E-4 2.75718E-4 2.94119E-4 1.87235E-4 7.69954E-5 3.86914E-5 1.11051E-4 9.82566E-5 1.84174E-4 1.84788E-4 7.14798E-5 9.64298E-5 5.13883E-5 1.87341E-5 2.22529E-5 4.99947E-5 3.92188E-5 9.41914E-6 1.55857E-5 1.50772E-5 2.29054E-5 2.51667E-5 3.51181E-5 6.77228E-5 9.64161E-5 1.02151E-4 1.04326E-4 9.90958E-5 4.91393E-5 5.03844E-5 6.26179E-5 5.76541E-5 1.4699E-5 3.55398E-5 6.13168E-5 4.62799E-5 2.49302E-5 9.89131E-5 9.87137E-5 1.6612E-4 1.04634E-4 2.70478E-5 3.34139E-5 2.82257E-5 4.17951E-5 2.73982E-5 2.67021E-5 1.94022E-5 8.52958E-5
-9999 -9999 -9999 -9999 -9999 -9999 -9999 -9999 -9999 -9999 -9999 -9999 -9999 5.04996E-5 8.02173E-5 1.01949E-4 1.07532E-4 9.38466E-5 1.33722E-4 2.08436E-4 1.37988E-4 4.22499E-5 1.02177E-4 1.67293E-4 1.78202E-4 1.7848E-4 6.69666E-5 6.1571E-5 7.84444E-5 3.3314E-5 2.5705E-5 4.53511E-5 4.72835E-5 9.5694E-6 1.11318E-5 3.92941E-5 4.50669E-5 3.4105E-5 2.84387E-5 6.3074E-5 5.29676E-5 9.057E-5 7.17673E-5 1.07353E-4 1.11782E-4 3.45903E-5 1.71946E-5 1.56069E-5 5.26586E-5 2.94805E-5 1.12476E-4 3.6594E-5 7.30361E-5 8.46779E-5 2.68009E-5 4.07122E-5 3.1996E-5 1.05303E-4 1.21482E-4 1.12735E-4 1.22854E-4 2.82536E-5 2.62099E-5 3.08793E-5 1.77679E-4
-9999 -9999 -9999 -9999 -9999 -9999 -9999 -9999 -9999 -9999 -9999 -9999 -9999 9.36695E-5 3.71928E-5 6.57735E-5 1.02979E-4 1.0044E-4 8.38113E-5 2.85702E-4 1.07217E-4 6.5091E-5 1.26984E-4 1.3835E-4 2.15746E-4 1.97334E-4 2.14837E-4 6.56471E-5 1.03213E-4 4.16908E-5 1.26194E-5 4.26884E-5 2.59659E-5 2.12637E-5 2.35784E-5 6.49416E-5 7.88734E-5 1.02657E-4 8.27803E-5 6.02468E-5 1.13855E-4 6.3801E-5 6.96776E-5 7.60443E-5 1.10957E-4 7.44416E-5 1.3269E-5 1.55492E-5 5.23847E-5 4.53112E-5 1.01453E-4 3.18201E-5 3.39316E-5 3.22951E-5 2.85593E-5 2.92972E-5 4.65454E-5 2.9459E-5 6.53783E-5 9.26292E-5 8.23752E-5 5.39061E-5 7.6324E-5 1.43282E-4 1.09957E-4
-9999 -9999 -9999 -9999 -9999 -9999 -9999 -9999 -9999 -9999 -9999 -9999 -9999 -9999 1.03032E-4 3.68466E-5 9.59834E-5 1.011E-4 1.0133E-4 1.49403E-4 2.69965E-5 5.14618E-5 3.17672E-5 1.21016E-4 2.43514E-4 1.58225E-4 2.31463E-4 9.79501E-5 9.31718E-5 8.65943E-5 3.24041E-5 2.61753E-5 8.28639E-5 2.60017E-5 4.95352E-5 6.50493E-5 1.04159E-4 1.054E-4 7.93473E-5 8.5907E-5 9.42192E-5 6.64501E-5 6.47227E-5 4.84788E-5 4.65466E-5 4.83476E-5 1.50312E-5 5.38627E-5 5.01664E-5 4.20106E-5 2.33616E-5 1.33696E-5 3.00159E-5 6.70571E-5 4.27655E-5 4.6293E-5 5.21932E-5 5.33047E-5 5.27968E-5 3.79384E-5 5.74659E-5 6.20522E-5 6.62074E-5 1.1832E-4 6.32916E-5
-9999 -9999 -9999 -9999 -9999 -9999 -9999 -9999 -9999 -9999 -9999 -9999 -9999 -9999 4.05362E-5 5.41624E-5 5.17314E-5 5.14797E-5 1.09851E-4 9.72444E-5 1.30756E-4 5.36E-5 1.04264E-4 1.53921E-4 1.26325E-4 2.2084E-4 1.59278E-4 2.81445E-5 1.15127E-4 7.18661E-5 5.4997E-5 4.61369E-5 5.91056E-5 4.96367E-5 5.91784E-5 5.10972E-5 6.91926E-5 7.22171E-5 7.23833E-5 6.31373E-5 7.16074E-5 7.39995E-5 4.28097E-5 4.79609E-5 3.7598E-5 1.42683E-5 1.40983E-5 4.21789E-5 3.63929E-5 3.45377E-5 2.56762E-5 7.06015E-5 7.41993E-5 6.32573E-5 3.97842E-5 9.52167E-5 5.41953E-5 4.36051E-5 4.09108E-5 4.18851E-5 6.53371E-5 8.21446E-5 1.30981E-4 1.29125E-4 9.03641E-5
-9999 -9999 -9999 -9999 -9999 -9999 -9999 -9999 -9999 -9999 -9999 -9999 -9999 -9999 -9999 9.47797E-5 1.02888E-4 1.0354E-4 6.46021E-5 3.26112E-5 1.2473E-4 5.04326E-5 5.46331E-5 1.85312E-4 1.23336E-4 1.41717E-4 1.89245E-4 3.41396E-5 6.55339E-5 5.67838E-5 6.12276E-5 5.08569E-5 1.64156E-4 6.06564E-5 7.37431E-5 4.71389E-5 2.4627E-5 2.44056E-5 5.95162E-5 5.4067E-5 4.46643E-5 3.48873E-5 4.57008E-5 5.62098E-5 4.36037E-5 4.58148E-5 1.33799E-5 3.40973E-5 2.14802E-5 3.51267E-5 2.38531E-5 5.4402E-5 7.78442E-5 8.32034E-5 3.89615E-5 9.05638E-5 4.24174E-5 3.96158E-5 3.65759E-5 2.27866E-5 3.65209E-5 2.23969E-5 1.09769E-4 9.81589E-5 1.12455E-4
-9999 -9999 -9999 -9999 -9999 -9999 -9999 -9999 -9999 -9999 -9999 -9999 -9999 -9999 -9999 4.69009E-5 4.73484E-5 9.71396E-5 6.79949E-5 5.0921E-5 1.15791E-4 5.70644E-5 4.18569E-5 1.21627E-4 1.56724E-4 1.32865E-4 1.94687E-4 4.4027E-5 3.27641E-5 4.0126E-5 5.75867E-5 5.81625E-5 2.31443E-4 3.14815E-4 6.00723E-5 5.98629E-5 7.28597E-5 2.74348E-5 2.4263E-5 4.33107E-5 4.78338E-5 4.185E-5 3.69913E-5 3.05412E-5 3.29958E-5 1.76671E-5 2.52801E-5 2.11646E-5 2.31896E-5 2.18249E-5 2.921E-5 3.57584E-5 1.13766E-4 7.92559E-5 3.82396E-5 6.29988E-5 5.98036E-5 2.31129E-5 3.71775E-5 3.64134E-5 5.41454E-5 1.40444E-4 1.07408E-4 1.13368E-4 1.05485E-4
-9999 -9999 -9999 -9999 -9999 -9999 -9999 -9999 -9999 -9999 -9999 -9999 -9999 -9999 -9999 -9999 5.19849E-5 4.96905E-5 6.77102E-5 5.72712E-5 3.575E-5 8.07124E-5 4.01275E-5 4.21057E-5 1.6481E-4 1.26715E-4 2.09121E-4 6.0299E-5 4.57259E-5 3.34368E-5 5.63052E-5 5.20522E-5 8.68631E-5 1.08955E-4 1.82368E-4 2.14287E-4 9.44362E-5 8.22787E-5 6.34816E-5 5.73998E-5 5.71346E-5 5.30345E-5 3.35178E-5 1.77959E-5 1.45622E-5 4.41314E-5 1.84012E-5 1.14846E-5 1.39191E-5 5.52932E-5 7.58365E-6 2.95856E-5 6.07915E-5 7.41194E-5 3.78809E-5 3.72907E-5 3.76044E-5 4.07897E-5 3.95966E-5 6.37528E-5 1.33494E-4 1.07192E-4 9.67502E-5 8.76219E-5 5.41616E-5
-9999 -9999 -9999 -9999 -9999 -9999 -9999 -9999 -9999 -9999 -9999 -9999 -9999 -9999 -9999 -9999 6.43114E-5 5.98136E-5 9.31203E-5 1.59111E-5 3.51627E-5 1.30339E-4 4.1003E-5 3.81306E-5 1.44698E-4 1.26099E-4 1.8189E-4 1.85342E-4 7.2712E-5 3.92323E-5 3.83011E-5 5.19027E-5 1.43654E-4 7.773E-5 9.4244E-5 7.17475E-5 7.06356E-5 7.86423E-5 6.96692E-5 8.30143E-5 4.71636E-5 1.93728E-5 5.32566E-5 3.70115E-5 1.11248E-4 5.08744E-5 4.6973E-5 4.71053E-5 4.4224E-5 9.76074E-6 2.98461E-5 4.85734E-5 6.33964E-5 5.85219E-5 4.47538E-5 3.6834E-5 6.54031E-5 6.41006E-5 5.97313E-5 1.00968E-4 1.19622E-4 7.17077E-5 1.35762E-4 8.35383E-5 9.11602E-5
-9999 -9999 -9999 -9999 -9999 -9999 -9999 -9999 -9999 -9999 -9999 -9999 -9999 -9999 -9999 -9999 1.27562E-4 4.33637E-5 1.20834E-4 9.96988E-5 4.19148E-5 4.78331E-5 4.49462E-5 4.3617E-5 1.81773E-4 3.59335E-4 1.30459E-3 1.4973E-4 1.20758E-4 5.12643E-5 5.85857E-5 5.17426E-5 5.29923E-5 6.27924E-5 9.2807E-5 9.44343E-5 9.85136E-5 4.70433E-5 2.72753E-5 3.61651E-5 1.82969E-5 1.44293E-5 3.39976E-5 5.71425E-5 3.93611E-5 6.00084E-5 4.89302E-5 5.93953E-5 5.46303E-5 2.80241E-5 3.9619E-5 5.04443E-5 6.80517E-5 6.74194E-5 6.27045E-5 3.69767E-5 8.87865E-5 8.30935E-5 6.74477E-5 1.29666E-4 1.26595E-4 1.23915E-4 1.90639E-4 1.99425E-4 7.22262E-5
-9999 -9999 -9999 -9999 -9999 -9999 -9999 -9999 -9999 -9999 -9999 -9999 -9999 -9999 -9999 -9999 -9999 1.14201E-4 5.00666E-5 2.37689E-5 4.09762E-5 1.21921E-4 1.03487E-4 4.34581E-5 8.83521E-5 1.93597E-4 2.46933E-4 1.93284E-4 8.02755E-5 7.60608E-5 1.14453E-4 1.47201E-4 4.75479E-5 6.30041E-5 7.14619E-5 9.36729E-5 5.40302E-5 4.7152E-5 6.82502E-5 9.33777E-5 6.69202E-5 2.37319E-5 1.66792E-5 4.37631E-5 5.26847E-5 7.47314E-5 6.01245E-5 6.43197E-5 5.20977E-5 5.18746E-5 3.21121E-5 8.74514E-5 1.02325E-4 9.40887E-5 4.10324E-5 6.2142E-5 4.47815E-5 1.09837E-4 1.41997E-4 1.01895E-4 1.20247E-4 9.07783E-5 1.30597E-4 1.47758E-4 2.18164E-4
-9999 -9999 -9999 -9999 -9999 -9999 -9999 -9999 -9999 -9999 -9999 -9999 -9999 -9999 -9999 -9999 -9999 -9999 1.1904E-4 9.37598E-5 1.11054E-4 1.09455E-4 4.45606E-5 1.06322E-4 4.49656E-5 1.27312E-4 1.30593E-4 1.91541E-4 5.20368E-5 6.00356E-5 1.08705E-4 1.15004E-4 7.32645E-5 6.06606E-5 6.61817E-5 9.28939E-5 1.12661E-4 1.1953E-4 1.19896E-4 1.01742E-4 6.45881E-5 3.83809E-5 3.74631E-5 5.32464E-5 6.25597E-5 5.45331E-5 5.52585E-5 3.29922E-5 5.36473E-5 3.45202E-5 2.8839E-5 4.1779E-5 1.11793E-4 1.04998E-4 6.48879E-5 6.69788E-5 1.17708E-4 1.28953E-4 1.39605E-4 7.73695E-5 8.35304E-5 9.15231E-5 9.77966E-5 1.14034E-4 9.97448E-5
-9999 -9999 -9999 -9999 -9999 -9999 -9999 -9999 -9999 -9999 -9999 -9999 -9999 -9999 -9999 -9999 -9999 -9999 1.32426E-4 1.07588E-4 2.69822E-5 4.29055E-5 4.61339E-5 1.09438E-4 1.11536E-4 1.30591E-4 1.39621E-4 2.05175E-4 1.67033E-4 3.48851E-5 4.33002E-5 5.61541E-5 8.59894E-5 1.02722E-4 1.40372E-4 1.15623E-4 1.14742E-4 6.77718E-5 1.19966E-4 9.32704E-5 5.40835E-5 3.83485E-5 1.30287E-5 8.37613E-5 9.5828E-5 9.64567E-5 8.44355E-5 6.71046E-5 4.11496E-5 5.27918E-5 3.33302E-5 2.23238E-5 5.00663E-5 5.07485E-5 5.07749E-5 1.13425E-4 7.59879E-5 1.26294E-4 9.88605E-5 1.48832E-4 6.65709E-5 9.55515E-5 2.34314E-4 8.65769E-5 1.15722E-4
-9999 -9999 -9999 -9999 -9999 -9999 -9999 -9999 -9999 -9999 -9999 -9999 -9999 -9999 -9999 -9999 -9999 -9999 -9999 -9999 5.1257E-5 4.77442E-5 1.63971E-4 1.1682E-4 1.23533E-4 5.03634E-5 1.46632E-4 2.04722E-4 1.6509E-4 4.90674E-5 4.99677E-5 3.1921E-5 8.7455E-5 1.57391E-4 9.97021E-5 1.01102E-4 5.8844E-5 1.13889E-4 1.16806E-4 9.53218E-5 5.39234E-5 4.46713E-5 7.27241E-5 4.80885E-5 7.30871E-5 1.00464E-4 9.86429E-5 4.56065E-5 4.27853E-5 6.10265E-5 1.04011E-4 4.92807E-5 1.31337E-4 1.69077E-4 1.22016E-4 1.18199E-4 1.25328E-4 6.73928E-5 7.79123E-5 1.11421E-4 1.451E-4 1.39929E-4 6.44234E-5 1.08541E-4 1.04116E-4
-9999 -9999 -9999 -9999 -9999 -9999 -9999 -9999 -9999 -9999 -9999 -9999 -9999 -9999 -9999 -9999 -9999 -9999 -9999 -9999 5.44011E-5 1.39484E-4 1.24733E-4 7.85566E-5 8.05189E-5 1.22551E-4 1.37232E-4 1.65582E-4 1.6295E-4 1.25435E-4 5.24364E-5 3.04698E-5 2.10757E-5 2.09094E-4 5.1491E-5 1.00375E-4 3.75186E-5 3.44215E-5 6.86131E-5 8.74312E-5 6.85406E-5 6.9517E-5 6.65756E-5 9.67776E-5 8.92851E-5 9.30215E-5 9.28917E-5 6.08477E-5 6.04927E-5 1.17565E-4 1.25845E-4 1.64976E-4 1.2962E-4 1.75019E-4 1.72117E-4 1.10022E-4 1.29491E-4 9.78312E-5 1.11751E-4 1.19352E-4 1.6828E-4 1.1476E-4 1.56962E-4 1.45021E-4 1.327E-4
-9999 -9999 -9999 -9999 -9999 -9999 -9999 -9999 -9999 -9999 -9999 -9999 -9999 -9999 -9999 -9999 -9999 -9999 -9999 -9999 6.16952E-5 1.46577E-4 4.86073E-5 4.83741E-5 1.18843E-4 2.46026E-4 4.92746E-5 1.50515E-4 1.19678E-4 4.45734E-5 1.65653E-5 3.92836E-5 3.92674E-5 1.00033E-4 5.8637E-5 5.24277E-5 2.45572E-5 3.36964E-5 3.30826E-5 6.45425E-5 6.90878E-5 6.1738E-5 1.04999E-4 9.10381E-5 4.63489E-5 8.78227E-5 8.69247E-5 8.45495E-5 1.76086E-4 1.28632E-4 1.70195E-4 1.62065E-4 1.65442E-4 7.72231E-5 1.81182E-4 1.11688E-4 1.37079E-4 1.2165E-4 1.3652E-4 1.27549E-4 1.16551E-4 1.03828E-4 1.89652E-4 1.09708E-4 2.12219E-4
-9999 -9999 -9999 -9999 -9999 -9999 -9999 -9999 -9999 -9999 -9999 -9999 -9999 -9999 -9999 -9999 -9999 -9999 -9999 -9999 -9999 6.76862E-5 6.20464E-5 1.841E-4 1.10218E-4 1.10646E-4 2.37448E-4 1.30254E-4 6.73258E-5 5.12592E-5 5.04089E-5 4.82819E-5 7.08366E-5 1.06223E-4 6.12747E-5 2.401E-5 2.81738E-5 5.50471E-6 2.02987E-5 3.15274E-5 5.72631E-5 7.13066E-5 7.07604E-5 9.59508E-5 7.19807E-5 6.11285E-5 4.53627E-5 7.31044E-5 1.72919E-4 1.71903E-4 1.78117E-4 1.67929E-4 1.64252E-4 1.72263E-4 1.6717E-4 1.22043E-4 1.35748E-4 1.36832E-4 1.05727E-4 1.33545E-4 1.32787E-4 1.07762E-4 1.33708E-4 1.9571E-4 1.10759E-4
-9999 -9999 -9999 -9999 -9999 -9999 -9999 -9999 -9999 -9999 -9999 -9999 -9999 -9999 -9999 -9999 -9999 -9999 -9999 -9999 -9999 1.07358E-4 4.26121E-5 1.83532E-4 1.0753E-4 2.29053E-4 7.52445E-5 1.40015E-4 5.51819E-5 4.9101E-5 5.12017E-5 4.69716E-5 2.89139E-5 7.26984E-5 8.01752E-5 3.39106E-5 1.15251E-5 2.42926E-5 2.10604E-5 3.72719E-5 3.43656E-5 4.23309E-5 7.11525E-5 6.61165E-5 6.62208E-5 7.93906E-5 1.19087E-4 5.90946E-5 1.48286E-4 1.47303E-4 1.68515E-4 1.73003E-4 1.6229E-4 1.69218E-4 1.66348E-4 1.73182E-4 1.09927E-4 1.17452E-4 1.23022E-4 9.24271E-5 1.37346E-4 1.52273E-4 1.10856E-4 9.49285E-5 1.85246E-4
-9999 -9999 -9999 -9999 -9999 -9999 -9999 -9999 -9999 -9999 -9999 -9999 -9999 -9999 -9999 -9999 -9999 -9999 -9999 -9999 -9999 1.26441E-4 8.68312E-5 9.03808E-5 1.0853E-4 4.1858E-5 4.9167E-5 8.52852E-5 1.24324E-4 2.77531E-5 3.89638E-5 4.67582E-5 4.57278E-5 7.24409E-5 1.07824E-4 3.13315E-5 4.64243E-5 2.82181E-5 2.50192E-5 1.18734E-5 4.88169E-5 6.16391E-5 4.88038E-5 3.89243E-5 4.40723E-5 7.96222E-5 7.71195E-5 1.55562E-4 1.60195E-4 1.46772E-4 1.67943E-4 1.5931E-4 1.58504E-4 1.82373E-4 1.73824E-4 1.34549E-4 1.05631E-4 1.37876E-4 9.68594E-5 1.35091E-4 1.32708E-4 1.35116E-4 1.3574E-4 1.34541E-4 1.14692E-4
-9999 -9999 -9999 -9999 -9999 -9999 -9999 -9999 -9999 -9999 -9999 -9999 -9999 -9999 -9999 -9999 -9999 -9999 -9999 -9999 -9999 -9999 6.95822E-5 6.87876E-5 4.45705E-5 3.93319E-5 5.05053E-5 5.00551E-5 1.49671E-4 1.06756E-4 2.40367E-5 3.30013E-5 4.75986E-5 6.56864E-5 6.72759E-5 1.68287E-5 8.41685E-5 4.56484E-5 1.20062E-5 1.61251E-5 4.88771E-5 5.10938E-5 4.87773E-5 5.26541E-5 5.44499E-5 6.81489E-5 7.34413E-5 1.49083E-4 1.27757E-4 1.3286E-4 1.53464E-4 1.79543E-4 1.85965E-4 1.76795E-4 1.78185E-4 7.90352E-5 1.09713E-4 1.08079E-4 1.2607E-4 1.63977E-4 1.40736E-4 1.2823E-4 1.4353E-4 1.48157E-4 9.35055E-5
-9999 -9999 -9999 -9999 -9999 -9999 -9999 -9999 -9999 -9999 -9999 -9999 -9999 -9999 -9999 -9999 -9999 -9999 -9999 -9999 -9999 -9999 5.78247E-5 3.15366E-5 3.50866E-5 1.24845E-4 4.1314E-5 4.8035E-5 1.48774E-4 1.40228E-4 1.63267E-4 2.69802E-5 7.18839E-5 4.08002E-5 5.81943E-5 3.98248E-5 3.54026E-5 1.20287E-4 7.11024E-5 4.18545E-5 3.95434E-5 4.5131E-5 3.87375E-5 1.30258E-4 4.90522E-5 8.78612E-5 8.68838E-5 1.23644E-4 1.44102E-4 1.43256E-4 1.50861E-4 1.77046E-4 1.73213E-4 1.79543E-4 1.27048E-4 8.79264E-5 1.10517E-4 8.77865E-5 1.30367E-4 1.78261E-4 1.0514E-4 1.34351E-4 1.30153E-4 9.93277E-5 1.04768E-4
-9999 -9999 -9999 -9999 -9999 -9999 -9999 -9999 -9999 -9999 -9999 -9999 -9999 -9999 -9999 -9999 -9999 -9999 -9999 -9999 -9999 -9999 3.1623E-5 5.23719E-5 3.59371E-5 1.88026E-4 8.63352E-5 8.03752E-5 5.6658E-5 2.46401E-5 1.64984E-4 4.9581E-5 2.88959E-5 4.39145E-5 6.84327E-5 3.88623E-5 2.11422E-5 4.41862E-5 3.37702E-5 6.75499E-5 4.84813E-5 3.36847E-5 4.81368E-5 5.4113E-5 7.22161E-5 4.87304E-5 3.88273E-5 1.02871E-4 1.50409E-4 1.52915E-4 1.52871E-4 1.82267E-4 1.97824E-4 1.84589E-4 1.37518E-4 9.44785E-5 1.5543E-4 1.29219E-4 1.10399E-4 1.80279E-4 1.96266E-4 1.35966E-4 1.44925E-4 1.20035E-4 1.33641E-4
-9999 -9999 -9999 -9999 -9999 -9999 -9999 -9999 -9999 -9999 -9999 -9999 -9999 -9999 -9999 -9999 -9999 -9999 -9999 -9999 -9999 -9999 -9999 6.2725E-5 2.10656E-5 3.80298E-5 9.18995E-5 2.21759E-4 2.16659E-4 6.6937E-5 6.03557E-5 4.38221E-5 3.41168E-5 2.10299E-5 3.99094E-5 4.14794E-5 2.33865E-5 7.64447E-5 6.30756E-5 4.85385E-5 5.0413E-5 4.42935E-5 4.76768E-5 7.00138E-5 4.24386E-5 3.9646E-5 4.62331E-5 1.50253E-4 1.54692E-4 1.54129E-4 9.92531E-5 1.75348E-4 2.30131E-4 1.74206E-4 1.28197E-4 1.18378E-4 1.26927E-4 9.96479E-5 1.75124E-4 1.56265E-4 2.07552E-4 1.45801E-4 1.6516E-4 1.27726E-4 1.37803E-4
-9999 -9999 -9999 -9999 -9999 -9999 -9999 -9999 -9999 -9999 -9999 -9999 -9999 -9999 -9999 -9999 -9999 -9999 -9999 -9999 -9999 -9999 -9999 -9999 5.85109E-5 3.25125E-5 1.18101E-4 1.87315E-4 2.21831E-4 8.16489E-5 2.3209E-4 5.40057E-5 1.65525E-5 2.97068E-5 4.06226E-5 4.1704E-5 1.16844E-4 7.50001E-5 3.49784E-5 3.15083E-5 6.63546E-5 5.3014E-5 6.14683E-5 9.92718E-5 7.40101E-5 7.10365E-5 1.0977E-4 1.37643E-4 1.55521E-4 1.67589E-4 1.62218E-4 2.01858E-4 2.05905E-4 1.53168E-4 9.69628E-5 1.06759E-4 1.54716E-4 1.20835E-4 1.76696E-4 1.63939E-4 2.48709E-4 1.95202E-4 1.23559E-4 8.84829E-5 9.7227E-5
