catData/rasterBestHybridModels/Prubiginosus/RD_RM1.5_H/Prubiginosus_max.asc
ncols         409
nrows         350
xllcorner     60.897278365
yllcorner     5.843756025
cellsize      0.0892857
NODATA_value  -9999
[rows 116 to 144 of 350, columns 260 to 324 of 409]
5.49122E-6 5.1319E-6 8.4872E-6 5.91735E-6 9.34969E-6 9.66906E-6 1.84385E-5 8.50896E-6 4.71296E-6 4.90138E-6 5.0227E-6 4.92666E-6 7.76891E-6 5.86092E-6 5.85037E-6 6.95291E-6 1.56801E-5 1.16079E-5 1.09315E-5 1.18089E-5 9.14954E-6 9.28099E-6 6.97803E-6 9.08577E-6 1.2498E-5 9.46667E-6 1.42463E-5 1.98579E-5 5.91813E-5 5.43543E-5 1.1023E-4 1.43779E-5 1.72016E-5 2.61353E-5 1.39388E-5 4.53989E-5 1.32374E-4 1.28759E-4 1.83085E-4 1.31416E-4 4.44248E-5 6.64038E-5 9.07308E-4 4.49383E-4 4.31184E-4 1.20852E-5 2.20072E-5 1.02865E-5 1.02192E-5 2.6062E-5 1.34839E-5 1.34716E-5 1.18185E-5 4.2349E-5 6.94601E-5 2.95089E-5 1.29898E-4 1.56903E-4 1.47404E-4 1.18926E-4 1.185E-4 1.55274E-4 1.42996E-4 4.51649E-4 8.73599E-5
5.39352E-6 5.04171E-6 4.97995E-6 8.09601E-6 4.23289E-6 5.47241E-6 1.33121E-5 1.89906E-5 1.33298E-5 1.20738E-5 5.05961E-6 5.29133E-6 5.08287E-6 4.88786E-6 4.59537E-6 4.54869E-6 5.85031E-6 1.74545E-5 7.58005E-6 7.4406E-6 6.90691E-6 6.86296E-6 5.79358E-6 6.91304E-6 8.52537E-6 2.02868E-5 1.44545E-5 1.4698E-5 1.47693E-5 1.39246E-5 1.05534E-5 8.21176E-6 2.61264E-5 3.00475E-5 3.24249E-5 3.97576E-5 4.08157E-5 4.30832E-5 7.88704E-5 1.58118E-4 1.59457E-4 1.52511E-4 1.47004E-4 2.07884E-5 1.90949E-5 4.44329E-5 1.67922E-5 3.55609E-5 1.33169E-5 2.05249E-5 2.05967E-4 1.45656E-5 2.43599E-4 2.47798E-4 6.47326E-5 4.17861E-5 1.71182E-5 4.77323E-5 7.76387E-5 8.85852E-5 9.13628E-5 1.01794E-4 1.93625E-5 9.41724E-5 3.82467E-5
5.4982E-6 5.30103E-6 3.85938E-6 4.92661E-6 8.39351E-6 8.25962E-6 5.18123E-6 3.8538E-6 3.57463E-6 4.66743E-6 7.40404E-6 3.886E-6 5.43284E-6 5.12836E-6 3.73608E-6 5.17571E-6 7.50816E-6 1.1914E-5 4.91898E-6 7.78608E-6 6.58873E-6 6.52843E-6 5.96818E-6 6.49956E-6 4.12959E-6 5.56003E-6 5.72602E-6 9.74784E-6 9.9847E-6 9.58895E-6 8.01218E-6 2.76157E-5 5.85042E-6 8.79289E-6 8.82403E-6 8.99449E-6 9.74727E-6 2.56818E-5 2.59659E-5 5.88522E-5 9.48916E-5 4.79714E-5 2.45144E-5 1.38508E-5 1.40757E-5 6.71594E-6 1.64055E-5 9.59719E-6 9.56111E-6 1.51348E-5 5.6009E-5 3.3398E-5 3.33004E-5 9.63555E-6 2.19512E-5 2.68002E-5 3.66188E-5 2.49054E-5 3.28572E-5 4.43461E-5 1.51162E-5 2.21438E-5 1.4108E-5 1.23667E-5 3.19112E-5
5.35078E-6 5.31321E-6 4.9998E-6 4.95566E-6 6.62742E-6 9.64492E-6 5.05629E-6 8.03358E-6 5.02078E-6 4.71995E-6 4.71084E-6 5.05036E-6 5.24849E-6 4.09909E-6 4.04146E-6 5.15162E-6 3.63379E-6 4.75739E-6 4.76452E-6 5.03037E-6 4.79386E-6 4.78997E-6 4.82626E-6 3.78914E-6 8.95487E-6 8.04537E-6 5.37909E-6 5.48434E-6 5.73888E-6 4.36175E-6 1.46481E-5 1.75898E-5 8.61068E-6 8.91211E-6 6.72691E-6 6.34005E-6 5.04352E-6 1.70172E-5 1.15967E-5 3.55842E-5 3.28147E-5 2.28769E-5 4.77358E-5 1.2057E-5 9.20675E-6 9.29351E-6 9.48298E-6 1.3184E-5 1.51877E-5 1.35774E-5 1.33593E-5 9.31776E-6 2.2525E-5 1.00916E-5 2.51524E-5 6.49771E-5 1.6488E-5 1.08415E-4 6.04486E-5 1.58724E-4 7.16968E-5 8.90916E-5 6.11694E-5 3.82424E-5 4.55992E-5
7.57749E-6 5.34142E-6 5.02855E-6 5.27539E-6 5.23489E-6 6.17474E-6 4.83278E-6 5.05946E-6 5.18093E-6 7.03886E-6 4.76328E-6 4.79787E-6 5.09829E-6 5.18771E-6 5.19764E-6 6.89169E-6 5.30266E-6 5.15114E-6 4.86595E-6 4.8995E-6 4.84829E-6 4.96633E-6 4.93972E-6 3.73524E-6 5.30444E-6 5.35476E-6 5.23833E-6 7.93154E-6 7.70586E-6 9.62715E-6 8.45946E-6 8.6282E-6 8.75332E-6 8.98058E-6 9.11765E-6 9.14065E-6 1.27272E-5 1.74018E-5 1.8482E-5 3.06292E-5 4.34489E-5 5.10874E-5 3.8712E-5 4.86279E-5 1.2468E-5 9.31973E-6 9.5275E-6 1.3112E-5 1.35848E-5 1.52482E-5 1.54548E-5 1.34885E-5 1.00346E-5 1.35007E-5 9.00212E-6 2.59429E-5 2.00403E-5 4.29822E-5 2.02183E-5 1.48894E-5 2.10131E-5 4.44736E-5 1.32652E-4 9.28712E-5 6.22373E-5
8.14397E-6 7.61311E-6 7.57787E-6 7.54402E-6 1.02126E-5 5.31738E-6 4.89777E-6 4.85921E-6 1.1248E-5 6.7817E-6 6.82633E-6 4.82245E-6 4.83178E-6 4.87261E-6 4.91054E-6 5.23112E-6 1.42938E-5 5.41842E-6 5.27512E-6 5.0032E-6 3.47086E-6 5.0225E-6 5.062E-6 5.12149E-6 5.16334E-6 5.2586E-6 5.41971E-6 7.67057E-6 8.19176E-6 8.43264E-6 1.17198E-5 1.23274E-5 8.60784E-6 1.27603E-5 1.24969E-5 9.15137E-6 8.64254E-6 1.32917E-5 1.5085E-5 1.28884E-5 2.15893E-5 2.35198E-5 2.48578E-5 2.68772E-5 7.15553E-6 9.41806E-6 1.29859E-5 1.31151E-5 9.66524E-6 1.31739E-5 1.78717E-5 1.33082E-5 1.61726E-5 1.53295E-5 1.3569E-5 1.01723E-5 1.73502E-5 1.41184E-5 7.20224E-5 9.86349E-5 5.53229E-5 5.49492E-5 4.08369E-5 4.54857E-5 1.16849E-5
1.08006E-5 7.61996E-6 1.03511E-5 7.58374E-6 1.02732E-5 1.18741E-5 1.01491E-5 7.43627E-6 7.73418E-6 7.90967E-6 5.25234E-6 5.15974E-6 5.22547E-6 4.87079E-6 4.86427E-6 4.96121E-6 5.3419E-6 1.13163E-5 6.36844E-6 5.40493E-6 3.9451E-6 5.14368E-6 5.1792E-6 5.55406E-6 5.67249E-6 5.8018E-6 1.09686E-5 1.18604E-5 8.40769E-6 1.17319E-5 1.38607E-5 1.73392E-5 1.7633E-5 1.68951E-5 1.25764E-5 9.18439E-6 9.2151E-6 9.23878E-6 1.28823E-5 1.7416E-5 1.84451E-5 1.4809E-5 8.37073E-6 6.65231E-6 7.06038E-6 8.78465E-6 1.31652E-5 9.79041E-6 9.7398E-6 1.33167E-5 1.7827E-5 1.63699E-5 2.189E-5 2.02805E-5 1.00914E-5 1.13014E-5 2.34696E-5 1.95694E-5 2.21446E-5 6.07014E-5 4.89878E-5 1.0688E-5 8.51574E-6 6.42947E-5 1.56549E-5
1.774E-5 1.4227E-5 1.04188E-5 7.63344E-6 7.60783E-6 7.32636E-6 1.02436E-5 7.48963E-6 7.47944E-6 7.20191E-6 1.17752E-5 1.37806E-5 5.20309E-6 4.94446E-6 4.95993E-6 5.02569E-6 5.38647E-6 1.73013E-5 1.32148E-5 8.21333E-6 5.20694E-6 4.61012E-6 5.30846E-6 6.89079E-6 6.69723E-6 1.70026E-5 1.45656E-5 5.71878E-6 1.16446E-5 8.84824E-6 1.07841E-5 1.08847E-5 1.158E-5 1.80391E-5 1.47656E-5 1.30324E-5 1.24924E-5 6.96733E-6 1.87137E-5 1.50376E-5 1.80202E-5 8.4409E-6 6.65332E-6 7.10656E-6 1.30154E-5 1.52209E-5 1.32933E-5 9.82376E-6 9.72277E-6 1.33421E-5 1.80221E-5 1.32268E-5 9.9495E-6 1.36409E-5 2.09386E-5 1.75324E-5 1.78894E-5 1.86146E-5 2.34758E-5 1.73542E-5 1.36833E-5 7.40941E-6 7.28399E-6 2.10611E-5 4.99516E-5
1.52056E-5 1.75219E-5 1.22266E-5 1.04536E-5 7.6589E-6 7.63506E-6 1.03699E-5 7.58931E-6 7.5852E-6 7.57802E-6 1.02377E-5 1.3982E-5 1.02974E-5 5.03276E-6 3.68132E-6 3.49718E-6 5.15788E-6 5.19654E-6 3.78486E-6 1.04868E-5 9.75603E-6 7.60707E-6 5.76452E-6 5.92692E-6 7.58907E-6 1.8539E-5 5.96215E-6 3.96133E-6 1.23111E-5 1.22779E-5 1.25307E-5 1.26406E-5 1.28126E-5 1.29436E-5 8.61186E-6 1.30571E-5 1.25533E-5 6.8977E-6 6.98041E-6 1.70949E-5 1.29167E-5 6.9511E-6 6.93944E-6 8.44995E-6 9.59957E-6 1.7721E-5 1.31571E-5 9.76669E-6 9.74796E-6 1.3292E-5 1.8397E-5 1.3293E-5 9.92522E-6 1.36392E-5 1.58834E-5 1.36125E-5 1.26488E-5 1.00408E-5 7.54303E-6 1.01096E-5 1.43137E-5 8.78293E-6 8.47115E-6 9.32925E-6 3.25926E-5
1.09925E-5 1.09703E-5 7.62721E-6 1.09164E-5 1.37927E-5 7.70724E-6 7.69027E-6 7.68025E-6 7.68876E-6 7.6814E-6 1.04014E-5 1.07502E-5 9.59765E-6 5.10798E-6 5.42321E-6 5.4892E-6 1.06254E-5 5.2541E-6 5.27381E-6 7.479E-6 5.74066E-6 1.02914E-5 5.43293E-6 6.07837E-6 1.62424E-5 2.85124E-5 6.06273E-6 7.33397E-6 8.85141E-6 8.7833E-6 8.91812E-6 9.00768E-6 9.10803E-6 9.19776E-6 9.26588E-6 9.27235E-6 9.28348E-6 1.2621E-5 9.26536E-6 1.28242E-5 1.28327E-5 9.28308E-6 1.26876E-5 1.49991E-5 1.22746E-5 1.14755E-5 1.31093E-5 9.74679E-6 1.33277E-5 1.3801E-5 1.54395E-5 1.32289E-5 9.84683E-6 9.83053E-6 1.35039E-5 1.58489E-5 1.42675E-5 1.37952E-5 1.01603E-5 1.0136E-5 8.87131E-6 8.83218E-6 8.46262E-6 9.14497E-6 3.23959E-5
7.88749E-6 7.85315E-6 7.83136E-6 7.81741E-6 7.79246E-6 1.14321E-5 7.76685E-6 7.73812E-6 6.09409E-6 7.76016E-6 7.75653E-6 1.18771E-5 5.1466E-6 5.17326E-6 5.49719E-6 5.67455E-6 1.24824E-5 7.41694E-6 6.1743E-6 8.05214E-6 5.50511E-6 5.88829E-6 5.63394E-6 1.29069E-5 2.81522E-5 1.30101E-5 6.15975E-6 1.26484E-5 7.89253E-6 1.24884E-5 1.25942E-5 1.23044E-5 9.14671E-6 9.21368E-6 9.28615E-6 1.26365E-5 9.27872E-6 9.11704E-6 9.15474E-6 1.26857E-5 1.27345E-5 6.88372E-6 1.25638E-5 1.47936E-5 1.85946E-5 1.77412E-5 1.31548E-5 9.67362E-6 9.65033E-6 9.85805E-6 1.30026E-5 1.52226E-5 1.32642E-5 9.66161E-6 8.70474E-6 1.40521E-5 1.41757E-5 1.38449E-5 1.02854E-5 1.01185E-5 9.97114E-6 9.87351E-6 8.98297E-6 3.30529E-5 1.32638E-5
8.01493E-6 1.08424E-5 1.14349E-5 7.68771E-6 1.29948E-5 1.20286E-5 8.41743E-6 1.28738E-5 1.0676E-5 1.74937E-5 2.20864E-5 7.80658E-6 5.22007E-6 5.25605E-6 5.27863E-6 5.60731E-6 1.18313E-5 1.18864E-5 6.23584E-6 8.1469E-6 8.23492E-6 8.27318E-6 5.66943E-6 5.7369E-6 6.18063E-6 1.11086E-5 1.46686E-5 1.33514E-5 1.20041E-5 1.64538E-5 1.65917E-5 1.23074E-5 9.11593E-6 1.25016E-5 1.30659E-5 1.46141E-5 1.29909E-5 1.2427E-5 9.17463E-6 8.23383E-6 1.28139E-5 6.94509E-6 9.31557E-6 1.27685E-5 1.33291E-5 1.34251E-5 1.35051E-5 1.33653E-5 1.28309E-5 9.62632E-6 9.47428E-6 1.29242E-5 1.29951E-5 9.58414E-6 9.68124E-6 9.78842E-6 9.86784E-6 1.00867E-5 1.02149E-5 7.4255E-6 8.71381E-6 7.23979E-6 8.44576E-6 2.04541E-5 9.30606E-6
1.12668E-5 1.1253E-5 1.12401E-5 1.12183E-5 1.11821E-5 1.11363E-5 1.11193E-5 1.11012E-5 1.06932E-5 7.83708E-6 1.43504E-5 2.4934E-5 1.26803E-5 1.33373E-5 6.97366E-6 8.01111E-6 1.28571E-5 9.11681E-6 8.18723E-6 8.25962E-6 6.35043E-6 1.14219E-5 1.14843E-5 8.5212E-6 8.59861E-6 6.32695E-6 1.2318E-5 2.29929E-5 1.20477E-5 1.64897E-5 1.75358E-5 1.42873E-5 1.27808E-5 1.4426E-5 1.46367E-5 1.30342E-5 1.2964E-5 1.27134E-5 9.28447E-6 6.81418E-6 9.21799E-6 6.87228E-6 9.43102E-6 7.03836E-6 9.41369E-6 9.46142E-6 9.50269E-6 9.4049E-6 9.34482E-6 9.36062E-6 9.40786E-6 9.40969E-6 9.48883E-6 7.09628E-6 9.66805E-6 9.73235E-6 1.33155E-5 1.39558E-5 8.82863E-6 7.01447E-6 7.84763E-6 6.58315E-6 6.75639E-6 7.67238E-6 8.84457E-6
8.06909E-6 8.05401E-6 8.04261E-6 8.02939E-6 8.01493E-6 5.42006E-6 5.38978E-6 6.10954E-6 5.3525E-6 5.3422E-6 5.65048E-6 6.20595E-6 6.19786E-6 1.41489E-5 2.97992E-5 2.23026E-5 1.91456E-5 1.55448E-5 3.02198E-5 1.31276E-5 9.53615E-6 7.73737E-6 1.20214E-5 1.17428E-5 8.69455E-6 8.79254E-6 1.60759E-5 1.5069E-5 1.37789E-5 1.15107E-5 1.26927E-5 1.28006E-5 8.90041E-6 1.28893E-5 1.26466E-5 9.23394E-6 9.17794E-6 6.93083E-6 9.23109E-6 6.74596E-6 1.24621E-5 6.82855E-6 1.27539E-5 8.53317E-6 8.48409E-6 1.32877E-5 1.33328E-5 8.50909E-6 1.32241E-5 1.32306E-5 1.32241E-5 1.33159E-5 8.60397E-6 8.64928E-6 1.36005E-5 1.37281E-5 1.55559E-5 1.8247E-5 1.34528E-5 7.31055E-6 8.37169E-6 7.91025E-6 8.86829E-6 7.69785E-6 3.40048E-6
1.14375E-5 1.14157E-5 8.12365E-6 1.10308E-5 5.55459E-6 5.53657E-6 4.26839E-6 4.28872E-6 5.77476E-6 5.74815E-6 3.72415E-6 2.37109E-5 7.57164E-6 8.11494E-6 8.15377E-6 1.22359E-5 8.25838E-6 8.30784E-6 8.3612E-6 1.46013E-5 2.41885E-5 1.08805E-5 1.05525E-5 1.19286E-5 8.79948E-6 2.00212E-5 2.02015E-5 1.7717E-5 1.08435E-5 1.40211E-5 1.40382E-5 1.06794E-5 3.32607E-5 1.07561E-5 2.27085E-5 1.54937E-5 3.26414E-5 2.07311E-5 1.20707E-5 9.13778E-6 9.10866E-6 6.78269E-6 9.24104E-6 1.2699E-5 1.1148E-5 1.85296E-5 1.21832E-5 1.21461E-5 1.85162E-5 1.84404E-5 1.85318E-5 1.85692E-5 1.86544E-5 1.52962E-5 1.36562E-5 1.55293E-5 1.93161E-5 1.83743E-5 1.35119E-5 9.9571E-6 7.36201E-6 8.66452E-6 3.2493E-5 8.23407E-6 3.93551E-5
8.98067E-6 1.15423E-5 8.16685E-6 5.64777E-6 5.67063E-6 5.97114E-6 6.15043E-6 6.33033E-6 6.02412E-6 5.86961E-6 5.54849E-6 4.04667E-6 6.37619E-6 8.20306E-6 1.12287E-5 8.29372E-6 1.13647E-5 7.84353E-6 7.86796E-6 1.24104E-5 1.79069E-5 2.09361E-5 1.66883E-5 1.11405E-5 2.51151E-5 4.49529E-5 1.80961E-5 1.89652E-5 3.21608E-5 1.41847E-5 3.65861E-5 1.64885E-5 1.16715E-5 3.05122E-5 2.31351E-5 8.53494E-6 1.69526E-5 3.68714E-5 3.25983E-5 1.88359E-5 2.29661E-5 1.25365E-5 9.24163E-6 1.26473E-5 8.43257E-6 1.51298E-5 1.25694E-5 1.95144E-5 1.91922E-5 1.90199E-5 1.90676E-5 1.89494E-5 1.7784E-5 1.3211E-5 9.80727E-6 1.35601E-5 1.84469E-5 1.9581E-5 1.58315E-5 1.36004E-5 1.00834E-5 9.22991E-6 2.58142E-5 7.72807E-6 5.66929E-5
1.12873E-5 8.4426E-6 5.95348E-6 5.88041E-6 6.19892E-6 6.32727E-6 6.53052E-6 6.35261E-6 5.97734E-6 5.66588E-6 5.67178E-6 5.98268E-6 5.66345E-6 1.13225E-5 1.13914E-5 8.40264E-6 7.80723E-6 9.94541E-6 1.36184E-5 1.21544E-5 1.99568E-5 1.3841E-5 2.21397E-5 1.59492E-5 9.71745E-6 9.05732E-6 3.13832E-5 3.19167E-5 1.46361E-5 1.5402E-5 1.70954E-5 1.67414E-5 1.05397E-5 1.88653E-5 1.94335E-5 2.06605E-5 9.09335E-6 3.02081E-5 3.03727E-5 3.20356E-5 3.32421E-5 1.26998E-5 9.28946E-6 9.32843E-6 6.93943E-6 1.29937E-5 1.80756E-5 1.93577E-5 1.933E-5 1.9536E-5 1.9379E-5 1.90704E-5 1.79659E-5 1.3266E-5 9.83544E-6 1.36828E-5 1.60933E-5 1.98216E-5 1.86424E-5 1.37194E-5 7.54123E-6 9.12323E-6 1.68438E-5 6.38802E-6 3.08863E-5
8.61607E-6 8.65298E-6 6.6528E-6 6.61904E-6 6.69381E-6 6.85247E-6 6.87927E-6 6.48769E-6 6.10059E-6 5.79767E-6 6.13307E-6 6.1108E-6 5.80213E-6 1.15051E-5 1.1571E-5 8.53188E-6 8.02749E-6 8.19266E-6 1.19068E-5 8.85994E-6 9.22834E-6 8.9166E-6 9.01871E-6 3.07737E-5 3.16717E-5 4.05737E-5 4.16496E-5 3.9653E-5 1.35126E-5 1.33544E-5 1.32494E-5 8.40216E-6 6.95088E-6 9.2292E-6 9.14958E-6 8.2082E-6 1.28586E-5 1.27904E-5 3.54522E-5 3.92964E-5 3.26608E-5 1.63402E-5 1.31817E-5 1.28272E-5 6.971E-6 1.28964E-5 9.35078E-6 1.8746E-5 1.90198E-5 1.93198E-5 1.94351E-5 1.92824E-5 1.81446E-5 1.33471E-5 7.22832E-6 7.35256E-6 1.38684E-5 1.89309E-5 1.87896E-5 1.38994E-5 7.69061E-6 7.30006E-6 8.35685E-6 6.41149E-6 7.62313E-6
8.94003E-6 5.75306E-6 7.32888E-6 7.44889E-6 7.3079E-6 5.85979E-6 6.28727E-6 1.03379E-5 6.25905E-6 6.99122E-6 6.33459E-6 6.45176E-6 6.34642E-6 6.39753E-6 8.72673E-6 8.74537E-6 1.19018E-5 8.78974E-6 8.92683E-6 9.12923E-6 1.24972E-5 1.25144E-5 9.30846E-6 3.00406E-5 4.88499E-5 7.13368E-5 4.99845E-5 1.92799E-5 1.91523E-5 1.91363E-5 1.81098E-5 1.31541E-5 7.11459E-6 8.42261E-6 1.31429E-5 9.48036E-6 1.85076E-5 4.72117E-5 4.66721E-5 3.88769E-5 3.26158E-5 1.83397E-5 1.29271E-5 1.29374E-5 7.05599E-6 9.60637E-6 8.46464E-6 1.52139E-5 1.22697E-5 1.92851E-5 1.97678E-5 1.95875E-5 1.92961E-5 1.56265E-5 1.3432E-5 9.96795E-6 1.36781E-5 1.22177E-5 1.97517E-5 1.62556E-5 9.46499E-6 9.064E-6 8.7362E-6 6.46537E-6 7.58652E-6
9.47791E-6 6.28959E-6 6.29254E-6 7.68184E-6 7.38252E-6 7.33049E-6 7.41537E-6 7.26409E-6 9.02291E-6 8.88462E-6 8.78883E-6 7.17198E-6 7.13892E-6 7.27998E-6 3.10099E-5 3.65238E-5 8.90593E-6 8.98082E-6 8.73379E-6 8.97952E-6 1.50244E-5 1.51061E-5 1.30495E-5 9.81221E-6 3.49677E-5 4.22049E-5 5.02898E-5 5.37604E-5 1.99897E-5 5.37365E-5 4.92297E-5 1.35147E-5 9.69636E-6 1.31347E-5 1.79488E-5 1.90596E-5 5.19651E-5 5.41244E-5 4.84089E-5 3.97889E-5 3.34528E-5 1.00316E-5 8.55395E-6 1.30385E-5 9.64666E-6 9.7088E-6 9.68041E-6 1.33316E-5 1.17951E-5 1.95738E-5 2.00657E-5 1.96852E-5 1.84278E-5 1.35067E-5 9.87689E-6 9.97113E-6 1.3626E-5 1.86235E-5 1.96374E-5 1.32881E-5 1.16136E-5 6.73231E-5 7.85499E-6 6.43121E-6 6.37638E-6
8.44043E-6 9.99898E-6 7.993E-6 7.53367E-6 7.21976E-6 5.8375E-6 1.3124E-5 1.25394E-5 1.0023E-5 6.9761E-6 7.47049E-6 5.93892E-6 6.04209E-6 9.26707E-6 7.77198E-6 9.07524E-6 9.12382E-6 1.25622E-5 1.49308E-5 4.84489E-5 5.02384E-5 5.03728E-5 4.59682E-5 4.12139E-5 8.4969E-6 1.33752E-5 2.35747E-5 2.06157E-5 2.05541E-5 2.17443E-5 5.18745E-5 1.39123E-5 1.0006E-5 1.35656E-5 1.85714E-5 1.97952E-5 5.64639E-5 5.00668E-5 4.83873E-5 4.09336E-5 3.64091E-5 1.03123E-5 9.15457E-6 9.66776E-6 9.69734E-6 1.33311E-5 7.2332E-6 9.90522E-6 2.36125E-5 1.96505E-5 1.33259E-5 1.97676E-5 1.8581E-5 1.36331E-5 7.29075E-6 1.36944E-5 1.4189E-5 1.42488E-5 1.44806E-5 1.04208E-5 1.167E-5 6.30225E-5 8.46715E-6 7.5763E-6 6.36806E-6
1.8898E-5 1.02249E-5 8.13793E-6 6.19234E-6 7.42853E-6 2.00984E-5 1.16823E-5 7.95652E-6 8.90112E-6 8.03312E-6 7.80083E-6 7.03105E-6 5.75873E-6 6.22404E-6 7.48072E-6 7.81844E-6 1.26418E-5 4.27412E-5 5.1053E-5 5.5052E-5 6.1841E-5 6.2383E-5 5.23142E-5 4.31701E-5 1.08885E-5 9.88779E-6 2.69334E-5 5.18407E-5 8.99108E-5 3.43766E-5 1.32014E-4 1.42419E-5 1.05044E-5 1.40015E-5 1.92117E-5 2.05593E-5 6.06804E-5 5.63435E-5 5.05021E-5 4.27504E-5 3.62559E-5 7.70467E-6 1.33271E-5 9.81679E-6 8.60937E-6 1.33822E-5 9.88772E-6 9.99607E-6 1.96154E-5 2.92134E-5 1.98393E-5 1.97155E-5 1.86134E-5 1.41149E-5 1.02518E-5 1.03122E-5 1.02484E-5 1.03027E-5 1.03871E-5 1.42228E-5 1.29135E-5 1.12436E-5 9.43085E-6 7.55495E-6 6.41534E-6
1.05095E-5 1.03836E-5 9.72758E-6 9.3579E-6 9.09663E-6 2.35172E-5 1.4161E-5 9.66473E-6 9.33242E-6 9.10511E-6 8.78114E-6 1.14408E-5 7.84915E-6 7.61313E-6 7.57993E-6 1.29963E-5 4.64162E-5 5.57877E-5 6.36719E-5 6.65542E-5 5.23151E-5 4.92382E-5 6.5426E-5 4.76605E-5 2.44826E-5 2.38973E-5 5.70984E-5 5.3337E-5 1.20517E-4 6.11791E-5 1.9972E-4 2.32649E-5 1.49118E-5 1.66544E-5 4.08473E-5 3.42322E-5 6.41025E-5 6.47711E-5 6.48665E-5 4.92156E-5 4.51067E-5 8.11896E-6 1.17025E-5 3.5758E-5 9.74362E-6 1.56366E-5 1.3545E-5 7.46154E-6 1.70074E-5 8.99668E-6 1.90441E-5 1.98207E-5 1.20956E-5 9.10404E-6 1.18894E-5 1.43726E-5 1.46847E-5 9.31518E-6 1.45883E-5 1.64198E-5 1.3472E-5 1.1331E-5 1.53817E-5 7.71625E-6 6.42393E-6
1.12117E-5 1.31633E-5 1.17492E-5 1.18942E-5 3.70002E-5 5.10077E-5 2.196E-5 1.1659E-5 1.61873E-5 1.06998E-5 8.37907E-6 1.04045E-5 1.0954E-5 1.81675E-5 3.82948E-5 4.41375E-5 4.15449E-5 4.38819E-5 6.18859E-5 6.19509E-5 7.10663E-5 7.18712E-5 6.35622E-5 5.36441E-5 7.00139E-5 6.15682E-5 4.98096E-5 4.4882E-5 2.2835E-5 2.03391E-5 5.46901E-5 3.70131E-5 2.29437E-5 2.25307E-5 2.2875E-5 2.42115E-5 7.47214E-5 7.51499E-5 6.68388E-5 2.17919E-5 1.59067E-5 1.13647E-5 1.03771E-5 1.05949E-5 9.08865E-6 4.01881E-5 3.40982E-5 8.24167E-6 1.04E-5 1.4147E-5 1.95714E-5 3.68316E-5 1.87841E-5 1.04827E-5 1.99804E-5 1.47638E-5 2.00099E-5 2.08592E-5 2.07528E-5 2.06973E-5 1.37791E-5 1.05755E-5 9.6292E-6 8.66085E-6 7.88654E-6
4.63545E-5 4.84775E-5 4.78517E-5 4.97121E-5 8.72862E-5 5.15261E-5 4.94733E-5 1.47059E-5 1.42941E-5 1.59686E-5 1.26903E-5 4.73103E-5 4.0433E-5 4.04419E-5 8.39252E-5 5.11439E-5 5.84338E-5 5.36588E-5 7.25106E-5 6.20959E-5 5.36431E-5 6.861E-5 6.88339E-5 6.80693E-5 3.37204E-5 1.01783E-4 4.92353E-5 1.17892E-4 4.60705E-5 5.52229E-5 6.79723E-5 7.96392E-5 3.17094E-5 7.21976E-5 2.66338E-5 2.79293E-5 6.91717E-5 7.12876E-5 6.60174E-5 2.27852E-5 4.91586E-5 8.70802E-6 1.05124E-5 3.74214E-5 3.78025E-5 4.18673E-5 1.43876E-5 1.05522E-5 1.06813E-5 1.43913E-5 1.63347E-5 1.29513E-5 1.22264E-5 1.48453E-5 7.63825E-6 1.11089E-5 2.04269E-5 2.17837E-5 2.17104E-5 1.43568E-5 1.14648E-5 8.73911E-6 7.82694E-6 9.49614E-6 9.58268E-6
4.73373E-5 2.24111E-5 5.15707E-5 4.07139E-5 5.60502E-5 2.01717E-5 1.6193E-5 3.10238E-5 2.69263E-5 5.90404E-5 6.2163E-5 5.72753E-5 8.15123E-5 4.87276E-5 6.00596E-5 5.9243E-5 5.48877E-5 4.9602E-5 5.42542E-5 5.84081E-5 1.13314E-4 1.12785E-4 1.81238E-4 7.40163E-5 7.4732E-5 1.20574E-4 1.65132E-4 1.53482E-4 2.48106E-5 5.61394E-5 6.35781E-5 8.13247E-5 5.13005E-5 8.34531E-5 8.59886E-5 3.19915E-5 7.77141E-5 7.08563E-5 6.68651E-5 1.92642E-5 1.6397E-5 1.13272E-5 1.47851E-5 1.07214E-5 3.72656E-5 3.77331E-5 9.32299E-6 1.37883E-5 1.0911E-5 1.05622E-5 1.40142E-5 9.02048E-6 9.01391E-6 1.37609E-5 1.01259E-5 1.39332E-5 1.94167E-5 1.41691E-5 2.14743E-5 1.42032E-5 9.1994E-6 7.54775E-6 6.72323E-6 1.93527E-5 9.29473E-6
2.02921E-5 2.87503E-5 1.87421E-5 5.54743E-5 3.80431E-5 4.41247E-5 6.19581E-5 6.95624E-5 5.79429E-5 5.35408E-5 5.1163E-5 4.93953E-5 1.66309E-4 1.97917E-4 8.33084E-5 2.02773E-4 8.85643E-5 9.29911E-5 3.98625E-5 2.77689E-5 5.95129E-5 7.37553E-5 7.53341E-5 7.50989E-5 6.12245E-5 4.91911E-5 5.1516E-5 1.37466E-4 4.44405E-5 3.53763E-5 3.44808E-5 8.28162E-5 7.12216E-5 6.09441E-5 3.81374E-5 3.11708E-5 7.40431E-5 7.131E-5 5.45406E-5 1.68945E-5 1.23494E-5 1.16812E-5 1.47815E-5 1.4829E-5 1.10011E-5 1.07011E-5 7.62961E-6 1.06717E-5 1.78195E-5 1.10873E-5 1.71239E-5 1.02328E-5 1.00927E-5 1.37357E-5 1.00092E-5 1.36681E-5 1.87418E-5 2.06224E-5 1.6339E-5 9.19417E-6 8.15156E-6 6.20797E-6 6.32768E-6 2.18581E-5 8.98817E-6
4.78826E-5 5.74552E-5 5.37822E-5 1.30571E-4 7.08395E-5 7.36009E-5 1.0241E-4 7.61006E-5 8.35045E-5 6.00712E-5 6.34916E-5 6.09535E-5 6.61205E-5 1.59617E-4 2.44799E-4 2.07579E-4 9.52878E-5 9.15135E-5 9.99948E-5 1.03434E-4 5.30027E-5 1.53468E-4 1.88856E-4 6.24194E-5 1.32535E-4 1.12346E-4 4.4429E-5 4.98842E-5 2.39503E-5 2.64984E-5 2.20926E-5 4.09681E-5 3.33205E-5 8.05115E-5 2.71955E-5 7.82295E-5 6.5673E-5 2.58544E-5 6.53686E-5 1.40988E-5 1.68992E-5 1.16237E-5 1.12374E-5 1.12477E-5 1.13157E-5 1.13363E-5 1.07823E-5 9.15328E-6 1.47229E-5 1.46939E-5 1.47154E-5 1.50179E-5 1.0195E-5 1.01575E-5 1.00647E-5 1.36812E-5 8.91927E-6 8.94283E-6 1.63693E-5 8.54823E-6 7.06882E-6 6.55E-6 7.62358E-6 1.76344E-5 9.11427E-6
4.91597E-5 5.66594E-5 5.99035E-5 6.11096E-5 1.39902E-4 1.56951E-4 7.09912E-5 1.54118E-4 7.47674E-5 7.31309E-5 6.99531E-5 1.21232E-4 9.64674E-5 9.36314E-5 1.1075E-4 1.24294E-4 9.84861E-5 1.05556E-4 5.60432E-5 1.11986E-4 8.5783E-5 5.05596E-5 1.62377E-4 7.52594E-5 1.53839E-4 1.19727E-4 1.43547E-4 6.06701E-5 4.66778E-5 4.61939E-5 2.15349E-5 5.68887E-5 6.14042E-5 7.5809E-5 7.56525E-5 6.24579E-5 7.28802E-5 7.28949E-5 6.73522E-5 1.76086E-5 1.25501E-5 1.19244E-5 1.0331E-5 1.66121E-5 1.66934E-5 1.60334E-5 1.11096E-5 1.44924E-5 1.93944E-5 2.02306E-5 2.019E-5 1.66463E-5 1.46683E-5 1.39979E-5 1.01345E-5 1.00288E-5 7.29214E-6 1.00105E-5 1.12652E-5 1.02585E-5 8.90093E-6 8.27289E-6 9.11845E-6 2.31829E-5 1.02914E-5
