catData/rasterBestHybridModels/Prubiginosus/RD_RM1.5_H/Prubiginosus_median.asc
ncols         409
nrows         350
xllcorner     60.897278365
yllcorner     5.843756025
cellsize      0.0892857
NODATA_value  -9999
[rows 116 to 144 of 350, columns 260 to 324 of 409]
2.88754E-6 2.41662E-6 2.86371E-6 2.63296E-6 2.52219E-6 2.62404E-6 4.74284E-6 2.31164E-6 2.29627E-6 2.70872E-6 3.11885E-6 2.76582E-6 5.15236E-6 4.5373E-6 4.46701E-6 5.07492E-6 5.33433E-6 5.60105E-6 6.41571E-6 7.39878E-6 6.79894E-6 6.90605E-6 5.31341E-6 6.09762E-6 7.21944E-6 6.96775E-6 1.08633E-5 1.74156E-5 3.6903E-5 3.62515E-5 6.58461E-5 8.32646E-6 7.65425E-6 8.6629E-6 1.00835E-5 2.74464E-5 7.54048E-5 7.19635E-5 1.03082E-4 6.79344E-5 2.81396E-5 4.39423E-5 5.47539E-4 2.81224E-4 1.93234E-4 8.01491E-6 1.26837E-5 8.03495E-6 8.17034E-6 1.59775E-5 8.87689E-6 1.00277E-5 9.46189E-6 2.18863E-5 2.71376E-5 1.10655E-5 3.83807E-5 5.62372E-5 4.57957E-5 3.00299E-5 2.93014E-5 5.63053E-5 7.13735E-5 2.59622E-4 7.05396E-5
2.87794E-6 2.41212E-6 2.39461E-6 2.83609E-6 2.44545E-6 3.82605E-6 3.24311E-6 5.07847E-6 2.41432E-6 2.71173E-6 3.14046E-6 3.55858E-6 3.15616E-6 2.70458E-6 2.2534E-6 2.23628E-6 4.30177E-6 5.27953E-6 5.43058E-6 5.34826E-6 5.11982E-6 4.98693E-6 4.44676E-6 5.03426E-6 6.19428E-6 1.16262E-5 8.56913E-6 9.42309E-6 1.02648E-5 9.76034E-6 8.50969E-6 6.60925E-6 1.0212E-5 2.44899E-5 2.93908E-5 3.21747E-5 3.31223E-5 3.44935E-5 3.87303E-5 8.30342E-5 9.54532E-5 9.10479E-5 8.4509E-5 1.23258E-5 1.39246E-5 1.96783E-5 1.14069E-5 2.01915E-5 1.1413E-5 9.94273E-6 1.44973E-4 7.54918E-6 1.65035E-4 1.68743E-4 2.21811E-5 2.20057E-5 1.28828E-5 1.90366E-5 2.50136E-5 3.55243E-5 2.37679E-5 3.57168E-5 1.38788E-5 3.19628E-5 3.4907E-5
3.36527E-6 2.87403E-6 1.52544E-6 2.37342E-6 2.45372E-6 2.84602E-6 3.20428E-6 1.99763E-6 1.45717E-6 2.27799E-6 2.7197E-6 2.32042E-6 3.59816E-6 3.17287E-6 2.03563E-6 2.70846E-6 2.27337E-6 2.36004E-6 2.70909E-6 3.0831E-6 3.64896E-6 3.71021E-6 4.44207E-6 3.68646E-6 2.77099E-6 3.93403E-6 4.08252E-6 6.88171E-6 7.3055E-6 7.16222E-6 6.14207E-6 1.41073E-5 2.69588E-6 6.96408E-6 5.38934E-6 7.30352E-6 7.91801E-6 1.51879E-5 1.62123E-5 4.06861E-5 4.846E-5 1.878E-5 1.54434E-5 9.31221E-6 1.07268E-5 2.98465E-6 3.04957E-6 8.03706E-6 7.78881E-6 1.15214E-5 2.17057E-5 2.11606E-5 2.11352E-5 6.83558E-6 8.93307E-6 9.88467E-6 1.06827E-5 9.79021E-6 1.28731E-5 1.56986E-5 9.48852E-6 1.00675E-5 1.03368E-5 8.4836E-6 2.06166E-5
2.9402E-6 2.87718E-6 2.3976E-6 2.3821E-6 2.36569E-6 2.3421E-6 2.77044E-6 3.18152E-6 2.75569E-6 2.29538E-6 2.29146E-6 2.76533E-6 3.20153E-6 2.904E-6 2.8807E-6 3.14485E-6 2.00068E-6 2.30458E-6 2.30622E-6 2.75176E-6 2.31763E-6 2.31729E-6 2.33151E-6 2.02046E-6 6.09551E-6 5.88347E-6 2.94549E-6 2.99432E-6 3.4054E-6 2.27555E-6 3.25046E-6 8.70465E-6 6.71935E-6 7.03152E-6 3.50691E-6 2.85006E-6 2.55613E-6 9.34892E-6 5.30307E-6 1.60131E-5 1.18901E-5 1.16561E-5 2.59712E-5 5.19379E-6 7.67339E-6 7.7128E-6 7.90816E-6 9.62615E-6 1.00166E-5 9.61146E-6 9.56778E-6 6.57885E-6 1.18741E-5 8.37719E-6 1.24232E-5 2.58371E-5 1.06201E-5 2.83887E-5 2.07183E-5 5.49425E-5 2.05479E-5 3.24638E-5 2.0055E-5 1.99835E-5 1.39802E-5
5.65481E-6 2.88619E-6 2.40625E-6 2.85854E-6 2.84271E-6 2.36353E-6 2.33574E-6 2.7701E-6 3.17912E-6 2.75871E-6 2.30919E-6 2.32102E-6 2.78274E-6 2.86284E-6 2.86681E-6 3.18718E-6 3.18108E-6 2.79971E-6 2.34027E-6 2.35217E-6 1.50316E-6 2.34667E-6 2.3686E-6 2.06652E-6 2.90842E-6 2.8809E-6 2.47262E-6 5.95793E-6 5.332E-6 6.39291E-6 6.52118E-6 6.89105E-6 6.83753E-6 7.07415E-6 7.20871E-6 7.21749E-6 8.23184E-6 9.24505E-6 9.69005E-6 1.50546E-5 2.15686E-5 2.58578E-5 1.94855E-5 2.67125E-5 8.60741E-6 7.524E-6 7.84142E-6 9.17701E-6 9.32724E-6 9.7158E-6 9.81126E-6 9.49222E-6 8.32946E-6 9.2964E-6 3.14752E-6 1.22179E-5 1.30043E-5 1.45786E-5 1.10186E-5 8.23301E-6 8.95706E-6 1.97061E-5 4.68666E-5 2.53695E-5 2.07472E-5
6.01305E-6 5.90984E-6 5.63159E-6 5.59641E-6 6.5411E-6 2.83693E-6 2.3578E-6 2.34336E-6 2.7774E-6 3.1768E-6 2.76603E-6 2.32806E-6 2.33065E-6 2.34472E-6 2.35769E-6 2.83194E-6 3.34771E-6 3.21163E-6 2.84708E-6 2.38724E-6 1.52536E-6 2.39414E-6 2.40797E-6 2.42821E-6 2.44325E-6 2.4747E-6 2.53068E-6 6.34677E-6 6.20897E-6 6.46334E-6 7.97396E-6 8.22614E-6 6.4607E-6 8.58111E-6 8.6251E-6 7.21206E-6 6.75754E-6 9.00319E-6 9.47793E-6 1.02486E-5 1.46989E-5 1.21902E-5 1.59517E-5 1.67248E-5 5.55199E-6 7.5079E-6 9.04722E-6 9.16396E-6 7.96897E-6 9.2195E-6 1.02203E-5 9.3382E-6 8.22617E-6 1.02183E-5 9.62869E-6 8.2815E-6 3.11039E-6 3.80657E-6 3.34265E-5 5.79363E-5 1.70698E-5 1.85626E-5 2.46986E-5 2.4574E-5 7.11096E-6
7.30794E-6 5.18868E-6 6.58229E-6 5.62674E-6 6.51297E-6 7.75754E-6 6.37271E-6 5.46634E-6 2.80439E-6 3.18613E-6 3.1739E-6 2.84986E-6 2.79396E-6 2.34298E-6 2.34064E-6 2.37367E-6 2.87362E-6 3.45022E-6 2.9084E-6 2.42942E-6 1.55098E-6 2.43344E-6 2.44609E-6 2.95296E-6 3.08102E-6 3.12541E-6 2.81324E-6 6.2057E-6 6.28125E-6 7.29564E-6 8.55271E-6 9.37271E-6 9.56813E-6 9.51626E-6 8.68022E-6 7.22245E-6 7.24409E-6 7.25999E-6 8.92417E-6 9.85191E-6 1.0136E-5 9.25371E-6 6.58808E-6 4.31239E-6 5.07738E-6 6.9518E-6 9.18306E-6 7.90743E-6 7.85668E-6 9.32491E-6 1.01682E-5 9.98255E-6 9.77681E-6 1.10005E-5 7.69195E-6 8.39458E-6 1.06037E-5 1.08123E-5 1.01832E-5 3.47911E-5 2.46704E-5 4.8031E-6 7.40832E-6 3.51619E-5 8.04171E-6
9.4665E-6 7.39292E-6 6.54642E-6 5.82416E-6 5.64076E-6 4.96163E-6 6.36564E-6 5.50911E-6 5.58417E-6 4.82072E-6 6.54761E-6 6.95947E-6 2.82102E-6 2.36744E-6 2.37254E-6 2.39515E-6 2.89037E-6 3.67094E-6 3.63395E-6 1.88275E-6 2.45521E-6 2.157E-6 2.48876E-6 2.99745E-6 3.08275E-6 4.52585E-6 3.09229E-6 2.60783E-6 7.05061E-6 6.55504E-6 7.01671E-6 7.07278E-6 7.43189E-6 9.82665E-6 9.22682E-6 8.77873E-6 8.58893E-6 5.09616E-6 1.02893E-5 9.95709E-6 1.02441E-5 6.78337E-6 4.31594E-6 5.25313E-6 9.03411E-6 9.57241E-6 9.27917E-6 7.90948E-6 7.79959E-6 9.32966E-6 1.02869E-5 9.22279E-6 8.02625E-6 9.57116E-6 1.16386E-5 1.03491E-5 8.58166E-6 1.06336E-5 1.21524E-5 1.05659E-5 2.95463E-6 3.80971E-6 3.72371E-6 5.20603E-6 1.48253E-5
7.64333E-6 9.48057E-6 6.92567E-6 6.49226E-6 5.76905E-6 5.72407E-6 6.4038E-6 5.60112E-6 5.59589E-6 5.5888E-6 7.41892E-6 7.05694E-6 6.29352E-6 2.39817E-6 2.09784E-6 1.55309E-6 2.43953E-6 2.45258E-6 2.15159E-6 5.84481E-6 2.98637E-6 3.31344E-6 3.09059E-6 3.32493E-6 3.79466E-6 6.98917E-6 3.10566E-6 1.70566E-6 8.39765E-6 8.70092E-6 8.36279E-6 8.45497E-6 8.59821E-6 8.70482E-6 6.78449E-6 8.79236E-6 8.63069E-6 5.07886E-6 5.16096E-6 9.84856E-6 9.26542E-6 5.13318E-6 4.99062E-6 6.65025E-6 7.37716E-6 1.00513E-5 9.15042E-6 7.81369E-6 7.79191E-6 9.2694E-6 1.0531E-5 9.26863E-6 7.97668E-6 9.55856E-6 1.00683E-5 9.85638E-6 8.17855E-6 8.02373E-6 5.55869E-6 8.07141E-6 8.05318E-6 5.85709E-6 5.11738E-6 2.80174E-6 1.18395E-5
6.77965E-6 6.72109E-6 5.15161E-6 6.57949E-6 7.61762E-6 5.71665E-6 5.69702E-6 5.68859E-6 5.69358E-6 5.66378E-6 6.2776E-6 6.38095E-6 2.88306E-6 2.42452E-6 2.90579E-6 2.98329E-6 6.3408E-6 2.47168E-6 2.47752E-6 2.50014E-6 3.02303E-6 3.33648E-6 2.32277E-6 3.37119E-6 3.94083E-6 1.02666E-5 3.14178E-6 2.61022E-6 6.56839E-6 6.74514E-6 6.89079E-6 6.98983E-6 7.09736E-6 7.18711E-6 7.25125E-6 7.25223E-6 7.25094E-6 8.67817E-6 7.2303E-6 8.84673E-6 8.90455E-6 7.22672E-6 8.72844E-6 9.37379E-6 7.92745E-6 7.67312E-6 9.09804E-6 7.76464E-6 9.2867E-6 9.40537E-6 9.72247E-6 9.20015E-6 7.8659E-6 7.83538E-6 9.42741E-6 1.00267E-5 9.77339E-6 9.6606E-6 8.12104E-6 8.08783E-6 7.33366E-6 7.12486E-6 5.60748E-6 6.06972E-6 1.50048E-5
5.91949E-6 5.87413E-6 5.84713E-6 5.83272E-6 5.82882E-6 5.78656E-6 5.77025E-6 5.71201E-6 4.04819E-6 5.72222E-6 5.68567E-6 2.44721E-6 2.43621E-6 2.44568E-6 2.93363E-6 3.26856E-6 7.40681E-6 4.95412E-6 4.36188E-6 5.75443E-6 2.53315E-6 3.07437E-6 2.55372E-6 3.13316E-6 8.78041E-6 3.63591E-6 3.17789E-6 2.6211E-6 6.8579E-6 8.3159E-6 8.40447E-6 8.41775E-6 7.11549E-6 7.17913E-6 7.2528E-6 8.68961E-6 7.23271E-6 7.05824E-6 7.0973E-6 8.72311E-6 9.10183E-6 5.06505E-6 8.61451E-6 9.20427E-6 1.01539E-5 1.00355E-5 9.12665E-6 7.6612E-6 7.6362E-6 7.86271E-6 8.994E-6 9.5467E-6 9.22175E-6 7.63828E-6 7.13504E-6 9.59142E-6 9.69244E-6 9.69684E-6 8.24617E-6 8.05739E-6 7.89389E-6 7.78321E-6 5.8627E-6 1.66123E-5 4.50856E-6
6.08793E-6 6.72506E-6 7.98364E-6 5.75953E-6 7.91261E-6 7.89217E-6 6.35823E-6 7.70365E-6 5.79478E-6 8.49898E-6 1.09044E-5 5.79519E-6 2.46093E-6 2.47246E-6 2.47965E-6 2.97496E-6 7.9695E-6 7.87402E-6 4.41367E-6 5.83704E-6 5.88653E-6 5.89191E-6 2.55751E-6 2.56961E-6 3.18354E-6 3.50724E-6 9.82112E-6 7.87977E-6 6.94209E-6 9.15229E-6 9.24618E-6 8.4105E-6 7.06801E-6 8.57216E-6 8.78024E-6 9.07375E-6 8.71589E-6 8.50005E-6 7.09954E-6 6.66913E-6 8.82385E-6 5.11283E-6 7.23153E-6 8.77926E-6 8.9844E-6 9.06729E-6 9.13922E-6 9.02622E-6 8.84213E-6 7.5835E-6 7.41817E-6 8.9245E-6 8.98413E-6 7.53758E-6 7.62637E-6 7.72986E-6 7.8091E-6 8.03339E-6 8.16332E-6 5.48973E-6 6.93638E-6 5.06458E-6 5.5337E-6 1.22573E-5 4.23571E-6
6.96756E-6 6.93377E-6 6.90284E-6 6.82961E-6 6.77208E-6 6.71101E-6 6.69072E-6 6.68E-6 6.59815E-6 5.79341E-6 6.05352E-6 1.20746E-5 2.50076E-6 2.97776E-6 2.50307E-6 5.97947E-6 6.04503E-6 6.09916E-6 5.87419E-6 5.93565E-6 4.43235E-6 6.66553E-6 6.55085E-6 5.94111E-6 5.97122E-6 3.23687E-6 3.26955E-6 4.91572E-6 6.89639E-6 9.16789E-6 9.45357E-6 8.82449E-6 8.54356E-6 8.92925E-6 9.08577E-6 8.74668E-6 8.6868E-6 8.73545E-6 7.19496E-6 4.998E-6 7.12684E-6 5.05529E-6 7.34513E-6 5.19155E-6 7.32338E-6 7.38232E-6 7.4358E-6 7.3331E-6 7.25938E-6 7.27878E-6 7.33423E-6 7.3372E-6 7.4257E-6 5.2201E-6 7.60061E-6 7.66119E-6 9.23526E-6 9.49399E-6 7.29649E-6 4.52421E-6 4.16809E-6 3.60462E-6 3.55406E-6 4.97041E-6 4.80786E-6
6.14178E-6 6.12013E-6 6.09713E-6 6.07829E-6 6.05161E-6 2.53509E-6 2.52485E-6 2.52894E-6 2.51219E-6 2.50684E-6 2.99665E-6 4.18607E-6 4.2002E-6 5.98806E-6 1.3923E-5 1.49907E-5 1.10236E-5 8.19866E-6 1.68182E-5 8.16661E-6 6.36867E-6 5.20092E-6 6.84978E-6 6.7752E-6 6.08277E-6 6.13353E-6 6.76578E-6 6.80441E-6 8.65094E-6 8.09814E-6 8.48513E-6 8.55406E-6 6.91499E-6 8.62572E-6 8.67718E-6 7.14739E-6 7.08797E-6 5.10578E-6 7.13092E-6 4.93115E-6 8.51216E-6 5.01241E-6 8.75884E-6 6.90197E-6 6.85512E-6 8.94241E-6 8.98106E-6 6.87749E-6 8.88821E-6 8.89518E-6 8.89009E-6 8.97004E-6 6.96557E-6 7.01041E-6 9.20386E-6 9.30455E-6 9.76596E-6 1.03445E-5 9.33918E-6 5.41213E-6 5.47905E-6 4.10576E-6 5.16862E-6 4.99473E-6 2.32362E-6
7.55922E-6 7.53323E-6 5.73904E-6 7.29973E-6 2.58711E-6 2.57948E-6 2.21983E-6 2.28833E-6 3.14662E-6 3.03779E-6 1.62055E-6 1.00232E-5 5.11292E-6 5.8816E-6 5.88276E-6 6.17071E-6 5.91489E-6 5.92353E-6 5.93519E-6 6.38102E-6 1.20614E-5 6.5326E-6 6.56133E-6 6.66531E-6 6.74177E-6 9.4352E-6 9.5156E-6 1.29008E-5 7.30393E-6 7.35287E-6 7.35764E-6 7.40634E-6 1.93869E-5 7.44107E-6 1.19278E-5 7.74112E-6 2.4432E-5 1.14992E-5 7.48123E-6 7.01921E-6 6.98547E-6 4.96714E-6 7.12425E-6 8.70635E-6 7.5082E-6 1.00874E-5 7.8793E-6 7.85981E-6 1.00765E-5 1.0028E-5 1.00897E-5 1.01162E-5 1.01731E-5 9.56839E-6 9.243E-6 9.74261E-6 1.06707E-5 1.04229E-5 9.3826E-6 7.84513E-6 5.45915E-6 5.68143E-6 1.55154E-5 4.19835E-6 1.82012E-5
6.30677E-6 7.85099E-6 5.94411E-6 2.62603E-6 2.63152E-6 3.14672E-6 3.57733E-6 4.12561E-6 3.4829E-6 3.08625E-6 2.57758E-6 2.23224E-6 4.33724E-6 6.03498E-6 6.71313E-6 5.99088E-6 6.68491E-6 5.22893E-6 5.24066E-6 8.30622E-6 8.05762E-6 1.03617E-5 8.50034E-6 7.26404E-6 1.65784E-5 2.25289E-5 7.70354E-6 8.32642E-6 1.82811E-5 9.22652E-6 2.06771E-5 8.13935E-6 7.50656E-6 1.80149E-5 1.45431E-5 7.56289E-6 9.58727E-6 2.9987E-5 2.10944E-5 8.10349E-6 1.44149E-5 8.5656E-6 7.11535E-6 8.65702E-6 6.81485E-6 9.433E-6 8.1533E-6 1.16571E-5 1.15345E-5 1.14115E-5 1.14506E-5 1.10612E-5 1.00137E-5 9.13046E-6 7.7011E-6 9.42383E-6 1.04663E-5 1.08444E-5 9.96298E-6 9.45153E-6 7.96979E-6 7.73931E-6 1.50592E-5 3.74671E-6 2.70709E-5
8.05144E-6 6.46887E-6 2.67185E-6 2.67934E-6 3.25583E-6 3.70039E-6 4.51112E-6 4.00205E-6 3.14489E-6 2.6216E-6 2.62294E-6 3.14309E-6 2.61637E-6 6.96615E-6 6.95211E-6 6.19479E-6 5.31498E-6 5.94351E-6 7.26748E-6 6.93073E-6 1.40344E-5 6.71795E-6 1.52023E-5 8.65638E-6 6.96137E-6 7.18818E-6 2.18043E-5 1.94168E-5 7.58782E-6 7.47867E-6 8.13582E-6 8.20963E-6 7.52642E-6 8.20247E-6 8.62756E-6 1.0262E-5 7.06419E-6 1.7837E-5 2.02121E-5 2.21138E-5 1.90526E-5 9.0743E-6 7.16522E-6 7.20029E-6 5.1219E-6 8.95141E-6 1.02204E-5 1.13416E-5 1.20386E-5 1.29218E-5 1.23678E-5 1.11443E-5 1.0128E-5 9.16839E-6 7.71698E-6 9.52075E-6 1.01606E-5 1.10077E-5 1.05926E-5 9.54729E-6 5.59632E-6 5.99122E-6 1.02685E-5 3.29221E-6 1.01647E-5
6.98527E-6 6.62322E-6 3.37441E-6 3.46928E-6 3.91163E-6 4.93098E-6 4.90141E-6 4.21198E-6 3.21395E-6 2.66976E-6 3.22955E-6 3.21691E-6 2.6675E-6 7.28122E-6 7.25282E-6 6.48683E-6 5.58433E-6 5.63306E-6 7.4706E-6 6.40797E-6 6.84157E-6 6.42158E-6 6.59994E-6 1.81708E-5 2.3009E-5 3.04819E-5 3.40469E-5 3.16112E-5 9.15397E-6 9.01954E-6 8.93027E-6 6.81011E-6 5.09111E-6 7.15775E-6 7.07361E-6 6.55893E-6 8.64718E-6 8.6087E-6 2.36344E-5 3.48909E-5 2.3826E-5 1.02452E-5 8.84715E-6 8.80187E-6 5.14315E-6 8.87847E-6 7.25047E-6 1.02973E-5 1.10937E-5 1.2038E-5 1.24191E-5 1.12934E-5 1.02419E-5 9.22991E-6 5.35585E-6 5.44985E-6 9.67194E-6 1.07884E-5 1.06895E-5 9.69597E-6 5.71142E-6 4.24249E-6 5.0356E-6 3.29113E-6 3.66182E-6
7.22348E-6 2.99776E-6 4.19329E-6 5.38694E-6 5.33483E-6 3.79079E-6 3.78314E-6 4.71026E-6 3.30502E-6 2.73159E-6 3.34452E-6 3.73797E-6 3.45165E-6 3.36493E-6 6.8153E-6 6.84207E-6 7.72459E-6 6.84163E-6 6.84799E-6 6.88264E-6 7.5751E-6 7.64301E-6 7.17241E-6 1.48492E-5 3.86516E-5 5.82653E-5 3.77612E-5 1.06844E-5 1.05729E-5 1.05536E-5 1.02866E-5 9.13342E-6 5.28229E-6 6.77649E-6 8.85407E-6 7.19274E-6 1.05642E-5 3.93395E-5 4.0057E-5 3.24406E-5 2.37525E-5 8.35194E-6 8.88559E-6 8.89459E-6 5.20527E-6 7.50857E-6 6.91788E-6 9.50313E-6 8.11102E-6 1.15061E-5 1.2817E-5 1.16974E-5 1.06441E-5 9.79135E-6 9.29779E-6 7.83409E-6 9.50551E-6 8.18064E-6 1.09544E-5 1.02744E-5 7.89207E-6 5.32951E-6 5.7056E-6 3.30923E-6 3.63902E-6
6.75587E-6 3.19796E-6 3.42866E-6 5.51307E-6 5.39917E-6 5.34655E-6 5.42503E-6 5.04605E-6 3.55262E-6 2.79637E-6 3.58621E-6 4.95921E-6 4.89984E-6 3.70696E-6 2.27126E-5 2.33359E-5 7.03955E-6 7.10436E-6 6.41159E-6 6.52219E-6 8.77299E-6 8.86861E-6 8.69654E-6 8.11236E-6 2.45134E-5 3.3431E-5 4.17715E-5 4.59938E-5 1.23366E-5 4.57382E-5 4.22009E-5 9.48127E-6 7.80018E-6 9.12738E-6 1.01885E-5 1.0743E-5 4.46231E-5 4.74157E-5 4.02789E-5 3.32661E-5 2.49685E-5 7.97787E-6 7.19689E-6 8.97699E-6 7.53568E-6 7.59008E-6 7.58E-6 9.22545E-6 8.05053E-6 1.18101E-5 1.25868E-5 1.15763E-5 1.04211E-5 9.35234E-6 7.7314E-6 7.82921E-6 9.45718E-6 1.05584E-5 1.08044E-5 8.72098E-6 7.81015E-6 3.43247E-5 4.87668E-6 3.28314E-6 3.24497E-6
6.49581E-6 8.0906E-6 3.8835E-6 3.82111E-6 3.75393E-6 3.11231E-6 3.80944E-6 3.79927E-6 3.71567E-6 2.86772E-6 3.69469E-6 3.11784E-6 3.14289E-6 3.2602E-6 3.80059E-6 7.23691E-6 7.2859E-6 9.20696E-6 9.74374E-6 3.03603E-5 3.62747E-5 3.7549E-5 3.78731E-5 2.79891E-5 6.08896E-6 8.85669E-6 1.65582E-5 1.31121E-5 1.32166E-5 1.63071E-5 4.65775E-5 1.02505E-5 8.35806E-6 9.53186E-6 1.06604E-5 1.26921E-5 4.89792E-5 4.10857E-5 4.14609E-5 3.38006E-5 2.62104E-5 8.29535E-6 7.85259E-6 7.55071E-6 7.57986E-6 9.21476E-6 5.34808E-6 8.14342E-6 1.32857E-5 1.15062E-5 9.12526E-6 1.16329E-5 1.0517E-5 9.45307E-6 5.41402E-6 9.50903E-6 9.65797E-6 9.70847E-6 9.90303E-6 8.04925E-6 7.89599E-6 3.44486E-5 4.33424E-6 3.63787E-6 3.22833E-6
9.50111E-6 8.29224E-6 3.14616E-6 2.41665E-6 3.01435E-6 3.29649E-6 3.19938E-6 3.10253E-6 3.14241E-6 3.10272E-6 3.03275E-6 2.59493E-6 2.33487E-6 2.45113E-6 2.974E-6 5.2127E-6 9.42663E-6 3.14643E-5 4.49313E-5 4.78423E-5 5.35824E-5 5.25405E-5 4.97411E-5 3.27351E-5 9.17811E-6 8.30064E-6 1.82989E-5 4.25973E-5 6.53894E-5 2.31818E-5 9.0304E-5 1.06606E-5 8.73464E-6 1.03624E-5 1.24044E-5 1.35822E-5 5.54548E-5 5.3587E-5 4.20825E-5 3.57399E-5 2.2333E-5 5.67217E-6 8.24074E-6 7.69814E-6 7.0803E-6 9.25476E-6 7.76277E-6 7.9187E-6 1.05651E-5 1.79794E-5 1.10095E-5 1.15942E-5 1.05291E-5 9.85371E-6 8.09917E-6 8.16614E-6 8.10359E-6 8.16924E-6 8.26899E-6 9.95548E-6 8.62068E-6 6.33203E-6 6.47584E-6 3.63008E-6 3.25535E-6
8.39245E-6 7.81207E-6 4.27675E-6 4.21885E-6 4.18033E-6 6.23833E-6 4.31979E-6 4.23638E-6 3.45089E-6 4.02514E-6 3.38617E-6 3.44974E-6 3.36903E-6 3.41887E-6 3.42876E-6 9.73273E-6 3.59825E-5 4.99424E-5 2.06123E-5 1.99499E-5 1.61623E-5 1.49815E-5 2.12605E-5 2.99814E-5 1.43946E-5 1.34559E-5 3.54235E-5 4.4786E-5 9.52637E-5 5.49009E-5 1.28714E-4 1.54932E-5 1.31829E-5 1.18451E-5 2.46972E-5 2.35925E-5 5.70353E-5 5.53453E-5 5.49052E-5 4.45718E-5 3.71976E-5 5.97995E-6 8.30728E-6 1.81666E-5 7.54826E-6 9.80297E-6 9.3913E-6 5.48669E-6 8.24319E-6 7.73686E-6 1.11793E-5 1.16663E-5 8.12437E-6 7.33405E-6 6.76519E-6 1.00724E-5 1.00621E-5 7.74509E-6 9.98908E-6 1.03863E-5 8.75509E-6 6.36847E-6 9.38083E-6 3.71102E-6 3.24344E-6
8.3764E-6 1.10154E-5 6.09894E-6 6.44669E-6 1.63618E-5 1.95898E-5 6.54954E-6 6.33086E-6 4.96076E-6 4.7807E-6 3.41337E-6 3.60634E-6 3.67796E-6 4.54558E-6 1.26452E-5 1.35382E-5 1.27223E-5 1.62899E-5 2.5133E-5 2.25318E-5 2.35064E-5 2.53427E-5 5.65737E-5 4.42596E-5 5.8754E-5 4.06004E-5 4.63775E-5 3.49458E-5 1.52705E-5 1.75835E-5 3.88074E-5 2.88863E-5 1.89654E-5 1.83937E-5 1.91606E-5 2.06231E-5 6.21846E-5 7.0276E-5 5.7544E-5 1.27978E-5 1.15331E-5 9.25435E-6 8.35735E-6 8.12984E-6 7.66454E-6 3.03683E-5 2.02643E-5 5.79065E-6 8.39468E-6 9.92233E-6 1.19617E-5 2.11885E-5 1.20668E-5 8.29399E-6 8.54065E-6 1.03389E-5 1.14874E-5 1.16146E-5 1.15456E-5 1.17175E-5 9.43117E-6 6.12106E-6 7.14199E-6 4.44433E-6 3.84578E-6
3.70941E-5 4.0187E-5 3.81167E-5 1.48682E-5 3.88701E-5 1.46347E-5 1.77505E-5 6.88226E-6 6.71583E-6 6.54233E-6 4.99094E-6 1.43051E-5 9.54134E-6 9.78052E-6 4.72231E-5 2.8164E-5 2.19093E-5 2.55572E-5 3.33272E-5 1.86558E-5 1.61061E-5 6.06544E-5 6.53941E-5 4.21396E-5 2.30419E-5 8.12452E-5 3.65817E-5 8.00912E-5 3.60654E-5 4.05377E-5 4.71727E-5 5.43697E-5 2.40522E-5 4.96068E-5 2.15849E-5 2.15871E-5 6.03097E-5 6.13904E-5 5.51831E-5 1.33938E-5 3.96562E-5 6.74386E-6 8.44877E-6 2.52395E-5 1.933E-5 2.45384E-5 1.01036E-5 8.53592E-6 8.64142E-6 1.01243E-5 1.07592E-5 8.39111E-6 8.19864E-6 1.0145E-5 5.68599E-6 8.80243E-6 1.17696E-5 1.30844E-5 1.33622E-5 9.79662E-6 7.78273E-6 4.23597E-6 4.7676E-6 6.46201E-6 5.36129E-6
3.28609E-5 1.80321E-5 4.12538E-5 1.38087E-5 1.68406E-5 8.07672E-6 5.55524E-6 9.51879E-6 7.50269E-6 2.10813E-5 1.80794E-5 1.52716E-5 3.67072E-5 3.28492E-5 3.90379E-5 4.2403E-5 2.07833E-5 2.33829E-5 1.85447E-5 2.23695E-5 9.09957E-5 9.795E-5 1.40335E-4 4.50517E-5 4.50448E-5 1.02113E-4 1.23463E-4 1.16997E-4 1.31837E-5 4.13797E-5 5.85174E-5 5.70918E-5 4.15372E-5 5.83328E-5 7.11636E-5 2.27874E-5 6.46679E-5 6.23869E-5 5.26258E-5 1.28001E-5 1.17732E-5 9.18319E-6 1.04593E-5 8.63347E-6 2.34235E-5 2.02363E-5 7.82212E-6 8.71671E-6 8.77476E-6 8.44423E-6 9.76758E-6 7.44529E-6 7.44285E-6 9.54727E-6 7.95856E-6 1.01042E-5 1.18182E-5 9.69835E-6 1.22437E-5 9.14319E-6 4.94176E-6 3.63535E-6 3.38609E-6 1.10082E-5 5.1059E-6
1.63252E-5 2.35465E-5 1.47996E-5 1.7241E-5 1.51625E-5 2.42446E-5 2.98319E-5 4.5237E-5 2.90939E-5 2.8132E-5 2.62961E-5 3.46706E-5 1.21058E-4 1.45524E-4 5.63378E-5 1.51298E-4 3.75604E-5 3.80541E-5 1.80926E-5 1.11477E-5 4.05272E-5 4.42131E-5 4.57885E-5 4.50139E-5 4.20346E-5 3.27333E-5 3.81445E-5 9.60975E-5 3.52064E-5 2.57401E-5 2.90452E-5 5.81858E-5 5.2923E-5 4.72223E-5 2.64064E-5 2.37044E-5 6.65664E-5 6.13377E-5 4.01615E-5 1.2336E-5 1.04645E-5 9.51881E-6 1.04701E-5 1.05054E-5 8.88013E-6 8.6058E-6 5.64062E-6 8.55551E-6 9.09137E-6 9.00847E-6 8.73779E-6 8.08762E-6 7.94077E-6 9.52851E-6 7.83954E-6 9.46615E-6 1.05909E-5 1.18185E-5 1.03003E-5 7.64311E-6 4.21887E-6 3.07328E-6 3.14055E-6 1.21853E-5 4.94044E-6
4.15819E-5 4.62411E-5 4.21327E-5 8.29791E-5 4.49851E-5 4.22964E-5 5.39783E-5 5.56603E-5 6.62984E-5 3.36738E-5 4.08755E-5 4.13664E-5 3.68972E-5 1.22297E-4 1.78092E-4 1.54144E-4 6.95599E-5 2.98985E-5 3.91113E-5 4.01939E-5 3.62943E-5 1.13887E-4 1.42036E-4 4.29042E-5 1.05918E-4 7.51196E-5 3.5381E-5 3.97411E-5 1.37994E-5 1.64632E-5 1.9042E-5 3.34297E-5 2.42681E-5 5.71069E-5 2.35373E-5 7.15923E-5 4.86051E-5 1.62761E-5 5.45895E-5 1.03291E-5 1.21293E-5 9.45462E-6 9.0957E-6 9.06978E-6 9.13075E-6 9.13409E-6 8.65521E-6 7.64622E-6 1.0105E-5 1.00805E-5 1.00957E-5 1.05424E-5 8.05914E-6 8.0121E-6 7.90302E-6 9.47576E-6 7.35556E-6 7.98296E-6 9.98254E-6 5.79065E-6 4.25088E-6 3.44253E-6 3.67856E-6 1.03319E-5 5.07849E-6
3.46959E-5 5.08534E-5 5.40552E-5 1.99878E-5 1.05881E-4 9.7445E-5 4.36248E-5 8.21778E-5 4.57505E-5 4.41563E-5 4.27188E-5 6.92557E-5 5.43666E-5 6.24043E-5 6.55839E-5 1.01713E-4 7.80717E-5 8.93843E-5 2.34428E-5 8.85149E-5 6.80499E-5 3.44669E-5 1.21805E-4 6.48587E-5 1.0822E-4 9.00471E-5 1.02169E-4 4.55067E-5 3.73143E-5 3.67641E-5 1.59565E-5 4.35569E-5 4.64991E-5 7.18541E-5 7.10457E-5 4.43717E-5 6.55204E-5 6.00876E-5 5.69441E-5 1.2817E-5 1.0267E-5 9.66994E-6 8.66673E-6 1.15562E-5 1.16301E-5 1.13176E-5 8.91612E-6 1.01761E-5 1.10516E-5 1.12031E-5 1.11709E-5 1.07009E-5 1.00518E-5 9.74539E-6 7.96763E-6 7.85132E-6 5.41926E-6 7.82239E-6 8.04714E-6 8.11814E-6 7.4271E-6 4.22439E-6 4.49197E-6 1.42856E-5 5.22167E-6
