catData/rasterBestHybridModels/Prubiginosus/RD_RM1.5_H/Prubiginosus_min.asc
ncols         409
nrows         350
xllcorner     60.897278365
yllcorner     5.843756025
cellsize      0.0892857
NODATA_value  -9999
[rows 116 to 144 of 350, columns 325 to 389 of 409]
1.56908E-5 2.53186E-5 1.74844E-5 2.06358E-5 4.80744E-5 5.45549E-5 1.68597E-5 3.43603E-6 3.56068E-6 3.44584E-6 3.12018E-6 3.22846E-6 3.68599E-6 1.3055E-5 3.08289E-6 8.57703E-6 3.27487E-6 3.26548E-6 5.10503E-6 3.63332E-6 6.41254E-6 3.33953E-6 2.42817E-6 2.14124E-6 3.28544E-6 2.36465E-6 3.36301E-6 3.33502E-6 3.49821E-6 3.1114E-6 3.73891E-6 4.75747E-6 2.31183E-6 4.21976E-6 3.24276E-6 2.75687E-6 4.81055E-6 4.3219E-6 9.51188E-6 8.16889E-6 6.66474E-6 3.24455E-6 2.53035E-6 3.02958E-6 2.37587E-6 8.71218E-6 4.62339E-6 2.27729E-5 1.10411E-5 6.09496E-5 4.15606E-5 1.70674E-5 2.01372E-4 2.33764E-5 1.39758E-5 1.13124E-5 1.10471E-5 1.21203E-5 1.14794E-5 1.09199E-5 7.81771E-6 6.69602E-6 -9999 -9999 -9999
9.30984E-6 5.06776E-6 5.53548E-6 6.4797E-6 6.09404E-6 1.58945E-5 4.2157E-6 2.36493E-6 2.18961E-6 2.77507E-6 2.8823E-6 2.48077E-6 2.60094E-6 2.00552E-6 1.61551E-6 1.57628E-6 3.00709E-6 4.15731E-6 3.70161E-6 2.63472E-6 1.89325E-6 2.35105E-6 2.72567E-6 3.0008E-6 3.59849E-6 3.41951E-6 4.12516E-6 1.5054E-6 1.90548E-6 4.94119E-6 7.20615E-6 3.83603E-6 2.38356E-6 3.87466E-6 1.23098E-5 1.99208E-5 1.98192E-5 1.35097E-5 3.40252E-5 3.23921E-5 6.28381E-5 3.11589E-5 3.16386E-5 1.02528E-5 7.51812E-6 1.95544E-5 2.75078E-5 1.77169E-5 1.38715E-5 3.48111E-5 4.69809E-4 1.55E-5 1.24765E-5 1.27973E-5 1.0647E-5 1.04204E-5 1.00778E-5 1.21154E-5 6.27E-6 -9999 -9999 -9999 -9999 -9999 -9999
4.22201E-6 3.08103E-6 6.4721E-6 5.09063E-6 4.28508E-6 4.99288E-6 2.21228E-6 1.85597E-6 1.6666E-6 1.93113E-6 2.4777E-6 5.71158E-6 1.91474E-6 2.00704E-6 4.23616E-6 2.01443E-6 2.95023E-6 3.14375E-6 1.54054E-6 1.26912E-6 1.68271E-6 3.00903E-6 5.11413E-6 4.07166E-6 4.0679E-6 4.04509E-6 4.63809E-6 3.08753E-6 2.1778E-6 1.97156E-6 2.51692E-6 9.68614E-6 3.25703E-6 3.98584E-6 2.866E-5 4.00982E-5 5.51534E-5 2.86873E-5 1.73055E-5 2.19754E-5 2.12998E-5 1.55678E-5 2.64406E-5 5.24297E-5 5.18851E-6 8.12678E-6 2.90697E-5 9.02735E-6 3.73822E-5 3.2303E-4 3.1313E-5 1.51375E-5 1.44066E-5 1.18491E-5 1.13348E-5 1.1383E-5 8.74935E-6 7.84467E-6 -9999 -9999 -9999 -9999 -9999 -9999 -9999
2.59931E-6 6.16105E-6 4.95226E-6 6.46057E-6 4.08242E-6 3.29903E-6 9.62956E-6 2.1673E-6 3.02779E-6 2.95097E-6 3.40835E-6 3.45963E-6 3.57241E-6 2.75521E-6 6.04075E-6 3.63768E-6 2.33423E-6 1.96121E-6 1.96089E-6 2.00315E-6 1.52611E-6 1.65302E-6 2.49019E-6 2.30073E-6 5.07249E-6 3.35929E-6 3.03359E-6 2.36038E-6 1.20845E-6 1.37522E-6 1.70488E-6 2.51526E-6 3.86497E-6 1.84275E-5 4.1603E-5 3.63589E-5 1.63876E-5 1.77995E-5 1.70543E-5 1.44669E-5 1.44343E-5 1.54011E-5 4.28078E-5 6.76667E-5 9.63014E-5 4.86603E-6 1.2987E-5 9.42757E-6 1.65669E-5 2.43495E-5 3.08278E-5 1.98628E-5 1.73362E-5 1.5845E-5 1.00433E-5 1.32303E-5 1.21339E-5 8.42631E-6 -9999 -9999 -9999 -9999 -9999 -9999 -9999
8.37241E-6 2.021E-5 3.14063E-6 5.95448E-6 4.49912E-6 4.44565E-6 4.42166E-6 4.06103E-6 3.34238E-6 9.19187E-6 3.6803E-6 4.8321E-6 4.92748E-6 3.867E-6 2.91938E-6 2.64082E-6 2.63835E-6 8.21788E-6 2.65508E-6 1.98374E-6 2.08348E-6 2.8266E-6 2.95352E-6 3.12887E-6 4.42688E-6 1.63692E-6 1.24023E-6 2.27572E-6 2.98335E-6 3.36174E-6 3.35276E-6 4.29803E-6 1.25274E-5 4.73265E-5 2.08624E-5 2.01041E-5 2.23345E-5 1.97773E-5 1.82845E-5 1.2686E-5 1.27208E-5 1.89066E-5 7.86766E-5 9.21518E-5 4.59281E-5 4.82165E-6 7.4661E-6 7.88717E-6 1.39597E-5 1.97421E-5 2.91366E-5 2.84886E-5 2.29357E-5 1.43718E-5 7.5455E-6 9.02077E-6 1.17948E-5 7.61462E-6 7.23302E-6 -9999 -9999 -9999 -9999 -9999 -9999
3.19555E-6 3.59561E-6 5.48109E-6 6.42043E-6 6.78329E-6 7.20983E-6 2.85233E-6 2.3258E-6 2.59254E-6 2.90608E-6 3.79866E-6 4.07167E-6 4.13756E-6 4.10769E-6 1.25371E-5 5.26696E-6 4.3171E-6 1.16221E-5 3.16302E-6 2.29227E-6 7.97146E-6 6.59658E-6 8.04967E-6 2.01667E-6 2.42703E-6 2.46009E-6 4.13596E-6 2.99308E-6 2.68647E-6 2.73333E-6 1.04273E-5 5.09168E-6 5.90264E-5 3.98071E-5 3.79791E-5 1.75677E-5 1.36551E-5 2.47192E-5 1.37898E-5 1.32242E-5 1.57175E-5 1.54979E-5 1.79329E-5 5.41174E-5 3.25612E-6 5.28643E-6 1.58197E-5 1.2934E-5 1.41368E-5 1.73922E-5 1.22035E-5 1.08587E-5 1.29128E-5 6.99237E-6 7.99808E-6 1.73404E-5 1.01919E-5 1.97443E-5 8.30874E-6 -9999 -9999 -9999 -9999 -9999 -9999
4.15992E-6 5.46554E-6 5.99895E-6 5.33971E-6 9.34528E-6 1.38172E-5 7.8243E-6 5.92722E-6 1.8921E-5 1.1214E-5 2.66927E-5 2.85126E-5 3.12755E-5 4.46881E-6 4.78758E-6 1.19177E-5 2.73695E-5 3.40138E-6 2.87874E-6 2.2132E-6 3.05418E-6 1.11075E-5 1.01152E-5 3.24479E-6 2.64643E-6 2.96274E-6 3.96585E-6 1.3997E-5 1.22122E-5 8.49402E-6 3.4575E-6 2.43959E-5 4.70417E-5 3.16516E-5 1.3395E-5 4.2883E-6 1.99556E-5 2.2567E-5 2.05821E-5 1.30813E-5 1.42121E-5 1.74898E-5 7.80471E-5 2.11128E-5 5.7847E-6 1.36353E-4 1.15913E-5 9.42661E-6 9.36399E-6 1.00418E-5 1.05452E-5 7.49925E-6 9.65389E-6 1.18945E-5 2.4484E-5 1.01945E-5 1.5018E-5 2.52729E-5 -9999 -9999 -9999 -9999 -9999 -9999 -9999
2.86919E-6 4.77916E-6 1.29461E-5 2.95284E-5 8.72127E-6 2.01876E-5 8.71828E-5 6.55981E-5 1.37015E-5 1.47471E-5 4.16627E-5 1.1107E-5 5.23577E-6 5.19001E-6 2.01737E-5 1.98152E-5 6.46976E-6 5.08575E-6 1.78859E-5 4.21375E-5 4.10821E-5 7.74652E-5 4.95094E-5 6.77251E-5 4.54399E-5 5.88622E-5 3.56169E-5 5.39324E-5 1.78463E-5 3.30571E-5 1.4603E-5 3.73222E-6 5.66138E-6 1.64703E-5 1.80163E-5 7.46239E-6 1.11882E-5 2.66309E-5 2.15168E-5 1.92905E-5 6.03092E-5 8.56533E-5 3.35893E-5 2.69367E-5 7.84983E-6 1.04525E-5 9.52458E-6 9.1231E-6 7.92077E-6 9.05288E-6 1.00115E-5 9.29713E-6 8.4159E-6 1.07515E-5 1.44709E-5 1.86038E-5 1.34016E-5 1.27467E-5 7.50337E-6 -9999 -9999 -9999 -9999 -9999 -9999
1.2271E-5 1.40047E-5 5.71653E-6 8.9326E-6 3.50919E-5 6.7312E-5 6.27424E-5 4.5251E-5 8.78797E-6 7.96345E-6 2.85219E-5 9.3415E-6 2.47479E-5 8.14066E-6 2.34158E-5 1.03213E-5 4.01476E-4 1.49124E-4 6.02661E-5 5.94675E-5 1.35056E-4 8.4568E-5 5.55703E-5 3.76554E-5 2.61326E-5 3.62663E-5 7.32502E-5 6.25181E-5 1.09179E-4 9.72122E-5 7.1063E-5 1.78037E-5 2.07443E-5 4.06741E-5 4.07948E-5 9.73435E-5 6.86874E-5 2.76437E-5 2.54255E-5 2.67404E-5 3.14131E-5 3.82821E-5 3.86099E-5 1.14348E-5 1.6908E-5 1.5382E-5 9.88341E-6 8.84537E-6 7.7764E-6 9.45132E-6 1.16688E-5 1.14879E-5 9.07384E-6 7.58494E-6 6.29676E-6 8.54917E-6 9.07007E-6 5.06709E-6 -9999 -9999 -9999 -9999 -9999 -9999 -9999
7.43135E-6 8.11883E-6 2.793E-5 1.37039E-5 2.39432E-5 3.13383E-5 2.45768E-5 2.42154E-5 3.30738E-5 6.50333E-5 8.62757E-5 7.39409E-5 9.46802E-5 6.26123E-5 6.17196E-4 4.75924E-5 3.86886E-5 2.80427E-5 2.67962E-5 2.40824E-5 2.11001E-5 1.80864E-5 2.27028E-5 1.35021E-5 1.14039E-5 1.99989E-5 1.76421E-5 3.57847E-5 9.70809E-5 6.99779E-5 7.63566E-5 6.79645E-5 5.44881E-5 8.43977E-6 5.34609E-5 8.27785E-5 2.66898E-5 2.26652E-5 2.22261E-5 2.75342E-5 2.77475E-5 3.83231E-5 3.68392E-4 7.34954E-6 2.82682E-5 2.30533E-5 1.16508E-5 7.81282E-6 7.58524E-6 9.09685E-6 6.61023E-6 8.13832E-6 9.20459E-6 8.62635E-6 1.50244E-5 7.79524E-6 6.99064E-6 -9999 -9999 -9999 -9999 -9999 -9999 -9999 -9999
4.79206E-6 5.45684E-5 6.357E-5 3.58086E-5 3.84619E-5 4.09157E-5 3.6079E-5 2.49081E-5 3.1966E-5 3.80004E-5 3.83044E-5 3.45756E-5 3.69537E-5 3.60134E-5 3.21834E-5 3.04495E-5 2.25172E-5 2.34891E-5 2.30822E-5 2.13427E-5 2.01181E-5 2.1325E-5 2.60919E-5 2.56143E-5 2.58639E-5 3.20664E-5 3.38773E-5 2.71917E-5 1.36244E-4 3.54919E-5 4.44157E-5 3.10149E-5 2.96281E-5 2.64287E-5 1.7941E-5 1.59145E-5 1.53801E-5 1.52543E-5 1.49082E-5 1.48223E-5 1.62077E-5 2.77661E-4 1.94012E-5 3.9289E-5 2.14248E-5 1.68186E-5 1.12889E-5 9.40336E-6 9.5246E-6 7.74086E-6 6.3755E-6 7.79743E-6 5.24516E-6 7.2316E-6 1.30486E-5 1.17587E-5 7.95108E-6 5.03663E-6 -9999 -9999 -9999 -9999 -9999 -9999 -9999
3.89117E-6 1.1949E-5 3.19552E-5 3.54108E-5 4.67096E-5 4.16027E-5 5.89925E-5 3.15605E-5 2.81638E-5 2.78274E-5 3.21269E-5 3.13064E-5 2.50103E-5 1.68188E-5 1.47993E-5 1.69462E-5 1.83655E-5 1.99817E-5 1.6962E-5 1.9468E-5 2.95064E-5 3.30656E-5 3.19662E-5 4.97449E-5 4.49204E-5 4.52786E-5 3.12878E-5 2.62253E-5 1.9453E-5 1.34028E-5 1.09087E-5 5.15444E-5 5.72991E-5 3.81999E-5 8.1845E-6 1.44173E-5 1.55834E-5 1.52156E-5 1.36235E-5 4.09002E-5 1.5811E-4 1.72963E-5 2.34835E-5 2.80422E-5 2.47785E-5 1.05393E-5 2.36277E-5 1.70038E-5 1.00487E-5 8.45176E-6 8.88026E-6 9.73103E-6 1.00761E-5 1.34712E-5 9.84137E-6 1.38226E-5 5.03663E-6 -9999 -9999 -9999 -9999 -9999 -9999 -9999 -9999
3.53523E-6 3.45013E-5 3.25287E-5 3.95136E-5 3.84527E-5 4.39194E-5 6.16783E-5 3.99801E-5 3.94114E-5 3.74549E-5 3.32972E-5 2.79831E-5 1.24904E-5 1.4924E-5 1.02919E-5 1.2129E-5 1.16104E-5 1.28765E-5 1.17588E-5 1.3456E-5 2.13416E-5 3.33422E-5 3.41319E-5 3.88948E-5 2.99729E-5 2.60817E-5 2.48882E-5 1.90803E-5 1.88539E-5 1.82168E-5 1.81353E-5 1.91691E-5 1.89432E-5 1.70763E-5 1.29746E-5 5.60111E-6 8.43735E-6 8.93101E-6 1.17592E-5 9.58255E-6 9.89223E-6 1.67523E-5 1.60066E-5 1.24152E-5 5.65939E-6 6.60684E-6 8.73688E-6 2.39562E-5 1.49615E-5 9.81263E-6 1.16559E-5 1.48142E-5 1.42754E-5 9.29954E-6 9.63255E-6 6.78908E-6 -9999 -9999 -9999 -9999 -9999 -9999 -9999 -9999 -9999
6.24372E-5 3.98597E-5 9.09286E-5 3.34591E-5 3.18881E-5 3.23932E-5 3.58182E-5 3.57953E-5 3.67286E-5 3.65126E-5 3.25528E-5 2.96862E-5 2.09018E-5 1.08109E-5 1.14109E-5 1.21093E-5 9.64456E-6 8.6297E-6 9.87499E-6 1.15401E-5 1.7072E-5 2.5483E-5 2.53695E-5 3.04142E-5 4.32011E-5 3.42019E-5 2.33353E-5 1.50001E-5 1.65139E-5 1.56063E-5 1.62695E-5 1.63806E-5 1.69285E-5 1.73547E-5 1.52196E-5 5.33102E-6 8.1283E-6 1.01871E-5 1.01072E-5 9.99335E-6 1.33352E-5 7.946E-6 7.17823E-6 6.31119E-6 6.68494E-6 8.62188E-6 7.26844E-6 1.96731E-5 1.70311E-5 9.29407E-6 1.28466E-5 1.57726E-5 9.44987E-6 8.85686E-6 6.99719E-6 -9999 -9999 -9999 -9999 -9999 -9999 -9999 -9999 -9999 -9999
2.66546E-5 7.90282E-5 5.73173E-5 3.50534E-4 1.89453E-4 2.21561E-5 1.68353E-5 3.21509E-5 3.10923E-5 5.53694E-5 3.09593E-5 2.54913E-5 2.31373E-5 1.30583E-5 1.53941E-5 1.03791E-5 1.07892E-5 9.74904E-6 9.65855E-6 1.09583E-5 1.59611E-5 2.2809E-5 9.41382E-6 1.51529E-5 2.1627E-5 2.17795E-5 1.83694E-5 1.44403E-5 1.58147E-5 1.77037E-5 1.90207E-5 1.676E-5 1.41586E-5 1.03587E-5 8.44549E-6 5.52914E-6 1.14409E-5 1.59095E-5 1.19484E-5 1.23332E-5 8.55499E-6 6.30595E-6 7.60032E-6 7.28229E-6 8.33455E-6 1.47074E-5 1.76707E-5 2.59153E-5 1.53529E-5 1.04781E-5 1.28075E-5 1.29293E-5 1.08697E-5 7.13609E-6 -9999 -9999 -9999 -9999 -9999 -9999 -9999 -9999 -9999 -9999 -9999
2.49016E-5 2.87118E-5 5.18751E-5 5.64086E-5 7.46343E-5 4.05394E-4 4.00235E-4 3.41992E-5 3.13111E-5 3.06303E-5 2.43269E-5 1.78447E-5 2.20966E-5 2.09056E-5 1.86867E-5 1.28096E-5 1.16234E-5 6.9929E-6 6.82704E-6 9.51716E-6 1.51109E-5 1.33704E-5 1.69763E-5 2.45721E-5 1.40225E-5 1.31637E-5 3.5784E-6 6.43869E-6 1.3546E-5 1.67056E-5 1.52083E-5 1.57559E-5 1.51416E-5 1.2613E-5 8.66541E-6 5.82165E-6 5.90999E-6 1.55913E-5 1.27725E-5 6.78111E-6 6.40145E-6 8.32932E-6 9.55213E-6 5.89744E-6 6.80359E-6 1.6587E-5 3.25424E-5 2.03938E-5 1.3985E-5 1.0876E-5 1.16833E-5 1.15816E-5 8.96492E-6 -9999 -9999 -9999 -9999 -9999 -9999 -9999 -9999 -9999 -9999 -9999 -9999
7.36668E-6 1.41483E-5 1.37486E-5 4.20577E-5 9.2595E-5 8.72196E-5 8.68655E-5 4.99998E-5 6.75611E-5 3.51432E-4 2.27563E-5 2.92209E-5 2.86344E-5 2.39376E-5 2.31126E-5 1.97353E-5 1.45031E-5 1.30297E-5 1.58955E-5 1.11824E-5 1.97567E-5 1.6777E-5 3.86947E-5 2.83256E-5 2.72312E-5 2.84552E-5 1.76122E-5 1.58613E-5 1.00556E-5 1.25069E-5 8.60168E-6 9.10835E-6 1.45874E-5 1.34726E-5 8.68829E-6 8.99141E-6 1.3345E-5 7.14758E-6 6.45358E-6 5.50929E-6 6.49107E-6 1.21545E-5 1.08777E-5 9.07669E-6 1.56745E-5 2.0936E-5 2.37594E-5 1.7562E-5 1.37072E-5 1.14366E-5 8.23196E-6 8.92048E-6 8.50282E-6 -9999 -9999 -9999 -9999 -9999 -9999 -9999 -9999 -9999 -9999 -9999 -9999
1.87739E-6 4.63868E-6 5.71956E-6 6.04495E-6 6.1464E-6 1.0231E-5 1.10523E-5 7.1807E-6 8.13656E-6 3.97634E-6 7.04583E-6 1.6593E-5 9.97374E-6 1.16088E-5 7.5146E-6 2.34201E-5 1.11542E-5 4.39784E-5 3.1472E-5 1.9568E-5 2.4394E-5 1.02173E-5 6.00993E-5 1.75756E-5 5.41248E-4 3.18992E-5 2.29753E-5 1.81111E-5 1.27449E-5 1.02764E-5 5.80486E-6 5.42552E-6 1.10085E-5 1.15336E-5 1.40892E-5 5.66715E-6 5.08157E-6 6.1995E-6 7.45113E-6 7.538E-6 7.19879E-6 8.10457E-6 7.68759E-6 1.85728E-5 1.33646E-5 2.36195E-5 1.91873E-5 1.79849E-5 1.67582E-5 1.33508E-5 8.2311E-6 9.06733E-6 5.04451E-6 5.05211E-6 -9999 -9999 -9999 -9999 -9999 -9999 -9999 -9999 -9999 -9999 -9999
1.57682E-6 2.03413E-6 2.01816E-6 2.00291E-6 4.19169E-6 1.94871E-6 1.48773E-6 1.28995E-6 1.29329E-6 1.46661E-6 1.87369E-6 1.85247E-6 1.95199E-6 1.96833E-6 1.94893E-6 2.49968E-6 2.35532E-6 2.17757E-6 1.71162E-6 1.45593E-6 1.79239E-6 8.3219E-6 2.97468E-6 4.80351E-6 7.91025E-6 1.28128E-4 4.99877E-5 2.89211E-5 2.12901E-5 1.62127E-5 8.79389E-6 1.29768E-5 1.67508E-5 1.44031E-5 1.33576E-5 7.9709E-6 8.40273E-6 9.55662E-6 1.06344E-5 1.04001E-5 8.71718E-6 8.00555E-6 8.42912E-6 1.64632E-5 1.96939E-5 2.83113E-5 3.04701E-5 2.15519E-5 1.62537E-5 1.94769E-5 1.31834E-5 6.14499E-6 5.72096E-6 5.90686E-6 5.97448E-6 -9999 -9999 -9999 -9999 -9999 -9999 -9999 -9999 -9999 -9999
1.37015E-6 1.30775E-6 1.31505E-6 1.33111E-6 1.52786E-6 1.94017E-6 1.37239E-6 9.32792E-7 8.87596E-7 1.21446E-6 1.25119E-6 1.2457E-6 1.46867E-6 1.93418E-6 2.01684E-6 2.2245E-6 1.99797E-6 2.0664E-6 1.38121E-6 1.51054E-6 2.61882E-6 3.04845E-6 7.56379E-6 9.94203E-6 3.0779E-6 3.22399E-6 4.0585E-6 4.75776E-5 2.18518E-5 3.28409E-5 3.38331E-5 2.92915E-5 2.06056E-5 2.68275E-4 1.56097E-5 1.95548E-5 1.36588E-5 1.17007E-5 1.1945E-5 1.51604E-5 2.16888E-5 1.34004E-5 9.84126E-6 1.3324E-5 2.40337E-5 3.05946E-5 2.80681E-5 2.36681E-5 2.83324E-5 3.0529E-5 9.25327E-6 8.46896E-6 9.6215E-6 8.95423E-6 -9999 -9999 -9999 -9999 -9999 -9999 -9999 -9999 -9999 -9999 -9999
8.73764E-7 8.57188E-7 8.48573E-7 8.66795E-7 1.38232E-6 1.95887E-6 1.74246E-6 1.17785E-6 1.07276E-6 9.05285E-7 8.286E-7 8.18501E-7 1.21116E-6 1.79581E-6 2.03014E-6 2.08457E-6 1.45859E-6 1.89457E-6 2.21923E-6 1.79363E-6 2.10517E-6 7.88607E-6 1.22127E-5 3.00646E-6 3.0178E-6 2.6034E-6 2.83684E-6 3.81774E-6 3.30772E-6 4.97278E-6 1.58442E-4 6.96858E-6 5.66491E-6 1.66618E-5 4.61974E-4 1.34198E-5 1.47152E-5 1.11738E-5 1.24348E-5 1.53368E-5 1.98104E-5 3.77813E-5 1.19531E-5 1.33214E-5 4.50436E-6 8.68015E-6 2.02462E-5 3.46569E-5 2.68347E-5 1.40515E-5 1.07547E-5 9.14152E-6 1.18562E-5 1.22371E-5 -9999 -9999 -9999 -9999 -9999 -9999 -9999 -9999 -9999 -9999 -9999
1.27655E-6 8.50648E-7 8.47715E-7 9.39576E-7 1.11049E-6 1.82833E-6 2.21582E-6 1.48255E-6 1.18825E-6 1.63511E-6 1.33331E-6 8.26021E-7 1.22318E-6 1.81709E-6 2.05744E-6 2.17872E-6 2.06288E-6 1.84628E-6 1.94635E-6 3.02425E-6 3.72369E-6 2.53866E-6 2.58042E-6 2.6298E-6 2.041E-6 4.31824E-6 1.07704E-5 1.95007E-5 2.13978E-5 1.80507E-5 5.02361E-6 1.86974E-5 1.64978E-6 5.53931E-6 6.34579E-6 1.88444E-5 1.99643E-5 1.1051E-5 1.23485E-5 1.64037E-5 3.58115E-5 3.50734E-5 2.38534E-5 1.76699E-5 4.77624E-6 9.36793E-6 2.94137E-5 2.4173E-5 2.14927E-5 1.3267E-5 1.44112E-5 1.20671E-5 1.32691E-5 -9999 -9999 -9999 -9999 -9999 -9999 -9999 -9999 -9999 -9999 -9999 -9999
1.25044E-6 4.04266E-6 3.94118E-6 1.44141E-6 1.22071E-6 1.52859E-6 1.5158E-6 1.49443E-6 1.47015E-6 1.82665E-6 1.70671E-6 1.27478E-6 1.48165E-6 2.04161E-6 2.2952E-6 2.36748E-6 2.35487E-6 2.18526E-6 2.44391E-6 2.66854E-6 2.98049E-6 1.99895E-6 1.42413E-6 3.02429E-6 6.24269E-6 5.13828E-6 2.23271E-5 8.47077E-6 2.41108E-5 3.31578E-5 1.81466E-5 1.98745E-5 1.82203E-4 6.56453E-6 1.05979E-4 2.65824E-4 2.34692E-4 1.13507E-5 1.16123E-5 1.60325E-5 2.54458E-5 1.49383E-5 2.08791E-5 1.09262E-5 3.87322E-6 1.28367E-5 2.42726E-5 2.21993E-5 9.53367E-6 1.1437E-5 1.24845E-5 1.87799E-5 1.43563E-5 -9999 -9999 -9999 -9999 -9999 -9999 -9999 -9999 -9999 -9999 -9999 -9999
1.48361E-6 1.92554E-6 1.93681E-6 1.68166E-6 1.68003E-6 1.20274E-6 1.22149E-6 2.17654E-6 1.5101E-6 1.18699E-6 1.41603E-6 1.80021E-6 2.11155E-6 2.55803E-6 2.94077E-6 2.99894E-6 3.0712E-6 2.77003E-6 2.74079E-6 2.51053E-6 2.48123E-6 2.1062E-6 4.7754E-6 4.17329E-6 5.62621E-6 5.1629E-6 1.00224E-5 9.71947E-6 2.481E-5 2.33321E-5 1.46478E-5 3.03338E-5 2.60658E-5 4.56894E-4 1.93486E-4 2.72899E-4 1.23965E-5 1.19255E-5 1.19799E-5 1.2204E-5 1.76684E-5 2.4127E-5 2.42203E-5 1.44834E-5 1.17691E-5 1.43915E-5 4.08698E-5 2.48431E-5 1.1468E-5 1.25339E-5 1.41259E-5 1.61527E-5 -9999 -9999 -9999 -9999 -9999 -9999 -9999 -9999 -9999 -9999 -9999 -9999 -9999
1.93089E-6 2.0607E-6 2.0315E-6 2.0297E-6 1.71762E-6 1.77047E-6 1.482E-6 1.7572E-6 1.69315E-6 1.14502E-6 1.55316E-6 1.96345E-6 2.34644E-6 3.00218E-6 3.70763E-6 3.64376E-6 1.15251E-5 3.40997E-6 7.38927E-6 3.08548E-6 3.35077E-6 2.62114E-6 8.81079E-6 4.85733E-6 5.14958E-6 5.44534E-6 1.62622E-5 1.07207E-5 2.3046E-5 2.60874E-5 1.96056E-5 1.52267E-5 2.42E-4 3.09941E-4 3.62996E-5 1.62732E-5 1.29832E-5 1.26583E-5 1.28861E-5 1.30148E-5 9.89559E-6 1.19125E-5 2.51569E-5 1.06283E-5 7.91677E-6 4.64512E-6 3.97017E-5 2.45303E-5 1.76111E-5 1.838E-5 1.49627E-5 -9999 -9999 -9999 -9999 -9999 -9999 -9999 -9999 -9999 -9999 -9999 -9999 -9999 -9999
1.96737E-6 2.23929E-6 2.30914E-6 2.59369E-6 2.51537E-6 1.77919E-6 1.47114E-6 1.18617E-6 2.11491E-6 1.42594E-6 1.70585E-6 1.70088E-6 2.07288E-6 2.57035E-6 2.77016E-6 2.75624E-6 1.08586E-5 2.81951E-6 7.51083E-6 6.70322E-6 7.31564E-6 7.6806E-6 4.06837E-6 6.27885E-6 5.63671E-6 3.95679E-6 7.87213E-6 1.19207E-5 3.21783E-5 4.78969E-5 2.73153E-5 5.0537E-5 2.43463E-5 4.78093E-5 1.81037E-4 1.39546E-5 1.34525E-5 1.32499E-5 1.31659E-5 1.23512E-5 1.07127E-5 9.62634E-6 1.8663E-5 2.23695E-5 5.74882E-6 1.35767E-5 3.41066E-5 1.1754E-5 3.06451E-5 2.86602E-5 1.65138E-5 -9999 -9999 -9999 -9999 -9999 -9999 -9999 -9999 -9999 -9999 -9999 -9999 -9999 -9999
1.94321E-6 2.10898E-6 2.55093E-6 2.91151E-6 3.10469E-6 2.13309E-6 1.46254E-6 1.17795E-6 2.11766E-6 1.16574E-6 1.07838E-6 1.33744E-6 1.73989E-6 2.07443E-6 2.11449E-6 2.05796E-6 6.67154E-6 1.81908E-6 9.40451E-6 5.92043E-6 5.10142E-6 6.28074E-6 3.96543E-6 6.65293E-6 8.32671E-6 7.70707E-6 1.0894E-5 1.09258E-5 4.43889E-5 3.15519E-5 4.88829E-5 3.27778E-5 2.9862E-5 1.87152E-5 1.96603E-5 1.79485E-4 1.42481E-5 1.38364E-5 1.32278E-5 9.61331E-6 9.37897E-6 1.05146E-5 2.78059E-5 2.03488E-5 9.26194E-6 2.51229E-5 1.7268E-5 3.70656E-5 3.14288E-5 3.11892E-5 -9999 -9999 -9999 -9999 -9999 -9999 -9999 -9999 -9999 -9999 -9999 -9999 -9999 -9999 -9999
1.90517E-6 2.09392E-6 2.30394E-6 2.762E-6 2.51536E-6 1.71744E-6 1.15392E-6 4.8115E-6 6.30571E-6 1.56009E-6 8.96181E-7 1.21369E-6 1.43694E-6 1.85313E-6 1.85041E-6 1.51511E-6 3.58906E-6 1.43632E-6 9.17842E-6 7.68782E-6 9.86425E-6 1.09657E-5 1.05553E-5 7.8083E-6 1.08724E-5 1.42139E-5 1.11089E-5 2.151E-5 1.14169E-4 2.7912E-5 4.06685E-5 3.45191E-5 1.94825E-5 1.9699E-5 1.92891E-5 1.50198E-5 1.39364E-5 1.37527E-5 1.14825E-5 9.99311E-6 1.04425E-5 1.4213E-5 1.44196E-5 1.90549E-5 1.25388E-5 1.30102E-5 2.79697E-5 3.75552E-5 5.4047E-5 -9999 -9999 -9999 -9999 -9999 -9999 -9999 -9999 -9999 -9999 -9999 -9999 -9999 -9999 -9999 -9999
2.03166E-6 1.9522E-6 1.94666E-6 2.28668E-6 1.90454E-6 1.7891E-6 1.07917E-6 1.3545E-6 1.98582E-6 1.28147E-6 8.67842E-7 8.77824E-7 1.20055E-6 1.75791E-6 1.55195E-6 1.66562E-6 4.31571E-6 5.34953E-6 4.66188E-6 8.79171E-6 2.09869E-5 8.27855E-6 2.65371E-5 1.58334E-5 1.15481E-5 1.94242E-5 1.91494E-5 1.86101E-5 1.80689E-5 3.32735E-5 3.32944E-5 3.48183E-5 2.14058E-5 2.13321E-5 1.96424E-5 1.88464E-5 1.26911E-5 1.15057E-5 9.96889E-6 1.16635E-5 1.64833E-5 1.51185E-5 1.18261E-5 1.3619E-5 2.09614E-5 9.09865E-6 1.79767E-5 3.16703E-5 3.50637E-5 -9999 -9999 -9999 -9999 -9999 -9999 -9999 -9999 -9999 -9999 -9999 -9999 -9999 -9999 -9999 -9999
