catData/rasterBestHybridModels/Prubiginosus/RD_RM1.5_H/Prubiginosus_stddev.asc
ncols         409
nrows         350
xllcorner     60.897278365
yllcorner     5.843756025
cellsize      0.0892857
NODATA_value  -9999
[rows 174 to 202 of 350, columns 195 to 259 of 409]
4.14046E-5 3.87553E-5 3.12117E-5 1.81853E-5 3.77858E-5 4.85635E-5 4.23556E-5 4.143E-5 4.68148E-5 3.03714E-5 3.44372E-5 2.56856E-5 2.18952E-5 2.84247E-5 4.63001E-5 3.66825E-5 3.80206E-5 3.692E-5 1.0377E-5 2.54107E-5 1.53626E-5 5.72384E-6 6.40367E-6 8.69209E-6 3.42363E-5 2.94634E-5 5.75094E-5 5.45567E-5 1.06711E-4 4.92244E-5 8.80694E-6 1.28452E-5 2.39565E-5 2.02174E-5 1.28654E-5 3.04972E-5 1.57525E-5 1.19632E-5 1.71936E-5 2.24196E-5 2.54079E-5 2.40443E-5 9.78646E-6 1.15011E-5 2.76179E-5 3.97117E-5 3.87596E-5 3.37009E-5 4.04253E-5 3.85356E-5 3.02566E-5 3.68645E-5 3.78341E-5 4.00163E-5 3.94686E-5 3.43376E-5 3.71204E-5 3.60147E-5 2.62766E-5 2.40228E-5 1.42994E-5 1.45036E-5 1.80446E-5 1.97992E-5 6.20761E-6
4.5963E-5 3.72374E-5 3.34088E-5 3.53085E-5 2.69322E-5 3.34593E-5 3.58476E-5 6.26117E-5 3.62797E-5 3.76427E-5 3.48202E-5 3.04212E-5 2.93654E-5 3.03831E-5 3.63613E-5 3.54073E-5 3.49187E-5 7.0841E-6 2.202E-5 1.91672E-5 1.8637E-5 8.20577E-6 6.82593E-6 7.69608E-6 7.76921E-6 2.4305E-5 1.22063E-5 4.40513E-5 4.02442E-5 1.39106E-5 1.09986E-5 9.3712E-6 2.28452E-5 2.06679E-5 1.37377E-5 2.13134E-5 1.9262E-5 1.51631E-5 1.05992E-5 4.7988E-5 3.99576E-5 9.35325E-6 1.17852E-5 2.082E-5 3.70123E-5 4.34371E-5 4.66545E-5 5.24978E-5 3.54985E-5 3.67149E-5 2.67228E-5 1.27422E-5 4.00992E-5 3.8192E-5 3.95106E-5 3.79217E-5 3.44192E-5 1.2419E-5 1.26274E-5 8.48429E-6 6.16741E-6 6.41228E-6 1.93777E-5 2.22711E-5 2.36758E-5
4.19853E-5 1.10698E-4 2.28139E-5 3.11662E-5 3.05478E-5 3.48052E-5 3.81858E-5 3.57696E-5 2.73855E-5 8.45965E-6 7.23231E-6 7.10377E-6 7.01706E-6 8.1354E-6 8.27885E-6 7.94699E-6 2.26384E-5 7.05547E-6 2.69801E-5 2.555E-5 1.88239E-5 4.21547E-5 1.77028E-5 6.78019E-6 2.25003E-5 1.22195E-5 3.60926E-5 9.31682E-5 3.74914E-5 2.99659E-5 1.97613E-5 1.94846E-5 1.9412E-5 1.34945E-5 2.26204E-5 1.69968E-5 2.11147E-5 2.16787E-5 9.52217E-6 1.83657E-5 7.85964E-6 8.19311E-6 1.24913E-5 3.46265E-5 4.22605E-5 4.13761E-5 3.07619E-5 3.21456E-5 3.05815E-5 3.1597E-5 2.03231E-5 1.96741E-5 1.8365E-5 3.67784E-5 3.98096E-5 3.29567E-5 1.1794E-5 2.19534E-5 1.04053E-5 6.76689E-6 6.20381E-6 5.88034E-6 6.80032E-6 2.33401E-5 2.03878E-5
1.55947E-4 1.419E-4 1.47759E-4 1.02459E-4 8.68269E-5 8.00329E-5 2.97474E-5 3.16605E-5 2.60675E-5 1.93569E-5 8.0301E-6 5.84561E-6 6.97852E-6 7.03371E-6 5.94353E-6 7.47011E-6 3.03137E-5 2.17939E-5 4.31411E-5 2.12519E-5 2.85262E-5 2.68046E-5 2.05807E-5 2.82082E-5 2.27899E-5 3.24736E-5 3.60161E-5 3.55081E-5 3.78206E-5 2.16475E-5 2.15433E-5 3.79471E-5 1.24801E-5 1.00645E-5 2.21243E-5 2.03029E-5 1.9331E-5 2.17496E-5 1.05212E-5 8.65014E-6 7.21311E-6 7.87926E-6 8.37508E-6 2.99497E-5 3.2147E-5 3.07314E-5 2.95357E-5 1.13272E-5 2.77981E-5 1.96875E-5 3.48577E-5 1.79764E-5 1.43351E-5 3.41417E-5 3.83067E-5 3.13605E-5 1.24326E-5 2.09543E-5 9.31373E-6 6.42083E-6 7.00747E-6 6.96878E-6 2.37103E-5 2.90119E-5 2.08947E-5
1.45961E-4 1.25833E-4 1.14043E-4 1.10382E-4 1.3247E-4 1.15882E-4 1.03768E-4 2.19187E-5 1.58469E-5 1.12737E-5 8.38832E-6 1.02338E-5 8.62703E-6 8.59447E-6 7.53078E-6 2.18077E-5 2.48641E-5 2.65224E-5 3.46938E-5 2.28176E-5 2.32791E-5 2.23995E-5 2.78879E-5 2.77844E-5 1.77921E-5 2.25168E-5 1.82741E-5 6.54263E-5 1.04353E-5 1.99206E-5 2.13045E-5 2.58867E-5 1.91982E-5 1.16228E-5 1.41952E-5 6.85554E-6 8.58978E-6 8.46152E-6 1.23831E-5 1.1283E-5 7.32712E-6 8.56691E-6 7.75942E-6 3.00021E-5 2.4301E-5 1.78589E-5 1.68218E-5 2.95415E-5 2.6798E-5 3.01696E-5 3.29452E-5 1.89641E-5 4.39823E-5 3.26766E-5 4.24969E-5 3.77375E-5 1.91523E-5 1.87377E-5 9.43224E-6 6.48198E-6 7.00189E-6 9.49476E-6 2.87024E-5 5.17237E-5 7.61185E-5
6.86543E-5 3.06657E-4 3.58553E-4 1.18848E-4 1.79298E-4 1.23529E-4 1.20525E-4 4.30301E-5 2.44722E-5 5.89221E-5 7.0839E-6 6.43048E-6 2.86697E-5 2.89157E-5 2.68018E-5 2.89796E-5 3.2435E-5 3.96412E-5 3.31384E-5 2.87134E-5 2.65858E-5 1.76258E-5 3.32414E-5 3.48313E-5 4.67485E-5 2.80557E-5 1.58977E-5 1.25309E-5 2.14711E-5 1.82829E-5 1.03851E-5 8.07459E-6 6.41782E-6 7.56653E-6 6.47885E-6 6.76928E-6 9.7118E-6 8.20127E-6 8.17249E-6 8.72608E-6 8.55407E-6 7.81902E-6 2.05829E-5 8.00893E-6 2.53861E-5 2.51578E-5 1.28587E-5 2.27382E-5 1.46933E-5 3.45354E-5 2.69868E-5 3.26604E-5 3.72519E-5 4.26724E-5 4.01107E-5 3.19606E-5 1.87416E-5 2.08978E-5 6.64411E-6 6.04398E-6 2.10752E-5 2.70648E-5 2.62808E-5 1.99551E-5 2.08535E-5
3.75165E-5 4.26337E-5 6.56999E-4 8.97051E-4 2.23908E-4 3.78853E-4 4.92995E-5 3.96299E-5 3.64086E-5 2.3809E-5 2.10088E-5 2.78616E-5 4.75647E-5 2.74464E-5 2.92133E-5 3.51416E-5 5.07668E-5 4.06068E-5 3.15153E-5 2.62855E-5 1.66618E-5 4.14484E-5 6.51094E-5 2.94133E-5 4.45438E-5 2.602E-5 2.84899E-5 1.04414E-5 1.98823E-5 1.54938E-5 9.10408E-6 1.66136E-5 1.02299E-5 7.54165E-6 7.93809E-6 9.32991E-6 9.3656E-6 8.09896E-6 7.83961E-6 8.00692E-6 8.35979E-6 9.03317E-6 2.79205E-5 2.74683E-5 2.67493E-5 2.03887E-5 2.33646E-5 2.22407E-5 8.90691E-6 2.56083E-5 3.48836E-5 3.16997E-5 3.88204E-5 1.31588E-5 1.47645E-5 1.2381E-5 1.66637E-5 2.22693E-5 2.08824E-5 2.16294E-5 2.40849E-5 2.85856E-5 3.00393E-5 2.61392E-5 2.71453E-5
6.14807E-5 4.27766E-5 4.8877E-5 4.39688E-5 4.38112E-5 5.72943E-5 4.22138E-5 3.61607E-5 3.71093E-5 4.27491E-5 3.76333E-5 1.18199E-5 2.63471E-5 3.04066E-5 2.28017E-5 1.37291E-5 4.37414E-5 1.05599E-5 2.91179E-5 2.46847E-5 2.65283E-5 2.39947E-5 4.80923E-5 3.19086E-5 3.75579E-5 2.58575E-5 1.73093E-5 3.01316E-5 2.84392E-5 2.80212E-5 2.92053E-5 1.83932E-5 7.77003E-6 7.52986E-6 7.89904E-6 8.36442E-6 8.04246E-6 8.09522E-6 7.81925E-6 8.36491E-6 8.8326E-6 1.02363E-5 3.93036E-5 2.49424E-5 2.8826E-5 2.94765E-5 2.15533E-5 1.59918E-5 2.49244E-5 2.34427E-5 2.73808E-5 1.89723E-5 3.31286E-5 3.61772E-5 3.79646E-5 3.73657E-5 8.27222E-6 2.27812E-5 6.38006E-6 2.16424E-5 2.91263E-5 2.79333E-5 1.06293E-5 1.10074E-5 1.1552E-5
3.44892E-5 3.77345E-5 3.76309E-5 4.10878E-5 4.12611E-5 3.38801E-5 3.58092E-5 3.40043E-5 2.98278E-5 1.91825E-4 9.74846E-5 3.71708E-5 2.86567E-5 2.25824E-5 3.0577E-5 9.45185E-6 1.05651E-5 3.21845E-5 2.85216E-5 2.87351E-5 2.35074E-5 7.20071E-5 5.91933E-5 5.9131E-5 4.01498E-5 4.05713E-5 3.34561E-5 1.37196E-5 3.13677E-5 2.94497E-5 2.70377E-5 2.64054E-5 7.51218E-6 7.44896E-6 7.82205E-6 7.9863E-6 6.03344E-6 6.05933E-6 7.89011E-6 8.44393E-6 1.03342E-5 3.55841E-5 3.43828E-5 3.69402E-5 2.94454E-5 4.02995E-5 2.58654E-5 2.59743E-5 2.59374E-5 2.56361E-5 2.66757E-5 2.83133E-5 1.01908E-5 3.80965E-5 3.36295E-5 3.09897E-5 3.57433E-5 1.26042E-5 7.68164E-6 4.82681E-6 1.06721E-5 2.61121E-5 1.05981E-5 2.53004E-5 1.18013E-5
3.5307E-5 3.05772E-5 3.69172E-5 3.47745E-5 4.16751E-5 4.40796E-5 4.13676E-5 2.63776E-5 4.45534E-5 5.49467E-5 2.85973E-5 3.1623E-5 1.50166E-5 1.57982E-5 2.71766E-5 2.75779E-5 2.71746E-5 9.50605E-6 2.42933E-5 3.26459E-5 3.36777E-5 2.85957E-5 4.96735E-5 6.23165E-5 4.07926E-5 5.34448E-5 3.18599E-5 3.42052E-5 3.05592E-5 2.22105E-5 2.42339E-5 2.64991E-5 2.43719E-5 2.41978E-5 8.4464E-6 7.97792E-6 7.85815E-6 6.73762E-6 2.28181E-5 2.93862E-5 3.52348E-5 2.98814E-5 3.05624E-5 4.77154E-5 3.03208E-5 2.93664E-5 2.87006E-5 3.21611E-5 2.55791E-5 2.56613E-5 2.68486E-5 2.90267E-5 1.05772E-5 3.13675E-5 1.23273E-5 1.37452E-5 3.17965E-5 3.2012E-5 6.65066E-6 8.00769E-6 9.99561E-6 2.46766E-5 3.01487E-5 3.6341E-5 3.21494E-5
3.16267E-5 2.76535E-5 1.68474E-5 2.29955E-5 3.71489E-5 3.43275E-5 2.79819E-5 2.61245E-5 3.00879E-5 3.57754E-5 3.59766E-5 3.57988E-5 2.71459E-5 2.41778E-5 2.70556E-5 2.95917E-5 2.49906E-5 8.96114E-6 3.09736E-5 3.30627E-5 5.16721E-5 4.47339E-5 4.63133E-5 8.46062E-5 3.38784E-5 1.40716E-4 6.96931E-5 3.60027E-5 2.9049E-5 4.48278E-5 3.60677E-5 2.9597E-5 3.90903E-5 5.89107E-5 5.24655E-5 3.52587E-5 2.29692E-5 4.79302E-5 1.515E-4 1.36446E-4 1.13768E-4 4.9177E-5 4.0589E-5 7.41458E-5 5.97234E-5 3.7416E-5 8.73098E-5 2.93581E-5 2.88272E-5 2.57117E-5 4.52049E-5 2.85895E-5 3.09444E-5 3.12046E-5 2.83906E-5 3.16653E-5 2.70211E-5 3.28484E-5 2.67369E-5 1.82695E-5 2.56807E-5 2.43083E-5 2.46514E-5 4.63722E-5 7.16437E-5
4.26876E-5 5.65474E-5 9.72353E-5 2.82319E-5 1.29823E-5 2.60391E-5 3.08695E-5 1.90613E-5 7.78874E-5 9.60378E-5 1.08575E-4 1.00711E-4 2.91074E-5 5.96903E-5 6.50493E-5 4.65004E-5 2.6371E-5 3.58779E-5 2.73489E-5 3.17166E-5 1.21412E-4 1.9354E-4 1.75295E-4 4.56249E-5 7.69536E-5 3.80721E-5 1.40751E-4 9.59709E-5 3.57055E-5 3.50127E-5 3.08578E-5 2.79166E-5 1.46338E-4 7.54382E-5 4.06613E-5 5.37733E-5 4.22856E-5 5.54566E-5 6.77467E-5 1.2226E-4 4.38142E-5 1.48045E-4 1.99659E-4 8.75644E-5 1.01119E-4 3.88559E-5 5.01662E-5 2.16355E-5 2.58168E-5 3.47391E-5 4.26029E-5 2.5948E-5 3.00618E-5 3.1471E-5 3.16247E-5 3.78052E-5 3.0467E-5 2.31766E-5 2.46486E-5 2.20382E-5 3.04359E-5 2.26218E-5 4.32397E-5 4.60337E-5 2.11576E-5
9.03438E-5 3.57377E-5 1.01658E-4 2.31925E-5 1.75726E-5 1.65116E-5 2.50409E-5 5.80644E-5 6.2946E-5 9.7071E-5 1.16182E-4 9.4935E-5 8.17319E-5 8.96867E-5 2.44853E-5 3.01109E-5 3.04165E-4 1.5643E-4 7.5432E-5 1.09885E-4 8.57607E-5 2.11522E-4 1.75468E-4 1.01712E-4 8.34319E-5 5.12252E-5 4.36054E-5 8.74931E-5 5.94147E-5 4.26614E-5 4.71639E-5 3.66761E-5 1.00265E-4 7.04409E-5 5.00347E-5 4.99689E-5 7.14487E-5 1.53565E-4 1.70732E-4 1.32324E-4 5.30715E-5 1.35134E-4 2.37292E-4 5.93918E-5 5.26577E-5 4.51569E-5 5.54716E-5 5.8456E-5 3.60097E-5 4.19431E-5 7.01106E-5 2.60374E-5 2.42181E-5 3.15023E-5 3.31574E-5 2.76979E-5 2.73129E-5 2.34225E-5 2.33348E-5 3.516E-5 3.83464E-5 1.04851E-5 1.92572E-5 4.67601E-5 4.95375E-5
7.33201E-5 3.52261E-5 9.58584E-5 3.61272E-5 3.47213E-5 2.5834E-5 2.51318E-5 4.89859E-5 3.86386E-5 9.17364E-5 9.9823E-5 6.02164E-4 3.84681E-4 4.0466E-4 7.24959E-5 3.23435E-5 5.64486E-4 3.99598E-4 9.60954E-5 2.73907E-4 3.15986E-4 3.36742E-4 4.31191E-4 8.70616E-5 9.64186E-5 2.63668E-4 1.92629E-4 1.07065E-4 9.77502E-5 4.7387E-5 5.10155E-5 7.54623E-5 5.49868E-5 4.70957E-5 4.58906E-5 4.78322E-5 4.8876E-5 9.35843E-5 5.33475E-5 5.98442E-5 4.13409E-5 5.22506E-5 8.98227E-5 5.32384E-5 1.33436E-4 4.76823E-5 5.19643E-5 9.57902E-5 3.08776E-5 2.57691E-5 3.18745E-5 9.966E-6 2.14288E-5 2.49133E-5 3.59573E-5 3.39218E-5 2.63641E-5 2.46671E-5 3.69514E-5 4.06699E-5 3.84842E-5 2.03984E-5 2.0769E-5 4.66753E-5 4.80931E-5
7.45297E-5 7.82552E-5 8.16728E-5 8.01602E-5 9.77771E-5 6.52566E-5 2.58506E-5 2.48202E-5 5.92934E-5 7.04454E-5 2.265E-4 5.20602E-4 7.75849E-4 6.69199E-4 3.03559E-5 6.0888E-5 1.98448E-4 2.67084E-4 1.13431E-4 2.36453E-4 1.08951E-4 7.97264E-4 2.03911E-4 9.23028E-5 1.44086E-4 2.68333E-4 2.48054E-4 1.23233E-4 7.44816E-5 7.9488E-5 4.65098E-5 5.68935E-5 6.21473E-5 6.7509E-5 6.24265E-5 4.61222E-5 4.52295E-5 3.58255E-5 3.92519E-5 4.29896E-5 4.24553E-5 5.71931E-5 8.16796E-5 5.73052E-5 4.28547E-5 4.93247E-5 5.10429E-5 7.50437E-5 3.45905E-5 3.82093E-5 4.79844E-5 3.68909E-5 3.11404E-5 2.35036E-5 1.73303E-5 2.6529E-5 2.61764E-5 1.06789E-5 3.88279E-5 4.54152E-5 1.38858E-5 2.7727E-5 4.34711E-5 4.23011E-5 2.44603E-5
7.84731E-5 9.53715E-5 8.53656E-5 7.03898E-5 8.8568E-5 6.9122E-5 6.38348E-5 2.48486E-5 2.47766E-5 6.07589E-5 2.35095E-4 2.71402E-4 9.00908E-4 4.2927E-4 3.32469E-4 4.36014E-5 1.31942E-4 4.39507E-5 8.25969E-5 7.63662E-5 6.22842E-4 3.47794E-4 9.42104E-5 2.27678E-4 2.18766E-4 1.30362E-4 9.41179E-5 1.7651E-4 9.42336E-5 1.52587E-4 2.60693E-4 1.50914E-4 4.56889E-5 5.09158E-5 1.05633E-4 2.46506E-4 2.26664E-4 1.61614E-4 5.99689E-5 5.69232E-5 5.57678E-5 5.52485E-5 6.28126E-5 5.62187E-5 7.94983E-5 5.99057E-5 1.09912E-4 7.3826E-5 4.0423E-5 1.12734E-4 5.02813E-5 3.48598E-5 4.54588E-5 3.02078E-5 2.76469E-5 2.90432E-5 2.45747E-5 2.62211E-5 5.56475E-5 5.25079E-5 1.36164E-5 2.05389E-5 2.6836E-5 2.73073E-5 3.37473E-5
8.99986E-5 3.48025E-5 7.34169E-5 8.61028E-5 8.26311E-5 5.54973E-5 5.15086E-5 4.2641E-5 1.64964E-5 4.66883E-5 6.14239E-5 4.07775E-4 3.70645E-4 2.83676E-4 4.24496E-4 3.60712E-5 2.84155E-5 5.08043E-5 6.41278E-5 1.63334E-4 4.79371E-4 2.96619E-4 1.19933E-4 2.95241E-4 2.89492E-4 5.37545E-5 4.73318E-5 1.96916E-4 5.33943E-5 3.44766E-4 9.7345E-4 4.12507E-4 4.42305E-5 4.41261E-5 5.22539E-5 1.98851E-4 1.49255E-4 6.70146E-5 5.30034E-5 3.46386E-5 3.3149E-5 5.09748E-5 8.26208E-5 7.08869E-5 1.32776E-4 1.25874E-4 2.16667E-4 5.07215E-5 8.69406E-5 5.30724E-5 4.03882E-5 3.81048E-5 4.91847E-5 3.86834E-5 2.32026E-5 2.24927E-5 2.49917E-5 3.01805E-5 4.51029E-5 5.04484E-5 5.21121E-5 2.04902E-5 3.13268E-5 4.03455E-5 2.89815E-5
7.6866E-5 9.10462E-5 9.83342E-5 8.38502E-5 7.70567E-5 6.45892E-5 6.10367E-5 2.61239E-5 5.83462E-5 2.34988E-5 2.22341E-5 2.37872E-4 2.83223E-4 1.85931E-4 1.42928E-4 1.14786E-4 2.38773E-5 3.35834E-5 5.64845E-5 2.48321E-4 6.10187E-4 1.09985E-4 9.38826E-5 6.33377E-4 1.85927E-4 7.68362E-5 4.99887E-5 1.36199E-4 8.74409E-5 9.83864E-4 3.89858E-4 1.02265E-4 1.07264E-4 3.67108E-5 6.51451E-5 6.60417E-5 6.64231E-5 3.36761E-5 2.40974E-5 3.18087E-5 2.35922E-5 3.96542E-5 9.10636E-5 8.90464E-5 9.02063E-5 8.24128E-5 7.57028E-5 9.02337E-5 7.33938E-5 1.06238E-4 3.19857E-5 7.4118E-5 3.35075E-5 5.05201E-5 9.22351E-6 2.76042E-5 3.19994E-5 4.41604E-5 2.71004E-5 1.20217E-5 4.99504E-5 2.05E-5 4.44321E-5 3.06032E-5 3.45341E-5
8.68927E-5 1.81515E-4 9.30264E-5 9.15024E-5 7.12819E-5 8.90445E-5 9.1513E-5 5.98615E-5 5.93482E-5 5.08723E-5 6.04414E-5 6.45876E-5 2.83567E-4 3.09269E-4 1.23406E-4 9.25417E-5 1.59679E-4 5.24739E-5 1.01779E-4 5.52309E-4 1.09818E-4 1.00538E-4 2.71202E-4 2.26332E-4 2.41994E-4 2.36663E-4 6.26133E-4 8.88196E-5 7.88909E-5 2.74916E-4 1.33448E-4 8.70938E-5 1.06126E-4 7.32622E-5 2.33287E-4 7.22961E-5 7.93221E-5 4.09533E-5 3.20253E-5 5.24369E-5 4.53341E-5 3.09009E-5 3.37126E-5 4.31815E-5 1.52485E-4 8.37159E-5 5.57225E-5 3.47733E-5 6.94769E-5 4.62285E-5 1.86933E-5 3.53833E-5 4.0508E-5 3.38782E-5 3.46516E-5 3.14631E-5 3.77902E-5 4.20481E-5 2.78526E-5 1.07285E-5 4.27648E-5 1.36905E-5 2.03651E-5 2.38402E-5 2.90673E-5
6.4232E-5 8.4655E-5 9.06141E-5 8.38556E-5 7.99934E-5 9.95789E-5 7.41126E-5 2.89289E-5 6.30221E-5 6.28862E-5 6.45649E-5 5.4727E-5 4.55104E-5 1.3515E-4 2.89377E-4 6.32009E-5 2.26644E-4 1.62121E-4 4.44465E-4 1.2112E-4 1.12935E-4 1.01529E-4 4.98344E-4 6.601E-4 1.85752E-4 1.7219E-4 3.37683E-4 4.25682E-5 8.7612E-5 7.43554E-5 8.4053E-5 1.9548E-5 5.9383E-5 7.69078E-5 2.41551E-4 1.08346E-4 5.76383E-5 4.12032E-5 3.42382E-5 2.63958E-5 4.03222E-5 4.38177E-5 3.54123E-5 6.9933E-5 9.72805E-5 2.13424E-4 8.92799E-5 7.26846E-5 4.5033E-5 2.58728E-5 1.23234E-5 4.129E-5 4.14896E-5 6.48525E-5 4.98662E-5 3.13151E-5 3.16849E-5 3.6793E-5 3.30193E-5 2.35165E-5 4.68036E-5 2.06029E-5 2.05926E-5 1.17274E-5 2.57236E-5
4.30871E-5 4.92108E-5 5.57305E-5 6.56838E-5 9.19089E-5 9.66989E-5 9.48804E-5 9.45927E-5 1.12858E-4 8.98335E-5 6.76552E-5 6.33828E-5 6.44132E-5 2.28351E-4 2.02172E-4 2.52926E-4 1.48291E-4 3.39441E-4 1.11407E-4 1.01925E-4 1.92492E-4 2.3469E-4 2.13621E-4 3.09089E-4 1.55963E-4 3.57317E-4 1.17002E-4 1.32593E-4 8.94077E-5 2.59679E-5 5.48308E-5 2.74481E-5 5.09567E-5 3.72103E-4 7.29049E-4 4.56903E-4 6.14645E-5 3.39626E-5 3.43872E-5 3.77209E-5 4.23109E-5 3.57206E-5 4.22709E-5 3.30079E-5 8.8764E-5 5.31788E-5 1.22584E-4 6.04144E-5 8.90393E-5 2.99844E-5 1.28858E-5 4.24237E-5 5.57267E-5 4.71729E-5 3.36373E-5 3.3365E-5 3.67745E-5 5.08872E-5 2.99976E-5 3.26262E-5 5.72149E-5 1.41574E-5 4.28904E-5 2.17637E-5 1.82814E-5
1.27078E-4 5.51406E-5 5.19342E-5 3.89422E-5 1.28558E-4 2.35868E-4 2.07154E-4 1.01732E-4 1.98092E-4 2.54661E-4 7.25856E-5 5.67165E-5 5.97471E-5 2.26455E-4 2.09113E-4 1.75541E-4 1.81444E-4 1.42659E-4 9.41396E-5 8.81673E-5 1.18996E-4 3.63383E-4 3.2378E-4 9.06044E-5 7.21339E-4 1.32727E-4 8.9721E-5 1.81616E-5 1.85244E-5 1.81879E-5 5.35148E-5 5.39364E-5 5.94061E-5 9.06875E-5 6.31835E-4 3.69697E-4 2.04578E-4 6.0553E-5 3.66124E-5 3.82165E-5 4.74782E-5 5.6402E-5 4.33863E-5 3.23809E-5 2.2636E-5 4.62332E-5 5.99265E-5 5.24467E-5 5.35265E-5 7.84252E-5 3.85951E-5 3.6758E-5 3.64922E-5 3.88286E-5 3.73547E-5 4.11661E-5 2.1711E-5 2.96611E-5 2.65708E-5 4.92349E-5 6.27657E-5 4.10711E-5 2.209E-5 1.57406E-5 1.63542E-5
1.50762E-4 1.72041E-4 5.52373E-5 6.62935E-5 1.15866E-4 8.10617E-5 1.26796E-4 2.09618E-4 1.05285E-4 2.1583E-4 2.77429E-4 1.26983E-4 2.69088E-4 2.0832E-4 1.05898E-4 1.12742E-4 1.41563E-4 6.7339E-5 6.63803E-5 6.96205E-5 1.23719E-4 9.13835E-5 2.19517E-4 1.1284E-4 1.26271E-4 7.29965E-5 6.10388E-5 2.03469E-5 1.97499E-5 2.77057E-5 5.81742E-5 7.04861E-5 5.66872E-5 5.55367E-5 1.16087E-4 3.68138E-4 1.09387E-4 3.4758E-5 3.73097E-5 4.93349E-5 4.80163E-5 4.82892E-5 5.86428E-5 4.34202E-5 4.24449E-5 4.79647E-5 4.72317E-5 3.82234E-5 9.33422E-5 3.35337E-5 1.28564E-5 4.03221E-5 5.11507E-5 4.43884E-5 3.61299E-5 4.78123E-5 3.1547E-5 1.70564E-5 3.07017E-5 3.86299E-5 6.66658E-5 5.07562E-5 4.73227E-5 4.80386E-5 1.62576E-5
6.36272E-5 6.78883E-5 7.42973E-5 7.47949E-5 6.98427E-5 7.72324E-5 8.11966E-5 2.00286E-4 1.02274E-4 1.84466E-4 2.21411E-4 1.84718E-4 2.11612E-4 2.07116E-4 2.03997E-4 1.86795E-4 8.57776E-5 6.79342E-5 6.68413E-5 6.5162E-5 1.2501E-4 1.1838E-4 1.21328E-4 1.18476E-4 7.68591E-5 2.25667E-4 1.02013E-4 6.59192E-5 2.98963E-5 5.85972E-5 5.56597E-5 5.33317E-5 5.37047E-5 5.39319E-5 2.43345E-4 7.03364E-5 6.78506E-5 6.17769E-5 4.78437E-5 6.77374E-5 8.16109E-5 7.92833E-5 6.20833E-5 7.22277E-5 4.17083E-5 4.22179E-5 3.32579E-5 3.14467E-5 5.02849E-5 4.99145E-5 3.98751E-5 9.05519E-5 1.2445E-4 1.80468E-4 4.90448E-5 5.4911E-5 5.19802E-5 2.68451E-5 3.08282E-5 3.56074E-5 5.75427E-5 6.57709E-5 4.9565E-5 2.46646E-5 2.21522E-5
7.06847E-5 7.40379E-5 6.74501E-5 3.585E-4 3.33604E-4 2.38739E-4 2.39381E-4 2.52829E-4 8.39476E-4 6.36761E-4 2.07862E-4 1.38553E-4 1.47832E-4 8.18831E-5 1.19092E-4 2.11798E-4 6.57972E-5 5.72786E-5 5.96281E-5 6.6409E-5 2.76535E-5 1.0368E-4 1.42921E-4 1.43309E-4 8.10377E-5 8.49268E-5 2.01278E-4 2.22218E-5 2.19191E-5 5.98905E-5 2.59458E-5 4.97111E-5 4.70918E-5 4.57817E-5 9.16254E-5 1.35323E-4 7.21107E-5 8.66901E-5 6.13356E-5 8.38105E-5 4.1988E-5 6.98703E-5 4.44088E-5 4.73984E-5 5.58683E-5 3.52739E-5 3.28429E-5 5.48299E-5 4.64641E-5 7.6764E-5 5.65177E-5 4.90991E-5 6.33413E-5 7.19983E-5 4.37851E-5 8.75922E-5 3.80475E-5 3.38976E-5 3.7553E-5 3.35646E-5 5.88014E-5 3.613E-5 4.30319E-5 4.01606E-5 4.43812E-5
5.72319E-5 7.12144E-5 3.68784E-4 4.09957E-4 3.8019E-4 2.61853E-4 3.00785E-4 2.33348E-4 6.42476E-4 6.61791E-4 2.32832E-4 1.78297E-4 1.02813E-4 1.1234E-4 8.22686E-5 1.44682E-4 7.6002E-5 9.09273E-5 6.88571E-5 9.32974E-5 1.28145E-4 1.4903E-4 1.45797E-4 1.73888E-4 8.06528E-5 7.71936E-5 1.08576E-4 6.87037E-5 6.02939E-5 5.24423E-5 2.46056E-5 2.28455E-5 1.51469E-5 4.42195E-5 4.54349E-5 8.01571E-5 6.05174E-5 1.22603E-4 7.52375E-5 5.84295E-5 4.75319E-5 4.38428E-5 4.64221E-5 4.9749E-5 5.31214E-5 5.24728E-5 4.18608E-5 5.61711E-5 5.4496E-5 4.44024E-5 5.13413E-5 4.37487E-5 1.20795E-4 4.90244E-5 3.77497E-5 3.30349E-5 2.62248E-5 3.16174E-5 3.48677E-5 3.81679E-5 3.56671E-5 1.83548E-5 2.99426E-5 4.55573E-5 3.80227E-5
1.18952E-4 2.01397E-4 4.66951E-4 2.85847E-4 3.65338E-4 2.58816E-4 1.0869E-3 1.72156E-4 4.03319E-4 4.87431E-4 2.32453E-4 2.43627E-4 1.83092E-4 1.51713E-4 8.39718E-5 5.36687E-5 7.41138E-5 7.2297E-5 7.62442E-5 9.60478E-5 1.43609E-4 9.8055E-5 1.17364E-4 9.88805E-5 7.47483E-5 3.30263E-5 7.51719E-5 9.19157E-5 5.54896E-5 1.76808E-5 4.75809E-5 4.55945E-5 4.25552E-5 4.22148E-5 5.94601E-5 7.15074E-5 6.05631E-5 5.53681E-5 5.84765E-5 5.79703E-5 4.91162E-5 4.59554E-5 4.49523E-5 3.4974E-5 3.67576E-5 2.9607E-5 4.53237E-5 5.21001E-5 5.69489E-5 4.27587E-5 4.54279E-5 4.03279E-5 7.6124E-5 5.46798E-5 7.58185E-5 4.32134E-5 4.18082E-5 4.2445E-5 2.32485E-5 1.49763E-4 1.00581E-4 1.4266E-5 2.69752E-5 3.21618E-5 5.03204E-5
3.18629E-5 4.3472E-5 6.92125E-4 8.23923E-4 2.25471E-4 1.80893E-4 2.27601E-4 1.38564E-4 1.74685E-4 2.38072E-4 3.63002E-4 1.92592E-4 1.69576E-4 1.07224E-4 1.02481E-4 6.77964E-5 6.91591E-5 6.45369E-5 9.32756E-5 1.14075E-4 1.16359E-4 1.45794E-4 1.11999E-4 1.04127E-4 6.97986E-5 7.28527E-5 7.85026E-5 8.28117E-5 1.0771E-4 5.32047E-5 5.11169E-5 7.08561E-5 4.30158E-5 1.27307E-4 1.19434E-4 4.49863E-5 6.85234E-5 3.93464E-5 3.88289E-5 3.84715E-5 3.8472E-5 3.33843E-5 3.71868E-5 3.78157E-5 2.90052E-5 2.47389E-5 2.65953E-5 1.76453E-5 1.65631E-5 3.35764E-5 4.01714E-5 1.04125E-4 9.22791E-5 6.57154E-5 8.87385E-5 6.01088E-5 3.82608E-5 1.3272E-4 1.33253E-4 7.7916E-5 7.97735E-5 1.5126E-5 5.40118E-5 4.58585E-5 4.87111E-5
5.07879E-5 5.54839E-5 2.78417E-5 3.34176E-5 3.9255E-5 1.59335E-4 1.98614E-4 1.39144E-4 1.03701E-4 1.37172E-4 2.01065E-4 2.66211E-4 1.32447E-4 1.33707E-4 1.04587E-4 7.36013E-5 6.22102E-5 6.71821E-5 7.51017E-5 1.37807E-4 1.01168E-4 1.17536E-4 1.45341E-4 4.99894E-5 1.24066E-4 3.37548E-5 7.26597E-5 6.71633E-5 1.82583E-4 7.21547E-5 5.26211E-5 1.57538E-4 9.98629E-5 1.00458E-4 7.09258E-5 6.60142E-5 6.05089E-5 6.06718E-5 4.24354E-5 4.56143E-5 3.2597E-5 2.2769E-5 2.14217E-5 3.18142E-5 3.5629E-5 1.72637E-5 1.70049E-5 2.32019E-5 2.88853E-5 3.39265E-5 3.15487E-5 2.09277E-4 5.15914E-4 3.37935E-4 7.17941E-5 2.51027E-5 2.3946E-5 1.05952E-4 6.79261E-5 4.13212E-5 1.99144E-4 2.44079E-5 2.24752E-5 2.3414E-5 4.88119E-5
