catData/rasterBestHybridModels/Prubiginosus/RD_RM1.5_H/Prubiginosus_median.asc
ncols         409
nrows         350
xllcorner     60.897278365
yllcorner     5.843756025
cellsize      0.0892857
NODATA_value  -9999
[rows 116 to 144 of 350, columns 195 to 259 of 409]
5.81954E-5 3.39225E-5 5.95262E-5 2.43122E-5 8.66976E-5 3.98863E-5 1.54279E-5 1.29231E-5 5.82586E-6 8.18035E-6 7.87161E-6 3.83199E-6 7.56923E-6 5.61234E-6 7.95157E-6 8.31959E-6 9.27483E-6 1.00008E-5 9.12648E-6 5.64675E-6 6.9509E-6 5.63838E-6 7.31956E-6 6.1412E-6 6.15133E-6 5.62108E-6 6.13247E-6 6.59075E-6 7.9347E-6 6.52359E-6 6.47786E-6 5.42169E-6 6.09999E-6 6.06201E-6 7.22425E-6 7.36326E-6 6.12092E-6 5.43724E-6 7.31622E-6 7.29826E-6 7.27327E-6 7.08577E-6 5.57612E-6 5.56298E-6 5.5694E-6 7.56416E-6 1.34605E-5 8.71994E-6 7.0628E-6 6.75436E-6 6.75721E-6 2.2277E-6 2.80024E-6 2.81581E-6 2.18095E-6 2.83235E-6 2.78614E-6 2.36743E-6 2.37645E-6 2.38634E-6 2.86615E-6 3.39429E-6 4.25449E-6 3.38772E-6 2.93688E-6
3.40415E-5 2.62812E-5 5.09985E-5 3.98127E-5 4.43861E-5 4.09637E-5 4.2376E-5 1.47379E-5 1.44287E-5 9.07917E-6 8.18637E-6 8.08757E-6 7.97297E-6 6.15401E-6 7.46159E-6 4.52916E-6 6.12046E-6 6.33209E-6 9.09124E-6 8.01695E-6 6.1693E-6 6.84203E-6 5.64395E-6 5.58241E-6 6.76318E-6 6.14454E-6 6.14407E-6 7.76113E-6 7.31027E-6 7.50412E-6 6.14809E-6 5.5233E-6 7.3209E-6 6.11157E-6 6.09804E-6 6.04433E-6 5.28253E-6 5.46655E-6 7.86E-6 8.57277E-6 8.301E-6 7.32555E-6 5.62742E-6 5.2135E-6 4.27124E-6 5.61732E-6 6.88371E-6 6.93316E-6 2.67098E-5 2.36035E-5 8.87493E-6 7.69169E-6 7.71039E-6 5.99055E-6 2.9677E-6 4.06626E-6 3.26988E-6 2.88904E-6 2.84261E-6 2.39862E-6 2.40195E-6 2.18892E-6 2.5658E-6 2.98083E-6 2.93357E-6
1.64314E-5 2.06322E-5 4.97502E-5 1.11368E-4 6.11501E-5 4.9757E-5 1.42932E-4 1.27377E-4 7.87144E-5 5.18296E-5 1.67519E-5 9.14156E-6 9.37925E-6 7.95664E-6 1.05474E-5 3.90531E-6 3.90879E-6 8.84757E-6 7.16629E-6 5.42323E-6 4.70877E-6 6.18282E-6 8.92286E-6 6.64328E-6 6.72887E-6 8.01858E-6 7.51777E-6 8.03284E-6 8.7784E-6 7.34417E-6 6.15825E-6 6.16558E-6 7.33803E-6 7.48596E-6 7.3261E-6 6.12002E-6 6.02957E-6 5.87549E-6 7.23738E-6 7.38118E-6 7.86258E-6 7.19801E-6 5.68339E-6 5.26013E-6 7.10781E-6 5.67779E-6 5.68376E-6 4.16108E-6 5.71404E-6 5.31566E-6 7.70193E-6 6.60436E-6 8.82933E-6 8.79659E-6 8.83448E-6 8.55007E-6 7.98707E-6 7.78981E-6 2.51335E-6 2.86651E-6 2.40872E-6 2.41721E-6 2.13972E-6 2.14636E-6 2.53152E-6
1.24839E-5 3.25001E-5 7.75436E-5 1.64224E-4 2.47381E-5 4.9156E-5 7.61337E-5 5.64363E-5 7.35456E-5 8.10422E-5 5.59006E-5 5.59676E-5 4.63993E-5 1.69681E-5 9.34209E-6 8.51078E-6 7.96176E-6 7.67171E-6 7.65527E-6 7.5494E-6 6.19663E-6 6.20963E-6 1.18862E-5 6.65124E-6 6.51796E-6 6.61743E-6 3.94516E-6 7.39334E-6 7.54571E-6 8.61761E-6 7.3697E-6 6.1838E-6 5.44095E-6 8.04678E-6 8.04262E-6 7.49846E-6 7.32363E-6 5.93857E-6 5.79208E-6 5.77324E-6 7.25596E-6 7.23736E-6 5.73921E-6 7.22131E-6 7.58356E-6 7.09028E-6 5.74257E-6 5.75175E-6 6.94868E-6 7.34957E-6 8.03483E-6 8.87942E-6 9.84709E-6 1.01326E-5 7.82667E-6 9.38857E-6 8.62076E-6 8.02534E-6 5.98742E-6 7.20433E-6 5.31254E-6 5.65511E-6 2.421E-6 2.42027E-6 2.88031E-6
2.37923E-5 1.00967E-4 9.32578E-5 1.58411E-4 6.10114E-5 5.71497E-5 8.91825E-5 9.38766E-5 6.31534E-5 4.42458E-5 4.43765E-5 6.00843E-5 6.88897E-5 5.67772E-5 1.27488E-5 8.43684E-6 5.78151E-6 7.09448E-6 6.23061E-6 6.21154E-6 3.94033E-6 6.21628E-6 7.41723E-6 6.22839E-6 6.52118E-6 8.04054E-6 6.54588E-6 6.61582E-6 6.22744E-6 8.12707E-6 8.06673E-6 6.34811E-6 6.21718E-6 7.40758E-6 7.55356E-6 7.53606E-6 7.51956E-6 5.56021E-6 7.33597E-6 5.82119E-6 5.81009E-6 4.44239E-6 5.79649E-6 7.26505E-6 8.05341E-6 7.54762E-6 7.07756E-6 5.82268E-6 5.82769E-6 7.00631E-6 7.84721E-6 8.77627E-6 9.25214E-6 9.08546E-6 7.95715E-6 6.89803E-6 8.64261E-6 7.30782E-6 6.89208E-6 7.20489E-6 6.93912E-6 5.27548E-6 5.68732E-6 5.69426E-6 5.66194E-6
7.92702E-5 2.03787E-4 1.01916E-4 1.37784E-4 1.19251E-4 6.42354E-5 9.14994E-5 2.04938E-4 8.57555E-5 8.13592E-5 8.22785E-5 2.6827E-5 7.70825E-5 4.43851E-5 5.26344E-5 8.27475E-6 6.29812E-6 1.79873E-5 6.18733E-6 5.8117E-6 5.78624E-6 6.27006E-6 7.47547E-6 5.74871E-6 1.19305E-5 6.4353E-6 6.42478E-6 8.22437E-6 6.57714E-6 6.56203E-6 8.16581E-6 8.04765E-6 6.3405E-6 6.23985E-6 6.22568E-6 6.21575E-6 6.12473E-6 6.0452E-6 7.39201E-6 7.53381E-6 7.36201E-6 5.8493E-6 5.84581E-6 7.23844E-6 7.28794E-6 7.61427E-6 7.54919E-6 5.43691E-6 5.91013E-6 7.07757E-6 7.90712E-6 8.14207E-6 8.34685E-6 8.13616E-6 8.1035E-6 8.07667E-6 7.85747E-6 7.03498E-6 5.78988E-6 7.66764E-6 6.13692E-6 4.06521E-6 5.72605E-6 6.77769E-6 4.02217E-6
9.93527E-5 5.64128E-5 3.57723E-5 6.06934E-5 2.1188E-5 7.37377E-5 5.89729E-5 6.15888E-5 4.50059E-5 7.56811E-5 2.58333E-5 2.49889E-5 4.75331E-5 3.10081E-5 3.19864E-5 1.76389E-5 2.01704E-5 2.21816E-5 3.91659E-5 2.69873E-5 6.90683E-6 6.32776E-6 8.47394E-6 5.73763E-6 6.30689E-6 6.85788E-6 1.37098E-5 8.79069E-6 1.2891E-5 6.49607E-6 6.30327E-6 6.29552E-6 6.29114E-6 7.49417E-6 7.62397E-6 7.61911E-6 7.46479E-6 6.09696E-6 6.01291E-6 5.86136E-6 5.4317E-6 6.12906E-6 5.9048E-6 5.90683E-6 5.90489E-6 7.20314E-6 7.63691E-6 5.48003E-6 6.04663E-6 7.13667E-6 7.22945E-6 7.24095E-6 7.56449E-6 7.26863E-6 7.29479E-6 7.27294E-6 7.19265E-6 7.06085E-6 5.86225E-6 7.03423E-6 6.89912E-6 5.80638E-6 5.78372E-6 6.7408E-6 6.79645E-6
3.41176E-5 4.87684E-5 5.24936E-5 2.58417E-5 4.48645E-5 7.84686E-5 4.81933E-5 5.11314E-5 6.88111E-5 2.28291E-5 2.34323E-5 2.23684E-5 4.54377E-5 4.22891E-5 2.9831E-5 3.14803E-5 3.31658E-5 2.65578E-5 4.64276E-5 1.7836E-5 6.82071E-6 6.86982E-6 8.5232E-6 8.95569E-6 7.61818E-6 6.35655E-6 6.36562E-6 5.9948E-6 1.29834E-5 8.17235E-6 6.35485E-6 6.46755E-6 4.04469E-6 6.32468E-6 7.5426E-6 8.86729E-6 8.20004E-6 7.64496E-6 7.47564E-6 5.84091E-6 5.95221E-6 6.03735E-6 5.47127E-6 5.47461E-6 5.96049E-6 5.9719E-6 7.24673E-6 7.22593E-6 6.04481E-6 6.08876E-6 6.13153E-6 6.19406E-6 5.58159E-6 6.27825E-6 6.37882E-6 6.40913E-6 6.38843E-6 7.11977E-6 5.88656E-6 7.07739E-6 5.85111E-6 5.82829E-6 6.84728E-6 7.1598E-6 7.71523E-6
1.19106E-5 9.41934E-5 5.83031E-5 3.44831E-5 1.10715E-4 8.25154E-5 6.15458E-5 4.65366E-5 1.63131E-5 5.64181E-5 2.29458E-5 1.95103E-5 5.39599E-5 1.96484E-5 6.00428E-5 2.00349E-5 4.12385E-5 1.92947E-5 2.53697E-5 2.55585E-5 3.29657E-5 1.92153E-5 8.59428E-6 7.41404E-6 6.53775E-6 7.67689E-6 6.39431E-6 6.42281E-6 7.69024E-6 7.80655E-6 5.55768E-6 4.93137E-6 4.08102E-6 6.37724E-6 8.13672E-6 8.28753E-6 9.08964E-6 8.91232E-6 6.28829E-6 5.50503E-6 5.6943E-6 5.99499E-6 7.4216E-6 7.8232E-6 7.37071E-6 6.00949E-6 4.31458E-6 7.17625E-6 6.09092E-6 6.14471E-6 5.62548E-6 6.43958E-6 6.30098E-6 6.36114E-6 7.35157E-6 7.32451E-6 4.29597E-6 6.41758E-6 6.38332E-6 5.95475E-6 5.92624E-6 6.94879E-6 6.99413E-6 5.58925E-6 7.72829E-6
9.44235E-6 1.75843E-5 1.2444E-4 4.15583E-5 5.68128E-5 5.02914E-5 7.02978E-5 6.61457E-5 5.80944E-5 1.94576E-5 1.95805E-5 1.96608E-5 2.25187E-5 5.03182E-5 6.45719E-5 3.69534E-5 1.00274E-5 2.35616E-5 2.42691E-5 2.39671E-5 6.92865E-6 7.2688E-6 2.29292E-5 2.00197E-5 7.62452E-6 2.43531E-5 7.78632E-6 6.47757E-6 6.69975E-6 4.12725E-6 5.45706E-6 5.77857E-6 7.75844E-6 6.40297E-6 6.39609E-6 8.10015E-6 6.4924E-6 9.07129E-6 8.66799E-6 7.56671E-6 5.73874E-6 6.04401E-6 7.46028E-6 7.86851E-6 6.05331E-6 7.35161E-6 6.09744E-6 7.21037E-6 7.25139E-6 4.30995E-6 5.66111E-6 7.43079E-6 7.44309E-6 7.46351E-6 7.77226E-6 7.76786E-6 7.27457E-6 4.32407E-6 6.41572E-6 5.55036E-6 5.9589E-6 5.93002E-6 5.9243E-6 5.31977E-6 6.88046E-6
2.10773E-5 9.63557E-6 6.86392E-5 2.6181E-5 7.08158E-5 6.21035E-5 6.84734E-5 5.81847E-5 5.89287E-5 5.25059E-5 6.73243E-5 6.62157E-5 6.75498E-5 6.34305E-5 5.98841E-5 7.97882E-5 7.27532E-5 2.35606E-5 4.44003E-5 1.62091E-5 2.90196E-5 2.86553E-5 8.82515E-6 2.68634E-5 4.2525E-5 2.67724E-5 8.58079E-6 7.97927E-6 8.50309E-6 6.51077E-6 6.51556E-6 6.52214E-6 7.77461E-6 7.73627E-6 6.45371E-6 6.26025E-6 7.7895E-6 8.39295E-6 8.79759E-6 7.642E-6 5.91162E-6 5.85123E-6 6.10438E-6 7.51439E-6 7.83911E-6 7.37238E-6 1.25606E-5 6.1452E-6 6.1905E-6 6.22772E-6 7.34369E-6 7.44988E-6 7.80849E-6 6.53729E-6 7.76377E-6 7.32902E-6 6.50015E-6 6.5052E-6 7.26171E-6 7.62282E-6 7.19138E-6 7.01033E-6 5.97089E-6 5.94869E-6 5.93566E-6
3.46441E-5 2.16706E-5 3.47345E-5 4.05405E-5 7.74908E-5 6.8929E-5 1.48393E-5 4.88175E-5 5.81081E-5 1.08049E-4 8.54183E-5 6.16798E-5 8.42006E-5 2.15925E-4 8.85122E-5 6.66617E-5 3.67609E-5 3.25297E-5 7.50394E-5 2.16219E-5 5.45255E-5 1.51471E-5 7.73205E-6 3.00999E-5 1.49518E-5 2.27392E-5 2.09732E-5 9.93301E-6 1.87493E-5 2.30716E-5 7.85965E-6 6.54764E-6 6.57151E-6 6.36217E-6 8.01022E-6 6.193E-6 6.24568E-6 7.74519E-6 7.87813E-6 5.63806E-6 5.99559E-6 5.62848E-6 6.16848E-6 6.40553E-6 7.5366E-6 7.88275E-6 7.482E-6 7.32725E-6 6.21368E-6 6.2576E-6 6.2876E-6 6.33295E-6 7.3628E-6 7.44395E-6 7.37328E-6 6.5523E-6 6.5173E-6 7.27772E-6 7.37654E-6 7.37379E-6 5.60239E-6 6.04863E-6 6.01664E-6 6.01472E-6 6.14143E-6
2.63184E-5 2.58818E-5 3.58447E-5 3.3621E-5 6.88253E-5 5.85193E-5 5.89306E-5 6.37139E-5 6.19181E-5 8.65201E-5 8.84352E-5 8.75925E-5 7.07554E-5 9.3511E-5 8.99095E-5 6.39826E-5 6.87322E-5 2.22709E-5 6.02583E-5 6.33806E-5 5.52869E-5 3.6962E-5 7.96778E-6 2.66467E-5 2.53925E-5 1.08124E-5 1.11263E-5 1.24153E-5 7.97536E-6 2.6227E-5 8.83578E-6 2.30357E-5 7.86282E-6 6.42638E-6 6.22576E-6 6.52571E-6 6.0021E-6 6.15025E-6 6.1403E-6 6.06075E-6 5.98295E-6 7.72217E-6 7.7188E-6 6.26509E-6 6.70289E-6 7.49623E-6 7.42149E-6 6.25178E-6 6.25946E-6 6.28505E-6 6.30822E-6 6.34903E-6 6.39841E-6 4.29884E-6 7.33489E-6 6.53342E-6 5.66142E-6 5.6448E-6 6.49502E-6 6.45935E-6 6.41791E-6 6.31316E-6 7.00801E-6 7.07314E-6 7.02396E-6
8.0244E-6 7.1862E-6 2.14808E-5 1.03606E-5 2.42264E-5 4.70458E-5 5.28287E-5 4.76188E-5 9.16868E-5 7.99437E-5 9.40683E-5 1.77256E-4 9.21128E-5 7.69093E-5 5.73247E-5 5.12875E-5 8.45655E-5 2.12584E-5 1.78231E-5 2.31089E-5 5.83603E-5 4.39214E-5 1.82927E-5 9.79178E-6 1.36044E-5 1.07389E-5 1.04792E-5 1.36756E-5 1.47667E-5 1.06632E-5 7.62241E-6 7.332E-6 8.67871E-6 8.08774E-6 7.90915E-6 6.31609E-6 6.12826E-6 6.5565E-6 5.96543E-6 6.01617E-6 5.96465E-6 5.91492E-6 5.8615E-6 4.57455E-6 6.27885E-6 6.27423E-6 4.45899E-6 6.27561E-6 7.42385E-6 7.37042E-6 6.34237E-6 7.30427E-6 7.31282E-6 4.31198E-6 6.55532E-6 6.56165E-6 6.58021E-6 6.55385E-6 6.7881E-6 6.44684E-6 7.41001E-6 6.74185E-6 6.38755E-6 6.18171E-6 6.13285E-6
1.11673E-5 1.35675E-5 1.05164E-5 2.44385E-5 7.24054E-5 1.48064E-5 2.5628E-5 7.10331E-5 7.7366E-5 8.89756E-5 8.86289E-5 8.9167E-5 8.98093E-5 8.07117E-5 6.35353E-5 5.7649E-5 7.38981E-5 5.22356E-5 3.53146E-5 2.11208E-5 5.84211E-5 3.67366E-5 7.77781E-6 8.08374E-6 3.88632E-5 9.97617E-6 3.07498E-5 1.08437E-5 1.02718E-5 1.01778E-5 1.02759E-5 1.05819E-5 1.0111E-5 9.61108E-6 8.72787E-6 8.10626E-6 7.91974E-6 6.1078E-6 6.72218E-6 1.40944E-5 6.22695E-6 5.95208E-6 5.9161E-6 7.71129E-6 7.62944E-6 6.316E-6 6.32113E-6 6.34619E-6 5.75912E-6 7.39917E-6 6.323E-6 6.37187E-6 7.38126E-6 6.56579E-6 7.44274E-6 7.5166E-6 5.79908E-6 5.83945E-6 7.58341E-6 6.51374E-6 6.49083E-6 6.48554E-6 7.48985E-6 7.37198E-6 7.43201E-6
4.08065E-5 9.5572E-6 3.04915E-5 1.95434E-5 1.02008E-5 4.73469E-5 5.3259E-5 6.72498E-5 4.98721E-5 7.52076E-5 5.99828E-5 7.38747E-5 7.40967E-5 9.25917E-5 7.31489E-5 3.74723E-5 8.62981E-5 5.24701E-5 5.2635E-5 4.6451E-5 4.32901E-5 7.36178E-5 1.92333E-5 2.50243E-5 2.48965E-5 1.12379E-5 1.25736E-5 8.59542E-6 8.55069E-6 1.03039E-5 1.03702E-5 1.02043E-5 9.80726E-6 9.15686E-6 7.37487E-6 9.50822E-6 8.77431E-6 6.07064E-6 5.85387E-6 6.13696E-6 1.73505E-5 6.25421E-6 6.01556E-6 6.01511E-6 6.40527E-6 6.38378E-6 7.63652E-6 6.45315E-6 6.44568E-6 6.3892E-6 6.3852E-6 6.56425E-6 7.01996E-6 6.88137E-6 4.48302E-6 6.72111E-6 4.44929E-6 4.50088E-6 6.7212E-6 4.51518E-6 7.60833E-6 7.72103E-6 7.98927E-6 6.7025E-6 8.75466E-6
4.04798E-5 3.10771E-5 6.17128E-6 8.05559E-5 2.87666E-5 1.19511E-5 3.6057E-5 3.02657E-5 3.8438E-5 4.8961E-5 3.30458E-5 6.32619E-5 9.97164E-5 5.22566E-5 5.65221E-5 4.12857E-5 7.47221E-5 5.7356E-5 4.80511E-5 5.74653E-5 3.32811E-5 5.38193E-5 4.0649E-5 4.10312E-5 1.54224E-5 8.42545E-6 7.18362E-6 4.69798E-6 4.66152E-6 9.28011E-6 9.63726E-6 2.78157E-5 9.10748E-6 9.23597E-6 9.27128E-6 2.61809E-5 1.50462E-5 7.0034E-6 6.66391E-6 6.16671E-6 6.14877E-6 6.13915E-6 6.12054E-6 7.83083E-6 6.15251E-6 6.79485E-6 6.55507E-6 6.58255E-6 6.60532E-6 6.50271E-6 6.49308E-6 6.73916E-6 7.21361E-6 7.053E-6 6.85834E-6 6.7909E-6 6.8425E-6 6.90789E-6 6.88131E-6 7.76267E-6 7.84995E-6 6.27288E-6 8.92625E-6 9.0004E-6 8.36385E-6
1.78468E-5 8.27642E-6 1.32201E-5 1.60322E-5 1.53034E-5 2.96027E-5 1.36385E-5 3.50982E-5 5.82174E-5 7.5401E-5 7.67637E-5 5.00509E-5 6.91673E-5 7.50608E-5 9.28454E-5 8.14515E-5 8.6371E-5 9.91445E-5 9.85007E-5 5.47625E-5 5.79053E-5 7.97246E-5 7.89536E-5 7.88751E-5 1.13308E-5 7.57106E-6 2.80116E-5 1.01903E-5 2.0781E-5 2.12277E-5 2.27024E-5 1.03125E-5 7.23801E-6 2.68525E-5 4.68685E-5 3.92471E-5 1.0291E-5 2.22295E-5 8.67753E-6 6.27338E-6 2.33355E-5 8.30624E-6 6.66109E-6 6.34779E-6 6.90829E-6 7.31755E-6 4.85421E-5 9.74982E-6 7.97732E-6 8.30167E-6 8.12697E-6 6.99934E-6 6.88688E-6 4.5822E-6 7.83863E-6 6.15844E-6 8.04344E-6 8.01088E-6 7.14887E-6 7.1229E-6 7.1071E-6 8.08007E-6 8.51319E-6 6.62466E-6 6.1711E-6
6.81675E-6 8.38246E-6 2.12462E-5 5.20608E-5 5.28701E-5 4.81531E-5 3.18898E-5 1.56861E-5 2.3624E-5 5.20987E-5 4.41146E-5 8.0371E-5 4.37929E-5 8.49712E-5 7.99834E-5 9.06396E-5 8.21871E-5 8.42962E-5 8.64754E-5 1.07081E-4 1.04262E-4 9.58488E-5 4.22998E-5 1.15638E-5 4.02007E-5 3.42712E-5 3.56535E-5 4.05818E-5 1.2854E-4 2.3739E-5 1.90219E-5 4.43802E-5 3.14432E-5 3.17806E-5 7.83886E-5 1.9353E-5 2.04596E-5 4.61833E-5 2.85903E-5 1.05271E-5 1.6534E-5 9.93979E-6 2.2044E-5 9.84426E-6 9.98404E-6 6.17595E-5 1.04418E-5 7.94766E-6 1.06769E-5 8.86651E-6 2.34499E-5 7.95958E-6 8.56467E-6 6.58474E-6 9.183E-6 9.98803E-6 9.90161E-6 9.10423E-6 8.63065E-6 8.5378E-6 7.31265E-6 7.26812E-6 8.54668E-6 8.57224E-6 7.19347E-6
3.15282E-5 1.0159E-5 2.27491E-5 1.84108E-5 3.64457E-5 6.0977E-5 1.18712E-4 9.38488E-5 4.798E-5 4.87091E-5 6.4269E-5 5.94564E-5 9.71355E-5 6.84263E-5 9.67685E-5 6.96155E-5 4.9409E-5 1.05852E-4 2.279E-5 1.14837E-4 1.12818E-4 3.27179E-5 1.82766E-5 3.7385E-5 4.83956E-5 4.58482E-5 4.15963E-5 3.43683E-5 2.20854E-5 3.46805E-5 2.75682E-5 4.12822E-5 6.04347E-5 2.86383E-5 3.83116E-5 1.27533E-5 3.52779E-5 1.26967E-5 1.12176E-5 1.20039E-5 1.12449E-5 1.07367E-5 1.16748E-5 2.22319E-5 7.15767E-5 1.35548E-5 3.63076E-5 3.85749E-5 3.6812E-5 2.78539E-5 1.30189E-5 2.22359E-5 1.14373E-5 1.28152E-5 1.33189E-5 1.28482E-5 1.5644E-5 1.19873E-5 3.88559E-5 1.01848E-5 9.27489E-6 7.64188E-6 7.45905E-6 7.58449E-6 7.83262E-6
2.45391E-5 1.59105E-5 6.87005E-5 8.42079E-5 1.82907E-5 1.48274E-5 7.56473E-5 3.84573E-5 2.73017E-5 7.25906E-5 2.40252E-5 3.8911E-5 6.39818E-5 1.05353E-4 1.07933E-4 7.00722E-5 7.59995E-5 5.04086E-5 6.69992E-5 8.51763E-5 3.47806E-5 1.96146E-5 5.05034E-5 4.96903E-5 6.57341E-5 4.64322E-5 3.41369E-5 3.21066E-5 4.15135E-5 6.44812E-5 5.34409E-5 4.91009E-5 1.11913E-4 7.6799E-5 8.44975E-5 6.41983E-5 3.91495E-5 4.88143E-5 6.12741E-5 4.64473E-5 9.59019E-6 1.37792E-5 4.46427E-5 1.70232E-5 1.52345E-5 1.51334E-5 2.94635E-5 8.9894E-5 4.44339E-5 1.12517E-5 1.08189E-5 8.07015E-6 1.30796E-5 1.36789E-5 4.61265E-5 3.82379E-5 5.19388E-5 3.93686E-5 5.259E-5 4.759E-5 2.73136E-5 9.8631E-6 9.51494E-6 8.2398E-6 7.72962E-6
2.03877E-5 1.58559E-5 5.12295E-5 4.75078E-5 4.43726E-5 5.44796E-5 5.97467E-5 5.3904E-5 1.42021E-5 1.76777E-5 1.42931E-5 5.85752E-5 1.1632E-4 3.96766E-5 3.12483E-5 6.88597E-5 3.32003E-5 1.86346E-5 5.38466E-5 3.60451E-5 5.78729E-5 8.41655E-5 5.81834E-5 5.71562E-5 5.32283E-5 4.81913E-5 4.34157E-5 6.28839E-5 4.58809E-5 1.70997E-5 2.63271E-5 1.92267E-5 1.61247E-5 6.76353E-5 1.02212E-4 6.43297E-5 6.77256E-5 5.97861E-5 1.02138E-4 3.82907E-5 4.09249E-5 2.30814E-5 5.49813E-5 5.61855E-5 1.88893E-5 6.68922E-5 5.63055E-5 4.36444E-5 3.83677E-5 3.79234E-5 1.21897E-5 8.72021E-6 8.04889E-6 1.26052E-5 1.323E-5 1.45052E-5 5.13477E-5 3.89394E-5 5.38598E-5 5.10448E-5 4.96431E-5 4.92583E-5 2.86569E-5 2.66152E-5 6.69504E-6
1.32001E-5 3.99101E-5 5.01578E-5 1.06832E-4 6.16259E-5 4.75719E-5 9.0519E-5 7.92178E-5 2.28902E-5 2.2846E-5 9.11901E-5 1.02124E-4 1.28341E-4 5.81456E-5 3.55371E-5 7.79542E-5 2.09058E-5 5.99936E-5 5.89446E-5 6.20622E-5 6.40214E-5 6.46763E-5 6.29732E-5 5.73485E-5 7.74961E-5 6.45173E-5 9.53912E-5 3.49737E-5 6.02456E-5 6.6276E-5 3.00564E-5 1.59345E-5 1.70302E-5 1.29475E-5 1.08695E-4 9.86945E-5 9.62048E-5 8.09935E-5 1.17071E-4 7.61955E-5 1.6786E-5 1.81846E-5 3.95943E-5 6.973E-5 5.87357E-5 1.22327E-4 1.16384E-4 4.68935E-5 7.58194E-5 4.74645E-5 1.33402E-5 1.23313E-5 8.6073E-6 8.64789E-6 1.11052E-5 1.37637E-5 1.65509E-5 1.80042E-5 1.57821E-5 5.28499E-5 3.85171E-5 3.44678E-5 2.61067E-5 3.2416E-5 9.85231E-6
7.6051E-5 1.01837E-4 1.75946E-4 7.32109E-5 1.36331E-4 5.65173E-5 8.01074E-5 1.96098E-5 6.46137E-5 6.38995E-5 9.0958E-5 2.24218E-5 6.37871E-5 6.116E-5 8.68055E-5 6.87741E-5 1.24915E-4 6.53538E-5 6.49269E-5 5.02388E-5 1.01278E-4 7.08204E-5 1.02546E-4 1.13931E-4 9.68024E-5 1.14812E-4 6.49635E-5 7.34434E-5 5.46071E-5 1.6484E-5 3.02478E-5 1.60598E-5 2.77227E-5 7.73926E-5 9.36237E-5 9.65791E-5 1.07433E-4 5.38935E-5 1.36764E-4 2.28587E-5 3.60137E-5 9.63445E-5 1.33566E-4 1.33515E-4 6.34853E-5 4.41266E-5 5.387E-5 1.38362E-4 9.12597E-5 1.36948E-4 1.09997E-4 3.15613E-5 1.29322E-5 9.8797E-6 8.1471E-6 1.50739E-5 4.27498E-5 1.22671E-5 3.85185E-5 4.30149E-5 3.9724E-5 4.60257E-5 3.72509E-5 3.50464E-5 8.41647E-6
1.49173E-4 2.33184E-4 3.25537E-4 1.12181E-4 1.19456E-4 1.2919E-4 1.31138E-4 1.28224E-4 2.39997E-5 6.68308E-5 2.31466E-5 6.13655E-5 6.93772E-5 7.07177E-5 9.29236E-5 8.44248E-5 8.12959E-5 4.84242E-5 1.19076E-4 7.98694E-5 1.14345E-4 1.25769E-4 1.27731E-4 1.4973E-4 1.15467E-4 8.60723E-5 8.58136E-5 4.53301E-5 1.89391E-5 9.44041E-6 2.34065E-5 3.50246E-5 3.40705E-5 2.06165E-5 3.17198E-5 7.11934E-5 8.79522E-5 2.00225E-5 1.15891E-4 1.46227E-4 7.13769E-5 2.3264E-5 3.64813E-5 3.94827E-5 9.93236E-5 8.53537E-5 8.38299E-5 9.45903E-5 5.56472E-5 4.67568E-5 1.44588E-5 1.35664E-5 6.43157E-5 3.25861E-5 2.57292E-5 3.70661E-5 5.26327E-5 5.18836E-5 5.45935E-5 5.26696E-5 4.99791E-5 4.26013E-5 1.39785E-5 1.08894E-5 8.4974E-6
3.79341E-5 4.28594E-5 1.31467E-4 1.14158E-4 1.20832E-4 1.30211E-4 1.25444E-4 4.01551E-5 2.00073E-5 4.72691E-5 7.02721E-5 7.35684E-5 1.05996E-4 9.69253E-5 1.16406E-4 1.16172E-4 1.78043E-4 8.19448E-5 1.242E-4 1.47959E-4 1.38589E-4 1.33402E-4 1.29386E-4 1.27104E-4 5.97522E-5 4.72147E-5 4.88088E-5 4.25542E-5 4.61719E-5 4.15996E-5 7.84344E-5 2.24617E-5 8.26478E-5 1.04143E-4 6.46915E-5 5.65617E-5 8.07535E-5 6.04275E-5 7.80079E-5 8.53387E-5 1.90458E-5 2.56636E-5 1.89652E-5 1.05006E-4 6.02607E-5 5.17873E-5 5.27079E-5 3.9279E-5 5.05131E-5 4.40109E-5 3.6791E-5 5.2299E-5 3.24571E-5 4.07359E-5 4.14733E-5 5.14341E-5 6.57972E-5 2.32129E-5 5.29959E-5 4.04408E-5 2.48234E-5 1.22911E-5 1.14777E-5 3.25678E-5 1.40813E-5
4.77178E-5 5.28927E-5 7.79009E-5 1.30248E-4 1.29814E-4 1.80783E-4 1.36811E-4 1.83238E-5 1.84605E-5 6.73855E-5 1.24253E-4 7.11443E-5 8.78293E-5 7.51323E-5 7.65866E-5 1.91295E-4 9.33592E-5 1.24356E-4 6.16188E-5 1.21582E-4 1.27026E-4 1.31739E-4 9.07913E-5 6.62388E-5 5.44326E-5 9.56748E-5 1.17678E-4 3.32548E-5 7.60387E-5 3.03756E-5 9.15167E-5 1.044E-4 5.867E-5 6.0668E-5 6.41137E-5 5.77203E-5 5.07254E-5 1.33692E-4 8.96101E-5 5.15943E-5 4.96769E-5 1.7372E-5 5.36683E-5 8.28297E-5 4.82702E-5 4.84741E-5 4.85945E-5 1.32451E-5 3.80794E-5 8.59115E-5 7.33592E-5 1.90448E-5 8.10211E-6 1.17598E-5 1.20963E-5 4.55218E-5 3.40067E-5 4.05182E-5 3.8891E-5 3.61933E-5 1.41234E-5 1.83443E-5 2.40682E-5 3.55504E-5 4.2128E-5
8.17111E-5 1.78465E-4 6.94142E-5 9.87801E-5 7.15036E-5 7.96218E-5 6.76686E-5 6.77016E-5 1.25891E-4 8.84814E-5 1.17983E-4 7.22052E-5 9.55356E-5 1.48848E-4 1.36395E-4 4.69973E-5 1.55439E-5 6.37135E-5 6.85221E-5 6.40531E-5 9.10943E-5 5.82989E-5 5.96764E-5 5.08149E-5 1.17277E-4 6.51796E-5 6.70766E-5 2.90489E-5 2.46558E-5 8.95048E-5 1.16082E-4 5.01591E-5 5.55977E-5 6.98504E-5 4.89341E-5 6.08892E-5 5.67402E-5 3.8096E-5 5.30089E-5 4.92975E-5 3.81389E-5 4.98997E-5 5.0458E-5 3.89825E-5 4.15227E-5 3.57483E-5 3.76751E-5 3.93838E-5 1.38744E-5 6.34172E-5 6.51752E-5 2.78965E-5 2.39162E-5 3.05336E-5 3.39788E-5 2.67162E-5 3.42253E-5 3.39877E-5 3.45529E-5 3.58973E-5 1.44809E-5 1.1841E-5 2.37722E-5 3.2204E-5 3.63995E-5
1.07032E-4 1.07079E-4 1.01495E-4 1.5436E-4 6.5038E-5 2.07723E-4 9.38471E-5 9.78669E-5 1.60863E-4 1.50999E-4 1.22209E-4 1.26244E-4 1.45428E-4 1.31012E-4 1.16201E-4 1.05817E-4 8.90297E-5 1.13662E-4 1.33301E-4 1.47138E-4 1.05102E-4 6.38052E-5 5.70247E-5 7.16574E-5 1.43701E-4 3.46661E-4 4.05288E-5 3.49126E-5 4.10477E-5 4.11138E-5 3.65344E-5 1.08834E-4 7.92787E-5 4.07487E-5 1.27081E-5 5.10538E-5 3.0235E-5 4.29872E-5 8.8489E-5 3.92516E-5 2.61564E-5 3.84751E-5 1.03065E-4 6.04324E-5 4.03833E-5 3.60201E-5 3.52302E-5 3.47214E-5 1.73885E-5 9.51354E-5 4.92578E-5 3.91078E-5 3.35116E-5 3.14896E-5 3.28039E-5 1.84643E-5 1.05138E-5 2.76848E-5 3.62732E-5 1.1856E-5 2.77103E-5 3.93224E-5 2.15553E-5 1.82875E-5 1.34309E-5
