catData/rasterBestHybridModels/Prubiginosus/RD_RM1.5_H/Prubiginosus_max.asc
ncols         409
nrows         350
xllcorner     60.897278365
yllcorner     5.843756025
cellsize      0.0892857
NODATA_value  -9999
[rows 232 to 260 of 350, columns 130 to 194 of 409]
-9999 -9999 -9999 -9999 -9999 -9999 -9999 -9999 -9999 -9999 1.5694E-4 1.72375E-4 1.79075E-4 5.30039E-5 3.07585E-4 6.40742E-4 1.24578E-3 8.43801E-4 2.45469E-4 3.24815E-4 1.05174E-3 1.35395E-3 1.00054E-3 4.82379E-4 4.14732E-4 3.62513E-4 3.62307E-4 5.57434E-4 4.51563E-4 4.72224E-4 1.10411E-3 5.14239E-4 2.11925E-4 3.66064E-4 4.78079E-4 4.12748E-4 3.76758E-4 3.2426E-4 3.83679E-4 1.75647E-4 2.68177E-4 5.03408E-4 1.05923E-4 3.00406E-4 3.00878E-4 3.16265E-4 1.80494E-4 1.44056E-4 1.49243E-4 3.4455E-4 5.95137E-4 5.80605E-4 4.31988E-4 3.35175E-4 2.80341E-4 8.83259E-5 9.05705E-5 1.09053E-4 1.64206E-4 1.31594E-4 1.24605E-4 1.33415E-4 1.07388E-4 1.71784E-4 2.35394E-4
-9999 -9999 -9999 -9999 -9999 -9999 -9999 -9999 -9999 -9999 6.17758E-5 1.29666E-4 3.25637E-4 1.57195E-4 1.98512E-4 4.18563E-4 1.3156E-3 2.36386E-3 3.17784E-4 3.6145E-4 1.1116E-3 2.94213E-3 1.37417E-3 1.06279E-3 2.06312E-4 2.46693E-4 3.87658E-4 4.46476E-4 4.5572E-4 5.3831E-4 5.83842E-4 2.61767E-4 2.03509E-4 1.98372E-4 2.85272E-4 3.02734E-4 3.23611E-4 3.25727E-4 3.89915E-4 4.17447E-4 4.73111E-4 4.99994E-4 4.9576E-4 1.21194E-4 1.26078E-4 2.00983E-4 2.83769E-4 6.6879E-4 5.06137E-4 3.58724E-4 5.4853E-4 2.0559E-4 2.86841E-4 8.38172E-4 5.62168E-4 3.03215E-4 1.77619E-4 1.26149E-4 1.73055E-4 8.11712E-5 1.21701E-4 2.78603E-4 1.74622E-4 5.82544E-4 2.39623E-4
-9999 -9999 -9999 -9999 -9999 -9999 -9999 -9999 -9999 -9999 -9999 1.65762E-4 2.09788E-4 2.70979E-4 3.66885E-4 4.09699E-4 1.77644E-3 1.33693E-3 1.04397E-3 5.76932E-4 9.41422E-4 8.75878E-4 1.2864E-3 8.54184E-4 3.49415E-4 2.82763E-4 2.83239E-4 4.04111E-4 4.0144E-4 1.23612E-4 1.35917E-4 1.60095E-4 4.87792E-4 1.11656E-4 3.53897E-4 2.24443E-4 3.25346E-4 3.91361E-4 4.23222E-4 4.69105E-4 4.7209E-4 3.94614E-4 1.89851E-4 5.92406E-4 1.41483E-4 7.03493E-4 6.98864E-4 6.52699E-4 6.55838E-4 3.28505E-4 6.17073E-5 1.94507E-4 1.60078E-4 3.09909E-4 4.13101E-4 3.2877E-4 3.0306E-4 3.57831E-4 4.92276E-4 2.58884E-4 2.97653E-4 4.27867E-4 2.30592E-4 2.18297E-4 4.58389E-4
-9999 -9999 -9999 -9999 -9999 -9999 -9999 -9999 -9999 -9999 -9999 1.60061E-4 1.52101E-4 2.48202E-4 3.5475E-4 6.54859E-4 5.30823E-4 1.59799E-3 1.83951E-3 4.51034E-4 2.58679E-4 6.53814E-4 1.17161E-3 7.60737E-4 1.27125E-3 4.305E-4 3.16741E-4 1.802E-4 1.90558E-4 1.95272E-4 1.91624E-4 1.895E-4 1.28264E-4 3.45579E-4 3.99141E-4 3.3195E-4 3.59471E-4 2.9173E-4 4.73145E-4 4.76424E-4 4.85321E-4 3.99257E-4 3.83567E-4 4.61065E-4 6.92136E-4 7.05698E-4 6.738E-4 2.71088E-4 2.46419E-4 4.98897E-5 6.06034E-5 1.73598E-4 3.20461E-4 4.48472E-4 6.20576E-4 6.73147E-4 3.5761E-4 5.2234E-4 7.69386E-4 5.01843E-4 3.28372E-4 1.08612E-4 1.57971E-4 5.25714E-4 1.05396E-3
-9999 -9999 -9999 -9999 -9999 -9999 -9999 -9999 -9999 -9999 -9999 1.80928E-4 1.65155E-4 1.56343E-4 3.47211E-4 4.8815E-4 6.19287E-4 2.04981E-3 3.26648E-3 1.18803E-3 2.68002E-4 8.07249E-4 6.0603E-4 6.74021E-4 1.10142E-3 4.52569E-4 5.94538E-4 5.03309E-4 3.93806E-4 4.64897E-4 3.86626E-4 3.25269E-4 9.66971E-5 2.42643E-4 2.29378E-4 3.0476E-4 1.78296E-4 2.45995E-4 4.83702E-4 3.45035E-4 5.30851E-4 5.65875E-4 6.08182E-4 6.72323E-4 6.86923E-4 6.91886E-4 3.75538E-4 2.53114E-4 2.07717E-4 2.11096E-4 1.95493E-4 7.98266E-5 1.59181E-4 2.97167E-4 5.55335E-4 3.48125E-4 6.22184E-4 7.83513E-4 6.97173E-4 2.76091E-4 1.89046E-4 2.68867E-4 1.57957E-4 3.3147E-4 3.05917E-4
-9999 -9999 -9999 -9999 -9999 -9999 -9999 -9999 -9999 -9999 -9999 -9999 2.0653E-4 2.43542E-4 2.86935E-4 4.8064E-4 5.34617E-4 1.96562E-3 1.9802E-3 1.13784E-3 4.55892E-4 1.80843E-4 5.29928E-4 3.58591E-4 8.26367E-4 1.19856E-3 5.96981E-4 5.54784E-4 3.44558E-4 8.70886E-5 1.28528E-4 3.33207E-4 1.93405E-4 1.22951E-4 1.20422E-4 1.19496E-4 2.03691E-4 2.02052E-4 2.05973E-4 4.08229E-4 5.98344E-4 6.30417E-4 6.77957E-4 6.01675E-4 2.82498E-4 2.74173E-4 2.7665E-4 2.48435E-4 6.26222E-5 2.07905E-4 3.89001E-4 3.00277E-4 1.13032E-4 5.89789E-4 4.66326E-4 9.26721E-4 5.9384E-4 1.78344E-4 2.20651E-4 1.93508E-4 2.69138E-4 1.24318E-4 1.24544E-4 9.27729E-5 3.60505E-4
-9999 -9999 -9999 -9999 -9999 -9999 -9999 -9999 -9999 -9999 -9999 -9999 -9999 2.01523E-4 3.1032E-4 4.00591E-4 4.87053E-4 4.83998E-4 1.07998E-3 1.11025E-3 7.55288E-4 2.07537E-4 3.93055E-4 1.02351E-3 1.14964E-3 1.14663E-3 5.87018E-4 5.50145E-4 4.53439E-4 2.54408E-4 1.26317E-4 2.80568E-4 2.82755E-4 1.2894E-4 8.08133E-5 2.36291E-4 2.99637E-4 1.98466E-4 2.10395E-4 4.13629E-4 2.89313E-4 5.60778E-4 6.51111E-4 6.31583E-4 6.46194E-4 1.74548E-4 7.74417E-5 6.79869E-5 2.23962E-4 2.21206E-4 6.00372E-4 1.71913E-4 3.00385E-4 3.58538E-4 1.29139E-4 1.90926E-4 2.30442E-4 5.75255E-4 6.06964E-4 6.23344E-4 6.29743E-4 1.39672E-4 1.4691E-4 1.91144E-4 9.51196E-4
-9999 -9999 -9999 -9999 -9999 -9999 -9999 -9999 -9999 -9999 -9999 -9999 -9999 3.39487E-4 1.62167E-4 2.57154E-4 3.95082E-4 4.96176E-4 4.91856E-4 1.58481E-3 7.11319E-4 4.23257E-4 5.10758E-4 5.87954E-4 1.01063E-3 1.12843E-3 1.30343E-3 6.0282E-4 5.15012E-4 2.49966E-4 6.77928E-5 2.00974E-4 2.10389E-4 1.84592E-4 1.24603E-4 3.99194E-4 4.3294E-4 4.81479E-4 4.37257E-4 3.95485E-4 5.6158E-4 6.19675E-4 5.14458E-4 6.34387E-4 6.2752E-4 4.46078E-4 5.61612E-5 6.80452E-5 2.21187E-4 2.07397E-4 5.76406E-4 1.61599E-4 1.90486E-4 1.71572E-4 1.33377E-4 1.34762E-4 2.26156E-4 1.46273E-4 4.0109E-4 4.72712E-4 4.5681E-4 2.82477E-4 4.49488E-4 8.48943E-4 6.05584E-4
-9999 -9999 -9999 -9999 -9999 -9999 -9999 -9999 -9999 -9999 -9999 -9999 -9999 -9999 3.63064E-4 1.55284E-4 3.61649E-4 4.67664E-4 4.51535E-4 8.76675E-4 1.65911E-4 3.6692E-4 1.50521E-4 5.02434E-4 1.03735E-3 6.22057E-4 1.34777E-3 8.20358E-4 4.92526E-4 3.96107E-4 2.24857E-4 2.08046E-4 3.87061E-4 1.33631E-4 3.04224E-4 4.02006E-4 4.82639E-4 4.83538E-4 3.6507E-4 4.42748E-4 5.0891E-4 6.02473E-4 4.74258E-4 3.53619E-4 3.30306E-4 2.41408E-4 6.48199E-5 2.2899E-4 2.24041E-4 2.07498E-4 1.6135E-4 6.98973E-5 1.48373E-4 3.53119E-4 1.86024E-4 1.97774E-4 2.38543E-4 2.55496E-4 2.50308E-4 1.63734E-4 2.89699E-4 3.35717E-4 3.65608E-4 7.81547E-4 3.27069E-4
-9999 -9999 -9999 -9999 -9999 -9999 -9999 -9999 -9999 -9999 -9999 -9999 -9999 -9999 1.38313E-4 1.85461E-4 1.94716E-4 2.11199E-4 4.336E-4 4.906E-4 6.43492E-4 4.02285E-4 6.25508E-4 7.0525E-4 4.86754E-4 1.15006E-3 8.0941E-4 4.32842E-4 1.03273E-3 3.97406E-4 3.28039E-4 3.22737E-4 4.06058E-4 3.14769E-4 3.39477E-4 3.19869E-4 4.0895E-4 4.07521E-4 4.0639E-4 3.93614E-4 5.10828E-4 5.97536E-4 3.21611E-4 2.25369E-4 2.22002E-4 6.30617E-5 6.1457E-5 1.9353E-4 1.57206E-4 1.58637E-4 1.64057E-4 3.56432E-4 3.80985E-4 3.27209E-4 1.83424E-4 4.55439E-4 2.55314E-4 2.04043E-4 1.90093E-4 1.81557E-4 3.15158E-4 4.34973E-4 8.87078E-4 7.70052E-4 5.75266E-4
-9999 -9999 -9999 -9999 -9999 -9999 -9999 -9999 -9999 -9999 -9999 -9999 -9999 -9999 -9999 3.14908E-4 3.5523E-4 3.86339E-4 2.89007E-4 1.73363E-4 5.79805E-4 3.81188E-4 3.48345E-4 1.00048E-3 4.98788E-4 6.49626E-4 1.16494E-3 2.51181E-4 5.23522E-4 3.58405E-4 3.45797E-4 3.42236E-4 8.69996E-4 3.75831E-4 4.45159E-4 3.20955E-4 1.32634E-4 1.29846E-4 3.36442E-4 3.65946E-4 3.9812E-4 2.97572E-4 4.36038E-4 4.01915E-4 2.06724E-4 1.96456E-4 5.98918E-5 1.47083E-4 1.60199E-4 1.56579E-4 1.61305E-4 3.45374E-4 4.49915E-4 4.68009E-4 1.85053E-4 4.5439E-4 1.96272E-4 1.97846E-4 1.80512E-4 1.17205E-4 1.74244E-4 1.27219E-4 5.42518E-4 6.43192E-4 6.82246E-4
-9999 -9999 -9999 -9999 -9999 -9999 -9999 -9999 -9999 -9999 -9999 -9999 -9999 -9999 -9999 1.65715E-4 1.64033E-4 3.43337E-4 2.55226E-4 2.90567E-4 5.42736E-4 4.14626E-4 2.27026E-4 6.04352E-4 8.97316E-4 9.25901E-4 1.84294E-3 3.74477E-4 3.69012E-4 3.22529E-4 3.45556E-4 4.00183E-4 1.20187E-3 1.46923E-3 4.15614E-4 4.13191E-4 4.09515E-4 1.35118E-4 1.25276E-4 2.71004E-4 3.18059E-4 2.50517E-4 2.41167E-4 1.61945E-4 1.74011E-4 1.76504E-4 1.10753E-4 1.102E-4 1.26765E-4 1.77841E-4 1.5369E-4 2.35852E-4 6.45748E-4 4.61892E-4 1.85223E-4 3.45338E-4 3.42619E-4 1.26225E-4 1.9037E-4 1.8552E-4 3.26826E-4 8.39953E-4 6.48612E-4 6.88844E-4 5.56651E-4
-9999 -9999 -9999 -9999 -9999 -9999 -9999 -9999 -9999 -9999 -9999 -9999 -9999 -9999 -9999 -9999 1.79916E-4 1.78135E-4 2.57663E-4 2.92877E-4 2.03214E-4 4.17312E-4 2.16234E-4 3.05267E-4 8.89392E-4 8.9213E-4 1.5369E-3 4.83881E-4 3.94082E-4 3.25111E-4 3.4839E-4 3.42859E-4 5.35077E-4 5.60421E-4 9.05487E-4 1.02349E-3 4.87766E-4 4.36609E-4 4.02729E-4 4.45531E-4 4.27588E-4 3.35973E-4 1.98041E-4 1.37049E-4 1.17674E-4 2.31943E-4 9.9439E-5 6.06204E-5 1.46113E-4 3.35368E-4 1.11155E-4 1.67849E-4 3.51085E-4 4.57188E-4 1.85522E-4 1.82752E-4 1.80791E-4 1.96126E-4 2.03851E-4 4.35045E-4 9.07503E-4 5.17514E-4 4.55693E-4 4.00973E-4 2.40256E-4
-9999 -9999 -9999 -9999 -9999 -9999 -9999 -9999 -9999 -9999 -9999 -9999 -9999 -9999 -9999 -9999 2.21192E-4 2.17608E-4 3.42336E-4 9.3304E-5 2.21628E-4 6.50362E-4 2.1797E-4 2.04409E-4 9.48922E-4 8.60548E-4 1.27191E-3 1.19878E-3 4.7641E-4 4.41196E-4 4.21564E-4 3.53507E-4 7.99284E-4 4.74862E-4 4.87465E-4 4.03163E-4 3.91281E-4 4.02392E-4 3.61559E-4 6.05092E-4 3.30369E-4 1.34034E-4 3.17474E-4 2.47373E-4 6.56982E-4 3.40522E-4 2.72399E-4 2.99772E-4 2.46001E-4 9.80354E-5 1.90334E-4 2.60205E-4 3.32008E-4 3.30908E-4 2.45212E-4 1.79296E-4 3.39739E-4 3.15221E-4 3.11136E-4 6.13477E-4 7.34196E-4 3.71075E-4 7.00115E-4 3.55284E-4 3.58339E-4
-9999 -9999 -9999 -9999 -9999 -9999 -9999 -9999 -9999 -9999 -9999 -9999 -9999 -9999 -9999 -9999 4.64031E-4 1.82916E-4 5.80764E-4 5.55818E-4 2.35261E-4 2.39293E-4 2.19907E-4 2.04931E-4 1.11848E-3 3.38964E-3 9.21599E-3 1.01149E-3 9.30764E-4 4.04274E-4 5.59444E-4 3.51123E-4 3.52666E-4 4.0177E-4 4.83009E-4 4.91622E-4 4.94254E-4 3.01731E-4 1.90261E-4 2.4937E-4 1.69478E-4 1.16257E-4 2.26828E-4 3.63801E-4 2.80934E-4 4.31822E-4 3.17806E-4 4.01048E-4 3.33222E-4 1.99631E-4 3.19282E-4 3.03826E-4 4.52122E-4 4.45087E-4 3.36229E-4 1.78446E-4 4.41661E-4 4.60099E-4 3.37797E-4 7.37535E-4 7.44955E-4 6.73167E-4 1.03075E-3 1.02372E-3 3.33241E-4
-9999 -9999 -9999 -9999 -9999 -9999 -9999 -9999 -9999 -9999 -9999 -9999 -9999 -9999 -9999 -9999 -9999 4.81911E-4 2.38315E-4 1.34111E-4 2.27354E-4 6.26073E-4 4.31906E-4 2.04542E-4 5.00889E-4 1.25388E-3 2.46419E-3 1.74842E-3 6.80506E-4 6.49107E-4 8.61601E-4 1.06802E-3 3.485E-4 3.97772E-4 3.77515E-4 4.88559E-4 3.27935E-4 3.06894E-4 3.12794E-4 4.83741E-4 4.00823E-4 1.7143E-4 1.23636E-4 3.04346E-4 3.65205E-4 4.84957E-4 4.31768E-4 4.01144E-4 3.323E-4 3.50923E-4 2.81633E-4 5.99471E-4 6.21882E-4 5.04784E-4 1.93932E-4 3.3906E-4 2.31434E-4 6.36195E-4 7.83759E-4 5.82217E-4 6.62277E-4 4.87284E-4 7.75718E-4 7.84675E-4 1.11904E-3
-9999 -9999 -9999 -9999 -9999 -9999 -9999 -9999 -9999 -9999 -9999 -9999 -9999 -9999 -9999 -9999 -9999 -9999 4.44325E-4 4.27388E-4 5.96656E-4 5.73242E-4 2.12496E-4 4.42916E-4 2.30713E-4 6.71948E-4 6.93675E-4 1.30709E-3 4.61252E-4 5.35835E-4 8.24485E-4 8.40224E-4 4.95963E-4 4.03814E-4 3.74618E-4 4.83664E-4 7.0245E-4 6.94346E-4 6.8195E-4 4.86956E-4 4.01866E-4 2.5146E-4 2.74925E-4 3.29826E-4 4.13509E-4 3.8638E-4 3.44813E-4 2.49293E-4 3.29549E-4 2.37212E-4 2.04261E-4 2.65438E-4 6.18491E-4 6.4386E-4 3.65687E-4 3.7956E-4 6.77087E-4 7.67684E-4 7.59554E-4 4.14564E-4 3.68079E-4 4.91579E-4 5.48642E-4 6.04171E-4 4.60167E-4
-9999 -9999 -9999 -9999 -9999 -9999 -9999 -9999 -9999 -9999 -9999 -9999 -9999 -9999 -9999 -9999 -9999 -9999 4.95088E-4 4.95215E-4 1.48332E-4 2.41781E-4 2.26934E-4 4.39402E-4 4.87632E-4 7.08298E-4 7.52397E-4 1.37996E-3 9.44035E-4 3.06238E-4 2.36852E-4 4.62268E-4 4.82447E-4 7.64695E-4 7.52794E-4 6.83715E-4 6.9069E-4 5.11518E-4 6.66347E-4 4.85733E-4 3.65661E-4 2.52483E-4 1.49347E-4 4.35242E-4 5.14012E-4 4.8518E-4 4.37072E-4 3.96397E-4 2.61767E-4 2.96539E-4 1.62382E-4 1.04497E-4 2.56078E-4 2.5307E-4 2.46602E-4 6.31012E-4 3.58068E-4 7.28174E-4 5.94923E-4 8.35928E-4 3.23651E-4 5.2455E-4 1.22501E-3 4.71007E-4 6.89079E-4
-9999 -9999 -9999 -9999 -9999 -9999 -9999 -9999 -9999 -9999 -9999 -9999 -9999 -9999 -9999 -9999 -9999 -9999 -9999 -9999 2.68157E-4 2.50839E-4 1.17583E-3 4.8351E-4 5.57102E-4 2.75497E-4 7.91362E-4 1.39991E-3 8.27347E-4 2.47531E-4 2.25219E-4 2.63055E-4 5.91212E-4 8.1904E-4 5.33543E-4 5.34541E-4 3.28542E-4 6.84104E-4 6.58307E-4 4.85306E-4 3.42835E-4 3.07504E-4 4.3802E-4 2.77916E-4 4.13548E-4 4.86546E-4 4.82851E-4 3.05278E-4 2.7157E-4 3.64677E-4 6.05854E-4 2.50557E-4 6.65412E-4 1.04133E-3 5.75598E-4 7.91045E-4 7.22242E-4 3.2468E-4 4.53652E-4 6.18298E-4 7.59183E-4 7.61352E-4 3.50794E-4 6.32917E-4 6.33211E-4
-9999 -9999 -9999 -9999 -9999 -9999 -9999 -9999 -9999 -9999 -9999 -9999 -9999 -9999 -9999 -9999 -9999 -9999 -9999 -9999 2.18165E-4 6.71739E-4 6.28676E-4 3.59059E-4 3.85413E-4 5.66244E-4 1.08252E-3 9.87835E-4 8.24446E-4 7.76284E-4 2.31273E-4 1.64E-4 1.42734E-4 9.65582E-4 3.34806E-4 4.47642E-4 2.16587E-4 1.98381E-4 4.5488E-4 4.59174E-4 3.81159E-4 3.86533E-4 3.98103E-4 5.26163E-4 4.863E-4 4.48138E-4 4.43331E-4 3.62242E-4 4.47427E-4 7.31991E-4 6.02683E-4 1.0824E-3 6.31252E-4 1.07905E-3 1.00097E-3 7.18484E-4 7.48069E-4 5.85543E-4 6.17671E-4 7.05327E-4 9.20671E-4 5.92471E-4 8.53502E-4 7.60207E-4 7.66728E-4
-9999 -9999 -9999 -9999 -9999 -9999 -9999 -9999 -9999 -9999 -9999 -9999 -9999 -9999 -9999 -9999 -9999 -9999 -9999 -9999 2.34964E-4 6.75437E-4 2.52766E-4 2.44233E-4 5.45129E-4 1.07666E-3 2.60913E-4 1.02174E-3 6.11094E-4 2.58727E-4 7.9573E-5 2.13212E-4 2.8633E-4 5.51405E-4 3.99206E-4 3.31211E-4 1.69559E-4 1.44771E-4 1.39158E-4 3.94421E-4 3.86179E-4 3.397E-4 5.49964E-4 5.03133E-4 2.65846E-4 4.66071E-4 6.36009E-4 5.78021E-4 9.8527E-4 7.0403E-4 1.08348E-3 1.1562E-3 1.16617E-3 4.09314E-4 1.03981E-3 5.41806E-4 8.53642E-4 7.11694E-4 7.87464E-4 7.74169E-4 6.89162E-4 5.81637E-4 1.01163E-3 4.70741E-4 9.99428E-4
-9999 -9999 -9999 -9999 -9999 -9999 -9999 -9999 -9999 -9999 -9999 -9999 -9999 -9999 -9999 -9999 -9999 -9999 -9999 -9999 -9999 2.77358E-4 2.53174E-4 1.15768E-3 4.75406E-4 4.90641E-4 1.03792E-3 6.51198E-4 5.87494E-4 2.49945E-4 2.26732E-4 2.30391E-4 4.01471E-4 6.6376E-4 3.85963E-4 9.18025E-5 1.2562E-4 3.04332E-5 1.10655E-4 3.024E-4 4.82148E-4 4.97192E-4 5.66686E-4 6.08997E-4 5.32138E-4 4.50808E-4 3.26867E-4 4.95192E-4 1.05963E-3 1.03924E-3 1.17942E-3 1.21742E-3 1.22126E-3 1.15652E-3 1.07292E-3 5.82629E-4 8.59145E-4 8.50527E-4 6.48309E-4 7.59521E-4 7.51603E-4 6.11166E-4 8.33869E-4 9.89581E-4 4.88327E-4
-9999 -9999 -9999 -9999 -9999 -9999 -9999 -9999 -9999 -9999 -9999 -9999 -9999 -9999 -9999 -9999 -9999 -9999 -9999 -9999 -9999 3.92326E-4 1.93605E-4 1.12594E-3 4.48715E-4 1.02529E-3 4.81497E-4 6.62034E-4 4.3022E-4 2.35299E-4 2.42875E-4 2.2957E-4 2.23409E-4 4.52752E-4 4.75722E-4 1.37402E-4 5.88552E-5 9.41583E-5 8.47015E-5 1.82695E-4 4.40983E-4 4.18872E-4 5.54123E-4 4.87733E-4 4.82644E-4 6.30818E-4 8.18382E-4 4.24226E-4 9.60272E-4 9.81151E-4 1.25785E-3 1.15323E-3 1.27561E-3 1.17468E-3 1.10473E-3 1.01845E-3 6.77262E-4 7.00726E-4 7.34393E-4 5.61661E-4 8.11102E-4 8.61983E-4 6.37178E-4 5.52487E-4 1.02147E-3
-9999 -9999 -9999 -9999 -9999 -9999 -9999 -9999 -9999 -9999 -9999 -9999 -9999 -9999 -9999 -9999 -9999 -9999 -9999 -9999 -9999 4.56404E-4 3.346E-4 3.9118E-4 5.31904E-4 2.15172E-4 3.39379E-4 3.75473E-4 6.87728E-4 3.33697E-4 2.19194E-4 2.1943E-4 2.19116E-4 4.48159E-4 6.88833E-4 2.10988E-4 2.14784E-4 1.04895E-4 9.57275E-5 5.81024E-5 3.8781E-4 7.31491E-4 4.47834E-4 4.56955E-4 2.47588E-4 5.76851E-4 5.39955E-4 9.99779E-4 9.52529E-4 1.03795E-3 1.36115E-3 1.35071E-3 1.15793E-3 1.21151E-3 1.0576E-3 7.53922E-4 7.31513E-4 8.24901E-4 6.20287E-4 9.16525E-4 9.3077E-4 8.24127E-4 8.21871E-4 9.38688E-4 8.25756E-4
-9999 -9999 -9999 -9999 -9999 -9999 -9999 -9999 -9999 -9999 -9999 -9999 -9999 -9999 -9999 -9999 -9999 -9999 -9999 -9999 -9999 -9999 2.70056E-4 2.64362E-4 2.26336E-4 2.01411E-4 3.46624E-4 3.11493E-4 8.06426E-4 5.98318E-4 3.42463E-4 1.79375E-4 3.45248E-4 4.02368E-4 3.13571E-4 7.45814E-5 5.71154E-4 2.0241E-4 6.15253E-5 8.52549E-5 3.79672E-4 4.28768E-4 3.75895E-4 3.93132E-4 4.49E-4 4.64918E-4 4.88496E-4 9.22048E-4 8.15917E-4 9.19099E-4 1.16009E-3 1.26625E-3 1.33489E-3 1.17811E-3 1.01234E-3 3.93212E-4 6.34447E-4 7.12944E-4 8.13685E-4 9.37141E-4 9.12206E-4 9.25306E-4 8.61959E-4 8.82918E-4 7.66595E-4
-9999 -9999 -9999 -9999 -9999 -9999 -9999 -9999 -9999 -9999 -9999 -9999 -9999 -9999 -9999 -9999 -9999 -9999 -9999 -9999 -9999 -9999 2.46635E-4 1.33303E-4 1.76401E-4 6.27676E-4 2.1722E-4 3.96134E-4 1.00016E-3 8.82852E-4 9.21616E-4 4.31855E-4 3.50037E-4 2.02811E-4 3.44951E-4 1.96736E-4 1.48656E-4 6.80206E-4 3.56228E-4 2.63522E-4 1.95604E-4 3.22969E-4 2.21647E-4 8.35967E-4 5.08546E-4 5.68691E-4 6.45918E-4 7.9997E-4 1.04559E-3 1.38627E-3 1.31284E-3 1.33468E-3 1.27064E-3 1.21152E-3 7.26417E-4 5.09494E-4 7.46792E-4 6.1762E-4 8.66272E-4 1.03222E-3 4.56315E-4 8.15619E-4 7.90751E-4 7.01467E-4 8.40443E-4
-9999 -9999 -9999 -9999 -9999 -9999 -9999 -9999 -9999 -9999 -9999 -9999 -9999 -9999 -9999 -9999 -9999 -9999 -9999 -9999 -9999 -9999 1.13388E-4 2.06171E-4 1.67169E-4 1.19865E-3 5.20163E-4 5.26529E-4 4.33846E-4 1.48748E-4 9.48791E-4 3.87757E-4 1.28159E-4 1.94648E-4 3.13588E-4 1.9478E-4 1.18836E-4 3.17292E-4 2.41954E-4 4.41096E-4 3.33767E-4 2.79253E-4 3.64849E-4 4.15001E-4 5.10218E-4 2.52142E-4 2.76197E-4 5.36287E-4 1.16142E-3 7.90216E-4 1.11449E-3 1.10608E-3 1.31689E-3 1.24898E-3 6.65082E-4 6.77878E-4 9.50718E-4 7.53989E-4 8.54857E-4 1.12017E-3 1.06959E-3 6.49782E-4 1.01093E-3 7.82802E-4 7.63365E-4
-9999 -9999 -9999 -9999 -9999 -9999 -9999 -9999 -9999 -9999 -9999 -9999 -9999 -9999 -9999 -9999 -9999 -9999 -9999 -9999 -9999 -9999 -9999 2.29983E-4 1.07409E-4 1.78967E-4 5.27403E-4 1.10081E-3 1.08099E-3 4.29058E-4 4.28959E-4 4.48282E-4 2.10206E-4 1.24774E-4 1.85669E-4 1.94027E-4 1.9698E-4 4.77719E-4 4.2046E-4 3.13784E-4 2.91968E-4 4.129E-4 3.3135E-4 4.76143E-4 2.17693E-4 3.05796E-4 2.91518E-4 7.49166E-4 1.22269E-3 1.10844E-3 5.3329E-4 1.0389E-3 1.43117E-3 1.09364E-3 6.08185E-4 5.42364E-4 5.79806E-4 8.78643E-4 1.11557E-3 7.64002E-4 1.27899E-3 7.03195E-4 1.09676E-3 5.94581E-4 8.27799E-4
-9999 -9999 -9999 -9999 -9999 -9999 -9999 -9999 -9999 -9999 -9999 -9999 -9999 -9999 -9999 -9999 -9999 -9999 -9999 -9999 -9999 -9999 -9999 -9999 3.00323E-4 1.42201E-4 6.15906E-4 8.48867E-4 1.0957E-3 5.23863E-4 1.32588E-3 4.69692E-4 1.02548E-4 2.25857E-4 2.02366E-4 1.92896E-4 5.54741E-4 4.6664E-4 2.53179E-4 1.97867E-4 3.95899E-4 4.29926E-4 4.00229E-4 6.07592E-4 5.47383E-4 5.59654E-4 6.5621E-4 7.81801E-4 1.34831E-3 8.495E-4 1.2738E-3 1.44097E-3 1.33871E-3 8.58234E-4 8.55988E-4 6.1303E-4 8.18037E-4 8.40665E-4 1.10052E-3 7.95532E-4 1.39426E-3 1.26133E-3 9.36956E-4 7.81664E-4 6.83373E-4
