catData/rasterBestHybridModels/Prubiginosus/RD_RM1.5_H/Prubiginosus_stddev.asc
ncols         409
nrows         350
xllcorner     60.897278365
yllcorner     5.843756025
cellsize      0.0892857
NODATA_value  -9999
[rows 261 to 289 of 350, columns 130 to 194 of 409]
-9999 -9999 -9999 -9999 -9999 -9999 -9999 -9999 -9999 -9999 -9999 -9999 -9999 -9999 -9999 -9999 -9999 -9999 -9999 -9999 -9999 -9999 -9999 -9999 6.22385E-5 8.38043E-5 7.32779E-5 1.07784E-4 2.31476E-4 7.34823E-5 1.8346E-4 7.67189E-5 4.04007E-5 6.14566E-5 9.81672E-5 5.13066E-5 7.05049E-5 2.30251E-5 3.61411E-5 7.04731E-5 5.17287E-5 5.82538E-5 5.13202E-5 7.16001E-5 7.94655E-5 7.38334E-5 8.47125E-5 1.82221E-4 1.4248E-4 1.60856E-4 1.65171E-4 1.59048E-4 2.04482E-4 1.76178E-4 1.51334E-4 1.26692E-4 1.36381E-4 1.28472E-4 1.48927E-4 1.70799E-4 2.26058E-4 2.22302E-4 2.07215E-4 1.14791E-4 1.10425E-4
-9999 -9999 -9999 -9999 -9999 -9999 -9999 -9999 -9999 -9999 -9999 -9999 -9999 -9999 -9999 -9999 -9999 -9999 -9999 -9999 -9999 -9999 -9999 -9999 9.30534E-5 9.17862E-5 8.40481E-5 5.50086E-5 4.97837E-5 1.00679E-4 2.18982E-4 2.03632E-4 1.40635E-4 2.552E-5 2.57721E-5 8.72718E-5 8.12506E-5 1.12117E-4 5.0324E-5 2.82309E-5 3.61746E-5 9.12396E-5 8.49674E-5 7.3441E-5 1.3994E-4 9.86887E-5 7.36825E-5 1.98393E-4 1.76468E-4 1.31345E-4 2.24422E-4 2.12572E-4 2.48508E-4 1.98346E-4 1.73435E-4 1.13945E-4 1.04076E-4 1.83793E-4 2.00619E-4 1.80284E-4 1.82614E-4 1.72555E-4 1.90955E-4 1.40321E-4 1.03446E-4
-9999 -9999 -9999 -9999 -9999 -9999 -9999 -9999 -9999 -9999 -9999 -9999 -9999 -9999 -9999 -9999 -9999 -9999 -9999 -9999 -9999 -9999 -9999 -9999 9.61466E-5 9.41437E-5 4.13169E-5 4.76886E-5 2.73148E-5 1.01077E-4 1.9458E-4 2.12686E-4 2.12682E-4 7.2633E-5 9.07631E-5 6.22225E-5 9.95259E-5 1.28493E-4 5.70266E-5 2.63141E-5 2.67574E-5 6.73308E-5 8.48719E-5 5.01641E-5 5.87414E-5 3.72339E-5 5.51772E-5 2.61914E-4 2.42599E-4 1.47426E-4 2.15211E-4 2.50447E-4 2.50618E-4 1.79251E-4 1.71413E-4 1.88724E-4 1.11225E-4 1.77521E-4 2.94016E-4 1.68968E-4 2.49751E-4 1.07376E-4 1.02515E-4 1.00249E-4 1.59161E-4
-9999 -9999 -9999 -9999 -9999 -9999 -9999 -9999 -9999 -9999 -9999 -9999 -9999 -9999 -9999 -9999 -9999 -9999 -9999 -9999 -9999 -9999 -9999 -9999 9.22228E-5 9.27243E-5 8.88171E-5 8.48446E-5 1.12136E-4 5.39996E-5 4.42894E-5 2.02794E-4 1.10623E-4 1.65016E-4 4.10339E-5 5.50092E-5 4.25311E-5 8.69888E-5 9.58171E-5 5.53911E-5 2.17722E-5 2.69094E-5 2.55637E-5 7.4032E-5 5.01661E-5 4.26136E-5 1.27686E-4 2.0437E-4 2.68306E-4 1.76439E-4 1.68883E-4 1.57168E-4 1.32747E-4 1.46382E-4 1.48098E-4 1.52223E-4 1.4079E-4 2.05188E-4 1.82751E-4 1.43916E-4 1.43864E-4 1.49111E-4 9.47331E-5 1.4712E-4 1.47062E-4
-9999 -9999 -9999 -9999 -9999 -9999 -9999 -9999 -9999 -9999 -9999 -9999 -9999 -9999 -9999 -9999 -9999 -9999 -9999 -9999 -9999 -9999 -9999 -9999 9.14955E-5 1.15481E-4 8.75276E-5 3.92929E-5 4.83318E-5 1.08785E-4 2.05204E-4 1.80763E-4 1.75952E-4 1.71388E-4 2.50401E-5 2.77186E-5 6.79559E-5 8.43582E-5 1.15949E-4 2.78567E-5 2.56018E-5 1.80178E-5 6.48938E-5 3.98731E-5 4.38639E-5 4.45392E-5 4.99353E-5 2.27611E-4 2.01005E-4 1.69811E-4 1.4843E-4 1.25241E-4 2.2316E-4 1.55718E-4 2.10548E-4 2.57003E-4 2.03159E-4 1.58994E-4 1.11558E-4 2.00131E-4 1.25598E-4 1.35692E-4 1.22245E-4 8.32009E-5 9.48337E-5
-9999 -9999 -9999 -9999 -9999 -9999 -9999 -9999 -9999 -9999 -9999 -9999 -9999 -9999 -9999 -9999 -9999 -9999 -9999 -9999 -9999 -9999 -9999 -9999 -9999 7.69941E-5 3.83865E-5 3.83474E-5 4.09167E-5 1.65461E-4 5.68847E-5 1.0235E-4 1.7129E-4 1.74295E-4 1.5964E-4 8.11253E-5 5.82587E-5 1.00249E-4 1.07506E-4 4.24871E-5 3.34814E-5 2.41369E-5 3.54147E-5 2.35878E-5 4.44219E-5 5.61876E-5 5.32409E-5 1.91757E-4 2.24347E-4 1.90178E-4 1.46588E-4 1.39867E-4 1.44438E-4 2.06313E-4 2.27683E-4 2.82811E-4 1.93705E-4 1.56913E-4 1.83617E-4 1.88901E-4 1.29676E-4 1.30104E-4 1.18122E-4 5.84239E-5 1.31805E-4
-9999 -9999 -9999 -9999 -9999 -9999 -9999 -9999 -9999 -9999 -9999 -9999 -9999 -9999 -9999 -9999 -9999 -9999 -9999 -9999 -9999 -9999 -9999 -9999 -9999 8.84703E-5 8.41366E-5 8.08038E-5 3.54879E-5 4.48359E-5 3.03795E-4 1.69548E-4 4.81708E-5 1.67866E-4 1.04235E-4 8.49964E-5 4.08733E-5 5.79997E-5 9.49645E-5 1.04132E-4 7.28524E-5 5.83142E-5 4.20803E-5 5.10727E-5 5.60824E-5 4.54984E-5 5.40547E-5 1.62854E-4 1.87735E-4 2.12507E-4 1.92313E-4 1.67938E-4 1.22664E-4 1.93541E-4 1.83517E-4 2.59159E-4 2.53456E-4 1.2999E-4 1.37278E-4 1.48116E-4 1.70256E-4 1.11154E-4 8.69004E-5 4.8716E-5 1.21009E-4
-9999 -9999 -9999 -9999 -9999 -9999 -9999 -9999 -9999 -9999 -9999 -9999 -9999 -9999 -9999 -9999 -9999 -9999 -9999 -9999 -9999 -9999 -9999 -9999 -9999 9.36772E-5 8.71556E-5 7.78464E-5 7.40081E-5 4.05131E-5 1.57924E-4 4.99694E-5 9.29279E-5 4.59203E-5 2.80622E-4 8.94387E-5 7.70642E-5 6.4875E-5 6.16285E-5 8.45661E-5 4.70915E-5 2.23536E-5 6.69696E-5 4.65378E-5 4.70687E-5 4.96463E-5 4.94041E-5 1.77266E-4 2.25119E-4 2.40374E-4 2.55624E-4 2.38353E-4 1.8043E-4 1.69067E-4 1.4188E-4 3.32479E-4 2.36804E-4 1.32533E-4 1.23563E-4 1.39825E-4 1.19538E-4 1.23126E-4 5.69021E-5 1.00296E-4 1.28149E-4
-9999 -9999 -9999 -9999 -9999 -9999 -9999 -9999 -9999 -9999 -9999 -9999 -9999 -9999 -9999 -9999 -9999 -9999 -9999 -9999 -9999 -9999 -9999 -9999 -9999 6.91061E-5 6.38103E-5 6.56106E-5 7.75939E-5 3.52767E-5 5.53748E-5 5.04944E-5 1.04643E-4 8.52995E-5 1.57474E-4 2.10541E-4 4.40454E-5 5.88079E-5 4.56835E-5 7.42243E-5 4.95988E-5 3.30165E-5 3.76226E-5 6.74507E-5 5.52155E-5 6.62829E-5 6.26932E-5 1.56353E-4 2.0108E-4 2.36143E-4 2.22162E-4 2.59833E-4 2.54215E-4 1.99878E-4 1.308E-4 1.80133E-4 1.6872E-4 1.47116E-4 1.32339E-4 1.86471E-4 1.20745E-4 6.7813E-5 6.34642E-5 6.82373E-5 1.70911E-4
-9999 -9999 -9999 -9999 -9999 -9999 -9999 -9999 -9999 -9999 -9999 -9999 -9999 -9999 -9999 -9999 -9999 -9999 -9999 -9999 -9999 -9999 -9999 -9999 -9999 -9999 5.97368E-5 6.87332E-5 3.02999E-5 2.98883E-5 3.97537E-5 1.14449E-4 1.04072E-4 4.08744E-5 1.36441E-4 1.53646E-4 4.81339E-5 4.60523E-5 4.88118E-5 5.40647E-5 9.51109E-5 4.73286E-5 5.40426E-5 6.27241E-5 5.38218E-5 7.97284E-5 6.40022E-5 2.06747E-4 2.26286E-4 2.00151E-4 1.83427E-4 1.297E-4 1.76322E-4 1.53148E-4 1.22202E-4 1.25907E-4 1.56537E-4 1.57962E-4 1.27531E-4 1.09681E-4 1.46332E-4 9.69717E-5 1.38323E-4 1.47017E-4 1.74931E-4
-9999 -9999 -9999 -9999 -9999 -9999 -9999 -9999 -9999 -9999 -9999 -9999 -9999 -9999 -9999 -9999 -9999 -9999 -9999 -9999 -9999 -9999 -9999 -9999 -9999 -9999 5.47439E-5 5.36669E-5 5.35517E-5 2.64832E-5 5.98665E-5 1.8782E-4 4.28179E-5 3.7369E-5 1.09992E-4 5.07005E-5 5.5517E-5 2.18235E-4 5.34413E-5 8.80964E-5 8.25025E-5 1.18919E-4 8.56473E-5 5.20124E-5 5.68978E-5 5.81236E-5 6.58525E-5 2.65748E-4 2.13863E-4 1.89384E-4 1.64078E-4 1.88913E-4 1.77406E-4 1.33472E-4 1.10657E-4 1.47923E-4 2.11156E-4 2.01009E-4 2.29508E-4 1.73905E-4 1.5702E-4 1.46464E-4 1.92113E-4 2.94942E-4 1.82466E-4
-9999 -9999 -9999 -9999 -9999 -9999 -9999 -9999 -9999 -9999 -9999 -9999 -9999 -9999 -9999 -9999 -9999 -9999 -9999 -9999 -9999 -9999 -9999 -9999 -9999 -9999 5.43034E-5 6.22762E-5 2.97055E-5 2.62104E-5 4.67502E-5 8.73499E-5 8.89099E-5 7.82334E-5 3.42084E-5 6.06195E-5 5.96818E-5 2.33823E-4 3.29101E-4 4.90784E-5 1.05516E-4 1.0811E-4 6.75974E-5 4.48557E-5 3.71843E-5 5.68969E-5 1.46003E-4 2.73259E-4 2.06929E-4 2.07898E-4 1.38066E-4 1.20371E-4 1.07261E-4 1.04464E-4 1.23406E-4 1.05326E-4 1.72526E-4 2.3881E-4 1.7123E-4 1.37339E-4 1.37308E-4 1.54429E-4 3.40673E-4 2.02676E-4 1.20553E-4
-9999 -9999 -9999 -9999 -9999 -9999 -9999 -9999 -9999 -9999 -9999 -9999 -9999 -9999 -9999 -9999 -9999 -9999 -9999 -9999 -9999 -9999 -9999 -9999 -9999 -9999 -9999 5.23607E-5 5.93789E-5 5.64653E-5 2.91605E-5 7.49334E-5 3.52415E-5 3.44554E-5 7.57865E-5 1.33762E-4 2.17178E-4 9.04224E-5 3.38773E-4 8.36172E-4 8.10697E-5 5.64534E-5 6.10911E-5 8.63258E-5 7.72022E-5 5.1841E-5 6.65517E-5 2.53651E-4 1.82754E-4 1.60763E-4 1.5423E-4 1.16757E-4 1.4264E-4 1.26811E-4 1.03006E-4 1.03E-4 1.3889E-4 2.79863E-4 2.19958E-4 1.25347E-4 1.10414E-4 1.09964E-4 1.469E-4 1.13274E-4 1.05271E-4
-9999 -9999 -9999 -9999 -9999 -9999 -9999 -9999 -9999 -9999 -9999 -9999 -9999 -9999 -9999 -9999 -9999 -9999 -9999 -9999 -9999 -9999 -9999 -9999 -9999 -9999 -9999 3.70368E-5 5.88054E-5 3.07993E-5 3.02558E-5 2.78135E-5 9.09727E-5 8.79517E-5 3.77278E-5 1.48664E-4 1.11356E-4 1.30316E-4 3.57552E-4 6.8435E-4 2.18139E-4 6.58986E-5 8.26163E-5 4.18495E-5 2.80778E-5 4.16417E-5 3.68684E-5 1.26039E-4 1.68067E-4 1.89935E-4 2.21458E-4 1.2252E-4 1.53323E-4 1.29497E-4 1.58347E-4 1.27635E-4 1.96901E-4 7.95705E-4 6.17264E-4 1.59313E-4 1.00784E-4 3.63749E-5 1.04704E-4 1.15464E-4 4.24087E-5
-9999 -9999 -9999 -9999 -9999 -9999 -9999 -9999 -9999 -9999 -9999 -9999 -9999 -9999 -9999 -9999 -9999 -9999 -9999 -9999 -9999 -9999 -9999 -9999 -9999 -9999 -9999 -9999 5.05855E-5 5.56415E-5 3.25459E-5 3.10302E-5 1.06385E-4 4.75662E-5 1.07943E-4 1.2233E-4 1.22602E-4 2.51502E-4 1.7335E-4 3.22248E-4 2.11189E-4 1.05365E-4 6.09981E-5 2.97551E-5 3.24192E-5 4.48755E-5 4.77063E-5 4.7511E-5 2.41742E-4 1.66893E-4 1.93009E-4 1.23647E-4 1.43628E-4 2.09658E-4 1.94535E-4 1.64198E-4 2.94956E-4 4.80558E-4 2.05464E-3 2.11881E-4 3.47765E-5 9.17607E-5 9.97714E-5 1.09785E-4 4.42957E-5
-9999 -9999 -9999 -9999 -9999 -9999 -9999 -9999 -9999 -9999 -9999 -9999 -9999 -9999 -9999 -9999 -9999 -9999 -9999 -9999 -9999 -9999 -9999 -9999 -9999 -9999 -9999 -9999 4.14205E-5 5.99478E-5 2.84048E-5 3.20092E-5 1.25022E-4 5.37889E-5 7.36158E-4 1.15315E-4 2.25927E-4 1.6105E-4 2.50727E-4 7.55306E-5 1.84723E-4 8.8148E-5 6.23221E-5 4.07768E-5 2.82581E-5 3.30363E-5 7.35249E-5 3.4216E-5 1.47203E-4 1.33507E-4 1.82299E-4 2.02744E-4 1.63655E-4 2.1087E-4 1.91889E-4 1.74353E-4 3.20027E-4 3.63406E-4 4.01916E-4 9.92541E-5 1.62512E-4 2.86879E-5 9.13382E-5 1.20229E-5 4.6841E-5
-9999 -9999 -9999 -9999 -9999 -9999 -9999 -9999 -9999 -9999 -9999 -9999 -9999 -9999 -9999 -9999 -9999 -9999 -9999 -9999 -9999 -9999 -9999 -9999 -9999 -9999 -9999 -9999 -9999 5.34917E-5 4.01524E-5 6.51298E-5 6.13185E-5 1.59206E-4 6.7371E-4 1.15955E-4 1.26991E-4 5.72172E-5 1.71618E-4 9.69537E-5 2.83431E-4 1.90969E-4 4.09434E-5 7.74998E-5 2.85155E-5 2.81954E-5 3.39457E-5 1.33669E-5 8.8154E-5 1.40314E-4 1.38307E-4 1.53748E-4 1.43491E-4 1.72538E-4 1.70428E-4 2.49565E-4 2.60648E-4 2.67081E-4 3.01204E-4 2.29774E-4 1.41527E-4 6.38186E-5 3.10419E-5 1.03775E-5 1.13653E-5
-9999 -9999 -9999 -9999 -9999 -9999 -9999 -9999 -9999 -9999 -9999 -9999 -9999 -9999 -9999 -9999 -9999 -9999 -9999 -9999 -9999 -9999 -9999 -9999 -9999 -9999 -9999 -9999 -9999 5.2957E-5 6.48146E-5 1.48914E-4 6.51567E-5 7.1853E-5 8.42789E-5 6.98513E-4 2.81506E-4 3.08078E-4 6.0791E-5 2.51012E-4 1.0573E-4 1.85623E-4 5.72435E-5 5.15863E-5 3.91373E-5 2.81959E-5 1.85291E-5 1.23841E-5 3.9271E-5 1.0174E-4 2.64685E-4 1.86877E-4 1.94111E-4 1.65395E-4 1.89073E-4 1.61198E-4 1.52403E-4 1.55191E-4 1.65934E-4 7.38228E-5 2.89017E-5 8.05094E-5 3.13824E-5 3.11159E-5 3.31056E-5
-9999 -9999 -9999 -9999 -9999 -9999 -9999 -9999 -9999 -9999 -9999 -9999 -9999 -9999 -9999 -9999 -9999 -9999 -9999 -9999 -9999 -9999 -9999 -9999 -9999 -9999 -9999 -9999 -9999 -9999 5.26472E-5 1.42788E-4 1.51309E-4 6.19984E-5 2.58532E-5 7.39597E-5 1.40563E-4 3.07984E-4 3.05731E-4 2.76559E-4 2.58356E-4 1.31906E-4 1.84795E-4 6.43383E-5 3.8144E-5 2.63155E-5 2.19576E-5 3.00594E-5 4.04756E-5 5.39506E-5 1.24266E-4 1.91002E-4 2.12203E-4 1.95775E-4 2.21333E-4 1.45325E-4 2.00332E-4 2.3454E-4 2.89541E-4 1.03091E-4 1.07098E-4 3.75652E-5 3.36275E-5 3.01808E-5 3.42231E-5
-9999 -9999 -9999 -9999 -9999 -9999 -9999 -9999 -9999 -9999 -9999 -9999 -9999 -9999 -9999 -9999 -9999 -9999 -9999 -9999 -9999 -9999 -9999 -9999 -9999 -9999 -9999 -9999 -9999 -9999 5.15729E-5 5.26562E-5 1.44528E-4 7.51908E-5 6.74019E-5 1.12964E-4 4.74599E-5 9.28594E-5 3.15293E-4 3.03482E-4 1.10257E-4 1.26725E-4 2.59786E-4 6.60858E-5 5.52407E-5 3.03009E-5 4.00974E-5 1.9676E-5 3.92413E-5 4.17643E-5 5.16761E-5 7.02006E-5 3.18898E-4 2.98013E-4 2.24956E-4 1.93717E-4 2.52725E-4 2.02752E-4 1.29589E-4 1.03901E-4 1.33167E-4 6.85657E-5 4.30279E-5 5.82101E-5 1.90665E-5
-9999 -9999 -9999 -9999 -9999 -9999 -9999 -9999 -9999 -9999 -9999 -9999 -9999 -9999 -9999 -9999 -9999 -9999 -9999 -9999 -9999 -9999 -9999 -9999 -9999 -9999 -9999 -9999 -9999 -9999 -9999 5.39885E-5 6.61022E-5 6.71012E-5 7.64439E-5 2.51446E-4 5.46465E-5 2.71212E-5 7.14677E-5 1.33863E-4 5.44371E-5 1.02876E-4 5.56551E-5 2.1508E-4 6.1574E-5 6.68812E-5 4.16116E-5 1.07637E-4 1.09074E-4 1.74015E-4 1.6098E-4 2.95945E-4 2.19992E-5 1.15748E-4 1.78938E-4 1.59388E-4 2.03025E-4 1.31812E-4 1.22548E-4 6.95632E-5 2.70726E-4 6.08918E-5 4.6849E-5 2.14593E-5 5.04006E-5
-9999 -9999 -9999 -9999 -9999 -9999 -9999 -9999 -9999 -9999 -9999 -9999 -9999 -9999 -9999 -9999 -9999 -9999 -9999 -9999 -9999 -9999 -9999 -9999 -9999 -9999 -9999 -9999 -9999 -9999 -9999 -9999 5.22638E-5 3.06552E-5 6.6024E-5 5.88546E-5 1.07558E-4 1.12732E-4 1.31042E-4 1.35538E-4 1.14982E-4 1.08934E-4 7.65704E-4 1.77707E-4 1.71594E-4 1.60817E-4 5.71683E-5 1.36962E-4 6.89332E-5 1.79428E-4 1.86356E-4 2.33296E-4 1.44801E-4 3.03756E-4 1.1124E-4 1.74004E-4 1.73118E-4 1.75419E-4 7.04847E-5 5.86556E-5 3.01847E-4 1.00281E-4 9.42876E-5 9.03468E-5 5.97282E-5
-9999 -9999 -9999 -9999 -9999 -9999 -9999 -9999 -9999 -9999 -9999 -9999 -9999 -9999 -9999 -9999 -9999 -9999 -9999 -9999 -9999 -9999 -9999 -9999 -9999 -9999 -9999 -9999 -9999 -9999 -9999 -9999 -9999 5.07244E-5 3.0482E-5 3.27918E-5 7.16999E-5 6.91586E-4 1.40659E-4 2.98205E-4 2.7851E-4 6.49175E-5 1.0973E-4 2.82944E-4 6.17534E-5 2.21957E-4 2.02804E-4 7.42583E-5 1.08893E-4 2.71953E-4 2.74066E-4 2.45117E-4 8.90529E-5 2.50523E-4 2.50797E-4 9.34162E-5 9.0294E-5 6.08743E-5 5.34954E-5 3.70679E-5 1.37911E-4 1.91971E-4 8.14998E-5 5.2702E-5 5.91164E-5
-9999 -9999 -9999 -9999 -9999 -9999 -9999 -9999 -9999 -9999 -9999 -9999 -9999 -9999 -9999 -9999 -9999 -9999 -9999 -9999 -9999 -9999 -9999 -9999 -9999 -9999 -9999 -9999 -9999 -9999 -9999 -9999 -9999 -9999 5.2324E-5 3.05621E-5 3.882E-5 5.78639E-5 2.80018E-3 1.39882E-4 2.95886E-4 6.39216E-5 2.76813E-4 6.96522E-4 1.18382E-4 9.79376E-5 3.69185E-4 3.23157E-4 3.26832E-4 2.52559E-4 2.79679E-4 1.35671E-4 1.08762E-4 2.70649E-4 2.34391E-4 9.92382E-5 7.02928E-5 7.74895E-5 3.35186E-5 5.69532E-5 4.64302E-4 3.76917E-4 6.31548E-5 7.22608E-5 3.81904E-5
-9999 -9999 -9999 -9999 -9999 -9999 -9999 -9999 -9999 -9999 -9999 -9999 -9999 -9999 -9999 -9999 -9999 -9999 -9999 -9999 -9999 -9999 -9999 -9999 -9999 -9999 -9999 -9999 -9999 -9999 -9999 -9999 -9999 -9999 5.43152E-5 4.72578E-5 3.29645E-5 6.48252E-5 5.6193E-4 7.86966E-4 1.36971E-4 6.34652E-5 2.6752E-4 1.15178E-4 2.3595E-5 2.07621E-4 2.94204E-4 2.59912E-4 2.97081E-4 1.04933E-4 2.99945E-4 2.72333E-4 2.46752E-4 2.63247E-4 1.97598E-4 4.91015E-5 5.2029E-5 4.89891E-5 8.45769E-5 2.81491E-4 4.1433E-4 5.21599E-4 9.08331E-5 9.89737E-5 5.78934E-5
-9999 -9999 -9999 -9999 -9999 -9999 -9999 -9999 -9999 -9999 -9999 -9999 -9999 -9999 -9999 -9999 -9999 -9999 -9999 -9999 -9999 -9999 -9999 -9999 -9999 -9999 -9999 -9999 -9999 -9999 -9999 -9999 -9999 -9999 -9999 5.29933E-5 3.05733E-5 2.14864E-5 4.81575E-5 6.40819E-4 9.2779E-5 5.12912E-5 1.32646E-4 4.38824E-5 8.98968E-5 1.38453E-5 1.17956E-5 1.01594E-4 3.76261E-5 2.25162E-4 1.91873E-4 1.71347E-4 1.84523E-4 1.06394E-4 1.31218E-4 1.15849E-4 1.05224E-4 2.31813E-4 9.72865E-5 3.41576E-5 4.78954E-5 3.35832E-4 2.54125E-4 1.09272E-4 3.08667E-5
-9999 -9999 -9999 -9999 -9999 -9999 -9999 -9999 -9999 -9999 -9999 -9999 -9999 -9999 -9999 -9999 -9999 -9999 -9999 -9999 -9999 -9999 -9999 -9999 -9999 -9999 -9999 -9999 -9999 -9999 -9999 -9999 -9999 -9999 -9999 -9999 2.6632E-5 6.03059E-5 6.13498E-5 6.5101E-5 3.51798E-4 2.39666E-5 6.4157E-5 4.84913E-5 1.25579E-5 5.07667E-6 1.47979E-5 3.33604E-4 7.83234E-6 2.02253E-5 1.13016E-4 9.34052E-5 1.81679E-4 1.03288E-4 8.30481E-5 5.74677E-5 5.15943E-5 1.9743E-4 7.64709E-5 9.85984E-5 5.44073E-5 6.02583E-5 3.3265E-4 4.02936E-4 8.71431E-5
-9999 -9999 -9999 -9999 -9999 -9999 -9999 -9999 -9999 -9999 -9999 -9999 -9999 -9999 -9999 -9999 -9999 -9999 -9999 -9999 -9999 -9999 -9999 -9999 -9999 -9999 -9999 -9999 -9999 -9999 -9999 -9999 -9999 -9999 -9999 -9999 5.25685E-5 6.12642E-5 5.06156E-5 1.10905E-4 8.44679E-5 8.86947E-5 4.74802E-5 9.80799E-5 1.25313E-5 1.60013E-5 5.11316E-6 1.92767E-5 1.80754E-5 1.78276E-4 5.8856E-5 3.09808E-5 4.40486E-5 5.42799E-5 4.91763E-5 9.14892E-5 3.12497E-5 6.26793E-5 6.72569E-5 4.1485E-5 1.06512E-4 1.27873E-4 1.89273E-4 7.76923E-4 4.55353E-5
-9999 -9999 -9999 -9999 -9999 -9999 -9999 -9999 -9999 -9999 -9999 -9999 -9999 -9999 -9999 -9999 -9999 -9999 -9999 -9999 -9999 -9999 -9999 -9999 -9999 -9999 -9999 -9999 -9999 -9999 -9999 -9999 -9999 -9999 -9999 -9999 -9999 1.49975E-4 2.6518E-5 6.31849E-5 1.36659E-4 3.99166E-5 9.17423E-5 6.05074E-5 1.39134E-5 2.15781E-5 2.3028E-5 1.18507E-4 4.67534E-5 3.79777E-5 3.7862E-5 3.29721E-5 1.26589E-4 1.17001E-4 1.18176E-4 3.56775E-5 1.82875E-5 1.54134E-5 2.67184E-5 2.64335E-5 3.89652E-5 1.30925E-4 5.74481E-4 4.98769E-4 3.40987E-5
