catData/rasterBestHybridModels/Prubiginosus/RD_RM1.5_LQ/Prubiginosus_stddev.asc
ncols         409
nrows         350
xllcorner     60.897278365
yllcorner     5.843756025
cellsize      0.0892857
NODATA_value  -9999
[rows 174 to 202 of 350, columns 130 to 194 of 409]
-9999 -9999 1.14195E-5 2.8183E-6 2.32802E-6 9.63644E-6 1.32936E-5 3.40351E-5 6.56254E-5 1.90873E-5 2.74608E-5 1.86773E-5 2.99426E-5 3.61559E-5 2.81188E-5 3.03733E-5 2.96833E-5 3.15573E-5 3.41968E-5 3.16077E-5 2.13477E-5 2.28679E-5 1.83085E-5 1.93815E-5 2.5005E-5 1.43976E-5 2.88293E-5 3.963E-5 3.83636E-5 2.95205E-5 3.17235E-5 7.047E-5 5.33775E-5 7.81271E-5 8.4421E-4 7.31303E-5 2.07314E-4 3.9995E-5 4.4587E-5 4.53894E-5 4.03373E-5 3.36695E-5 5.3054E-5 4.57069E-5 3.54959E-4 2.2854E-4 2.99011E-5 2.08779E-5 1.62866E-5 7.76653E-5 3.85418E-4 2.38838E-4 2.32715E-4 1.66082E-4 8.82961E-5 4.77569E-5 2.19014E-5 2.10375E-5 7.80759E-5 5.88987E-5 7.48013E-5 5.94595E-5 1.65083E-4 2.28101E-4 3.87652E-5
-9999 -9999 1.09347E-5 4.98185E-6 3.436E-6 8.56409E-6 1.53476E-5 2.74107E-5 3.2068E-4 1.75798E-4 7.71409E-5 3.79577E-5 3.91704E-5 5.04908E-5 2.75895E-5 2.64518E-5 3.10548E-5 4.29834E-5 2.4638E-5 2.29523E-5 6.17061E-6 8.12212E-6 2.33821E-5 1.39255E-5 1.99241E-5 1.96867E-5 4.78183E-5 4.62712E-5 3.07986E-5 3.40432E-5 4.45214E-5 4.39007E-5 4.37185E-5 5.40599E-5 9.69375E-4 5.47687E-5 6.58074E-5 5.59768E-5 4.96327E-5 1.33524E-5 1.61876E-5 1.42984E-5 2.52699E-5 6.37573E-5 1.0781E-4 4.28078E-5 2.36075E-5 4.45538E-5 6.93462E-5 7.97371E-5 1.48452E-4 1.90341E-4 4.66392E-5 2.03466E-5 4.56735E-5 1.59204E-4 1.1375E-4 1.87016E-4 3.06528E-4 8.52599E-5 8.5935E-5 2.81925E-4 3.24754E-4 6.75629E-5 1.31905E-4
-9999 -9999 -9999 4.30123E-6 2.21897E-6 4.74746E-6 5.06737E-6 1.69068E-5 2.86555E-4 2.78331E-4 5.88806E-5 3.3104E-5 7.95351E-5 3.62231E-5 3.41859E-5 7.37348E-5 1.1464E-4 2.82031E-5 2.3253E-5 1.97869E-5 1.47324E-5 1.34771E-5 1.52997E-5 2.28263E-5 1.13238E-5 6.60352E-6 5.65532E-5 3.68663E-5 3.38539E-5 1.73746E-5 4.1119E-5 8.15094E-5 8.40296E-5 1.63574E-3 8.18876E-4 3.95287E-4 4.3072E-5 1.46604E-5 4.52163E-5 1.62914E-5 1.52529E-5 1.78027E-5 3.32127E-5 7.21531E-5 8.80916E-5 5.64668E-5 1.11536E-4 4.75914E-4 1.44656E-3 5.60009E-5 5.4214E-5 9.89543E-5 1.7319E-4 2.01054E-4 1.49195E-4 5.52145E-5 4.5946E-5 3.56714E-5 5.33401E-5 2.08954E-4 1.85432E-4 6.49676E-5 5.73E-5 5.85816E-5 2.67548E-5
-9999 1.37083E-5 5.51209E-5 8.7429E-6 4.68034E-6 2.56917E-6 1.76376E-6 5.28967E-6 3.51927E-6 1.4021E-5 1.51866E-5 3.9326E-5 2.62707E-5 1.83629E-5 3.52454E-5 5.1303E-5 3.44249E-5 1.40423E-5 1.08762E-5 1.83927E-5 6.36432E-6 1.13779E-5 8.87282E-6 2.05591E-5 1.06371E-5 1.06831E-5 2.48265E-5 3.70771E-5 4.76606E-5 2.64162E-5 3.63232E-5 4.65065E-5 3.58934E-5 3.0981E-5 6.69182E-6 6.75144E-6 9.73217E-6 7.89752E-6 1.47511E-5 1.68474E-5 1.50859E-5 3.8441E-5 2.72667E-5 2.9466E-5 1.73159E-4 7.30676E-4 1.99989E-4 1.06799E-3 1.77147E-3 2.25702E-4 5.20934E-5 2.92337E-4 3.88694E-4 8.67073E-5 6.66648E-5 2.10646E-5 6.86407E-5 6.27177E-5 7.67055E-5 5.76735E-5 1.39251E-4 8.79659E-5 5.59859E-5 4.90798E-4 3.31018E-4
-9999 1.49644E-5 1.74324E-5 -9999 5.91437E-6 5.21667E-6 2.51286E-6 2.24914E-6 3.62699E-6 4.70813E-6 6.95054E-4 5.41327E-5 6.15357E-5 1.78994E-5 3.27362E-5 5.25227E-5 3.383E-5 8.05206E-5 1.06446E-5 1.14808E-5 1.12873E-5 2.33266E-5 1.26305E-5 1.40614E-5 2.36886E-5 1.97484E-5 2.37393E-5 1.76334E-5 2.26037E-5 1.96119E-5 2.98615E-5 2.61386E-5 2.98168E-5 2.2189E-5 1.12965E-5 3.91269E-5 2.76065E-5 3.05207E-5 4.80407E-5 1.84528E-5 1.74795E-5 2.55402E-5 2.00377E-5 2.32586E-4 8.5125E-4 8.86578E-5 1.47906E-4 2.42345E-4 1.05912E-4 1.58269E-4 1.36249E-4 4.23116E-5 5.53575E-5 3.41842E-5 8.8487E-5 7.60112E-5 2.26151E-4 1.02911E-4 3.30616E-5 1.69737E-5 2.04099E-5 4.67922E-5 3.28168E-5 2.41757E-5 1.46001E-4
-9999 -9999 -9999 -9999 8.25488E-6 5.21135E-6 5.66798E-6 3.77585E-6 4.77066E-6 6.26807E-6 3.87119E-4 5.75112E-4 2.79681E-4 1.88879E-4 1.15748E-4 8.15002E-5 5.37505E-5 1.71793E-5 1.15397E-5 1.35537E-5 1.6103E-5 8.0251E-6 1.38077E-5 1.78718E-5 1.35435E-5 1.3254E-5 1.23344E-5 1.21323E-5 1.39886E-5 1.12227E-5 1.39057E-5 1.09769E-5 1.96364E-5 3.19441E-5 9.82417E-6 2.74203E-5 1.78557E-5 1.7321E-5 7.15301E-6 2.24992E-5 5.67092E-5 1.70477E-5 3.95823E-5 3.91032E-5 3.85689E-5 1.38037E-4 1.54045E-4 4.75681E-4 3.85958E-4 1.16102E-4 1.16306E-4 7.25905E-5 1.26827E-4 1.22438E-4 1.59138E-4 8.52432E-5 7.89322E-5 2.80434E-5 2.07337E-5 1.35741E-5 3.60886E-5 4.05105E-5 2.87116E-5 1.7796E-5 1.89833E-4
-9999 -9999 -9999 -9999 1.70428E-5 8.14982E-6 1.28006E-5 9.97464E-6 5.52931E-6 5.01349E-5 1.48005E-4 4.59438E-5 3.0857E-5 3.48101E-5 3.8066E-4 6.79889E-5 6.82034E-5 1.60072E-5 1.2417E-5 1.88318E-5 1.88792E-5 2.1261E-5 2.6623E-5 2.61914E-5 1.54756E-5 1.24034E-5 1.29213E-5 2.82788E-5 1.88538E-5 2.09397E-5 2.89377E-5 3.24618E-5 2.43095E-5 4.11924E-5 2.07414E-5 2.20618E-5 3.28365E-5 2.30772E-5 2.06613E-5 2.94016E-5 2.94353E-5 5.38092E-5 6.90801E-5 2.81459E-5 6.35371E-5 3.85742E-5 3.67754E-5 1.24528E-4 1.10943E-4 1.8455E-4 3.76629E-4 1.37593E-4 5.8896E-5 1.32669E-4 1.13464E-4 5.28662E-5 4.76987E-5 2.31512E-5 1.99418E-5 3.24163E-5 3.10906E-5 1.9258E-5 2.42823E-5 2.4853E-5 2.82188E-5
-9999 -9999 -9999 -9999 8.64308E-6 5.19069E-6 7.86625E-6 1.91041E-5 1.99807E-5 3.12916E-4 1.05454E-4 5.00434E-5 4.62642E-5 1.46524E-4 4.25194E-4 1.9879E-3 3.22505E-4 1.98715E-5 1.4115E-5 6.49459E-6 1.00527E-5 8.52892E-6 1.61601E-5 1.40279E-5 2.05079E-5 2.02937E-5 1.26838E-5 2.68438E-5 2.94292E-5 2.47098E-5 3.54334E-5 3.17075E-5 3.75614E-5 2.50612E-5 3.355E-5 2.72005E-5 3.00792E-5 1.52612E-5 2.53668E-5 2.44086E-5 1.3506E-5 4.38946E-5 1.53651E-5 1.9555E-5 3.81696E-5 2.70506E-5 1.64217E-4 1.68748E-4 1.39743E-4 1.67098E-4 1.324E-4 4.70041E-5 7.03089E-5 8.47615E-5 5.10226E-5 5.15837E-5 2.98789E-5 2.32952E-5 3.43478E-5 1.1287E-4 4.37319E-5 2.97065E-5 2.61232E-5 2.70262E-5 4.13587E-5
-9999 -9999 -9999 -9999 1.62208E-5 1.65677E-5 1.17226E-5 1.59422E-4 9.33944E-5 2.73233E-4 6.04959E-5 8.14877E-5 1.0053E-4 2.43341E-4 4.64367E-4 1.59458E-3 4.90062E-4 1.18134E-4 2.40874E-5 1.61975E-5 9.55611E-6 6.03404E-6 1.46748E-5 2.63784E-5 2.6096E-5 2.65191E-5 1.80694E-5 3.50686E-5 1.58661E-5 2.57738E-5 1.69555E-5 3.05043E-5 1.47472E-5 3.38809E-5 3.65401E-5 2.61226E-5 2.4564E-5 3.11208E-5 2.40923E-5 1.38807E-5 1.15031E-5 1.85944E-5 1.25263E-5 1.37843E-5 2.95666E-5 6.53016E-5 7.71255E-5 1.33919E-4 6.01599E-4 1.17598E-4 6.92587E-5 4.19875E-5 1.11369E-4 2.03453E-4 5.7849E-5 2.29075E-5 1.2886E-5 2.04719E-5 3.64711E-5 2.83057E-5 1.83475E-5 2.906E-5 2.34032E-5 2.43962E-5 8.0335E-5
-9999 -9999 -9999 -9999 -9999 2.19828E-5 9.9916E-6 4.67577E-5 4.89551E-4 1.63267E-4 1.02349E-4 1.08393E-4 8.62029E-5 1.44706E-4 8.74537E-5 9.85263E-4 5.99956E-4 2.1373E-5 2.15442E-5 1.88698E-5 1.98584E-5 1.60928E-5 1.48892E-5 1.31955E-5 1.29123E-5 8.14931E-6 1.07083E-5 3.66687E-5 2.00368E-5 2.58792E-5 3.0189E-5 2.13275E-5 1.37701E-5 1.99489E-5 2.05232E-5 3.0673E-5 2.38805E-5 1.44846E-5 4.98839E-5 1.42824E-5 1.0853E-5 1.90368E-5 1.32884E-5 2.21642E-5 7.62014E-5 6.19139E-5 7.03454E-5 1.30587E-4 2.03301E-4 2.18664E-4 5.76523E-5 5.01051E-5 9.57755E-5 7.20921E-5 2.97059E-5 2.01785E-5 7.97306E-6 2.17142E-5 4.30117E-5 4.58441E-5 1.75877E-5 4.4701E-5 2.49908E-5 3.09488E-5 1.26555E-4
-9999 -9999 -9999 -9999 1.30168E-5 5.73809E-5 5.64946E-5 1.20683E-4 9.41347E-5 1.79179E-4 3.0057E-4 4.14034E-4 4.0784E-4 3.20329E-4 8.79332E-5 1.75785E-4 3.10296E-5 1.38744E-5 1.46342E-5 8.2834E-6 1.07532E-5 1.59321E-5 1.58672E-5 1.44094E-5 1.57659E-5 1.20163E-5 1.50332E-5 1.95561E-5 1.73417E-5 1.95632E-5 2.05267E-5 2.48716E-5 2.47639E-5 2.82896E-5 2.92421E-5 3.25261E-5 5.00199E-5 2.69511E-5 2.52027E-4 3.88352E-5 1.13575E-4 2.83024E-5 5.47346E-5 1.02345E-4 8.1644E-5 6.8593E-5 6.14387E-5 6.84394E-5 5.88949E-5 5.35615E-5 4.99276E-5 5.25883E-5 2.56748E-5 4.4613E-6 5.10343E-6 1.02356E-5 2.70907E-5 3.45781E-5 4.7854E-5 4.75839E-5 3.96419E-5 4.18095E-5 3.42401E-5 2.75698E-5 2.41567E-5
-9999 -9999 -9999 -9999 4.00067E-5 5.36617E-5 4.48587E-5 2.72912E-5 4.21306E-5 5.76759E-5 7.35877E-5 4.33982E-5 3.71262E-5 2.68784E-5 4.66609E-5 1.75914E-5 7.35619E-6 9.15843E-6 1.44609E-5 6.00033E-6 7.73527E-6 1.88119E-5 2.08717E-5 2.1565E-5 2.59237E-5 1.15161E-5 1.54847E-5 2.16244E-5 2.27793E-5 1.93535E-5 3.17844E-5 3.19119E-5 2.93048E-5 1.95925E-5 6.3381E-5 3.46014E-5 3.43252E-5 6.53429E-5 6.9261E-5 6.76218E-5 5.51695E-5 9.80617E-5 1.23199E-4 7.43046E-5 1.07132E-4 6.2577E-5 5.5602E-5 2.42803E-5 3.15861E-5 3.03762E-5 2.88972E-5 2.59368E-5 1.66053E-5 1.54368E-5 1.51122E-5 2.01805E-5 2.12532E-5 2.34351E-5 2.73093E-5 3.38292E-5 2.96696E-5 2.71839E-5 2.65235E-5 2.60245E-5 2.76262E-5
-9999 -9999 -9999 -9999 2.97885E-5 5.8678E-5 3.13783E-5 3.40876E-5 6.04522E-5 1.73245E-4 5.71158E-5 3.55885E-5 2.28929E-5 3.31009E-5 4.23729E-5 2.22432E-5 1.27437E-5 1.574E-5 2.23326E-5 2.26994E-5 2.31555E-5 2.37449E-5 2.45868E-5 1.49705E-5 1.66702E-5 1.36555E-5 2.31271E-5 2.99043E-5 2.99931E-5 1.89695E-5 2.11289E-5 3.15214E-5 2.95486E-5 2.05168E-5 2.11854E-5 2.99321E-5 2.95792E-5 2.68553E-5 3.44813E-5 4.57228E-5 4.01128E-5 2.35953E-5 1.45038E-5 1.46642E-5 2.47948E-5 2.85804E-5 3.68467E-5 3.55791E-5 2.51957E-5 3.81364E-5 2.19926E-5 1.48719E-5 3.02438E-5 1.43087E-5 1.67036E-5 2.35633E-5 2.20803E-5 3.08622E-5 2.97239E-5 2.49994E-5 3.22279E-5 3.19351E-5 3.02881E-5 3.17702E-5 1.78912E-5
-9999 -9999 -9999 9.97311E-6 1.81104E-5 1.78858E-5 1.72732E-5 3.58817E-5 4.19646E-5 8.11324E-5 1.3441E-4 4.28737E-5 3.36008E-5 4.07145E-5 4.64425E-5 1.49899E-5 1.25513E-5 1.36986E-5 2.2206E-5 2.06999E-5 2.35834E-5 1.65415E-5 2.55304E-5 2.69102E-5 2.78647E-5 2.73162E-5 2.54269E-5 1.49895E-5 2.89993E-5 3.2504E-5 2.23486E-5 2.01539E-5 3.1513E-5 2.22697E-5 2.25277E-5 3.25121E-5 2.32129E-5 2.36434E-5 4.20235E-5 4.29662E-5 1.65253E-5 2.58433E-5 2.42599E-5 2.35745E-5 2.44283E-5 2.6047E-5 1.62156E-5 2.47583E-5 2.43407E-5 5.65756E-5 1.65159E-5 3.22944E-5 2.32851E-5 1.2203E-5 2.00354E-5 1.57593E-5 2.50303E-5 3.22338E-5 2.9687E-5 3.02663E-5 3.07009E-5 2.95156E-5 3.01561E-5 2.90073E-5 2.20161E-5
-9999 -9999 -9999 1.60524E-5 1.66429E-5 2.60454E-5 1.93846E-5 2.33835E-5 2.41899E-5 3.80238E-5 3.715E-5 5.20825E-5 4.01994E-5 4.24079E-5 1.03854E-5 9.79182E-6 1.08311E-5 1.60779E-5 2.32918E-5 2.34977E-5 1.69956E-5 2.48703E-5 2.53745E-5 2.6157E-5 2.72813E-5 2.69448E-5 3.71491E-5 2.01504E-5 2.66162E-5 2.11092E-5 3.03094E-5 4.03983E-5 3.16737E-5 3.4088E-5 3.44883E-5 3.47966E-5 3.45905E-5 3.46407E-5 3.52902E-5 1.47338E-5 1.59791E-5 2.78862E-5 1.60743E-5 2.55329E-5 1.49242E-5 2.54139E-5 2.42208E-5 2.284E-5 1.44333E-5 2.26054E-5 2.44786E-5 2.51083E-5 1.62043E-5 2.357E-5 2.39191E-5 1.42175E-5 2.9911E-5 2.5439E-5 3.10343E-5 3.08671E-5 2.85989E-5 3.01132E-5 1.29417E-4 3.31481E-5 4.9947E-5
-9999 -9999 -9999 1.1311E-5 3.03834E-5 3.42283E-5 3.09883E-5 2.08759E-5 2.62244E-5 6.37975E-5 2.49736E-5 2.20269E-5 4.57012E-5 4.58464E-5 2.57683E-5 2.95311E-5 2.66147E-5 2.1468E-5 8.21918E-6 2.40918E-5 1.69064E-5 1.69416E-5 1.73926E-5 1.73079E-5 1.87407E-5 2.57935E-5 4.95537E-5 2.23084E-5 2.29485E-5 3.26897E-5 2.15336E-5 2.07803E-5 3.20906E-5 3.22099E-5 3.25031E-5 2.29563E-5 3.2741E-5 3.28203E-5 2.33051E-5 1.20805E-5 1.4417E-5 2.80555E-5 3.18165E-5 2.81323E-5 1.57062E-5 2.53492E-5 2.38783E-5 2.28209E-5 2.28304E-5 2.2961E-5 2.3187E-5 2.46095E-5 2.29261E-5 2.35927E-5 2.47108E-5 1.42249E-5 2.27857E-5 2.30398E-5 3.18289E-5 3.18552E-5 3.16822E-5 5.59621E-5 3.66259E-5 3.22162E-5 2.96019E-5
-9999 -9999 1.29761E-5 1.59166E-5 2.87657E-5 2.16128E-5 3.60215E-5 4.36277E-5 2.98515E-4 3.93106E-5 3.29333E-5 2.20192E-5 1.71476E-5 7.97727E-6 2.69508E-5 2.47178E-5 9.65796E-5 4.0199E-5 6.60088E-5 2.24961E-5 2.33428E-5 2.3961E-5 2.53427E-5 1.80458E-5 1.8198E-5 5.24427E-5 5.07992E-5 2.88163E-5 3.08062E-5 3.09562E-5 2.06679E-5 1.85079E-5 1.95021E-5 3.04447E-5 3.08239E-5 2.1684E-5 2.15636E-5 3.09213E-5 3.48133E-5 3.47707E-5 2.32235E-5 2.43033E-5 2.60944E-5 2.67774E-5 2.76373E-5 2.62972E-5 1.46278E-5 1.42614E-5 2.28343E-5 1.43497E-5 2.28326E-5 2.40612E-5 2.40588E-5 2.33118E-5 2.88595E-5 1.91542E-5 2.50553E-5 3.40309E-5 3.4086E-5 2.13607E-5 3.76993E-5 7.89493E-5 2.13214E-5 3.69524E-5 3.55508E-5
-9999 -9999 2.86597E-5 1.79871E-5 3.59253E-5 2.51025E-5 2.67756E-5 3.47697E-5 4.5506E-5 2.30914E-5 1.19383E-5 2.13679E-5 2.79787E-5 1.05674E-5 3.33583E-5 2.05538E-5 1.34948E-4 8.5434E-5 2.06628E-5 1.36336E-5 1.92196E-5 1.46675E-5 2.26116E-5 2.59566E-5 2.67016E-5 5.39542E-5 4.68757E-5 2.13522E-5 2.99589E-5 2.78053E-5 2.92523E-5 2.04049E-5 1.81039E-5 2.06872E-5 2.79617E-5 2.96153E-5 2.09963E-5 4.95039E-5 4.84331E-5 4.76869E-5 2.27398E-5 1.41214E-5 2.10702E-5 2.60836E-5 2.64115E-5 2.78871E-5 2.58347E-5 2.39549E-5 2.24968E-5 2.23975E-5 2.25218E-5 1.56451E-5 2.30368E-5 2.37444E-5 2.46555E-5 2.01655E-5 4.80211E-5 5.4019E-5 2.84374E-5 4.20291E-5 4.62352E-5 4.36373E-5 3.60801E-5 3.66907E-5 3.67321E-5
-9999 -9999 1.51053E-5 1.27666E-5 1.96822E-5 2.92793E-5 5.10863E-5 4.59608E-5 3.81608E-5 1.12269E-4 1.54873E-5 2.21593E-5 1.39797E-5 7.28473E-5 2.07433E-5 1.73345E-5 2.22563E-5 3.12389E-5 1.74638E-5 1.77235E-5 7.20539E-5 3.4952E-5 2.01363E-5 1.61272E-5 2.08869E-5 5.01202E-5 4.44519E-5 5.08669E-5 2.03153E-5 2.95704E-5 3.00019E-5 2.98692E-5 2.93711E-5 2.8612E-5 2.89029E-5 2.81856E-5 2.91902E-5 5.10557E-5 5.1137E-5 3.66801E-5 3.61388E-5 1.47826E-5 2.31065E-5 1.48791E-5 2.59981E-5 2.82302E-5 2.78484E-5 2.49839E-5 1.49945E-5 1.44676E-5 2.22063E-5 1.63053E-5 2.40057E-5 1.53986E-5 2.37806E-5 2.61134E-5 4.25368E-5 4.88574E-5 5.18038E-5 4.65026E-5 4.05679E-5 4.20132E-5 3.27662E-5 3.33527E-5 3.42352E-5
-9999 -9999 1.72528E-5 2.70102E-5 2.26119E-5 2.25954E-5 3.93688E-5 4.52539E-5 3.40974E-5 4.65555E-5 1.9787E-5 1.94688E-5 2.28176E-5 2.6708E-5 1.96317E-5 2.1802E-5 2.7288E-5 2.76604E-5 1.61904E-5 2.51086E-5 2.61897E-5 5.60949E-5 2.26796E-5 1.44296E-5 1.28747E-5 5.10914E-5 5.28342E-5 5.01829E-5 2.1382E-5 2.12733E-5 2.06819E-5 2.71933E-5 2.72538E-5 2.46884E-5 2.9201E-5 2.80558E-5 5.05805E-5 5.15977E-5 5.1466E-5 4.97972E-5 3.59695E-5 4.96683E-5 2.4272E-5 2.45663E-5 2.56009E-5 2.00545E-5 2.81388E-5 2.63232E-5 2.42148E-5 2.29444E-5 2.33392E-5 1.64604E-5 2.42643E-5 1.59246E-5 1.48573E-5 2.37958E-5 3.83121E-5 2.85728E-5 4.52115E-5 5.22598E-5 4.3213E-5 3.6207E-5 3.19218E-5 3.07221E-5 3.09845E-5
-9999 -9999 2.00919E-5 1.96328E-5 3.46185E-5 3.67797E-5 3.7114E-5 7.17328E-5 1.01926E-4 7.0714E-5 2.4498E-5 2.08473E-5 2.29646E-5 3.08281E-5 3.25761E-5 2.84915E-5 2.98516E-5 3.22293E-5 2.41742E-5 2.55462E-5 2.62824E-5 1.59016E-5 6.69478E-5 1.76113E-5 1.84688E-5 4.29987E-5 4.98544E-5 4.89707E-5 3.23673E-5 3.26814E-5 2.99753E-5 2.21068E-5 2.21326E-5 2.51368E-5 3.12253E-5 4.91103E-5 4.8949E-5 4.94691E-5 3.6169E-5 5.00785E-5 4.89503E-5 5.02265E-5 2.48141E-5 2.5563E-5 1.69223E-5 1.64143E-5 2.6294E-5 1.85259E-5 1.31618E-5 2.52451E-5 2.44838E-5 2.42834E-5 2.41426E-5 2.47099E-5 1.51722E-5 1.31264E-5 3.26582E-5 2.53425E-5 3.80131E-5 3.77631E-5 3.43921E-5 3.1031E-5 3.50151E-5 3.94956E-5 8.5513E-5
-9999 -9999 2.33956E-5 1.33319E-5 1.79637E-5 5.05231E-5 4.83016E-5 6.70979E-5 2.5142E-5 3.6469E-5 2.59661E-5 2.22173E-5 1.60803E-5 2.91556E-5 3.29169E-5 3.46317E-5 3.26866E-5 3.28752E-5 1.40031E-5 1.68735E-5 2.61846E-5 2.55925E-5 1.3402E-5 9.2804E-6 8.54218E-6 2.88925E-5 2.12708E-5 2.38846E-5 2.83894E-5 1.71272E-5 2.11333E-5 2.02581E-5 2.11508E-5 2.4599E-5 5.1878E-5 5.17441E-5 5.10607E-5 5.06981E-5 3.66082E-5 3.53041E-5 3.54663E-5 3.61156E-5 4.89263E-5 2.50264E-5 2.58965E-5 2.6625E-5 2.66952E-5 1.19008E-5 2.24057E-5 1.68288E-5 1.15372E-5 1.15922E-5 1.02176E-5 1.95385E-5 2.38762E-5 1.22614E-5 3.17544E-5 3.24469E-5 2.8678E-5 3.25995E-5 4.27468E-5 1.2804E-4 8.60683E-5 4.46802E-5 2.29677E-4
-9999 -9999 1.98689E-5 1.65869E-5 3.48897E-5 4.28716E-5 5.15715E-5 5.1431E-5 1.83071E-5 3.06226E-5 1.66018E-5 1.73005E-5 1.59497E-5 8.36355E-6 2.94665E-5 3.07153E-5 4.24355E-5 5.36E-5 9.58917E-5 7.13016E-5 6.11227E-5 3.95842E-5 2.32308E-4 3.26144E-5 6.46517E-6 2.47157E-5 2.90701E-5 3.55483E-5 2.07272E-5 1.47557E-5 1.77135E-5 1.85425E-5 1.82886E-5 3.7316E-5 4.94682E-5 5.01192E-5 4.9645E-5 5.07588E-5 3.88461E-5 3.81104E-5 3.3331E-5 3.16517E-5 3.54896E-5 2.36347E-5 1.60611E-5 2.11165E-5 1.70861E-5 1.80735E-5 2.61466E-5 1.90097E-5 2.06819E-5 1.60974E-5 1.28017E-5 1.61954E-5 2.07603E-5 1.98672E-5 4.07604E-5 2.68012E-5 2.7446E-5 2.53237E-5 1.98804E-5 1.14853E-4 1.28507E-4 5.32575E-5 3.25561E-5
-9999 -9999 -9999 2.05468E-5 4.63974E-5 5.24935E-5 5.1364E-5 4.19782E-5 8.80553E-5 3.98134E-5 4.0604E-5 1.29982E-5 3.0602E-5 8.93375E-6 3.41326E-5 5.12938E-5 3.90322E-5 3.08003E-5 3.71073E-5 1.65842E-5 1.22026E-5 1.52532E-5 2.17314E-5 1.09318E-5 6.544E-6 1.99588E-5 2.82661E-5 2.87088E-5 1.95532E-5 2.97513E-5 1.62583E-5 2.37447E-5 2.98061E-5 3.2797E-5 2.94663E-5 2.92058E-5 3.67335E-5 3.51605E-5 3.82219E-5 4.4895E-5 3.99167E-5 3.74168E-5 5.09952E-5 5.08024E-5 2.27594E-5 2.479E-5 1.13832E-5 2.09598E-5 2.01927E-5 1.19907E-5 1.72038E-5 2.19242E-5 1.37418E-5 6.93747E-6 2.25708E-5 1.22924E-5 2.85567E-5 2.68238E-5 2.05221E-5 2.54167E-5 2.93048E-5 3.273E-5 3.08816E-5 5.16085E-5 4.64249E-5
-9999 -9999 -9999 2.22078E-5 5.16569E-5 5.55068E-5 5.32542E-5 5.58677E-5 5.71669E-5 2.7224E-5 6.59356E-5 3.91569E-5 3.12751E-5 1.26483E-5 2.824E-5 5.55732E-5 4.19752E-5 4.07458E-5 4.18691E-5 2.49234E-5 2.53169E-5 1.47099E-5 1.86196E-5 9.36776E-6 2.97583E-5 3.0972E-5 2.98126E-5 2.44575E-5 1.34642E-5 2.18727E-5 3.32289E-5 3.71124E-5 2.77194E-5 2.99012E-5 2.58816E-5 3.30997E-5 4.46152E-5 4.56697E-5 4.18194E-5 3.68622E-5 4.68576E-5 5.29414E-5 3.86579E-5 3.40566E-5 2.47575E-5 2.4674E-5 1.55565E-5 2.3853E-5 2.41636E-5 2.0987E-5 2.29929E-5 1.6461E-5 1.76972E-5 6.44282E-6 8.40233E-6 1.73723E-5 3.10483E-5 2.58183E-5 2.3891E-5 3.10182E-5 3.07719E-5 2.73754E-5 3.74736E-5 5.38926E-4 4.05676E-5
-9999 -9999 -9999 5.01141E-5 5.34122E-5 4.67772E-5 5.67678E-5 3.94478E-5 3.84591E-5 6.18669E-5 5.06393E-5 6.22336E-5 2.23361E-5 2.88731E-5 2.36758E-5 5.10822E-5 5.97191E-5 4.99749E-5 4.06975E-5 3.63468E-5 2.7786E-5 2.05817E-5 2.16457E-5 2.83518E-5 4.26318E-5 4.00102E-5 5.35678E-5 3.9235E-5 2.17849E-5 3.15593E-5 4.84476E-5 5.06736E-5 5.13446E-5 4.4276E-5 4.64307E-5 3.12102E-5 4.01269E-5 2.98592E-5 2.81881E-5 3.78344E-5 4.67293E-5 3.53559E-5 4.8298E-5 3.62386E-5 2.47257E-5 2.56126E-5 2.48668E-5 2.11408E-5 1.17213E-5 1.00823E-5 9.51296E-6 9.76762E-6 8.60233E-6 1.96247E-5 7.50775E-6 2.7571E-5 5.1635E-5 3.22877E-5 3.48776E-5 4.19493E-5 3.67162E-5 3.91297E-5 4.29265E-5 8.5044E-5 2.5894E-4
-9999 -9999 -9999 2.52885E-5 2.50135E-5 2.36424E-5 5.82181E-5 3.56067E-5 2.88693E-5 6.53689E-5 6.33756E-5 1.70246E-5 2.84299E-5 1.10667E-5 1.8304E-5 4.78992E-5 5.30382E-5 5.65067E-5 4.01805E-5 3.89191E-5 2.47874E-5 2.68827E-5 2.88845E-5 2.0274E-5 3.7139E-5 2.86776E-5 4.04619E-5 4.25156E-5 5.03691E-5 4.03292E-5 5.11956E-5 5.1248E-5 4.6854E-5 5.33009E-5 4.33003E-5 4.11983E-5 4.9404E-5 4.56013E-5 4.89109E-5 4.21634E-5 3.13138E-5 4.25785E-5 4.2677E-5 3.48779E-5 4.85267E-5 1.61448E-5 7.06424E-6 7.73844E-6 9.9648E-6 7.60481E-6 1.00439E-5 9.87362E-6 4.86883E-6 9.93868E-6 9.48979E-6 4.50256E-6 2.10195E-5 3.40872E-5 3.4786E-5 3.37581E-5 3.29073E-5 3.35497E-5 3.34996E-5 3.67276E-5 6.08011E-5
-9999 -9999 -9999 -9999 1.8818E-5 2.78826E-5 5.94447E-5 2.6787E-5 2.61261E-5 2.47605E-5 5.39897E-5 2.19554E-5 1.68481E-5 1.0645E-5 1.73739E-5 1.3896E-5 4.23638E-5 6.40456E-5 6.88063E-5 3.74337E-5 2.09388E-5 2.32325E-5 2.37147E-5 2.35168E-5 3.69323E-5 4.11838E-5 8.5021E-6 2.55925E-5 5.33034E-5 4.55228E-5 5.55241E-5 4.33455E-5 4.11496E-5 4.5868E-5 3.8241E-5 3.4288E-5 4.54868E-5 3.72808E-5 3.60682E-5 3.13937E-5 3.83577E-5 4.81921E-5 2.86822E-5 4.65408E-5 3.53351E-5 2.27666E-5 1.1618E-5 9.80991E-6 1.04925E-5 6.42966E-6 5.57783E-6 5.46253E-6 8.01766E-6 1.17871E-5 1.04527E-5 5.49407E-6 1.66571E-5 2.95592E-5 3.65744E-5 3.52966E-5 3.27868E-5 3.21788E-5 3.40645E-5 4.24553E-5 3.75909E-5
-9999 -9999 -9999 -9999 2.63504E-5 -9999 3.83485E-5 3.08931E-5 2.47484E-5 3.04088E-5 3.2449E-5 4.00101E-5 2.12144E-5 2.15355E-5 1.90844E-5 1.30734E-5 4.38808E-5 4.20522E-5 2.97285E-5 3.33866E-5 2.47404E-5 2.4455E-5 2.47853E-5 1.78678E-5 5.33125E-5 2.29117E-5 1.66613E-5 1.90544E-5 4.49987E-5 4.1114E-5 5.67419E-5 5.33054E-5 3.76995E-5 5.14258E-5 4.47747E-5 4.61104E-5 4.80222E-5 4.72979E-5 4.87675E-5 4.53913E-5 3.14344E-5 4.14319E-5 3.22386E-5 2.8404E-5 4.12137E-5 5.03612E-5 2.44719E-5 2.49205E-5 2.49755E-5 1.97701E-5 2.86862E-5 2.62126E-5 1.98835E-5 1.33008E-5 1.65221E-5 2.62214E-5 1.60226E-5 3.54371E-5 3.52583E-5 2.92634E-5 3.01881E-5 3.2871E-5 3.57383E-5 3.65282E-5 3.7121E-5
