catData/rasterBestHybridModels/Prubiginosus/RD_RM1.5_LQ/Prubiginosus_min.asc
ncols         409
nrows         350
xllcorner     60.897278365
yllcorner     5.843756025
cellsize      0.0892857
NODATA_value  -9999
[rows 261 to 289 of 350, columns 130 to 194 of 409]
-9999 -9999 -9999 -9999 -9999 -9999 -9999 -9999 -9999 -9999 -9999 -9999 -9999 -9999 -9999 -9999 -9999 -9999 -9999 -9999 -9999 -9999 -9999 -9999 1.00322E-4 1.07097E-4 2.55744E-4 2.16061E-4 2.01342E-4 1.09216E-4 4.50401E-4 2.39689E-4 2.06002E-4 9.96704E-5 1.0808E-4 1.3381E-4 1.32913E-4 1.03999E-4 1.37698E-4 2.16623E-4 1.41066E-4 1.64933E-4 2.84438E-4 3.0015E-4 3.46238E-4 4.35342E-4 3.11251E-4 4.30436E-4 5.05038E-4 6.67301E-4 6.68245E-4 3.1694E-4 5.19239E-4 2.53168E-4 3.8638E-4 3.17549E-4 3.13496E-4 3.05426E-4 3.55707E-4 4.54258E-4 3.06851E-4 4.41221E-4 4.14107E-4 3.54833E-4 2.88567E-4
-9999 -9999 -9999 -9999 -9999 -9999 -9999 -9999 -9999 -9999 -9999 -9999 -9999 -9999 -9999 -9999 -9999 -9999 -9999 -9999 -9999 -9999 -9999 -9999 1.20723E-4 1.25987E-4 1.11376E-4 2.63679E-4 2.06971E-4 1.8523E-4 5.04543E-4 4.08715E-4 1.87472E-4 1.17246E-4 1.15448E-4 1.22374E-4 1.05288E-4 2.39569E-4 1.17535E-4 1.05077E-4 1.28875E-4 1.69929E-4 1.86778E-4 3.38819E-4 5.76183E-4 6.66209E-4 5.30214E-4 5.23746E-4 6.27736E-4 3.2226E-4 6.38805E-4 3.85247E-4 4.9574E-4 4.32606E-4 4.17198E-4 2.085E-4 2.83955E-4 3.46994E-4 3.32272E-4 4.3317E-4 4.30429E-4 4.36722E-4 3.96044E-4 3.52073E-4 3.31997E-4
-9999 -9999 -9999 -9999 -9999 -9999 -9999 -9999 -9999 -9999 -9999 -9999 -9999 -9999 -9999 -9999 -9999 -9999 -9999 -9999 -9999 -9999 -9999 -9999 1.37092E-4 1.45261E-4 1.13661E-4 1.80233E-4 1.52091E-4 1.92777E-4 3.03057E-4 4.4477E-4 3.85869E-4 2.57575E-4 1.20573E-4 1.06315E-4 1.1713E-4 3.21066E-4 1.636E-4 1.22017E-4 1.15009E-4 1.4155E-4 2.8062E-4 2.96414E-4 2.66457E-4 2.02678E-4 3.38986E-4 1.04176E-3 6.39469E-4 4.40808E-4 5.1344E-4 4.21376E-4 4.69754E-4 3.15328E-4 3.67489E-4 3.85731E-4 2.17619E-4 2.00349E-4 4.22311E-4 3.32236E-4 3.61324E-4 1.99581E-4 1.99681E-4 2.07457E-4 3.72032E-4
-9999 -9999 -9999 -9999 -9999 -9999 -9999 -9999 -9999 -9999 -9999 -9999 -9999 -9999 -9999 -9999 -9999 -9999 -9999 -9999 -9999 -9999 -9999 -9999 1.1002E-4 1.2488E-4 1.13645E-4 1.26739E-4 6.9097E-4 2.15498E-4 2.95662E-4 4.8523E-4 2.36879E-4 3.9235E-4 1.2794E-4 1.07721E-4 8.96866E-5 1.86552E-4 2.09204E-4 1.11832E-4 8.78729E-5 1.22314E-4 1.07113E-4 2.74854E-4 2.60755E-4 1.94592E-4 7.43493E-4 3.4233E-4 5.35788E-4 3.43412E-4 3.74067E-4 2.50807E-4 2.63876E-4 1.87923E-4 2.28617E-4 2.84496E-4 1.70309E-4 3.43135E-4 2.78835E-4 2.51807E-4 2.66317E-4 2.76125E-4 1.54192E-4 2.81946E-4 3.00843E-4
-9999 -9999 -9999 -9999 -9999 -9999 -9999 -9999 -9999 -9999 -9999 -9999 -9999 -9999 -9999 -9999 -9999 -9999 -9999 -9999 -9999 -9999 -9999 -9999 1.13083E-4 2.57679E-4 1.04588E-4 1.06974E-4 2.99902E-4 1.37621E-4 5.47047E-4 5.20402E-4 4.90479E-4 4.4148E-4 1.20633E-4 1.00097E-4 1.17531E-4 1.86297E-4 2.18269E-4 8.22638E-5 5.96749E-5 7.36814E-5 1.72705E-4 2.05761E-4 2.47055E-4 3.0624E-4 2.69926E-4 6.60904E-4 4.02904E-4 2.19379E-4 1.67178E-4 1.47633E-4 3.51944E-4 8.3982E-5 2.63579E-4 6.09586E-4 2.73044E-4 2.0407E-4 1.58169E-4 2.60062E-4 2.03455E-4 2.03696E-4 2.13014E-4 1.31347E-4 1.67637E-4
-9999 -9999 -9999 -9999 -9999 -9999 -9999 -9999 -9999 -9999 -9999 -9999 -9999 -9999 -9999 -9999 -9999 -9999 -9999 -9999 -9999 -9999 -9999 -9999 -9999 1.48919E-4 9.67915E-5 9.86971E-5 1.69994E-4 5.94814E-4 1.88548E-4 1.80375E-4 4.92024E-4 4.81221E-4 4.01355E-4 2.36816E-4 1.42528E-4 2.16859E-4 2.87074E-4 7.54214E-5 9.00579E-5 7.36642E-5 1.13401E-4 8.26873E-5 1.64659E-4 2.48884E-4 1.89761E-4 2.97734E-4 5.90528E-4 3.6757E-4 1.96628E-4 2.19495E-4 9.52303E-5 3.29533E-4 3.91569E-4 8.22332E-4 2.98354E-4 1.44909E-4 2.28183E-4 3.20636E-4 2.22324E-4 2.40583E-4 2.19891E-4 7.28897E-5 1.00853E-4
-9999 -9999 -9999 -9999 -9999 -9999 -9999 -9999 -9999 -9999 -9999 -9999 -9999 -9999 -9999 -9999 -9999 -9999 -9999 -9999 -9999 -9999 -9999 -9999 -9999 1.21216E-4 9.0616E-5 9.45968E-5 9.80145E-5 2.80809E-4 4.95101E-4 4.64476E-4 3.02823E-4 4.4591E-4 2.22394E-4 2.54528E-4 7.80377E-5 1.07558E-4 1.60265E-4 1.69157E-4 1.43814E-4 2.08411E-4 1.04777E-4 1.191E-4 1.84851E-4 1.01558E-4 2.21095E-4 2.29402E-4 4.80991E-4 7.4481E-4 3.69021E-4 2.0847E-4 5.15726E-5 2.71408E-4 2.90591E-4 6.64158E-4 5.84135E-4 8.84403E-5 1.33946E-4 1.34703E-4 2.37494E-4 2.0503E-4 1.38351E-4 5.19679E-5 1.02481E-4
-9999 -9999 -9999 -9999 -9999 -9999 -9999 -9999 -9999 -9999 -9999 -9999 -9999 -9999 -9999 -9999 -9999 -9999 -9999 -9999 -9999 -9999 -9999 -9999 -9999 1.55895E-4 9.42129E-5 8.54409E-5 9.18332E-5 1.52336E-4 4.56109E-4 2.87225E-4 2.84022E-4 2.41696E-4 4.08289E-4 2.24658E-4 2.68666E-4 1.30403E-4 1.09151E-4 2.1222E-4 1.66617E-4 7.06653E-5 1.29762E-4 8.53112E-5 9.88519E-5 1.21716E-4 1.80821E-4 2.54713E-4 4.18925E-4 4.38034E-4 5.39214E-4 7.20649E-4 2.62476E-4 2.22549E-4 9.46292E-5 9.85873E-4 5.5143E-4 1.8717E-4 1.26889E-4 2.1453E-4 1.39437E-4 2.20538E-4 6.73464E-5 5.91878E-5 1.40164E-4
-9999 -9999 -9999 -9999 -9999 -9999 -9999 -9999 -9999 -9999 -9999 -9999 -9999 -9999 -9999 -9999 -9999 -9999 -9999 -9999 -9999 -9999 -9999 -9999 -9999 8.33797E-5 7.2012E-5 8.16141E-5 8.27459E-5 8.19076E-5 2.0334E-4 1.74818E-4 5.01364E-4 2.40472E-4 3.14954E-4 3.1142E-4 1.78545E-4 1.47599E-4 9.21208E-6 1.16935E-4 1.67014E-4 7.12888E-5 8.04024E-5 5.70033E-5 1.26852E-4 2.19279E-5 2.7529E-5 2.37468E-4 4.76549E-4 5.31596E-4 4.60237E-4 5.12519E-4 3.73881E-4 2.67263E-4 1.56986E-4 2.03059E-4 2.35425E-4 2.32647E-4 2.0383E-4 2.35348E-4 1.80754E-4 9.06014E-5 8.06779E-5 9.07545E-5 2.99003E-4
-9999 -9999 -9999 -9999 -9999 -9999 -9999 -9999 -9999 -9999 -9999 -9999 -9999 -9999 -9999 -9999 -9999 -9999 -9999 -9999 -9999 -9999 -9999 -9999 -9999 -9999 1.24156E-4 1.35612E-4 7.03861E-5 7.19776E-5 1.22761E-4 4.68472E-4 4.53348E-4 1.62332E-4 3.20955E-4 2.6873E-4 1.79819E-4 1.58638E-4 2.72181E-5 2.19521E-5 1.83342E-4 1.41858E-4 1.79445E-4 7.65084E-5 1.4834E-4 4.05717E-5 1.67436E-4 3.1817E-4 5.59665E-4 3.79984E-4 3.71676E-4 1.74423E-4 2.53565E-4 1.04928E-4 3.24915E-5 6.78841E-5 2.28232E-4 2.23017E-4 1.42676E-4 1.03433E-4 2.0648E-4 1.60946E-4 2.06391E-4 1.94759E-4 2.42135E-4
-9999 -9999 -9999 -9999 -9999 -9999 -9999 -9999 -9999 -9999 -9999 -9999 -9999 -9999 -9999 -9999 -9999 -9999 -9999 -9999 -9999 -9999 -9999 -9999 -9999 -9999 7.96633E-5 7.46904E-5 7.11318E-5 6.18341E-5 1.67755E-4 4.01914E-4 1.37998E-4 1.40366E-4 2.96964E-4 8.95866E-5 8.51052E-5 3.92635E-4 2.64631E-4 1.32658E-4 1.55015E-4 3.38193E-4 2.39527E-4 1.38029E-4 1.93856E-4 1.32694E-4 1.09784E-4 6.98963E-4 4.98902E-4 2.37483E-4 2.34188E-4 2.70046E-4 3.30236E-4 7.57206E-5 1.53844E-5 1.97742E-4 4.50741E-4 2.91099E-4 2.86721E-4 2.09581E-4 1.16656E-4 1.1985E-4 4.17536E-4 1.04528E-3 2.95066E-4
-9999 -9999 -9999 -9999 -9999 -9999 -9999 -9999 -9999 -9999 -9999 -9999 -9999 -9999 -9999 -9999 -9999 -9999 -9999 -9999 -9999 -9999 -9999 -9999 -9999 -9999 6.72478E-5 7.46207E-5 7.13998E-5 6.28315E-5 6.40086E-5 1.59121E-4 3.25679E-4 1.34199E-4 1.27732E-4 1.20793E-4 1.04325E-4 4.89188E-4 6.60314E-4 1.37843E-4 1.56834E-4 1.57461E-4 2.14202E-4 1.90892E-4 1.6677E-4 1.39646E-4 6.98408E-4 7.75721E-4 5.29309E-4 4.66023E-4 2.06688E-4 9.64082E-5 7.17803E-5 5.29723E-5 1.18609E-4 3.83704E-5 2.52208E-4 5.5756E-4 2.07248E-4 1.76245E-4 1.19109E-4 6.23211E-5 1.29109E-3 1.17997E-3 2.00133E-4
-9999 -9999 -9999 -9999 -9999 -9999 -9999 -9999 -9999 -9999 -9999 -9999 -9999 -9999 -9999 -9999 -9999 -9999 -9999 -9999 -9999 -9999 -9999 -9999 -9999 -9999 -9999 6.80824E-5 7.83857E-5 7.46261E-5 7.27883E-5 1.03988E-4 1.57387E-4 1.2274E-4 1.32294E-4 3.13823E-4 2.87764E-4 1.2084E-4 7.13837E-4 2.14902E-3 2.05869E-4 9.29309E-5 1.63465E-4 1.8007E-4 2.43004E-4 1.40946E-4 1.8165E-4 5.66862E-4 4.84321E-4 4.39812E-4 4.04971E-4 1.50318E-4 2.66346E-4 1.80761E-4 1.16133E-4 6.16933E-5 1.49331E-4 8.21159E-4 4.71517E-4 4.55432E-5 3.03492E-5 1.83394E-5 2.53175E-4 3.61382E-5 1.60719E-4
-9999 -9999 -9999 -9999 -9999 -9999 -9999 -9999 -9999 -9999 -9999 -9999 -9999 -9999 -9999 -9999 -9999 -9999 -9999 -9999 -9999 -9999 -9999 -9999 -9999 -9999 -9999 5.64905E-5 1.01723E-4 7.7376E-5 7.71289E-5 7.40238E-5 3.94919E-4 1.58077E-4 1.48989E-4 3.21622E-4 2.73652E-4 3.40098E-4 8.60011E-4 2.41567E-3 4.19066E-4 1.96369E-4 1.64653E-4 2.31535E-4 2.19365E-4 7.93539E-5 5.606E-5 3.02606E-4 6.20737E-4 4.93314E-4 8.60672E-4 1.83462E-4 3.89611E-4 1.86207E-4 4.64871E-4 3.31389E-4 3.76333E-4 2.6901E-3 2.50191E-3 1.27969E-4 9.36822E-5 8.43787E-6 3.13061E-5 3.94327E-5 2.74611E-5
-9999 -9999 -9999 -9999 -9999 -9999 -9999 -9999 -9999 -9999 -9999 -9999 -9999 -9999 -9999 -9999 -9999 -9999 -9999 -9999 -9999 -9999 -9999 -9999 -9999 -9999 -9999 -9999 6.6901E-5 7.47934E-5 8.31301E-5 8.59834E-5 4.5592E-4 1.77901E-4 1.74746E-4 1.30494E-4 3.14649E-4 4.19728E-4 4.21005E-4 8.11529E-4 1.9933E-4 2.24772E-4 1.9206E-4 1.75299E-6 7.39809E-5 1.76475E-4 2.23934E-4 2.20138E-4 8.76507E-4 3.3742E-4 1.22097E-3 3.40928E-4 3.82641E-4 7.37748E-4 6.49461E-4 3.80469E-4 8.47982E-4 1.2685E-3 4.68451E-3 4.10134E-4 1.00154E-4 8.69232E-6 9.62295E-5 5.60233E-5 9.55821E-5
-9999 -9999 -9999 -9999 -9999 -9999 -9999 -9999 -9999 -9999 -9999 -9999 -9999 -9999 -9999 -9999 -9999 -9999 -9999 -9999 -9999 -9999 -9999 -9999 -9999 -9999 -9999 -9999 6.57507E-5 8.37665E-5 7.98741E-5 9.25981E-5 5.12074E-4 1.76551E-4 1.34515E-3 1.39747E-4 1.45303E-4 4.37314E-4 3.53791E-4 1.14241E-4 1.31906E-4 2.65029E-4 1.50225E-4 5.55496E-5 1.05478E-4 1.41613E-4 2.81585E-4 2.10834E-4 3.59367E-4 2.21526E-4 8.71912E-4 7.87344E-4 6.63619E-4 6.68251E-4 6.4149E-4 5.72054E-4 1.95762E-3 9.20644E-4 1.44115E-3 2.07123E-4 1.28672E-4 8.10746E-6 1.55731E-4 4.27914E-6 5.0988E-5
-9999 -9999 -9999 -9999 -9999 -9999 -9999 -9999 -9999 -9999 -9999 -9999 -9999 -9999 -9999 -9999 -9999 -9999 -9999 -9999 -9999 -9999 -9999 -9999 -9999 -9999 -9999 -9999 -9999 7.78811E-5 5.94619E-5 1.98398E-4 2.33553E-4 4.98685E-4 1.32225E-3 1.58794E-4 1.74311E-4 1.86597E-4 4.95629E-4 2.49203E-4 5.57927E-4 2.11296E-4 5.92231E-5 1.538E-4 1.57791E-4 1.18173E-4 1.00194E-4 7.98141E-5 7.29103E-4 8.37173E-5 3.54808E-4 4.30125E-4 4.28183E-4 3.33425E-4 4.16361E-4 2.13088E-3 1.73902E-3 1.55351E-3 1.85702E-3 1.419E-4 1.15673E-4 2.69033E-5 3.87106E-5 1.07075E-5 8.86857E-6
-9999 -9999 -9999 -9999 -9999 -9999 -9999 -9999 -9999 -9999 -9999 -9999 -9999 -9999 -9999 -9999 -9999 -9999 -9999 -9999 -9999 -9999 -9999 -9999 -9999 -9999 -9999 -9999 -9999 6.60868E-5 8.70372E-5 2.05784E-4 2.03217E-4 2.99765E-4 8.92441E-5 1.34568E-3 1.97812E-4 2.0759E-4 1.96641E-4 4.82695E-4 2.91371E-4 8.41268E-5 3.03516E-5 5.26108E-5 8.19788E-6 1.3527E-5 5.09172E-5 9.41297E-5 2.60213E-4 8.73587E-4 1.24429E-3 9.09364E-4 1.00313E-3 5.07679E-4 4.67954E-4 6.5318E-4 9.26749E-4 9.47737E-4 8.11817E-4 1.72507E-4 3.50979E-5 9.59392E-5 8.53315E-6 2.91197E-5 7.82381E-5
-9999 -9999 -9999 -9999 -9999 -9999 -9999 -9999 -9999 -9999 -9999 -9999 -9999 -9999 -9999 -9999 -9999 -9999 -9999 -9999 -9999 -9999 -9999 -9999 -9999 -9999 -9999 -9999 -9999 -9999 6.42284E-5 1.77019E-4 1.81068E-4 2.10437E-4 1.24191E-4 1.27209E-4 2.0906E-4 2.14664E-4 2.5684E-4 1.98341E-4 1.72982E-4 3.84821E-4 1.0144E-4 1.1353E-4 2.93706E-5 8.51419E-6 6.01863E-5 9.38764E-5 1.07513E-4 3.26913E-4 6.23646E-4 6.16809E-4 8.9763E-4 6.36122E-4 8.26002E-4 1.07248E-3 8.64073E-4 3.81546E-4 2.19231E-3 1.22976E-4 7.01333E-5 9.17232E-5 8.32191E-5 7.07949E-5 4.93553E-5
-9999 -9999 -9999 -9999 -9999 -9999 -9999 -9999 -9999 -9999 -9999 -9999 -9999 -9999 -9999 -9999 -9999 -9999 -9999 -9999 -9999 -9999 -9999 -9999 -9999 -9999 -9999 -9999 -9999 -9999 6.74445E-5 6.48451E-5 1.70703E-4 1.87E-4 3.484E-4 5.86996E-4 2.10742E-4 1.1998E-4 2.03386E-4 1.96012E-4 1.7309E-4 2.68E-4 9.74926E-4 5.02548E-4 2.21131E-5 1.91125E-5 6.96196E-5 1.00875E-4 1.81243E-4 1.16417E-4 5.00077E-4 3.34107E-4 4.69139E-4 1.5462E-3 1.70765E-3 1.64465E-3 3.0411E-4 2.61213E-4 4.61007E-4 4.63782E-4 5.88339E-4 3.87204E-4 2.97941E-4 3.75179E-4 6.25616E-5
-9999 -9999 -9999 -9999 -9999 -9999 -9999 -9999 -9999 -9999 -9999 -9999 -9999 -9999 -9999 -9999 -9999 -9999 -9999 -9999 -9999 -9999 -9999 -9999 -9999 -9999 -9999 -9999 -9999 -9999 -9999 6.46043E-5 7.20344E-5 1.69916E-4 1.8969E-4 5.35545E-4 1.84741E-4 1.22597E-4 9.35796E-5 1.93737E-4 1.81391E-4 2.63053E-4 1.54226E-4 6.17404E-4 6.82287E-5 3.63853E-5 1.99681E-4 1.74894E-4 2.04598E-4 3.9662E-4 5.51417E-4 3.87241E-4 6.31891E-5 1.90829E-4 7.77819E-4 7.56358E-4 4.94782E-4 4.57612E-4 3.91073E-4 2.66857E-4 1.05247E-3 4.01145E-4 2.86538E-4 9.79333E-5 1.25206E-4
-9999 -9999 -9999 -9999 -9999 -9999 -9999 -9999 -9999 -9999 -9999 -9999 -9999 -9999 -9999 -9999 -9999 -9999 -9999 -9999 -9999 -9999 -9999 -9999 -9999 -9999 -9999 -9999 -9999 -9999 -9999 -9999 6.21312E-5 6.81693E-5 1.71644E-4 2.04136E-4 5.20694E-4 1.95609E-4 1.80442E-4 1.87842E-4 1.95221E-4 2.518E-4 1.49439E-3 5.20411E-4 3.34665E-4 2.0067E-4 1.94177E-4 3.19368E-4 2.11E-4 5.04854E-4 5.70524E-4 3.15102E-4 2.8293E-4 5.06201E-4 2.18025E-4 3.30142E-4 4.27856E-4 4.79233E-4 1.07407E-4 2.38379E-4 1.33331E-3 3.87802E-4 2.29784E-4 6.08309E-5 9.68728E-5
-9999 -9999 -9999 -9999 -9999 -9999 -9999 -9999 -9999 -9999 -9999 -9999 -9999 -9999 -9999 -9999 -9999 -9999 -9999 -9999 -9999 -9999 -9999 -9999 -9999 -9999 -9999 -9999 -9999 -9999 -9999 -9999 -9999 6.44355E-5 6.89707E-5 1.17531E-4 2.64093E-4 1.39067E-3 1.91323E-4 2.0338E-4 1.2888E-4 2.08621E-4 1.96538E-4 1.92143E-4 1.84561E-4 1.88585E-4 2.24925E-4 4.63851E-4 3.25331E-4 6.67375E-4 6.259E-4 3.68549E-4 2.99347E-4 4.74436E-4 5.51168E-4 2.89591E-4 2.27912E-4 2.69987E-4 3.70441E-4 1.87581E-4 4.17923E-4 6.49263E-4 2.27117E-4 9.08456E-5 1.04346E-4
-9999 -9999 -9999 -9999 -9999 -9999 -9999 -9999 -9999 -9999 -9999 -9999 -9999 -9999 -9999 -9999 -9999 -9999 -9999 -9999 -9999 -9999 -9999 -9999 -9999 -9999 -9999 -9999 -9999 -9999 -9999 -9999 -9999 -9999 6.21418E-5 6.81695E-5 1.39393E-4 1.5354E-4 1.3888E-3 1.93012E-4 2.06046E-4 2.03306E-4 1.90385E-4 1.3244E-3 1.50527E-4 1.41388E-4 5.06083E-4 8.68012E-4 5.69074E-4 4.97174E-4 3.6716E-4 3.70962E-4 3.61109E-4 5.05679E-4 5.36635E-4 2.72209E-4 2.9158E-4 3.91593E-4 2.2435E-4 2.4531E-4 1.60182E-3 1.25035E-3 2.30718E-4 1.93486E-4 1.2023E-4
-9999 -9999 -9999 -9999 -9999 -9999 -9999 -9999 -9999 -9999 -9999 -9999 -9999 -9999 -9999 -9999 -9999 -9999 -9999 -9999 -9999 -9999 -9999 -9999 -9999 -9999 -9999 -9999 -9999 -9999 -9999 -9999 -9999 -9999 6.64826E-5 6.17186E-5 7.17096E-5 2.84965E-4 7.76384E-4 1.39457E-3 1.8115E-4 1.88847E-4 1.83172E-4 1.47466E-4 6.92448E-5 1.23805E-4 3.55192E-4 3.89735E-4 4.82765E-4 6.45334E-4 5.36947E-4 4.6322E-4 5.77172E-4 6.15042E-4 5.5357E-4 3.07069E-4 4.00863E-4 1.55695E-4 2.19991E-4 8.14264E-4 1.35896E-3 1.93796E-3 2.88242E-4 3.7622E-4 1.79177E-4
-9999 -9999 -9999 -9999 -9999 -9999 -9999 -9999 -9999 -9999 -9999 -9999 -9999 -9999 -9999 -9999 -9999 -9999 -9999 -9999 -9999 -9999 -9999 -9999 -9999 -9999 -9999 -9999 -9999 -9999 -9999 -9999 -9999 -9999 -9999 6.35692E-5 6.77136E-5 9.31097E-5 1.72994E-4 1.4175E-3 1.26094E-4 1.77753E-4 1.68566E-4 1.32476E-4 1.08028E-4 6.56723E-5 6.07275E-5 7.14597E-5 4.70259E-5 2.97912E-4 4.98072E-4 8.82619E-4 1.16624E-3 2.99789E-4 5.95384E-4 1.7695E-4 2.30312E-4 4.94281E-4 2.70847E-4 1.32475E-4 1.9605E-4 1.22245E-3 8.38263E-4 3.37674E-4 4.27095E-5
-9999 -9999 -9999 -9999 -9999 -9999 -9999 -9999 -9999 -9999 -9999 -9999 -9999 -9999 -9999 -9999 -9999 -9999 -9999 -9999 -9999 -9999 -9999 -9999 -9999 -9999 -9999 -9999 -9999 -9999 -9999 -9999 -9999 -9999 -9999 -9999 5.87498E-5 1.61698E-4 1.95072E-4 3.28946E-4 5.26201E-4 9.36194E-5 2.95189E-4 1.56836E-4 4.33691E-5 3.64206E-5 2.93367E-5 3.18253E-4 4.10381E-5 6.69441E-5 2.31653E-4 3.0469E-4 6.90491E-4 2.01184E-4 1.92756E-4 1.595E-4 1.9504E-4 5.93535E-4 1.87751E-4 2.04284E-4 1.68089E-4 3.42749E-4 1.27039E-3 1.47362E-3 3.72836E-4
-9999 -9999 -9999 -9999 -9999 -9999 -9999 -9999 -9999 -9999 -9999 -9999 -9999 -9999 -9999 -9999 -9999 -9999 -9999 -9999 -9999 -9999 -9999 -9999 -9999 -9999 -9999 -9999 -9999 -9999 -9999 -9999 -9999 -9999 -9999 -9999 6.36607E-5 1.5925E-4 1.24787E-4 4.86506E-4 1.93908E-4 3.81528E-4 1.40179E-4 3.74286E-4 4.26703E-5 3.76968E-5 3.65676E-5 3.40008E-5 4.68432E-5 2.91458E-4 3.30913E-4 1.68436E-4 1.4171E-4 2.2542E-4 1.39401E-4 2.39191E-4 1.92442E-4 3.89653E-4 1.77579E-4 1.37407E-4 2.0879E-4 2.63418E-4 5.28795E-4 2.65902E-3 2.09029E-4
-9999 -9999 -9999 -9999 -9999 -9999 -9999 -9999 -9999 -9999 -9999 -9999 -9999 -9999 -9999 -9999 -9999 -9999 -9999 -9999 -9999 -9999 -9999 -9999 -9999 -9999 -9999 -9999 -9999 -9999 -9999 -9999 -9999 -9999 -9999 -9999 -9999 1.80251E-4 8.95762E-5 1.94034E-4 3.97091E-4 1.50473E-4 3.38541E-4 6.66413E-5 5.98313E-5 4.87553E-5 3.27299E-5 7.93043E-5 1.51175E-4 2.51257E-4 2.00146E-4 1.36395E-4 2.85343E-4 3.03678E-4 2.69935E-4 1.35213E-4 1.35622E-4 8.64858E-5 2.46866E-5 2.30544E-5 1.62569E-4 3.9475E-4 1.62979E-3 1.51222E-3 1.08038E-4
