catData/rasterBestHybridModels/Prubiginosus/RD_RM1.5_LQ/Prubiginosus_min.asc
ncols         409
nrows         350
xllcorner     60.897278365
yllcorner     5.843756025
cellsize      0.0892857
NODATA_value  -9999
[rows 87 to 115 of 350, columns 0 to 64 of 409]
-9999 -9999 -9999 -9999 -9999 2.29422E-6 3.39582E-6 5.93936E-6 5.50729E-6 5.25462E-6 5.35437E-6 5.34756E-6 5.26416E-6 5.35328E-6 5.5475E-6 5.74607E-6 4.576E-6 6.04248E-6 6.24911E-6 6.45232E-6 6.57746E-6 6.58364E-6 6.49211E-6 6.45783E-6 6.5586E-6 6.84835E-6 7.39E-6 8.05618E-6 5.10299E-6 8.12332E-6 8.15881E-6 5.10696E-6 4.84994E-6 7.981E-6 7.86785E-6 7.62033E-6 7.42813E-6 7.69716E-6 7.91406E-6 7.9335E-6 7.86459E-6 9.7441E-6 8.29858E-6 7.67714E-6 7.4201E-6 5.6958E-6 5.58179E-6 5.54644E-6 5.53589E-6 5.30115E-6 8.92851E-6 5.94833E-6 6.26829E-6 6.13862E-6 5.03145E-6 7.72196E-6 9.02636E-6 9.12061E-6 1.0041E-5 3.16875E-6 5.93856E-6 9.63306E-6 5.64552E-6 9.84236E-6 7.48555E-6
-9999 -9999 -9999 -9999 -9999 4.59106E-6 2.89811E-6 5.36226E-6 5.22272E-6 5.2613E-6 5.20875E-6 5.10806E-6 5.11225E-6 5.30216E-6 4.27606E-6 5.55787E-6 5.72621E-6 6.12239E-6 6.24327E-6 3.84266E-6 3.42756E-6 3.61115E-6 4.22555E-6 4.68221E-6 4.96425E-6 6.59264E-6 7.1248E-6 5.41246E-6 5.00256E-6 5.50508E-6 8.15678E-6 5.34082E-6 3.90441E-6 7.33044E-6 7.8191E-6 1.33858E-5 1.24075E-5 1.19413E-5 1.21022E-5 7.4176E-6 4.23908E-6 4.67707E-6 5.61558E-6 3.90204E-6 3.81077E-6 5.47992E-6 5.37521E-6 9.15875E-6 9.35874E-6 5.64429E-6 4.84858E-6 2.91604E-6 4.92538E-6 4.46937E-6 7.52874E-6 9.20938E-6 9.36141E-6 6.6956E-6 9.33562E-6 6.26582E-6 1.10704E-5 6.55318E-6 1.34045E-5 1.54143E-5 7.12109E-6
-9999 -9999 -9999 -9999 -9999 -9999 4.20879E-6 2.84174E-6 5.1715E-6 3.38987E-6 3.08775E-6 3.04734E-6 3.34797E-6 5.32744E-6 5.392E-6 5.53171E-6 5.84909E-6 6.21032E-6 3.78623E-6 2.88807E-6 1.80729E-6 1.80894E-6 2.27599E-6 2.526E-6 3.70386E-6 4.75663E-6 6.56972E-6 7.30811E-6 1.34515E-5 1.36689E-5 1.41161E-5 8.7388E-6 4.95813E-6 3.9273E-6 5.77531E-6 7.50603E-6 1.19926E-5 1.09526E-5 1.06492E-5 1.07621E-5 6.30461E-6 3.8789E-6 6.31722E-6 5.86893E-6 5.63237E-6 9.30943E-6 4.55341E-6 4.36541E-6 2.69745E-6 2.94801E-6 4.94745E-6 5.69802E-6 5.89032E-6 5.54022E-6 8.61405E-6 9.31737E-6 1.02785E-5 1.00443E-5 1.06809E-5 1.10262E-5 1.00869E-5 2.11567E-5 1.94491E-5 1.59511E-5 7.31665E-6
-9999 -9999 -9999 -9999 -9999 -9999 -9999 2.70214E-6 5.46535E-6 3.18161E-6 2.87775E-6 2.83976E-6 2.47002E-6 3.3863E-6 3.37058E-6 3.29925E-6 3.73407E-6 6.10791E-6 6.26128E-6 3.82159E-6 3.08929E-6 4.23691E-6 4.83476E-6 8.22004E-6 7.37622E-6 6.72577E-6 7.25711E-6 1.09193E-5 1.13262E-5 1.20242E-5 7.62607E-6 7.24933E-6 7.19786E-6 5.52344E-6 5.09507E-6 6.5718E-6 1.12711E-5 9.87127E-6 5.38578E-6 9.22094E-6 8.9805E-6 9.11832E-6 5.62246E-6 9.5198E-6 4.62075E-6 4.31508E-6 4.61912E-6 5.80246E-6 6.0905E-6 6.05379E-6 5.88166E-6 3.64605E-6 4.17021E-6 7.13739E-6 7.20712E-6 7.25336E-6 1.11019E-5 6.32602E-6 6.70677E-6 1.096E-5 1.72677E-5 1.97919E-5 1.76243E-5 9.38824E-6 7.47011E-6
-9999 -9999 -9999 -9999 -9999 -9999 -9999 2.84666E-6 4.73351E-6 4.57647E-6 4.6035E-6 4.61628E-6 3.31678E-6 3.13235E-6 2.5908E-6 2.98033E-6 3.1149E-6 3.35477E-6 9.65513E-6 1.02E-5 6.71265E-6 1.3896E-5 1.4617E-5 1.40732E-5 1.15887E-5 1.00511E-5 1.00123E-5 1.01241E-5 6.38424E-6 1.10274E-5 1.23338E-5 1.25237E-5 1.21507E-5 7.04401E-6 6.07081E-6 9.69675E-6 9.65921E-6 9.37111E-6 7.65757E-6 7.62225E-6 7.52289E-6 9.0747E-6 9.30809E-6 9.5542E-6 9.0799E-6 9.14731E-6 5.54349E-6 5.50825E-6 3.88671E-6 3.72297E-6 3.77366E-6 3.40606E-6 5.03685E-6 9.15315E-6 8.82269E-6 8.60385E-6 1.19554E-5 1.14188E-5 1.22186E-5 2.16747E-5 2.12656E-5 2.05176E-5 1.91804E-5 1.09167E-5 5.30329E-6
-9999 -9999 -9999 -9999 -9999 -9999 -9999 -9999 5.26846E-6 3.20441E-6 3.45929E-6 4.84262E-6 4.85805E-6 4.88901E-6 3.37596E-6 4.7368E-6 7.95798E-6 8.18222E-6 8.13728E-6 8.72801E-6 1.12182E-5 1.20639E-5 7.27677E-6 6.66901E-6 6.05432E-6 5.51995E-6 5.35342E-6 5.23328E-6 5.12742E-6 5.27064E-6 5.80232E-6 6.29734E-6 1.04862E-5 1.04715E-5 1.00289E-5 8.12037E-6 7.86867E-6 7.66395E-6 7.52856E-6 1.0067E-5 1.03247E-5 1.0805E-5 1.13063E-5 9.59375E-6 8.94528E-6 5.21217E-6 5.20624E-6 2.81128E-6 2.65222E-6 2.43119E-6 4.10905E-6 5.77413E-6 9.77116E-6 1.76268E-5 1.51687E-5 1.63349E-5 7.74219E-6 1.24711E-5 2.21132E-5 1.2885E-5 2.31837E-5 2.3961E-5 2.02033E-5 1.03458E-5 9.02231E-6
-9999 -9999 -9999 -9999 -9999 -9999 -9999 -9999 -9999 8.22718E-6 3.90975E-6 3.4367E-6 3.59849E-6 5.0075E-6 8.17777E-6 7.94053E-6 5.67734E-6 5.63079E-6 6.20612E-6 9.03928E-6 9.2482E-6 9.56413E-6 9.9251E-6 1.00839E-5 9.69352E-6 8.99984E-6 8.5063E-6 8.27025E-6 8.09735E-6 8.11278E-6 8.54275E-6 8.73571E-6 8.71451E-6 8.65663E-6 8.43962E-6 8.2388E-6 9.5721E-6 1.09815E-5 1.1125E-5 1.18467E-5 1.31532E-5 1.13712E-5 1.13367E-5 1.09181E-5 6.03385E-6 5.36688E-6 5.12874E-6 3.71335E-6 2.4687E-6 3.73455E-6 6.94064E-6 1.05112E-5 1.83251E-5 1.56118E-5 2.3019E-5 1.85102E-5 8.78333E-6 1.38202E-5 2.28342E-5 8.37158E-6 2.5342E-5 2.46489E-5 1.30028E-5 8.05084E-6 1.24931E-5
-9999 -9999 -9999 -9999 -9999 -9999 -9999 -9999 -9999 -9999 8.96245E-6 4.68392E-6 3.17382E-6 6.0281E-6 5.91609E-6 5.66495E-6 4.83014E-6 3.77507E-6 5.60986E-6 6.84725E-6 1.1067E-5 7.01382E-6 6.90294E-6 7.13845E-6 7.0304E-6 7.10078E-6 1.06237E-5 6.44651E-6 5.87647E-6 5.88374E-6 6.09211E-6 6.27727E-6 6.83044E-6 1.15846E-5 6.4266E-6 1.26449E-5 1.29908E-5 1.04523E-5 1.00685E-5 1.09497E-5 1.25731E-5 1.33539E-5 7.75347E-6 1.33395E-5 1.29061E-5 1.30051E-5 8.85087E-6 9.90911E-6 1.11755E-5 1.20183E-5 1.35725E-5 2.15359E-5 1.57747E-5 2.30053E-5 2.49044E-5 1.9925E-5 1.00846E-5 2.44023E-5 2.43172E-5 1.84012E-5 1.71792E-5 1.6574E-5 1.29007E-5 1.01093E-5 1.62431E-5
-9999 -9999 -9999 -9999 -9999 -9999 -9999 -9999 -9999 -9999 -9999 1.0114E-5 8.49977E-6 7.80145E-6 7.71775E-6 6.18061E-6 4.13657E-6 3.97263E-6 5.21018E-6 8.67542E-6 1.25146E-5 8.76618E-6 5.48797E-6 5.70352E-6 9.58905E-6 1.33416E-5 1.25485E-5 1.22658E-5 1.20444E-5 1.20302E-5 1.26046E-5 8.71965E-6 8.8475E-6 1.43346E-5 1.52045E-5 1.52134E-5 1.14766E-5 1.04035E-5 8.21942E-6 1.31002E-5 1.56351E-5 1.67032E-5 1.65454E-5 1.67438E-5 9.61299E-6 1.65052E-5 1.64964E-5 1.68609E-5 1.76864E-5 2.09336E-5 2.17671E-5 2.17213E-5 2.26216E-5 2.4477E-5 2.6869E-5 2.13015E-5 2.0138E-5 2.57367E-5 2.57411E-5 2.64264E-5 1.72851E-5 1.29029E-5 1.14907E-5 1.02726E-5 2.14432E-5
-9999 -9999 -9999 -9999 -9999 -9999 -9999 -9999 -9999 -9999 -9999 -9999 -9999 1.66147E-5 1.58141E-5 9.99086E-6 9.36707E-6 8.11873E-6 6.05291E-6 1.04313E-5 1.4395E-5 1.10121E-5 6.57827E-6 6.52606E-6 1.11897E-5 1.50171E-5 1.12468E-5 1.02601E-5 9.90887E-6 1.03478E-5 1.39736E-5 1.41482E-5 1.44756E-5 1.57266E-5 1.858E-5 1.36099E-5 1.21486E-5 9.50035E-6 1.33967E-5 1.13822E-5 1.85911E-5 1.80674E-5 1.76688E-5 1.70703E-5 1.62875E-5 1.5965E-5 1.65018E-5 1.35528E-5 1.50254E-5 2.13095E-5 2.18538E-5 2.28942E-5 2.44547E-5 2.61536E-5 2.87426E-5 2.23621E-5 2.05439E-5 2.6895E-5 2.09121E-5 2.64019E-5 1.60467E-5 1.73533E-5 1.90928E-5 2.50919E-5 2.64598E-5
-9999 -9999 -9999 -9999 -9999 -9999 -9999 -9999 -9999 -9999 -9999 -9999 -9999 -9999 -9999 -9999 -9999 1.18695E-5 9.21522E-6 1.20841E-5 1.6105E-5 1.26961E-5 7.57294E-6 7.09321E-6 1.07226E-5 1.52528E-5 1.29067E-5 1.21412E-5 1.17171E-5 1.17002E-5 1.50062E-5 1.49412E-5 1.52021E-5 1.83683E-5 1.5447E-5 1.47912E-5 1.44821E-5 1.43255E-5 1.48608E-5 1.80736E-5 1.76804E-5 1.31621E-5 1.24098E-5 1.28153E-5 1.69209E-5 1.71544E-5 1.37351E-5 1.51809E-5 2.12975E-5 2.15475E-5 1.63994E-5 1.71176E-5 1.92927E-5 2.76479E-5 2.98498E-5 2.28638E-5 2.19653E-5 2.74898E-5 2.66344E-5 2.6357E-5 1.91784E-5 2.06657E-5 2.76094E-5 2.89936E-5 1.74251E-5
-9999 -9999 -9999 -9999 -9999 -9999 -9999 -9999 -9999 -9999 -9999 -9999 -9999 -9999 -9999 -9999 -9999 -9999 1.32753E-5 1.38133E-5 1.9091E-5 1.42208E-5 1.06941E-5 7.6745E-6 1.04424E-5 1.34907E-5 1.47773E-5 1.68788E-5 1.93129E-5 1.8135E-5 1.68096E-5 1.6509E-5 1.66711E-5 1.66567E-5 1.75829E-5 1.75372E-5 1.74826E-5 1.71659E-5 1.52477E-5 1.58077E-5 1.27388E-5 1.11993E-5 7.80438E-6 1.1404E-5 1.36666E-5 2.08318E-5 2.09992E-5 2.17166E-5 2.29431E-5 1.74252E-5 1.56451E-5 1.434E-5 2.12937E-5 2.9555E-5 2.43057E-5 2.41024E-5 2.82383E-5 2.72835E-5 1.72265E-5 2.89015E-5 2.91136E-5 2.8836E-5 2.94282E-5 3.07847E-5 3.06223E-5
-9999 -9999 -9999 -9999 -9999 -9999 -9999 -9999 -9999 -9999 -9999 -9999 -9999 -9999 -9999 -9999 -9999 -9999 -9999 -9999 -9999 1.90026E-5 1.25858E-5 9.55461E-6 1.08946E-5 1.59025E-5 1.72082E-5 1.53048E-5 1.55926E-5 1.50646E-5 1.41999E-5 1.32638E-5 1.28869E-5 1.2702E-5 1.26315E-5 1.25263E-5 1.2765E-5 1.36035E-5 1.45215E-5 1.47958E-5 1.25999E-5 8.18521E-6 1.26636E-5 1.52204E-5 2.10386E-5 2.14986E-5 2.25258E-5 1.76642E-5 1.81095E-5 1.65752E-5 1.71658E-5 2.05851E-5 2.32399E-5 3.0314E-5 3.10254E-5 3.11708E-5 2.83877E-5 2.75011E-5 2.82415E-5 2.93132E-5 2.94253E-5 2.20413E-5 1.13548E-5 2.33978E-5 3.18706E-5
-9999 -9999 -9999 -9999 -9999 -9999 -9999 -9999 -9999 -9999 -9999 -9999 -9999 -9999 -9999 -9999 -9999 -9999 -9999 -9999 -9999 1.92235E-5 1.42767E-5 1.23858E-5 1.59953E-5 1.61194E-5 1.93554E-5 1.71658E-5 1.25489E-5 1.09588E-5 1.08251E-5 1.08143E-5 1.0649E-5 1.04263E-5 1.0198E-5 1.0038E-5 1.02644E-5 1.06909E-5 1.10374E-5 1.10861E-5 1.08425E-5 1.3831E-5 1.59207E-5 2.17786E-5 2.31302E-5 1.80811E-5 2.51114E-5 1.99816E-5 1.53154E-5 1.54706E-5 2.1823E-5 2.99582E-5 3.14874E-5 3.15584E-5 3.16631E-5 3.10939E-5 2.23579E-5 2.86325E-5 2.88175E-5 2.9241E-5 2.84884E-5 2.09273E-5 1.25977E-5 2.23572E-5 2.36585E-5
-9999 -9999 -9999 -9999 -9999 -9999 -9999 -9999 -9999 -9999 -9999 -9999 -9999 -9999 -9999 -9999 -9999 -9999 -9999 -9999 -9999 1.5423E-5 1.44629E-5 1.66165E-5 1.57689E-5 1.32136E-5 1.33456E-5 1.40544E-5 1.20656E-5 8.54889E-6 7.87901E-6 7.97119E-6 8.02356E-6 8.08642E-6 8.17804E-6 8.1561E-6 8.01333E-6 7.80479E-6 7.82782E-6 8.89539E-6 1.21692E-5 1.68407E-5 2.33244E-5 2.40635E-5 1.91969E-5 1.70229E-5 1.93666E-5 1.82212E-5 1.92098E-5 2.21669E-5 2.34951E-5 3.06955E-5 2.45687E-5 2.42651E-5 3.01884E-5 3.00342E-5 2.15252E-5 2.11154E-5 2.84996E-5 2.16361E-5 2.16817E-5 2.42437E-5 3.0693E-5 1.53654E-5 2.14874E-5
-9999 -9999 -9999 -9999 -9999 -9999 -9999 -9999 -9999 -9999 -9999 -9999 -9999 -9999 -9999 -9999 -9999 -9999 -9999 -9999 -9999 1.84221E-5 2.44678E-5 2.27494E-5 1.55614E-5 1.24092E-5 8.54189E-6 7.76242E-6 6.22456E-6 4.10856E-6 2.834E-6 2.85532E-6 5.08214E-6 5.10223E-6 5.1324E-6 5.14321E-6 5.09305E-6 5.04664E-6 6.53876E-6 9.48759E-6 1.31372E-5 1.85349E-5 2.58879E-5 2.67057E-5 2.11497E-5 1.5875E-5 1.46704E-5 1.8819E-5 2.31376E-5 3.06329E-5 3.09379E-5 3.14077E-5 3.12557E-5 3.14498E-5 2.97458E-5 2.91268E-5 2.14185E-5 2.13579E-5 2.92834E-5 2.14211E-5 1.68505E-5 2.13146E-5 2.87897E-5 1.66457E-5 1.81706E-5
-9999 -9999 -9999 -9999 -9999 -9999 -9999 -9999 -9999 -9999 -9999 -9999 -9999 -9999 -9999 -9999 -9999 -9999 -9999 -9999 -9999 1.9393E-5 2.59843E-5 2.59995E-5 2.56115E-5 1.82456E-5 1.30106E-5 9.42838E-6 7.3877E-6 5.04083E-6 3.50203E-6 2.82756E-6 2.86033E-6 2.86008E-6 2.82945E-6 2.83234E-6 3.18878E-6 4.08899E-6 6.13077E-6 9.76322E-6 1.31806E-5 1.74808E-5 2.14501E-5 2.88436E-5 2.22348E-5 1.6431E-5 1.66477E-5 2.32229E-5 2.97329E-5 3.07748E-5 2.36677E-5 2.28496E-5 2.99584E-5 3.07316E-5 2.20184E-5 2.88122E-5 2.18503E-5 2.28786E-5 3.11501E-5 2.13674E-5 1.88786E-5 1.86264E-5 1.95172E-5 2.57798E-5 2.65187E-5
-9999 -9999 -9999 -9999 -9999 -9999 -9999 -9999 -9999 -9999 -9999 -9999 -9999 -9999 -9999 -9999 -9999 -9999 -9999 -9999 -9999 2.70266E-5 2.67631E-5 1.98987E-5 2.65857E-5 1.94604E-5 1.60514E-5 1.24692E-5 9.32389E-6 5.68624E-6 3.57629E-6 2.20838E-6 2.31928E-6 2.7031E-6 3.11448E-6 3.95281E-6 4.95229E-6 6.77357E-6 8.37931E-6 1.08141E-5 1.39082E-5 1.82973E-5 2.24606E-5 2.94527E-5 2.2338E-5 1.66787E-5 1.68409E-5 2.3262E-5 3.0276E-5 2.32893E-5 2.25446E-5 2.98411E-5 2.9454E-5 2.99626E-5 2.14394E-5 2.85752E-5 2.84837E-5 2.91461E-5 2.87008E-5 1.96095E-5 2.62527E-5 2.42965E-5 2.16624E-5 2.56017E-5 2.30195E-5
-9999 -9999 -9999 -9999 -9999 -9999 -9999 -9999 -9999 -9999 -9999 -9999 -9999 -9999 -9999 -9999 -9999 -9999 -9999 -9999 -9999 2.80379E-5 2.11685E-5 2.06084E-5 2.69745E-5 2.68607E-5 2.02513E-5 1.46927E-5 1.02668E-5 6.93795E-6 4.68058E-6 3.19961E-6 3.78967E-6 4.5321E-6 4.72664E-6 6.27678E-6 7.80897E-6 1.03576E-5 1.34291E-5 1.44592E-5 1.84209E-5 2.21341E-5 2.93534E-5 2.94104E-5 2.27943E-5 1.55663E-5 1.52366E-5 2.2413E-5 3.00286E-5 2.17126E-5 2.89013E-5 2.88183E-5 2.86868E-5 2.82003E-5 1.96939E-5 2.5218E-5 2.50239E-5 2.47985E-5 2.43227E-5 2.0991E-5 2.24032E-5 1.4649E-5 1.60192E-5 2.78833E-5 3.35831E-5
-9999 -9999 -9999 -9999 -9999 -9999 -9999 -9999 -9999 -9999 -9999 -9999 -9999 -9999 -9999 -9999 -9999 -9999 -9999 -9999 -9999 2.13491E-5 1.87146E-5 1.8316E-5 2.13669E-5 2.78503E-5 2.16362E-5 1.83361E-5 1.44669E-5 1.00862E-5 6.88128E-6 4.76905E-6 6.43315E-6 7.79651E-6 8.35891E-6 1.00641E-5 1.32178E-5 1.46341E-5 1.92122E-5 2.19408E-5 2.26543E-5 2.90098E-5 2.90583E-5 2.23831E-5 1.82716E-5 1.17182E-5 1.74647E-5 2.08977E-5 2.82459E-5 2.78968E-5 2.67299E-5 1.914E-5 2.55747E-5 1.80136E-5 1.70146E-5 2.19366E-5 1.52119E-5 1.3188E-5 1.39666E-5 1.96881E-5 1.32756E-5 1.55148E-5 2.43505E-5 2.95108E-5 3.49517E-5
-9999 -9999 -9999 -9999 -9999 -9999 -9999 -9999 -9999 -9999 -9999 -9999 -9999 -9999 -9999 -9999 -9999 -9999 -9999 -9999 -9999 1.36289E-5 1.22305E-5 1.56155E-5 2.23225E-5 2.87289E-5 2.91958E-5 2.27393E-5 1.98746E-5 1.38E-5 8.87601E-6 6.89301E-6 9.95543E-6 1.29627E-5 1.43653E-5 1.42754E-5 1.95253E-5 2.26275E-5 2.34585E-5 2.88929E-5 2.81742E-5 2.80532E-5 2.12062E-5 1.68493E-5 1.08046E-5 1.55692E-5 1.91724E-5 2.60027E-5 2.51075E-5 2.40119E-5 1.7087E-5 2.33939E-5 2.20063E-5 1.51937E-5 1.95583E-5 1.80793E-5 1.2073E-5 8.74625E-6 1.11371E-5 1.74769E-5 1.46246E-5 1.72518E-5 2.48116E-5 2.03458E-5 3.61054E-5
-9999 -9999 -9999 -9999 -9999 -9999 -9999 -9999 -9999 -9999 -9999 -9999 -9999 -9999 -9999 -9999 -9999 -9999 -9999 -9999 -9999 1.25813E-5 1.12837E-5 1.2281E-5 1.81563E-5 2.17329E-5 2.89793E-5 2.98E-5 2.33556E-5 1.51621E-5 9.08849E-6 9.09224E-6 1.293E-5 1.91929E-5 2.13809E-5 2.12115E-5 2.23635E-5 2.91043E-5 2.8475E-5 2.79175E-5 2.06307E-5 1.95229E-5 1.56191E-5 1.7539E-5 1.66631E-5 1.68015E-5 2.27953E-5 2.21044E-5 2.1229E-5 1.49496E-5 2.07396E-5 1.98323E-5 1.29976E-5 1.24231E-5 1.61888E-5 1.06163E-5 8.37988E-6 9.27164E-6 1.50794E-5 1.89067E-5 1.58732E-5 2.25916E-5 2.94516E-5 1.17522E-5 3.21057E-5
-9999 -9999 -9999 -9999 -9999 -9999 -9999 -9999 -9999 -9999 -9999 -9999 -9999 -9999 -9999 -9999 -9999 -9999 -9999 -9999 -9999 1.9406E-5 1.60191E-5 1.21821E-5 1.91994E-5 2.72886E-5 2.86449E-5 2.23447E-5 1.77208E-5 1.174E-5 1.15545E-5 1.12459E-5 9.20798E-6 2.0481E-5 2.70043E-5 2.73083E-5 2.71966E-5 2.70404E-5 1.95994E-5 1.88097E-5 1.80725E-5 1.72004E-5 1.69477E-5 2.18565E-5 2.02362E-5 1.9322E-5 1.9066E-5 1.85768E-5 1.33726E-5 1.83024E-5 1.75746E-5 1.147E-5 1.02327E-5 1.40203E-5 1.29828E-5 8.48353E-6 7.21863E-6 1.02013E-5 1.72096E-5 2.03648E-5 1.59963E-5 1.44475E-5 3.20741E-5 6.85975E-6 3.75511E-5
-9999 -9999 -9999 -9999 -9999 -9999 -9999 -9999 -9999 -9999 -9999 -9999 -9999 -9999 -9999 -9999 -9999 -9999 -9999 -9999 -9999 -9999 1.68967E-5 1.07332E-5 1.34025E-5 1.61746E-5 2.6609E-5 2.94392E-5 2.07481E-5 1.87914E-5 1.02923E-5 1.01928E-5 6.71123E-6 2.56792E-5 2.55423E-5 1.83114E-5 1.71544E-5 1.65691E-5 1.39951E-5 1.64633E-5 2.20185E-5 2.09931E-5 1.97051E-5 1.82126E-5 1.66393E-5 1.56808E-5 1.58068E-5 1.1581E-5 1.58941E-5 1.5356E-5 1.03321E-5 7.84909E-6 8.81456E-6 1.17638E-5 7.5324E-6 6.02559E-6 8.98039E-6 1.61063E-5 1.86616E-5 1.54062E-5 2.48992E-5 3.04522E-5 2.43099E-5 1.43432E-5 3.82946E-5
-9999 -9999 -9999 -9999 -9999 -9999 -9999 -9999 -9999 -9999 -9999 -9999 -9999 -9999 -9999 -9999 -9999 -9999 -9999 -9999 -9999 -9999 -9999 -9999 -9999 -9999 -9999 2.502E-5 2.42956E-5 2.3645E-5 1.72083E-5 8.3062E-6 8.18628E-6 1.59092E-5 1.49963E-5 1.2598E-5 1.41962E-5 1.40005E-5 1.42926E-5 1.91307E-5 1.82748E-5 1.72095E-5 1.606E-5 1.48085E-5 9.86691E-6 9.07702E-6 9.51008E-6 1.30062E-5 1.29177E-5 8.95245E-6 7.02572E-6 7.79076E-6 9.09962E-6 9.17442E-6 5.56912E-6 6.91976E-6 1.37642E-5 1.69935E-5 1.9525E-5 1.57531E-5 2.65984E-5 3.36416E-5 3.49154E-5 1.8971E-5 4.09934E-5
-9999 -9999 -9999 -9999 -9999 -9999 -9999 -9999 -9999 -9999 -9999 -9999 -9999 -9999 -9999 -9999 -9999 -9999 -9999 -9999 -9999 -9999 -9999 -9999 -9999 -9999 1.43492E-5 1.49012E-5 1.99786E-5 1.9389E-5 1.55345E-5 7.30542E-6 7.0215E-6 8.6775E-6 1.2474E-5 1.28922E-5 1.7017E-5 1.64686E-5 1.59946E-5 1.53443E-5 1.05833E-5 1.37784E-5 9.26931E-6 8.33895E-6 7.00461E-6 7.59095E-6 1.01721E-5 1.01669E-5 1.02046E-5 7.01483E-6 6.7297E-6 8.5596E-6 7.79176E-6 4.84697E-6 5.10941E-6 1.10148E-5 1.46943E-5 1.27191E-5 2.00974E-5 1.71199E-5 2.82561E-5 3.52186E-5 3.58573E-5 2.81017E-5 3.982E-5
-9999 -9999 -9999 -9999 -9999 -9999 -9999 -9999 -9999 -9999 -9999 -9999 -9999 -9999 -9999 -9999 -9999 -9999 -9999 -9999 -9999 -9999 -9999 -9999 -9999 -9999 9.84846E-6 9.88005E-6 1.1033E-5 7.67149E-6 1.23419E-5 5.17173E-6 1.20576E-5 1.21712E-5 1.37682E-5 1.18606E-5 1.15706E-5 1.2857E-5 1.24906E-5 8.69863E-6 7.94309E-6 7.54921E-6 6.38044E-6 4.66934E-6 4.19303E-6 4.96239E-6 5.38226E-6 5.6973E-6 7.94593E-6 5.41378E-6 7.44566E-6 7.20392E-6 4.24551E-6 3.38021E-6 6.35906E-6 1.25628E-5 1.07966E-5 1.3382E-5 2.03593E-5 1.63521E-5 2.1106E-5 2.57515E-5 3.58534E-5 3.736E-5 3.94733E-5
-9999 -9999 -9999 -9999 -9999 -9999 -9999 -9999 -9999 -9999 -9999 -9999 -9999 -9999 -9999 -9999 -9999 -9999 -9999 -9999 -9999 -9999 -9999 -9999 -9999 -9999 7.08959E-6 4.16614E-6 3.64362E-6 4.87221E-6 5.49377E-6 5.25665E-6 5.62055E-6 9.76908E-6 1.04674E-5 7.67882E-6 7.28548E-6 7.33236E-6 9.85328E-6 9.52732E-6 8.94465E-6 8.36736E-6 5.64446E-6 5.04994E-6 4.14881E-6 2.95664E-6 2.95823E-6 4.2175E-6 5.79117E-6 5.77201E-6 5.88914E-6 3.81837E-6 2.64115E-6 4.8172E-6 1.02249E-5 1.31701E-5 1.10307E-5 1.44628E-5 2.22815E-5 1.60403E-5 2.29923E-5 2.90033E-5 3.94529E-5 2.89042E-5 4.09922E-5
-9999 -9999 -9999 -9999 -9999 -9999 -9999 -9999 -9999 -9999 -9999 -9999 -9999 -9999 -9999 -9999 -9999 -9999 -9999 -9999 -9999 -9999 -9999 -9999 -9999 5.59986E-6 5.59841E-6 5.58949E-6 5.4608E-6 5.39122E-6 7.86826E-6 7.48283E-6 7.48648E-6 7.78454E-6 8.30682E-6 6.24966E-6 4.55345E-6 5.06448E-6 5.27878E-6 4.92756E-6 4.82481E-6 6.2506E-6 5.87338E-6 5.58179E-6 3.88951E-6 3.48802E-6 3.24833E-6 2.70751E-6 2.88229E-6 3.08529E-6 4.55099E-6 3.12566E-6 4.07933E-6 8.06369E-6 1.10774E-5 1.26796E-5 1.54916E-5 1.48474E-5 2.3445E-5 2.36914E-5 3.59887E-5 3.30809E-5 4.63327E-5 2.95053E-5 3.12282E-5
