catData/rasterBestHybridModels/Prubiginosus/RD_RM1.5_LQ/Prubiginosus_median.asc
ncols         409
nrows         350
xllcorner     60.897278365
yllcorner     5.843756025
cellsize      0.0892857
NODATA_value  -9999
[rows 87 to 115 of 350, columns 195 to 259 of 409]
3.46264E-5 1.79347E-5 2.07971E-5 1.00343E-5 2.7228E-6 2.83363E-6 2.65977E-5 1.20199E-5 2.02611E-5 3.05364E-5 5.12385E-5 4.79238E-5 5.25525E-5 5.03544E-5 3.31113E-5 2.42838E-5 6.79679E-5 1.32519E-4 4.27436E-5 5.07729E-5 4.82408E-5 3.0107E-5 4.24293E-5 4.21405E-5 6.82908E-5 7.17618E-5 8.07936E-5 3.23117E-5 3.22906E-5 5.54124E-5 5.26867E-5 4.83952E-5 3.47948E-5 1.54383E-5 1.21912E-5 1.09921E-5 2.62234E-5 3.10883E-5 2.49547E-5 2.77279E-5 3.085E-5 2.69416E-5 2.79293E-5 2.78277E-5 2.6604E-5 2.51522E-5 6.32013E-6 7.04289E-7 5.56421E-7 4.74646E-7 3.65164E-7 4.83529E-7 6.7817E-7 1.23288E-6 1.14577E-6 1.30417E-6 6.77922E-7 2.33449E-7 -9999 -9999 8.30335E-8 1.65639E-7 5.26413E-7 3.27086E-6 3.27832E-6
7.94122E-6 1.49075E-5 1.28303E-5 1.59381E-5 3.62702E-6 1.13951E-6 1.91765E-6 6.41712E-6 4.55141E-6 3.76431E-6 1.85166E-5 4.71842E-5 2.81196E-5 1.449E-5 3.88444E-5 5.8094E-5 6.46148E-5 6.84266E-5 6.3097E-5 9.99255E-5 3.78691E-5 2.58987E-5 3.84341E-5 1.11375E-4 7.63625E-5 8.2738E-5 6.83547E-5 7.17843E-5 4.51532E-5 5.14609E-5 5.98771E-5 8.82079E-5 5.6125E-5 5.15593E-5 4.64387E-5 1.85185E-5 1.97502E-5 1.90639E-5 1.72018E-5 2.41544E-5 2.52098E-5 2.49564E-5 2.76252E-5 1.17264E-5 1.42305E-5 2.3183E-5 1.17207E-5 1.77903E-6 1.69987E-6 8.31622E-7 8.39806E-7 1.35485E-6 1.67655E-6 1.18562E-6 1.1599E-6 1.14531E-6 7.79622E-7 3.34822E-7 3.06249E-7 1.78954E-7 1.16421E-7 2.40786E-7 2.39712E-6 6.98515E-6 2.44897E-6
1.25885E-5 4.93654E-6 5.31817E-6 2.0527E-5 6.82645E-6 2.24395E-6 2.95317E-6 3.9536E-6 2.58367E-6 3.46264E-6 9.57939E-6 1.54897E-5 4.67302E-5 2.47586E-5 4.53552E-5 5.57898E-5 6.54569E-5 6.0312E-5 5.52082E-5 3.09269E-5 4.05197E-5 7.55691E-5 2.65231E-5 1.10134E-4 6.9184E-5 7.48756E-5 1.33517E-4 1.34518E-4 4.1012E-5 4.22765E-5 5.27725E-5 3.48251E-5 3.38344E-5 8.77091E-5 4.80385E-5 5.17897E-5 3.69307E-5 1.90898E-5 1.68586E-5 1.65739E-5 2.40299E-5 1.44199E-5 1.19934E-5 5.60545E-6 7.7317E-6 1.31674E-5 1.72326E-5 1.91373E-5 1.11797E-5 4.40049E-6 3.80636E-6 5.31326E-6 1.26796E-6 8.34168E-7 1.68502E-6 7.60993E-7 1.15172E-6 1.07738E-6 5.64998E-7 2.86615E-7 1.48401E-7 5.24753E-7 6.28357E-6 8.72629E-6 2.44788E-6
1.40613E-5 7.38445E-6 1.27181E-5 7.61032E-6 1.74644E-5 1.84726E-5 7.41268E-6 2.72965E-6 8.75921E-6 2.37941E-6 3.35964E-6 4.32093E-6 2.40053E-5 1.15824E-5 2.01046E-5 1.09681E-5 2.32251E-5 2.90114E-5 1.2976E-5 2.98488E-5 1.60514E-5 3.66059E-5 5.13234E-5 4.35586E-5 7.18297E-5 7.84892E-5 8.23828E-5 5.8159E-5 4.54131E-5 8.14097E-5 4.73882E-5 3.3301E-5 3.31901E-5 5.34154E-5 2.82891E-5 8.60656E-5 3.26046E-5 2.69507E-5 1.79301E-5 1.1449E-5 1.04965E-5 9.4046E-6 8.90362E-6 1.35208E-5 2.79448E-5 1.37753E-5 1.36495E-5 2.4112E-5 1.25041E-5 1.79128E-5 1.52554E-5 1.37939E-5 2.96418E-6 2.70161E-6 1.99044E-6 8.49529E-7 1.55138E-6 1.0076E-6 6.02898E-7 4.27036E-7 5.03942E-7 2.01144E-6 1.13453E-5 7.46361E-6 1.64332E-6
4.08236E-6 4.37984E-6 5.21918E-6 3.09837E-6 1.0497E-5 3.47212E-5 1.38351E-5 1.09674E-5 7.38777E-6 2.56098E-6 2.77982E-6 6.89535E-6 4.45653E-6 4.20576E-6 3.64392E-5 1.72986E-5 5.5472E-6 1.15523E-5 4.88695E-6 2.48182E-5 3.22063E-5 2.01558E-5 1.09287E-5 2.0291E-5 1.80389E-5 4.68276E-5 7.72294E-5 1.28282E-4 1.32917E-4 7.78709E-5 4.62058E-5 4.82098E-5 5.25453E-5 5.51475E-5 5.47464E-5 5.90622E-5 8.81646E-5 5.99796E-5 3.1548E-5 2.04889E-5 1.53525E-5 1.1467E-5 1.01282E-5 2.71139E-5 3.05173E-5 1.83334E-5 1.88844E-5 1.87969E-5 9.87357E-6 7.70166E-6 1.30988E-5 1.49863E-5 1.02441E-5 5.38485E-6 3.64985E-6 2.6747E-6 3.13048E-6 5.67118E-7 5.30362E-7 9.38201E-7 2.28455E-6 9.53285E-6 5.74286E-6 1.90175E-6 5.65417E-7
3.17278E-6 1.01722E-5 1.90018E-5 1.13185E-5 1.905E-5 3.14008E-5 3.35662E-5 1.89582E-5 1.44596E-5 1.05407E-5 2.38693E-6 3.73986E-6 2.86753E-6 1.16421E-6 1.13363E-6 6.76581E-6 5.48746E-6 5.61625E-6 3.53802E-5 2.78539E-5 4.74181E-5 4.08796E-5 1.77794E-5 8.58273E-6 7.07787E-6 8.26667E-6 3.52509E-5 3.80038E-5 7.95116E-5 5.01658E-5 4.94842E-5 4.38883E-5 5.24177E-5 6.88079E-5 7.5369E-5 5.67985E-5 5.90411E-5 5.60303E-5 8.81659E-5 7.6144E-5 3.01177E-5 2.19508E-5 2.29627E-5 2.74815E-5 1.90669E-5 1.73494E-5 2.16389E-5 1.20168E-5 7.49955E-6 8.52327E-6 8.95996E-6 9.33468E-6 5.85927E-6 1.99513E-6 1.35486E-6 2.44268E-6 1.84204E-6 4.31875E-7 2.60615E-7 7.79562E-7 6.16233E-6 9.23071E-6 3.25037E-6 8.97546E-7 3.69602E-7
3.81309E-6 3.82568E-6 2.5455E-5 2.31344E-5 3.90947E-5 2.53542E-5 2.56763E-5 2.43121E-5 3.25232E-5 1.1402E-5 1.51842E-6 1.50507E-6 1.75425E-6 1.36809E-6 9.39582E-7 1.505E-6 2.12882E-6 2.7226E-6 1.88179E-5 5.0922E-5 2.65392E-5 2.15888E-5 1.0614E-5 6.52983E-6 9.14771E-6 2.52038E-6 6.47913E-6 9.24928E-6 1.54976E-5 1.06445E-5 3.41375E-5 4.75798E-5 2.78875E-5 2.68813E-5 3.35348E-5 8.24072E-5 5.36554E-5 8.61674E-5 4.85215E-5 4.36454E-5 7.58356E-5 8.03764E-5 2.18086E-5 3.63797E-5 3.78984E-5 3.30697E-5 2.01166E-5 9.42163E-6 2.00266E-5 1.56083E-5 9.42242E-6 1.21833E-5 6.06165E-6 1.07693E-6 3.77502E-7 3.22438E-7 3.62843E-7 3.3842E-7 3.95615E-7 5.54656E-6 9.0276E-6 2.56444E-6 1.0547E-6 1.11691E-6 5.64746E-7
7.73334E-6 6.7985E-6 1.4505E-5 2.91055E-5 9.64337E-6 1.41222E-5 2.1882E-5 4.30079E-5 2.45157E-5 1.19628E-5 5.43013E-6 6.48877E-6 3.23895E-6 2.6453E-6 1.25398E-6 1.25891E-6 3.48016E-6 1.66689E-6 2.25592E-5 2.36051E-5 2.47987E-5 1.68945E-5 1.80224E-5 1.68913E-5 8.24965E-6 4.26592E-6 5.02963E-6 7.19949E-6 1.15925E-5 4.27023E-6 2.87789E-6 2.64963E-5 4.58116E-5 6.93378E-5 6.40977E-5 7.7365E-5 8.27975E-5 5.91549E-5 4.63241E-5 5.55523E-5 8.45691E-5 8.50314E-5 8.11181E-5 7.80023E-5 2.2994E-5 3.5995E-5 3.48228E-5 2.81043E-5 2.45702E-5 1.00521E-5 1.13953E-5 1.12721E-5 8.26776E-6 3.85924E-6 1.72207E-6 1.08192E-6 1.35885E-6 1.09128E-6 2.09886E-6 1.29281E-5 2.93052E-6 5.42406E-7 2.55242E-7 1.33198E-6 2.21604E-6
1.00831E-5 2.19472E-6 2.17945E-5 2.13365E-5 2.72119E-6 3.71316E-6 3.57673E-6 3.17567E-6 6.14132E-6 4.37367E-6 2.43426E-6 2.61661E-6 1.88967E-6 1.89544E-6 3.18289E-6 2.67557E-6 6.33013E-6 3.06265E-6 2.3557E-5 3.40756E-6 8.40684E-6 2.32722E-5 3.73846E-5 4.22097E-6 1.09474E-5 2.16974E-5 7.1085E-6 2.84347E-6 1.33946E-5 1.06983E-5 2.55698E-6 8.30541E-6 5.26011E-6 6.73662E-5 7.04634E-5 7.24029E-5 3.02216E-5 3.67129E-5 8.30402E-5 8.26713E-5 4.86094E-5 7.5326E-5 8.62465E-5 8.6509E-5 8.42226E-5 2.11798E-5 1.98286E-5 2.92527E-5 2.67119E-5 2.22789E-5 4.9634E-5 1.45445E-5 8.97941E-6 7.9604E-6 8.67871E-6 6.45001E-6 8.41244E-6 7.94881E-6 2.02366E-5 1.40136E-5 3.73818E-6 5.31254E-7 3.70203E-7 5.05431E-7 7.21447E-7
7.78253E-6 9.56715E-6 7.61295E-6 2.52725E-6 3.48676E-6 9.77494E-6 2.74757E-6 3.85112E-6 6.68227E-6 1.64194E-5 1.20994E-5 1.99428E-6 1.05107E-6 1.11679E-6 9.21627E-7 1.22674E-6 6.58142E-6 2.12583E-6 6.91172E-6 1.41138E-5 1.32758E-5 1.88335E-5 3.31148E-5 7.6895E-6 1.98456E-6 5.03923E-6 4.39401E-5 2.75583E-5 1.79911E-5 8.43474E-6 5.83111E-6 6.49027E-6 9.81603E-6 1.56121E-5 2.23186E-5 3.29092E-5 4.04636E-5 4.45179E-5 5.22467E-5 3.51504E-5 8.309E-5 8.54745E-5 5.08994E-5 8.33105E-5 8.32194E-5 7.42239E-5 7.22115E-5 1.89412E-5 1.04283E-5 1.95191E-5 5.16271E-5 4.93013E-5 4.67842E-5 4.56945E-5 1.3763E-5 1.35668E-5 1.62836E-5 1.07805E-5 1.50364E-5 1.68361E-5 4.44742E-5 3.96917E-6 4.1266E-6 1.62551E-6 2.38735E-6
6.61513E-6 6.34956E-6 8.78814E-6 3.81906E-6 2.14147E-6 3.13187E-6 2.64847E-6 7.71506E-6 8.2801E-6 4.54832E-6 8.53469E-6 6.77152E-6 5.72686E-6 2.67514E-6 9.97187E-7 1.26381E-6 2.78044E-6 1.40043E-6 6.95508E-6 1.02968E-5 9.02771E-6 1.28891E-5 1.16089E-5 4.7992E-5 2.26312E-5 5.42844E-6 6.91723E-6 5.02742E-5 2.49356E-5 4.27624E-6 1.66419E-5 1.5418E-5 1.36103E-5 7.05687E-6 1.46911E-5 2.12224E-5 2.29622E-5 3.45792E-5 4.36561E-5 3.59211E-5 4.5279E-5 7.93553E-5 4.61333E-5 5.06667E-5 8.41363E-5 3.98434E-5 6.6802E-5 7.48273E-5 1.87257E-5 1.73721E-5 1.18771E-5 3.78006E-5 5.27413E-5 6.11293E-5 6.40095E-5 5.39625E-5 2.5035E-5 1.8043E-5 1.71177E-5 2.83747E-5 2.13995E-5 3.36605E-5 2.13106E-5 1.44045E-5 1.1419E-5
7.38371E-6 2.62991E-6 6.90275E-6 1.58976E-5 9.47285E-6 7.31097E-6 8.56127E-6 1.84121E-5 1.59864E-5 4.45356E-6 1.67279E-6 8.37557E-6 5.93698E-6 2.70818E-6 2.35839E-6 1.47377E-6 2.94918E-6 1.40823E-6 1.72963E-6 1.47719E-6 1.51668E-6 9.06918E-6 3.15547E-6 3.26699E-5 1.16964E-5 6.52587E-6 1.54877E-5 2.78339E-6 5.84493E-6 4.43746E-6 7.24395E-6 1.48081E-5 1.41605E-5 3.39527E-6 4.91655E-6 1.23648E-5 1.55048E-5 2.23588E-5 3.37788E-5 3.26901E-5 4.25953E-5 4.82118E-5 4.82678E-5 8.82011E-5 8.67376E-5 4.32522E-5 4.40091E-5 2.93558E-5 4.24364E-5 4.02029E-5 4.02795E-5 1.67427E-5 1.65941E-5 6.74006E-5 6.88237E-5 4.19205E-5 3.40421E-5 3.5787E-5 4.26107E-5 3.06154E-5 3.19397E-5 4.54786E-5 7.50858E-5 4.61976E-5 6.72796E-5
4.25292E-6 1.08325E-5 2.79453E-6 3.55761E-6 2.76157E-6 5.35249E-6 1.17623E-5 5.71814E-6 5.20472E-6 6.53349E-6 3.2376E-6 3.32989E-6 3.52854E-6 3.79661E-6 1.89127E-6 2.37571E-6 1.54086E-6 1.11446E-6 8.4945E-7 1.04865E-6 2.29055E-6 1.57583E-6 3.1496E-6 4.96312E-6 1.25854E-5 5.16805E-6 6.10877E-6 1.38691E-5 1.83078E-6 3.47996E-6 5.92603E-6 2.18126E-5 9.94878E-6 7.74865E-6 2.60756E-6 3.88006E-6 2.16101E-6 3.10567E-6 3.15356E-5 2.23596E-5 2.20063E-5 2.39428E-5 4.74685E-5 5.1012E-5 4.82767E-5 4.24844E-5 7.65357E-5 4.14594E-5 2.80663E-5 4.1624E-5 4.05473E-5 4.02738E-5 3.94988E-5 2.69038E-5 4.32328E-5 4.64838E-5 4.32259E-5 4.05539E-5 4.06315E-5 7.72898E-5 7.97606E-5 2.75404E-5 5.20921E-5 2.58219E-5 5.20744E-5
1.29408E-5 2.17516E-5 4.65165E-6 9.59402E-6 5.98668E-6 1.00803E-5 4.24177E-6 4.0221E-6 2.20199E-6 3.83576E-6 5.36659E-6 1.56356E-6 1.82743E-6 3.55433E-6 2.6009E-6 4.24796E-6 1.55676E-6 1.02365E-6 1.12164E-6 1.3944E-6 6.24802E-6 3.53519E-6 2.68525E-6 1.26536E-6 7.10955E-6 1.69019E-6 4.13505E-6 7.08412E-6 1.4919E-5 2.71367E-6 1.56361E-6 2.35217E-5 2.49621E-6 5.34942E-6 2.09464E-6 7.66843E-6 9.40102E-6 7.95537E-6 2.42594E-5 2.72971E-5 3.40032E-5 2.37752E-5 2.51567E-5 6.94016E-6 8.08773E-6 1.65815E-5 3.7493E-5 3.94005E-5 3.85778E-5 3.59232E-5 4.02716E-5 4.16296E-5 8.04912E-5 4.16227E-5 4.6785E-5 7.52384E-5 7.34784E-5 9.1637E-5 8.49547E-5 4.92125E-5 2.72143E-5 4.92963E-5 8.22018E-5 1.48755E-4 7.07803E-5
2.30381E-5 4.87155E-6 4.01769E-6 8.36289E-6 5.15273E-6 6.18556E-6 6.58298E-6 5.37187E-6 3.40678E-6 5.93489E-6 3.4973E-6 1.97107E-6 1.31619E-6 5.98709E-6 3.13823E-6 2.91061E-6 3.01769E-6 1.42392E-6 2.89931E-6 1.61015E-6 1.64336E-6 2.03629E-6 2.47744E-6 1.36041E-6 1.42662E-6 9.47334E-7 1.27437E-6 2.57595E-6 1.44408E-6 7.01309E-6 3.63352E-6 4.00814E-6 5.65027E-6 2.77818E-6 2.8187E-6 6.78884E-6 4.61617E-6 7.53705E-6 8.43274E-6 2.09697E-5 1.82413E-5 3.44219E-5 2.97736E-5 2.57917E-5 4.12295E-6 2.66206E-6 7.43241E-6 3.4064E-5 2.52348E-5 3.74937E-5 4.1306E-5 2.61959E-5 2.66941E-5 3.84081E-5 7.10898E-5 1.15936E-4 7.31407E-5 5.01748E-5 7.6923E-5 1.27856E-4 8.76106E-5 1.32284E-4 9.90544E-5 3.59298E-5 1.47255E-4
1.0265E-5 3.43397E-6 2.02863E-6 4.20853E-6 1.03598E-5 9.22079E-6 6.91737E-6 8.80203E-6 5.70046E-6 6.28101E-6 5.13969E-6 2.90077E-6 1.80028E-6 2.72735E-6 1.50313E-6 6.03223E-6 3.74646E-6 5.92801E-6 1.02969E-5 1.39019E-6 1.8161E-6 2.65433E-6 1.63444E-6 2.27393E-6 1.38928E-6 1.37446E-6 1.26376E-6 2.00458E-6 1.87681E-6 2.26564E-6 4.22202E-6 1.4867E-6 7.45158E-6 1.51346E-6 3.0165E-6 2.02663E-6 1.67037E-6 3.01077E-6 4.84357E-6 1.70318E-5 2.27185E-5 2.35876E-5 3.6366E-5 2.83183E-5 3.27402E-5 3.04449E-5 2.24736E-5 2.36196E-5 2.14529E-5 4.54309E-5 5.88738E-5 3.73531E-5 4.41946E-5 2.58533E-5 2.61404E-5 4.64261E-5 1.1897E-4 1.26761E-4 5.12631E-5 7.55213E-5 7.33527E-5 1.38455E-4 1.09157E-4 1.54037E-4 1.5007E-4
5.04952E-6 1.88205E-6 1.71315E-6 4.45299E-6 5.90735E-6 3.95346E-6 3.86707E-6 7.97269E-6 1.04021E-5 1.0287E-5 7.24441E-6 5.73596E-6 2.66644E-6 4.04875E-6 1.62547E-6 5.94259E-6 5.8482E-6 3.62798E-6 1.20478E-5 1.75969E-6 1.1996E-6 1.75325E-6 2.36283E-6 4.54043E-6 2.58963E-6 1.11913E-6 1.49621E-6 1.46341E-6 2.04768E-6 3.11193E-6 1.08058E-5 1.69018E-6 1.87961E-6 9.20922E-6 5.5546E-6 4.15471E-6 1.63348E-6 1.07176E-6 4.32905E-6 2.76369E-6 3.6884E-6 5.17309E-6 1.90489E-5 2.32684E-5 2.17729E-5 1.57232E-5 1.4365E-5 8.80967E-6 1.04026E-5 2.25856E-5 3.24692E-5 2.31777E-5 6.77641E-5 6.53447E-5 6.54794E-5 3.95469E-5 6.83011E-5 6.80607E-5 1.1278E-4 9.08613E-5 1.21105E-4 5.23132E-5 1.01285E-4 7.54632E-5 9.55681E-5
6.37284E-6 4.34812E-6 3.00233E-6 4.36971E-6 3.80074E-6 6.52637E-6 7.00036E-6 5.08796E-6 7.80166E-6 7.50627E-6 1.1908E-5 2.64595E-6 1.67829E-6 4.42242E-6 3.54311E-6 3.57858E-6 6.00376E-6 4.35961E-6 1.05046E-6 6.59969E-6 3.24917E-6 3.73153E-6 1.67571E-5 1.34851E-5 2.24743E-6 1.33648E-6 1.28115E-6 1.49578E-6 2.86591E-6 3.02945E-6 4.73125E-6 4.51352E-6 7.64905E-6 2.26659E-5 2.85849E-6 1.28837E-6 1.06934E-6 1.27468E-6 1.60673E-6 1.45955E-6 3.20911E-6 1.82429E-6 2.63196E-6 1.5967E-5 1.81712E-5 1.96082E-5 1.77574E-5 7.69659E-6 1.38045E-5 2.55524E-5 1.93317E-5 2.22438E-5 3.17551E-5 3.41018E-5 3.59414E-5 7.20192E-5 4.75919E-5 6.96411E-5 7.25004E-5 6.73106E-5 6.96834E-5 9.1231E-5 1.48671E-4 1.48247E-4 8.42599E-5
6.34125E-6 7.68852E-6 1.05795E-5 7.55625E-6 4.52695E-6 6.69928E-6 1.15956E-5 5.49318E-6 8.17533E-6 5.29528E-6 1.02011E-5 7.5418E-6 3.93592E-6 7.88827E-6 6.64823E-6 8.92023E-6 6.1186E-6 6.66601E-6 4.24116E-6 3.8706E-6 1.58959E-6 3.57377E-6 5.57206E-6 7.27561E-6 2.24517E-6 1.68605E-6 1.47229E-6 1.72859E-6 2.14651E-6 3.65389E-6 1.30365E-6 1.09822E-6 2.7413E-6 1.20369E-5 4.34987E-6 2.05869E-6 3.44846E-6 1.42284E-6 8.20735E-7 4.29675E-6 1.6733E-6 1.05207E-6 8.02337E-7 3.00025E-6 3.81052E-6 9.38401E-6 1.28385E-5 9.23134E-6 1.50418E-5 2.78307E-5 3.28636E-6 1.92637E-5 1.08925E-5 1.43739E-5 4.3013E-6 2.4985E-5 3.35773E-6 1.04387E-5 3.41137E-5 4.58636E-5 4.27307E-5 4.75966E-5 4.41121E-5 5.52002E-5 7.54108E-5
4.58614E-6 4.26981E-6 1.02517E-5 9.09623E-6 5.78167E-6 8.44138E-6 1.0175E-5 8.22854E-6 5.41251E-6 7.37465E-6 6.85364E-6 7.73547E-6 8.92949E-6 7.6291E-6 1.8273E-6 8.41707E-6 1.38349E-5 7.11995E-6 4.78951E-6 3.96274E-6 6.14289E-6 7.83813E-6 5.47476E-6 8.95227E-6 3.2144E-6 2.31047E-6 6.15182E-6 7.03948E-6 2.28916E-6 1.58806E-6 1.07502E-6 1.04978E-6 1.49913E-6 7.85531E-6 6.37604E-6 2.14373E-6 5.36864E-6 1.40125E-5 4.90141E-6 5.13048E-6 2.66381E-6 1.45319E-6 2.85281E-6 2.46646E-6 1.51316E-6 1.19506E-6 1.83541E-6 1.39457E-6 1.79867E-6 4.55007E-6 2.08846E-6 2.66681E-6 5.07619E-6 3.69744E-6 2.15607E-6 2.90784E-6 1.96013E-6 2.24848E-6 6.23093E-6 1.02465E-5 7.8235E-6 7.31226E-5 4.11147E-5 3.8862E-5 3.6137E-5
4.27333E-6 4.53335E-6 8.13669E-6 4.06869E-6 1.34585E-5 8.51203E-6 1.14511E-5 6.46993E-6 1.11107E-5 6.60924E-6 8.9395E-6 7.49121E-6 3.21704E-6 7.10287E-6 6.38397E-6 5.91919E-6 8.22609E-6 3.90379E-6 4.16189E-6 3.9765E-6 4.29719E-6 1.35748E-6 5.1436E-6 1.25808E-5 2.41574E-6 1.75169E-6 6.34562E-6 9.40017E-6 4.4636E-6 1.865E-6 1.71342E-6 1.36224E-6 1.47298E-6 3.92414E-6 5.32607E-6 2.40343E-6 4.14441E-6 3.55697E-6 1.35348E-5 8.27656E-6 3.2835E-6 1.67564E-6 5.66185E-6 5.00375E-6 1.21197E-6 1.23781E-6 8.9583E-7 9.18337E-7 1.32677E-6 1.36855E-6 1.83463E-6 3.11313E-6 1.91192E-5 1.49947E-5 1.87945E-5 1.27994E-5 1.92524E-6 2.04707E-6 6.5673E-6 3.54565E-6 5.20083E-6 1.04127E-5 1.84156E-5 2.33418E-5 2.98937E-5
4.64182E-6 6.34599E-6 8.38583E-6 7.75393E-6 1.45352E-5 1.33341E-5 7.88296E-6 1.14999E-5 5.74905E-6 6.71807E-6 1.1327E-5 1.39769E-5 8.85376E-6 4.27512E-6 7.4334E-6 6.90454E-6 5.29719E-6 7.78447E-6 4.11041E-6 3.70711E-6 6.02846E-6 4.87685E-6 6.00866E-6 1.25667E-5 3.92621E-6 3.22742E-6 5.03796E-6 6.03919E-6 6.16537E-6 3.84166E-6 2.11981E-6 1.54522E-6 1.3346E-6 2.38426E-6 1.59831E-5 5.38274E-6 9.26015E-6 2.97665E-6 5.35699E-6 9.61841E-6 4.56233E-6 8.16845E-7 9.81524E-7 2.31157E-6 1.95742E-6 4.63759E-6 4.12214E-6 4.44367E-6 3.12838E-6 5.07283E-6 2.90269E-6 1.96862E-6 1.56472E-6 2.08584E-6 1.69925E-6 4.19685E-6 1.29706E-6 3.31812E-6 3.63823E-6 2.29076E-6 4.27642E-6 2.72444E-6 1.51794E-5 2.09778E-5 3.2406E-5
2.10397E-6 3.46581E-6 1.06625E-5 8.26527E-6 1.26221E-5 5.94119E-6 9.88242E-6 1.3894E-5 1.28805E-5 8.24382E-6 7.8901E-6 5.93163E-6 1.20425E-5 1.09375E-5 1.05304E-5 7.37656E-6 1.81911E-6 3.27443E-6 6.7098E-6 4.40766E-6 4.01259E-6 3.6296E-6 8.20405E-6 4.74747E-6 1.13774E-5 9.84815E-6 5.29403E-6 8.39321E-6 5.74438E-6 5.77126E-6 3.02817E-6 1.88154E-6 1.74057E-6 1.47187E-6 3.46554E-6 1.36668E-5 2.1648E-5 4.34517E-6 2.55383E-6 4.25845E-6 3.45095E-6 2.35186E-6 1.70954E-6 8.88902E-7 1.65494E-6 1.45431E-6 3.52401E-6 2.43662E-6 1.23006E-6 1.30546E-6 3.5099E-6 5.42287E-6 1.08126E-6 2.24474E-6 2.19032E-6 1.53528E-6 1.81437E-6 1.90314E-6 1.08146E-5 1.38078E-5 3.18496E-6 5.31968E-6 1.13973E-5 2.26991E-6 7.26329E-6
6.47762E-6 1.76388E-6 2.83431E-6 8.57618E-6 8.00309E-6 1.95165E-5 7.42837E-6 6.23285E-6 6.67826E-6 6.9782E-6 3.50276E-6 7.78432E-6 1.30805E-5 1.01858E-5 7.74073E-6 1.20991E-5 7.08895E-6 1.59037E-6 5.097E-6 3.63592E-6 4.47871E-6 3.92642E-6 6.47773E-6 3.95093E-6 5.62479E-6 4.93079E-6 7.31755E-6 1.14202E-5 6.44816E-6 7.56541E-6 3.08289E-6 2.95464E-6 1.46985E-6 2.08632E-6 3.7421E-6 4.23951E-6 5.02303E-6 5.43405E-6 2.05075E-6 1.61592E-6 6.80713E-6 1.54361E-6 2.59707E-6 8.1187E-6 2.60644E-6 8.09972E-6 3.3443E-6 4.29952E-6 2.27638E-6 1.66716E-6 1.76263E-6 6.42464E-6 5.10865E-6 3.78008E-6 1.94431E-6 1.40724E-6 1.26001E-6 3.50159E-6 1.61753E-5 1.22469E-5 3.11558E-6 4.6507E-6 5.50227E-6 4.67641E-6 1.97574E-6
1.19651E-5 5.73123E-6 3.27742E-6 8.26973E-6 1.41455E-5 8.02622E-6 9.10917E-6 9.40979E-6 1.35428E-5 1.19008E-5 1.04626E-5 7.15949E-6 1.07411E-5 1.08617E-5 1.23896E-5 1.4593E-5 1.21891E-5 7.0031E-6 7.34884E-6 5.63232E-6 3.05399E-6 3.65155E-6 4.66757E-6 5.16692E-6 3.7491E-6 7.91263E-6 5.75701E-6 6.37909E-6 4.43103E-6 2.34495E-6 2.64691E-6 1.43685E-6 2.06282E-6 1.73898E-6 2.58899E-6 9.94355E-6 2.74508E-6 4.93921E-6 3.61386E-6 1.8493E-6 3.68278E-6 3.05224E-6 1.78252E-6 6.19903E-6 1.6762E-6 1.42147E-6 2.80451E-6 3.48758E-6 1.04521E-6 8.36694E-7 1.25785E-6 1.46276E-6 1.52804E-6 2.69008E-6 4.10743E-6 2.38306E-6 1.1001E-6 2.77954E-6 8.32784E-6 7.41946E-6 2.11941E-6 1.51932E-6 1.48998E-6 7.62567E-6 3.06918E-6
2.60576E-5 5.87089E-6 1.4493E-6 6.98761E-6 7.79968E-6 1.76884E-5 6.20484E-6 4.80001E-6 1.99668E-5 1.34437E-5 1.8727E-5 1.33444E-5 1.24542E-5 1.61292E-5 1.57565E-5 1.89542E-5 1.59365E-5 2.27138E-5 1.73538E-5 2.03962E-6 5.26105E-6 2.70978E-6 2.18841E-6 9.58939E-6 7.57348E-6 6.69065E-6 5.0629E-6 9.24014E-6 3.92889E-6 3.30645E-6 5.83444E-6 1.8318E-6 1.82747E-6 1.69886E-6 2.58918E-6 7.49106E-6 7.6902E-6 3.8773E-6 5.77255E-6 1.76031E-5 3.96017E-6 3.79323E-6 3.67887E-6 2.38719E-6 1.96047E-6 1.73496E-6 1.16799E-6 2.2266E-6 2.98114E-6 1.34032E-6 2.91869E-6 2.48162E-6 1.50138E-6 8.91208E-7 3.97849E-6 2.60318E-6 1.85061E-6 2.00897E-6 8.52829E-6 6.01115E-6 1.04916E-6 6.65202E-7 1.04752E-6 2.57513E-6 1.6325E-5
2.77742E-5 2.16716E-5 1.40742E-5 8.7567E-6 4.48606E-6 1.65463E-5 6.75018E-6 4.64907E-6 3.33712E-6 8.42118E-6 8.38404E-6 2.01875E-5 2.89819E-5 2.45003E-5 5.19977E-6 5.6978E-6 1.93923E-5 2.77938E-5 2.61697E-5 5.58085E-6 3.30519E-6 4.89402E-6 8.0687E-6 9.31613E-6 4.28644E-6 6.70815E-6 6.25481E-6 6.98423E-6 6.86905E-6 1.51201E-5 4.83876E-6 2.37138E-6 4.3475E-6 1.61726E-6 4.19438E-6 1.77721E-6 7.11032E-6 1.55332E-5 5.95891E-6 7.87137E-6 1.23221E-5 5.57909E-6 7.51222E-6 2.60233E-6 3.78345E-6 1.92366E-6 1.55581E-6 1.16226E-6 2.26136E-6 1.23149E-6 1.45169E-6 2.12538E-6 3.33733E-6 1.6259E-6 3.27661E-6 1.35277E-6 1.80825E-6 1.80074E-6 1.33555E-6 1.08013E-6 1.11984E-6 9.0275E-7 1.31951E-6 1.56501E-6 1.31875E-6
1.38595E-5 1.39387E-5 8.71265E-6 1.78317E-5 2.83078E-5 2.15827E-5 5.30904E-6 7.62346E-6 4.17821E-6 1.60499E-6 3.45634E-6 6.13814E-6 8.99367E-6 1.82696E-5 3.11555E-5 2.05671E-5 2.59956E-5 9.28035E-6 1.71919E-5 1.94478E-5 5.72393E-6 4.22091E-6 6.48765E-6 6.80753E-6 3.92244E-6 6.7585E-6 6.02443E-6 3.71787E-6 1.8273E-5 2.70749E-5 1.69441E-5 4.13569E-6 5.72522E-6 2.37571E-6 4.42498E-6 3.59125E-6 2.46549E-6 2.89836E-6 1.10231E-5 1.00344E-5 1.73448E-5 1.5566E-5 1.12385E-5 1.75566E-5 2.03122E-5 4.84637E-6 2.5764E-6 2.42977E-6 8.60343E-7 2.28451E-6 7.87385E-7 6.372E-7 1.20463E-6 3.37998E-6 3.61739E-6 4.888E-6 1.57083E-6 9.85424E-7 8.63794E-7 8.72826E-7 1.37271E-6 8.99759E-7 1.17149E-6 1.64808E-6 1.0714E-6
1.98058E-5 1.3887E-5 1.63001E-5 2.6322E-5 2.44878E-5 1.76199E-5 1.63708E-5 1.08104E-5 5.08255E-6 3.29416E-6 3.45152E-6 6.44562E-6 1.48295E-5 2.35334E-5 1.04801E-5 1.44521E-5 1.73864E-5 1.82073E-5 1.60012E-5 1.47941E-5 1.1339E-5 2.46115E-6 5.33547E-6 1.39327E-5 6.85084E-6 1.16813E-5 5.89218E-6 1.13267E-5 2.44252E-5 1.83725E-5 5.23733E-6 2.63325E-6 1.0113E-5 3.62782E-6 2.20495E-6 3.00246E-6 7.52106E-6 1.79745E-6 2.05444E-6 6.61702E-6 8.68052E-6 1.0052E-5 1.34236E-5 2.25708E-5 2.75729E-5 2.9227E-5 1.35183E-5 2.9404E-6 1.42925E-5 8.56068E-6 1.37432E-6 2.14142E-6 3.43283E-6 4.53224E-6 2.2914E-6 5.79503E-6 8.6866E-6 2.45846E-6 9.2556E-7 1.06139E-6 1.05171E-6 1.18687E-6 1.48197E-6 1.37009E-6 1.77903E-6
