catData/rasterBestHybridModels/Prubiginosus/RD_RM1.5_LQ/Prubiginosus_max.asc
ncols         409
nrows         350
xllcorner     60.897278365
yllcorner     5.843756025
cellsize      0.0892857
NODATA_value  -9999
[rows 116 to 144 of 350, columns 260 to 324 of 409]
4.00519E-6 8.4725E-6 1.79174E-5 1.39237E-5 1.79776E-5 1.84398E-5 2.7751E-5 1.71956E-5 9.39294E-6 1.03169E-5 5.42341E-6 6.94894E-6 1.49064E-5 4.68808E-6 4.68097E-6 1.2138E-5 2.39497E-5 2.07005E-5 9.56155E-6 5.76032E-6 5.34221E-6 4.16289E-6 2.4995E-6 5.65448E-6 3.68062E-6 2.63994E-6 1.4442E-5 6.12318E-5 9.168E-5 5.59934E-5 1.37417E-4 2.2582E-5 2.51741E-5 3.2534E-5 5.30862E-6 7.51408E-5 1.53414E-4 1.50497E-4 1.83184E-4 1.84235E-4 6.90823E-5 7.07848E-5 8.83825E-4 5.38486E-4 3.89092E-4 1.55083E-5 4.1309E-5 1.21598E-5 1.50051E-5 3.14766E-5 2.38065E-5 2.14774E-5 2.46348E-5 1.07928E-4 1.53528E-4 3.6147E-5 1.38009E-4 1.64824E-4 1.52664E-4 1.3472E-4 1.3693E-4 1.70465E-4 1.66704E-4 1.76615E-4 1.03098E-4
5.95404E-6 8.45894E-6 2.69039E-6 1.73418E-5 7.45109E-6 1.33206E-5 2.39366E-5 2.8082E-5 2.23484E-5 2.21057E-5 1.2348E-5 2.25952E-6 6.95029E-6 3.35754E-6 4.83188E-6 5.32613E-6 1.05112E-5 2.52E-5 8.27962E-6 5.57425E-6 3.93591E-6 4.38269E-6 4.90046E-6 3.21584E-6 3.0788E-6 5.76412E-6 1.06232E-5 5.5178E-6 7.20417E-6 1.01244E-5 1.01522E-5 1.62606E-5 5.48402E-5 1.32932E-5 1.83783E-5 1.33655E-5 1.5667E-5 4.70902E-5 1.29677E-4 2.20031E-4 2.1146E-4 1.85151E-4 1.70075E-4 3.05084E-5 4.47927E-5 7.26978E-5 2.60184E-5 2.92411E-5 8.27069E-6 2.86056E-5 4.79187E-4 2.37135E-5 8.08614E-5 1.80333E-4 1.40244E-4 1.06504E-4 2.30687E-5 5.34664E-5 1.03537E-4 1.18908E-4 1.08552E-4 1.19995E-4 2.18819E-5 1.21816E-4 4.53567E-5
8.59571E-6 6.59111E-6 3.10528E-6 1.08732E-5 1.69535E-5 1.76211E-5 9.67332E-6 4.96444E-6 5.37564E-6 9.32406E-6 1.62817E-5 3.10973E-6 1.21837E-5 4.26401E-6 5.43246E-6 1.25587E-5 1.58031E-5 2.09599E-5 9.16609E-6 1.71033E-5 7.22655E-6 2.46473E-6 2.94885E-6 6.60359E-6 2.73677E-6 2.63424E-6 4.26662E-6 4.18304E-6 4.79411E-6 9.46828E-6 1.12963E-5 1.80356E-5 4.60374E-6 4.63122E-6 5.10339E-6 6.27523E-6 1.493E-5 8.93752E-6 3.43882E-5 7.73401E-5 1.12075E-4 7.33434E-5 4.69002E-5 3.03516E-5 1.62661E-5 8.00164E-6 2.64999E-5 1.10876E-5 5.29091E-6 2.42201E-5 8.46593E-5 4.57072E-5 5.42911E-5 5.50135E-6 2.96001E-5 3.37681E-5 4.06693E-5 3.22382E-5 3.97571E-5 5.00181E-5 2.283E-5 4.70757E-5 3.42955E-5 2.55573E-5 2.00817E-5
2.50221E-6 6.16321E-6 3.28385E-6 9.1633E-6 1.45282E-5 1.86126E-5 1.21439E-5 1.74982E-5 4.4528E-6 7.12289E-6 7.11183E-6 5.16394E-6 3.72041E-6 2.05453E-6 6.14133E-6 5.90829E-6 4.16876E-6 1.11919E-5 7.62725E-6 1.01748E-5 2.31088E-6 2.5072E-6 1.51671E-6 1.74452E-6 3.48998E-6 3.00136E-6 2.61335E-6 1.80615E-6 2.14887E-6 7.09075E-6 2.53623E-5 5.7019E-6 8.10904E-6 6.44481E-6 5.25312E-6 8.73667E-6 7.04181E-6 1.52545E-5 2.34326E-5 4.44403E-5 4.28458E-5 4.10736E-5 3.14051E-5 1.86027E-5 1.65432E-5 1.03002E-5 8.26841E-6 2.67051E-5 1.41703E-5 4.81239E-6 8.39096E-6 1.01282E-5 4.12292E-5 5.96976E-6 4.43852E-5 9.11689E-5 3.41721E-5 1.23834E-4 8.84392E-5 1.65363E-4 9.8244E-5 1.06861E-4 8.80622E-5 6.41099E-5 7.07462E-5
3.36701E-6 7.07766E-6 4.45365E-6 7.01441E-6 1.01789E-5 1.38022E-5 5.36188E-6 1.21434E-5 8.54199E-6 1.57157E-5 6.49886E-6 5.90822E-6 3.7266E-6 2.44206E-6 1.81598E-6 1.57052E-5 9.51241E-6 2.41845E-6 9.85556E-6 5.98548E-6 1.14598E-5 1.17031E-5 2.77475E-6 1.37512E-6 2.00733E-6 1.61708E-6 1.60362E-6 3.87271E-6 1.20583E-5 2.02485E-5 3.62195E-6 3.60457E-6 3.20126E-6 3.5457E-6 4.20206E-6 5.31962E-6 1.07484E-5 7.98356E-6 7.58497E-6 4.68819E-5 5.48352E-5 5.28197E-5 4.63798E-5 4.93781E-5 1.82194E-5 6.21731E-6 4.53558E-6 6.08919E-6 4.81715E-6 5.3134E-6 9.66718E-6 8.46857E-6 7.39896E-6 2.06241E-5 1.78468E-5 4.52162E-5 2.77638E-5 6.43375E-5 4.02371E-5 2.97245E-5 3.91726E-5 8.53138E-5 1.45515E-4 1.18934E-4 8.90055E-5
1.80079E-5 1.41964E-5 4.59183E-6 9.02048E-6 8.60122E-6 1.27643E-5 1.11187E-5 6.37501E-6 2.12696E-5 1.55433E-5 1.537E-5 5.53514E-6 3.8706E-6 4.3486E-6 1.53325E-6 4.91698E-6 2.49366E-5 9.07303E-6 8.49125E-6 5.86759E-6 8.95615E-6 1.77384E-6 2.39658E-6 1.79772E-6 1.80815E-6 3.3871E-6 3.88136E-6 1.57848E-5 1.76822E-5 4.79561E-6 3.8071E-6 4.55613E-6 2.47034E-6 4.1849E-6 5.07151E-6 5.04279E-6 6.76712E-6 9.75368E-6 5.74482E-6 2.61824E-5 3.51411E-5 4.81292E-5 3.06423E-5 2.91393E-5 1.37321E-5 6.10734E-6 6.94647E-6 4.32549E-6 3.98306E-6 6.11597E-6 1.26653E-5 2.07859E-5 3.19008E-5 3.24515E-5 2.22187E-5 1.27092E-5 2.74266E-5 2.51672E-5 1.01816E-4 8.06893E-5 7.75086E-5 7.84019E-5 5.74607E-5 5.93764E-5 2.49471E-5
1.76783E-5 6.26035E-6 9.16388E-6 1.00505E-5 1.14602E-5 1.9107E-5 1.16137E-5 9.84568E-6 1.67608E-5 1.72985E-5 9.16787E-6 1.03992E-5 1.25875E-5 2.53406E-6 8.23282E-6 7.12328E-6 8.29882E-6 2.21858E-5 1.45544E-5 1.24293E-5 9.85424E-6 1.17881E-5 1.73365E-6 3.65113E-6 1.07595E-5 1.3353E-5 1.9923E-5 2.35512E-5 4.07366E-6 5.39069E-6 5.64215E-6 6.29981E-6 5.3846E-6 5.09928E-6 6.39151E-6 3.92306E-6 5.07628E-6 1.51118E-5 1.18463E-5 1.23972E-5 2.29386E-5 1.42605E-5 9.05444E-6 4.96955E-6 3.0069E-6 3.87363E-6 4.87435E-6 4.91894E-6 3.78804E-6 5.06472E-6 1.19851E-5 3.43701E-5 4.06952E-5 4.05527E-5 6.07516E-6 2.09377E-5 4.2782E-5 3.91818E-5 3.88442E-5 4.1414E-5 6.78682E-5 1.69007E-5 1.66824E-5 4.48242E-5 3.10066E-5
2.81924E-5 8.73868E-6 7.06208E-6 1.65935E-5 1.00657E-5 1.11279E-5 1.58449E-5 9.39306E-6 1.46275E-5 8.81248E-6 1.48617E-5 1.25226E-5 7.16395E-6 3.78458E-6 2.36324E-6 3.97284E-6 9.74478E-6 2.72875E-5 2.16812E-5 1.60703E-5 2.44154E-6 1.14323E-5 6.10492E-6 1.53738E-5 1.52869E-5 2.83192E-5 2.50458E-5 3.31538E-6 1.27434E-5 8.92476E-6 4.2024E-6 7.95112E-6 3.97183E-6 7.94647E-6 1.06421E-5 4.65394E-6 7.30217E-6 3.87674E-6 3.84565E-5 2.63748E-5 3.81732E-5 1.04782E-5 4.54528E-6 2.67561E-6 5.26089E-6 6.48675E-6 4.51054E-6 4.16253E-6 4.89121E-6 5.37383E-6 9.48431E-6 1.2121E-5 1.61511E-5 1.65509E-5 3.99788E-5 3.61039E-5 3.45571E-5 3.77232E-5 4.55676E-5 3.56515E-5 2.36006E-5 8.59429E-6 5.00877E-6 2.48897E-5 7.15811E-5
8.39183E-6 2.76023E-5 1.32723E-5 8.5229E-6 1.45797E-5 1.61304E-5 1.06771E-5 6.09232E-6 5.34225E-6 1.02601E-5 1.8003E-5 9.79272E-6 6.42333E-6 2.80815E-6 1.72332E-6 1.24182E-6 3.09026E-6 3.3587E-6 4.44111E-6 1.23988E-5 1.95529E-5 1.67705E-5 1.1194E-5 1.12125E-5 1.70598E-5 2.685E-5 1.14105E-5 8.12721E-6 2.2462E-5 2.44917E-5 1.17605E-5 6.54477E-6 4.20409E-6 4.1207E-6 5.21149E-6 5.08154E-6 6.21084E-6 4.40488E-6 4.11892E-6 3.56874E-5 2.63065E-5 9.1475E-6 3.04527E-6 5.63834E-6 5.11339E-6 7.2821E-6 8.07373E-6 5.05304E-6 4.25611E-6 5.83455E-6 5.34163E-6 6.7144E-6 5.42131E-6 5.03252E-6 1.26293E-5 2.58076E-5 2.61711E-5 4.89943E-6 9.88538E-6 1.76891E-5 2.89421E-5 5.09716E-6 2.77337E-6 1.84238E-5 5.04885E-5
6.93257E-6 7.10488E-6 1.00195E-5 1.31618E-5 2.80421E-5 1.28483E-5 6.32781E-6 5.84469E-6 5.8478E-6 5.12354E-6 6.29738E-6 1.17266E-5 1.93386E-5 3.87066E-6 5.60759E-6 4.2377E-6 5.74208E-6 3.79654E-6 6.95095E-6 1.57233E-5 1.31975E-5 2.06058E-5 1.28811E-5 5.32886E-6 2.78993E-5 3.64899E-5 7.67802E-6 1.54567E-5 1.88519E-5 1.52404E-5 4.05043E-6 3.85912E-6 3.78671E-6 3.71159E-6 3.63009E-6 3.7388E-6 5.71584E-6 1.01998E-5 3.63096E-6 1.87075E-5 2.06685E-5 1.43805E-5 9.71673E-6 8.9387E-6 5.37706E-6 5.3014E-6 6.27425E-6 8.04905E-6 7.31644E-6 7.47674E-6 4.79795E-6 6.87706E-6 4.54771E-6 6.35214E-6 1.52045E-5 9.38369E-6 8.1416E-6 1.99583E-5 1.37321E-5 1.40568E-5 8.34006E-6 1.27279E-5 3.29407E-6 1.77706E-5 5.0785E-5
1.12604E-5 4.36939E-6 9.79254E-6 1.23684E-5 1.40444E-5 2.30277E-5 1.51265E-5 6.87756E-6 5.0578E-6 8.72316E-6 7.25561E-6 2.11361E-5 1.02383E-5 1.05777E-5 8.46109E-6 9.35552E-6 1.84584E-5 1.02137E-5 1.13072E-5 1.36505E-5 1.07079E-5 7.52874E-6 1.21865E-5 2.33586E-5 3.56327E-5 2.28181E-5 6.77912E-6 2.21694E-5 1.60541E-5 5.63272E-6 6.00232E-6 6.63318E-6 3.6944E-6 3.71856E-6 4.31983E-6 1.10551E-5 1.1437E-5 1.06959E-5 3.9172E-6 1.40286E-5 2.49378E-5 6.89211E-6 1.25452E-5 2.08694E-5 9.13183E-6 1.01625E-5 8.07663E-6 8.89958E-6 6.0802E-6 3.51553E-6 4.55752E-6 6.1349E-6 7.91533E-6 6.43156E-6 2.76883E-6 4.69992E-6 4.4698E-6 1.33161E-5 1.31925E-5 1.26764E-5 5.01241E-6 6.04217E-6 1.7288E-5 2.60275E-5 2.13897E-5
1.73398E-5 1.54195E-5 2.01598E-5 1.38944E-5 2.52913E-5 2.2137E-5 1.77729E-5 2.6198E-5 2.18709E-5 3.1516E-5 3.49942E-5 1.59811E-5 6.90596E-6 6.4909E-6 7.91734E-6 9.13096E-6 2.11988E-5 2.22674E-5 1.11477E-5 1.34459E-5 8.70424E-6 3.78507E-6 3.42242E-6 2.71339E-6 1.16821E-5 2.16917E-5 1.95937E-5 9.49125E-6 7.93309E-6 5.43545E-6 5.16938E-6 4.09737E-6 3.28175E-6 5.37707E-6 5.7003E-6 7.00676E-6 8.13794E-6 1.56536E-5 6.49311E-6 4.29462E-6 1.14955E-5 6.10608E-6 4.71908E-6 7.45197E-6 7.4618E-6 7.50815E-6 9.9058E-6 7.89935E-6 5.98914E-6 4.21372E-6 4.52539E-6 8.86715E-6 1.36073E-5 4.70254E-6 5.02051E-6 3.70512E-6 4.43312E-6 8.08587E-6 3.63125E-6 2.51847E-6 1.00562E-5 2.25489E-6 9.36084E-6 2.05512E-5 8.37359E-6
9.25513E-6 1.42429E-5 8.75544E-6 1.31677E-5 5.33097E-6 8.89689E-6 1.33764E-5 1.06407E-5 6.12362E-6 5.50038E-6 2.72069E-5 3.70286E-5 2.20195E-5 2.3677E-5 1.49646E-5 1.50961E-5 2.49962E-5 1.93656E-5 1.28212E-5 7.08617E-6 6.27605E-6 8.68368E-6 8.25291E-6 6.54044E-6 6.94494E-6 5.18947E-6 2.27917E-5 3.06278E-5 1.14892E-5 5.93381E-6 7.33897E-6 4.48317E-6 5.9153E-6 4.79079E-6 5.13999E-6 4.27335E-6 4.25343E-6 6.64472E-6 7.31582E-6 2.2036E-6 5.23044E-6 4.05267E-6 5.48778E-6 3.63696E-6 8.02796E-6 1.463E-5 1.05365E-5 6.11346E-6 3.35653E-6 6.79292E-6 8.02166E-6 5.47574E-6 7.06295E-6 5.73895E-6 6.26472E-6 4.90516E-6 4.79289E-6 7.98973E-6 3.34466E-6 1.94161E-6 6.32421E-6 2.79284E-6 7.50991E-6 1.0861E-5 1.42068E-6
7.22408E-6 5.6948E-6 5.25012E-6 5.23815E-6 6.60539E-6 3.20304E-6 3.31857E-6 1.36132E-5 2.20092E-6 1.55441E-6 2.91503E-6 3.37717E-6 6.23838E-6 2.68618E-5 3.89395E-5 2.90764E-5 3.46844E-5 3.05824E-5 3.99813E-5 2.55834E-5 1.99537E-5 1.2571E-5 1.22552E-5 1.44638E-5 1.21594E-5 8.29667E-6 2.92228E-5 2.78436E-5 2.63087E-5 2.11337E-5 1.97964E-5 1.19967E-5 7.89767E-6 1.00318E-5 1.10673E-5 4.30155E-6 5.35732E-6 3.97878E-6 1.0821E-5 2.23971E-6 6.00643E-6 3.82168E-6 5.79462E-6 2.88375E-6 5.97562E-6 7.44352E-6 6.14336E-6 2.6323E-6 5.00145E-6 5.93292E-6 7.01322E-6 7.2531E-6 5.57828E-6 3.78997E-6 1.10959E-5 6.12935E-6 5.27363E-6 8.59904E-6 4.70047E-6 2.41605E-6 2.66318E-6 7.08445E-6 1.35576E-5 9.62925E-6 2.61294E-6
3.25622E-6 3.24986E-6 2.34636E-6 3.29137E-6 2.45883E-6 1.5961E-6 3.45384E-6 8.5504E-6 1.71198E-6 5.06274E-6 7.34863E-6 4.78009E-6 7.69232E-6 8.60425E-6 1.21317E-5 2.40659E-5 9.44132E-6 8.32485E-6 5.65421E-6 2.73388E-5 3.78569E-5 2.19678E-5 2.14651E-5 2.34675E-5 1.72862E-5 3.43789E-5 3.45796E-5 2.80024E-5 2.36601E-5 2.90035E-5 2.9025E-5 2.33023E-5 1.93767E-5 2.34086E-5 4.24682E-5 3.14277E-5 3.25678E-5 4.19276E-5 2.56222E-5 7.02396E-6 1.4513E-5 8.67891E-6 4.6878E-6 4.86871E-6 8.6848E-6 1.13326E-5 3.78505E-6 3.0019E-6 7.08219E-6 5.94797E-6 2.17394E-5 1.33306E-5 8.20156E-6 8.61521E-6 8.98648E-6 5.26527E-6 9.04245E-6 7.31615E-6 6.63567E-6 3.76448E-6 2.30737E-6 3.4621E-6 2.44197E-5 6.06044E-6 1.16247E-5
2.38832E-6 3.2961E-6 2.19968E-6 1.62213E-6 1.62564E-6 1.74905E-6 5.20869E-6 4.49295E-6 3.36142E-6 1.06741E-5 4.58458E-6 1.83062E-6 3.84388E-6 4.89916E-6 3.56881E-6 4.00493E-6 5.32894E-6 3.29037E-6 8.98733E-6 2.28057E-5 3.17385E-5 3.56247E-5 3.18992E-5 2.12573E-5 3.16942E-5 4.70409E-5 3.18718E-5 3.29807E-5 5.07982E-5 3.01288E-5 3.34727E-5 3.29102E-5 2.495E-5 1.60857E-5 4.57532E-5 1.74335E-5 3.58942E-5 3.12659E-5 2.34768E-5 3.66247E-5 4.55174E-5 1.66008E-5 4.43111E-6 9.43924E-6 4.0326E-6 9.77979E-6 3.90515E-6 7.21508E-6 1.33482E-5 8.50655E-6 7.60891E-6 1.52376E-5 7.95013E-6 5.65017E-6 9.26237E-6 5.01378E-6 1.08123E-5 8.90245E-6 1.26126E-5 4.88559E-6 3.807E-6 8.64294E-6 2.46276E-5 3.33765E-6 1.3182E-5
3.30671E-6 3.00576E-6 1.64802E-6 1.65266E-6 2.13423E-6 6.37067E-6 7.64268E-6 3.99039E-6 2.79903E-6 5.57616E-6 5.57913E-6 1.82639E-6 1.76774E-6 3.33729E-6 3.26572E-6 4.17179E-6 2.43481E-6 6.67435E-6 1.60191E-5 1.6276E-5 2.9237E-5 2.62028E-5 3.04649E-5 3.07962E-5 2.01619E-5 1.7569E-5 1.29063E-5 2.04281E-5 2.98301E-5 3.11567E-5 3.38685E-5 3.32384E-5 2.29847E-5 3.66759E-5 3.75846E-5 3.95485E-5 1.57165E-5 1.50397E-5 1.11888E-5 2.53287E-5 2.75145E-5 2.54928E-5 8.82941E-6 5.14314E-6 6.09953E-6 7.16151E-6 5.26188E-6 8.02031E-6 1.95132E-5 7.51374E-6 6.88757E-6 1.27082E-5 8.24889E-6 8.37129E-6 4.81659E-6 4.37463E-6 5.13058E-6 9.78282E-6 7.20363E-6 4.38563E-6 2.35912E-6 9.30591E-6 1.99739E-5 1.81497E-6 3.98972E-6
3.04327E-6 3.13834E-6 1.80672E-6 4.53563E-6 9.11736E-6 3.16588E-6 2.87917E-6 3.18734E-6 5.09838E-6 3.49634E-6 2.73574E-6 2.61701E-6 1.88008E-6 8.81608E-6 4.0975E-6 8.16574E-6 3.60952E-6 7.30386E-6 1.76213E-5 8.84629E-6 1.93955E-5 8.43992E-6 7.90206E-6 1.01055E-5 1.63847E-5 1.94115E-5 4.01528E-5 9.40853E-6 5.87059E-6 1.03458E-5 1.4821E-5 3.1917E-6 6.30752E-6 1.32692E-5 1.13006E-5 6.07453E-6 5.9382E-6 4.98335E-6 1.00651E-5 3.31917E-5 2.44976E-5 2.67357E-5 1.3321E-5 1.69399E-5 3.79249E-6 4.27062E-6 3.17491E-6 1.35998E-5 1.44685E-5 1.57839E-5 7.53376E-6 1.2495E-5 1.06553E-5 6.75065E-6 2.5825E-6 2.76525E-6 4.42736E-6 5.4835E-6 8.11589E-6 6.61652E-6 2.88495E-6 1.00759E-5 1.31432E-5 2.97369E-6 2.19439E-6
3.13166E-6 1.40332E-6 3.09977E-6 1.32729E-5 2.02413E-6 5.20323E-6 1.50886E-5 2.11942E-5 1.18876E-5 1.50177E-5 2.80319E-6 2.88313E-6 1.83035E-6 3.18381E-6 3.27892E-6 7.59034E-6 7.97099E-6 4.0494E-6 1.32886E-5 8.67712E-6 1.70378E-5 3.95059E-6 5.98525E-6 6.58059E-6 3.75179E-5 4.9664E-5 2.30246E-5 5.49595E-6 5.31157E-6 5.30902E-6 5.11024E-6 5.61655E-6 2.23376E-6 2.44224E-6 6.96752E-6 3.90025E-6 7.66878E-6 5.78999E-6 1.87653E-5 1.45536E-5 1.31186E-5 3.54393E-5 9.36656E-6 8.64309E-6 4.14813E-6 4.98892E-6 1.19599E-5 6.6765E-6 1.61185E-5 1.96328E-5 2.21045E-5 1.23339E-5 5.74808E-6 5.94003E-6 4.83226E-6 3.55683E-6 4.37388E-6 3.03124E-6 5.53653E-6 5.17753E-6 4.11466E-6 1.23659E-5 1.40578E-5 1.2789E-6 1.56681E-6
2.52837E-6 4.51868E-6 8.60753E-6 2.34278E-6 2.99151E-6 6.27449E-6 3.97945E-6 6.1564E-6 1.8754E-5 1.78572E-5 1.84126E-5 3.60342E-6 5.58965E-6 7.61894E-6 1.0328E-5 7.88505E-6 4.59295E-6 4.99827E-6 5.68525E-6 8.7448E-6 1.40866E-5 4.08479E-6 4.04554E-6 7.51898E-6 1.65575E-5 1.32442E-5 1.9735E-5 1.16033E-5 7.67997E-6 7.64398E-6 7.14188E-6 5.58278E-6 3.4596E-6 4.20774E-6 9.17762E-6 7.27314E-6 1.50568E-5 2.31483E-5 2.28066E-5 1.70388E-5 8.38202E-6 7.22116E-6 1.47991E-5 1.26314E-5 4.22556E-6 1.46062E-5 1.38489E-5 1.93686E-5 1.60786E-5 3.43728E-5 1.08445E-5 6.69015E-6 5.20165E-6 6.6352E-6 4.07676E-6 6.62481E-6 4.3593E-6 5.25002E-6 5.93976E-6 3.30593E-6 4.02942E-6 2.36655E-5 9.2671E-6 1.04079E-6 1.25844E-6
8.01935E-6 1.51288E-5 2.2782E-6 2.13242E-6 3.64198E-6 3.21049E-6 2.41989E-5 2.351E-5 2.0212E-5 1.12296E-5 5.42471E-6 5.91621E-6 9.23136E-6 1.86917E-5 6.93956E-6 9.49635E-6 7.7413E-6 1.02103E-5 1.15306E-5 9.47486E-6 1.26662E-5 8.83224E-6 1.67515E-5 6.4608E-6 6.35265E-6 2.34538E-5 3.34638E-5 2.21414E-5 2.34507E-5 4.3228E-5 3.47488E-5 1.07739E-5 3.5631E-6 4.99502E-6 1.23883E-5 9.40344E-6 1.18567E-5 2.41437E-5 6.87583E-6 1.40213E-5 2.53127E-5 4.87734E-6 1.82239E-5 1.12764E-5 8.24535E-6 5.69536E-6 6.98996E-6 1.91577E-5 4.70027E-5 3.2699E-5 6.13849E-6 1.21115E-5 5.23994E-6 1.09332E-5 7.27329E-6 4.50795E-6 4.48023E-6 4.49677E-6 5.74161E-6 3.51609E-6 3.85273E-6 2.41646E-5 6.38081E-6 1.15462E-6 9.1823E-7
3.61736E-5 6.12947E-6 2.3622E-6 2.74997E-6 1.04277E-5 2.96786E-5 2.15858E-5 1.38297E-5 1.79544E-5 1.66708E-5 8.70931E-6 1.49648E-5 1.05065E-5 9.88422E-6 5.8358E-6 5.55438E-6 9.57445E-6 1.41784E-5 2.68153E-5 2.04662E-5 2.48222E-5 3.42176E-5 3.50027E-5 1.88125E-5 1.82536E-5 1.89529E-5 4.67795E-5 3.08085E-5 5.81651E-5 5.93086E-5 6.64016E-5 1.46547E-5 3.71477E-6 6.43409E-6 1.4166E-5 1.74223E-5 3.31033E-5 3.37041E-5 1.0828E-5 3.04258E-5 4.39675E-6 2.67094E-6 2.71884E-5 6.182E-6 6.21459E-6 5.24722E-6 1.27518E-5 1.79772E-5 3.94445E-5 5.20286E-5 1.55022E-5 1.31148E-5 1.00428E-5 1.70964E-5 8.21394E-6 3.66638E-6 3.64615E-6 3.6628E-6 4.14122E-6 5.08286E-6 4.97143E-6 1.50284E-5 1.40338E-5 1.19487E-6 8.13605E-7
8.61092E-6 4.03889E-6 1.76978E-5 1.4511E-5 1.76012E-5 3.45081E-5 2.57006E-5 1.56407E-5 1.8895E-5 9.89287E-6 1.70462E-5 2.14015E-5 1.2558E-5 1.52022E-5 4.41338E-6 4.00436E-6 1.09714E-5 2.33472E-5 3.488E-5 3.32326E-5 2.26312E-5 2.83912E-5 3.68237E-5 5.74416E-5 4.29764E-5 4.03135E-5 1.78791E-5 4.60913E-5 6.28547E-5 5.0453E-5 7.7755E-5 4.57208E-5 2.88489E-5 2.53576E-5 6.19389E-5 6.7136E-5 1.55273E-5 4.22499E-5 6.15298E-5 2.23391E-5 6.54494E-6 2.88078E-6 2.44677E-5 5.82952E-6 3.16813E-6 9.03025E-6 1.14557E-5 1.12558E-5 3.30683E-5 1.62997E-5 3.10088E-5 1.50783E-5 1.24625E-5 1.5002E-5 2.05447E-5 5.91977E-6 4.61936E-6 2.69168E-6 4.59151E-6 5.86155E-6 4.24167E-6 6.54481E-6 1.73414E-5 2.87518E-6 7.25996E-7
9.52169E-6 7.3766E-6 6.73767E-6 2.37721E-5 2.43932E-5 3.51791E-5 3.48766E-5 1.20055E-5 2.72197E-5 2.14752E-5 1.305E-5 1.01239E-5 1.33886E-5 2.99658E-5 1.64847E-5 9.79364E-6 2.52235E-5 3.6495E-5 3.69265E-5 3.98397E-5 5.23225E-5 4.56513E-5 4.80722E-5 3.44313E-5 5.82786E-5 3.74172E-5 4.74715E-5 6.26419E-5 4.41716E-5 4.12275E-5 7.05023E-5 4.28627E-5 3.70545E-5 2.71096E-5 2.60518E-5 5.33895E-5 3.20091E-5 4.49119E-5 5.32958E-5 5.91152E-6 4.97641E-6 6.6449E-6 1.96323E-5 2.26918E-5 1.45116E-5 2.26949E-5 1.16564E-5 1.64009E-5 1.23303E-5 2.19863E-5 3.47297E-5 6.64458E-5 3.07507E-5 1.98212E-5 3.74415E-5 1.77868E-5 9.07036E-6 5.74574E-6 5.71937E-6 7.63813E-6 4.36276E-6 3.38344E-6 1.51867E-5 5.94623E-6 8.57242E-7
1.96825E-5 2.62283E-5 2.20987E-5 2.51468E-5 7.80101E-5 2.30993E-5 2.42925E-5 1.89355E-5 9.27032E-6 2.90161E-5 2.26736E-5 2.16604E-5 1.36657E-5 2.16453E-5 4.13381E-5 3.79489E-5 3.71386E-5 3.3187E-5 4.75975E-5 2.76786E-5 3.26379E-5 5.6107E-5 6.48609E-5 7.39031E-5 5.69366E-5 6.00092E-5 6.89579E-5 6.07055E-5 6.40696E-5 7.13034E-5 7.61871E-5 8.48864E-5 6.72687E-5 8.53069E-5 5.36707E-5 3.67595E-5 3.25667E-5 6.475E-5 2.5504E-5 6.25998E-6 6.21098E-6 4.43794E-6 1.2783E-5 3.45812E-5 1.55826E-5 2.15212E-5 1.24048E-5 1.38424E-5 1.66946E-5 2.23233E-5 3.05459E-5 1.02806E-5 1.38644E-5 3.10416E-5 1.21634E-5 2.06684E-5 2.58153E-5 9.47615E-6 6.98253E-6 6.83231E-6 3.29276E-6 1.90145E-6 9.11956E-6 1.08023E-5 2.0494E-6
1.77873E-5 4.31629E-5 2.11555E-5 1.11744E-5 2.14375E-5 3.53876E-5 2.30383E-5 4.50888E-5 4.11982E-5 3.45316E-5 2.55805E-5 2.2591E-5 4.74037E-5 3.02163E-5 3.1815E-5 4.08618E-5 3.78487E-5 4.0306E-5 4.07603E-5 4.55958E-5 6.57388E-5 5.55299E-5 8.08615E-5 7.63905E-5 7.39866E-5 5.05008E-5 7.42543E-5 7.07715E-5 4.40311E-5 7.24907E-5 5.2558E-5 8.73662E-5 5.79244E-5 1.04596E-4 4.20809E-5 5.29376E-5 3.36408E-5 6.90796E-5 2.03469E-5 7.3158E-6 7.63105E-6 4.21333E-6 6.41429E-6 1.1427E-5 2.43241E-5 1.88439E-5 1.24257E-5 2.76574E-5 7.78208E-6 6.41798E-6 7.45011E-6 8.02028E-6 1.26613E-5 5.08106E-6 4.67352E-6 2.76838E-5 3.44918E-5 1.10044E-5 2.49927E-5 4.34335E-6 2.47614E-6 2.16166E-6 3.30989E-6 1.11111E-5 1.35121E-6
3.70933E-5 5.84859E-5 3.97536E-5 1.25497E-5 5.07205E-5 7.04411E-5 3.56274E-5 5.99612E-5 3.12264E-5 4.16206E-5 3.02045E-5 4.03322E-5 1.20264E-4 1.18643E-4 1.2517E-4 1.22751E-4 4.32799E-5 4.36844E-5 4.74473E-5 3.63664E-5 6.77895E-5 7.23799E-5 7.7878E-5 7.37549E-5 6.94409E-5 3.69621E-5 7.11597E-5 4.59909E-5 6.52448E-5 6.18211E-5 6.24655E-5 8.84334E-5 9.22808E-5 1.00033E-4 9.53907E-5 5.29333E-5 2.94537E-5 3.88993E-5 8.12043E-6 5.88518E-6 6.20619E-6 4.08251E-6 4.81396E-6 4.69026E-6 5.94639E-6 1.63211E-5 3.80977E-6 1.23096E-5 3.37091E-5 2.19595E-5 3.28393E-5 5.58467E-6 4.65898E-6 4.38973E-6 4.62579E-6 4.37143E-6 1.9059E-5 3.67952E-5 1.81906E-5 1.05603E-5 2.28561E-6 1.68749E-6 1.91999E-6 1.13191E-5 1.24986E-6
1.40376E-5 5.95887E-5 5.93872E-5 1.6818E-4 5.46192E-5 6.66765E-5 1.09653E-4 8.49979E-5 1.13346E-4 4.53206E-5 4.33317E-5 3.15807E-5 1.01973E-4 8.54733E-5 1.32786E-4 1.31695E-4 4.37265E-5 3.3978E-5 4.4406E-5 4.51637E-5 6.59655E-5 7.11447E-5 7.63616E-5 7.0226E-5 6.79472E-5 6.16157E-5 6.62882E-5 6.88459E-5 4.2337E-5 4.88491E-5 3.84845E-5 6.80193E-5 6.81906E-5 1.02882E-4 6.92232E-5 3.07374E-5 2.32436E-5 4.28212E-5 1.43948E-5 7.60146E-6 7.40746E-6 6.06365E-6 3.94895E-6 4.83753E-6 3.97469E-6 5.61385E-6 1.68499E-5 4.72159E-6 1.71471E-5 7.70373E-6 1.469E-5 3.07116E-5 4.69992E-6 3.61742E-6 3.5888E-6 4.37479E-6 8.8075E-6 1.76528E-5 3.47061E-5 1.66904E-5 2.68179E-6 1.53379E-6 3.50612E-6 1.50091E-5 1.6767E-6
2.63578E-5 4.50246E-5 3.84973E-5 4.82672E-5 9.68658E-5 2.32509E-4 7.60053E-5 1.7376E-4 3.98741E-5 6.26168E-5 6.07982E-5 4.08116E-5 4.45637E-5 7.03237E-5 6.03131E-5 1.3092E-4 5.56988E-5 6.25581E-5 3.36599E-5 6.15687E-5 5.68818E-5 6.55557E-5 7.76191E-5 6.09111E-5 6.86375E-5 4.65842E-5 4.87694E-5 7.78885E-5 6.78328E-5 6.67531E-5 3.07699E-5 7.57322E-5 8.2411E-5 7.49762E-5 4.53683E-5 1.01362E-4 2.70048E-5 1.3023E-5 2.49277E-5 7.24546E-6 1.06076E-5 1.46429E-5 4.4475E-6 1.47198E-5 1.43972E-5 7.28873E-6 5.21445E-6 8.10734E-6 1.15958E-5 5.92428E-6 5.9146E-6 2.62179E-5 1.79868E-5 9.78356E-6 8.13186E-6 4.13415E-6 4.99917E-6 1.16416E-5 2.3843E-5 2.20857E-5 5.14624E-6 1.88274E-6 6.48871E-6 2.50148E-5 4.45215E-6
