catData/rasterBestHybridModels/Prubiginosus/RD_RM1.5_LQ/Prubiginosus_avg.asc
ncols         409
nrows         350
xllcorner     60.897278365
yllcorner     5.843756025
cellsize      0.0892857
NODATA_value  -9999
[rows 145 to 173 of 350, columns 132 to 197 of 409]
3.59344E-5 7.69893E-5 1.22214E-4 8.77297E-5 9.23277E-5 1.0221E-3 3.91395E-3 3.77447E-4 8.70374E-5 8.02692E-5 6.65395E-5 1.31641E-4 3.67963E-5 5.10644E-5 5.64086E-5 3.8601E-5 5.02272E-5 9.25765E-5 1.19357E-4 1.48993E-4 2.31182E-4 5.3767E-4 1.87031E-4 1.25687E-4 4.70791E-5 2.65592E-5 4.54268E-5 2.09553E-5 1.42959E-5 2.59119E-5 3.33736E-5 2.8533E-5 2.9336E-5 3.22852E-5 2.78266E-5 2.14633E-5 3.10263E-5 3.36283E-5 6.31438E-5 2.3504E-5 3.12799E-5 4.37552E-5 6.16392E-5 6.09315E-5 3.80535E-5 3.46329E-5 4.52019E-5 3.14308E-5 3.49168E-5 2.35904E-5 2.5912E-5 4.92206E-5 5.62319E-5 5.65031E-5 6.03538E-5 4.85201E-5 1.14703E-4 2.4936E-4 5.27172E-5 4.04549E-5 4.26161E-5 3.26894E-5 4.13067E-5 3.97502E-5 4.67017E-5 2.9447E-5
2.52326E-5 4.32035E-5 5.43674E-5 6.26346E-5 1.24276E-4 3.07585E-4 1.18265E-3 2.09155E-4 3.53766E-5 7.77818E-5 1.27036E-4 5.37846E-5 3.68471E-5 5.83111E-5 5.38192E-5 5.92079E-5 9.47758E-5 7.35828E-5 1.94921E-4 9.2281E-5 5.8491E-4 2.76636E-4 1.97175E-4 1.32152E-4 6.95459E-5 2.34461E-5 2.33946E-5 1.93984E-5 4.79392E-5 4.77207E-5 2.73269E-5 4.08067E-5 1.92208E-5 1.61329E-5 2.69507E-5 4.33094E-5 3.84948E-5 3.11855E-5 4.17074E-5 3.41507E-5 1.89184E-5 2.77061E-5 3.60142E-5 5.96541E-5 3.84042E-5 5.51019E-5 4.2514E-5 1.16722E-5 3.78085E-5 3.62841E-5 2.65474E-5 4.37946E-5 7.77471E-5 6.69782E-5 3.35288E-5 4.43705E-5 4.89719E-5 6.62655E-5 3.38814E-5 2.82893E-5 4.20612E-5 3.45146E-5 7.50893E-5 5.33772E-5 6.39514E-5 1.42183E-5
3.49796E-5 3.85754E-5 1.06875E-4 1.47555E-4 1.42688E-4 5.4025E-4 5.82076E-4 8.39663E-5 5.87288E-5 6.99727E-5 1.2551E-4 5.47094E-5 4.10067E-5 6.25318E-5 4.6299E-5 6.30624E-5 4.49589E-5 8.10205E-5 1.29316E-4 1.55024E-4 1.40275E-4 1.24615E-3 1.3042E-4 1.5386E-4 6.71465E-5 6.80461E-6 7.39161E-6 8.54037E-6 2.29129E-5 4.50472E-5 4.85624E-5 3.44166E-5 3.34695E-5 3.5564E-5 3.7609E-5 4.66383E-5 3.68615E-5 2.91125E-5 1.18564E-5 1.64895E-5 3.52065E-5 3.97374E-5 8.17063E-6 2.33674E-5 1.9626E-5 3.27862E-5 2.68898E-5 1.01769E-5 1.9982E-5 4.07096E-5 3.8025E-5 5.76689E-5 5.76415E-5 4.89956E-5 4.63932E-5 4.26705E-5 5.44138E-5 8.53925E-5 3.83196E-5 4.12145E-5 5.10126E-5 6.24505E-5 1.73592E-4 6.3381E-5 5.25526E-5 2.25217E-4
4.69655E-5 2.16059E-4 2.00721E-4 1.54298E-4 3.467E-4 3.63204E-4 1.86016E-4 1.51953E-4 4.45294E-5 3.40744E-5 3.8245E-5 5.97554E-5 1.32645E-4 6.52445E-5 8.44304E-5 1.82264E-4 1.26525E-4 7.86529E-5 7.70602E-5 1.9223E-4 1.5124E-4 6.15963E-4 1.19795E-4 1.58046E-4 7.45093E-5 1.80515E-5 5.92193E-6 6.08099E-6 2.74789E-5 2.73472E-5 5.6425E-5 4.18811E-5 1.94693E-5 2.09736E-5 2.20731E-5 4.69297E-5 1.57731E-5 4.19988E-5 3.08427E-5 1.63121E-5 5.39877E-5 4.90491E-5 1.85048E-5 2.03687E-5 7.33969E-6 3.06536E-5 3.503E-5 1.38913E-5 1.48198E-5 2.30806E-5 2.77698E-5 5.35369E-5 6.53459E-5 5.55443E-5 5.61453E-5 4.11539E-5 5.5116E-5 6.27028E-5 9.7829E-5 8.52662E-5 6.72688E-5 6.13887E-5 1.21631E-4 1.24474E-4 8.83943E-5 1.23718E-4
8.00555E-5 7.43317E-5 1.88975E-4 1.35684E-4 8.11297E-5 1.66469E-4 1.07297E-4 1.65172E-4 1.20476E-4 7.27228E-5 5.22419E-5 6.01983E-5 3.19714E-5 6.9179E-5 1.55966E-4 1.65005E-4 1.76894E-4 1.81444E-4 2.05934E-4 2.47296E-4 2.19419E-4 2.34757E-4 1.50494E-4 1.75831E-4 1.05298E-4 3.62543E-5 2.09142E-5 1.57841E-5 1.39501E-5 3.96138E-5 3.84895E-5 3.73531E-5 3.25317E-5 3.93646E-5 3.80409E-5 2.46601E-5 2.62225E-5 2.58509E-5 1.76581E-5 1.37351E-5 1.95421E-5 2.74903E-5 2.43052E-5 2.82285E-5 2.95213E-5 1.61562E-5 1.23142E-5 1.22266E-5 3.88454E-5 3.33292E-5 3.39335E-5 5.8028E-5 4.59293E-5 4.77987E-5 9.40927E-5 1.75462E-4 4.17049E-5 5.13445E-5 4.94608E-5 6.6593E-5 4.91055E-5 7.01642E-5 2.33664E-4 1.03434E-4 6.84095E-5 5.73697E-5
7.35481E-5 5.24604E-5 1.47665E-4 1.08081E-4 8.24246E-5 6.24366E-5 7.79466E-5 6.73721E-5 9.06904E-5 5.59482E-5 5.21632E-5 6.12864E-5 4.97572E-5 4.34136E-5 1.28862E-4 1.53767E-4 2.06578E-4 2.43662E-4 1.64958E-4 2.85422E-4 1.25968E-4 1.38128E-4 1.93492E-4 2.05981E-4 3.26671E-5 3.37604E-5 4.02726E-5 2.91885E-5 2.19952E-5 6.56147E-5 6.04419E-5 2.75855E-5 5.46523E-5 3.81844E-5 3.02136E-5 1.4082E-5 2.72422E-5 3.99037E-5 3.74813E-5 1.29343E-5 1.07256E-5 3.68859E-5 1.40081E-5 1.80801E-5 1.52455E-5 1.19467E-5 1.45026E-5 8.36398E-6 2.25594E-5 3.7371E-5 2.97774E-5 4.62898E-5 4.17463E-5 4.82837E-5 9.61027E-5 6.09824E-5 5.06333E-5 4.73327E-5 3.25169E-5 5.2269E-5 6.73232E-5 1.88591E-4 1.46841E-4 1.91674E-4 6.17921E-5 8.03094E-5
2.6424E-5 7.36586E-5 6.54105E-5 4.60216E-5 9.42735E-5 7.46231E-5 7.34707E-5 1.09024E-4 6.03308E-5 4.50708E-5 6.94486E-5 5.71588E-5 9.94447E-5 1.00432E-4 1.5658E-4 1.6077E-4 2.80751E-4 2.39868E-4 1.13554E-4 1.40841E-4 2.27251E-4 2.05871E-4 1.86737E-4 5.8699E-5 5.54111E-5 2.87178E-5 2.11717E-5 3.14745E-5 2.46404E-5 2.87995E-5 4.26994E-5 3.77966E-5 2.83193E-5 2.79281E-5 3.83069E-5 6.75302E-5 1.26404E-5 2.11549E-5 2.53877E-5 8.76807E-6 2.05917E-5 1.91513E-5 1.62395E-5 2.74259E-5 9.59422E-6 1.06496E-5 1.60471E-5 2.15354E-5 2.38038E-5 3.0533E-5 4.58609E-5 3.97073E-5 7.88048E-5 3.37083E-5 4.21607E-5 2.06726E-5 2.74996E-5 4.2835E-5 3.14904E-5 5.45102E-5 6.43964E-5 1.02145E-4 8.11655E-5 7.88481E-5 6.2909E-5 7.61505E-5
7.55013E-5 7.91679E-5 1.6524E-5 2.61577E-5 4.54229E-5 5.47369E-5 8.91101E-5 8.86981E-5 2.17343E-4 1.8062E-4 1.54223E-4 1.68998E-4 6.4763E-5 7.27848E-5 1.39082E-4 6.90219E-5 1.90783E-4 1.97594E-4 1.14787E-4 1.8617E-4 1.93431E-4 1.68702E-4 1.76838E-4 8.76862E-5 9.52379E-5 1.13984E-4 3.99261E-5 3.31053E-5 7.83763E-5 1.57182E-5 3.38241E-5 1.80296E-5 2.6212E-5 4.85037E-5 4.77698E-5 1.6154E-4 3.90771E-5 3.68072E-5 2.59799E-5 1.07446E-5 3.18953E-5 4.88346E-5 4.4928E-5 1.50219E-4 4.28008E-5 1.32043E-5 1.70753E-5 1.27274E-5 1.66325E-5 4.56337E-5 6.39082E-5 2.87906E-5 3.30539E-5 4.22102E-5 3.17418E-5 2.69435E-5 3.47266E-5 5.3736E-5 3.79289E-5 3.78634E-5 2.17489E-4 9.5076E-5 1.95734E-4 7.70807E-5 6.55301E-5 8.35293E-5
2.81504E-5 3.30718E-5 1.55949E-5 7.7891E-5 2.18034E-5 2.66316E-5 1.01687E-4 1.01533E-4 2.07548E-4 2.84681E-4 2.63381E-4 1.91528E-4 1.15405E-4 8.15684E-5 1.22079E-4 6.12558E-5 6.95788E-5 1.27467E-4 1.57885E-4 1.44269E-4 2.02219E-4 1.13139E-4 5.41467E-5 5.46744E-5 6.9933E-5 6.07903E-5 2.69644E-5 9.71859E-6 2.29592E-5 3.66258E-5 1.49383E-5 2.97315E-5 9.96332E-5 4.36853E-5 7.37188E-6 6.70334E-6 5.2607E-5 8.31262E-5 1.96176E-5 3.56758E-5 2.91563E-5 2.07816E-5 1.9769E-5 1.59546E-5 4.31793E-5 1.68345E-5 2.88742E-5 1.09074E-5 2.07052E-5 8.12822E-5 4.1103E-5 4.79673E-5 7.19496E-5 3.35795E-5 3.4277E-5 4.30144E-5 6.10054E-5 7.75565E-5 5.97638E-5 6.2446E-5 1.9846E-4 9.70244E-5 8.66185E-5 9.1033E-5 1.0115E-4 1.68592E-4
3.94626E-5 7.40468E-5 3.16188E-5 4.95172E-5 1.80835E-5 6.08668E-5 6.83931E-5 5.34534E-5 1.68512E-4 1.77113E-4 2.09292E-4 1.10549E-4 1.46044E-4 1.49782E-4 7.24804E-5 8.25778E-5 6.15132E-5 1.6221E-4 1.64132E-4 1.09081E-4 1.33648E-4 8.36275E-5 6.29463E-5 4.84453E-5 5.01127E-5 6.04913E-5 3.81661E-5 1.53025E-5 1.88937E-5 5.54289E-5 2.80566E-5 1.15117E-4 9.04261E-5 2.70852E-5 2.38224E-5 1.21154E-5 1.81317E-5 2.92166E-4 8.66063E-5 3.33757E-5 3.17762E-5 3.68289E-5 5.78601E-5 2.15686E-5 1.79795E-5 1.64661E-5 3.02533E-5 8.2566E-5 1.88537E-5 1.45884E-4 3.3682E-5 7.15153E-5 6.14628E-5 3.49356E-5 4.10259E-5 4.25564E-5 2.62746E-5 7.32632E-5 6.78055E-5 5.79085E-5 1.06977E-4 2.0298E-4 3.43031E-4 1.30285E-4 1.34685E-4 2.57618E-4
3.53707E-5 2.78986E-5 2.34166E-5 1.98327E-5 3.60093E-5 6.46296E-5 7.15758E-5 1.36972E-4 1.41657E-4 1.43184E-4 1.65938E-4 9.76034E-5 2.20477E-4 1.98881E-4 1.8595E-4 1.54012E-4 1.45203E-4 2.05635E-4 1.59178E-4 1.27069E-4 6.60852E-5 7.9501E-5 7.34703E-5 4.79612E-5 3.57641E-5 4.07374E-5 7.13302E-5 6.9453E-5 8.43591E-6 8.45587E-6 2.19036E-5 5.97657E-5 4.64389E-5 3.34674E-5 1.63697E-5 3.57303E-5 8.03691E-6 3.82338E-5 8.48202E-5 2.30963E-5 3.93832E-5 4.04509E-5 6.06998E-5 2.85342E-5 1.44103E-5 2.04308E-5 3.28474E-5 4.55114E-5 1.43742E-5 3.44468E-5 6.9656E-5 6.37429E-5 4.26448E-5 2.03594E-5 5.81761E-6 1.1553E-5 1.92746E-5 6.29561E-5 1.7203E-4 6.88228E-5 8.65071E-5 3.0715E-4 1.32205E-4 1.08937E-4 1.07783E-4 9.64769E-5
6.59695E-5 1.59738E-5 1.03576E-5 1.54853E-5 3.43418E-5 7.80237E-5 7.90819E-5 1.29209E-4 3.28628E-4 1.15757E-4 2.15888E-4 8.63788E-4 1.83684E-4 2.01857E-4 2.69368E-4 7.95536E-5 1.11671E-4 1.2134E-4 1.08241E-4 8.1733E-5 7.67194E-5 5.08752E-5 7.387E-5 5.87E-5 2.21225E-5 3.46097E-5 4.92668E-5 1.7246E-5 6.49982E-6 5.11077E-6 6.11531E-5 1.03701E-4 1.57577E-5 6.36992E-5 3.02576E-5 5.09276E-5 2.16877E-5 1.74074E-5 2.38052E-5 3.67733E-6 1.83795E-5 2.68521E-5 3.70324E-5 5.83393E-5 2.55113E-5 3.01593E-5 5.48205E-5 2.33483E-5 2.27904E-5 3.52653E-5 4.04784E-5 3.87921E-5 2.63742E-5 9.4136E-6 2.18186E-5 9.82871E-6 2.70826E-5 7.74789E-5 3.22015E-5 2.7946E-5 5.1862E-5 1.35076E-4 6.50222E-5 1.10066E-4 1.02107E-4 8.43663E-5
4.97084E-5 1.95972E-5 1.13197E-5 3.4312E-5 2.65145E-5 1.62474E-4 1.1928E-4 1.08308E-4 6.10678E-5 4.78318E-5 3.65842E-4 1.05823E-4 1.44831E-4 2.1909E-4 1.31509E-4 9.01505E-5 1.20455E-4 1.61013E-4 1.1755E-4 1.19152E-4 7.15942E-5 6.56666E-5 4.58714E-5 4.3119E-5 2.68436E-5 3.60663E-5 5.14894E-5 1.58437E-5 7.45873E-6 2.99235E-6 1.31337E-5 6.30608E-5 3.27593E-6 7.31387E-6 2.44344E-4 1.10283E-4 8.15971E-6 1.03227E-5 4.74506E-6 1.33714E-5 4.35311E-5 4.55639E-5 3.1137E-5 6.90017E-5 4.84994E-5 8.54389E-5 5.56099E-5 3.14214E-5 2.25829E-5 3.35796E-5 3.48907E-5 4.89299E-5 2.71923E-5 2.83399E-5 3.10891E-5 2.48857E-5 1.81888E-5 5.32019E-5 2.1575E-4 1.10253E-4 2.70753E-5 4.33793E-5 2.48023E-5 6.55718E-5 7.64248E-5 8.37231E-5
1.91816E-5 1.15566E-5 2.06966E-5 1.32709E-5 5.78628E-5 9.32701E-5 1.74587E-4 1.35484E-4 5.73856E-5 1.5703E-4 1.57189E-4 1.52741E-4 1.11009E-4 2.25633E-4 1.36233E-4 1.35986E-4 1.39108E-4 1.53814E-4 1.37256E-4 1.38255E-4 1.45964E-4 1.40524E-4 5.20698E-5 6.8599E-5 7.13678E-5 8.53088E-5 5.87969E-5 3.61487E-5 7.28029E-6 1.21223E-5 5.79568E-6 2.54043E-5 3.34141E-6 1.78405E-5 3.26156E-6 8.79252E-6 1.73692E-5 2.96148E-5 2.58022E-5 3.45833E-5 5.85079E-5 8.09857E-5 8.65396E-5 7.54434E-5 5.7222E-5 3.81703E-5 3.51013E-5 3.0701E-5 1.74302E-5 4.06375E-5 1.11788E-4 6.10143E-5 9.6747E-5 1.16656E-4 3.64064E-5 4.32027E-5 5.25681E-5 4.40242E-5 4.67817E-5 2.14322E-5 1.90311E-5 5.61672E-5 1.01069E-4 5.09932E-5 3.33347E-5 3.51412E-5
3.5377E-5 1.85124E-5 3.45407E-5 2.32457E-5 8.21433E-5 7.95005E-5 2.13517E-4 1.06627E-4 4.76863E-5 6.03784E-5 4.64803E-4 3.38906E-4 1.72251E-4 1.43528E-4 1.69486E-4 1.34431E-4 7.98573E-5 1.04218E-4 1.36436E-4 1.38926E-4 1.40302E-4 1.13174E-4 1.19296E-4 9.82454E-5 7.009E-5 5.66945E-5 4.91983E-5 4.5711E-5 4.46666E-6 1.86448E-5 4.70076E-6 2.39146E-5 5.81611E-6 9.27548E-5 1.63457E-5 1.92515E-5 1.24475E-5 1.79329E-5 1.16269E-5 7.82121E-5 5.8809E-5 5.78303E-5 1.25145E-4 5.92893E-5 5.33006E-5 6.58287E-5 5.35976E-4 2.43165E-4 7.61873E-4 1.16248E-3 1.36154E-4 1.08658E-4 9.61856E-5 5.40049E-4 4.173E-4 1.62123E-4 2.57296E-5 2.45823E-5 1.40514E-5 8.85469E-6 2.98173E-5 6.15358E-5 4.56771E-5 2.20808E-5 4.01842E-5 2.24678E-5
3.40231E-5 4.86127E-5 6.84504E-5 5.42007E-5 9.038E-5 9.28758E-5 5.34854E-5 1.3297E-4 1.48419E-4 2.21365E-4 1.56376E-4 2.56831E-4 1.42776E-4 1.81316E-4 1.12407E-4 1.12845E-4 1.54811E-4 1.21031E-4 1.26611E-4 1.58877E-4 1.61738E-4 1.70478E-4 1.98062E-4 3.00235E-4 1.45158E-4 4.23964E-5 6.11029E-5 2.96358E-5 5.73255E-6 6.55425E-6 6.38427E-5 1.78309E-5 1.99793E-5 3.89715E-5 1.2067E-4 6.0955E-5 2.2887E-5 1.01104E-5 2.76681E-5 4.22384E-4 2.16445E-4 6.36998E-5 1.28E-4 5.6261E-5 1.39526E-4 1.22676E-4 1.12688E-4 8.07179E-5 1.00711E-4 1.15174E-4 1.32118E-4 2.63671E-4 7.30663E-5 4.80122E-5 2.4165E-5 1.79746E-5 1.7834E-5 1.73271E-5 6.52358E-6 2.96328E-5 6.41752E-5 2.66662E-5 9.6577E-6 1.09767E-5 2.24626E-5 1.00515E-5
6.46149E-6 1.31032E-5 1.08163E-5 8.88331E-6 2.97557E-5 8.95942E-5 1.60268E-4 1.57406E-4 5.71089E-5 1.54571E-4 2.91009E-4 5.36175E-4 5.04437E-4 2.37595E-4 2.41665E-4 2.71141E-4 4.31734E-4 1.2071E-4 1.34412E-4 1.82173E-4 1.83595E-4 1.67535E-4 1.25433E-4 1.74575E-4 1.75554E-4 1.76608E-4 8.95969E-5 8.98199E-6 3.23671E-6 5.16909E-6 1.10272E-5 3.03336E-5 3.63824E-5 4.20504E-5 2.94468E-5 4.90593E-5 2.04253E-5 1.14127E-5 1.38625E-4 1.98255E-4 9.89613E-5 2.33892E-4 7.18802E-4 1.15156E-4 9.84923E-5 6.53163E-5 8.34017E-5 4.76673E-5 5.09921E-5 1.0775E-4 1.19281E-4 5.41554E-4 3.51039E-5 6.45613E-5 4.81252E-5 1.20987E-5 2.78107E-6 5.94734E-6 2.52843E-5 1.74396E-5 4.67744E-5 4.97427E-5 5.37374E-5 5.25985E-5 1.8739E-4 3.04697E-4
9.17267E-6 1.22725E-5 1.03463E-5 5.60897E-5 3.95446E-5 6.42606E-5 8.40219E-5 1.05662E-4 2.21142E-4 5.43185E-4 2.44692E-4 2.05172E-4 1.88913E-4 6.83538E-4 8.0366E-4 4.93926E-4 3.96146E-4 4.35961E-4 4.82328E-4 1.36814E-4 2.15012E-4 8.90546E-5 1.44447E-4 5.13017E-4 3.00246E-4 3.01539E-4 7.14578E-5 1.25961E-5 1.42126E-5 3.5458E-5 1.17556E-5 1.09172E-5 3.1427E-5 4.47084E-5 7.76154E-5 9.07352E-5 7.36859E-5 4.42223E-5 2.9807E-4 5.08552E-4 2.42784E-4 2.12613E-4 2.39132E-4 5.27568E-5 9.33972E-5 4.0186E-5 7.00986E-5 4.12836E-5 6.44268E-5 4.69252E-5 5.97743E-5 6.06078E-5 3.3469E-5 2.41883E-5 9.43054E-6 4.86725E-6 4.84253E-6 2.64352E-5 3.08466E-5 1.21202E-4 1.7877E-4 1.32175E-4 6.74745E-5 1.16338E-4 1.53115E-4 2.29694E-4
2.28E-5 1.89515E-5 1.5757E-5 3.84151E-5 4.69518E-5 4.80124E-5 6.02629E-5 6.51127E-5 1.1541E-4 2.60218E-4 1.69716E-4 9.65322E-5 8.36262E-5 4.72205E-4 1.92035E-3 7.95512E-4 6.18028E-4 3.71254E-4 1.10106E-3 8.74782E-4 5.27099E-4 2.52044E-4 2.26087E-4 2.48398E-4 2.80779E-4 1.94776E-4 4.76845E-4 3.31236E-4 9.1791E-5 5.67432E-5 2.73861E-5 4.10744E-5 4.39917E-5 2.11773E-4 8.59582E-5 7.24409E-4 4.74249E-4 2.28517E-4 1.40489E-4 7.07863E-4 4.56766E-4 3.45273E-4 6.4552E-4 2.37681E-4 2.35203E-4 8.67563E-5 7.95681E-5 5.93252E-5 5.4031E-5 5.99176E-5 3.38685E-6 1.48265E-5 9.18005E-6 3.78233E-6 7.32756E-6 1.19072E-5 4.85259E-5 1.04956E-4 1.02645E-4 1.47735E-4 1.49917E-4 1.05174E-4 5.67392E-5 5.79989E-5 9.39803E-5 3.84324E-4
9.37339E-6 4.32822E-5 2.0862E-5 3.14225E-5 1.91109E-5 5.39837E-5 2.69808E-5 8.49534E-5 8.47114E-5 1.37707E-4 1.43889E-4 1.62818E-4 8.46871E-5 1.68288E-4 1.02302E-3 7.36715E-4 6.85214E-4 1.2457E-3 8.96863E-4 5.71665E-4 3.4187E-4 2.96713E-4 3.8349E-4 2.23024E-4 1.58429E-4 9.59065E-5 8.68538E-5 2.47467E-4 5.81855E-4 2.95031E-4 2.14841E-4 2.23731E-4 3.79977E-4 4.81792E-4 1.37355E-4 5.36848E-4 2.30172E-4 9.90249E-5 9.22347E-5 7.06725E-4 5.46985E-4 3.59889E-4 4.50563E-4 8.31924E-4 1.6353E-4 1.5503E-4 7.06054E-5 4.46949E-5 1.29667E-5 1.20942E-5 9.43844E-6 8.10628E-6 8.1634E-6 4.95175E-6 4.59449E-5 1.59646E-4 1.37322E-4 1.11629E-4 1.0118E-4 1.34693E-4 1.49685E-4 1.38583E-4 1.02724E-4 9.09306E-5 7.8321E-5 7.31521E-5
1.77534E-5 1.90255E-5 2.34608E-5 2.12626E-5 1.83226E-5 5.65625E-5 4.53076E-5 1.21443E-4 7.48133E-5 1.39015E-4 9.59426E-5 1.28964E-4 3.27393E-5 7.5147E-5 5.97584E-4 7.71425E-4 6.18779E-4 2.24798E-3 7.69434E-4 2.73115E-4 1.43338E-4 1.60732E-4 1.98632E-4 1.95844E-4 4.30445E-5 7.64286E-5 8.7635E-5 6.72604E-5 8.8484E-5 9.14252E-5 2.00852E-4 6.63977E-5 2.81396E-4 8.80299E-5 6.97175E-5 1.46191E-4 1.25117E-4 1.21991E-4 1.16131E-3 1.0701E-3 1.66761E-4 1.81886E-4 3.04039E-4 6.66772E-4 1.68946E-4 1.27366E-4 1.66538E-4 5.45567E-5 6.27509E-5 3.83993E-5 8.87581E-6 2.96066E-5 5.42318E-5 5.93873E-4 4.34044E-4 5.59728E-4 3.02448E-4 1.00328E-4 7.43661E-5 9.41488E-5 9.52893E-5 1.7062E-4 2.24765E-4 1.17035E-4 5.86857E-5 8.21619E-5
2.45057E-5 5.93959E-5 4.51831E-5 3.23367E-5 5.49761E-5 3.16389E-5 4.20147E-5 6.86528E-5 9.98504E-5 1.48389E-4 1.47249E-4 3.95702E-5 3.18461E-5 1.62203E-4 2.13154E-4 1.69601E-4 2.35634E-3 5.53364E-4 3.59576E-4 2.19286E-4 2.55261E-4 2.25872E-4 2.12633E-4 1.65185E-4 8.01351E-5 8.26164E-5 1.03495E-4 6.23016E-5 9.72345E-5 2.64655E-5 8.00441E-5 4.86279E-5 6.69738E-5 5.34568E-5 3.51008E-4 2.04121E-4 3.14717E-4 9.09144E-5 1.19623E-4 3.34896E-4 1.48191E-4 7.34978E-5 3.06052E-4 6.68899E-4 2.95296E-4 5.18369E-5 5.00123E-5 5.73733E-5 1.00558E-5 9.94745E-6 6.11048E-5 1.48393E-4 1.2071E-3 6.98651E-4 8.20605E-4 1.5521E-3 3.71994E-4 3.3032E-4 1.7292E-4 1.34686E-4 1.36863E-4 2.55418E-4 1.20819E-4 1.08285E-4 1.53436E-4 1.38368E-4
4.54138E-5 6.11439E-5 4.37067E-5 7.15014E-5 5.13855E-5 1.92033E-4 5.85236E-4 1.73023E-4 9.94614E-5 9.0364E-5 2.71168E-4 8.91001E-5 1.53558E-4 8.42255E-5 1.41376E-4 1.37581E-4 7.53959E-5 7.38324E-5 1.45946E-4 1.05525E-4 1.08455E-4 1.88126E-4 1.97207E-4 1.43331E-4 7.10693E-5 5.15843E-5 6.83509E-5 7.96365E-5 1.50665E-4 1.1185E-4 1.46144E-4 1.12426E-4 1.09899E-4 8.00173E-5 5.32143E-5 6.03585E-5 1.0915E-4 5.53004E-5 5.82427E-5 2.38789E-5 1.34704E-5 1.82513E-5 3.18148E-5 6.17798E-5 4.7524E-5 2.32855E-5 4.29304E-5 6.77144E-5 6.44172E-5 1.38138E-4 1.53964E-4 3.59963E-4 7.51834E-4 1.12423E-3 8.06525E-4 3.47479E-4 2.61444E-4 5.61354E-4 2.6572E-4 1.80138E-4 2.35841E-4 1.35379E-4 9.74739E-5 1.2276E-4 1.49255E-4 1.9406E-4
7.93853E-5 1.08044E-4 6.82158E-5 2.69957E-4 1.75025E-4 2.8245E-4 7.81416E-4 6.31808E-4 1.50992E-4 4.38998E-5 5.80539E-5 2.76514E-5 4.25079E-5 6.56239E-5 5.81639E-5 2.15639E-4 2.30446E-4 2.92293E-4 2.87519E-4 1.63048E-4 1.95119E-4 1.75725E-4 1.88759E-4 7.8302E-5 1.2059E-4 1.21954E-4 9.9433E-5 1.69124E-4 1.93215E-4 2.08096E-4 1.81667E-4 1.0634E-4 6.31575E-5 2.40071E-5 5.71219E-5 6.02596E-5 3.20574E-5 3.61627E-5 2.6677E-5 3.38356E-5 6.95417E-5 8.85174E-5 3.26082E-5 2.28174E-5 4.26196E-5 4.40433E-5 3.54765E-5 7.4849E-5 1.20344E-4 9.85862E-4 1.58991E-3 3.38711E-4 1.0182E-3 2.83946E-3 4.20406E-4 1.81379E-4 1.32063E-4 1.58129E-4 2.04527E-4 1.34435E-4 1.55635E-4 1.1756E-4 5.88561E-5 1.39894E-4 8.52573E-5 1.66612E-4
-9999 4.86151E-5 1.04635E-4 1.1393E-3 2.28216E-4 1.93237E-4 1.44538E-4 1.97071E-4 6.27736E-5 5.15601E-5 3.12056E-5 1.81124E-5 5.92494E-5 1.0757E-4 3.11578E-4 2.66791E-4 1.78733E-4 1.36815E-4 1.60944E-4 1.76816E-4 6.50863E-5 2.18644E-4 3.18861E-4 3.25919E-4 3.13609E-4 1.90263E-4 2.93505E-4 2.71501E-4 1.83798E-4 2.22268E-4 6.44509E-5 6.43323E-5 7.55918E-5 4.01931E-5 5.14297E-5 8.8716E-5 4.99064E-5 6.9166E-5 2.19792E-5 2.30932E-5 4.83953E-5 3.50597E-5 1.5134E-5 7.05694E-5 1.2876E-4 7.86961E-5 7.88471E-5 6.41683E-4 4.95685E-4 1.12689E-3 6.77291E-4 1.33606E-3 2.55107E-3 1.32829E-3 3.61137E-4 2.16322E-4 1.73859E-4 1.13479E-4 1.49872E-4 2.14647E-4 7.33628E-5 5.47634E-5 1.19099E-4 1.27805E-4 1.81442E-4 2.2149E-4
2.31098E-5 3.35833E-5 5.78581E-5 1.6216E-4 4.32391E-4 1.81328E-4 4.37562E-5 9.52291E-5 5.74379E-5 2.56864E-5 4.71528E-5 6.91052E-5 2.19188E-4 2.28898E-4 4.00103E-4 3.74313E-4 2.58858E-4 2.00745E-4 3.18102E-4 2.46462E-3 4.19438E-4 2.05383E-4 1.80351E-4 1.8482E-4 1.87084E-4 3.09016E-4 2.98555E-4 1.6978E-4 1.38332E-4 1.89294E-4 5.79556E-5 7.0761E-5 4.91742E-5 5.00996E-5 5.33303E-5 6.78799E-5 8.71541E-5 7.53329E-5 3.40463E-5 2.76081E-5 3.84332E-5 3.48927E-5 5.03241E-5 9.33669E-5 8.03085E-5 1.0093E-4 2.62587E-4 3.13374E-4 3.02751E-4 6.45854E-4 1.5556E-3 1.73795E-3 1.69031E-3 4.46404E-4 2.93501E-4 1.5918E-4 2.84384E-4 1.70233E-4 7.47945E-5 8.86874E-5 1.43431E-4 1.025E-4 1.24367E-4 1.54241E-4 2.1164E-4 2.30239E-4
1.58637E-5 3.99748E-5 1.08028E-4 5.11372E-4 3.49931E-4 6.86453E-5 9.65844E-5 2.67706E-4 1.73872E-4 1.85788E-4 5.5413E-4 4.52592E-4 5.4469E-4 3.58444E-3 4.08724E-3 2.48601E-4 1.58725E-4 3.92171E-4 7.91427E-4 2.25308E-4 2.9712E-4 5.78501E-4 4.91451E-4 1.54602E-4 8.89866E-5 2.92886E-4 2.11071E-4 1.75564E-4 8.33731E-5 1.1642E-4 5.63878E-5 1.07476E-4 9.32451E-5 4.12512E-5 4.80131E-5 3.20484E-5 4.811E-5 9.85259E-5 1.36842E-4 4.91949E-5 5.12441E-5 4.27962E-5 2.97635E-5 4.31018E-5 7.12654E-5 1.13437E-4 7.38072E-4 1.89387E-3 2.01466E-3 5.16596E-4 1.0599E-3 9.95068E-4 2.11242E-3 1.63133E-3 2.449E-4 7.9925E-4 3.01638E-4 1.82708E-4 1.8794E-4 9.70895E-5 1.37469E-4 1.58217E-4 1.42354E-4 1.43258E-4 1.76764E-4 2.35782E-4
4.94965E-5 1.27594E-4 8.6738E-5 -9999 2.99061E-5 7.36724E-5 8.05614E-5 2.87114E-4 1.41537E-4 3.55402E-4 6.39104E-4 8.35083E-4 8.28213E-4 3.73355E-3 3.67835E-3 7.62226E-4 1.30018E-3 3.38184E-4 1.18454E-4 1.18544E-4 5.68026E-5 2.6277E-4 2.79885E-4 3.19588E-4 1.60305E-4 2.54984E-4 2.93483E-4 1.82638E-4 2.03831E-4 4.30904E-4 2.40712E-4 1.13802E-4 6.56801E-5 1.21771E-4 5.55625E-5 7.86185E-5 7.4343E-5 4.3838E-5 9.36544E-5 5.5395E-5 5.35655E-5 3.88846E-5 6.07333E-5 5.772E-5 1.34938E-4 1.24435E-3 3.0332E-3 1.6697E-3 3.70582E-4 4.42817E-4 5.66257E-4 9.57415E-4 1.28054E-3 1.78521E-3 1.97366E-3 2.12401E-4 2.04057E-4 1.81269E-4 2.03222E-4 1.27056E-4 1.83645E-4 2.43211E-4 1.3135E-4 1.53355E-4 1.69915E-4 1.75056E-4
-9999 2.33437E-5 6.07661E-6 2.8873E-5 4.89741E-5 7.37667E-5 7.22476E-5 6.91665E-5 9.35011E-5 1.92779E-4 2.41562E-4 3.85512E-4 8.98947E-4 3.07227E-4 4.6149E-4 1.8998E-4 1.09058E-4 4.46991E-5 1.3283E-4 1.51959E-4 1.35975E-4 6.93805E-5 8.19896E-5 2.825E-4 3.74475E-4 1.88388E-4 2.88613E-4 2.0005E-4 1.70972E-4 1.65208E-4 2.08391E-4 2.01829E-4 2.19567E-4 2.70128E-4 1.9612E-4 1.48211E-4 3.75896E-5 1.43833E-4 1.62708E-4 1.05886E-4 1.22189E-4 8.94882E-5 1.59161E-4 8.1804E-5 3.71077E-4 3.23163E-4 1.79277E-4 2.89875E-4 1.60447E-3 1.16764E-3 6.30761E-4 7.02971E-4 5.55786E-4 7.05995E-4 1.77934E-4 1.93151E-4 2.31851E-4 2.16704E-4 2.13812E-4 2.15125E-4 2.59997E-4 1.70851E-4 2.54713E-4 2.40849E-4 1.5662E-4 1.38571E-4
