catData/rasterBestHybridModels/Prubiginosus/RD_RM1.5_LQ/Prubiginosus_stddev.asc
ncols         409
nrows         350
xllcorner     60.897278365
yllcorner     5.843756025
cellsize      0.0892857
NODATA_value  -9999
[rows 232 to 260 of 350, columns 130 to 194 of 409]
-9999 -9999 -9999 -9999 -9999 -9999 -9999 -9999 -9999 -9999 6.68621E-5 7.8075E-5 6.82481E-5 4.01937E-5 9.44007E-5 7.11485E-5 1.4396E-4 1.55914E-4 2.75971E-5 1.92732E-5 1.39304E-4 2.3886E-4 1.47606E-4 5.80175E-5 4.94129E-5 3.26548E-5 2.84105E-5 5.31186E-5 4.9078E-5 6.12325E-5 1.5468E-4 1.12066E-4 2.5322E-5 3.55816E-5 4.18695E-5 3.4185E-5 3.44053E-5 3.5015E-5 3.66251E-5 3.83759E-5 2.02159E-5 4.47533E-5 2.59864E-5 3.34555E-5 3.65636E-5 2.58146E-5 5.02133E-5 6.07441E-5 5.82598E-5 4.9438E-5 6.27865E-5 6.2195E-5 7.00435E-5 7.05606E-5 6.05056E-5 3.99645E-5 3.93961E-5 4.14974E-5 5.03075E-5 3.54041E-5 3.56563E-5 4.30975E-5 4.41207E-5 4.67675E-5 5.94044E-5
-9999 -9999 -9999 -9999 -9999 -9999 -9999 -9999 -9999 -9999 6.41314E-5 4.24362E-5 1.05284E-4 7.07078E-5 4.75021E-5 5.6484E-5 1.57378E-4 5.52005E-4 3.38549E-5 1.51762E-5 2.48353E-4 5.88881E-4 2.67611E-4 1.34316E-4 4.50024E-5 3.77079E-5 3.43043E-5 6.85708E-5 3.10803E-5 3.72477E-5 4.6499E-5 3.03506E-5 1.72045E-5 1.25981E-5 2.20188E-5 2.49127E-5 3.66149E-5 4.27954E-5 4.04605E-5 3.3385E-5 3.85609E-5 4.18387E-5 4.03846E-5 3.05096E-5 2.82403E-5 5.94422E-5 1.09782E-4 1.10573E-4 6.72261E-5 5.26309E-5 5.95266E-5 4.63425E-5 5.00507E-5 1.26338E-4 9.60205E-5 8.19992E-5 6.94551E-5 5.276E-5 5.88338E-5 3.73276E-5 3.40594E-5 4.32508E-5 4.9861E-5 6.0003E-5 6.54365E-5
-9999 -9999 -9999 -9999 -9999 -9999 -9999 -9999 -9999 -9999 -9999 1.09563E-4 8.25204E-5 1.19363E-4 3.98121E-5 9.34856E-5 4.40531E-4 2.80107E-4 9.18104E-5 6.53156E-5 1.75902E-4 1.73188E-4 1.49666E-4 1.22738E-4 6.1086E-5 4.01357E-5 2.42696E-5 4.71886E-5 2.69427E-5 2.68489E-5 3.06013E-5 3.21277E-5 3.71718E-5 2.01786E-5 3.34539E-5 2.65394E-5 4.24307E-5 4.05511E-5 4.13049E-5 4.08749E-5 4.06365E-5 2.84274E-5 4.38996E-5 4.98194E-5 3.8377E-5 1.20823E-4 1.17582E-4 1.03519E-4 9.79943E-5 6.11016E-5 2.29466E-5 4.23875E-5 3.74922E-5 4.09835E-5 7.08553E-5 9.06806E-5 9.75594E-5 9.44567E-5 8.95185E-5 6.55434E-5 5.2902E-5 5.94753E-5 5.64703E-5 6.14974E-5 4.47869E-5
-9999 -9999 -9999 -9999 -9999 -9999 -9999 -9999 -9999 -9999 -9999 6.98188E-5 6.25984E-5 1.15874E-4 5.74557E-5 1.24785E-4 5.50159E-5 3.44949E-4 3.60051E-4 4.19693E-5 2.62293E-5 1.0289E-4 1.40038E-4 9.68113E-5 3.31207E-4 6.73048E-5 1.83068E-5 3.73207E-5 4.22364E-5 4.4222E-5 4.37659E-5 4.32377E-5 3.07842E-5 2.68091E-5 4.13218E-5 4.2506E-5 3.6225E-5 2.5698E-5 4.06277E-5 4.18733E-5 4.41379E-5 3.74115E-5 2.97166E-5 3.36881E-5 1.07069E-4 1.27348E-4 1.14592E-4 7.75435E-5 6.49911E-5 1.68679E-5 1.8421E-5 2.72125E-5 5.69748E-5 9.18125E-5 9.69864E-5 1.00923E-4 9.95158E-5 9.78455E-5 9.97068E-5 8.34201E-5 5.68083E-5 4.23767E-5 4.99433E-5 5.72712E-5 8.49783E-5
-9999 -9999 -9999 -9999 -9999 -9999 -9999 -9999 -9999 -9999 -9999 7.5609E-5 5.67155E-5 6.47756E-5 1.0378E-4 7.50935E-5 8.81524E-5 4.09817E-4 6.25336E-4 1.3109E-4 2.72579E-5 1.36492E-4 8.53626E-5 1.26012E-4 1.38721E-4 5.6461E-5 6.76774E-5 3.80857E-5 2.57942E-5 3.12038E-5 2.60132E-5 2.02864E-5 1.27911E-5 1.7937E-5 2.13152E-5 3.83671E-5 1.65315E-5 1.42683E-5 4.07001E-5 2.84549E-5 4.75491E-5 5.13585E-5 5.75194E-5 9.73627E-5 1.02783E-4 1.04203E-4 1.10156E-4 2.71159E-5 2.56904E-5 3.05404E-5 4.7018E-5 4.32208E-5 4.53089E-5 6.28E-5 7.92384E-5 6.31473E-5 9.24819E-5 1.03623E-4 9.00252E-5 5.73611E-5 4.13949E-5 5.82086E-5 5.54645E-5 4.29397E-5 5.52246E-5
-9999 -9999 -9999 -9999 -9999 -9999 -9999 -9999 -9999 -9999 -9999 -9999 6.14567E-5 7.27845E-5 8.11723E-5 6.97257E-5 4.58907E-5 4.17462E-4 3.68091E-4 8.00714E-5 4.41387E-5 2.05488E-5 7.33223E-5 5.88412E-5 1.00038E-4 2.52613E-4 7.30018E-5 3.71157E-5 4.34735E-5 2.29101E-5 2.40927E-5 1.601E-5 1.47557E-5 1.07864E-5 1.47809E-5 1.369E-5 1.69748E-5 1.04278E-5 1.2117E-5 2.73681E-5 5.34911E-5 5.35471E-5 9.90266E-5 7.84756E-5 9.80014E-5 1.05154E-4 6.3007E-5 3.43419E-5 4.01395E-5 5.3883E-5 6.08043E-5 5.01561E-5 4.41386E-5 9.65015E-5 8.83631E-5 1.0797E-4 8.43324E-5 4.1386E-5 3.90925E-5 4.60774E-5 4.62347E-5 4.62894E-5 4.64922E-5 4.18191E-5 5.74288E-5
-9999 -9999 -9999 -9999 -9999 -9999 -9999 -9999 -9999 -9999 -9999 -9999 -9999 4.9632E-5 9.41823E-5 8.16684E-5 5.38475E-5 5.22109E-5 1.07202E-4 1.85181E-4 6.32944E-5 2.77592E-5 6.00068E-5 1.19057E-4 2.29222E-4 2.1212E-4 8.23766E-5 5.78102E-5 2.89404E-5 1.62514E-5 1.71798E-5 1.50719E-5 1.56347E-5 9.31088E-6 9.44823E-6 2.71693E-5 3.00428E-5 1.36091E-5 1.11691E-5 3.06956E-5 1.67378E-5 4.58626E-5 9.55008E-5 8.81001E-5 9.71353E-5 7.91655E-5 1.82288E-5 2.45512E-5 3.66323E-5 5.09898E-5 7.00668E-5 6.14572E-5 6.46574E-5 7.26148E-5 4.59991E-5 4.72344E-5 5.72329E-5 7.8757E-5 7.41997E-5 8.50248E-5 1.52313E-4 5.12291E-5 4.5885E-5 6.07484E-5 2.45174E-4
-9999 -9999 -9999 -9999 -9999 -9999 -9999 -9999 -9999 -9999 -9999 -9999 -9999 5.3458E-5 6.09574E-5 6.79973E-5 6.41304E-5 5.52901E-5 4.36799E-5 1.97554E-4 4.59954E-5 3.21878E-5 6.6524E-5 9.37977E-5 2.46452E-4 1.44207E-4 1.56427E-4 7.77409E-5 3.97188E-5 1.56921E-5 9.68747E-6 1.62296E-5 1.36741E-5 1.54729E-5 4.29739E-5 4.17895E-5 4.2103E-5 4.17634E-5 3.28116E-5 2.61061E-5 3.61359E-5 1.20534E-4 7.48126E-5 1.01371E-4 8.48632E-5 8.02343E-5 1.19117E-5 1.98216E-5 4.05949E-5 5.13744E-5 8.06982E-5 4.3804E-5 5.3194E-5 5.63432E-5 5.61481E-5 6.1844E-5 7.04732E-5 5.35542E-5 6.08755E-5 7.39886E-5 7.90596E-5 6.14344E-5 7.92116E-5 1.13135E-4 1.07006E-4
-9999 -9999 -9999 -9999 -9999 -9999 -9999 -9999 -9999 -9999 -9999 -9999 -9999 -9999 4.70692E-5 3.52603E-5 7.21908E-5 5.57342E-5 3.82124E-5 8.56253E-5 1.98426E-5 2.57857E-5 2.18254E-5 5.77964E-5 1.83142E-4 6.96034E-5 1.54717E-4 1.29535E-4 4.4278E-5 2.9181E-5 1.12686E-5 1.05617E-5 2.94771E-5 4.12112E-5 3.82809E-5 4.21665E-5 4.27601E-5 4.17102E-5 3.04637E-5 3.7061E-5 4.37095E-5 6.43514E-5 5.80622E-5 5.47991E-5 5.66398E-5 5.85418E-5 2.27101E-5 4.30731E-5 5.16519E-5 5.09736E-5 1.62305E-5 1.52971E-5 5.05341E-5 8.51513E-5 8.8207E-5 8.98346E-5 8.89863E-5 8.57508E-5 8.33441E-5 7.09496E-5 6.92918E-5 7.84767E-5 6.26068E-5 1.0181E-4 8.85359E-5
-9999 -9999 -9999 -9999 -9999 -9999 -9999 -9999 -9999 -9999 -9999 -9999 -9999 -9999 2.69982E-5 3.06821E-5 3.63471E-5 4.67215E-5 4.30357E-5 6.79681E-5 9.3964E-5 2.63962E-5 4.6352E-5 1.46775E-4 1.04107E-4 2.52465E-4 9.97075E-5 6.25218E-5 1.98082E-4 3.74036E-5 2.97015E-5 2.96637E-5 5.13719E-5 2.84788E-5 4.20555E-5 3.07677E-5 4.24327E-5 4.22276E-5 4.28353E-5 4.04285E-5 6.80538E-5 8.32808E-5 4.92583E-5 4.51328E-5 6.61203E-5 1.6269E-5 2.14382E-5 3.50933E-5 2.13932E-5 2.09181E-5 1.70748E-5 4.39422E-5 7.45016E-5 8.08645E-5 9.01199E-5 8.91318E-5 9.06606E-5 7.47523E-5 7.52376E-5 8.01888E-5 7.21235E-5 7.17409E-5 1.48452E-4 1.06241E-4 8.47917E-5
-9999 -9999 -9999 -9999 -9999 -9999 -9999 -9999 -9999 -9999 -9999 -9999 -9999 -9999 -9999 4.8734E-5 4.87296E-5 4.48347E-5 2.46966E-5 4.70599E-5 8.71E-5 2.57798E-5 2.54718E-5 1.15751E-4 8.11909E-5 1.32974E-4 2.29526E-4 3.89212E-5 9.95485E-5 3.7326E-5 3.92258E-5 4.43242E-5 1.30777E-4 5.75663E-5 6.66378E-5 3.89492E-5 4.42972E-5 4.47227E-5 4.38721E-5 5.1217E-5 5.7925E-5 4.81025E-5 7.73746E-5 5.17849E-5 4.20058E-5 2.0955E-5 2.14569E-5 1.64993E-5 1.50883E-5 1.94168E-5 1.73691E-5 6.81335E-5 7.63679E-5 8.78905E-5 8.36597E-5 8.62247E-5 8.16175E-5 7.03784E-5 7.10529E-5 5.88424E-5 7.39195E-5 5.70244E-5 9.71827E-5 9.58612E-5 8.1706E-5
-9999 -9999 -9999 -9999 -9999 -9999 -9999 -9999 -9999 -9999 -9999 -9999 -9999 -9999 -9999 3.2107E-5 2.92157E-5 4.64327E-5 3.68736E-5 3.52611E-5 8.34697E-5 2.39754E-5 2.39669E-5 8.54189E-5 1.11223E-4 1.14678E-4 4.05351E-4 4.61557E-5 4.75297E-5 5.2913E-5 3.99456E-5 4.15604E-5 1.85393E-4 2.65294E-4 4.96221E-5 4.15903E-5 4.36711E-5 4.60687E-5 4.61453E-5 5.82406E-5 6.59228E-5 4.81591E-5 4.78014E-5 3.30993E-5 3.91919E-5 1.59775E-5 1.32513E-5 1.29665E-5 1.33479E-5 2.04749E-5 1.49943E-5 5.53982E-5 8.75315E-5 8.30662E-5 7.88186E-5 8.81972E-5 7.5884E-5 5.65088E-5 6.87049E-5 6.71004E-5 6.56667E-5 1.21874E-4 1.02978E-4 9.29579E-5 6.13369E-5
-9999 -9999 -9999 -9999 -9999 -9999 -9999 -9999 -9999 -9999 -9999 -9999 -9999 -9999 -9999 -9999 3.46183E-5 3.11409E-5 3.89361E-5 3.62769E-5 4.65448E-5 8.31291E-5 2.40353E-5 2.26912E-5 1.27495E-4 1.24473E-4 3.06842E-4 5.84183E-5 4.68095E-5 4.59288E-5 3.90193E-5 5.36611E-5 7.18842E-5 6.72576E-5 1.08088E-4 1.3185E-4 5.05178E-5 4.51431E-5 4.44976E-5 6.71397E-5 5.94879E-5 4.49985E-5 3.53833E-5 1.53068E-5 1.32022E-5 2.50686E-5 1.21284E-5 1.15732E-5 1.27398E-5 2.966E-5 1.16724E-5 4.61414E-5 6.55516E-5 7.65616E-5 7.6327E-5 7.42021E-5 7.72495E-5 7.54299E-5 6.90107E-5 6.38613E-5 2.08258E-4 1.03659E-4 8.49846E-5 6.38346E-5 6.19742E-5
-9999 -9999 -9999 -9999 -9999 -9999 -9999 -9999 -9999 -9999 -9999 -9999 -9999 -9999 -9999 -9999 3.68746E-5 3.2704E-5 4.41186E-5 2.42987E-5 4.53459E-5 9.39338E-5 2.28098E-5 2.33038E-5 9.56973E-5 1.24269E-4 2.79511E-4 1.55508E-4 4.82147E-5 7.36211E-5 5.83247E-5 4.04201E-5 1.10026E-4 6.11344E-5 4.44936E-5 4.2371E-5 4.76266E-5 4.20675E-5 3.43934E-5 6.53274E-5 4.65294E-5 4.38074E-5 3.62399E-5 3.0111E-5 7.85623E-5 3.85816E-5 3.51008E-5 4.03055E-5 3.29553E-5 1.03349E-5 3.55203E-5 5.81296E-5 6.92657E-5 6.73537E-5 5.93687E-5 7.32799E-5 7.38196E-5 7.20787E-5 6.84796E-5 1.0279E-4 1.13131E-4 1.07014E-4 7.66787E-5 6.73793E-5 5.56738E-5
-9999 -9999 -9999 -9999 -9999 -9999 -9999 -9999 -9999 -9999 -9999 -9999 -9999 -9999 -9999 -9999 5.41837E-5 4.93798E-5 6.23778E-5 5.12731E-5 4.58733E-5 2.1102E-5 2.05432E-5 2.10915E-5 9.70401E-5 6.16428E-4 3.18035E-3 2.53174E-4 1.72227E-4 5.73463E-5 1.14024E-4 4.26166E-5 5.25415E-5 4.07913E-5 5.17962E-5 6.98699E-5 4.83811E-5 2.60821E-5 1.5647E-5 5.02727E-5 1.69351E-5 1.47389E-5 2.86915E-5 3.75377E-5 3.31767E-5 4.19642E-5 3.56921E-5 4.86061E-5 4.40728E-5 2.33796E-5 4.45875E-5 5.45068E-5 6.93656E-5 6.93173E-5 7.18342E-5 7.45951E-5 7.60871E-5 7.79773E-5 7.28346E-5 1.18598E-4 1.31042E-4 1.04453E-4 1.11296E-4 1.0051E-4 6.90352E-5
-9999 -9999 -9999 -9999 -9999 -9999 -9999 -9999 -9999 -9999 -9999 -9999 -9999 -9999 -9999 -9999 -9999 6.87116E-5 7.00308E-5 4.41244E-5 5.07328E-5 8.7618E-5 2.48183E-4 2.10486E-5 1.93474E-5 1.19289E-4 4.94977E-4 3.90717E-4 1.29109E-4 1.03876E-4 1.91193E-4 2.29172E-4 8.19308E-5 4.09841E-5 3.07767E-5 5.49063E-5 6.03837E-5 3.4257E-5 8.87745E-5 5.43507E-5 4.44244E-5 2.08966E-5 1.2575E-5 3.10028E-5 3.97652E-5 5.56709E-5 4.38458E-5 4.04983E-5 4.39704E-5 5.27446E-5 4.45782E-5 6.6394E-5 7.26436E-5 7.62653E-5 7.65398E-5 7.33627E-5 4.99428E-5 9.03361E-5 1.27068E-4 9.28493E-5 1.06354E-4 7.63918E-5 9.94343E-5 1.44186E-4 2.51483E-4
-9999 -9999 -9999 -9999 -9999 -9999 -9999 -9999 -9999 -9999 -9999 -9999 -9999 -9999 -9999 -9999 -9999 -9999 6.54266E-5 8.13032E-5 7.50757E-5 6.39355E-5 2.50496E-5 2.62084E-4 2.02003E-5 9.2514E-5 9.68932E-5 2.49833E-4 7.91416E-5 5.67451E-5 1.37179E-4 1.7604E-4 1.12101E-4 5.57198E-5 3.40372E-5 4.58298E-5 1.04053E-4 8.91894E-5 8.97972E-5 4.26713E-5 4.3664E-5 3.22788E-5 2.98077E-5 2.96265E-5 3.82419E-5 3.42092E-5 2.94938E-5 2.35177E-5 4.39682E-5 4.15823E-5 4.18601E-5 4.30728E-5 7.72706E-5 8.52391E-5 8.2256E-5 9.86947E-5 1.35331E-4 1.38826E-4 1.23508E-4 7.40221E-5 7.44802E-5 8.02653E-5 8.52315E-5 8.86032E-5 8.54991E-5
-9999 -9999 -9999 -9999 -9999 -9999 -9999 -9999 -9999 -9999 -9999 -9999 -9999 -9999 -9999 -9999 -9999 -9999 7.48464E-5 6.96157E-5 5.66824E-5 7.4062E-5 2.73127E-5 2.69514E-4 2.74268E-4 1.04922E-4 1.12928E-4 1.78954E-4 1.6011E-4 4.38172E-5 7.7173E-5 1.18546E-4 7.10846E-5 1.5707E-4 1.01192E-4 9.43623E-5 9.1968E-5 6.9287E-5 8.62629E-5 4.66679E-5 4.03696E-5 3.3186E-5 1.09818E-5 3.23763E-5 4.06547E-5 4.01467E-5 3.85598E-5 4.21665E-5 5.29484E-5 5.1992E-5 5.00561E-5 5.57127E-5 8.50345E-5 8.13014E-5 7.74777E-5 1.53777E-4 9.85442E-5 1.24124E-4 8.71506E-5 1.00629E-4 6.69227E-5 8.31498E-5 2.76661E-4 7.15564E-5 8.25829E-5
-9999 -9999 -9999 -9999 -9999 -9999 -9999 -9999 -9999 -9999 -9999 -9999 -9999 -9999 -9999 -9999 -9999 -9999 -9999 -9999 5.8481E-5 9.71734E-5 1.1963E-4 2.8694E-4 2.94347E-4 2.40363E-5 1.24665E-4 1.50654E-4 1.15091E-4 4.90095E-5 3.42888E-5 6.43997E-5 1.33719E-4 1.28465E-4 1.05326E-4 9.00256E-5 6.02422E-5 8.83226E-5 8.54147E-5 4.0458E-5 3.04338E-5 3.18673E-5 4.11585E-5 2.27578E-5 4.14966E-5 4.25786E-5 4.31366E-5 3.1492E-5 5.77063E-5 6.40922E-5 7.17059E-5 7.76837E-5 1.37246E-4 1.30311E-4 1.14959E-4 1.12528E-4 1.3803E-4 6.30774E-5 7.15703E-5 1.1768E-4 1.00172E-4 8.98319E-5 6.36669E-5 9.4446E-5 9.1934E-5
-9999 -9999 -9999 -9999 -9999 -9999 -9999 -9999 -9999 -9999 -9999 -9999 -9999 -9999 -9999 -9999 -9999 -9999 -9999 -9999 9.09698E-5 1.65437E-4 9.91188E-5 2.22085E-4 2.20295E-4 2.94802E-4 1.21391E-4 1.44094E-4 1.40305E-4 9.66066E-5 3.71694E-5 1.42573E-5 1.86218E-5 2.02248E-4 4.6495E-5 9.06272E-5 4.36944E-5 3.72289E-5 6.32101E-5 3.53786E-5 3.67813E-5 3.39633E-5 2.66381E-5 4.75839E-5 4.56514E-5 3.9705E-5 3.97862E-5 3.62061E-5 6.98042E-5 1.07479E-4 1.1945E-4 1.42184E-4 1.26158E-4 2.07522E-4 1.26094E-4 1.00039E-4 1.15586E-4 9.16788E-5 9.53272E-5 1.28705E-4 9.89087E-5 8.48726E-5 1.07492E-4 1.68065E-4 9.26296E-5
-9999 -9999 -9999 -9999 -9999 -9999 -9999 -9999 -9999 -9999 -9999 -9999 -9999 -9999 -9999 -9999 -9999 -9999 -9999 -9999 7.80368E-5 1.53333E-4 9.51471E-5 2.51812E-5 2.90547E-4 2.90272E-4 1.9514E-5 1.19884E-4 8.85671E-5 5.13888E-5 1.64538E-5 2.19328E-5 2.29105E-5 1.13352E-4 4.77672E-5 4.13484E-5 2.06375E-5 1.99484E-5 2.03559E-5 3.4132E-5 2.83121E-5 2.63436E-5 4.16814E-5 4.3235E-5 2.18722E-5 5.22454E-5 7.85026E-5 7.60264E-5 1.49136E-4 1.10305E-4 1.58912E-4 1.63116E-4 2.12955E-4 1.15605E-4 1.77497E-4 1.06932E-4 1.42382E-4 1.12775E-4 1.21871E-4 1.11201E-4 1.1914E-4 8.32927E-5 1.00875E-4 8.58483E-5 8.61989E-5
-9999 -9999 -9999 -9999 -9999 -9999 -9999 -9999 -9999 -9999 -9999 -9999 -9999 -9999 -9999 -9999 -9999 -9999 -9999 -9999 -9999 8.61181E-5 1.03625E-4 9.72086E-5 2.73862E-4 2.65721E-4 2.67725E-4 8.72402E-5 5.00894E-5 4.5742E-5 1.83243E-5 2.1058E-5 2.87691E-5 8.09875E-5 3.74893E-5 6.87663E-6 8.40515E-6 4.50758E-6 1.38761E-5 4.75247E-5 6.0221E-5 5.6071E-5 6.77895E-5 7.39757E-5 9.94882E-5 9.42531E-5 8.84576E-5 1.1259E-4 1.85459E-4 2.11203E-4 2.13863E-4 2.05447E-4 2.40287E-4 1.94994E-4 1.36445E-4 1.12207E-4 1.09081E-4 1.63164E-4 1.02285E-4 1.41083E-4 1.15554E-4 9.72924E-5 9.82761E-5 8.87915E-5 8.73497E-5
-9999 -9999 -9999 -9999 -9999 -9999 -9999 -9999 -9999 -9999 -9999 -9999 -9999 -9999 -9999 -9999 -9999 -9999 -9999 -9999 -9999 1.015E-4 6.08976E-5 8.03484E-5 2.63222E-4 2.5424E-4 3.19779E-5 8.41923E-5 4.02776E-5 4.01181E-5 4.14693E-5 2.65976E-5 1.75138E-5 6.55313E-5 7.9046E-5 1.05237E-5 6.25828E-6 5.54182E-6 5.17772E-6 4.94985E-5 8.05299E-5 5.54539E-5 6.2711E-5 7.15065E-5 6.28152E-5 7.7108E-5 1.99977E-4 1.11126E-4 2.19111E-4 1.58608E-4 2.87031E-4 1.60101E-4 2.24804E-4 2.43082E-4 1.50868E-4 1.39352E-4 1.07246E-4 1.12128E-4 1.09392E-4 9.28243E-5 1.61259E-4 2.19382E-4 1.34002E-4 1.00755E-4 1.25104E-4
-9999 -9999 -9999 -9999 -9999 -9999 -9999 -9999 -9999 -9999 -9999 -9999 -9999 -9999 -9999 -9999 -9999 -9999 -9999 -9999 -9999 6.661E-5 3.6393E-5 4.89128E-5 7.60581E-5 2.49672E-5 2.90056E-5 6.53774E-5 1.13632E-4 3.88884E-5 4.4433E-5 1.56697E-5 1.61513E-5 8.00202E-5 1.11313E-4 1.592E-5 1.62267E-5 3.59697E-6 3.74546E-6 3.40206E-5 7.99451E-5 1.3384E-4 5.89455E-5 7.63903E-5 7.15945E-5 8.70494E-5 9.30791E-5 1.68925E-4 2.72349E-4 1.83785E-4 2.47654E-4 2.19069E-4 1.8947E-4 2.04511E-4 1.62927E-4 1.12411E-4 1.15165E-4 1.22304E-4 9.52123E-5 1.46205E-4 1.61796E-4 1.55504E-4 1.10382E-4 1.22206E-4 9.76705E-5
-9999 -9999 -9999 -9999 -9999 -9999 -9999 -9999 -9999 -9999 -9999 -9999 -9999 -9999 -9999 -9999 -9999 -9999 -9999 -9999 -9999 -9999 6.23781E-5 7.84166E-5 5.45206E-5 2.66262E-5 2.84115E-5 2.35591E-5 9.03965E-5 7.57906E-5 3.92929E-5 1.66315E-5 3.32877E-5 6.39265E-5 8.27841E-5 2.46196E-5 9.2782E-5 9.31828E-6 1.18749E-5 1.19846E-5 6.37846E-5 5.71438E-5 5.54745E-5 6.1915E-5 6.96205E-5 6.52093E-5 7.20281E-5 1.71771E-4 1.40836E-4 1.63182E-4 1.84446E-4 1.8776E-4 1.97103E-4 1.69916E-4 1.60255E-4 7.4511E-5 1.58985E-4 1.09114E-4 1.18123E-4 2.16338E-4 2.231E-4 2.11617E-4 1.11611E-4 1.44864E-4 9.46071E-5
-9999 -9999 -9999 -9999 -9999 -9999 -9999 -9999 -9999 -9999 -9999 -9999 -9999 -9999 -9999 -9999 -9999 -9999 -9999 -9999 -9999 -9999 5.83389E-5 5.88364E-5 3.72515E-5 9.87929E-5 2.63329E-5 2.62391E-5 1.13359E-4 9.87106E-5 1.21411E-4 4.75756E-5 5.3963E-5 3.79014E-5 5.79372E-5 3.52118E-5 1.54122E-5 7.70413E-5 2.35102E-5 2.35105E-5 5.42417E-5 4.95622E-5 4.01662E-5 1.79215E-4 7.66358E-5 7.39327E-5 8.48688E-5 1.28071E-4 1.54825E-4 2.07176E-4 1.97372E-4 1.95086E-4 1.68751E-4 1.61226E-4 1.04908E-4 8.36991E-5 1.12357E-4 9.79296E-5 1.26152E-4 1.48554E-4 7.45434E-5 1.03568E-4 1.01139E-4 9.48854E-5 1.00649E-4
-9999 -9999 -9999 -9999 -9999 -9999 -9999 -9999 -9999 -9999 -9999 -9999 -9999 -9999 -9999 -9999 -9999 -9999 -9999 -9999 -9999 -9999 3.95045E-5 5.13146E-5 5.02061E-5 1.23302E-4 2.4378E-5 2.4519E-5 2.77335E-5 2.04128E-5 1.15096E-4 4.66937E-5 1.0213E-5 3.94964E-5 7.65836E-5 3.24325E-5 8.29883E-6 1.42994E-5 8.55522E-6 5.08548E-5 3.6156E-5 4.78387E-5 6.51031E-5 6.97838E-5 6.37807E-5 7.4301E-5 6.16089E-5 9.36608E-5 1.73676E-4 1.57369E-4 1.72832E-4 1.79562E-4 1.78703E-4 1.55078E-4 1.24518E-4 1.01352E-4 1.30443E-4 9.89007E-5 1.09509E-4 1.28047E-4 1.3371E-4 1.06095E-4 1.31069E-4 1.04301E-4 1.02369E-4
-9999 -9999 -9999 -9999 -9999 -9999 -9999 -9999 -9999 -9999 -9999 -9999 -9999 -9999 -9999 -9999 -9999 -9999 -9999 -9999 -9999 -9999 -9999 6.08729E-5 3.80646E-5 5.01115E-5 2.27873E-5 3.34357E-4 3.91814E-4 2.49835E-5 2.58616E-5 4.61515E-5 1.52039E-5 8.489E-6 2.83166E-5 2.83487E-5 2.17472E-5 3.14408E-5 3.32601E-5 3.29158E-5 2.87417E-5 6.49755E-5 5.26448E-5 6.69439E-5 5.81879E-5 6.31006E-5 8.5186E-5 1.37605E-4 1.94528E-4 1.81545E-4 1.56482E-4 1.69407E-4 1.92419E-4 1.2693E-4 1.1016E-4 9.53433E-5 1.07869E-4 1.17306E-4 1.1731E-4 1.29452E-4 1.39596E-4 1.14769E-4 1.66525E-4 1.01562E-4 1.07078E-4
-9999 -9999 -9999 -9999 -9999 -9999 -9999 -9999 -9999 -9999 -9999 -9999 -9999 -9999 -9999 -9999 -9999 -9999 -9999 -9999 -9999 -9999 -9999 -9999 7.01302E-5 6.3751E-5 1.00433E-4 2.23268E-4 3.49414E-4 2.42586E-5 1.47504E-4 4.58233E-5 2.18657E-5 1.36255E-5 3.22587E-5 2.12592E-5 1.02701E-4 3.20055E-5 1.22761E-5 1.74566E-5 4.1388E-5 6.54495E-5 5.77514E-5 7.56764E-5 7.34626E-5 8.38395E-5 9.54076E-5 1.50289E-4 2.14864E-4 1.87577E-4 1.83486E-4 1.90924E-4 1.62304E-4 1.10197E-4 1.19415E-4 8.77991E-5 1.05948E-4 1.12898E-4 1.1431E-4 1.33049E-4 1.58124E-4 1.19444E-4 1.1435E-4 1.02005E-4 9.89979E-5
