catData/rasterBestHybridModels/Prubiginosus/RD_RM1.5_LQ/Prubiginosus_stddev.asc
ncols         409
nrows         350
xllcorner     60.897278365
yllcorner     5.843756025
cellsize      0.0892857
NODATA_value  -9999
[rows 203 to 231 of 350, columns 195 to 259 of 409]
3.90766E-5 4.33851E-5 3.88249E-5 5.26158E-5 6.37375E-5 3.93304E-5 1.40396E-4 1.43511E-4 4.38625E-5 3.28219E-5 2.86605E-5 1.5634E-4 8.75604E-5 4.85123E-5 3.51646E-5 2.01771E-5 4.0458E-5 4.254E-5 5.05143E-5 5.39123E-5 1.73168E-4 8.16797E-5 5.2837E-5 3.49708E-5 3.05586E-5 2.25875E-5 3.67824E-5 6.511E-5 1.4332E-4 3.17476E-5 2.54479E-5 4.32022E-5 7.87285E-5 2.8474E-4 9.50544E-5 1.94235E-4 1.90951E-4 3.15493E-5 2.22762E-5 3.69296E-5 2.22771E-5 1.38536E-5 1.08397E-5 1.27465E-5 5.3602E-5 2.44523E-5 7.24862E-6 4.7831E-6 4.3211E-5 3.68125E-5 3.0543E-5 9.05351E-5 3.14046E-4 6.88081E-5 5.95214E-5 1.03533E-4 2.21105E-5 1.37798E-5 1.92144E-5 4.9121E-5 5.18253E-5 1.28442E-5 1.67564E-5 2.65495E-5 2.36049E-5
3.233E-5 3.71578E-5 4.28726E-5 4.0355E-5 4.16257E-5 2.9832E-5 4.17254E-5 3.19489E-5 2.19961E-5 2.68252E-5 4.15236E-5 3.16577E-5 2.67383E-5 6.23069E-5 3.4228E-5 2.7428E-5 2.43553E-5 1.78088E-5 4.03438E-5 7.88297E-5 8.20772E-5 8.8024E-5 1.63909E-4 1.65786E-4 6.86593E-5 3.57959E-5 3.96081E-5 6.97226E-5 1.24087E-4 6.47421E-5 3.82212E-5 2.27521E-5 2.03312E-5 7.02683E-5 5.10786E-5 2.24633E-4 2.79707E-4 1.52641E-4 3.7686E-5 3.67246E-5 2.09506E-5 2.06961E-5 1.42087E-5 1.41049E-5 4.50478E-5 1.68509E-5 1.30618E-5 1.28039E-5 4.8015E-5 3.6934E-5 8.66291E-5 1.5334E-4 8.12386E-5 3.32694E-5 4.11034E-5 3.53569E-5 2.09321E-5 8.6243E-6 5.29522E-6 1.972E-5 3.05418E-5 1.98525E-5 4.60963E-6 1.21701E-5 1.02764E-5
5.20895E-5 6.11058E-5 6.52837E-5 3.22485E-5 4.63671E-5 5.45462E-5 7.60761E-5 2.29483E-5 3.56073E-5 3.76168E-5 2.29761E-5 2.55662E-5 2.71159E-5 2.15381E-5 1.79112E-5 3.58745E-5 2.78217E-5 4.44505E-5 4.89231E-5 3.76943E-5 5.07692E-5 9.50106E-5 1.22611E-4 1.15713E-4 1.46541E-4 7.35578E-5 3.54047E-5 3.70492E-5 3.98614E-5 8.24078E-5 5.18501E-5 2.27246E-5 1.35266E-5 1.52203E-4 1.51408E-4 1.71227E-4 4.33709E-5 2.38723E-4 3.62606E-5 7.35378E-5 1.66073E-5 2.34047E-5 2.46389E-5 4.23521E-5 4.54631E-4 5.18243E-5 5.27266E-5 3.88301E-5 1.65193E-5 2.03444E-5 3.1058E-5 2.63037E-5 6.5925E-5 4.23177E-5 1.57171E-5 1.80081E-5 1.16914E-5 1.0211E-5 5.61863E-6 2.04051E-5 2.37391E-5 2.912E-5 1.61015E-5 1.28154E-5 9.05374E-6
5.52504E-5 6.30898E-5 2.37219E-4 4.44898E-4 1.06103E-4 3.28252E-4 1.12678E-4 4.51958E-5 4.3244E-5 3.01472E-5 2.56821E-5 2.69392E-5 2.43939E-5 9.99159E-6 2.12627E-5 1.90925E-5 3.22694E-5 2.80882E-5 5.63567E-5 5.3512E-5 5.01341E-5 7.21545E-5 1.02114E-4 2.73E-4 7.70183E-5 1.3397E-4 4.23591E-5 4.2036E-5 3.28186E-5 2.95877E-5 1.71954E-5 2.29539E-5 1.95883E-5 3.44544E-4 3.26001E-4 1.93618E-4 9.78804E-5 1.23544E-4 6.90139E-4 5.85955E-4 5.07781E-5 4.97765E-5 2.87968E-4 5.85822E-5 5.0345E-5 2.85875E-5 2.08242E-5 3.29522E-5 2.28677E-5 1.44508E-5 2.20349E-5 8.24116E-5 1.14378E-4 2.35741E-5 1.0774E-5 2.4217E-6 4.71467E-6 1.2879E-5 8.54891E-6 5.60789E-6 8.75633E-6 4.9907E-5 1.10498E-5 1.73952E-5 3.6285E-5
8.47172E-5 6.63196E-5 1.93205E-4 1.46889E-4 1.82598E-4 1.41154E-4 4.34118E-5 5.4216E-5 6.02087E-5 3.00835E-5 1.21866E-5 1.75174E-5 2.0285E-5 1.94092E-5 2.95285E-5 2.74287E-5 3.25665E-5 1.96654E-5 3.88903E-5 2.23E-5 5.87175E-5 4.4634E-5 6.5338E-5 7.94719E-5 7.94915E-5 6.83926E-5 1.49269E-4 3.79634E-5 3.94044E-5 3.49342E-5 2.93455E-5 3.08706E-5 2.21086E-5 6.06408E-5 1.19114E-4 4.63405E-5 1.39605E-4 1.55703E-4 1.21878E-4 2.71317E-4 4.35024E-4 1.37559E-4 3.23587E-4 5.65777E-4 8.25834E-5 5.66031E-5 4.02949E-5 2.57448E-5 2.20428E-5 3.17727E-5 5.19931E-5 5.41588E-5 2.48224E-4 6.41979E-5 1.77755E-5 7.76331E-6 6.03225E-6 7.31286E-6 1.40339E-5 1.19482E-5 5.59146E-6 2.20719E-5 2.81905E-5 8.45205E-6 1.18175E-5
3.67616E-4 2.50737E-4 2.94278E-4 2.59764E-4 1.41515E-4 1.61024E-4 2.84976E-4 6.37629E-5 5.82258E-5 3.8614E-5 2.27694E-5 2.74009E-5 1.5904E-5 2.72021E-5 3.42914E-5 3.72981E-5 3.88877E-5 2.96489E-5 5.60887E-5 4.37961E-5 5.47345E-5 4.28685E-5 9.02054E-5 6.16711E-5 8.73475E-5 5.58809E-5 5.68375E-5 5.54028E-5 2.39908E-5 4.28379E-5 5.52519E-5 4.17054E-5 3.02605E-5 2.96915E-5 9.54716E-5 6.07321E-5 5.59659E-4 7.05081E-4 2.92065E-4 8.64801E-4 7.88386E-4 3.24956E-4 5.63519E-4 1.07193E-3 3.43314E-5 2.24629E-5 8.71503E-5 2.25322E-5 1.8945E-5 1.14046E-4 1.64495E-4 2.82897E-4 1.98632E-4 2.79318E-4 6.13822E-5 8.06638E-6 7.58091E-6 1.24533E-5 1.2199E-5 4.05981E-5 8.15678E-6 1.24836E-5 1.01302E-5 4.06621E-6 7.2062E-6
4.21106E-5 7.69457E-5 1.42559E-4 1.07006E-4 1.16465E-4 1.40475E-4 1.315E-4 8.67632E-5 5.35158E-5 3.8371E-5 2.42847E-5 3.1297E-5 1.62089E-5 3.47782E-5 3.29733E-5 4.91673E-5 3.18019E-5 2.91883E-5 3.59451E-5 1.40467E-4 4.54947E-5 4.02926E-5 7.37493E-5 8.57677E-5 1.10199E-4 1.72243E-4 1.06878E-4 3.98307E-5 4.98773E-5 4.34107E-5 9.78306E-5 2.02014E-4 4.48078E-5 3.61904E-5 4.52652E-5 1.01041E-4 6.49947E-4 3.62605E-4 4.46253E-4 8.2562E-5 4.58718E-5 3.8532E-4 8.49034E-4 2.78416E-4 1.72249E-5 1.82989E-5 1.19147E-4 3.3436E-5 1.12821E-5 2.40625E-4 1.38322E-4 2.86757E-5 4.26186E-5 2.81753E-5 2.37387E-5 4.42923E-6 5.47629E-6 1.00688E-5 7.70892E-6 1.19368E-5 5.67322E-6 8.03599E-6 7.63012E-6 5.06913E-6 5.5556E-6
4.96947E-5 6.4398E-5 7.45251E-5 7.0958E-5 7.49874E-5 7.99729E-5 2.19152E-4 9.75794E-5 4.74533E-5 4.49203E-5 2.61259E-5 3.39554E-5 1.30641E-5 3.68142E-5 3.00921E-5 4.50067E-5 5.77425E-5 2.97284E-5 3.20738E-5 2.61826E-5 4.24709E-5 5.8719E-5 4.35991E-5 7.37558E-5 6.44221E-5 5.19437E-5 4.16838E-5 3.17439E-5 3.75475E-5 4.52011E-5 4.45684E-5 2.44997E-5 5.72464E-5 2.10335E-5 2.08254E-5 5.75623E-5 9.33476E-4 2.49005E-4 4.20713E-5 3.28335E-5 5.93376E-5 2.05423E-4 1.3882E-4 3.24277E-5 1.79971E-5 1.00374E-4 8.10489E-4 2.59143E-4 4.03286E-5 5.33626E-5 5.81539E-5 2.9118E-5 3.18592E-5 2.83831E-5 2.34214E-5 7.21526E-6 4.90936E-6 1.44752E-5 7.72985E-6 9.144E-6 9.85316E-6 5.11602E-5 1.23934E-5 1.03746E-5 1.40468E-5
6.63596E-5 7.04761E-5 7.01649E-5 1.17371E-4 1.08637E-4 7.99054E-5 1.83079E-4 2.40907E-4 5.94484E-5 4.54494E-5 3.72175E-5 3.23692E-5 1.33455E-5 3.44081E-5 2.71408E-5 4.87904E-5 4.68489E-5 5.7923E-5 3.13572E-5 6.50773E-5 3.84335E-5 4.33316E-5 6.844E-5 1.04663E-4 6.8965E-5 5.17556E-5 7.61148E-5 1.02691E-4 6.70935E-5 1.22683E-4 6.21664E-5 5.6507E-5 4.59668E-5 1.62359E-4 2.86664E-4 2.48305E-4 8.95014E-5 2.41878E-5 3.09891E-5 7.29459E-5 1.21664E-4 2.73707E-4 6.28191E-5 3.09971E-5 2.39427E-5 4.01954E-5 9.84821E-5 1.12939E-4 1.15022E-4 1.08958E-4 9.76766E-5 3.22628E-5 3.08331E-5 1.96674E-5 2.36384E-5 1.34213E-5 6.85269E-6 8.66384E-6 1.50188E-5 1.63479E-5 1.81821E-5 1.86329E-5 1.54361E-5 -9999 -9999
8.98465E-5 1.04616E-4 8.63338E-5 2.18447E-4 2.58127E-4 3.38403E-4 1.99316E-4 2.94213E-4 1.41855E-4 4.51035E-5 4.08942E-5 1.50311E-5 2.42533E-5 3.71509E-5 3.28829E-5 4.56434E-5 3.88243E-5 4.01305E-5 4.23753E-5 5.05783E-5 1.33051E-4 3.72015E-5 2.62628E-5 8.18814E-5 3.25564E-5 8.36371E-5 6.03225E-5 6.50945E-5 9.77551E-5 3.16227E-5 7.52526E-5 4.24658E-5 4.6593E-5 5.95405E-5 1.34328E-4 1.31389E-4 4.6613E-5 9.33929E-5 3.2595E-4 2.0334E-4 5.61273E-5 2.80744E-5 3.93042E-5 4.379E-5 4.0877E-5 2.61533E-5 4.51972E-4 2.42543E-4 2.82345E-4 4.04775E-5 5.10487E-5 1.64541E-5 2.01342E-5 1.52395E-5 5.05627E-6 6.18904E-6 5.45366E-6 1.28632E-5 1.32133E-5 1.44845E-5 2.23271E-5 -9999 -9999 -9999 -9999
1.08314E-4 8.49434E-5 1.10294E-4 6.37762E-4 6.4966E-4 1.23145E-4 1.56634E-4 2.60109E-4 2.5975E-4 4.82613E-5 3.0476E-5 2.50138E-5 4.08851E-5 2.85352E-5 3.80306E-5 7.4629E-5 3.71158E-5 2.90054E-5 4.84248E-5 7.00428E-5 8.93085E-5 1.59221E-4 3.53888E-5 4.14759E-5 3.49939E-5 6.74082E-5 5.26517E-5 3.66414E-5 4.1706E-5 2.81743E-5 4.07504E-5 3.77019E-5 3.94027E-5 2.55514E-5 4.11965E-5 9.44935E-5 2.55566E-4 2.30406E-4 7.83063E-5 4.23942E-5 3.35877E-5 3.42746E-5 6.30621E-5 1.8092E-5 2.46309E-5 2.98776E-5 1.04718E-4 2.56373E-4 7.53909E-5 2.33122E-5 1.87504E-5 2.51852E-5 1.71321E-5 4.46463E-6 3.74035E-6 3.89829E-6 6.15387E-6 1.32518E-5 8.60316E-6 -9999 -9999 -9999 -9999 -9999 -9999
8.6775E-5 8.0706E-5 1.19168E-4 2.23691E-4 2.3899E-4 3.18371E-4 3.64651E-4 7.63191E-5 1.88087E-4 3.3495E-5 3.97301E-5 1.84045E-5 5.51486E-5 4.58057E-5 5.51292E-5 7.84932E-5 6.67311E-5 2.42172E-5 2.86738E-5 3.43146E-5 4.76463E-5 6.58124E-5 4.30196E-5 4.85585E-5 5.65468E-5 3.95972E-5 4.31172E-5 5.72931E-5 4.02051E-5 3.38757E-5 4.01769E-5 3.77826E-5 4.68597E-5 2.93394E-5 4.44736E-5 9.04849E-5 4.78152E-4 1.8638E-4 2.34398E-5 2.05467E-5 2.01178E-5 2.98712E-5 2.6515E-5 2.54656E-5 1.81883E-5 1.32391E-4 1.22676E-4 2.39909E-5 2.43783E-5 3.15343E-5 2.22254E-5 7.35128E-6 4.2471E-6 9.85639E-6 4.79446E-6 9.04961E-6 5.64511E-6 1.23107E-5 -9999 -9999 -9999 -9999 -9999 -9999 -9999
6.5193E-5 7.26186E-5 8.51296E-5 1.14073E-4 1.60126E-4 3.17939E-4 3.61762E-4 2.26932E-4 1.76664E-4 1.07771E-4 2.41257E-5 5.03553E-5 4.72001E-5 6.79017E-5 4.71591E-5 3.05577E-5 2.67283E-5 2.41355E-5 1.98746E-5 7.52272E-5 8.92575E-5 3.99942E-5 7.03867E-5 5.37519E-5 3.87461E-5 6.54622E-5 5.89388E-5 5.54962E-5 3.22091E-5 3.25589E-5 4.05904E-5 4.16976E-5 4.67789E-5 4.91897E-5 5.9142E-5 6.72006E-5 1.977E-4 4.13254E-5 2.04204E-5 1.90768E-5 2.68704E-5 2.6153E-5 1.98564E-5 2.54229E-5 6.43858E-5 7.24607E-5 2.36446E-4 3.13391E-5 2.24383E-5 3.26524E-5 2.88882E-5 1.16673E-5 1.39726E-5 1.11852E-5 5.42243E-6 8.99648E-6 1.32159E-5 -9999 -9999 -9999 -9999 -9999 -9999 -9999 -9999
8.29687E-5 8.0276E-5 9.35972E-5 1.99851E-4 5.12981E-4 1.65492E-4 2.08739E-4 3.90676E-4 5.6212E-4 2.52121E-4 2.15034E-5 5.37484E-5 6.92872E-5 4.68341E-5 4.4886E-5 2.59592E-5 4.93465E-5 2.53326E-5 2.60182E-5 6.96616E-5 6.46063E-5 6.28345E-5 3.88056E-5 5.35466E-5 5.86364E-5 5.34173E-5 3.75667E-5 4.37576E-5 2.94591E-5 5.13035E-5 6.02994E-5 4.27033E-5 4.5867E-5 5.15451E-5 8.27183E-5 5.3331E-5 4.29047E-5 2.13782E-5 2.06055E-5 2.66534E-5 2.57254E-5 1.89149E-5 1.68292E-5 2.11714E-5 2.784E-5 2.16051E-5 2.35353E-5 2.08746E-5 4.36536E-5 1.76118E-5 2.04371E-4 2.35876E-5 1.01664E-5 7.88017E-6 1.02302E-5 2.64959E-5 2.1828E-5 -9999 -9999 -9999 -9999 -9999 -9999 -9999 -9999
1.44635E-4 8.06889E-5 1.17133E-4 2.47559E-4 4.65873E-4 2.12118E-4 1.99256E-4 9.29178E-5 2.68133E-4 6.5505E-4 2.64116E-5 5.42577E-5 4.63656E-5 4.52033E-5 3.65197E-5 2.96078E-5 2.35789E-5 3.50649E-5 3.05123E-5 3.37706E-5 1.2106E-4 5.09899E-5 4.78136E-5 5.71154E-5 5.00964E-5 3.00959E-5 2.88219E-5 1.28364E-5 3.2868E-5 4.08195E-5 6.86981E-5 4.50949E-5 2.77638E-5 7.82864E-5 9.43479E-5 3.92858E-5 2.91325E-5 2.46503E-5 2.42257E-5 2.4679E-5 2.47877E-5 2.54327E-5 1.86875E-5 3.74604E-5 2.41439E-5 5.79402E-5 3.79723E-5 5.53832E-5 3.50901E-5 4.94594E-5 4.28504E-5 2.67463E-5 1.4236E-5 6.91622E-6 1.73734E-5 1.77039E-5 -9999 -9999 -9999 -9999 -9999 -9999 -9999 -9999 -9999
8.29599E-5 8.66875E-5 8.02886E-5 1.59395E-4 2.5192E-4 1.1636E-3 1.79253E-4 1.1881E-4 2.19729E-4 1.10419E-4 3.27434E-5 5.82105E-5 5.22339E-5 3.84172E-5 4.19422E-5 5.73286E-5 4.96472E-5 5.71143E-5 5.54734E-5 3.45028E-5 5.02053E-5 7.14687E-5 5.26416E-5 5.68936E-5 5.3587E-5 6.49178E-5 1.49108E-5 3.73516E-5 4.01173E-5 5.84902E-5 5.3006E-5 4.36427E-5 7.49768E-5 1.31931E-4 5.32667E-5 2.45334E-5 2.1884E-5 3.18577E-5 2.40031E-5 1.93438E-5 2.64705E-5 4.88766E-5 2.46248E-5 4.53638E-5 2.4286E-5 4.13069E-5 1.37683E-5 7.7088E-6 1.29157E-5 1.84338E-5 2.59657E-5 1.62965E-5 1.48312E-5 1.35395E-5 1.71668E-5 -9999 -9999 -9999 -9999 -9999 -9999 -9999 -9999 -9999 -9999
8.26642E-5 8.29215E-5 8.31038E-5 1.03767E-4 1.21343E-4 1.15309E-4 1.08423E-4 2.34897E-4 2.49877E-4 1.77415E-4 9.31563E-5 5.65088E-5 6.01084E-5 6.31588E-5 3.94985E-5 4.65744E-5 5.73675E-5 5.06111E-5 5.89788E-5 1.11986E-4 5.12366E-5 4.69021E-5 6.38584E-5 5.22959E-5 6.49188E-5 4.3756E-5 4.20424E-5 4.24124E-5 5.03769E-5 3.03905E-5 2.86056E-5 6.48949E-5 9.56457E-5 5.42801E-5 2.73319E-5 2.39139E-5 3.61315E-5 3.38454E-5 3.52887E-5 2.76312E-5 6.05867E-5 2.69107E-5 1.64756E-5 2.36212E-5 1.71178E-5 1.50412E-5 1.08355E-5 8.68351E-6 1.07338E-5 1.26932E-5 1.47896E-5 1.69634E-5 2.00257E-5 -9999 -9999 -9999 -9999 -9999 -9999 -9999 -9999 -9999 -9999 -9999 -9999
8.22556E-5 8.21924E-5 8.09379E-5 8.36107E-5 7.12262E-5 5.85865E-5 1.04908E-4 2.0385E-4 1.48343E-4 2.45704E-5 1.21184E-4 6.95566E-5 4.84094E-5 8.87183E-5 5.75582E-5 5.75226E-5 5.83484E-5 5.80176E-5 5.09311E-5 5.6539E-5 5.19901E-5 7.61082E-5 1.31699E-4 1.0208E-4 6.563E-5 5.82988E-5 6.09003E-5 4.75832E-5 4.81699E-5 4.87297E-5 2.88036E-5 1.585E-4 3.17831E-5 4.20547E-5 2.30109E-5 3.38122E-5 3.81192E-5 3.79337E-5 8.81668E-5 4.0168E-4 9.64072E-5 3.13457E-5 3.0322E-5 3.18027E-5 1.53063E-5 1.97745E-5 1.42818E-5 1.21996E-5 3.77413E-5 4.03394E-5 2.00856E-5 -9999 -9999 -9999 -9999 -9999 -9999 -9999 -9999 -9999 -9999 -9999 -9999 -9999 -9999
8.1547E-5 8.22531E-5 8.10069E-5 8.2791E-5 1.0194E-4 8.47939E-5 4.66594E-4 1.21889E-4 8.54273E-5 2.0751E-5 6.86147E-5 7.66307E-5 4.64249E-5 1.34129E-4 9.85064E-5 4.15668E-5 5.75004E-5 5.48516E-5 4.37506E-5 6.53954E-5 4.25356E-5 1.89598E-4 1.40828E-4 1.09941E-4 2.12243E-4 8.47482E-5 7.24418E-5 5.82074E-5 4.8733E-5 6.30713E-5 3.48997E-5 5.36424E-5 7.57206E-5 6.13086E-5 2.27631E-5 3.27903E-5 3.68444E-5 2.43526E-5 3.44179E-5 4.14E-5 3.36246E-5 2.46882E-5 2.15088E-5 1.24339E-5 9.19123E-6 6.94664E-6 1.76276E-5 2.989E-5 1.99853E-5 -9999 -9999 -9999 -9999 -9999 -9999 -9999 -9999 -9999 -9999 -9999 -9999 -9999 -9999 -9999 -9999
6.66209E-5 7.41703E-5 7.72138E-5 8.35075E-5 1.35178E-4 1.51479E-4 9.773E-5 1.69451E-4 8.91559E-5 3.39262E-5 4.99065E-5 6.39539E-5 3.43975E-5 4.39032E-5 9.40215E-5 4.24456E-5 4.25991E-5 3.2257E-5 4.28627E-5 4.60828E-5 3.24379E-5 7.99029E-5 6.10214E-5 4.55579E-5 4.15644E-5 3.8028E-5 1.93252E-5 6.3144E-5 2.50233E-5 2.05817E-5 2.52647E-5 3.02959E-5 5.22306E-5 2.5658E-5 1.54515E-5 2.78636E-5 2.43958E-5 1.21102E-5 1.13692E-5 6.0386E-6 2.80156E-5 7.63039E-5 5.78327E-6 1.07139E-5 3.04889E-5 8.18836E-6 7.51543E-6 -9999 -9999 -9999 -9999 -9999 -9999 -9999 -9999 -9999 -9999 -9999 -9999 -9999 -9999 -9999 -9999 -9999 -9999
9.13887E-5 7.53571E-5 7.9818E-5 1.01539E-4 1.07061E-4 2.02741E-4 7.07985E-5 1.40649E-4 6.17133E-5 4.37258E-5 8.10344E-5 6.755E-5 6.17296E-5 6.12113E-5 4.98547E-5 5.2267E-5 3.26789E-5 2.51339E-5 2.96907E-5 4.4373E-5 5.54982E-5 5.62697E-5 3.7662E-5 2.77058E-5 3.40206E-5 2.84577E-5 1.28433E-5 2.36821E-5 7.03667E-6 1.60766E-5 2.36874E-5 1.7998E-5 1.76395E-5 1.57142E-5 6.27398E-6 1.41285E-5 1.08205E-5 2.20016E-5 6.93222E-6 1.16796E-5 2.04683E-5 3.64992E-5 1.42898E-5 6.56417E-6 3.42938E-6 4.72701E-6 -9999 -9999 -9999 -9999 -9999 -9999 -9999 -9999 -9999 -9999 -9999 -9999 -9999 -9999 -9999 -9999 -9999 -9999 -9999
9.11099E-5 9.18725E-5 9.47573E-5 9.20134E-5 1.13715E-4 1.16448E-4 1.1731E-4 9.02936E-5 9.51473E-5 5.30547E-5 5.89128E-5 5.80369E-5 6.11629E-5 3.83618E-5 2.90804E-5 2.74611E-5 2.51503E-5 1.27192E-5 3.11667E-5 4.16661E-5 3.27018E-5 4.7504E-5 5.30211E-5 7.32532E-5 7.52188E-5 2.10341E-5 1.44932E-5 4.27646E-5 1.92459E-5 1.81622E-5 2.79433E-5 1.70188E-5 1.5123E-5 1.09585E-5 6.16912E-6 1.8528E-5 1.47668E-5 6.11502E-6 1.8088E-5 1.70814E-5 1.24567E-5 4.70987E-5 4.29134E-5 4.99077E-6 7.21498E-6 -9999 -9999 -9999 -9999 -9999 -9999 -9999 -9999 -9999 -9999 -9999 -9999 -9999 -9999 -9999 -9999 -9999 -9999 -9999 -9999
8.05133E-5 8.6044E-5 1.10973E-4 1.05987E-4 1.0801E-4 9.54009E-5 1.21171E-4 2.4008E-4 5.92826E-5 6.17661E-5 6.44404E-5 5.96515E-5 8.9467E-5 4.30807E-5 9.20503E-6 1.71098E-5 1.55936E-5 1.42683E-5 3.03475E-5 3.4241E-5 3.47343E-5 3.22597E-5 2.13951E-5 1.16975E-4 4.65893E-5 6.80595E-5 3.43841E-5 1.77586E-5 2.04578E-5 1.46314E-5 2.18802E-5 1.5132E-5 1.45525E-5 1.23985E-5 1.14436E-5 9.18299E-6 8.95831E-6 5.55589E-6 1.5953E-5 7.37868E-6 5.97197E-6 4.21794E-6 3.1106E-6 4.51662E-6 -9999 -9999 -9999 -9999 -9999 -9999 -9999 -9999 -9999 -9999 -9999 -9999 -9999 -9999 -9999 -9999 -9999 -9999 -9999 -9999 -9999
7.54247E-5 8.43893E-5 1.02995E-4 1.00951E-4 1.07895E-4 1.18396E-4 1.21501E-4 5.41483E-5 6.30352E-5 6.25621E-5 5.60737E-5 3.51266E-5 4.30587E-5 2.43772E-5 1.66556E-5 1.32371E-5 1.02496E-5 1.79362E-5 3.50267E-5 4.40731E-5 3.61959E-5 1.7866E-5 3.17151E-5 1.56799E-4 3.66243E-5 4.86669E-5 2.05311E-5 1.69263E-5 1.96689E-5 1.00065E-5 1.50884E-5 1.4193E-5 1.46771E-5 8.69009E-6 9.90309E-6 9.05484E-6 5.60374E-6 4.84969E-6 9.52225E-6 8.77308E-6 3.88347E-6 3.61999E-6 3.53734E-6 4.92081E-6 -9999 -9999 -9999 -9999 -9999 -9999 -9999 -9999 -9999 -9999 -9999 -9999 -9999 -9999 -9999 -9999 -9999 -9999 -9999 -9999 -9999
9.13133E-5 8.99963E-5 9.5851E-5 1.00053E-4 1.11484E-4 1.10371E-4 1.32838E-4 4.83225E-5 6.31369E-5 4.71103E-5 6.64811E-5 2.68632E-5 1.26458E-5 1.79947E-5 2.85649E-5 2.29474E-5 1.1386E-5 2.22478E-5 2.49625E-5 4.27024E-5 4.42216E-5 2.59219E-5 3.46043E-5 2.44812E-4 6.4661E-5 4.30382E-5 1.14198E-5 1.54163E-5 1.92603E-5 1.2367E-5 1.61297E-5 7.74789E-6 4.47522E-6 4.20202E-6 4.378E-6 3.22378E-6 3.5174E-6 3.84831E-6 8.59315E-6 1.28942E-5 5.50158E-6 4.1819E-6 4.03546E-6 3.00743E-6 1.27467E-5 -9999 -9999 -9999 -9999 -9999 -9999 -9999 -9999 -9999 -9999 -9999 -9999 -9999 -9999 -9999 -9999 -9999 -9999 -9999 -9999
7.95844E-5 7.20761E-5 9.6722E-5 1.07524E-4 1.13518E-4 1.23222E-4 1.12109E-4 5.04374E-5 6.48734E-5 6.35833E-5 5.83685E-5 3.35687E-5 3.21651E-5 1.44637E-5 4.15169E-5 3.81874E-5 3.04594E-5 4.31709E-5 2.8293E-5 4.88481E-5 2.4117E-5 3.30437E-5 7.03696E-5 1.01098E-4 5.45365E-5 2.75461E-5 2.26841E-5 1.40099E-5 1.05606E-5 1.00069E-5 6.20013E-6 5.20954E-6 8.72415E-6 8.65932E-6 4.12699E-6 3.712E-6 3.61674E-6 3.21728E-6 4.05029E-6 1.11646E-5 1.6586E-5 1.77892E-5 1.9194E-5 1.25952E-5 2.15816E-5 -9999 -9999 -9999 -9999 -9999 -9999 -9999 -9999 -9999 -9999 -9999 -9999 -9999 -9999 -9999 -9999 -9999 -9999 -9999 -9999
7.89456E-5 8.72786E-5 9.49521E-5 1.02192E-4 1.69667E-4 1.53505E-4 1.38837E-4 2.69125E-5 5.21589E-5 3.46672E-5 3.23743E-5 4.54797E-5 1.80334E-5 1.71779E-5 2.644E-5 3.24133E-5 3.1417E-5 2.87497E-5 2.40869E-5 2.92455E-5 2.7577E-5 3.2501E-5 2.6937E-5 2.45437E-5 2.19281E-5 1.06594E-5 2.17048E-5 1.49185E-5 1.19283E-5 3.8897E-6 5.13588E-6 1.20931E-5 1.31443E-5 8.8863E-6 3.50468E-6 3.29213E-6 3.22557E-6 3.32976E-6 3.73957E-6 8.38742E-6 1.71403E-5 1.02557E-5 1.16011E-5 9.21407E-6 2.13325E-5 -9999 -9999 -9999 -9999 -9999 -9999 -9999 -9999 -9999 -9999 -9999 -9999 -9999 -9999 -9999 -9999 -9999 -9999 -9999 -9999
8.56341E-5 1.0702E-4 9.50567E-5 1.31E-4 1.48135E-4 1.45224E-4 1.21372E-4 2.64826E-5 2.44609E-5 2.52448E-5 2.9076E-5 3.33069E-5 1.80233E-5 3.34701E-5 3.23719E-5 2.97998E-5 3.65719E-5 3.06257E-5 3.55968E-5 2.51486E-5 4.75886E-5 1.80821E-5 1.93719E-5 2.07589E-4 2.76601E-5 1.59753E-5 1.85641E-5 5.92681E-6 4.25583E-6 3.76804E-6 2.83511E-6 5.17918E-6 4.76402E-6 4.93367E-6 5.46145E-6 3.96241E-6 3.62914E-6 3.31869E-6 4.66588E-6 1.48384E-5 2.06137E-5 1.15719E-5 9.79304E-6 2.41684E-5 -9999 -9999 -9999 -9999 -9999 -9999 -9999 -9999 -9999 -9999 -9999 -9999 -9999 -9999 -9999 -9999 -9999 -9999 -9999 -9999 -9999
2.42877E-4 1.34388E-4 1.2386E-4 1.42178E-4 2.73646E-4 8.81718E-5 4.57836E-5 3.76831E-5 2.96259E-5 3.23462E-5 4.83097E-5 3.6417E-5 3.06533E-5 3.12695E-5 3.86499E-5 2.33816E-5 1.82774E-5 2.75637E-5 3.93675E-5 2.69226E-5 1.88252E-5 2.1132E-5 1.55279E-5 4.91132E-5 4.03633E-5 1.47601E-5 1.1194E-5 1.03508E-5 1.10333E-5 3.84087E-6 3.88689E-6 3.36465E-6 4.05504E-6 6.91109E-6 1.25423E-5 1.41049E-5 1.21347E-5 6.69629E-6 1.45546E-5 1.65664E-5 2.15668E-5 -9999 -9999 -9999 -9999 -9999 -9999 -9999 -9999 -9999 -9999 -9999 -9999 -9999 -9999 -9999 -9999 -9999 -9999 -9999 -9999 -9999 -9999 -9999 -9999
