catData/rasterBestHybridModels/Prubiginosus/RD_RM1.5_LQ/Prubiginosus_avg.asc
ncols         409
nrows         350
xllcorner     60.897278365
yllcorner     5.843756025
cellsize      0.0892857
NODATA_value  -9999
[rows 203 to 231 of 350, columns 132 to 197 of 409]
-9999 -9999 -9999 9.97419E-5 9.738E-5 1.92341E-4 2.19947E-4 5.63106E-5 7.94554E-5 2.0336E-4 1.39632E-4 1.17201E-4 1.50558E-4 1.56891E-4 1.79134E-4 3.01399E-4 2.80807E-4 1.98828E-4 1.5897E-4 1.41247E-4 1.35788E-4 2.10237E-4 1.19862E-4 1.29052E-4 1.56416E-4 1.20944E-4 2.19599E-4 3.41306E-4 3.52507E-4 3.68499E-4 3.88619E-4 3.9609E-4 4.05708E-4 2.64519E-4 3.78636E-4 3.71583E-4 2.59971E-4 2.54456E-4 3.01686E-4 3.16784E-4 1.85666E-4 1.94156E-4 1.45462E-4 1.98085E-4 1.2065E-4 8.34363E-5 1.20451E-4 1.10313E-4 1.93876E-4 1.89559E-4 1.62724E-4 8.4079E-5 1.03367E-4 1.39516E-4 1.04418E-4 1.98094E-4 2.10629E-4 2.06559E-4 2.08031E-4 2.14161E-4 2.27801E-4 2.47257E-4 2.58225E-4 1.81759E-4 1.18209E-4 8.82941E-5
-9999 -9999 -9999 6.35053E-5 1.07575E-4 1.18162E-4 2.33482E-4 1.23582E-4 1.40959E-4 2.24073E-4 2.31922E-4 8.60151E-5 9.87209E-5 9.69194E-5 1.35477E-4 1.64903E-4 3.04124E-4 3.06037E-4 2.75511E-4 1.23009E-4 2.19538E-4 1.47967E-4 1.42588E-4 1.46309E-4 1.54694E-4 1.29706E-4 2.10876E-4 3.41392E-4 3.76406E-4 3.72286E-4 3.69367E-4 3.65579E-4 3.61896E-4 3.58747E-4 3.56329E-4 3.51236E-4 2.39475E-4 2.44185E-4 3.40265E-4 3.22453E-4 2.11062E-4 2.85986E-4 4.05435E-4 2.12098E-4 1.51047E-4 1.26722E-4 1.4893E-4 1.09811E-4 1.80737E-4 1.29718E-4 1.65593E-4 1.22896E-4 7.04287E-5 1.4871E-4 6.54715E-5 2.14402E-4 2.31631E-4 2.37213E-4 1.37429E-4 1.45901E-4 1.49469E-4 1.87396E-4 6.13576E-5 2.16941E-4 2.18865E-4 2.83135E-4
-9999 -9999 8.34399E-5 1.09501E-4 9.73093E-5 1.00113E-4 1.29883E-4 1.06234E-4 1.70443E-4 1.88626E-4 2.41348E-4 1.08009E-4 1.20854E-4 1.31951E-4 1.07833E-4 1.56047E-4 2.78571E-4 2.83934E-4 2.85702E-4 1.64936E-4 2.03018E-4 7.9348E-5 1.34314E-4 1.52086E-4 1.16748E-4 1.78946E-4 3.11146E-4 3.36975E-4 3.63946E-4 3.76212E-4 2.54155E-4 3.63441E-4 2.29336E-4 3.19874E-4 2.17929E-4 3.11846E-4 2.98722E-4 3.15133E-4 2.96478E-4 2.80889E-4 2.76193E-4 2.58054E-4 3.46858E-4 3.44617E-4 1.64111E-4 9.90095E-5 1.55726E-4 1.60725E-4 1.73712E-4 1.83057E-4 2.23587E-4 1.53915E-4 1.55227E-4 7.43777E-5 1.23298E-4 3.06926E-4 2.67848E-4 2.38989E-4 1.50059E-4 1.45526E-4 1.78753E-4 3.98561E-4 2.19831E-4 3.02153E-4 3.07229E-4 3.6318E-4
-9999 -9999 1.07675E-4 1.09167E-4 9.89156E-5 4.05507E-5 1.4693E-4 1.27309E-4 1.75553E-4 1.52294E-4 2.18012E-4 1.04121E-4 1.06388E-4 9.89508E-5 1.03358E-4 1.09233E-4 1.61642E-4 3.16094E-4 4.40666E-4 2.56898E-4 7.42485E-5 1.06384E-4 8.97102E-5 1.51189E-4 1.75449E-4 1.90754E-4 3.40582E-4 3.31466E-4 3.51066E-4 3.65602E-4 3.74688E-4 3.65874E-4 3.32304E-4 3.12484E-4 2.0984E-4 1.89099E-4 1.90955E-4 2.75031E-4 2.72676E-4 2.44783E-4 2.42927E-4 2.43451E-4 2.17256E-4 5.5518E-4 2.8633E-4 1.34502E-4 1.40155E-4 1.47913E-4 1.58038E-4 1.7587E-4 2.28406E-4 1.95824E-4 2.27323E-4 1.4572E-4 3.00378E-4 3.02717E-4 2.36603E-4 1.48532E-4 2.39137E-4 2.85502E-4 1.97342E-4 2.39183E-4 4.03336E-4 3.64714E-4 4.52901E-4 1.02759E-3
-9999 -9999 -9999 1.14483E-4 1.09173E-4 1.26602E-4 1.0118E-4 1.55844E-4 5.38184E-5 9.4724E-5 1.1848E-4 1.31557E-4 1.06317E-4 1.07777E-4 9.55036E-5 6.94855E-5 9.18415E-5 1.76843E-4 2.38057E-4 2.61326E-4 3.03023E-4 2.35522E-4 1.26697E-4 1.10489E-4 1.21064E-4 1.90132E-4 3.2317E-4 3.18925E-4 2.25968E-4 3.45166E-4 2.4874E-4 3.5393E-4 3.47528E-4 3.22151E-4 2.90636E-4 1.86863E-4 2.55321E-4 2.35049E-4 1.72549E-4 1.04318E-4 1.10074E-4 2.2415E-4 2.32131E-4 2.61952E-4 4.1134E-4 2.23631E-4 9.41593E-5 1.40911E-4 2.24286E-4 1.57312E-4 1.16585E-4 1.79103E-4 1.64395E-4 1.29979E-4 2.03549E-4 2.92171E-4 1.6478E-4 2.39302E-4 1.0743E-4 5.93195E-4 6.14846E-4 2.96619E-4 2.67057E-4 4.34783E-4 3.81004E-4 8.30649E-4
-9999 -9999 2.90532E-4 1.38466E-4 2.88145E-4 2.39139E-4 1.02957E-4 1.6639E-4 1.59779E-4 2.06148E-4 1.89984E-4 2.46911E-4 9.5009E-5 1.10469E-4 7.69863E-5 7.31204E-5 1.37192E-4 1.03616E-4 1.92361E-4 4.02034E-5 1.36397E-4 9.10834E-5 7.54789E-5 9.22216E-5 1.72877E-4 1.79716E-4 3.06051E-4 2.67476E-4 2.8415E-4 3.22329E-4 3.39175E-4 3.45986E-4 3.38624E-4 2.19061E-4 2.84411E-4 2.63628E-4 2.37336E-4 1.61071E-4 1.58177E-4 2.26144E-4 1.636E-4 2.12139E-4 1.81656E-4 2.42436E-4 3.26781E-4 3.06252E-4 2.0739E-4 1.27663E-4 1.58997E-4 1.45823E-4 1.03621E-4 1.71633E-4 1.67849E-4 1.83161E-4 1.96606E-4 3.1208E-4 1.91096E-4 2.06937E-4 2.64397E-4 5.74242E-4 9.30906E-4 7.38754E-4 5.94918E-4 1.43808E-3 1.2081E-3 1.31469E-3
-9999 -9999 -9999 2.49186E-4 2.76173E-4 1.78217E-4 2.15096E-4 8.74246E-5 1.7062E-4 1.74734E-4 1.60041E-4 2.93426E-4 1.98415E-4 2.28603E-4 2.05584E-4 1.41624E-4 1.5235E-4 1.8485E-4 2.81687E-4 2.71311E-4 2.68691E-4 2.16608E-4 1.17844E-4 6.27162E-5 1.35497E-4 1.15058E-4 1.17466E-4 2.79947E-4 2.80665E-4 2.03428E-4 3.09872E-4 3.11596E-4 3.07265E-4 2.94261E-4 2.81645E-4 2.62728E-4 2.41085E-4 2.12236E-4 2.12217E-4 2.15881E-4 2.02985E-4 2.15863E-4 2.09196E-4 1.98622E-4 7.04412E-4 3.90041E-4 8.24387E-5 9.03703E-5 2.166E-4 1.31453E-4 1.46936E-4 1.54416E-4 1.13854E-4 1.88428E-4 1.3938E-4 1.90738E-4 5.48243E-4 4.05787E-4 4.15812E-4 5.44919E-4 6.01805E-4 6.11311E-4 3.88936E-4 1.50512E-4 3.90884E-4 6.13238E-4
-9999 -9999 -9999 3.48923E-4 3.05869E-4 1.39713E-4 1.69572E-4 1.83876E-4 2.86715E-4 2.80829E-4 2.81247E-4 2.66689E-4 4.21982E-4 3.93069E-4 2.65191E-4 2.59354E-4 2.12E-4 2.43722E-4 3.04243E-4 2.8093E-4 2.58122E-4 1.62186E-4 1.15831E-4 8.51846E-5 8.93074E-5 8.38021E-5 7.43002E-5 2.3482E-4 2.82219E-4 2.81917E-4 2.8932E-4 2.83956E-4 1.98252E-4 2.77945E-4 2.55169E-4 2.54083E-4 2.39401E-4 2.16085E-4 1.35316E-4 1.6827E-4 2.4208E-4 2.44779E-4 2.64006E-4 3.64337E-4 2.83958E-4 3.9998E-4 1.9307E-4 1.84784E-4 2.07957E-4 1.60281E-4 1.7864E-4 1.02017E-4 1.6771E-4 1.94676E-4 1.3964E-4 2.04805E-4 6.64662E-4 5.86034E-4 3.05218E-4 1.59898E-3 4.81288E-4 7.43456E-4 4.11746E-4 2.13846E-4 3.63767E-4 4.13734E-4
-9999 -9999 -9999 -9999 3.2989E-4 2.9696E-4 7.45641E-5 2.23969E-4 2.02872E-4 5.3028E-4 3.33544E-4 4.67132E-4 5.16312E-4 4.92019E-4 2.85645E-4 1.78458E-4 2.61822E-4 2.93117E-4 3.01535E-4 2.96175E-4 2.61652E-4 2.37753E-4 1.20589E-4 1.14624E-4 1.01543E-4 1.25177E-4 8.354E-5 1.69357E-4 1.53958E-4 2.58292E-4 2.75333E-4 1.85422E-4 1.76191E-4 2.61985E-4 2.60577E-4 2.9178E-4 2.93523E-4 2.76822E-4 1.6349E-4 2.71708E-4 2.66996E-4 2.87818E-4 3.13475E-4 3.06113E-4 4.11459E-4 4.26857E-4 5.47604E-4 2.34226E-4 1.575E-4 1.94167E-4 1.93241E-4 1.97415E-4 1.72557E-4 1.7786E-4 2.39463E-4 1.92804E-4 1.81957E-4 3.35921E-4 4.17683E-4 3.15822E-4 8.55352E-4 4.50698E-4 6.09646E-4 2.89191E-4 3.44253E-4 4.02498E-4
-9999 -9999 -9999 3.90355E-4 1.88624E-4 3.10239E-4 1.13209E-4 2.15993E-4 3.90409E-4 1.79752E-4 4.66006E-4 6.16086E-4 5.41289E-4 4.93786E-4 4.80859E-4 2.59935E-4 1.45613E-4 1.17207E-4 1.29327E-4 1.27107E-4 1.33616E-4 5.66076E-5 5.84687E-5 9.72095E-5 1.13435E-4 1.69679E-4 1.67462E-4 1.44867E-4 1.84964E-4 1.77467E-4 2.49939E-4 1.74402E-4 1.83458E-4 2.94226E-4 2.97477E-4 2.0592E-4 2.2669E-4 3.26371E-4 3.02051E-4 3.03944E-4 2.66053E-4 3.08564E-4 2.5823E-4 3.50214E-4 3.91017E-4 3.17274E-4 5.02633E-4 5.51847E-4 1.89896E-4 1.22431E-4 1.11823E-4 2.08292E-4 1.37649E-4 1.75026E-4 2.22263E-4 4.77232E-4 3.07052E-4 2.15008E-4 5.83611E-4 2.36773E-4 2.27741E-4 3.94241E-4 5.93656E-4 4.36921E-4 4.51792E-4 4.37689E-4
-9999 -9999 -9999 -9999 1.86199E-4 1.94115E-4 1.47342E-4 2.07522E-4 2.79394E-4 1.73265E-4 1.64042E-4 4.10426E-4 5.05346E-4 3.60427E-4 4.63579E-4 1.8799E-4 2.53699E-4 1.86164E-4 1.02621E-4 2.24998E-4 1.46334E-4 8.92646E-5 6.36239E-5 5.90348E-5 1.48843E-4 9.76661E-5 1.12624E-4 9.58596E-5 1.38166E-4 2.89334E-4 2.64538E-4 2.6378E-4 2.72018E-4 2.95667E-4 3.74502E-4 3.30787E-4 3.58182E-4 3.50946E-4 3.57972E-4 2.45509E-4 3.49551E-4 3.46319E-4 2.51612E-4 3.38248E-4 3.03112E-4 4.75712E-4 7.60461E-4 4.91001E-4 3.88462E-4 2.34151E-4 1.21873E-4 2.71511E-4 1.676E-4 1.99948E-4 1.41885E-4 2.32168E-4 3.94055E-4 3.14259E-4 5.73735E-4 5.57338E-4 4.80206E-4 4.43759E-4 5.68978E-4 5.05399E-4 3.94019E-4 4.98371E-4
-9999 -9999 -9999 -9999 2.68296E-4 2.0049E-4 1.95654E-4 1.57786E-4 4.36151E-4 2.2273E-4 2.22171E-4 2.45023E-4 4.25418E-4 6.51006E-4 4.56508E-4 2.07426E-4 1.74061E-4 2.01271E-4 3.12682E-4 3.00065E-4 2.1894E-4 1.19822E-4 1.3754E-4 1.58092E-4 1.16697E-4 1.01524E-4 9.61948E-5 3.6946E-4 5.74877E-5 1.75659E-4 2.70819E-4 3.01248E-4 1.84206E-4 2.10582E-4 2.50613E-4 3.41169E-4 3.59162E-4 3.68939E-4 3.78361E-4 3.94038E-4 4.03648E-4 2.73365E-4 2.86673E-4 3.84335E-4 3.61446E-4 3.96124E-4 3.21342E-4 1.67123E-4 3.89352E-4 1.89015E-4 1.35594E-4 2.92411E-4 1.59609E-4 1.39704E-4 1.36401E-4 1.92789E-4 1.94657E-4 3.18472E-4 3.29503E-4 5.86573E-4 5.59337E-4 4.4987E-4 4.53805E-4 4.38053E-4 3.87135E-4 4.09507E-4
-9999 -9999 -9999 -9999 -9999 4.67134E-5 1.29128E-4 1.67405E-4 5.69844E-4 1.61798E-4 1.90312E-4 2.92221E-4 5.08701E-4 6.38477E-4 5.24486E-4 2.41648E-4 1.55207E-4 2.71763E-4 3.12664E-4 2.31009E-4 2.51085E-4 2.16351E-4 2.20233E-4 1.97224E-4 1.37314E-4 1.46321E-4 1.0033E-4 6.12126E-5 7.10304E-5 8.96366E-5 2.42913E-4 2.93673E-4 2.69337E-4 2.72895E-4 2.07456E-4 3.18409E-4 3.37059E-4 2.33466E-4 2.44057E-4 3.6367E-4 3.94975E-4 5.15638E-4 4.18243E-4 4.14346E-4 5.24784E-4 4.09235E-4 3.75864E-4 1.73535E-4 1.79475E-4 1.18002E-4 1.56923E-4 2.75072E-4 1.53165E-4 8.49477E-5 2.29356E-4 1.7609E-4 2.06944E-4 2.83057E-4 2.03813E-4 5.49745E-4 5.3531E-4 5.30431E-4 4.99759E-4 3.6155E-4 3.61035E-4 4.30917E-4
-9999 -9999 -9999 -9999 -9999 2.27834E-4 1.44973E-4 2.24422E-4 4.23938E-4 2.5576E-4 1.30746E-4 1.44165E-4 1.78316E-4 1.2617E-4 9.457E-5 1.68088E-4 2.12121E-4 2.52564E-4 2.06692E-4 2.27379E-4 2.17436E-4 2.30337E-4 1.65505E-4 1.65758E-4 1.60251E-4 1.96647E-4 1.22686E-4 1.06661E-4 1.1501E-4 8.40287E-5 6.05383E-5 7.74051E-5 1.86148E-4 2.25511E-4 2.53129E-4 3.08119E-4 3.07268E-4 3.14353E-4 3.38799E-4 3.1557E-4 3.87275E-4 1.06401E-3 2.27838E-3 7.88599E-4 3.01317E-4 2.93788E-4 3.95004E-4 3.63187E-4 2.08051E-4 1.85984E-4 2.08963E-4 1.79614E-4 2.2365E-4 1.22809E-4 2.68406E-4 1.87216E-4 1.75741E-4 2.8208E-4 1.83786E-4 1.97178E-4 5.28518E-4 4.52163E-4 4.75496E-4 3.72819E-4 3.77233E-4 4.48014E-4
-9999 -9999 -9999 -9999 -9999 2.77904E-4 1.53275E-4 2.29751E-4 1.57309E-4 1.83734E-4 1.25969E-4 1.17812E-4 1.54812E-4 8.20815E-5 1.21473E-4 2.27608E-4 1.27498E-4 2.41604E-4 3.47287E-4 3.35109E-4 2.20158E-4 2.42269E-4 2.5855E-4 2.62528E-4 2.48023E-4 2.11196E-4 1.74465E-4 1.36356E-4 7.58634E-5 7.39128E-5 1.32837E-4 5.55149E-5 6.09823E-5 2.37525E-4 2.48069E-4 2.98635E-4 2.74912E-4 3.01799E-4 3.16741E-4 3.5067E-4 2.43711E-4 3.62622E-4 3.52807E-4 3.65128E-4 2.54004E-4 3.88627E-4 3.95635E-4 4.19344E-4 2.87409E-4 2.21042E-4 2.10172E-4 1.3144E-4 1.72747E-4 6.506E-4 2.64651E-4 2.33864E-4 2.44599E-4 2.53533E-4 2.79428E-4 1.87343E-4 4.41656E-4 5.73588E-4 4.41798E-4 5.9319E-4 3.73575E-4 5.04799E-4
-9999 -9999 -9999 -9999 -9999 2.4725E-4 2.73827E-4 1.8131E-4 2.84186E-4 1.69408E-4 1.35463E-4 1.18188E-4 9.60426E-5 1.24255E-4 3.61008E-4 3.83697E-4 7.33263E-5 2.45878E-4 3.02685E-4 3.47267E-4 3.83084E-4 2.78252E-4 1.77496E-4 2.51468E-4 1.60123E-4 2.2304E-4 1.88204E-4 1.34233E-4 1.08288E-4 1.42871E-4 1.52583E-4 1.17922E-4 1.04135E-4 2.7323E-4 2.11392E-4 3.12129E-4 1.92855E-4 1.86387E-4 2.99988E-4 3.17232E-4 3.3321E-4 3.48047E-4 4.61227E-4 3.39052E-4 2.67029E-4 3.56373E-4 2.52513E-4 3.91278E-4 2.29658E-4 2.40465E-4 3.5055E-4 1.58038E-4 1.79791E-4 5.03669E-4 1.82668E-4 2.49452E-4 3.87202E-4 1.73488E-4 2.39003E-4 2.42552E-4 2.52447E-4 4.58609E-4 4.33535E-4 4.2919E-4 3.94998E-4 3.72624E-4
-9999 -9999 -9999 -9999 -9999 -9999 3.37074E-4 1.42895E-4 1.81042E-4 3.01836E-4 1.60488E-4 1.46257E-4 9.07731E-5 2.25743E-4 2.9631E-4 1.73052E-4 1.36471E-4 2.73734E-4 3.07593E-4 3.51832E-4 3.22105E-4 3.91843E-4 2.54533E-4 2.46752E-4 2.30316E-4 2.10606E-4 1.33649E-4 1.8255E-4 1.57637E-4 1.62161E-4 1.81458E-4 4.34598E-4 1.61411E-4 1.69376E-4 2.35246E-4 3.97368E-4 2.4238E-4 2.98888E-4 2.73293E-4 3.21542E-4 3.09448E-4 2.0319E-4 2.13515E-4 3.39026E-4 3.13644E-4 3.11644E-4 2.9085E-4 4.0826E-4 3.44911E-4 2.68955E-4 2.11048E-4 2.18697E-4 4.36907E-4 7.40047E-4 3.85076E-4 2.81492E-4 1.62925E-4 2.39855E-4 2.35728E-4 1.71477E-4 1.42483E-4 2.20202E-4 3.96982E-4 3.92627E-4 3.96952E-4 3.98026E-4
-9999 -9999 -9999 -9999 -9999 -9999 2.56062E-4 1.22596E-4 1.16287E-4 8.11041E-5 6.80415E-4 1.99504E-4 1.28743E-4 3.65245E-4 3.19699E-4 1.63599E-4 3.16663E-4 4.90245E-4 2.92803E-4 3.37156E-4 3.34831E-4 3.54417E-4 1.60087E-4 1.60814E-4 2.26967E-4 2.04444E-4 1.83731E-4 1.63096E-4 1.62151E-4 1.86286E-4 1.39948E-4 2.24501E-4 2.37183E-4 1.47835E-4 1.24306E-4 2.51356E-4 3.93E-4 3.14812E-4 3.18918E-4 3.16979E-4 3.0037E-4 1.90331E-4 1.74224E-4 2.28368E-4 2.85515E-4 2.8099E-4 2.99469E-4 2.13441E-4 1.86159E-4 4.15381E-4 2.85768E-4 2.05757E-4 1.85345E-4 4.71664E-4 3.60916E-4 2.77082E-4 2.62687E-4 2.64263E-4 1.58363E-4 1.66587E-4 1.68461E-4 1.94749E-4 2.70101E-4 4.38742E-4 4.05065E-4 4.04939E-4
-9999 -9999 -9999 -9999 -9999 -9999 1.76745E-4 1.07166E-4 8.56344E-5 1.75472E-4 2.69817E-4 2.57503E-4 1.30778E-4 1.44524E-4 3.68814E-4 2.86809E-4 2.81766E-4 2.74202E-4 2.82195E-4 3.21277E-4 3.22467E-4 3.52506E-4 2.17817E-4 2.12966E-4 2.08525E-4 1.31921E-4 1.84085E-4 1.13333E-4 1.84811E-4 1.9651E-4 1.43826E-4 1.56898E-4 2.31743E-4 2.10192E-4 1.90655E-4 1.78235E-4 3.25266E-4 3.49398E-4 8.50056E-4 5.1589E-4 7.3309E-4 2.81226E-4 1.79407E-4 2.68771E-4 2.61343E-4 2.63389E-4 2.55665E-4 2.17346E-4 3.43697E-4 3.80115E-4 8.85028E-4 3.89273E-4 4.21022E-4 5.3791E-4 3.11466E-4 2.1467E-4 2.21031E-4 1.49754E-4 1.4071E-4 2.55641E-4 2.59578E-4 2.61639E-4 4.24063E-4 4.36901E-4 3.99423E-4 4.00026E-4
-9999 -9999 -9999 -9999 -9999 -9999 1.86585E-4 1.95604E-4 1.39343E-4 1.30299E-4 1.40318E-4 1.52488E-4 1.49949E-4 1.91324E-4 6.10387E-4 3.93325E-4 2.69394E-4 1.91283E-4 3.91002E-4 2.70919E-4 3.20999E-4 3.44345E-4 3.4989E-4 1.94976E-4 1.82449E-4 1.84477E-4 1.68363E-4 1.14602E-4 1.87759E-4 2.0869E-4 2.27044E-4 2.4327E-4 2.29305E-4 1.41525E-4 1.8639E-4 1.64505E-4 1.61195E-4 2.94668E-4 5.16737E-4 9.28348E-4 1.47932E-3 1.14746E-3 4.08626E-4 3.02334E-4 2.8501E-4 2.00142E-4 2.07424E-4 2.51504E-4 3.56816E-4 2.02453E-3 1.55935E-3 1.27E-3 7.6199E-4 2.39139E-4 2.41964E-4 1.66356E-4 1.70945E-4 1.43972E-4 2.06647E-4 2.56776E-4 2.772E-4 2.40072E-4 1.75517E-4 3.24116E-4 3.52045E-4 3.04986E-4
-9999 -9999 -9999 -9999 -9999 -9999 -9999 1.94658E-4 1.57014E-4 1.47666E-4 1.41904E-4 1.1461E-4 1.64108E-4 1.6107E-4 4.14824E-4 3.73286E-4 4.33749E-4 1.81743E-4 3.51752E-4 2.29607E-4 2.08908E-4 1.84507E-4 1.79999E-4 1.15652E-4 1.73721E-4 1.63489E-4 1.68483E-4 1.87129E-4 1.96142E-4 1.46717E-4 1.61875E-4 2.46871E-4 2.29388E-4 2.11769E-4 1.8251E-4 1.12897E-4 1.82942E-4 1.89782E-4 4.50261E-4 9.63865E-4 1.65778E-3 1.40811E-3 5.29066E-4 5.22457E-4 2.95549E-4 7.83198E-4 3.43056E-3 3.50802E-4 5.39018E-4 4.68165E-4 3.57278E-4 8.05615E-4 3.11348E-4 2.09188E-4 2.75333E-4 2.56479E-4 1.67462E-4 2.56775E-4 2.17798E-4 2.79066E-4 2.6401E-4 2.45899E-4 2.13528E-4 4.37621E-4 3.81769E-4 3.161E-4
-9999 -9999 -9999 -9999 -9999 -9999 -9999 1.57319E-4 1.52191E-4 1.3838E-4 3.2269E-5 4.74708E-4 1.54753E-4 1.46947E-4 1.60657E-4 3.97703E-4 5.08249E-4 1.76163E-4 7.79868E-4 2.22728E-4 1.96354E-4 2.11544E-4 2.09191E-4 1.6804E-4 1.52828E-4 1.11304E-4 1.58558E-4 1.95797E-4 2.05045E-4 2.21348E-4 1.67584E-4 1.59925E-4 2.15952E-4 2.02628E-4 1.93271E-4 1.69328E-4 1.85275E-4 1.34427E-4 1.39535E-4 4.12712E-4 3.18665E-4 1.46494E-3 1.26313E-3 5.36368E-4 8.59196E-4 3.39603E-4 4.15879E-4 2.33076E-4 3.05216E-4 3.16802E-4 1.10621E-4 2.60032E-4 3.30732E-4 3.18097E-4 3.15447E-4 2.21877E-4 3.0089E-4 2.20486E-4 1.38789E-4 2.83333E-4 1.95767E-4 1.66135E-4 2.10687E-4 4.45042E-4 4.74399E-4 5.04526E-4
-9999 -9999 -9999 -9999 -9999 -9999 -9999 2.01666E-4 1.77305E-4 1.77822E-4 6.85372E-5 3.16366E-4 2.7175E-4 9.56844E-5 8.63674E-5 3.34476E-4 4.0369E-4 8.95624E-4 3.1083E-4 2.60924E-4 2.65982E-4 3.98795E-4 3.01598E-4 2.9847E-4 9.98796E-5 1.43748E-4 1.6589E-4 2.04491E-4 2.12398E-4 2.27772E-4 2.39624E-4 1.57427E-4 1.46275E-4 1.92919E-4 1.67694E-4 1.64228E-4 1.85018E-4 2.01848E-4 1.48023E-4 2.33216E-4 4.32698E-4 5.15553E-4 8.54296E-4 4.67138E-4 2.76501E-4 3.73292E-4 2.42202E-4 2.02159E-4 2.86292E-4 2.0148E-4 1.85271E-4 1.90855E-4 2.26651E-4 3.24719E-4 2.11399E-4 1.62025E-4 2.6936E-4 3.18744E-4 9.8501E-5 1.94606E-4 2.37526E-4 1.21322E-4 2.19224E-4 4.25957E-4 4.69774E-4 5.70239E-4
-9999 -9999 -9999 -9999 -9999 -9999 -9999 1.40792E-4 1.43853E-4 8.17226E-5 5.65842E-5 1.96835E-4 5.53695E-4 1.68422E-4 1.60226E-4 3.3776E-4 4.09888E-4 6.02396E-4 6.76542E-4 1.32593E-4 1.82198E-4 2.3528E-4 2.81771E-4 2.61888E-4 1.5754E-4 1.79334E-4 1.87648E-4 1.42036E-4 1.51097E-4 1.60376E-4 2.17057E-4 2.06654E-4 1.91988E-4 1.86567E-4 1.68269E-4 1.87738E-4 1.34976E-4 2.13276E-4 2.27178E-4 2.42197E-4 2.56853E-4 4.3051E-4 7.50323E-4 4.12454E-4 3.86916E-4 3.78606E-4 6.57548E-4 5.07642E-4 2.75947E-4 2.85915E-4 2.08469E-4 2.34023E-4 3.74594E-4 3.5198E-4 1.33859E-4 1.47425E-4 1.98556E-4 3.10408E-4 1.5471E-4 1.35072E-4 1.60764E-4 2.35254E-4 1.65698E-4 3.84809E-4 5.05177E-4 6.01065E-4
-9999 -9999 -9999 -9999 -9999 -9999 -9999 1.11506E-4 1.46895E-4 2.44893E-4 6.46842E-5 3.33391E-4 6.51581E-4 1.76028E-4 6.41766E-5 4.42386E-5 1.53107E-4 3.10596E-4 4.63241E-4 2.301E-4 1.84837E-4 3.44222E-4 1.93507E-4 2.60305E-4 1.73113E-4 1.84977E-4 1.39289E-4 2.27797E-4 2.37338E-4 2.46684E-4 2.15074E-4 1.91907E-4 1.73639E-4 1.56267E-4 1.57049E-4 1.22436E-4 1.39178E-4 2.25697E-4 2.37314E-4 1.71377E-4 1.80092E-4 2.68798E-4 4.2968E-4 4.63114E-4 2.68659E-4 3.54805E-4 2.72509E-4 1.98754E-4 1.80303E-4 1.56247E-4 1.75216E-4 3.10871E-4 3.37376E-4 3.52968E-4 2.47638E-4 2.18489E-4 1.6335E-4 1.94219E-4 2.61153E-4 1.79506E-4 1.82586E-4 2.371E-4 2.76252E-4 5.05129E-4 3.86538E-4 6.12331E-4
-9999 -9999 -9999 -9999 -9999 -9999 -9999 1.76456E-4 1.91194E-4 1.1789E-4 1.2056E-4 4.08564E-5 3.72994E-4 5.00073E-4 1.04341E-4 5.1338E-5 6.92584E-5 3.33534E-4 2.91488E-4 3.75999E-4 1.38962E-3 7.12257E-4 5.43664E-4 2.48391E-4 1.18341E-4 2.58406E-4 2.10394E-4 2.46045E-4 1.74748E-4 1.66697E-4 1.51502E-4 1.37745E-4 1.77127E-4 1.53341E-4 1.57438E-4 1.22526E-4 1.33609E-4 2.15302E-4 2.28506E-4 2.47234E-4 2.67149E-4 2.76749E-4 1.9417E-4 4.13879E-4 3.71695E-4 2.73195E-4 3.09732E-4 2.70619E-4 1.70782E-4 1.57631E-4 1.60513E-4 3.05533E-4 3.22329E-4 3.51403E-4 3.71883E-4 3.28874E-4 1.79388E-4 1.31341E-4 1.76762E-4 2.38496E-4 2.61941E-4 2.40413E-4 2.27599E-4 5.02192E-4 4.62537E-4 6.18127E-4
-9999 -9999 -9999 -9999 -9999 -9999 -9999 1.60358E-4 1.39928E-4 1.87042E-4 5.21508E-5 3.14421E-5 2.53409E-4 9.84736E-4 1.65082E-4 5.01762E-5 1.95384E-4 2.77514E-4 3.77879E-4 4.69029E-4 3.98704E-4 7.10667E-4 4.26248E-4 3.77038E-4 1.86175E-4 3.96475E-4 3.28224E-4 3.70844E-4 5.57536E-4 6.15488E-4 2.17974E-4 2.06908E-4 1.94911E-4 1.81486E-4 1.6147E-4 1.21349E-4 1.87972E-4 2.05568E-4 2.22971E-4 2.39748E-4 2.58059E-4 1.86687E-4 1.56464E-4 1.25049E-4 2.42382E-4 1.91127E-4 3.1549E-4 2.00332E-4 1.26282E-4 1.24079E-4 1.65717E-4 2.88495E-4 3.17191E-4 3.36336E-4 3.8012E-4 3.10124E-4 2.99196E-4 1.81926E-4 2.98393E-4 2.81542E-4 3.19324E-4 2.76975E-4 2.87665E-4 5.18527E-4 5.85828E-4 6.3101E-4
-9999 -9999 -9999 -9999 -9999 -9999 -9999 -9999 1.99506E-4 2.42632E-4 1.05424E-4 4.23015E-5 4.3266E-4 9.70855E-4 3.63298E-4 1.01286E-4 4.57912E-5 3.03795E-4 3.93458E-4 8.04991E-4 3.50321E-4 4.30394E-4 1.9745E-4 1.5478E-4 1.96487E-4 3.09393E-4 3.28713E-4 2.69011E-4 4.61056E-4 3.69926E-4 3.63665E-4 1.42057E-4 1.3816E-4 1.88489E-4 1.67744E-4 1.66586E-4 1.85915E-4 2.05211E-4 2.22528E-4 2.43114E-4 2.60683E-4 1.88209E-4 2.05051E-4 1.75422E-4 2.37186E-4 1.97945E-4 3.5437E-4 1.58338E-4 1.43321E-4 1.15566E-4 1.30597E-4 3.01443E-4 2.2948E-4 2.81389E-4 3.56409E-4 3.49325E-4 2.02254E-4 2.0199E-4 2.29703E-4 2.48897E-4 2.90173E-4 3.07938E-4 3.20164E-4 5.6993E-4 6.35202E-4 6.48027E-4
-9999 -9999 -9999 -9999 -9999 -9999 -9999 -9999 1.80765E-4 1.76289E-4 1.50556E-4 1.34718E-4 1.99088E-4 7.44693E-4 8.27685E-4 6.94894E-5 9.71111E-5 3.2413E-4 8.82327E-4 7.97947E-4 8.00473E-4 3.06701E-4 2.65716E-4 1.54079E-4 2.76972E-4 1.45473E-4 2.28141E-4 2.17851E-4 2.74702E-4 2.02117E-4 2.99341E-4 2.43305E-4 1.34806E-4 1.85588E-4 1.76612E-4 1.0933E-4 1.24327E-4 1.41249E-4 2.26685E-4 2.46997E-4 2.67332E-4 2.76024E-4 1.97557E-4 1.94701E-4 2.54314E-4 2.48951E-4 4.26249E-4 4.17285E-4 2.3991E-4 1.47429E-4 1.35426E-4 3.10959E-4 2.76922E-4 2.8235E-4 3.51725E-4 3.51075E-4 3.17075E-4 2.21749E-4 1.86876E-4 4.60197E-5 1.94572E-4 3.19643E-4 3.5436E-4 9.96652E-4 7.04128E-4 7.01866E-4
