catData/rasterBestHybridModels/Prubiginosus/RD_RM1.5_LQ/Prubiginosus_avg.asc
ncols         409
nrows         350
xllcorner     60.897278365
yllcorner     5.843756025
cellsize      0.0892857
NODATA_value  -9999
[rows 87 to 115 of 350, columns 0 to 65 of 409]
-9999 -9999 -9999 -9999 -9999 7.02701E-6 8.45438E-6 1.17856E-5 1.1331E-5 1.10592E-5 1.12752E-5 1.12138E-5 1.10794E-5 1.12634E-5 1.16368E-5 1.19622E-5 8.56254E-6 1.23111E-5 1.24762E-5 1.2608E-5 1.2727E-5 1.28521E-5 1.29324E-5 1.30278E-5 1.31794E-5 1.35478E-5 1.42464E-5 1.49986E-5 1.06337E-5 1.50697E-5 1.51397E-5 1.07978E-5 1.07531E-5 1.47313E-5 1.46194E-5 1.44159E-5 1.42476E-5 1.43742E-5 1.46764E-5 1.49037E-5 1.49625E-5 2.11851E-5 1.89155E-5 1.7854E-5 1.73086E-5 1.14494E-5 1.12252E-5 1.1163E-5 1.114E-5 1.16118E-5 1.69039E-5 1.2174E-5 1.28885E-5 1.27041E-5 1.15222E-5 1.67003E-5 1.83609E-5 1.75411E-5 1.79451E-5 9.77272E-6 1.46773E-5 2.30775E-5 1.481E-5 1.54459E-5 1.5709E-5 1.09126E-5
-9999 -9999 -9999 -9999 -9999 1.22284E-5 7.87167E-6 1.0693E-5 1.05731E-5 1.07714E-5 1.07769E-5 1.06018E-5 1.06102E-5 1.09487E-5 8.05169E-6 1.14514E-5 1.16466E-5 1.20827E-5 1.21625E-5 8.80295E-6 8.53329E-6 8.67581E-6 8.85798E-6 8.73325E-6 9.11931E-6 1.32035E-5 1.39279E-5 1.061E-5 1.0244E-5 1.08215E-5 1.52804E-5 1.11245E-5 9.28993E-6 1.60119E-5 1.68568E-5 2.37943E-5 2.27663E-5 2.20848E-5 2.20374E-5 1.55554E-5 9.15937E-6 9.5036E-6 1.06656E-5 8.25234E-6 8.20458E-6 1.09103E-5 1.0666E-5 1.7211E-5 1.76859E-5 1.15307E-5 1.09094E-5 7.89227E-6 1.10475E-5 1.02534E-5 1.61607E-5 1.87376E-5 1.83571E-5 1.28877E-5 2.1623E-5 1.46041E-5 2.43047E-5 1.78074E-5 2.05196E-5 2.31102E-5 1.42768E-5 1.31179E-5
-9999 -9999 -9999 -9999 -9999 -9999 1.18502E-5 7.56933E-6 1.04429E-5 7.76302E-6 7.16182E-6 6.92123E-6 7.34812E-6 1.08482E-5 1.10686E-5 1.12124E-5 1.16109E-5 1.2044E-5 8.68383E-6 7.50487E-6 6.0651E-6 6.20478E-6 6.59543E-6 6.35441E-6 7.55489E-6 8.7919E-6 1.30767E-5 1.41686E-5 2.33454E-5 2.35673E-5 2.41036E-5 1.75034E-5 1.23279E-5 1.07928E-5 1.38201E-5 1.62436E-5 2.19485E-5 2.06743E-5 2.00636E-5 1.97418E-5 1.35598E-5 8.58175E-6 1.23539E-5 1.15068E-5 1.11846E-5 1.78378E-5 1.14584E-5 1.12561E-5 7.43661E-6 7.91245E-6 1.10504E-5 1.17891E-5 1.27166E-5 1.29836E-5 1.76131E-5 1.86466E-5 1.94258E-5 2.24041E-5 2.33496E-5 2.41187E-5 2.22907E-5 3.02555E-5 2.87076E-5 2.40955E-5 1.37714E-5 1.03314E-5
-9999 -9999 -9999 -9999 -9999 -9999 -9999 7.77569E-6 1.11567E-5 7.75293E-6 7.19503E-6 7.0539E-6 6.33124E-6 7.50968E-6 7.24367E-6 7.43282E-6 8.50972E-6 1.19655E-5 1.21843E-5 9.04845E-6 8.43691E-6 1.05006E-5 1.09896E-5 1.65496E-5 1.41082E-5 1.27456E-5 1.36031E-5 1.9709E-5 2.02086E-5 2.1144E-5 1.50861E-5 1.50899E-5 1.53669E-5 1.30156E-5 1.24067E-5 1.47149E-5 2.08852E-5 1.93124E-5 1.29427E-5 1.81319E-5 1.73876E-5 1.72813E-5 1.28389E-5 1.82554E-5 1.16005E-5 1.10629E-5 1.14577E-5 1.16678E-5 1.22728E-5 1.26914E-5 1.30218E-5 9.80727E-6 1.06372E-5 1.48437E-5 1.50796E-5 1.57471E-5 2.39075E-5 1.67754E-5 1.75664E-5 2.4342E-5 2.42779E-5 2.88318E-5 2.59707E-5 1.49293E-5 1.23844E-5 6.10413E-6
-9999 -9999 -9999 -9999 -9999 -9999 -9999 7.59755E-6 1.05526E-5 1.02549E-5 1.00393E-5 9.92463E-6 7.77756E-6 7.40723E-6 6.34405E-6 7.04939E-6 7.47803E-6 7.86211E-6 1.78183E-5 1.91032E-5 1.49829E-5 2.40958E-5 2.47358E-5 2.37414E-5 2.0395E-5 1.82251E-5 1.81419E-5 1.82509E-5 1.29838E-5 1.94247E-5 2.16034E-5 2.2267E-5 2.17613E-5 1.52474E-5 1.3961E-5 1.91459E-5 1.90872E-5 1.85023E-5 1.63206E-5 1.60853E-5 1.56725E-5 1.83304E-5 1.87029E-5 1.906E-5 1.82358E-5 1.81068E-5 1.18373E-5 1.22466E-5 9.77448E-6 1.00034E-5 1.03634E-5 9.3731E-6 1.15365E-5 1.66589E-5 1.91931E-5 1.74208E-5 2.53932E-5 2.47703E-5 2.5924E-5 3.01614E-5 3.01435E-5 2.97256E-5 2.75358E-5 1.70409E-5 7.75688E-6 5.54283E-6
-9999 -9999 -9999 -9999 -9999 -9999 -9999 -9999 1.13999E-5 8.0693E-6 8.30103E-6 1.02561E-5 1.01118E-5 1.01197E-5 7.67885E-6 9.80543E-6 1.55129E-5 1.59561E-5 1.58562E-5 1.70369E-5 2.00414E-5 2.11878E-5 1.52615E-5 1.42707E-5 1.2864E-5 1.16894E-5 1.14253E-5 1.1375E-5 1.13256E-5 1.18846E-5 1.34256E-5 1.42603E-5 1.96819E-5 1.97217E-5 1.91154E-5 1.70476E-5 1.65436E-5 1.59805E-5 1.56885E-5 2.01417E-5 2.05738E-5 2.12575E-5 2.19118E-5 1.91108E-5 1.89083E-5 1.40406E-5 1.40299E-5 8.86764E-6 8.31764E-6 7.50995E-6 1.02134E-5 1.24593E-5 1.77073E-5 2.89918E-5 2.46073E-5 2.99859E-5 1.92091E-5 2.6166E-5 3.17399E-5 2.61772E-5 3.2764E-5 3.37174E-5 2.86526E-5 1.58154E-5 1.37269E-5 1.59027E-5
-9999 -9999 -9999 -9999 -9999 -9999 -9999 -9999 -9999 1.85612E-5 9.0369E-6 8.29702E-6 8.19976E-6 1.01833E-5 1.54977E-5 1.50312E-5 1.19509E-5 1.20051E-5 1.29338E-5 1.69426E-5 1.73415E-5 1.78616E-5 1.83824E-5 1.86131E-5 1.78912E-5 1.66027E-5 1.57794E-5 1.55469E-5 1.54465E-5 1.57145E-5 1.67082E-5 1.71778E-5 1.72631E-5 1.72425E-5 1.70375E-5 1.70194E-5 1.82614E-5 2.14437E-5 2.15172E-5 2.25846E-5 2.46702E-5 2.14396E-5 2.1914E-5 2.24889E-5 1.58999E-5 1.52292E-5 1.45035E-5 1.16633E-5 7.6204E-6 8.9901E-6 1.31913E-5 1.90718E-5 3.03493E-5 2.58478E-5 3.81981E-5 3.23895E-5 2.06546E-5 2.77724E-5 3.20446E-5 1.98488E-5 3.5451E-5 3.44665E-5 1.69482E-5 1.08871E-5 1.82056E-5 2.34988E-5
-9999 -9999 -9999 -9999 -9999 -9999 -9999 -9999 -9999 -9999 1.99799E-5 1.00881E-5 7.91522E-6 1.31921E-5 1.26307E-5 1.18774E-5 1.05274E-5 8.99202E-6 1.20922E-5 1.35684E-5 1.92966E-5 1.40323E-5 1.39979E-5 1.44061E-5 1.42392E-5 1.40423E-5 1.86972E-5 1.28838E-5 1.21939E-5 1.23279E-5 1.28971E-5 1.33707E-5 1.43403E-5 2.05659E-5 1.4341E-5 2.38064E-5 2.4225E-5 1.82157E-5 1.71329E-5 1.8475E-5 2.37663E-5 2.50702E-5 1.7823E-5 2.52873E-5 2.53384E-5 2.55796E-5 1.91424E-5 1.90037E-5 1.96922E-5 2.0248E-5 2.20418E-5 3.79327E-5 2.65506E-5 3.92612E-5 4.08285E-5 2.87628E-5 2.22425E-5 3.49001E-5 3.3843E-5 2.4942E-5 3.07486E-5 2.15416E-5 1.89555E-5 1.47455E-5 2.22481E-5 3.22428E-5
-9999 -9999 -9999 -9999 -9999 -9999 -9999 -9999 -9999 -9999 -9999 2.19762E-5 1.68614E-5 1.57217E-5 1.51279E-5 1.27211E-5 9.62693E-6 9.21733E-6 1.13005E-5 1.56049E-5 2.18895E-5 1.57467E-5 1.17821E-5 1.22035E-5 1.6999E-5 2.30737E-5 2.19772E-5 2.15767E-5 2.12481E-5 2.12015E-5 2.1979E-5 1.61955E-5 1.6795E-5 2.4128E-5 2.79608E-5 2.73945E-5 1.93144E-5 1.66864E-5 1.43873E-5 2.11509E-5 2.73058E-5 2.82783E-5 2.79226E-5 2.76355E-5 1.94575E-5 2.7541E-5 2.80708E-5 2.8937E-5 3.02915E-5 3.75501E-5 3.863E-5 3.85336E-5 3.94735E-5 4.12393E-5 4.29795E-5 2.91832E-5 2.65008E-5 3.62129E-5 3.61551E-5 3.71446E-5 2.98003E-5 1.64565E-5 1.63755E-5 1.32522E-5 2.79945E-5 3.19913E-5
-9999 -9999 -9999 -9999 -9999 -9999 -9999 -9999 -9999 -9999 -9999 -9999 -9999 3.09931E-5 3.00447E-5 1.7158E-5 1.60748E-5 1.45317E-5 1.21974E-5 1.73822E-5 2.50703E-5 1.78934E-5 1.27655E-5 1.26228E-5 1.79718E-5 2.59881E-5 1.8224E-5 1.71015E-5 1.66157E-5 1.70375E-5 2.44733E-5 2.46758E-5 2.5055E-5 2.65442E-5 3.26098E-5 2.24471E-5 1.93324E-5 1.53452E-5 2.12062E-5 2.18343E-5 3.07001E-5 3.02052E-5 2.97403E-5 2.91221E-5 2.81886E-5 2.78864E-5 2.87631E-5 2.1146E-5 2.59714E-5 3.81411E-5 3.87605E-5 3.99626E-5 4.18055E-5 4.34587E-5 4.49051E-5 2.93817E-5 2.66313E-5 3.73318E-5 2.64278E-5 3.69016E-5 2.7143E-5 2.28759E-5 2.52172E-5 3.32231E-5 3.57568E-5 3.68339E-5
-9999 -9999 -9999 -9999 -9999 -9999 -9999 -9999 -9999 -9999 -9999 -9999 -9999 -9999 -9999 -9999 -9999 1.88554E-5 1.57007E-5 1.90425E-5 2.7977E-5 1.98572E-5 1.35547E-5 1.25906E-5 1.73955E-5 2.68742E-5 2.01183E-5 1.87663E-5 1.82419E-5 1.85951E-5 2.64527E-5 2.63445E-5 2.66462E-5 3.40655E-5 2.60694E-5 2.47658E-5 2.44981E-5 2.44084E-5 2.56179E-5 3.0775E-5 3.03426E-5 2.06847E-5 1.94024E-5 2.03227E-5 2.95909E-5 2.99113E-5 2.14787E-5 2.62002E-5 3.81605E-5 3.83442E-5 2.74125E-5 2.76768E-5 3.04301E-5 4.50686E-5 4.5419E-5 2.94465E-5 2.7374E-5 3.87418E-5 3.75893E-5 3.64145E-5 3.15964E-5 2.53066E-5 3.69253E-5 3.987E-5 2.44566E-5 2.66534E-5
-9999 -9999 -9999 -9999 -9999 -9999 -9999 -9999 -9999 -9999 -9999 -9999 -9999 -9999 -9999 -9999 -9999 -9999 2.39683E-5 2.14925E-5 3.25026E-5 2.20354E-5 1.64233E-5 1.26806E-5 1.72879E-5 2.47933E-5 2.66125E-5 2.95022E-5 3.62686E-5 3.46161E-5 3.27264E-5 3.22716E-5 3.24493E-5 3.23867E-5 3.36131E-5 3.34999E-5 3.34158E-5 3.29649E-5 2.72891E-5 2.81487E-5 2.02982E-5 1.69903E-5 1.31962E-5 1.72371E-5 2.14696E-5 3.77034E-5 3.78383E-5 3.86608E-5 4.0244E-5 2.85429E-5 2.45504E-5 2.15881E-5 3.17902E-5 4.59698E-5 3.21088E-5 3.00692E-5 3.9389E-5 3.87948E-5 2.90551E-5 3.84098E-5 3.84787E-5 3.83543E-5 3.89536E-5 4.05806E-5 3.96381E-5 2.5729E-5
-9999 -9999 -9999 -9999 -9999 -9999 -9999 -9999 -9999 -9999 -9999 -9999 -9999 -9999 -9999 -9999 -9999 -9999 -9999 -9999 -9999 3.27363E-5 2.3329E-5 1.78442E-5 2.09591E-5 3.1656E-5 3.35248E-5 2.69164E-5 2.67886E-5 2.60812E-5 2.49681E-5 2.37427E-5 2.32282E-5 2.2963E-5 2.28441E-5 2.268E-5 2.29726E-5 2.40395E-5 2.51779E-5 2.54651E-5 1.86666E-5 1.3939E-5 2.14676E-5 2.61163E-5 3.77835E-5 3.83812E-5 3.97468E-5 2.88753E-5 2.87033E-5 2.54384E-5 2.57786E-5 3.02271E-5 3.22026E-5 4.53098E-5 4.54672E-5 4.37676E-5 3.93531E-5 3.84845E-5 3.86804E-5 3.87691E-5 3.8228E-5 2.66728E-5 2.21338E-5 2.82458E-5 4.01899E-5 3.83385E-5
-9999 -9999 -9999 -9999 -9999 -9999 -9999 -9999 -9999 -9999 -9999 -9999 -9999 -9999 -9999 -9999 -9999 -9999 -9999 -9999 -9999 3.31826E-5 2.55415E-5 2.29828E-5 3.17325E-5 3.18974E-5 3.6482E-5 2.92128E-5 2.04893E-5 1.7962E-5 1.77884E-5 1.77726E-5 1.75732E-5 1.72926E-5 1.70019E-5 1.67915E-5 1.70501E-5 1.75376E-5 1.79044E-5 1.78865E-5 1.74421E-5 2.27854E-5 2.67742E-5 3.8639E-5 4.04363E-5 2.91446E-5 4.28867E-5 3.11008E-5 2.24899E-5 2.23819E-5 3.18722E-5 4.61574E-5 4.57482E-5 4.43636E-5 4.42001E-5 4.24817E-5 2.72144E-5 3.84841E-5 3.86897E-5 3.82897E-5 3.71587E-5 3.21861E-5 2.34479E-5 2.68721E-5 2.83067E-5 4.01404E-5
-9999 -9999 -9999 -9999 -9999 -9999 -9999 -9999 -9999 -9999 -9999 -9999 -9999 -9999 -9999 -9999 -9999 -9999 -9999 -9999 -9999 2.32556E-5 2.25697E-5 2.95595E-5 2.83722E-5 2.38904E-5 2.36488E-5 2.34496E-5 1.90843E-5 1.33786E-5 1.23348E-5 1.2439E-5 1.25007E-5 1.25727E-5 1.26774E-5 1.26482E-5 1.24681E-5 1.21941E-5 1.21739E-5 1.38685E-5 1.9378E-5 2.76436E-5 4.04927E-5 4.12552E-5 2.99756E-5 2.56668E-5 2.93864E-5 2.66675E-5 2.74059E-5 3.12335E-5 3.22158E-5 4.53919E-5 3.07217E-5 2.99813E-5 4.17504E-5 3.99244E-5 2.57561E-5 2.55591E-5 3.74196E-5 2.61106E-5 2.63888E-5 3.35521E-5 3.82844E-5 2.6553E-5 3.07026E-5 3.64286E-5
-9999 -9999 -9999 -9999 -9999 -9999 -9999 -9999 -9999 -9999 -9999 -9999 -9999 -9999 -9999 -9999 -9999 -9999 -9999 -9999 -9999 3.0009E-5 4.27173E-5 4.04343E-5 2.65955E-5 1.87178E-5 1.47451E-5 1.39514E-5 1.24688E-5 9.4501E-6 7.57639E-6 7.65564E-6 8.80891E-6 8.84689E-6 8.90857E-6 8.9299E-6 8.84516E-6 8.78911E-6 1.03622E-5 1.43115E-5 2.01599E-5 2.90837E-5 4.32315E-5 4.39584E-5 3.13881E-5 2.24666E-5 2.04459E-5 2.65389E-5 3.22935E-5 4.60163E-5 4.47703E-5 4.35545E-5 4.13857E-5 4.10292E-5 3.99249E-5 3.83853E-5 2.57589E-5 2.55768E-5 3.66796E-5 2.57338E-5 2.12622E-5 2.53786E-5 3.54824E-5 2.66203E-5 2.37991E-5 2.24385E-5
-9999 -9999 -9999 -9999 -9999 -9999 -9999 -9999 -9999 -9999 -9999 -9999 -9999 -9999 -9999 -9999 -9999 -9999 -9999 -9999 -9999 3.03369E-5 4.39692E-5 4.40935E-5 4.36897E-5 2.93065E-5 2.01995E-5 1.42233E-5 1.1289E-5 8.90213E-6 7.10395E-6 6.23096E-6 6.32586E-6 6.3261E-6 6.24795E-6 6.25665E-6 6.75458E-6 7.91513E-6 1.02664E-5 1.40197E-5 1.91261E-5 2.55107E-5 3.12754E-5 4.55715E-5 3.15497E-5 2.22741E-5 2.22671E-5 3.15812E-5 4.42863E-5 4.3583E-5 2.94996E-5 2.80796E-5 3.84463E-5 3.90548E-5 2.70126E-5 3.66622E-5 2.60065E-5 2.70726E-5 3.81705E-5 2.5438E-5 2.33991E-5 2.34525E-5 2.48902E-5 3.53195E-5 3.58348E-5 2.64074E-5
-9999 -9999 -9999 -9999 -9999 -9999 -9999 -9999 -9999 -9999 -9999 -9999 -9999 -9999 -9999 -9999 -9999 -9999 -9999 -9999 -9999 4.4082E-5 4.38313E-5 3.00607E-5 4.3901E-5 2.98098E-5 2.43048E-5 1.83868E-5 1.34369E-5 9.59673E-6 7.27629E-6 5.37415E-6 5.61753E-6 6.24519E-6 6.7529E-6 7.79248E-6 9.04499E-6 1.11214E-5 1.28584E-5 1.52225E-5 1.93618E-5 2.56235E-5 3.1263E-5 4.49035E-5 3.03369E-5 2.14039E-5 2.13025E-5 2.99651E-5 4.21265E-5 2.88553E-5 2.7427E-5 3.7353E-5 3.6721E-5 3.70798E-5 2.57842E-5 3.49384E-5 3.57651E-5 3.70953E-5 3.65994E-5 2.47527E-5 3.51037E-5 3.38325E-5 3.05123E-5 3.5075E-5 3.25774E-5 4.0334E-5
-9999 -9999 -9999 -9999 -9999 -9999 -9999 -9999 -9999 -9999 -9999 -9999 -9999 -9999 -9999 -9999 -9999 -9999 -9999 -9999 -9999 4.38983E-5 3.00969E-5 2.96273E-5 4.29558E-5 4.29481E-5 2.9569E-5 2.07244E-5 1.45077E-5 1.12244E-5 8.74573E-6 6.86067E-6 7.65924E-6 8.64658E-6 8.81579E-6 1.04827E-5 1.21567E-5 1.47835E-5 1.82285E-5 1.95163E-5 2.50661E-5 2.98867E-5 4.32696E-5 4.29969E-5 2.92252E-5 2.01921E-5 1.9944E-5 2.7929E-5 3.88464E-5 2.62619E-5 3.58789E-5 3.54767E-5 3.53536E-5 3.55317E-5 2.46058E-5 3.31179E-5 3.32816E-5 3.36756E-5 3.35622E-5 2.84856E-5 3.24082E-5 2.19701E-5 2.27935E-5 3.68866E-5 4.11119E-5 4.10157E-5
-9999 -9999 -9999 -9999 -9999 -9999 -9999 -9999 -9999 -9999 -9999 -9999 -9999 -9999 -9999 -9999 -9999 -9999 -9999 -9999 -9999 2.84241E-5 2.46956E-5 2.43725E-5 2.90848E-5 4.23714E-5 2.96454E-5 2.47648E-5 1.90109E-5 1.48458E-5 1.15716E-5 9.31515E-6 1.11996E-5 1.25813E-5 1.31161E-5 1.47842E-5 1.7658E-5 1.91809E-5 2.51947E-5 2.84727E-5 2.91522E-5 4.121E-5 4.07037E-5 2.78565E-5 2.26105E-5 1.66641E-5 2.16126E-5 2.53025E-5 3.49405E-5 3.44195E-5 3.41672E-5 2.41472E-5 3.39933E-5 2.37201E-5 2.29768E-5 3.12336E-5 2.13037E-5 1.96446E-5 2.09787E-5 3.03489E-5 2.08228E-5 2.27063E-5 3.43365E-5 3.78713E-5 4.30618E-5 3.20062E-5
-9999 -9999 -9999 -9999 -9999 -9999 -9999 -9999 -9999 -9999 -9999 -9999 -9999 -9999 -9999 -9999 -9999 -9999 -9999 -9999 -9999 1.84427E-5 1.71881E-5 2.01974E-5 2.85276E-5 4.12785E-5 4.20385E-5 2.93022E-5 2.50387E-5 1.85818E-5 1.40411E-5 1.21006E-5 1.5306E-5 1.80068E-5 1.92273E-5 1.91003E-5 2.47328E-5 2.85837E-5 2.94388E-5 4.02668E-5 3.88248E-5 3.80509E-5 2.61558E-5 2.1247E-5 1.56779E-5 1.97546E-5 2.35476E-5 3.29297E-5 3.24467E-5 3.22235E-5 2.29308E-5 3.28353E-5 3.20462E-5 2.21517E-5 2.9935E-5 2.84092E-5 1.90172E-5 1.50601E-5 1.87335E-5 2.8835E-5 2.19731E-5 2.39175E-5 3.26255E-5 2.52003E-5 4.4483E-5 3.40159E-5
-9999 -9999 -9999 -9999 -9999 -9999 -9999 -9999 -9999 -9999 -9999 -9999 -9999 -9999 -9999 -9999 -9999 -9999 -9999 -9999 -9999 1.76804E-5 1.64927E-5 1.73849E-5 2.24858E-5 2.69764E-5 3.93628E-5 4.04207E-5 2.86003E-5 2.01452E-5 1.44815E-5 1.44458E-5 1.81506E-5 2.34607E-5 2.63341E-5 2.61816E-5 2.75908E-5 3.94949E-5 3.84566E-5 3.72002E-5 2.53346E-5 2.3649E-5 2.00493E-5 2.21634E-5 2.15681E-5 2.208E-5 3.09363E-5 3.06328E-5 3.05456E-5 2.14763E-5 3.09449E-5 3.04693E-5 2.07155E-5 2.02414E-5 2.75453E-5 1.83994E-5 1.49997E-5 1.73882E-5 2.64503E-5 3.00853E-5 2.28302E-5 3.0591E-5 3.77002E-5 1.95392E-5 4.2064E-5 5.12443E-5
-9999 -9999 -9999 -9999 -9999 -9999 -9999 -9999 -9999 -9999 -9999 -9999 -9999 -9999 -9999 -9999 -9999 -9999 -9999 -9999 -9999 2.3587E-5 2.04029E-5 1.69188E-5 2.34218E-5 3.40167E-5 3.61623E-5 2.68844E-5 2.23823E-5 1.68103E-5 1.65941E-5 1.61639E-5 1.77079E-5 2.50075E-5 3.55715E-5 3.57519E-5 3.55515E-5 3.49478E-5 2.38888E-5 2.27148E-5 2.24679E-5 2.20142E-5 2.23537E-5 3.07186E-5 2.92979E-5 2.86699E-5 2.88352E-5 2.91025E-5 2.06974E-5 2.92833E-5 2.8738E-5 1.94663E-5 1.86665E-5 2.59772E-5 2.49034E-5 1.68248E-5 1.44528E-5 1.88608E-5 2.88929E-5 3.13172E-5 2.18166E-5 2.50098E-5 3.95276E-5 1.5444E-5 4.77348E-5 3.63882E-5
-9999 -9999 -9999 -9999 -9999 -9999 -9999 -9999 -9999 -9999 -9999 -9999 -9999 -9999 -9999 -9999 -9999 -9999 -9999 -9999 -9999 -9999 2.21088E-5 1.54248E-5 1.75266E-5 2.13354E-5 3.50018E-5 3.76033E-5 2.5401E-5 2.32051E-5 1.92891E-5 1.90544E-5 1.29204E-5 3.26722E-5 3.2498E-5 2.26958E-5 2.15303E-5 2.13338E-5 1.85972E-5 2.20467E-5 3.09359E-5 3.01002E-5 2.91377E-5 2.80201E-5 2.68322E-5 2.64317E-5 2.71968E-5 1.93226E-5 2.74663E-5 2.71052E-5 1.85589E-5 1.50423E-5 1.74317E-5 2.38526E-5 1.61448E-5 1.32926E-5 1.80892E-5 2.97884E-5 3.0801E-5 2.25968E-5 3.4645E-5 3.89427E-5 2.87791E-5 2.29194E-5 4.87867E-5 3.64193E-5
-9999 -9999 -9999 -9999 -9999 -9999 -9999 -9999 -9999 -9999 -9999 -9999 -9999 -9999 -9999 -9999 -9999 -9999 -9999 -9999 -9999 -9999 -9999 -9999 -9999 -9999 -9999 3.53206E-5 3.40136E-5 3.32675E-5 2.73654E-5 1.74214E-5 1.72304E-5 2.51782E-5 2.08582E-5 1.74877E-5 1.99908E-5 1.99738E-5 2.05894E-5 2.88487E-5 2.81224E-5 2.7306E-5 2.65688E-5 2.5807E-5 1.77265E-5 1.67989E-5 1.74201E-5 2.46151E-5 2.49347E-5 1.73466E-5 1.42538E-5 1.66085E-5 1.89082E-5 2.15315E-5 1.42427E-5 1.57401E-5 2.77714E-5 3.12744E-5 3.20793E-5 2.2943E-5 3.6451E-5 4.18981E-5 4.32672E-5 2.71175E-5 5.25455E-5 3.97161E-5
-9999 -9999 -9999 -9999 -9999 -9999 -9999 -9999 -9999 -9999 -9999 -9999 -9999 -9999 -9999 -9999 -9999 -9999 -9999 -9999 -9999 -9999 -9999 -9999 -9999 -9999 2.19517E-5 2.27931E-5 3.13829E-5 3.03311E-5 2.57184E-5 1.75472E-5 1.69578E-5 1.72551E-5 1.92782E-5 1.99862E-5 2.72081E-5 2.65533E-5 2.61939E-5 2.57211E-5 1.77458E-5 2.48313E-5 1.71126E-5 1.60864E-5 1.37185E-5 1.54765E-5 2.16337E-5 2.19417E-5 2.25696E-5 1.5702E-5 1.58327E-5 2.03347E-5 1.94857E-5 1.35695E-5 1.38935E-5 2.49259E-5 2.93835E-5 2.25904E-5 3.13548E-5 2.37061E-5 3.76767E-5 4.29715E-5 4.53564E-5 3.38155E-5 5.31014E-5 4.14829E-5
-9999 -9999 -9999 -9999 -9999 -9999 -9999 -9999 -9999 -9999 -9999 -9999 -9999 -9999 -9999 -9999 -9999 -9999 -9999 -9999 -9999 -9999 -9999 -9999 -9999 -9999 1.6982E-5 1.69951E-5 1.90201E-5 1.57985E-5 2.1099E-5 1.39917E-5 2.05952E-5 2.08706E-5 2.44813E-5 2.00267E-5 1.96865E-5 2.34693E-5 2.3326E-5 1.62654E-5 1.54412E-5 1.5228E-5 1.30974E-5 9.7095E-6 9.07238E-6 1.15149E-5 1.31027E-5 1.41633E-5 2.05781E-5 1.43609E-5 2.06869E-5 2.03715E-5 1.28817E-5 1.06346E-5 1.60824E-5 2.79624E-5 2.10662E-5 2.33402E-5 3.15069E-5 2.34154E-5 2.66065E-5 3.08605E-5 4.57604E-5 4.96329E-5 5.25063E-5 4.18246E-5
-9999 -9999 -9999 -9999 -9999 -9999 -9999 -9999 -9999 -9999 -9999 -9999 -9999 -9999 -9999 -9999 -9999 -9999 -9999 -9999 -9999 -9999 -9999 -9999 -9999 -9999 1.59163E-5 1.12219E-5 1.01864E-5 1.15716E-5 1.20024E-5 1.14099E-5 1.19499E-5 1.74402E-5 2.13114E-5 1.535E-5 1.4838E-5 1.53622E-5 2.16718E-5 2.13548E-5 2.04998E-5 1.96665E-5 1.33302E-5 1.24356E-5 1.07556E-5 8.09887E-6 8.5806E-6 1.2481E-5 1.79746E-5 1.83664E-5 1.9046E-5 1.27428E-5 9.67154E-6 1.44669E-5 2.60728E-5 2.98526E-5 2.205E-5 2.48321E-5 3.46506E-5 2.31154E-5 2.9079E-5 3.50172E-5 4.92891E-5 3.46919E-5 5.4157E-5 6.09379E-5
-9999 -9999 -9999 -9999 -9999 -9999 -9999 -9999 -9999 -9999 -9999 -9999 -9999 -9999 -9999 -9999 -9999 -9999 -9999 -9999 -9999 -9999 -9999 -9999 -9999 1.36955E-5 1.36872E-5 1.36033E-5 1.31664E-5 1.2459E-5 1.592E-5 1.50471E-5 1.50501E-5 1.57662E-5 1.99031E-5 1.47326E-5 1.06525E-5 1.20764E-5 1.2892E-5 1.23477E-5 1.25405E-5 1.73336E-5 1.6966E-5 1.6975E-5 1.22754E-5 1.16321E-5 1.14246E-5 9.77775E-6 1.08402E-5 1.17144E-5 1.76216E-5 1.25905E-5 1.44262E-5 2.40378E-5 2.85147E-5 2.96475E-5 3.19776E-5 2.55645E-5 3.63413E-5 3.47225E-5 4.73006E-5 4.05806E-5 5.7135E-5 3.52109E-5 3.78648E-5 6.27905E-5
