catData/rasterBestHybridModels/Prubiginosus/RD_RM1.5_LQ/Prubiginosus_median.asc
ncols         409
nrows         350
xllcorner     60.897278365
yllcorner     5.843756025
cellsize      0.0892857
NODATA_value  -9999
[rows 0 to 28 of 350, columns 130 to 194 of 409]
-9999 -9999 -9999 -9999 -9999 -9999 -9999 -9999 -9999 -9999 -9999 -9999 -9999 -9999 -9999 -9999 -9999 -9999 -9999 -9999 -9999 -9999 -9999 5.04492E-9 4.12114E-9 4.06326E-9 2.33891E-9 -9999 4.08968E-9 2.48092E-9 -9999 -9999 -9999 -9999 -9999 -9999 -9999 -9999 -9999 -9999 -9999 -9999 -9999 -9999 -9999 -9999 -9999 -9999 -9999 -9999 -9999 -9999 -9999 -9999 -9999 -9999 -9999 -9999 -9999 -9999 -9999 -9999 -9999 -9999 -9999
-9999 -9999 -9999 -9999 -9999 -9999 -9999 -9999 -9999 -9999 -9999 -9999 -9999 -9999 -9999 -9999 -9999 -9999 -9999 -9999 1.0101E-8 1.25462E-8 9.43883E-9 6.94313E-9 8.84619E-9 6.43946E-9 3.83019E-9 5.46274E-9 6.97772E-9 4.23572E-9 4.56402E-9 3.66696E-9 -9999 -9999 -9999 -9999 -9999 -9999 -9999 -9999 -9999 -9999 -9999 -9999 -9999 -9999 -9999 -9999 -9999 -9999 -9999 -9999 -9999 -9999 -9999 -9999 -9999 -9999 -9999 -9999 -9999 -9999 -9999 -9999 -9999
7.06341E-8 1.71941E-7 1.58162E-7 2.06697E-7 2.29755E-7 2.19466E-7 1.71407E-7 2.19552E-7 1.34638E-7 1.62807E-7 1.58665E-7 1.18216E-7 8.50971E-8 6.00151E-8 6.37581E-8 5.76827E-8 6.3842E-8 3.70941E-8 3.87098E-8 3.09729E-8 2.73289E-8 3.28968E-8 3.5922E-8 3.08856E-8 2.51755E-8 1.07012E-8 1.00276E-8 2.51209E-8 2.87435E-8 1.91924E-8 1.15148E-8 4.88282E-9 4.0513E-9 -9999 -9999 -9999 -9999 -9999 -9999 -9999 -9999 -9999 -9999 -9999 -9999 -9999 -9999 -9999 -9999 -9999 -9999 -9999 -9999 -9999 -9999 -9999 -9999 -9999 -9999 -9999 -9999 -9999 -9999 -9999 -9999
1.075E-7 3.13461E-7 2.45602E-7 2.40405E-7 2.74798E-7 3.54358E-7 2.61154E-7 2.1659E-7 2.11022E-7 1.86124E-7 1.07866E-7 8.00598E-8 6.16816E-8 4.17096E-8 3.05243E-8 2.92643E-8 7.208E-8 5.77267E-8 4.40922E-8 3.54745E-8 7.11644E-8 6.01227E-8 4.73645E-8 6.50789E-8 1.10371E-7 8.76425E-8 7.10841E-8 5.32093E-8 1.77378E-8 8.07504E-9 6.64949E-9 9.36476E-9 4.67183E-9 2.0221E-9 1.76453E-9 2.73669E-9 4.57246E-9 -9999 -9999 -9999 -9999 -9999 -9999 -9999 -9999 -9999 -9999 -9999 -9999 -9999 -9999 -9999 -9999 -9999 -9999 -9999 -9999 -9999 -9999 -9999 -9999 -9999 -9999 -9999 -9999
3.72152E-7 4.90893E-7 2.42157E-7 2.4405E-7 4.37397E-7 1.70948E-7 7.61232E-8 6.29208E-8 6.7205E-8 1.07071E-7 1.26173E-7 7.10466E-8 3.53087E-8 2.94145E-8 3.16931E-8 3.82412E-8 8.26067E-8 7.22155E-8 2.16461E-8 1.63014E-8 1.60611E-8 1.12258E-8 1.38305E-8 2.25755E-8 6.16362E-8 1.51208E-7 1.05262E-7 1.85879E-8 1.28705E-8 1.1501E-8 9.80148E-9 8.35573E-9 4.32907E-9 2.17324E-9 1.93927E-9 3.1523E-9 5.50355E-9 1.00422E-8 -9999 -9999 -9999 -9999 -9999 -9999 -9999 -9999 -9999 -9999 -9999 -9999 -9999 -9999 -9999 -9999 -9999 -9999 -9999 -9999 -9999 -9999 -9999 -9999 -9999 -9999 -9999
8.19056E-7 3.67048E-7 2.90772E-7 4.63562E-7 4.90078E-7 2.0032E-7 1.29907E-7 1.28062E-7 1.84192E-7 2.3602E-7 3.50387E-7 1.71325E-7 8.53793E-8 1.29818E-7 1.77177E-7 1.56678E-7 1.09319E-7 1.63385E-7 5.61705E-8 1.80784E-8 7.74048E-9 8.41393E-9 1.43381E-8 2.31914E-8 2.79329E-8 1.19663E-7 1.86795E-7 4.3714E-8 1.7845E-8 1.45214E-8 1.46665E-8 8.62975E-9 8.38296E-9 4.87072E-9 2.84024E-9 2.19663E-9 2.48229E-9 9.57904E-9 1.37119E-8 -9999 -9999 -9999 -9999 -9999 -9999 -9999 -9999 -9999 -9999 -9999 -9999 -9999 -9999 -9999 -9999 -9999 -9999 -9999 -9999 -9999 -9999 -9999 -9999 -9999 -9999
6.31536E-7 6.04042E-7 9.76101E-7 8.09964E-7 2.96991E-7 1.70977E-7 1.70035E-7 2.66865E-7 4.99759E-7 8.70575E-7 6.22302E-7 2.08194E-7 1.10477E-7 1.82826E-7 5.96342E-7 6.80742E-7 3.26821E-7 1.44449E-7 5.65106E-8 5.38561E-8 3.23217E-8 1.39701E-8 6.89903E-9 1.25684E-8 3.21186E-8 1.7085E-7 2.28546E-7 1.09765E-7 1.12339E-7 5.37046E-8 4.1017E-8 1.85559E-8 1.62163E-8 1.42043E-8 9.48734E-9 3.98226E-9 3.36698E-9 6.62866E-9 1.56646E-8 -9999 -9999 -9999 -9999 -9999 -9999 -9999 -9999 -9999 -9999 -9999 -9999 -9999 -9999 -9999 -9999 -9999 -9999 -9999 -9999 -9999 -9999 -9999 -9999 -9999 -9999
7.71403E-7 1.72334E-6 9.85791E-7 3.89884E-7 2.23566E-7 1.73717E-7 1.52122E-7 2.79261E-7 6.65279E-7 1.66398E-6 5.80337E-7 2.18752E-7 1.48521E-7 2.23293E-7 8.98369E-7 1.00487E-6 3.00684E-7 1.37709E-7 8.92603E-8 1.40481E-7 1.01814E-7 3.48055E-8 3.73703E-8 3.18095E-8 1.90055E-8 7.92395E-8 3.61733E-7 5.73907E-8 2.54647E-8 2.18694E-8 3.63886E-8 4.99187E-8 6.23484E-8 3.19793E-8 1.50173E-8 9.28005E-9 1.06754E-8 1.13626E-8 1.42484E-8 1.26925E-8 -9999 -9999 -9999 -9999 -9999 -9999 -9999 -9999 -9999 -9999 -9999 -9999 -9999 -9999 -9999 -9999 -9999 -9999 -9999 -9999 -9999 -9999 -9999 -9999 -9999
1.95592E-6 1.48042E-6 4.7878E-7 2.92518E-7 2.40135E-7 1.91634E-7 2.01674E-7 3.20522E-7 5.34267E-7 1.48263E-6 7.74652E-7 4.72555E-7 5.10922E-7 4.53635E-7 1.56529E-6 6.66071E-7 2.04502E-7 1.8643E-7 1.41085E-7 2.9129E-7 3.95163E-7 1.66545E-7 2.10198E-7 3.84015E-7 2.27773E-7 2.4033E-7 2.93292E-7 2.48079E-8 6.4432E-9 5.97594E-9 5.46076E-9 1.37919E-8 2.96364E-8 2.52543E-8 1.12843E-8 9.67792E-9 2.2342E-8 1.99095E-8 6.30931E-9 4.33002E-9 -9999 -9999 -9999 -9999 -9999 -9999 -9999 -9999 -9999 -9999 -9999 -9999 -9999 -9999 -9999 -9999 -9999 -9999 -9999 -9999 -9999 -9999 -9999 -9999 -9999
1.40061E-6 5.34386E-7 4.27771E-7 4.00326E-7 4.61125E-7 5.33669E-7 5.05074E-7 6.44782E-7 1.04896E-6 1.43005E-6 1.39403E-6 1.52582E-6 1.10283E-6 2.07481E-6 2.22996E-6 4.63917E-7 2.20405E-7 2.38007E-7 2.26205E-7 4.61253E-7 1.14004E-6 7.1014E-7 5.71648E-7 4.24548E-7 3.62799E-7 5.39721E-7 2.85807E-7 9.32651E-8 1.95844E-8 1.31105E-8 5.17414E-9 6.21202E-9 6.4012E-9 1.12249E-8 8.16428E-9 7.65775E-9 1.12035E-8 1.50107E-8 4.72027E-9 2.60742E-9 -9999 -9999 -9999 -9999 -9999 -9999 -9999 -9999 -9999 -9999 -9999 -9999 -9999 -9999 -9999 -9999 -9999 -9999 -9999 -9999 -9999 -9999 -9999 -9999 -9999
5.48008E-7 7.38853E-7 7.92016E-7 9.32225E-7 1.11276E-6 1.11647E-6 1.0631E-6 1.08891E-6 1.50201E-6 8.39026E-7 5.29302E-7 6.52246E-7 3.38216E-7 1.30692E-6 1.96302E-6 1.68425E-6 6.71342E-7 4.40357E-7 4.41095E-7 1.08328E-6 1.18995E-6 2.17466E-7 9.4708E-8 6.71671E-8 5.68649E-8 1.17333E-7 1.41642E-7 1.11824E-7 9.21127E-8 7.01318E-8 3.11141E-8 1.32458E-8 7.80606E-9 7.69059E-9 5.14709E-9 3.56081E-9 4.81308E-9 9.71133E-9 5.3828E-9 -9999 -9999 -9999 -9999 -9999 -9999 -9999 -9999 -9999 -9999 -9999 -9999 -9999 -9999 -9999 -9999 -9999 -9999 -9999 -9999 -9999 -9999 -9999 -9999 -9999 -9999
7.43391E-7 7.58388E-7 5.38387E-7 4.20674E-7 4.25092E-7 5.62362E-7 6.00957E-7 4.66573E-7 4.59307E-7 5.46549E-7 3.12384E-7 1.98406E-7 1.91804E-7 3.20414E-7 9.00401E-7 1.51239E-6 1.21094E-6 1.54728E-6 1.5752E-6 2.26692E-6 1.17794E-6 2.95197E-7 2.74161E-7 1.77566E-7 6.3265E-8 4.04564E-8 3.56802E-8 3.02142E-8 4.38477E-8 4.27782E-8 5.90869E-8 4.31424E-8 2.8436E-8 1.76503E-8 6.80615E-9 4.28403E-9 6.56972E-9 7.2729E-9 3.85431E-9 -9999 -9999 -9999 -9999 -9999 -9999 -9999 -9999 -9999 -9999 -9999 -9999 -9999 -9999 -9999 -9999 -9999 -9999 -9999 -9999 -9999 -9999 -9999 -9999 -9999 -9999
3.26126E-7 4.29599E-7 3.96022E-7 2.19961E-7 2.34172E-7 2.784E-7 3.25926E-7 3.77267E-7 5.18795E-7 5.77004E-7 3.92188E-7 2.59903E-7 2.72658E-7 2.59006E-7 4.72263E-7 5.06552E-7 3.2182E-7 7.32019E-7 1.94512E-6 3.55785E-6 3.56462E-6 1.76498E-6 1.535E-6 4.11878E-7 3.49077E-7 2.13064E-7 6.70675E-8 2.10155E-8 2.63968E-8 4.92199E-8 4.56816E-8 5.49083E-8 4.44256E-8 3.74335E-8 2.17151E-8 1.43566E-8 8.18055E-9 7.06747E-9 7.69614E-9 7.38705E-9 1.31884E-9 -9999 -9999 -9999 -9999 -9999 -9999 -9999 -9999 -9999 -9999 -9999 -9999 -9999 -9999 -9999 -9999 -9999 -9999 -9999 -9999 -9999 -9999 -9999 -9999
2.40114E-7 2.55448E-7 3.19343E-7 2.94416E-7 3.12976E-7 3.2598E-7 2.4467E-7 3.03135E-7 4.97975E-7 1.00691E-6 4.96604E-7 2.83579E-7 4.25773E-7 5.38816E-7 4.4607E-7 2.4316E-7 3.80771E-7 4.40645E-7 8.66081E-7 1.44364E-6 1.81237E-6 2.79019E-6 1.58306E-6 1.1227E-6 1.91787E-6 8.65608E-7 1.04884E-7 3.50573E-8 5.10826E-8 5.80071E-8 8.36903E-8 9.28945E-8 8.89564E-8 3.84066E-8 2.56611E-8 2.32781E-8 1.71498E-8 9.69847E-9 1.54545E-8 4.75885E-9 1.07605E-9 -9999 -9999 -9999 2.96036E-10 2.98037E-10 -9999 -9999 -9999 -9999 -9999 -9999 -9999 -9999 -9999 -9999 -9999 -9999 -9999 -9999 -9999 -9999 -9999 -9999 -9999
3.07236E-7 3.91112E-7 5.45962E-7 7.66836E-7 4.71863E-7 5.98289E-7 4.09661E-7 3.4687E-7 6.99078E-7 1.91581E-6 7.64529E-7 4.15215E-7 9.40059E-7 1.39923E-6 5.4523E-7 3.63893E-7 5.80349E-7 4.53481E-7 4.20582E-7 4.59727E-7 7.01801E-7 6.33341E-7 1.16611E-6 1.87442E-6 2.7085E-6 1.2594E-6 2.30519E-7 1.07763E-7 2.21953E-7 1.38337E-7 8.19681E-8 8.96048E-8 1.67714E-7 5.12967E-8 5.44367E-8 2.93453E-8 2.24706E-8 1.69725E-8 1.94948E-8 4.07826E-9 2.36669E-9 2.24246E-9 2.99017E-9 2.22385E-9 1.35635E-9 8.79081E-10 -9999 -9999 -9999 -9999 -9999 -9999 -9999 -9999 -9999 -9999 -9999 -9999 -9999 -9999 -9999 -9999 -9999 -9999 -9999
4.16634E-7 7.79084E-7 7.49651E-7 5.91596E-7 1.49207E-6 9.81506E-7 4.65543E-7 4.04241E-7 8.78903E-7 2.19327E-6 2.22319E-6 1.31026E-6 3.91434E-6 1.44051E-6 9.48806E-7 1.23973E-6 2.62777E-6 7.48101E-7 4.46964E-7 2.91759E-7 5.76821E-7 4.57131E-7 7.18531E-7 1.91638E-6 2.42473E-6 1.93878E-6 1.55858E-6 6.34465E-7 7.30308E-7 2.65959E-7 1.85117E-7 2.08254E-7 3.73603E-7 4.60043E-7 2.72979E-7 1.4621E-7 7.28495E-8 6.02908E-8 4.08358E-8 9.2947E-9 1.13599E-8 1.21474E-8 4.32059E-9 3.07812E-9 2.9897E-9 2.3117E-9 7.24983E-10 4.61909E-10 -9999 -9999 -9999 -9999 -9999 -9999 -9999 -9999 -9999 -9999 -9999 -9999 -9999 -9999 -9999 -9999 -9999
1.07113E-6 1.0457E-6 1.04771E-6 8.50546E-7 1.945E-6 9.37603E-7 5.83156E-7 4.61875E-7 8.21394E-7 1.23296E-6 4.3588E-6 6.82191E-6 6.37038E-6 3.76735E-6 4.82996E-6 8.70801E-6 5.41969E-6 1.99337E-6 1.21065E-6 4.70112E-7 2.70141E-7 2.8206E-7 4.61301E-7 1.7966E-6 1.7722E-6 2.30762E-7 5.30175E-7 1.28261E-6 1.54332E-6 1.00228E-6 7.64822E-7 5.53118E-7 2.24342E-7 4.90867E-7 3.18431E-7 5.65415E-8 3.5941E-8 3.32426E-8 2.46632E-8 3.90829E-8 1.53683E-8 4.32184E-9 2.12957E-9 3.32348E-9 1.8304E-9 8.58205E-10 1.11237E-9 9.93762E-10 1.00647E-9 1.5737E-9 1.06753E-9 4.3239E-10 -9999 -9999 -9999 -9999 -9999 -9999 -9999 -9999 -9999 -9999 -9999 -9999 -9999
2.35652E-6 1.99399E-6 7.85372E-7 1.47073E-6 1.72768E-6 1.97984E-6 1.89368E-6 2.26782E-6 4.25136E-6 6.06497E-6 7.98717E-6 9.78043E-6 9.74074E-6 1.02268E-5 1.02573E-5 1.09938E-5 9.01155E-6 5.77747E-6 5.34661E-6 2.19451E-6 7.38161E-7 5.5902E-7 7.8218E-7 3.28891E-6 2.46382E-6 9.041E-7 3.16072E-7 3.57406E-7 3.40749E-7 3.35982E-7 3.97543E-7 6.25021E-7 3.73747E-7 1.97571E-7 6.04214E-7 4.76379E-7 1.05813E-7 3.37961E-8 1.9665E-8 2.23391E-8 1.64675E-8 9.69909E-9 1.17517E-8 1.31104E-8 6.1898E-9 3.52443E-9 6.28273E-9 2.36349E-9 6.75897E-10 1.62532E-9 1.79441E-9 7.0605E-10 5.12899E-10 2.23257E-10 2.52438E-10 -9999 6.98869E-10 -9999 1.09664E-9 -9999 -9999 -9999 -9999 -9999 -9999
1.84409E-6 2.33792E-6 5.79729E-7 1.18466E-6 4.65702E-6 5.42002E-6 8.47296E-6 1.30725E-5 1.08733E-5 5.0061E-6 2.21745E-6 2.17766E-6 3.21777E-6 3.42757E-6 9.01969E-6 8.72688E-6 1.15042E-5 9.6375E-6 8.82392E-6 3.87185E-6 3.26652E-6 2.66961E-6 2.90122E-6 1.9944E-6 6.43708E-7 1.46532E-6 7.49309E-7 2.32467E-7 1.62693E-7 1.20599E-7 1.56624E-7 4.45564E-7 7.0758E-7 5.27639E-7 3.75145E-7 7.23056E-7 4.02875E-7 1.24612E-7 5.025E-8 3.96778E-8 3.64241E-8 1.20187E-8 2.2066E-8 3.09555E-8 8.34534E-9 6.99846E-9 1.45096E-8 6.61647E-9 1.56591E-9 1.41597E-9 2.69442E-9 2.7973E-9 1.33036E-9 3.76149E-10 3.39122E-10 5.04424E-10 8.8494E-10 1.17026E-9 1.28919E-9 2.24265E-9 2.45608E-9 1.3579E-9 -9999 -9999 -9999
1.14722E-6 3.09343E-6 1.11782E-6 7.73441E-7 1.85565E-6 1.60316E-6 2.81894E-6 1.32403E-5 7.98568E-6 2.11688E-6 7.04348E-7 4.21066E-7 5.62354E-7 1.11851E-6 4.27853E-6 2.76152E-6 3.61124E-6 7.91797E-6 5.99888E-6 1.99047E-6 2.63065E-6 8.78942E-7 5.18024E-7 2.12599E-7 2.10312E-7 6.028E-7 1.58326E-6 3.42923E-7 1.64325E-7 1.10914E-7 7.9522E-8 1.5488E-7 2.27001E-7 7.48102E-7 1.48479E-6 8.58381E-7 7.38178E-7 2.98222E-7 9.20104E-8 5.14018E-8 9.96476E-8 3.98942E-8 3.41E-8 1.07221E-7 1.70194E-8 1.3564E-8 2.78431E-8 1.48162E-8 4.62563E-9 1.6234E-9 1.34217E-9 3.38631E-9 5.20914E-9 1.35259E-9 4.78444E-10 5.79256E-10 1.3843E-9 2.71111E-9 4.28235E-9 4.12578E-9 3.31072E-9 3.06471E-9 -9999 -9999 -9999
7.72067E-6 5.91076E-6 1.20739E-6 1.1508E-6 2.98879E-6 2.73128E-6 5.30427E-6 1.19305E-5 1.36829E-5 5.01438E-6 1.31819E-6 7.90583E-7 6.27283E-7 7.39173E-7 1.44407E-6 1.09058E-6 1.45803E-6 3.27873E-6 2.38695E-6 2.01582E-6 1.10068E-6 6.14714E-7 1.56754E-7 1.29742E-7 4.7758E-7 1.04357E-6 1.42303E-6 5.15017E-7 2.12797E-7 1.65148E-7 8.33243E-8 1.05508E-7 1.30802E-7 2.34837E-7 6.89025E-7 5.41106E-7 3.53321E-7 5.82524E-7 3.44308E-7 9.52816E-8 1.49044E-7 2.73188E-7 1.4479E-7 2.9212E-7 1.01524E-7 3.45326E-8 5.108E-8 3.08592E-8 1.14846E-8 4.12806E-9 1.89342E-9 4.55557E-9 1.45831E-8 5.88401E-9 1.38459E-9 7.56534E-10 8.41919E-10 2.04936E-9 5.1299E-9 2.70025E-9 2.00443E-9 2.19972E-9 -9999 -9999 -9999
8.08112E-6 4.31654E-6 1.37545E-6 2.23377E-6 8.93891E-6 7.98878E-6 1.18864E-5 8.34977E-6 4.26997E-6 2.61747E-6 1.16685E-6 9.52909E-7 9.06833E-7 1.24087E-6 1.11651E-6 5.82717E-7 1.04406E-6 1.43228E-6 9.64723E-7 8.80036E-7 9.09081E-7 3.24089E-7 1.55084E-7 2.12105E-7 5.06744E-7 1.46161E-6 7.47905E-7 7.02868E-7 4.37231E-7 1.91149E-7 1.40196E-7 1.22122E-7 1.27247E-7 1.30657E-7 1.7649E-7 1.35002E-7 1.24068E-7 4.42957E-7 7.15751E-7 4.45377E-7 2.64075E-7 1.95659E-7 1.9854E-7 3.80157E-7 2.80999E-7 8.67931E-8 5.45592E-8 3.26518E-8 2.63616E-8 9.98011E-9 4.4356E-9 5.68681E-9 2.05498E-8 9.55864E-9 3.36681E-9 1.34222E-9 7.03137E-10 1.93575E-9 4.86853E-9 2.53413E-9 1.97392E-9 1.83484E-9 1.77249E-9 -9999 -9999
8.19798E-6 4.50537E-6 2.43137E-6 4.22036E-6 7.85406E-6 8.69847E-6 6.92873E-6 4.60306E-6 2.31779E-6 1.02729E-6 7.51195E-7 6.7899E-7 1.32264E-6 1.23469E-6 7.1435E-7 1.02235E-6 1.085E-6 9.61526E-7 9.28362E-7 5.19379E-7 6.71609E-7 3.65123E-7 3.02435E-7 3.48044E-7 5.84229E-7 1.02663E-6 5.81789E-7 3.02615E-7 4.29696E-7 3.3772E-7 1.59814E-7 1.48617E-7 1.6781E-7 1.62465E-7 1.29505E-7 1.60097E-7 1.60063E-7 2.16701E-7 4.68053E-7 4.20083E-7 1.69153E-7 5.80314E-8 4.52751E-8 8.7632E-8 1.89174E-7 5.29882E-8 2.48436E-8 2.8357E-8 2.65846E-8 1.51913E-8 6.02509E-9 4.60504E-9 1.19489E-8 2.24101E-8 1.48973E-8 2.74783E-9 2.00174E-9 2.49186E-9 4.83827E-9 7.11091E-9 4.36075E-9 3.33864E-9 3.01229E-9 -9999 -9999
1.03572E-5 7.04463E-6 7.03152E-6 9.07601E-6 8.75368E-6 7.17624E-6 5.29558E-6 2.60391E-6 1.86665E-6 1.29697E-6 8.79384E-7 7.21026E-7 1.42619E-6 1.77459E-6 9.42348E-7 1.29741E-6 1.23611E-6 6.53845E-7 1.33904E-6 1.28248E-6 6.14362E-7 1.08323E-6 8.05426E-7 6.34632E-7 6.12481E-7 4.8578E-7 7.36153E-7 3.48246E-7 4.12708E-7 3.69223E-7 2.57459E-7 1.73898E-7 1.49528E-7 1.41162E-7 1.5383E-7 1.39916E-7 9.11825E-8 8.20527E-8 1.35569E-7 2.35972E-7 3.48742E-7 2.77361E-7 6.90491E-8 4.51559E-8 1.29104E-7 1.63702E-7 5.40732E-8 4.34592E-8 2.94221E-8 2.08199E-8 1.50381E-8 8.02471E-9 6.6867E-9 1.03577E-8 3.8824E-8 2.12638E-8 1.03605E-8 5.69756E-9 5.80584E-9 9.56325E-9 9.95422E-9 1.06021E-8 5.90055E-9 -9999 -9999
1.71547E-5 1.68738E-5 1.77276E-5 9.37869E-6 8.91941E-6 9.14229E-6 5.45907E-6 1.55494E-6 2.07072E-6 1.45481E-6 8.95455E-7 1.20284E-6 2.43095E-6 2.22306E-6 1.8303E-6 1.06412E-6 7.87302E-7 8.56044E-7 2.40691E-6 2.23519E-6 1.09199E-6 2.04555E-6 8.5654E-7 5.1967E-7 4.02774E-7 4.366E-7 6.88125E-7 3.64882E-7 4.4382E-7 3.90624E-7 2.72341E-7 1.41952E-7 1.57432E-7 1.62958E-7 1.75046E-7 1.47621E-7 1.27452E-7 1.23424E-7 9.37489E-8 8.99159E-8 2.00777E-7 5.9933E-7 1.03681E-7 4.22965E-8 6.33854E-8 1.32911E-7 1.09475E-7 1.28622E-7 9.90668E-8 4.81393E-8 2.50889E-8 2.38446E-8 1.70163E-8 6.76446E-9 1.4609E-8 6.3163E-8 2.02518E-8 4.52381E-9 3.12633E-9 3.37304E-9 4.04254E-9 8.64912E-9 1.31587E-8 1.18697E-8 -9999
9.13786E-6 1.0946E-5 1.91429E-5 1.24453E-5 9.94301E-6 1.52099E-5 1.08252E-5 5.56511E-6 2.31242E-6 1.74935E-6 1.92715E-6 4.22604E-6 3.60185E-6 9.61726E-7 8.00445E-7 7.30122E-7 1.28428E-6 1.94607E-6 4.99693E-6 4.6515E-6 4.05176E-6 4.04494E-6 2.58397E-6 2.14726E-6 1.19564E-6 1.01923E-6 8.3553E-7 7.43849E-7 7.71798E-7 4.84857E-7 3.56107E-7 2.84972E-7 1.75154E-7 1.57442E-7 2.07893E-7 1.96716E-7 1.74393E-7 1.63907E-7 1.35398E-7 1.12611E-7 2.24453E-7 7.04377E-7 1.48408E-7 5.29904E-8 4.242E-8 4.67784E-8 4.14854E-8 4.96115E-8 8.92096E-8 1.03026E-7 9.9965E-8 1.38138E-7 6.30474E-8 1.88224E-8 1.58975E-8 4.57082E-8 8.15001E-8 9.62515E-9 2.96736E-9 1.63509E-9 2.93231E-9 4.88967E-9 9.86621E-9 1.89624E-8 -9999
7.50135E-6 5.15646E-6 6.664E-6 1.06088E-5 3.74212E-5 1.10526E-5 1.01044E-5 2.19789E-5 1.67052E-5 8.28386E-6 3.11892E-6 1.25312E-5 5.78139E-6 1.18308E-6 1.27841E-6 2.03578E-6 3.63163E-6 5.79E-6 6.13902E-6 3.27449E-6 2.73153E-6 2.64968E-6 2.02897E-6 2.5968E-6 2.68062E-6 1.63016E-6 1.71811E-6 1.63454E-6 9.15878E-7 3.44733E-7 2.953E-7 3.44724E-7 3.13449E-7 2.62606E-7 1.79926E-7 2.40941E-7 2.34604E-7 2.2448E-7 1.76486E-7 1.38974E-7 4.98932E-7 6.79982E-7 4.74457E-7 1.38749E-7 9.12747E-8 5.06281E-8 2.95498E-8 3.39637E-8 4.12556E-8 4.67477E-8 4.09493E-8 9.2423E-8 1.45023E-7 1.88566E-7 9.49902E-8 5.28037E-8 2.38084E-7 2.9556E-8 7.10732E-9 2.79606E-9 3.27354E-9 5.97354E-9 1.36427E-8 2.13611E-8 -9999
4.89446E-6 1.06688E-5 1.48001E-5 9.26098E-6 9.18502E-6 2.51489E-5 2.52827E-5 1.43403E-5 1.28606E-5 2.82548E-5 2.46781E-5 6.13159E-6 2.24599E-6 1.52736E-6 4.15486E-6 6.80822E-6 8.08559E-6 2.46981E-6 4.04961E-6 4.51456E-6 2.34417E-6 3.1064E-6 1.2304E-6 2.48933E-6 2.25743E-6 2.13941E-6 2.17422E-6 2.18664E-6 1.42428E-6 4.29387E-7 2.84025E-7 2.47097E-7 2.31162E-7 2.94835E-7 2.92031E-7 2.81114E-7 3.00608E-7 3.25807E-7 3.63363E-7 4.78828E-7 8.41187E-7 2.92104E-7 3.4234E-7 5.15272E-7 4.4311E-7 1.6758E-7 9.96283E-8 4.50885E-8 2.64766E-8 2.42246E-8 2.93665E-8 4.47618E-8 4.72365E-8 1.22264E-7 1.46853E-7 3.01836E-7 3.80501E-7 1.69568E-7 2.13636E-8 8.12996E-9 3.83717E-9 5.1948E-9 1.16777E-8 2.87122E-8 1.1226E-8
5.43484E-6 1.40091E-5 1.7574E-5 6.7073E-6 9.29813E-6 1.0932E-5 1.15919E-5 2.64467E-5 1.53757E-5 1.49675E-5 1.81463E-5 1.42158E-5 7.40027E-6 1.70241E-6 6.31294E-6 6.96467E-6 2.80328E-6 1.68188E-5 2.49774E-5 1.25485E-5 8.884E-6 7.50498E-6 3.50559E-6 2.05332E-6 1.94005E-6 1.35943E-6 7.45075E-7 9.47298E-7 1.37321E-6 1.14348E-6 7.60384E-7 4.49871E-7 2.31006E-7 2.08831E-7 1.95175E-7 1.79586E-7 1.76431E-7 1.81604E-7 3.41285E-7 3.05174E-7 7.91823E-7 9.06104E-7 3.76819E-7 3.20269E-7 7.25717E-7 6.92212E-7 4.67204E-7 1.09937E-7 4.78175E-8 2.64154E-8 2.33739E-8 3.74918E-8 4.60664E-8 7.07387E-8 5.13224E-8 2.06715E-7 3.05568E-7 3.24404E-7 1.17017E-7 2.14173E-8 9.10936E-9 6.16884E-9 1.10384E-8 3.55908E-8 2.42455E-8
