catData/rasterBestHybridModels/Prubiginosus/RD_RM1.5_LQ/Prubiginosus_median.asc
ncols         409
nrows         350
xllcorner     60.897278365
yllcorner     5.843756025
cellsize      0.0892857
NODATA_value  -9999
[rows 87 to 115 of 350, columns 65 to 129 of 409]
1.1259E-5 2.21608E-5 2.23781E-5 2.76508E-5 3.03537E-5 3.00375E-5 2.60659E-5 2.08446E-5 2.39664E-5 2.0279E-5 2.24174E-5 3.07712E-5 2.77709E-5 3.09716E-5 3.17525E-5 3.18374E-5 3.5309E-5 2.97033E-5 3.0624E-5 2.9904E-5 2.92366E-5 2.81209E-5 2.69927E-5 2.87891E-5 4.70924E-5 4.71309E-5 4.76794E-5 4.81896E-5 4.96467E-5 5.17471E-5 3.26231E-5 5.26731E-5 5.16742E-5 3.13528E-5 1.91882E-5 2.42555E-5 3.20823E-5 3.4219E-5 3.02382E-5 1.28325E-5 3.54423E-6 3.49623E-6 3.73539E-6 8.492E-7 4.59375E-6 4.50473E-6 4.68529E-6 4.00586E-6 2.90496E-6 6.37425E-6 2.39969E-6 3.07409E-6 1.92071E-6 1.09309E-6 6.96226E-6 8.10471E-6 9.75697E-6 2.10049E-5 1.4917E-5 2.16432E-5 1.85184E-5 1.85298E-5 2.01917E-5 2.43445E-5 2.19374E-5
1.30069E-5 1.62608E-5 9.68868E-6 1.18476E-5 2.58977E-5 3.00729E-5 3.10192E-5 4.30861E-5 3.41176E-5 2.95306E-5 2.41185E-5 3.2574E-5 1.55978E-5 3.33002E-5 3.43132E-5 3.53034E-5 3.5383E-5 3.67527E-5 3.0632E-5 2.986E-5 3.02275E-5 2.97992E-5 3.2149E-5 5.03736E-5 4.86461E-5 2.8608E-5 2.8182E-5 4.70329E-5 4.74567E-5 3.0228E-5 5.06124E-5 5.03989E-5 3.09943E-5 2.31872E-5 2.00019E-5 3.29322E-5 3.77569E-5 3.32775E-5 2.11011E-5 1.48987E-5 5.57088E-6 3.7731E-6 8.51633E-7 1.08483E-6 7.16265E-6 7.96518E-6 9.54999E-6 4.39726E-6 1.84758E-6 6.72203E-6 6.45021E-6 6.04542E-6 2.36625E-6 4.62961E-6 4.96497E-6 7.8363E-6 6.23013E-6 6.93545E-6 1.69956E-5 2.44395E-5 2.55417E-5 2.54423E-5 2.3144E-5 1.55205E-5 1.45296E-5
1.06031E-5 8.47164E-6 1.32321E-5 2.33509E-5 2.72913E-5 3.17242E-5 4.07364E-5 4.52202E-5 3.03512E-5 3.35388E-5 3.48727E-5 3.18241E-5 3.05498E-5 3.48432E-5 3.50888E-5 3.5604E-5 3.55936E-5 3.88635E-5 4.25933E-5 4.78872E-5 5.07214E-5 4.95363E-5 4.94078E-5 4.94935E-5 4.73442E-5 5.01082E-5 4.98242E-5 3.0637E-5 4.92595E-5 4.9037E-5 4.98509E-5 3.20078E-5 2.3504E-5 1.61852E-5 1.9935E-5 2.9735E-5 3.43863E-5 3.02362E-5 2.7265E-5 1.73201E-5 1.01697E-5 3.76681E-6 8.75941E-7 3.83225E-6 5.08353E-6 5.68217E-6 8.12353E-6 3.48263E-6 5.01995E-6 1.31221E-5 7.4228E-6 6.45E-6 2.24017E-6 4.2372E-6 2.25649E-6 2.55064E-6 4.55481E-6 8.28585E-6 1.74311E-5 1.83985E-5 2.83832E-5 1.85961E-5 1.71771E-5 1.75673E-5 1.07491E-5
6.34001E-6 8.04821E-6 2.57055E-5 3.6607E-5 2.27963E-5 2.15605E-5 2.81072E-5 3.30177E-5 3.84347E-5 3.75502E-5 3.58547E-5 3.63553E-5 3.64666E-5 3.59074E-5 3.55713E-5 3.62739E-5 3.79697E-5 4.10304E-5 4.33635E-5 3.74014E-5 3.61756E-5 3.34271E-5 3.00499E-5 3.01404E-5 3.08494E-5 3.30139E-5 5.12373E-5 4.93939E-5 5.20153E-5 3.28557E-5 3.15156E-5 2.6961E-5 1.74817E-5 1.72626E-5 2.33773E-5 2.54797E-5 3.14304E-5 1.98454E-5 2.5337E-5 2.1532E-5 3.41602E-6 7.36656E-7 1.85289E-6 5.25378E-6 1.85564E-6 4.73347E-6 2.24805E-6 7.34116E-6 3.6496E-6 1.41238E-5 1.36093E-5 3.52677E-6 2.38446E-6 1.24304E-5 7.01996E-6 8.25997E-6 1.52251E-5 2.77817E-5 2.92734E-5 1.97888E-5 3.16617E-5 1.85883E-5 1.19603E-5 9.54047E-6 8.36822E-6
5.39623E-6 1.51643E-5 2.79582E-5 4.05205E-5 4.60894E-5 4.77635E-5 5.22248E-5 3.33475E-5 3.80481E-5 3.92196E-5 3.08082E-5 3.84102E-5 2.89811E-5 2.94517E-5 3.67553E-5 2.9697E-5 3.97727E-5 3.27319E-5 4.26385E-5 3.45346E-5 2.12518E-5 1.88833E-5 1.77578E-5 1.72698E-5 1.93692E-5 3.32737E-5 5.4244E-5 5.47997E-5 5.16122E-5 3.46213E-5 2.10906E-5 1.71864E-5 1.47007E-5 2.02533E-5 2.79108E-5 3.39763E-5 2.99759E-5 2.66529E-5 2.13118E-5 1.01647E-5 1.06126E-6 3.12632E-6 3.59079E-6 2.17778E-6 1.16947E-6 1.69922E-6 1.33532E-6 2.84034E-6 6.39815E-6 2.13944E-5 1.56275E-5 2.23843E-5 1.48912E-5 1.44913E-5 2.5015E-5 2.67705E-5 2.95499E-5 3.10954E-5 1.19565E-5 9.50018E-6 1.29869E-5 2.01086E-5 2.01092E-5 1.41597E-5 1.35955E-5
1.5447E-5 2.16586E-5 1.66816E-5 2.20708E-5 4.82847E-5 5.2372E-5 5.45073E-5 4.74432E-5 3.41914E-5 3.2186E-5 4.10191E-5 4.02219E-5 3.99193E-5 3.10213E-5 3.74335E-5 3.7232E-5 3.79876E-5 3.92791E-5 4.0857E-5 3.25623E-5 2.64073E-5 1.79441E-5 1.36484E-5 1.90815E-5 2.6818E-5 3.73743E-5 5.09949E-5 3.71615E-5 4.77424E-5 3.55758E-5 2.00718E-5 1.27527E-5 1.64593E-5 2.22428E-5 2.38368E-5 2.14741E-5 1.94575E-5 1.58067E-5 9.57724E-6 3.58977E-6 4.7923E-6 1.80233E-6 2.12202E-6 1.04797E-6 1.33793E-6 6.89661E-6 5.88565E-6 7.88121E-6 4.50102E-6 2.24558E-5 2.41448E-5 2.46127E-5 2.56851E-5 2.79908E-5 2.94506E-5 1.94357E-5 1.11954E-5 1.2249E-5 1.0228E-5 8.34944E-6 1.08821E-5 1.50924E-5 2.15284E-5 2.17591E-5 2.13987E-5
2.35199E-5 1.58201E-5 1.58709E-5 2.08703E-5 2.38341E-5 2.84039E-5 3.3566E-5 4.27552E-5 3.80811E-5 4.1164E-5 4.14196E-5 4.10341E-5 3.99717E-5 3.83895E-5 3.62029E-5 3.54811E-5 3.60372E-5 2.87371E-5 3.94875E-5 3.99396E-5 3.02735E-5 2.05177E-5 1.85592E-5 2.6741E-5 3.46651E-5 4.49509E-5 4.50703E-5 3.4408E-5 4.15438E-5 3.23107E-5 2.34424E-5 1.50383E-5 1.68661E-5 2.43292E-5 3.25669E-5 2.99949E-5 1.20542E-5 6.51254E-6 4.97912E-6 1.61378E-6 1.27211E-6 2.01544E-6 1.86851E-6 9.58365E-7 1.31622E-6 5.62948E-6 5.0462E-6 5.47907E-6 1.02215E-5 1.52748E-5 1.71219E-5 2.68508E-5 2.99544E-5 1.97307E-5 1.13783E-5 9.76106E-6 8.28001E-6 8.63901E-6 8.53257E-6 7.58541E-6 9.22004E-6 1.2452E-5 1.5409E-5 1.59855E-5 2.09779E-5
3.1678E-5 1.68674E-5 2.693E-5 3.74162E-5 4.25442E-5 5.1362E-5 5.0308E-5 3.81694E-5 4.20559E-5 4.14445E-5 4.0926E-5 3.19023E-5 3.02943E-5 3.67346E-5 3.49724E-5 3.40206E-5 3.25728E-5 2.37917E-5 2.9701E-5 1.4899E-5 2.24857E-5 2.01419E-5 1.97499E-5 3.02928E-5 4.19481E-5 4.2054E-5 3.20857E-5 3.10647E-5 3.94393E-5 3.85169E-5 2.70774E-5 1.98157E-5 1.42077E-5 1.7906E-5 2.10497E-5 1.8623E-5 3.9418E-6 4.07923E-6 2.63426E-6 1.19162E-6 2.67589E-6 4.07632E-6 1.46791E-6 1.11252E-6 5.48022E-6 9.32152E-6 1.24611E-5 1.06962E-5 9.60396E-6 1.19095E-5 1.81217E-5 2.93257E-5 3.08985E-5 1.90857E-5 1.9911E-5 1.43316E-5 1.13023E-5 8.98115E-6 7.51608E-6 6.73826E-6 8.03958E-6 9.17935E-6 9.77904E-6 1.27962E-5 1.32439E-5
3.35617E-5 3.31474E-5 3.36917E-5 3.83671E-5 2.79238E-5 5.07408E-5 4.73812E-5 3.71473E-5 3.70369E-5 3.01014E-5 3.99936E-5 3.95613E-5 2.88937E-5 2.18429E-5 3.01585E-5 2.92606E-5 1.46686E-5 2.35643E-6 1.78363E-6 1.53888E-6 6.61282E-6 1.52928E-5 2.38456E-5 2.682E-5 3.94688E-5 2.84958E-5 2.43063E-5 2.34183E-5 2.67479E-5 3.71629E-5 3.47792E-5 2.21026E-5 1.94263E-5 1.80853E-5 1.45118E-5 5.97061E-6 3.13029E-6 1.08712E-6 1.27463E-6 2.113E-6 3.59898E-6 1.09099E-6 5.4242E-6 2.59737E-6 1.19087E-6 1.74318E-5 1.50753E-5 1.50851E-5 1.44317E-5 1.2937E-5 1.94729E-5 3.11886E-5 1.24269E-5 1.37139E-5 2.11961E-5 2.16757E-5 1.60133E-5 1.0106E-5 8.20971E-6 8.3025E-6 9.39782E-6 9.81966E-6 9.45649E-6 1.28792E-5 1.51755E-5
3.7562E-5 3.70461E-5 2.34928E-5 3.58756E-5 4.3265E-5 3.01803E-5 5.06239E-5 4.30503E-5 4.21986E-5 2.59668E-5 3.95489E-5 3.43222E-5 8.13391E-6 2.67296E-6 1.91549E-6 3.56488E-6 1.49541E-6 1.41713E-6 1.27528E-6 2.02257E-6 4.30116E-6 7.31793E-6 2.12628E-5 1.85046E-5 1.44772E-5 1.41431E-5 1.18649E-5 9.98751E-6 2.1865E-5 2.48557E-5 1.0851E-5 3.76345E-6 8.60991E-6 1.03537E-5 4.87186E-6 1.40785E-6 1.16435E-6 3.40312E-6 2.40083E-6 5.12001E-6 4.82964E-6 1.01072E-6 2.52021E-6 6.58659E-6 7.48089E-6 2.83813E-5 2.56583E-5 2.64315E-5 1.87247E-5 1.87353E-5 2.06208E-5 1.942E-5 1.99781E-5 1.48199E-5 1.60134E-5 2.29183E-5 1.67303E-5 1.3613E-5 1.01571E-5 1.01478E-5 1.38462E-5 1.57713E-5 1.57689E-5 1.66317E-5 2.28377E-5
2.43083E-5 3.55358E-5 3.35247E-5 3.60198E-5 4.40081E-5 3.03575E-5 5.05424E-5 3.52663E-5 4.30533E-5 3.34996E-5 3.99613E-5 2.00918E-5 1.76244E-6 1.21022E-6 1.24543E-6 1.47966E-6 1.38572E-6 1.48854E-6 4.96261E-6 4.50286E-6 5.91123E-6 1.42181E-6 2.88647E-6 4.09355E-6 1.64067E-6 1.85169E-6 2.05754E-6 1.25923E-6 1.23225E-6 9.03672E-7 1.05935E-6 1.07485E-6 1.03404E-6 5.7325E-6 1.19309E-6 1.22181E-6 1.89794E-6 5.34604E-6 6.10396E-6 2.39143E-6 4.85707E-6 2.10243E-6 1.33477E-5 1.44936E-5 2.02285E-5 3.19689E-5 2.79809E-5 2.86177E-5 3.08754E-5 3.26639E-5 1.98105E-5 2.11294E-5 2.1792E-5 2.24523E-5 1.69762E-5 2.34336E-5 2.36041E-5 1.70511E-5 1.10523E-5 1.09466E-5 1.65602E-5 2.30551E-5 2.37112E-5 3.66306E-5 3.43389E-5
2.36633E-5 2.26465E-5 3.3898E-5 3.82351E-5 2.89301E-5 5.10847E-5 5.50789E-5 4.67208E-5 4.36328E-5 3.37465E-5 4.00331E-5 2.22929E-5 1.53137E-6 1.18803E-6 1.23633E-6 1.47748E-6 1.11025E-6 2.13095E-6 1.03878E-5 6.43187E-6 4.04667E-6 5.45253E-6 1.98769E-6 1.29245E-6 9.15409E-7 1.5261E-6 1.68495E-6 2.94949E-6 1.12706E-6 1.52759E-6 1.56252E-6 2.0566E-6 4.04826E-6 2.69827E-6 1.50346E-6 2.71545E-6 2.4126E-6 6.96004E-6 6.98226E-6 1.81119E-6 2.64704E-6 9.61905E-6 2.81413E-5 2.21082E-5 1.97344E-5 2.36115E-5 3.11175E-5 2.0584E-5 1.99302E-5 2.03018E-5 1.33419E-5 1.58521E-5 2.33393E-5 2.31327E-5 2.32618E-5 1.70313E-5 2.37378E-5 1.70098E-5 1.59817E-5 1.63712E-5 1.64755E-5 2.49847E-5 2.51509E-5 2.45754E-5 2.38703E-5
3.58399E-5 2.38963E-5 3.64145E-5 3.9216E-5 2.93615E-5 5.16444E-5 5.51203E-5 5.01172E-5 3.53546E-5 3.15149E-5 2.89451E-5 2.23468E-5 4.3949E-6 1.41306E-6 1.69803E-6 1.82378E-6 1.69019E-6 2.14725E-6 1.73438E-6 1.52249E-6 1.63245E-6 1.37293E-6 1.33043E-6 1.29753E-6 2.16985E-6 2.57955E-6 1.22686E-6 1.25795E-6 2.31588E-6 2.06482E-6 5.55303E-6 2.61699E-6 9.74547E-7 1.08707E-6 5.33965E-6 1.12692E-5 4.39329E-6 3.50322E-6 3.57265E-6 2.36124E-6 6.71569E-6 1.8885E-5 3.22094E-5 3.33058E-5 2.40968E-5 2.56589E-5 3.35712E-5 3.43382E-5 3.45102E-5 1.47679E-5 1.03873E-5 1.72356E-5 2.4331E-5 1.73372E-5 2.3759E-5 2.37546E-5 2.36645E-5 2.29123E-5 2.33392E-5 3.87118E-5 3.85298E-5 2.70852E-5 3.65858E-5 3.53647E-5 3.32737E-5
3.70241E-5 3.63927E-5 3.71613E-5 2.81298E-5 4.66966E-5 5.15764E-5 5.63924E-5 5.1251E-5 3.44142E-5 3.13198E-5 8.36766E-6 4.17501E-6 1.98976E-6 1.90045E-6 1.82186E-6 1.7288E-6 1.25362E-6 1.30449E-6 1.43493E-6 1.90523E-6 1.47669E-6 1.15684E-6 1.26351E-6 1.1536E-6 1.65686E-6 1.10131E-6 1.66133E-6 6.98739E-6 5.15493E-6 4.07759E-6 1.10293E-6 1.533E-6 1.19978E-6 1.51046E-6 3.62566E-6 4.33092E-6 5.25374E-6 3.9455E-6 8.68704E-6 1.02122E-5 1.24961E-5 1.95015E-5 2.49194E-5 3.56379E-5 3.67165E-5 2.2004E-5 3.55693E-5 2.42002E-5 2.24634E-5 1.64877E-5 1.63152E-5 1.82692E-5 2.54362E-5 2.44413E-5 1.74649E-5 2.37464E-5 1.68206E-5 2.62159E-5 2.60522E-5 2.59674E-5 2.56087E-5 1.30557E-5 2.0511E-5 1.36486E-5 1.35578E-5
3.54009E-5 3.63665E-5 3.79152E-5 4.23381E-5 4.76618E-5 5.093E-5 5.53625E-5 5.62438E-5 3.50385E-5 1.67013E-5 3.53366E-6 2.23503E-6 2.19932E-6 2.07692E-6 2.7688E-6 3.00893E-6 1.3717E-6 1.95001E-6 4.3409E-6 9.02964E-6 3.7308E-6 1.51348E-6 1.08793E-6 1.43067E-6 8.83851E-7 2.39212E-6 4.86575E-6 1.65522E-6 1.13025E-6 1.92133E-6 1.30626E-6 1.12042E-6 1.80859E-6 2.42224E-6 1.436E-6 4.08081E-6 1.97372E-5 1.92039E-5 1.85397E-5 1.47012E-5 1.82779E-5 2.60664E-5 3.86786E-5 2.90775E-5 4.03336E-5 2.44094E-5 3.8755E-5 1.66706E-5 2.4509E-5 2.51262E-5 2.54335E-5 1.82237E-5 2.49704E-5 2.43622E-5 1.72252E-5 3.97491E-5 2.82095E-5 1.88846E-5 1.67334E-5 1.67027E-5 2.2153E-5 1.48962E-5 1.18444E-5 1.1708E-5 3.40939E-5
2.1422E-5 2.46148E-5 3.76453E-5 4.15354E-5 2.90586E-5 2.86528E-5 3.19149E-5 5.5876E-5 3.38228E-5 6.92277E-6 1.47661E-6 1.64968E-6 2.25998E-6 3.39875E-6 3.31067E-6 3.27499E-6 1.64874E-6 1.50665E-6 2.76003E-6 3.67663E-6 1.42949E-6 2.08304E-6 1.04129E-6 8.12419E-7 7.84294E-7 2.91979E-6 1.97906E-6 1.08624E-6 1.86093E-6 2.27649E-6 2.26406E-6 2.46748E-6 1.24879E-6 1.8106E-6 5.57105E-6 1.3529E-5 3.16579E-5 3.46494E-5 2.57715E-5 2.49715E-5 2.67267E-5 2.93934E-5 4.16051E-5 4.22699E-5 4.27663E-5 3.97088E-5 2.50822E-5 1.80291E-5 1.73029E-5 1.86249E-5 2.55098E-5 1.83366E-5 2.48036E-5 2.77047E-5 2.77053E-5 4.0069E-5 2.89553E-5 1.944E-5 1.58384E-5 1.90173E-5 2.73227E-5 2.38629E-5 4.42493E-5 5.26544E-5 4.30086E-5
2.44996E-5 3.87288E-5 3.99853E-5 2.85949E-5 2.51699E-5 5.19099E-5 5.45381E-5 5.59324E-5 3.51458E-5 9.75783E-6 1.99923E-6 5.15434E-6 1.10993E-5 4.57216E-6 2.04608E-6 1.9194E-6 1.81919E-6 1.62441E-6 1.49106E-6 1.09609E-6 1.27114E-6 1.21582E-6 9.28322E-7 7.34745E-7 2.35025E-6 2.24496E-6 1.20969E-6 2.15588E-6 1.04649E-6 1.63542E-6 1.47641E-6 2.24453E-6 2.17624E-6 1.33772E-5 1.8959E-5 2.33681E-5 2.6051E-5 3.80266E-5 3.9431E-5 4.10499E-5 4.34045E-5 4.54416E-5 4.50093E-5 4.0496E-5 2.48511E-5 9.6853E-5 9.79686E-5 6.5457E-5 5.13825E-5 6.52967E-5 9.6532E-5 9.4555E-5 9.58612E-5 6.61405E-5 6.55056E-5 9.49599E-5 6.4911E-5 5.00272E-5 4.8899E-5 5.9259E-5 6.02205E-5 1.76648E-5 1.98293E-5 4.96683E-5 7.51199E-5
3.6878E-5 3.95847E-5 4.38403E-5 4.85812E-5 5.22623E-5 5.13684E-5 3.35602E-5 3.28203E-5 3.73098E-5 2.41783E-5 3.34999E-6 1.2631E-5 3.18433E-6 2.36783E-6 1.98114E-6 1.63509E-6 1.92418E-6 1.66581E-6 1.54728E-6 1.45247E-6 1.43024E-6 5.10433E-6 1.94826E-6 1.0024E-6 2.35129E-6 4.86449E-6 1.40045E-6 3.63698E-6 2.91583E-6 1.91998E-6 2.85211E-6 3.19149E-6 9.72958E-6 2.31488E-5 3.72079E-5 3.81235E-5 2.80556E-5 3.02495E-5 4.23069E-5 3.12823E-5 4.60583E-5 4.82949E-5 3.7257E-5 2.59434E-5 1.88872E-5 1.00594E-4 1.00072E-4 9.87826E-5 6.54496E-5 5.98655E-5 6.08368E-5 6.45419E-5 1.00052E-4 1.01165E-4 6.70165E-5 9.73442E-5 9.58435E-5 5.65775E-5 5.50829E-5 4.704E-5 9.32087E-5 9.35467E-5 9.43585E-5 8.73976E-5 7.9289E-5
3.76384E-5 3.38716E-5 4.65481E-5 3.17688E-5 5.45411E-5 5.60067E-5 3.56088E-5 6.98086E-5 5.75325E-5 5.02732E-5 9.94348E-6 1.11761E-5 1.84904E-6 1.58657E-6 1.93253E-6 1.84529E-6 1.76694E-6 1.71466E-6 1.26844E-6 4.86985E-6 4.46637E-6 1.53132E-6 1.17336E-6 3.39262E-6 1.12977E-5 7.3127E-6 4.76608E-6 7.45951E-6 5.28414E-6 1.4806E-5 2.10564E-5 1.86706E-5 2.72394E-5 2.69515E-5 2.87665E-5 4.0809E-5 4.27932E-5 3.29515E-5 4.52627E-5 4.6734E-5 3.71695E-5 5.13602E-5 4.51217E-5 4.60219E-5 2.00141E-5 1.02666E-4 1.0203E-4 1.01382E-4 9.85783E-5 9.49972E-5 6.11113E-5 6.14507E-5 1.00131E-4 1.02406E-4 1.01522E-4 6.41298E-5 1.00484E-4 6.08305E-5 9.44931E-5 8.12831E-5 5.50952E-5 9.1771E-5 5.61783E-5 9.19367E-5 8.49593E-5
2.89133E-5 4.55888E-5 3.11779E-5 2.57727E-5 3.16573E-5 3.26018E-5 6.49342E-5 6.60456E-5 4.23994E-5 5.25257E-5 1.28192E-5 7.66785E-6 2.16278E-6 1.97391E-6 1.89427E-6 1.81326E-6 2.72622E-6 6.58706E-6 6.84894E-6 1.98183E-6 7.33202E-7 8.8957E-7 1.14288E-6 2.47851E-6 5.42922E-6 1.81441E-5 8.91436E-6 2.23596E-5 2.56424E-5 2.72502E-5 2.72582E-5 4.20331E-5 4.37412E-5 3.19053E-5 2.86671E-5 3.24508E-5 4.79655E-5 5.03371E-5 3.64369E-5 5.15172E-5 5.31809E-5 4.69486E-5 4.73053E-5 4.66173E-5 1.04812E-4 1.0268E-4 1.01518E-4 9.95163E-5 5.77201E-5 9.48955E-5 9.60595E-5 9.8929E-5 9.98325E-5 6.03259E-5 4.20285E-5 1.01525E-4 9.89653E-5 9.55907E-5 9.48764E-5 9.14996E-5 5.47109E-5 8.2899E-5 8.43575E-5 8.67054E-5 5.8901E-5
3.03215E-5 4.99132E-5 3.27001E-5 2.63509E-5 3.47077E-5 5.63378E-5 7.01715E-5 6.29398E-5 5.21032E-5 4.2369E-5 1.83036E-5 3.58896E-6 1.99116E-6 1.85764E-6 1.82979E-6 1.78063E-6 1.69638E-6 3.01147E-6 6.30962E-6 1.18828E-6 9.08783E-7 1.60841E-6 8.15523E-6 7.61885E-6 1.70421E-5 1.60268E-5 7.31936E-6 3.125E-5 4.03671E-5 4.23384E-5 4.41587E-5 4.65724E-5 4.81877E-5 4.93246E-5 3.58794E-5 3.26035E-5 3.83487E-5 5.33563E-5 5.33297E-5 4.12262E-5 4.78405E-5 4.82211E-5 4.56401E-5 3.00924E-5 9.86212E-5 5.85092E-5 9.28886E-5 8.98716E-5 5.59553E-5 4.99919E-5 5.98911E-5 4.21329E-5 4.10865E-5 9.10375E-5 5.99091E-5 8.6877E-5 8.98272E-5 8.40589E-5 5.47282E-5 8.41393E-5 8.34988E-5 8.03476E-5 8.27055E-5 8.46842E-5 8.26471E-5
5.02002E-5 5.56263E-5 6.00557E-5 3.64688E-5 3.34901E-5 3.50332E-5 4.24088E-5 4.75714E-5 5.28636E-5 4.07958E-5 3.45237E-5 4.48733E-6 1.96E-6 1.74979E-6 1.34025E-6 1.71902E-6 1.73207E-6 3.79745E-6 2.07922E-6 1.32571E-6 2.4139E-6 3.14399E-6 5.88091E-6 8.57414E-6 2.25955E-5 9.97874E-6 2.00184E-5 4.00616E-5 4.34648E-5 4.55118E-5 3.37621E-5 3.49152E-5 3.61632E-5 3.65094E-5 3.36301E-5 2.44333E-5 3.514E-5 4.07455E-5 5.40991E-5 5.48867E-5 3.53312E-5 4.78539E-5 4.54179E-5 2.92912E-5 9.17515E-5 9.05969E-5 8.20845E-5 8.30765E-5 3.45316E-5 2.5917E-5 2.96001E-5 8.88922E-5 5.54702E-5 8.45271E-5 8.41807E-5 8.23884E-5 5.42451E-5 7.94167E-5 7.92577E-5 8.15133E-5 8.35282E-5 8.3422E-5 8.3509E-5 8.23614E-5 5.29748E-5
3.28071E-5 5.84504E-5 6.49164E-5 6.64103E-5 6.21517E-5 6.67709E-5 7.45661E-5 5.77265E-5 5.53436E-5 3.65804E-5 6.53983E-6 2.68386E-6 1.88502E-6 1.72514E-6 1.95885E-6 1.89944E-6 5.95573E-6 7.55922E-6 3.04771E-6 2.51048E-6 7.50897E-6 4.3673E-6 1.67927E-5 2.48357E-5 1.7887E-5 1.14738E-5 1.34711E-5 2.87667E-5 3.24101E-5 4.82421E-5 5.11245E-5 3.84301E-5 3.49743E-5 2.51851E-5 2.39522E-5 2.09904E-5 2.81802E-5 4.37125E-5 5.68481E-5 4.85024E-5 3.45621E-5 3.36342E-5 5.01484E-5 4.8007E-5 9.38919E-5 9.23126E-5 9.10035E-5 4.08968E-5 3.28593E-5 7.98549E-5 8.17289E-5 8.00482E-5 5.80715E-5 8.28336E-5 8.06788E-5 5.44831E-5 5.41427E-5 7.7282E-5 7.89538E-5 8.0708E-5 5.59704E-5 7.9558E-5 7.55561E-5 7.10014E-5 6.75536E-5
3.30892E-5 3.53375E-5 6.47305E-5 4.01934E-5 3.53403E-5 3.81573E-5 7.22579E-5 5.36559E-5 5.50132E-5 3.79917E-5 3.95455E-6 1.87473E-6 1.70472E-6 1.58181E-6 1.31903E-6 3.44261E-6 5.55155E-6 8.99442E-7 1.30288E-6 3.27043E-6 3.57054E-6 4.24707E-6 2.28656E-5 2.83617E-5 2.70424E-5 2.41705E-5 1.73502E-5 2.92204E-5 3.02378E-5 3.61007E-5 5.33554E-5 5.57453E-5 4.22705E-5 3.61563E-5 2.57262E-5 2.13518E-5 2.91094E-5 4.61142E-5 5.21121E-5 5.16871E-5 5.12711E-5 5.23251E-5 3.32373E-5 4.70787E-5 9.84924E-5 9.36192E-5 4.30365E-5 8.65916E-5 5.52287E-5 7.61442E-5 7.07496E-5 5.49086E-5 4.63558E-5 5.42069E-5 7.97652E-5 5.66375E-5 8.12947E-5 7.70271E-5 5.47274E-5 8.10105E-5 8.13345E-5 7.82821E-5 4.30565E-5 6.27561E-5 5.21175E-5
3.60768E-5 2.93196E-5 3.80466E-5 6.83442E-5 6.48202E-5 3.72192E-5 4.86158E-5 5.43026E-5 3.15783E-5 2.83303E-5 7.35475E-6 1.82314E-6 1.6301E-6 1.15736E-6 9.43405E-7 3.64909E-6 1.33329E-6 6.27023E-7 9.19675E-7 4.13966E-6 2.36954E-6 3.42079E-6 2.98088E-5 4.50917E-5 4.41723E-5 2.90278E-5 3.18846E-5 4.79997E-5 3.66773E-5 3.4464E-5 4.09867E-5 5.70999E-5 5.71892E-5 4.37562E-5 2.86566E-5 2.15802E-5 2.91931E-5 3.93971E-5 5.34514E-5 3.82176E-5 3.56585E-5 5.38019E-5 3.37164E-5 3.34984E-5 9.96752E-5 9.54891E-5 6.3058E-5 8.52605E-5 8.17044E-5 8.26229E-5 4.92029E-5 4.53368E-5 4.65824E-5 4.93085E-5 7.90356E-5 5.29407E-5 8.51937E-5 5.19256E-5 4.94535E-5 7.97022E-5 5.74556E-5 4.41061E-5 6.01425E-5 5.89612E-5 6.00932E-5
3.7872E-5 2.7995E-5 3.17062E-5 4.37518E-5 6.77101E-5 4.05317E-5 4.85028E-5 5.42877E-5 5.24414E-5 3.09602E-5 3.49133E-6 1.78162E-6 1.28896E-6 1.00597E-6 1.67995E-6 2.18472E-6 5.55283E-7 6.15383E-7 9.718E-7 6.02383E-6 3.28917E-6 1.54859E-5 2.97541E-5 3.37515E-5 2.77601E-5 1.97003E-5 4.60917E-5 5.01273E-5 5.4264E-5 4.10738E-5 4.11116E-5 4.28797E-5 5.80744E-5 4.42478E-5 2.86827E-5 2.16433E-5 2.96685E-5 4.05488E-5 5.40598E-5 3.80922E-5 3.52959E-5 5.39498E-5 4.99894E-5 3.39714E-5 7.15365E-5 9.07803E-5 8.66852E-5 8.51122E-5 7.83948E-5 4.59783E-5 4.40597E-5 7.01087E-5 5.22888E-5 6.27996E-5 7.13258E-5 8.02411E-5 7.98067E-5 4.75255E-5 7.32557E-5 7.0794E-5 5.85184E-5 6.90042E-5 6.33887E-5 3.29548E-5 6.12417E-5
3.82656E-5 3.31693E-5 2.78866E-5 4.28838E-5 6.76166E-5 4.47582E-5 3.82239E-5 2.64687E-5 3.63681E-5 4.37164E-5 1.03262E-5 2.3176E-6 1.56571E-6 3.06003E-6 4.56187E-6 8.91486E-7 9.11911E-7 6.82188E-7 1.07768E-6 2.62496E-6 1.59701E-5 3.09258E-5 4.58268E-5 5.0232E-5 2.54266E-5 2.1593E-5 3.48717E-5 3.87178E-5 5.68575E-5 5.73478E-5 5.8374E-5 4.36467E-5 5.87689E-5 4.45106E-5 2.87502E-5 2.39807E-5 3.21808E-5 4.15919E-5 5.50741E-5 3.82515E-5 3.40169E-5 3.41416E-5 4.98357E-5 3.4027E-5 3.00681E-5 6.12109E-5 8.73845E-5 7.89477E-5 7.9408E-5 8.27987E-5 7.78113E-5 7.11605E-5 5.54339E-5 3.79538E-5 3.86353E-5 4.46649E-5 7.47617E-5 7.39599E-5 7.44333E-5 4.68579E-5 4.28134E-5 7.00798E-5 7.56799E-5 4.94371E-5 4.49277E-5
6.42441E-5 4.22195E-5 2.93426E-5 4.35512E-5 6.63996E-5 4.43275E-5 2.97224E-5 3.33879E-5 3.04504E-5 4.39965E-5 1.62639E-5 1.70179E-6 1.33874E-6 7.03838E-6 1.24476E-6 1.17307E-6 9.84451E-7 7.02367E-7 1.41339E-6 1.13727E-5 1.91402E-5 2.93565E-5 3.58181E-5 5.19167E-5 3.85774E-5 3.17598E-5 5.3753E-5 4.15613E-5 5.85445E-5 4.36727E-5 5.98277E-5 5.84155E-5 5.84761E-5 4.41475E-5 2.51932E-5 2.60065E-5 4.04028E-5 5.57721E-5 5.54669E-5 5.53369E-5 5.46781E-5 3.43468E-5 5.02428E-5 2.83418E-5 9.92145E-5 9.44264E-5 8.95566E-5 8.24026E-5 8.67408E-5 5.27861E-5 5.63729E-5 5.47906E-5 6.56572E-5 8.21484E-5 5.16356E-5 8.51716E-5 8.54694E-5 8.60066E-5 8.52452E-5 8.7475E-5 8.57498E-5 7.63959E-5 7.08765E-5 5.08727E-5 4.72813E-5
6.65662E-5 4.36761E-5 3.54852E-5 4.76323E-5 6.351E-5 4.12565E-5 4.52897E-5 2.91057E-5 3.21505E-5 3.61104E-5 9.66678E-6 4.12498E-6 3.2334E-6 6.85881E-6 1.20142E-6 1.42398E-6 1.62388E-6 7.2653E-7 2.23959E-6 1.33535E-5 1.88479E-5 2.20731E-5 3.24935E-5 3.70898E-5 3.09405E-5 3.68133E-5 5.38001E-5 5.69746E-5 5.80499E-5 6.00856E-5 6.08196E-5 5.92688E-5 5.04329E-5 3.78272E-5 3.1921E-5 2.6249E-5 4.11568E-5 5.67725E-5 4.1624E-5 5.58446E-5 5.58683E-5 5.52496E-5 6.65653E-5 2.86491E-5 7.34658E-5 6.65175E-5 9.40602E-5 9.14951E-5 9.08717E-5 9.39775E-5 9.6353E-5 6.6091E-5 6.62536E-5 9.24647E-5 9.27969E-5 9.28134E-5 6.26667E-5 6.31952E-5 9.33695E-5 6.31439E-5 4.99181E-5 5.98874E-5 8.57761E-5 8.53284E-5 7.88272E-5
