catData/rasterBestHybridModels/Prubiginosus/RD_RM1.5_LQ/Prubiginosus_max.asc
ncols         409
nrows         350
xllcorner     60.897278365
yllcorner     5.843756025
cellsize      0.0892857
NODATA_value  -9999
[rows 116 to 144 of 350, columns 65 to 129 of 409]
8.74605E-5 7.58242E-5 6.82802E-5 1.10384E-4 8.2803E-5 5.95312E-5 1.20885E-4 9.05618E-5 9.57538E-5 6.84819E-5 9.83359E-6 2.4025E-6 4.23722E-6 7.39748E-6 2.57855E-6 3.3294E-6 2.24565E-6 1.41837E-6 5.85841E-6 2.45707E-5 2.35502E-5 2.84445E-5 4.14832E-5 5.88171E-5 9.32108E-5 9.39641E-5 7.08253E-5 1.28698E-4 7.75803E-5 1.39672E-4 1.43139E-4 7.74309E-5 7.35463E-5 7.47997E-5 5.63606E-5 5.63859E-5 6.00869E-5 6.67019E-5 9.23995E-5 9.11368E-5 8.97426E-5 1.157E-4 4.16322E-5 5.34837E-5 7.10969E-5 1.29612E-4 1.27351E-4 1.12848E-4 8.58062E-5 8.68339E-5 1.28758E-4 9.10605E-5 8.25433E-5 1.28436E-4 1.27361E-4 8.64233E-5 8.63298E-5 1.269E-4 1.2611E-4 8.21901E-5 7.04396E-5 7.67955E-5 1.18067E-4 1.15326E-4 1.08263E-4
8.79134E-5 1.13553E-4 7.7604E-5 6.67086E-5 9.16588E-5 9.32675E-5 1.19303E-4 5.27165E-5 8.16487E-5 2.6967E-5 1.99361E-5 5.2652E-6 1.21664E-5 5.28579E-6 2.43566E-6 3.38534E-6 3.69439E-6 3.62761E-6 7.63765E-6 3.04378E-5 3.59028E-5 3.55259E-5 4.97462E-5 9.2717E-5 8.93976E-5 6.41712E-5 7.35774E-5 1.3225E-4 1.35104E-4 1.39842E-4 5.80025E-5 5.59959E-5 7.85561E-5 8.05235E-5 8.27771E-5 8.44628E-5 8.77591E-5 9.34918E-5 9.35926E-5 9.29045E-5 9.15232E-5 7.04096E-5 3.71527E-5 4.20004E-5 7.72638E-5 1.34782E-4 9.153E-5 1.32823E-4 9.07423E-5 9.22138E-5 1.37448E-4 1.30896E-4 9.58191E-5 8.94216E-5 1.35617E-4 9.14492E-5 8.83433E-5 1.28746E-4 1.3021E-4 1.26025E-4 1.16927E-4 1.21861E-4 1.26602E-4 1.23073E-4 8.20184E-5
6.80187E-5 1.13235E-4 1.25035E-4 5.82956E-5 9.50638E-5 8.01603E-5 6.07527E-5 1.18464E-4 1.01267E-4 3.79361E-5 1.75194E-5 1.65021E-5 8.00432E-6 9.1769E-6 3.49016E-6 3.2141E-6 3.96228E-6 1.83824E-6 3.13603E-6 1.29173E-5 5.28298E-5 4.06637E-5 8.24364E-5 8.88303E-5 3.57742E-5 4.83092E-5 5.46697E-5 6.01933E-5 8.229E-5 8.212E-5 5.88768E-5 8.11548E-5 8.29895E-5 6.0739E-5 8.55184E-5 8.61999E-5 8.96643E-5 9.41349E-5 9.32169E-5 9.36464E-5 7.92094E-5 6.9955E-5 4.35423E-5 5.74429E-5 8.44624E-5 9.582E-5 9.49967E-5 1.39134E-4 9.54517E-5 1.4035E-4 1.38881E-4 9.7464E-5 1.09573E-4 9.36753E-5 1.41737E-4 1.37172E-4 1.32066E-4 1.2927E-4 1.34644E-4 1.33377E-4 1.34507E-4 9.33818E-5 1.35434E-4 1.30579E-4 1.32619E-4
8.8314E-5 7.5412E-5 1.2667E-4 1.23795E-4 1.10474E-4 8.37155E-5 5.34885E-5 1.04509E-4 4.69348E-5 3.10728E-5 2.46101E-5 1.7617E-5 1.32584E-5 1.22239E-5 5.397E-6 2.52719E-6 4.4185E-6 2.55435E-6 2.39037E-6 1.81035E-6 1.45843E-5 5.59881E-5 7.65028E-5 4.72933E-5 3.22375E-5 3.38248E-5 5.00763E-5 6.04939E-5 8.32435E-5 8.31299E-5 6.00727E-5 8.44555E-5 6.1866E-5 8.62457E-5 8.70156E-5 6.28946E-5 8.96985E-5 9.22814E-5 6.56541E-5 9.12698E-5 7.6927E-5 5.85437E-5 5.88773E-5 5.92223E-5 6.57404E-5 8.43304E-5 9.81059E-5 1.44869E-4 9.94905E-5 1.00106E-4 1.50247E-4 1.07015E-4 1.07183E-4 1.45803E-4 1.47704E-4 9.17399E-5 9.91591E-5 1.43535E-4 1.38483E-4 1.36735E-4 1.37012E-4 9.36277E-5 1.38086E-4 1.39848E-4 1.41886E-4
8.82622E-5 7.57697E-5 7.13963E-5 1.2578E-4 1.23622E-4 9.87896E-5 5.09221E-5 9.00518E-5 4.52861E-5 3.3355E-5 3.87935E-5 3.28616E-5 4.6501E-5 1.97338E-5 3.23483E-6 2.26988E-6 3.43159E-6 1.97363E-6 2.72954E-6 2.38063E-6 2.2567E-6 1.52118E-5 4.56466E-5 2.71875E-5 1.54295E-5 3.30676E-5 5.72441E-5 8.4423E-5 8.5546E-5 8.48596E-5 8.54085E-5 8.62964E-5 8.6497E-5 8.67112E-5 6.30501E-5 8.72641E-5 8.88566E-5 8.90496E-5 6.33317E-5 1.23456E-4 1.22998E-4 5.70894E-5 5.79299E-5 5.91922E-5 1.49044E-4 1.056E-4 1.04374E-4 1.49592E-4 1.06558E-4 1.08419E-4 1.52764E-4 1.00524E-4 1.43339E-4 1.44839E-4 1.40562E-4 1.01721E-4 1.38613E-4 1.39089E-4 1.36001E-4 9.19401E-5 1.34316E-4 1.33882E-4 1.35485E-4 1.40659E-4 1.45284E-4
9.20943E-5 1.11469E-4 7.31512E-5 6.30732E-5 6.76947E-5 1.07498E-4 8.35168E-5 8.32493E-5 4.56443E-5 2.93644E-5 4.27058E-5 6.80411E-5 3.57968E-5 4.35586E-5 9.98757E-6 3.39102E-6 2.28411E-6 3.29394E-6 3.47566E-6 4.87015E-6 3.43628E-6 4.28047E-6 8.19376E-6 2.98941E-5 2.66169E-5 2.93916E-5 4.83367E-5 7.72109E-5 6.30958E-5 8.74013E-5 8.72304E-5 8.69139E-5 8.5585E-5 6.14089E-5 6.1986E-5 8.58572E-5 6.22799E-5 8.54644E-5 6.03973E-5 6.51234E-5 1.11647E-4 5.53646E-5 5.60785E-5 5.68595E-5 1.44529E-4 1.47732E-4 1.50384E-4 1.52068E-4 1.07152E-4 1.51726E-4 1.4932E-4 1.30636E-4 1.15163E-4 1.17375E-4 1.36112E-4 1.35085E-4 1.35642E-4 9.21577E-5 1.34324E-4 1.32377E-4 8.90901E-5 8.47044E-5 8.99038E-5 1.36709E-4 9.59037E-5
7.54788E-5 1.18575E-4 7.52596E-5 5.52829E-5 5.13622E-5 5.40855E-5 9.94606E-5 8.60217E-5 4.71934E-5 3.57983E-5 4.41872E-5 6.48728E-5 3.77356E-5 3.30568E-5 4.38013E-5 1.54199E-5 2.78654E-6 2.46451E-6 2.98153E-6 2.24859E-6 3.49273E-6 3.92594E-6 5.64489E-6 1.53577E-5 2.68951E-5 2.30443E-5 7.00306E-5 7.8992E-5 8.02932E-5 8.7131E-5 8.82729E-5 8.77315E-5 8.49663E-5 6.01558E-5 8.41216E-5 8.25333E-5 5.89954E-5 8.06881E-5 5.6229E-5 1.00812E-4 5.35878E-5 5.39744E-5 5.46265E-5 5.74E-5 9.20397E-5 9.91552E-5 1.48634E-4 1.50676E-4 1.514E-4 1.4891E-4 1.43949E-4 1.38799E-4 9.17714E-5 8.89393E-5 1.34265E-4 1.32226E-4 8.98005E-5 8.97477E-5 1.31184E-4 1.29658E-4 1.26777E-4 8.50359E-5 8.62711E-5 1.30917E-4 1.37713E-4
7.48088E-5 1.20351E-4 7.72722E-5 6.40998E-5 4.99799E-5 4.10325E-5 7.52911E-5 8.68342E-5 5.33387E-5 3.55776E-5 4.73516E-5 6.6837E-5 6.54848E-5 3.53712E-5 3.24812E-5 3.61527E-5 8.01837E-6 2.75252E-6 2.37747E-6 3.07503E-6 3.44866E-6 3.22845E-6 4.09504E-6 7.59162E-6 5.73083E-6 1.28086E-5 1.81572E-5 3.16289E-5 5.46377E-5 5.86029E-5 8.53605E-5 6.26247E-5 8.38826E-5 8.12419E-5 8.03735E-5 5.68493E-5 7.62512E-5 7.51017E-5 5.36727E-5 8.84685E-5 3.90197E-5 3.96538E-5 5.34468E-5 5.2603E-5 7.5731E-5 1.41961E-4 1.43591E-4 1.45177E-4 1.45899E-4 9.86383E-5 9.47201E-5 1.33987E-4 1.2906E-4 8.69404E-5 1.27677E-4 1.26545E-4 1.26311E-4 8.33525E-5 8.2502E-5 8.63975E-5 1.22303E-4 1.18392E-4 1.23588E-4 1.29197E-4 8.9254E-5
8.81507E-5 1.29566E-4 1.3154E-4 8.72568E-5 5.1103E-5 6.72024E-5 1.10667E-4 6.24468E-5 5.42795E-5 3.64167E-5 4.38602E-5 4.5997E-5 6.85733E-5 3.89595E-5 5.91046E-5 5.65585E-5 2.87327E-5 4.89973E-6 2.46955E-6 1.89291E-6 2.7829E-6 3.93603E-6 3.56152E-6 3.93674E-6 4.7955E-6 1.12579E-5 2.3252E-5 3.36623E-5 1.49845E-5 3.86924E-5 7.72593E-5 5.90566E-5 5.82388E-5 7.69769E-5 7.40176E-5 7.37005E-5 7.01318E-5 6.80363E-5 6.72224E-5 7.67642E-5 3.69002E-5 3.73923E-5 6.54722E-5 6.60117E-5 6.86436E-5 1.35877E-4 1.37031E-4 9.4322E-5 1.38789E-4 1.38486E-4 9.23265E-5 8.84596E-5 1.22931E-4 8.1914E-5 1.20038E-4 8.10952E-5 1.20003E-4 8.23665E-5 5.58294E-5 8.17206E-5 1.19241E-4 7.55748E-5 8.23288E-5 1.24559E-4 1.24216E-4
9.92383E-5 8.67749E-5 1.3498E-4 8.43923E-5 8.16343E-5 8.50457E-5 1.41597E-4 7.61133E-5 6.10329E-5 6.22151E-5 5.42909E-5 8.38797E-5 7.76183E-5 4.48572E-5 6.67845E-5 3.67234E-5 6.29152E-5 2.97142E-5 3.1621E-6 2.41442E-6 1.74504E-6 3.76518E-6 3.08152E-6 7.0839E-6 1.00305E-5 1.64478E-5 3.85411E-5 3.20648E-5 2.51178E-5 1.43118E-5 3.33604E-5 7.31161E-5 7.4283E-5 7.02194E-5 6.69449E-5 4.79895E-5 4.67454E-5 6.43727E-5 6.3932E-5 4.63942E-5 4.58458E-5 4.6303E-5 6.09725E-5 4.37883E-5 6.50877E-5 8.84866E-5 1.3115E-4 8.96142E-5 8.93773E-5 1.34547E-4 1.35555E-4 1.25571E-4 1.2119E-4 1.12861E-4 1.11645E-4 7.62051E-5 1.12969E-4 7.69855E-5 5.20202E-5 7.58896E-5 1.11154E-4 7.61017E-5 1.13039E-4 1.20304E-4 8.27179E-5
1.02345E-4 9.31101E-5 1.43458E-4 1.38021E-4 1.36819E-4 8.6741E-5 1.50844E-4 1.45421E-4 7.81803E-5 1.25201E-4 1.01226E-4 9.43523E-5 5.44987E-5 5.06106E-5 7.32746E-5 4.1121E-5 3.90996E-5 4.60772E-5 5.40791E-6 3.11485E-6 2.41324E-6 6.59667E-6 7.69046E-6 3.99966E-6 9.59977E-6 1.73336E-5 2.19934E-5 3.83505E-5 2.32341E-5 2.40448E-5 1.57379E-5 6.15279E-5 4.79038E-5 4.62722E-5 6.27706E-5 6.24535E-5 6.36205E-5 6.0512E-5 5.93792E-5 4.5652E-5 3.21101E-5 3.77958E-5 3.80315E-5 4.27484E-5 6.16159E-5 8.3336E-5 1.23487E-4 8.47312E-5 7.03363E-5 8.2649E-5 8.60028E-5 1.27418E-4 1.17191E-4 1.14347E-4 8.23199E-5 8.32802E-5 1.2261E-4 8.34316E-5 7.91347E-5 8.2623E-5 1.2367E-4 1.16904E-4 5.85326E-5 4.28127E-5 5.20428E-5
1.75325E-4 9.51646E-5 1.52252E-4 7.8116E-5 1.38572E-4 1.48885E-4 8.53145E-5 1.39876E-4 7.64624E-5 1.27042E-4 1.23802E-4 1.10231E-4 1.01326E-4 5.49976E-5 8.978E-5 5.14528E-5 4.78119E-5 5.88532E-5 1.93592E-5 4.92672E-6 4.20082E-6 2.8606E-6 6.49307E-6 4.26501E-6 1.97813E-5 1.58375E-5 1.29625E-5 1.95983E-5 2.12649E-5 2.37534E-5 1.9323E-5 2.72308E-5 4.09596E-5 6.30196E-5 5.92868E-5 5.82844E-5 5.82349E-5 4.11412E-5 3.90694E-5 5.61904E-5 3.21369E-5 3.57988E-5 4.0027E-5 5.76202E-5 5.74535E-5 4.03333E-5 6.42663E-5 4.36901E-5 3.74508E-5 3.72362E-5 4.60332E-5 6.77453E-5 6.72356E-5 7.15938E-5 7.48632E-5 8.01108E-5 8.02581E-5 8.07367E-5 8.07556E-5 8.13058E-5 7.77756E-5 3.43998E-5 6.74308E-5 7.59631E-5 1.22043E-4
1.69197E-4 1.61517E-4 1.55422E-4 8.15327E-5 7.76454E-5 1.37572E-4 1.47766E-4 1.42514E-4 7.50639E-5 1.27856E-4 1.20266E-4 6.25192E-5 9.60131E-5 5.37063E-5 8.78445E-5 8.73298E-5 5.18137E-5 4.80194E-5 1.48633E-5 6.80164E-6 9.70494E-6 9.2052E-6 2.48274E-6 1.2957E-5 2.53481E-5 2.32329E-5 2.21681E-5 1.16839E-5 1.96125E-5 1.48095E-5 2.36442E-5 2.12859E-5 5.49646E-5 5.8349E-5 5.88963E-5 5.61547E-5 3.86854E-5 3.2908E-5 3.95458E-5 6.10564E-5 4.36033E-5 4.5097E-5 1.2257E-4 1.23704E-4 1.24455E-4 8.43885E-5 7.26453E-5 7.31546E-5 4.88276E-5 5.00333E-5 7.71419E-5 7.57136E-5 7.4337E-5 7.64265E-5 8.21032E-5 8.82028E-5 9.36393E-5 9.43854E-5 9.46996E-5 8.96229E-5 5.25123E-5 7.88426E-5 8.31863E-5 5.40432E-5 1.28604E-4
9.3272E-5 1.55346E-4 1.47866E-4 7.81337E-5 7.53167E-5 1.33638E-4 1.35902E-4 7.7678E-5 6.22372E-5 7.11472E-5 1.1664E-4 1.05456E-4 9.35832E-5 8.68213E-5 7.89964E-5 7.56251E-5 7.77154E-5 6.99801E-5 2.54627E-5 3.97272E-6 1.30293E-5 5.37145E-6 7.03223E-6 5.31064E-6 1.19028E-5 2.3701E-5 2.67475E-5 2.08693E-5 3.18419E-5 2.14304E-5 1.81867E-5 1.10133E-5 2.97169E-5 2.63768E-5 3.44978E-5 4.18843E-5 3.41974E-5 4.32128E-5 1.20075E-4 1.23442E-4 5.07713E-5 8.96792E-5 1.31273E-4 1.3309E-4 1.33959E-4 1.33843E-4 8.0943E-5 8.15588E-5 8.27026E-5 8.25956E-5 8.48212E-5 5.36981E-5 8.2799E-5 5.38544E-5 8.97646E-5 5.82299E-5 1.12377E-4 6.50045E-5 1.12527E-4 1.02755E-4 5.46988E-5 8.43588E-5 5.81002E-5 4.46891E-5 7.71907E-5
9.30643E-5 1.43344E-4 7.71933E-5 6.02343E-5 7.32499E-5 1.23059E-4 7.07772E-5 5.94185E-5 4.68317E-5 5.93408E-5 6.63104E-5 1.04156E-4 9.23665E-5 8.20087E-5 7.42018E-5 4.11719E-5 6.93007E-5 6.25058E-5 3.28386E-5 6.53795E-6 7.73613E-6 8.78422E-6 9.27072E-6 5.04755E-6 9.48573E-6 2.51395E-5 2.26182E-5 2.64136E-5 2.77235E-5 2.44252E-5 1.26229E-5 2.63613E-5 2.37225E-5 2.30644E-5 3.92533E-5 6.19721E-5 6.32102E-5 6.72678E-5 8.03765E-5 8.07843E-5 4.52167E-5 5.52379E-5 1.41007E-4 1.42331E-4 1.42961E-4 9.74553E-5 1.44183E-4 9.17388E-5 9.32712E-5 9.29679E-5 5.77645E-5 5.70813E-5 9.46923E-5 9.54228E-5 7.44877E-5 1.08936E-4 1.25585E-4 1.30746E-4 1.26697E-4 1.16316E-4 1.07575E-4 1.00657E-4 9.17652E-5 5.63859E-5 7.23383E-5
1.25036E-4 1.19432E-4 1.18352E-4 5.90805E-5 1.17131E-4 9.78358E-5 6.44063E-5 4.76212E-5 4.48274E-5 5.70065E-5 6.23793E-5 9.75373E-5 8.89737E-5 8.01102E-5 7.39346E-5 6.78588E-5 6.13379E-5 3.93006E-5 3.59634E-5 8.94527E-6 2.52494E-6 5.64432E-6 7.15363E-6 9.4194E-6 1.37185E-5 1.59302E-5 2.65919E-5 2.49861E-5 2.60156E-5 3.26671E-5 1.82206E-5 2.31836E-5 3.07639E-5 4.71385E-5 6.39267E-5 6.81E-5 6.84996E-5 9.03835E-5 5.54459E-5 8.94061E-5 9.98261E-5 1.86798E-4 1.09965E-4 1.03258E-4 1.52932E-4 1.04338E-4 6.1219E-5 6.38118E-5 1.10183E-4 1.10465E-4 6.41126E-5 6.44019E-5 1.01217E-4 3.63327E-5 5.31309E-5 7.40964E-5 1.1817E-4 1.28334E-4 1.27761E-4 1.10257E-4 1.17347E-4 8.44461E-5 8.14465E-5 3.68658E-5 1.08365E-4
1.09034E-4 5.36403E-5 9.88008E-5 1.0553E-4 9.50055E-5 5.81433E-5 5.06746E-5 4.06445E-5 5.46471E-5 6.33847E-5 9.77123E-5 8.87268E-5 8.10853E-5 7.7049E-5 7.15246E-5 6.87694E-5 6.21679E-5 1.74516E-5 2.07276E-5 4.67739E-6 2.71141E-6 5.50499E-6 1.31608E-5 1.70374E-5 8.03836E-6 1.48223E-5 3.13099E-5 1.55108E-5 3.00475E-5 3.30074E-5 3.67514E-5 2.17688E-5 2.5515E-5 3.96074E-5 4.72562E-5 5.11012E-5 5.45508E-5 1.04818E-4 1.91448E-4 1.94013E-4 2.01078E-4 2.12331E-4 2.15971E-4 1.23647E-4 1.60263E-4 1.10014E-4 7.29217E-5 1.26732E-4 2.15514E-4 2.16797E-4 1.25597E-4 1.26707E-4 1.85667E-4 1.84722E-4 2.33795E-4 2.10009E-4 2.04361E-4 1.31452E-4 1.22557E-4 1.05058E-4 6.77402E-5 3.62187E-5 5.01831E-5 5.87034E-5 1.21071E-4
8.49155E-5 4.94398E-5 4.47612E-5 5.1776E-5 8.60483E-5 6.24665E-5 5.38892E-5 4.82589E-5 5.97334E-5 9.8693E-5 8.98944E-5 8.26502E-5 7.79584E-5 7.23094E-5 6.87423E-5 6.24756E-5 6.27981E-5 1.49595E-5 1.14711E-5 4.56066E-6 9.11022E-6 1.14607E-5 2.24072E-5 2.51668E-5 1.78426E-5 3.33638E-5 2.7994E-5 2.22475E-5 1.54538E-5 2.03596E-5 2.18288E-5 2.06492E-5 1.80059E-5 3.77532E-5 4.79585E-5 5.04446E-5 5.03094E-5 6.56943E-5 1.17663E-4 1.28164E-4 2.28415E-4 2.38046E-4 2.45386E-4 1.40709E-4 2.454E-4 8.37133E-5 1.45074E-4 1.44695E-4 1.40952E-4 2.11005E-4 1.619E-4 1.59563E-4 2.4238E-4 1.84885E-4 2.63884E-4 1.94032E-4 2.41321E-4 1.16366E-4 1.96069E-4 1.40412E-4 1.4988E-4 7.79668E-5 1.27779E-4 9.82063E-5 1.02244E-4
8.24574E-5 6.36054E-5 2.54353E-5 2.44084E-5 4.37885E-5 5.28436E-5 2.79311E-5 4.3748E-5 8.72629E-5 8.62437E-5 8.43512E-5 4.65165E-5 7.29047E-5 4.18035E-5 6.18474E-5 3.40767E-5 5.21251E-5 1.88796E-5 6.30726E-6 5.70439E-6 7.15857E-6 5.24424E-6 1.16662E-5 1.01144E-5 2.38263E-5 2.40447E-5 2.64787E-5 1.62997E-5 2.95971E-5 2.37384E-5 2.8184E-5 2.55041E-5 2.63449E-5 3.78052E-5 7.03861E-5 7.52396E-5 6.01555E-5 1.24983E-4 2.36211E-4 2.5216E-4 2.56222E-4 2.63286E-4 2.73368E-4 2.7385E-4 2.74915E-4 1.62785E-4 1.6318E-4 1.75562E-4 2.74753E-4 2.47244E-4 1.30348E-4 1.60347E-4 2.78104E-4 2.75721E-4 1.78088E-4 1.48158E-4 2.38653E-4 2.1521E-4 1.87874E-4 1.61264E-4 7.71516E-5 8.78009E-5 1.34455E-4 1.22785E-4 1.5855E-4
9.06656E-5 4.19604E-5 3.73509E-5 6.79669E-5 7.28939E-5 7.00233E-5 6.13568E-5 5.00314E-5 8.1091E-5 4.84111E-5 4.60888E-5 4.45204E-5 6.98063E-5 3.90425E-5 5.51294E-5 4.43115E-5 3.22261E-5 1.43012E-5 1.10618E-5 5.50773E-6 2.63076E-6 4.42127E-6 6.99249E-6 6.2022E-6 1.11368E-5 2.15547E-5 3.63714E-5 3.31257E-5 1.8189E-5 2.76478E-5 3.22256E-5 2.5134E-5 4.41886E-5 3.82574E-5 5.11673E-5 7.77069E-5 1.12842E-4 1.28275E-4 1.38925E-4 2.65417E-4 2.83676E-4 2.89489E-4 2.97545E-4 1.7246E-4 3.00781E-4 1.02422E-4 1.03121E-4 1.7926E-4 9.83325E-5 2.49632E-4 1.46443E-4 1.6515E-4 2.35961E-4 1.59301E-4 2.55825E-4 2.16659E-4 2.2137E-4 1.30457E-4 1.49532E-4 1.49779E-4 1.28539E-4 8.31382E-5 1.25327E-4 7.8658E-5 2.36324E-4
8.67999E-5 7.57154E-5 6.96551E-5 6.7954E-5 4.73599E-5 4.0315E-5 6.08467E-5 3.64585E-5 4.1687E-5 4.42778E-5 3.76449E-5 4.36068E-5 6.32856E-5 6.29427E-5 3.34665E-5 2.61762E-5 4.57749E-6 3.89061E-6 6.77936E-6 1.14944E-5 7.52851E-6 9.74653E-6 1.2776E-5 7.27626E-6 4.28633E-6 7.76073E-6 1.64939E-5 1.7578E-5 2.67946E-5 3.70945E-5 2.84965E-5 3.4375E-5 2.80807E-5 3.68087E-5 4.33013E-5 8.28623E-5 6.92612E-5 1.34982E-4 1.44825E-4 2.75165E-4 2.95244E-4 3.12376E-4 3.1869E-4 3.21909E-4 3.2213E-4 1.91273E-4 1.92501E-4 1.9327E-4 1.87063E-4 2.62873E-4 2.29963E-4 2.85701E-4 2.22899E-4 1.24991E-4 1.49611E-4 2.3545E-4 1.68227E-4 6.11608E-5 1.5956E-4 9.01512E-5 1.47127E-4 8.621E-5 1.27138E-4 8.52698E-5 1.45307E-4
-9999 -9999 -9999 7.63282E-5 6.06006E-5 2.55642E-5 3.22873E-5 6.1362E-5 5.03455E-5 4.97552E-5 4.14412E-5 2.9846E-5 1.58065E-5 2.32866E-5 1.55581E-5 9.03828E-6 3.98196E-6 5.67581E-6 6.70537E-6 8.44817E-6 5.34871E-6 7.29832E-6 6.07715E-6 6.30016E-6 5.54897E-6 1.55676E-5 3.51627E-5 2.19694E-5 2.82159E-5 2.60138E-5 2.44893E-5 2.89013E-5 1.20415E-5 5.20498E-5 5.91473E-5 1.54131E-4 1.08633E-4 1.4443E-4 2.66716E-4 2.88278E-4 3.07101E-4 3.2257E-4 3.34135E-4 3.3808E-4 1.94641E-4 2.01354E-4 2.02258E-4 2.03654E-4 3.0946E-4 3.27529E-4 3.11139E-4 3.04708E-4 2.99801E-4 2.78766E-4 2.55734E-4 2.31263E-4 2.03364E-4 1.72129E-4 1.54151E-4 1.38164E-4 1.2871E-4 1.30277E-4 1.28297E-4 8.68525E-5 1.53533E-4
-9999 -9999 -9999 -9999 -9999 2.80716E-5 2.12233E-5 2.30559E-5 2.53347E-5 2.49442E-5 1.33931E-5 1.25112E-5 1.01841E-5 8.97321E-6 1.49398E-5 4.67209E-6 7.5194E-6 6.28674E-6 6.45289E-6 5.95112E-6 7.54636E-6 1.78943E-5 8.07829E-6 1.02739E-5 7.07433E-6 1.34198E-5 1.5669E-5 1.13209E-5 3.73988E-5 5.02397E-5 4.12293E-5 7.38966E-5 7.56346E-5 5.5243E-5 8.4232E-5 1.5765E-4 1.63449E-4 1.52734E-4 1.67068E-4 3.03465E-4 3.20383E-4 3.33461E-4 3.43406E-4 3.4791E-4 2.06336E-4 1.18848E-4 2.08063E-4 1.19246E-4 3.48591E-4 3.41734E-4 3.32553E-4 3.17324E-4 2.96212E-4 1.56015E-4 1.4034E-4 2.17334E-4 1.75024E-4 7.61531E-5 9.49933E-5 1.11625E-4 1.22244E-4 1.10655E-4 1.10264E-4 1.37952E-4 6.24036E-5
-9999 -9999 -9999 -9999 -9999 -9999 2.09012E-5 -9999 3.63496E-5 6.31673E-6 7.09222E-6 8.07462E-6 1.77615E-5 7.54844E-6 1.43303E-5 7.78339E-6 8.46596E-6 6.6436E-6 8.02661E-6 7.72842E-6 8.24751E-6 1.88226E-5 1.3929E-5 8.84793E-6 9.18157E-6 8.06896E-6 1.49582E-5 3.21781E-5 5.85446E-5 7.50835E-5 5.58482E-5 5.67446E-5 8.14358E-5 8.5237E-5 9.14113E-5 7.09313E-5 1.0525E-4 1.74506E-4 1.74799E-4 1.86391E-4 2.10869E-4 2.036E-4 2.07445E-4 2.08948E-4 2.09932E-4 2.10263E-4 2.09324E-4 2.07078E-4 2.02277E-4 3.24475E-4 1.8262E-4 1.76584E-4 2.92573E-4 1.52281E-4 1.35693E-4 2.06647E-4 1.29167E-4 1.0288E-4 3.83532E-5 1.39481E-4 1.63583E-4 7.32446E-5 6.96381E-5 1.08126E-4 6.20133E-5
-9999 -9999 -9999 -9999 -9999 -9999 2.255E-5 2.21848E-5 3.40776E-5 1.00573E-5 8.05562E-6 1.36712E-5 8.33029E-6 9.46668E-6 1.47821E-5 8.69856E-6 7.43003E-6 5.53465E-6 5.89863E-6 6.12243E-6 9.03646E-6 1.84064E-5 1.64311E-5 6.31906E-6 2.60292E-5 1.39589E-5 1.72073E-5 4.7435E-5 7.31482E-5 8.65388E-5 8.88483E-5 8.96956E-5 9.1282E-5 9.48207E-5 9.98143E-5 1.0565E-4 7.1544E-5 8.39401E-5 1.27263E-4 8.81953E-5 2.17406E-4 2.23471E-4 2.26425E-4 2.10968E-4 1.20393E-4 2.04699E-4 2.08909E-4 2.04242E-4 1.87952E-4 1.62173E-4 1.31434E-4 1.65399E-4 2.73515E-4 2.61658E-4 2.3582E-4 2.03358E-4 1.79059E-4 1.51792E-4 7.73441E-5 1.49804E-4 1.89314E-4 1.08974E-4 1.59589E-4 1.40467E-4 1.18654E-4
-9999 -9999 -9999 -9999 -9999 -9999 -9999 -9999 2.65003E-5 5.61699E-6 5.69945E-6 1.05688E-5 1.02826E-5 3.46979E-5 9.51779E-6 5.68323E-6 7.91229E-6 7.69409E-6 8.33033E-6 1.41661E-5 8.81447E-6 1.75454E-5 2.52948E-5 4.06874E-5 3.32749E-5 2.95718E-5 3.95155E-5 8.69123E-5 9.64616E-5 7.08872E-5 4.99781E-5 6.68788E-5 6.76268E-5 6.88931E-5 7.04661E-5 5.41922E-5 5.39258E-5 8.6544E-5 1.34384E-4 1.39541E-4 1.44288E-4 1.34012E-4 2.2853E-4 2.25857E-4 1.18462E-4 2.03617E-4 1.1568E-4 1.98961E-4 3.19134E-4 1.69209E-4 9.0985E-5 1.51118E-4 2.49487E-4 1.33821E-4 2.26274E-4 2.07871E-4 2.63852E-4 2.31477E-4 4.74962E-5 6.70683E-5 5.31958E-5 8.38319E-5 8.36841E-5 6.09843E-5 1.94393E-4
-9999 -9999 -9999 -9999 -9999 -9999 -9999 2.78398E-5 3.47187E-5 5.64876E-5 1.4426E-5 1.07039E-5 2.86683E-5 1.93556E-5 1.06374E-5 6.80805E-6 7.55749E-6 1.25355E-5 3.87572E-5 3.96705E-5 5.7067E-5 5.69688E-5 5.59713E-5 5.76792E-5 5.7595E-5 5.81196E-5 6.03567E-5 6.40392E-5 5.03287E-5 6.91144E-5 6.97749E-5 7.03754E-5 7.13404E-5 5.42945E-5 5.35257E-5 5.45311E-5 5.55176E-5 5.78096E-5 1.40332E-4 1.43515E-4 8.53625E-5 7.22957E-5 1.18306E-4 2.03884E-4 2.12686E-4 1.93684E-4 1.90881E-4 1.87604E-4 1.80755E-4 1.58058E-4 1.32493E-4 1.36977E-4 2.25476E-4 2.0609E-4 2.97552E-4 1.02703E-4 9.18587E-5 5.48555E-5 5.27392E-5 7.43843E-5 5.00062E-5 4.68026E-5 5.88684E-5 1.69876E-4 5.60151E-5
-9999 -9999 -9999 -9999 -9999 -9999 -9999 -9999 5.75271E-5 5.76926E-5 1.18482E-5 1.70319E-5 3.026E-5 1.55715E-5 7.13989E-6 4.13583E-6 8.26218E-6 2.94565E-5 3.86241E-5 6.34359E-5 6.50265E-5 4.1945E-5 4.04911E-5 5.8217E-5 6.47821E-5 4.91465E-5 6.55744E-5 6.7246E-5 6.98171E-5 7.22854E-5 7.33896E-5 7.42028E-5 7.48718E-5 7.55426E-5 7.63018E-5 7.69703E-5 7.78896E-5 7.66074E-5 8.3746E-5 7.77811E-5 1.05663E-4 8.27284E-5 1.11088E-4 1.11987E-4 2.05278E-4 1.83946E-4 1.02273E-4 9.86677E-5 2.83579E-4 2.64902E-4 2.38767E-4 1.28216E-4 1.17277E-4 1.82024E-4 9.72979E-5 9.27752E-5 8.55129E-5 8.3496E-5 8.43916E-5 5.13658E-5 2.35306E-5 3.61671E-5 4.40126E-5 5.76489E-5 4.95424E-5
-9999 -9999 -9999 -9999 -9999 -9999 -9999 -9999 1.4484E-4 2.69936E-5 4.81195E-5 6.47273E-5 4.18191E-5 9.10051E-5 1.0325E-4 3.96645E-5 4.66737E-5 5.06608E-5 5.41717E-5 7.15116E-5 5.08891E-5 3.84996E-5 4.03325E-5 5.78429E-5 4.93733E-5 4.32926E-5 7.27869E-5 7.84524E-5 1.22037E-4 8.70792E-5 8.91008E-5 1.37786E-4 1.38126E-4 7.7379E-5 5.818E-5 5.67277E-5 5.69556E-5 8.29701E-5 1.0685E-4 8.37587E-5 7.80366E-5 6.53961E-5 9.13881E-5 1.30466E-4 1.78967E-4 1.70628E-4 1.56687E-4 1.13132E-4 1.37476E-4 1.41804E-4 2.29998E-4 2.05896E-4 1.84268E-4 2.54528E-4 8.87045E-5 8.38674E-5 8.23872E-5 7.53596E-5 7.65696E-5 7.73414E-5 7.78164E-5 7.59492E-5 2.90687E-4 8.14282E-5 4.41691E-5
