catData/rasterBestHybridModels/Prubiginosus/RD_RM1.5_LQ/Prubiginosus_max.asc
ncols         409
nrows         350
xllcorner     60.897278365
yllcorner     5.843756025
cellsize      0.0892857
NODATA_value  -9999
[rows 87 to 115 of 350, columns 65 to 129 of 409]
1.63257E-5 3.36618E-5 3.51313E-5 4.55567E-5 4.92457E-5 4.91501E-5 4.18971E-5 3.52898E-5 2.70668E-5 2.50598E-5 2.84101E-5 4.90646E-5 4.72404E-5 4.93571E-5 5.10595E-5 5.44358E-5 6.06223E-5 3.84444E-5 3.66077E-5 3.69967E-5 3.8248E-5 3.96429E-5 4.11613E-5 4.25913E-5 5.92899E-5 5.89382E-5 5.66673E-5 5.60363E-5 5.69678E-5 5.93017E-5 4.57206E-5 5.87474E-5 5.58922E-5 4.22882E-5 3.16116E-5 3.44625E-5 3.57097E-5 4.99332E-5 4.41046E-5 1.36145E-5 5.10855E-6 4.4131E-6 5.32317E-6 1.36973E-6 5.83485E-6 5.8489E-6 7.19632E-6 4.60172E-6 3.82408E-6 8.18759E-6 2.94777E-6 3.69876E-6 2.19546E-6 1.91539E-6 8.79609E-6 8.66988E-6 1.03892E-5 3.19923E-5 1.97299E-5 3.28608E-5 2.33743E-5 2.23825E-5 2.50384E-5 4.08572E-5 2.83657E-5
2.04939E-5 2.42003E-5 1.50693E-5 1.97344E-5 4.13478E-5 4.87639E-5 5.1426E-5 4.63199E-5 5.1739E-5 5.26532E-5 3.33422E-5 5.79075E-5 2.09558E-5 5.88479E-5 6.07736E-5 6.36806E-5 6.63101E-5 6.99624E-5 4.00276E-5 3.74917E-5 4.13899E-5 3.96439E-5 4.32312E-5 6.29683E-5 6.07547E-5 4.1771E-5 4.14945E-5 5.40358E-5 5.36632E-5 4.31358E-5 5.62616E-5 5.6571E-5 4.18405E-5 3.64334E-5 3.10274E-5 3.80848E-5 5.55451E-5 4.85651E-5 2.5729E-5 1.66477E-5 6.46116E-6 4.69833E-6 1.34573E-6 1.81818E-6 1.14592E-5 1.25494E-5 1.32846E-5 6.0434E-6 2.75497E-6 7.95584E-6 7.65314E-6 6.93898E-6 3.28234E-6 7.75691E-6 9.5966E-6 1.49276E-5 1.23007E-5 1.20491E-5 2.5598E-5 3.48487E-5 3.6898E-5 3.70942E-5 3.54919E-5 2.70966E-5 2.64519E-5
1.61684E-5 1.292E-5 2.29487E-5 3.68577E-5 4.43162E-5 5.16425E-5 5.62339E-5 5.5278E-5 3.79069E-5 6.51859E-5 6.82615E-5 6.46203E-5 6.24351E-5 6.77822E-5 6.85679E-5 7.05238E-5 7.20635E-5 7.78173E-5 7.88019E-5 8.0783E-5 8.43548E-5 8.10317E-5 7.93544E-5 7.53377E-5 6.73381E-5 6.33137E-5 5.82381E-5 4.3854E-5 5.45939E-5 5.50011E-5 5.61592E-5 3.94721E-5 3.51259E-5 2.97508E-5 2.97034E-5 3.37106E-5 4.98339E-5 4.41056E-5 3.95602E-5 2.12798E-5 1.25647E-5 4.35946E-6 1.41952E-6 6.41956E-6 8.6926E-6 8.74641E-6 1.08484E-5 5.05371E-6 5.89489E-6 1.97374E-5 1.20035E-5 1.08169E-5 3.9357E-6 7.35494E-6 4.26812E-6 5.01811E-6 8.89645E-6 1.51833E-5 2.69107E-5 2.92354E-5 4.26293E-5 3.08026E-5 2.90961E-5 3.04744E-5 2.22401E-5
8.87098E-6 1.23303E-5 4.05856E-5 5.55759E-5 4.47625E-5 4.38302E-5 4.30414E-5 4.06828E-5 7.76769E-5 7.96555E-5 7.65343E-5 7.64988E-5 7.64828E-5 7.54221E-5 7.47683E-5 7.63196E-5 8.01891E-5 8.60845E-5 8.92565E-5 5.35781E-5 4.94507E-5 4.31306E-5 3.8819E-5 3.8901E-5 3.97815E-5 4.13262E-5 6.49167E-5 6.24637E-5 6.30644E-5 3.96539E-5 3.8588E-5 3.52996E-5 2.87913E-5 2.85337E-5 2.9991E-5 2.99435E-5 4.53929E-5 2.40884E-5 3.66068E-5 3.1506E-5 4.3955E-6 1.13231E-6 2.3985E-6 7.49207E-6 3.79069E-6 7.28628E-6 3.66398E-6 8.66854E-6 6.54731E-6 1.87246E-5 1.8262E-5 6.21945E-6 5.34856E-6 1.8754E-5 1.41883E-5 1.64858E-5 2.6412E-5 4.14484E-5 4.36578E-5 3.34649E-5 4.80572E-5 3.18495E-5 2.37595E-5 2.09777E-5 1.76223E-5
7.63238E-6 2.26E-5 4.30031E-5 5.42749E-5 6.06143E-5 6.33527E-5 6.02533E-5 4.17011E-5 8.21406E-5 8.76349E-5 5.06959E-5 8.48047E-5 4.795E-5 4.82424E-5 8.11855E-5 4.87563E-5 8.79534E-5 5.21711E-5 8.91229E-5 5.07158E-5 3.13633E-5 2.78432E-5 2.99787E-5 3.03127E-5 3.15217E-5 4.1561E-5 6.19375E-5 6.40638E-5 6.57348E-5 4.06402E-5 2.91274E-5 2.60298E-5 2.27713E-5 2.62878E-5 3.21232E-5 4.80949E-5 4.24402E-5 3.80075E-5 3.12961E-5 1.24999E-5 1.91135E-6 3.39932E-6 3.97068E-6 3.59689E-6 2.49919E-6 3.23208E-6 2.55869E-6 5.07032E-6 1.0646E-5 2.9144E-5 2.18231E-5 3.1301E-5 2.26868E-5 2.36216E-5 3.74478E-5 3.98432E-5 4.45623E-5 4.77186E-5 2.40682E-5 2.12222E-5 2.51132E-5 3.36761E-5 3.349E-5 2.57969E-5 2.51351E-5
2.24329E-5 3.26094E-5 3.09123E-5 4.28734E-5 6.3352E-5 6.29704E-5 7.02095E-5 7.88636E-5 8.17134E-5 5.5342E-5 9.46108E-5 9.26732E-5 9.19613E-5 5.29513E-5 8.45166E-5 8.2384E-5 8.21643E-5 8.25691E-5 8.35815E-5 4.82923E-5 3.43183E-5 2.58599E-5 2.10933E-5 2.76388E-5 3.56795E-5 4.47217E-5 7.25657E-5 4.35624E-5 6.74605E-5 4.04097E-5 2.70247E-5 1.89021E-5 2.19123E-5 2.69464E-5 2.74519E-5 2.46017E-5 2.31823E-5 2.11442E-5 1.16225E-5 4.1839E-6 5.47831E-6 3.15796E-6 3.0739E-6 1.88816E-6 2.5682E-6 8.84872E-6 6.76921E-6 1.2512E-5 8.53008E-6 3.10823E-5 3.43655E-5 3.59067E-5 3.85411E-5 4.15053E-5 4.38513E-5 3.36195E-5 2.28502E-5 2.39266E-5 2.18625E-5 1.77001E-5 2.26071E-5 2.68251E-5 3.51974E-5 3.54741E-5 3.47732E-5
3.43167E-5 2.90568E-5 2.99559E-5 4.21093E-5 4.6835E-5 4.88947E-5 4.51985E-5 9.28034E-5 9.20694E-5 9.85325E-5 9.9014E-5 9.695E-5 9.24285E-5 8.6727E-5 8.00302E-5 7.66068E-5 7.46108E-5 4.37519E-5 7.52167E-5 7.47754E-5 4.26327E-5 2.83681E-5 2.57085E-5 3.3881E-5 4.16312E-5 7.30305E-5 7.16789E-5 4.05299E-5 6.404E-5 3.77496E-5 2.86362E-5 1.96271E-5 2.03532E-5 2.88197E-5 4.51346E-5 4.14866E-5 1.44212E-5 7.49224E-6 6.79443E-6 3.15917E-6 2.89457E-6 3.65905E-6 3.23669E-6 1.73999E-6 1.88054E-6 6.53763E-6 5.97454E-6 1.00296E-5 1.47012E-5 2.15903E-5 2.58292E-5 4.01855E-5 4.45792E-5 3.41891E-5 2.32025E-5 2.14367E-5 1.76858E-5 1.82205E-5 1.76892E-5 1.53408E-5 1.90469E-5 2.41725E-5 2.66852E-5 2.71137E-5 3.43008E-5
4.80071E-5 3.0798E-5 4.10653E-5 5.68329E-5 6.15905E-5 6.38985E-5 8.16865E-5 9.23835E-5 1.02242E-4 1.00791E-4 9.79806E-5 5.53743E-5 5.13014E-5 8.15394E-5 7.50592E-5 6.96427E-5 6.4054E-5 3.5533E-5 5.7291E-5 2.63156E-5 3.21763E-5 2.65029E-5 2.61196E-5 3.74157E-5 6.68111E-5 6.68439E-5 3.93437E-5 3.70533E-5 5.72442E-5 5.52641E-5 3.1368E-5 2.33381E-5 1.60926E-5 1.99312E-5 2.4871E-5 2.53502E-5 4.99387E-6 5.81157E-6 3.31022E-6 2.66956E-6 4.9399E-6 6.15808E-6 2.74703E-6 1.97605E-6 6.39941E-6 1.13161E-5 1.71336E-5 1.51916E-5 1.47223E-5 1.8805E-5 2.85057E-5 4.32838E-5 4.70242E-5 3.23908E-5 3.32891E-5 2.58501E-5 2.28049E-5 1.86402E-5 1.49415E-5 1.30672E-5 1.59532E-5 1.85027E-5 1.97493E-5 2.35511E-5 2.34767E-5
4.81938E-5 5.15076E-5 5.40624E-5 5.86656E-5 4.97756E-5 6.44437E-5 8.62239E-5 9.1855E-5 9.33797E-5 5.51122E-5 9.51936E-5 9.18398E-5 4.8373E-5 3.74906E-5 6.4964E-5 5.95682E-5 2.6157E-5 5.70211E-6 4.39443E-6 3.62879E-6 8.88025E-6 1.89422E-5 3.04318E-5 3.3207E-5 5.85186E-5 3.47025E-5 2.9128E-5 2.75339E-5 3.12276E-5 5.13588E-5 4.88959E-5 2.60645E-5 2.2885E-5 2.18281E-5 1.86212E-5 6.9657E-6 3.68207E-6 1.71776E-6 2.1045E-6 3.80116E-6 5.34292E-6 2.19634E-6 6.35112E-6 3.57859E-6 2.39384E-6 2.35219E-5 2.06298E-5 2.16709E-5 2.21912E-5 2.12778E-5 3.22501E-5 4.69759E-5 2.43542E-5 2.55006E-5 3.48605E-5 3.53484E-5 2.71746E-5 2.09466E-5 1.62869E-5 1.63914E-5 1.88799E-5 1.98208E-5 1.93544E-5 2.3793E-5 2.60771E-5
5.63267E-5 5.87931E-5 4.47402E-5 5.751E-5 6.06011E-5 4.89331E-5 8.72902E-5 9.84089E-5 1.01246E-4 4.97593E-5 9.38102E-5 8.18204E-5 1.42711E-5 5.49498E-6 5.34522E-6 8.08217E-6 3.67015E-6 3.29973E-6 2.21765E-6 4.2415E-6 5.44946E-6 8.81949E-6 3.12325E-5 2.65756E-5 2.05635E-5 1.5811E-5 1.49732E-5 1.16743E-5 3.03965E-5 3.74079E-5 1.37174E-5 5.56976E-6 1.01572E-5 1.25549E-5 6.73863E-6 2.01159E-6 2.44819E-6 5.9354E-6 4.18075E-6 6.95793E-6 5.80871E-6 1.83883E-6 3.51285E-6 7.21167E-6 8.48034E-6 4.20517E-5 3.63781E-5 3.79931E-5 2.95362E-5 3.13116E-5 3.55553E-5 3.31855E-5 3.35844E-5 2.66031E-5 2.76454E-5 3.7293E-5 2.84764E-5 2.49885E-5 2.05585E-5 2.05006E-5 2.48698E-5 2.75589E-5 2.73324E-5 2.84579E-5 3.71731E-5
4.59992E-5 5.81067E-5 5.55638E-5 5.90215E-5 6.39722E-5 4.4744E-5 8.50909E-5 5.69398E-5 1.04081E-4 5.95813E-5 9.44813E-5 3.58835E-5 3.55824E-6 2.21946E-6 2.51624E-6 3.77959E-6 3.31135E-6 3.34598E-6 7.50917E-6 6.6749E-6 6.75825E-6 2.84447E-6 4.823E-6 4.81307E-6 2.26942E-6 2.47796E-6 2.66979E-6 1.90672E-6 2.38224E-6 1.33956E-6 1.88606E-6 2.02038E-6 1.8499E-6 7.7017E-6 2.49585E-6 2.72461E-6 3.55038E-6 7.35225E-6 8.07528E-6 3.40221E-6 5.84707E-6 2.66456E-6 1.69256E-5 1.55957E-5 2.51792E-5 4.88513E-5 4.12051E-5 4.30499E-5 4.565E-5 4.91365E-5 3.38821E-5 3.55826E-5 3.60421E-5 3.67323E-5 2.88548E-5 3.8215E-5 3.88454E-5 2.97139E-5 2.23374E-5 2.20403E-5 2.87844E-5 3.78566E-5 3.86812E-5 6.48713E-5 5.93032E-5
4.37256E-5 4.26246E-5 5.55443E-5 6.20673E-5 5.24515E-5 6.94621E-5 7.4763E-5 1.00892E-4 1.07075E-4 6.06074E-5 9.50271E-5 4.07567E-5 2.92811E-6 2.15303E-6 2.48643E-6 3.73535E-6 1.96002E-6 4.58078E-6 1.31896E-5 7.61657E-6 4.43243E-6 6.66289E-6 2.35046E-6 1.7245E-6 1.35123E-6 2.5496E-6 2.73612E-6 4.07699E-6 1.97491E-6 2.54129E-6 2.97183E-6 2.68735E-6 4.73007E-6 4.60222E-6 2.39029E-6 3.41013E-6 2.94737E-6 8.08748E-6 8.11165E-6 2.12726E-6 3.21949E-6 1.04443E-5 4.17864E-5 2.7093E-5 2.41465E-5 3.17297E-5 4.59431E-5 3.50162E-5 3.49873E-5 3.65772E-5 2.60112E-5 2.85956E-5 3.82307E-5 3.76673E-5 3.79178E-5 2.91873E-5 3.95661E-5 3.0243E-5 2.88761E-5 2.88059E-5 2.84788E-5 4.36525E-5 4.39891E-5 4.27847E-5 4.11257E-5
5.83309E-5 4.45166E-5 6.01023E-5 6.38415E-5 5.30286E-5 7.01963E-5 6.95904E-5 9.66423E-5 6.38569E-5 5.83749E-5 7.04702E-5 4.07209E-5 7.74669E-6 2.97674E-6 4.54E-6 4.68475E-6 3.99382E-6 4.32078E-6 3.27955E-6 2.58466E-6 2.69415E-6 2.68771E-6 2.60413E-6 2.52428E-6 3.84976E-6 4.36207E-6 1.85738E-6 2.21966E-6 3.40775E-6 3.59489E-6 6.48696E-6 3.53036E-6 1.57919E-6 1.79434E-6 7.76455E-6 1.41138E-5 5.43672E-6 4.54453E-6 4.17477E-6 3.11678E-6 8.66861E-6 2.26798E-5 4.926E-5 5.34375E-5 3.2794E-5 3.58258E-5 5.0469E-5 5.3222E-5 5.42188E-5 2.74973E-5 2.22409E-5 2.99915E-5 3.96845E-5 2.95172E-5 3.90387E-5 3.95916E-5 4.02245E-5 3.99836E-5 3.95699E-5 7.32528E-5 7.1078E-5 5.42777E-5 6.2361E-5 5.84822E-5 5.46386E-5
6.01918E-5 5.75678E-5 6.12725E-5 5.19228E-5 6.37396E-5 6.63474E-5 7.52423E-5 9.1588E-5 5.94749E-5 5.80127E-5 2.17897E-5 1.20142E-5 4.64321E-6 5.3223E-6 4.76245E-6 4.24466E-6 2.15654E-6 2.1805E-6 2.95753E-6 3.46246E-6 2.50474E-6 2.04755E-6 2.43799E-6 1.82923E-6 2.57478E-6 1.77376E-6 3.35845E-6 9.31959E-6 7.2354E-6 6.02017E-6 1.71633E-6 3.32748E-6 2.37502E-6 2.96093E-6 5.40253E-6 4.84036E-6 6.30175E-6 4.70069E-6 1.02296E-5 1.34038E-5 1.61731E-5 2.41317E-5 3.32641E-5 6.22573E-5 6.61784E-5 3.84664E-5 5.51341E-5 4.16618E-5 3.72437E-5 2.92034E-5 2.92316E-5 3.11255E-5 4.15875E-5 4.02007E-5 3.03929E-5 4.03746E-5 3.06518E-5 4.32344E-5 4.42415E-5 4.49519E-5 4.47459E-5 2.99571E-5 4.2255E-5 2.91337E-5 2.75961E-5
5.49497E-5 5.7742E-5 6.23137E-5 6.4941E-5 6.57053E-5 6.71047E-5 7.33463E-5 7.84915E-5 5.51954E-5 3.02521E-5 8.20932E-6 6.96758E-6 6.51474E-6 5.71083E-6 7.64352E-6 5.30606E-6 2.26614E-6 3.26344E-6 7.50554E-6 1.01188E-5 5.62103E-6 2.55972E-6 1.62796E-6 2.16712E-6 1.51897E-6 3.4103E-6 5.89232E-6 2.26631E-6 1.7359E-6 2.96789E-6 2.30992E-6 1.99191E-6 2.85728E-6 3.58037E-6 1.86315E-6 5.19068E-6 2.66872E-5 2.26209E-5 2.15248E-5 1.90778E-5 2.29361E-5 3.50378E-5 6.60218E-5 4.16318E-5 7.75181E-5 4.25767E-5 6.15955E-5 3.01629E-5 4.02074E-5 4.10428E-5 4.15298E-5 3.11222E-5 4.11522E-5 4.06465E-5 3.05695E-5 7.71314E-5 4.64581E-5 3.39965E-5 3.14778E-5 3.19712E-5 3.95898E-5 3.2371E-5 2.92863E-5 2.62279E-5 4.67285E-5
3.80702E-5 4.50519E-5 6.06889E-5 6.46716E-5 5.27639E-5 5.09928E-5 4.97918E-5 7.32807E-5 4.88042E-5 1.37528E-5 3.0864E-6 3.59545E-6 5.1432E-6 9.94346E-6 9.15508E-6 8.44659E-6 3.17525E-6 2.82023E-6 5.80223E-6 6.49615E-6 2.80337E-6 3.18226E-6 1.55666E-6 1.21014E-6 1.30429E-6 3.91502E-6 2.58048E-6 1.92677E-6 3.16308E-6 3.35936E-6 3.86086E-6 4.17497E-6 1.89101E-6 2.44798E-6 6.91512E-6 1.40811E-5 4.41953E-5 4.88121E-5 3.1532E-5 3.21227E-5 3.58732E-5 4.15507E-5 7.55472E-5 8.03221E-5 8.53798E-5 6.3799E-5 4.13859E-5 3.13928E-5 3.03039E-5 3.1792E-5 4.19431E-5 3.17102E-5 4.14867E-5 4.74958E-5 4.74963E-5 7.66192E-5 4.93541E-5 3.60053E-5 3.03812E-5 3.59812E-5 4.79911E-5 4.76185E-5 5.50341E-5 6.13228E-5 5.01341E-5
4.45461E-5 6.19804E-5 6.50368E-5 5.36242E-5 4.44941E-5 6.81872E-5 6.91098E-5 7.19603E-5 5.06992E-5 1.86689E-5 4.72997E-6 1.52335E-5 2.69896E-5 1.28361E-5 5.76624E-6 5.33089E-6 4.83808E-6 4.0071E-6 3.43422E-6 1.75085E-6 2.45778E-6 2.22446E-6 1.34006E-6 1.05614E-6 3.18972E-6 2.83977E-6 2.16279E-6 3.25438E-6 1.58273E-6 3.16963E-6 3.03617E-6 4.55637E-6 4.46596E-6 1.91732E-5 2.17525E-5 2.70202E-5 3.05623E-5 5.58499E-5 6.21086E-5 6.90854E-5 7.68319E-5 8.45791E-5 8.64575E-5 6.42764E-5 4.12344E-5 1.07196E-4 1.1205E-4 7.77655E-5 6.59914E-5 7.72057E-5 1.18667E-4 1.16489E-4 1.18149E-4 7.81727E-5 7.74447E-5 1.16443E-4 7.6584E-5 6.38845E-5 6.33771E-5 7.19791E-5 7.2957E-5 4.10105E-5 3.32069E-5 6.40107E-5 9.54829E-5
5.97164E-5 6.46291E-5 6.77702E-5 6.98297E-5 7.13515E-5 6.50616E-5 5.45286E-5 5.16717E-5 5.31252E-5 4.5815E-5 7.23452E-6 2.42974E-5 7.62557E-6 7.11239E-6 5.7521E-6 3.50389E-6 5.21475E-6 4.13552E-6 3.59569E-6 3.13232E-6 2.90962E-6 5.84114E-6 2.39373E-6 1.36368E-6 2.99553E-6 6.8722E-6 2.43454E-6 5.52875E-6 5.03502E-6 4.15088E-6 4.07977E-6 6.49708E-6 1.62056E-5 3.76225E-5 5.76092E-5 5.86147E-5 3.5632E-5 3.91739E-5 7.06877E-5 4.47499E-5 8.56868E-5 9.33766E-5 5.64045E-5 4.28539E-5 3.32702E-5 1.15894E-4 1.1663E-4 1.14331E-4 7.78451E-5 7.29586E-5 7.38165E-5 7.67044E-5 1.16497E-4 1.17474E-4 7.97433E-5 1.1276E-4 1.11744E-4 6.79143E-5 6.69407E-5 9.58525E-5 1.03881E-4 1.04236E-4 1.051E-4 1.03114E-4 1.00406E-4
5.95859E-5 4.63501E-5 6.9996E-5 5.71454E-5 7.24163E-5 7.23493E-5 5.7044E-5 9.63835E-5 1.1823E-4 1.17757E-4 1.97363E-5 2.09469E-5 4.02301E-6 3.5382E-6 5.5965E-6 5.14031E-6 4.71098E-6 4.35551E-6 2.28266E-6 6.52834E-6 5.76868E-6 2.1534E-6 1.71224E-6 3.72415E-6 1.3652E-5 9.6708E-6 6.97777E-6 1.05179E-5 6.66686E-6 1.73646E-5 2.74713E-5 3.13055E-5 3.88474E-5 3.71234E-5 4.03838E-5 6.94927E-5 7.24103E-5 4.60464E-5 8.06571E-5 8.66713E-5 5.53204E-5 1.02801E-4 7.31542E-5 7.49257E-5 3.46262E-5 1.14922E-4 1.12474E-4 1.1161E-4 1.08446E-4 1.04574E-4 7.53542E-5 7.59078E-5 1.10174E-4 1.12744E-4 1.11868E-4 8.01219E-5 1.11049E-4 7.63204E-5 1.04899E-4 9.09439E-5 7.22027E-5 1.02529E-4 7.3238E-5 1.06625E-4 1.06724E-4
5.29601E-5 7.00644E-5 5.73586E-5 5.24079E-5 5.78715E-5 5.91291E-5 7.69015E-5 1.10977E-4 6.54147E-5 1.16719E-4 3.09653E-5 1.95593E-5 6.23589E-6 5.73752E-6 5.3673E-6 4.89075E-6 6.87149E-6 1.2206E-5 8.87756E-6 3.14708E-6 1.2013E-6 1.3191E-6 1.74331E-6 2.77902E-6 6.6535E-6 2.06079E-5 1.3017E-5 3.34632E-5 4.10186E-5 3.59516E-5 3.97778E-5 7.41575E-5 7.98055E-5 4.8352E-5 3.74314E-5 4.88862E-5 8.71406E-5 9.17763E-5 5.43434E-5 9.9503E-5 1.05876E-4 7.60236E-5 7.69847E-5 7.56531E-5 1.15285E-4 1.12841E-4 1.11555E-4 1.09397E-4 7.46197E-5 1.04394E-4 1.05652E-4 1.08963E-4 1.10071E-4 7.75379E-5 6.90779E-5 1.11986E-4 1.09281E-4 1.0596E-4 1.05697E-4 1.05048E-4 7.07063E-5 1.00338E-4 1.03057E-4 1.06319E-4 7.50051E-5
5.57624E-5 7.27782E-5 5.8677E-5 5.2701E-5 5.98632E-5 7.66466E-5 8.56857E-5 1.12966E-4 1.07908E-4 9.91322E-5 3.08344E-5 7.41579E-6 5.56186E-6 5.15672E-6 5.01016E-6 4.70269E-6 4.19794E-6 4.55914E-6 7.90875E-6 1.87777E-6 1.3297E-6 2.2372E-6 9.54822E-6 8.87779E-6 2.11026E-5 1.69844E-5 8.99676E-6 5.32531E-5 6.52097E-5 7.17143E-5 7.91466E-5 8.78214E-5 9.29919E-5 9.73505E-5 5.6706E-5 4.39741E-5 5.96421E-5 1.04056E-4 1.05915E-4 6.40974E-5 7.75692E-5 7.8434E-5 7.35345E-5 5.13816E-5 1.08744E-4 7.45431E-5 1.06335E-4 1.04668E-4 7.10405E-5 6.47718E-5 7.48167E-5 6.64958E-5 6.47599E-5 1.08476E-4 7.50416E-5 1.0051E-4 1.05095E-4 9.98652E-5 7.08417E-5 1.04855E-4 1.05254E-4 9.95604E-5 1.04375E-4 1.06715E-4 1.04461E-4
7.40782E-5 7.62338E-5 7.77727E-5 6.04843E-5 5.72915E-5 6.02735E-5 5.78249E-5 6.82476E-5 1.10828E-4 9.3212E-5 7.63847E-5 8.15235E-6 5.29185E-6 4.58803E-6 2.56882E-6 4.36955E-6 4.22038E-6 7.41899E-6 4.24844E-6 2.60877E-6 2.6926E-6 3.45148E-6 7.08013E-6 9.35814E-6 2.5554E-5 1.26188E-5 2.47267E-5 6.37221E-5 7.3769E-5 8.24015E-5 5.23052E-5 5.34625E-5 5.66449E-5 5.81149E-5 4.77704E-5 3.57142E-5 4.98317E-5 6.55734E-5 1.14129E-4 1.17481E-4 5.65967E-5 7.74617E-5 7.19552E-5 5.19496E-5 1.03853E-4 1.10194E-4 9.69529E-5 1.02111E-4 5.35442E-5 3.97343E-5 4.57332E-5 1.11174E-4 7.07526E-5 1.03989E-4 1.03644E-4 1.03868E-4 6.99007E-5 1.00651E-4 1.00537E-4 1.03182E-4 1.05722E-4 1.05719E-4 1.05721E-4 1.04381E-4 6.78813E-5
5.9276E-5 7.73097E-5 8.18828E-5 8.48126E-5 7.59302E-5 7.72651E-5 1.07027E-4 1.16669E-4 1.12486E-4 7.90155E-5 1.54883E-5 7.32805E-6 4.86975E-6 4.23545E-6 4.80931E-6 4.58059E-6 7.85323E-6 9.23731E-6 3.78475E-6 4.22336E-6 8.79519E-6 6.40057E-6 2.12842E-5 2.83347E-5 2.08173E-5 1.57309E-5 1.78058E-5 3.9199E-5 4.74926E-5 9.08161E-5 1.01173E-4 6.30272E-5 5.07418E-5 3.7195E-5 3.50628E-5 3.00085E-5 4.16525E-5 7.26419E-5 1.24604E-4 7.88993E-5 5.71117E-5 5.82069E-5 7.86983E-5 7.37387E-5 1.16992E-4 1.15251E-4 1.13498E-4 5.73349E-5 4.80264E-5 1.01083E-4 1.03281E-4 9.71605E-5 7.17159E-5 1.04654E-4 1.02273E-4 6.91085E-5 6.9305E-5 9.86244E-5 1.00675E-4 1.02776E-4 7.07106E-5 1.02788E-4 9.8418E-5 9.38801E-5 9.06955E-5
6.05397E-5 6.2556E-5 7.96706E-5 6.08279E-5 6.04213E-5 5.85338E-5 1.11856E-4 1.10604E-4 1.09809E-4 8.15366E-5 1.01717E-5 4.70331E-6 4.08888E-6 3.61109E-6 2.18814E-6 4.52E-6 7.44408E-6 1.34659E-6 1.92499E-6 4.44443E-6 4.75881E-6 6.27788E-6 3.24844E-5 3.2507E-5 3.18956E-5 3.19082E-5 2.29995E-5 4.28952E-5 4.04291E-5 5.77461E-5 1.0898E-4 1.1825E-4 7.23871E-5 5.6599E-5 3.77184E-5 3.03597E-5 4.47379E-5 7.88887E-5 8.44881E-5 8.37862E-5 8.23042E-5 8.23639E-5 5.68608E-5 7.34057E-5 1.22056E-4 1.16478E-4 5.82092E-5 1.09277E-4 7.00856E-5 9.84304E-5 8.993E-5 6.97371E-5 5.72687E-5 6.90553E-5 1.01801E-4 7.09744E-5 1.0363E-4 1.00458E-4 7.01356E-5 1.04186E-4 1.04549E-4 1.00832E-4 6.14388E-5 8.48648E-5 7.57843E-5
6.49874E-5 5.82465E-5 6.36252E-5 8.47752E-5 7.64384E-5 5.78261E-5 6.35124E-5 1.09865E-4 5.3247E-5 4.58898E-5 1.56324E-5 4.44894E-6 3.76586E-6 1.86616E-6 1.37652E-6 5.37481E-6 2.04583E-6 9.5687E-7 1.26502E-6 4.5638E-6 4.28758E-6 5.71763E-6 4.56166E-5 6.44468E-5 6.92035E-5 5.2835E-5 6.25896E-5 9.05654E-5 5.87807E-5 4.86195E-5 6.87205E-5 1.24524E-4 1.29187E-4 7.77283E-5 4.57856E-5 3.0087E-5 4.63367E-5 6.08445E-5 8.66772E-5 6.33911E-5 6.22082E-5 8.34532E-5 5.67559E-5 5.17777E-5 1.2208E-4 1.19631E-4 7.93832E-5 1.08178E-4 1.04245E-4 1.05297E-4 6.92395E-5 6.35293E-5 6.52484E-5 6.95978E-5 1.01464E-4 7.20439E-5 1.08377E-4 7.09679E-5 7.01436E-5 1.02657E-4 7.97508E-5 6.37462E-5 8.17214E-5 8.04791E-5 8.17477E-5
6.5865E-5 5.40408E-5 5.87026E-5 6.3459E-5 7.7523E-5 6.0845E-5 6.26151E-5 1.07406E-4 1.01952E-4 6.09456E-5 6.00092E-6 4.22344E-6 2.16672E-6 1.52319E-6 2.55522E-6 3.31965E-6 8.01096E-7 8.67575E-7 1.32325E-6 6.92575E-6 5.19326E-6 2.22184E-5 3.53421E-5 4.0377E-5 3.91854E-5 2.90275E-5 8.79941E-5 9.88106E-5 1.10507E-4 6.9029E-5 6.79657E-5 7.50093E-5 1.34041E-4 7.97428E-5 4.65337E-5 2.94696E-5 4.66738E-5 6.26914E-5 8.76327E-5 6.36378E-5 6.21842E-5 8.28435E-5 7.78782E-5 5.12552E-5 8.38392E-5 1.14304E-4 1.09836E-4 1.08397E-4 1.01192E-4 6.82266E-5 6.54035E-5 9.13048E-5 7.59645E-5 8.48514E-5 9.29881E-5 1.03057E-4 1.02565E-4 6.82111E-5 9.54647E-5 9.23748E-5 8.26496E-5 9.06467E-5 8.52908E-5 4.57322E-5 8.33968E-5
6.64505E-5 6.16967E-5 5.41235E-5 6.52588E-5 8.49016E-5 5.89256E-5 5.2536E-5 4.27932E-5 7.53447E-5 7.86386E-5 1.89153E-5 5.44211E-6 2.60604E-6 4.10777E-6 5.37925E-6 1.26426E-6 1.30044E-6 9.15626E-7 1.57485E-6 4.41741E-6 2.13828E-5 4.77084E-5 6.63913E-5 7.85898E-5 3.78576E-5 3.26763E-5 5.44289E-5 6.40494E-5 1.19747E-4 1.25381E-4 1.31123E-4 7.76481E-5 1.38172E-4 8.11499E-5 4.68857E-5 3.78069E-5 5.17403E-5 6.42864E-5 8.92147E-5 6.40391E-5 5.99186E-5 5.93571E-5 7.74223E-5 5.10045E-5 4.35829E-5 7.89693E-5 1.11373E-4 1.02223E-4 1.02714E-4 1.05994E-4 1.00067E-4 9.26694E-5 7.67823E-5 5.22558E-5 5.81393E-5 6.68928E-5 9.72476E-5 9.63878E-5 9.69361E-5 6.5383E-5 5.88922E-5 9.34273E-5 9.82152E-5 6.80512E-5 6.51568E-5
8.66068E-5 7.07263E-5 5.60746E-5 6.66554E-5 7.5232E-5 5.62103E-5 4.3528E-5 5.43051E-5 6.12309E-5 7.96878E-5 2.79669E-5 2.95336E-6 2.13526E-6 7.76778E-6 2.21118E-6 2.0663E-6 1.43345E-6 9.44325E-7 1.94342E-6 1.2448E-5 2.18906E-5 3.39734E-5 4.41651E-5 8.43218E-5 7.88841E-5 6.72273E-5 1.09046E-4 7.05754E-5 1.27783E-4 7.69352E-5 1.37328E-4 1.37604E-4 1.39656E-4 8.12749E-5 3.94603E-5 4.19899E-5 6.15439E-5 8.99583E-5 8.98319E-5 8.89479E-5 8.6255E-5 5.99162E-5 7.79205E-5 5.10283E-5 1.23779E-4 1.1897E-4 1.14152E-4 1.06952E-4 1.10786E-4 7.19256E-5 7.13687E-5 7.00812E-5 7.96714E-5 1.05347E-4 7.31113E-5 1.09085E-4 1.09343E-4 1.0999E-4 1.09048E-4 1.11424E-4 1.09227E-4 1.00112E-4 9.53527E-5 6.64334E-5 6.46643E-5
8.76519E-5 7.30606E-5 6.41492E-5 6.73326E-5 7.34377E-5 5.4004E-5 6.10573E-5 4.75938E-5 6.481E-5 7.15739E-5 1.76722E-5 5.73898E-6 5.9124E-6 9.27155E-6 2.10408E-6 2.79842E-6 2.04035E-6 9.78541E-7 3.36359E-6 1.65416E-5 2.26145E-5 2.75733E-5 4.00335E-5 5.07756E-5 5.01931E-5 8.72929E-5 1.12283E-4 1.23226E-4 1.3046E-4 1.3815E-4 1.41916E-4 1.41241E-4 7.62765E-5 5.30579E-5 4.65035E-5 4.22624E-5 6.25702E-5 9.14585E-5 6.58773E-5 8.98319E-5 8.82666E-5 8.48071E-5 9.9904E-5 5.15724E-5 8.59938E-5 8.39448E-5 1.19424E-4 1.16635E-4 1.15621E-4 1.18835E-4 1.21216E-4 8.02547E-5 8.00785E-5 1.17169E-4 1.17724E-4 1.17609E-4 7.97338E-5 8.02642E-5 1.17937E-4 7.89043E-5 6.57693E-5 7.48827E-5 1.09101E-4 1.09154E-4 1.02863E-4
