catData/rasterBestHybridModels/Prubiginosus/RD_RM1.5_LQ/Prubiginosus_min.asc
ncols         409
nrows         350
xllcorner     60.897278365
yllcorner     5.843756025
cellsize      0.0892857
NODATA_value  -9999
[rows 145 to 173 of 350, columns 65 to 129 of 409]
-9999 -9999 -9999 -9999 -9999 -9999 -9999 4.09326E-5 5.31615E-5 1.35775E-5 2.7015E-5 5.49704E-5 3.73123E-5 3.53729E-5 2.21621E-5 2.2122E-5 1.78249E-5 1.39525E-5 2.27566E-5 2.83059E-5 2.64845E-5 1.89132E-5 2.2913E-5 2.35218E-5 1.94846E-5 1.63583E-5 1.77832E-5 2.83089E-5 3.93791E-5 4.12833E-5 3.3148E-5 3.31779E-5 4.25058E-5 4.26121E-5 3.31334E-5 2.87308E-5 2.13356E-5 2.04408E-5 4.26241E-5 3.14813E-5 4.24807E-5 4.73734E-5 5.12227E-5 6.71931E-5 5.8913E-5 5.70417E-5 6.57726E-5 5.53135E-5 4.57775E-5 5.55053E-5 6.11839E-5 7.4966E-5 1.46232E-4 1.35577E-4 4.32644E-5 3.88174E-5 3.87796E-5 3.93773E-5 4.46296E-5 4.59039E-5 4.62447E-5 2.95744E-5 4.3337E-5 3.3351E-5 5.22995E-6
-9999 -9999 -9999 -9999 -9999 -9999 -9999 -9999 4.00214E-5 3.25087E-5 3.52239E-5 3.56758E-5 2.88457E-5 1.21656E-5 1.20184E-5 1.17173E-5 1.03733E-5 1.15805E-5 1.81382E-5 2.22506E-5 2.77553E-5 2.76412E-5 2.79519E-5 2.13992E-5 2.21514E-5 1.5374E-5 1.55475E-5 2.3692E-5 3.0839E-5 4.03865E-5 3.16207E-5 2.76178E-5 3.18691E-5 4.13488E-5 4.22498E-5 3.14931E-5 2.16799E-5 1.98289E-5 1.8437E-5 4.70408E-5 5.73871E-5 6.22992E-5 6.18676E-5 6.36504E-5 5.57983E-5 5.41952E-5 5.1838E-5 5.77571E-5 4.35699E-5 4.45159E-5 5.65774E-5 6.95289E-5 1.4411E-4 1.31895E-4 2.94064E-5 4.09573E-5 4.51748E-5 4.51006E-5 4.74571E-5 3.61569E-5 4.14798E-5 3.7099E-5 3.34013E-5 4.41123E-5 4.31198E-5
-9999 -9999 -9999 -9999 -9999 -9999 -9999 -9999 -9999 1.85745E-5 1.82416E-5 1.9205E-5 1.70774E-5 7.86414E-6 6.61023E-6 6.52706E-6 6.04414E-6 -9999 1.16943E-5 1.78455E-5 2.22279E-5 2.92424E-5 3.06063E-5 4.08327E-5 3.16896E-5 1.99426E-5 1.7819E-5 2.59734E-5 3.09973E-5 3.79162E-5 2.76475E-5 1.97219E-5 2.7771E-5 3.89379E-5 4.34833E-5 3.23959E-5 2.90359E-5 2.76408E-5 2.76302E-5 2.72556E-5 6.7489E-5 8.30873E-5 7.97779E-5 7.84755E-5 7.86168E-5 4.1365E-5 3.81141E-5 5.3268E-5 5.08034E-5 5.11917E-5 5.34977E-5 1.37432E-4 1.33628E-4 1.32904E-4 4.14348E-5 4.59769E-5 4.77837E-5 5.09272E-5 3.83213E-5 3.52096E-5 4.26457E-5 3.9875E-5 3.88081E-5 4.42841E-5 2.55639E-5
-9999 -9999 -9999 -9999 -9999 -9999 -9999 -9999 -9999 -9999 9.68787E-6 -9999 5.86808E-6 -9999 3.63781E-6 3.59469E-6 9.99455E-6 5.28177E-6 7.99976E-6 1.15828E-5 1.78948E-5 2.32767E-5 -9999 4.31655E-5 3.44385E-5 2.81674E-5 2.28215E-5 3.18646E-5 4.016E-5 3.81792E-5 2.77038E-5 2.62855E-5 2.68336E-5 3.75318E-5 4.1275E-5 4.31611E-5 3.92377E-5 3.5212E-5 3.64275E-5 3.72003E-5 3.70829E-5 8.00384E-5 5.79971E-5 5.83276E-5 7.41134E-5 4.93649E-5 4.74696E-5 6.67031E-5 6.15235E-5 6.06978E-5 6.20934E-5 1.32528E-4 1.19829E-4 1.19976E-4 1.21807E-4 4.67621E-5 5.1521E-5 4.09391E-5 2.84276E-5 3.35159E-5 4.0285E-5 3.46203E-5 4.34118E-5 5.5078E-5 3.51911E-5
-9999 -9999 -9999 -9999 -9999 -9999 -9999 -9999 -9999 -9999 -9999 -9999 -9999 -9999 -9999 -9999 -9999 6.81995E-6 1.14474E-5 1.76049E-5 -9999 4.33996E-5 4.42516E-5 4.54109E-5 4.57711E-5 3.46206E-5 3.28291E-5 3.21375E-5 3.95885E-5 3.81167E-5 3.67994E-5 3.61787E-5 3.59435E-5 3.59016E-5 2.80753E-5 3.72335E-5 2.77624E-5 2.33621E-5 2.36368E-5 2.50173E-5 3.31621E-5 3.1145E-5 6.93242E-5 6.87825E-5 6.6966E-5 3.41913E-5 4.32235E-5 4.78382E-5 5.84848E-5 5.2432E-5 5.30597E-5 1.19112E-4 1.1978E-4 1.33675E-4 1.06024E-4 4.95856E-5 5.39588E-5 4.55188E-5 3.07932E-5 3.30545E-5 4.2692E-5 2.83506E-5 3.17771E-5 4.80447E-5 3.77441E-5
-9999 -9999 -9999 -9999 -9999 -9999 -9999 -9999 -9999 -9999 -9999 -9999 -9999 -9999 -9999 -9999 -9999 7.30082E-6 1.29487E-5 -9999 4.30282E-5 4.46145E-5 4.62763E-5 3.70055E-5 4.77853E-5 3.65782E-5 4.39187E-5 4.04347E-5 3.80946E-5 3.65541E-5 2.69454E-5 3.41484E-5 3.34515E-5 3.30467E-5 2.51935E-5 3.37387E-5 2.60529E-5 2.03075E-5 1.62414E-5 2.3288E-5 3.13267E-5 2.22078E-5 2.83462E-5 2.72389E-5 2.70098E-5 4.59256E-5 5.68379E-5 5.87809E-5 5.16971E-5 5.21704E-5 1.30877E-4 1.3492E-4 1.36357E-4 1.425E-4 1.54344E-4 5.4651E-5 4.87458E-5 4.36924E-5 3.83203E-5 3.7841E-5 3.76523E-5 4.80187E-5 4.40499E-5 4.45796E-5 4.39663E-5
-9999 -9999 -9999 -9999 -9999 -9999 -9999 -9999 -9999 -9999 -9999 -9999 -9999 -9999 -9999 -9999 -9999 -9999 -9999 -9999 4.2551E-5 4.66005E-5 4.93263E-5 3.92036E-5 4.96294E-5 4.76486E-5 4.3876E-5 3.10988E-5 3.7663E-5 3.53516E-5 3.352E-5 3.18823E-5 2.32368E-5 3.00545E-5 2.28628E-5 3.11617E-5 3.22804E-5 2.40985E-5 1.6139E-5 2.20134E-5 2.9332E-5 2.92057E-5 2.79498E-5 2.59558E-5 2.51502E-5 5.80919E-5 5.09534E-5 5.03596E-5 3.40874E-5 3.85071E-5 6.39766E-5 5.51129E-5 5.56042E-5 1.58608E-4 1.28578E-4 5.89173E-5 3.61697E-5 4.65355E-5 3.12732E-5 2.7265E-5 4.3193E-5 3.82651E-5 5.1258E-5 4.52805E-5 3.75471E-5
-9999 -9999 -9999 -9999 -9999 -9999 -9999 -9999 -9999 -9999 -9999 -9999 -9999 -9999 -9999 -9999 -9999 -9999 -9999 -9999 4.31235E-5 4.76976E-5 4.95133E-5 3.86275E-5 3.71918E-5 4.74461E-5 4.49062E-5 3.08702E-5 3.81402E-5 2.66145E-5 3.29654E-5 3.01337E-5 2.79646E-5 2.69164E-5 2.06394E-5 2.16743E-5 2.94857E-5 2.23193E-5 1.51992E-5 2.00711E-5 2.66871E-5 2.80361E-5 1.92544E-5 1.84191E-5 2.25981E-5 3.65999E-5 5.03801E-5 5.69786E-5 3.95794E-5 4.11998E-5 7.05486E-5 7.69267E-5 1.3125E-4 1.7292E-4 1.73754E-4 1.74538E-4 1.32607E-4 5.42971E-5 3.68197E-5 3.28411E-5 4.47274E-5 1.3139E-4 4.54161E-5 4.60263E-5 3.3195E-5
-9999 -9999 -9999 -9999 -9999 -9999 -9999 -9999 -9999 -9999 -9999 -9999 -9999 -9999 -9999 -9999 -9999 -9999 -9999 -9999 3.41286E-5 4.64185E-5 4.81981E-5 4.77237E-5 4.65663E-5 4.65143E-5 4.51722E-5 3.11931E-5 3.93156E-5 2.63518E-5 2.32918E-5 2.19721E-5 2.6974E-5 2.48602E-5 2.66375E-5 2.82359E-5 2.76477E-5 2.02973E-5 1.91019E-5 1.766E-5 1.75703E-5 2.46794E-5 2.52864E-5 2.27389E-5 2.2732E-5 5.91164E-5 5.82908E-5 6.05334E-5 3.55104E-5 7.19665E-5 1.62851E-4 1.68846E-4 1.68729E-4 1.66275E-4 1.62613E-4 1.61424E-4 1.6204E-4 1.62397E-4 1.52505E-4 5.04409E-5 5.18355E-5 1.45965E-4 9.73833E-5 1.47285E-4 5.54491E-5
-9999 -9999 -9999 -9999 -9999 -9999 -9999 -9999 -9999 -9999 -9999 -9999 -9999 -9999 -9999 -9999 -9999 -9999 -9999 -9999 -9999 -9999 4.57762E-5 4.68932E-5 4.66288E-5 4.57571E-5 4.48593E-5 4.43741E-5 4.22674E-5 3.77784E-5 2.42399E-5 2.11105E-5 1.84469E-5 1.59888E-5 1.82226E-5 1.8805E-5 2.57155E-5 2.60521E-5 2.46019E-5 2.44622E-5 2.17051E-5 2.17287E-5 2.21128E-5 2.24919E-5 2.20198E-5 4.42527E-5 4.66817E-5 6.54243E-5 6.99558E-5 1.19908E-4 1.20996E-4 1.16618E-4 1.15843E-4 1.18621E-4 1.16127E-4 1.12883E-4 1.13518E-4 1.46706E-4 1.47158E-4 1.46699E-4 1.33278E-4 1.35071E-4 1.33405E-4 6.19264E-5 5.21946E-5
-9999 -9999 -9999 -9999 -9999 -9999 -9999 -9999 -9999 -9999 -9999 -9999 -9999 -9999 -9999 -9999 -9999 -9999 -9999 -9999 -9999 3.39849E-5 4.54315E-5 4.6447E-5 4.64664E-5 4.57343E-5 4.47998E-5 4.40934E-5 4.27524E-5 3.91179E-5 3.5051E-5 3.1207E-5 2.74224E-5 2.3928E-5 1.70181E-5 2.33871E-5 2.2773E-5 1.94031E-5 2.27317E-5 2.16616E-5 2.08876E-5 1.79051E-5 1.77605E-5 1.82197E-5 2.10069E-5 1.58589E-5 4.22812E-5 4.62922E-5 1.3281E-4 1.39379E-4 1.17453E-4 9.8972E-5 6.5557E-5 6.68257E-5 6.70314E-5 8.058E-5 9.72242E-5 1.31019E-4 1.31648E-4 1.46985E-4 5.95446E-5 1.49769E-4 7.54479E-5 6.84936E-5 2.53952E-5
-9999 -9999 -9999 -9999 -9999 -9999 -9999 -9999 -9999 -9999 -9999 -9999 -9999 -9999 -9999 -9999 -9999 -9999 -9999 -9999 -9999 -9999 -9999 4.42805E-5 3.54243E-5 4.64344E-5 4.69762E-5 4.63335E-5 3.25556E-5 2.87138E-5 3.59042E-5 3.28598E-5 2.99518E-5 2.02106E-5 1.69898E-5 1.92847E-5 2.28715E-5 2.37479E-5 2.27659E-5 2.41511E-5 1.82901E-5 1.64895E-5 1.39414E-5 1.8682E-5 2.38911E-5 2.08583E-5 3.34598E-5 5.1995E-5 1.18017E-4 1.32511E-4 1.36247E-4 1.05915E-4 7.67227E-5 9.32188E-5 9.72214E-5 9.78572E-5 1.3283E-4 1.31804E-4 9.72439E-5 1.33283E-4 5.89255E-5 4.34831E-5 3.76074E-5 7.45293E-5 9.88399E-5
-9999 -9999 -9999 -9999 -9999 -9999 -9999 -9999 -9999 -9999 -9999 -9999 -9999 -9999 -9999 -9999 -9999 -9999 -9999 -9999 -9999 -9999 -9999 -9999 4.38464E-5 4.46361E-5 4.52717E-5 4.71525E-5 4.55234E-5 4.20901E-5 3.85192E-5 3.63228E-5 3.44895E-5 3.35657E-5 2.54715E-5 3.00515E-5 2.74025E-5 2.40158E-5 2.20904E-5 1.6535E-5 1.58852E-5 -9999 1.58902E-5 1.62488E-5 4.96524E-5 4.99573E-5 5.30943E-5 1.1804E-4 1.22711E-4 1.22631E-4 1.24879E-4 1.26962E-4 9.58214E-5 1.32125E-4 9.85598E-5 1.33818E-4 1.34369E-4 1.13899E-4 9.76429E-5 5.83996E-5 4.37879E-5 4.16671E-5 3.92184E-5 5.10729E-5 6.5489E-5
-9999 -9999 -9999 -9999 -9999 -9999 -9999 -9999 -9999 -9999 -9999 -9999 -9999 -9999 -9999 -9999 -9999 -9999 -9999 -9999 -9999 -9999 -9999 -9999 -9999 -9999 3.18173E-5 4.3144E-5 4.40947E-5 4.18802E-5 3.95275E-5 2.9532E-5 3.65543E-5 3.60198E-5 3.51134E-5 3.19366E-5 2.87354E-5 1.94453E-5 -9999 -9999 1.98623E-5 -9999 3.94766E-5 5.03304E-5 5.05674E-5 4.31298E-5 5.42363E-5 1.34405E-4 1.35992E-4 1.41084E-4 1.42654E-4 1.45093E-4 1.47571E-4 1.35341E-4 1.07134E-4 1.5379E-4 1.15863E-4 1.3438E-4 1.33569E-4 4.33923E-5 4.35592E-5 3.28355E-5 3.54713E-5 4.7825E-5 2.2855E-5
-9999 -9999 -9999 -9999 -9999 -9999 -9999 -9999 -9999 -9999 -9999 -9999 -9999 -9999 -9999 -9999 -9999 -9999 -9999 -9999 -9999 -9999 -9999 -9999 -9999 -9999 -9999 -9999 3.88598E-5 3.96247E-5 3.93738E-5 3.8057E-5 3.67473E-5 3.66527E-5 3.61057E-5 -9999 -9999 -9999 -9999 -9999 -9999 4.79532E-5 5.79779E-5 5.75067E-5 3.51927E-5 3.53222E-5 5.56797E-5 1.38534E-4 1.42969E-4 1.58787E-4 1.61847E-4 1.65997E-4 1.58824E-4 2.01461E-4 1.40864E-4 1.53737E-4 1.36639E-4 1.35088E-4 3.38105E-5 4.75639E-5 5.13705E-5 3.953E-5 3.61712E-5 3.52654E-5 8.0156E-6
-9999 -9999 -9999 -9999 -9999 -9999 -9999 -9999 -9999 -9999 -9999 -9999 -9999 -9999 -9999 -9999 -9999 -9999 -9999 -9999 -9999 -9999 -9999 -9999 -9999 -9999 -9999 -9999 -9999 -9999 -9999 -9999 2.85078E-5 2.7013E-5 -9999 -9999 -9999 -9999 -9999 -9999 4.59661E-5 5.8024E-5 5.67003E-5 2.73704E-5 2.74596E-5 2.83275E-5 5.66802E-5 5.87499E-5 1.43111E-4 1.60064E-4 1.65687E-4 1.59468E-4 1.55202E-4 1.40738E-4 1.41215E-4 1.38636E-4 1.38172E-4 6.77947E-5 4.61099E-5 5.57731E-5 4.67312E-5 3.67229E-5 5.00411E-5 4.13597E-5 9.10577E-6
-9999 -9999 -9999 -9999 -9999 -9999 -9999 -9999 -9999 -9999 -9999 -9999 -9999 -9999 -9999 -9999 -9999 -9999 -9999 -9999 -9999 -9999 -9999 -9999 -9999 -9999 -9999 -9999 -9999 -9999 -9999 -9999 -9999 -9999 -9999 -9999 -9999 -9999 -9999 -9999 4.90893E-5 5.07892E-5 6.16933E-5 3.13996E-5 3.0352E-5 2.55344E-5 5.34139E-5 5.87425E-5 1.46365E-4 1.51131E-4 1.53959E-4 1.5653E-4 1.43087E-4 1.43723E-4 1.57614E-4 1.40333E-4 6.20634E-5 6.83355E-5 3.61136E-5 3.91617E-5 3.68762E-5 4.51523E-5 5.89974E-5 6.51849E-5 7.43889E-6
-9999 -9999 -9999 -9999 -9999 -9999 -9999 -9999 -9999 -9999 -9999 -9999 -9999 -9999 -9999 -9999 -9999 -9999 -9999 -9999 -9999 -9999 -9999 -9999 -9999 -9999 -9999 -9999 -9999 -9999 -9999 -9999 -9999 -9999 -9999 -9999 -9999 -9999 -9999 5.77112E-5 5.71621E-5 5.11164E-5 4.10648E-5 4.38967E-5 3.4661E-5 2.99818E-5 4.67093E-5 6.15915E-5 6.25325E-5 1.38909E-4 1.42921E-4 1.45186E-4 1.45646E-4 1.61935E-4 7.92638E-5 7.21428E-5 6.20682E-5 4.01487E-5 4.42087E-5 4.67134E-5 6.46491E-5 5.72167E-5 4.52196E-5 6.80092E-5 3.35621E-5
-9999 -9999 -9999 -9999 -9999 -9999 -9999 -9999 -9999 -9999 -9999 -9999 -9999 -9999 -9999 -9999 -9999 -9999 -9999 -9999 -9999 -9999 -9999 -9999 -9999 -9999 -9999 -9999 -9999 -9999 -9999 -9999 -9999 -9999 -9999 -9999 4.57096E-5 5.16127E-5 5.10838E-5 5.01113E-5 5.91664E-5 2.8013E-5 3.56996E-5 4.04535E-5 4.44811E-5 3.52591E-5 6.32563E-5 7.37508E-5 7.59706E-5 6.04985E-5 7.04551E-5 7.97901E-5 1.662E-4 8.11019E-5 6.53974E-5 7.29176E-5 4.13433E-5 6.64619E-5 6.5754E-5 5.0601E-5 4.237E-5 4.44394E-5 6.33763E-5 7.38486E-5 6.00731E-5
-9999 -9999 -9999 -9999 -9999 -9999 -9999 -9999 -9999 -9999 -9999 -9999 -9999 -9999 -9999 -9999 -9999 -9999 -9999 -9999 -9999 -9999 -9999 -9999 -9999 -9999 -9999 -9999 -9999 -9999 -9999 -9999 -9999 4.37639E-5 4.90774E-5 5.73248E-5 5.10309E-5 5.29062E-5 5.90224E-5 5.23954E-5 3.66717E-5 3.42809E-5 3.82346E-5 3.75178E-5 3.97044E-5 3.2656E-5 5.17778E-5 7.68206E-5 9.01513E-5 8.34721E-5 7.35276E-5 6.41672E-5 5.93491E-5 5.38415E-5 4.98467E-5 4.80438E-5 5.99767E-5 5.209E-5 5.78845E-5 5.79543E-5 5.82309E-5 6.59405E-5 7.12459E-5 6.35362E-5 5.95623E-5
-9999 -9999 -9999 -9999 -9999 -9999 -9999 -9999 -9999 -9999 -9999 -9999 -9999 -9999 -9999 -9999 -9999 -9999 -9999 -9999 -9999 -9999 -9999 -9999 -9999 2.63175E-5 3.09432E-5 2.5083E-5 -9999 2.60786E-5 3.05613E-5 2.81346E-5 2.43855E-5 5.18795E-5 5.87033E-5 6.07762E-5 5.46668E-5 6.17534E-5 6.58513E-5 6.49504E-5 4.47669E-5 3.39319E-5 3.47445E-5 4.50828E-5 4.08494E-5 3.56065E-5 6.70107E-5 7.93179E-5 7.19255E-5 7.15823E-5 5.75383E-5 4.51725E-5 5.39202E-5 5.14684E-5 4.43662E-5 3.32673E-5 6.0578E-5 6.73154E-5 5.79365E-5 6.57173E-5 6.70352E-5 6.98403E-5 6.04405E-5 -9999 2.52378E-5
-9999 -9999 -9999 -9999 -9999 -9999 -9999 -9999 -9999 -9999 -9999 -9999 -9999 -9999 -9999 -9999 -9999 -9999 -9999 -9999 -9999 -9999 -9999 -9999 -9999 -9999 2.66668E-5 2.93332E-5 2.91331E-5 3.06636E-5 2.90805E-5 2.52123E-5 2.57334E-5 2.63849E-5 2.63624E-5 6.25498E-5 5.8437E-5 6.56421E-5 7.55741E-5 4.23325E-5 5.289E-5 5.1809E-5 5.27381E-5 5.06429E-5 4.93137E-5 4.51251E-5 7.05379E-5 5.36939E-5 4.80053E-5 6.6982E-5 6.20071E-5 5.57736E-5 4.74916E-5 4.61099E-5 4.49512E-5 4.33047E-5 6.08026E-5 5.91997E-5 5.78451E-5 5.078E-5 7.38631E-5 6.02198E-5 5.89222E-5 -9999 3.1915E-5
-9999 -9999 -9999 -9999 -9999 -9999 -9999 -9999 -9999 -9999 -9999 -9999 -9999 -9999 -9999 -9999 -9999 -9999 -9999 -9999 -9999 -9999 -9999 -9999 -9999 -9999 2.63894E-5 2.05528E-5 2.72958E-5 2.50811E-5 2.68946E-5 2.68177E-5 3.10597E-5 3.20849E-5 3.27356E-5 2.86353E-5 2.78138E-5 3.13503E-5 8.66767E-5 7.66887E-5 7.49927E-5 9.2718E-5 9.04014E-5 8.44663E-5 7.65006E-5 6.90524E-5 4.88914E-5 5.64251E-5 6.4191E-5 6.25969E-5 5.90801E-5 5.11928E-5 4.89938E-5 4.66251E-5 3.99258E-5 6.33604E-5 5.34867E-5 6.81632E-5 6.65894E-5 7.05071E-5 7.80407E-5 6.65888E-5 5.4255E-5 -9999 -9999
-9999 -9999 -9999 -9999 -9999 -9999 -9999 -9999 -9999 -9999 -9999 -9999 -9999 -9999 -9999 -9999 -9999 -9999 -9999 -9999 -9999 -9999 -9999 -9999 -9999 -9999 -9999 2.63393E-5 2.65441E-5 3.20928E-5 2.44942E-5 2.44234E-5 3.32119E-5 2.68441E-5 2.46148E-5 2.89175E-5 2.71753E-5 2.80732E-5 9.11883E-5 9.26099E-5 9.19455E-5 9.61854E-5 7.46627E-5 8.6773E-5 8.11628E-5 7.02958E-5 4.15235E-5 4.65986E-5 6.63931E-5 5.81503E-5 5.08294E-5 5.11282E-5 4.3237E-5 5.33676E-5 5.34011E-5 4.22616E-5 3.37905E-5 5.26303E-5 7.64581E-5 6.12757E-5 6.33795E-5 6.06163E-5 -9999 -9999 -9999
-9999 -9999 -9999 -9999 -9999 -9999 -9999 -9999 -9999 -9999 -9999 -9999 -9999 -9999 -9999 -9999 -9999 -9999 -9999 -9999 -9999 -9999 -9999 -9999 -9999 -9999 -9999 -9999 3.12932E-5 3.35544E-5 3.52549E-5 3.52216E-5 3.44016E-5 2.96462E-5 1.23127E-5 2.69787E-5 2.68021E-5 5.2827E-5 5.41306E-5 5.87593E-5 8.4308E-5 9.00656E-5 9.11133E-5 6.05457E-5 7.96672E-5 7.06752E-5 8.22483E-5 4.97225E-5 6.49203E-5 6.05749E-5 5.93567E-5 4.54639E-5 5.89836E-5 7.77931E-5 6.58323E-5 4.49595E-5 4.4803E-5 6.87947E-5 7.67682E-5 6.15823E-5 4.00195E-5 3.9084E-5 -9999 -9999 -9999
-9999 -9999 -9999 -9999 -9999 -9999 -9999 -9999 -9999 -9999 -9999 -9999 -9999 -9999 -9999 -9999 -9999 -9999 -9999 -9999 -9999 -9999 -9999 -9999 -9999 -9999 -9999 -9999 -9999 3.70578E-5 3.80731E-5 3.43615E-5 2.94052E-5 2.8944E-5 2.36382E-5 2.80662E-5 7.28909E-5 6.63923E-5 6.74829E-5 5.74861E-5 7.67841E-5 7.94615E-5 7.23867E-5 7.56516E-5 7.0316E-5 7.06019E-5 7.91285E-5 8.70944E-5 8.49379E-5 5.81739E-5 8.83695E-5 8.46871E-5 8.06205E-5 5.70524E-5 7.53292E-5 5.61655E-5 4.56638E-5 6.89504E-5 7.27414E-5 5.44352E-5 5.48023E-5 5.67166E-5 -9999 -9999 -9999
-9999 -9999 -9999 -9999 -9999 -9999 -9999 -9999 -9999 -9999 -9999 -9999 -9999 -9999 -9999 -9999 -9999 -9999 -9999 -9999 -9999 -9999 -9999 -9999 -9999 -9999 -9999 -9999 -9999 -9999 3.53622E-5 3.23655E-5 3.28633E-5 3.10784E-5 2.91649E-5 2.44462E-5 6.72583E-5 8.53697E-5 7.61582E-5 5.87451E-5 4.58899E-5 4.56813E-5 7.25659E-5 6.70278E-5 6.9966E-5 7.95375E-5 8.17408E-5 8.2344E-5 7.33419E-5 7.4949E-5 7.57657E-5 7.39836E-5 7.41037E-5 6.98904E-5 6.77874E-5 6.53542E-5 6.36945E-5 4.62212E-5 6.97966E-5 6.24243E-5 6.14289E-5 6.33344E-5 -9999 -9999 -9999
-9999 -9999 -9999 -9999 -9999 -9999 -9999 -9999 -9999 -9999 -9999 -9999 -9999 -9999 -9999 -9999 -9999 -9999 -9999 -9999 -9999 -9999 -9999 -9999 -9999 -9999 -9999 -9999 -9999 -9999 -9999 -9999 1.68308E-5 2.5473E-5 2.16513E-5 6.68707E-5 6.74949E-5 7.9782E-5 8.5599E-5 8.30005E-5 8.21131E-5 6.39993E-5 7.06318E-5 6.76101E-5 6.8964E-5 7.96962E-5 7.9226E-5 7.49279E-5 7.5588E-5 7.53805E-5 7.41843E-5 7.42903E-5 7.33445E-5 7.07732E-5 7.804E-5 5.83074E-5 7.63381E-5 6.62077E-5 6.51805E-5 6.55054E-5 6.49497E-5 6.28338E-5 -9999 -9999 -9999
-9999 -9999 -9999 -9999 -9999 -9999 -9999 -9999 -9999 -9999 -9999 -9999 -9999 -9999 -9999 -9999 -9999 -9999 -9999 -9999 -9999 -9999 -9999 -9999 -9999 -9999 -9999 -9999 -9999 -9999 -9999 -9999 -9999 3.08535E-5 2.83136E-5 8.72748E-5 7.99975E-5 7.41281E-5 5.91623E-5 8.27169E-5 1.37657E-4 1.42557E-4 1.33565E-4 9.05285E-5 8.30935E-5 8.658E-5 1.06567E-4 7.8007E-5 7.59992E-5 8.45613E-5 7.28491E-5 8.47704E-5 4.94475E-5 4.79709E-5 7.99578E-5 8.90158E-5 5.70398E-5 6.76939E-5 4.58812E-5 5.70459E-5 6.99683E-5 7.53166E-5 6.32109E-5 -9999 -9999
