catData/rasterBestHybridModels/Pbengalensis/RDbal_RM1_L/Pbengalensis_median.asc
ncols         409
nrows         350
xllcorner     60.897278365
yllcorner     5.843756025
cellsize      0.0892857
NODATA_value  -9999
[rows 145 to 173 of 350, columns 264 to 329 of 409]
1.59126E-5 3.57997E-5 7.95375E-5 9.73897E-5 6.33812E-5 5.60187E-5 8.16304E-6 3.97636E-6 4.55945E-5 1.64058E-5 6.08668E-6 1.37371E-6 3.84609E-5 4.99779E-5 1.31324E-5 1.23191E-5 4.98261E-6 5.17732E-6 5.60204E-6 1.02324E-5 4.92959E-6 9.78139E-6 2.33133E-6 4.82551E-5 5.23322E-5 6.14796E-5 7.55118E-6 5.88694E-5 4.5754E-5 5.46036E-5 7.99567E-5 8.78028E-5 8.4177E-5 6.48986E-5 6.66012E-5 8.36771E-5 1.19912E-4 1.30106E-4 1.04319E-4 9.99539E-5 1.01688E-4 1.50569E-4 2.00971E-4 1.44099E-4 9.29563E-5 1.08186E-4 1.27908E-4 1.10551E-4 9.26646E-5 1.3366E-4 1.46149E-4 2.44905E-4 1.83652E-4 1.77385E-4 1.43567E-4 1.11788E-4 1.73285E-4 2.65217E-4 1.02158E-4 1.03007E-4 2.33452E-4 2.18472E-4 2.74057E-4 2.90369E-4 1.94156E-4 1.22313E-4
1.51897E-5 2.86503E-5 6.76106E-5 2.62339E-5 3.80031E-5 1.8599E-5 4.67034E-5 5.74262E-5 7.4464E-5 1.51211E-6 3.17843E-6 9.47382E-6 1.76751E-5 3.56897E-5 1.6645E-5 9.3728E-6 4.80618E-6 1.4004E-5 8.28762E-5 4.91146E-5 1.04393E-5 1.15058E-5 4.92596E-6 2.48208E-5 3.98147E-5 8.74709E-5 1.2395E-5 6.58834E-5 1.64814E-5 5.47276E-6 4.8126E-5 5.98629E-5 6.20354E-5 6.52439E-5 1.04001E-4 1.23153E-4 1.27979E-4 9.67851E-5 1.01451E-4 1.44322E-4 1.49979E-4 1.28203E-4 1.41853E-4 1.2197E-4 9.34177E-5 1.49345E-4 1.97558E-4 1.63893E-4 1.01361E-4 1.55087E-4 2.39672E-4 1.24664E-4 7.23841E-5 1.99257E-4 1.81707E-4 1.14166E-4 1.53524E-4 2.17532E-4 2.19094E-4 1.9562E-4 2.63634E-4 2.16295E-4 2.07047E-4 2.16638E-4 1.58083E-4 1.56494E-4
5.77589E-5 7.30109E-5 9.7975E-6 8.19456E-6 2.40483E-5 2.08079E-5 1.28635E-5 1.06727E-5 4.8653E-5 2.49412E-5 2.66797E-5 5.12657E-5 4.52665E-5 1.64614E-5 2.02132E-5 2.94255E-5 4.97146E-5 1.07012E-5 1.61605E-4 1.28766E-4 7.8866E-5 8.02375E-5 6.60211E-5 3.86734E-5 1.57652E-5 5.15385E-5 4.08704E-5 4.02189E-5 6.64637E-5 3.8819E-5 5.76637E-5 9.82812E-5 1.32901E-4 1.21762E-4 1.54275E-4 1.44657E-4 1.46764E-4 1.04263E-4 1.05245E-4 1.50735E-4 1.54938E-4 1.40546E-4 1.94944E-4 1.38171E-4 9.1523E-5 1.45123E-4 1.79999E-4 1.47155E-4 9.40589E-5 1.18842E-4 1.547E-4 1.82099E-4 1.45629E-4 1.04125E-4 1.00424E-4 1.01209E-4 1.04295E-4 1.28162E-4 1.13519E-4 9.38994E-5 1.58607E-4 1.43713E-4 1.26768E-4 1.34508E-4 1.49216E-4 2.23748E-4
2.10401E-5 7.37684E-6 7.15801E-6 9.25684E-7 6.25958E-6 4.5724E-6 4.42351E-6 1.04022E-5 1.88341E-7 6.42111E-6 2.81906E-5 4.01952E-5 5.51498E-5 1.25264E-4 7.24095E-5 7.31834E-5 1.08211E-4 5.043E-5 2.6549E-5 1.03212E-4 1.13694E-4 1.06172E-4 1.16439E-4 9.42698E-5 8.66594E-5 7.97579E-5 1.25653E-4 3.42868E-5 2.7227E-5 3.92126E-5 6.80493E-5 9.75318E-5 9.01543E-5 9.81136E-5 1.24949E-4 1.45231E-4 1.50207E-4 1.07937E-4 8.16882E-5 1.03509E-4 1.03789E-4 1.0961E-4 1.10772E-4 1.09632E-4 7.96808E-5 9.52273E-5 1.11057E-4 9.88468E-5 7.68345E-5 9.0422E-5 1.18617E-4 1.7216E-4 1.56107E-4 8.91809E-5 9.6949E-5 7.22683E-5 7.96317E-5 5.55836E-5 8.96141E-5 9.01354E-5 9.74877E-5 9.33295E-5 9.00804E-5 1.00563E-4 1.44732E-4 2.98868E-4
6.12159E-5 8.30345E-6 2.52145E-5 4.19855E-6 6.8289E-6 7.85724E-6 2.87259E-5 3.00603E-5 3.03029E-5 1.14241E-5 8.07905E-6 4.06197E-5 1.1026E-5 1.56548E-5 3.34813E-5 1.19323E-5 4.55605E-5 2.25359E-5 8.21042E-5 9.45001E-5 1.02357E-4 1.03857E-4 1.08431E-4 7.40124E-5 9.53062E-5 1.17796E-4 1.53382E-4 9.86374E-5 1.18413E-4 1.09713E-4 1.15048E-4 5.8802E-5 1.36636E-4 1.14277E-4 8.83561E-5 1.16143E-4 1.18845E-4 9.58543E-5 6.81701E-5 8.64746E-5 1.18697E-4 1.22161E-4 9.11217E-5 7.18007E-5 7.04344E-5 6.35724E-5 6.95101E-5 6.70282E-5 8.98031E-5 1.33702E-4 1.72837E-4 1.56251E-4 1.13154E-4 9.35575E-5 6.73629E-5 5.92488E-5 5.58285E-5 7.75217E-5 9.35306E-5 4.19454E-5 1.43971E-4 1.17503E-4 7.386E-5 1.58805E-4 1.46076E-4 3.11566E-4
3.23556E-5 4.10518E-5 2.68336E-5 1.43819E-5 3.23791E-5 2.20638E-5 2.39496E-5 1.12878E-5 1.24655E-5 3.62994E-5 2.45746E-5 3.86902E-5 1.47057E-6 5.8013E-6 2.25454E-5 2.64266E-5 4.60727E-5 5.37385E-5 8.69414E-5 7.85037E-5 6.72026E-5 9.05853E-5 9.41578E-5 7.6316E-5 1.19779E-4 9.73169E-5 8.91965E-5 9.89831E-5 1.08787E-4 1.36061E-4 1.56517E-4 8.68239E-5 8.58802E-5 8.74305E-5 1.00523E-4 1.36992E-4 1.53273E-4 1.10209E-4 7.56764E-5 1.07922E-4 1.57242E-4 1.62474E-4 1.23715E-4 1.09252E-4 1.09869E-4 8.38356E-5 6.46081E-5 6.14797E-5 9.15955E-5 1.50484E-4 2.24531E-4 1.73355E-4 1.13985E-4 7.75225E-5 6.07205E-5 4.72395E-5 6.16164E-5 9.05701E-5 1.3684E-4 2.1205E-4 2.06512E-4 1.50153E-4 8.01375E-5 2.45899E-4 2.16245E-4 2.12974E-4
8.02971E-5 1.04869E-4 8.76055E-6 1.46064E-5 4.23113E-5 5.80008E-5 3.48651E-5 1.29671E-5 8.40025E-6 2.02974E-5 1.03927E-4 1.18849E-4 7.59321E-6 8.97124E-7 2.33212E-6 8.8717E-6 3.63043E-6 2.68531E-5 7.57418E-5 7.5121E-5 1.01548E-5 3.92705E-5 4.56864E-5 6.02189E-5 5.57662E-5 9.08407E-5 6.40453E-5 7.11426E-5 7.49411E-5 1.02593E-4 9.85746E-5 1.31074E-4 1.11608E-4 1.32018E-4 8.10264E-5 1.0722E-4 1.27105E-4 1.12908E-4 7.98335E-5 9.42173E-5 1.29426E-4 1.31468E-4 1.87994E-4 1.59225E-4 1.55074E-4 1.085E-4 7.49203E-5 6.59377E-5 7.68432E-5 1.11337E-4 1.41712E-4 1.29163E-4 1.09713E-4 9.61284E-5 7.79564E-5 5.9571E-5 6.46449E-5 8.96507E-5 1.38874E-4 2.15711E-4 1.8757E-4 1.79248E-4 2.32654E-4 1.18199E-4 2.38093E-4 1.51974E-4
7.59925E-5 1.35252E-5 7.26939E-7 2.48068E-6 1.03097E-6 2.58418E-7 1.02155E-6 2.67396E-6 8.68158E-8 9.44349E-7 3.33888E-6 4.78657E-6 4.45799E-5 2.14245E-5 5.97683E-5 7.57061E-5 7.62817E-5 6.37861E-5 1.30089E-5 6.48159E-6 3.37723E-6 3.26381E-5 2.89655E-5 5.75976E-5 9.83037E-5 6.2329E-5 5.59547E-5 3.98565E-5 5.68773E-5 7.08014E-5 8.64495E-5 1.26801E-4 1.29603E-4 1.18908E-4 1.06589E-4 1.34465E-4 1.64967E-4 1.25715E-4 8.68063E-5 6.84445E-5 8.18133E-5 1.19457E-4 1.36222E-4 1.44433E-4 1.37754E-4 1.35394E-4 1.03524E-4 9.75562E-5 7.78742E-5 7.56565E-5 1.00852E-4 1.55945E-4 1.74038E-4 1.37975E-4 9.32975E-5 6.81886E-5 5.60758E-5 8.1346E-5 1.06956E-4 1.41883E-4 1.56827E-4 1.3224E-4 1.58152E-4 1.38811E-4 1.09171E-4 1.40376E-4
1.62232E-4 5.09287E-6 4.54211E-7 6.31345E-7 2.05058E-7 3.12671E-7 1.16742E-7 6.35905E-7 1.66738E-5 9.80395E-5 5.21747E-5 2.31917E-5 5.98724E-5 6.53394E-5 1.01044E-4 1.06935E-4 9.67797E-5 8.71829E-5 3.54077E-5 5.33576E-5 2.39279E-5 4.47867E-5 6.05053E-5 5.40476E-5 5.81957E-5 6.93273E-6 2.39043E-6 4.08805E-5 6.14604E-5 7.61585E-5 1.02928E-4 1.2937E-4 1.15523E-4 1.18628E-4 8.84925E-5 9.8893E-5 1.14732E-4 1.03501E-4 9.91321E-5 7.74178E-5 6.85643E-5 8.12034E-5 1.26841E-4 1.78601E-4 1.54528E-4 1.65418E-4 1.58128E-4 1.47925E-4 1.03056E-4 7.22109E-5 1.09588E-4 1.76063E-4 2.19373E-4 1.54565E-4 1.01576E-4 8.1617E-5 8.29354E-5 7.9287E-5 7.91751E-5 9.37319E-5 9.90669E-5 9.30209E-5 1.26897E-4 1.92145E-4 2.24111E-4 4.77762E-5
2.86842E-5 8.50652E-6 1.15861E-5 3.12452E-5 1.67864E-6 7.45009E-7 3.85073E-6 1.33114E-5 2.54471E-5 4.68353E-5 2.99777E-5 5.68186E-5 6.77997E-5 5.34312E-5 5.2724E-5 6.5263E-5 8.56941E-5 1.18734E-4 2.85375E-5 1.83671E-6 5.46466E-6 2.00755E-5 1.43259E-5 5.05588E-5 5.33209E-5 4.41818E-5 2.60607E-5 4.92913E-5 8.73997E-5 8.53565E-5 1.27385E-4 1.3616E-4 1.44292E-4 1.50877E-4 1.19443E-4 9.58368E-5 1.04704E-4 1.44051E-4 1.40655E-4 1.01753E-4 1.08138E-4 9.7495E-5 1.10546E-4 1.315E-4 1.55649E-4 1.28487E-4 1.76342E-4 1.5339E-4 1.06478E-4 7.31091E-5 9.11166E-5 1.26973E-4 1.41723E-4 1.29639E-4 1.04057E-4 1.16657E-4 1.29571E-4 1.15053E-4 8.63658E-5 6.81859E-5 6.49224E-5 8.93836E-5 1.3831E-4 2.10156E-4 3.07189E-4 2.24529E-4
4.37429E-5 1.51205E-6 3.21397E-8 6.97089E-9 2.6005E-7 5.63521E-7 3.77044E-6 2.63325E-5 2.18657E-5 3.18978E-5 5.97971E-5 1.23021E-4 9.83946E-5 3.32346E-5 8.07858E-6 4.54399E-6 3.81398E-5 5.86779E-5 8.63816E-5 3.8024E-5 1.53748E-6 2.04455E-6 1.14666E-5 1.27907E-5 6.49154E-5 4.36111E-5 1.25326E-5 4.62002E-5 6.1718E-5 1.19065E-4 9.19497E-5 9.03087E-5 1.02435E-4 1.2369E-4 1.63088E-4 1.17507E-4 1.03152E-4 1.43955E-4 1.35737E-4 1.19776E-4 1.57465E-4 1.27095E-4 1.23116E-4 1.80899E-4 1.74752E-4 1.64389E-4 1.76665E-4 1.24853E-4 9.98445E-5 9.82268E-5 1.1516E-4 1.4872E-4 1.71978E-4 1.96437E-4 1.45239E-4 1.78431E-4 2.04908E-4 1.59203E-4 1.10101E-4 9.32318E-5 7.50277E-5 9.38176E-5 1.45483E-4 2.14878E-4 2.64618E-4 2.87234E-4
6.98485E-5 3.43087E-7 7.15065E-6 5.33821E-6 9.37998E-6 8.90146E-6 1.43466E-5 3.68819E-5 5.48939E-5 6.96702E-5 8.00262E-5 1.05621E-4 3.9773E-5 2.0134E-5 7.15792E-6 5.89848E-6 9.80549E-6 2.03536E-5 5.27098E-5 3.95478E-6 2.31012E-6 4.0486E-5 6.34454E-5 4.31917E-5 3.19067E-5 3.74363E-5 6.67328E-5 6.52523E-5 6.04903E-5 8.5183E-5 7.39533E-5 1.21511E-4 1.25582E-4 1.13465E-4 1.31789E-4 1.08087E-4 7.99056E-5 9.65006E-5 9.4739E-5 1.15928E-4 1.45489E-4 1.23326E-4 1.53E-4 1.38817E-4 1.20314E-4 1.54639E-4 1.57712E-4 1.18951E-4 1.60582E-4 1.56515E-4 1.46163E-4 2.22777E-4 1.80691E-4 1.89209E-4 1.4105E-4 1.86568E-4 2.2551E-4 1.87712E-4 1.78645E-4 1.21646E-4 9.43536E-5 9.4991E-5 1.43729E-4 2.05448E-4 2.43653E-4 1.99867E-4
6.83165E-5 4.14339E-5 5.02805E-5 8.09319E-6 6.81539E-6 4.69746E-6 1.47661E-5 2.38199E-5 2.44738E-5 6.2962E-5 8.44462E-5 8.41288E-5 7.99528E-5 1.40216E-5 1.67846E-5 2.27992E-5 4.48035E-5 3.90061E-5 4.16338E-5 8.81932E-5 7.66751E-5 4.80594E-5 5.55197E-5 2.53521E-5 5.17737E-5 6.80388E-5 1.01781E-4 9.08288E-5 7.0018E-5 6.21167E-5 8.65025E-5 1.32401E-4 2.14291E-4 1.35077E-4 8.2779E-5 7.37557E-5 8.89528E-5 9.24413E-5 1.03087E-4 1.30661E-4 1.21151E-4 1.18677E-4 1.53897E-4 1.37529E-4 1.68572E-4 1.76224E-4 1.57188E-4 1.36354E-4 2.06068E-4 1.86283E-4 1.26315E-4 1.63889E-4 1.54054E-4 1.336E-4 1.61426E-4 2.43072E-4 1.94602E-4 2.46821E-4 2.16836E-4 1.38166E-4 1.43724E-4 1.42192E-4 1.25945E-4 2.0062E-4 2.40144E-4 1.99568E-4
6.06344E-5 4.84617E-5 2.48421E-5 7.15933E-6 2.71384E-6 2.58659E-6 6.79422E-6 1.52203E-5 4.73607E-5 7.51429E-5 1.3042E-4 9.79349E-5 7.1495E-5 1.09526E-4 1.08001E-4 6.73522E-5 8.45829E-5 8.77045E-5 8.63757E-5 8.53166E-5 5.03465E-5 3.32014E-5 3.13625E-5 2.84474E-5 4.95165E-5 6.52649E-5 1.14837E-4 9.64249E-5 7.05351E-5 5.05258E-5 7.38588E-5 1.07779E-4 1.28128E-4 8.74742E-5 1.06669E-4 1.15425E-4 1.37063E-4 1.45639E-4 1.28289E-4 1.81659E-4 1.57949E-4 1.66263E-4 1.74507E-4 1.64025E-4 1.86723E-4 1.75632E-4 1.83871E-4 1.66665E-4 1.6748E-4 1.4106E-4 1.01015E-4 1.16815E-4 1.77432E-4 2.08432E-4 1.49588E-4 1.85928E-4 1.6653E-4 1.63104E-4 1.56322E-4 1.01313E-4 2.22649E-4 2.13382E-4 1.46005E-4 2.05963E-4 2.68122E-4 2.12192E-4
8.64294E-5 1.87357E-5 1.67048E-5 7.80205E-6 1.97764E-6 8.37473E-6 5.33684E-6 1.91516E-5 6.6902E-5 8.92474E-5 1.12557E-4 1.66047E-4 2.02463E-4 1.12532E-4 1.01332E-4 1.3736E-4 1.1308E-4 1.10685E-4 2.78367E-5 1.36364E-4 5.3071E-5 5.5827E-5 3.55354E-5 3.44423E-5 4.77124E-5 8.23526E-5 7.60864E-5 7.36713E-5 6.20681E-5 5.713E-5 6.70619E-5 1.29318E-4 1.57949E-4 1.0289E-4 1.45071E-4 1.71615E-4 1.53383E-4 1.69382E-4 1.29878E-4 1.77671E-4 1.43699E-4 1.4725E-4 1.60582E-4 1.90814E-4 2.04398E-4 1.62042E-4 2.15354E-4 1.91412E-4 1.96842E-4 1.33277E-4 1.02461E-4 1.16771E-4 1.72154E-4 1.92555E-4 1.43798E-4 1.33704E-4 2.94289E-4 2.15152E-4 1.4813E-4 1.5147E-4 2.17603E-4 2.10302E-4 1.46891E-4 1.52552E-4 1.79449E-4 1.65969E-4
4.29792E-5 3.19711E-5 1.66509E-6 1.00673E-5 4.75806E-6 1.46497E-5 2.57716E-5 2.20296E-5 2.12889E-5 9.7869E-5 1.46536E-4 1.82638E-4 1.05364E-4 5.60394E-5 9.33689E-5 9.67749E-5 1.1397E-4 8.97785E-5 1.03211E-4 1.55778E-4 4.60101E-5 3.90998E-5 4.93163E-5 5.47314E-5 4.41569E-5 4.59998E-5 5.02052E-5 5.06497E-5 4.43401E-5 5.43317E-5 7.80786E-5 1.08116E-4 1.0738E-4 8.34226E-5 1.61929E-4 1.57685E-4 1.59249E-4 1.18454E-4 9.77498E-5 1.18992E-4 1.06797E-4 1.48305E-4 1.87261E-4 2.07588E-4 1.67262E-4 1.84424E-4 1.64151E-4 1.87234E-4 2.29043E-4 1.59783E-4 1.5294E-4 1.96164E-4 1.60055E-4 1.22745E-4 9.5037E-5 1.72559E-4 2.25988E-4 2.05325E-4 1.45357E-4 1.11468E-4 1.363E-4 1.38037E-4 1.13873E-4 1.27341E-4 1.69316E-4 2.2028E-4
3.67942E-6 1.07248E-4 1.57472E-5 4.02751E-5 5.97399E-6 2.96823E-5 8.509E-6 6.8794E-5 1.43417E-5 1.16597E-4 1.46908E-4 6.5616E-5 1.10609E-4 7.98961E-5 6.37507E-5 9.08016E-5 6.49564E-5 8.64561E-5 1.12941E-4 7.86481E-5 9.20748E-5 7.78005E-5 1.11437E-4 8.90713E-5 5.93563E-5 3.78672E-5 3.66934E-5 4.00718E-5 3.90562E-5 5.23618E-5 6.50828E-5 6.72613E-5 6.87156E-5 1.14793E-4 1.49875E-4 1.56002E-4 2.03585E-4 1.59916E-4 1.16653E-4 1.43128E-4 1.46772E-4 1.72892E-4 2.00878E-4 2.57028E-4 2.0425E-4 1.79617E-4 1.65139E-4 1.76152E-4 1.76906E-4 1.60967E-4 1.64435E-4 2.17113E-4 1.71269E-4 1.11888E-4 1.09241E-4 1.78181E-4 2.3196E-4 1.74248E-4 1.11093E-4 9.64925E-5 1.40908E-4 1.85804E-4 1.67576E-4 1.62586E-4 2.46943E-4 3.3576E-4
2.79722E-6 2.86016E-5 5.56941E-5 4.49281E-5 3.80535E-5 5.38547E-5 1.86468E-5 4.25913E-5 1.60661E-5 1.77913E-5 1.91518E-5 5.4564E-5 8.09555E-5 1.3732E-4 7.8887E-5 1.01568E-4 7.77384E-5 6.30032E-5 1.01148E-4 7.35902E-5 1.19889E-4 1.25177E-4 1.02799E-4 8.99567E-5 7.11604E-5 8.22253E-5 6.73627E-5 5.35257E-5 6.02438E-5 7.09482E-5 5.89851E-5 7.04788E-5 7.51114E-5 9.02912E-5 9.91971E-5 1.2276E-4 1.5623E-4 1.42689E-4 1.47043E-4 2.13885E-4 2.13984E-4 2.14842E-4 2.54103E-4 2.71927E-4 1.62021E-4 1.19119E-4 1.1372E-4 2.11739E-4 2.04627E-4 2.08635E-4 2.10158E-4 1.41184E-4 1.24625E-4 1.02805E-4 9.78066E-5 1.35008E-4 1.44763E-4 1.24038E-4 9.71804E-5 1.33421E-4 1.78303E-4 2.8067E-4 2.11393E-4 1.69416E-4 2.31732E-4 2.38449E-4
2.19303E-5 2.15636E-5 4.22955E-5 1.46923E-4 5.28204E-5 1.36786E-5 1.91326E-5 1.54006E-5 2.82064E-5 7.14741E-5 2.67976E-5 4.39309E-5 1.03252E-4 6.1597E-5 4.67455E-5 6.48061E-5 4.75903E-5 7.31827E-5 4.17059E-5 8.1204E-5 1.22408E-4 1.29923E-4 9.58363E-5 6.32744E-5 6.35432E-5 7.41324E-5 4.91103E-5 8.48246E-5 9.94683E-5 3.55531E-5 6.85194E-5 1.00467E-4 1.13549E-4 9.4456E-5 1.09118E-4 9.95066E-5 9.6402E-5 9.76451E-5 1.23402E-4 1.54688E-4 1.84999E-4 2.15037E-4 1.9657E-4 3.20858E-4 1.60348E-4 1.55104E-4 1.22853E-4 1.30285E-4 1.41171E-4 -9999 1.54699E-4 1.15105E-4 8.54238E-5 7.32204E-5 7.04043E-5 8.6659E-5 9.53394E-5 8.59481E-5 1.22532E-4 1.93754E-4 2.13198E-4 1.94218E-4 2.89596E-4 2.19356E-4 1.52969E-4 1.61003E-4
1.97915E-5 7.43926E-6 2.6513E-5 3.61105E-5 1.92358E-5 6.75201E-6 2.20878E-5 5.36997E-5 1.39622E-5 1.1483E-4 1.81048E-4 8.04225E-5 6.81959E-5 6.72999E-5 1.94427E-5 2.74778E-5 4.30077E-5 2.32291E-5 6.29328E-5 7.61163E-5 1.38372E-4 9.57123E-5 1.43703E-4 4.95988E-5 3.6793E-5 5.7787E-5 5.81888E-5 7.58348E-5 1.22391E-4 5.88857E-5 7.99117E-5 1.53144E-4 1.34788E-4 1.20517E-4 1.63545E-4 1.38757E-4 9.37083E-5 1.09326E-4 -9999 1.28948E-4 1.68921E-4 2.10785E-4 2.01284E-4 1.54243E-4 1.818E-4 2.11725E-4 1.51398E-4 1.50988E-4 1.14256E-4 -9999 9.72413E-5 8.162E-5 -9999 5.27937E-5 5.37272E-5 -9999 7.80815E-5 1.19685E-4 1.31284E-4 1.68796E-4 1.78042E-4 1.68595E-4 1.98286E-4 1.83176E-4 1.34397E-4 1.05347E-4
8.804E-6 2.17135E-5 3.49588E-5 4.11082E-5 1.51777E-5 2.05743E-5 9.11749E-6 1.17262E-5 1.08247E-4 1.83538E-4 8.54369E-5 1.15593E-4 1.10281E-4 8.85827E-5 5.04911E-5 5.82499E-5 4.4512E-5 3.46478E-5 9.15885E-5 8.87269E-5 3.21833E-4 1.02958E-4 6.48457E-5 4.57741E-5 5.53684E-5 2.06106E-5 4.30084E-5 7.19732E-5 8.25756E-5 5.13287E-5 1.12031E-4 1.19839E-4 1.29557E-4 1.14626E-4 1.53179E-4 1.36417E-4 9.14637E-5 1.41138E-4 -9999 1.72837E-4 1.23279E-4 1.85834E-4 2.05331E-4 1.88635E-4 1.95588E-4 1.98779E-4 2.02677E-4 1.75938E-4 1.31345E-4 1.07432E-4 -9999 6.08526E-5 5.0341E-5 4.63054E-5 3.86265E-5 6.05369E-5 8.61958E-5 -9999 1.99851E-4 2.70569E-4 -9999 2.5236E-4 1.9204E-4 -9999 1.02923E-4 8.22828E-5
1.38975E-5 1.46839E-5 4.76889E-5 4.39027E-5 7.32367E-5 3.72322E-5 6.11693E-5 8.1087E-5 3.33224E-4 2.05652E-4 9.05377E-5 2.47548E-5 2.22132E-5 1.01505E-5 1.44374E-5 5.77038E-5 4.49799E-5 6.93006E-5 1.08185E-4 1.13903E-4 1.1231E-4 9.89622E-5 8.43938E-5 1.86034E-5 4.48852E-5 3.8317E-5 4.46268E-5 5.3395E-5 5.18652E-5 7.03794E-5 8.91101E-5 8.82747E-5 9.44572E-5 8.46352E-5 9.97295E-5 9.24933E-5 8.14055E-5 1.22118E-4 1.62578E-4 -9999 1.61122E-4 2.05368E-4 1.60433E-4 1.59228E-4 2.30774E-4 1.76485E-4 1.56832E-4 1.56513E-4 1.88769E-4 -9999 9.4766E-5 7.34866E-5 5.42251E-5 4.24956E-5 3.7393E-5 5.83911E-5 8.48799E-5 1.22036E-4 1.76736E-4 2.0735E-4 2.02748E-4 2.14909E-4 1.78097E-4 1.23146E-4 9.03482E-5 6.6598E-5
1.69969E-5 3.46248E-5 5.74486E-5 5.79125E-5 8.2913E-6 4.1008E-5 8.90095E-5 9.93159E-5 3.4538E-4 2.39866E-4 1.54138E-4 1.21725E-4 2.58873E-5 1.22177E-5 3.25982E-5 1.03359E-5 3.15114E-5 2.06148E-5 6.74238E-5 5.15958E-5 5.66223E-5 6.58168E-5 2.66464E-5 1.40538E-5 1.95907E-5 1.11737E-5 7.48045E-6 3.43882E-5 5.29787E-5 4.69432E-5 6.29856E-5 6.27928E-5 6.46533E-5 6.03276E-5 6.4711E-5 6.62536E-5 6.62483E-5 1.00693E-4 1.54794E-4 1.86226E-4 2.10211E-4 -9999 1.54474E-4 1.63476E-4 1.8961E-4 1.38459E-4 9.43256E-5 1.66265E-4 2.31467E-4 1.79288E-4 1.15832E-4 8.06202E-5 5.66951E-5 -9999 3.3706E-5 5.03192E-5 7.39412E-5 9.85419E-5 1.22053E-4 1.27218E-4 1.23397E-4 1.30842E-4 -9999 9.90107E-5 7.82641E-5 5.88994E-5
2.40916E-5 3.18506E-5 1.66905E-5 1.61155E-5 8.02208E-6 5.96193E-5 2.20303E-5 7.27822E-5 3.9668E-4 1.84806E-4 1.12831E-4 4.60205E-5 2.3389E-5 2.46142E-5 2.84849E-5 1.50039E-5 4.18657E-5 2.60609E-5 7.9154E-5 6.66442E-5 4.22389E-4 1.88113E-4 5.95879E-5 1.52728E-5 1.14076E-5 9.57919E-6 9.04824E-6 2.80974E-5 3.82907E-5 6.56781E-5 5.77299E-5 5.4133E-5 6.55465E-5 8.54596E-5 9.6478E-5 8.47598E-5 6.82696E-5 7.90999E-5 1.11728E-4 -9999 2.151E-4 -9999 1.81115E-4 2.08728E-4 1.39249E-4 1.06992E-4 9.49316E-5 1.13038E-4 1.56389E-4 1.41228E-4 1.0282E-4 7.46653E-5 5.47652E-5 3.82079E-5 -9999 4.10234E-5 -9999 7.19143E-5 -9999 8.60746E-5 -9999 8.37501E-5 8.30202E-5 7.52269E-5 6.20418E-5 4.87587E-5
1.05802E-5 3.47362E-5 2.00604E-5 3.17837E-5 1.89746E-5 1.36245E-5 1.31981E-5 3.70475E-5 1.28241E-4 1.9821E-4 1.6199E-4 1.07573E-4 2.10957E-5 9.51244E-6 2.96872E-5 6.0266E-6 8.68441E-6 4.76298E-6 3.10895E-5 3.13774E-4 2.92382E-4 2.60025E-4 3.09236E-4 8.86268E-5 1.73447E-5 1.64218E-5 2.59577E-5 3.88333E-5 4.84095E-5 6.84737E-5 8.0127E-5 8.32159E-5 8.7078E-5 1.33467E-4 1.58513E-4 1.27026E-4 8.85154E-5 8.97665E-5 7.59104E-5 1.11208E-4 -9999 1.48868E-4 1.53942E-4 1.62714E-4 1.26385E-4 9.13953E-5 -9999 9.30872E-5 1.0546E-4 8.97916E-5 7.34664E-5 -9999 4.69101E-5 2.81116E-5 -9999 3.10834E-5 -9999 4.99604E-5 -9999 5.97187E-5 6.89338E-5 5.4003E-5 -9999 5.48726E-5 4.60294E-5 3.85721E-5
4.60204E-5 1.14635E-4 4.8297E-5 2.62386E-5 5.7626E-6 5.89182E-6 2.51739E-5 5.23492E-5 8.49996E-5 1.6258E-4 1.07392E-4 4.15992E-5 5.03608E-6 6.14681E-6 4.55866E-6 2.50625E-6 1.11469E-5 8.40006E-6 1.09723E-4 3.41903E-4 1.44339E-4 1.60697E-4 5.59829E-5 8.54194E-5 2.86796E-5 3.95806E-5 3.6172E-5 4.92039E-5 7.0685E-5 1.03886E-4 1.38472E-4 1.30867E-4 9.85197E-5 1.49329E-4 1.95993E-4 1.4132E-4 1.40147E-4 1.31653E-4 9.48675E-5 -9999 -9999 8.74163E-5 9.97458E-5 1.06774E-4 9.45089E-5 7.89839E-5 6.06518E-5 -9999 7.43805E-5 7.16993E-5 6.18286E-5 -9999 -9999 -9999 2.22506E-5 2.26037E-5 -9999 -9999 3.77939E-5 3.88451E-5 -9999 -9999 -9999 -9999 3.22679E-5 -9999
3.39885E-5 2.39867E-5 1.63349E-5 6.97259E-6 1.10431E-5 1.12357E-5 9.96815E-6 5.97254E-5 3.99167E-5 7.40897E-5 4.18083E-5 5.09463E-5 1.87E-5 2.78905E-5 1.66187E-5 9.55795E-6 1.20827E-5 8.29353E-6 9.35456E-5 2.81611E-4 3.528E-4 1.50372E-4 1.02422E-4 4.67681E-5 3.76241E-5 5.22914E-5 6.57123E-5 7.60986E-5 7.72041E-5 1.32189E-4 1.51747E-4 1.60377E-4 1.10832E-4 1.12541E-4 1.28558E-4 1.42834E-4 2.10668E-4 1.72427E-4 -9999 -9999 6.13977E-5 -9999 6.99066E-5 7.38461E-5 -9999 6.20583E-5 -9999 -9999 5.01453E-5 4.85568E-5 -9999 -9999 -9999 -9999 1.58973E-5 1.60695E-5 -9999 -9999 -9999 -9999 -9999 -9999 -9999 -9999 -9999 -9999
4.16031E-5 3.94023E-5 1.50876E-5 2.9777E-5 1.77811E-5 3.91803E-6 2.02821E-5 2.82987E-5 4.87572E-5 3.12211E-5 9.26364E-6 7.97739E-5 6.66365E-5 5.70408E-5 1.36731E-5 5.70914E-5 1.4923E-6 3.6682E-6 2.95589E-5 2.26491E-4 4.38317E-4 1.36667E-4 1.24772E-4 4.42596E-5 5.42981E-5 7.00215E-5 9.05704E-5 9.51965E-5 7.39345E-5 9.38238E-5 1.24843E-4 1.23837E-4 1.0636E-4 1.5818E-4 1.69765E-4 1.27745E-4 1.57929E-4 -9999 -9999 -9999 5.0661E-5 3.71117E-5 4.86827E-5 5.08214E-5 -9999 4.39611E-5 3.02594E-5 -9999 -9999 -9999 2.90095E-5 -9999 -9999 -9999 -9999 -9999 -9999 -9999 -9999 -9999 -9999 -9999 -9999 -9999 -9999 -9999
3.76949E-5 1.92762E-5 1.34124E-4 2.91096E-4 3.71358E-5 1.38063E-5 2.46782E-5 2.01623E-5 5.28781E-5 3.30514E-5 4.97507E-5 6.16886E-5 1.63249E-4 5.05564E-5 3.91016E-5 1.78486E-5 5.26098E-6 1.21693E-5 1.17028E-5 5.45118E-5 2.0041E-4 1.35674E-4 6.69902E-5 6.0916E-5 7.82362E-5 9.84612E-5 1.34085E-4 1.3545E-4 1.10884E-4 8.14566E-5 7.93905E-5 7.987E-5 1.19466E-4 1.8268E-4 -9999 -9999 -9999 -9999 -9999 -9999 -9999 -9999 -9999 -9999 -9999 2.98931E-5 -9999 -9999 -9999 -9999 -9999 -9999 -9999 -9999 -9999 -9999 -9999 -9999 -9999 -9999 -9999 -9999 -9999 -9999 -9999 -9999
