catData/rasterBestHybridModels/Pbengalensis/RDbal_RM1_L/Pbengalensis_max.asc
ncols         409
nrows         350
xllcorner     60.897278365
yllcorner     5.843756025
cellsize      0.0892857
NODATA_value  -9999
[rows 87 to 115 of 350, columns 264 to 329 of 409]
-9999 -9999 -9999 -9999 -9999 -9999 -9999 -9999 -9999 -9999 -9999 -9999 -9999 -9999 -9999 -9999 -9999 -9999 -9999 -9999 -9999 -9999 -9999 -9999 -9999 -9999 -9999 -9999 -9999 -9999 -9999 -9999 -9999 -9999 -9999 -9999 -9999 -9999 -9999 -9999 -9999 -9999 -9999 -9999 -9999 -9999 -9999 -9999 -9999 -9999 -9999 -9999 -9999 -9999 -9999 -9999 -9999 -9999 -9999 -9999 -9999 -9999 -9999 -9999 -9999 -9999
-9999 -9999 -9999 -9999 -9999 -9999 -9999 -9999 -9999 -9999 -9999 -9999 -9999 -9999 -9999 -9999 -9999 -9999 -9999 -9999 -9999 -9999 -9999 -9999 -9999 -9999 -9999 -9999 -9999 -9999 -9999 -9999 -9999 -9999 -9999 -9999 -9999 -9999 -9999 -9999 -9999 -9999 -9999 -9999 -9999 -9999 -9999 -9999 -9999 -9999 -9999 -9999 -9999 -9999 -9999 -9999 -9999 -9999 -9999 -9999 -9999 -9999 -9999 -9999 -9999 -9999
-9999 -9999 -9999 -9999 -9999 -9999 -9999 -9999 -9999 -9999 -9999 -9999 -9999 -9999 -9999 -9999 -9999 -9999 -9999 -9999 -9999 -9999 -9999 -9999 -9999 -9999 -9999 -9999 -9999 -9999 -9999 -9999 -9999 -9999 -9999 -9999 -9999 -9999 -9999 -9999 -9999 -9999 -9999 -9999 -9999 -9999 -9999 -9999 -9999 -9999 -9999 -9999 -9999 -9999 -9999 -9999 -9999 -9999 -9999 -9999 -9999 -9999 -9999 -9999 -9999 -9999
-9999 -9999 -9999 -9999 -9999 -9999 -9999 -9999 -9999 -9999 -9999 -9999 -9999 -9999 -9999 -9999 -9999 -9999 -9999 -9999 -9999 -9999 -9999 -9999 -9999 -9999 -9999 -9999 -9999 -9999 -9999 -9999 -9999 -9999 -9999 -9999 -9999 -9999 -9999 -9999 -9999 -9999 -9999 -9999 -9999 -9999 -9999 -9999 -9999 -9999 -9999 -9999 -9999 -9999 -9999 -9999 -9999 -9999 -9999 -9999 -9999 -9999 -9999 -9999 -9999 -9999
-9999 -9999 -9999 -9999 -9999 -9999 -9999 -9999 -9999 -9999 -9999 -9999 -9999 -9999 -9999 -9999 -9999 -9999 -9999 -9999 -9999 -9999 -9999 -9999 -9999 -9999 -9999 -9999 -9999 -9999 -9999 -9999 -9999 -9999 -9999 -9999 -9999 -9999 -9999 -9999 -9999 -9999 -9999 -9999 -9999 -9999 -9999 -9999 -9999 -9999 -9999 -9999 -9999 -9999 -9999 -9999 -9999 -9999 -9999 -9999 -9999 -9999 -9999 -9999 -9999 -9999
-9999 -9999 -9999 -9999 -9999 -9999 -9999 -9999 -9999 -9999 -9999 -9999 -9999 -9999 -9999 -9999 -9999 -9999 -9999 -9999 -9999 -9999 -9999 -9999 -9999 -9999 -9999 -9999 -9999 -9999 -9999 -9999 -9999 -9999 -9999 -9999 -9999 -9999 -9999 -9999 -9999 -9999 -9999 -9999 -9999 -9999 -9999 -9999 -9999 -9999 -9999 -9999 -9999 -9999 -9999 -9999 -9999 -9999 -9999 -9999 -9999 -9999 -9999 -9999 -9999 -9999
5.91764E-4 2.5614E-4 -9999 -9999 -9999 -9999 -9999 -9999 -9999 -9999 -9999 -9999 -9999 -9999 -9999 -9999 -9999 -9999 -9999 -9999 -9999 -9999 -9999 -9999 -9999 -9999 -9999 -9999 -9999 -9999 -9999 -9999 -9999 -9999 -9999 -9999 -9999 -9999 -9999 -9999 -9999 -9999 -9999 -9999 -9999 -9999 -9999 -9999 -9999 -9999 -9999 -9999 -9999 -9999 -9999 -9999 -9999 -9999 -9999 -9999 -9999 -9999 -9999 -9999 -9999 -9999
5.93182E-4 2.92556E-4 -9999 -9999 -9999 -9999 7.57087E-5 4.49226E-5 -9999 -9999 -9999 -9999 -9999 -9999 -9999 -9999 -9999 -9999 -9999 -9999 -9999 -9999 -9999 -9999 -9999 -9999 -9999 -9999 -9999 -9999 -9999 -9999 -9999 -9999 -9999 -9999 -9999 -9999 -9999 -9999 -9999 -9999 -9999 -9999 -9999 -9999 -9999 -9999 -9999 -9999 -9999 -9999 -9999 -9999 -9999 -9999 -9999 -9999 -9999 -9999 -9999 -9999 -9999 -9999 -9999 -9999
9.35287E-4 4.39551E-4 1.85028E-4 1.16155E-4 8.80764E-5 1.41085E-4 6.02942E-5 4.33622E-5 -9999 -9999 -9999 -9999 -9999 -9999 -9999 -9999 -9999 -9999 -9999 -9999 -9999 -9999 -9999 -9999 -9999 -9999 -9999 -9999 -9999 -9999 -9999 -9999 -9999 -9999 -9999 -9999 -9999 -9999 -9999 -9999 -9999 -9999 -9999 -9999 -9999 -9999 -9999 -9999 -9999 -9999 -9999 -9999 -9999 -9999 -9999 -9999 -9999 -9999 -9999 -9999 -9999 -9999 -9999 -9999 -9999 -9999
5.59946E-4 7.14302E-4 3.6163E-4 1.56556E-4 8.92767E-5 7.52748E-5 3.53838E-5 8.60021E-5 -9999 -9999 -9999 -9999 -9999 -9999 -9999 -9999 -9999 -9999 -9999 -9999 -9999 -9999 -9999 -9999 -9999 -9999 -9999 -9999 -9999 -9999 -9999 -9999 -9999 -9999 -9999 -9999 -9999 -9999 -9999 -9999 -9999 -9999 -9999 -9999 -9999 -9999 -9999 -9999 -9999 -9999 -9999 -9999 -9999 -9999 -9999 -9999 -9999 -9999 -9999 -9999 -9999 -9999 -9999 -9999 -9999 -9999
3.58432E-4 4.65331E-4 4.17219E-4 2.11262E-4 8.10261E-5 1.35747E-4 2.46691E-4 -9999 -9999 -9999 -9999 -9999 -9999 -9999 -9999 -9999 -9999 -9999 -9999 -9999 -9999 -9999 -9999 -9999 -9999 -9999 -9999 -9999 -9999 -9999 -9999 -9999 -9999 -9999 -9999 -9999 -9999 -9999 -9999 -9999 -9999 -9999 -9999 -9999 -9999 -9999 -9999 -9999 -9999 -9999 -9999 -9999 -9999 -9999 -9999 -9999 -9999 -9999 -9999 -9999 -9999 -9999 -9999 -9999 -9999 -9999
2.82912E-4 2.34017E-4 1.67486E-4 1.09429E-4 7.31801E-5 6.73169E-5 1.62156E-4 1.09883E-4 1.09605E-4 -9999 -9999 1.76023E-4 -9999 -9999 -9999 -9999 -9999 -9999 -9999 -9999 -9999 -9999 -9999 -9999 -9999 -9999 -9999 -9999 -9999 -9999 -9999 -9999 -9999 -9999 -9999 -9999 -9999 -9999 -9999 -9999 -9999 -9999 -9999 -9999 -9999 -9999 -9999 -9999 -9999 -9999 -9999 -9999 -9999 -9999 -9999 -9999 -9999 -9999 -9999 -9999 -9999 -9999 1.67884E-4 -9999 1.19957E-4 -9999
2.67473E-4 1.7816E-4 1.47513E-4 1.00555E-4 9.0347E-5 5.98988E-5 5.21686E-5 6.44914E-5 8.22948E-5 5.77038E-5 7.58683E-5 1.68989E-4 3.10958E-4 5.13634E-4 -9999 -9999 -9999 -9999 -9999 -9999 -9999 -9999 -9999 -9999 -9999 -9999 -9999 -9999 -9999 -9999 -9999 -9999 -9999 -9999 -9999 -9999 -9999 -9999 -9999 -9999 -9999 -9999 -9999 -9999 -9999 -9999 -9999 -9999 -9999 -9999 -9999 -9999 -9999 -9999 -9999 -9999 -9999 -9999 -9999 -9999 4.59747E-4 5.89982E-4 4.17438E-4 2.91541E-4 2.89614E-4 2.52928E-4
2.89628E-4 1.78291E-4 1.3262E-4 1.07316E-4 8.53057E-5 5.92443E-5 7.0231E-5 8.02874E-5 8.73253E-5 8.18554E-5 1.05594E-4 1.82571E-4 3.14728E-4 5.89572E-4 7.03957E-4 1.29958E-3 -9999 -9999 -9999 -9999 -9999 -9999 -9999 -9999 -9999 -9999 -9999 -9999 -9999 -9999 -9999 -9999 -9999 -9999 -9999 -9999 -9999 -9999 -9999 -9999 -9999 -9999 -9999 -9999 -9999 -9999 4.23728E-5 -9999 -9999 -9999 -9999 -9999 -9999 -9999 -9999 -9999 -9999 5.1638E-4 5.37374E-4 6.85205E-4 8.34041E-4 6.98626E-4 5.44188E-4 3.57435E-4 2.96397E-4 2.22112E-4
1.54069E-4 1.25211E-4 9.40519E-5 7.91043E-5 5.84122E-5 8.32128E-5 9.70973E-5 1.07342E-4 1.39776E-4 1.21081E-4 1.38747E-4 1.66907E-4 1.45208E-4 1.9074E-4 3.00823E-4 6.04311E-4 -9999 -9999 8.25441E-4 4.82942E-4 -9999 -9999 -9999 8.52685E-4 1.30431E-3 -9999 -9999 -9999 -9999 -9999 -9999 -9999 -9999 -9999 -9999 -9999 -9999 -9999 -9999 -9999 -9999 -9999 -9999 -9999 -9999 -9999 7.83351E-5 9.74264E-5 -9999 -9999 -9999 -9999 -9999 -9999 -9999 -9999 4.68837E-4 6.95298E-4 6.53951E-4 8.95757E-4 1.07751E-3 6.3583E-4 3.79442E-4 2.76695E-4 2.3686E-4 2.30328E-4
1.26017E-4 1.15121E-4 9.60998E-5 7.58459E-5 6.4538E-5 8.70784E-5 1.19482E-4 1.31479E-4 1.56234E-4 1.68766E-4 1.58411E-4 1.74033E-4 1.61043E-4 1.6261E-4 2.25128E-4 4.02646E-4 6.1303E-4 -9999 -9999 4.87638E-4 9.41407E-4 -9999 -9999 9.41433E-4 9.01275E-4 1.45903E-3 2.46448E-3 -9999 -9999 -9999 -9999 -9999 -9999 -9999 -9999 -9999 -9999 -9999 -9999 -9999 -9999 -9999 1.78817E-4 1.61853E-4 1.53662E-4 1.50359E-4 1.92575E-4 1.99564E-4 2.939E-4 -9999 -9999 -9999 -9999 -9999 2.74164E-4 2.81092E-4 4.75549E-4 7.85397E-4 9.08249E-4 9.23775E-4 1.14004E-3 7.288E-4 3.30537E-4 3.46581E-4 3.01005E-4 3.30556E-4
1.76878E-4 1.47963E-4 1.22129E-4 9.02658E-5 7.54304E-5 9.65335E-5 1.11024E-4 1.47665E-4 1.90975E-4 2.49094E-4 2.98813E-4 2.71945E-4 2.4385E-4 2.04058E-4 2.24587E-4 3.10976E-4 3.55144E-4 3.68806E-4 2.8932E-4 2.5326E-4 3.74064E-4 7.46816E-4 9.64621E-4 1.38135E-3 1.16745E-3 1.37409E-3 1.18825E-3 1.32449E-3 1.24103E-3 9.87681E-4 -9999 -9999 -9999 -9999 -9999 -9999 -9999 -9999 -9999 1.69803E-4 -9999 2.97866E-4 2.61653E-4 2.20117E-4 2.19965E-4 1.84203E-4 3.0279E-4 2.33817E-4 3.32157E-4 6.04469E-4 -9999 -9999 -9999 -9999 -9999 3.38008E-4 4.81582E-4 6.35964E-4 6.17678E-4 7.73479E-4 7.9252E-4 5.56124E-4 2.61535E-4 2.91207E-4 3.32921E-4 3.86866E-4
2.11891E-4 1.86241E-4 1.51489E-4 1.06799E-4 8.92673E-5 1.23865E-4 1.51038E-4 2.08355E-4 2.71388E-4 3.85335E-4 5.86879E-4 3.74366E-4 2.6919E-4 2.16147E-4 2.03527E-4 2.28428E-4 2.65151E-4 2.28301E-4 1.855E-4 1.73357E-4 2.15188E-4 3.4702E-4 6.25502E-4 1.24965E-3 1.27806E-3 1.12107E-3 1.30092E-3 9.56777E-4 7.25569E-4 4.11377E-4 2.43326E-4 1.29851E-4 1.11242E-4 1.01975E-4 1.15123E-4 1.34254E-4 1.05817E-4 8.9622E-5 1.24099E-4 1.74959E-4 3.1647E-4 5.44219E-4 5.28139E-4 4.18918E-4 3.32477E-4 2.51593E-4 2.91507E-4 2.42842E-4 2.3521E-4 -9999 -9999 -9999 -9999 8.83727E-4 6.18553E-4 4.22495E-4 4.29661E-4 4.98463E-4 3.67709E-4 4.05E-4 4.45298E-4 4.08631E-4 5.0375E-4 3.72756E-4 2.99209E-4 4.17665E-4
2.03487E-4 1.6613E-4 1.48439E-4 1.17979E-4 1.3859E-4 1.70657E-4 2.07626E-4 3.02545E-4 4.62415E-4 1.49381E-3 4.0573E-4 3.51712E-4 2.51915E-4 1.76976E-4 1.91036E-4 1.84957E-4 1.91487E-4 1.59919E-4 1.63077E-4 1.35493E-4 1.87973E-4 1.50974E-4 2.51621E-4 5.28375E-4 5.79007E-4 5.10068E-4 6.96677E-4 5.10937E-4 3.15261E-4 2.29517E-4 1.89622E-4 1.65468E-4 1.70535E-4 1.29849E-4 1.63057E-4 1.50406E-4 1.06098E-4 8.33835E-5 1.06319E-4 2.15332E-4 5.67024E-4 7.02743E-4 4.83967E-4 4.99908E-4 4.32469E-4 3.79234E-4 2.88453E-4 2.6111E-4 3.35939E-4 -9999 -9999 -9999 -9999 6.13905E-4 4.70441E-4 3.86202E-4 3.76549E-4 3.97919E-4 3.65004E-4 3.64849E-4 4.1097E-4 4.71352E-4 7.40041E-4 4.25645E-4 2.65901E-4 4.74059E-4
1.73194E-4 1.48248E-4 1.15521E-4 1.16223E-4 1.54413E-4 1.95745E-4 2.72924E-4 3.24909E-4 3.46873E-4 4.26895E-4 4.32008E-4 5.44745E-4 2.77045E-4 1.65208E-4 1.37299E-4 1.41165E-4 1.74566E-4 1.89105E-4 1.94547E-4 1.74683E-4 1.55168E-4 1.30347E-4 2.2688E-4 2.197E-4 2.58444E-4 2.18948E-4 2.78767E-4 2.05443E-4 2.45215E-4 2.72337E-4 2.87992E-4 2.66364E-4 2.16665E-4 1.74829E-4 1.67285E-4 1.32317E-4 8.92125E-5 6.99665E-5 8.5994E-5 1.76494E-4 3.33734E-4 4.24385E-4 3.10328E-4 3.68966E-4 4.4171E-4 5.83142E-4 3.84425E-4 3.09658E-4 -9999 -9999 -9999 5.54445E-4 5.15979E-4 3.91021E-4 3.89311E-4 5.06601E-4 4.84772E-4 4.74891E-4 4.16147E-4 4.77071E-4 5.04194E-4 5.05445E-4 3.83435E-4 2.9631E-4 2.94751E-4 4.16432E-4
1.35811E-4 1.16312E-4 9.87812E-5 1.27438E-4 1.75902E-4 2.26717E-4 2.79587E-4 3.03092E-4 2.09607E-4 2.30244E-4 2.9569E-4 3.612E-4 2.62871E-4 1.73706E-4 1.18708E-4 1.31464E-4 1.82168E-4 2.07951E-4 2.27151E-4 2.3897E-4 1.87488E-4 1.66299E-4 1.27625E-4 1.35914E-4 1.72724E-4 1.67431E-4 1.50636E-4 2.03744E-4 3.9574E-4 3.0151E-4 3.15858E-4 3.586E-4 2.83203E-4 2.20542E-4 1.79811E-4 1.39191E-4 8.96449E-5 8.30897E-5 1.12006E-4 1.45747E-4 1.98366E-4 2.55936E-4 2.80973E-4 3.71516E-4 4.77433E-4 6.49373E-4 4.45643E-4 3.30037E-4 -9999 -9999 -9999 6.17078E-4 4.86195E-4 5.01035E-4 4.87401E-4 5.29877E-4 4.82176E-4 5.83433E-4 5.62557E-4 4.67954E-4 5.19047E-4 4.47438E-4 5.64288E-4 4.33958E-4 3.02647E-4 3.92911E-4
9.9911E-5 9.04663E-5 9.04914E-5 1.21004E-4 1.66386E-4 2.38293E-4 3.00205E-4 2.41259E-4 1.7807E-4 1.367E-4 1.72786E-4 2.05031E-4 1.99762E-4 1.62882E-4 1.21961E-4 1.41157E-4 1.89077E-4 2.37245E-4 2.65419E-4 2.54796E-4 2.28401E-4 2.16177E-4 1.26246E-4 1.10527E-4 1.12295E-4 1.38923E-4 2.0615E-4 2.25695E-4 2.58066E-4 2.82086E-4 3.59692E-4 3.23134E-4 4.18279E-4 3.15554E-4 1.8005E-4 1.32126E-4 1.25037E-4 1.06608E-4 1.19103E-4 1.48674E-4 1.90645E-4 2.01972E-4 2.47917E-4 2.84727E-4 3.93601E-4 4.5319E-4 5.27133E-4 4.06356E-4 3.91515E-4 -9999 -9999 4.55025E-4 5.40949E-4 7.29114E-4 6.09156E-4 5.24177E-4 4.02281E-4 4.12313E-4 4.86029E-4 5.26154E-4 4.55209E-4 3.93998E-4 6.36749E-4 4.24869E-4 3.55171E-4 4.58655E-4
1.11009E-4 9.17164E-5 8.33633E-5 1.11703E-4 1.40072E-4 1.84525E-4 1.99268E-4 1.69662E-4 1.39027E-4 1.11532E-4 1.10988E-4 1.29174E-4 1.26289E-4 1.15848E-4 1.14724E-4 1.32608E-4 1.89293E-4 2.63636E-4 2.95984E-4 2.02814E-4 1.84597E-4 1.72191E-4 1.04493E-4 7.14091E-5 8.06532E-5 1.46817E-4 2.25391E-4 3.7119E-4 3.82548E-4 2.65054E-4 2.33364E-4 2.02352E-4 3.07395E-4 2.62817E-4 2.07146E-4 1.38582E-4 1.02275E-4 1.12684E-4 1.85762E-4 2.21733E-4 2.78693E-4 3.70188E-4 2.97288E-4 3.25113E-4 4.22126E-4 6.10401E-4 8.1775E-4 6.55576E-4 3.74183E-4 3.2122E-4 3.42522E-4 2.88215E-4 4.66729E-4 6.28281E-4 4.81151E-4 3.5806E-4 2.91649E-4 2.83527E-4 4.09895E-4 4.63342E-4 1.13776E-3 4.59411E-4 1.1246E-3 1.11406E-3 6.34914E-4 1.04024E-3
1.25226E-4 9.15655E-5 9.32332E-5 1.10913E-4 1.15787E-4 1.30338E-4 1.37698E-4 1.31266E-4 1.16878E-4 9.87912E-5 8.34803E-5 8.83254E-5 8.41374E-5 7.83084E-5 1.05976E-4 1.32669E-4 1.62158E-4 2.11418E-4 1.87872E-4 1.66177E-4 1.40981E-4 1.01357E-4 7.14881E-5 5.06895E-5 6.65236E-5 1.18775E-4 2.18398E-4 3.59767E-4 3.8623E-4 3.40368E-4 1.67243E-4 1.61748E-4 2.58175E-4 1.88113E-4 1.60299E-4 1.01604E-4 8.7302E-5 1.33377E-4 1.75866E-4 3.08211E-4 7.74497E-4 5.34713E-4 3.9868E-4 4.58398E-4 5.50689E-4 6.62654E-4 4.4049E-4 3.8277E-4 6.42817E-4 4.50287E-4 3.08001E-4 3.25832E-4 6.25807E-4 4.23508E-4 3.42758E-4 3.42027E-4 3.88898E-4 3.51804E-4 3.54493E-4 4.09376E-4 6.89726E-4 1.30127E-3 4.33023E-4 1.20073E-3 2.28147E-3 1.7215E-3
1.26917E-4 9.22821E-5 1.14043E-4 1.4086E-4 1.49054E-4 1.51157E-4 1.30093E-4 1.08937E-4 8.77599E-5 8.51923E-5 1.03689E-4 1.17164E-4 1.21214E-4 1.12134E-4 9.46329E-5 1.0761E-4 1.38354E-4 1.39856E-4 1.31667E-4 1.38523E-4 1.59196E-4 8.16965E-5 6.8044E-5 5.79404E-5 6.96282E-5 1.13198E-4 2.33651E-4 3.30931E-4 2.92266E-4 2.13616E-4 1.36021E-4 1.444E-4 3.21486E-4 2.06108E-4 9.94024E-5 6.92764E-5 8.88361E-5 1.55651E-4 2.40072E-4 3.64114E-4 4.59527E-4 4.00868E-4 3.64523E-4 3.10612E-4 2.71463E-4 4.16088E-4 4.11941E-4 7.11571E-4 1.08213E-3 3.03245E-4 9.11545E-4 7.8769E-4 5.05512E-4 9.73166E-4 5.1352E-4 6.36728E-4 8.59261E-4 5.25065E-4 4.5348E-4 6.35215E-4 1.06009E-3 4.1877E-3 7.19796E-4 2.81658E-3 2.11754E-3 1.85123E-3
1.12086E-4 1.03691E-4 1.37041E-4 1.73959E-4 2.09145E-4 1.82999E-4 1.44379E-4 1.11501E-4 9.08893E-5 9.32096E-5 1.16442E-4 1.41954E-4 1.51406E-4 1.64542E-4 1.55808E-4 1.18731E-4 1.25441E-4 1.20039E-4 1.20431E-4 1.06007E-4 8.57039E-5 8.26853E-5 7.43279E-5 9.43763E-5 9.29295E-5 8.60402E-5 1.35342E-4 2.34249E-4 2.56483E-4 1.57739E-4 1.47284E-4 2.49145E-4 3.10081E-4 1.61252E-4 1.27E-4 7.41784E-5 1.68117E-4 2.59072E-4 3.87621E-4 3.79443E-4 4.09316E-4 3.95285E-4 8.68978E-4 5.40332E-4 3.66194E-4 3.93493E-4 4.79739E-4 5.85617E-4 1.19398E-3 3.47333E-4 5.94127E-4 1.03799E-3 1.26613E-3 7.1807E-4 1.94392E-3 1.97045E-3 8.83765E-4 7.97303E-4 4.24532E-4 1.14442E-3 2.81572E-3 2.13422E-3 6.12904E-4 6.94353E-4 1.69169E-3 1.12011E-3
1.24275E-4 1.21721E-4 1.3459E-4 1.87373E-4 2.18835E-4 1.67547E-4 1.40109E-4 1.13592E-4 1.21043E-4 1.23023E-4 1.47313E-4 1.84126E-4 2.03195E-4 1.9777E-4 1.70648E-4 1.48815E-4 1.65148E-4 1.50992E-4 1.34154E-4 1.40701E-4 1.42829E-4 1.62036E-4 1.29373E-4 1.30514E-4 1.16236E-4 7.19403E-5 9.73969E-5 1.20408E-4 1.50048E-4 1.10026E-4 1.3241E-4 2.01078E-4 2.299E-4 1.69941E-4 1.08314E-4 1.16381E-4 2.26468E-4 2.38124E-4 3.79347E-4 3.39367E-4 3.22485E-4 4.62654E-4 4.68648E-4 4.45095E-4 2.54089E-4 2.37039E-4 2.43416E-4 3.73223E-4 8.5671E-4 4.02381E-4 4.52362E-4 8.68552E-4 1.78083E-3 1.87926E-3 5.47042E-3 3.42936E-3 8.79861E-4 7.69706E-4 1.02306E-3 1.1015E-3 1.40468E-3 3.45278E-4 4.85388E-4 6.84577E-4 9.93989E-4 1.23854E-3
1.78974E-4 1.52696E-4 1.48845E-4 1.60718E-4 1.5893E-4 1.35278E-4 1.1786E-4 1.44325E-4 1.71813E-4 1.74108E-4 1.64641E-4 2.16166E-4 2.63556E-4 2.00656E-4 1.66529E-4 1.72077E-4 1.88932E-4 1.80087E-4 1.54106E-4 1.86608E-4 1.77588E-4 2.06816E-4 1.99407E-4 1.73011E-4 1.2475E-4 1.10685E-4 7.69849E-5 8.47228E-5 1.07344E-4 1.3872E-4 1.67889E-4 1.97174E-4 1.89371E-4 1.56728E-4 1.60838E-4 1.5448E-4 1.77476E-4 1.66442E-4 2.51632E-4 2.49522E-4 2.98509E-4 3.55496E-4 4.67536E-4 4.04276E-4 9.41082E-4 3.33126E-4 4.09457E-4 6.20746E-4 3.07521E-4 4.24271E-4 2.79893E-4 3.76438E-4 8.52E-4 1.04919E-3 7.36609E-4 1.16484E-3 2.71281E-3 7.85398E-4 5.24818E-4 8.81648E-4 6.68992E-4 3.81278E-4 3.26899E-4 8.35517E-4 3.81991E-4 3.61918E-4
2.16367E-4 1.62521E-4 1.9441E-4 2.03924E-4 1.47359E-4 1.41988E-4 1.34987E-4 1.67355E-4 2.19857E-4 2.19263E-4 1.71266E-4 2.02621E-4 2.30118E-4 1.95684E-4 1.88439E-4 2.25605E-4 2.43928E-4 1.96765E-4 1.87557E-4 2.01598E-4 1.87384E-4 2.24237E-4 2.89676E-4 2.69263E-4 2.06384E-4 1.47892E-4 1.34941E-4 1.2641E-4 1.43206E-4 1.99804E-4 2.71893E-4 2.91344E-4 2.30394E-4 1.52588E-4 1.23508E-4 1.06476E-4 1.26597E-4 1.5709E-4 1.8361E-4 1.63365E-4 1.80934E-4 2.00047E-4 2.40807E-4 3.83078E-4 2.64426E-4 2.77756E-4 7.07454E-4 3.5517E-4 7.08772E-4 3.46283E-4 4.48528E-4 5.428E-4 2.91244E-4 4.13996E-4 5.42958E-4 3.70193E-4 6.44175E-4 4.42973E-4 5.06759E-4 4.27435E-4 2.39641E-4 1.36672E-4 2.17869E-4 2.44134E-4 2.81039E-4 2.661E-4
