catData/rasterBestHybridModels/Pbengalensis/RDbal_RM1_L/Pbengalensis_median.asc
ncols         409
nrows         350
xllcorner     60.897278365
yllcorner     5.843756025
cellsize      0.0892857
NODATA_value  -9999
[rows 87 to 115 of 350, columns 330 to 395 of 409]
-9999 -9999 -9999 -9999 -9999 -9999 -9999 -9999 -9999 -9999 -9999 -9999 -9999 -9999 -9999 -9999 -9999 -9999 -9999 -9999 -9999 -9999 -9999 -9999 -9999 -9999 -9999 -9999 -9999 -9999 -9999 -9999 -9999 -9999 -9999 -9999 -9999 -9999 -9999 -9999 -9999 -9999 -9999 -9999 -9999 -9999 -9999 4.12227E-6 4.46818E-6 -9999 -9999 -9999 -9999 -9999 -9999 -9999 -9999 -9999 -9999 -9999 2.74973E-6 2.52491E-6 2.03317E-6 2.21068E-6 2.16507E-6 2.14539E-6
-9999 -9999 -9999 -9999 -9999 -9999 -9999 -9999 -9999 -9999 -9999 -9999 -9999 -9999 -9999 -9999 -9999 -9999 -9999 -9999 -9999 -9999 -9999 -9999 -9999 -9999 -9999 -9999 -9999 -9999 -9999 -9999 -9999 -9999 -9999 -9999 -9999 -9999 -9999 -9999 -9999 -9999 -9999 -9999 -9999 4.61109E-6 6.25572E-6 6.78887E-6 5.24763E-6 5.51556E-6 -9999 -9999 -9999 -9999 -9999 -9999 -9999 -9999 3.88515E-6 3.7873E-6 3.48125E-6 2.696E-6 2.69663E-6 2.72321E-6 2.64365E-6 3.23572E-6
-9999 -9999 -9999 -9999 -9999 -9999 -9999 -9999 -9999 -9999 -9999 -9999 -9999 -9999 -9999 -9999 -9999 -9999 -9999 -9999 -9999 -9999 -9999 -9999 -9999 -9999 -9999 -9999 -9999 -9999 -9999 -9999 -9999 -9999 -9999 -9999 -9999 -9999 -9999 -9999 -9999 -9999 -9999 5.18504E-6 6.53993E-6 5.92215E-6 6.62769E-6 8.71722E-6 7.49081E-6 6.19652E-6 4.6298E-6 1.13241E-5 1.88948E-5 9.85604E-6 -9999 -9999 -9999 5.51471E-6 5.58585E-6 5.05569E-6 4.38466E-6 3.65107E-6 3.41815E-6 3.48188E-6 3.73384E-6 4.77641E-6
-9999 -9999 -9999 -9999 -9999 -9999 -9999 -9999 -9999 -9999 -9999 -9999 -9999 -9999 -9999 -9999 -9999 -9999 -9999 -9999 -9999 -9999 -9999 -9999 -9999 -9999 -9999 -9999 -9999 -9999 -9999 -9999 -9999 -9999 -9999 -9999 -9999 -9999 -9999 -9999 -9999 -9999 5.3926E-6 7.04094E-6 1.03507E-5 9.1432E-6 7.44932E-6 9.96493E-6 9.39982E-6 1.04231E-5 1.21882E-5 7.14392E-5 8.4836E-5 3.77657E-5 1.56633E-5 1.25696E-5 -9999 1.14131E-5 8.16984E-6 9.14518E-6 6.35617E-6 5.38525E-6 4.40176E-6 4.8448E-6 6.07129E-6 -9999
-9999 -9999 -9999 -9999 -9999 -9999 -9999 -9999 -9999 -9999 -9999 -9999 -9999 -9999 -9999 -9999 -9999 -9999 -9999 -9999 -9999 -9999 -9999 -9999 -9999 -9999 -9999 -9999 -9999 -9999 -9999 -9999 -9999 -9999 -9999 -9999 -9999 -9999 -9999 -9999 -9999 -9999 7.21063E-6 8.29679E-6 1.25612E-5 1.43677E-5 9.68481E-6 1.60733E-5 1.67788E-5 5.22483E-5 7.48019E-5 1.31397E-4 1.07766E-4 6.8663E-5 2.23637E-5 1.43169E-5 1.44556E-5 1.59254E-5 2.49565E-5 2.22457E-5 8.19893E-6 6.55654E-6 6.71498E-6 7.21559E-6 9.6272E-6 -9999
-9999 -9999 -9999 -9999 -9999 -9999 -9999 -9999 -9999 -9999 -9999 -9999 -9999 -9999 -9999 -9999 -9999 -9999 -9999 -9999 -9999 -9999 -9999 -9999 -9999 -9999 -9999 -9999 -9999 -9999 -9999 -9999 -9999 -9999 -9999 -9999 -9999 -9999 -9999 -9999 -9999 1.05952E-5 9.67813E-6 8.46419E-6 1.53115E-5 2.52492E-5 2.04674E-5 4.60116E-5 1.30759E-4 1.47566E-4 1.26516E-4 4.59408E-5 1.12441E-4 1.59894E-4 8.6383E-5 2.8049E-5 2.8301E-5 2.11829E-5 3.2039E-5 5.03828E-5 2.69912E-5 1.45455E-5 1.33536E-5 1.33994E-5 1.36588E-5 1.30798E-5
-9999 -9999 -9999 -9999 -9999 -9999 -9999 -9999 -9999 -9999 -9999 -9999 -9999 -9999 -9999 -9999 -9999 -9999 -9999 -9999 -9999 -9999 -9999 -9999 -9999 -9999 -9999 -9999 -9999 -9999 -9999 -9999 -9999 -9999 -9999 -9999 -9999 -9999 -9999 -9999 -9999 1.24906E-5 1.6714E-5 1.68921E-5 1.6868E-5 4.27516E-5 3.81172E-5 7.00353E-5 1.38144E-4 1.41872E-4 2.35169E-4 1.58845E-4 9.46018E-5 5.99866E-5 5.49347E-5 4.40831E-5 4.12404E-5 4.91041E-5 4.4913E-5 3.71826E-5 3.9606E-5 2.02856E-5 3.92205E-5 4.25968E-5 3.64327E-5 1.78759E-5
-9999 -9999 -9999 -9999 -9999 -9999 -9999 -9999 -9999 -9999 -9999 -9999 -9999 -9999 -9999 -9999 -9999 -9999 -9999 -9999 -9999 -9999 -9999 -9999 -9999 -9999 -9999 -9999 -9999 -9999 -9999 -9999 -9999 2.85712E-6 4.36716E-6 5.51923E-6 4.62119E-6 5.73047E-6 7.7882E-6 9.79075E-6 9.52164E-6 1.21409E-5 2.30695E-5 4.7485E-5 2.48693E-5 6.35268E-5 6.74232E-5 2.14536E-4 3.45215E-4 1.0464E-4 7.18991E-5 6.76185E-5 7.55223E-5 8.16204E-5 9.95986E-5 1.15592E-4 3.78595E-5 7.22572E-5 4.75284E-5 8.87798E-5 5.31316E-5 6.29281E-5 5.59895E-5 5.8594E-5 7.21565E-5 4.38084E-5
-9999 -9999 -9999 -9999 -9999 -9999 -9999 -9999 -9999 -9999 -9999 -9999 -9999 -9999 -9999 -9999 -9999 -9999 -9999 -9999 -9999 -9999 -9999 -9999 -9999 -9999 -9999 -9999 -9999 -9999 -9999 -9999 -9999 6.04875E-6 4.85156E-6 8.33704E-6 6.06969E-6 6.6387E-6 7.39829E-6 1.18488E-5 1.47362E-5 1.52023E-5 2.10072E-5 6.15341E-5 1.03774E-4 1.45624E-4 1.11369E-4 4.35427E-4 1.77026E-4 1.10478E-4 9.72798E-5 1.08259E-4 1.5122E-4 8.58093E-5 1.28878E-4 2.21274E-4 7.96113E-5 1.32413E-4 1.75967E-4 1.97114E-4 2.22238E-4 1.63271E-4 1.57209E-4 5.9626E-5 6.41863E-5 4.32138E-5
-9999 -9999 -9999 -9999 -9999 -9999 -9999 -9999 -9999 -9999 -9999 -9999 -9999 -9999 -9999 -9999 -9999 -9999 -9999 -9999 -9999 -9999 -9999 -9999 -9999 -9999 -9999 -9999 -9999 -9999 -9999 -9999 5.07808E-6 7.82003E-6 8.13076E-6 9.50878E-6 7.57191E-6 5.87025E-6 7.59406E-6 1.25868E-5 1.45343E-5 2.36282E-5 5.22011E-5 8.06405E-5 1.59551E-4 9.78182E-5 2.46299E-4 1.43923E-4 1.99432E-4 1.92684E-4 3.1502E-4 1.17159E-4 1.27283E-4 9.25485E-5 1.35239E-4 2.75952E-4 5.45433E-4 1.4937E-4 1.58963E-4 1.18519E-4 3.28309E-4 3.48307E-4 2.03846E-4 6.07206E-5 6.18771E-5 5.69354E-5
-9999 -9999 -9999 -9999 -9999 -9999 -9999 -9999 -9999 -9999 -9999 -9999 -9999 -9999 -9999 -9999 -9999 -9999 -9999 -9999 -9999 -9999 -9999 -9999 -9999 -9999 -9999 -9999 -9999 -9999 -9999 -9999 8.93961E-6 1.07146E-5 1.30997E-5 1.02369E-5 1.04505E-5 5.17097E-5 8.00425E-5 7.67202E-5 6.80043E-5 7.11038E-5 7.95541E-5 9.64437E-5 1.05609E-4 4.0124E-4 6.63593E-4 1.63587E-4 4.01459E-4 3.63157E-4 5.87642E-4 2.41545E-4 2.02732E-4 1.48758E-4 2.43682E-4 1.74675E-4 3.65422E-4 5.15852E-4 3.03394E-4 4.88194E-4 7.80131E-4 3.07384E-4 3.82268E-4 4.01631E-4 1.59292E-4 1.19437E-4
-9999 -9999 -9999 -9999 -9999 -9999 -9999 -9999 -9999 -9999 -9999 -9999 -9999 -9999 -9999 -9999 -9999 -9999 -9999 -9999 -9999 -9999 -9999 -9999 -9999 -9999 -9999 -9999 -9999 -9999 8.66105E-6 9.07495E-6 1.1261E-5 1.35932E-5 1.85913E-5 1.91112E-5 1.99612E-5 5.89109E-5 5.47005E-5 1.32276E-4 1.40698E-4 5.22186E-5 8.71599E-5 1.87867E-4 3.64878E-4 5.07992E-4 3.88577E-4 4.58874E-4 4.7852E-4 1.06483E-3 5.5338E-4 3.66463E-4 3.14396E-4 1.93298E-4 5.84422E-4 5.99196E-4 1.09784E-3 7.99257E-4 6.71729E-4 1.36927E-4 2.07945E-4 4.58059E-4 3.2404E-4 3.64725E-4 1.13972E-3 2.6285E-4
6.58655E-5 5.77686E-5 -9999 -9999 -9999 -9999 -9999 -9999 -9999 -9999 -9999 -9999 -9999 -9999 -9999 -9999 -9999 -9999 -9999 -9999 -9999 -9999 -9999 -9999 -9999 -9999 -9999 -9999 -9999 8.58665E-6 7.80568E-6 7.35511E-6 1.71963E-5 2.00314E-5 2.30158E-5 4.02772E-5 4.95526E-5 8.63706E-5 7.79199E-5 9.03155E-5 7.05635E-5 1.00845E-4 8.42587E-5 1.15128E-4 7.05267E-4 1.08878E-3 9.6683E-4 1.11663E-3 4.1227E-4 4.25774E-4 4.14222E-4 3.86143E-4 3.65733E-4 2.46127E-4 1.107E-3 2.4132E-3 5.96332E-4 2.89061E-4 1.44296E-4 1.47235E-4 1.10466E-4 7.21654E-4 4.8777E-4 7.3183E-4 7.70177E-4 2.06085E-4
8.82688E-5 -9999 -9999 -9999 -9999 -9999 -9999 -9999 -9999 -9999 -9999 -9999 -9999 -9999 -9999 -9999 -9999 -9999 -9999 -9999 -9999 -9999 -9999 -9999 -9999 -9999 4.70037E-5 2.41596E-5 1.80001E-5 1.41144E-5 1.10374E-5 1.02107E-5 1.71557E-5 4.05326E-5 4.06237E-5 4.83069E-5 7.61801E-5 1.14835E-4 1.03547E-4 2.20847E-4 1.41843E-4 1.18684E-4 3.55829E-4 3.04444E-4 2.27771E-4 6.14923E-4 1.3917E-3 1.9747E-3 6.14535E-4 3.79771E-4 3.77218E-4 7.13123E-4 5.90762E-4 3.05261E-4 7.24762E-4 5.46962E-4 3.22185E-4 2.18748E-4 1.5822E-4 1.66403E-4 8.02492E-5 1.93728E-4 1.38597E-3 1.03435E-3 1.53006E-3 8.61855E-4
1.41076E-4 1.28305E-4 1.48395E-4 1.51331E-4 1.91126E-4 -9999 -9999 -9999 -9999 -9999 2.26074E-4 2.02667E-4 -9999 -9999 -9999 -9999 -9999 -9999 -9999 -9999 -9999 -9999 -9999 -9999 -9999 -9999 -9999 2.52063E-5 1.27181E-5 1.21546E-5 1.66682E-5 2.83295E-5 9.68106E-5 1.06343E-4 1.70242E-4 1.18092E-4 2.17047E-4 3.19235E-4 3.73163E-4 2.85121E-4 2.62512E-4 2.67115E-4 1.74274E-4 1.71269E-4 8.03855E-4 7.10507E-4 1.21277E-3 2.5022E-3 1.65221E-3 7.25011E-4 4.53545E-4 3.7444E-4 5.50707E-4 1.18247E-3 7.30271E-4 3.90514E-4 3.25918E-4 2.77189E-4 1.76951E-4 1.09102E-4 9.30036E-5 1.41692E-4 2.37437E-4 2.95233E-4 3.77387E-4 9.29009E-4
1.83474E-4 1.7299E-4 1.88461E-4 1.87974E-4 2.1751E-4 1.91652E-4 2.05186E-4 1.89652E-4 1.49189E-4 2.11367E-4 2.85343E-4 2.35342E-4 2.74397E-4 3.23094E-4 -9999 -9999 -9999 -9999 -9999 -9999 -9999 -9999 -9999 -9999 -9999 -9999 -9999 2.87433E-5 1.49124E-5 1.11486E-5 1.73933E-5 1.48394E-5 9.10186E-5 1.21788E-4 3.04756E-4 2.6159E-4 2.42231E-4 3.09404E-4 3.78136E-4 4.27466E-4 4.2872E-4 2.6029E-4 2.43882E-4 1.85601E-4 6.43419E-4 1.36989E-3 1.65503E-3 4.4997E-3 3.03882E-3 1.16155E-3 6.53101E-4 1.72975E-3 2.56828E-3 1.24642E-3 2.60196E-4 2.39081E-4 2.3499E-4 1.77079E-4 1.30579E-4 9.14476E-5 9.36001E-5 1.4343E-4 2.41951E-4 3.12989E-4 4.42605E-4 3.70258E-4
2.17902E-4 2.02311E-4 2.19496E-4 2.26233E-4 2.43953E-4 2.39378E-4 2.233E-4 1.98717E-4 1.55671E-4 2.80072E-4 3.01124E-4 2.3921E-4 2.43788E-4 3.02789E-4 -9999 -9999 -9999 -9999 -9999 -9999 -9999 -9999 -9999 -9999 -9999 7.79168E-5 4.90814E-5 3.06765E-5 1.69395E-5 1.57349E-5 2.59788E-5 4.31253E-5 1.10515E-4 1.9733E-4 4.35496E-4 3.62726E-4 5.52195E-4 5.74964E-4 5.46604E-4 7.35552E-4 1.13959E-3 3.51141E-4 5.30934E-4 7.77605E-4 1.42025E-3 2.37577E-3 3.08329E-3 1.19333E-3 2.6689E-3 2.54602E-3 3.75658E-3 2.31945E-3 1.53325E-3 4.67701E-4 1.46638E-4 1.4933E-4 2.03664E-4 1.1969E-4 1.05039E-4 9.84909E-5 9.06691E-5 1.34988E-4 2.58389E-4 2.88755E-4 5.4559E-4 3.22792E-4
2.50586E-4 2.34393E-4 2.52912E-4 2.83673E-4 2.92675E-4 2.80671E-4 2.3891E-4 2.21149E-4 2.16931E-4 3.01266E-4 2.8433E-4 2.52957E-4 2.55492E-4 3.25144E-4 2.71283E-4 2.47923E-4 -9999 -9999 -9999 3.06894E-4 2.37902E-4 2.09594E-4 -9999 1.46782E-4 8.77686E-5 5.81873E-5 3.77559E-5 2.99983E-5 2.60205E-5 2.88563E-5 4.84068E-5 6.22627E-5 1.42977E-4 1.27079E-4 1.90423E-4 6.25249E-4 1.09813E-3 1.00306E-3 1.74272E-3 2.86717E-3 1.3131E-3 7.14306E-4 1.27344E-3 9.75034E-4 1.01027E-3 1.79116E-3 2.41173E-3 2.84537E-3 2.39463E-3 2.78616E-3 5.55513E-4 1.67694E-4 1.00672E-4 1.02256E-4 1.04432E-4 1.13273E-4 1.73339E-4 1.85206E-4 1.82321E-4 1.73375E-4 1.16959E-4 1.18782E-4 1.60627E-4 2.14259E-4 2.42607E-4 2.54938E-4
3.12851E-4 3.78514E-4 3.11204E-4 3.32556E-4 3.70646E-4 2.87082E-4 2.53751E-4 3.80473E-4 6.54382E-4 3.21308E-4 3.2014E-4 4.39138E-4 3.45705E-4 3.23043E-4 2.54597E-4 2.22245E-4 3.38961E-4 3.86859E-4 3.64449E-4 3.14516E-4 2.34825E-4 1.8722E-4 1.60904E-4 1.43177E-4 8.44828E-5 5.27931E-5 4.85038E-5 4.2314E-5 6.61685E-5 5.09935E-5 4.97844E-5 9.80043E-5 2.25782E-4 3.64205E-4 5.49122E-4 7.93754E-4 5.1735E-4 1.59751E-3 3.2253E-3 3.36309E-3 1.8408E-3 6.96481E-4 4.5236E-4 9.34996E-4 1.56167E-3 2.58605E-3 2.97217E-3 1.99357E-3 5.02905E-4 2.54992E-4 1.3934E-4 1.44747E-4 1.31589E-4 1.54756E-4 1.5851E-4 1.63578E-4 1.73041E-4 2.1866E-4 2.18569E-4 1.79288E-4 1.36893E-4 1.25497E-4 1.90971E-4 1.50601E-4 1.62875E-4 1.71837E-4
3.69049E-4 3.89837E-4 4.03959E-4 4.50167E-4 4.66302E-4 3.17341E-4 3.5404E-4 5.35368E-4 3.72324E-4 2.87415E-4 5.75577E-4 6.82359E-4 4.22239E-4 8.48249E-4 2.75524E-4 1.90623E-4 2.88683E-4 4.34753E-4 3.81972E-4 3.5725E-4 2.59486E-4 2.09876E-4 1.73555E-4 2.17338E-4 2.16982E-4 2.08844E-4 2.69003E-4 1.38738E-4 1.37118E-4 4.58913E-5 8.766E-5 1.52858E-4 2.46043E-4 3.93749E-4 4.64321E-4 1.1872E-3 1.00551E-3 1.14634E-3 1.31189E-3 1.17634E-3 2.43906E-3 1.29514E-3 2.33496E-3 8.9984E-4 8.56098E-4 4.88338E-4 5.11302E-4 2.29693E-4 1.74204E-4 1.69E-4 2.73619E-4 2.93493E-4 2.35388E-4 3.12145E-4 2.31496E-4 2.4328E-4 2.69028E-4 2.94983E-4 3.8178E-4 2.2963E-4 1.53724E-4 1.13809E-4 9.23445E-5 9.80346E-5 1.79405E-4 1.61955E-4
4.24479E-4 5.01158E-4 6.41419E-4 4.88651E-4 7.03039E-4 2.95167E-4 3.27094E-4 5.03012E-4 2.81605E-4 2.24414E-4 5.15708E-4 6.86492E-4 5.56735E-4 3.59641E-4 1.73241E-4 4.24316E-4 6.02E-4 5.56413E-4 4.75691E-4 3.11273E-4 2.34147E-4 2.36303E-4 7.82826E-4 1.40822E-3 8.15719E-4 5.75508E-4 2.49597E-4 3.09484E-4 2.30235E-4 7.02593E-5 1.11412E-4 2.44718E-4 2.89647E-4 7.04736E-4 4.27427E-4 8.75426E-4 1.45187E-3 3.11877E-4 3.36712E-4 1.494E-3 1.55308E-3 3.32564E-4 3.9378E-4 1.12202E-4 1.20645E-4 1.79274E-4 2.61931E-4 3.34553E-4 2.22484E-4 2.82965E-4 3.36986E-4 3.09433E-4 2.19544E-4 3.40219E-4 3.076E-4 3.16386E-4 3.36414E-4 2.91852E-4 2.6752E-4 2.47451E-4 1.96579E-4 1.31144E-4 1.05073E-4 9.28104E-5 6.87908E-5 8.46402E-5
5.06952E-4 4.82913E-4 3.33536E-4 4.79503E-4 5.26801E-4 3.23952E-4 5.84221E-4 1.26737E-3 6.00243E-4 4.54149E-4 1.76779E-3 1.07521E-3 8.0719E-4 2.57304E-4 4.35515E-4 3.75777E-4 5.71314E-4 5.12351E-4 3.18385E-4 2.88852E-4 1.8168E-4 1.67878E-4 5.32544E-4 7.18128E-4 5.06616E-4 5.82262E-4 9.27391E-4 7.3322E-4 3.01374E-4 1.07738E-4 1.34519E-4 1.93706E-4 3.00773E-4 8.19947E-4 5.47614E-4 5.19627E-4 7.41979E-4 4.27514E-4 4.78684E-4 7.52559E-4 6.82144E-4 5.07601E-4 2.34011E-4 1.19432E-4 1.06738E-4 1.51339E-4 2.16236E-4 2.52432E-4 2.65613E-4 2.04144E-4 2.55942E-4 2.4372E-4 1.77181E-4 2.43563E-4 2.52127E-4 4.40705E-4 3.50764E-4 2.46055E-4 3.6816E-4 3.24437E-4 2.25504E-4 1.52172E-4 1.18732E-4 1.16118E-4 9.44283E-5 6.57666E-5
5.47868E-4 1.33481E-3 5.66682E-4 1.40731E-3 1.13919E-3 6.4751E-4 8.70404E-4 1.11E-3 1.28471E-3 6.1507E-4 1.47219E-3 2.64226E-4 2.61435E-4 6.7707E-4 6.28499E-4 6.46091E-4 2.3375E-4 1.8861E-4 2.01252E-4 3.79073E-4 4.69069E-4 4.38785E-4 4.47853E-4 7.58607E-4 6.07776E-4 5.89988E-4 7.66981E-4 6.21689E-4 2.34957E-4 1.00629E-4 1.37448E-4 2.41439E-4 3.62027E-4 5.67528E-4 5.0677E-4 6.58119E-4 8.02302E-4 9.00504E-4 3.99659E-4 8.76064E-4 3.84848E-4 2.52613E-4 2.26785E-4 1.68582E-4 1.13125E-4 1.14195E-4 1.42016E-4 1.58273E-4 1.86329E-4 1.50051E-4 1.80303E-4 1.82383E-4 1.40646E-4 1.54537E-4 3.23073E-4 3.19721E-4 2.86007E-4 2.11147E-4 2.84963E-4 3.44638E-4 2.76244E-4 2.35959E-4 1.48664E-4 1.70424E-4 1.43238E-4 8.88563E-5
6.66351E-4 1.40711E-3 2.79415E-3 3.44861E-3 3.49097E-3 1.27959E-3 3.75294E-4 6.69183E-4 4.447E-4 3.87039E-4 9.14654E-4 3.23084E-4 3.18934E-4 4.7423E-4 9.05041E-4 8.62007E-4 2.20187E-4 1.57957E-4 2.28005E-4 4.51218E-4 3.82359E-4 3.86775E-4 5.44044E-4 4.99451E-4 1.0149E-3 1.64784E-3 1.74044E-3 1.1798E-3 8.7649E-4 3.17194E-4 2.9724E-4 1.80787E-4 3.09006E-4 3.719E-4 1.02982E-3 1.12869E-3 7.00796E-4 1.40332E-3 6.05152E-4 1.99656E-4 2.02298E-4 3.05949E-4 2.8538E-4 1.85073E-4 1.1982E-4 8.56407E-5 1.02116E-4 1.52444E-4 1.27596E-4 1.81492E-4 2.66094E-4 2.68421E-4 1.86371E-4 1.50076E-4 2.3206E-4 3.1776E-4 2.55657E-4 1.96922E-4 3.50176E-4 4.91538E-4 4.85332E-4 5.47816E-4 3.46361E-4 4.1778E-4 -9999 -9999
1.26534E-3 1.83661E-3 3.96522E-3 1.55213E-3 1.56988E-3 9.78278E-4 3.41966E-4 4.56272E-4 2.67191E-4 3.72807E-4 4.28792E-4 4.24401E-4 4.45486E-4 2.81727E-4 4.29698E-4 6.23728E-4 3.73616E-4 1.48E-4 3.46546E-4 4.19927E-4 4.26447E-4 4.75098E-4 7.47376E-4 2.08904E-3 2.45504E-3 3.24851E-3 2.58255E-3 2.35793E-3 1.22413E-3 8.2781E-4 4.16897E-4 5.68003E-4 7.40059E-4 8.26731E-4 1.0892E-3 1.47238E-3 1.60649E-3 6.24978E-4 2.3001E-4 1.80429E-4 1.72829E-4 2.07525E-4 1.98977E-4 1.54658E-4 1.13315E-4 1.06574E-4 1.88628E-4 1.60816E-4 1.47417E-4 1.74333E-4 2.49193E-4 2.57253E-4 1.94498E-4 1.57022E-4 2.21709E-4 2.93132E-4 2.6012E-4 2.35073E-4 4.04301E-4 5.26117E-4 4.49747E-4 7.07928E-4 1.02133E-3 -9999 -9999 -9999
3.7215E-4 1.35857E-3 2.12246E-3 1.85496E-3 1.85804E-3 7.68307E-4 5.78677E-4 3.43086E-4 2.76681E-4 6.80226E-4 1.08873E-3 1.03196E-3 1.31282E-3 6.44094E-4 4.40486E-4 6.50149E-4 6.99947E-4 5.23029E-4 3.6068E-4 3.90409E-4 5.90404E-4 1.33432E-3 1.27271E-3 9.78976E-4 2.17835E-3 1.08035E-3 7.93102E-4 9.28679E-4 9.31135E-4 8.46136E-4 7.17016E-4 6.86457E-4 1.59885E-3 9.86154E-4 6.78779E-4 6.57862E-4 4.17288E-4 3.43265E-4 2.02108E-4 2.80947E-4 2.58971E-4 2.06633E-4 1.22649E-4 1.12346E-4 9.56818E-5 1.80661E-4 1.87169E-4 2.39865E-4 2.24984E-4 1.64608E-4 2.36003E-4 2.59771E-4 2.89775E-4 1.99481E-4 1.62224E-4 2.10584E-4 2.2193E-4 3.46841E-4 9.41353E-4 7.63557E-4 8.94232E-4 5.51284E-4 -9999 -9999 -9999 -9999
6.19734E-4 2.4653E-4 4.3904E-4 4.68603E-4 7.78414E-4 6.5823E-4 7.31244E-4 5.378E-4 7.41895E-4 6.02024E-4 1.02945E-3 1.26563E-3 9.1806E-4 6.27573E-4 4.45076E-4 4.70643E-4 4.90434E-4 7.9158E-4 6.25243E-4 6.16671E-4 5.27948E-4 4.59429E-4 4.15802E-4 6.665E-4 2.99161E-4 3.15369E-4 1.93222E-4 1.9565E-4 1.69345E-4 2.67881E-4 1.82663E-4 8.24158E-5 2.04956E-4 2.41297E-4 1.80386E-4 2.65323E-4 2.6197E-4 2.04973E-4 1.83956E-4 2.51106E-4 2.35846E-4 1.70331E-4 1.25372E-4 1.29402E-4 1.6544E-4 1.52351E-4 1.88822E-4 2.73554E-4 2.51388E-4 2.46059E-4 1.75368E-4 3.39778E-4 3.25319E-4 2.19513E-4 1.70291E-4 1.58695E-4 3.31678E-4 1.24869E-3 1.92875E-3 1.38955E-3 -9999 -9999 -9999 -9999 -9999 -9999
1.95936E-4 1.2948E-4 2.00302E-4 5.49341E-4 8.318E-4 1.28036E-3 1.15166E-3 1.17114E-3 9.39375E-4 6.27813E-4 6.81952E-4 9.31868E-4 1.08632E-3 7.53258E-4 3.29234E-4 1.52306E-4 1.16504E-4 1.53603E-4 2.80418E-4 3.02973E-4 1.87116E-4 1.21681E-4 1.22129E-4 1.43207E-4 1.93973E-4 2.77042E-4 2.4153E-4 1.60503E-4 1.1145E-4 7.87825E-5 6.21916E-5 4.91848E-5 7.26707E-5 9.91297E-5 1.46568E-4 2.32723E-4 3.26616E-4 2.223E-4 1.4255E-4 1.6929E-4 2.16316E-4 2.07188E-4 2.59768E-4 2.59773E-4 1.52292E-4 1.94517E-4 2.48547E-4 2.13795E-4 2.41931E-4 2.56077E-4 2.16536E-4 1.82266E-4 2.42759E-4 2.04827E-4 2.55517E-4 1.46438E-4 2.01767E-4 7.18381E-4 7.99522E-4 -9999 -9999 -9999 -9999 -9999 -9999 -9999
1.64502E-4 1.13579E-4 8.48366E-5 1.59073E-4 2.15322E-4 2.69773E-4 4.21438E-4 3.92003E-4 1.78238E-4 1.30567E-4 3.0794E-4 2.46351E-4 3.35377E-4 2.89215E-4 1.87107E-4 1.20643E-4 9.97937E-5 1.43633E-4 2.21136E-4 2.88211E-4 2.42205E-4 1.35422E-4 1.73127E-4 2.23491E-4 1.97909E-4 2.44363E-4 2.22529E-4 1.50394E-4 1.2626E-4 9.82115E-5 7.43951E-5 5.51258E-5 6.49589E-5 9.08639E-5 1.27828E-4 1.77882E-4 2.06361E-4 1.74621E-4 1.83644E-4 2.70555E-4 2.40959E-4 1.82303E-4 2.58376E-4 2.66337E-4 1.77889E-4 2.03838E-4 2.96457E-4 2.37759E-4 2.21029E-4 2.00565E-4 2.61217E-4 4.09042E-4 3.37719E-4 3.16787E-4 2.55832E-4 2.05727E-4 2.31368E-4 -9999 -9999 -9999 -9999 -9999 -9999 -9999 -9999 -9999
