catData/rasterBestHybridModels/Pbengalensis/RDbal_RM1_L/Pbengalensis_max.asc
ncols         409
nrows         350
xllcorner     60.897278365
yllcorner     5.843756025
cellsize      0.0892857
NODATA_value  -9999
[rows 116 to 144 of 350, columns 198 to 263 of 409]
3.92831E-5 4.67521E-5 5.36174E-5 4.93456E-5 6.3801E-5 7.8324E-5 9.02209E-5 7.62442E-5 5.68824E-5 6.27816E-5 6.23763E-5 5.05332E-5 5.17959E-5 5.20083E-5 4.42203E-5 4.57345E-5 5.2025E-5 5.49285E-5 7.55052E-5 9.84225E-5 8.94914E-5 1.00659E-4 9.48363E-5 8.45899E-5 7.00411E-5 5.9877E-5 6.60157E-5 8.41398E-5 1.06698E-4 9.46202E-5 7.84001E-5 7.73832E-5 6.47971E-5 4.87366E-5 4.69802E-5 4.48939E-5 4.88118E-5 6.43033E-5 8.58249E-5 1.06493E-4 1.06716E-4 9.66009E-5 9.87648E-5 1.08404E-4 1.01999E-4 9.99977E-5 1.09261E-4 1.02384E-4 8.40031E-5 1.07688E-4 1.21732E-4 1.19533E-4 1.06305E-4 1.43516E-4 1.40743E-4 1.1369E-4 1.23459E-4 1.59729E-4 1.57563E-4 1.25723E-4 9.69561E-5 9.485E-5 8.53073E-5 9.02882E-5 1.18075E-4 1.34444E-4
5.81536E-5 6.87282E-5 8.83266E-5 6.22646E-5 6.22855E-5 6.73913E-5 8.46121E-5 6.75031E-5 5.67048E-5 9.2048E-5 9.54787E-5 5.48278E-5 8.28096E-5 8.19676E-5 5.84066E-5 5.64141E-5 4.54928E-5 6.22301E-5 1.01723E-4 1.02077E-4 7.50958E-5 9.51477E-5 7.35481E-5 5.53589E-5 5.99922E-5 5.46376E-5 5.55372E-5 8.30669E-5 1.39236E-4 1.12632E-4 7.61937E-5 5.68259E-5 4.91664E-5 3.93482E-5 4.62795E-5 5.47305E-5 5.63674E-5 6.59054E-5 8.98166E-5 1.48599E-4 1.32408E-4 1.02941E-4 1.51469E-4 1.20324E-4 1.09662E-4 1.42235E-4 1.211E-4 9.32074E-5 6.96411E-5 8.00883E-5 8.26366E-5 7.90841E-5 1.08485E-4 1.42976E-4 1.17763E-4 9.20886E-5 9.95386E-5 1.17937E-4 1.21787E-4 1.12104E-4 9.06994E-5 7.23044E-5 7.60628E-5 9.89667E-5 1.21209E-4 1.39653E-4
9.60434E-5 6.44216E-5 7.88226E-5 8.46629E-5 6.66914E-5 2.80687E-5 5.21825E-5 4.51633E-5 4.75558E-5 6.50721E-5 8.41535E-5 5.60375E-5 8.03091E-5 7.95102E-5 9.19314E-5 8.26381E-5 5.40494E-5 5.11613E-5 7.80545E-5 1.15121E-4 6.80548E-5 1.04505E-4 7.60398E-5 6.33716E-5 9.87098E-5 7.96395E-5 7.49794E-5 8.80183E-5 1.21054E-4 9.07075E-5 7.50254E-5 6.6268E-5 5.46665E-5 5.01771E-5 6.2278E-5 5.72509E-5 7.2749E-5 6.52213E-5 7.76091E-5 1.0011E-4 9.59182E-5 9.51169E-5 1.2764E-4 1.08146E-4 1.14581E-4 1.53174E-4 1.30558E-4 9.59088E-5 7.67889E-5 8.12014E-5 6.97957E-5 8.05754E-5 1.06619E-4 1.40922E-4 6.93971E-5 1.02393E-4 1.27222E-4 1.34869E-4 1.76899E-4 1.21667E-4 9.31993E-5 7.40415E-5 8.27632E-5 1.11447E-4 1.37533E-4 1.8602E-4
6.86962E-5 5.57403E-5 4.17169E-5 4.59487E-5 5.38078E-5 1.38505E-5 3.70789E-5 3.87671E-5 3.26153E-5 4.00072E-5 9.00303E-5 7.84027E-5 7.08661E-5 5.38769E-5 7.58351E-5 9.01638E-5 6.50719E-5 4.44615E-5 6.4537E-5 8.21522E-5 7.7943E-5 6.08504E-5 7.00999E-5 8.2155E-5 1.09335E-4 1.14676E-4 9.65136E-5 8.39487E-5 1.12756E-4 1.00201E-4 1.14459E-4 7.86952E-5 6.33484E-5 6.68395E-5 7.3066E-5 1.02232E-4 8.19727E-5 7.68611E-5 6.54364E-5 6.92E-5 6.65993E-5 6.94391E-5 7.78658E-5 1.13547E-4 1.65684E-4 1.07382E-4 1.04099E-4 9.37771E-5 1.02497E-4 1.05923E-4 7.86121E-5 7.51609E-5 9.493E-5 1.08055E-4 9.47083E-5 1.00582E-4 1.6309E-4 1.06743E-4 1.16658E-4 1.05635E-4 8.5939E-5 8.93479E-5 1.02533E-4 1.08626E-4 1.40846E-4 1.80366E-4
6.16819E-5 6.4708E-5 3.43072E-5 5.22404E-5 5.22492E-5 3.86635E-5 3.73009E-5 7.92133E-5 5.10375E-5 2.69363E-5 4.66264E-5 5.85686E-5 7.74373E-5 5.55647E-5 5.91042E-5 7.44299E-5 6.29445E-5 4.3666E-5 4.70723E-5 6.03474E-5 5.83211E-5 5.1857E-5 8.2928E-5 1.10695E-4 7.20047E-5 7.28802E-5 4.09387E-5 4.54288E-5 6.54027E-5 9.59357E-5 1.096E-4 7.59811E-5 8.51534E-5 9.83814E-5 7.426E-5 1.04164E-4 9.69259E-5 7.56976E-5 8.81348E-5 7.35242E-5 7.66282E-5 6.43812E-5 8.30254E-5 1.12374E-4 9.65313E-5 9.87923E-5 1.52879E-4 1.12732E-4 1.38111E-4 1.34366E-4 1.11525E-4 1.08109E-4 1.14735E-4 1.75697E-4 1.10342E-4 1.11865E-4 1.03542E-4 8.78481E-5 7.50807E-5 8.84895E-5 1.01043E-4 1.13879E-4 1.37219E-4 1.25414E-4 1.31957E-4 1.2955E-4
4.87838E-5 8.00534E-5 4.1034E-5 3.79782E-5 4.92521E-5 2.50398E-5 5.71922E-5 7.78835E-5 6.13855E-5 2.65816E-5 2.14998E-5 3.48592E-5 4.52387E-5 8.10933E-5 9.07286E-5 4.0998E-5 5.06999E-5 6.40744E-5 6.02998E-5 4.50541E-5 3.87E-5 4.43896E-5 5.88603E-5 7.64561E-5 1.09082E-4 7.41465E-5 4.97129E-5 4.54593E-5 7.01547E-5 8.50575E-5 9.12639E-5 6.78466E-5 9.74114E-5 1.25097E-4 8.07099E-5 7.86252E-5 5.73363E-5 2.9279E-5 1.07082E-4 1.99373E-5 5.77268E-5 7.90253E-5 9.77833E-5 1.30679E-4 1.01955E-4 8.65081E-5 1.12844E-4 9.43503E-5 9.46231E-5 9.39224E-5 1.41815E-4 1.25808E-4 1.25726E-4 1.05829E-4 1.20942E-4 1.50496E-4 9.63594E-5 8.32608E-5 8.68325E-5 1.1006E-4 1.46395E-4 1.30431E-4 2.02376E-4 1.39039E-4 1.56913E-4 1.58042E-4
2.02383E-5 2.45933E-5 7.82451E-6 1.31905E-5 1.27141E-5 3.23331E-5 5.45262E-6 4.45802E-5 1.04612E-4 4.65995E-5 4.5359E-5 1.64448E-5 5.32222E-5 7.9427E-5 6.33229E-5 4.53938E-5 5.95116E-5 9.66296E-5 8.27208E-5 5.19131E-5 4.09271E-5 5.2519E-5 5.87272E-5 6.59205E-5 8.14945E-5 5.5962E-5 3.80035E-5 4.61508E-5 6.84966E-5 9.22443E-5 9.06775E-5 6.75294E-5 8.53956E-5 7.44385E-5 6.45398E-5 1.02638E-4 1.22443E-4 7.8878E-5 6.48778E-5 6.82217E-5 6.57956E-5 9.20072E-5 1.41981E-4 9.56623E-5 7.03646E-5 8.13286E-5 8.1479E-5 9.57266E-5 1.00394E-4 8.0925E-5 8.32681E-5 1.06531E-4 1.17203E-4 1.53578E-4 1.00972E-4 1.28331E-4 1.04028E-4 8.47788E-5 1.09787E-4 1.5462E-4 1.48127E-4 9.41423E-5 1.24754E-4 1.01868E-4 1.30769E-4 1.34219E-4
6.55049E-6 2.92747E-5 1.74154E-5 2.14011E-6 1.34023E-5 1.24616E-5 1.04492E-5 2.2797E-5 1.91851E-5 2.43747E-5 6.36647E-5 4.04485E-5 2.85383E-5 2.5135E-5 6.61106E-5 5.62947E-5 6.08551E-5 6.54397E-5 6.15941E-5 4.4549E-5 4.57311E-5 7.48042E-5 1.00962E-4 6.90352E-5 4.814E-5 5.44279E-5 6.82709E-5 1.3087E-4 8.49692E-5 5.72768E-5 6.50094E-5 9.45846E-5 1.30341E-4 9.2006E-5 6.03909E-5 7.41682E-5 7.34777E-5 1.26224E-4 6.94829E-5 5.67225E-5 6.18145E-5 6.93735E-5 8.0274E-5 7.13224E-5 7.51554E-5 1.19519E-4 1.17704E-4 1.14293E-4 1.23636E-4 1.08592E-4 1.28652E-4 1.40422E-4 1.21402E-4 1.19969E-4 1.11515E-4 1.32899E-4 1.07912E-4 7.86189E-5 9.26718E-5 1.23319E-4 1.1944E-4 1.65945E-4 1.20707E-4 8.68985E-5 8.75654E-5 1.22767E-4
3.8305E-5 5.10896E-5 5.03884E-5 1.36478E-5 2.15132E-5 4.14241E-5 3.15899E-5 2.77891E-5 5.6213E-5 3.2221E-5 2.34355E-5 4.95464E-5 1.8702E-5 8.02137E-5 8.96995E-5 9.21051E-5 6.78403E-5 4.17505E-5 7.04748E-5 2.35292E-5 4.47973E-5 4.52141E-5 8.4454E-5 6.46303E-5 8.28022E-5 7.66623E-5 5.99664E-5 7.2377E-5 6.35333E-5 4.90308E-5 6.00089E-5 4.88904E-5 9.13625E-5 7.10535E-5 9.43006E-5 9.71589E-5 5.78945E-5 6.48852E-5 7.55764E-5 7.69065E-5 1.02722E-4 8.32192E-5 6.02639E-5 4.92943E-5 6.62105E-5 9.06845E-5 9.14366E-5 8.17735E-5 1.10511E-4 8.81034E-5 9.18043E-5 8.62817E-5 7.32509E-5 9.98532E-5 9.29471E-5 9.98756E-5 1.03921E-4 7.37091E-5 7.81173E-5 8.68761E-5 1.02973E-4 1.23094E-4 1.69286E-4 1.02718E-4 8.88507E-5 9.78755E-5
3.02751E-5 2.34331E-5 5.18043E-5 1.1073E-5 1.34649E-5 4.95458E-5 4.32578E-5 1.87018E-5 6.37187E-5 2.52491E-5 1.85037E-5 3.77054E-6 2.1786E-5 2.75149E-5 3.67707E-5 2.75917E-5 3.8199E-5 6.15816E-5 5.91589E-5 2.39708E-5 2.64834E-5 5.36694E-5 8.02296E-5 7.78259E-5 5.30558E-5 8.58916E-5 5.81353E-5 5.57392E-5 6.20929E-5 5.28156E-5 4.77704E-5 6.40551E-5 5.94503E-5 5.7147E-5 8.30869E-5 9.80897E-5 3.05273E-5 9.48749E-5 8.48033E-5 6.00951E-5 1.14969E-4 8.78562E-5 6.02268E-5 5.08254E-5 5.59337E-5 6.62269E-5 6.4378E-5 5.84603E-5 6.7651E-5 7.62547E-5 1.213E-4 1.04684E-4 6.66592E-5 6.23952E-5 6.95741E-5 1.02147E-4 9.42812E-5 7.35291E-5 1.1196E-4 1.26447E-4 8.8485E-5 8.78513E-5 1.32105E-4 1.64347E-4 1.34935E-4 1.38189E-4
3.52005E-5 4.54117E-5 3.11802E-5 4.37796E-6 5.75832E-5 2.48364E-5 1.96102E-5 1.92384E-5 2.59812E-5 9.60675E-6 1.50619E-5 4.39037E-6 2.90454E-5 4.34475E-5 5.37409E-6 3.08294E-5 3.11655E-5 3.22495E-5 3.35326E-5 2.84257E-5 2.47132E-5 5.08035E-5 6.95878E-5 7.87985E-5 5.18914E-5 4.50963E-5 4.89844E-5 7.89105E-5 7.58789E-5 2.13571E-5 4.7446E-5 6.17632E-5 8.55031E-5 6.94771E-5 3.5476E-5 3.24278E-5 6.39859E-5 7.70709E-5 6.86075E-5 5.91947E-5 5.91972E-5 6.20752E-5 6.92254E-5 6.85734E-5 6.62699E-5 9.95029E-5 1.01756E-4 6.97555E-5 6.01812E-5 6.60264E-5 8.57358E-5 7.96381E-5 6.5069E-5 6.47775E-5 5.66834E-5 6.48789E-5 6.40588E-5 6.65846E-5 9.56318E-5 1.03677E-4 7.72374E-5 6.93067E-5 7.99969E-5 9.62578E-5 9.53618E-5 8.75511E-5
4.60061E-5 6.47254E-6 3.81048E-5 2.17867E-5 3.04927E-5 8.79664E-7 3.82687E-6 4.82862E-5 1.43578E-5 3.07891E-6 3.03591E-5 1.64775E-5 3.17319E-6 5.19563E-5 3.18519E-5 3.63677E-5 6.92684E-5 7.17328E-5 4.17828E-5 1.26717E-5 1.32878E-5 3.12383E-5 5.73246E-5 3.18891E-5 3.77161E-5 3.5665E-5 6.30877E-5 7.77255E-5 5.34819E-5 3.01438E-5 8.28096E-5 3.64363E-5 1.15891E-4 1.0373E-4 4.05896E-5 5.04782E-5 8.64004E-5 8.44852E-5 8.62272E-5 5.82738E-5 5.26558E-5 4.90607E-5 1.08661E-4 1.04774E-4 6.83975E-5 8.42581E-5 9.85656E-5 8.94879E-5 9.1053E-5 7.6437E-5 5.74918E-5 6.68956E-5 1.01879E-4 9.97421E-5 6.60669E-5 6.51478E-5 6.63015E-5 7.96781E-5 7.8785E-5 6.07099E-5 6.3733E-5 6.1544E-5 6.35349E-5 6.0479E-5 7.55055E-5 8.36268E-5
1.55532E-5 3.30498E-5 5.79259E-6 7.93564E-7 1.5596E-6 2.68771E-6 1.08241E-5 8.37655E-6 2.3304E-5 4.13729E-7 1.86087E-6 1.28936E-5 3.9615E-6 4.65295E-5 4.96054E-5 2.92509E-5 5.10294E-5 4.31959E-5 4.23908E-5 1.81149E-5 5.16468E-5 8.49914E-5 7.46545E-5 1.79045E-5 4.04011E-5 1.52571E-5 5.94888E-5 5.64375E-5 6.91909E-5 6.70583E-5 1.04708E-4 6.43064E-5 9.02249E-5 6.64201E-5 5.5003E-5 5.39178E-5 7.29579E-5 8.91316E-5 7.60176E-5 8.96745E-5 5.99795E-5 4.50186E-5 8.71504E-5 8.53079E-5 1.01205E-4 1.10417E-4 8.76682E-5 8.0977E-5 1.2484E-4 8.93437E-5 5.82362E-5 7.90171E-5 9.36998E-5 9.09274E-5 6.20507E-5 9.57174E-5 9.95744E-5 1.05556E-4 1.06077E-4 7.58977E-5 8.89184E-5 7.77486E-5 7.84555E-5 7.19817E-5 9.51181E-5 1.20432E-4
8.23518E-6 6.04139E-5 4.77223E-5 1.95575E-5 1.59614E-5 5.23931E-5 5.31714E-5 2.69325E-5 4.58034E-5 1.18197E-6 3.42938E-6 2.58793E-5 1.66672E-5 8.18873E-5 7.01978E-5 4.67498E-5 4.26195E-5 5.297E-5 4.19765E-5 1.38872E-5 6.08332E-5 3.10357E-5 2.42023E-5 4.86695E-5 2.45714E-5 9.1398E-6 2.21941E-5 1.74677E-5 2.68792E-5 4.57572E-5 8.34545E-5 1.00662E-4 9.0749E-5 4.70262E-5 4.11297E-5 6.62113E-5 4.67979E-5 7.54549E-5 8.78986E-5 1.20153E-4 7.72417E-5 5.91409E-5 8.3245E-5 8.56496E-5 8.15879E-5 8.62557E-5 6.46719E-5 7.54652E-5 7.34897E-5 6.39163E-5 6.48396E-5 1.04349E-4 1.06886E-4 6.57056E-5 5.94448E-5 9.01319E-5 9.16706E-5 7.33018E-5 6.43635E-5 7.72851E-5 1.02347E-4 8.24475E-5 1.15741E-4 7.79523E-5 7.56546E-5 9.3315E-5
6.03408E-6 3.79846E-6 2.09574E-6 1.22797E-5 4.33737E-5 7.01236E-5 6.01795E-5 1.13544E-6 2.69875E-6 4.32456E-7 2.74501E-5 4.70835E-5 4.98021E-5 6.18247E-5 4.54454E-5 7.24972E-5 6.47744E-5 8.44655E-5 6.39064E-5 3.41774E-5 6.5809E-5 3.85855E-5 9.76503E-6 2.18287E-5 3.19184E-5 5.03096E-5 1.89351E-5 1.00202E-6 5.15604E-5 7.74579E-5 4.86256E-5 1.00968E-4 9.51729E-5 8.81249E-5 1.10008E-4 4.14463E-5 1.18016E-4 1.18388E-4 7.35388E-5 7.00797E-5 8.35795E-5 6.70139E-5 9.98551E-5 1.04629E-4 9.9006E-5 8.29386E-5 8.36017E-5 1.27452E-4 8.39212E-5 6.3756E-5 5.88531E-5 7.08438E-5 7.12867E-5 5.42495E-5 6.97685E-5 1.07065E-4 9.0658E-5 5.69314E-5 4.85095E-5 5.33477E-5 5.85891E-5 5.82684E-5 6.725E-5 6.48265E-5 8.0799E-5 1.1265E-4
3.05673E-7 4.77626E-6 1.0205E-5 1.79998E-5 2.08976E-5 5.12976E-5 1.20031E-7 4.4479E-7 2.90417E-5 1.27727E-5 5.76221E-6 1.70597E-5 5.61328E-6 7.29815E-6 5.87163E-5 3.39315E-5 6.09492E-5 5.82622E-5 4.97601E-5 3.35495E-5 3.64742E-5 4.51178E-5 5.66249E-5 7.39377E-5 7.96172E-5 4.95863E-5 1.77923E-5 4.69432E-5 5.55267E-5 7.77889E-5 5.23838E-5 6.45604E-5 9.77271E-5 8.89782E-5 7.94266E-5 4.79244E-5 4.26698E-5 2.67569E-5 5.05402E-5 6.14202E-5 1.22625E-4 7.91934E-5 7.73076E-5 1.16892E-4 1.01176E-4 8.34963E-5 6.8582E-5 8.4774E-5 7.27695E-5 1.04668E-4 8.34114E-5 7.89154E-5 7.39544E-5 6.23386E-5 6.12119E-5 8.40965E-5 7.58804E-5 5.31943E-5 4.08574E-5 4.00271E-5 3.99462E-5 4.91439E-5 7.16104E-5 1.07831E-4 8.50037E-5 1.10891E-4
1.39245E-7 2.36648E-6 5.53921E-6 6.54514E-6 2.59528E-5 8.21151E-5 9.0567E-6 1.77546E-5 6.03862E-5 5.70546E-5 2.03805E-5 2.79577E-5 1.79359E-5 2.40323E-6 3.22071E-5 3.48045E-5 3.41765E-5 3.44489E-5 2.3895E-5 7.61018E-6 5.88445E-5 7.10474E-5 9.27923E-5 2.56356E-5 1.30449E-5 3.62672E-5 1.57372E-5 1.91901E-5 8.80023E-6 1.17706E-5 5.7285E-6 3.54038E-5 1.08805E-5 5.24759E-7 4.03095E-6 4.22157E-5 4.64588E-5 5.30454E-5 7.18623E-5 1.20767E-4 7.49609E-5 5.25464E-5 6.57998E-5 8.53366E-5 7.08984E-5 7.66087E-5 9.31603E-5 6.92346E-5 7.35804E-5 1.00815E-4 8.45976E-5 9.53011E-5 1.23666E-4 8.10559E-5 5.23164E-5 4.66339E-5 5.07112E-5 4.40311E-5 3.41525E-5 2.98509E-5 3.77973E-5 4.94148E-5 6.95456E-5 9.40029E-5 7.50261E-5 8.5576E-5
1.77721E-6 8.40546E-6 9.97658E-8 6.45842E-7 1.82109E-5 5.59079E-5 3.97172E-5 6.56591E-6 1.01009E-5 4.68114E-6 4.09365E-6 2.70522E-5 3.27501E-5 4.28307E-5 4.1287E-5 1.6916E-5 2.58276E-5 3.0081E-5 4.89785E-5 2.59457E-5 5.26374E-6 6.82682E-5 4.88091E-5 3.75684E-5 2.21492E-5 2.86603E-5 2.77939E-5 8.73121E-6 3.0061E-5 8.15841E-6 1.00226E-5 1.26407E-6 8.54044E-7 3.68974E-6 1.2953E-5 2.40077E-5 1.96707E-5 1.23156E-5 1.60118E-5 2.74519E-5 3.66572E-5 3.59212E-5 2.95192E-5 1.54765E-5 7.83662E-5 8.62074E-5 1.04E-4 8.12587E-5 9.59141E-5 7.03989E-5 6.73748E-5 6.29824E-5 7.77607E-5 6.50049E-5 4.85557E-5 4.82851E-5 5.81784E-5 5.27885E-5 4.31725E-5 3.38195E-5 3.60764E-5 4.86549E-5 7.19054E-5 1.00606E-4 7.723E-5 4.90821E-5
3.27451E-6 1.43885E-5 4.97316E-6 2.53699E-7 9.0394E-6 2.60467E-5 9.70245E-6 5.29062E-5 2.60966E-5 3.35159E-5 2.28174E-5 2.41286E-5 2.53268E-5 1.72602E-5 2.55167E-5 1.31173E-5 2.16554E-5 1.79743E-5 1.43834E-5 3.30698E-5 4.68286E-5 8.04E-6 2.07875E-5 1.70849E-5 1.71506E-5 2.5794E-5 3.27685E-6 1.6329E-5 4.89734E-6 1.2019E-6 3.82612E-6 1.42571E-6 3.90857E-7 2.60888E-5 2.36673E-5 2.34365E-5 2.25976E-6 4.91078E-6 1.09473E-5 3.49157E-7 6.63045E-8 1.12711E-7 1.60599E-7 1.01393E-6 5.94234E-7 1.22833E-6 2.36926E-7 1.77698E-6 2.05672E-6 6.04492E-5 5.82223E-5 4.61889E-5 9.42592E-5 6.11326E-5 5.27436E-5 7.90507E-5 7.46651E-5 7.06921E-5 4.92626E-5 3.7179E-5 3.71005E-5 4.34818E-5 5.15403E-5 7.64695E-5 1.03035E-4 5.16114E-5
4.03262E-6 2.91392E-6 7.30329E-6 4.4032E-6 1.0519E-6 7.7241E-6 1.27323E-5 1.28802E-5 3.60773E-5 2.67343E-5 1.71846E-5 4.6046E-5 8.22995E-6 1.99133E-5 6.06951E-6 3.46668E-6 3.59075E-6 2.31272E-5 5.03102E-5 2.18923E-5 2.05509E-5 2.48355E-5 1.58272E-5 2.35724E-6 2.80399E-6 4.27085E-6 6.74197E-6 6.55327E-6 3.22597E-5 1.02064E-5 2.88097E-5 2.56359E-5 3.86952E-5 5.28896E-5 8.49697E-5 5.53217E-5 3.63588E-5 1.10715E-5 2.93572E-5 1.43662E-5 7.47287E-7 6.97845E-7 3.65688E-6 6.28938E-6 9.51021E-7 2.92448E-6 4.0494E-6 1.66237E-7 3.33459E-7 1.74207E-5 5.34384E-5 4.33479E-5 2.13038E-5 4.15379E-5 4.73E-5 5.95926E-5 9.77244E-5 7.01414E-5 4.91918E-5 3.71319E-5 4.41802E-5 5.48949E-5 6.94439E-5 7.06224E-5 6.75581E-5 9.83505E-5
1.1572E-5 9.66901E-6 1.12706E-5 3.03712E-6 1.68858E-6 1.54057E-5 4.9547E-5 4.86386E-6 2.39594E-5 4.79661E-6 2.51793E-5 1.17004E-5 1.03246E-6 8.40959E-6 3.32251E-5 9.24255E-7 2.55192E-6 1.02339E-5 2.79408E-5 2.91409E-5 2.22404E-5 1.72039E-5 1.07944E-5 3.80735E-6 4.62766E-6 2.15731E-5 1.34065E-5 2.22046E-5 1.44257E-5 1.46749E-5 4.72969E-5 1.36104E-5 1.74108E-5 5.51591E-6 2.21456E-6 3.14827E-6 1.35789E-5 2.39534E-5 2.0496E-5 3.98742E-6 7.32383E-6 2.38464E-6 2.16573E-7 3.58476E-7 3.5791E-7 2.30829E-6 3.17362E-5 8.96289E-6 3.99701E-5 2.077E-5 3.89082E-5 1.81041E-5 3.30947E-5 4.19655E-5 3.53321E-5 4.35152E-5 4.1531E-5 5.10429E-5 2.01583E-5 3.61312E-5 4.321E-5 3.06153E-5 1.05123E-4 8.68044E-5 5.58887E-5 6.02174E-5
8.1105E-6 4.30681E-5 3.57413E-5 1.23022E-6 2.92142E-6 3.78007E-5 4.24112E-5 3.92841E-6 1.71425E-5 4.48004E-7 1.57396E-6 2.43079E-6 1.18574E-6 2.86962E-7 8.73882E-6 1.66341E-5 4.1449E-7 1.92401E-5 2.12113E-5 1.66965E-5 2.1772E-6 5.68549E-6 1.18928E-5 2.74176E-6 2.71713E-6 1.39381E-6 6.63425E-6 1.90483E-5 8.4025E-6 5.48193E-6 9.76337E-6 1.47475E-5 2.94297E-6 7.91333E-6 2.38158E-7 2.74099E-6 2.40293E-6 1.11821E-6 6.13679E-7 3.79558E-7 4.3332E-6 6.71463E-6 1.62006E-7 4.64889E-7 5.6967E-6 4.65327E-6 1.43949E-5 3.12851E-5 5.86881E-5 3.91238E-5 4.16632E-5 4.06794E-5 2.40836E-5 1.35812E-5 2.41404E-5 3.627E-5 3.47127E-5 2.64149E-5 3.05316E-5 1.43648E-5 2.62464E-5 5.65533E-5 6.20036E-5 6.80057E-5 8.50226E-5 7.26531E-5
2.71028E-5 3.1855E-5 4.60667E-5 7.20405E-6 2.13749E-6 5.405E-6 5.44791E-7 8.94706E-7 7.81915E-6 4.41077E-6 6.09309E-6 3.60393E-7 2.03157E-6 1.29371E-7 2.34272E-6 5.13421E-6 1.48957E-5 1.82875E-5 9.12096E-6 2.86182E-6 6.54432E-6 2.94377E-7 5.39662E-7 3.98022E-6 3.32194E-5 3.99707E-5 3.72118E-5 3.34302E-5 7.25494E-5 5.02037E-5 4.24247E-5 6.67492E-5 2.42343E-5 8.55535E-7 2.08201E-6 2.98871E-6 2.41754E-5 6.69384E-5 1.40476E-6 5.14397E-8 1.16803E-7 1.23113E-6 6.0368E-8 5.31607E-8 6.2008E-6 3.75268E-7 2.50194E-6 5.51162E-6 6.30435E-5 8.27386E-5 1.01079E-4 6.00908E-5 4.17066E-5 1.08392E-5 4.3276E-6 4.2918E-6 2.21474E-5 1.45384E-5 1.44436E-5 1.56854E-5 9.24005E-6 3.85675E-5 4.72068E-5 6.42939E-5 1.02872E-4 9.87438E-5
2.77995E-7 2.47391E-7 1.65836E-5 3.43713E-5 2.08275E-6 8.69071E-7 4.2466E-7 5.53868E-7 2.56989E-6 2.62261E-6 5.06329E-6 2.70873E-6 3.08357E-6 5.92715E-6 6.67478E-6 1.47761E-5 2.24176E-5 1.16282E-5 1.91465E-7 1.6073E-7 3.17278E-7 2.21525E-6 1.75141E-5 6.07003E-5 9.78058E-6 2.16817E-5 1.60057E-5 3.37872E-5 2.74844E-5 2.56381E-5 1.77362E-5 1.1877E-5 3.44471E-5 9.63782E-6 1.15936E-5 1.48288E-6 1.96244E-6 9.26205E-8 4.09091E-8 1.61032E-7 6.65452E-8 4.13904E-7 7.2793E-9 2.55537E-8 5.38354E-8 1.59635E-7 2.72858E-6 8.96087E-7 1.87591E-6 9.4059E-7 2.82086E-5 4.83709E-5 3.35831E-5 9.74516E-6 1.6787E-5 4.5912E-6 2.30918E-5 3.38579E-5 3.60719E-5 3.25583E-5 3.47717E-5 8.53357E-5 1.02971E-4 6.7986E-5 6.51168E-5 6.47894E-5
7.69425E-9 2.45358E-8 5.92015E-8 3.55394E-7 7.59509E-7 1.56918E-6 1.97687E-7 3.58611E-7 1.61608E-6 2.83458E-5 2.7063E-5 2.7159E-5 1.40329E-5 1.1964E-5 1.1784E-5 6.112E-6 3.35544E-6 2.29966E-6 3.85943E-8 3.54536E-6 2.27004E-6 1.05246E-6 1.63494E-6 7.16353E-7 1.07041E-5 1.96565E-5 5.80876E-5 3.15758E-5 2.45446E-5 1.86299E-5 9.47842E-5 3.16388E-5 8.24952E-5 1.29191E-5 1.5804E-6 5.04405E-7 1.04029E-7 1.00804E-7 1.02014E-6 2.64888E-6 6.55897E-6 2.65356E-6 5.40342E-7 5.91876E-6 9.48071E-7 1.11362E-5 3.14699E-6 1.00205E-5 6.32113E-6 4.3459E-6 4.47819E-5 3.48699E-5 2.80802E-5 2.60627E-5 2.79912E-5 1.24565E-5 2.66031E-5 2.85478E-5 4.67056E-5 6.04323E-5 7.04266E-5 8.91436E-5 9.29661E-5 6.56234E-5 4.61524E-5 6.56382E-5
5.07637E-8 3.63048E-9 3.69633E-8 4.73229E-6 7.77219E-6 1.85193E-6 1.17857E-6 1.70752E-6 1.40276E-6 1.41054E-5 7.9087E-6 2.47585E-5 7.70112E-6 6.30554E-6 1.47627E-6 1.70277E-7 3.93382E-6 1.12852E-6 1.86101E-6 1.72071E-7 6.5489E-8 1.94966E-6 1.08205E-5 3.92122E-5 9.64642E-6 3.18168E-6 3.09179E-5 1.55516E-5 1.3438E-5 2.03608E-5 6.23835E-5 1.19578E-5 7.03517E-6 1.98714E-7 3.61489E-6 1.12217E-6 7.41234E-6 9.23174E-6 5.63421E-6 2.67996E-6 2.50619E-7 1.09537E-6 1.51932E-5 1.0474E-5 5.07628E-6 6.64918E-6 1.13056E-5 1.2771E-5 6.37954E-6 7.1944E-6 1.12076E-5 1.71988E-5 2.73966E-5 1.56258E-5 1.52956E-6 1.12478E-5 9.5136E-6 1.6093E-5 4.4057E-5 6.2913E-5 7.49625E-5 4.57575E-5 5.13998E-5 4.58679E-5 3.21172E-5 3.13524E-5
9.58479E-7 1.51529E-7 1.04049E-6 1.40093E-6 8.93326E-7 5.97789E-5 1.03721E-6 6.71074E-6 1.63903E-5 3.44446E-5 7.26193E-6 8.95397E-6 1.45549E-6 6.79794E-8 1.08876E-7 3.34245E-6 8.89354E-6 4.75106E-6 1.14978E-6 7.4868E-7 1.40909E-6 2.64686E-5 2.22535E-5 5.24571E-5 3.85925E-5 5.1406E-6 7.65615E-6 5.96146E-6 1.92887E-5 7.9378E-6 1.6144E-5 1.23544E-5 6.30918E-6 1.07852E-5 2.09427E-6 1.61604E-6 1.64202E-5 4.85764E-5 2.35472E-6 9.97438E-6 2.19895E-6 2.34492E-6 7.52543E-6 6.38792E-6 3.08884E-6 5.14528E-9 7.37193E-8 4.3136E-6 1.06067E-6 2.24006E-5 1.34433E-5 4.8726E-5 2.38774E-6 8.39435E-8 1.79274E-6 1.38985E-5 2.48445E-5 1.09117E-5 4.35357E-5 3.84852E-5 5.364E-5 5.24854E-5 1.55209E-5 1.63911E-5 1.66226E-5 1.52087E-5
6.88228E-6 6.29605E-6 4.21916E-6 9.51684E-6 9.50176E-6 8.07981E-6 3.65999E-6 1.5245E-6 3.49498E-6 1.44901E-5 2.21933E-5 3.74343E-7 6.93644E-7 4.85667E-6 6.6318E-7 1.02998E-6 4.72809E-6 5.12856E-6 3.16015E-6 4.98772E-6 9.48033E-7 6.06871E-6 1.9459E-5 6.03362E-5 3.11423E-5 2.69768E-5 2.97442E-6 3.44241E-6 4.76195E-6 1.75265E-5 8.51412E-6 9.88845E-6 4.89709E-6 1.55634E-6 2.83578E-5 2.33022E-5 2.81246E-5 2.10983E-5 5.65186E-6 2.75438E-6 6.71044E-6 5.55619E-6 2.46497E-5 2.74794E-5 2.12331E-6 6.253E-6 4.37051E-6 1.82784E-7 8.21874E-6 6.07252E-5 3.64545E-5 3.83086E-5 3.51683E-5 1.60669E-5 1.08373E-5 2.4285E-5 2.74452E-5 4.20687E-5 4.75939E-5 4.91965E-5 3.72892E-5 3.97989E-5 1.06748E-5 3.84024E-6 9.42648E-6 2.34809E-5
3.08099E-7 4.64724E-6 2.35695E-5 1.04028E-5 3.38461E-6 1.21318E-7 9.70822E-7 9.134E-7 4.53729E-6 2.97904E-6 8.59165E-7 2.43052E-5 1.18598E-5 2.13145E-7 2.14111E-7 4.1863E-7 2.34646E-6 8.98537E-6 6.14106E-7 2.15872E-6 7.13088E-6 1.22215E-5 2.61641E-5 2.4987E-5 1.53677E-5 1.93253E-6 1.49124E-6 2.41127E-6 6.54181E-7 4.36669E-6 1.63731E-6 5.12273E-6 3.97926E-6 2.07937E-5 1.96391E-6 4.11676E-6 1.02493E-5 2.10821E-6 1.36472E-5 6.07457E-6 1.98657E-6 6.10372E-7 1.75756E-6 3.07489E-6 1.2628E-6 1.02811E-5 4.18498E-5 4.5219E-5 4.07453E-5 4.25683E-5 8.23523E-5 8.49732E-5 3.72435E-5 3.60733E-5 1.58323E-5 3.50858E-5 1.98636E-5 5.39735E-5 1.06247E-4 8.23654E-5 3.48634E-5 3.55E-5 4.63177E-5 3.98964E-5 2.31385E-5 1.80058E-5
