catData/rasterBestHybridModels/Pbengalensis/RDbal_RM1_L/Pbengalensis_avg.asc
ncols         409
nrows         350
xllcorner     60.897278365
yllcorner     5.843756025
cellsize      0.0892857
NODATA_value  -9999
[rows 116 to 144 of 350, columns 66 to 131 of 409]
3.02511E-6 3.71229E-6 4.76383E-6 7.75811E-6 9.55746E-6 1.03908E-5 1.43863E-5 2.1559E-5 3.30943E-5 3.9786E-5 3.56037E-5 3.9408E-5 3.5719E-5 5.60267E-5 5.02638E-5 4.67298E-5 6.5814E-5 4.40368E-5 2.40169E-5 1.54465E-5 1.40678E-5 1.18589E-5 1.00142E-5 8.90888E-6 5.47689E-6 4.08013E-6 2.8549E-6 2.06229E-6 1.78163E-6 1.63657E-6 1.48765E-6 1.32393E-6 1.13229E-6 9.34874E-7 7.51478E-7 9.41726E-7 1.30271E-6 1.94641E-6 2.90538E-6 4.27864E-6 6.16041E-6 8.85868E-6 1.26112E-5 1.77754E-5 2.24578E-5 2.60183E-5 2.62147E-5 2.35732E-5 1.96604E-5 1.52539E-5 1.12882E-5 8.22468E-6 9.51374E-6 1.30016E-5 1.77765E-5 2.23961E-5 2.53047E-5 2.56845E-5 2.47878E-5 2.12462E-5 1.63667E-5 1.19637E-5 9.70338E-6 9.29614E-6 8.34717E-6 7.13022E-6
3.7263E-6 3.51969E-6 5.11034E-6 7.74358E-6 9.94999E-6 1.07507E-5 1.36295E-5 1.94037E-5 2.77966E-5 3.0217E-5 3.8909E-5 3.23707E-5 3.35474E-5 4.7634E-5 4.58212E-5 4.35415E-5 6.32345E-5 5.32723E-5 2.76324E-5 1.67527E-5 1.15716E-5 1.04245E-5 1.05292E-5 8.17741E-6 6.8116E-6 5.11202E-6 3.72258E-6 2.98093E-6 2.84651E-6 2.6263E-6 2.29908E-6 1.9561E-6 1.64691E-6 1.32355E-6 1.05003E-6 8.55864E-7 1.15898E-6 1.71487E-6 2.51817E-6 3.6266E-6 5.13247E-6 7.05999E-6 9.55584E-6 1.21093E-5 1.45408E-5 1.69667E-5 1.69902E-5 1.60656E-5 1.40595E-5 1.13439E-5 8.86642E-6 6.6631E-6 7.68392E-6 1.01032E-5 1.27772E-5 1.52136E-5 1.65984E-5 1.72983E-5 1.64637E-5 1.44234E-5 1.17482E-5 9.11845E-6 6.91238E-6 6.2829E-6 6.48198E-6 8.4476E-6
4.90891E-6 3.24321E-6 4.6787E-6 7.17393E-6 1.05061E-5 1.10663E-5 1.21231E-5 1.50426E-5 2.24439E-5 3.7227E-5 4.08145E-5 3.08509E-5 3.97689E-5 5.14788E-5 4.20334E-5 3.93079E-5 5.36701E-5 5.58293E-5 3.57515E-5 2.07222E-5 1.76778E-5 1.66824E-5 1.69043E-5 1.06819E-5 1.05062E-5 6.85302E-6 5.21053E-6 4.70774E-6 4.55199E-6 4.21771E-6 3.59089E-6 2.98106E-6 2.40978E-6 1.83841E-6 1.41305E-6 1.06454E-6 1.02615E-6 1.53406E-6 2.16357E-6 3.00074E-6 4.06322E-6 5.3213E-6 6.65944E-6 8.08534E-6 9.67003E-6 1.09839E-5 1.10325E-5 1.06688E-5 9.53239E-6 8.12187E-6 6.63257E-6 5.2443E-6 6.07726E-6 7.49818E-6 8.95103E-6 1.02222E-5 1.10797E-5 1.14518E-5 1.09097E-5 9.68667E-6 8.32642E-6 6.67362E-6 5.26215E-6 5.96108E-6 8.34003E-6 1.12058E-5
6.65645E-6 4.00809E-6 3.64829E-6 5.68058E-6 8.89568E-6 1.05001E-5 1.13084E-5 1.51984E-5 1.93475E-5 3.3812E-5 3.41784E-5 4.29688E-5 4.19125E-5 3.56425E-5 3.41954E-5 3.87064E-5 5.63459E-5 6.28756E-5 4.47229E-5 3.26294E-5 3.29434E-5 2.96188E-5 2.74198E-5 2.40484E-5 1.44656E-5 9.69412E-6 8.13219E-6 7.54996E-6 7.11286E-6 6.47582E-6 5.48596E-6 4.49456E-6 3.42483E-6 2.5403E-6 1.90602E-6 1.37695E-6 1.05506E-6 1.30602E-6 1.78222E-6 2.38111E-6 3.05299E-6 3.89746E-6 4.73967E-6 5.5746E-6 6.67288E-6 7.17482E-6 7.25073E-6 7.11358E-6 6.74021E-6 5.74513E-6 4.81561E-6 3.84408E-6 4.31823E-6 5.22269E-6 6.19292E-6 6.93808E-6 7.30804E-6 7.5815E-6 7.29143E-6 6.50933E-6 5.73389E-6 4.74923E-6 4.86727E-6 7.08627E-6 9.8503E-6 1.35764E-5
8.17938E-6 5.19847E-6 3.19609E-6 4.21993E-6 6.5206E-6 9.26542E-6 1.12088E-5 1.55215E-5 1.54077E-5 2.06019E-5 2.75972E-5 3.13211E-5 3.13514E-5 2.55582E-5 2.45809E-5 3.20445E-5 4.12033E-5 4.79152E-5 5.08663E-5 4.97642E-5 6.23284E-5 5.10922E-5 3.0078E-5 2.20639E-5 2.11651E-5 1.65146E-5 1.27697E-5 1.23964E-5 1.12856E-5 9.60027E-6 7.85195E-6 6.1628E-6 4.65904E-6 3.49841E-6 2.45739E-6 1.73416E-6 1.31996E-6 1.14889E-6 1.42533E-6 1.80802E-6 2.25469E-6 2.78012E-6 3.29747E-6 3.90225E-6 4.55595E-6 4.92173E-6 4.95815E-6 4.85082E-6 4.53279E-6 4.60714E-6 4.97546E-6 5.05866E-6 4.98306E-6 4.58893E-6 4.14951E-6 4.66732E-6 4.82274E-6 5.09342E-6 6.09815E-6 6.75275E-6 7.12175E-6 7.18111E-6 6.85504E-6 7.64437E-6 1.06642E-5 1.5396E-5
9.20866E-6 7.07913E-6 5.22486E-6 3.89448E-6 5.25641E-6 7.44562E-6 9.65593E-6 1.23614E-5 1.31566E-5 1.7823E-5 1.86587E-5 2.22362E-5 2.1924E-5 1.85468E-5 2.37963E-5 3.94939E-5 4.83992E-5 6.18319E-5 6.896E-5 5.0016E-5 6.59663E-5 5.73938E-5 4.80923E-5 3.71803E-5 2.48413E-5 2.96427E-5 2.2792E-5 2.14161E-5 1.80358E-5 1.42436E-5 1.08363E-5 8.26843E-6 6.14581E-6 4.43765E-6 3.0976E-6 2.15937E-6 1.77731E-6 1.67426E-6 1.44159E-6 1.35516E-6 1.68727E-6 1.99603E-6 2.38252E-6 2.82441E-6 3.10524E-6 3.32735E-6 3.95098E-6 4.95665E-6 5.94784E-6 6.71871E-6 7.33316E-6 7.56653E-6 7.37576E-6 6.726E-6 5.81859E-6 4.78458E-6 5.74827E-6 7.1736E-6 8.66147E-6 1.0122E-5 1.08688E-5 1.09981E-5 1.01116E-5 9.37088E-6 1.08286E-5 1.57366E-5
1.50027E-5 1.03791E-5 7.52094E-6 5.80646E-6 4.45364E-6 5.74549E-6 7.3983E-6 9.75477E-6 1.08788E-5 1.60529E-5 1.65915E-5 1.80656E-5 2.03697E-5 2.36494E-5 3.17585E-5 4.58016E-5 7.49981E-5 6.03265E-5 5.4067E-5 5.04968E-5 7.55944E-5 8.75118E-5 6.3809E-5 5.04267E-5 5.72898E-5 4.82631E-5 4.25344E-5 3.77094E-5 2.84601E-5 2.04086E-5 1.45342E-5 1.03192E-5 7.46629E-6 5.12542E-6 3.7173E-6 3.03705E-6 2.66619E-6 2.4041E-6 2.02831E-6 1.68267E-6 1.34684E-6 1.47182E-6 1.73033E-6 2.21242E-6 3.03497E-6 4.13526E-6 5.44427E-6 7.18906E-6 8.77345E-6 1.00111E-5 1.11232E-5 1.15367E-5 1.10129E-5 9.78398E-6 8.26797E-6 6.66044E-6 7.66788E-6 1.00055E-5 1.24699E-5 1.47337E-5 1.62948E-5 1.63679E-5 1.4851E-5 1.38666E-5 1.47518E-5 1.43112E-5
2.51953E-5 1.56682E-5 9.79884E-6 7.82769E-6 6.14643E-6 4.44813E-6 5.67232E-6 7.82719E-6 9.56641E-6 1.19403E-5 1.39296E-5 1.92661E-5 2.7007E-5 3.3324E-5 4.44859E-5 5.15748E-5 5.3711E-5 5.4019E-5 4.05563E-5 4.67927E-5 5.82438E-5 6.70193E-5 8.07942E-5 7.08198E-5 7.23233E-5 5.89649E-5 6.42236E-5 6.20017E-5 4.26757E-5 2.68329E-5 1.81773E-5 1.22272E-5 8.32421E-6 5.66469E-6 5.06598E-6 4.55529E-6 4.00154E-6 3.48159E-6 2.84394E-6 2.31095E-6 1.83955E-6 1.39442E-6 1.9054E-6 2.71442E-6 3.81732E-6 5.33129E-6 7.15205E-6 9.5576E-6 1.24892E-5 1.49917E-5 1.65985E-5 1.72027E-5 1.62899E-5 1.41079E-5 1.15341E-5 8.99385E-6 9.91169E-6 1.34005E-5 1.75896E-5 2.15463E-5 2.43574E-5 2.45299E-5 2.20835E-5 2.08615E-5 2.22512E-5 2.14712E-5
3.80007E-5 2.40991E-5 1.33724E-5 9.27015E-6 6.82981E-6 4.73438E-6 4.47563E-6 5.40692E-6 7.4604E-6 1.01475E-5 1.42634E-5 2.03686E-5 2.82703E-5 3.57594E-5 4.48309E-5 4.46714E-5 2.99954E-5 3.6982E-5 3.80901E-5 6.13231E-5 7.24538E-5 6.24445E-5 7.86633E-5 8.68785E-5 5.84374E-5 3.72819E-5 6.931E-5 6.89528E-5 5.17357E-5 3.12516E-5 2.00277E-5 1.33562E-5 8.8957E-6 7.85415E-6 7.47636E-6 6.94402E-6 5.95202E-6 4.96277E-6 3.97705E-6 3.1649E-6 2.44851E-6 1.8013E-6 2.21416E-6 3.16896E-6 4.59437E-6 6.44045E-6 9.18574E-6 1.2475E-5 1.66888E-5 2.10866E-5 2.4991E-5 2.58481E-5 2.40321E-5 2.01434E-5 1.60243E-5 1.18088E-5 1.20006E-5 1.71819E-5 2.36404E-5 3.09433E-5 3.82979E-5 3.84453E-5 3.1559E-5 2.97693E-5 3.3397E-5 3.16542E-5
4.84445E-5 3.29766E-5 1.7636E-5 1.06209E-5 7.33377E-6 4.91876E-6 3.53514E-6 4.31161E-6 6.27707E-6 9.766E-6 1.26072E-5 1.81929E-5 2.43409E-5 3.06228E-5 3.59525E-5 3.42742E-5 3.43028E-5 5.43434E-5 6.74807E-5 7.22413E-5 9.19232E-5 6.84869E-5 6.12227E-5 6.8557E-5 4.43463E-5 3.52101E-5 5.79826E-5 4.36882E-5 4.49851E-5 3.19771E-5 1.97936E-5 1.29412E-5 1.24173E-5 1.24182E-5 1.16336E-5 1.0411E-5 8.7219E-6 7.12969E-6 5.5086E-6 4.21113E-6 3.12249E-6 2.29479E-6 2.49014E-6 3.59048E-6 5.20536E-6 7.52269E-6 1.09928E-5 1.56781E-5 2.14074E-5 2.8487E-5 3.51776E-5 3.89144E-5 3.54627E-5 2.80762E-5 2.07631E-5 1.45356E-5 1.33575E-5 1.97169E-5 2.86344E-5 4.1614E-5 5.74E-5 5.71073E-5 4.13311E-5 4.09094E-5 5.07556E-5 4.76045E-5
5.11106E-5 3.57446E-5 2.22875E-5 1.27756E-5 8.1062E-6 5.28698E-6 3.66497E-6 3.97647E-6 5.46884E-6 8.18576E-6 1.11497E-5 1.50921E-5 1.91851E-5 2.2595E-5 2.48575E-5 2.81096E-5 3.4786E-5 6.44411E-5 8.48882E-5 9.37346E-5 8.8561E-5 7.9892E-5 9.77263E-5 7.07999E-5 3.53669E-5 3.39043E-5 3.79839E-5 3.69357E-5 1.95476E-5 2.57194E-5 2.12243E-5 1.95232E-5 1.96311E-5 1.95926E-5 1.78199E-5 1.54676E-5 1.26663E-5 9.74442E-6 7.31878E-6 5.47027E-6 3.90823E-6 2.82597E-6 2.63407E-6 3.8459E-6 5.61597E-6 8.11662E-6 1.18438E-5 1.74449E-5 2.4909E-5 3.5513E-5 4.90502E-5 6.00484E-5 4.99983E-5 3.56048E-5 2.42874E-5 1.63678E-5 1.34836E-5 1.97193E-5 2.92895E-5 4.26888E-5 6.04153E-5 4.89597E-5 4.37674E-5 4.5821E-5 6.52176E-5 5.8089E-5
4.69068E-5 3.37979E-5 2.4403E-5 1.43261E-5 8.41076E-6 5.63043E-6 3.91129E-6 3.54414E-6 4.7589E-6 6.44071E-6 8.58759E-6 1.11252E-5 1.39732E-5 1.51211E-5 1.59521E-5 2.31512E-5 3.61329E-5 2.67984E-5 1.5911E-5 6.84186E-5 8.31203E-5 7.87504E-5 7.22955E-5 5.7587E-5 3.50631E-5 3.06223E-5 2.999E-5 2.85102E-5 3.36417E-5 3.87479E-5 2.68501E-5 3.19505E-5 3.06129E-5 3.16848E-5 2.83862E-5 2.31366E-5 1.76971E-5 1.28276E-5 9.14777E-6 6.56925E-6 4.68676E-6 3.29667E-6 2.72358E-6 3.878E-6 5.65777E-6 8.11247E-6 1.18959E-5 1.74757E-5 2.53422E-5 3.71446E-5 5.15419E-5 6.72392E-5 5.26469E-5 3.6063E-5 2.44888E-5 1.65733E-5 1.2218E-5 1.75073E-5 2.47097E-5 3.36992E-5 4.2836E-5 4.22877E-5 4.69586E-5 5.35502E-5 4.33217E-5 4.23957E-5
3.7532E-5 2.79337E-5 2.14207E-5 1.42569E-5 8.06716E-6 5.1489E-6 3.74073E-6 3.47815E-6 3.90495E-6 4.99497E-6 7.34823E-6 1.02985E-5 1.42484E-5 1.9E-5 2.39954E-5 3.01695E-5 3.94205E-5 6.07445E-5 9.2206E-5 8.38906E-5 6.03007E-5 5.82038E-5 4.33141E-5 2.77169E-5 4.87413E-5 5.33621E-5 4.13795E-5 2.43651E-5 5.13325E-5 5.9155E-5 2.56773E-5 5.32499E-5 5.003E-5 5.33593E-5 4.49757E-5 3.25173E-5 2.23691E-5 1.5427E-5 1.06565E-5 7.49339E-6 5.26074E-6 3.64522E-6 2.60044E-6 3.68947E-6 5.31069E-6 7.61625E-6 1.08192E-5 1.54516E-5 2.16615E-5 3.02352E-5 3.85818E-5 4.24802E-5 3.79891E-5 2.93119E-5 2.09668E-5 1.46958E-5 1.03447E-5 1.41492E-5 1.89635E-5 2.43731E-5 3.01259E-5 3.94806E-5 6.3251E-5 4.35778E-5 4.16023E-5 2.72232E-5
2.83266E-5 2.20383E-5 1.73311E-5 1.18993E-5 7.0643E-6 6.70847E-6 6.0652E-6 5.51525E-6 4.4925E-6 5.82789E-6 8.37858E-6 1.21358E-5 1.71756E-5 2.45326E-5 3.56129E-5 4.679E-5 5.88918E-5 5.86826E-5 8.04859E-5 7.65225E-5 7.36759E-5 9.02275E-5 7.4129E-5 6.35803E-5 8.44878E-5 7.01687E-5 1.82864E-5 1.5749E-5 8.17526E-5 7.46667E-5 7.89483E-5 6.49086E-5 2.71752E-5 4.97615E-5 5.85234E-5 3.77703E-5 2.54259E-5 1.68416E-5 1.14345E-5 7.96953E-6 5.53708E-6 3.81661E-6 2.60618E-6 3.33667E-6 4.70209E-6 6.58421E-6 9.21817E-6 1.26088E-5 1.66534E-5 2.19922E-5 2.6175E-5 2.73455E-5 2.59134E-5 2.12724E-5 1.63968E-5 1.19995E-5 8.92412E-6 1.07932E-5 1.38305E-5 1.8418E-5 2.74576E-5 3.90601E-5 3.32936E-5 4.11546E-5 3.39455E-5 2.94695E-5
3.14773E-5 2.66743E-5 2.11011E-5 1.42891E-5 1.12788E-5 1.17128E-5 1.0338E-5 8.68841E-6 6.99258E-6 6.44042E-6 8.99204E-6 1.32615E-5 1.89065E-5 2.75222E-5 4.04229E-5 5.82415E-5 1.4386E-4 7.5165E-5 6.07866E-5 1.0503E-4 8.91334E-5 1.08681E-4 8.41551E-5 5.64038E-5 6.91946E-5 6.39125E-5 3.89227E-5 2.39764E-5 6.75793E-5 7.02814E-5 7.44321E-5 4.67445E-5 4.89691E-5 4.30421E-5 5.1977E-5 3.53702E-5 2.4176E-5 1.65336E-5 1.1433E-5 7.9407E-6 5.51643E-6 3.77887E-6 2.57936E-6 2.8907E-6 4.02034E-6 5.48648E-6 7.47169E-6 9.99166E-6 1.23251E-5 1.50047E-5 1.73322E-5 1.79198E-5 1.69367E-5 1.47937E-5 1.19693E-5 9.35765E-6 7.17291E-6 7.95657E-6 1.08026E-5 1.53575E-5 2.13025E-5 2.66525E-5 1.61559E-5 3.64503E-5 3.02131E-5 3.47939E-5
5.32981E-5 4.09313E-5 2.97825E-5 2.10784E-5 2.04021E-5 2.00838E-5 1.70564E-5 1.35847E-5 1.01947E-5 7.53851E-6 9.08471E-6 1.30093E-5 1.88278E-5 2.65709E-5 3.74825E-5 5.51637E-5 1.37737E-4 1.41317E-4 7.25146E-5 7.75033E-5 7.81436E-5 7.35222E-5 6.01971E-5 6.70368E-5 7.7702E-5 8.46215E-5 3.44955E-5 2.34795E-5 1.48971E-5 4.49545E-5 3.91066E-6 3.68702E-5 4.84106E-5 7.44057E-5 5.23633E-5 3.38789E-5 2.24757E-5 1.53377E-5 1.04508E-5 7.29523E-6 5.11921E-6 3.54921E-6 2.53505E-6 2.39853E-6 3.27839E-6 4.37047E-6 5.72126E-6 7.14515E-6 8.68556E-6 1.0245E-5 1.14682E-5 1.17167E-5 1.12595E-5 1.02137E-5 8.65513E-6 7.04046E-6 6.39509E-6 8.48864E-6 1.11832E-5 1.35379E-5 1.52515E-5 1.98003E-5 2.82294E-5 3.57564E-5 4.08816E-5 6.0362E-5
8.93516E-5 6.0885E-5 3.86131E-5 3.44569E-5 3.393E-5 3.14431E-5 2.66115E-5 2.06702E-5 1.46722E-5 1.04531E-5 8.82056E-6 1.2454E-5 1.76385E-5 2.46736E-5 3.44054E-5 4.7533E-5 4.14845E-5 6.392E-5 5.90415E-5 6.06774E-5 6.08609E-5 6.3697E-5 8.39462E-5 7.59875E-5 5.39262E-5 8.62671E-5 6.59976E-5 4.84271E-5 4.24756E-5 5.59733E-5 5.32859E-5 4.31953E-5 3.11478E-5 6.2772E-5 4.51664E-5 3.05182E-5 2.07611E-5 1.44582E-5 9.97323E-6 6.91995E-6 5.11393E-6 4.36296E-6 3.6042E-6 2.879E-6 2.5648E-6 3.31052E-6 4.19749E-6 5.16947E-6 6.11419E-6 6.96965E-6 7.63744E-6 7.78509E-6 7.53543E-6 6.86914E-6 6.53768E-6 6.99645E-6 8.35093E-6 1.15096E-5 1.5557E-5 1.90873E-5 1.47291E-5 1.95438E-5 1.03934E-5 3.50798E-5 4.30186E-5 4.60451E-5
1.33949E-4 7.77185E-5 4.59146E-5 4.70588E-5 5.00958E-5 4.76528E-5 3.97655E-5 3.04501E-5 2.07222E-5 1.54763E-5 1.40639E-5 1.46374E-5 1.56651E-5 2.11106E-5 2.80119E-5 3.57836E-5 2.86278E-5 3.39244E-5 6.04656E-5 7.90956E-5 8.38248E-5 5.81679E-5 7.67142E-5 9.57079E-5 1.94022E-5 5.98431E-5 6.74276E-5 4.11447E-5 4.72834E-5 6.55558E-5 8.93073E-5 9.79095E-5 8.64869E-6 4.6435E-5 3.24153E-5 2.43853E-5 1.77555E-5 1.27592E-5 9.32115E-6 8.54538E-6 7.50561E-6 6.28148E-6 5.06297E-6 3.87909E-6 2.95399E-6 2.45281E-6 3.06251E-6 3.70282E-6 4.27103E-6 4.79154E-6 5.08635E-6 5.83974E-6 7.24278E-6 8.62666E-6 9.87568E-6 1.06731E-5 1.0823E-5 1.447E-5 1.99579E-5 2.05048E-5 3.24216E-5 1.95813E-5 2.93715E-5 1.78147E-5 2.75975E-5 2.22518E-5
1.29765E-4 8.29509E-5 7.27729E-5 7.41865E-5 7.99765E-5 7.3356E-5 5.86982E-5 4.16837E-5 2.85649E-5 2.54413E-5 2.24412E-5 2.31238E-5 2.37784E-5 2.39076E-5 2.96983E-5 3.32534E-5 3.48584E-5 5.0869E-5 7.65839E-5 1.15238E-4 1.06295E-4 9.15097E-5 8.42959E-5 5.08101E-5 6.89077E-5 3.53372E-5 7.44755E-5 3.81094E-5 4.18567E-5 5.21731E-5 6.80835E-5 8.247E-5 7.49109E-5 5.34651E-5 3.44677E-5 2.34565E-5 1.56742E-5 1.42785E-5 1.41349E-5 1.29993E-5 1.10773E-5 8.86484E-6 6.85384E-6 5.11165E-6 3.77748E-6 2.7457E-6 2.17904E-6 2.58132E-6 3.33351E-6 4.56423E-6 6.05778E-6 7.89955E-6 1.0258E-5 1.28211E-5 1.52158E-5 1.62723E-5 1.61013E-5 1.68338E-5 2.42286E-5 3.03846E-5 4.61057E-5 3.82984E-5 4.13413E-5 2.94266E-5 2.02787E-5 6.6895E-6
1.00582E-4 9.25669E-5 3.26951E-4 1.20129E-4 1.32988E-4 1.10007E-4 7.62099E-5 5.19593E-5 4.6978E-5 4.3309E-5 3.58482E-5 3.73131E-5 3.97855E-5 4.24941E-5 5.48674E-5 5.07885E-5 4.37967E-5 4.53163E-5 6.77486E-5 7.80563E-5 9.51774E-5 4.00097E-5 7.08386E-5 2.08455E-5 4.12253E-5 2.12484E-6 4.89783E-6 4.41985E-5 5.53677E-5 5.8887E-5 4.57381E-5 5.82678E-5 7.0186E-5 4.92E-5 3.32111E-5 2.29943E-5 2.03527E-5 2.22293E-5 2.17497E-5 1.9432E-5 1.59041E-5 1.22522E-5 9.15197E-6 6.58268E-6 4.74116E-6 3.34342E-6 2.37837E-6 2.85638E-6 3.95095E-6 5.54224E-6 7.62494E-6 1.03627E-5 1.43227E-5 1.84851E-5 2.23995E-5 2.44012E-5 2.37447E-5 2.09435E-5 2.57128E-5 3.79129E-5 3.76688E-5 4.92011E-5 8.87775E-6 2.28366E-5 2.16798E-5 1.22023E-5
7.90263E-5 1.12882E-4 5.29386E-4 6.00322E-4 4.875E-4 1.32931E-4 8.79509E-5 6.74031E-5 7.84646E-5 7.13903E-5 5.34346E-5 5.83803E-5 6.60686E-5 6.79544E-5 7.70231E-5 8.02106E-5 9.82671E-5 6.00875E-5 5.59179E-5 7.82458E-5 8.60718E-5 8.29942E-5 1.15746E-4 9.62346E-5 7.40385E-5 1.49501E-5 1.79633E-5 5.01771E-5 8.04195E-5 9.05186E-5 5.1878E-5 4.97131E-5 4.71322E-5 4.32699E-5 3.97674E-5 3.28416E-5 3.0475E-5 3.44438E-5 3.33546E-5 2.84639E-5 2.2095E-5 1.6117E-5 1.14583E-5 8.07498E-6 5.64194E-6 3.87408E-6 2.68183E-6 3.17534E-6 4.47227E-6 6.33501E-6 9.03605E-6 1.28608E-5 1.82331E-5 2.45565E-5 3.15174E-5 3.6152E-5 3.47575E-5 2.81262E-5 2.23606E-5 3.19033E-5 4.38051E-5 1.84127E-5 2.35687E-6 1.13655E-5 2.08583E-5 3.06664E-5
-9999 -9999 -9999 1.49604E-4 -9999 1.25116E-4 9.41821E-5 1.17404E-4 1.31492E-4 1.15128E-4 8.13764E-5 9.65733E-5 1.15189E-4 9.96019E-5 9.57367E-5 1.34642E-4 1.03554E-4 6.49106E-5 8.04165E-5 1.01082E-4 1.26665E-4 6.66283E-5 9.77459E-5 9.78759E-5 1.07483E-4 7.35174E-5 4.72723E-5 3.54967E-5 6.44563E-5 7.37421E-5 6.72813E-5 4.43514E-5 5.65145E-5 6.72409E-5 5.94096E-5 4.4059E-5 4.39513E-5 5.29651E-5 5.14366E-5 4.0054E-5 2.88776E-5 1.98195E-5 1.36875E-5 9.42472E-6 6.24342E-6 4.28743E-6 2.93156E-6 3.32614E-6 4.82553E-6 6.94207E-6 9.89237E-6 1.36725E-5 2.00402E-5 2.99174E-5 4.24219E-5 5.3626E-5 4.96677E-5 3.17469E-5 1.71269E-5 1.68741E-5 7.78907E-6 2.10742E-6 5.95526E-6 1.33228E-5 2.14675E-5 3.0823E-5
-9999 -9999 -9999 -9999 1.3102E-4 1.19639E-4 1.28324E-4 1.79698E-4 2.01058E-4 1.49065E-4 9.52508E-5 1.10425E-4 1.49672E-4 1.15909E-4 9.49277E-5 1.17147E-4 1.55113E-4 8.44437E-5 6.31282E-5 8.66713E-5 8.16205E-5 6.61031E-5 4.94303E-5 3.43051E-5 5.06231E-5 7.23032E-5 4.19572E-5 1.09595E-5 2.49002E-5 6.27788E-5 5.1317E-5 4.68618E-5 6.76222E-5 9.72875E-5 7.49876E-5 4.9571E-5 5.53527E-5 7.83617E-5 7.33092E-5 5.00153E-5 3.3567E-5 2.22392E-5 1.4899E-5 1.00883E-5 6.78111E-6 4.59163E-6 3.11352E-6 3.8972E-6 5.53318E-6 7.53135E-6 1.01208E-5 1.40359E-5 2.13731E-5 3.22081E-5 4.71763E-5 6.69185E-5 5.88581E-5 4.15723E-5 3.55651E-6 4.32518E-6 2.25163E-6 5.72925E-7 7.54128E-6 2.97566E-6 3.08047E-5 7.87582E-6
-9999 -9999 -9999 -9999 -9999 9.2363E-5 -9999 1.49274E-4 1.30779E-4 1.26859E-4 1.00485E-4 9.00843E-5 1.02873E-4 8.88963E-5 6.81519E-5 9.32827E-5 1.02299E-4 4.19895E-5 5.05367E-5 5.35877E-5 1.56021E-5 1.94667E-5 4.17634E-5 1.00322E-4 3.31596E-5 6.17687E-5 2.4732E-5 8.14103E-6 4.08708E-5 4.13813E-5 4.80549E-5 4.88958E-5 5.73232E-5 6.78002E-5 6.16386E-5 4.44321E-5 5.34033E-5 7.02352E-5 6.6646E-5 4.79593E-5 3.28821E-5 2.20615E-5 1.47203E-5 9.92492E-6 6.75854E-6 4.62928E-6 3.63096E-6 5.15123E-6 7.41671E-6 1.00675E-5 1.326E-5 1.69109E-5 2.11947E-5 2.76255E-5 3.7472E-5 4.55534E-5 4.54811E-5 4.20397E-5 5.1E-5 4.58879E-5 8.69148E-6 3.23245E-6 2.80725E-6 1.19351E-5 6.00974E-6 6.28488E-6
-9999 -9999 -9999 -9999 -9999 8.19383E-5 1.19284E-4 1.43339E-4 1.51328E-4 1.92237E-4 1.23242E-4 8.31916E-5 7.6597E-5 7.76443E-5 6.85756E-5 6.25327E-5 5.91341E-5 4.47663E-5 4.73084E-5 4.2739E-5 4.3235E-5 8.72796E-6 6.56608E-5 4.57984E-5 5.71795E-5 4.07121E-5 3.14486E-5 2.37381E-5 3.92381E-5 5.42003E-5 7.1242E-5 7.67697E-5 6.12963E-5 4.54167E-5 4.23134E-5 3.40515E-5 4.15838E-5 4.73307E-5 4.62765E-5 3.72417E-5 2.76204E-5 1.95565E-5 1.35808E-5 9.52745E-6 6.55344E-6 4.54481E-6 4.3212E-6 6.61831E-6 9.63634E-6 1.25038E-5 1.68655E-5 2.26085E-5 2.91172E-5 3.41206E-5 3.61886E-5 2.95133E-5 3.8419E-5 5.96375E-5 8.28459E-5 6.70845E-5 4.5175E-5 3.02586E-5 1.75028E-5 2.32719E-6 2.27631E-6 1.05452E-5
-9999 -9999 -9999 -9999 -9999 -9999 -9999 1.35418E-4 1.40127E-4 1.38046E-4 1.06157E-4 8.09624E-5 1.07204E-4 1.22059E-4 9.80079E-5 8.21638E-5 9.28064E-5 7.90106E-5 5.83562E-5 4.22566E-5 2.94461E-5 2.18548E-5 2.62936E-5 1.29502E-5 1.0545E-4 3.58678E-5 6.31198E-5 4.22849E-5 4.38654E-5 6.23247E-5 8.88087E-5 1.08883E-4 7.16233E-5 4.77555E-5 3.18117E-5 2.46814E-5 2.91674E-5 3.16141E-5 3.06425E-5 2.65274E-5 2.15266E-5 1.60303E-5 1.17193E-5 8.52997E-6 6.0224E-6 4.17704E-6 4.68094E-6 6.91409E-6 1.07526E-5 1.59127E-5 2.09397E-5 2.79977E-5 3.9376E-5 4.69754E-5 6.05221E-5 4.96229E-5 4.0057E-5 5.95921E-5 7.63436E-5 6.40716E-5 4.27407E-5 1.1458E-5 1.31135E-5 1.54346E-5 1.8989E-5 2.882E-5
-9999 -9999 -9999 -9999 -9999 -9999 1.1091E-4 1.18511E-4 1.20335E-4 9.44674E-5 7.81287E-5 8.85546E-5 1.21156E-4 1.61333E-4 1.10942E-4 1.05679E-4 1.44377E-4 1.02512E-4 6.80247E-5 4.81835E-5 3.72151E-5 4.83863E-5 6.09149E-5 2.10078E-5 2.47838E-5 2.18192E-5 5.55056E-5 3.91403E-5 4.05014E-5 5.55287E-5 7.15908E-5 7.59735E-5 6.1943E-5 4.40186E-5 3.0171E-5 2.05045E-5 2.05554E-5 2.1851E-5 2.16896E-5 2.03019E-5 1.70679E-5 1.3088E-5 9.65989E-6 7.29712E-6 5.13777E-6 3.52982E-6 4.7796E-6 6.97441E-6 1.15562E-5 1.82923E-5 2.33036E-5 2.96781E-5 4.20698E-5 6.31784E-5 7.45648E-5 5.5336E-5 4.01945E-5 4.49111E-5 5.06171E-5 5.44985E-5 5.90583E-5 6.40171E-6 8.87914E-6 2.47585E-5 3.12942E-5 1.87028E-5
-9999 -9999 -9999 -9999 -9999 -9999 1.60886E-4 1.84522E-4 -9999 7.66441E-5 5.72273E-5 7.5933E-5 9.47926E-5 1.05094E-4 8.85164E-5 9.62145E-5 1.12228E-4 9.90783E-5 6.8204E-5 5.12578E-5 4.61806E-5 4.94233E-5 5.84878E-5 5.7572E-5 5.98904E-5 5.4971E-5 4.3523E-5 3.23259E-5 3.40513E-5 4.26787E-5 4.95877E-5 5.03441E-5 4.36648E-5 3.37967E-5 2.46366E-5 1.75196E-5 1.47365E-5 1.68021E-5 1.72334E-5 1.6199E-5 1.34459E-5 1.01786E-5 7.50768E-6 5.55824E-6 4.13513E-6 3.39743E-6 4.80622E-6 6.95814E-6 1.01962E-5 1.55334E-5 2.01622E-5 2.60206E-5 3.49862E-5 4.56912E-5 3.50498E-5 4.60821E-5 3.46917E-5 2.83365E-5 4.32758E-5 7.90229E-5 9.98322E-5 6.80142E-5 3.56458E-5 1.70825E-5 2.66358E-5 3.26278E-5
-9999 -9999 -9999 -9999 -9999 -9999 -9999 2.71212E-4 1.57171E-4 9.23586E-5 6.26817E-5 6.66723E-5 7.67928E-5 7.68395E-5 6.55673E-5 8.00636E-5 8.52455E-5 7.55253E-5 5.93161E-5 4.73857E-5 4.07901E-5 4.11719E-5 4.73206E-5 4.68018E-5 4.74915E-5 4.09546E-5 3.33689E-5 2.50367E-5 2.57506E-5 3.02823E-5 3.30934E-5 3.31282E-5 2.97968E-5 2.47394E-5 1.90432E-5 1.42818E-5 1.14039E-5 1.21397E-5 1.24015E-5 1.15613E-5 9.94015E-6 7.81487E-6 5.97119E-6 5.55962E-6 5.1921E-6 4.74687E-6 4.60831E-6 6.61023E-6 8.87502E-6 1.16904E-5 1.58162E-5 1.99104E-5 2.57924E-5 2.74324E-5 3.50197E-5 3.3369E-5 2.70322E-5 3.24232E-5 4.70433E-5 5.94206E-5 7.89935E-5 5.75665E-5 6.63915E-5 6.34773E-5 6.06414E-5 1.30715E-5
