catData/rasterBestHybridModels/Pbengalensis/RDbal_RM1_L/Pbengalensis_min.asc
ncols         409
nrows         350
xllcorner     60.897278365
yllcorner     5.843756025
cellsize      0.0892857
NODATA_value  -9999
[rows 203 to 231 of 350, columns 132 to 197 of 409]
-9999 -9999 -9999 5.06007E-6 8.27153E-6 3.83939E-6 1.85201E-5 3.47174E-5 6.99165E-5 2.95353E-5 9.2591E-7 2.6236E-6 7.85088E-7 1.3715E-6 2.24566E-6 7.60059E-6 3.61773E-6 8.21242E-6 1.01683E-5 4.64994E-6 3.97788E-6 2.60512E-5 2.87857E-6 1.20366E-6 3.04623E-7 2.0583E-6 1.39613E-6 5.88946E-6 2.38613E-5 6.26722E-6 6.76863E-6 3.48586E-6 2.1681E-6 9.82834E-7 2.19553E-6 1.02011E-6 3.44728E-8 5.45242E-8 1.06345E-6 9.55172E-8 3.07558E-7 7.75228E-7 8.09791E-6 3.42896E-9 1.05395E-7 1.93758E-7 2.07324E-7 6.23873E-7 5.29802E-7 4.19217E-8 3.87699E-7 1.07332E-6 7.32879E-8 7.63627E-8 2.78496E-7 4.49407E-6 3.24778E-7 1.53255E-9 2.06823E-8 3.70706E-6 1.63048E-5 2.22609E-8 3.37972E-5 2.28311E-5 1.16131E-5 8.16473E-6
-9999 -9999 1.41618E-4 6.34478E-6 2.18106E-6 2.0718E-5 3.40874E-5 2.24515E-5 1.23072E-4 2.19453E-6 2.69391E-6 9.87377E-8 9.64616E-7 2.57634E-6 1.02662E-5 3.15063E-6 7.69948E-7 1.4824E-5 1.33911E-5 1.45487E-5 1.2831E-5 3.43471E-5 1.27849E-5 8.19287E-6 6.57003E-6 1.50941E-6 1.68444E-6 6.37912E-6 3.36163E-5 1.80239E-5 2.00556E-5 4.23275E-6 1.26673E-6 1.35538E-6 1.48062E-6 2.98564E-6 9.70408E-8 2.98429E-9 8.0243E-8 3.2093E-8 2.37988E-7 5.32913E-7 2.53989E-6 5.23486E-6 7.18974E-8 1.00204E-8 1.37836E-6 9.55513E-7 1.84665E-7 1.35868E-8 7.27256E-7 1.07265E-5 5.81262E-6 6.03824E-8 1.15666E-6 3.64123E-7 1.62637E-8 7.5985E-10 1.3621E-6 4.25604E-7 2.71391E-5 8.46512E-7 1.16925E-6 1.24304E-7 4.35538E-6 7.4058E-7
-9999 -9999 1.88621E-5 5.16476E-9 2.483E-6 3.86664E-6 7.35428E-6 1.74372E-5 7.50953E-6 6.49069E-6 1.03696E-5 2.15125E-5 5.70501E-6 1.82653E-6 4.88395E-6 8.83565E-6 2.96942E-6 7.31594E-7 2.17756E-6 1.75564E-5 3.33693E-5 3.06421E-5 2.44508E-5 1.50912E-5 1.56411E-5 1.18343E-5 1.256E-7 3.28445E-7 3.99221E-5 2.22806E-5 2.94665E-6 1.36699E-6 3.03521E-6 2.15149E-6 2.15836E-7 4.0799E-6 2.27817E-5 2.17964E-6 8.80417E-8 9.93536E-8 2.61148E-7 8.00621E-8 4.12765E-7 3.62359E-7 2.562E-9 1.21616E-7 9.02399E-8 9.72329E-6 2.41246E-6 1.13396E-6 6.77076E-6 1.44772E-5 8.63491E-7 2.06818E-6 3.2412E-6 7.23529E-8 2.83127E-9 3.8241E-9 3.02975E-7 1.93794E-5 3.31745E-5 1.03431E-6 1.39189E-7 2.16971E-7 1.10827E-6 7.33316E-6
-9999 -9999 5.16164E-5 6.80461E-6 2.01978E-6 4.68977E-6 3.34011E-6 4.63789E-5 1.39127E-4 1.10439E-6 3.54273E-5 3.7194E-6 1.59376E-4 1.29907E-5 2.9113E-5 4.40867E-6 1.27489E-6 3.15756E-6 9.37382E-7 2.06536E-6 1.12793E-5 2.63462E-5 3.16823E-5 2.33364E-6 8.14543E-6 1.72024E-5 4.83072E-5 1.51001E-6 1.08765E-5 1.66722E-5 7.88506E-6 5.35455E-7 4.1389E-7 4.44471E-7 1.0368E-7 1.58387E-7 9.85553E-8 8.78858E-8 1.6481E-8 5.11749E-9 7.06701E-9 3.35755E-7 1.10888E-8 1.00183E-6 9.54837E-7 1.45539E-7 6.55743E-8 6.49747E-7 6.3925E-7 6.6978E-8 2.33832E-7 7.04016E-6 5.93269E-7 1.23107E-6 1.70307E-7 1.55618E-5 4.82488E-7 9.69249E-6 5.28459E-5 4.2175E-5 2.72336E-5 4.56507E-5 3.50822E-7 3.39345E-6 1.15929E-5 9.61985E-6
-9999 -9999 1.39217E-4 3.20304E-6 1.48515E-5 1.2032E-6 4.92079E-5 2.68954E-5 8.6272E-5 2.38001E-6 1.81401E-7 3.92502E-6 5.42837E-5 1.86957E-4 2.15373E-5 1.8867E-5 1.08143E-5 9.69311E-6 4.61007E-6 3.48338E-5 1.0625E-5 1.70114E-5 6.73112E-7 2.72413E-6 4.87871E-6 1.10113E-5 1.05904E-5 3.02606E-5 1.05609E-6 2.54019E-6 5.94625E-6 2.41377E-5 2.39045E-5 5.84726E-6 5.8224E-6 1.77967E-7 1.13275E-8 1.83534E-8 1.05291E-6 3.82128E-7 5.90053E-7 1.54345E-5 7.53249E-7 2.40998E-7 3.05803E-7 1.45756E-7 3.32017E-7 7.24205E-7 1.52902E-6 2.65002E-9 1.68123E-6 4.28293E-6 8.76789E-7 6.61347E-8 1.31174E-7 4.20311E-8 5.39185E-6 3.5721E-5 3.53342E-5 3.63078E-5 4.08181E-5 3.32376E-5 2.28714E-6 3.32938E-6 1.47803E-5 9.28737E-6
-9999 -9999 1.14983E-4 6.53517E-5 1.32516E-4 5.04281E-5 1.66846E-6 3.51868E-6 8.09544E-5 7.27171E-5 1.57336E-6 1.81111E-5 1.71548E-5 8.08216E-6 6.35195E-6 1.95346E-5 6.67947E-6 1.07449E-5 2.46969E-6 2.38923E-5 9.19264E-5 5.83108E-6 9.49601E-7 1.07261E-5 6.4478E-6 1.52123E-5 6.82035E-6 2.95514E-5 2.07788E-6 1.52009E-6 1.51203E-5 8.56288E-6 3.03439E-5 1.0517E-5 7.99417E-7 4.60812E-7 1.30287E-7 9.9115E-8 5.15831E-7 4.01531E-8 6.16718E-8 1.21541E-7 8.31532E-6 3.55609E-5 3.91538E-6 1.95077E-6 1.14572E-7 2.34173E-7 8.56528E-8 2.9751E-6 1.51234E-6 1.14209E-7 9.35067E-9 9.87524E-8 2.24582E-9 2.21798E-8 3.47003E-7 3.24088E-5 1.6833E-5 4.91489E-6 2.70829E-6 1.80044E-6 2.45422E-5 2.35027E-5 7.69136E-6 5.94294E-6
-9999 -9999 8.31801E-5 6.17354E-5 5.48137E-6 9.63026E-5 1.44875E-5 1.92725E-5 5.63195E-5 6.61826E-5 4.70267E-6 2.74208E-5 4.62554E-7 2.00692E-7 2.30494E-5 3.89639E-5 1.22092E-5 7.26806E-6 7.00946E-6 2.1294E-6 2.07688E-6 1.81146E-7 4.19968E-7 2.02877E-5 5.89793E-6 2.42888E-5 1.95255E-6 2.75635E-6 2.98838E-6 1.0504E-6 7.78132E-7 9.53781E-6 5.78064E-6 1.52512E-5 7.3044E-6 1.58462E-6 1.58176E-7 1.24906E-7 2.16693E-6 2.63794E-7 9.2157E-8 1.39173E-8 3.49052E-8 3.44162E-6 2.11485E-5 3.13893E-6 5.4584E-7 3.12674E-8 2.41511E-7 9.69916E-7 1.97632E-5 2.28406E-6 3.33378E-7 1.22767E-6 6.94652E-9 5.69823E-9 5.9193E-8 5.25234E-6 5.48711E-5 3.39419E-5 1.18129E-6 1.44851E-7 3.60399E-6 4.20037E-6 1.01984E-6 2.55927E-5
-9999 -9999 -9999 1.45191E-4 2.62194E-5 3.75022E-6 2.5362E-5 1.40196E-5 2.397E-5 5.9264E-6 5.1618E-7 2.33926E-6 1.29461E-7 2.9066E-7 3.23992E-6 2.68975E-5 4.93406E-5 3.89351E-6 2.941E-5 1.18885E-5 3.93773E-5 5.9688E-6 2.35367E-5 2.41543E-5 8.60983E-6 2.70171E-6 4.07945E-6 1.85283E-6 6.62324E-6 3.12862E-6 9.0028E-7 1.52973E-6 4.92982E-7 6.67877E-6 1.60704E-5 2.23621E-5 6.42834E-6 3.46002E-6 2.08957E-6 1.56251E-7 1.28687E-7 2.36653E-7 1.71868E-6 6.20123E-7 1.64118E-6 2.33751E-7 2.2002E-6 7.76835E-7 2.80913E-7 1.30399E-6 5.42949E-8 5.26518E-7 1.2702E-8 2.97983E-7 4.01564E-7 1.01697E-6 1.78781E-7 2.3953E-8 4.29759E-5 3.86511E-5 2.40907E-5 1.94958E-6 1.19695E-7 1.93902E-6 1.06926E-7 3.19914E-7
-9999 -9999 -9999 -9999 2.51028E-5 4.51787E-6 6.13898E-5 1.09386E-5 8.27236E-6 1.33821E-5 1.00572E-6 2.5183E-5 1.08293E-5 2.97049E-8 7.63804E-6 1.32654E-5 8.50428E-6 1.04391E-6 1.64609E-5 1.05241E-5 3.43415E-5 4.34563E-6 1.91232E-6 4.67157E-6 1.13957E-5 7.97432E-6 2.23044E-5 3.65639E-6 1.17946E-7 6.09123E-7 1.94151E-6 1.27447E-6 2.55983E-5 9.3471E-6 8.48956E-7 1.54686E-6 6.75076E-6 5.91116E-6 1.80107E-6 4.88178E-7 3.48111E-7 2.9588E-8 7.31263E-7 3.79699E-7 1.74833E-7 1.30854E-7 3.24351E-6 7.30334E-7 3.04449E-8 4.02033E-8 7.11533E-8 1.46316E-9 1.23814E-6 7.16699E-7 2.85638E-5 2.58719E-7 3.85688E-7 1.31062E-6 1.10953E-5 1.57913E-5 1.03446E-5 2.2299E-5 3.70537E-6 9.55546E-6 1.06906E-6 1.31552E-7
-9999 -9999 -9999 8.31235E-5 3.99837E-5 6.91018E-5 5.03028E-5 2.01129E-5 3.74948E-7 6.00971E-5 3.30443E-5 8.27586E-6 3.5974E-8 2.42155E-7 1.14511E-5 1.61647E-5 2.69266E-6 1.34201E-5 1.41275E-5 7.9616E-6 2.95547E-5 2.7994E-5 2.03659E-5 1.76692E-5 3.90171E-6 2.08326E-6 3.25731E-6 2.42476E-5 3.46532E-7 2.70698E-6 3.78328E-5 3.35616E-6 2.18479E-7 1.62296E-6 6.29369E-7 5.84061E-6 4.35722E-7 3.52114E-6 1.26877E-6 5.65298E-9 1.77638E-8 5.26802E-7 2.13265E-7 9.69451E-8 9.49807E-7 3.05598E-8 6.18766E-7 2.88833E-7 5.22522E-8 1.21496E-8 8.63268E-7 8.04278E-8 7.74574E-9 3.00767E-7 1.29924E-5 4.80019E-7 6.7955E-9 4.82016E-9 3.01424E-7 1.59576E-5 8.38615E-6 3.07588E-6 6.96797E-6 6.1643E-6 7.47574E-8 2.23808E-7
-9999 -9999 -9999 -9999 7.40471E-5 6.45484E-5 2.02289E-6 8.12862E-6 1.14883E-5 1.15044E-6 3.4778E-5 4.21496E-5 2.96887E-8 1.03925E-7 1.80998E-6 8.97893E-6 2.56382E-6 1.05097E-6 1.05181E-5 2.09987E-5 5.25929E-5 5.575E-5 3.78694E-5 2.88111E-6 4.6772E-6 5.4716E-7 4.42428E-6 2.78932E-6 9.04329E-7 8.00246E-6 9.83899E-6 1.26712E-6 1.61E-7 6.62774E-6 4.13483E-8 3.18733E-6 1.40912E-5 1.72643E-5 1.18308E-5 3.52284E-6 1.13911E-7 8.81558E-7 1.54342E-6 9.02243E-8 4.29306E-7 2.36338E-6 2.85329E-6 1.92354E-6 8.56717E-8 6.36351E-8 1.78207E-8 2.83573E-6 1.04497E-7 4.18829E-8 1.06032E-7 2.53852E-6 1.04587E-6 1.03443E-9 6.18324E-9 1.41744E-7 6.83624E-9 5.9009E-6 7.62941E-7 5.83606E-7 6.78851E-6 3.06952E-7
-9999 -9999 -9999 -9999 6.63644E-5 4.7407E-5 2.54416E-6 6.18323E-7 8.54606E-7 1.4179E-5 1.89832E-4 7.82419E-5 8.21942E-6 2.45991E-6 8.37088E-7 8.78738E-6 1.01655E-5 1.32685E-5 1.75561E-5 4.23278E-6 5.94613E-6 9.27171E-7 4.99051E-6 2.73915E-7 2.59077E-7 2.5167E-7 9.52643E-7 5.62406E-6 1.31917E-6 1.66253E-7 4.77245E-8 6.37204E-7 4.17656E-7 2.56884E-8 2.62506E-6 4.59146E-6 6.01283E-6 3.80138E-5 4.41916E-6 1.25383E-5 7.01788E-6 1.34751E-6 1.5459E-7 2.1564E-7 1.1899E-7 3.65823E-7 1.11186E-7 6.3556E-8 1.37004E-6 1.4416E-7 4.34245E-9 2.00012E-6 5.85069E-8 7.68994E-7 7.05449E-8 3.99145E-6 1.89734E-6 5.87693E-8 5.73298E-9 3.54037E-9 4.92546E-8 3.35215E-6 8.31665E-7 1.85029E-8 2.16964E-7 1.85278E-7
-9999 -9999 -9999 -9999 1.97854E-4 1.6511E-4 4.92157E-7 3.56749E-7 1.62686E-6 2.42107E-4 2.93306E-4 8.76562E-5 1.64362E-6 3.70988E-6 1.19148E-5 3.10478E-7 2.01926E-6 5.10148E-6 1.71934E-5 5.02382E-6 1.12404E-6 1.37282E-8 1.24046E-7 1.05973E-6 2.46701E-6 9.10368E-7 1.49938E-6 8.43392E-6 3.59271E-7 3.80276E-7 1.24917E-6 9.64265E-7 8.425E-6 1.18255E-7 4.32402E-6 8.26547E-7 3.05456E-6 1.00673E-5 7.16869E-6 3.76898E-5 1.28305E-5 4.51135E-7 3.66555E-8 1.12117E-6 4.80096E-6 5.69265E-8 4.2839E-8 4.14984E-7 1.83513E-7 7.34432E-8 4.07605E-7 3.22916E-6 5.56748E-7 3.30679E-7 5.24362E-9 1.24434E-8 1.23987E-7 1.07286E-6 2.18005E-8 1.71295E-8 7.3404E-8 2.34541E-6 6.99141E-6 5.50464E-6 1.09593E-9 1.37283E-9
-9999 -9999 -9999 -9999 1.89817E-4 2.16015E-4 4.07935E-6 1.13942E-7 2.0143E-6 5.51761E-5 1.99982E-4 5.03246E-5 2.43997E-6 3.43743E-6 1.80815E-5 6.8974E-6 3.92757E-6 4.2888E-6 4.89385E-6 2.54443E-6 5.75094E-6 2.1617E-6 1.28323E-5 4.33021E-6 9.36683E-6 1.93962E-6 3.19108E-7 1.28457E-6 2.79697E-6 3.3143E-6 1.6727E-6 1.45608E-5 4.00211E-6 6.22786E-7 1.75593E-6 1.064E-5 7.48357E-7 6.29364E-6 2.47778E-6 1.66454E-5 1.09982E-6 4.51894E-6 1.61808E-5 9.86722E-6 8.63377E-7 3.184E-8 2.87301E-8 1.55673E-8 6.06872E-9 1.71015E-6 1.18E-6 2.40352E-7 2.29556E-6 7.41383E-7 9.8887E-7 1.63375E-7 1.66142E-7 1.37057E-7 1.25396E-5 1.86767E-8 4.69709E-8 5.77344E-6 6.1038E-7 1.10975E-5 1.25283E-7 1.14221E-9
-9999 -9999 -9999 -9999 -9999 8.04259E-5 7.72241E-6 3.27933E-7 4.87941E-7 1.25324E-6 2.34837E-4 1.19218E-4 1.70083E-4 9.51338E-7 5.02245E-7 8.69293E-7 9.64231E-6 6.22463E-7 2.68369E-6 7.6552E-6 2.1343E-6 1.31962E-6 5.48296E-5 6.71845E-5 5.42801E-5 1.13145E-5 9.07854E-7 5.75771E-6 7.04601E-6 1.04381E-5 3.4787E-6 2.093E-5 2.53715E-6 1.18384E-6 4.66989E-6 5.85608E-6 6.49395E-5 2.66102E-6 1.22686E-6 8.90161E-9 3.75829E-7 5.36148E-7 1.79398E-8 3.17522E-7 1.80914E-6 1.21892E-7 6.45865E-8 3.29655E-8 5.12662E-8 4.87417E-7 7.58919E-7 4.91251E-7 8.74851E-8 4.27619E-6 5.38028E-7 1.96491E-6 8.2717E-8 7.40559E-7 3.20795E-8 2.99788E-7 5.14233E-7 2.75756E-8 1.70718E-7 8.31792E-7 6.67334E-10 3.2154E-8
-9999 -9999 -9999 -9999 -9999 6.53307E-5 1.76111E-5 1.72511E-5 5.50609E-5 8.55781E-6 3.73073E-6 1.63172E-4 1.18061E-4 4.54264E-5 2.91813E-6 7.92737E-7 4.01358E-5 2.10725E-6 6.61543E-6 1.51498E-6 3.06355E-6 1.71153E-5 2.7331E-5 3.3587E-5 1.67159E-5 2.04088E-5 4.02453E-6 1.54709E-6 2.50312E-6 5.11132E-8 6.20539E-6 1.27772E-6 5.9471E-7 4.22404E-6 9.72579E-6 9.0451E-6 5.93044E-6 1.59499E-7 2.41346E-6 9.70292E-9 1.89391E-7 6.05156E-6 5.78269E-7 1.53454E-7 2.1135E-5 1.3559E-8 7.93036E-9 4.3691E-9 5.84187E-8 1.47633E-8 2.47204E-7 2.63735E-8 5.33853E-6 1.96168E-6 8.88117E-6 6.17166E-7 4.81981E-6 3.29351E-8 9.26564E-8 1.39398E-6 2.92011E-6 1.69676E-5 1.34784E-7 1.61587E-6 8.61786E-7 2.39978E-9
-9999 -9999 -9999 -9999 -9999 2.14288E-4 2.47551E-5 4.10702E-5 2.18749E-6 2.90137E-6 9.64654E-6 3.12157E-4 1.4612E-4 6.75592E-6 4.12172E-7 1.17925E-5 2.39986E-6 8.89104E-7 4.72414E-6 1.3338E-6 6.34706E-6 5.11531E-6 1.76359E-5 3.06747E-5 2.25645E-5 1.89188E-5 1.61357E-5 1.58818E-5 5.099E-6 1.00249E-5 9.96807E-6 3.79495E-7 1.35006E-6 6.44706E-7 1.71907E-5 8.21945E-7 3.67823E-7 1.60726E-7 3.79462E-8 2.71282E-7 1.8683E-7 1.3001E-6 1.44709E-6 2.23236E-8 7.08161E-8 5.20571E-7 2.26937E-6 4.47867E-7 2.58145E-6 3.62798E-8 1.00907E-9 1.00621E-7 5.90427E-6 1.13035E-7 2.98725E-6 1.50636E-6 5.15898E-8 8.42731E-8 2.00282E-8 5.74423E-8 7.68125E-7 3.74656E-7 2.95537E-7 4.60785E-5 9.97773E-5 2.2552E-6
-9999 -9999 -9999 -9999 -9999 -9999 2.59816E-6 5.83179E-5 2.5596E-5 1.86149E-5 2.09907E-4 2.52924E-4 1.29365E-4 5.55309E-7 7.30027E-5 3.31096E-5 3.19155E-6 1.55984E-6 5.5953E-7 5.01681E-6 1.14021E-5 3.02937E-5 1.36988E-5 2.71848E-5 1.97437E-5 1.7846E-5 1.59687E-5 2.33209E-5 1.02197E-6 3.58783E-5 2.51832E-5 4.93589E-7 6.45048E-6 3.85262E-7 2.76306E-7 1.92631E-6 1.83052E-7 3.7232E-7 2.8033E-8 4.42994E-7 4.03419E-7 4.12088E-7 2.56307E-7 2.07932E-7 2.46725E-8 6.79973E-8 3.75254E-7 1.68238E-7 1.0114E-6 2.16086E-6 1.27873E-7 3.49451E-8 9.80689E-7 6.21187E-7 2.61803E-6 1.73462E-7 1.64978E-7 2.27713E-8 1.4762E-8 1.48308E-7 4.68437E-7 7.80024E-7 9.63716E-7 2.49206E-5 1.05419E-4 9.7331E-5
-9999 -9999 -9999 -9999 -9999 -9999 2.22029E-5 3.07766E-5 1.12708E-4 7.47818E-6 1.08042E-4 2.71521E-4 8.95036E-5 3.4193E-7 8.984E-6 1.19082E-4 8.75876E-5 2.10978E-6 4.77524E-8 5.48123E-7 2.29424E-9 1.26444E-6 7.83408E-6 1.95746E-6 1.30041E-5 1.56521E-5 3.20271E-5 3.13379E-5 3.08252E-6 1.88489E-5 7.04296E-6 7.8001E-6 6.11087E-7 2.90374E-6 8.11109E-7 9.45046E-7 5.52515E-7 1.93835E-8 1.39077E-6 7.68337E-7 1.3865E-5 1.66104E-5 4.21507E-7 3.56199E-8 3.4782E-8 3.23427E-8 3.47819E-7 3.61233E-7 8.03411E-8 5.37932E-7 1.30494E-5 7.86644E-6 1.79673E-6 2.41239E-6 2.3157E-7 6.08976E-7 9.48423E-9 2.26389E-8 8.65046E-8 5.38149E-7 1.91429E-7 1.70656E-6 7.01212E-6 5.5322E-6 4.96619E-5 3.35617E-5
-9999 -9999 -9999 -9999 -9999 -9999 2.39832E-5 5.90908E-5 7.28486E-5 1.84612E-4 2.4734E-4 2.47843E-4 1.57242E-4 1.80405E-5 7.84973E-8 3.02638E-7 4.6142E-5 1.12165E-5 2.60813E-7 3.30177E-8 1.77429E-8 3.96075E-6 2.23505E-7 1.27607E-6 2.8604E-7 4.65058E-6 1.98764E-5 2.77255E-5 1.85829E-5 1.55808E-5 1.71068E-5 7.89018E-6 6.87522E-6 8.06058E-6 8.48797E-6 4.57817E-6 1.01473E-5 1.77678E-7 1.63605E-7 1.36841E-6 2.09329E-5 3.36068E-5 1.81657E-6 4.39022E-7 9.44601E-11 5.35739E-9 1.72889E-8 2.94126E-8 3.90171E-7 2.85189E-5 4.14039E-5 1.95264E-5 2.35739E-6 1.70084E-7 2.77539E-8 3.86422E-7 2.32495E-6 2.50764E-8 4.6632E-8 5.05813E-7 7.82812E-9 2.17418E-6 1.05667E-5 4.13373E-5 1.85444E-5 3.17207E-5
-9999 -9999 -9999 -9999 -9999 -9999 1.06111E-4 2.08718E-5 5.69312E-5 1.13812E-4 6.62161E-5 1.13106E-4 8.04968E-5 1.46518E-5 1.81878E-6 4.36598E-7 2.13725E-5 7.52659E-5 3.83531E-6 4.31269E-7 8.31547E-8 3.30177E-7 1.45009E-7 2.02626E-8 1.93344E-7 7.45573E-6 1.5468E-5 1.52044E-5 1.99523E-5 1.05335E-5 8.33926E-6 1.07393E-5 7.86937E-6 9.62493E-6 7.41334E-6 3.0731E-5 1.77949E-5 2.29861E-6 1.84713E-6 3.94123E-6 1.70609E-5 1.8979E-5 1.8155E-6 4.45288E-7 1.14515E-7 1.10066E-5 4.52601E-5 5.95907E-6 1.0871E-5 1.92193E-5 2.52545E-5 2.40466E-5 1.03791E-7 2.63389E-8 5.5804E-7 1.51147E-6 2.49812E-5 5.16545E-7 2.6673E-8 8.22187E-8 9.85007E-9 1.07675E-6 3.92577E-5 1.20874E-5 1.78992E-5 6.39E-7
-9999 -9999 -9999 -9999 -9999 -9999 -9999 2.74388E-5 6.1019E-5 1.13231E-4 5.61318E-5 1.77975E-4 1.92584E-4 1.02516E-4 7.41011E-7 8.76746E-7 1.41474E-6 1.25246E-5 1.50586E-5 2.78914E-6 3.17409E-7 1.42311E-7 2.20319E-7 1.67664E-7 9.8618E-9 1.2681E-5 1.6943E-5 1.82842E-5 1.39069E-5 3.36154E-6 1.18654E-5 1.90833E-5 1.88594E-5 1.44321E-5 3.25219E-6 2.34341E-5 1.09012E-6 3.99562E-6 5.14941E-7 8.8351E-7 1.88877E-6 9.53333E-6 1.79564E-5 1.0113E-7 3.34806E-7 1.22644E-7 4.4287E-6 7.62498E-7 3.47231E-7 9.03718E-6 5.9607E-6 5.96543E-6 1.58346E-7 1.1204E-6 1.42005E-6 1.31878E-5 3.0909E-5 4.58496E-6 2.86468E-7 1.17555E-6 3.08337E-5 2.27924E-5 5.19073E-5 1.31009E-5 2.66903E-6 2.64663E-6
-9999 -9999 -9999 -9999 -9999 -9999 -9999 1.64396E-5 1.13865E-4 1.5555E-4 9.17988E-5 9.80761E-5 1.36259E-4 7.81499E-5 1.01134E-5 2.81675E-5 4.71391E-6 4.63048E-5 4.54647E-5 4.60674E-6 8.23177E-7 8.54125E-6 7.35045E-8 3.57746E-9 7.81606E-7 1.18485E-6 1.12189E-5 2.66229E-5 6.4746E-7 3.50707E-6 8.06527E-6 1.60589E-5 2.57306E-5 4.36246E-5 3.76395E-5 1.14813E-6 6.28807E-6 2.23104E-5 4.69975E-6 7.32852E-7 3.912E-7 7.81642E-6 1.30924E-6 7.57596E-7 2.43727E-7 9.57862E-9 2.76146E-6 1.85958E-7 2.8593E-7 1.50173E-7 2.42623E-7 3.69636E-6 4.23422E-6 6.36352E-6 2.01194E-5 1.34415E-5 3.59452E-6 6.14403E-6 7.4353E-7 3.75445E-6 2.76207E-6 5.22094E-5 3.6563E-6 6.48732E-6 8.8066E-6 2.1814E-6
-9999 -9999 -9999 -9999 -9999 -9999 -9999 5.67537E-6 2.08711E-5 2.14344E-4 1.43809E-4 1.79564E-4 1.12123E-4 1.42091E-4 1.05131E-7 2.98601E-7 9.09717E-6 1.14477E-4 7.34292E-5 1.96554E-5 2.66506E-7 3.87529E-5 1.34569E-5 1.09758E-6 3.44903E-10 3.50997E-6 2.0216E-5 1.38688E-5 1.23427E-6 2.30354E-7 2.00566E-7 2.01153E-5 3.47165E-5 1.78885E-5 5.48288E-5 2.28276E-5 5.60108E-6 3.07929E-6 2.88387E-5 6.35923E-6 1.02397E-6 7.93725E-8 1.73751E-7 2.63242E-8 3.9654E-9 1.90006E-7 2.46963E-5 2.69273E-6 2.42582E-8 3.9224E-5 4.64251E-7 1.63547E-6 8.68627E-7 2.82521E-6 5.30119E-5 4.3864E-5 2.29574E-6 2.56547E-5 4.12306E-6 1.37811E-7 6.19285E-7 6.07028E-8 1.22295E-6 1.05135E-5 1.41E-5 4.67129E-6
-9999 -9999 -9999 -9999 -9999 -9999 -9999 1.9186E-5 8.04945E-5 1.71493E-4 1.26147E-4 1.69563E-4 1.06346E-4 1.35618E-4 2.93642E-5 5.68497E-5 1.20559E-5 1.04531E-6 4.50292E-8 6.61972E-7 1.65492E-6 2.37831E-6 1.45827E-6 5.9252E-6 7.79727E-6 4.45919E-6 1.43045E-6 7.30625E-6 1.58665E-5 6.90675E-8 3.97093E-7 7.2215E-6 3.96306E-6 1.31287E-5 1.04484E-5 1.20836E-5 4.20506E-6 5.6533E-6 1.53895E-6 1.5536E-6 2.04679E-6 7.01309E-7 6.50256E-7 3.1554E-8 2.66724E-8 1.55817E-6 6.01967E-7 2.76957E-8 2.0141E-7 7.67562E-6 5.57446E-5 5.79097E-6 9.62011E-6 4.70216E-6 6.05383E-5 9.97591E-6 7.65932E-6 2.74503E-5 2.40515E-6 2.21214E-6 3.27816E-8 4.36284E-7 2.4867E-6 8.20067E-6 3.31512E-6 2.52271E-6
-9999 -9999 -9999 -9999 -9999 -9999 -9999 6.57123E-6 7.88307E-5 1.67623E-4 1.30907E-4 7.4346E-5 7.04187E-5 1.42261E-4 4.19115E-5 1.08927E-5 1.10721E-4 1.68076E-5 5.40719E-5 1.73721E-5 1.09827E-4 6.50517E-5 8.04407E-6 7.80865E-6 5.59168E-6 1.70262E-6 4.86683E-6 1.51837E-5 1.53147E-6 5.43787E-7 4.9078E-6 1.31726E-5 1.19762E-5 3.74212E-5 4.68027E-5 9.20431E-6 2.07055E-6 8.23689E-7 5.91802E-8 1.33097E-7 2.28721E-7 7.83227E-8 9.73569E-9 4.24066E-7 3.09327E-6 2.97446E-6 1.40543E-6 2.2087E-5 7.53131E-6 4.56467E-5 5.11794E-5 3.86762E-5 1.32763E-5 4.49195E-5 6.52964E-5 2.47252E-6 1.67073E-5 1.13392E-6 5.1793E-7 9.7947E-7 1.36965E-7 1.04306E-8 2.03438E-5 2.00757E-6 3.419E-6 1.16228E-5
-9999 -9999 -9999 -9999 -9999 -9999 -9999 1.11653E-5 5.4522E-7 1.45253E-4 1.20933E-4 7.01863E-5 7.1704E-5 7.88335E-5 6.64948E-5 2.60426E-5 7.844E-6 6.8052E-8 3.71322E-7 3.42027E-5 1.33875E-5 3.0098E-5 5.04855E-6 1.42401E-6 4.51458E-6 3.57574E-5 4.86928E-6 9.92622E-6 2.63387E-5 4.6834E-6 1.06919E-6 3.2045E-6 3.10706E-7 1.20156E-5 8.17404E-6 7.52014E-6 1.64729E-6 2.46657E-6 2.59676E-6 1.7527E-8 4.00697E-8 3.61583E-6 1.9214E-6 3.06333E-5 3.10489E-6 1.45352E-5 5.14134E-6 1.11991E-6 3.9735E-6 2.66188E-5 3.34353E-5 2.81169E-5 3.20477E-5 1.6532E-5 1.74553E-5 2.48398E-5 1.97672E-5 5.45121E-6 3.35501E-6 1.24347E-5 3.0005E-5 1.90204E-6 2.49678E-6 7.0741E-6 5.62013E-6 3.34086E-6
-9999 -9999 -9999 -9999 -9999 -9999 -9999 2.32078E-6 1.36623E-7 2.46451E-5 1.00906E-4 3.7704E-5 1.00609E-4 6.13155E-5 4.61161E-5 8.74818E-6 6.20346E-5 2.21154E-6 3.45966E-6 3.2227E-5 2.41126E-6 8.88097E-6 2.44459E-6 6.7511E-5 8.66407E-6 2.54812E-5 6.5245E-5 8.48107E-6 2.41309E-5 1.47622E-5 4.27067E-5 1.49743E-6 4.48332E-7 6.96543E-6 8.90441E-6 2.7851E-5 3.13778E-5 4.5952E-5 1.38938E-5 3.35251E-5 3.2527E-8 3.71796E-6 3.53444E-7 5.51624E-6 1.06636E-6 3.09633E-6 2.05766E-5 1.09587E-5 1.5357E-5 2.10208E-5 2.09043E-5 1.56944E-5 2.04457E-5 9.2355E-6 2.11506E-5 3.31126E-5 8.50208E-6 2.68337E-5 1.88946E-5 1.43827E-6 1.2198E-6 6.17737E-7 3.08421E-5 1.36606E-6 4.08622E-6 7.34477E-6
-9999 -9999 -9999 -9999 -9999 -9999 -9999 1.49953E-5 3.18268E-7 9.3796E-6 1.05459E-4 1.06502E-4 1.05285E-4 1.28998E-4 9.45669E-5 1.0368E-4 6.96263E-6 1.13215E-5 6.48705E-6 2.56656E-7 2.17424E-7 1.34153E-6 6.97302E-6 5.62416E-6 2.89831E-6 4.54581E-5 1.1303E-4 5.00921E-5 1.22403E-5 2.94826E-6 3.94733E-6 1.67334E-5 3.47516E-6 1.57792E-5 2.312E-5 3.10035E-5 6.1008E-7 2.64574E-5 4.5395E-6 3.54731E-7 1.56567E-6 4.83452E-6 3.60967E-5 4.11754E-6 1.37005E-6 8.25898E-6 7.79872E-6 3.01118E-6 1.62172E-6 1.95536E-6 1.12326E-5 9.33193E-6 1.31585E-5 2.52004E-5 2.1647E-5 1.51318E-5 9.10605E-6 1.92186E-5 1.02812E-6 4.24042E-5 2.22842E-6 1.16945E-7 3.44935E-5 3.57164E-5 1.06046E-5 6.12064E-6
