catData/rasterBestHybridModels/Pbengalensis/RDbal_RM1_L/Pbengalensis_stddev.asc
ncols         409
nrows         350
xllcorner     60.897278365
yllcorner     5.843756025
cellsize      0.0892857
NODATA_value  -9999
[rows 87 to 115 of 350, columns 66 to 131 of 409]
5.91495E-6 4.66868E-6 3.18699E-6 1.80922E-6 2.5103E-6 4.02696E-6 3.47394E-6 2.73386E-6 2.96331E-6 3.15592E-6 2.67745E-6 2.22177E-6 2.09085E-6 1.78787E-6 1.53725E-6 1.29095E-6 1.14977E-6 1.07171E-6 1.04577E-6 1.08773E-6 1.56037E-6 2.11681E-6 2.38268E-6 2.50626E-6 3.0969E-6 3.69368E-6 3.98971E-6 3.64673E-6 2.91878E-6 2.40535E-6 1.87062E-6 1.53422E-6 1.26344E-6 1.3499E-6 1.48417E-6 1.67529E-6 1.81091E-6 2.24518E-6 2.65881E-6 2.41853E-6 2.75639E-6 2.48355E-6 2.36791E-6 2.8768E-6 3.5144E-6 4.49438E-6 5.53122E-6 3.61199E-6 3.05111E-6 4.16996E-6 4.34924E-6 3.40856E-6 2.81213E-6 3.50709E-6 5.14716E-6 4.96669E-6 3.26071E-6 2.66024E-6 2.03123E-6 1.99553E-6 2.11824E-6 2.13227E-6 2.02733E-6 1.90214E-6 2.17971E-6 2.76778E-6
9.24645E-6 8.38073E-6 6.62947E-6 3.69289E-6 2.66381E-6 3.33168E-6 2.15775E-6 1.72873E-6 1.89311E-6 2.68033E-6 3.2554E-6 4.14019E-6 3.3744E-6 2.56197E-6 1.88287E-6 1.42815E-6 1.14957E-6 1.09646E-6 1.19505E-6 1.36497E-6 1.56748E-6 1.94347E-6 2.48287E-6 3.18312E-6 4.69959E-6 6.38398E-6 6.49557E-6 5.62908E-6 4.66897E-6 2.91085E-6 2.07979E-6 1.79561E-6 1.4752E-6 1.37071E-6 1.49691E-6 1.68931E-6 2.10289E-6 3.33239E-6 4.98549E-6 5.60666E-6 4.50892E-6 3.29516E-6 2.54603E-6 2.66404E-6 2.64044E-6 2.94915E-6 2.87455E-6 2.83092E-6 4.67065E-6 7.9276E-6 7.50752E-6 4.36984E-6 2.91006E-6 3.72155E-6 6.04553E-6 7.80809E-6 5.18033E-6 3.34958E-6 2.38584E-6 1.94043E-6 1.75367E-6 1.88678E-6 1.92244E-6 1.96358E-6 2.2759E-6 3.02368E-6
1.45219E-5 9.11121E-6 6.6545E-6 4.26313E-6 2.78559E-6 2.29442E-6 1.67064E-6 1.77432E-6 2.1462E-6 3.21081E-6 5.06978E-6 6.8422E-6 5.42452E-6 3.46875E-6 2.26765E-6 1.60204E-6 1.23375E-6 1.06598E-6 9.46835E-7 9.7542E-7 1.21354E-6 1.50103E-6 2.04099E-6 3.03931E-6 5.25148E-6 9.21362E-6 1.30525E-5 8.87265E-6 5.32631E-6 3.37076E-6 2.49477E-6 2.00941E-6 1.7075E-6 1.53359E-6 1.51378E-6 1.70193E-6 2.2647E-6 3.44101E-6 6.58179E-6 1.13252E-5 7.1946E-6 3.813E-6 2.63719E-6 2.73374E-6 2.6885E-6 2.62124E-6 2.67829E-6 2.82673E-6 4.28844E-6 7.58598E-6 8.07537E-6 4.51481E-6 2.91108E-6 3.5151E-6 6.40069E-6 1.0809E-5 6.43583E-6 4.11314E-6 2.65446E-6 1.97277E-6 1.72773E-6 1.5727E-6 1.66232E-6 1.82153E-6 2.25517E-6 3.06853E-6
1.61865E-5 8.10864E-6 4.22855E-6 2.58305E-6 2.44989E-6 2.08273E-6 1.64602E-6 1.54024E-6 2.16102E-6 3.35016E-6 5.58959E-6 8.54004E-6 6.06878E-6 3.65993E-6 2.32597E-6 1.62075E-6 1.24043E-6 1.01675E-6 9.61501E-7 1.03265E-6 1.34038E-6 1.87851E-6 2.40018E-6 3.41031E-6 5.62864E-6 9.16687E-6 1.39461E-5 8.64735E-6 5.56044E-6 3.42653E-6 2.3317E-6 1.89363E-6 1.94316E-6 1.83925E-6 1.76496E-6 1.6428E-6 2.31595E-6 2.99044E-6 4.44638E-6 5.50396E-6 4.91931E-6 3.2048E-6 2.76348E-6 2.70886E-6 2.69242E-6 2.61061E-6 2.63743E-6 2.42069E-6 3.53736E-6 4.65442E-6 4.09158E-6 3.59298E-6 2.77696E-6 3.33954E-6 4.90545E-6 5.99679E-6 4.32051E-6 3.00365E-6 2.37979E-6 1.82552E-6 1.58994E-6 1.40169E-6 1.48231E-6 1.73705E-6 2.15429E-6 2.51767E-6
1.288E-5 6.96007E-6 3.31925E-6 2.11351E-6 2.70503E-6 2.32783E-6 2.06772E-6 1.61383E-6 1.87161E-6 2.96573E-6 3.83669E-6 5.03967E-6 4.41723E-6 2.88013E-6 2.20713E-6 1.48361E-6 1.32244E-6 1.21389E-6 1.22138E-6 1.4219E-6 1.69627E-6 2.13577E-6 2.91721E-6 3.79774E-6 4.97977E-6 6.78739E-6 7.48106E-6 5.65965E-6 4.15327E-6 3.00975E-6 2.18301E-6 1.80038E-6 2.01005E-6 2.1698E-6 2.21202E-6 2.29131E-6 2.19106E-6 2.31943E-6 2.87325E-6 2.95276E-6 3.69458E-6 5.19963E-6 3.94118E-6 2.9897E-6 2.70524E-6 2.64263E-6 2.53932E-6 2.55074E-6 2.30685E-6 2.75186E-6 2.53347E-6 2.49947E-6 2.12916E-6 2.25792E-6 2.66854E-6 2.87932E-6 2.6557E-6 2.43124E-6 2.06952E-6 1.68748E-6 1.482E-6 1.3061E-6 1.32435E-6 1.50999E-6 1.78311E-6 1.98943E-6
9.09983E-6 7.04327E-6 3.55504E-6 2.74293E-6 2.82121E-6 2.67228E-6 2.57517E-6 2.38918E-6 2.53461E-6 1.94754E-6 2.36804E-6 2.6102E-6 2.69512E-6 2.01424E-6 1.59481E-6 1.70766E-6 1.72636E-6 1.59938E-6 1.62229E-6 1.87792E-6 2.07319E-6 2.11184E-6 1.97798E-6 2.41008E-6 2.80522E-6 3.19043E-6 3.89917E-6 3.12023E-6 2.72028E-6 2.30089E-6 1.91229E-6 1.97478E-6 2.37604E-6 3.03496E-6 3.91364E-6 4.2724E-6 3.30658E-6 2.59819E-6 2.71287E-6 3.20155E-6 4.67543E-6 9.1189E-6 7.18393E-6 3.6707E-6 2.78614E-6 2.62093E-6 2.44729E-6 1.97292E-6 1.88819E-6 1.85689E-6 1.87408E-6 1.75874E-6 1.60692E-6 1.73819E-6 2.00617E-6 2.12858E-6 2.05739E-6 1.93341E-6 1.79181E-6 1.50378E-6 1.33129E-6 1.18872E-6 1.19364E-6 1.40869E-6 1.60855E-6 1.76145E-6
7.40577E-6 6.13779E-6 3.43742E-6 3.66394E-6 4.5017E-6 3.95487E-6 3.53946E-6 4.05199E-6 3.77249E-6 2.86504E-6 2.04434E-6 1.66499E-6 1.61521E-6 1.7707E-6 2.24304E-6 2.65047E-6 2.97151E-6 2.3219E-6 2.18939E-6 2.66114E-6 2.89432E-6 2.60207E-6 1.93366E-6 1.5105E-6 1.64436E-6 1.86085E-6 2.13638E-6 1.87645E-6 1.84332E-6 1.88732E-6 2.25785E-6 2.17705E-6 2.66138E-6 3.55697E-6 5.6457E-6 8.13598E-6 5.17234E-6 3.11237E-6 2.6243E-6 2.8805E-6 4.10917E-6 6.38684E-6 5.50928E-6 5.37196E-6 3.71844E-6 2.76849E-6 2.41119E-6 1.59671E-6 1.56149E-6 1.54064E-6 1.51909E-6 1.40833E-6 1.30637E-6 1.44595E-6 1.56823E-6 1.69248E-6 1.67116E-6 1.58312E-6 1.47846E-6 1.29176E-6 1.13893E-6 1.0061E-6 1.01777E-6 1.24641E-6 1.40546E-6 1.53506E-6
5.99901E-6 4.81218E-6 3.24702E-6 3.74328E-6 4.24868E-6 3.83492E-6 4.87407E-6 7.15069E-6 6.14796E-6 3.85808E-6 2.68161E-6 1.8067E-6 1.63985E-6 2.29873E-6 3.35428E-6 4.55247E-6 5.15009E-6 3.56309E-6 3.35941E-6 4.53718E-6 4.55253E-6 3.52666E-6 2.28237E-6 1.53603E-6 1.31486E-6 1.36552E-6 1.42618E-6 1.38359E-6 1.73151E-6 2.38992E-6 3.00017E-6 3.35516E-6 2.86306E-6 4.14579E-6 6.3605E-6 9.28365E-6 6.2517E-6 3.55592E-6 2.7034E-6 3.14772E-6 4.33297E-6 4.65779E-6 6.83293E-6 1.04498E-5 5.42893E-6 3.52476E-6 2.57085E-6 2.0974E-6 1.54997E-6 1.23116E-6 1.21571E-6 1.15887E-6 1.10752E-6 1.19911E-6 1.24968E-6 1.2758E-6 1.29055E-6 1.26687E-6 1.18988E-6 1.06285E-6 9.5273E-7 8.459E-7 8.43611E-7 9.98105E-7 1.10877E-6 1.24252E-6
3.26434E-6 3.07588E-6 3.02319E-6 3.69225E-6 3.75966E-6 3.54167E-6 4.81875E-6 7.17266E-6 6.62537E-6 3.8432E-6 2.42302E-6 1.8066E-6 1.95312E-6 2.68144E-6 4.41494E-6 7.43212E-6 8.00618E-6 4.64143E-6 5.15985E-6 8.63578E-6 5.12808E-6 4.16111E-6 2.63992E-6 1.67917E-6 1.93674E-6 1.98239E-6 1.79928E-6 1.6863E-6 2.10453E-6 2.9552E-6 4.38323E-6 4.82415E-6 3.90569E-6 2.92509E-6 4.28499E-6 5.01194E-6 4.1005E-6 3.01906E-6 2.8281E-6 3.83478E-6 7.51795E-6 9.96297E-6 4.98477E-6 6.01759E-6 4.45699E-6 3.22878E-6 2.31134E-6 1.80159E-6 1.4484E-6 1.14868E-6 9.76327E-7 9.24137E-7 8.97655E-7 9.87196E-7 1.03989E-6 1.03599E-6 1.01915E-6 9.92343E-7 9.28957E-7 8.5789E-7 7.90438E-7 7.21165E-7 6.87879E-7 7.90138E-7 8.78151E-7 9.4789E-7
1.96358E-6 2.26813E-6 2.69471E-6 2.81719E-6 3.31961E-6 2.93371E-6 3.38702E-6 4.04099E-6 3.9996E-6 2.83908E-6 2.03298E-6 1.61089E-6 1.90275E-6 2.51523E-6 3.91136E-6 5.97861E-6 6.1525E-6 4.74859E-6 3.83725E-6 8.8165E-6 6.73086E-6 3.69569E-6 2.42641E-6 2.44324E-6 3.03292E-6 3.26946E-6 2.55657E-6 2.32216E-6 2.49877E-6 3.24385E-6 6.44837E-6 8.06073E-6 5.11341E-6 3.05352E-6 2.8228E-6 2.81803E-6 3.06426E-6 3.15189E-6 2.90067E-6 3.50343E-6 5.49823E-6 6.23959E-6 4.88567E-6 3.69027E-6 2.8583E-6 2.22589E-6 1.77326E-6 1.51994E-6 1.27568E-6 1.07683E-6 9.36809E-7 7.82455E-7 7.23543E-7 7.74653E-7 8.32897E-7 8.28437E-7 8.08689E-7 7.80111E-7 7.43305E-7 7.2722E-7 6.74411E-7 6.03912E-7 5.46581E-7 6.37373E-7 7.17112E-7 7.78362E-7
1.87975E-6 1.98245E-6 2.23159E-6 2.35092E-6 2.13978E-6 2.12167E-6 2.55315E-6 2.32597E-6 2.47271E-6 1.94168E-6 1.71862E-6 1.94957E-6 2.50707E-6 2.78133E-6 2.68867E-6 3.51207E-6 6.17738E-6 9.9637E-6 5.81148E-6 4.5527E-6 3.66369E-6 3.3977E-6 4.07763E-6 4.27005E-6 5.50933E-6 4.95154E-6 4.19716E-6 3.51997E-6 3.09153E-6 3.70402E-6 6.43285E-6 8.14633E-6 5.42677E-6 3.05263E-6 2.66361E-6 3.16376E-6 4.84779E-6 6.10567E-6 4.54516E-6 2.97591E-6 3.50682E-6 3.36889E-6 3.20569E-6 2.41257E-6 1.92012E-6 1.68455E-6 1.47123E-6 1.31351E-6 1.16522E-6 1.01747E-6 8.48707E-7 7.17667E-7 5.96153E-7 6.12549E-7 6.64028E-7 6.65086E-7 6.46944E-7 6.30055E-7 6.10837E-7 5.89222E-7 5.72828E-7 5.0016E-7 4.63475E-7 5.85492E-7 7.04446E-7 8.65787E-7
2.31381E-6 1.79945E-6 1.8718E-6 2.06409E-6 1.81183E-6 1.95207E-6 1.54899E-6 1.52035E-6 1.62049E-6 1.41828E-6 1.7636E-6 2.6995E-6 3.71956E-6 4.69256E-6 4.29548E-6 3.6464E-6 4.89603E-6 6.29541E-6 2.09728E-5 6.59932E-6 3.64632E-6 6.66988E-6 7.8193E-6 5.95189E-6 9.54083E-6 7.00962E-6 7.30788E-6 6.30078E-6 3.74993E-6 2.8427E-6 4.17201E-6 4.8965E-6 3.94777E-6 4.3003E-6 3.38282E-6 4.11751E-6 6.64592E-6 2.43956E-5 6.63693E-6 3.88418E-6 2.5259E-6 2.15241E-6 2.09387E-6 1.84751E-6 1.50847E-6 1.37505E-6 1.2869E-6 1.17046E-6 1.03096E-6 8.86404E-7 7.46925E-7 6.44517E-7 5.44257E-7 4.99482E-7 5.07475E-7 5.20942E-7 4.98418E-7 4.87505E-7 4.79375E-7 4.54902E-7 4.28437E-7 3.89868E-7 4.98846E-7 6.2421E-7 7.86121E-7 9.81666E-7
2.4112E-6 1.67933E-6 1.46337E-6 1.49829E-6 1.48304E-6 1.78077E-6 1.27293E-6 1.18385E-6 1.2859E-6 1.57402E-6 2.17526E-6 3.01887E-6 4.70952E-6 7.26805E-6 7.67588E-6 4.51538E-6 2.73521E-6 5.00432E-6 6.42154E-6 4.88526E-6 3.88267E-6 6.74395E-6 8.45991E-6 5.09802E-6 6.62605E-6 7.35706E-6 8.61524E-6 7.02406E-6 3.38514E-6 3.04802E-6 3.28527E-6 5.21322E-6 8.55563E-6 7.26004E-6 4.18664E-6 3.07404E-6 4.54973E-6 6.17746E-6 5.11179E-6 3.74378E-6 2.27587E-6 1.58326E-6 1.45383E-6 1.39283E-6 1.26805E-6 1.18455E-6 1.11211E-6 1.02173E-6 8.8705E-7 7.65845E-7 6.61652E-7 5.74945E-7 4.73642E-7 4.04939E-7 4.04364E-7 4.06615E-7 4.00386E-7 3.95347E-7 3.8509E-7 3.65577E-7 3.52501E-7 4.46602E-7 5.6711E-7 7.1862E-7 8.89713E-7 1.10233E-6
2.00938E-6 2.18071E-6 1.88032E-6 1.2655E-6 1.32642E-6 1.2991E-6 1.14364E-6 1.19073E-6 1.47735E-6 1.8717E-6 2.63628E-6 4.37002E-6 5.58471E-6 8.794E-6 7.32509E-6 4.67582E-6 2.94407E-6 3.02864E-6 3.36661E-6 2.99345E-6 3.29879E-6 4.07734E-6 4.99274E-6 4.01411E-6 6.13921E-6 1.00781E-5 7.46687E-6 4.1571E-6 4.66513E-6 4.19599E-6 5.17809E-6 5.15068E-6 7.7039E-6 7.13383E-6 4.66233E-6 2.94445E-6 3.09906E-6 3.56195E-6 3.54835E-6 2.80878E-6 1.92734E-6 1.45005E-6 1.20751E-6 1.17745E-6 1.07665E-6 1.00596E-6 9.23297E-7 8.67135E-7 7.64747E-7 6.73168E-7 5.78279E-7 5.10033E-7 4.39042E-7 3.52709E-7 3.13111E-7 3.05679E-7 3.03683E-7 3.01504E-7 2.92505E-7 3.08474E-7 3.50256E-7 4.70149E-7 5.91404E-7 7.2668E-7 9.31374E-7 1.2223E-6
3.24008E-6 2.66503E-6 1.91302E-6 1.32743E-6 1.32015E-6 1.18395E-6 1.40197E-6 1.37922E-6 1.64908E-6 2.27659E-6 3.1351E-6 5.38675E-6 9.45105E-6 8.50277E-6 5.96285E-6 4.22843E-6 2.63857E-6 2.94561E-6 4.38935E-6 4.48834E-6 6.24508E-6 5.92781E-6 8.2224E-6 7.06787E-6 4.62182E-6 5.62684E-6 4.96186E-6 7.74284E-6 9.57172E-6 5.32295E-6 9.33962E-6 8.14361E-6 9.07044E-6 7.02646E-6 3.59057E-6 2.35896E-6 2.01324E-6 2.19497E-6 2.3034E-6 1.92518E-6 1.47797E-6 1.25312E-6 1.11424E-6 9.98281E-7 9.08011E-7 8.44E-7 7.45952E-7 7.25638E-7 6.57742E-7 5.81962E-7 5.0485E-7 4.53296E-7 3.84508E-7 3.06796E-7 2.5224E-7 2.56289E-7 2.88286E-7 3.30826E-7 3.64732E-7 4.09753E-7 4.58257E-7 4.85359E-7 6.05924E-7 7.58503E-7 9.53299E-7 1.16209E-6
5.6081E-6 3.31017E-6 2.44665E-6 1.87564E-6 1.43777E-6 1.21856E-6 1.5295E-6 1.67092E-6 1.77812E-6 2.35669E-6 3.29539E-6 4.91289E-6 6.01618E-6 5.07918E-6 3.61255E-6 3.5359E-6 4.3221E-6 3.20188E-6 3.78258E-6 8.28416E-6 9.62157E-6 7.63535E-6 1.13118E-5 8.06158E-6 4.52622E-6 6.22362E-6 5.55702E-6 7.06965E-6 1.08189E-5 5.57692E-6 5.89414E-6 6.24861E-6 5.06216E-6 4.64173E-6 3.12244E-6 2.04359E-6 1.59497E-6 1.5293E-6 1.48321E-6 1.36924E-6 1.24216E-6 1.1262E-6 1.01497E-6 8.87915E-7 7.69572E-7 7.00075E-7 6.11393E-7 5.64342E-7 5.20502E-7 4.82015E-7 4.24688E-7 3.89233E-7 3.20569E-7 2.61217E-7 2.99777E-7 3.33004E-7 3.76526E-7 4.32083E-7 4.78361E-7 5.36753E-7 6.11245E-7 6.46214E-7 6.69835E-7 7.82329E-7 9.35393E-7 1.13115E-6
6.81812E-6 4.30696E-6 3.31889E-6 2.29152E-6 1.45338E-6 1.30559E-6 1.58031E-6 1.90629E-6 1.90622E-6 2.41129E-6 3.40888E-6 5.95061E-6 1.05559E-5 6.05806E-6 5.48283E-6 4.75619E-6 7.49036E-6 6.28319E-6 5.63633E-6 7.35381E-6 6.65762E-6 1.17891E-5 1.10173E-5 9.26119E-6 5.5667E-6 1.99416E-5 8.63893E-6 5.64643E-6 6.70875E-6 1.07465E-5 5.80204E-6 3.27715E-6 2.60128E-6 2.63943E-6 2.20915E-6 1.75195E-6 1.37015E-6 1.18059E-6 1.16559E-6 1.12282E-6 1.04923E-6 9.75244E-7 8.83455E-7 7.81502E-7 6.76967E-7 5.82646E-7 5.04849E-7 4.47097E-7 4.23076E-7 4.0048E-7 3.70794E-7 3.20205E-7 3.11625E-7 3.43358E-7 3.76625E-7 4.24471E-7 4.91584E-7 5.6673E-7 6.42756E-7 7.02135E-7 7.84552E-7 8.17302E-7 8.24435E-7 8.48995E-7 9.5738E-7 1.17684E-6
7.55776E-6 4.67026E-6 2.76693E-6 2.04289E-6 1.50748E-6 1.33383E-6 1.5476E-6 1.55898E-6 1.65056E-6 2.33457E-6 3.43985E-6 5.07545E-6 5.81135E-6 5.78042E-6 1.15175E-5 6.38435E-6 8.00286E-6 6.61541E-6 1.05655E-5 6.63296E-6 5.40909E-6 1.00618E-5 9.68244E-6 7.84678E-6 5.55667E-6 5.29865E-6 5.21682E-6 3.63486E-6 5.02662E-6 6.79186E-6 4.58395E-6 2.95742E-6 2.05644E-6 1.63384E-6 1.48606E-6 1.38958E-6 1.20833E-6 1.09507E-6 9.73367E-7 9.49281E-7 8.88309E-7 8.14956E-7 7.59006E-7 6.51956E-7 5.8248E-7 5.00731E-7 4.88951E-7 4.77039E-7 4.73063E-7 4.60736E-7 4.36976E-7 3.94381E-7 3.96156E-7 4.17522E-7 4.71905E-7 5.35799E-7 6.19566E-7 7.29006E-7 8.55211E-7 9.36688E-7 1.00565E-6 1.04686E-6 1.08532E-6 1.11575E-6 1.09903E-6 1.20587E-6
6.47503E-6 4.49386E-6 3.16167E-6 1.99763E-6 1.79327E-6 1.56239E-6 1.3876E-6 1.32257E-6 1.52766E-6 2.06825E-6 2.53476E-6 3.27215E-6 4.93009E-6 5.69075E-6 5.7672E-6 4.72631E-6 5.72057E-6 1.1663E-5 7.44333E-6 5.1949E-6 5.9629E-6 7.25873E-6 8.08912E-6 2.20459E-5 6.41471E-6 3.57721E-6 2.9513E-6 2.74087E-6 2.91635E-6 3.62996E-6 2.84182E-6 2.47194E-6 1.85406E-6 1.41498E-6 1.19987E-6 1.11899E-6 1.03406E-6 9.70424E-7 8.63393E-7 7.55358E-7 7.28259E-7 6.82907E-7 6.26212E-7 5.60726E-7 6.16819E-7 6.43754E-7 6.55797E-7 6.6189E-7 6.54119E-7 6.06562E-7 5.52817E-7 4.8674E-7 4.9974E-7 5.46061E-7 5.75166E-7 6.48428E-7 7.56664E-7 9.49472E-7 1.08998E-6 1.14411E-6 1.27504E-6 1.30052E-6 1.39616E-6 1.40511E-6 1.38376E-6 1.31115E-6
5.23334E-6 3.99445E-6 3.02646E-6 2.16033E-6 1.92071E-6 1.58922E-6 1.31034E-6 1.63281E-6 1.9669E-6 2.7149E-6 3.58492E-6 3.90901E-6 5.82779E-6 1.08753E-5 6.33363E-6 7.94234E-6 8.18116E-6 5.71675E-6 6.32422E-6 8.27427E-6 1.34241E-5 7.51513E-6 7.85539E-6 4.95321E-6 4.8574E-6 2.95342E-6 1.70364E-6 1.78521E-6 2.11611E-6 2.20322E-6 1.89267E-6 1.64218E-6 1.45408E-6 1.24556E-6 1.04257E-6 9.34483E-7 8.90608E-7 8.12174E-7 7.36875E-7 6.35469E-7 5.84387E-7 6.0296E-7 6.81669E-7 7.52308E-7 8.0412E-7 8.36166E-7 8.68675E-7 8.52104E-7 8.48862E-7 7.88544E-7 6.99306E-7 6.04421E-7 6.18323E-7 6.99644E-7 7.60119E-7 8.70812E-7 9.74826E-7 1.1836E-6 1.31892E-6 1.39727E-6 1.60171E-6 1.65649E-6 1.69168E-6 1.66681E-6 1.65502E-6 1.55291E-6
3.41058E-6 2.84744E-6 2.39909E-6 1.9011E-6 1.84904E-6 1.5232E-6 1.35504E-6 1.68628E-6 2.33994E-6 4.40403E-6 6.6246E-6 7.4304E-6 4.87487E-6 5.52375E-6 7.04734E-6 6.62625E-6 7.60579E-6 4.55114E-6 3.86874E-6 5.28013E-6 6.08325E-6 7.57067E-6 8.10049E-6 4.75659E-6 3.21723E-6 2.43049E-6 1.74463E-6 1.38444E-6 1.40885E-6 1.44031E-6 1.38567E-6 1.2762E-6 1.15749E-6 1.0547E-6 9.27778E-7 8.05606E-7 7.4951E-7 6.93063E-7 6.07662E-7 5.59155E-7 6.63651E-7 7.90582E-7 9.16844E-7 1.0356E-6 1.05353E-6 1.01127E-6 1.04361E-6 1.10458E-6 1.03717E-6 9.5686E-7 8.71894E-7 7.72775E-7 8.16664E-7 8.83868E-7 9.93895E-7 1.14733E-6 1.25563E-6 1.37301E-6 1.58393E-6 1.72086E-6 1.85834E-6 1.9706E-6 1.98085E-6 1.99498E-6 1.90677E-6 1.75898E-6
2.11887E-6 1.90882E-6 1.72633E-6 1.57326E-6 1.59678E-6 1.35815E-6 1.37674E-6 1.65129E-6 2.34118E-6 3.72596E-6 6.92629E-6 7.73569E-6 9.01036E-6 7.08065E-6 9.04109E-6 6.28382E-6 3.58386E-6 4.85122E-6 5.69105E-6 8.54107E-6 5.84228E-6 7.04783E-6 5.93059E-6 3.88957E-6 2.84044E-6 1.98415E-6 1.43524E-6 1.1866E-6 1.11976E-6 1.14886E-6 1.12627E-6 1.07171E-6 9.96529E-7 9.10642E-7 8.15304E-7 7.15227E-7 6.30897E-7 5.75779E-7 5.70218E-7 6.82795E-7 8.75051E-7 1.07683E-6 1.22827E-6 1.40575E-6 1.46658E-6 1.5008E-6 1.15178E-6 1.36158E-6 1.30775E-6 1.19838E-6 1.07115E-6 9.26518E-7 1.0119E-6 1.14084E-6 1.31512E-6 1.47374E-6 1.59265E-6 1.66978E-6 1.83573E-6 2.01964E-6 2.14899E-6 2.25904E-6 2.31126E-6 2.32865E-6 2.1055E-6 1.95399E-6
1.645E-6 1.41115E-6 1.24512E-6 1.34855E-6 1.37458E-6 1.19446E-6 1.24042E-6 1.47004E-6 1.95843E-6 2.73259E-6 3.70886E-6 4.79603E-6 6.79261E-6 8.26881E-6 7.50603E-6 6.22768E-6 5.15839E-6 9.26643E-6 8.64593E-6 9.06968E-6 6.09915E-6 9.4662E-6 6.66697E-6 4.48122E-6 2.87966E-6 2.00941E-6 1.36221E-6 1.04663E-6 9.2011E-7 9.2915E-7 9.13689E-7 8.8223E-7 8.3861E-7 7.71226E-7 6.94464E-7 6.14058E-7 5.39899E-7 5.4697E-7 6.98341E-7 8.73583E-7 1.10818E-6 1.40524E-6 1.71384E-6 1.80951E-6 1.86321E-6 1.90213E-6 1.89427E-6 1.76726E-6 1.59826E-6 1.47345E-6 1.29358E-6 1.08918E-6 1.19973E-6 1.42976E-6 1.63387E-6 1.85894E-6 2.01947E-6 2.02672E-6 2.10352E-6 2.34132E-6 2.55481E-6 2.88799E-6 3.05319E-6 2.87436E-6 2.49011E-6 2.23733E-6
1.4587E-6 1.24305E-6 1.08524E-6 1.46367E-6 1.51328E-6 1.26046E-6 1.42561E-6 1.78206E-6 2.46848E-6 3.36445E-6 5.24536E-6 7.80033E-6 7.17123E-6 7.84682E-6 4.93565E-6 3.99573E-6 5.08667E-6 8.13696E-6 9.53915E-6 7.44065E-6 8.1315E-6 6.41191E-6 4.48582E-6 3.17323E-6 2.22921E-6 1.81275E-6 1.30819E-6 1.02613E-6 8.45511E-7 7.64244E-7 7.56045E-7 7.25893E-7 6.94088E-7 6.37451E-7 5.74208E-7 5.17496E-7 4.79282E-7 6.23768E-7 8.3073E-7 1.09811E-6 1.37823E-6 1.6485E-6 1.92933E-6 2.07336E-6 2.16914E-6 2.24686E-6 2.16033E-6 2.0642E-6 1.87136E-6 1.72599E-6 1.52003E-6 1.32462E-6 1.44312E-6 1.70501E-6 1.9673E-6 2.23051E-6 2.28764E-6 2.33672E-6 2.28679E-6 2.51209E-6 3.20346E-6 5.22393E-6 5.64697E-6 4.44905E-6 3.37551E-6 2.54172E-6
1.14945E-6 1.07579E-6 1.09086E-6 1.53223E-6 1.63789E-6 1.38679E-6 1.52086E-6 2.24645E-6 3.48839E-6 5.24055E-6 7.78986E-6 8.11945E-6 7.90314E-6 8.17508E-6 5.49121E-6 7.77631E-6 7.31302E-6 6.65255E-6 7.06841E-6 5.53104E-6 8.22082E-6 6.11545E-6 3.66676E-6 2.32913E-6 1.8477E-6 1.59647E-6 1.18661E-6 9.61277E-7 8.0052E-7 6.63335E-7 6.14785E-7 6.08666E-7 5.65502E-7 5.1178E-7 4.58212E-7 4.23131E-7 5.44882E-7 7.08509E-7 8.94343E-7 1.18471E-6 1.52944E-6 1.79927E-6 2.04567E-6 2.24033E-6 2.44564E-6 2.86643E-6 2.62483E-6 2.41915E-6 2.21924E-6 1.96706E-6 1.81995E-6 1.57572E-6 1.70515E-6 1.98193E-6 2.22387E-6 2.46755E-6 2.9326E-6 3.06379E-6 2.63377E-6 2.69029E-6 4.18936E-6 6.79158E-6 1.23735E-5 6.52804E-6 3.64426E-6 2.54371E-6
8.22482E-7 9.11101E-7 1.06511E-6 1.50123E-6 1.62718E-6 1.44126E-6 1.53899E-6 2.03391E-6 3.15445E-6 5.69402E-6 7.88967E-6 9.70821E-6 8.75064E-6 5.45613E-6 6.36644E-6 1.15895E-5 1.015E-5 5.05287E-6 4.08398E-6 4.02389E-6 4.05223E-6 4.03754E-6 3.03228E-6 2.21238E-6 1.87691E-6 1.43733E-6 1.10962E-6 9.04127E-7 7.42414E-7 6.17537E-7 5.10149E-7 4.72192E-7 4.37724E-7 4.0256E-7 3.64553E-7 4.34902E-7 5.86474E-7 7.77791E-7 9.62558E-7 1.25362E-6 1.57921E-6 1.85475E-6 2.20398E-6 2.69895E-6 3.18238E-6 4.1057E-6 4.21424E-6 3.32773E-6 2.8211E-6 2.29476E-6 2.03239E-6 1.83131E-6 1.9989E-6 2.18904E-6 2.43081E-6 3.03069E-6 4.56363E-6 4.61304E-6 3.79759E-6 2.85202E-6 3.30783E-6 5.13213E-6 7.3648E-6 5.01247E-6 3.27265E-6 2.63021E-6
7.3543E-7 9.58583E-7 1.18169E-6 1.53992E-6 1.60313E-6 1.65027E-6 1.90117E-6 2.43107E-6 3.83967E-6 5.65325E-6 5.61034E-6 6.74941E-6 6.96965E-6 5.49051E-6 1.01679E-5 9.04633E-6 7.85241E-6 6.90851E-6 6.67601E-6 8.20045E-6 5.22561E-6 3.07768E-6 2.02147E-6 1.83949E-6 1.8094E-6 1.24431E-6 1.00791E-6 8.51814E-7 7.22029E-7 5.93506E-7 4.73229E-7 3.93148E-7 3.46372E-7 3.22266E-7 3.44326E-7 4.49498E-7 6.11243E-7 8.22848E-7 1.00861E-6 1.30207E-6 1.61621E-6 1.91736E-6 2.33481E-6 3.11785E-6 4.90117E-6 7.77927E-6 8.38885E-6 4.97908E-6 3.05939E-6 2.49587E-6 2.20977E-6 1.99391E-6 2.06421E-6 2.41761E-6 2.96266E-6 3.82155E-6 6.7558E-6 9.64245E-6 6.74011E-6 3.80377E-6 2.68506E-6 3.11101E-6 3.85967E-6 3.41133E-6 2.68232E-6 2.42581E-6
8.47554E-7 1.04099E-6 1.34314E-6 1.6951E-6 1.62228E-6 1.79216E-6 2.03369E-6 2.71349E-6 4.54253E-6 7.84889E-6 8.45553E-6 4.96028E-6 3.50774E-6 4.48121E-6 8.20907E-6 9.13187E-6 8.16674E-6 8.83998E-6 9.39072E-6 8.65793E-6 5.67585E-6 3.40401E-6 2.02651E-6 1.80797E-6 1.42276E-6 1.13972E-6 9.03285E-7 7.88833E-7 6.55148E-7 5.57463E-7 4.63355E-7 3.7443E-7 3.03114E-7 2.7991E-7 3.61741E-7 4.73515E-7 6.39077E-7 8.50528E-7 1.08964E-6 1.39067E-6 1.6654E-6 1.97491E-6 2.28193E-6 2.79179E-6 4.32507E-6 7.64881E-6 8.38235E-6 4.90455E-6 3.40177E-6 2.60016E-6 2.3092E-6 2.16729E-6 2.22511E-6 2.49247E-6 2.71189E-6 3.89048E-6 6.45974E-6 8.84706E-6 5.7428E-6 3.33843E-6 2.63439E-6 2.54637E-6 2.6344E-6 2.56851E-6 2.39167E-6 2.25357E-6
9.31811E-7 1.10686E-6 1.26849E-6 1.76008E-6 1.82838E-6 1.90256E-6 2.52432E-6 3.38982E-6 4.95361E-6 5.30664E-6 7.13851E-6 7.13723E-6 4.23283E-6 4.4751E-6 6.57659E-6 7.00977E-6 1.09919E-5 9.97887E-6 5.7145E-6 5.20764E-6 4.24522E-6 2.8386E-6 1.98285E-6 1.82053E-6 1.2322E-6 1.16231E-6 9.38477E-7 7.81341E-7 6.32007E-7 5.16366E-7 4.93251E-7 4.64876E-7 4.13053E-7 3.61109E-7 3.71322E-7 4.83004E-7 6.37032E-7 8.29889E-7 1.11314E-6 1.39994E-6 1.71308E-6 1.98096E-6 2.25256E-6 2.78124E-6 3.6285E-6 4.23825E-6 4.36088E-6 3.36612E-6 2.73711E-6 2.55039E-6 2.32467E-6 2.0832E-6 2.27676E-6 2.55548E-6 2.63597E-6 3.25336E-6 4.25264E-6 4.25365E-6 4.00628E-6 3.0342E-6 2.54693E-6 2.42661E-6 2.41966E-6 2.33774E-6 2.17004E-6 2.04879E-6
