catData/rasterBestHybridModels/Pbengalensis/RDbal_RM1_L/Pbengalensis_stddev.asc
ncols         409
nrows         350
xllcorner     60.897278365
yllcorner     5.843756025
cellsize      0.0892857
NODATA_value  -9999
[rows 203 to 231 of 350, columns 132 to 197 of 409]
-9999 -9999 -9999 5.60597E-6 7.20854E-6 4.15007E-6 8.4755E-6 9.28163E-6 7.96735E-6 9.16327E-6 1.64121E-6 2.4581E-6 1.50597E-6 2.16545E-6 2.60489E-6 3.96205E-6 2.57E-6 3.61418E-6 4.22005E-6 3.19497E-6 2.63296E-6 3.59101E-6 2.1398E-6 1.40292E-6 6.45052E-7 1.48351E-6 1.21975E-6 2.35247E-6 3.3007E-6 2.38861E-6 2.32277E-6 1.94672E-6 1.7749E-6 1.34217E-6 2.16325E-6 1.34441E-6 1.78957E-7 2.54332E-7 1.38477E-6 3.48335E-7 5.78403E-7 1.04741E-6 3.2232E-6 5.09546E-8 3.73364E-7 5.76237E-7 5.46177E-7 8.29891E-7 7.12672E-7 1.68165E-7 5.85004E-7 9.81723E-7 2.37673E-7 2.41179E-7 5.11094E-7 1.97363E-6 6.44055E-7 3.15114E-8 1.46458E-7 1.96252E-6 2.44734E-6 1.22566E-7 3.24499E-6 2.73237E-6 2.41539E-6 2.26776E-6
-9999 -9999 2.41642E-5 5.87034E-6 3.20904E-6 7.49971E-6 8.38834E-6 8.63913E-6 1.38491E-5 2.91445E-6 3.14201E-6 4.65956E-7 1.61268E-6 3.09992E-6 4.99071E-6 2.5168E-6 1.17884E-6 4.6485E-6 5.63351E-6 5.51121E-6 4.10738E-6 3.36108E-6 3.25153E-6 2.79694E-6 2.45915E-6 1.37167E-6 1.4729E-6 2.76357E-6 3.61922E-6 3.30296E-6 3.25701E-6 2.05512E-6 1.31662E-6 1.45652E-6 1.56469E-6 2.03398E-6 3.48222E-7 4.96817E-8 3.94395E-7 2.02003E-7 5.79914E-7 9.30136E-7 2.2628E-6 3.17576E-6 2.89473E-7 9.00543E-8 1.33288E-6 1.13409E-6 4.71049E-7 9.43602E-8 8.81241E-7 2.63624E-6 2.33325E-6 2.39875E-7 1.13557E-6 7.12757E-7 1.30764E-7 2.03047E-8 1.43007E-6 7.05493E-7 3.33731E-6 9.87651E-7 1.05113E-6 3.19169E-7 1.74612E-6 9.33121E-7
-9999 -9999 1.16548E-5 9.16814E-8 3.66876E-6 4.1628E-6 5.16802E-6 8.30893E-6 6.36019E-6 4.89715E-6 6.49628E-6 7.89902E-6 4.4201E-6 2.58339E-6 3.62844E-6 4.36382E-6 2.52145E-6 1.23942E-6 2.32459E-6 4.96107E-6 4.2172E-6 3.95267E-6 4.33407E-6 3.81126E-6 3.02378E-6 3.00685E-6 4.23734E-7 7.93271E-7 5.31353E-6 3.60092E-6 1.81577E-6 1.21455E-6 1.69253E-6 1.6183E-6 4.89491E-7 2.05067E-6 3.33732E-6 2.03217E-6 3.85738E-7 3.86042E-7 6.90075E-7 3.91912E-7 8.67204E-7 7.71516E-7 3.86781E-8 3.55917E-7 3.47037E-7 3.92332E-6 2.0122E-6 1.20588E-6 2.36433E-6 3.55516E-6 1.2847E-6 1.7381E-6 1.77229E-6 2.95763E-7 4.72787E-8 5.31284E-8 6.6038E-7 3.16148E-6 6.03128E-6 1.24025E-6 3.85593E-7 4.40349E-7 9.56444E-7 2.28117E-6
-9999 -9999 1.78566E-5 6.22584E-6 3.03987E-6 4.10495E-6 3.37674E-6 1.06378E-5 9.96338E-6 1.88412E-6 7.05413E-6 3.57549E-6 1.66493E-5 8.19245E-6 6.38506E-6 4.03222E-6 1.88845E-6 2.55707E-6 1.38365E-6 2.00494E-6 3.57457E-6 5.13046E-6 6.33796E-6 2.29486E-6 3.13719E-6 3.15143E-6 5.43732E-6 1.89331E-6 4.30784E-6 3.60975E-6 2.59133E-6 7.98804E-7 7.54016E-7 8.01123E-7 3.34393E-7 3.951E-7 3.19376E-7 3.29536E-7 1.30582E-7 6.16331E-8 8.1951E-8 8.14379E-7 1.05482E-7 1.1864E-6 1.08059E-6 4.1023E-7 2.90874E-7 1.144E-6 1.06096E-6 2.67292E-7 5.2217E-7 2.91733E-6 1.04595E-6 1.31924E-6 4.57155E-7 3.02175E-6 8.12367E-7 3.41815E-6 9.8719E-6 5.92769E-6 5.76032E-6 7.67467E-6 6.57058E-7 1.65351E-6 2.32045E-6 2.23716E-6
-9999 -9999 2.2517E-5 4.59744E-6 9.05983E-6 2.28267E-6 9.52841E-6 8.98208E-6 1.11382E-5 2.70948E-6 6.26512E-7 3.33032E-6 9.70322E-6 2.14787E-5 1.02091E-5 5.79565E-6 4.51002E-6 4.43373E-6 2.95241E-6 5.20109E-6 4.42834E-6 5.15891E-6 1.33978E-6 2.3447E-6 2.48658E-6 2.90618E-6 3.15553E-6 4.06447E-6 1.33469E-6 1.8714E-6 2.15347E-6 3.13389E-6 3.89748E-6 3.03035E-6 2.79664E-6 4.57622E-7 8.60959E-8 1.19216E-7 1.16208E-6 7.09475E-7 9.23768E-7 3.45654E-6 1.05162E-6 5.76471E-7 6.37663E-7 3.94599E-7 6.58277E-7 1.05878E-6 1.47372E-6 3.88768E-8 1.3395E-6 2.09036E-6 1.08422E-6 2.67458E-7 4.53425E-7 2.24865E-7 2.27946E-6 4.78873E-6 4.45032E-6 4.31072E-6 5.86441E-6 4.19413E-6 1.56362E-6 1.64165E-6 2.42721E-6 2.1844E-6
-9999 -9999 2.23426E-5 1.5755E-5 1.99946E-5 1.3365E-5 2.46449E-6 3.2486E-6 1.64993E-5 1.38995E-5 2.29514E-6 6.95972E-6 7.13482E-6 5.19613E-6 3.96616E-6 5.53649E-6 3.69013E-6 4.11077E-6 2.17877E-6 5.21997E-6 6.68431E-6 4.4346E-6 1.53669E-6 3.29447E-6 2.62397E-6 3.0039E-6 2.91217E-6 4.6369E-6 2.04597E-6 1.56686E-6 2.81637E-6 2.89076E-6 5.11997E-6 4.57309E-6 1.24058E-6 8.23367E-7 3.65961E-7 2.93748E-7 7.18323E-7 1.78415E-7 2.36502E-7 3.94681E-7 3.22193E-6 5.07956E-6 2.48809E-6 1.61709E-6 3.39369E-7 5.33874E-7 3.34575E-7 2.26827E-6 1.49204E-6 3.44131E-7 7.67383E-8 3.34355E-7 3.84542E-8 1.48322E-7 6.27798E-7 4.07478E-6 3.53541E-6 2.24197E-6 1.70055E-6 1.39376E-6 2.98502E-6 3.12371E-6 2.39693E-6 2.05689E-6
-9999 -9999 2.11246E-5 1.78679E-5 6.19975E-6 1.60656E-5 7.47291E-6 6.62537E-6 1.4894E-5 1.27889E-5 3.87279E-6 7.409E-6 1.28176E-6 7.86374E-7 6.88088E-6 6.86444E-6 4.53069E-6 3.5334E-6 3.19441E-6 2.05317E-6 2.23762E-6 6.20435E-7 9.40386E-7 4.82647E-6 3.03301E-6 2.92752E-6 1.76371E-6 2.45521E-6 2.63758E-6 1.32641E-6 1.01209E-6 2.88193E-6 2.94496E-6 4.2805E-6 3.0499E-6 1.46106E-6 4.27991E-7 3.85156E-7 1.70302E-6 5.45412E-7 3.12614E-7 1.1161E-7 2.17197E-7 3.02286E-6 4.45838E-6 1.99277E-6 7.75219E-7 1.72859E-7 6.41765E-7 1.5582E-6 4.43486E-6 1.67383E-6 6.50824E-7 1.28559E-6 6.61585E-8 5.95968E-8 2.48398E-7 2.87294E-6 9.64344E-6 4.36146E-6 1.18742E-6 4.06223E-7 2.29423E-6 2.61564E-6 1.24424E-6 2.98952E-6
-9999 -9999 -9999 2.56733E-5 1.24331E-5 4.16911E-6 1.02754E-5 6.88757E-6 1.39406E-5 5.30043E-6 1.34591E-6 2.85134E-6 6.19862E-7 9.75715E-7 3.42159E-6 7.02066E-6 8.66168E-6 3.1677E-6 3.92677E-6 3.35773E-6 3.80794E-6 2.94789E-6 5.32915E-6 7.7189E-6 4.21473E-6 2.07345E-6 2.54584E-6 1.86941E-6 3.04079E-6 2.06543E-6 1.07979E-6 1.40079E-6 8.68788E-7 3.3435E-6 3.96125E-6 3.22693E-6 2.76294E-6 2.44063E-6 1.88348E-6 4.27861E-7 3.94136E-7 6.32507E-7 1.99753E-6 1.10798E-6 1.61669E-6 5.41726E-7 1.67856E-6 1.01761E-6 6.56012E-7 1.56027E-6 2.60618E-7 8.73418E-7 1.18549E-7 7.22179E-7 7.23276E-7 1.04433E-6 4.58252E-7 1.59543E-7 5.81556E-6 4.59781E-6 2.87355E-6 1.57983E-6 4.24417E-7 2.06513E-6 3.81212E-7 6.12959E-7
-9999 -9999 -9999 -9999 1.2366E-5 4.91106E-6 1.23348E-5 6.67952E-6 6.80078E-6 8.6644E-6 1.8829E-6 9.76E-6 6.47614E-6 2.47238E-7 4.96654E-6 4.86852E-6 4.5869E-6 1.58454E-6 3.75909E-6 3.50443E-6 5.09673E-6 3.18554E-6 2.0627E-6 3.63285E-6 4.90467E-6 3.8597E-6 5.17748E-6 2.80795E-6 3.69664E-7 9.67579E-7 1.79735E-6 1.37637E-6 3.99149E-6 4.14728E-6 1.28163E-6 1.48724E-6 3.09052E-6 3.63237E-6 1.88963E-6 8.54681E-7 6.76865E-7 1.87597E-7 1.28833E-6 8.58374E-7 5.09517E-7 4.62812E-7 2.28394E-6 9.77266E-7 1.65467E-7 2.00192E-7 2.83538E-7 2.92333E-8 1.59173E-6 1.18021E-6 3.78594E-6 5.14534E-7 6.26783E-7 1.28287E-6 2.88682E-6 2.79712E-6 2.37797E-6 2.98005E-6 2.17601E-6 3.13345E-6 1.22209E-6 3.71876E-7
-9999 -9999 -9999 2.05547E-5 1.61114E-5 1.74955E-5 1.38239E-5 9.77726E-6 1.10608E-6 9.6859E-6 1.31567E-5 6.98154E-6 2.94825E-7 8.6689E-7 5.92254E-6 5.51282E-6 2.54848E-6 4.67298E-6 4.74292E-6 4.05807E-6 6.42137E-6 6.94676E-6 4.88147E-6 5.48353E-6 2.77154E-6 1.83607E-6 2.22292E-6 5.54782E-6 7.60602E-7 2.16261E-6 6.70983E-6 2.41397E-6 5.34096E-7 1.64735E-6 9.87147E-7 2.39429E-6 8.28286E-7 2.65269E-6 1.53332E-6 6.37961E-8 1.16156E-7 9.16703E-7 5.57875E-7 3.55296E-7 1.34593E-6 2.26199E-7 1.10366E-6 6.36212E-7 2.28425E-7 1.0519E-7 1.26877E-6 3.31695E-7 7.74646E-8 6.5537E-7 2.71193E-6 7.03504E-7 5.86643E-8 4.82764E-8 5.68666E-7 2.87422E-6 2.57411E-6 2.14573E-6 3.14657E-6 2.84656E-6 3.27014E-7 5.6027E-7
-9999 -9999 -9999 -9999 2.03305E-5 1.54554E-5 3.14849E-6 5.96195E-6 6.32126E-6 1.91122E-6 1.27945E-5 1.21183E-5 2.54296E-7 5.23549E-7 2.3448E-6 3.92005E-6 2.16358E-6 1.44155E-6 4.6244E-6 6.8018E-6 5.599E-6 3.86541E-6 4.0124E-6 2.30766E-6 2.53551E-6 8.69523E-7 2.3874E-6 2.17877E-6 1.24855E-6 3.25422E-6 3.9054E-6 1.50858E-6 4.45566E-7 2.40483E-6 2.1372E-7 2.39367E-6 3.92492E-6 4.92441E-6 4.3241E-6 2.20016E-6 3.53476E-7 1.09537E-6 1.37375E-6 3.17945E-7 8.21403E-7 2.06587E-6 2.10439E-6 1.61979E-6 3.18007E-7 2.91506E-7 1.57368E-7 2.34546E-6 3.58534E-7 2.17112E-7 3.70065E-7 1.77519E-6 1.08034E-6 1.868E-8 5.91103E-8 3.96491E-7 7.06668E-8 2.94781E-6 1.31252E-6 1.03641E-6 3.74813E-6 7.02048E-7
-9999 -9999 -9999 -9999 2.07651E-5 1.58963E-5 3.38559E-6 1.33626E-6 1.66778E-6 8.38574E-6 1.64242E-5 2.03583E-5 6.94991E-6 3.45807E-6 1.70274E-6 3.98239E-6 3.33185E-6 3.71514E-6 4.74836E-6 3.36688E-6 3.43972E-6 1.30076E-6 2.71663E-6 6.29758E-7 5.74572E-7 5.37959E-7 1.15336E-6 2.95696E-6 1.41027E-6 4.61275E-7 2.31827E-7 9.48071E-7 6.75987E-7 1.43285E-7 1.94625E-6 3.07679E-6 3.3222E-6 5.60789E-6 2.7626E-6 3.23789E-6 2.95458E-6 1.3754E-6 4.43671E-7 5.79793E-7 4.1304E-7 7.15434E-7 3.88721E-7 3.08735E-7 1.63277E-6 4.39387E-7 5.93074E-8 1.79047E-6 2.66365E-7 1.26209E-6 3.48073E-7 2.41108E-6 1.49848E-6 2.20205E-7 6.09589E-8 5.02959E-8 2.62547E-7 2.31042E-6 1.17852E-6 1.34389E-7 5.76565E-7 4.88708E-7
-9999 -9999 -9999 -9999 3.37105E-5 2.23021E-5 1.298E-6 1.01911E-6 2.6445E-6 2.05246E-5 1.6274E-5 1.71868E-5 2.84691E-6 3.67254E-6 5.5747E-6 8.16828E-7 1.98013E-6 3.03404E-6 4.4626E-6 3.05626E-6 1.45907E-6 1.12375E-7 3.88821E-7 1.28468E-6 1.96543E-6 1.18123E-6 1.5038E-6 3.19378E-6 7.59304E-7 7.40292E-7 1.34374E-6 1.09288E-6 2.28259E-6 3.43071E-7 2.21421E-6 1.17885E-6 2.14597E-6 2.82525E-6 2.59496E-6 5.50698E-6 4.60063E-6 8.8654E-7 2.26472E-7 1.55339E-6 3.22688E-6 2.72706E-7 2.35503E-7 9.85263E-7 5.95078E-7 3.33647E-7 8.61216E-7 2.15347E-6 9.64776E-7 7.78754E-7 7.27297E-8 1.07706E-7 3.64352E-7 1.14121E-6 1.44798E-7 1.3912E-7 3.57419E-7 2.11175E-6 2.66595E-6 2.25534E-6 2.25193E-8 2.51417E-8
-9999 -9999 -9999 -9999 3.49693E-5 3.40306E-5 4.66984E-6 5.98179E-7 3.11013E-6 1.69566E-5 1.1718E-5 1.13557E-5 3.09073E-6 3.50209E-6 6.99914E-6 4.38575E-6 2.99247E-6 3.19164E-6 2.94822E-6 2.0909E-6 2.83439E-6 1.8584E-6 3.53706E-6 2.62813E-6 3.26452E-6 1.78944E-6 6.65899E-7 1.52142E-6 2.56112E-6 2.90516E-6 1.95885E-6 3.44935E-6 1.87031E-6 8.43357E-7 1.55328E-6 3.40537E-6 1.14426E-6 2.67237E-6 1.81289E-6 4.07942E-6 1.51895E-6 2.81509E-6 5.19723E-6 3.56302E-6 1.26583E-6 1.83712E-7 1.7338E-7 1.29262E-7 7.50542E-8 2.13357E-6 1.63104E-6 6.07035E-7 1.78073E-6 1.05369E-6 1.3958E-6 5.19058E-7 4.70546E-7 3.99465E-7 3.299E-6 1.46189E-7 2.65675E-7 2.7886E-6 9.20328E-7 2.62866E-6 3.48387E-7 2.14716E-8
-9999 -9999 -9999 -9999 -9999 2.09963E-5 6.79865E-6 1.13574E-6 1.36179E-6 2.26965E-6 1.73947E-5 1.25874E-5 6.6208E-6 1.8641E-6 1.41553E-6 1.73737E-6 5.27E-6 1.377E-6 2.5625E-6 3.31001E-6 1.7854E-6 1.54589E-6 6.31016E-6 1.08081E-5 6.7027E-6 3.36821E-6 1.14292E-6 2.84317E-6 3.83839E-6 5.32318E-6 3.01374E-6 4.59877E-6 1.86101E-6 1.21722E-6 2.44667E-6 3.22196E-6 1.62014E-5 2.04855E-6 1.30287E-6 8.56429E-8 7.26074E-7 9.16392E-7 1.38785E-7 7.26925E-7 1.63837E-6 3.71838E-7 2.49961E-7 1.71764E-7 2.48515E-7 9.50405E-7 1.1777E-6 8.30646E-7 3.11926E-7 2.50152E-6 1.10193E-6 2.25402E-6 3.42668E-7 1.08034E-6 2.10071E-7 7.45325E-7 1.04347E-6 1.8297E-7 4.96651E-7 1.13614E-6 1.76181E-8 1.82148E-7
-9999 -9999 -9999 -9999 -9999 2.16547E-5 1.0416E-5 9.58664E-6 1.46705E-5 6.6185E-6 4.31103E-6 1.2352E-5 5.93847E-6 7.49251E-6 3.14303E-6 1.52934E-6 8.60757E-6 2.79974E-6 3.80409E-6 1.68675E-6 2.13232E-6 3.61905E-6 4.65365E-6 6.31014E-6 4.29405E-6 3.38792E-6 2.27248E-6 1.60673E-6 2.12371E-6 2.72229E-7 3.12537E-6 1.47951E-6 8.86845E-7 2.06077E-6 2.72029E-6 3.25426E-6 2.8519E-6 4.49817E-7 2.01854E-6 1.01949E-7 5.39605E-7 2.59633E-6 1.03227E-6 5.60337E-7 4.26477E-6 1.07867E-7 6.85252E-8 4.82674E-8 2.39744E-7 1.11154E-7 5.58215E-7 1.55402E-7 2.63809E-6 1.83186E-6 3.40431E-6 1.10898E-6 2.57007E-6 1.89742E-7 3.97821E-7 1.75523E-6 2.57029E-6 4.06688E-6 4.97939E-7 1.76606E-6 1.31023E-6 4.36062E-8
-9999 -9999 -9999 -9999 -9999 3.70803E-5 1.37798E-5 1.49371E-5 3.31928E-6 3.8065E-6 7.67769E-6 1.60666E-5 5.53566E-6 4.88295E-6 1.04569E-6 5.19446E-6 2.65677E-6 1.57794E-6 3.11942E-6 1.52162E-6 3.02527E-6 2.72161E-6 3.96908E-6 4.10231E-6 3.63109E-6 3.00986E-6 3.31668E-6 4.34892E-6 3.09074E-6 3.24653E-6 2.74988E-6 6.52225E-7 1.11685E-6 7.99789E-7 2.58897E-6 1.04627E-6 6.71682E-7 4.43357E-7 2.187E-7 7.42616E-7 5.93748E-7 1.49267E-6 1.53416E-6 1.67564E-7 3.11964E-7 8.47917E-7 1.72742E-6 7.84895E-7 1.68411E-6 1.67577E-7 2.09982E-8 3.64016E-7 3.23669E-6 4.48007E-7 2.20546E-6 1.49579E-6 2.20447E-7 3.14991E-7 1.46111E-7 2.66465E-7 1.29453E-6 8.9017E-7 8.07954E-7 6.942E-6 2.5709E-5 3.14938E-6
-9999 -9999 -9999 -9999 -9999 -9999 4.21188E-6 1.34507E-5 9.84782E-6 9.62347E-6 2.52267E-5 1.93737E-5 1.50103E-5 1.57302E-6 8.26949E-6 7.12576E-6 3.19094E-6 2.04475E-6 1.06645E-6 3.02521E-6 4.17486E-6 4.61784E-6 3.45824E-6 3.22218E-6 3.12577E-6 2.9731E-6 3.47406E-6 4.95322E-6 1.51393E-6 4.17507E-6 2.96229E-6 7.05415E-7 2.10497E-6 5.60967E-7 5.14496E-7 1.55944E-6 4.54299E-7 6.68778E-7 1.66841E-7 8.59329E-7 8.88555E-7 8.80431E-7 6.04527E-7 5.09095E-7 1.50151E-7 3.00422E-7 1.0606E-6 4.9664E-7 1.12756E-6 1.47955E-6 3.68059E-7 1.94126E-7 1.36032E-6 1.09208E-6 1.95869E-6 4.79869E-7 4.60034E-7 1.63413E-7 1.32771E-7 4.76243E-7 9.71592E-7 1.27449E-6 1.40192E-6 4.38533E-6 2.72543E-5 2.53718E-5
-9999 -9999 -9999 -9999 -9999 -9999 1.29877E-5 1.16601E-5 1.29511E-5 6.44638E-6 1.948E-5 1.48176E-5 1.23259E-5 1.13878E-6 5.50391E-6 7.71571E-6 9.73645E-6 2.68402E-6 2.80099E-7 1.14592E-6 4.9299E-8 1.89147E-6 3.75006E-6 1.72061E-6 3.03837E-6 2.64916E-6 3.29665E-6 3.81011E-6 2.17441E-6 3.15286E-6 2.23848E-6 2.0756E-6 7.09834E-7 1.58132E-6 9.93954E-7 1.18256E-6 9.34999E-7 1.33018E-7 1.22893E-6 1.04022E-6 3.84072E-6 4.62044E-6 7.98869E-7 1.78025E-7 1.83718E-7 1.99852E-7 8.74949E-7 7.82028E-7 2.96482E-7 8.15484E-7 2.93013E-6 2.74758E-6 1.67028E-6 1.87283E-6 6.43372E-7 1.0783E-6 9.10181E-8 1.65846E-7 4.08599E-7 1.04119E-6 5.26017E-7 1.85786E-6 3.78785E-6 3.09093E-6 7.31943E-6 6.61971E-6
-9999 -9999 -9999 -9999 -9999 -9999 1.37154E-5 1.50948E-5 1.40639E-5 2.29289E-5 2.82112E-5 1.06786E-5 7.74671E-6 7.91643E-6 4.03128E-7 9.1543E-7 8.88426E-6 5.63792E-6 7.56445E-7 2.32457E-7 1.70989E-7 3.22805E-6 6.55721E-7 1.46281E-6 5.82039E-7 2.1083E-6 3.01802E-6 3.11102E-6 2.9767E-6 2.78889E-6 2.97113E-6 2.32175E-6 2.14971E-6 2.15337E-6 2.63809E-6 2.59731E-6 3.99572E-6 5.37864E-7 4.49505E-7 1.41572E-6 4.44284E-6 5.8232E-6 1.67843E-6 7.25002E-7 4.82231E-9 6.08132E-8 1.28795E-7 1.82896E-7 7.65043E-7 3.80013E-6 4.76263E-6 4.66657E-6 2.25372E-6 5.0097E-7 2.02911E-7 8.7968E-7 1.89315E-6 1.64077E-7 2.53782E-7 9.35263E-7 8.13776E-8 2.14879E-6 4.58473E-6 4.57882E-6 4.4024E-6 4.6893E-6
-9999 -9999 -9999 -9999 -9999 -9999 2.74243E-5 1.13752E-5 1.5907E-5 2.01694E-5 1.57726E-5 1.29199E-5 1.09935E-5 7.34445E-6 2.11843E-6 9.88474E-7 6.74774E-6 8.46883E-6 3.03322E-6 1.00994E-6 3.90011E-7 8.59993E-7 4.99739E-7 1.46921E-7 5.05899E-7 2.54333E-6 3.27366E-6 3.03256E-6 3.41573E-6 2.40664E-6 2.26332E-6 2.84764E-6 2.29907E-6 2.44758E-6 2.61192E-6 4.46651E-6 4.95414E-6 2.07394E-6 1.62295E-6 2.31576E-6 4.02489E-6 4.28656E-6 1.68365E-6 7.38206E-7 3.52609E-7 2.97243E-6 5.79956E-6 3.53993E-6 3.7768E-6 5.26905E-6 3.91951E-6 5.12561E-6 4.11734E-7 1.70361E-7 1.00409E-6 1.66894E-6 3.47764E-6 8.65123E-7 1.64144E-7 3.12875E-7 1.00103E-7 1.60613E-6 5.08113E-6 3.52528E-6 3.52977E-6 9.87381E-7
-9999 -9999 -9999 -9999 -9999 -9999 -9999 1.33417E-5 1.66309E-5 2.07039E-5 1.26358E-5 2.72719E-5 1.49102E-5 1.26072E-5 1.56204E-6 1.45179E-6 1.94282E-6 5.14972E-6 6.21235E-6 3.04458E-6 9.2964E-7 6.24649E-7 6.84531E-7 5.3342E-7 8.87432E-8 2.87136E-6 3.45526E-6 3.63935E-6 3.38496E-6 1.71565E-6 2.7687E-6 3.14504E-6 2.94592E-6 2.82091E-6 1.90294E-6 3.32915E-6 1.32805E-6 2.2326E-6 8.55862E-7 1.25735E-6 1.69245E-6 3.1315E-6 3.05054E-6 3.29051E-7 7.08731E-7 4.53376E-7 2.70171E-6 1.18622E-6 8.69956E-7 3.41147E-6 2.62639E-6 2.62516E-6 4.61017E-7 1.29907E-6 1.42402E-6 3.25373E-6 3.85605E-6 2.11353E-6 5.73265E-7 1.40111E-6 4.47935E-6 6.03409E-6 6.29611E-6 3.76231E-6 1.93E-6 1.82772E-6
-9999 -9999 -9999 -9999 -9999 -9999 -9999 1.10691E-5 2.22551E-5 2.32572E-5 1.57762E-5 2.04189E-5 1.50318E-5 1.27101E-5 6.58891E-6 7.61303E-6 4.1835E-6 8.27516E-6 8.66883E-6 4.55266E-6 1.66171E-6 4.95901E-6 3.65727E-7 5.52291E-8 1.08702E-6 1.26652E-6 2.95732E-6 3.49144E-6 9.20834E-7 1.87409E-6 2.44781E-6 2.68731E-6 3.09656E-6 5.06722E-6 4.13006E-6 1.24253E-6 2.34007E-6 2.98289E-6 2.54871E-6 1.26947E-6 8.68631E-7 2.93403E-6 1.25003E-6 9.83424E-7 5.83873E-7 1.0081E-7 2.17064E-6 5.11081E-7 6.90667E-7 4.51238E-7 5.52429E-7 2.22081E-6 2.74266E-6 3.23873E-6 3.45503E-6 2.94725E-6 2.02132E-6 2.59007E-6 1.02203E-6 2.25459E-6 2.20962E-6 4.43923E-6 2.56469E-6 2.88192E-6 2.82892E-6 1.55626E-6
-9999 -9999 -9999 -9999 -9999 -9999 -9999 6.19266E-6 9.95546E-6 2.64448E-5 1.85343E-5 1.89665E-5 1.35622E-5 1.67977E-5 5.72168E-7 9.9574E-7 6.3337E-6 9.0344E-6 7.66309E-6 6.85141E-6 9.39347E-7 1.683E-5 5.22647E-6 1.50296E-6 1.20308E-8 2.34975E-6 3.72483E-6 3.30546E-6 1.30262E-6 4.9801E-7 4.62576E-7 3.21371E-6 4.08533E-6 4.95489E-6 8.12781E-6 3.65427E-6 2.21196E-6 1.92924E-6 3.90703E-6 3.48516E-6 1.4216E-6 3.11026E-7 4.35296E-7 1.45477E-7 5.06945E-8 5.13885E-7 3.12978E-6 1.72569E-6 1.54114E-7 4.10546E-6 9.24355E-7 1.83822E-6 1.58754E-6 2.71708E-6 3.697E-6 3.71519E-6 1.6051E-6 3.41587E-6 2.6609E-6 4.89004E-7 1.06153E-6 2.64046E-7 1.28563E-6 2.9355E-6 3.18549E-6 2.0644E-6
-9999 -9999 -9999 -9999 -9999 -9999 -9999 1.13996E-5 1.6675E-5 2.57584E-5 1.88754E-5 2.57219E-5 1.70122E-5 1.36417E-5 9.89943E-6 1.16494E-5 7.065E-6 1.94574E-6 2.94844E-7 1.44785E-6 2.5336E-6 3.10034E-6 2.05588E-6 3.55145E-6 3.68747E-6 3.05683E-6 1.86452E-6 3.64294E-6 3.54234E-6 2.71163E-7 6.74163E-7 2.68042E-6 2.55011E-6 4.64205E-6 4.15873E-6 3.30555E-6 2.05103E-6 2.36385E-6 1.50381E-6 1.53728E-6 1.7034E-6 9.85886E-7 9.07383E-7 1.65783E-7 1.56707E-7 1.70662E-6 1.08846E-6 1.76444E-7 5.48306E-7 3.99863E-6 6.50466E-6 2.96805E-6 3.74614E-6 3.36764E-6 6.61367E-6 3.36229E-6 2.7022E-6 3.12796E-6 2.33495E-6 2.48766E-6 2.15538E-7 8.26829E-7 1.73072E-6 2.65039E-6 1.75769E-6 1.56399E-6
-9999 -9999 -9999 -9999 -9999 -9999 -9999 6.76185E-6 1.84922E-5 2.36291E-5 1.99623E-5 1.625E-5 1.81874E-5 1.30558E-5 1.10135E-5 6.76882E-6 1.04695E-5 8.4664E-6 7.97547E-6 1.20518E-5 8.19267E-6 1.0114E-5 5.2554E-6 4.71337E-6 4.13461E-6 2.33497E-6 4.10512E-6 5.14761E-6 1.65338E-6 9.14551E-7 2.38376E-6 2.85042E-6 3.20753E-6 3.99514E-6 4.93032E-6 2.93205E-6 1.85255E-6 1.19089E-6 2.55468E-7 3.85149E-7 5.24114E-7 2.81275E-7 7.90159E-8 7.91585E-7 2.27232E-6 2.63201E-6 2.12937E-6 4.88215E-6 3.10051E-6 4.51018E-6 4.91002E-6 3.30834E-6 3.24426E-6 5.90446E-6 7.06751E-6 2.11645E-6 4.07452E-6 1.56762E-6 1.01605E-6 1.54197E-6 4.78448E-7 9.49081E-8 3.29145E-6 1.69667E-6 2.05041E-6 2.8626E-6
-9999 -9999 -9999 -9999 -9999 -9999 -9999 8.35565E-6 1.48513E-6 2.25295E-5 1.92161E-5 1.52672E-5 1.95437E-5 1.68591E-5 1.31356E-5 7.73625E-6 5.51366E-6 4.09743E-7 1.15427E-6 8.07033E-6 6.95275E-6 8.01488E-6 4.97643E-6 2.40007E-6 4.48965E-6 8.25261E-6 4.00416E-6 5.13418E-6 7.18968E-6 3.80518E-6 1.65724E-6 2.27637E-6 6.32156E-7 3.09588E-6 2.9586E-6 3.25371E-6 2.05896E-6 2.41287E-6 2.04859E-6 1.29403E-7 2.20257E-7 2.23263E-6 1.75993E-6 5.16183E-6 2.66619E-6 5.0662E-6 3.41657E-6 1.44835E-6 2.06985E-6 2.83975E-6 3.09562E-6 3.10121E-6 3.27481E-6 3.05768E-6 3.2051E-6 3.23795E-6 4.45026E-6 3.62732E-6 2.48137E-6 3.49098E-6 3.34711E-6 1.71E-6 2.11425E-6 3.20629E-6 2.69376E-6 1.97889E-6
-9999 -9999 -9999 -9999 -9999 -9999 -9999 3.8961E-6 6.43506E-7 1.16018E-5 2.04398E-5 1.05724E-5 2.31848E-5 1.46452E-5 9.40801E-6 5.8928E-6 1.04315E-5 2.84201E-6 3.65017E-6 7.76148E-6 3.15252E-6 5.81523E-6 3.02748E-6 1.02577E-5 5.24898E-6 8.56713E-6 1.16199E-5 5.91976E-6 7.99744E-6 7.4919E-6 7.66314E-6 1.81079E-6 9.25628E-7 3.39959E-6 3.26676E-6 4.15033E-6 5.5433E-6 5.51838E-6 3.51625E-6 4.4111E-6 2.24416E-7 2.64752E-6 8.19904E-7 3.39379E-6 1.69983E-6 3.32236E-6 5.18486E-6 2.94389E-6 2.50757E-6 2.79155E-6 2.82223E-6 2.7423E-6 2.82072E-6 2.44663E-6 2.78406E-6 3.21635E-6 2.87737E-6 3.86778E-6 3.34507E-6 1.49547E-6 1.48353E-6 1.04492E-6 5.1463E-6 1.8236E-6 2.54667E-6 2.63315E-6
-9999 -9999 -9999 -9999 -9999 -9999 -9999 1.10753E-5 1.04941E-6 7.1042E-6 2.10717E-5 1.82692E-5 1.6364E-5 1.7076E-5 1.36738E-5 1.18514E-5 5.92779E-6 6.64881E-6 5.04757E-6 9.08423E-7 7.85969E-7 2.38749E-6 4.71205E-6 4.43651E-6 3.13014E-6 7.67541E-6 1.12675E-5 1.0558E-5 6.08797E-6 3.36551E-6 3.69357E-6 6.35854E-6 3.42019E-6 6.12716E-6 5.12204E-6 3.74337E-6 1.06919E-6 4.13049E-6 3.06677E-6 8.03883E-7 1.94483E-6 3.22718E-6 5.05319E-6 2.90729E-6 1.77739E-6 4.00474E-6 3.49289E-6 2.02804E-6 1.34089E-6 1.26927E-6 2.28263E-6 2.42513E-6 2.49677E-6 3.369E-6 3.61996E-6 3.1479E-6 2.87621E-6 3.25475E-6 1.26927E-6 4.13932E-6 2.30455E-6 4.3922E-7 4.79284E-6 5.18079E-6 3.36416E-6 2.50323E-6
