catData/rasterBestHybridModels/Pbengalensis/RDbal_RM1_L/Pbengalensis_stddev.asc
ncols         409
nrows         350
xllcorner     60.897278365
yllcorner     5.843756025
cellsize      0.0892857
NODATA_value  -9999
[rows 58 to 86 of 350, columns 132 to 197 of 409]
6.00828E-6 7.86175E-6 4.53875E-6 3.54488E-6 3.2711E-6 5.04797E-6 9.7859E-6 6.01818E-6 6.89217E-6 1.09528E-5 8.6075E-6 5.2209E-6 3.97691E-6 6.98821E-6 6.28451E-6 3.9053E-6 4.24214E-6 6.3205E-6 4.71647E-6 4.80978E-6 8.8664E-6 5.52199E-6 6.77883E-6 9.40078E-6 6.14467E-6 1.24747E-5 5.4936E-6 5.71083E-6 7.14849E-6 6.0757E-6 7.28508E-6 4.20124E-6 5.4624E-6 7.10315E-6 4.56433E-6 7.2754E-6 5.88164E-6 7.6155E-6 7.20018E-6 1.46013E-5 1.43398E-5 1.14365E-5 1.18182E-5 9.05031E-6 6.55627E-6 6.70371E-6 7.97213E-6 8.03503E-6 1.72014E-5 1.97545E-5 1.53812E-5 1.59771E-5 1.75455E-5 3.13264E-5 3.81778E-5 3.68828E-5 3.17736E-5 3.46614E-5 3.67079E-5 2.23556E-5 1.7746E-5 1.62564E-5 1.11831E-5 8.5103E-6 8.05056E-6 5.25445E-6
6.0366E-6 8.0687E-6 9.8205E-6 6.68551E-6 4.36017E-6 3.42016E-6 4.35147E-6 7.06105E-6 6.07459E-6 5.68668E-6 7.56818E-6 5.26601E-6 9.37084E-6 7.89695E-6 6.44468E-6 4.4263E-6 5.27889E-6 1.10145E-5 6.68068E-6 3.61701E-6 3.74109E-6 3.14457E-6 5.40867E-6 6.92143E-6 5.52363E-6 1.02598E-5 5.58308E-6 6.31592E-6 8.31157E-6 6.42705E-6 7.87756E-6 4.28473E-6 6.21402E-6 8.87337E-6 8.95087E-6 5.58549E-6 1.03915E-5 1.27071E-5 5.94956E-6 6.55972E-6 1.12086E-5 1.12835E-5 9.79098E-6 9.68284E-6 7.47264E-6 1.07773E-5 8.945E-6 1.34081E-5 1.4371E-5 1.82031E-5 1.0762E-5 1.30482E-5 1.86114E-5 2.5764E-5 2.8061E-5 2.68794E-5 4.5578E-5 5.33594E-5 4.66741E-5 3.37197E-5 2.70702E-5 1.75971E-5 1.49552E-5 1.1065E-5 6.38081E-6 5.3582E-6
3.66326E-6 4.44519E-6 6.58917E-6 9.338E-6 5.14848E-6 4.38094E-6 4.7453E-6 8.94546E-6 7.28622E-6 3.74573E-6 3.94901E-6 5.05151E-6 7.52021E-6 5.42809E-6 1.04751E-5 5.77674E-6 3.19928E-6 4.06601E-6 3.73871E-6 3.63835E-6 3.82362E-6 3.55858E-6 4.58981E-6 9.35536E-6 7.09831E-6 6.7777E-6 4.46627E-6 3.26751E-6 3.77358E-6 3.71659E-6 3.88251E-6 5.23281E-6 4.62265E-6 5.22581E-6 7.9483E-6 7.47736E-6 5.01521E-6 1.03409E-5 8.99446E-6 4.68202E-6 6.27953E-6 5.94997E-6 1.23177E-5 1.47178E-5 1.17968E-5 2.51913E-5 1.35028E-5 2.24592E-5 1.9876E-5 2.51927E-5 1.40723E-5 2.7601E-5 4.68658E-5 4.24212E-5 4.2029E-5 4.85142E-5 5.71985E-5 5.21829E-5 4.46397E-5 3.25082E-5 3.28694E-5 2.41951E-5 1.27399E-5 9.42107E-6 6.42118E-6 5.14083E-6
6.01094E-6 3.34156E-6 3.76291E-6 3.86962E-6 4.95083E-6 9.84303E-6 6.59045E-6 4.31365E-6 7.78798E-6 7.63254E-6 6.81562E-6 9.90535E-6 6.76125E-6 5.99854E-6 4.04439E-6 3.42243E-6 3.53149E-6 5.91284E-6 9.75031E-6 5.0744E-6 3.5503E-6 3.75814E-6 3.51244E-6 5.04546E-6 1.10235E-5 6.26203E-6 8.0183E-6 4.36842E-6 3.70349E-6 4.80508E-6 4.44435E-6 1.11684E-5 7.53991E-6 7.19793E-6 6.02384E-6 9.62238E-6 6.53568E-6 8.27103E-6 6.68138E-6 4.02513E-6 4.59364E-6 4.88724E-6 7.32912E-6 7.90502E-6 6.18361E-6 8.64189E-6 1.01273E-5 1.14813E-5 1.59827E-5 2.22045E-5 2.0057E-5 3.72647E-5 4.41215E-5 3.29737E-5 3.14513E-5 4.78274E-5 1.0091E-4 3.71833E-5 2.87002E-5 2.44557E-5 2.31932E-5 2.05308E-5 1.14584E-5 8.99434E-6 7.04335E-6 7.13348E-6
5.27187E-6 3.3249E-6 3.14713E-6 4.10722E-6 4.7778E-6 7.35277E-6 1.14936E-5 6.04052E-6 6.38874E-6 6.9187E-6 5.49577E-6 7.0981E-6 8.78264E-6 7.57876E-6 3.95856E-6 6.91831E-6 6.09968E-6 6.74957E-6 1.36001E-5 8.9108E-6 3.19627E-6 3.32714E-6 3.2016E-6 3.55784E-6 5.52708E-6 6.55697E-6 7.53067E-6 4.26872E-6 4.43676E-6 1.02338E-5 7.32857E-6 1.01029E-5 6.41735E-6 7.72661E-6 1.11717E-5 7.82554E-6 9.68232E-6 4.8813E-6 4.23297E-6 7.07004E-6 8.95375E-6 5.35009E-6 5.05581E-6 5.1487E-6 7.57377E-6 1.00936E-5 1.27605E-5 2.11194E-5 1.66682E-5 1.5473E-5 1.50382E-5 2.3544E-5 2.52968E-5 2.19322E-5 2.80666E-5 4.29511E-5 6.50388E-5 6.9124E-5 4.18311E-5 2.58853E-5 1.68529E-5 1.35191E-5 1.11885E-5 1.30796E-5 1.11436E-5 9.1311E-6
3.14661E-6 2.99129E-6 3.40215E-6 9.45191E-6 1.76564E-5 5.83104E-6 5.96116E-6 4.43103E-6 4.96776E-6 4.0053E-6 6.80172E-6 1.00599E-5 4.98846E-6 3.54451E-6 4.01911E-6 7.78446E-6 6.68327E-6 5.59374E-6 1.07005E-5 7.2524E-6 3.31378E-6 3.76374E-6 3.71562E-6 3.69921E-6 7.2291E-6 8.51746E-6 4.12102E-6 3.58852E-6 3.29855E-6 6.2673E-6 7.62937E-6 1.0982E-5 6.65436E-6 1.11726E-5 8.39652E-6 4.02683E-6 4.09403E-6 3.26251E-6 3.9222E-6 7.4815E-6 9.04845E-6 1.13552E-5 6.20562E-6 4.26287E-6 1.03816E-5 1.43385E-5 7.5023E-6 1.08638E-5 1.3934E-5 1.21815E-5 1.15082E-5 8.88972E-6 8.2598E-6 1.29734E-5 2.11543E-5 3.92971E-5 5.21809E-5 1.29391E-4 7.76774E-5 4.4957E-5 2.65047E-5 1.57435E-5 1.46038E-5 1.80322E-5 1.40866E-5 9.05825E-6
2.99546E-6 2.94363E-6 3.62992E-6 4.29654E-6 5.62129E-6 4.1751E-6 3.33539E-6 6.29394E-6 1.20877E-5 5.35274E-6 3.58216E-6 4.01601E-6 3.39286E-6 3.38673E-6 3.62234E-6 3.57133E-6 4.67182E-6 5.65065E-6 9.70803E-6 8.42671E-6 3.47963E-6 3.59959E-6 3.46423E-6 5.13606E-6 7.70818E-6 4.30888E-6 3.09225E-6 3.66672E-6 3.52699E-6 5.92206E-6 7.59618E-6 5.92306E-6 1.40377E-5 5.32393E-6 4.26455E-6 3.76347E-6 3.73485E-6 3.70009E-6 3.96948E-6 6.21292E-6 1.16344E-5 7.84006E-6 5.35278E-6 5.13338E-6 6.35995E-6 1.61228E-5 1.11184E-5 7.16996E-6 1.15843E-5 1.80659E-5 1.24208E-5 8.13908E-6 7.17197E-6 1.00295E-5 1.31348E-5 1.67741E-5 2.9626E-5 5.00781E-5 2.76993E-5 2.50257E-5 2.07557E-5 1.72509E-5 1.61308E-5 1.66302E-5 1.36245E-5 1.21567E-5
5.33902E-6 3.74937E-6 6.26863E-6 9.46435E-6 5.66177E-6 3.09736E-6 3.08748E-6 4.60937E-6 5.81491E-6 4.08963E-6 3.17522E-6 2.99621E-6 3.46547E-6 6.12333E-6 7.51288E-6 5.55645E-6 7.31145E-6 1.01265E-5 6.1878E-6 3.75993E-6 4.2321E-6 4.14262E-6 3.46821E-6 5.73993E-6 8.75539E-6 4.63829E-6 3.55747E-6 6.81829E-6 8.27425E-6 4.12194E-6 3.64306E-6 4.17657E-6 5.39686E-6 4.99403E-6 9.85565E-6 5.77085E-6 5.71323E-6 6.37126E-6 9.32171E-6 7.05462E-6 4.69586E-6 4.98646E-6 1.1581E-5 8.29621E-6 4.20982E-6 6.81348E-6 7.50412E-6 1.09809E-5 1.18573E-5 2.84328E-5 2.08231E-5 1.07574E-5 1.53384E-5 1.68613E-5 2.02269E-5 2.56838E-5 4.2993E-5 3.73524E-5 3.1358E-5 2.06133E-5 1.50046E-5 1.38408E-5 1.46998E-5 2.00873E-5 2.07842E-5 2.13805E-5
9.09385E-6 4.30162E-6 5.82872E-6 6.89346E-6 4.93184E-6 3.70773E-6 3.11152E-6 2.94403E-6 3.08598E-6 3.2533E-6 3.38121E-6 3.19716E-6 3.47881E-6 6.24615E-6 8.41693E-6 1.03116E-5 8.39195E-6 7.22068E-6 5.30029E-6 1.22376E-5 8.33131E-6 8.65105E-6 3.97845E-6 3.399E-6 3.76549E-6 6.46195E-6 5.90727E-6 5.55876E-6 6.35701E-6 5.60699E-6 6.23962E-6 9.07319E-6 9.79249E-6 7.76584E-6 6.59261E-6 4.83001E-6 7.19752E-6 8.43177E-6 9.71433E-6 5.37941E-6 4.9556E-6 5.81888E-6 1.31528E-5 6.25968E-6 4.34308E-6 5.96207E-6 7.67234E-6 1.8728E-5 1.96064E-5 1.88619E-5 2.4476E-5 2.45492E-5 3.89792E-5 2.68471E-5 4.55478E-5 4.10503E-5 3.49102E-5 3.44418E-5 3.38746E-5 1.95518E-5 1.2539E-5 1.11922E-5 1.31496E-5 1.75511E-5 2.01005E-5 3.01276E-5
5.98943E-6 3.49006E-6 3.11131E-6 3.85746E-6 7.47265E-6 8.68704E-6 4.02898E-6 3.12329E-6 3.10321E-6 3.13317E-6 3.12823E-6 3.60104E-6 6.43182E-6 6.96916E-6 4.38111E-6 4.47064E-6 4.23455E-6 3.22484E-6 4.37067E-6 7.36941E-6 5.68777E-6 5.67289E-6 3.47233E-6 3.51314E-6 3.92136E-6 7.69346E-6 6.89474E-6 3.62986E-6 4.96953E-6 1.03198E-5 7.17015E-6 6.65983E-6 9.66311E-6 5.7056E-6 7.56969E-6 5.90215E-6 3.88926E-6 5.64816E-6 1.16802E-5 5.54443E-6 1.29665E-5 6.0826E-6 4.59544E-6 4.53967E-6 7.3502E-6 1.20762E-5 7.47879E-6 9.07058E-6 1.0827E-5 2.48412E-5 2.92175E-5 2.29917E-5 2.45282E-5 2.35022E-5 4.21779E-5 4.92613E-5 3.47282E-5 1.69227E-5 1.46453E-5 1.33611E-5 1.0985E-5 1.37244E-5 1.68239E-5 2.26881E-5 2.37892E-5 3.81607E-5
3.73637E-6 3.69168E-6 3.0022E-6 3.65032E-6 6.3254E-6 6.56078E-6 3.76828E-6 3.24268E-6 4.65578E-6 5.10186E-6 4.79446E-6 3.70856E-6 7.05621E-6 7.61709E-6 1.14089E-5 5.75283E-6 3.3144E-6 3.59038E-6 3.37313E-6 3.5559E-6 4.39322E-6 9.2921E-6 5.07164E-6 3.37841E-6 4.25117E-6 9.61415E-6 7.46062E-6 9.20485E-6 5.15983E-6 4.21657E-6 3.84393E-6 3.58954E-6 3.92316E-6 4.24135E-6 7.80857E-6 7.35797E-6 3.97255E-6 4.10002E-6 5.92498E-6 6.94794E-6 5.23098E-6 4.39261E-6 8.62759E-6 9.32935E-6 6.00957E-6 9.60249E-6 1.17918E-5 1.32164E-5 2.43301E-5 1.69455E-5 1.60267E-5 1.26672E-5 1.31337E-5 2.10145E-5 4.44291E-5 3.09553E-5 1.85274E-5 1.05358E-5 9.28197E-6 1.08879E-5 1.09486E-5 1.75401E-5 3.04071E-5 2.80606E-5 2.27651E-5 4.32273E-5
6.35311E-6 8.21531E-6 5.02494E-6 3.41153E-6 3.3808E-6 3.27007E-6 3.02788E-6 4.05384E-6 7.78647E-6 9.76984E-6 1.08216E-5 4.91391E-6 3.71991E-6 4.1889E-6 5.77914E-6 4.24509E-6 3.65946E-6 3.27551E-6 3.00583E-6 3.28412E-6 4.69209E-6 8.55146E-6 5.5475E-6 3.53172E-6 6.74419E-6 8.32561E-6 4.65011E-6 6.9891E-6 5.10604E-6 3.52148E-6 3.96199E-6 4.44959E-6 3.32112E-6 3.59417E-6 5.68905E-6 1.44486E-5 7.64768E-6 5.09519E-6 5.80548E-6 1.00129E-5 5.23346E-6 5.66296E-6 5.01916E-6 5.29708E-6 3.54526E-6 6.49088E-6 6.81995E-6 1.61175E-5 2.11122E-5 2.58653E-5 1.52792E-5 2.64352E-5 3.47393E-5 3.20205E-5 3.65778E-5 2.50938E-5 1.22E-5 8.02096E-6 9.28713E-6 1.31553E-5 1.77349E-5 2.6993E-5 2.33325E-5 2.65682E-5 3.05518E-5 3.54962E-5
6.39097E-6 8.85859E-6 4.88012E-6 7.15558E-6 6.5683E-6 3.96813E-6 3.28387E-6 5.69253E-6 1.19435E-5 6.10251E-6 5.355E-6 4.13713E-6 6.81612E-6 5.52636E-6 3.7531E-6 6.95969E-6 8.17994E-6 4.12233E-6 4.39957E-6 4.77886E-6 3.59015E-6 3.59941E-6 3.40229E-6 3.62867E-6 6.14879E-6 6.60821E-6 4.2734E-6 9.00851E-6 7.70239E-6 3.81445E-6 6.79717E-6 1.07632E-5 4.67392E-6 3.58709E-6 3.56289E-6 4.45746E-6 6.15192E-6 1.26285E-5 5.9663E-6 8.70677E-6 7.79473E-6 9.29712E-6 1.12185E-5 7.01363E-6 7.7503E-6 7.33245E-6 7.2078E-6 1.69813E-5 1.26562E-5 1.05448E-5 1.13445E-5 2.03128E-5 2.08796E-5 1.801E-5 1.59455E-5 8.90422E-6 8.93109E-6 1.97855E-5 2.31018E-5 1.5583E-5 1.63485E-5 3.43934E-5 3.64798E-5 2.86869E-5 3.1834E-5 3.69266E-5
7.0934E-6 4.54646E-6 4.78206E-6 8.48547E-6 8.33539E-6 6.6769E-6 3.61274E-6 3.8512E-6 5.51518E-6 4.26774E-6 7.88624E-6 7.31223E-6 8.68695E-6 7.25747E-6 3.60707E-6 5.89138E-6 6.68853E-6 4.69897E-6 6.81869E-6 1.08003E-5 5.14824E-6 3.3959E-6 6.15152E-6 8.22846E-6 4.57083E-6 4.02504E-6 8.65622E-6 8.23278E-6 6.53696E-6 8.89998E-6 4.563E-6 5.28908E-6 6.70401E-6 5.035E-6 3.14338E-6 3.7644E-6 4.09157E-6 7.95612E-6 8.77246E-6 1.2052E-5 6.32754E-6 1.07071E-5 6.2941E-6 5.95208E-6 9.39372E-6 1.41854E-5 1.02311E-5 5.9806E-6 4.98315E-6 4.42195E-6 6.3651E-6 7.3257E-6 6.50028E-6 8.07745E-6 8.55176E-6 8.6276E-6 1.01343E-5 2.72295E-5 3.26495E-5 1.39271E-5 1.07132E-5 2.41892E-5 1.67213E-5 1.86862E-5 3.59452E-5 2.84975E-5
5.27554E-6 3.69419E-6 3.10373E-6 4.72988E-6 8.15966E-6 6.67891E-6 4.27302E-6 6.03656E-6 6.33698E-6 4.04701E-6 7.08423E-6 6.13851E-6 8.08113E-6 7.34371E-6 3.52108E-6 3.2445E-6 5.63447E-6 1.07714E-5 6.23599E-6 5.4612E-6 3.57714E-6 3.33595E-6 6.13474E-6 7.97547E-6 8.85762E-6 4.83643E-6 5.98843E-6 5.63843E-6 5.31666E-6 6.5172E-6 3.95909E-6 4.66847E-6 9.36269E-6 6.05706E-6 3.72859E-6 4.81562E-6 4.26579E-6 5.60016E-6 5.96908E-6 1.07466E-5 6.97104E-6 1.06535E-5 5.47131E-6 3.26288E-6 5.4687E-6 6.83515E-6 9.81669E-6 6.07161E-6 3.90037E-6 3.73388E-6 6.03522E-6 1.22796E-5 1.00992E-5 5.22687E-6 5.9991E-6 6.35844E-6 6.67761E-6 1.12103E-5 1.51855E-5 9.63819E-6 9.49192E-6 1.01082E-5 7.94383E-6 1.13169E-5 1.89844E-5 1.88944E-5
1.84004E-5 4.87667E-6 3.48832E-6 5.22403E-6 5.55969E-6 3.99374E-6 5.01438E-6 9.00939E-6 8.88025E-6 3.87535E-6 4.90036E-6 5.48558E-6 7.0877E-6 6.02987E-6 3.46752E-6 3.74499E-6 3.97723E-6 5.78671E-6 4.50989E-6 4.73956E-6 7.32295E-6 5.25045E-6 3.91745E-6 7.41436E-6 7.58869E-6 4.94688E-6 3.07187E-6 3.35286E-6 4.49532E-6 7.03431E-6 5.07951E-6 3.52428E-6 3.86936E-6 3.35777E-6 4.55025E-6 1.04933E-5 7.35736E-6 3.87296E-6 3.9553E-6 5.40591E-6 4.49912E-6 4.21435E-6 4.2205E-6 6.86214E-6 7.10636E-6 9.68311E-6 7.30595E-6 5.31394E-6 4.34458E-6 7.59171E-6 6.53439E-6 1.22509E-5 8.46109E-6 5.53144E-6 5.99777E-6 6.18891E-6 9.3784E-6 9.41985E-6 6.89366E-6 1.25793E-5 1.87317E-5 1.50256E-5 9.0772E-6 7.2691E-6 1.07935E-5 1.31889E-5
1.01864E-5 5.6186E-6 5.08766E-6 9.1896E-6 9.71321E-6 4.62599E-6 3.67815E-6 4.55124E-6 4.31204E-6 3.40806E-6 6.50112E-6 1.1505E-5 5.27538E-6 3.99644E-6 7.04412E-6 7.51311E-6 3.92432E-6 3.12884E-6 3.16187E-6 5.73211E-6 8.91629E-6 5.82154E-6 3.33354E-6 5.2834E-6 1.10981E-5 7.27664E-6 3.43628E-6 3.29569E-6 5.05791E-6 9.78056E-6 5.81845E-6 5.31204E-6 5.96064E-6 3.49628E-6 4.08922E-6 6.08099E-6 4.56449E-6 3.92056E-6 5.92055E-6 5.2144E-6 3.21619E-6 3.77418E-6 4.57826E-6 9.23575E-6 6.79588E-6 5.01388E-6 5.24478E-6 3.83881E-6 4.56769E-6 9.01337E-6 6.75362E-6 4.06028E-6 3.58875E-6 3.70127E-6 7.66963E-6 1.42625E-5 1.54278E-5 1.03077E-5 6.4812E-6 1.77974E-5 2.6552E-5 1.46964E-5 9.18619E-6 1.23096E-5 1.60302E-5 2.33655E-5
5.93604E-6 4.53015E-6 3.86914E-6 5.49784E-6 7.3124E-6 4.70575E-6 4.56897E-6 9.64942E-6 8.06832E-6 3.91252E-6 4.08034E-6 5.43834E-6 3.67863E-6 3.823E-6 6.57059E-6 6.99299E-6 3.86121E-6 3.04721E-6 3.09176E-6 3.33597E-6 3.68213E-6 3.33436E-6 3.22919E-6 3.5424E-6 4.7011E-6 4.01592E-6 3.23145E-6 3.56075E-6 4.54021E-6 3.86493E-6 3.77356E-6 7.89115E-6 8.64504E-6 4.08428E-6 5.02048E-6 1.063E-5 6.24602E-6 5.19435E-6 9.19786E-6 7.16326E-6 4.78212E-6 1.14525E-5 7.32329E-6 8.89701E-6 8.91106E-6 9.87598E-6 9.26126E-6 4.2266E-6 3.93629E-6 4.04341E-6 4.43033E-6 7.86357E-6 6.13223E-6 3.62001E-6 5.03149E-6 6.12684E-6 6.7746E-6 5.87222E-6 6.00757E-6 1.24271E-5 1.35861E-5 1.2448E-5 9.06222E-6 1.25826E-5 1.76716E-5 1.64011E-5
5.00903E-6 3.15093E-6 3.49825E-6 6.37354E-6 9.66123E-6 5.33453E-6 4.24649E-6 6.53011E-6 5.38743E-6 5.00885E-6 4.56871E-6 3.26737E-6 2.87419E-6 2.94542E-6 3.42277E-6 3.39975E-6 3.7708E-6 4.00523E-6 3.43858E-6 6.02158E-6 6.95846E-6 6.10666E-6 6.48242E-6 3.88764E-6 5.3833E-6 7.02903E-6 4.19218E-6 5.03074E-6 1.13618E-5 6.35238E-6 3.4179E-6 6.56109E-6 1.05317E-5 6.08912E-6 5.77259E-6 1.10065E-5 5.28926E-6 1.26696E-5 5.9038E-6 3.91906E-6 4.16783E-6 6.45729E-6 8.42773E-6 5.78076E-6 5.78889E-6 4.2697E-6 4.55833E-6 4.15444E-6 3.94172E-6 6.08388E-6 6.03265E-6 8.41519E-6 1.13048E-5 5.40104E-6 4.66783E-6 5.19016E-6 4.7441E-6 5.37307E-6 6.68019E-6 1.59223E-5 1.08133E-5 7.96425E-6 9.47451E-6 9.3341E-6 8.27093E-6 7.47831E-6
7.07865E-6 3.61316E-6 3.00922E-6 3.72634E-6 4.23417E-6 3.51412E-6 3.09031E-6 3.20382E-6 4.69549E-6 9.55232E-6 8.35178E-6 4.15225E-6 2.78891E-6 2.55765E-6 2.86866E-6 4.09993E-6 8.02511E-6 7.63562E-6 3.82168E-6 6.7564E-6 8.04189E-6 6.94285E-6 8.79479E-6 4.35473E-6 6.24652E-6 1.15202E-5 4.64639E-6 3.83365E-6 5.44069E-6 4.63077E-6 3.10695E-6 3.86915E-6 5.21546E-6 1.1495E-5 6.9065E-6 6.82693E-6 4.14228E-6 4.76358E-6 3.96745E-6 3.78261E-6 3.86886E-6 3.74059E-6 3.83881E-6 3.15384E-6 3.85065E-6 4.31675E-6 9.69357E-6 8.00922E-6 4.18875E-6 8.12252E-6 8.00014E-6 1.11401E-5 1.13703E-5 4.71206E-6 7.26796E-6 1.16934E-5 5.00121E-6 4.29103E-6 4.86337E-6 6.08143E-6 1.28175E-5 1.01739E-5 1.65737E-5 1.24793E-5 7.19892E-6 1.4286E-5
4.93579E-6 3.24022E-6 2.86096E-6 2.86947E-6 3.35689E-6 4.82513E-6 5.86617E-6 4.31091E-6 3.91188E-6 5.99529E-6 5.72902E-6 3.6702E-6 3.37959E-6 3.52709E-6 2.89284E-6 3.84011E-6 6.5246E-6 7.03845E-6 3.64047E-6 3.50824E-6 3.62849E-6 3.63548E-6 4.22381E-6 3.39211E-6 3.46738E-6 4.04008E-6 3.24583E-6 4.6906E-6 1.07119E-5 7.04454E-6 4.77264E-6 8.45934E-6 7.67025E-6 4.11E-6 6.88798E-6 6.85539E-6 7.85241E-6 9.12966E-6 4.05233E-6 3.77228E-6 4.33662E-6 3.99274E-6 3.73237E-6 4.3488E-6 3.97657E-6 3.32693E-6 5.0452E-6 4.76001E-6 4.80741E-6 6.23573E-6 6.36859E-6 8.33044E-6 5.7201E-6 3.65461E-6 4.06629E-6 4.82848E-6 7.69826E-6 6.0766E-6 4.38211E-6 4.8533E-6 6.12013E-6 7.50675E-6 1.38419E-5 1.06085E-5 6.20169E-6 1.02413E-5
3.10081E-6 2.91242E-6 2.94122E-6 2.74027E-6 3.7197E-6 7.01848E-6 1.20577E-5 6.00045E-6 3.92251E-6 3.72184E-6 3.61893E-6 3.86412E-6 6.38506E-6 7.19006E-6 4.44932E-6 2.92712E-6 3.35664E-6 3.28353E-6 2.88174E-6 2.90679E-6 2.99731E-6 3.75388E-6 7.00749E-6 7.72986E-6 3.76025E-6 3.1708E-6 3.12285E-6 3.58932E-6 5.03675E-6 5.99327E-6 1.23025E-5 6.46371E-6 6.10185E-6 3.85777E-6 3.36828E-6 3.46486E-6 5.30922E-6 5.28589E-6 3.64801E-6 3.27425E-6 4.04108E-6 3.77351E-6 4.79251E-6 1.08995E-5 6.4399E-6 5.5705E-6 1.08056E-5 5.33422E-6 1.01505E-5 7.69234E-6 7.89484E-6 5.46161E-6 4.37434E-6 5.39205E-6 1.12501E-5 5.38666E-6 8.43354E-6 6.361E-6 3.42712E-6 4.45881E-6 6.63083E-6 9.4086E-6 9.45494E-6 6.56683E-6 6.16038E-6 5.11701E-6
3.59911E-6 4.59892E-6 4.8106E-6 3.99098E-6 3.21966E-6 4.76606E-6 5.73173E-6 4.89682E-6 7.89191E-6 7.19849E-6 4.69809E-6 4.88367E-6 7.86421E-6 1.08183E-5 5.63337E-6 3.53229E-6 2.61205E-6 2.70986E-6 3.64673E-6 4.84858E-6 4.09307E-6 3.85122E-6 7.23146E-6 7.31747E-6 4.36261E-6 6.76188E-6 5.33756E-6 3.20034E-6 3.03712E-6 4.1287E-6 5.31997E-6 6.79803E-6 9.65657E-6 4.55E-6 3.77487E-6 4.87393E-6 4.92559E-6 3.18665E-6 3.69153E-6 3.7462E-6 3.33641E-6 4.29458E-6 3.92764E-6 5.62437E-6 4.54105E-6 4.45651E-6 6.23693E-6 6.10981E-6 7.94397E-6 8.5024E-6 4.39002E-6 1.05976E-5 7.20297E-6 5.20642E-6 6.7628E-6 4.76697E-6 3.59151E-6 6.25328E-6 8.24614E-6 4.84234E-6 5.88895E-6 8.89306E-6 5.44607E-6 5.81831E-6 6.24316E-6 8.13422E-6
4.45694E-6 8.70613E-6 1.01871E-5 5.54014E-6 3.61064E-6 5.89509E-6 6.92585E-6 6.47894E-6 1.15029E-5 8.88766E-6 6.75641E-6 5.11098E-6 5.12459E-6 5.67487E-6 3.94528E-6 2.81276E-6 2.57157E-6 2.88548E-6 4.58174E-6 8.81629E-6 8.05279E-6 3.93816E-6 3.55372E-6 3.5784E-6 4.97018E-6 1.12963E-5 7.50944E-6 3.43235E-6 3.74784E-6 3.48509E-6 3.14825E-6 3.72215E-6 4.38812E-6 3.56165E-6 7.1123E-6 9.31596E-6 8.8526E-6 3.82209E-6 3.64784E-6 3.5397E-6 5.40318E-6 1.1165E-5 5.97083E-6 7.13477E-6 4.42779E-6 3.67769E-6 5.27811E-6 1.07889E-5 5.85702E-6 6.0326E-6 6.13275E-6 8.73071E-6 7.72448E-6 1.23028E-5 4.91014E-6 4.81818E-6 5.08191E-6 7.20379E-6 9.41462E-6 5.9654E-6 6.42861E-6 5.75065E-6 4.70644E-6 5.29355E-6 6.74419E-6 1.11339E-5
4.547E-6 7.12124E-6 7.54062E-6 5.06021E-6 5.02541E-6 7.37402E-6 9.97549E-6 5.49236E-6 5.43361E-6 7.76633E-6 1.27564E-5 7.30922E-6 3.57562E-6 2.87125E-6 2.71506E-6 2.53207E-6 2.74656E-6 3.20701E-6 3.93129E-6 7.08828E-6 6.86411E-6 4.07785E-6 2.79946E-6 2.84862E-6 3.52192E-6 4.48187E-6 4.27126E-6 5.03872E-6 8.98853E-6 6.298E-6 3.25604E-6 5.51127E-6 8.26682E-6 4.63072E-6 5.083E-6 7.96398E-6 8.81622E-6 4.02943E-6 3.51713E-6 3.3844E-6 4.22414E-6 5.85345E-6 6.02808E-6 9.15153E-6 4.84797E-6 3.67453E-6 3.70038E-6 6.28473E-6 8.28117E-6 4.15995E-6 5.52854E-6 7.26858E-6 8.35049E-6 8.86603E-6 4.65864E-6 8.0322E-6 7.52104E-6 5.99955E-6 6.05971E-6 8.19175E-6 9.966E-6 6.773E-6 4.60519E-6 4.7971E-6 6.92525E-6 1.41586E-5
3.85448E-6 3.85591E-6 4.09038E-6 5.61811E-6 8.8848E-6 9.07353E-6 5.53637E-6 4.2234E-6 5.95568E-6 6.41608E-6 8.16586E-6 6.03725E-6 3.35557E-6 2.54333E-6 2.86098E-6 3.12809E-6 3.29047E-6 9.00665E-6 7.51447E-6 4.95139E-6 3.13989E-6 2.94865E-6 3.05849E-6 3.9776E-6 4.14222E-6 3.98745E-6 4.48599E-6 4.62588E-6 8.18025E-6 5.11998E-6 3.52233E-6 5.34963E-6 7.84335E-6 4.56436E-6 3.41441E-6 5.71997E-6 6.0449E-6 5.17768E-6 8.30942E-6 4.95227E-6 3.30905E-6 3.33745E-6 3.48235E-6 3.78235E-6 3.62062E-6 3.61029E-6 3.60543E-6 5.70415E-6 7.15119E-6 4.02193E-6 6.03883E-6 7.95007E-6 7.68119E-6 1.00923E-5 4.19958E-6 6.75814E-6 6.37762E-6 5.11451E-6 5.43956E-6 3.83405E-6 3.70144E-6 4.30109E-6 5.91211E-6 1.03158E-5 5.23912E-6 5.0199E-6
2.60883E-6 2.76172E-6 4.6208E-6 7.35354E-6 7.51835E-6 7.78568E-6 4.97705E-6 6.13699E-6 1.17888E-5 8.36596E-6 4.19429E-6 3.21609E-6 2.65694E-6 2.75096E-6 3.75712E-6 5.04898E-6 4.66933E-6 6.19357E-6 9.58631E-6 5.60761E-6 3.17877E-6 4.353E-6 4.66416E-6 7.49157E-6 8.87165E-6 6.89472E-6 1.43706E-5 4.82475E-6 3.37026E-6 3.69821E-6 7.1997E-6 7.61287E-6 4.20758E-6 4.54253E-6 4.32591E-6 9.14865E-6 7.68469E-6 5.63496E-6 8.1011E-6 5.23023E-6 3.54228E-6 3.37984E-6 4.01507E-6 8.36902E-6 7.43568E-6 3.72552E-6 3.87722E-6 8.38879E-6 9.48974E-6 4.15753E-6 8.57481E-6 1.05835E-5 7.33483E-6 7.48866E-6 8.86005E-6 8.83698E-6 5.63677E-6 4.66772E-6 5.50662E-6 3.69068E-6 5.80515E-6 7.60682E-6 6.25557E-6 6.6952E-6 4.02681E-6 4.19273E-6
2.38755E-6 3.00712E-6 5.56E-6 1.0655E-5 1.04312E-5 5.1304E-6 3.12884E-6 4.90944E-6 7.31239E-6 6.31057E-6 3.86176E-6 2.93155E-6 3.46514E-6 4.0144E-6 5.7071E-6 1.08905E-5 8.29011E-6 4.26131E-6 3.75203E-6 3.57288E-6 3.95028E-6 8.68182E-6 1.00319E-5 6.47568E-6 7.03959E-6 4.89918E-6 6.73316E-6 4.09866E-6 2.95742E-6 4.0124E-6 7.41829E-6 7.72835E-6 6.70296E-6 1.24729E-5 5.62224E-6 7.2399E-6 6.49927E-6 4.30282E-6 8.60565E-6 9.57856E-6 4.60731E-6 3.16408E-6 3.82988E-6 6.7444E-6 7.24936E-6 5.16708E-6 3.54744E-6 5.92018E-6 6.38343E-6 4.14333E-6 6.35929E-6 9.71497E-6 1.14658E-5 8.1147E-6 5.56864E-6 6.88419E-6 1.15825E-5 4.24403E-6 4.83409E-6 4.79907E-6 8.20564E-6 7.73331E-6 6.28961E-6 6.04945E-6 1.14891E-5 5.27235E-6
3.0227E-6 3.10043E-6 3.87753E-6 6.03182E-6 6.57918E-6 4.07669E-6 2.9837E-6 3.02201E-6 3.81479E-6 3.49855E-6 2.62543E-6 3.29769E-6 5.53501E-6 8.43719E-6 6.19825E-6 6.15228E-6 5.63888E-6 3.61804E-6 4.46417E-6 5.0167E-6 3.69568E-6 6.02289E-6 5.92791E-6 4.4813E-6 3.33452E-6 3.04403E-6 3.39361E-6 2.89914E-6 2.75137E-6 3.18346E-6 3.62468E-6 3.37522E-6 4.4328E-6 6.61355E-6 4.69096E-6 8.04309E-6 9.53229E-6 4.66309E-6 4.63166E-6 4.50783E-6 7.27086E-6 5.75553E-6 3.71452E-6 5.50415E-6 9.70763E-6 5.80041E-6 3.86192E-6 8.25011E-6 9.0612E-6 5.00489E-6 9.7955E-6 7.53843E-6 4.88537E-6 8.32893E-6 1.08576E-5 5.59643E-6 5.04364E-6 7.61553E-6 6.1003E-6 4.68733E-6 8.02869E-6 9.32775E-6 7.89966E-6 7.31636E-6 6.38538E-6 6.96545E-6
