catData/rasterBestHybridModels/Pbengalensis/RDbal_RM1_L/Pbengalensis_avg.asc
ncols         409
nrows         350
xllcorner     60.897278365
yllcorner     5.843756025
cellsize      0.0892857
NODATA_value  -9999
[rows 58 to 86 of 350, columns 66 to 131 of 409]
-9999 -9999 -9999 -9999 -9999 -9999 -9999 -9999 -9999 -9999 -9999 -9999 -9999 -9999 -9999 -9999 -9999 -9999 -9999 -9999 -9999 -9999 -9999 -9999 -9999 -9999 -9999 8.45757E-6 7.97194E-6 8.41813E-6 9.9754E-6 1.2085E-5 9.8073E-6 1.00626E-5 1.33817E-5 1.74628E-5 1.45573E-5 1.84825E-5 2.438E-5 3.46403E-5 4.50331E-5 4.87014E-5 3.86611E-5 3.05634E-5 5.01186E-5 6.77837E-5 9.48306E-5 5.87119E-5 5.20175E-5 4.07738E-5 4.00077E-5 4.9099E-5 5.04239E-5 3.59539E-5 2.5528E-5 1.79354E-5 1.25227E-5 1.4226E-5 2.04349E-5 2.92677E-5 4.58089E-5 6.37481E-5 7.9853E-5 7.44727E-5 7.4207E-5 5.83986E-5
-9999 -9999 -9999 -9999 -9999 -9999 -9999 -9999 -9999 -9999 -9999 -9999 -9999 -9999 -9999 8.11192E-7 -9999 -9999 -9999 1.78852E-6 2.20813E-6 -9999 -9999 -9999 -9999 -9999 1.1063E-5 1.31848E-5 1.18998E-5 9.09323E-6 9.45264E-6 8.54233E-6 7.25533E-6 8.65022E-6 1.09384E-5 2.29479E-5 1.48421E-5 1.63775E-5 2.04001E-5 2.62598E-5 3.08691E-5 3.16142E-5 2.77333E-5 2.9469E-5 4.75535E-5 6.04649E-5 8.19595E-5 7.08308E-5 7.04394E-5 4.70738E-5 3.82906E-5 4.92576E-5 4.75788E-5 3.35103E-5 2.56026E-5 1.79338E-5 1.14284E-5 1.3728E-5 2.10848E-5 3.09451E-5 5.68829E-5 7.90751E-5 5.94376E-5 5.98991E-5 7.28889E-5 5.86998E-5
-9999 -9999 -9999 -9999 -9999 -9999 -9999 -9999 -9999 -9999 -9999 -9999 -9999 -9999 1.19894E-6 1.15609E-6 1.2221E-6 1.21547E-6 1.51182E-6 2.04484E-6 2.64591E-6 3.3911E-6 -9999 -9999 -9999 -9999 1.84892E-5 2.32488E-5 1.74027E-5 1.37436E-5 1.3248E-5 1.24775E-5 1.44523E-5 1.39581E-5 1.00866E-5 2.00946E-5 1.45004E-5 1.36857E-5 1.6238E-5 1.86627E-5 2.11722E-5 2.12484E-5 1.96892E-5 2.52553E-5 3.79469E-5 4.53951E-5 6.19903E-5 6.70984E-5 5.10012E-5 3.74698E-5 2.80211E-5 3.20348E-5 3.03574E-5 2.51848E-5 2.11749E-5 1.49209E-5 9.39622E-6 1.24063E-5 1.88543E-5 2.64104E-5 4.2547E-5 5.03544E-5 4.55645E-5 4.32396E-5 4.76745E-5 5.22436E-5
-9999 -9999 -9999 -9999 -9999 -9999 -9999 -9999 -9999 -9999 -9999 -9999 -9999 1.88292E-6 1.64256E-6 1.58531E-6 1.69533E-6 1.62868E-6 1.64905E-6 2.38838E-6 3.06858E-6 3.78038E-6 5.36957E-6 -9999 1.31936E-5 2.30144E-5 2.79238E-5 2.98697E-5 2.49618E-5 2.40626E-5 2.08526E-5 2.06587E-5 2.98048E-5 2.49286E-5 1.57567E-5 2.09551E-5 1.43932E-5 1.08047E-5 1.20665E-5 1.29633E-5 1.45464E-5 1.35807E-5 1.33812E-5 1.90933E-5 2.72778E-5 4.87346E-5 6.24596E-5 6.97855E-5 5.64278E-5 3.91576E-5 2.46075E-5 2.16577E-5 2.08351E-5 1.92708E-5 1.65999E-5 1.26326E-5 9.01414E-6 1.08809E-5 1.50662E-5 2.20411E-5 2.9276E-5 3.27501E-5 3.10341E-5 4.07233E-5 5.95598E-5 8.02384E-5
-9999 -9999 -9999 -9999 -9999 -9999 -9999 -9999 -9999 -9999 -9999 3.12751E-6 2.87447E-6 2.61713E-6 2.28699E-6 2.32009E-6 2.46215E-6 2.38994E-6 2.34519E-6 2.45791E-6 3.35208E-6 4.71505E-6 6.96701E-6 1.15104E-5 1.76535E-5 2.36297E-5 3.12893E-5 3.88514E-5 4.24366E-5 4.01304E-5 3.2529E-5 3.22944E-5 4.0413E-5 2.91773E-5 2.0518E-5 2.50511E-5 1.04957E-5 7.98711E-6 9.18217E-6 8.83589E-6 8.84864E-6 8.70118E-6 9.33423E-6 1.4337E-5 2.52782E-5 4.1663E-5 4.39693E-5 4.44094E-5 3.96285E-5 3.11362E-5 2.65301E-5 3.15886E-5 3.26179E-5 2.79091E-5 2.1632E-5 1.60206E-5 1.17289E-5 9.48574E-6 1.30222E-5 2.04947E-5 2.69431E-5 3.11999E-5 3.29923E-5 3.99758E-5 5.59255E-5 7.15212E-5
-9999 -9999 -9999 -9999 -9999 -9999 -9999 -9999 -9999 4.70423E-6 5.01828E-6 4.97117E-6 4.51934E-6 3.91003E-6 3.46941E-6 3.67354E-6 3.82823E-6 3.61516E-6 3.39941E-6 3.09464E-6 3.35877E-6 5.22632E-6 8.09814E-6 1.38693E-5 1.86032E-5 3.4663E-5 4.92233E-5 4.7917E-5 5.07076E-5 4.99372E-5 4.92699E-5 4.96331E-5 5.75732E-5 3.518E-5 2.53813E-5 2.59503E-5 1.4388E-5 5.97E-6 6.12665E-6 5.78841E-6 5.74828E-6 7.73277E-6 1.16372E-5 1.77397E-5 3.20947E-5 3.44714E-5 3.23491E-5 2.71948E-5 2.61777E-5 2.64555E-5 3.25589E-5 4.53324E-5 4.93958E-5 3.58409E-5 2.483E-5 1.72206E-5 1.21939E-5 1.09384E-5 1.61576E-5 2.7727E-5 3.82008E-5 4.72653E-5 4.8958E-5 4.06506E-5 4.06156E-5 4.59146E-5
-9999 -9999 -9999 -9999 -9999 -9999 -9999 -9999 -9999 -9999 8.187E-6 7.77659E-6 6.99769E-6 6.04827E-6 5.25305E-6 5.59791E-6 5.96147E-6 5.70578E-6 5.33659E-6 5.00369E-6 4.68293E-6 5.9115E-6 9.29714E-6 1.33257E-5 1.77094E-5 2.6321E-5 3.31135E-5 4.20284E-5 5.25215E-5 7.18124E-5 8.92308E-5 7.1379E-5 5.01488E-5 3.90336E-5 2.57717E-5 2.35781E-5 1.86383E-5 8.39884E-6 4.62974E-6 4.96079E-6 6.34037E-6 8.86492E-6 1.39068E-5 2.35467E-5 4.22045E-5 4.61543E-5 4.49098E-5 3.77584E-5 3.023E-5 3.32174E-5 3.27655E-5 4.24667E-5 4.53189E-5 3.34504E-5 2.35704E-5 1.64124E-5 1.15316E-5 1.14014E-5 1.79358E-5 3.10643E-5 4.75184E-5 6.68268E-5 6.88194E-5 4.98604E-5 3.56429E-5 3.64462E-5
1.12675E-5 8.76523E-6 6.43531E-6 4.86677E-6 -9999 -9999 -9999 -9999 1.09601E-5 1.25066E-5 1.3312E-5 1.22948E-5 1.11809E-5 9.36159E-6 7.90702E-6 8.82221E-6 9.62579E-6 1.04425E-5 1.43217E-5 1.30498E-5 8.43892E-6 7.06777E-6 9.13608E-6 1.17855E-5 1.66257E-5 2.09412E-5 2.58608E-5 3.4745E-5 4.3178E-5 6.23436E-5 7.212E-5 6.76042E-5 6.00724E-5 3.67033E-5 1.88011E-5 2.71172E-5 2.55466E-5 1.03544E-5 6.28815E-6 5.24078E-6 6.89589E-6 9.82651E-6 1.51118E-5 2.32903E-5 4.75459E-5 6.0409E-5 6.7862E-5 4.95432E-5 4.3252E-5 5.15345E-5 3.94508E-5 2.87022E-5 3.02109E-5 2.48873E-5 1.91986E-5 1.43901E-5 1.04276E-5 1.13116E-5 1.82724E-5 3.37699E-5 4.89937E-5 6.7249E-5 6.87848E-5 5.01252E-5 4.21989E-5 5.40726E-5
1.61148E-5 1.16746E-5 9.28503E-6 7.75343E-6 7.36382E-6 9.86406E-6 1.24427E-5 1.44386E-5 1.8357E-5 2.12048E-5 2.20845E-5 2.27633E-5 1.95624E-5 1.46071E-5 1.21456E-5 1.40648E-5 1.54542E-5 1.66455E-5 1.62456E-5 1.40775E-5 1.14576E-5 8.45505E-6 7.03352E-6 1.07908E-5 1.57089E-5 2.48477E-5 2.14044E-5 2.44741E-5 3.157E-5 4.51502E-5 5.68766E-5 4.94626E-5 4.99124E-5 3.22179E-5 2.40906E-5 3.28063E-5 2.86718E-5 1.36254E-5 9.21571E-6 5.83252E-6 6.8237E-6 9.26638E-6 1.38408E-5 2.17527E-5 4.38729E-5 5.53078E-5 5.32581E-5 4.36837E-5 4.74733E-5 6.47895E-5 4.40885E-5 2.69157E-5 1.91465E-5 1.69725E-5 1.41348E-5 1.12476E-5 1.27123E-5 1.3845E-5 1.85651E-5 2.95634E-5 3.97297E-5 4.6806E-5 4.7455E-5 3.96564E-5 4.88682E-5 7.08991E-5
2.46812E-5 1.93238E-5 1.58403E-5 1.3731E-5 1.25237E-5 1.44465E-5 1.84345E-5 2.42537E-5 3.28142E-5 3.54185E-5 3.12448E-5 2.89976E-5 2.3736E-5 1.85695E-5 1.65866E-5 2.06109E-5 2.39131E-5 2.48403E-5 2.36841E-5 1.98897E-5 1.66046E-5 1.19532E-5 1.03762E-5 9.45125E-6 1.26904E-5 1.44253E-5 1.49568E-5 1.69667E-5 2.42073E-5 3.89716E-5 3.63597E-5 3.99345E-5 5.65978E-5 5.16543E-5 3.61446E-5 4.31412E-5 4.24865E-5 2.28822E-5 1.11726E-5 7.64677E-6 8.84744E-6 9.48706E-6 1.30397E-5 2.06761E-5 4.09354E-5 5.40499E-5 4.69941E-5 3.8101E-5 3.59942E-5 4.16334E-5 3.46522E-5 2.18076E-5 1.62132E-5 1.19476E-5 1.27352E-5 1.66077E-5 2.022E-5 2.34343E-5 2.45579E-5 2.38837E-5 2.7875E-5 3.27701E-5 4.39826E-5 5.33834E-5 4.96402E-5 5.46651E-5
4.1449E-5 3.5496E-5 2.72272E-5 2.52158E-5 2.1611E-5 2.22421E-5 2.97521E-5 3.91761E-5 5.61335E-5 6.65503E-5 6.0937E-5 4.68653E-5 3.34099E-5 2.45861E-5 2.12444E-5 2.57612E-5 3.28448E-5 4.11346E-5 6.00003E-5 4.29028E-5 2.65015E-5 1.7852E-5 1.30639E-5 1.00918E-5 1.10893E-5 8.22193E-6 1.16537E-5 1.50892E-5 2.13463E-5 2.10702E-5 3.75942E-5 5.37167E-5 8.96903E-5 7.21034E-5 5.64423E-5 7.30988E-5 6.23556E-5 2.8474E-5 1.40204E-5 1.19566E-5 1.2955E-5 1.43106E-5 1.6064E-5 2.26286E-5 4.38583E-5 7.27926E-5 7.0955E-5 4.74127E-5 3.29532E-5 2.63724E-5 2.48482E-5 1.75685E-5 1.28949E-5 1.27462E-5 1.80098E-5 2.52232E-5 3.39915E-5 3.99226E-5 3.67067E-5 3.00567E-5 2.56856E-5 3.567E-5 5.16706E-5 7.56031E-5 6.37883E-5 4.46144E-5
4.86831E-5 3.92621E-5 3.38602E-5 3.11129E-5 2.68685E-5 2.25005E-5 3.16913E-5 5.11097E-5 9.74525E-5 1.14044E-4 8.05135E-5 5.50983E-5 4.03731E-5 2.86528E-5 2.40862E-5 2.86756E-5 3.41432E-5 4.05318E-5 4.17907E-5 3.41958E-5 2.31523E-5 1.57976E-5 1.29198E-5 1.2945E-5 5.97863E-6 5.74247E-6 7.45025E-6 1.30913E-5 1.95755E-5 2.41766E-5 3.96303E-5 6.79507E-5 7.92054E-5 1.00417E-4 9.05254E-5 7.60634E-5 6.74589E-5 3.18368E-5 1.59362E-5 1.48157E-5 1.7692E-5 2.04402E-5 2.39966E-5 2.95952E-5 4.87837E-5 6.9955E-5 5.3374E-5 4.08927E-5 3.01803E-5 2.14624E-5 1.61862E-5 1.33683E-5 1.25801E-5 1.66812E-5 2.11218E-5 3.30313E-5 5.26629E-5 6.29777E-5 5.02431E-5 3.72102E-5 2.68255E-5 3.42794E-5 4.36126E-5 5.34405E-5 5.10129E-5 4.0999E-5
3.41067E-5 2.57824E-5 2.78545E-5 2.74443E-5 2.49019E-5 2.23154E-5 3.10331E-5 7.10796E-5 1.13042E-4 9.27887E-5 7.77476E-5 6.22168E-5 4.7175E-5 3.2567E-5 3.11179E-5 4.11763E-5 5.46865E-5 5.66477E-5 4.6665E-5 3.75109E-5 2.74584E-5 2.00442E-5 1.37028E-5 9.20495E-6 6.89163E-6 6.01967E-6 7.08691E-6 1.09196E-5 2.02107E-5 2.24608E-5 3.68349E-5 5.14777E-5 6.07187E-5 7.68419E-5 7.71845E-5 6.86727E-5 7.78531E-5 3.7443E-5 1.54301E-5 1.74891E-5 2.28886E-5 2.83883E-5 3.5985E-5 4.29137E-5 6.5966E-5 9.48312E-5 6.61406E-5 4.31651E-5 2.99907E-5 2.1561E-5 1.51785E-5 1.3599E-5 1.72165E-5 2.19673E-5 3.03408E-5 3.94328E-5 5.81261E-5 6.93261E-5 5.24099E-5 3.66252E-5 3.02763E-5 4.23562E-5 6.07931E-5 6.82047E-5 5.16649E-5 6.22234E-5
3.49016E-5 3.88216E-5 4.51118E-5 4.15434E-5 3.05275E-5 2.85753E-5 3.67308E-5 5.66833E-5 9.00847E-5 1.05925E-4 1.24512E-4 9.74965E-5 5.98871E-5 4.33036E-5 3.9752E-5 4.4958E-5 6.39742E-5 1.00546E-4 7.02778E-5 4.78212E-5 3.09184E-5 2.26528E-5 1.62057E-5 1.36922E-5 1.24682E-5 9.88079E-6 7.03113E-6 9.66807E-6 1.3406E-5 1.81671E-5 2.56481E-5 3.4094E-5 4.81587E-5 5.41382E-5 4.5114E-5 3.8143E-5 4.44872E-5 2.74073E-5 1.39091E-5 1.89079E-5 2.58737E-5 3.70596E-5 4.95498E-5 6.41817E-5 6.88991E-5 8.32549E-5 5.68044E-5 4.05492E-5 2.80246E-5 1.98993E-5 1.4393E-5 1.47435E-5 2.03721E-5 2.78497E-5 4.47502E-5 6.65228E-5 5.46667E-5 4.59232E-5 4.598E-5 3.73964E-5 3.36925E-5 4.24466E-5 5.84076E-5 6.80548E-5 6.10371E-5 8.11852E-5
2.97719E-5 4.22102E-5 5.00413E-5 4.33825E-5 4.04789E-5 3.59487E-5 5.12725E-5 7.2814E-5 1.03989E-4 1.22729E-4 1.3625E-4 8.99685E-5 5.55252E-5 3.68316E-5 3.73718E-5 5.24532E-5 7.3765E-5 8.80198E-5 7.33177E-5 5.27693E-5 3.61523E-5 3.22176E-5 2.8664E-5 2.37963E-5 1.79198E-5 1.27402E-5 8.92172E-6 8.26281E-6 1.10277E-5 1.44616E-5 2.1996E-5 2.29954E-5 2.93767E-5 2.88545E-5 3.06782E-5 2.80004E-5 2.82915E-5 1.89118E-5 1.28489E-5 1.66189E-5 2.36885E-5 3.19846E-5 4.26414E-5 4.51777E-5 4.99306E-5 6.15741E-5 6.39644E-5 4.55872E-5 3.0683E-5 2.05489E-5 1.38082E-5 1.38467E-5 2.08165E-5 2.98551E-5 4.71906E-5 6.22498E-5 5.52558E-5 7.02064E-5 6.93567E-5 4.85878E-5 5.26727E-5 5.4727E-5 4.40151E-5 4.38345E-5 4.67748E-5 5.65922E-5
2.88133E-5 4.08406E-5 4.64523E-5 4.39162E-5 3.83888E-5 4.19642E-5 7.88206E-5 1.31927E-4 1.96615E-4 1.67174E-4 1.43909E-4 1.18924E-4 8.16276E-5 4.93575E-5 3.44197E-5 4.05239E-5 4.91799E-5 5.3605E-5 5.13539E-5 5.61102E-5 5.94805E-5 5.46227E-5 4.21764E-5 2.82629E-5 1.87204E-5 1.38674E-5 1.01688E-5 7.09764E-6 8.38857E-6 1.08085E-5 1.43275E-5 1.36555E-5 1.65091E-5 1.94913E-5 2.00251E-5 1.8541E-5 2.05908E-5 1.17162E-5 1.11985E-5 1.39086E-5 2.03267E-5 2.34809E-5 2.66427E-5 2.90351E-5 3.89999E-5 6.47494E-5 6.9773E-5 4.88855E-5 3.36041E-5 2.23757E-5 1.48617E-5 1.19055E-5 1.74539E-5 2.77313E-5 3.66604E-5 4.15882E-5 4.6089E-5 5.97958E-5 6.00463E-5 4.88008E-5 7.27137E-5 7.57395E-5 5.76937E-5 4.7815E-5 4.81859E-5 7.16753E-5
2.33865E-5 2.82737E-5 3.49016E-5 4.4667E-5 3.86087E-5 4.41673E-5 9.45112E-5 1.6073E-4 1.81701E-4 1.9011E-4 2.6189E-4 2.26911E-4 1.54341E-4 9.41073E-5 5.15639E-5 3.77968E-5 3.50495E-5 4.29774E-5 5.96916E-5 8.49968E-5 9.4517E-5 7.16608E-5 4.1932E-5 2.4018E-5 1.62738E-5 1.2396E-5 1.01353E-5 7.77736E-6 7.68885E-6 7.60174E-6 9.09823E-6 1.13494E-5 1.14224E-5 1.29122E-5 1.35716E-5 1.24401E-5 1.11891E-5 9.44998E-6 9.74304E-6 1.20532E-5 1.36581E-5 1.61699E-5 1.73877E-5 1.98573E-5 3.26624E-5 5.78622E-5 7.50521E-5 5.93114E-5 3.77246E-5 2.42063E-5 1.53814E-5 1.83959E-5 2.36311E-5 3.48683E-5 4.12696E-5 5.09976E-5 6.94119E-5 6.243E-5 4.45711E-5 4.24144E-5 5.60076E-5 6.42466E-5 1.4495E-4 5.65514E-5 4.69032E-5 6.75257E-5
2.0797E-5 2.74717E-5 4.90255E-5 7.83203E-5 7.08814E-5 6.36039E-5 7.45998E-5 8.60676E-5 1.07467E-4 2.12631E-4 3.09979E-4 2.4225E-4 1.66253E-4 1.09534E-4 7.41519E-5 4.65651E-5 4.24755E-5 5.32047E-5 6.24563E-5 9.35359E-5 1.08642E-4 7.51285E-5 4.84788E-5 2.83051E-5 2.02021E-5 1.41276E-5 1.10634E-5 1.05601E-5 9.49978E-6 9.86514E-6 1.26237E-5 1.22784E-5 1.16518E-5 1.06023E-5 9.24974E-6 8.50779E-6 9.35665E-6 1.29736E-5 9.64637E-6 1.04893E-5 1.22404E-5 1.39593E-5 1.5207E-5 1.8552E-5 3.13026E-5 4.86352E-5 5.35446E-5 4.52092E-5 3.33542E-5 2.26117E-5 2.33786E-5 3.08535E-5 3.77695E-5 5.07151E-5 6.44949E-5 5.70289E-5 6.36343E-5 6.33758E-5 5.48758E-5 3.94693E-5 3.70754E-5 4.93146E-5 5.50584E-5 4.5835E-5 4.10252E-5 5.28851E-5
2.71049E-5 4.36682E-5 7.56768E-5 1.07699E-4 1.10621E-4 1.02809E-4 6.11556E-5 4.0723E-5 4.99516E-5 1.13688E-4 1.35855E-4 1.19427E-4 1.22231E-4 1.35717E-4 1.08291E-4 6.6968E-5 4.28507E-5 4.85317E-5 7.07671E-5 6.23744E-5 8.12251E-5 6.62337E-5 4.05032E-5 2.76958E-5 1.97792E-5 1.41657E-5 1.75367E-5 1.48034E-5 1.45373E-5 1.56925E-5 1.7677E-5 1.98516E-5 1.73334E-5 1.56043E-5 1.17227E-5 9.25857E-6 1.02944E-5 1.48779E-5 1.12758E-5 1.37858E-5 1.69953E-5 2.01723E-5 2.47842E-5 2.81187E-5 3.01329E-5 3.47003E-5 3.36813E-5 2.88935E-5 2.96549E-5 2.86514E-5 3.2594E-5 4.79511E-5 5.96169E-5 5.29061E-5 7.22649E-5 6.07092E-5 5.21487E-5 6.64406E-5 5.51669E-5 3.90586E-5 2.67346E-5 3.28316E-5 3.4888E-5 3.29255E-5 4.50984E-5 5.21369E-5
3.83241E-5 2.16357E-4 3.36994E-4 1.27253E-4 9.86185E-5 8.05721E-5 4.17766E-5 2.48026E-5 2.7821E-5 3.2486E-5 3.83338E-5 5.67801E-5 8.59996E-5 1.12314E-4 1.14437E-4 8.97967E-5 5.13433E-5 5.0974E-5 6.37591E-5 8.15838E-5 6.73226E-5 4.60384E-5 3.17236E-5 2.23818E-5 1.79784E-5 1.88979E-5 2.22279E-5 2.99859E-5 2.51428E-5 2.7605E-5 2.81777E-5 3.66039E-5 3.05935E-5 2.64542E-5 1.50285E-5 1.07118E-5 1.21364E-5 1.40385E-5 1.23995E-5 1.5826E-5 2.10086E-5 2.79517E-5 3.80937E-5 4.28876E-5 4.16905E-5 2.91434E-5 2.61885E-5 3.39823E-5 4.53142E-5 4.39586E-5 4.08774E-5 5.41426E-5 1.25879E-4 5.38623E-5 4.66389E-5 4.25171E-5 3.82812E-5 4.30631E-5 3.91971E-5 3.08432E-5 3.0771E-5 3.80051E-5 4.18073E-5 3.76523E-5 5.56746E-5 8.00547E-5
5.67821E-5 7.52621E-5 8.3783E-5 1.01912E-4 8.21988E-5 7.58102E-5 5.04004E-5 2.98489E-5 2.13063E-5 2.16199E-5 3.19995E-5 4.72592E-5 7.29593E-5 7.23176E-5 6.23521E-5 5.76917E-5 4.61199E-5 5.88524E-5 5.99876E-5 6.17679E-5 4.91865E-5 2.83768E-5 1.96441E-5 1.67354E-5 1.80434E-5 2.32963E-5 3.6486E-5 3.86328E-5 3.73739E-5 4.22083E-5 4.62463E-5 5.74195E-5 4.15263E-5 2.79771E-5 1.92923E-5 1.47513E-5 1.22899E-5 1.14668E-5 1.33705E-5 1.65246E-5 2.20251E-5 3.21757E-5 5.30158E-5 6.12873E-5 5.1229E-5 3.23034E-5 2.77772E-5 3.82155E-5 5.23642E-5 7.12695E-5 5.18998E-5 4.27269E-5 4.78004E-5 4.31938E-5 3.23744E-5 2.84013E-5 2.63075E-5 2.82225E-5 2.63889E-5 2.7519E-5 4.02369E-5 5.55761E-5 6.44025E-5 4.99055E-5 4.76715E-5 5.81745E-5
6.02699E-5 5.42619E-5 4.82226E-5 5.73191E-5 9.13243E-5 1.23407E-4 1.00925E-4 4.39003E-5 2.54806E-5 1.56487E-5 2.11803E-5 3.09313E-5 4.38257E-5 4.19857E-5 3.31365E-5 2.76688E-5 2.58823E-5 3.91188E-5 4.20406E-5 3.65352E-5 2.94485E-5 2.12118E-5 1.69984E-5 2.09446E-5 2.39279E-5 3.55324E-5 5.23442E-5 6.33755E-5 5.91672E-5 5.90594E-5 7.95202E-5 6.47646E-5 5.13898E-5 3.07898E-5 2.23088E-5 1.69833E-5 1.28347E-5 9.48784E-6 1.19373E-5 1.51866E-5 1.95041E-5 2.9031E-5 4.79393E-5 5.49566E-5 4.89243E-5 3.1818E-5 2.89155E-5 3.88953E-5 4.99948E-5 5.5621E-5 4.71816E-5 4.21971E-5 3.17448E-5 2.91415E-5 3.03298E-5 3.16838E-5 2.85462E-5 2.28686E-5 2.54488E-5 3.05331E-5 4.24462E-5 5.9351E-5 7.00215E-5 5.35395E-5 3.78704E-5 3.89412E-5
5.41671E-5 6.78801E-5 4.71683E-5 4.97628E-5 7.74646E-5 8.90636E-5 9.95924E-5 4.97542E-5 3.01076E-5 1.50125E-5 1.30929E-5 1.68364E-5 2.05704E-5 2.13865E-5 2.00003E-5 1.98462E-5 1.90089E-5 2.28497E-5 2.49743E-5 2.49786E-5 2.21013E-5 1.60455E-5 1.58797E-5 2.14166E-5 3.36177E-5 4.61102E-5 7.90656E-5 1.24512E-4 8.89797E-5 7.98447E-5 1.10882E-4 7.01663E-5 4.68148E-5 3.15971E-5 2.38882E-5 1.96444E-5 1.10042E-5 9.54469E-6 9.9196E-6 1.20613E-5 1.58238E-5 2.37643E-5 3.45444E-5 3.72467E-5 3.69878E-5 2.60224E-5 3.13767E-5 4.44542E-5 6.58793E-5 6.81351E-5 7.09964E-5 5.45701E-5 3.69471E-5 3.51932E-5 4.51737E-5 4.78954E-5 4.02276E-5 3.00009E-5 3.51879E-5 4.64626E-5 5.07937E-5 4.29468E-5 4.5561E-5 3.88723E-5 3.36521E-5 3.33173E-5
6.1399E-5 8.19793E-5 6.36456E-5 4.87885E-5 5.57936E-5 5.80061E-5 5.04603E-5 3.66771E-5 2.49221E-5 1.38276E-5 1.04739E-5 1.13981E-5 1.1851E-5 1.14024E-5 1.11979E-5 1.10069E-5 1.11716E-5 1.46595E-5 1.55852E-5 1.61115E-5 1.73915E-5 1.49664E-5 1.38925E-5 2.04679E-5 2.98072E-5 4.07853E-5 5.73683E-5 7.50833E-5 6.72793E-5 5.77062E-5 7.14695E-5 5.5505E-5 3.97755E-5 3.06838E-5 2.28655E-5 1.59623E-5 1.16341E-5 1.20614E-5 1.3171E-5 1.46505E-5 1.77655E-5 2.66076E-5 3.26317E-5 3.17308E-5 3.02531E-5 2.14412E-5 2.84196E-5 3.78364E-5 4.76233E-5 5.0795E-5 5.89385E-5 4.83781E-5 3.45223E-5 4.14635E-5 6.00325E-5 6.85123E-5 4.86023E-5 3.43748E-5 4.29322E-5 6.30085E-5 7.73482E-5 5.4105E-5 3.60253E-5 4.34602E-5 5.19263E-5 4.62576E-5
6.75896E-5 1.03872E-4 7.06329E-5 4.08071E-5 4.57411E-5 4.242E-5 2.70038E-5 2.12315E-5 1.73668E-5 1.34769E-5 1.41584E-5 1.65324E-5 1.69932E-5 1.56967E-5 1.33555E-5 1.04181E-5 8.79083E-6 8.2365E-6 1.08396E-5 1.06503E-5 1.23015E-5 1.14806E-5 1.14005E-5 1.61796E-5 2.30859E-5 2.9195E-5 3.75852E-5 4.09017E-5 3.70706E-5 3.48674E-5 3.75812E-5 3.44048E-5 2.84879E-5 2.4951E-5 1.93106E-5 1.28163E-5 1.13624E-5 1.39706E-5 1.73377E-5 2.10626E-5 2.51035E-5 4.07429E-5 5.04625E-5 4.72512E-5 3.80428E-5 2.9964E-5 3.55342E-5 3.77467E-5 3.50178E-5 3.49219E-5 3.80647E-5 3.43683E-5 2.73308E-5 3.8401E-5 5.19999E-5 5.59276E-5 4.43865E-5 5.0741E-5 4.59588E-5 5.51719E-5 5.90181E-5 4.58645E-5 3.82419E-5 5.43865E-5 7.15506E-5 5.10356E-5
7.64852E-5 7.29018E-5 4.95246E-5 3.33589E-5 3.25161E-5 2.427E-5 1.91179E-5 1.49989E-5 1.95139E-5 1.92474E-5 1.821E-5 2.38505E-5 2.51046E-5 2.02827E-5 1.50285E-5 1.10335E-5 8.87457E-6 7.20558E-6 6.65673E-6 6.5794E-6 7.1942E-6 6.87523E-6 8.43359E-6 1.23758E-5 1.48312E-5 1.67267E-5 2.108E-5 2.41368E-5 2.355E-5 2.0631E-5 2.12212E-5 2.20423E-5 2.00733E-5 1.65827E-5 1.26747E-5 1.29619E-5 1.24991E-5 1.68827E-5 2.38407E-5 3.51015E-5 4.51799E-5 5.00517E-5 7.21206E-5 6.16488E-5 4.12001E-5 4.42237E-5 5.03929E-5 5.79304E-5 4.98721E-5 4.14579E-5 3.87812E-5 3.08468E-5 3.55863E-5 4.60871E-5 5.02644E-5 6.27155E-5 5.90462E-5 7.91951E-5 5.66649E-5 4.43139E-5 5.70667E-5 5.40633E-5 3.86142E-5 4.04042E-5 4.80712E-5 4.0266E-5
5.82201E-5 6.1858E-5 4.4116E-5 3.32218E-5 2.46415E-5 1.71495E-5 2.13725E-5 2.34522E-5 2.69427E-5 2.83984E-5 2.34675E-5 5.31885E-5 3.37165E-5 2.337E-5 1.62832E-5 1.12246E-5 9.37929E-6 8.89874E-6 6.42872E-6 5.13028E-6 5.13011E-6 5.62696E-6 6.17017E-6 7.64748E-6 8.59201E-6 9.71099E-6 1.19884E-5 1.41945E-5 1.48572E-5 1.28359E-5 1.23429E-5 1.29016E-5 1.19629E-5 1.02735E-5 1.07171E-5 1.12101E-5 1.30025E-5 2.05331E-5 3.05733E-5 4.20181E-5 6.26146E-5 4.52713E-5 4.78915E-5 4.83671E-5 5.39357E-5 6.72481E-5 5.48142E-5 7.15656E-5 5.12305E-5 6.33051E-5 5.32833E-5 3.78662E-5 4.14544E-5 6.11307E-5 7.24192E-5 7.06799E-5 5.66014E-5 5.75315E-5 4.82771E-5 4.20486E-5 5.61112E-5 5.16225E-5 3.5082E-5 2.56701E-5 2.99552E-5 2.84062E-5
5.11622E-5 4.84798E-5 3.20083E-5 2.32297E-5 1.702E-5 2.1999E-5 2.77521E-5 2.48518E-5 2.96307E-5 3.6368E-5 2.73374E-5 2.34406E-5 2.46017E-5 1.98976E-5 1.47737E-5 1.02296E-5 8.3261E-6 7.14859E-6 4.32447E-6 3.45002E-6 4.11541E-6 5.66304E-6 6.13399E-6 6.97615E-6 7.01245E-6 6.68185E-6 7.41313E-6 8.6589E-6 9.47749E-6 8.13312E-6 8.25312E-6 8.01995E-6 6.36933E-6 7.11392E-6 9.68258E-6 9.09865E-6 1.13735E-5 1.75671E-5 2.6915E-5 3.41368E-5 4.54477E-5 3.70916E-5 3.08701E-5 3.93297E-5 5.06191E-5 5.8866E-5 5.30187E-5 4.51395E-5 4.88616E-5 6.19164E-5 5.30643E-5 3.76074E-5 3.72338E-5 4.97047E-5 5.81784E-5 5.48312E-5 4.24365E-5 3.56762E-5 2.73253E-5 2.97999E-5 3.31106E-5 3.2755E-5 2.71256E-5 2.01808E-5 1.88609E-5 1.8289E-5
2.59444E-5 1.63071E-5 1.01912E-5 8.87353E-6 1.31163E-5 2.16068E-5 2.47829E-5 1.95755E-5 2.09474E-5 2.263E-5 2.07943E-5 1.61801E-5 1.61686E-5 1.41773E-5 1.13001E-5 8.44669E-6 6.3908E-6 4.8565E-6 3.49536E-6 2.78555E-6 4.74846E-6 7.14385E-6 8.65678E-6 1.07357E-5 1.20873E-5 1.28974E-5 1.4398E-5 1.43353E-5 1.16061E-5 9.66425E-6 8.46041E-6 5.93643E-6 4.5733E-6 5.12692E-6 6.54299E-6 7.60356E-6 9.32672E-6 1.27376E-5 1.71868E-5 2.70234E-5 2.92902E-5 2.58364E-5 2.11699E-5 3.05959E-5 4.2805E-5 5.88569E-5 6.78643E-5 5.03575E-5 3.64693E-5 4.11268E-5 3.83408E-5 3.08271E-5 3.4968E-5 4.85204E-5 1.22009E-4 5.73253E-5 3.89205E-5 2.07974E-5 1.9033E-5 1.93285E-5 2.15385E-5 2.16157E-5 1.89664E-5 1.55433E-5 1.31082E-5 1.75573E-5
