catData/rasterBestHybridModels/Pbengalensis/RDbal_RM1_L/Pbengalensis_min.asc
ncols         409
nrows         350
xllcorner     60.897278365
yllcorner     5.843756025
cellsize      0.0892857
NODATA_value  -9999
[rows 87 to 115 of 350, columns 66 to 131 of 409]
2.29347E-5 1.66346E-5 9.33311E-6 4.24177E-6 6.95251E-6 1.49164E-5 1.40776E-5 1.05082E-5 1.00127E-5 9.81493E-6 9.65113E-6 8.58833E-6 7.96992E-6 6.92956E-6 5.86514E-6 4.42409E-6 3.38931E-6 2.72781E-6 2.23035E-6 2.09338E-6 3.77434E-6 6.41575E-6 8.68064E-6 1.07056E-5 1.51381E-5 1.86959E-5 2.01655E-5 1.81602E-5 1.34623E-5 9.42509E-6 6.40595E-6 4.28639E-6 2.93663E-6 3.45971E-6 4.55561E-6 6.35255E-6 8.2266E-6 1.12466E-5 1.51757E-5 1.91007E-5 2.30633E-5 1.92969E-5 1.48192E-5 2.35751E-5 3.01929E-5 3.55217E-5 3.76112E-5 3.22952E-5 2.74629E-5 3.20409E-5 3.25882E-5 2.8372E-5 2.40061E-5 3.018E-5 3.17104E-5 2.7567E-5 2.1915E-5 1.96842E-5 1.12181E-5 9.58364E-6 1.07202E-5 1.10355E-5 9.9083E-6 8.2983E-6 1.24119E-5 1.81317E-5
4.21222E-5 4.15802E-5 2.68505E-5 1.04935E-5 7.13107E-6 1.08247E-5 8.02601E-6 6.76548E-6 7.60666E-6 8.98347E-6 1.13506E-5 1.29977E-5 1.15989E-5 9.39702E-6 7.36365E-6 5.23256E-6 3.55216E-6 2.85543E-6 2.55626E-6 2.91307E-6 4.22144E-6 6.58828E-6 1.05462E-5 1.57901E-5 2.11588E-5 2.68321E-5 2.91563E-5 2.64819E-5 2.10851E-5 1.3589E-5 8.13374E-6 5.80979E-6 3.88379E-6 3.71902E-6 4.95455E-6 7.10326E-6 1.00513E-5 1.42434E-5 2.20431E-5 3.23367E-5 3.18136E-5 2.59303E-5 1.94505E-5 1.64339E-5 2.12543E-5 2.56531E-5 2.61524E-5 2.54693E-5 3.37753E-5 4.36396E-5 4.59227E-5 3.56803E-5 2.55105E-5 2.75312E-5 3.37237E-5 3.86565E-5 3.21216E-5 2.31741E-5 1.48751E-5 9.35194E-6 6.43269E-6 6.94016E-6 6.62833E-6 8.83069E-6 1.39148E-5 2.03134E-5
7.21187E-5 4.82292E-5 2.81408E-5 1.32111E-5 6.65076E-6 6.28183E-6 5.55779E-6 6.27208E-6 8.26058E-6 1.0901E-5 1.52428E-5 1.87727E-5 1.58763E-5 1.16971E-5 8.72731E-6 6.26212E-6 4.07488E-6 2.85133E-6 2.00824E-6 2.05541E-6 3.27811E-6 5.12956E-6 8.69234E-6 1.38924E-5 2.18387E-5 3.28076E-5 3.89933E-5 3.31373E-5 2.46655E-5 1.70063E-5 1.07887E-5 7.1235E-6 4.90284E-6 4.63336E-6 5.28585E-6 7.42507E-6 1.15594E-5 1.68735E-5 2.68809E-5 4.6469E-5 3.94621E-5 2.98745E-5 2.19217E-5 1.48859E-5 1.42754E-5 1.58342E-5 1.67088E-5 2.54924E-5 3.06596E-5 3.9419E-5 4.47892E-5 3.48251E-5 2.46796E-5 2.89239E-5 3.88006E-5 4.82619E-5 3.33187E-5 2.08864E-5 1.45445E-5 9.7805E-6 6.54724E-6 4.50324E-6 5.48044E-6 7.79579E-6 1.22117E-5 1.74753E-5
8.50307E-5 3.95828E-5 1.60523E-5 7.55001E-6 6.7467E-6 6.23685E-6 5.25433E-6 5.77422E-6 7.85269E-6 1.11472E-5 1.61252E-5 2.13412E-5 1.69214E-5 1.20079E-5 8.76192E-6 6.34997E-6 4.13891E-6 2.72699E-6 2.34806E-6 2.59279E-6 3.77561E-6 6.72612E-6 9.64107E-6 1.27816E-5 1.96242E-5 2.93881E-5 3.71351E-5 2.82253E-5 2.07481E-5 1.37406E-5 9.08938E-6 6.39047E-6 6.60466E-6 6.90972E-6 7.24861E-6 7.03566E-6 1.12887E-5 1.62769E-5 2.4409E-5 3.5961E-5 3.64571E-5 2.95641E-5 2.57025E-5 2.12586E-5 1.59268E-5 1.1238E-5 1.42994E-5 1.77908E-5 2.10526E-5 2.36284E-5 2.80056E-5 2.47311E-5 1.80871E-5 2.18035E-5 2.64166E-5 2.67693E-5 2.10696E-5 1.6413E-5 1.24847E-5 8.32793E-6 5.48111E-6 3.81489E-6 4.44789E-6 6.53557E-6 9.89208E-6 1.38563E-5
7.40221E-5 3.38192E-5 1.14228E-5 5.71914E-6 8.4052E-6 8.45574E-6 7.60982E-6 6.27347E-6 7.08267E-6 9.55251E-6 1.25664E-5 1.44503E-5 1.31322E-5 1.02904E-5 7.86504E-6 5.62396E-6 4.39902E-6 3.96429E-6 3.76857E-6 4.49451E-6 5.52308E-6 7.37279E-6 1.15202E-5 1.49853E-5 1.96241E-5 2.53719E-5 2.57757E-5 2.08662E-5 1.58767E-5 1.09958E-5 7.65687E-6 5.73771E-6 7.45659E-6 8.94283E-6 1.01912E-5 1.12522E-5 1.20027E-5 1.4129E-5 2.03137E-5 2.64134E-5 3.24486E-5 4.13747E-5 3.82159E-5 3.06917E-5 2.14921E-5 1.41546E-5 1.0833E-5 1.45933E-5 1.45051E-5 1.48676E-5 1.57942E-5 1.42785E-5 1.11958E-5 1.33424E-5 1.54139E-5 1.59195E-5 1.4613E-5 1.26203E-5 9.76514E-6 6.74688E-6 4.51341E-6 3.066E-6 3.37024E-6 4.84465E-6 7.14181E-6 9.61603E-6
5.08457E-5 3.29646E-5 1.20212E-5 8.44082E-6 1.02424E-5 1.04931E-5 1.01553E-5 9.09734E-6 8.39232E-6 7.35007E-6 8.81532E-6 9.71696E-6 9.36124E-6 7.90034E-6 6.31252E-6 6.84545E-6 6.92858E-6 6.30516E-6 5.94282E-6 6.94841E-6 7.52738E-6 7.25296E-6 6.97846E-6 9.29381E-6 1.05185E-5 1.27248E-5 1.4148E-5 1.32489E-5 1.10183E-5 8.74087E-6 6.49667E-6 7.24338E-6 9.00135E-6 1.14414E-5 1.48434E-5 1.80394E-5 1.98815E-5 1.86919E-5 1.81544E-5 2.72949E-5 4.10795E-5 5.68456E-5 5.12638E-5 3.7078E-5 2.52275E-5 1.8723E-5 1.28126E-5 8.15658E-6 8.79508E-6 9.04094E-6 9.16404E-6 7.98278E-6 6.42839E-6 7.85046E-6 9.61631E-6 1.05562E-5 1.00366E-5 8.69225E-6 6.98067E-6 5.01986E-6 3.57227E-6 2.42086E-6 2.39896E-6 3.44765E-6 4.99479E-6 6.45804E-6
3.52435E-5 2.46136E-5 1.1135E-5 1.22158E-5 1.47464E-5 1.32513E-5 1.19631E-5 1.25151E-5 1.18979E-5 9.90509E-6 7.84694E-6 6.62376E-6 6.4393E-6 7.09854E-6 8.77625E-6 1.01056E-5 1.03662E-5 9.2339E-6 8.65589E-6 9.32987E-6 9.47787E-6 8.72339E-6 7.12419E-6 5.21538E-6 6.30579E-6 7.39561E-6 7.95007E-6 7.85734E-6 7.26649E-6 7.30077E-6 8.94872E-6 8.87414E-6 1.08997E-5 1.45687E-5 2.15622E-5 2.92016E-5 3.11068E-5 2.72019E-5 1.93304E-5 2.70125E-5 3.79241E-5 4.82756E-5 4.65052E-5 4.27855E-5 3.41327E-5 2.41185E-5 1.57155E-5 6.63503E-6 5.39379E-6 5.5535E-6 5.33801E-6 4.66685E-6 4.02218E-6 5.00601E-6 5.82947E-6 6.34063E-6 6.17982E-6 5.46367E-6 4.57462E-6 3.51167E-6 2.56243E-6 1.84381E-6 1.76928E-6 2.4023E-6 3.14684E-6 3.90129E-6
2.2484E-5 1.44456E-5 1.06514E-5 1.35078E-5 1.53113E-5 1.40422E-5 1.44875E-5 1.7665E-5 1.63334E-5 1.22703E-5 9.08463E-6 6.64539E-6 6.60372E-6 9.00146E-6 1.19287E-5 1.49881E-5 1.60624E-5 1.44996E-5 1.49633E-5 1.56232E-5 1.31603E-5 1.10931E-5 8.43294E-6 5.76808E-6 4.47145E-6 4.51881E-6 4.8234E-6 4.87721E-6 7.11096E-6 1.00335E-5 1.25695E-5 1.31736E-5 1.24461E-5 1.71384E-5 2.61736E-5 3.90574E-5 4.19267E-5 3.09167E-5 2.1294E-5 3.10496E-5 3.87029E-5 4.1174E-5 4.92562E-5 5.75239E-5 3.52509E-5 2.20474E-5 1.57051E-5 9.69338E-6 5.45526E-6 3.28294E-6 3.07863E-6 2.81878E-6 2.50878E-6 3.0144E-6 3.48865E-6 3.67612E-6 3.67019E-6 3.39672E-6 2.92404E-6 2.33848E-6 1.80338E-6 1.35836E-6 1.22568E-6 1.62651E-6 2.02464E-6 2.35942E-6
8.39503E-6 8.0222E-6 9.44734E-6 1.21329E-5 1.35317E-5 1.28193E-5 1.42864E-5 1.79621E-5 1.64207E-5 1.24405E-5 9.19138E-6 6.78121E-6 7.42946E-6 1.05871E-5 1.54827E-5 2.29513E-5 2.65715E-5 2.16103E-5 2.44477E-5 2.94882E-5 1.78273E-5 1.40619E-5 9.91461E-6 6.81028E-6 7.27087E-6 7.16018E-6 6.70681E-6 6.44931E-6 8.96884E-6 1.28706E-5 1.6798E-5 1.82506E-5 1.67733E-5 1.73237E-5 2.71396E-5 3.39915E-5 3.44327E-5 2.7097E-5 2.52634E-5 3.64689E-5 4.96994E-5 5.58303E-5 3.90348E-5 3.94134E-5 2.6173E-5 1.75674E-5 1.26798E-5 7.79341E-6 4.87867E-6 2.98576E-6 1.87794E-6 1.76513E-6 1.63833E-6 1.85873E-6 2.06258E-6 2.1976E-6 2.19714E-6 2.08069E-6 1.80836E-6 1.49003E-6 1.20571E-6 9.41296E-7 8.05371E-7 1.02625E-6 1.25974E-6 1.46201E-6
4.69754E-6 5.43661E-6 7.92175E-6 9.77753E-6 1.10655E-5 1.08147E-5 1.13972E-5 1.26414E-5 1.1891E-5 1.02927E-5 8.27066E-6 6.35443E-6 8.26908E-6 1.26992E-5 1.86768E-5 2.56938E-5 2.63193E-5 2.06377E-5 1.92226E-5 3.25918E-5 2.82253E-5 1.99281E-5 1.40316E-5 1.33246E-5 1.46774E-5 1.44504E-5 1.39696E-5 1.28168E-5 1.34143E-5 1.92017E-5 3.17963E-5 3.37858E-5 2.87644E-5 2.60266E-5 2.1939E-5 2.47885E-5 2.84198E-5 2.92573E-5 2.56124E-5 2.82322E-5 3.76345E-5 3.77677E-5 2.75233E-5 1.97398E-5 1.51098E-5 1.16005E-5 8.39635E-6 5.83364E-6 3.92578E-6 2.6009E-6 1.69304E-6 1.1174E-6 1.02726E-6 1.17562E-6 1.24707E-6 1.32846E-6 1.30919E-6 1.24961E-6 1.11486E-6 9.63841E-7 7.86161E-7 6.16346E-7 5.01619E-7 6.19931E-7 7.56544E-7 8.76503E-7
4.28149E-6 4.34764E-6 6.03566E-6 7.3802E-6 7.54033E-6 8.70641E-6 8.77598E-6 8.57502E-6 8.46361E-6 7.78193E-6 6.65796E-6 7.82238E-6 1.09904E-5 1.42877E-5 1.59587E-5 1.93955E-5 2.57255E-5 3.07275E-5 2.29454E-5 1.95318E-5 1.94026E-5 2.07438E-5 2.2646E-5 2.38001E-5 2.83742E-5 2.78719E-5 2.61823E-5 2.52741E-5 2.09539E-5 2.62394E-5 3.42052E-5 3.86004E-5 3.59599E-5 2.731E-5 1.99431E-5 3.01321E-5 3.50036E-5 3.43068E-5 3.04313E-5 2.27846E-5 2.40043E-5 2.14416E-5 1.5874E-5 1.12682E-5 9.35186E-6 7.55627E-6 5.75871E-6 4.25094E-6 3.01561E-6 2.08914E-6 1.39003E-6 9.43423E-7 6.34668E-7 7.23034E-7 7.64762E-7 7.7575E-7 7.90214E-7 7.73085E-7 6.99642E-7 6.01548E-7 5.03435E-7 3.93534E-7 3.28526E-7 5.10672E-7 7.9121E-7 1.11154E-6
5.2206E-6 3.52836E-6 4.33344E-6 5.47442E-6 5.81113E-6 7.03833E-6 5.99263E-6 5.83247E-6 5.94304E-6 5.3641E-6 6.91158E-6 9.8727E-6 1.40183E-5 1.86359E-5 1.923E-5 1.64737E-5 2.13735E-5 2.43562E-5 4.9559E-5 2.43959E-5 1.69864E-5 2.49726E-5 3.00727E-5 2.95082E-5 3.95826E-5 3.32459E-5 3.42898E-5 3.36908E-5 2.64512E-5 2.12281E-5 2.59736E-5 2.84256E-5 2.86476E-5 3.04017E-5 2.49323E-5 2.95601E-5 3.46057E-5 6.6131E-5 3.2616E-5 2.39889E-5 1.46738E-5 1.1677E-5 9.29805E-6 7.55858E-6 5.75957E-6 4.91081E-6 4.09781E-6 3.19083E-6 2.3374E-6 1.65217E-6 1.13462E-6 7.59219E-7 5.2621E-7 4.37247E-7 4.80978E-7 4.74532E-7 4.74242E-7 4.48436E-7 4.15196E-7 3.63182E-7 3.09724E-7 2.5411E-7 4.03871E-7 6.31587E-7 9.83414E-7 1.43072E-6
5.89778E-6 3.70892E-6 2.89928E-6 3.43218E-6 3.90386E-6 5.21429E-6 3.98048E-6 3.69992E-6 4.25799E-6 6.25946E-6 8.29513E-6 1.11758E-5 1.74799E-5 2.55015E-5 2.75546E-5 2.19855E-5 1.5658E-5 2.23866E-5 2.61508E-5 2.43356E-5 1.98868E-5 2.72143E-5 3.06905E-5 2.60182E-5 3.22168E-5 3.44859E-5 4.11823E-5 3.5794E-5 2.2396E-5 2.0183E-5 1.98511E-5 2.57859E-5 4.07449E-5 4.3793E-5 2.74756E-5 1.99029E-5 2.4748E-5 2.79159E-5 2.54435E-5 1.84517E-5 1.1391E-5 6.65539E-6 5.63173E-6 4.93116E-6 3.99016E-6 3.20918E-6 2.67818E-6 2.12393E-6 1.64496E-6 1.2478E-6 8.65702E-7 5.9362E-7 4.27093E-7 2.88007E-7 2.84368E-7 2.89112E-7 2.81984E-7 2.69018E-7 2.48711E-7 2.20301E-7 1.93403E-7 2.97476E-7 4.72921E-7 7.39689E-7 1.13749E-6 1.77199E-6
5.60683E-6 5.76918E-6 4.59226E-6 2.63761E-6 2.7749E-6 2.98385E-6 2.83187E-6 3.66827E-6 5.27084E-6 8.02674E-6 1.12104E-5 1.65615E-5 2.2349E-5 2.98867E-5 2.80081E-5 2.09129E-5 1.63588E-5 1.85421E-5 2.03868E-5 1.90378E-5 2.02022E-5 2.27858E-5 2.38553E-5 2.15663E-5 3.09299E-5 4.62521E-5 4.01217E-5 2.87629E-5 2.99355E-5 2.55926E-5 3.20837E-5 3.4208E-5 4.09496E-5 4.07336E-5 2.48673E-5 1.5834E-5 1.62858E-5 1.6999E-5 1.61972E-5 1.25492E-5 8.25148E-6 5.33589E-6 3.57698E-6 3.18318E-6 2.68061E-6 2.07563E-6 1.79426E-6 1.42085E-6 1.15191E-6 8.79702E-7 6.42017E-7 4.54073E-7 3.28015E-7 2.24198E-7 1.69197E-7 1.71973E-7 1.69807E-7 1.63648E-7 1.51726E-7 1.64354E-7 1.98937E-7 3.24188E-7 5.31119E-7 8.3779E-7 1.33591E-6 2.09041E-6
9.52128E-6 8.06969E-6 5.43076E-6 3.22914E-6 2.68071E-6 2.40489E-6 3.63125E-6 4.52827E-6 5.99302E-6 9.44478E-6 1.42615E-5 2.08002E-5 2.94174E-5 2.81893E-5 2.20532E-5 1.77322E-5 1.4821E-5 1.83205E-5 2.00014E-5 2.08901E-5 2.5436E-5 2.53226E-5 3.1688E-5 2.98613E-5 2.72495E-5 3.22413E-5 2.88938E-5 3.93064E-5 4.57925E-5 3.47208E-5 4.37916E-5 3.96801E-5 4.05499E-5 3.36209E-5 2.17385E-5 1.3178E-5 9.30923E-6 9.61462E-6 1.00708E-5 7.96842E-6 5.50736E-6 3.93509E-6 2.93619E-6 2.03895E-6 1.76251E-6 1.37904E-6 1.12999E-6 9.39937E-7 7.57534E-7 5.88609E-7 4.6329E-7 3.39725E-7 2.41857E-7 1.67086E-7 1.12127E-7 1.23501E-7 1.58547E-7 2.00379E-7 2.40128E-7 2.81664E-7 3.2273E-7 3.40749E-7 5.51867E-7 8.88126E-7 1.43544E-6 2.18208E-6
1.54736E-5 1.08085E-5 7.6647E-6 5.13295E-6 3.37095E-6 2.61184E-6 4.05585E-6 5.71258E-6 6.81467E-6 1.09304E-5 1.46156E-5 1.94411E-5 2.37912E-5 2.18843E-5 1.89932E-5 1.89043E-5 2.33316E-5 2.09591E-5 1.86389E-5 3.05007E-5 3.43215E-5 3.12866E-5 3.80245E-5 3.1439E-5 2.57338E-5 3.14572E-5 2.94829E-5 3.79162E-5 4.73535E-5 3.31387E-5 3.35879E-5 3.31422E-5 2.71521E-5 2.117E-5 1.50539E-5 1.02384E-5 6.79963E-6 5.89333E-6 5.49392E-6 4.67537E-6 3.79323E-6 2.86637E-6 2.14484E-6 1.54154E-6 1.1054E-6 9.0806E-7 7.4459E-7 6.22027E-7 5.14006E-7 4.01098E-7 3.15778E-7 2.39131E-7 1.73337E-7 1.20761E-7 1.50313E-7 1.974E-7 2.58023E-7 3.31322E-7 3.99919E-7 4.71351E-7 5.42865E-7 5.88718E-7 6.15541E-7 8.45445E-7 1.35256E-6 2.09025E-6
1.91226E-5 1.35819E-5 1.0622E-5 6.81856E-6 3.59359E-6 2.76543E-6 4.32365E-6 6.66883E-6 7.642E-6 1.12579E-5 1.50482E-5 2.20567E-5 3.34032E-5 2.78E-5 2.75339E-5 2.523E-5 3.2456E-5 3.07613E-5 2.69837E-5 3.24586E-5 3.08609E-5 4.05654E-5 3.64065E-5 3.64728E-5 3.06876E-5 6.30601E-5 3.82809E-5 2.87754E-5 3.36152E-5 4.23868E-5 3.18296E-5 2.29425E-5 1.57526E-5 1.20451E-5 9.31677E-6 7.39061E-6 5.025E-6 3.48468E-6 3.21998E-6 2.89124E-6 2.42452E-6 1.96392E-6 1.51944E-6 1.13453E-6 8.24006E-7 6.01788E-7 4.99528E-7 3.92067E-7 3.27787E-7 2.6651E-7 2.14701E-7 1.6141E-7 1.68524E-7 2.01773E-7 2.29688E-7 3.09796E-7 4.15024E-7 5.39077E-7 6.7301E-7 7.98129E-7 8.85371E-7 1.01508E-6 1.0372E-6 9.89859E-7 1.2369E-6 1.92119E-6
1.97359E-5 1.43461E-5 9.53822E-6 6.18335E-6 3.9157E-6 2.91413E-6 4.15402E-6 5.11518E-6 6.49692E-6 9.65095E-6 1.38218E-5 1.96721E-5 2.55571E-5 2.65164E-5 3.62562E-5 2.68923E-5 3.21714E-5 3.15389E-5 4.07462E-5 3.04755E-5 2.62277E-5 3.89768E-5 3.58601E-5 3.64245E-5 3.13746E-5 2.83941E-5 2.83826E-5 2.24968E-5 2.62161E-5 2.80265E-5 2.45463E-5 1.75951E-5 1.0718E-5 7.08828E-6 5.98952E-6 4.97536E-6 3.7328E-6 2.74106E-6 2.09113E-6 1.84321E-6 1.57971E-6 1.36133E-6 1.05384E-6 8.28272E-7 5.9906E-7 4.38987E-7 4.17919E-7 4.15549E-7 3.92626E-7 3.55691E-7 3.08058E-7 2.46364E-7 2.66138E-7 3.17146E-7 3.72543E-7 4.62902E-7 6.45547E-7 8.6167E-7 1.06064E-6 1.27567E-6 1.46919E-6 1.59835E-6 1.68132E-6 1.69463E-6 1.58723E-6 1.90087E-6
1.83914E-5 1.46056E-5 9.95471E-6 6.22321E-6 4.63398E-6 3.87843E-6 4.06189E-6 4.59718E-6 6.06449E-6 8.3786E-6 1.19375E-5 1.57251E-5 2.24488E-5 2.60328E-5 2.66234E-5 2.43856E-5 2.93759E-5 4.31094E-5 3.30821E-5 2.63004E-5 2.88809E-5 3.59299E-5 3.74209E-5 6.54383E-5 3.15292E-5 2.09489E-5 1.72149E-5 1.4566E-5 1.42492E-5 1.58202E-5 1.46154E-5 1.13548E-5 7.84259E-6 5.1656E-6 3.79119E-6 3.16288E-6 2.6059E-6 1.99171E-6 1.4702E-6 1.18122E-6 1.0056E-6 8.57251E-7 7.02115E-7 6.03557E-7 6.54875E-7 6.99196E-7 7.12022E-7 7.00659E-7 6.60435E-7 6.00695E-7 4.99464E-7 3.86786E-7 4.23418E-7 5.06247E-7 6.08257E-7 6.79736E-7 9.61922E-7 1.30664E-6 1.70963E-6 2.14142E-6 2.45325E-6 2.81087E-6 2.89189E-6 2.84403E-6 2.64177E-6 2.28098E-6
1.64575E-5 1.32167E-5 9.65337E-6 6.51248E-6 4.95254E-6 4.24733E-6 4.23061E-6 6.09522E-6 7.92063E-6 1.16347E-5 1.775E-5 1.96154E-5 2.60225E-5 3.78635E-5 2.90808E-5 3.34064E-5 3.6761E-5 2.80381E-5 2.72928E-5 3.6799E-5 5.31215E-5 3.96166E-5 3.93164E-5 2.82125E-5 2.43656E-5 1.77075E-5 8.7945E-6 8.45725E-6 9.36211E-6 9.63856E-6 8.98076E-6 7.15975E-6 5.4203E-6 3.96367E-6 2.76393E-6 2.03329E-6 1.71124E-6 1.41581E-6 1.0417E-6 7.60653E-7 6.33599E-7 6.55588E-7 8.15391E-7 9.71467E-7 1.09627E-6 1.173E-6 1.21653E-6 1.22931E-6 1.09293E-6 9.40629E-7 7.6193E-7 5.91643E-7 6.86266E-7 8.12738E-7 9.62341E-7 1.17017E-6 1.40682E-6 2.02376E-6 2.648E-6 3.43318E-6 4.1592E-6 4.63431E-6 4.85392E-6 4.92802E-6 4.27854E-6 3.56664E-6
1.19508E-5 9.95854E-6 7.47296E-6 5.33802E-6 4.2369E-6 4.26738E-6 4.63591E-6 6.96407E-6 9.72622E-6 1.82655E-5 2.40795E-5 2.70553E-5 2.26759E-5 2.64442E-5 3.13253E-5 3.1389E-5 3.28153E-5 2.42511E-5 2.40218E-5 3.15491E-5 3.53378E-5 3.944E-5 3.9265E-5 2.6026E-5 1.8492E-5 1.34811E-5 8.14278E-6 5.17718E-6 5.41573E-6 5.65407E-6 5.25237E-6 4.44789E-6 3.55829E-6 2.8303E-6 2.11189E-6 1.49616E-6 1.13161E-6 9.24881E-7 7.47323E-7 5.77027E-7 7.88081E-7 1.06682E-6 1.46598E-6 1.71664E-6 1.98167E-6 1.80718E-6 1.86417E-6 2.08652E-6 1.84986E-6 1.54992E-6 1.192E-6 9.26191E-7 1.05724E-6 1.37286E-6 1.61444E-6 2.00544E-6 2.29618E-6 3.08151E-6 4.09124E-6 5.3409E-6 6.71415E-6 7.87187E-6 8.21815E-6 7.97531E-6 6.85741E-6 5.42587E-6
7.11965E-6 5.95501E-6 4.79677E-6 3.82465E-6 3.74527E-6 3.79352E-6 4.62514E-6 6.76796E-6 9.85461E-6 1.88911E-5 2.52855E-5 2.78284E-5 3.20663E-5 2.84302E-5 3.61391E-5 2.96414E-5 2.1129E-5 2.88115E-5 3.6039E-5 4.15924E-5 3.24794E-5 3.49342E-5 2.84684E-5 1.99106E-5 1.48515E-5 9.87746E-6 5.45915E-6 3.70911E-6 3.26545E-6 3.4566E-6 3.30359E-6 2.95005E-6 2.47985E-6 2.00433E-6 1.57333E-6 1.14516E-6 8.28685E-7 6.18025E-7 5.93537E-7 8.88244E-7 1.26146E-6 1.80562E-6 2.50922E-6 3.05348E-6 3.48752E-6 3.74489E-6 2.55214E-6 3.14877E-6 3.05564E-6 2.50104E-6 1.84057E-6 1.44416E-6 1.62832E-6 2.13069E-6 2.78797E-6 3.64275E-6 3.96141E-6 4.31408E-6 6.06474E-6 8.4545E-6 1.09708E-5 1.31817E-5 1.41911E-5 1.38194E-5 1.06814E-5 8.1099E-6
4.62578E-6 3.5977E-6 2.78422E-6 2.60831E-6 3.14581E-6 3.28637E-6 4.11334E-6 5.70133E-6 8.1384E-6 1.29178E-5 1.90859E-5 2.36312E-5 2.98688E-5 3.42547E-5 3.24894E-5 2.54938E-5 2.27807E-5 3.84716E-5 4.20042E-5 4.3567E-5 3.60812E-5 3.52578E-5 2.44902E-5 1.9367E-5 1.33628E-5 9.29823E-6 4.71502E-6 2.79521E-6 2.00607E-6 2.0564E-6 2.05107E-6 1.89761E-6 1.68506E-6 1.39806E-6 1.12513E-6 8.37115E-7 6.02396E-7 5.46437E-7 8.39125E-7 1.33848E-6 2.04704E-6 2.94352E-6 4.27825E-6 5.28691E-6 6.14032E-6 6.70402E-6 6.70474E-6 5.89703E-6 4.77528E-6 3.78997E-6 2.79812E-6 2.07367E-6 2.39304E-6 3.41721E-6 4.83308E-6 6.28135E-6 7.08985E-6 7.32029E-6 8.6891E-6 1.32027E-5 1.77896E-5 2.18598E-5 2.35551E-5 2.21349E-5 1.7054E-5 1.24612E-5
3.36556E-6 2.52553E-6 2.02644E-6 3.07663E-6 3.94072E-6 3.83673E-6 5.35405E-6 7.23687E-6 9.83459E-6 1.4288E-5 2.2924E-5 3.22134E-5 3.34186E-5 3.23633E-5 2.26104E-5 1.93368E-5 2.40979E-5 3.74158E-5 4.39397E-5 3.8828E-5 4.07127E-5 2.70721E-5 1.80609E-5 1.47263E-5 1.12243E-5 8.16255E-6 4.3272E-6 2.65456E-6 1.70598E-6 1.27193E-6 1.23418E-6 1.18517E-6 1.07441E-6 9.24614E-7 7.47923E-7 5.7763E-7 4.64972E-7 6.96704E-7 1.13459E-6 1.84528E-6 2.88146E-6 4.5638E-6 6.31558E-6 8.34084E-6 1.02438E-5 1.15127E-5 1.11839E-5 1.00411E-5 7.66247E-6 5.81887E-6 4.34015E-6 3.1056E-6 3.72901E-6 5.22336E-6 7.74175E-6 1.01337E-5 1.18103E-5 1.28122E-5 1.1678E-5 1.6749E-5 2.43224E-5 3.14346E-5 3.55764E-5 3.09297E-5 2.33404E-5 1.66335E-5
2.12676E-6 1.80152E-6 1.74733E-6 3.17268E-6 4.49839E-6 4.44396E-6 6.02839E-6 8.18704E-6 1.19146E-5 1.86953E-5 2.91243E-5 3.36159E-5 3.30704E-5 3.04942E-5 2.25271E-5 3.00551E-5 3.18219E-5 3.30936E-5 3.34891E-5 3.20185E-5 4.05482E-5 2.33748E-5 1.50449E-5 1.14785E-5 9.13121E-6 6.06842E-6 3.44131E-6 2.26138E-6 1.52416E-6 9.91187E-7 7.70015E-7 7.30676E-7 6.73316E-7 5.85362E-7 4.73498E-7 3.78176E-7 5.69383E-7 8.63514E-7 1.43986E-6 2.40354E-6 3.76201E-6 6.07443E-6 8.93237E-6 1.21173E-5 1.57297E-5 1.80951E-5 1.83823E-5 1.58455E-5 1.22162E-5 8.83852E-6 6.38288E-6 4.27916E-6 5.29414E-6 7.67713E-6 1.14379E-5 1.55654E-5 1.95031E-5 2.03144E-5 1.8592E-5 1.90493E-5 2.78366E-5 4.03163E-5 5.36177E-5 3.81024E-5 2.66979E-5 1.82943E-5
1.20202E-6 1.35759E-6 1.92383E-6 3.32388E-6 4.69424E-6 4.79315E-6 6.19064E-6 8.16497E-6 1.22504E-5 1.89365E-5 3.11703E-5 3.785E-5 3.29682E-5 2.23575E-5 2.79249E-5 4.20163E-5 4.06597E-5 2.82365E-5 2.24427E-5 2.59638E-5 2.36982E-5 1.44728E-5 1.11732E-5 1.02132E-5 8.80594E-6 4.86787E-6 2.85957E-6 1.80175E-6 1.24289E-6 8.43704E-7 5.65049E-7 4.45561E-7 4.14447E-7 3.58751E-7 2.98098E-7 3.92118E-7 6.46021E-7 1.00706E-6 1.67107E-6 2.79525E-6 4.39261E-6 6.96694E-6 1.14192E-5 1.71652E-5 2.27424E-5 2.72558E-5 2.88023E-5 2.39969E-5 1.74486E-5 1.23692E-5 7.99069E-6 5.2824E-6 6.77239E-6 1.02516E-5 1.52391E-5 2.20961E-5 2.86876E-5 3.08243E-5 2.73582E-5 2.19496E-5 2.59872E-5 3.5012E-5 3.95551E-5 3.39854E-5 2.53317E-5 1.80874E-5
9.5557E-7 1.56477E-6 2.28317E-6 3.60891E-6 4.93011E-6 5.7441E-6 7.49158E-6 1.01571E-5 1.45686E-5 2.03988E-5 2.41372E-5 2.95268E-5 2.94134E-5 2.74016E-5 4.34165E-5 4.11749E-5 3.59419E-5 3.49938E-5 3.71127E-5 3.72421E-5 2.09829E-5 1.22241E-5 9.10061E-6 8.56517E-6 7.28176E-6 3.78098E-6 2.41982E-6 1.55048E-6 1.04338E-6 6.88424E-7 4.71347E-7 3.06804E-7 2.53367E-7 2.23509E-7 2.53933E-7 4.12405E-7 6.90698E-7 1.09726E-6 1.81873E-6 3.06435E-6 5.0375E-6 7.8424E-6 1.33689E-5 2.03398E-5 2.89219E-5 4.12692E-5 4.26358E-5 3.04188E-5 2.21025E-5 1.53408E-5 9.58399E-6 6.14645E-6 7.9982E-6 1.28231E-5 1.94188E-5 2.69399E-5 3.80183E-5 4.65856E-5 3.74607E-5 2.75204E-5 2.04569E-5 2.541E-5 2.72085E-5 2.47456E-5 1.99706E-5 1.4141E-5
1.16248E-6 1.84919E-6 2.8868E-6 4.47698E-6 5.40666E-6 6.53909E-6 8.45747E-6 1.16516E-5 1.60928E-5 2.35308E-5 2.67654E-5 2.38586E-5 2.11325E-5 2.80112E-5 4.1373E-5 4.30215E-5 3.71018E-5 3.88067E-5 3.71894E-5 2.89801E-5 1.80895E-5 1.22897E-5 9.37569E-6 8.24397E-6 4.16572E-6 2.8733E-6 1.88134E-6 1.26636E-6 8.99279E-7 5.89498E-7 4.0127E-7 2.64705E-7 1.8286E-7 1.61681E-7 2.62242E-7 4.24775E-7 6.78202E-7 1.12747E-6 1.8405E-6 3.05599E-6 5.18544E-6 8.07834E-6 1.31914E-5 2.09921E-5 3.00502E-5 4.15968E-5 4.22561E-5 3.11394E-5 2.36458E-5 1.64926E-5 1.05583E-5 6.65294E-6 8.12038E-6 1.33591E-5 1.95239E-5 2.85944E-5 3.85838E-5 4.45084E-5 3.61928E-5 2.7777E-5 1.89986E-5 1.66384E-5 1.81305E-5 1.68409E-5 1.37925E-5 1.05733E-5
1.33609E-6 2.03296E-6 2.88753E-6 5.08259E-6 6.54206E-6 7.65987E-6 1.01643E-5 1.368E-5 1.75656E-5 1.91584E-5 2.2916E-5 2.66899E-5 2.32408E-5 2.90812E-5 3.9109E-5 3.93732E-5 4.42357E-5 3.4256E-5 2.0319E-5 1.68018E-5 1.357E-5 1.08541E-5 8.78296E-6 7.93877E-6 2.99723E-6 2.76496E-6 1.72572E-6 1.1258E-6 7.24837E-7 4.86707E-7 4.33101E-7 3.76232E-7 3.08699E-7 2.41876E-7 2.59021E-7 4.15441E-7 6.53687E-7 1.1235E-6 1.78853E-6 2.90149E-6 4.69567E-6 7.39201E-6 1.16718E-5 1.93316E-5 2.65243E-5 3.18986E-5 3.16346E-5 2.6366E-5 2.0264E-5 1.40973E-5 9.6873E-6 6.33757E-6 7.58635E-6 1.18779E-5 1.71021E-5 2.43572E-5 2.96723E-5 3.07813E-5 2.83444E-5 2.3561E-5 1.64263E-5 1.06419E-5 1.08353E-5 1.00198E-5 8.83868E-6 7.10269E-6
