catData/rasterBestHybridModels/Pbengalensis/RDbal_RM1_L/Pbengalensis_avg.asc
ncols         409
nrows         350
xllcorner     60.897278365
yllcorner     5.843756025
cellsize      0.0892857
NODATA_value  -9999
[rows 145 to 173 of 350, columns 264 to 329 of 409]
1.52143E-5 3.65998E-5 7.72918E-5 9.53388E-5 6.14332E-5 5.35966E-5 7.82775E-6 3.67532E-6 4.57653E-5 1.62763E-5 5.76945E-6 1.20786E-6 3.87019E-5 4.97764E-5 1.30654E-5 1.23211E-5 4.69689E-6 4.78096E-6 5.10904E-6 9.74512E-6 4.53004E-6 9.35987E-6 2.03147E-6 4.80456E-5 5.18165E-5 6.02915E-5 6.95717E-6 5.83995E-5 4.54104E-5 5.4275E-5 7.93668E-5 8.87331E-5 8.43747E-5 6.49527E-5 6.67923E-5 8.30371E-5 1.18678E-4 1.29413E-4 1.04353E-4 1.01186E-4 1.03206E-4 1.50082E-4 1.98429E-4 1.40156E-4 9.81269E-5 1.10926E-4 1.27771E-4 1.13478E-4 9.42909E-5 1.34587E-4 1.4386E-4 2.327E-4 1.77224E-4 1.73718E-4 1.46937E-4 1.20236E-4 1.71656E-4 2.51467E-4 9.88103E-5 1.02774E-4 2.22823E-4 2.09711E-4 2.6225E-4 2.7612E-4 1.90855E-4 1.30487E-4
1.47484E-5 2.72804E-5 6.64449E-5 2.64706E-5 3.78424E-5 1.8941E-5 4.67456E-5 5.73442E-5 7.22918E-5 1.39798E-6 3.03388E-6 9.27372E-6 1.77631E-5 3.58454E-5 1.68224E-5 9.20458E-6 4.49662E-6 1.38217E-5 8.16861E-5 4.86465E-5 1.0013E-5 1.08931E-5 4.52302E-6 2.51463E-5 4.03521E-5 8.69214E-5 1.15165E-5 6.5923E-5 1.62805E-5 5.53137E-6 4.88287E-5 5.91829E-5 6.13076E-5 6.48166E-5 1.02876E-4 1.24043E-4 1.28015E-4 9.59349E-5 9.98252E-5 1.4397E-4 1.49241E-4 1.24287E-4 1.40405E-4 1.18544E-4 9.71589E-5 1.45083E-4 1.90919E-4 1.60137E-4 1.06542E-4 1.49498E-4 2.27021E-4 1.24223E-4 7.39274E-5 1.94546E-4 1.76165E-4 1.22273E-4 1.54656E-4 2.09662E-4 2.12394E-4 1.94525E-4 2.52288E-4 2.09707E-4 2.00664E-4 2.07014E-4 1.61236E-4 1.62752E-4
5.71139E-5 7.21686E-5 9.6243E-6 8.04791E-6 2.52563E-5 2.0489E-5 1.2437E-5 1.00346E-5 4.8014E-5 2.45368E-5 2.57841E-5 4.98597E-5 4.48229E-5 1.61818E-5 2.03455E-5 2.89851E-5 4.85882E-5 1.03442E-5 1.60327E-4 1.27277E-4 7.78568E-5 8.02905E-5 6.53899E-5 3.76108E-5 1.50885E-5 5.02391E-5 3.87352E-5 3.86465E-5 6.65153E-5 3.76454E-5 5.80623E-5 9.99185E-5 1.33841E-4 1.2372E-4 1.55747E-4 1.45884E-4 1.46505E-4 1.01518E-4 1.02744E-4 1.48971E-4 1.52927E-4 1.39149E-4 1.94178E-4 1.36016E-4 9.49846E-5 1.40017E-4 1.76058E-4 1.4262E-4 9.91181E-5 1.20372E-4 1.5029E-4 1.77834E-4 1.4175E-4 1.05045E-4 1.02091E-4 1.10294E-4 1.13467E-4 1.35356E-4 1.20925E-4 9.80227E-5 1.63726E-4 1.50836E-4 1.3358E-4 1.38315E-4 1.52536E-4 2.16214E-4
2.16685E-5 7.24753E-6 6.92503E-6 8.43753E-7 5.97671E-6 4.28865E-6 4.11478E-6 1.00248E-5 1.67369E-7 6.06568E-6 2.80411E-5 3.82434E-5 5.23833E-5 1.25718E-4 7.00681E-5 7.2819E-5 1.05646E-4 4.85809E-5 2.54022E-5 1.01537E-4 1.12686E-4 1.04199E-4 1.15498E-4 9.49886E-5 8.61199E-5 8.05303E-5 1.26316E-4 3.27505E-5 2.62967E-5 3.95396E-5 6.83103E-5 9.94819E-5 9.04001E-5 9.80627E-5 1.25761E-4 1.4697E-4 1.51781E-4 1.03956E-4 8.21069E-5 1.01563E-4 1.01939E-4 1.07438E-4 1.0862E-4 1.08244E-4 8.27923E-5 9.84995E-5 1.12188E-4 1.02339E-4 8.03408E-5 9.61413E-5 1.22383E-4 1.67361E-4 1.54046E-4 9.24605E-5 1.04972E-4 7.57266E-5 8.40888E-5 5.7441E-5 9.5854E-5 9.26461E-5 1.06675E-4 1.02126E-4 9.54999E-5 1.04636E-4 1.47134E-4 2.91391E-4
6.09251E-5 8.23458E-6 2.60367E-5 3.90412E-6 6.57213E-6 7.70232E-6 2.77974E-5 2.9528E-5 3.10815E-5 1.15057E-5 7.87018E-6 3.8016E-5 1.09478E-5 1.56152E-5 3.25638E-5 1.16401E-5 4.23681E-5 2.21633E-5 7.97941E-5 9.40982E-5 1.01378E-4 1.03568E-4 1.06419E-4 7.30781E-5 9.49014E-5 1.17567E-4 1.51939E-4 9.8207E-5 1.17426E-4 1.11035E-4 1.14775E-4 5.7284E-5 1.3858E-4 1.13942E-4 8.90022E-5 1.14482E-4 1.18095E-4 9.43147E-5 6.92696E-5 8.80108E-5 1.14609E-4 1.17892E-4 9.25665E-5 7.369E-5 7.22837E-5 6.47302E-5 7.18153E-5 6.89847E-5 9.18823E-5 1.3167E-4 1.70193E-4 1.53586E-4 1.18007E-4 1.00697E-4 6.99706E-5 6.1976E-5 5.83744E-5 8.30999E-5 1.00648E-4 4.19264E-5 1.46876E-4 1.26382E-4 7.40189E-5 1.59153E-4 1.48324E-4 3.0202E-4
3.1454E-5 4.00083E-5 2.71452E-5 1.43158E-5 3.28058E-5 2.21823E-5 2.28881E-5 1.11956E-5 1.23374E-5 3.61145E-5 2.40847E-5 3.54505E-5 1.32417E-6 5.40318E-6 2.31457E-5 2.66279E-5 4.6574E-5 5.33912E-5 8.67043E-5 7.72603E-5 6.64729E-5 9.05594E-5 9.42882E-5 7.54669E-5 1.18833E-4 9.82575E-5 9.00358E-5 9.92763E-5 1.08568E-4 1.36777E-4 1.55598E-4 8.85188E-5 8.5037E-5 8.73588E-5 9.85282E-5 1.38126E-4 1.55328E-4 1.06919E-4 7.54419E-5 1.06437E-4 1.55335E-4 1.61186E-4 1.19932E-4 1.069E-4 1.08974E-4 8.71297E-5 6.60944E-5 6.28154E-5 9.38924E-5 1.45168E-4 2.15587E-4 1.70491E-4 1.18547E-4 8.19932E-5 6.12823E-5 4.85955E-5 6.46706E-5 9.77294E-5 1.43083E-4 2.05645E-4 2.00613E-4 1.53738E-4 7.99379E-5 2.3759E-4 2.06091E-4 2.06068E-4
8.01632E-5 1.01961E-4 8.43135E-6 1.44805E-5 4.23239E-5 5.61934E-5 3.40852E-5 1.28522E-5 8.09327E-6 2.10435E-5 1.02574E-4 1.17169E-4 7.31531E-6 7.71856E-7 2.1253E-6 8.26554E-6 3.25494E-6 2.73357E-5 7.56806E-5 7.42548E-5 9.66908E-6 3.78237E-5 4.42667E-5 6.00341E-5 5.26524E-5 9.05182E-5 6.25671E-5 7.0373E-5 7.46527E-5 1.04147E-4 1.00512E-4 1.3237E-4 1.13734E-4 1.28554E-4 8.20779E-5 1.06061E-4 1.2749E-4 1.11195E-4 8.21988E-5 9.45543E-5 1.27236E-4 1.30009E-4 1.90237E-4 1.56587E-4 1.5297E-4 1.06685E-4 7.7097E-5 6.7426E-5 7.98723E-5 1.13555E-4 1.37854E-4 1.29471E-4 1.14454E-4 1.02852E-4 8.22364E-5 6.17968E-5 6.55429E-5 9.66711E-5 1.44536E-4 2.10743E-4 1.83238E-4 1.78337E-4 2.23753E-4 1.11098E-4 2.24607E-4 1.52183E-4
7.46152E-5 1.32105E-5 6.61967E-7 2.26727E-6 8.95771E-7 2.33036E-7 9.00474E-7 2.3906E-6 7.87011E-8 8.69156E-7 3.07131E-6 4.35747E-6 4.46493E-5 2.14862E-5 5.94167E-5 7.45908E-5 7.52378E-5 6.46244E-5 1.27655E-5 6.00166E-6 3.0005E-6 3.25698E-5 2.92173E-5 5.72581E-5 9.84371E-5 6.12726E-5 5.54221E-5 4.04845E-5 5.62722E-5 7.00969E-5 8.79775E-5 1.27778E-4 1.31306E-4 1.15464E-4 1.05372E-4 1.34842E-4 1.66821E-4 1.26101E-4 8.78589E-5 6.97675E-5 8.46269E-5 1.14909E-4 1.35886E-4 1.44549E-4 1.37718E-4 1.34182E-4 1.03202E-4 1.00379E-4 8.1049E-5 7.88048E-5 1.05025E-4 1.51213E-4 1.71792E-4 1.38587E-4 1.00014E-4 7.15619E-5 5.82942E-5 8.42913E-5 1.16172E-4 1.47416E-4 1.58313E-4 1.3632E-4 1.56789E-4 1.36064E-4 1.05737E-4 1.40591E-4
1.55354E-4 4.83327E-6 4.12373E-7 5.63443E-7 1.79735E-7 2.81019E-7 1.06796E-7 5.5041E-7 1.69001E-5 9.46124E-5 4.89348E-5 2.38932E-5 6.01764E-5 6.38747E-5 9.923E-5 1.05536E-4 9.61748E-5 8.70321E-5 3.50979E-5 5.27239E-5 2.33786E-5 4.21813E-5 5.99166E-5 5.3178E-5 5.87618E-5 6.23412E-6 2.18083E-6 4.14964E-5 6.01366E-5 7.60484E-5 1.03511E-4 1.30272E-4 1.15834E-4 1.18689E-4 8.81572E-5 9.73526E-5 1.11843E-4 1.00972E-4 9.84634E-5 7.9854E-5 7.00214E-5 8.40695E-5 1.23526E-4 1.80544E-4 1.52555E-4 1.63404E-4 1.56042E-4 1.45578E-4 1.0576E-4 7.50361E-5 1.12235E-4 1.73733E-4 2.09753E-4 1.51667E-4 1.05962E-4 8.38816E-5 8.86644E-5 8.4382E-5 8.43901E-5 9.8474E-5 1.03187E-4 9.42405E-5 1.2825E-4 1.85004E-4 2.29197E-4 4.65903E-5
2.896E-5 8.25666E-6 1.16084E-5 3.1746E-5 1.49453E-6 6.98496E-7 3.63922E-6 1.27702E-5 2.56755E-5 4.29841E-5 2.9026E-5 5.52879E-5 6.7523E-5 5.29166E-5 5.3358E-5 6.4703E-5 8.53195E-5 1.16929E-4 2.92296E-5 1.61318E-6 5.13693E-6 1.95403E-5 1.43383E-5 5.10684E-5 5.26438E-5 4.48636E-5 2.52375E-5 4.84956E-5 8.82816E-5 8.5545E-5 1.27618E-4 1.37739E-4 1.45881E-4 1.53134E-4 1.18808E-4 9.47645E-5 1.01806E-4 1.43031E-4 1.40209E-4 1.00295E-4 1.05068E-4 9.69059E-5 1.07277E-4 1.30635E-4 1.53447E-4 1.24129E-4 1.719E-4 1.52138E-4 1.09871E-4 7.57869E-5 9.64479E-5 1.27156E-4 1.39199E-4 1.32157E-4 1.10694E-4 1.22625E-4 1.34388E-4 1.20989E-4 9.27743E-5 7.19504E-5 6.64093E-5 9.08413E-5 1.37633E-4 2.1331E-4 3.11876E-4 2.26136E-4
4.391E-5 1.35445E-6 2.95534E-8 7.17074E-9 2.4348E-7 5.39599E-7 3.49029E-6 2.67256E-5 2.23656E-5 3.17856E-5 5.8449E-5 1.21119E-4 9.84526E-5 3.2097E-5 7.39879E-6 4.11742E-6 3.80621E-5 5.80268E-5 8.67388E-5 3.77676E-5 1.33946E-6 1.80707E-6 1.12231E-5 1.23874E-5 6.46201E-5 4.47893E-5 1.26561E-5 4.63143E-5 6.12197E-5 1.19205E-4 9.18968E-5 9.02968E-5 1.02396E-4 1.25564E-4 1.68544E-4 1.15391E-4 1.00228E-4 1.44987E-4 1.357E-4 1.17013E-4 1.58101E-4 1.27021E-4 1.21078E-4 1.8201E-4 1.738E-4 1.61139E-4 1.71688E-4 1.23322E-4 1.03145E-4 1.01045E-4 1.1839E-4 1.43822E-4 1.69859E-4 1.9104E-4 1.44801E-4 1.72613E-4 1.99737E-4 1.5882E-4 1.18527E-4 1.00469E-4 7.71115E-5 9.56413E-5 1.43479E-4 2.16158E-4 2.60345E-4 2.84838E-4
6.76451E-5 3.07863E-7 6.90733E-6 4.95695E-6 8.96943E-6 8.67589E-6 1.38907E-5 3.60831E-5 5.13932E-5 6.82331E-5 7.83573E-5 1.04898E-4 3.6706E-5 1.98928E-5 6.63587E-6 5.84146E-6 9.49647E-6 2.00753E-5 5.11279E-5 3.61616E-6 2.04917E-6 4.09717E-5 6.24598E-5 4.21359E-5 3.239E-5 3.76056E-5 6.53697E-5 6.39615E-5 6.02753E-5 8.40317E-5 7.35619E-5 1.23326E-4 1.27262E-4 1.12551E-4 1.31225E-4 1.04771E-4 7.96063E-5 9.54042E-5 9.40303E-5 1.1213E-4 1.44353E-4 1.21632E-4 1.50988E-4 1.38107E-4 1.17927E-4 1.53416E-4 1.56688E-4 1.1926E-4 1.56746E-4 1.51133E-4 1.43304E-4 2.13289E-4 1.77536E-4 1.85089E-4 1.41223E-4 1.82471E-4 2.16595E-4 1.81658E-4 1.75644E-4 1.28796E-4 9.86107E-5 9.66521E-5 1.42342E-4 2.07375E-4 2.40201E-4 1.99233E-4
6.82165E-5 3.85783E-5 4.92269E-5 7.65942E-6 6.713E-6 4.65827E-6 1.449E-5 2.44223E-5 2.40977E-5 6.05289E-5 8.27044E-5 8.3115E-5 7.98657E-5 1.3296E-5 1.68781E-5 2.25042E-5 4.5621E-5 3.74572E-5 4.06871E-5 8.82309E-5 7.56128E-5 4.76501E-5 5.46563E-5 2.55905E-5 5.20436E-5 6.83299E-5 1.02983E-4 9.2586E-5 6.92549E-5 6.09499E-5 8.67858E-5 1.34E-4 2.15736E-4 1.31075E-4 8.46528E-5 7.5514E-5 8.98792E-5 9.29479E-5 1.01503E-4 1.29059E-4 1.1779E-4 1.15415E-4 1.52035E-4 1.37123E-4 1.65901E-4 1.71876E-4 1.53974E-4 1.33473E-4 1.98191E-4 1.82278E-4 1.27007E-4 1.59817E-4 1.49437E-4 1.34111E-4 1.58266E-4 2.30556E-4 1.87758E-4 2.34432E-4 2.06736E-4 1.42653E-4 1.4595E-4 1.43656E-4 1.28205E-4 1.92342E-4 2.36987E-4 2.01016E-4
5.9594E-5 4.60756E-5 2.55475E-5 6.83524E-6 2.66487E-6 2.57309E-6 6.59726E-6 1.48867E-5 4.65145E-5 7.35188E-5 1.31848E-4 9.73617E-5 7.1619E-5 1.10356E-4 1.0735E-4 6.67009E-5 8.3803E-5 8.70514E-5 8.65341E-5 8.57404E-5 5.05907E-5 3.38115E-5 3.2048E-5 2.85696E-5 5.03631E-5 6.65177E-5 1.15123E-4 9.90139E-5 7.02529E-5 4.93E-5 7.31805E-5 1.08744E-4 1.27614E-4 8.69572E-5 1.03953E-4 1.11578E-4 1.36363E-4 1.45238E-4 1.23841E-4 1.80095E-4 1.55435E-4 1.6524E-4 1.73636E-4 1.60771E-4 1.86578E-4 1.71479E-4 1.79275E-4 1.62589E-4 1.64407E-4 1.39607E-4 1.06909E-4 1.20422E-4 1.75134E-4 2.01338E-4 1.49367E-4 1.81763E-4 1.62903E-4 1.61742E-4 1.5637E-4 1.05139E-4 2.1558E-4 2.04708E-4 1.4578E-4 1.98318E-4 2.67236E-4 2.15146E-4
8.637E-5 1.90011E-5 1.6661E-5 7.74756E-6 1.99445E-6 7.67913E-6 5.26958E-6 1.89226E-5 6.59521E-5 8.93384E-5 1.13026E-4 1.66785E-4 2.02961E-4 1.12104E-4 1.00389E-4 1.31874E-4 1.11076E-4 1.10304E-4 2.72988E-5 1.35998E-4 5.24488E-5 5.67986E-5 3.57181E-5 3.45676E-5 4.81716E-5 8.05515E-5 7.59925E-5 7.36372E-5 6.11384E-5 5.61643E-5 6.62197E-5 1.31224E-4 1.59705E-4 1.0064E-4 1.44239E-4 1.69063E-4 1.51915E-4 1.65538E-4 1.25297E-4 1.73227E-4 1.43087E-4 1.46746E-4 1.58232E-4 1.89099E-4 2.04191E-4 1.60716E-4 2.07615E-4 1.86249E-4 1.91207E-4 1.33581E-4 1.08288E-4 1.19594E-4 1.67336E-4 1.88561E-4 1.43667E-4 1.36941E-4 2.87342E-4 2.05022E-4 1.49358E-4 1.53049E-4 2.11406E-4 2.02259E-4 1.46768E-4 1.49416E-4 1.73389E-4 1.59861E-4
4.32519E-5 3.33111E-5 1.49292E-6 9.65425E-6 4.49626E-6 1.49705E-5 2.61458E-5 2.16406E-5 2.01339E-5 9.87739E-5 1.46296E-4 1.76349E-4 1.0458E-4 5.52102E-5 9.26368E-5 9.68853E-5 1.14264E-4 9.07115E-5 1.03462E-4 1.55588E-4 4.6416E-5 3.93175E-5 4.9363E-5 5.60578E-5 4.37957E-5 4.60446E-5 5.05211E-5 4.96699E-5 4.35665E-5 5.32107E-5 7.74793E-5 1.0891E-4 1.08229E-4 8.21014E-5 1.60178E-4 1.55615E-4 1.55135E-4 1.17761E-4 1.0052E-4 1.17184E-4 1.06997E-4 1.47716E-4 1.84885E-4 2.07975E-4 1.64536E-4 1.79658E-4 1.62127E-4 1.82929E-4 2.17945E-4 1.54382E-4 1.50407E-4 1.8784E-4 1.54513E-4 1.26671E-4 1.00665E-4 1.69151E-4 2.138E-4 2.00246E-4 1.47457E-4 1.20047E-4 1.40985E-4 1.41418E-4 1.17897E-4 1.2975E-4 1.6415E-4 2.21187E-4
3.48648E-6 1.02018E-4 1.56771E-5 4.12381E-5 6.00148E-6 3.01589E-5 8.15371E-6 6.93331E-5 1.376E-5 1.13193E-4 1.46567E-4 6.63661E-5 1.11021E-4 7.96818E-5 6.37789E-5 9.05509E-5 6.21519E-5 8.66088E-5 1.12879E-4 7.86292E-5 9.21971E-5 7.82828E-5 1.11244E-4 8.77641E-5 5.95876E-5 3.70707E-5 3.67637E-5 4.08892E-5 3.94789E-5 5.11049E-5 6.39808E-5 6.72227E-5 6.84501E-5 1.13988E-4 1.46958E-4 1.54417E-4 2.02524E-4 1.55138E-4 1.17706E-4 1.39307E-4 1.44468E-4 1.6891E-4 1.99664E-4 2.63415E-4 1.99985E-4 1.75802E-4 1.62103E-4 1.73868E-4 1.74216E-4 1.55287E-4 1.58476E-4 2.08462E-4 1.65468E-4 1.16902E-4 1.16581E-4 1.74513E-4 2.18692E-4 1.6942E-4 1.19194E-4 1.04661E-4 1.44995E-4 1.82322E-4 1.66955E-4 1.62097E-4 2.37753E-4 3.32493E-4
2.65397E-6 2.84919E-5 5.50677E-5 4.51786E-5 3.85597E-5 5.50313E-5 1.82314E-5 4.27134E-5 1.56528E-5 1.68825E-5 1.90605E-5 5.38395E-5 7.98231E-5 1.36191E-4 7.67976E-5 1.00696E-4 7.8044E-5 6.21311E-5 1.02016E-4 7.55546E-5 1.20226E-4 1.25985E-4 1.02713E-4 9.10992E-5 7.14587E-5 8.27689E-5 6.64327E-5 5.28824E-5 5.94361E-5 7.05974E-5 5.79803E-5 6.99698E-5 7.6409E-5 9.16129E-5 1.00198E-4 1.21174E-4 1.51649E-4 1.41141E-4 1.42227E-4 2.07857E-4 2.1129E-4 2.11495E-4 2.6158E-4 2.76352E-4 1.55902E-4 1.17988E-4 1.15166E-4 2.05877E-4 1.95528E-4 2.01428E-4 2.02905E-4 1.42554E-4 1.26978E-4 1.05956E-4 1.03707E-4 1.3964E-4 1.454E-4 1.2845E-4 1.04975E-4 1.36862E-4 1.74852E-4 2.63543E-4 2.06485E-4 1.69172E-4 2.23951E-4 2.32149E-4
2.19163E-5 2.21135E-5 4.13295E-5 1.46039E-4 5.25222E-5 1.30626E-5 1.90109E-5 1.48196E-5 2.8701E-5 7.12199E-5 2.66745E-5 4.33758E-5 1.0217E-4 6.1027E-5 4.47796E-5 6.46049E-5 4.79835E-5 7.1123E-5 4.21774E-5 7.94728E-5 1.22072E-4 1.30656E-4 9.57572E-5 6.48045E-5 6.31062E-5 7.28182E-5 4.8962E-5 8.46971E-5 1.00094E-4 3.57677E-5 6.79319E-5 1.02459E-4 1.13381E-4 9.55661E-5 1.08956E-4 1.0244E-4 9.92839E-5 9.98196E-5 1.23585E-4 1.50311E-4 1.78499E-4 2.09039E-4 1.9306E-4 3.12851E-4 1.56295E-4 1.50435E-4 1.23799E-4 1.3235E-4 1.43221E-4 -9999 1.5068E-4 1.20099E-4 8.78401E-5 7.34649E-5 7.1261E-5 8.80264E-5 9.59878E-5 8.87397E-5 1.29133E-4 1.87419E-4 2.01059E-4 1.88084E-4 2.69764E-4 2.12081E-4 1.52176E-4 1.57047E-4
2.00693E-5 7.07519E-6 2.54085E-5 3.34831E-5 1.94288E-5 6.29665E-6 2.24904E-5 5.0749E-5 1.35301E-5 1.13046E-4 1.80008E-4 8.01397E-5 6.87639E-5 6.76881E-5 1.87722E-5 2.73929E-5 4.31811E-5 2.31511E-5 6.22096E-5 7.63304E-5 1.37488E-4 9.50744E-5 1.42617E-4 4.96619E-5 3.64319E-5 5.82952E-5 5.7573E-5 7.69947E-5 1.23028E-4 5.83965E-5 8.12709E-5 1.5159E-4 1.37218E-4 1.18237E-4 1.61348E-4 1.35802E-4 9.76528E-5 1.11395E-4 -9999 1.28242E-4 1.6349E-4 2.01803E-4 1.93543E-4 1.52108E-4 1.77296E-4 2.04078E-4 1.46295E-4 1.48027E-4 1.18548E-4 -9999 1.01145E-4 8.62288E-5 -9999 5.16468E-5 5.12971E-5 -9999 7.65063E-5 1.21359E-4 1.33432E-4 1.63368E-4 1.71939E-4 1.67816E-4 1.92654E-4 1.77638E-4 1.34873E-4 1.0332E-4
8.75416E-6 2.21666E-5 3.35166E-5 3.89148E-5 1.53994E-5 2.12039E-5 8.64105E-6 1.13403E-5 1.07009E-4 1.79809E-4 8.3268E-5 1.14095E-4 1.08007E-4 8.92943E-5 5.06604E-5 5.78582E-5 4.48875E-5 3.44141E-5 9.19714E-5 8.86251E-5 3.17767E-4 1.03472E-4 6.56828E-5 4.59016E-5 5.57232E-5 2.10259E-5 4.30987E-5 7.15148E-5 8.25203E-5 5.06054E-5 1.12661E-4 1.21103E-4 1.31645E-4 1.1243E-4 1.51752E-4 1.32703E-4 9.53689E-5 1.36039E-4 -9999 1.70641E-4 1.2456E-4 1.81457E-4 1.97287E-4 1.83075E-4 1.8887E-4 1.91756E-4 1.95737E-4 1.70936E-4 1.329E-4 1.09386E-4 -9999 6.28658E-5 5.11322E-5 4.54256E-5 3.74842E-5 5.67412E-5 8.33738E-5 -9999 1.91177E-4 2.72421E-4 -9999 2.40222E-4 1.87433E-4 -9999 1.02601E-4 7.83089E-5
1.39838E-5 1.47121E-5 4.76155E-5 4.16219E-5 7.10239E-5 3.67435E-5 6.11895E-5 8.05705E-5 3.25438E-4 2.0142E-4 9.0605E-5 2.47069E-5 2.18163E-5 9.59858E-6 1.36763E-5 5.83396E-5 4.18554E-5 6.83186E-5 1.08877E-4 1.1306E-4 1.08451E-4 9.86552E-5 8.44074E-5 1.76864E-5 4.41064E-5 3.91749E-5 4.39653E-5 5.21259E-5 5.0468E-5 7.03757E-5 8.83389E-5 8.77313E-5 9.32639E-5 8.45352E-5 9.86506E-5 9.45743E-5 8.24735E-5 1.22119E-4 1.60058E-4 -9999 1.56004E-4 1.97886E-4 1.57085E-4 1.56219E-4 2.23663E-4 1.70469E-4 1.5251E-4 1.51233E-4 1.81638E-4 -9999 9.67868E-5 7.66366E-5 5.3626E-5 4.16024E-5 3.62041E-5 5.42747E-5 7.97464E-5 1.19989E-4 1.70348E-4 1.98083E-4 1.99876E-4 2.09244E-4 1.75716E-4 1.26587E-4 8.90331E-5 6.22803E-5
1.74613E-5 3.52312E-5 5.72296E-5 5.54251E-5 7.88431E-6 4.1634E-5 9.00801E-5 9.93305E-5 3.36817E-4 2.3087E-4 1.49894E-4 1.20292E-4 2.51622E-5 1.15491E-5 3.25565E-5 9.8652E-6 3.00333E-5 1.97927E-5 6.67339E-5 5.1972E-5 5.70589E-5 6.5853E-5 2.50667E-5 1.41915E-5 2.0468E-5 1.03311E-5 6.8412E-6 3.42824E-5 5.23999E-5 4.67243E-5 6.2481E-5 6.25991E-5 6.49216E-5 6.04183E-5 6.57314E-5 6.5422E-5 6.78057E-5 1.04032E-4 1.51339E-4 1.81687E-4 2.01882E-4 -9999 1.49666E-4 1.61782E-4 1.84113E-4 1.37019E-4 9.5123E-5 1.60815E-4 2.23573E-4 1.72063E-4 1.20001E-4 8.20641E-5 5.56755E-5 -9999 3.25349E-5 4.66822E-5 6.71591E-5 9.32748E-5 1.21465E-4 1.3046E-4 1.29007E-4 1.36669E-4 -9999 1.01033E-4 7.61499E-5 5.45627E-5
2.51072E-5 3.26676E-5 1.63837E-5 1.56824E-5 7.35536E-6 6.07585E-5 2.11989E-5 7.28964E-5 3.86563E-4 1.78578E-4 1.12778E-4 4.46217E-5 2.35277E-5 2.41198E-5 2.84522E-5 1.43207E-5 4.30401E-5 2.4899E-5 8.02926E-5 6.49519E-5 4.15858E-4 1.91735E-4 6.28102E-5 1.67004E-5 1.22135E-5 9.853E-6 9.13295E-6 2.83963E-5 3.80196E-5 6.47217E-5 5.64012E-5 5.36415E-5 6.6295E-5 8.78201E-5 9.75593E-5 8.86401E-5 7.02717E-5 8.2415E-5 1.15095E-4 -9999 2.06406E-4 -9999 1.77315E-4 2.01269E-4 1.38173E-4 1.10318E-4 9.46996E-5 1.1351E-4 1.52442E-4 1.38938E-4 1.02985E-4 7.32583E-5 5.20431E-5 3.64998E-5 -9999 3.81882E-5 -9999 6.62366E-5 -9999 8.59035E-5 -9999 8.94634E-5 8.59409E-5 7.47107E-5 5.89864E-5 4.51845E-5
1.04349E-5 3.58299E-5 1.96593E-5 3.17832E-5 1.84509E-5 1.30182E-5 1.23195E-5 3.69939E-5 1.27303E-4 1.94204E-4 1.57519E-4 1.06527E-4 2.05966E-5 8.69577E-6 2.96442E-5 5.72896E-6 8.62078E-6 4.72109E-6 3.05399E-5 3.14677E-4 2.9887E-4 2.60792E-4 3.11028E-4 9.33757E-5 1.78494E-5 1.77672E-5 2.63888E-5 3.78246E-5 4.90856E-5 6.87086E-5 8.06774E-5 8.52778E-5 8.97815E-5 1.30127E-4 1.56781E-4 1.24282E-4 8.9985E-5 9.2725E-5 7.89588E-5 1.13511E-4 -9999 1.47735E-4 1.48456E-4 1.5799E-4 1.26648E-4 9.04021E-5 -9999 9.00477E-5 1.02632E-4 8.39673E-5 6.89136E-5 -9999 4.38535E-5 2.78944E-5 -9999 2.91966E-5 -9999 4.61199E-5 -9999 5.76958E-5 6.74156E-5 5.35959E-5 -9999 5.27515E-5 4.33579E-5 3.62605E-5
4.60696E-5 1.13787E-4 4.90335E-5 2.43074E-5 5.33376E-6 5.37941E-6 2.67688E-5 5.34529E-5 8.60133E-5 1.6101E-4 1.0642E-4 4.15866E-5 4.73677E-6 5.77982E-6 4.23494E-6 2.43966E-6 1.02213E-5 7.62113E-6 1.0836E-4 3.54018E-4 1.52645E-4 1.71254E-4 6.04363E-5 9.04313E-5 2.92101E-5 3.98951E-5 3.61388E-5 4.82351E-5 7.09598E-5 1.01145E-4 1.37507E-4 1.28914E-4 1.00398E-4 1.47454E-4 1.8933E-4 1.36685E-4 1.36387E-4 1.27863E-4 1.00068E-4 -9999 -9999 9.28681E-5 1.03804E-4 1.09652E-4 9.4414E-5 7.55748E-5 5.58418E-5 -9999 6.8164E-5 6.48533E-5 5.59239E-5 -9999 -9999 -9999 2.1636E-5 2.1524E-5 -9999 -9999 3.58486E-5 3.71994E-5 -9999 -9999 -9999 -9999 3.09693E-5 -9999
3.39676E-5 2.43837E-5 1.55237E-5 6.34319E-6 1.05124E-5 1.06519E-5 9.55673E-6 6.17719E-5 3.80345E-5 7.16259E-5 4.09758E-5 5.11766E-5 1.80294E-5 2.76577E-5 1.60905E-5 9.54102E-6 1.12503E-5 7.35747E-6 1.0131E-4 2.87919E-4 3.56957E-4 1.62419E-4 1.06038E-4 4.6585E-5 3.73238E-5 5.11882E-5 6.46618E-5 7.48802E-5 7.84938E-5 1.28101E-4 1.48166E-4 1.58468E-4 1.11455E-4 1.14506E-4 1.27817E-4 1.37865E-4 2.03804E-4 1.69992E-4 -9999 -9999 6.35277E-5 -9999 7.08381E-5 7.30315E-5 -9999 5.73461E-5 -9999 -9999 4.52495E-5 4.37475E-5 -9999 -9999 -9999 -9999 1.55156E-5 1.55509E-5 -9999 -9999 -9999 -9999 -9999 -9999 -9999 -9999 -9999 -9999
4.08756E-5 3.97778E-5 1.48921E-5 3.00038E-5 1.77413E-5 3.83058E-6 2.07076E-5 3.04979E-5 5.00517E-5 3.02913E-5 8.16141E-6 7.84681E-5 6.40561E-5 5.35471E-5 1.26171E-5 5.77645E-5 1.46945E-6 3.66639E-6 2.93699E-5 2.37156E-4 4.33733E-4 1.4308E-4 1.26226E-4 4.3566E-5 5.35043E-5 7.05615E-5 9.25191E-5 9.79364E-5 7.3549E-5 9.56727E-5 1.21085E-4 1.22085E-4 1.09452E-4 1.5422E-4 1.6788E-4 1.27912E-4 1.53E-4 -9999 -9999 -9999 5.17352E-5 3.76357E-5 4.74573E-5 4.85061E-5 -9999 4.07057E-5 2.91776E-5 -9999 -9999 -9999 2.67685E-5 -9999 -9999 -9999 -9999 -9999 -9999 -9999 -9999 -9999 -9999 -9999 -9999 -9999 -9999 -9999
3.75028E-5 1.98367E-5 1.31596E-4 2.79922E-4 3.67522E-5 1.37135E-5 2.5572E-5 2.08609E-5 5.58723E-5 3.08916E-5 4.81041E-5 6.14183E-5 1.63121E-4 4.72825E-5 3.9101E-5 1.80902E-5 5.41315E-6 1.16764E-5 1.19895E-5 5.86289E-5 2.10819E-4 1.39554E-4 6.5616E-5 6.02941E-5 7.9821E-5 9.73405E-5 1.32876E-4 1.32896E-4 1.10078E-4 8.48655E-5 8.27298E-5 8.35936E-5 1.21662E-4 1.79411E-4 -9999 -9999 -9999 -9999 -9999 -9999 -9999 -9999 -9999 -9999 -9999 2.82668E-5 -9999 -9999 -9999 -9999 -9999 -9999 -9999 -9999 -9999 -9999 -9999 -9999 -9999 -9999 -9999 -9999 -9999 -9999 -9999 -9999
