catData/rasterBestHybridModels/Pbengalensis/RDbal_RM1_L/Pbengalensis_max.asc
ncols         409
nrows         350
xllcorner     60.897278365
yllcorner     5.843756025
cellsize      0.0892857
NODATA_value  -9999
[rows 203 to 231 of 350, columns 132 to 197 of 409]
-9999 -9999 -9999 2.29446E-5 3.05356E-5 1.64435E-5 4.53659E-5 6.48531E-5 1.00362E-4 6.22814E-5 5.76683E-6 9.7105E-6 5.12756E-6 8.00478E-6 1.01503E-5 1.92754E-5 1.14675E-5 1.91801E-5 2.32739E-5 1.44767E-5 1.1631E-5 3.74883E-5 9.10014E-6 5.19759E-6 2.07785E-6 6.60129E-6 5.09143E-6 1.31221E-5 3.52737E-5 1.36945E-5 1.40117E-5 9.31726E-6 7.40186E-6 5.00585E-6 9.02115E-6 5.07212E-6 5.34785E-7 7.73088E-7 5.23437E-6 1.08297E-6 2.03775E-6 3.81892E-6 1.82775E-5 1.487E-7 1.18823E-6 1.93253E-6 1.81302E-6 3.21749E-6 2.64709E-6 5.09989E-7 2.10027E-6 4.2201E-6 7.78127E-7 7.62607E-7 1.767E-6 1.09096E-5 2.19733E-6 9.24287E-8 4.45995E-7 9.97998E-6 2.43042E-5 3.54551E-7 4.34458E-5 3.12629E-5 1.95415E-5 1.55771E-5
-9999 -9999 2.30114E-4 2.44458E-5 1.20886E-5 4.67054E-5 6.53486E-5 4.88128E-5 1.66295E-4 1.08146E-5 1.17858E-5 1.42373E-6 5.71713E-6 1.22648E-5 2.60162E-5 1.03372E-5 4.09127E-6 2.89033E-5 3.19165E-5 3.27061E-5 2.53466E-5 4.5649E-5 2.29346E-5 1.68395E-5 1.42627E-5 5.57551E-6 6.23692E-6 1.48307E-5 4.4125E-5 2.7943E-5 3.11461E-5 1.05944E-5 5.04163E-6 5.56438E-6 6.08608E-6 9.05892E-6 1.08315E-6 1.45575E-7 1.28774E-6 6.19889E-7 1.9305E-6 3.30003E-6 9.72833E-6 1.55669E-5 8.96181E-7 2.61063E-7 5.40616E-6 4.50595E-6 1.52635E-6 2.79857E-7 3.34878E-6 2.01178E-5 1.38354E-5 7.2948E-7 4.61826E-6 2.46426E-6 3.9849E-7 5.8967E-8 5.86078E-6 2.59267E-6 3.83998E-5 3.78963E-6 4.51235E-6 1.01929E-6 9.71713E-6 3.50426E-6
-9999 -9999 5.94938E-5 2.52004E-7 1.29378E-5 1.64672E-5 2.34999E-5 4.2207E-5 2.64381E-5 2.10437E-5 3.10908E-5 4.68781E-5 1.96553E-5 9.88068E-6 1.56988E-5 2.22556E-5 1.03205E-5 4.23741E-6 9.22841E-6 3.37715E-5 4.63805E-5 4.28336E-5 3.75826E-5 2.68168E-5 2.59227E-5 2.11558E-5 1.32459E-6 2.70386E-6 5.49733E-5 3.34201E-5 8.70787E-6 5.02164E-6 8.22414E-6 6.93846E-6 1.63057E-6 1.02615E-5 3.28446E-5 8.48398E-6 1.23788E-6 1.21788E-6 2.33752E-6 1.27995E-6 3.02642E-6 2.64674E-6 1.07845E-7 1.15958E-6 1.09726E-6 2.24871E-5 8.69125E-6 4.76076E-6 1.45222E-5 2.63326E-5 4.8536E-6 7.3913E-6 8.92099E-6 9.32914E-7 1.40746E-7 1.55074E-7 2.26487E-6 2.93209E-5 5.06996E-5 4.75643E-6 1.2254E-6 1.47025E-6 4.12748E-6 1.47586E-5
-9999 -9999 1.15211E-4 2.73157E-5 1.11617E-5 1.69346E-5 1.40408E-5 8.0476E-5 1.72287E-4 6.33642E-6 5.7275E-5 1.42759E-5 2.24986E-4 3.8363E-5 4.93936E-5 1.73472E-5 6.836E-6 1.07334E-5 4.82796E-6 7.8483E-6 2.21907E-5 4.23355E-5 5.19623E-5 9.38243E-6 1.76849E-5 2.67283E-5 6.68693E-5 7.47112E-6 2.49987E-5 2.8117E-5 1.586E-5 2.78834E-6 2.51834E-6 2.67704E-6 1.05307E-6 1.29769E-6 1.00613E-6 1.00038E-6 3.76131E-7 1.71909E-7 2.39858E-7 2.79706E-6 3.11071E-7 4.42163E-6 4.07161E-6 1.28356E-6 9.05213E-7 4.18914E-6 3.84852E-6 8.09616E-7 1.72711E-6 1.6327E-5 3.81364E-6 5.40717E-6 1.49461E-6 2.53541E-5 2.85158E-6 2.05648E-5 8.69595E-5 6.24383E-5 4.26343E-5 7.18078E-5 2.24547E-6 8.49561E-6 1.92912E-5 1.65874E-5
-9999 -9999 2.21735E-4 1.71125E-5 4.42364E-5 7.66663E-6 8.75138E-5 5.65426E-5 1.26196E-4 1.05038E-5 1.85976E-6 1.36076E-5 8.44688E-5 2.68688E-4 5.28813E-5 3.69859E-5 2.39298E-5 2.37573E-5 1.40873E-5 5.22135E-5 2.35881E-5 3.26355E-5 4.75672E-6 9.88338E-6 1.28769E-5 2.00225E-5 2.04784E-5 4.18001E-5 5.10889E-6 8.14491E-6 1.30679E-5 3.36313E-5 3.57665E-5 1.54717E-5 1.44011E-5 1.49626E-6 2.34417E-7 3.29219E-7 4.45234E-6 2.3454E-6 3.3053E-6 2.60434E-5 3.72839E-6 1.86263E-6 2.08945E-6 1.23469E-6 2.28406E-6 3.8221E-6 5.89366E-6 1.07752E-7 6.03449E-6 1.10047E-5 4.11554E-6 8.39565E-7 1.49967E-6 7.00674E-7 1.27357E-5 5.16456E-5 4.92268E-5 5.10635E-5 6.08206E-5 4.62827E-5 7.10829E-6 8.37647E-6 2.2614E-5 1.61477E-5
-9999 -9999 2.01801E-4 1.24206E-4 2.07769E-4 1.00683E-4 9.26991E-6 1.36453E-5 1.38995E-4 1.2331E-4 8.32249E-6 3.95896E-5 3.96916E-5 2.4332E-5 1.78815E-5 3.70078E-5 1.80907E-5 2.40299E-5 9.1857E-6 4.08914E-5 1.17479E-4 1.99908E-5 5.41581E-6 2.17015E-5 1.43338E-5 2.44777E-5 1.58137E-5 4.30485E-5 8.43952E-6 6.14301E-6 2.37434E-5 1.77274E-5 4.47218E-5 2.52392E-5 4.57082E-6 2.78057E-6 1.12351E-6 9.31599E-7 2.61815E-6 5.24623E-7 7.1886E-7 1.20281E-6 1.89251E-5 4.90871E-5 1.16146E-5 6.72997E-6 1.04248E-6 1.72336E-6 1.04423E-6 1.01018E-5 6.22372E-6 1.08381E-6 2.15293E-7 1.04973E-6 1.12024E-7 4.47158E-7 2.25342E-6 4.5496E-5 2.80072E-5 1.24825E-5 7.97401E-6 6.04464E-6 3.38358E-5 3.39574E-5 1.54819E-5 1.24145E-5
-9999 -9999 1.66787E-4 1.24619E-4 2.44592E-5 1.60661E-4 3.96681E-5 4.16422E-5 1.09016E-4 1.09938E-4 1.60524E-5 5.03697E-5 4.29888E-6 2.54296E-6 4.57821E-5 6.16207E-5 2.6332E-5 1.8219E-5 1.67522E-5 7.9247E-6 8.78616E-6 2.00257E-6 3.12994E-6 3.57919E-5 1.49622E-5 3.4206E-5 7.44314E-6 1.05621E-5 1.14653E-5 5.08016E-6 3.68958E-6 1.87503E-5 1.50434E-5 2.904E-5 1.68567E-5 5.88863E-6 1.33205E-6 1.17325E-6 7.09696E-6 1.76993E-6 9.39118E-7 3.20752E-7 6.69157E-7 1.33707E-5 3.52987E-5 9.52198E-6 2.85499E-6 5.09088E-7 2.1467E-6 5.93832E-6 3.32646E-5 7.45093E-6 2.29456E-6 5.11352E-6 1.9033E-7 1.66622E-7 7.50846E-7 1.44053E-5 8.84176E-5 4.68884E-5 4.72848E-6 1.28448E-6 1.07932E-5 1.25626E-5 4.74602E-6 3.49131E-5
-9999 -9999 -9999 2.41448E-4 7.15281E-5 1.60077E-5 5.84067E-5 3.52176E-5 6.58706E-5 2.31003E-5 4.41841E-6 1.06645E-5 1.95434E-6 3.20794E-6 1.39334E-5 5.05609E-5 7.64663E-5 1.37185E-5 4.11451E-5 2.23413E-5 5.01992E-5 1.53696E-5 4.07027E-5 4.94753E-5 2.13805E-5 8.88146E-6 1.16923E-5 7.41837E-6 1.60948E-5 9.38117E-6 4.02298E-6 5.66308E-6 3.08164E-6 1.74546E-5 2.85774E-5 3.23086E-5 1.50583E-5 1.10116E-5 7.82249E-6 1.38656E-6 1.20962E-6 2.08582E-6 8.02441E-6 3.99064E-6 6.61814E-6 1.80789E-6 7.15529E-6 3.68542E-6 2.17996E-6 6.09093E-6 8.03854E-7 3.15643E-6 3.60161E-7 2.48757E-6 2.59726E-6 4.1343E-6 1.47027E-6 4.79738E-7 6.29973E-5 5.44137E-5 3.32786E-5 6.75588E-6 1.38203E-6 8.57402E-6 1.22019E-6 2.0822E-6
-9999 -9999 -9999 -9999 6.97031E-5 2.00069E-5 1.10302E-4 3.2725E-5 2.93074E-5 4.21975E-5 6.58699E-6 5.34423E-5 3.03714E-5 7.3826E-7 2.32679E-5 2.85062E-5 2.32412E-5 5.74575E-6 2.80002E-5 2.11725E-5 4.95039E-5 1.44512E-5 8.11851E-6 1.62652E-5 2.64808E-5 1.9906E-5 3.87523E-5 1.2291E-5 1.1669E-6 3.38753E-6 7.34743E-6 5.52971E-6 3.81915E-5 2.29492E-5 4.77817E-6 5.96985E-6 1.65673E-5 1.79103E-5 7.63659E-6 2.92732E-6 2.2563E-6 5.69396E-7 4.76848E-6 2.98666E-6 1.64647E-6 1.49391E-6 1.02348E-5 3.68588E-6 4.73536E-7 5.86784E-7 8.58437E-7 8.27002E-8 6.21927E-6 4.35888E-6 4.00232E-5 1.74688E-6 2.28692E-6 5.12754E-6 2.03635E-5 2.4221E-5 1.76448E-5 3.15642E-5 1.04727E-5 1.954E-5 4.69675E-6 1.17406E-6
-9999 -9999 -9999 1.64582E-4 9.77006E-5 1.3629E-4 9.57586E-5 5.1853E-5 3.45733E-6 9.97207E-5 7.83295E-5 2.85023E-5 8.94472E-7 2.82327E-6 3.07847E-5 3.33171E-5 1.00757E-5 2.83195E-5 2.90843E-5 1.99221E-5 4.99911E-5 5.07316E-5 3.55197E-5 3.53976E-5 1.2457E-5 7.39345E-6 1.02054E-5 4.26994E-5 2.41809E-6 9.47512E-6 5.54121E-5 1.09878E-5 1.7843E-6 6.56796E-6 3.50704E-6 1.39693E-5 2.89416E-6 1.20192E-5 5.97552E-6 1.8E-7 3.3744E-7 3.12588E-6 1.82548E-6 1.10965E-6 5.06477E-6 7.16505E-7 3.98656E-6 2.08845E-6 6.69327E-7 3.06323E-7 4.70452E-6 1.04309E-6 2.21728E-7 2.19122E-6 2.18774E-5 2.54741E-6 1.62378E-7 1.3676E-7 1.88625E-6 2.5643E-5 1.65221E-5 9.64482E-6 1.70675E-5 1.51595E-5 1.03954E-6 1.84377E-6
-9999 -9999 -9999 -9999 1.54184E-4 1.23914E-4 1.19121E-5 2.71755E-5 3.10757E-5 6.59331E-6 7.10008E-5 7.9131E-5 7.47841E-7 1.64062E-6 8.71533E-6 2.09186E-5 8.99312E-6 5.13711E-6 2.455E-5 4.3095E-5 6.85741E-5 6.71725E-5 4.99751E-5 9.7124E-6 1.28791E-5 3.071E-6 1.20329E-5 9.68794E-6 4.41798E-6 1.81308E-5 2.2509E-5 5.82974E-6 1.39955E-6 1.41829E-5 6.40414E-7 1.07053E-5 2.65872E-5 3.30557E-5 2.6016E-5 1.06621E-5 1.08319E-6 4.0136E-6 5.77823E-6 9.55332E-7 2.84356E-6 8.76259E-6 9.51327E-6 7.0169E-6 9.69985E-7 9.03558E-7 4.85171E-7 1.0266E-5 1.112E-6 6.551E-7 1.16402E-6 8.29968E-6 4.24783E-6 4.88236E-8 1.61015E-7 1.24473E-6 1.99767E-7 1.52309E-5 4.89857E-6 3.7449E-6 1.91302E-5 2.38476E-6
-9999 -9999 -9999 -9999 1.47428E-4 1.09099E-4 1.37461E-5 4.5024E-6 5.85925E-6 4.17931E-5 2.40923E-4 1.46978E-4 3.03365E-5 1.34093E-5 5.88892E-6 2.04329E-5 2.02307E-5 2.5303E-5 3.25887E-5 1.49766E-5 1.66126E-5 4.67666E-6 1.35062E-5 2.03257E-6 1.86418E-6 1.74348E-6 4.58266E-6 1.52018E-5 5.3388E-6 1.43587E-6 6.92914E-7 3.3688E-6 2.45255E-6 4.28566E-7 8.85989E-6 1.4522E-5 1.67381E-5 5.4248E-5 1.32191E-5 2.29823E-5 1.62877E-5 5.64447E-6 1.43715E-6 1.91318E-6 1.31447E-6 2.48181E-6 1.22034E-6 9.69352E-7 6.39315E-6 1.40064E-6 1.7154E-7 7.5496E-6 8.05071E-7 4.6464E-6 1.12225E-6 1.17732E-5 6.65227E-6 6.53558E-7 1.68457E-7 1.44335E-7 8.19547E-7 1.0526E-5 4.3658E-6 3.97578E-7 1.91125E-6 1.60689E-6
-9999 -9999 -9999 -9999 3.07915E-4 2.35718E-4 4.23882E-6 3.2642E-6 9.79284E-6 3.27827E-4 3.46411E-4 1.41797E-4 1.01631E-5 1.45691E-5 2.9045E-5 2.5279E-6 7.70667E-6 1.44895E-5 3.09448E-5 1.44206E-5 5.40418E-6 3.11531E-7 1.16407E-6 4.74137E-6 8.43957E-6 4.49149E-6 6.25958E-6 1.83233E-5 2.45158E-6 2.52967E-6 5.11632E-6 4.08639E-6 1.53812E-5 1.06896E-6 1.17332E-5 4.31797E-6 9.58636E-6 1.99789E-5 1.60687E-5 5.35675E-5 2.79447E-5 3.1032E-6 7.05254E-7 5.97872E-6 1.53578E-5 8.4134E-7 7.21797E-7 3.47653E-6 1.97709E-6 1.04728E-6 2.96895E-6 9.56405E-6 3.28437E-6 2.6399E-6 2.17236E-7 3.15275E-7 1.17702E-6 4.39098E-6 4.15244E-7 4.18071E-7 1.15191E-6 8.9631E-6 1.53808E-5 1.24882E-5 6.11459E-8 6.74088E-8
-9999 -9999 -9999 -9999 3.07029E-4 3.21309E-4 1.79818E-5 1.75255E-6 1.10868E-5 1.08396E-4 2.46961E-4 8.78662E-5 1.17258E-5 1.36701E-5 3.95468E-5 1.99677E-5 1.24335E-5 1.37836E-5 1.34856E-5 8.62297E-6 1.45304E-5 7.52871E-6 2.48753E-5 1.26973E-5 2.01117E-5 7.1832E-6 2.28713E-6 5.73073E-6 1.00986E-5 1.20275E-5 7.38072E-6 2.57879E-5 9.96418E-6 3.02982E-6 6.40675E-6 2.15312E-5 4.17481E-6 1.47507E-5 7.97756E-6 2.94343E-5 5.83225E-6 1.3467E-5 3.30941E-5 2.12945E-5 4.68876E-6 5.44821E-7 5.11339E-7 3.84205E-7 2.19738E-7 8.56687E-6 6.25779E-6 1.96813E-6 7.46952E-6 3.89225E-6 5.21807E-6 1.69038E-6 1.52713E-6 1.29381E-6 2.36379E-5 4.34765E-7 8.34513E-7 1.48771E-5 3.22794E-6 1.91512E-5 1.07745E-6 5.57751E-8
-9999 -9999 -9999 -9999 -9999 1.62673E-4 2.88608E-5 3.53413E-6 4.32696E-6 7.73671E-6 2.94878E-4 1.54571E-4 1.91828E-4 6.36701E-6 4.8363E-6 6.01894E-6 2.55536E-5 4.67898E-6 1.01047E-5 1.79933E-5 7.52755E-6 5.67735E-6 7.61983E-5 1.046E-4 7.73055E-5 2.16399E-5 4.27218E-6 1.43188E-5 1.86008E-5 2.78559E-5 1.26456E-5 3.58557E-5 8.21003E-6 4.68545E-6 1.22845E-5 1.61759E-5 1.14022E-4 8.87532E-6 5.07417E-6 2.4454E-7 2.53367E-6 3.19589E-6 4.12082E-7 2.45539E-6 6.9289E-6 1.14101E-6 7.40542E-7 5.12823E-7 7.50877E-7 3.32969E-6 4.26739E-6 2.94743E-6 9.27004E-7 1.1815E-5 3.92783E-6 9.19905E-6 1.07343E-6 3.89678E-6 6.46527E-7 2.51941E-6 3.71602E-6 5.52813E-7 1.58304E-6 4.08104E-6 4.83867E-8 5.33434E-7
-9999 -9999 -9999 -9999 -9999 1.44776E-4 5.25328E-5 4.91505E-5 1.09391E-4 2.91449E-5 1.64023E-5 1.97501E-4 1.34535E-4 6.93364E-5 1.21437E-5 5.10565E-6 6.79352E-5 1.08382E-5 1.81567E-5 6.3804E-6 9.61309E-6 2.93654E-5 4.23773E-5 5.25663E-5 3.09355E-5 3.10244E-5 1.07454E-5 6.13933E-6 8.68279E-6 8.32134E-7 1.56088E-5 5.48464E-6 3.19021E-6 1.04674E-5 1.9279E-5 1.93775E-5 1.53055E-5 1.46542E-6 8.59524E-6 3.05998E-7 1.76038E-6 1.41899E-5 3.67786E-6 1.86574E-6 3.49888E-5 3.07433E-7 1.95106E-7 1.29076E-7 7.05478E-7 3.14625E-7 1.80004E-6 4.56374E-7 1.39957E-5 7.45417E-6 2.00095E-5 3.93999E-6 1.26033E-5 5.65912E-7 1.28199E-6 6.89043E-6 1.11683E-5 2.9861E-5 1.63158E-6 7.01034E-6 4.85799E-6 1.27487E-7
-9999 -9999 -9999 -9999 -9999 3.36842E-4 7.38502E-5 9.70609E-5 1.21993E-5 1.40484E-5 3.44152E-5 3.62796E-4 1.64334E-4 2.09182E-5 3.33653E-6 2.82696E-5 1.01672E-5 5.53113E-6 1.37362E-5 5.79268E-6 1.56862E-5 1.34086E-5 2.97614E-5 4.27385E-5 3.38656E-5 2.77528E-5 2.77961E-5 2.98032E-5 1.49621E-5 2.03721E-5 1.86726E-5 2.21488E-6 4.71434E-6 3.02833E-6 2.58234E-5 3.85197E-6 2.37844E-6 1.39422E-6 6.69647E-7 2.54166E-6 1.98472E-6 5.88884E-6 6.1883E-6 5.09743E-7 9.69107E-7 2.93396E-6 7.768E-6 2.67573E-6 7.55435E-6 4.83434E-7 5.58791E-8 1.13484E-6 1.63534E-5 1.45579E-6 9.83213E-6 5.79994E-6 6.70102E-7 9.54188E-7 4.3242E-7 8.12084E-7 4.75003E-6 3.09188E-6 2.7699E-6 6.73559E-5 1.82892E-4 1.16864E-5
-9999 -9999 -9999 -9999 -9999 -9999 1.59793E-5 1.09029E-4 5.92845E-5 5.16936E-5 2.96267E-4 3.21584E-4 1.76497E-4 5.27909E-6 9.80522E-5 5.80827E-5 1.24188E-5 7.44539E-6 3.49893E-6 1.38488E-5 2.40702E-5 4.40582E-5 2.49912E-5 3.81642E-5 2.97618E-5 2.66685E-5 2.7133E-5 3.86263E-5 5.72381E-6 4.82713E-5 3.53468E-5 2.51361E-6 1.31024E-5 2.01547E-6 1.76529E-6 6.60577E-6 1.42724E-6 2.26863E-6 4.90321E-7 2.99742E-6 3.09923E-6 3.06069E-6 2.05951E-6 1.69959E-6 4.31911E-7 9.29727E-7 3.47497E-6 1.5946E-6 4.48887E-6 6.57425E-6 1.13615E-6 5.76625E-7 5.13992E-6 3.93497E-6 8.79964E-6 1.51409E-6 1.43163E-6 4.90287E-7 4.00081E-7 1.52756E-6 3.42035E-6 4.66755E-6 5.1383E-6 3.84314E-5 1.95429E-4 1.81113E-4
-9999 -9999 -9999 -9999 -9999 -9999 7.03661E-5 7.3766E-5 1.62572E-4 2.75882E-5 1.78374E-4 3.22062E-4 1.3412E-4 3.67557E-6 2.51787E-5 1.44083E-4 1.15781E-4 1.02108E-5 8.2061E-7 3.86855E-6 1.46126E-7 7.08426E-6 1.90209E-5 7.00842E-6 2.31942E-5 2.42283E-5 4.20235E-5 4.37635E-5 9.64457E-6 2.88653E-5 1.45686E-5 1.40911E-5 2.76262E-6 7.72808E-6 3.68339E-6 4.35075E-6 3.22202E-6 3.82937E-7 5.26464E-6 3.81051E-6 2.59816E-5 3.12725E-5 2.81129E-6 5.17946E-7 5.3416E-7 6.06642E-7 3.0461E-6 2.66366E-6 8.94956E-7 2.87926E-6 2.24548E-5 1.72394E-5 6.76512E-6 8.03425E-6 2.14672E-6 3.83249E-6 2.5778E-7 4.98588E-7 1.32031E-6 3.68224E-6 1.679E-6 7.41702E-6 1.93712E-5 1.50877E-5 7.17548E-5 5.2273E-5
-9999 -9999 -9999 -9999 -9999 -9999 7.45888E-5 1.1685E-4 1.27744E-4 2.56707E-4 3.64338E-4 2.87395E-4 1.83706E-4 4.28939E-5 1.16885E-6 2.84136E-6 7.34292E-5 2.81094E-5 2.33381E-6 6.85589E-7 5.19409E-7 1.41376E-5 2.07924E-6 5.55102E-6 1.99905E-6 1.12682E-5 3.00087E-5 3.82187E-5 2.74894E-5 2.40094E-5 2.72867E-5 1.53925E-5 1.36396E-5 1.51258E-5 1.69281E-5 1.25963E-5 2.30713E-5 1.74902E-6 1.41257E-6 5.54784E-6 3.44542E-5 4.88377E-5 6.83912E-6 2.51964E-6 1.27485E-8 1.71335E-7 3.78157E-7 5.524E-7 2.61465E-6 3.93318E-5 5.74588E-5 3.42186E-5 9.51491E-6 1.61053E-6 6.29095E-7 3.0088E-6 8.15884E-6 4.80925E-7 7.76256E-7 3.218E-6 2.3022E-7 8.82114E-6 2.57195E-5 5.36353E-5 3.25567E-5 4.58741E-5
-9999 -9999 -9999 -9999 -9999 -9999 2.03753E-4 6.27277E-5 1.19356E-4 1.86965E-4 1.24686E-4 1.46869E-4 1.15605E-4 3.94766E-5 8.09633E-6 3.15464E-6 4.38098E-5 1.07357E-4 1.28582E-5 3.26285E-6 1.17079E-6 2.84651E-6 1.5641E-6 4.12834E-7 1.62015E-6 1.5417E-5 2.6798E-5 2.55455E-5 3.17214E-5 1.78718E-5 1.50183E-5 2.03235E-5 1.50521E-5 1.7053E-5 1.57094E-5 4.43397E-5 3.35527E-5 8.67159E-6 6.67395E-6 1.08907E-5 2.96766E-5 3.29107E-5 6.79094E-6 2.54488E-6 1.1396E-6 2.14302E-5 6.53266E-5 1.74555E-5 2.29799E-5 3.59167E-5 3.70211E-5 3.96342E-5 1.32731E-6 5.06557E-7 3.50949E-6 6.43672E-6 3.5701E-5 2.93246E-6 4.66199E-7 9.23083E-7 2.91392E-7 6.03649E-6 5.35208E-5 2.2853E-5 2.8621E-5 3.5487E-6
-9999 -9999 -9999 -9999 -9999 -9999 -9999 7.54495E-5 1.26347E-4 1.8084E-4 1.01777E-4 2.62914E-4 2.40053E-4 1.51124E-4 5.20386E-6 4.93351E-6 7.15905E-6 2.91574E-5 3.44544E-5 1.15254E-5 3.00612E-6 2.0429E-6 2.22426E-6 1.63664E-6 2.3773E-7 2.15006E-5 2.90066E-5 3.09662E-5 2.5601E-5 8.71967E-6 2.03491E-5 2.89413E-5 2.85174E-5 2.30318E-5 9.04169E-6 3.37747E-5 4.99373E-6 1.13526E-5 3.06194E-6 4.49845E-6 7.12542E-6 1.91237E-5 2.71865E-5 1.00325E-6 2.3893E-6 1.47789E-6 1.2953E-5 4.33097E-6 3.0155E-6 2.02762E-5 1.47882E-5 1.47494E-5 1.45856E-6 4.85073E-6 5.4698E-6 2.3517E-5 4.51224E-5 1.09465E-5 1.88525E-6 5.14405E-6 4.4369E-5 4.28154E-5 7.06184E-5 2.44333E-5 8.4248E-6 8.22382E-6
-9999 -9999 -9999 -9999 -9999 -9999 -9999 5.36327E-5 1.94362E-4 2.37553E-4 1.52762E-4 1.73751E-4 1.95316E-4 1.2364E-4 2.9646E-5 5.4021E-5 1.67995E-5 7.43776E-5 7.20904E-5 1.87874E-5 5.54737E-6 2.42337E-5 1.12347E-6 1.51388E-7 3.98376E-6 4.87443E-6 2.03657E-5 3.87379E-5 3.32997E-6 9.39584E-6 1.56109E-5 2.48862E-5 3.58903E-5 6.12209E-5 5.01891E-5 4.79311E-6 1.3559E-5 3.16564E-5 1.304E-5 4.64446E-6 2.98512E-6 1.69748E-5 4.93009E-6 3.59323E-6 1.9563E-6 3.01441E-7 9.59193E-6 1.66812E-6 2.31042E-6 1.43546E-6 1.87136E-6 1.10272E-5 1.2793E-5 1.63978E-5 3.14544E-5 2.2197E-5 1.00085E-5 1.43928E-5 3.668E-6 1.05461E-5 9.05345E-6 6.67703E-5 1.12999E-5 1.50829E-5 1.7796E-5 7.07328E-6
-9999 -9999 -9999 -9999 -9999 -9999 -9999 2.6414E-5 5.48336E-5 2.92611E-4 2.07178E-4 2.38926E-4 1.66305E-4 1.95977E-4 1.7455E-6 3.15822E-6 2.84262E-5 1.42661E-4 1.02439E-4 4.01325E-5 3.00987E-6 9.11861E-5 2.9555E-5 5.30709E-6 3.12765E-8 1.03752E-5 3.1884E-5 2.52858E-5 5.18039E-6 1.6579E-6 1.51002E-6 2.96183E-5 4.62348E-5 3.39191E-5 8.27535E-5 3.43357E-5 1.30251E-5 8.95396E-6 4.01905E-5 1.75906E-5 5.35215E-6 9.41058E-7 1.36623E-6 4.12013E-7 1.39689E-7 1.63887E-6 3.53672E-5 8.24233E-6 4.44979E-7 5.04301E-5 3.12216E-6 7.10166E-6 5.85571E-6 1.13123E-5 6.51071E-5 5.58528E-5 7.10749E-6 3.69679E-5 1.18289E-5 1.52968E-6 3.6052E-6 7.57846E-7 5.04222E-6 1.98599E-5 2.49257E-5 1.11584E-5
-9999 -9999 -9999 -9999 -9999 -9999 -9999 6.12467E-5 1.44449E-4 2.60133E-4 1.94038E-4 2.58968E-4 1.67558E-4 1.85785E-4 6.36784E-5 9.44374E-5 3.32324E-5 6.64514E-6 8.51535E-7 4.81896E-6 9.35909E-6 1.17039E-5 7.26312E-6 1.66492E-5 1.87644E-5 1.36384E-5 7.1553E-6 1.88499E-5 2.68561E-5 7.90583E-7 2.35239E-6 1.53099E-5 1.16893E-5 2.83498E-5 2.40356E-5 2.35499E-5 1.09723E-5 1.29575E-5 5.98161E-6 6.3302E-6 7.43155E-6 3.51049E-6 3.32283E-6 4.83412E-7 4.57308E-7 6.55284E-6 3.81569E-6 5.1998E-7 1.76879E-6 2.05692E-5 7.85101E-5 1.44935E-5 2.14571E-5 1.54417E-5 8.24572E-5 2.087E-5 1.66929E-5 3.80203E-5 9.52991E-6 1.00692E-5 6.4868E-7 2.69262E-6 7.81146E-6 1.66087E-5 8.57508E-6 7.46247E-6
-9999 -9999 -9999 -9999 -9999 -9999 -9999 2.98959E-5 1.52732E-4 2.49589E-4 2.02467E-4 1.32271E-4 1.3209E-4 1.80493E-4 8.23876E-5 3.25681E-5 1.49933E-4 4.33474E-5 8.1827E-5 5.31003E-5 1.35284E-4 9.65311E-5 2.36054E-5 2.17389E-5 1.8179E-5 8.37719E-6 1.77509E-5 3.16149E-5 6.41956E-6 3.19357E-6 1.24174E-5 2.22767E-5 2.19072E-5 4.91752E-5 6.3537E-5 1.92067E-5 7.84524E-6 4.31667E-6 7.53955E-7 1.19479E-6 1.6898E-6 8.41114E-7 2.22049E-7 2.73482E-6 9.7177E-6 1.08678E-5 8.06101E-6 3.73883E-5 1.68611E-5 5.8095E-5 6.90153E-5 4.83915E-5 2.36985E-5 6.47088E-5 9.23908E-5 8.48237E-6 3.01249E-5 5.76858E-6 3.48444E-6 5.70026E-6 1.51024E-6 2.63086E-7 3.07823E-5 6.99033E-6 9.67701E-6 2.0686E-5
-9999 -9999 -9999 -9999 -9999 -9999 -9999 4.00722E-5 4.76557E-6 2.30205E-4 1.90333E-4 1.24443E-4 1.37145E-4 1.3348E-4 1.11331E-4 5.26268E-5 2.47299E-5 1.23875E-6 3.81273E-6 6.00872E-5 3.44848E-5 5.38289E-5 2.03092E-5 8.38156E-6 1.82608E-5 6.18348E-5 1.66264E-5 2.57221E-5 4.88981E-5 1.56623E-5 5.73071E-6 1.01041E-5 2.09078E-6 2.16968E-5 1.71464E-5 1.81137E-5 8.16004E-6 1.00669E-5 8.66494E-6 3.73131E-7 6.62663E-7 1.08033E-5 7.07695E-6 4.8291E-5 1.06246E-5 2.99861E-5 1.52216E-5 5.27231E-6 1.06801E-5 3.61259E-5 4.29465E-5 3.77756E-5 4.1864E-5 2.64186E-5 2.75457E-5 3.43864E-5 3.38233E-5 1.70595E-5 1.08826E-5 2.30823E-5 4.01929E-5 6.79493E-6 8.67051E-6 1.66987E-5 1.35844E-5 9.32375E-6
-9999 -9999 -9999 -9999 -9999 -9999 -9999 1.54924E-5 2.0638E-6 6.78369E-5 1.73765E-4 7.54746E-5 1.77851E-4 1.09263E-4 7.93318E-5 2.80382E-5 1.02888E-4 1.03115E-5 1.42375E-5 5.47848E-5 1.18708E-5 2.61704E-5 1.12095E-5 9.85511E-5 2.40834E-5 5.11013E-5 1.01591E-4 2.65837E-5 4.81948E-5 3.82101E-5 6.88807E-5 6.66446E-6 2.99495E-6 1.72698E-5 1.90789E-5 4.03318E-5 4.85653E-5 6.16404E-5 2.48445E-5 4.57535E-5 6.98582E-7 1.19678E-5 2.58307E-6 1.6071E-5 5.92573E-6 1.3479E-5 3.67561E-5 2.11177E-5 2.36292E-5 3.07066E-5 3.04044E-5 2.50733E-5 2.97429E-5 1.67594E-5 3.04967E-5 4.26439E-5 1.82922E-5 3.84101E-5 2.94424E-5 5.69138E-6 5.41948E-6 3.56336E-6 4.68599E-5 7.04993E-6 1.17572E-5 1.53367E-5
-9999 -9999 -9999 -9999 -9999 -9999 -9999 5.50703E-5 3.6759E-6 3.47285E-5 1.80262E-4 1.72414E-4 1.62723E-4 1.87783E-4 1.42842E-4 1.5E-4 2.44459E-5 3.10763E-5 2.17849E-5 2.94297E-6 2.51835E-6 8.74647E-6 2.07283E-5 1.91389E-5 1.18642E-5 6.77423E-5 1.46362E-4 8.29368E-5 3.0607E-5 1.26684E-5 1.50836E-5 3.70132E-5 1.34769E-5 3.41263E-5 3.98151E-5 4.25246E-5 3.67673E-6 4.05897E-5 1.40992E-5 2.70262E-6 7.60687E-6 1.4715E-5 5.30057E-5 1.32148E-5 6.38257E-6 2.01779E-5 1.80148E-5 8.93971E-6 5.6296E-6 5.76352E-6 1.84848E-5 1.68113E-5 2.08793E-5 3.74464E-5 3.45302E-5 2.50857E-5 1.8079E-5 2.9442E-5 4.57642E-6 5.49828E-5 9.34172E-6 1.36251E-6 4.8889E-5 5.09701E-5 2.10296E-5 1.3713E-5
