catData/rasterBestHybridModels/Pbengalensis/RDbal_RM1_L/Pbengalensis_median.asc
ncols         409
nrows         350
xllcorner     60.897278365
yllcorner     5.843756025
cellsize      0.0892857
NODATA_value  -9999
[rows 0 to 28 of 350, columns 132 to 197 of 409]
-9999 -9999 -9999 -9999 -9999 -9999 -9999 -9999 -9999 -9999 -9999 -9999 -9999 -9999 -9999 -9999 -9999 -9999 -9999 -9999 -9999 5.9532E-5 6.04171E-5 -9999 -9999 -9999 -9999 -9999 -9999 -9999 -9999 -9999 -9999 -9999 -9999 -9999 -9999 -9999 -9999 -9999 -9999 -9999 -9999 -9999 -9999 -9999 -9999 -9999 -9999 -9999 -9999 -9999 -9999 -9999 -9999 -9999 -9999 -9999 -9999 -9999 -9999 -9999 -9999 -9999 -9999 -9999
-9999 -9999 -9999 -9999 -9999 -9999 -9999 -9999 -9999 -9999 -9999 -9999 -9999 -9999 -9999 -9999 -9999 -9999 8.24001E-5 6.93457E-5 8.08563E-5 9.42059E-5 6.54504E-5 7.97836E-5 1.15321E-4 -9999 4.50276E-5 5.95715E-5 4.65661E-5 -9999 -9999 -9999 -9999 -9999 -9999 -9999 -9999 -9999 -9999 -9999 -9999 -9999 -9999 -9999 -9999 -9999 -9999 -9999 -9999 -9999 -9999 -9999 -9999 -9999 -9999 -9999 -9999 -9999 -9999 -9999 -9999 -9999 -9999 -9999 -9999 -9999
-9999 -9999 -9999 -9999 -9999 -9999 -9999 -9999 1.98501E-5 3.24096E-5 4.54444E-5 5.64598E-5 5.00523E-5 5.21292E-5 -9999 -9999 6.26053E-5 7.51689E-5 8.62322E-5 7.73595E-5 6.24933E-5 5.99752E-5 6.66601E-5 1.10315E-4 1.15657E-4 5.04749E-5 3.32141E-5 3.37537E-5 4.42342E-5 6.30959E-5 -9999 -9999 -9999 -9999 -9999 -9999 -9999 -9999 -9999 -9999 -9999 -9999 -9999 -9999 -9999 -9999 -9999 -9999 -9999 -9999 -9999 -9999 -9999 -9999 -9999 -9999 -9999 -9999 -9999 -9999 -9999 -9999 -9999 -9999 -9999 -9999
9.30924E-6 1.17064E-5 1.27347E-5 9.75922E-6 1.48749E-5 2.35217E-5 2.86643E-5 4.03194E-5 5.20124E-5 5.41067E-5 8.46839E-5 1.15984E-4 1.47122E-4 1.31803E-4 6.80655E-5 7.13573E-5 9.18405E-5 8.54572E-5 6.50267E-5 7.57462E-5 9.29926E-5 7.9277E-5 5.96938E-5 5.96902E-5 5.9816E-5 5.71151E-5 6.80912E-5 8.27819E-5 7.84544E-5 5.4996E-5 -9999 -9999 -9999 -9999 -9999 -9999 -9999 -9999 -9999 -9999 -9999 -9999 -9999 -9999 -9999 -9999 -9999 -9999 -9999 -9999 -9999 -9999 -9999 -9999 -9999 -9999 -9999 -9999 -9999 -9999 -9999 -9999 -9999 -9999 -9999 -9999
8.23933E-6 1.13467E-5 9.75923E-6 2.52115E-5 6.73782E-5 9.47816E-5 1.06679E-4 8.81783E-5 7.85732E-5 1.24197E-4 1.83766E-4 1.85831E-4 2.00513E-4 1.92106E-4 1.18252E-4 1.02866E-4 2.21371E-4 2.35067E-4 2.49289E-4 3.40627E-4 3.12476E-4 2.08019E-4 1.27915E-4 7.43838E-5 7.45929E-5 1.36947E-4 1.2541E-4 9.62138E-5 9.14369E-5 7.38845E-5 8.15875E-5 8.20968E-5 6.19819E-5 2.79875E-5 1.36451E-5 -9999 -9999 -9999 -9999 -9999 -9999 -9999 -9999 -9999 -9999 -9999 -9999 -9999 -9999 -9999 -9999 -9999 -9999 -9999 -9999 -9999 -9999 -9999 -9999 -9999 -9999 -9999 -9999 -9999 -9999 -9999
1.13117E-5 1.18345E-5 1.49505E-5 4.21955E-5 6.36703E-5 6.24855E-5 6.32694E-5 6.76994E-5 5.07737E-5 9.48403E-5 1.50917E-4 1.13613E-4 9.60531E-5 9.40069E-5 1.14378E-4 9.01094E-5 1.68041E-4 3.34556E-4 5.84565E-4 6.87182E-4 5.29623E-4 4.19569E-4 3.69524E-4 1.56521E-4 1.03651E-4 1.47206E-4 2.08423E-4 1.6352E-4 9.68495E-5 8.56586E-5 6.10953E-5 6.82102E-5 6.80927E-5 5.36685E-5 3.1115E-5 1.06248E-5 -9999 -9999 -9999 -9999 -9999 -9999 -9999 -9999 -9999 -9999 -9999 -9999 -9999 -9999 -9999 -9999 -9999 -9999 -9999 -9999 -9999 -9999 -9999 -9999 -9999 -9999 -9999 -9999 -9999 -9999
5.73262E-6 8.29715E-6 2.93764E-5 5.42259E-5 4.71737E-5 3.81667E-5 4.14942E-5 5.00282E-5 6.03935E-5 1.41444E-4 1.99283E-4 1.55944E-4 7.25997E-5 6.78576E-5 9.29941E-5 1.57583E-4 2.39909E-4 2.17173E-4 3.26963E-4 7.69067E-4 1.39505E-3 1.04515E-3 6.80733E-4 2.29689E-4 1.66385E-4 1.70877E-4 1.11536E-4 1.14831E-4 9.37247E-5 8.76073E-5 5.86661E-5 5.09207E-5 4.66954E-5 4.77626E-5 3.81388E-5 1.67057E-5 -9999 -9999 -9999 -9999 -9999 -9999 -9999 -9999 -9999 -9999 -9999 -9999 -9999 -9999 -9999 -9999 -9999 -9999 -9999 -9999 -9999 -9999 -9999 -9999 -9999 -9999 -9999 -9999 -9999 -9999
6.71933E-6 1.91292E-5 3.66701E-5 4.51365E-5 5.59727E-5 5.35772E-5 4.30909E-5 3.99251E-5 6.99567E-5 1.70664E-4 2.40314E-4 2.38329E-4 9.4577E-5 7.85771E-5 1.46823E-4 2.6079E-4 1.96621E-4 1.48568E-4 2.05656E-4 7.55728E-4 1.0754E-3 1.00487E-3 1.7876E-3 5.17499E-4 1.55449E-4 2.66813E-4 2.64754E-4 2.17026E-4 1.33531E-4 7.28139E-5 4.06793E-5 3.6867E-5 4.24146E-5 4.11991E-5 2.71786E-5 1.67545E-5 9.29852E-6 -9999 -9999 -9999 -9999 -9999 -9999 -9999 -9999 -9999 -9999 -9999 -9999 -9999 -9999 -9999 -9999 -9999 -9999 -9999 -9999 -9999 -9999 -9999 -9999 -9999 -9999 -9999 -9999 -9999
1.22932E-5 2.37754E-5 2.80907E-5 4.9142E-5 7.2096E-5 7.45739E-5 7.51656E-5 5.09296E-5 1.14422E-4 1.92233E-4 1.67439E-4 2.28342E-4 1.18414E-4 1.33447E-4 2.32E-4 2.78825E-4 1.44457E-4 1.07145E-4 1.41704E-4 3.10855E-4 3.99324E-4 4.42197E-4 6.98563E-4 3.61874E-4 2.0445E-4 5.74039E-4 9.35435E-4 6.2002E-4 4.19672E-4 1.56839E-4 6.47603E-5 4.47049E-5 5.2893E-5 4.30609E-5 1.8783E-5 1.25151E-5 1.53561E-5 -9999 -9999 -9999 -9999 -9999 -9999 -9999 -9999 -9999 -9999 -9999 -9999 -9999 -9999 -9999 -9999 -9999 -9999 -9999 -9999 -9999 -9999 -9999 -9999 -9999 -9999 -9999 -9999 -9999
9.6947E-6 1.65161E-5 2.26592E-5 3.4334E-5 5.30803E-5 5.97344E-5 6.40184E-5 6.12103E-5 9.51418E-5 1.1924E-4 1.60998E-4 1.88789E-4 1.7016E-4 2.33516E-4 3.04207E-4 2.66667E-4 1.50281E-4 9.76457E-5 9.30005E-5 1.57922E-4 2.34385E-4 3.12574E-4 2.89822E-4 1.91528E-4 1.85163E-4 3.06994E-4 5.95364E-4 4.66719E-4 5.71832E-4 2.78363E-4 1.62469E-4 7.91892E-5 6.47835E-5 5.03833E-5 2.76876E-5 1.77517E-5 2.45795E-5 -9999 -9999 -9999 -9999 -9999 -9999 -9999 -9999 -9999 -9999 -9999 -9999 -9999 -9999 -9999 -9999 -9999 -9999 -9999 -9999 -9999 -9999 -9999 -9999 -9999 -9999 -9999 -9999 -9999
1.031E-5 1.09513E-5 1.51027E-5 2.173E-5 3.39337E-5 4.55095E-5 4.48503E-5 7.64311E-5 1.34455E-4 1.54169E-4 3.16117E-4 2.49893E-4 2.17385E-4 1.84005E-4 1.7645E-4 1.47109E-4 1.44379E-4 1.13184E-4 9.4108E-5 2.6192E-4 6.79487E-4 8.58332E-4 7.05806E-4 3.14995E-4 2.16257E-4 2.44514E-4 1.91379E-4 1.70526E-4 2.1865E-4 2.01754E-4 1.86553E-4 1.24977E-4 9.45807E-5 7.59982E-5 5.00257E-5 3.69676E-5 -9999 -9999 -9999 -9999 -9999 -9999 -9999 -9999 -9999 -9999 -9999 -9999 -9999 -9999 -9999 -9999 -9999 -9999 -9999 -9999 -9999 -9999 -9999 -9999 -9999 -9999 -9999 -9999 -9999 -9999
2.0461E-5 1.88176E-5 2.47938E-5 2.62065E-5 4.06225E-5 7.29151E-5 8.3107E-5 8.49213E-5 1.64545E-4 2.38797E-4 3.63284E-4 3.34412E-4 1.90432E-4 1.47721E-4 1.20968E-4 9.2186E-5 1.11133E-4 1.15371E-4 1.4202E-4 2.88161E-4 3.58761E-4 3.80558E-4 5.89886E-4 6.59926E-4 5.69072E-4 4.86594E-4 2.61932E-4 1.91395E-4 1.26175E-4 1.07179E-4 1.0619E-4 1.01727E-4 9.15951E-5 9.92155E-5 8.79098E-5 6.95046E-5 7.1624E-5 -9999 -9999 -9999 -9999 -9999 -9999 -9999 -9999 -9999 -9999 -9999 -9999 -9999 -9999 -9999 -9999 -9999 -9999 -9999 -9999 -9999 -9999 -9999 -9999 -9999 -9999 -9999 -9999 -9999
4.08625E-5 4.59332E-5 3.38582E-5 3.73643E-5 6.01504E-5 7.99544E-5 9.77178E-5 1.15621E-4 1.36217E-4 1.81322E-4 2.2572E-4 2.92727E-4 1.87579E-4 1.81227E-4 1.68763E-4 1.4585E-4 1.27109E-4 1.16915E-4 1.30719E-4 1.53109E-4 1.36489E-4 2.03012E-4 1.52138E-4 1.49994E-4 2.749E-4 4.37189E-4 2.45392E-4 1.24014E-4 8.95678E-5 4.8869E-5 4.85375E-5 6.43633E-5 9.78675E-5 1.08167E-4 1.26548E-4 9.81338E-5 7.08425E-5 5.00884E-5 8.55373E-5 -9999 -9999 -9999 -9999 -9999 -9999 -9999 -9999 -9999 -9999 -9999 -9999 -9999 -9999 -9999 -9999 -9999 -9999 -9999 -9999 -9999 -9999 -9999 -9999 -9999 -9999 -9999
8.50655E-5 7.43779E-5 5.53975E-5 5.00993E-5 6.15444E-5 7.64671E-5 7.6722E-5 6.48354E-5 9.98278E-5 1.45631E-4 1.31892E-4 1.56832E-4 1.71942E-4 1.53169E-4 1.84793E-4 2.11595E-4 1.89605E-4 1.90841E-4 1.9274E-4 1.22987E-4 8.58567E-5 1.06323E-4 7.0601E-5 7.20787E-5 1.64255E-4 2.79378E-4 1.80286E-4 1.08649E-4 4.06903E-5 2.70309E-5 3.56423E-5 7.71836E-5 1.03288E-4 1.02656E-4 1.04955E-4 1.12369E-4 5.73923E-5 8.48343E-5 1.30072E-4 -9999 -9999 -9999 -9999 -9999 -9999 -9999 -9999 -9999 -9999 -9999 -9999 -9999 -9999 -9999 -9999 -9999 -9999 -9999 -9999 -9999 -9999 -9999 -9999 -9999 -9999 -9999
1.03706E-4 7.09678E-5 6.03572E-5 5.97763E-5 6.89145E-5 8.53141E-5 6.11415E-5 3.01252E-5 5.86626E-5 9.16271E-5 6.02946E-5 5.18901E-5 1.06977E-4 9.33515E-5 1.15192E-4 2.19471E-4 2.76767E-4 2.72884E-4 2.28032E-4 1.51095E-4 8.63813E-5 5.42805E-5 5.32148E-5 5.82207E-5 1.17025E-4 1.91357E-4 8.62341E-5 1.02026E-4 9.28901E-5 6.1874E-5 4.97672E-5 9.73505E-5 8.71053E-5 1.00314E-4 1.1219E-4 1.06944E-4 6.4942E-5 1.18201E-4 1.38242E-4 1.44017E-4 1.12648E-4 1.15906E-4 1.35744E-4 -9999 -9999 -9999 -9999 -9999 -9999 -9999 -9999 -9999 -9999 -9999 -9999 -9999 -9999 -9999 -9999 -9999 -9999 -9999 -9999 -9999 -9999 -9999
8.0219E-5 6.68365E-5 4.47635E-5 5.7614E-5 9.87732E-5 1.25518E-4 7.96875E-5 4.16677E-5 3.67719E-5 4.15069E-5 2.6228E-5 4.76211E-5 7.37653E-5 5.79936E-5 6.15474E-5 1.31467E-4 2.34365E-4 2.42742E-4 1.86265E-4 1.42578E-4 8.95497E-5 4.87613E-5 4.42697E-5 5.33855E-5 6.1404E-5 9.73065E-5 6.44142E-5 9.34668E-5 7.87898E-5 6.72562E-5 5.31964E-5 5.49126E-5 6.2053E-5 7.25786E-5 8.56716E-5 7.62109E-5 6.2686E-5 1.09137E-4 1.00768E-4 6.52997E-5 1.17475E-4 1.39115E-4 1.41767E-4 1.50738E-4 2.40245E-4 -9999 -9999 -9999 -9999 -9999 -9999 -9999 -9999 -9999 -9999 -9999 -9999 -9999 -9999 -9999 -9999 -9999 -9999 -9999 -9999 -9999
7.11093E-5 6.91086E-5 4.99023E-5 9.04861E-5 1.52097E-4 1.6476E-4 1.32109E-4 9.67189E-5 4.49461E-5 3.35007E-5 2.98549E-5 3.6129E-5 4.05593E-5 4.02532E-5 6.8226E-5 1.10444E-4 1.53795E-4 2.0215E-4 1.8646E-4 1.47891E-4 7.3921E-5 4.44581E-5 7.17547E-5 2.00839E-4 1.59718E-4 8.75594E-5 6.79894E-5 5.98833E-5 5.2416E-5 5.54218E-5 8.93534E-5 8.35375E-5 1.01631E-4 2.09226E-4 1.91673E-4 1.4765E-4 1.42819E-4 7.70304E-5 9.46341E-5 2.51705E-4 3.64576E-4 2.71581E-4 3.05184E-4 3.63971E-4 3.10444E-4 2.70516E-4 2.18288E-4 -9999 -9999 -9999 -9999 -9999 -9999 -9999 -9999 -9999 -9999 -9999 -9999 -9999 -9999 -9999 -9999 -9999 -9999 -9999
8.64584E-5 7.15123E-5 5.68554E-5 1.08922E-4 1.09497E-4 9.53704E-5 6.21458E-5 5.85215E-5 4.77327E-5 3.03782E-5 2.60638E-5 2.19466E-5 2.07225E-5 3.20087E-5 6.34929E-5 1.02054E-4 1.08988E-4 1.29447E-4 1.53002E-4 1.32742E-4 6.58554E-5 5.29141E-5 8.82165E-5 1.7243E-4 3.45216E-4 2.60178E-4 1.5674E-4 1.02085E-4 8.6078E-5 8.23678E-5 1.27101E-4 1.76769E-4 1.20622E-4 1.35352E-4 1.99334E-4 3.02423E-4 3.16877E-4 1.77383E-4 1.78293E-4 2.78269E-4 1.94879E-4 1.55708E-4 2.67639E-4 3.57887E-4 2.22383E-4 2.43692E-4 2.92954E-4 1.7648E-4 1.40537E-4 1.61853E-4 -9999 -9999 -9999 -9999 -9999 -9999 -9999 -9999 -9999 -9999 -9999 -9999 -9999 -9999 -9999 -9999
1.43466E-4 1.00606E-4 5.07598E-5 5.89118E-5 7.20177E-5 8.32842E-5 1.21552E-4 1.43947E-4 1.34902E-4 9.30875E-5 5.24099E-5 4.77364E-5 3.71618E-5 3.96772E-5 5.79262E-5 8.57331E-5 8.87212E-5 8.23875E-5 6.56016E-5 5.02093E-5 4.89291E-5 9.93791E-5 2.15063E-4 1.76653E-4 2.49457E-4 3.64994E-4 3.24683E-4 2.6872E-4 2.13532E-4 1.21901E-4 1.16344E-4 1.76699E-4 2.17396E-4 1.59507E-4 1.5407E-4 2.06311E-4 3.005E-4 2.25368E-4 1.9933E-4 3.80497E-4 2.25605E-4 1.6405E-4 3.40287E-4 4.50675E-4 2.45576E-4 2.45594E-4 3.08757E-4 2.55768E-4 1.73348E-4 1.33907E-4 1.54822E-4 1.48704E-4 1.38616E-4 1.07662E-4 5.49358E-5 3.66269E-5 2.5074E-5 1.27413E-5 -9999 7.12203E-6 -9999 -9999 -9999 -9999 -9999 -9999
1.21333E-4 1.54116E-4 1.10181E-4 1.52331E-4 1.35893E-4 1.06916E-4 1.4452E-4 2.55143E-4 3.4107E-4 2.76557E-4 1.56914E-4 9.82274E-5 7.15394E-5 1.08326E-4 1.28122E-4 1.15318E-4 1.08112E-4 9.75212E-5 7.27011E-5 7.3973E-5 1.54959E-4 4.67825E-4 6.27028E-4 3.12912E-4 2.43693E-4 3.15757E-4 3.19492E-4 3.29914E-4 2.47182E-4 1.92678E-4 1.94263E-4 1.69271E-4 1.65614E-4 1.90144E-4 1.76512E-4 1.73984E-4 2.08812E-4 2.09195E-4 1.44885E-4 2.55738E-4 3.06934E-4 1.99578E-4 4.62557E-4 4.3973E-4 2.44324E-4 1.99625E-4 2.82877E-4 4.1802E-4 3.71609E-4 1.84841E-4 1.16606E-4 1.62895E-4 1.93682E-4 1.44286E-4 6.85908E-5 3.14698E-5 1.53436E-5 1.04266E-5 8.63325E-6 -9999 -9999 -9999 -9999 -9999 -9999 -9999
1.46385E-4 1.40751E-4 1.31633E-4 1.4717E-4 1.14913E-4 1.07042E-4 1.30748E-4 1.47014E-4 2.292E-4 2.19407E-4 1.77947E-4 1.19956E-4 1.04153E-4 1.424E-4 1.52984E-4 1.38738E-4 1.35986E-4 1.24226E-4 1.03761E-4 1.50126E-4 3.70643E-4 7.00602E-4 3.82927E-4 2.19328E-4 1.93106E-4 2.91098E-4 3.01252E-4 2.66174E-4 2.0521E-4 2.22176E-4 2.85898E-4 2.8798E-4 2.34206E-4 2.6547E-4 2.26717E-4 1.42664E-4 1.16144E-4 1.59953E-4 1.76092E-4 1.88412E-4 2.6894E-4 2.36752E-4 3.25247E-4 3.90186E-4 2.26799E-4 1.9889E-4 2.96432E-4 4.65815E-4 5.24125E-4 2.41186E-4 9.91093E-5 1.09955E-4 1.67368E-4 1.75897E-4 1.27582E-4 5.66851E-5 2.18687E-5 1.84997E-5 1.45183E-5 -9999 -9999 -9999 -9999 -9999 -9999 -9999
2.07636E-4 1.41208E-4 6.01662E-5 6.1173E-5 6.97629E-5 1.04464E-4 1.48157E-4 1.60106E-4 1.9102E-4 1.85442E-4 1.42885E-4 1.02482E-4 1.07099E-4 1.47881E-4 1.72497E-4 1.48069E-4 1.47177E-4 1.41103E-4 1.45088E-4 2.23777E-4 3.76503E-4 3.09476E-4 1.74688E-4 1.25001E-4 1.80057E-4 1.6292E-4 1.55239E-4 1.75248E-4 1.81319E-4 2.48979E-4 3.0275E-4 3.14614E-4 2.81841E-4 2.96102E-4 2.33935E-4 1.2813E-4 8.24636E-5 1.04103E-4 1.69934E-4 2.70817E-4 3.83556E-4 3.16457E-4 2.49238E-4 3.18972E-4 2.47367E-4 3.25282E-4 3.53393E-4 4.35661E-4 5.08386E-4 3.28158E-4 1.17858E-4 1.15343E-4 1.60316E-4 1.75833E-4 1.75517E-4 8.4104E-5 3.7918E-5 3.30589E-5 2.35898E-5 1.43801E-5 -9999 -9999 -9999 -9999 -9999 -9999
1.9638E-4 1.23774E-4 5.44702E-5 4.13004E-5 5.1217E-5 8.712E-5 1.43203E-4 2.20288E-4 2.28884E-4 2.21075E-4 1.22782E-4 9.36382E-5 8.4833E-5 1.13179E-4 1.124E-4 1.32489E-4 1.37229E-4 1.47055E-4 1.46589E-4 1.61872E-4 2.08519E-4 1.89163E-4 1.34865E-4 9.98261E-5 1.44652E-4 1.65128E-4 1.18481E-4 1.15426E-4 1.25592E-4 1.49039E-4 1.59764E-4 1.88821E-4 2.12523E-4 2.40075E-4 2.03852E-4 1.31847E-4 7.32146E-5 9.26612E-5 1.62815E-4 3.32084E-4 5.1462E-4 3.94864E-4 2.3842E-4 2.51791E-4 3.64822E-4 4.01821E-4 4.69791E-4 6.33255E-4 6.9074E-4 6.0693E-4 2.31765E-4 1.12739E-4 1.08299E-4 1.63253E-4 1.3724E-4 8.96973E-5 4.74696E-5 2.41465E-5 1.93551E-5 1.68332E-5 -9999 -9999 -9999 -9999 -9999 -9999
1.38504E-4 8.61755E-5 5.77158E-5 4.52515E-5 5.56255E-5 8.25077E-5 1.00217E-4 1.20898E-4 1.47807E-4 1.59833E-4 1.03716E-4 6.29491E-5 7.61882E-5 8.40597E-5 7.37767E-5 9.55723E-5 8.46245E-5 8.68754E-5 9.25294E-5 6.83108E-5 9.40374E-5 1.1025E-4 1.06701E-4 9.43202E-5 7.51459E-5 1.08395E-4 1.02227E-4 7.81104E-5 7.85849E-5 8.45943E-5 8.92413E-5 1.15898E-4 1.58801E-4 1.96404E-4 2.01241E-4 1.47056E-4 8.83432E-5 9.96871E-5 1.11006E-4 1.56072E-4 2.9568E-4 3.81454E-4 2.07154E-4 1.98751E-4 3.76912E-4 5.34289E-4 5.95366E-4 8.3127E-4 7.99592E-4 5.82282E-4 3.70396E-4 1.90467E-4 7.57149E-5 7.62716E-5 7.47316E-5 8.22821E-5 5.87107E-5 2.18786E-5 1.60999E-5 1.42357E-5 1.62497E-5 -9999 -9999 -9999 -9999 -9999
1.06124E-4 8.45949E-5 6.26315E-5 6.12603E-5 8.42162E-5 1.33018E-4 1.21857E-4 9.47524E-5 1.05582E-4 8.53692E-5 7.16982E-5 8.08498E-5 9.5064E-5 1.20808E-4 1.2585E-4 1.15435E-4 7.11922E-5 6.35774E-5 6.07316E-5 4.18828E-5 6.26384E-5 7.70246E-5 9.56891E-5 7.80099E-5 5.92506E-5 7.39251E-5 6.92318E-5 5.95248E-5 5.5199E-5 6.35233E-5 6.72023E-5 8.45534E-5 1.17976E-4 1.36378E-4 1.42317E-4 1.27415E-4 1.36364E-4 1.24679E-4 9.47429E-5 7.7607E-5 1.66459E-4 2.66588E-4 2.00692E-4 2.11971E-4 3.13913E-4 4.23421E-4 4.52175E-4 4.69552E-4 4.15826E-4 2.99139E-4 2.22979E-4 2.55808E-4 1.21744E-4 4.72687E-5 5.4213E-5 9.00126E-5 8.94245E-5 6.69061E-5 4.7912E-5 2.54839E-5 1.60616E-5 -9999 -9999 -9999 -9999 -9999
8.85325E-5 7.93442E-5 8.51898E-5 8.80743E-5 1.03274E-4 1.5183E-4 1.50237E-4 1.35684E-4 9.30693E-5 6.51832E-5 9.57207E-5 1.86872E-4 2.07736E-4 2.48883E-4 1.79946E-4 1.25769E-4 7.35445E-5 6.01919E-5 5.04581E-5 4.6827E-5 5.91849E-5 7.01002E-5 8.12722E-5 7.38299E-5 6.73682E-5 5.70194E-5 4.15863E-5 3.42177E-5 3.51624E-5 4.22882E-5 5.8497E-5 7.61899E-5 7.76622E-5 7.35797E-5 1.08037E-4 1.44401E-4 2.13972E-4 1.91759E-4 1.22712E-4 7.35946E-5 1.19884E-4 1.79205E-4 2.58006E-4 3.29277E-4 4.30441E-4 4.37492E-4 3.30499E-4 2.62727E-4 2.12361E-4 1.43786E-4 1.21019E-4 1.52817E-4 1.30071E-4 5.90936E-5 3.24861E-5 7.01168E-5 1.23557E-4 1.54923E-4 1.04746E-4 5.92384E-5 2.712E-5 1.62103E-5 -9999 -9999 -9999 -9999
7.3126E-5 8.13228E-5 1.09228E-4 1.39893E-4 1.31593E-4 1.28793E-4 1.18764E-4 1.11221E-4 6.15697E-5 4.61367E-5 1.00729E-4 2.80129E-4 2.46381E-4 2.35291E-4 1.33753E-4 1.15506E-4 8.25733E-5 7.98727E-5 5.98616E-5 6.41669E-5 8.70399E-5 9.36382E-5 8.35958E-5 8.30385E-5 7.53464E-5 5.61064E-5 5.30941E-5 5.60488E-5 4.10008E-5 2.91859E-5 3.48525E-5 4.73175E-5 6.74569E-5 7.5659E-5 9.6067E-5 1.30824E-4 2.39456E-4 2.42395E-4 1.48121E-4 1.16593E-4 1.18796E-4 1.58679E-4 1.50412E-4 2.37127E-4 3.10118E-4 4.01303E-4 3.57301E-4 2.56079E-4 2.53063E-4 1.43493E-4 8.69934E-5 6.39024E-5 5.58775E-5 4.93694E-5 3.32036E-5 6.18322E-5 1.29957E-4 1.89851E-4 1.29967E-4 7.16515E-5 3.75501E-5 2.4192E-5 -9999 -9999 -9999 -9999
6.33023E-5 8.20602E-5 1.08783E-4 1.55301E-4 1.4523E-4 9.72431E-5 7.33797E-5 7.07251E-5 6.03533E-5 7.09447E-5 1.79892E-4 2.64987E-4 2.09593E-4 2.24249E-4 1.47932E-4 1.53124E-4 1.0505E-4 7.16979E-5 5.92198E-5 7.99155E-5 1.27579E-4 1.49018E-4 1.29893E-4 1.10575E-4 8.44861E-5 6.29694E-5 5.63225E-5 6.4392E-5 5.69601E-5 3.98523E-5 4.20957E-5 5.00064E-5 6.11853E-5 8.10867E-5 9.56093E-5 1.25524E-4 1.6952E-4 1.97258E-4 1.67169E-4 2.27306E-4 1.73537E-4 1.17815E-4 9.96043E-5 1.02185E-4 1.42216E-4 2.44515E-4 2.76926E-4 2.7226E-4 2.6642E-4 1.41395E-4 1.07956E-4 5.74029E-5 5.15877E-5 4.73307E-5 4.81298E-5 5.82871E-5 1.20444E-4 2.03774E-4 2.33867E-4 1.47608E-4 7.38932E-5 3.49882E-5 3.84482E-5 3.95369E-5 -9999 -9999
7.56305E-5 6.77681E-5 8.10276E-5 1.06301E-4 1.1164E-4 1.17994E-4 1.11849E-4 9.39063E-5 1.04407E-4 1.1748E-4 1.59258E-4 2.13892E-4 1.55464E-4 1.94362E-4 2.10072E-4 1.29306E-4 8.59578E-5 5.96682E-5 6.33728E-5 8.43787E-5 1.37722E-4 1.9139E-4 2.04724E-4 2.12961E-4 1.54422E-4 9.90144E-5 6.23031E-5 4.95695E-5 4.42645E-5 4.66469E-5 6.33707E-5 6.66601E-5 9.3862E-5 1.36607E-4 1.79689E-4 2.42565E-4 1.97555E-4 2.78545E-4 2.289E-4 1.74482E-4 1.7326E-4 1.36519E-4 8.19386E-5 5.80878E-5 5.96158E-5 1.19637E-4 1.81068E-4 2.0998E-4 1.9093E-4 1.31946E-4 1.04423E-4 1.05452E-4 1.2672E-4 7.51613E-5 7.24887E-5 7.2364E-5 9.42416E-5 1.8437E-4 2.70875E-4 2.45405E-4 1.38443E-4 5.10992E-5 4.83852E-5 6.10031E-5 6.2622E-5 2.9223E-5
