catData/rasterBestHybridModels/Pbengalensis/RDbal_RM1_L/Pbengalensis_min.asc
ncols         409
nrows         350
xllcorner     60.897278365
yllcorner     5.843756025
cellsize      0.0892857
NODATA_value  -9999
[rows 116 to 144 of 350, columns 132 to 197 of 409]
4.99762E-6 5.90887E-6 6.72753E-6 7.34561E-6 6.87651E-6 6.14334E-6 8.24893E-6 1.03652E-5 1.27046E-5 1.36326E-5 1.27887E-5 1.43938E-5 2.25774E-5 3.34603E-5 4.39859E-5 3.18778E-5 3.34145E-5 2.42353E-5 1.79283E-7 3.91875E-6 1.41486E-6 3.3536E-6 9.31127E-7 7.14235E-7 9.21007E-7 1.03062E-5 2.78501E-5 3.43259E-5 3.6968E-5 3.14376E-5 2.39916E-5 1.60758E-5 1.50352E-5 1.93282E-5 2.20903E-5 3.77617E-5 4.41213E-5 3.91107E-5 1.6831E-5 3.11063E-5 3.63995E-5 1.55632E-5 4.61386E-6 1.33789E-5 2.21286E-5 2.27944E-5 2.81039E-5 3.93619E-5 5.11688E-5 4.59142E-5 3.33887E-5 2.37279E-5 2.21564E-5 3.29953E-5 4.60117E-5 5.20096E-5 3.96636E-5 4.99433E-5 5.71868E-5 4.13917E-5 3.76573E-5 5.27805E-5 5.61127E-5 5.89119E-5 4.94298E-5 3.5347E-5
7.44484E-6 9.4473E-6 1.10805E-5 1.18977E-5 1.13549E-5 9.65656E-6 1.19185E-5 1.67703E-5 2.0078E-5 2.21263E-5 8.86325E-6 1.70422E-5 2.31193E-5 3.31041E-5 4.41717E-5 4.59796E-5 3.41495E-5 3.98621E-6 1.77554E-6 2.78503E-7 2.09342E-5 1.66506E-6 5.26382E-6 2.24286E-6 2.05783E-6 2.85716E-5 2.54009E-5 2.452E-5 2.51361E-5 2.29019E-5 1.55707E-5 1.26726E-5 1.08994E-5 1.01416E-5 3.00493E-5 4.29282E-5 6.07111E-5 4.53788E-5 3.1561E-5 3.82161E-5 4.55371E-5 5.8736E-6 2.17438E-5 2.71336E-5 3.28687E-5 3.44611E-5 3.00944E-5 3.49409E-5 3.26114E-5 3.68695E-5 2.83152E-5 1.97774E-5 2.22744E-5 3.35299E-5 4.5421E-5 5.13139E-5 3.91813E-5 4.03957E-5 4.33682E-5 4.24465E-5 3.81961E-5 3.9884E-5 4.07183E-5 4.7751E-5 4.35804E-5 3.71218E-5
1.09093E-5 1.48144E-5 1.82869E-5 1.98222E-5 1.84888E-5 1.50174E-5 1.54032E-5 2.26699E-5 2.83885E-5 2.74629E-5 1.52999E-5 2.44938E-5 1.9663E-5 2.09593E-5 2.26219E-5 3.22494E-5 2.45719E-5 1.06802E-5 2.28887E-5 3.85605E-5 3.54984E-5 2.55142E-5 1.68576E-6 8.06438E-6 1.07708E-6 2.9684E-5 2.16973E-5 1.62187E-5 1.72973E-5 2.0249E-5 2.05785E-5 1.79842E-5 1.40861E-5 1.37717E-5 2.68953E-5 3.18708E-5 4.10937E-5 3.26808E-5 2.80685E-5 3.31443E-5 3.90743E-5 3.26726E-5 2.399E-5 2.63735E-5 4.50301E-5 4.42591E-5 2.00359E-5 2.66074E-5 4.15926E-5 1.82128E-8 4.35202E-9 2.04687E-6 1.02122E-7 1.58362E-8 6.8434E-7 5.57832E-6 8.23881E-6 1.64449E-5 4.50458E-5 6.14822E-5 4.71748E-5 3.33919E-5 2.34977E-5 3.87489E-5 2.8013E-5 4.6324E-5
1.47341E-5 2.21623E-5 2.82764E-5 3.06691E-5 2.76698E-5 2.19398E-5 1.75225E-5 2.65076E-5 3.54374E-5 4.02094E-5 2.78804E-5 1.29823E-5 1.92995E-5 1.6893E-5 2.23385E-5 2.05382E-6 5.92705E-6 1.11586E-5 5.38486E-6 1.57212E-5 8.09741E-6 6.27345E-6 3.22675E-5 2.53086E-5 3.09093E-5 2.77004E-5 2.20249E-5 1.28906E-5 2.28582E-5 3.06566E-5 3.12365E-5 2.67523E-5 1.96954E-5 2.14378E-5 3.12773E-5 4.17488E-5 4.51907E-5 2.54887E-5 1.79151E-5 2.56836E-5 3.36506E-5 3.27243E-5 2.70775E-5 3.28083E-5 2.41077E-5 9.73343E-6 1.98887E-5 2.32282E-5 2.30571E-6 6.95634E-8 4.23931E-11 3.08863E-10 1.73131E-8 1.10413E-7 1.72781E-6 2.69889E-6 3.1943E-5 4.55045E-5 3.94317E-5 2.07626E-5 4.0852E-5 2.16045E-5 1.45151E-5 1.84269E-5 3.08513E-5 4.47544E-5
1.80222E-5 2.75475E-5 3.8235E-5 4.98954E-5 3.65279E-5 2.59093E-5 1.89089E-5 2.54324E-5 3.52156E-5 4.44355E-5 3.09563E-5 6.87798E-6 2.25391E-5 2.33804E-5 7.49985E-6 5.8006E-7 1.70669E-6 1.37361E-5 2.40518E-6 2.97935E-6 6.04212E-6 2.3001E-6 1.22152E-5 3.80687E-5 3.4569E-5 2.44562E-5 2.05324E-5 2.51462E-5 2.2935E-5 1.43625E-5 3.514E-5 2.98852E-5 1.68694E-5 2.51925E-5 3.2456E-5 4.01152E-5 4.56254E-5 3.00641E-5 2.69515E-5 1.01855E-5 2.2479E-5 2.14605E-5 1.87165E-5 1.799E-5 1.34205E-6 1.4888E-5 1.26996E-5 2.41444E-7 1.66039E-7 2.24831E-9 2.08333E-7 2.46848E-7 4.1179E-6 6.89034E-6 3.3784E-5 5.42895E-5 4.15505E-5 3.86077E-5 9.9348E-6 1.54147E-8 4.10102E-6 1.56732E-5 2.4526E-5 1.21922E-5 3.24959E-5 3.54557E-5
1.86478E-5 2.81857E-5 4.0218E-5 5.3543E-5 4.03262E-5 2.69956E-5 1.88249E-5 2.08076E-5 2.7425E-5 1.90329E-5 1.97549E-5 4.55778E-5 3.90711E-5 4.60832E-5 2.17831E-5 8.3599E-6 9.03232E-6 8.09498E-6 2.33393E-5 3.77013E-7 9.88609E-8 1.50097E-6 3.58319E-5 3.45446E-5 2.92376E-5 2.09304E-5 2.74224E-5 3.50936E-5 3.42344E-5 2.83006E-5 3.25979E-5 2.70021E-5 2.19946E-5 3.3428E-5 3.67163E-5 2.07811E-5 2.51631E-5 2.41807E-5 2.30243E-5 1.10409E-5 1.91062E-5 1.11698E-5 1.46129E-5 1.79874E-5 1.70087E-5 3.46006E-6 9.97231E-6 4.94389E-8 1.39132E-8 2.2906E-7 1.39855E-7 3.59945E-6 2.47026E-5 2.64197E-6 3.83991E-5 1.31064E-5 2.63239E-6 1.05227E-6 6.59101E-9 3.07804E-8 1.52796E-5 5.54602E-5 3.36194E-5 1.19667E-5 2.6916E-5 3.26414E-5
1.61049E-5 2.36014E-5 2.98643E-5 3.44991E-5 3.19087E-5 2.52016E-5 1.74924E-5 1.48808E-5 1.98801E-5 2.82412E-5 4.03057E-5 5.44755E-5 4.05716E-5 2.44534E-5 4.51107E-7 2.5465E-5 8.93648E-6 2.72481E-5 3.11959E-5 7.706E-6 2.84823E-5 2.7103E-5 1.91573E-5 8.27327E-6 4.1547E-6 8.37263E-7 7.4046E-6 1.7214E-5 2.6436E-5 3.07725E-5 2.2968E-5 2.8874E-5 2.29076E-5 3.7141E-5 5.20912E-5 2.86775E-5 3.22816E-5 2.03336E-5 1.7442E-5 6.14013E-6 3.28424E-5 2.04031E-5 2.24224E-5 1.96847E-6 5.28137E-6 1.33815E-6 1.03239E-6 3.5591E-6 7.00838E-7 4.57797E-7 3.37634E-7 1.54279E-6 5.10152E-7 8.39901E-7 4.24032E-8 8.47079E-8 1.4629E-7 1.26437E-6 9.02708E-8 6.48404E-8 5.33563E-6 1.2574E-5 6.23356E-6 3.02768E-5 5.97986E-6 4.1137E-7
1.45684E-5 1.64288E-5 2.0488E-5 2.35138E-5 2.27167E-5 1.92443E-5 1.40975E-5 1.40284E-5 9.69508E-6 1.78314E-5 2.80718E-5 3.18199E-5 1.93847E-5 3.34693E-6 2.65868E-5 2.77932E-5 1.57396E-6 1.09246E-5 5.42316E-5 4.07538E-5 2.26392E-5 2.04913E-5 2.91625E-5 1.73764E-5 2.43974E-6 7.05815E-6 7.29259E-6 3.75984E-5 2.13118E-5 2.98029E-5 3.25432E-5 2.97749E-5 2.91356E-5 2.47071E-5 2.95525E-5 1.16474E-5 1.21001E-5 1.52012E-5 2.39144E-5 2.6697E-5 3.61772E-5 2.66968E-5 2.52484E-6 1.87467E-7 7.05084E-6 7.30318E-7 2.50599E-6 1.34369E-6 2.34676E-6 3.39714E-6 1.93563E-7 2.39945E-7 2.42154E-6 3.35288E-9 1.28662E-8 1.04621E-7 4.33671E-7 4.55306E-8 1.57527E-6 6.54524E-6 1.9544E-5 2.90643E-5 2.72315E-5 1.28726E-5 8.72864E-6 1.27712E-5
2.15698E-5 1.57634E-5 1.3145E-5 1.50902E-5 1.44196E-5 1.92448E-5 2.23965E-5 2.00712E-5 1.59949E-5 2.27213E-5 5.12794E-6 3.43813E-5 1.73929E-5 6.09384E-6 1.99773E-5 2.00293E-6 1.26387E-6 2.78052E-5 2.92639E-5 2.7776E-5 2.20325E-5 7.58339E-7 4.26824E-6 3.85724E-6 1.35445E-5 2.82014E-6 8.81693E-7 3.01994E-5 7.12163E-6 1.13489E-5 4.48567E-5 8.62188E-6 2.90021E-5 1.35302E-5 1.99296E-5 6.33416E-6 2.17334E-5 1.52045E-5 1.88345E-5 3.31259E-5 2.4782E-5 1.22733E-6 2.3539E-7 8.68616E-6 1.22048E-5 1.8959E-6 4.61838E-6 3.63972E-6 4.74352E-6 9.2068E-6 2.04806E-6 4.33103E-7 4.69726E-7 4.32561E-8 1.2918E-7 2.18793E-7 1.27947E-7 1.65338E-7 1.85111E-7 1.77617E-5 1.99065E-5 3.62377E-5 4.77229E-5 3.53844E-5 3.28958E-5 1.63256E-5
2.87576E-5 2.06971E-5 1.38992E-5 1.29294E-5 1.8718E-5 2.58715E-5 3.18046E-5 2.66728E-5 2.90179E-5 2.92761E-5 1.49404E-5 2.8209E-6 2.78667E-6 6.63707E-6 9.37554E-7 2.65553E-6 2.66028E-6 1.81381E-6 3.17966E-5 2.8127E-5 1.75828E-5 2.58945E-5 4.48807E-5 2.86862E-5 3.99159E-6 4.04901E-7 7.49952E-7 4.03139E-6 1.9061E-5 1.23213E-5 3.12101E-5 2.7031E-5 1.70561E-5 1.49519E-5 2.20238E-5 3.43493E-5 2.75419E-5 2.4075E-5 1.89002E-5 3.58074E-6 2.50723E-5 1.67096E-5 5.02232E-6 1.72482E-5 1.90744E-5 1.44116E-5 1.06735E-5 8.114E-7 1.33859E-7 1.78215E-6 2.126E-7 4.86645E-9 3.27977E-6 4.29929E-7 7.28824E-8 1.20902E-7 1.13813E-7 4.32483E-7 6.49373E-7 4.23687E-6 3.79492E-5 3.6784E-5 4.54409E-5 1.12E-5 6.69415E-6 2.72346E-5
3.13822E-5 2.18403E-5 1.3791E-5 1.37985E-5 1.9246E-5 3.08763E-5 2.35651E-5 3.7416E-5 2.23024E-5 7.03765E-6 2.54422E-5 9.90734E-7 1.17298E-5 1.73125E-6 3.42294E-6 2.49362E-6 8.04898E-7 2.18914E-5 3.58317E-5 3.71292E-5 2.7887E-5 1.57639E-5 4.41466E-6 1.09893E-6 2.92453E-6 1.16162E-5 8.89913E-6 5.05622E-6 1.28276E-6 2.34359E-5 4.78005E-5 6.86297E-6 1.76947E-5 1.27372E-5 1.3264E-5 3.1163E-5 3.8366E-5 2.76415E-5 1.18697E-5 6.26505E-6 1.19856E-5 1.602E-5 8.9139E-6 2.79856E-5 1.45702E-5 2.44714E-5 5.489E-6 1.51958E-6 1.6976E-7 1.26789E-6 5.87372E-8 1.5981E-7 9.03167E-7 6.21234E-8 1.16128E-6 6.69332E-8 9.73631E-7 2.88803E-6 1.80275E-5 2.94102E-5 2.51316E-5 2.15475E-5 2.99464E-6 1.19247E-6 5.14818E-8 9.70862E-6
2.6449E-5 1.89561E-5 1.23765E-5 1.29565E-5 2.03462E-5 2.57361E-5 3.88264E-5 8.73893E-6 9.88455E-8 5.39015E-6 2.82617E-6 8.01153E-6 1.16175E-5 6.26333E-6 7.52214E-7 2.64261E-6 2.47315E-5 2.98862E-5 1.31662E-5 4.01416E-5 2.26087E-5 1.37204E-6 3.0863E-7 4.67261E-6 3.13528E-6 2.39382E-5 6.93994E-6 1.08899E-5 1.19015E-5 1.33519E-5 8.9581E-6 1.49379E-6 3.37263E-6 2.12784E-5 2.86474E-5 3.38197E-5 3.56375E-5 3.07907E-5 4.20658E-5 4.0881E-5 1.53432E-5 2.52985E-5 1.89818E-5 2.47315E-5 3.28481E-5 2.32363E-5 2.88671E-6 5.98773E-8 2.54868E-8 1.60177E-7 4.77431E-7 2.89515E-6 1.84833E-8 5.73567E-7 1.75467E-7 8.69532E-7 2.69151E-7 2.49541E-6 4.15248E-7 7.30659E-6 1.43229E-6 3.44224E-7 2.70539E-6 2.46302E-6 1.66766E-6 1.71055E-5
1.88839E-5 1.4788E-5 9.48298E-6 1.35822E-5 1.48509E-5 2.54476E-6 1.02434E-5 5.46678E-6 1.78783E-5 1.56339E-6 2.81051E-7 5.2241E-6 2.11051E-5 2.05954E-5 1.61647E-5 8.0345E-6 7.45811E-8 2.64524E-5 3.62652E-5 2.82852E-5 9.19486E-7 2.81149E-7 2.93725E-7 4.25994E-7 1.11178E-5 3.1077E-5 1.12944E-5 1.75338E-5 2.91767E-5 3.58478E-6 7.96082E-6 3.84622E-6 2.70867E-5 2.79092E-5 2.07397E-5 6.53442E-6 6.03739E-6 1.14268E-5 1.3392E-5 3.04606E-5 2.34983E-5 2.43193E-5 2.17564E-5 3.4054E-5 1.77067E-5 2.33427E-5 1.66983E-7 1.03228E-6 6.18261E-7 5.88736E-7 2.76884E-7 6.4791E-6 8.54617E-7 6.54779E-8 1.14744E-7 2.26815E-6 1.80984E-6 8.1249E-7 7.57028E-8 1.59263E-10 3.45309E-7 7.89891E-6 4.11586E-7 2.49504E-7 1.7961E-8 2.11364E-9
2.22671E-5 1.70416E-5 1.9763E-5 2.23612E-5 4.74622E-6 3.4167E-6 3.15217E-7 4.41417E-7 1.95869E-5 8.16138E-7 4.52983E-6 7.57568E-8 1.18667E-5 1.5186E-6 1.84339E-7 3.21745E-7 1.15669E-5 2.34727E-5 2.45719E-5 2.91735E-5 3.71526E-6 1.19077E-6 5.59517E-7 2.34638E-6 1.12999E-6 6.27122E-6 8.14501E-6 2.59367E-5 1.41401E-5 1.90158E-6 2.32747E-5 2.43101E-5 4.19115E-5 2.31947E-5 6.72778E-6 7.1031E-7 1.84389E-5 1.64912E-5 1.17993E-5 2.68849E-5 1.33054E-5 1.80349E-5 1.23433E-5 2.14353E-5 3.14463E-5 2.12076E-5 2.74591E-6 4.6642E-9 3.23294E-7 1.99281E-6 1.02631E-7 7.39255E-6 5.68313E-9 6.89233E-9 4.43271E-8 2.63043E-8 1.63146E-6 6.39485E-7 6.32672E-7 5.30161E-10 2.63802E-8 7.47334E-8 6.11027E-10 4.6967E-8 9.99512E-9 5.15761E-9
1.91471E-5 1.98848E-5 2.51738E-5 2.30187E-5 5.91088E-6 4.32673E-7 2.03031E-7 2.05631E-7 8.65833E-7 1.47282E-6 5.12938E-6 3.03386E-6 7.46095E-7 3.41267E-7 3.41281E-7 1.79028E-6 6.11672E-7 1.51251E-5 8.5922E-6 1.43711E-6 1.90639E-5 1.23743E-5 3.56396E-6 1.68211E-6 1.04451E-6 1.06232E-6 1.79247E-6 2.43349E-6 8.02092E-6 1.78284E-5 1.79024E-5 2.49316E-5 3.51827E-5 3.73512E-5 9.13815E-6 1.40111E-5 2.01791E-5 3.81724E-5 2.7399E-5 1.05401E-5 4.95502E-6 2.85178E-5 3.42482E-5 2.6562E-5 2.62523E-5 5.52057E-7 4.2027E-6 7.98952E-9 4.69664E-8 1.87131E-7 9.26755E-8 1.46042E-6 2.14933E-7 2.12472E-8 1.85006E-6 8.18556E-7 1.33531E-6 2.28244E-7 6.33744E-7 4.90535E-8 1.74433E-9 7.97629E-7 1.50338E-9 6.44054E-9 3.1877E-9 8.00937E-7
1.00357E-5 2.11672E-5 1.19848E-5 2.97333E-5 4.80879E-6 5.33718E-6 4.03993E-5 8.01781E-6 1.995E-6 1.08365E-6 1.05667E-7 3.35633E-6 2.40611E-7 1.00705E-7 3.43947E-5 1.38072E-7 1.09425E-5 3.25427E-5 4.94486E-6 4.71272E-6 7.35629E-6 4.49496E-6 2.21833E-5 1.47744E-5 2.11278E-6 4.05458E-6 1.27722E-5 1.85104E-6 1.77552E-5 1.41573E-5 1.81085E-5 2.51589E-5 2.24345E-5 3.54481E-5 1.2747E-5 1.92845E-5 2.86748E-5 2.53881E-5 2.31036E-5 3.55828E-6 1.63365E-5 3.40089E-5 4.71298E-5 4.34863E-5 9.55286E-6 3.26944E-8 1.94825E-7 6.77957E-9 4.26811E-7 1.67893E-7 1.62378E-8 1.69812E-7 2.23343E-6 1.67938E-8 9.28373E-8 5.32313E-7 3.04184E-6 3.98771E-7 1.18056E-7 6.78746E-8 7.91394E-9 5.01185E-9 4.22235E-8 1.42598E-6 6.14076E-7 1.35128E-7
9.29364E-6 1.88398E-5 3.13038E-6 1.20105E-5 1.27806E-7 2.18131E-7 1.09743E-6 1.1472E-7 4.9967E-9 1.01714E-6 3.32683E-6 1.3664E-5 3.07701E-8 1.09281E-8 5.04338E-6 7.70632E-6 3.214E-6 1.37512E-5 5.75127E-7 6.06819E-8 1.34523E-6 2.41924E-6 2.66837E-5 1.3263E-5 3.86457E-6 7.90245E-6 2.2781E-5 1.47457E-5 7.6308E-6 3.16249E-6 1.59944E-5 1.91924E-5 2.18569E-5 2.27182E-5 2.92485E-5 3.53265E-5 4.44029E-5 3.56762E-5 2.84537E-5 2.29718E-5 1.7853E-5 3.13382E-5 3.91935E-5 2.6616E-5 1.97839E-5 3.32655E-7 3.69519E-7 4.33538E-6 1.52509E-7 5.55482E-8 2.43509E-8 1.99609E-9 2.05091E-7 1.12671E-7 2.31221E-7 5.87521E-7 1.36403E-6 5.28496E-8 1.16008E-7 5.0533E-10 5.77399E-7 1.27694E-7 3.74329E-7 1.58138E-5 2.04879E-7 2.17212E-7
1.63615E-6 5.61448E-6 1.56599E-6 9.70548E-6 9.82955E-6 4.22602E-7 5.75536E-7 4.34074E-7 3.62989E-5 5.40388E-6 3.39614E-5 1.27279E-5 7.29804E-7 5.84829E-9 1.66227E-7 2.42019E-5 3.19833E-6 3.59263E-6 7.84051E-7 7.94664E-6 1.90815E-5 3.10764E-6 8.5045E-6 1.3776E-5 8.081E-6 2.32159E-5 2.03056E-5 1.72138E-5 2.18279E-5 2.06931E-5 6.3482E-6 3.91372E-6 1.9851E-5 1.45187E-5 3.40282E-5 4.81896E-5 3.34009E-5 2.79699E-5 1.85232E-5 2.5469E-5 4.66706E-5 3.71293E-5 3.66155E-5 3.25079E-5 2.23268E-5 1.32927E-5 8.5604E-6 4.35445E-6 1.55335E-7 2.3669E-8 8.06453E-8 1.1289E-10 1.6098E-8 1.82641E-7 1.02407E-6 1.20286E-5 1.59915E-6 1.02129E-7 7.83536E-9 1.11689E-9 3.81142E-7 5.46474E-8 3.66534E-7 3.78461E-7 2.81628E-7 2.60679E-8
1.57735E-7 1.68813E-6 4.73571E-7 2.57222E-5 2.15062E-5 3.15202E-6 4.04748E-7 5.18161E-6 3.1055E-5 1.23753E-5 7.33296E-6 7.3615E-6 1.64481E-5 3.06604E-7 3.54554E-6 5.96942E-6 3.8221E-6 3.09889E-7 6.01387E-6 9.18003E-6 5.95653E-6 1.08283E-5 1.25348E-5 5.6959E-6 2.68108E-5 2.30564E-5 3.13919E-5 1.29963E-5 4.5068E-6 1.81729E-5 3.3827E-6 1.27051E-6 5.3825E-6 5.71166E-6 3.99592E-8 1.48868E-6 1.32338E-5 2.22504E-5 2.21677E-5 1.57791E-5 3.97076E-5 3.37199E-5 4.37794E-5 1.44979E-5 2.1222E-5 1.64895E-6 5.01543E-6 4.06875E-6 4.39342E-7 4.45724E-8 6.28269E-9 1.14714E-9 4.09129E-8 3.61802E-7 4.2416E-7 1.15458E-5 4.71107E-6 2.35463E-8 6.9415E-7 4.2528E-7 2.03651E-8 2.92713E-8 1.09316E-6 3.49771E-5 6.01066E-6 6.08782E-7
2.08422E-6 5.8907E-7 9.46736E-7 1.8945E-5 2.87879E-5 3.25753E-6 2.71115E-5 3.09353E-5 1.54911E-6 8.36692E-6 2.7502E-5 1.01114E-7 3.4872E-7 2.67871E-7 2.52551E-7 4.72578E-8 3.47019E-7 1.00862E-5 9.64045E-6 6.16406E-6 6.2261E-6 2.01503E-5 2.79784E-5 2.78212E-5 3.1842E-5 1.7287E-5 4.92075E-6 6.86124E-8 2.58145E-5 2.99548E-5 5.0308E-6 2.44869E-6 5.06066E-6 2.90249E-7 4.7094E-7 1.53158E-7 1.40366E-6 2.37982E-6 9.72147E-6 2.17991E-5 1.83662E-5 3.19253E-5 3.21674E-5 3.11965E-5 2.50926E-5 1.80321E-5 6.15502E-6 3.4243E-6 2.5806E-6 1.46179E-7 2.27687E-7 1.08015E-6 5.78765E-7 1.73272E-6 9.49404E-6 2.96561E-6 1.12811E-5 3.52567E-6 6.55326E-7 2.19611E-7 1.25466E-6 2.10359E-7 1.48091E-8 5.34158E-6 2.94437E-7 2.97971E-6
3.08097E-6 7.35271E-7 8.52426E-6 1.99503E-5 3.8328E-6 1.68098E-5 2.43566E-5 1.43973E-5 5.23991E-6 1.5062E-5 8.71094E-6 2.57241E-6 4.13718E-6 2.8034E-7 7.65073E-9 8.3854E-7 1.77296E-7 1.21613E-5 4.34509E-6 1.66552E-5 2.75397E-5 2.58846E-5 3.26383E-5 3.26522E-5 3.26185E-5 3.61606E-5 3.1371E-5 7.73021E-6 1.26733E-5 3.33012E-5 2.35515E-5 2.3205E-5 4.22312E-5 1.93379E-5 1.2228E-5 7.84844E-6 1.43842E-5 3.00939E-7 1.17989E-5 2.40241E-5 8.33725E-6 3.0393E-5 6.48125E-6 1.93716E-5 1.08076E-5 1.35786E-5 1.69273E-5 8.43198E-6 2.27873E-6 6.51636E-8 1.11589E-7 4.80462E-7 2.36627E-7 9.25052E-7 3.31559E-6 1.96248E-5 1.24467E-5 3.11853E-5 3.88464E-6 2.06961E-6 1.41783E-6 8.93194E-7 1.01506E-6 2.112E-6 1.38987E-6 1.52649E-6
1.36144E-5 7.45459E-7 1.91705E-6 1.55913E-6 1.90088E-5 1.93348E-5 2.96812E-5 1.07032E-5 1.38732E-5 5.93535E-6 8.63891E-6 2.50359E-5 2.05229E-8 1.67346E-7 3.32798E-8 3.16986E-6 3.35848E-6 2.3757E-5 9.72471E-6 1.86793E-5 1.90177E-5 1.93881E-6 2.56059E-5 8.13064E-6 1.42537E-6 3.72621E-6 3.31088E-6 2.95276E-5 2.92222E-5 5.83773E-6 6.04718E-6 1.57789E-5 3.5231E-5 1.95237E-5 2.86073E-5 3.65212E-5 2.13509E-5 4.5914E-7 1.22693E-7 8.13809E-6 1.78592E-5 2.23482E-5 3.79003E-6 8.88056E-6 1.86148E-5 1.84467E-5 2.28241E-5 1.27919E-5 4.94642E-7 6.78939E-7 1.1764E-7 1.23859E-6 1.16861E-6 7.14771E-6 5.12278E-7 7.57801E-6 1.12999E-5 2.74489E-5 3.18987E-7 2.21086E-7 8.76609E-7 1.01142E-6 1.17303E-5 8.68616E-6 2.20572E-5 7.93941E-6
6.36762E-6 5.9618E-6 1.0875E-5 2.23377E-6 2.31623E-5 3.72079E-5 2.84282E-5 2.15489E-5 2.60873E-5 1.37596E-5 9.47835E-6 1.36428E-5 5.12931E-8 1.73306E-8 1.44095E-8 4.8658E-6 2.31597E-5 2.46679E-6 5.8252E-6 2.06871E-5 1.42551E-5 2.11189E-6 3.25241E-6 4.57555E-6 9.05153E-7 4.6993E-7 6.1797E-6 2.15365E-5 4.46478E-6 1.21804E-5 1.42401E-5 2.34956E-5 4.81627E-6 1.29257E-5 2.06098E-6 1.75386E-5 1.59219E-5 3.15343E-6 3.2306E-7 3.97807E-6 3.46621E-5 3.89855E-5 3.32395E-5 8.50874E-6 2.02183E-5 2.76911E-5 2.13196E-5 4.76575E-6 7.93199E-6 1.46487E-5 2.03922E-6 6.43948E-8 9.05841E-7 1.61353E-6 1.13428E-6 3.34605E-6 4.69037E-8 2.09572E-6 5.06708E-6 3.74636E-7 2.54933E-6 3.85832E-6 3.69582E-5 2.56208E-5 2.07708E-5 1.72567E-5
6.79422E-5 2.45114E-5 4.8898E-6 5.84766E-6 2.43081E-5 6.34116E-7 5.57031E-6 1.64971E-5 1.05411E-5 6.65106E-6 6.8733E-6 5.02726E-5 8.85941E-7 2.64141E-6 5.80145E-6 2.1019E-5 2.41623E-5 6.29576E-6 1.63767E-5 1.98232E-5 8.60707E-6 1.42432E-6 3.59207E-6 3.36934E-5 1.05682E-5 1.54704E-5 2.73556E-6 4.36677E-6 2.87503E-6 5.51266E-6 1.90672E-5 1.09489E-6 1.037E-5 5.53845E-6 1.98991E-6 1.24447E-5 2.5059E-5 1.6235E-6 5.07007E-6 1.41804E-5 1.87563E-5 3.03176E-5 2.14662E-5 3.18269E-6 1.44273E-5 1.84455E-5 1.0999E-5 5.20268E-6 4.31349E-6 9.79256E-6 1.3955E-6 1.18773E-7 1.11507E-6 1.08778E-6 8.17792E-8 2.03279E-6 3.27477E-7 3.76853E-7 1.37651E-6 5.72267E-7 1.9445E-7 2.36594E-6 1.92739E-5 5.88704E-6 7.26185E-6 1.72855E-7
8.17304E-5 7.05992E-6 3.05453E-6 2.96591E-6 1.93362E-5 6.73429E-8 1.43243E-5 6.89504E-7 1.43499E-5 1.24812E-6 3.35851E-6 9.25798E-6 7.57468E-6 9.84802E-8 5.61769E-7 3.00904E-5 1.19397E-5 1.0869E-5 1.13023E-5 3.40833E-5 2.45253E-5 1.25433E-6 2.79182E-6 2.64972E-5 3.8884E-5 3.10554E-5 2.52016E-5 3.30165E-6 2.74943E-6 2.20136E-6 2.50891E-5 7.8617E-6 4.13368E-5 1.64201E-5 1.91011E-5 6.49433E-7 2.10068E-6 6.03124E-8 2.62725E-6 7.85839E-6 1.43812E-5 5.38519E-6 9.71688E-6 3.97746E-6 4.07024E-6 5.92909E-6 4.28216E-6 1.65943E-6 6.97978E-7 2.24637E-5 5.15846E-7 8.34498E-8 1.11022E-7 1.10713E-6 2.05387E-7 6.4116E-8 5.82494E-6 3.44132E-7 9.3674E-6 8.45715E-7 7.60871E-8 6.44706E-7 1.29369E-5 2.56272E-7 7.68901E-6 6.39764E-7
1.08543E-5 2.73805E-5 2.98653E-5 2.22052E-5 1.43041E-5 6.52902E-6 1.2786E-5 1.42725E-6 1.44835E-5 4.84567E-6 3.5797E-8 1.92506E-5 9.02514E-7 4.57023E-7 6.59228E-7 1.15567E-6 4.18622E-7 5.5089E-7 2.98507E-5 2.65083E-5 3.10928E-5 7.35894E-6 4.66067E-6 2.82189E-5 1.75773E-5 4.04037E-5 2.8455E-5 3.48723E-5 1.95144E-5 3.32366E-5 3.26928E-5 3.59003E-5 3.2697E-5 6.87301E-6 6.25468E-6 7.57744E-6 3.65042E-6 1.91659E-7 4.57092E-7 1.42587E-7 3.29034E-6 3.71745E-7 6.23849E-7 1.2353E-7 1.01582E-6 8.10411E-7 1.15772E-6 4.19145E-7 5.6136E-6 9.80789E-6 1.41386E-5 3.95567E-6 2.96504E-7 8.72222E-6 1.02989E-6 6.77653E-8 3.79632E-6 2.38564E-5 2.19267E-5 3.47793E-7 9.92902E-8 3.89201E-7 1.36489E-6 7.78432E-6 2.31608E-6 1.22012E-8
2.75629E-7 2.00807E-7 3.92396E-6 2.13089E-5 3.5685E-6 1.19139E-6 1.17474E-5 1.12277E-6 1.52795E-6 1.43696E-6 9.26311E-7 4.03978E-7 1.68667E-5 1.44836E-5 1.6841E-5 1.10114E-8 1.18405E-6 5.8078E-6 1.20825E-5 4.94097E-5 5.06839E-5 8.54068E-6 4.21283E-5 6.55423E-6 2.20255E-5 4.14416E-5 3.87519E-5 3.3997E-5 8.12605E-6 4.91268E-6 1.08323E-5 3.71777E-6 2.29506E-6 1.06565E-5 2.26418E-7 9.42912E-8 7.35177E-7 9.15729E-7 2.65024E-7 5.92756E-6 8.32639E-8 3.29253E-7 9.9667E-9 5.36362E-8 1.26718E-8 1.54086E-6 1.24947E-8 8.47829E-6 2.64504E-7 1.89842E-6 1.46464E-6 1.8349E-5 2.3417E-6 1.81382E-5 1.468E-5 2.01118E-7 3.54997E-8 6.1654E-8 3.2715E-8 3.29402E-9 2.53421E-7 6.519E-8 1.71458E-7 2.8578E-6 6.99481E-6 8.26101E-6
2.19836E-7 2.44714E-8 3.82474E-6 2.29698E-6 7.45964E-6 1.16077E-5 1.71448E-5 7.68721E-7 6.13353E-6 2.73212E-6 1.4463E-6 1.02234E-6 3.106E-6 8.32659E-6 2.71726E-5 3.67454E-7 6.86323E-8 1.21888E-5 3.22298E-5 3.6373E-5 3.3208E-5 4.00315E-7 4.06667E-7 1.37981E-5 1.79018E-6 5.47527E-5 5.63533E-5 3.28269E-5 7.76913E-6 1.64287E-6 8.37289E-6 9.238E-6 2.48866E-7 2.53338E-7 8.45797E-8 7.5016E-8 3.61758E-7 1.43983E-6 5.53797E-6 2.53834E-6 2.73322E-7 5.04162E-7 5.81099E-6 2.26727E-6 1.49113E-7 6.17393E-6 1.4832E-6 1.54487E-6 2.28584E-7 2.27747E-7 4.01664E-7 4.16826E-6 3.53295E-8 1.08922E-5 7.39519E-6 8.61093E-7 4.03062E-8 1.80464E-7 5.67431E-8 1.50497E-9 3.48818E-9 6.26186E-10 1.43138E-8 2.39444E-9 2.48798E-7 1.34534E-7
5.8984E-6 4.74726E-6 4.18221E-6 1.91207E-5 3.27659E-5 2.91144E-5 2.70845E-5 1.25161E-6 9.77313E-6 9.93221E-6 7.55257E-7 2.82767E-7 4.30775E-9 1.09517E-7 1.0854E-5 5.93164E-6 2.4432E-5 2.87717E-5 6.2772E-7 2.09598E-5 2.43817E-5 9.40392E-6 2.36952E-6 9.05947E-6 6.54482E-6 3.75122E-5 4.26311E-5 1.21302E-5 2.43829E-5 7.12095E-6 1.56892E-6 8.51479E-7 1.82941E-5 3.11887E-6 1.59297E-8 1.60331E-6 2.44889E-8 7.77504E-6 1.90588E-5 4.83524E-6 6.0385E-7 1.23362E-6 2.32608E-6 2.09554E-6 1.42666E-5 3.09043E-5 2.63342E-5 2.51694E-5 3.63015E-6 1.61773E-6 4.60412E-8 3.255E-7 2.30864E-8 2.89881E-6 1.84303E-7 2.79049E-7 1.43478E-7 3.19622E-6 3.03606E-7 3.96628E-10 1.06336E-10 1.31374E-8 4.83132E-9 1.18091E-9 8.74378E-12 2.64821E-7
