catData/rasterBestHybridModels/Pbengalensis/RDbal_RM1_L/Pbengalensis_max.asc
ncols         409
nrows         350
xllcorner     60.897278365
yllcorner     5.843756025
cellsize      0.0892857
NODATA_value  -9999
[rows 87 to 115 of 350, columns 330 to 395 of 409]
-9999 -9999 -9999 -9999 -9999 -9999 -9999 -9999 -9999 -9999 -9999 -9999 -9999 -9999 -9999 -9999 -9999 -9999 -9999 -9999 -9999 -9999 -9999 -9999 -9999 -9999 -9999 -9999 -9999 -9999 -9999 -9999 -9999 -9999 -9999 -9999 -9999 -9999 -9999 -9999 -9999 -9999 -9999 -9999 -9999 -9999 -9999 1.13182E-5 1.19688E-5 -9999 -9999 -9999 -9999 -9999 -9999 -9999 -9999 -9999 -9999 -9999 8.22944E-6 7.38903E-6 6.21788E-6 6.65205E-6 6.34756E-6 6.044E-6
-9999 -9999 -9999 -9999 -9999 -9999 -9999 -9999 -9999 -9999 -9999 -9999 -9999 -9999 -9999 -9999 -9999 -9999 -9999 -9999 -9999 -9999 -9999 -9999 -9999 -9999 -9999 -9999 -9999 -9999 -9999 -9999 -9999 -9999 -9999 -9999 -9999 -9999 -9999 -9999 -9999 -9999 -9999 -9999 -9999 1.22236E-5 1.58409E-5 1.73107E-5 1.38625E-5 1.46082E-5 -9999 -9999 -9999 -9999 -9999 -9999 -9999 -9999 9.83772E-6 9.62337E-6 8.90812E-6 7.57181E-6 7.54464E-6 7.55161E-6 7.09603E-6 8.17183E-6
-9999 -9999 -9999 -9999 -9999 -9999 -9999 -9999 -9999 -9999 -9999 -9999 -9999 -9999 -9999 -9999 -9999 -9999 -9999 -9999 -9999 -9999 -9999 -9999 -9999 -9999 -9999 -9999 -9999 -9999 -9999 -9999 -9999 -9999 -9999 -9999 -9999 -9999 -9999 -9999 -9999 -9999 -9999 1.23405E-5 1.58794E-5 1.52417E-5 1.65604E-5 2.08921E-5 1.80999E-5 1.55189E-5 1.19712E-5 2.65947E-5 4.21281E-5 2.22936E-5 -9999 -9999 -9999 1.26895E-5 1.27256E-5 1.15356E-5 9.97949E-6 9.10991E-6 8.47446E-6 8.67317E-6 9.08955E-6 1.06076E-5
-9999 -9999 -9999 -9999 -9999 -9999 -9999 -9999 -9999 -9999 -9999 -9999 -9999 -9999 -9999 -9999 -9999 -9999 -9999 -9999 -9999 -9999 -9999 -9999 -9999 -9999 -9999 -9999 -9999 -9999 -9999 -9999 -9999 -9999 -9999 -9999 -9999 -9999 -9999 -9999 -9999 -9999 1.20101E-5 1.51672E-5 2.18136E-5 2.09285E-5 1.76126E-5 2.22961E-5 2.22248E-5 2.43361E-5 2.73806E-5 1.37179E-4 1.43316E-4 6.80263E-5 3.04222E-5 2.54505E-5 -9999 2.24186E-5 1.65561E-5 1.81609E-5 1.30827E-5 1.07137E-5 9.54239E-6 1.0747E-5 1.24982E-5 -9999
-9999 -9999 -9999 -9999 -9999 -9999 -9999 -9999 -9999 -9999 -9999 -9999 -9999 -9999 -9999 -9999 -9999 -9999 -9999 -9999 -9999 -9999 -9999 -9999 -9999 -9999 -9999 -9999 -9999 -9999 -9999 -9999 -9999 -9999 -9999 -9999 -9999 -9999 -9999 -9999 -9999 -9999 1.54929E-5 1.66254E-5 2.39955E-5 2.86691E-5 2.11343E-5 3.19094E-5 3.59572E-5 1.01238E-4 1.39869E-4 2.16123E-4 1.76016E-4 1.07639E-4 3.83747E-5 2.58343E-5 2.5706E-5 2.74394E-5 4.00403E-5 3.92787E-5 1.58275E-5 1.21111E-5 1.3484E-5 1.38432E-5 1.7983E-5 -9999
-9999 -9999 -9999 -9999 -9999 -9999 -9999 -9999 -9999 -9999 -9999 -9999 -9999 -9999 -9999 -9999 -9999 -9999 -9999 -9999 -9999 -9999 -9999 -9999 -9999 -9999 -9999 -9999 -9999 -9999 -9999 -9999 -9999 -9999 -9999 -9999 -9999 -9999 -9999 -9999 -9999 2.14142E-5 1.91776E-5 1.61937E-5 2.68538E-5 4.28491E-5 3.81226E-5 7.63866E-5 1.98653E-4 2.46855E-4 2.06879E-4 7.80923E-5 1.59832E-4 2.24327E-4 1.20798E-4 4.28669E-5 4.28386E-5 3.35629E-5 5.41853E-5 8.19567E-5 4.3219E-5 2.51693E-5 2.77195E-5 2.34403E-5 2.44444E-5 2.38141E-5
-9999 -9999 -9999 -9999 -9999 -9999 -9999 -9999 -9999 -9999 -9999 -9999 -9999 -9999 -9999 -9999 -9999 -9999 -9999 -9999 -9999 -9999 -9999 -9999 -9999 -9999 -9999 -9999 -9999 -9999 -9999 -9999 -9999 -9999 -9999 -9999 -9999 -9999 -9999 -9999 -9999 2.3464E-5 2.89519E-5 2.79855E-5 2.72632E-5 6.13194E-5 5.97155E-5 1.03626E-4 1.91395E-4 2.15376E-4 3.34524E-4 2.41022E-4 1.27339E-4 8.15792E-5 7.64509E-5 6.3424E-5 6.03576E-5 7.7854E-5 6.49973E-5 6.32781E-5 6.18659E-5 3.35104E-5 7.37418E-5 7.71899E-5 6.74408E-5 3.17056E-5
-9999 -9999 -9999 -9999 -9999 -9999 -9999 -9999 -9999 -9999 -9999 -9999 -9999 -9999 -9999 -9999 -9999 -9999 -9999 -9999 -9999 -9999 -9999 -9999 -9999 -9999 -9999 -9999 -9999 -9999 -9999 -9999 -9999 8.25303E-6 1.14288E-5 1.45771E-5 1.20297E-5 1.39922E-5 1.75045E-5 1.88372E-5 1.77726E-5 2.16602E-5 3.61957E-5 6.52937E-5 3.61762E-5 8.29319E-5 9.3428E-5 2.76929E-4 3.94243E-4 1.44539E-4 1.04624E-4 9.97558E-5 1.12017E-4 1.05445E-4 1.26745E-4 1.49224E-4 5.39666E-5 9.77099E-5 6.93649E-5 1.28101E-4 8.12731E-5 1.03863E-4 9.59995E-5 9.65943E-5 1.33075E-4 7.95414E-5
-9999 -9999 -9999 -9999 -9999 -9999 -9999 -9999 -9999 -9999 -9999 -9999 -9999 -9999 -9999 -9999 -9999 -9999 -9999 -9999 -9999 -9999 -9999 -9999 -9999 -9999 -9999 -9999 -9999 -9999 -9999 -9999 -9999 1.51576E-5 1.10312E-5 1.92688E-5 1.45929E-5 1.49429E-5 1.66142E-5 2.20568E-5 2.50989E-5 2.4327E-5 3.10529E-5 8.08002E-5 1.28977E-4 1.74995E-4 1.46013E-4 5.10824E-4 2.17913E-4 1.30446E-4 1.16641E-4 1.31552E-4 2.03685E-4 1.22105E-4 1.67898E-4 2.64055E-4 1.01241E-4 1.74481E-4 2.34459E-4 2.68126E-4 3.06486E-4 2.41795E-4 2.30098E-4 9.06895E-5 9.90591E-5 6.90628E-5
-9999 -9999 -9999 -9999 -9999 -9999 -9999 -9999 -9999 -9999 -9999 -9999 -9999 -9999 -9999 -9999 -9999 -9999 -9999 -9999 -9999 -9999 -9999 -9999 -9999 -9999 -9999 -9999 -9999 -9999 -9999 -9999 1.31153E-5 2.27228E-5 2.05102E-5 1.88117E-5 1.46916E-5 1.22028E-5 1.56782E-5 2.23081E-5 2.33267E-5 3.51911E-5 7.20946E-5 1.05296E-4 1.92091E-4 1.19088E-4 2.75118E-4 1.84176E-4 2.53367E-4 2.14285E-4 3.52542E-4 1.38876E-4 1.60768E-4 1.24975E-4 1.7812E-4 3.14079E-4 6.71333E-4 1.87863E-4 2.10367E-4 1.62797E-4 4.29095E-4 4.6767E-4 2.98529E-4 8.9909E-5 9.45009E-5 8.64627E-5
-9999 -9999 -9999 -9999 -9999 -9999 -9999 -9999 -9999 -9999 -9999 -9999 -9999 -9999 -9999 -9999 -9999 -9999 -9999 -9999 -9999 -9999 -9999 -9999 -9999 -9999 -9999 -9999 -9999 -9999 -9999 -9999 2.18619E-5 2.54147E-5 3.02945E-5 2.19206E-5 2.07952E-5 8.57769E-5 1.28178E-4 1.27741E-4 1.0872E-4 1.00467E-4 1.05379E-4 1.28557E-4 1.22001E-4 4.59136E-4 7.86075E-4 1.94721E-4 4.54038E-4 3.74601E-4 6.02391E-4 2.66331E-4 2.42965E-4 1.93565E-4 2.92138E-4 1.97543E-4 4.13688E-4 5.72738E-4 3.5241E-4 6.09389E-4 9.90317E-4 4.19086E-4 5.3258E-4 6.32675E-4 2.52733E-4 1.90681E-4
-9999 -9999 -9999 -9999 -9999 -9999 -9999 -9999 -9999 -9999 -9999 -9999 -9999 -9999 -9999 -9999 -9999 -9999 -9999 -9999 -9999 -9999 -9999 -9999 -9999 -9999 -9999 -9999 -9999 -9999 2.33544E-5 2.34905E-5 2.67313E-5 2.88673E-5 3.5956E-5 3.48556E-5 3.44212E-5 8.95806E-5 7.93869E-5 1.7797E-4 1.9958E-4 7.8474E-5 1.14084E-4 2.2814E-4 4.3503E-4 6.12433E-4 4.08102E-4 5.02476E-4 5.23836E-4 1.17514E-3 5.74554E-4 4.07709E-4 3.55819E-4 2.48509E-4 6.28381E-4 6.85042E-4 1.28034E-3 8.6267E-4 7.49841E-4 1.74588E-4 2.80349E-4 5.86698E-4 4.28173E-4 4.80079E-4 1.66714E-3 4.38758E-4
1.24436E-4 1.13705E-4 -9999 -9999 -9999 -9999 -9999 -9999 -9999 -9999 -9999 -9999 -9999 -9999 -9999 -9999 -9999 -9999 -9999 -9999 -9999 -9999 -9999 -9999 -9999 -9999 -9999 -9999 -9999 2.45634E-5 2.1012E-5 1.93025E-5 3.56419E-5 3.95349E-5 4.22501E-5 6.38866E-5 7.89802E-5 1.20751E-4 1.07069E-4 1.19211E-4 1.0207E-4 1.37919E-4 1.21206E-4 1.40479E-4 9.04992E-4 1.40188E-3 1.13322E-3 1.27872E-3 4.71589E-4 4.43372E-4 4.47892E-4 4.07698E-4 4.35763E-4 2.73423E-4 1.22105E-3 2.83797E-3 6.31624E-4 3.21344E-4 1.72853E-4 1.83446E-4 1.42086E-4 8.15067E-4 6.85079E-4 1.14697E-3 1.20889E-3 3.21725E-4
1.60699E-4 -9999 -9999 -9999 -9999 -9999 -9999 -9999 -9999 -9999 -9999 -9999 -9999 -9999 -9999 -9999 -9999 -9999 -9999 -9999 -9999 -9999 -9999 -9999 -9999 -9999 7.58263E-5 4.74721E-5 4.23674E-5 3.48781E-5 2.59568E-5 2.40881E-5 3.71684E-5 7.61469E-5 6.55421E-5 7.80952E-5 1.20483E-4 1.64112E-4 1.47723E-4 2.60488E-4 1.77679E-4 1.80082E-4 4.52972E-4 3.5045E-4 2.6092E-4 6.60021E-4 1.55737E-3 2.32166E-3 6.72009E-4 4.03302E-4 4.11329E-4 7.54995E-4 6.74464E-4 3.79686E-4 7.66024E-4 5.78964E-4 3.44126E-4 2.46961E-4 1.89426E-4 2.01726E-4 1.03046E-4 2.3891E-4 1.55044E-3 1.30241E-3 2.086E-3 1.3089E-3
2.46537E-4 2.36508E-4 2.63556E-4 2.59421E-4 3.04134E-4 -9999 -9999 -9999 -9999 -9999 3.27259E-4 2.8971E-4 -9999 -9999 -9999 -9999 -9999 -9999 -9999 -9999 -9999 -9999 -9999 -9999 -9999 -9999 -9999 4.859E-5 2.96725E-5 2.88008E-5 3.59288E-5 5.1348E-5 1.38882E-4 1.58066E-4 2.39354E-4 1.63583E-4 2.91499E-4 3.85785E-4 4.27857E-4 3.21621E-4 3.14401E-4 3.43255E-4 2.40336E-4 2.18356E-4 8.62645E-4 7.28134E-4 1.38596E-3 3.01584E-3 1.92371E-3 8.03707E-4 4.719E-4 3.99439E-4 5.8533E-4 1.32067E-3 7.97291E-4 4.17528E-4 3.51299E-4 3.12103E-4 2.13863E-4 1.39027E-4 1.19104E-4 1.71583E-4 2.72366E-4 3.33401E-4 4.27202E-4 1.08964E-3
3.24241E-4 3.12985E-4 3.35863E-4 3.25891E-4 3.49704E-4 2.91956E-4 3.10689E-4 2.82925E-4 2.16915E-4 3.30179E-4 4.05876E-4 3.17593E-4 3.73627E-4 4.58501E-4 -9999 -9999 -9999 -9999 -9999 -9999 -9999 -9999 -9999 -9999 -9999 -9999 -9999 4.94425E-5 2.93917E-5 2.51623E-5 3.50134E-5 2.84812E-5 1.3012E-4 1.52483E-4 3.5221E-4 3.20261E-4 2.73152E-4 3.37759E-4 4.08728E-4 4.77033E-4 4.69959E-4 2.95386E-4 3.19174E-4 2.3788E-4 7.26011E-4 1.47959E-3 1.88904E-3 5.84664E-3 3.79185E-3 1.30883E-3 6.79054E-4 1.86134E-3 3.05963E-3 1.41587E-3 2.97238E-4 2.64691E-4 2.60541E-4 2.26146E-4 1.79717E-4 1.31606E-4 1.27166E-4 1.74891E-4 2.70927E-4 3.74725E-4 5.33676E-4 4.40365E-4
3.80505E-4 3.64532E-4 4.01353E-4 4.04864E-4 4.19746E-4 3.79274E-4 3.52235E-4 3.10423E-4 2.27254E-4 4.3826E-4 4.43802E-4 3.385E-4 3.49878E-4 4.40059E-4 -9999 -9999 -9999 -9999 -9999 -9999 -9999 -9999 -9999 -9999 -9999 1.06474E-4 6.96005E-5 4.59255E-5 2.83953E-5 2.81036E-5 4.21029E-5 6.00519E-5 1.37468E-4 2.35704E-4 4.93358E-4 4.01236E-4 5.7175E-4 6.30897E-4 6.02459E-4 8.19955E-4 1.25315E-3 3.77916E-4 5.95683E-4 9.48932E-4 1.54157E-3 2.64438E-3 3.7122E-3 1.34416E-3 3.24414E-3 2.97687E-3 4.50356E-3 2.72916E-3 1.81413E-3 5.42676E-4 1.76377E-4 1.8373E-4 2.53811E-4 1.77494E-4 1.64405E-4 1.51066E-4 1.32772E-4 1.72029E-4 2.98658E-4 3.45782E-4 6.43488E-4 3.84755E-4
4.43362E-4 4.21836E-4 4.77765E-4 5.19886E-4 5.29085E-4 4.97822E-4 3.91044E-4 3.28909E-4 3.10461E-4 4.43706E-4 3.91514E-4 3.50369E-4 3.51643E-4 4.65037E-4 3.69056E-4 3.42657E-4 -9999 -9999 -9999 5.04414E-4 3.84547E-4 3.2524E-4 -9999 2.12044E-4 1.1861E-4 8.0706E-5 5.42029E-5 4.30826E-5 3.80544E-5 4.54578E-5 7.20087E-5 8.1718E-5 1.77575E-4 1.50598E-4 2.15956E-4 6.62357E-4 1.21369E-3 1.1064E-3 1.97458E-3 3.46017E-3 1.48826E-3 7.61134E-4 1.37388E-3 1.1406E-3 1.13208E-3 1.97542E-3 2.77924E-3 3.4131E-3 2.84002E-3 3.36117E-3 6.43123E-4 2.03589E-4 1.39078E-4 1.41823E-4 1.47366E-4 1.62308E-4 2.3141E-4 2.61589E-4 2.78024E-4 2.46518E-4 1.68569E-4 1.59198E-4 1.95036E-4 2.42573E-4 2.78332E-4 2.85463E-4
5.37404E-4 6.47131E-4 5.52248E-4 5.91057E-4 6.42074E-4 4.93425E-4 4.30925E-4 5.67693E-4 9.35988E-4 4.35403E-4 4.49819E-4 6.33776E-4 4.85609E-4 4.5957E-4 3.4421E-4 2.94749E-4 5.16048E-4 6.09518E-4 5.54154E-4 4.80236E-4 3.86636E-4 2.88765E-4 2.42696E-4 2.11666E-4 1.22025E-4 7.26766E-5 6.75701E-5 5.95518E-5 9.34028E-5 7.88725E-5 8.3688E-5 1.32551E-4 2.79872E-4 4.30256E-4 6.41407E-4 9.32385E-4 5.50273E-4 1.82744E-3 3.86703E-3 4.13431E-3 2.23295E-3 8.10057E-4 5.03256E-4 1.05891E-3 1.63267E-3 2.99761E-3 3.58739E-3 2.43327E-3 5.82247E-4 3.0757E-4 1.79285E-4 2.0205E-4 1.95098E-4 2.22996E-4 2.31594E-4 2.35458E-4 2.31626E-4 2.73077E-4 2.89072E-4 2.3649E-4 1.87175E-4 1.61815E-4 2.29501E-4 1.79776E-4 1.95295E-4 2.10576E-4
5.92091E-4 6.21877E-4 6.81247E-4 7.51989E-4 7.8726E-4 5.24208E-4 5.83677E-4 7.95153E-4 5.20553E-4 3.7482E-4 8.3355E-4 9.73481E-4 5.65815E-4 1.11683E-3 3.5243E-4 2.40131E-4 4.15166E-4 6.25809E-4 5.83176E-4 5.41594E-4 4.1527E-4 2.928E-4 2.53515E-4 3.49089E-4 3.4869E-4 3.32279E-4 3.91924E-4 1.8347E-4 1.86951E-4 7.09901E-5 1.3456E-4 2.02354E-4 3.24605E-4 5.02915E-4 5.65165E-4 1.44869E-3 1.16089E-3 1.30945E-3 1.51697E-3 1.4051E-3 3.19774E-3 1.61703E-3 2.77725E-3 1.10186E-3 1.01492E-3 5.4082E-4 5.70316E-4 2.91177E-4 2.42581E-4 2.24079E-4 3.23221E-4 3.5579E-4 3.33976E-4 4.03108E-4 3.11084E-4 3.17728E-4 3.20262E-4 3.51528E-4 4.24083E-4 2.77776E-4 2.00688E-4 1.48317E-4 1.18214E-4 1.22065E-4 2.26076E-4 2.16032E-4
6.26461E-4 7.9593E-4 1.04828E-3 7.9997E-4 1.17603E-3 4.77631E-4 5.28343E-4 7.3933E-4 3.81841E-4 2.82861E-4 7.26797E-4 9.50564E-4 7.41882E-4 4.32812E-4 1.9491E-4 5.32852E-4 8.36495E-4 7.98956E-4 7.28842E-4 4.53221E-4 3.35317E-4 3.40114E-4 1.28419E-3 2.48335E-3 1.37504E-3 9.71732E-4 3.67963E-4 3.82599E-4 2.96357E-4 1.02222E-4 1.70181E-4 3.40253E-4 3.94755E-4 9.75756E-4 5.47419E-4 1.05636E-3 1.68021E-3 3.26474E-4 3.7085E-4 1.89307E-3 1.88476E-3 3.62895E-4 4.75605E-4 1.6462E-4 1.74436E-4 2.30178E-4 3.12198E-4 3.65824E-4 2.82129E-4 3.66827E-4 3.86436E-4 3.63605E-4 2.94329E-4 3.87324E-4 3.34125E-4 3.62062E-4 3.76856E-4 3.44589E-4 3.06521E-4 2.87283E-4 2.34359E-4 1.6313E-4 1.31437E-4 1.19668E-4 9.07713E-5 1.11075E-4
7.42064E-4 6.824E-4 4.84167E-4 7.5838E-4 8.54737E-4 5.26182E-4 9.43502E-4 1.87905E-3 7.97124E-4 5.3664E-4 2.30579E-3 1.31342E-3 9.92975E-4 2.9795E-4 5.05425E-4 4.6408E-4 7.74101E-4 7.41935E-4 4.58709E-4 4.45851E-4 2.58676E-4 2.47179E-4 8.67924E-4 1.0923E-3 7.09971E-4 8.76868E-4 1.3399E-3 8.52453E-4 3.65891E-4 1.5114E-4 1.94757E-4 2.47434E-4 4.3862E-4 1.21484E-3 7.47903E-4 6.17252E-4 8.6008E-4 4.40105E-4 5.03756E-4 8.40474E-4 7.07455E-4 5.51971E-4 3.12615E-4 1.90061E-4 1.72762E-4 2.20657E-4 2.75296E-4 2.86634E-4 3.17458E-4 2.61828E-4 3.14991E-4 2.81998E-4 2.46622E-4 3.0123E-4 3.09091E-4 4.84255E-4 3.89299E-4 2.88562E-4 3.90681E-4 3.59979E-4 2.48081E-4 1.82532E-4 1.44742E-4 1.40789E-4 1.23224E-4 9.40366E-5
8.27574E-4 1.92708E-3 7.65337E-4 2.09965E-3 1.73768E-3 9.95543E-4 1.29137E-3 1.60819E-3 1.66619E-3 7.21418E-4 1.69462E-3 2.8443E-4 3.02259E-4 7.97941E-4 7.89481E-4 8.74747E-4 3.31519E-4 2.75393E-4 3.05055E-4 6.2182E-4 7.33801E-4 6.80402E-4 6.48796E-4 1.05717E-3 7.70502E-4 7.36566E-4 8.92563E-4 6.81536E-4 3.00268E-4 1.42408E-4 1.92727E-4 2.90848E-4 4.89456E-4 7.52211E-4 6.3941E-4 8.01893E-4 9.78716E-4 9.93812E-4 4.30261E-4 9.5362E-4 4.11237E-4 2.88139E-4 2.86283E-4 2.21488E-4 1.81078E-4 1.82057E-4 2.14295E-4 2.35253E-4 2.79052E-4 2.26762E-4 2.50043E-4 2.33222E-4 2.12928E-4 2.26854E-4 3.93466E-4 3.63944E-4 3.24095E-4 2.59844E-4 3.08137E-4 3.97237E-4 3.18932E-4 2.67325E-4 1.7411E-4 2.13411E-4 1.89635E-4 1.24482E-4
9.37688E-4 1.90572E-3 3.81819E-3 4.76479E-3 4.96942E-3 1.80531E-3 4.94762E-4 9.63727E-4 5.48314E-4 4.17569E-4 1.0031E-3 3.3468E-4 3.51293E-4 5.88158E-4 1.22413E-3 1.1846E-3 3.12212E-4 2.01343E-4 3.14467E-4 7.34485E-4 5.9688E-4 5.50813E-4 7.45189E-4 6.44095E-4 1.30066E-3 2.09446E-3 1.93688E-3 1.26328E-3 1.03907E-3 4.11312E-4 3.73487E-4 2.2199E-4 3.60638E-4 4.34338E-4 1.26345E-3 1.33417E-3 7.51268E-4 1.5843E-3 6.65474E-4 2.52989E-4 2.45195E-4 3.43712E-4 3.29591E-4 2.5107E-4 1.88913E-4 1.43581E-4 1.56519E-4 2.19027E-4 2.03435E-4 2.46667E-4 3.13504E-4 3.16487E-4 2.5418E-4 2.21906E-4 2.90228E-4 3.59571E-4 3.20468E-4 2.59844E-4 3.727E-4 5.55657E-4 5.60808E-4 5.94768E-4 3.86292E-4 4.69868E-4 -9999 -9999
1.57605E-3 2.36072E-3 5.23972E-3 1.8667E-3 1.87994E-3 1.23733E-3 4.01309E-4 5.93625E-4 3.27867E-4 3.92621E-4 4.43175E-4 4.50577E-4 4.83891E-4 3.07952E-4 4.91394E-4 8.45253E-4 4.93205E-4 1.80545E-4 4.54565E-4 5.48197E-4 6.01122E-4 6.75345E-4 1.02706E-3 2.97577E-3 3.13366E-3 3.70503E-3 2.92129E-3 2.60494E-3 1.36313E-3 9.77727E-4 5.13247E-4 6.17735E-4 7.9413E-4 8.88367E-4 1.22273E-3 1.71598E-3 1.89304E-3 7.24069E-4 2.65922E-4 2.42691E-4 2.38337E-4 2.66567E-4 2.5846E-4 2.06382E-4 1.63704E-4 1.5689E-4 2.57669E-4 2.34902E-4 2.1551E-4 2.38289E-4 2.9759E-4 2.83297E-4 2.36607E-4 2.07539E-4 2.59969E-4 3.18899E-4 3.03097E-4 2.83482E-4 4.30557E-4 5.75914E-4 4.83114E-4 7.33481E-4 1.08116E-3 -9999 -9999 -9999
3.91747E-4 1.57473E-3 2.57593E-3 2.22081E-3 2.25984E-3 8.34263E-4 6.23125E-4 3.78611E-4 2.9188E-4 7.39069E-4 1.20767E-3 1.17194E-3 1.40668E-3 6.99354E-4 5.18504E-4 8.71828E-4 9.15571E-4 6.19099E-4 4.29142E-4 4.44986E-4 7.05161E-4 1.71441E-3 1.54798E-3 1.13976E-3 2.47202E-3 1.16679E-3 8.68874E-4 1.02283E-3 1.03795E-3 9.96771E-4 9.19808E-4 8.533E-4 1.77515E-3 1.12069E-3 7.55672E-4 7.36121E-4 4.76701E-4 3.6507E-4 2.41898E-4 3.2032E-4 2.85923E-4 2.58128E-4 1.90747E-4 1.63468E-4 1.32445E-4 2.46048E-4 2.57528E-4 2.88237E-4 2.70375E-4 2.10251E-4 2.86377E-4 3.04966E-4 3.28111E-4 2.41631E-4 2.02001E-4 2.4328E-4 2.56931E-4 3.7837E-4 1.05722E-3 8.5181E-4 1.00395E-3 6.08691E-4 -9999 -9999 -9999 -9999
6.53004E-4 2.77636E-4 4.71659E-4 4.87375E-4 8.38479E-4 7.1959E-4 7.91301E-4 5.63799E-4 8.22095E-4 7.03448E-4 1.16271E-3 1.39248E-3 9.80772E-4 6.64397E-4 4.58723E-4 4.84511E-4 5.29645E-4 8.3689E-4 6.47347E-4 6.49489E-4 5.5904E-4 5.10628E-4 4.96913E-4 7.831E-4 3.3098E-4 3.41818E-4 2.36034E-4 2.47817E-4 2.20419E-4 3.19454E-4 2.37005E-4 1.26279E-4 2.54613E-4 2.94522E-4 2.31563E-4 2.96411E-4 2.87843E-4 2.46995E-4 2.445E-4 2.98633E-4 2.84747E-4 2.20252E-4 1.77074E-4 1.77803E-4 2.21094E-4 2.10915E-4 2.48184E-4 3.09259E-4 2.92564E-4 2.89606E-4 2.38409E-4 3.89855E-4 3.52597E-4 2.59598E-4 2.08611E-4 1.86976E-4 3.64462E-4 1.40042E-3 2.29499E-3 1.61496E-3 -9999 -9999 -9999 -9999 -9999 -9999
2.60974E-4 2.02255E-4 2.76973E-4 6.38913E-4 9.0131E-4 1.41459E-3 1.27656E-3 1.30147E-3 1.09689E-3 7.36988E-4 7.33586E-4 1.01005E-3 1.18154E-3 7.97244E-4 3.81463E-4 2.19989E-4 1.79164E-4 2.19414E-4 3.21917E-4 3.26555E-4 2.27776E-4 1.71407E-4 1.64936E-4 1.74697E-4 2.15724E-4 2.91843E-4 2.86783E-4 2.22677E-4 1.62331E-4 1.19839E-4 9.94437E-5 8.90997E-5 1.13084E-4 1.58243E-4 2.10386E-4 2.7917E-4 3.50003E-4 2.71594E-4 2.09272E-4 2.23179E-4 2.78679E-4 2.6406E-4 3.119E-4 3.09916E-4 2.06456E-4 2.50462E-4 2.91342E-4 2.45806E-4 2.86255E-4 2.79648E-4 2.64475E-4 2.38812E-4 2.87854E-4 2.3529E-4 2.8473E-4 1.71565E-4 2.29561E-4 8.40694E-4 1.0039E-3 -9999 -9999 -9999 -9999 -9999 -9999 -9999
2.35878E-4 1.84926E-4 1.45814E-4 2.42402E-4 3.09154E-4 3.27408E-4 4.87878E-4 4.5413E-4 2.57792E-4 2.16771E-4 4.02929E-4 3.15872E-4 3.74446E-4 3.16911E-4 2.27959E-4 1.73462E-4 1.59883E-4 2.07981E-4 2.52152E-4 3.19789E-4 2.73004E-4 1.97542E-4 2.14493E-4 2.50589E-4 2.31786E-4 2.67504E-4 2.67937E-4 2.11595E-4 1.89712E-4 1.57037E-4 1.25205E-4 9.82597E-5 1.12809E-4 1.49154E-4 1.79863E-4 2.19323E-4 2.42571E-4 2.18785E-4 2.4588E-4 3.15544E-4 2.7241E-4 2.25184E-4 2.99078E-4 3.05544E-4 2.35924E-4 2.55304E-4 3.10783E-4 2.67922E-4 2.9675E-4 2.52442E-4 2.96941E-4 4.45594E-4 3.80803E-4 3.45258E-4 2.76774E-4 2.36658E-4 2.57941E-4 -9999 -9999 -9999 -9999 -9999 -9999 -9999 -9999 -9999
