catData/variables/futureClimate2070/rcp85/CNRM_CM5_2070_rcp85/bio10.asc
NCOLS 409 
NROWS 350 
XLLCORNER 60.897278365 
YLLCORNER 5.843756025 
CELLSIZE 0.0892857 
NODATA_value -9999 
[rows 104 to 129 of 350, columns 116 to 173 of 409]
37.36607445 37.36607445 37.342913872 37.26607445 37.26607445 37.26607445 37.26607445 37.26607445 37.2224536720034 37.175179912241 37.16607445 37.16607445 37.16607445 37.1321489 37.123274242 37.0267148757072 36.975063012 36.867920172 36.79822335 36.7687615073152 36.7321489 36.7521224108265 36.76607445 36.76607445 36.685771392 36.6082950538489 36.5679102503954 36.4649303193602 36.391125582 36.3 36.276839902 36.1897195616173 36.128628672 36.021485832 35.96607445 35.9860478794051 35.933982862 35.826840022 35.719697182 35.5828879215724 35.471485952 35.362611774 35.1541896583055 35.0106980205499 34.8672063827943 34.7237147450386 34.6183339214339 34.436581049308 34.3049835182282 34.6419327201133 34.700115104 34.3630299990098 34.5611184122534 34.9524872839749 35.0944921102857 35.2011438134825 35.2630639177268 35.216132122
37.2963552222773 37.252353382889 37.2137259949986 37.2 37.2 37.2 37.1787545259476 37.15893161 37.15893161 37.1158169742172 37.1 37.0640872790062 37.05893161 36.9582203802297 36.9126332411586 36.8494922405469 36.776839662 36.669696822 36.6 36.6 36.5787546245117 36.5936273231235 36.61786322 36.5878174963469 36.5294709450414 36.51786322 36.4621205538179 36.3992888687938 36.350057192 36.25893161 36.245282991371 36.169697062 36.062554222 35.955411382 35.9 35.9346955716876 35.892914472 35.785771632 35.678628792 35.5199528178655 35.3665655287462 35.255468934 35.041183254 34.826897574 34.5935891323862 34.2539652830242 34.0857898159172 34.3763183949152 34.58221725764 34.6347529822517 34.4587173468634 34.1912692991489 34.5534073123477 34.8541143039042 35.049363929931 35.1582206759221 35.1017005150675 34.932865327709
37.198981339487 37.143493380508 37.1119945784711 37.15178877 37.15178877 37.15178877 37.100056832 37.0234045153664 37.00357754 37.00357754 37.0422927476964 37.0065014907173 37 36.946479412 36.8439326482199 36.8 36.776839662 36.6843063568429 36.6301580441362 36.6 36.548268302 36.5 36.4681722100524 36.378628552 36.35178877 36.35178877 36.35178877 36.3508920070522 36.2954040480731 36.2404891129059 36.2 36.169697062 36.062554222 35.955411382 35.8750596278013 35.85178877 35.8175993062406 35.726840022 35.619697182 35.4703957146966 35.262611774 35.1474913946547 34.885829184 34.6792655053871 34.5149776000402 34.2537725511449 34.0322036168506 34.3102861555875 34.4785797315082 34.444703482 34.2373544045336 34.3307621366638 34.5211856122735 34.8594119304037 34.9491797026174 34.9079277329149 34.9337234253184 34.7256185795991
37.04464593 37.04464593 37.04464593 37.04464593 37.04464593 37.0199640494807 36.937559922 36.8630066678265 36.84464593 36.84464593 36.8804980842128 36.9376968564408 36.94464593 36.942914112 36.835771272 36.74464593 36.7343057817087 36.6832259576377 36.607199912 36.54464593 36.492914232 36.44464593 36.378628552 36.3119828702839 36.3 36.3 36.3523587162446 36.3543955711018 36.3 36.283982742 36.2 36.169697062 36.0832819841662 36.010765452 35.903622612 35.85535407 35.782267724439 35.671485952 35.564343112 35.4181593447413 35.210823004 35.0394519159999 34.7219853552979 34.4910069847113 34.523159858 34.5729421573256 34.473262602 34.40593355406 34.3713646653764 34.285771872 34.1491551739307 34.3116451668313 34.5226440957138 34.7692857261086 34.7375129063647 34.5917958228013 34.7103275944431 34.4836019145528
37 36.9899894086981 36.93750309 36.9185643901256 36.87500618 36.830417082 36.7556051047331 36.73750309 36.73750309 36.6917800644082 36.67500618 36.8171034521643 36.83750309 36.8368536047368 36.791125342 36.6899895586907 36.63750309 36.607199912 36.500057072 36.43750309 36.385771392 36.33750309 36.312744533313 36.3 36.3 36.3546509841718 36.397970609542 36.3993506047442 36.3569506729695 36.283982742 36.2 36.1886354618892 36.1390944558245 36.055411382 35.9805991047479 35.8889076759316 35.7467274853204 35.626840022 35.519697182 35.3579035078208 35.148326094 34.9333911087516 34.6789235530379 34.4685037866759 34.5376340536104 34.66249691 34.625051372 34.517908532 34.4430961047554 34.366119762 34.2177184006721 34.2630938103859 34.5910943639004 34.6187850092536 34.4824474924728 34.3810648090363 34.7005899420905 34.4199616253528
36.93036025 36.914342512 36.83036025 36.800056832 36.73036025 36.685771152 36.5943342577066 36.5607205 36.5147459958688 36.4688690520501 36.516643515969 36.705252526 36.7962317778068 36.7987939662743 36.721485592 36.6254972975635 36.5838711985176 36.5211601294013 36.462553982 36.3689484307609 36.314654377158 36.3 36.3 36.2490514070853 36.23036025 36.317806148 36.3962316106714 36.3987941334097 36.321485832 36.2254973704281 36.2 36.2 36.162554222 36.055411382 35.9639743419774 35.812611654 35.7103172818604 35.5758915962208 35.450057432 35.316365871617 35.110823004 34.8953316245451 34.6311517601213 34.6504337112927 34.7229820315769 34.7485370268695 34.6886314410494 34.625051372 34.56963975 34.510765692 34.337605954 34.2918512293561 34.621210312 34.5860059344816 34.4091804655995 34.3734731107222 34.5733328739999 34.3730583911008
36.8931856234557 36.807199672 36.72321741 36.692913992 36.5944652032495 36.501845722 36.4344240038536 36.3780118305948 36.3311072389567 36.32321741 36.3418617559402 36.5884705056114 36.717806388 36.7201558572855 36.544374354266 36.5109187601824 36.4410575893691 36.42321741 36.4145234144723 36.355411142 36.3 36.2547946048731 36.22321741 36.20623150223 36.2 36.287445898 36.3219610551153 36.321485832 36.214342992 36.1355158755394 36.2 36.1767326193575 36.085771632 35.978628792 35.871485952 35.7506740248487 35.6493103315997 35.5330715799518 35.419697182 35.312554342 35.110823004 34.896135352158 34.6924705917096 34.869582198 34.9357824411873 34.8697470883643 34.85356518 34.808976802 34.713844610981 34.5727035054295 34.3172767198779 34.3355652933472 34.6363345027749 34.7468402955535 34.564388664 34.6280913223605 34.5231339605885 34.776712318
36.807199672 36.700056832 36.61607457 36.585771152 36.478628312 36.371485472 36.31607457 36.306610702598 36.3 36.3 36.3 36.4155593193302 36.4473539114809 36.3637415154066 36.33214914 36.3295743960717 36.296637156744 36.23214914 36.2635758716244 36.3089071028086 36.2565839500072 36.256021450354 36.2285200616388 36.1385999724546 36.11607457 36.1301311220861 36.2115331450981 36.214342992 36.107200152 36.032091828 36.11607457 36.1112035030191 36.0311276917966 35.8340647626124 35.7238335305718 35.657200272 35.550057432 35.5043144181244 35.3523026966914 35.1552397675072 35.2605073587081 34.9819157868612 34.8781515239545 35.0133847992297 35.144691002 35.0424191904019 34.9524991012177 34.8928326099665 34.7887785648492 34.6810724966699 34.5806100970383 34.5592219465932 34.7413643101124 34.871370848 34.853516118512 35.0307866925597 34.7872720420001 35.127466618574
36.700056832 36.592913992 36.50893173 36.5062251105235 36.462553742 36.3960174221572 36.39106827 36.39106827 36.3309471673922 36.2333740365753 36.20893173 36.1371064978832 36.12679519 36.1162863233078 36.042959185018 36.1943448716741 36.094703122 36.0454600399596 36.1122763072235 36.11786346 36.1603540868204 36.1516424915458 36.111966966044 36.1690230017217 36.1179376643223 36.0203645335054 36.0173801406886 36.107200152 36.000057312 35.924948988 36.0300232305789 36.0724036386042 35.934040174 35.7603605770295 35.7 35.641125702 35.533982862 35.433374473703 35.248326094 35.034040414 35.198108726 35.1819819015645 35.1739974276187 35.1849977336036 35.176840142 35.069697302 34.9966554656488 34.9504624055343 34.8436482892825 34.79106827 34.725051372 34.7576935777331 35.01587186455 34.9217451398993 35.1584196705512 35.3727409590018 35.3576613465477 35.484929861903
36.5034190178372 36.485771152 36.40178889 36.3720275668143 36.3029079076353 36.30178889 36.2509823794657 36.2613993529838 36.235771272 36.2004801298829 36.2 36.112553862 36.0071031147685 36.000057072 35.9108223058695 35.987560282 35.9031634670296 35.932092068 36.00178889 36.00178889 36.053520588 36.042914352 36.00178889 36.0030976458238 36.0810077712515 36.012554102 36 36.000057312 35.9016301364238 35.916017258 36.0004143086771 35.971485952 35.8636732482219 35.755411382 35.7 35.641125702 35.4691466979799 35.2567776855305 34.9641058550809 34.9022380567372 35.1838622998181 35.39642222 35.3877067912828 35.2824806188333 35.176840142 35.0994579180657 35.1349867885153 35.151833842 35.044691002 34.9386013541362 34.7673582836866 34.9887127102887 35.2566750107876 34.949769152676 35.2766609521114 35.49821111 35.507085048 35.614227888
36.28393815 36.267920412 36.1620175777658 36.0892921 36.126738358 36.1916793780124 36.1484535161891 36.2136471274698 36.2268090322589 36.1254025663411 36.0957006015767 36.0899642274945 35.9997673685876 35.998268182 35.891125342 35.8 35.8 35.8270583440029 35.8912969410807 35.9416221731629 36.051731698 36.0379733486727 35.9321632094094 35.9 35.9760036724262 35.911881961656 35.805411262 35.7 35.708874418 35.8311769600153 35.9727259320669 35.9 35.862554222 35.755411382 35.648268542 35.541125702 35.367965724 35.0844370146421 34.9207517592757 34.996809251613 35.1948206751113 35.3000926949708 35.30535395 35.30535395 35.2602742012173 35.141010598 35.248153438 35.2685067614639 35.164330632 35.1129097623717 35.1107079 35.183867638 35.3670136961252 35.400672166043 35.4 35.5107079 35.5186316255929 35.6134441871428
35.9863941326342 35.958988682 35.87500642 35.8787933745103 35.924949468 36.032092308 36.139235148 36.1359858893696 36.0917499169155 36.08750321 36.0172352465141 35.912553862 35.9 35.9859878136586 35.8922343893735 35.8144984630883 35.8220992811968 35.778406687482 35.737446018 35.8780333641047 36.039667721325 35.982250924 35.9 35.9 35.9 35.9 35.805411262 35.7 35.708874418 35.816017258 35.9 35.8962131054743 35.8547369522405 35.7498392360446 35.6293069803298 35.516132122 35.3512221670998 35.141183254 34.9369328485295 35.162336974 35.2827679720408 35.301514976326 35.3897211847778 35.4144984031037 35.4047279608185 35.3640062034666 35.4577596277518 35.5180689059631 35.473262362 35.366119522 35.32499358 35.398153318 35.505296158 35.448476032252 35.43749037 35.7 35.6889081472068 35.5349665315543
35.8535888391301 35.764342632 35.68036037 35.710663788 35.817806628 35.924949468 36.042252269215 36.1 36.033982382 36 36 35.912553862 35.9 35.8807004926475 35.9 35.916017498 35.9813882666899 35.8649847060374 35.776725278 35.8480363467324 35.9937941558402 36.0134532954274 35.9133481224502 35.9 35.9 35.8656518983652 35.7847088801649 35.71963963 35.728514048 35.8325111577927 35.9 35.869697062 35.7926457877502 35.6999401735973 35.496537084 35.3295630077077 35.1884121887204 34.994761154 34.9080918210043 35.1451629703178 35.18036037 35.2810404267545 35.3356451302753 35.5191627010722 35.61963963 35.61963963 35.61963963 35.6554710155378 35.6685884216194 35.5919678491572 35.55891889 35.6033420242957 35.699942208 35.71963963 35.71963963 35.7189596675157 35.6554813645895 35.3227731476227
35.6976230831056 35.657199792 35.5856234797094 35.657085888 35.764228728 35.8594295062049 36.003463876 36.1 36.0516635307356 36.0071882922843 36 35.912553862 35.9 35.8008041707274 35.8535656178494 35.9385100864034 35.9937970894232 35.9591462311138 35.964228488 36.0594293304828 36.151731698 36.1568935174775 36.0124287984576 35.9339708265622 35.92678247 35.751890674 35.7521156703782 35.82678247 35.8332800996615 35.9 35.9 35.869697062 35.762554222 35.655411382 35.496537084 35.2664834128004 35.0105281563594 34.7608684648402 34.88211271414 35.0548335717597 35.1238838022006 35.2565639209196 35.435656648 35.5545267529592 35.7062027820209 35.72678247 35.72678247 35.7387243389613 35.7914412600585 35.82678247 35.82678247 35.753622732 35.7855780341379 35.8468400856845 35.85356494 35.8237839048025 35.642947043348 35.5253329724744
35.691125102 35.5894163292715 35.580246466 35.764228728 35.871371568 35.9490522997227 36.0537642756645 36.13392531 36.1115286284389 36.0516594541739 36.0066821672133 35.9422202353995 35.9018357059877 35.7994432312503 35.7884530835241 36.0054339858507 36.010764972 35.9539480409236 36.037446018 36.115126908302 36.185657008 36.23392531 36.167907932 36.060765092 36.03392531 35.9183660979575 35.9642751454084 35.9333378667956 35.9 35.9 35.9 35.869697062 35.762554222 35.655411382 35.514087141494 35.2772757041068 34.9898508884018 34.7532033839973 34.9136654740548 34.995740900558 35.2212664371708 35.4023186997837 35.5397888956036 35.616017018 35.723159858 35.8102802842349 35.83392531 35.8633869425395 35.9175499760733 35.93392531 35.9115288727011 35.8516599299117 35.83392531 35.9791500168628 36 35.9667068023629 35.9076393570243 35.946684547177
35.698414614846 35.6821363 35.7189458350861 35.871371568 35.978514408 36.0673453303497 36.151731938 36.2 36.1610945963867 36.14106815 36.060764852 36.04106815 35.946479172 35.844222419228 36.032079108 36.1326438578951 36.1684874843503 36.0983145408084 36.0477573943175 36.103520708 36.2319087993322 36.3 36.233982622 36.1568853300686 36.14106815 36.1051557374405 36.1 35.998268422 35.9 35.9065779915413 35.9315567262132 35.869697062 35.7317976454446 35.573275082 35.4873773947686 35.3653618390141 34.9852332237786 34.853249899505 34.9259415907486 35.1003384359919 35.3681241977586 35.4431087690263 35.5625763107323 35.616017018 35.723159858 35.830302698 35.9 35.9183116219596 35.992799368 36.04106815 35.975051252 35.9110227990586 35.9329787831869 36.028513568 36.0022225023222 36.0603537098466 36.1447125121688 36.1821363
35.8010182018127 35.8559333000654 35.919582558 36.0121158201784 36.085657248 36.14821099 36.199942928 36.24821099 36.24821099 36.2129396089097 36.1584117169684 36.14821099 36.0992242947247 36.0963695607945 36.305296638 36.39642198 36.3852561517628 36.2729951718847 36.062553982 36.0660855878715 36.251674386 36.3198269923723 36.2658102535058 36.24821099 36.2094960907379 36.1547126351402 36.1026088229817 35.9991032328964 35.94821099 35.9565061693473 35.976839902 35.8550877155911 35.657504656287 35.455411382 35.3750597519568 35.3212985939213 35.1337761017994 35.0508286686448 35.1263453262228 35.3226531091324 35.537387986 35.54821099 35.557085168 35.6719499709463 35.8084162411756 35.8639044572975 35.9 35.9660848764588 36.0750020756631 36.128383766215 36.1140214920931 36.023262242 36.076724558 36.1417090962726 36.0992246676056 36.0990495965164 36.2528067146382 36.3
35.9602664259516 36.0089925350753 36.023160578 36.1167741024839 36.1720721500053 36.2246817735055 36.2784501589838 36.332589444527 36.35535383 36.3226904875485 36.31070766 36.31070766 36.3630662820809 36.4114808504084 36.4593160248976 36.5 36.4896597961239 36.3812182656347 36.1939894471455 36.2305575653438 36.3569001036659 36.3737147736778 36.3188106828114 36.3 36.219696942 36.2 36.105411262 36.05535383 36.0504414997468 36 35.976839902 35.839394124 35.625108444 35.455411382 35.348268542 35.2348216423428 35.1303440926788 35.1483305715505 35.3180685732782 35.4912040088717 35.595167943235 35.65535383 35.664228008 35.7785218330852 35.9128198684256 35.9721275339363 36.01070766 36.0752030410421 36.1839890404687 36.2369926720206 36.25535383 36.222690809001 36.2465596854883 36.25535383 36.3077120535333 36.311480528956 36.35535383 36.35535383
36.071371568 36.1564894848593 36.1336793279973 36.192800088 36.26249667 36.279219066567 36.3323307385765 36.3845766722801 36.4 36.4 36.4501868871502 36.5171475942936 36.560467356563 36.5 36.5 36.5 36.5 36.4583321211542 36.36249667 36.379218976559 36.4 36.4 36.333982622 36.3 36.219696942 36.2 36.164526073445 36.03750333 36.0341751277319 35.9899897471247 35.914343232 35.776897454 35.5392094096944 35.302551640551 35.1931089705925 35.0940525397359 35.1200203557586 35.2630940759773 35.4304894051662 35.5827373616904 35.659114661453 35.7635786985965 35.8283214522601 35.878513688 35.9711823879733 36.0113645208299 36.0609055443136 36.144588378 36.251731218 36.3 36.3 36.3 36.3501864371742 36.36249667 36.397970416539 36.4 36.4 36.3899900471087
36.1150553334802 36.26963951 36.26963951 36.299942928 36.36963951 36.36963951 36.3853455798633 36.4410001069128 36.46963951 36.520588094465 36.563659494759 36.5961885859829 36.6 36.56963951 36.56963951 36.5584850028785 36.5 36.469696822 36.4 36.4 36.4 36.359000060222 36.310317290554 36.3 36.2756195981062 36.2087426151177 36.1341288663416 35.9315663524345 35.9938198987894 35.914343232 35.807200392 35.6275489789224 35.278744136 35.0640068241819 34.9583094222659 34.9962062625726 35.201673786 35.2918512378047 35.4046831470286 35.517806148 35.6908199545235 35.801731338 35.9061799340757 35.985656528 36.06963951 36.06963951 36.0810081588199 36.1756395059562 36.2853453612678 36.3409996055083 36.3236656657156 36.3 36.380302578 36.4608965606127 36.4037687106113 36.3315660181648 36.3876404661181 36.188934173415
36.1877177907555 36.3122987956532 36.37678235 36.407085768 36.47678235 36.4425457927118 36.4397209976969 36.535657128 36.6274722285144 36.726725158 36.7535647 36.6864215002594 36.6041547098506 36.6 36.5931858290331 36.5194987633756 36.5 36.469696822 36.4 36.4 36.4 36.341125462 36.3 36.2438258653545 36.22321765 36.135771752 36.1012563678717 35.9004020317195 35.914343232 35.794901964902 35.6054923344932 35.348441198 34.9860673643242 34.7779629225341 34.7880108297083 35.053405244 35.308816626 35.4329563003679 35.533867518 35.5738675268147 35.6207048028118 35.801731338 35.9020603755884 35.939234668 36.0410003332291 36.1232671236378 36.1192792219069 36.1808664149106 36.37678235 36.3904515227272 36.333983102 36.3561737660903 36.395426721501 36.4203027710923 36.328629392 36.3004019202748 36.291842537732 35.9350425747134
36.1398462580176 36.399942928 36.48392519 36.488796406867 36.5 36.4928323872158 36.535657128 36.642799968 36.749942808 36.7956855946186 36.7326053045772 36.7020180094642 36.605411022 36.6 36.591125342 36.5 36.4805626423288 36.4112036317125 36.4 36.4 36.3565840741633 36.3066108398781 36.3 36.226839782 36.1326055059977 36.028628912 36.01607481 35.8985467698735 35.807200392 35.6571552655814 35.2047184527464 34.6582503245842 34.421557304 34.3943770358744 34.8015163572489 35.1456525410847 35.332034276 35.473159978 35.580302818 35.6733889346233 35.7633087666646 35.884203499294 35.9148953414949 36.083867398 36.1715732831698 36.214227888 36.271886591826 36.3178664391368 36.3565844770042 36.31607481 36.3608675261572 36.39568547888 36.4 36.4 36.3847951172442 36.4663975527144 36.3707718459809 36.2734524274735
36.035556664 36.3395367464472 36.5 36.5 36.5 36.5406064131434 36.642799968 36.749942808 36.7969647038345 36.6001226364813 36.6658845065409 36.6203645248123 36.6004833108617 36.5984228674642 36.5081392882098 36.5 36.476839662 36.4 36.3658986490939 36.30893197 36.3043113102541 36.2463841180718 36.20893197 36.135771752 36.1017593249504 36.012554102 36 35.807200392 35.6838940367068 35.3043804727175 34.5847688839786 34.2385937453313 34.0972408533711 34.4555837820506 34.8951495592365 35.1214219313649 35.271913768961 35.448717298713 35.580302818 35.687445658 35.794588498 35.9015766954093 36.0007348469167 36.116017018 36.2210912264314 36.2937746578945 36.3341009137795 36.3544448930929 36.3514219542552 36.39106803 36.3969646395243 36.4666251321498 36.49106803 36.49106803 36.5772076931719 36.589336932 36.4983567330401 36.5774959314178
36.1074033349252 36.2495557658441 36.5 36.5 36.5367762957643 36.5990086269291 36.651731938 36.758874778 36.7351635230089 36.6978623228934 36.6204286331865 36.514342992 36.2230991553462 36.3070372390492 36.4105050088313 36.484269075862 36.4013747614447 36.3702389852485 36.3011191720582 36.3 36.1983876986568 36.1603461139566 36.135163758715 36.1004801985917 36.0211336681016 35.914343232 35.90178913 35.700057552 35.5490189466242 34.8003650138403 33.7148590772159 33.8579121983628 34.3080891203521 34.5870008393649 34.805252046 35.019537726 35.2326422735789 35.3744689051144 35.482091948 35.675115929499 35.794588498 35.901731338 36.008874178 36.116017018 36.223159858 36.2702394566607 36.239234668 36.3885726538581 36.548152958 36.59642174 36.6612575098728 36.6959415328205 36.69642174 36.610540834207 36.5070072258007 36.5051584112191 36.696580506287 36.6824806529802
36.217749796 36.416017738 36.5012399501804 36.535657128 36.60535371 36.60535371 36.657085648 36.7610765031228 36.733982382 36.692166402488 36.5243867783046 36.2028740054611 35.9581540152778 35.8033980965136 36.3083995345472 36.39464629 36.3483256139999 36.1086037888127 36.0150264691589 36.1470908801496 36.045684157089 36.0557225659717 36.028628912 35.921486072 35.89464629 35.807200392 35.7895822832748 35.5908123193418 35.2405902906037 33.8348209737164 33.6723541550348 33.985555104 34.269537846 34.4862106713008 34.703462916 34.9703189756411 35.1588440841188 35.267806268 35.455251926 35.669537606 35.7942987818763 35.901731338 36.008874178 36.116017018 36.1987600883663 36.1995132457193 36.285598496 36.4974970435482 36.657084928 36.7547719290083 36.855309478 36.9010428606278 36.8293502991486 36.5624158882639 36.6162928269726 36.8983615799667 36.796479772 36.7044962181545
36.229137289934 36.418019402638 36.535657128 36.6390130862179 36.7046794903541 36.71249655 36.7577637805019 36.8 36.733982382 36.553679084 36.2490549642137 35.5863082343582 35.0625161867908 35.7717915704888 36.2988909739257 36.28750345 36.2440770172183 36.1 36.062553982 35.9944279310656 35.98750345 35.9801461639216 35.9172394166504 35.814343232 35.7774683382055 35.687561002 35.580418162 35.4503897819153 34.6460590705778 33.4860515253092 33.7068496376799 33.903405364 34.187388106 34.4406903650574 34.703462916 34.858874298 35.032034276 35.173159978 35.3505705541972 35.5733224563748 35.789176996 35.914227888 36.0202617619092 36.1140154433371 36.1730261417047 36.2121144021931 36.4686700244842 36.6182427459019 36.739234668 36.69918423838 36.7200062173341 36.9545346342829 37.0249931 37.0140654396169 37.0006762810449 36.9122802224729 36.8900171259008 36.7734882166711
