catData/variables/futureClimate2070/rcp85/CNRM_CM5_2070_rcp85/bio15.asc
NCOLS 409 
NROWS 350 
XLLCORNER 60.897278365 
YLLCORNER 5.843756025 
CELLSIZE 0.0892857 
NODATA_value -9999 
[rows 81 to 107 of 350, columns 236 to 294 of 409]
85.0424426176984 80.9963634523292 73.8666577633806 71.1748775092614 73.5504476074142 72.2396537105396 69.015979776992 73.8693009206506 77.4152239379782 -9999 -9999 -9999 -9999 -9999 -9999 -9999 -9999 -9999 -9999 -9999 -9999 -9999 -9999 -9999 -9999 -9999 -9999 -9999 -9999 -9999 -9999 -9999 -9999 -9999 -9999 -9999 -9999 -9999 -9999 -9999 -9999 -9999 -9999 -9999 -9999 -9999 -9999 -9999 -9999 -9999 -9999 -9999 -9999 -9999 -9999 -9999 -9999 -9999 -9999
90.7072412242536 86.6818105199988 75.9944628815772 72.0189463399991 72.4266370313475 70.4482734316906 69.8224433137068 72.8307744520013 74.1574671891161 77.6482624484615 -9999 -9999 -9999 -9999 -9999 -9999 -9999 -9999 -9999 -9999 -9999 -9999 -9999 -9999 -9999 -9999 -9999 -9999 -9999 -9999 -9999 -9999 -9999 -9999 -9999 -9999 -9999 -9999 -9999 -9999 -9999 -9999 -9999 -9999 -9999 -9999 -9999 -9999 -9999 -9999 -9999 -9999 -9999 -9999 -9999 -9999 -9999 -9999 -9999
90.4974448013193 87.7739385827752 80.5727768514508 79.4883209109666 73.9965184581894 74.9774812944564 71.6468392956632 70.892501628435 69.8008845000013 73.4860705644615 73.064998319878 74.3895756928828 -9999 -9999 -9999 -9999 -9999 -9999 -9999 -9999 -9999 -9999 -9999 -9999 -9999 -9999 -9999 -9999 -9999 -9999 -9999 -9999 -9999 -9999 -9999 -9999 -9999 -9999 -9999 -9999 -9999 -9999 -9999 -9999 -9999 -9999 -9999 -9999 -9999 -9999 -9999 -9999 -9999 -9999 -9999 -9999 -9999 -9999 -9999
95.1849864394481 95.2681058422466 93.9628587106429 84.1822883636116 79.6458509952955 74.1094290799991 70.0090947041253 68.0791738937974 67.8254317641532 69.4130253821014 67.4465624999998 68.4179446780029 70.613581902024 73.1443117191462 -9999 -9999 -9999 -9999 -9999 -9999 -9999 -9999 -9999 -9999 -9999 -9999 -9999 -9999 -9999 -9999 -9999 -9999 -9999 -9999 -9999 -9999 -9999 -9999 -9999 -9999 -9999 -9999 -9999 -9999 -9999 -9999 -9999 -9999 -9999 -9999 -9999 -9999 -9999 -9999 -9999 -9999 -9999 -9999 -9999
91.4362877472286 90.1073046 86.1496804149709 76.4031419772129 73.2344155959604 73.9987624932471 74.186711693318 76.2070127059554 71.7679078970671 67.7219174054357 68.4709777602783 69.6307253228934 67.0202941609087 67.8555990400002 73.0149291684296 -9999 -9999 -9999 -9999 -9999 -9999 -9999 -9999 -9999 -9999 -9999 -9999 -9999 -9999 -9999 -9999 -9999 -9999 -9999 -9999 -9999 -9999 -9999 -9999 -9999 -9999 -9999 -9999 -9999 -9999 -9999 -9999 -9999 -9999 -9999 -9999 -9999 -9999 -9999 -9999 -9999 -9999 -9999 -9999
94.6955046233846 90.089135548248 86.0736642137018 82.9589378544171 75.1233146161938 73.1407602982255 75.211995678189 77.1511032308689 78.1282702984269 74.7668545729732 71.7392508604962 71.5884252884696 71.0466470875211 72.3989474576007 71.4300767097544 75.0714810657759 79.4309355867028 -9999 -9999 -9999 -9999 83.1397995206256 -9999 -9999 -9999 -9999 -9999 -9999 -9999 -9999 -9999 -9999 -9999 -9999 -9999 -9999 -9999 -9999 -9999 -9999 -9999 -9999 -9999 -9999 -9999 -9999 -9999 -9999 -9999 -9999 -9999 -9999 -9999 -9999 -9999 -9999 -9999 -9999 -9999
95.1128396597863 93.4638702597803 93.7293354588811 92.6884596409132 87.1795097206999 75.2629205795245 75.8114567397565 73.9951528795055 74.7119070007557 74.4318431402559 73.6398801586938 73.7755349407973 72.6163219210823 73.3316463591742 72.8446934405593 74.5361222402847 79.8919228791327 -9999 -9999 82.5734040981806 86.361890079074 80.7736027000007 73.3014636200008 77.4735070416115 -9999 -9999 -9999 -9999 -9999 -9999 -9999 -9999 -9999 -9999 -9999 -9999 -9999 -9999 -9999 -9999 -9999 -9999 -9999 -9999 -9999 -9999 -9999 -9999 -9999 -9999 -9999 -9999 -9999 -9999 -9999 -9999 -9999 -9999 -9999
93.5305014229556 90.5898890332473 86.3709042011708 86.8588524418854 85.1272273718483 77.9681040587007 76.9122244599987 73.92388650591 73.1929890646115 74.7148525079219 72.7780373414283 72.1013792900654 74.0259095749027 74.2956473506491 74.4518743284105 76.706150405907 79.5044062033113 81.5793980187038 83.1210061820141 86.1791045199998 84.4707721379798 75.5422779000036 68.7754089363329 74.4835929726658 82.8977491440233 -9999 -9999 -9999 -9999 -9999 -9999 -9999 -9999 -9999 -9999 -9999 -9999 -9999 -9999 -9999 -9999 -9999 -9999 -9999 -9999 -9999 -9999 -9999 -9999 -9999 -9999 -9999 -9999 -9999 -9999 -9999 -9999 -9999 -9999
92.1107219722501 88.1269901595972 83.0467110527137 81.736596643696 81.290047759445 82.8359207401476 84.2695300010674 79.6451670923975 77.7040747551373 76.9793104332271 73.0446136181883 74.6640605468904 75.4204797284624 73.9651285705578 76.5738347867491 76.0011905637419 76.0708408800001 80.4058276309444 84.0909359417155 86.4377793512536 83.7277309259328 70.6894655181328 68.3439821970408 75.7740453150159 83.9041599246761 -9999 -9999 -9999 -9999 -9999 -9999 -9999 -9999 -9999 -9999 -9999 -9999 -9999 -9999 -9999 -9999 -9999 -9999 -9999 -9999 -9999 -9999 -9999 -9999 -9999 -9999 -9999 -9999 -9999 -9999 -9999 -9999 -9999 -9999
90.134238369294 88.3854823584473 89.9140037286743 91.5459088976589 83.8093928734303 85.8172151068824 93.1084533322763 86.6879094440436 84.7488503471 83.494091673464 78.0585474361589 74.9750446732685 74.1297798725867 74.9732184049966 77.6595670600007 76.3797013290589 77.8258932522749 80.9648089096835 83.8391576103057 83.8951285515512 77.8867100535261 67.2716664968834 70.4703777916407 79.5819593706217 -9999 -9999 -9999 -9999 -9999 -9999 -9999 -9999 -9999 -9999 -9999 -9999 -9999 -9999 -9999 -9999 -9999 -9999 -9999 -9999 -9999 -9999 -9999 -9999 -9999 -9999 -9999 -9999 -9999 -9999 -9999 -9999 -9999 -9999 -9999
93.4756265426054 94.3379748600004 95.634911649214 98.2884998069375 91.734273619012 94.033881180471 96.275958448983 87.8587199729831 82.3050824100678 81.8394158233328 81.8402827870903 77.1765461178656 75.0978074236676 75.2832025068454 76.5460173762239 75.2220410087967 80.7265250700412 83.1064986800004 80.9013282812082 78.1623610168843 70.0665417587988 70.4622030971936 77.0319267668744 83.7637571103159 89.2740932850026 90.3513676996921 -9999 -9999 -9999 -9999 -9999 -9999 -9999 -9999 -9999 -9999 -9999 -9999 -9999 -9999 -9999 -9999 -9999 -9999 -9999 -9999 -9999 -9999 -9999 -9999 -9999 -9999 -9999 -9999 -9999 -9999 -9999 -9999 -9999
102.939804468731 103.672537661991 100.279395701796 105.437830795671 104.867538650915 101.485013825105 94.3875046335182 82.2446888516559 80.5932519377409 78.1460868191031 78.3149851777788 78.2347817671338 78.6574953561383 78.8211469999998 77.5480660908379 77.9508089267833 82.4977101943477 84.3923250800004 79.2986931738399 71.0171766238213 68.5923092771182 76.6918005399993 84.1136026592203 87.252644401752 89.2878341436653 89.1754573787894 91.4598323747018 -9999 -9999 -9999 -9999 -9999 -9999 -9999 -9999 -9999 -9999 -9999 -9999 -9999 -9999 -9999 -9999 -9999 -9999 -9999 -9999 -9999 -9999 -9999 -9999 -9999 -9999 -9999 -9999 -9999 -9999 -9999 -9999
113.205925836413 110.96981706336 110.709028059735 113.308572743858 109.049697788636 104.410633175935 96.7191698959174 90.9786966347206 91.5538654150901 86.2203465028729 84.2743031108015 78.6250636471979 80.1930560832368 83.3170266441851 85.7444698323098 88.4323034293437 86.8664670568974 84.2914577404919 75.6056074681594 72.9399702925637 77.0576384371422 81.4500122602712 82.9729333492149 85.6829948231061 84.9918239106686 84.8691362823751 89.2263017634798 94.0675376702007 95.1132415577006 93.2389636578467 -9999 -9999 -9999 -9999 -9999 -9999 -9999 -9999 -9999 -9999 -9999 -9999 -9999 -9999 -9999 -9999 -9999 -9999 -9999 -9999 -9999 -9999 -9999 -9999 -9999 -9999 -9999 -9999 -9999
119.664887616052 118.378002161583 119.480897147142 117.251587959999 113.44594494632 113.273166527394 107.277829435078 104.499116525217 101.324842671157 97.0756955337337 88.7385157283886 81.784068669553 79.0043274029204 80.5233269561963 83.4807282552453 85.0490709352299 84.7483566867296 80.2530005999979 78.9153131346236 76.1362090886437 84.2741667953541 87.9743987925149 85.1510792385488 82.29557627316 81.5309359060029 84.5079890552926 87.4957950841832 87.5224038877446 92.3286897108167 92.5553152599996 95.2630610872088 -9999 -9999 -9999 105.188543068281 107.365293712788 -9999 -9999 -9999 -9999 -9999 -9999 -9999 -9999 -9999 -9999 -9999 -9999 -9999 -9999 -9999 -9999 -9999 -9999 -9999 -9999 -9999 -9999 -9999
121.896823625144 121.490524014526 120.50058632 118.289235006707 113.760608533376 111.776498695884 109.12567302 107.602348975059 103.172907181856 96.360150092872 88.2414754189721 83.559893994934 80.7184503622619 80.4466743542413 87.5923736524519 95.7276672270233 87.2724623206505 84.6761191274361 94.9465255217571 89.7704884688576 81.2303743456029 85.6032398134499 86.116808015904 86.4087641686135 88.3973652536498 85.3626858974322 88.909130094441 89.6656251278429 94.18669913214 94.2683124744915 93.6773241996601 98.9587447079201 100.067935789211 104.029337845223 105.72333608416 106.368923813543 -9999 -9999 -9999 -9999 -9999 -9999 -9999 -9999 -9999 -9999 -9999 -9999 -9999 -9999 -9999 -9999 -9999 -9999 -9999 -9999 -9999 -9999 -9999
122.7678283 118.665851168217 115.741268014426 115.658410197553 111.473824018923 110.031815272026 111.273522366555 104.65214327883 100.140708745126 97.1823968399976 92.1563182867424 91.2575488161346 90.3260093950112 92.4741427097749 96.859004635421 106.011191951685 99.1310990450733 103.198413028112 109.158037073266 96.6065944761706 87.5285090177568 88.5721345624953 88.5938462688604 87.4939437372182 90.8510246133425 87.1149259305587 95.2913876855668 95.9409063066639 93.0821101911157 98.0375948497081 97.7687801399999 97.6561194705816 108.810056074399 107.012948834195 104.037133638866 107.610021650567 -9999 -9999 -9999 -9999 -9999 -9999 -9999 -9999 -9999 -9999 -9999 -9999 -9999 -9999 -9999 -9999 -9999 -9999 -9999 -9999 -9999 -9999 -9999
117.157982888897 115.237495494296 118.272258605402 115.506693630033 109.628861236805 110.066415224869 113.650692996968 110.887530731409 107.173611629359 107.873651653846 102.295765869024 101.492402764901 106.02299612776 106.901276144848 102.905625891291 106.269982509716 109.726430331778 112.803882311221 112.064757003091 104.679010841087 111.8206742 111.846417782807 110.397570259535 106.500322088802 103.727135161949 98.2934889735617 107.535735630385 109.1219487754 99.1327698384727 96.8472546198711 98.7326779065008 98.7188800997908 112.072675906835 107.117815169308 105.122126300002 -9999 -9999 -9999 -9999 -9999 -9999 -9999 -9999 -9999 -9999 -9999 -9999 -9999 -9999 -9999 -9999 -9999 -9999 -9999 -9999 -9999 -9999 -9999 -9999
123.907949221387 121.839704665168 122.464693861838 119.952527328274 114.739592263735 115.470290826675 115.813445522928 115.368830847575 113.315262091513 111.33337083828 107.984137651839 107.653162809965 108.548803441019 109.374540939894 106.724728058513 107.343297763502 111.21204552 115.341558116988 115.65240995618 116.990924836192 120.311023948148 117.529671606239 116.06611215182 116.117787239628 114.789086666409 113.691572776785 113.574305335946 112.858103294462 110.675605876818 104.371727423446 104.801416873253 103.782121514301 113.350002930217 111.471588483871 107.022588105082 109.395312991236 111.884950541667 -9999 -9999 117.396372030377 -9999 -9999 -9999 -9999 -9999 -9999 -9999 -9999 -9999 -9999 -9999 -9999 -9999 -9999 -9999 -9999 -9999 -9999 -9999
126.958497704354 126.920169496201 125.347629257928 124.917304869842 120.1812146 118.895371814617 116.174280715436 117.801206593641 116.032430471306 112.675308081951 111.935151438589 111.492496077334 110.956211940226 110.39338732 111.243383385525 113.35584696 114.738781569145 116.726501394251 117.911063408799 118.051889740001 120.733825059999 117.365115646863 113.812475595016 113.066126208415 112.67922092 112.0536595 111.527111516185 111.035773 112.957190480163 113.123162007691 112.864224060362 116.278700274817 115.078762679288 115.960877033546 117.806422372854 116.90103194403 114.27305443252 121.615144709256 119.513444427267 117.44586458 118.535798101774 120.791406975037 -9999 -9999 -9999 -9999 -9999 -9999 -9999 -9999 -9999 -9999 -9999 -9999 -9999 -9999 -9999 -9999 -9999
127.962275099009 130.502341231258 133.46258324 135.802426260001 136.104185608007 126.53500403897 120.222376644956 118.098508755243 117.602772997007 114.895033479999 111.712594538493 111.475538586243 111.04849575802 110.129104181743 110.76723838 113.915904691729 116.55248086 117.82089788 117.9464581 119.859249131756 117.694534672019 115.089933967487 114.793216877013 113.787849879243 113.42798048 112.739813525256 110.07249304 109.727328969756 110.089934095987 110.745952265744 110.957005373494 113.616589278757 114.844578877988 118.791388179537 119.027861971012 118.517319984488 121.021002119995 123.398855503231 120.161071471542 117.71357408 118.812699329006 119.783887734977 120.802579253506 122.427931631221 121.415886534017 -9999 124.83877958 -9999 -9999 -9999 -9999 -9999 127.699156016005 -9999 -9999 -9999 -9999 -9999 -9999
127.765598220002 131.319726440001 134.232953021028 136.498943760001 137.814135710144 137.719334769761 128.198237921887 120.96945892476 119.23935587555 117.238595726052 113.782381536794 112.263470039641 112.512974362488 112.359876807332 112.66015458 113.73158298 115.505670186938 116.74946948 116.993235130215 117.85773312 116.8750297 116.574737355945 115.202640935479 115.344743886195 114.405821476652 114.150456130752 112.086056722345 112.251020547404 111.96966477196 111.009207521773 110.473429812533 113.544824314872 113.05413422 114.851663221138 120.691636305121 121.395162616016 122.165916395408 123.238779331688 121.420517261745 123.084246719356 124.405174642203 123.557349147475 123.612711343949 122.146631604628 122.077565506796 -9999 122.82089308 121.846929016802 -9999 -9999 -9999 128.7500594 128.7500594 128.415636280786 127.93535404103 -9999 -9999 -9999 -9999
128.577718674666 131.998357440001 133.276733887422 134.798203145246 136.148670150879 136.186602234366 134.233269468344 129.397524487958 123.760706671892 121.649743186408 118.337150136602 114.609889173397 112.977096231505 112.5891961 113.119697178689 114.12438038 115.038098388883 115.89909964398 116.760100899077 116.98270342 116.01742547073 116.099153151265 115.5891961 115.5891961 115.067679019316 114.379562594265 112.842809500443 112.384447114745 113.473711259909 111.255606179429 112.328694580719 113.506300315337 113.218637248699 112.886675645531 117.570755018118 117.35654968 118.523111792464 121.06273116592 125.82826755594 127.312698000559 126.417596537582 125.776632181082 125.597243362806 124.627806947001 124.038689251597 121.548432953305 121.95649574179 121.013895696888 122.017488255954 124.566155332919 126.501766735644 126.5655618491 125.944468192372 126.092336474938 126.521091004606 126.249730904675 126.931338498279 125.64711815643 -9999
128.320313960001 130.998817749273 133.711076536085 134.664917326374 133.60042106325 132.995366864354 132.667209116876 131.605320776211 129.242045500664 127.136931760564 122.489579203589 117.972532066048 116.6069626 116.449285774517 115.80871363986 116.071299432057 116.2678271 116.2678271 116.2678271 116.987335912861 116.285263217727 116.581605764679 117.1965187 117.11536436222 116.005945458019 113.930857620717 112.611985998531 111.768609536191 111.689620452504 111.536235794842 112.109548499162 112.970421182851 114.709711471153 113.385152969619 116.129920537389 117.710282325071 119.078536788826 120.632320314996 125.626310922653 125.847154050182 122.96327756 124.675088519914 124.713174921143 124.660282262373 123.92916632 122.685895094495 121.522342815754 120.473608214583 120.976238331479 121.21261864 124.07128167804 124.146803284419 120.655754525924 119.366832817353 122.447908464102 125.163216982872 124.80419842 123.876538341237 118.685034082451
128.435607573672 130.214976396116 131.46375828 133.112969541004 133.946467783447 133.32195652 132.309154248334 131.83984422 130.693964053556 129.077869313002 126.833669389452 125.097949259447 124.7318105 124.14308432 122.19926890423 120.913934400658 120.459384472773 119.205920980864 117.75196907064 117.345123459896 117.561261914904 116.302689084992 116.0177665 115.920352060242 115.575899615354 115.669392654767 115.527428148369 116.609283498617 115.515317889509 112.171818007251 112.131497661914 113.758170377718 115.552113116254 116.298327674317 115.162831239436 117.280891036819 118.958545393187 120.844957064554 124.047780880783 123.454460843261 119.285674097083 120.062579658398 121.751641387378 122.962003601245 123.063331217602 122.984464350928 119.519669333913 119.373839060001 121.190337701947 119.978196380253 121.642978 121.139763481694 117.621906856253 116.043240275967 121.051395820001 122.582781196161 120.747740602097 117.75197316 113.462260195411
128.66015698 129.73158538 130.80301378 131.87444218 132 133.16133322 132.126343726455 131.560707120676 131.4106839 131.4106839 131.631347998014 132 132 131.653054183634 131.292759035034 130.3697844428 129.580191965283 127.043699297495 123.689588046096 120.863670172275 120.377803383256 121.71463392 120.969894208579 121.464039977538 122.095449983655 122.280993009772 121.933380227669 121.579588422007 121.681797771876 118.502993934551 114.546661400358 111.204763152378 112.493609597779 113.811486794187 116.599185068966 119.990073965276 119.187622396495 114.032950820925 117.520697849296 121.698563507896 116.595018499998 114.227998415297 118.893557377409 120.672050739531 122.230518628 119.76309703635 117.685026845297 120.841748448704 121.806711359061 119.755597356586 118.935159213517 117.303137882359 116.362878710124 115.159290684221 116.364212155862 116.12640694 113.087555602372 109.150960371048 104.769753576717
129.14226928 129.860991369802 130.80301378 131.452862849383 131.973903540826 131.991041071035 131.4821123 131.565055008546 132 132 132 132 132 132.28383213271 132.823998237081 133 132.612858336662 132.065026093547 130.564278323757 127.367010653965 124.905370486598 125.107257763154 125.602045655406 125.853915065197 125.5178877 125.07202072 123.732691405431 122.41127622 122.66015218 122.621123416059 120.431497898805 116.789710002387 114.970970119939 112.080607987933 116.789312041318 118.516297848055 119.556745752865 117.553796477735 122.718801740285 123.180766279999 116.539474725083 113.041406365716 115.580647252198 117.666752812927 121.606213187597 117.266785681181 116.061875330382 121.052448559654 121.825733639927 120.030046020491 119.400345652274 117.421401638672 115.988788334759 113.091850022165 111.751204968708 109.85833744 107.420832504867 103.63696296384 99.7575123678699
129.294733223181 129.851421583355 130.80301378 131 131.94587058 132 132 132 132 132 132 132 132 132.58872618 133 133 132.19698862 131.515961992071 130.50059112 129.974981201001 128.296866555072 125.714974617782 125.743620118783 124.58990842 123.68565160632 123.633927480648 123.196360573248 121.205970373424 119.903266780528 120.08371542636 120.762781978686 120.502517899431 120.226737989836 116.962720234994 115.748060167688 114.340660023275 114.096009503668 116.775534641355 120.94611058 121.762649613747 119.810662731271 116.201338385629 111.959682983368 113.9972688 116.601442784817 113.694219545601 112.28643312 118.326102939972 117.894836626497 121.197013865846 120.978894116387 119.579632079403 114.096548429945 109.665967252884 110.71736160927 109.050222823707 104.628573594342 100.293234290635 97.0163521717996
