catData/variables/futureClimate2070/rcp85/CNRM_CM5_2070_rcp85/bio15.asc
NCOLS 409 
NROWS 350 
XLLCORNER 60.897278365 
YLLCORNER 5.843756025 
CELLSIZE 0.0892857 
NODATA_value -9999 
[rows 108 to 134 of 350, columns 236 to 294 of 409]
129 129.73158538 130.301154980626 130.921530242237 131.94587058 132 132 132 132 132 132 132.278654585136 132.6249691 132.845759609139 133 132.542783243414 131.57201952 130.50059112 129.42916272 129.35773432 128.308481681796 127.46481572 126.306536996623 125.136300019485 124.50046872 123.373375833948 122.038764668072 120.712662072806 119.754783267595 120.23145698 121.102182760955 121.2499382 121.368259104258 120.394484180549 121.278058983888 118.779540253834 117.6247219 118.003537802643 118.781321395156 117.900563152439 115.319076983706 113.603019506056 113.004807278718 112.292781689392 110.51907954 109.797152562459 109.395333805322 111.431471041841 115.201661235817 120.464504550456 117.7817694174 117.534421002561 109.361995282466 107.572467563925 109.26735238 108.351836031083 103.414146619998 98.9059400368081 96.8958444396705
129 129.222111150332 129.862819288858 130.87444218 131.94587058 132 132 132 132 132 132.26075976237 132.831764558442 133 133 133 132.26841702 130.637773502496 129.42916272 128.35773432 127.613999010141 128 127.83984662 126.929691192637 126.6963975 126.582717011016 125.986696010613 125.324935329394 124.768399231418 124.022259172228 123.498228806079 122.83358155385 122.6963975 122.409230284528 122.104944168851 122.973063602905 122.647775262095 122.231523698716 121.815417440945 122.236269159323 120.8736625577 117.886335194118 115.2715290794 112.391828588659 110.629576642426 109.816012889591 109.087443166015 109 108.048790745825 111.141646876898 113.57945559074 109.547061600423 109.420889831184 105.797128468307 106.363564487497 107.460653213315 107.659714317624 105.11468817519 99.5529924829894 97.1969958199998
128.49311437269 128.793904302825 129.186439001659 130.10661628 131.17804468 132 132 132 132 132 132.086935497535 132.574524157981 133 133 132.493116215472 131.50059112 129.62615134 127.686316808925 126.51848002 126.236189917895 126.532473537621 127.194990633137 127 127 127.287503639683 127.7678259 127.7678259 127.63113948623 126.368617678254 124.474518802739 123.813562112777 123.7678259 123.7678259 123.754546980677 123 123 122.76842062 122.070350558615 122.894112076901 124.374138122083 123.924645572068 121.483803270343 117.580912498962 113.895708502084 111.221595850017 109.221977094489 108.273741598974 108.01729178 108.925552279716 107.851992510289 106.2321741 105.858818718603 105 104.864690771096 105.4909005103 105.012758357337 102.68730661618 99.0545572667865 96.5804284127874
128.33984302 128.117599204018 128.834678467824 129.87444218 130.152044628492 131.1607457 131.235210535193 132 132 132 132 132.44586938 133 133 132.33984542 130.654432858228 128.55472294 126.411866139999 125.21487752 125.1607457 125.24947068 126.1607457 126.355101704667 127 127.37443858 128.374195780193 128.8392543 129.333343263877 128.912239795719 127.05460174 125.843834160596 124.944633268754 124.045432376912 123.14345152 122.235206506772 123 123.157128600913 123.6785086 124.113133785859 124.608402162052 124.15518615565 122.82255724 119.913434421508 116.526921713351 114.617342310386 113.342020557035 110.662768302245 108.85654608 109.661813939999 107.67910572 106.8392543 106.53624892 105.8392543 105.019200368227 105.468719503615 104.084927489086 100.840450939999 98.5799964791407 97.0679163509827
129.25052572 128.244440550861 128.071723022692 128.96375948 129.950705273645 130.105071181814 131.007924890018 131.235168398151 132 132 132 132.039823849174 132.0893173 132.0893173 131.42916272 129.62615134 127.48329454 126.136774919837 124.192746031993 124.105068996175 125.007924675656 125.235166212512 126.020684259319 126.36526342885 127.37443858 128.44586698 129.471091953356 129.963265918475 129.941036989693 128.44752154 127.10767372 126.03624532 124.103433317632 122.087772630537 122.08872258 123 123.23157938 124 124.37443618 124.960176579549 125.381772467718 125.180061015886 123.953972728109 122.024914552223 119.929805419608 117.882645711439 115.66652207673 113.491968655508 109.903355573067 108.75053412 107.9106827 107.883619077573 107.480375034258 106.018958339999 104.107116529605 102.022082870743 99.7690225399994 99.6248659597551 99.7496432347537
130.9703016178 130.23263682 129.175573453209 128.997753908714 129.94587058 130.01729898 131 131.16015578 132 132 132 132 131.491956108256 131.0178889 129.709389179265 128.291107605229 126.41186614 125.14344912 124.055100178715 124.01729658 125.087137787706 125.9849760678 126.227439036696 126.987531618809 127.37443858 128.007976069819 128.53518428 129.0178889 129.0178889 128.273221148162 127.19699102 126.12556262 124.10826844 122.9821111 122.983698249361 123.157286055134 123.986253800371 124.297587304125 124.98880935138 125 125.51729298 125.989468422105 125.32196132 124.955936842192 123.34032014 121.197463339999 119.983549464582 117.91022462723 116.698924446427 114.260666925798 110.491464654875 108.684526152942 107.62556622 106.984048032096 105.421604219456 103.382860585039 102.940603579068 105.815486262088 104.508859744426
133.0535395 132.361122835452 131.261072263726 130.17909732 130.0535395 130.05261332126 130.08872738 131 131 131 131 131 130.972304135508 130.35773432 128.626151339999 126.48329454 125.14344912 124.07202072 123.00059232 122.964683130245 124.08872498 125.32030676 127 127 126.979952745646 126.9464605 126.9464605 127.503664303181 127.268113037641 126.907292041537 126.132904719285 125.118840060106 124.949358819072 124.0535395 124.0535395 124.21369048 125.297517524216 126.090856114963 126.033492374141 125.976128633319 125.974156107503 126 126.035344089146 126.0535395 125.29352549079 124.185827208388 122.111171687566 119.019881733255 116.850418528153 114.05400942 112.75100404 110.91115262 109.83972422 110.082011121815 111.188313979008 111.80287698 112.284845921303 112.399573402946 110.019303459999
134.082498431461 134.033543211391 132.494323385757 131.25052572 131.1249679 130.984862837203 130.202607205649 131 131 131 130.953206897055 130.8750321 130.35773432 129.28630592 127.554722939999 125.503290528686 124.19698862 123.12556022 122.05413182 122.03459316 124.08872498 125.32030676 127 127 126.62556142 125.88856187966 125.7500642 125.676492625533 125.6250963 125.076363897527 124.8750321 124.8750321 123.92916632 124.877193317357 125.011087474505 125.28511888 126.617066648802 127.909061774049 126.656946713803 125.484886280247 125.452647962605 125.948603374544 126.577652248308 126.96645588884 127 125.251130039999 122.16240986 119.98270822 118.922366994582 117.96481932 116.66181394 114.746230627945 113.547390523176 113.390143719676 114.39232268 115.46375108 117.195326860001 119.155336682165 117.517132998197
134.85655328 134.608491581766 133.58977882 132.51835042 132.207027117809 131.1963963 131.178970570859 131 130.954517723909 130.8036037 130.50270154304 129.912432903485 129.38790128999 128.295650176535 126.612946456939 125.26841702 124.19698862 123.12556022 122.23989683084 122.23098946 124.28512128 125.485249528735 127.045481804739 127.136886221786 126.552023068311 124.911869739999 123.600413902722 122.937710492114 122.736858845589 123.391504560936 123.764915392539 123.8036037 123.229266998977 124.210293967037 125.071297793562 125.96375468 127.407379173224 128.864305146863 126.48389886 124.6072074 124.708801827288 125.39232508 125.8036037 126.53518188 126.645896178812 125.030073234662 121.96601356 119.986104261612 119.1963963 119.004795131438 117.491365177962 114.954096695511 112.926462591013 112.8036037 113.32089428 114.39232268 115.864597454227 116.554489876362 116.6072074
135.66015698 136 135.19698622 134.359755034526 133.32195412 132.2678247 132.17909732 131.224931026268 130.76841582 130 130 129.55413062 129 127.82254764 126.33984542 125.26841702 124.412054901945 123.39338492 123.521151561548 123.565610108651 125.35654968 126.385085049047 127.169558459246 127.42916512 125.98329814 123.840441339999 121.55904006004 120.4643506 121.12450278 121.660285949364 122.53518428 122.966371228967 123.94586578 124.7321753 124.755937398372 125.117258591827 125.901732002025 126.16134282 124.441325317578 122.7321753 123.24946828 124.32089668 124.378566466433 124.732169373415 124.555824612773 123.58991562 121.133411611979 120 120 119.636811094606 117.03744436 114.126164539999 112.35774152 111.7321753 112.110922685599 113.05306958 113.641154374004 114.267817016194 114.4643506
135.32090388 135.6607469 135.130158034208 135 134.375018946464 133.672637467408 133.22042468128 131.83984422 130.76841582 130 130 129.55413062 128.824505124512 127.882748903232 126.67909852 125.60767012 125.3392531 124.761469726128 125.303485667744 125.35654968 126.397877855488 126.94566746936 126.6607469 126.35773672 125.038899189024 123.108266039999 120.448113859999 118.800273632591 119.544857753537 120.73158058 121.80300898 122.87443738 123.624977881951 123.6607469 123.74946948 124.6607469 124.582182877439 124.121282348689 122.91187454 121.6607469 122.002546632927 122.710489626799 121.43798328067 120.891177765457 121.78524728 121.701115275427 120.71488352 119.99413371003 119.600549707805 118.50179496 115.287509759999 112.581820968963 111.28631312 110.6607469 110.6607469 111.049741141006 111.98164118 112.56968315125 112.6607469
134.389042721218 134.5893185 134.919101403691 135.359117226146 135.4106815 135.386278148945 133.822545239999 131.83984422 130.76841582 130 130 129.55413062 128.695146848237 128.168902549308 127.610958693146 126.979546115601 126.491581081944 126.4106815 126.4106815 126.420874694581 127 126.83984662 125.904893647217 125.28630832 124.368654917692 123.291375360146 121.071239002601 119.23263922 119.599442784979 121.032027189965 122.21369048 122.926003625126 123 123 123.052285857762 123.523547455307 123.042162987147 122.464878810398 121.737312664113 120.816891665489 120.376875843034 119.93686002058 118.32972876375 118.02045105567 118.98164358 120.05307198 120.009670803387 119.564925305852 118.001196639999 115.632421200943 112.263433323023 110.5893185 110.368657746421 110 110 110.241775993785 110.799718563761 111.431131141306 111.5893185
133.681731784388 133.870594654393 134.80301378 135.87444218 136.456013570737 135.96540204 133.822545239999 131.76263153292 130.397954945861 130 130 129.55413062 129 128.695104539767 128.4821099 128.4821099 128.066238256111 127.542643725108 127.4821099 127.4821099 127.4821099 127.32195652 126.25052812 125.17909972 124.30158935364 123.55413302 122.214802463922 120.89338612 120.800375801485 122.074678719734 123.28511888 123.4821099 123.4821099 122.99166230461 122.5178901 122.35773912 121.406243388266 120.878855470515 120.5178901 120.286981248077 119.48270702 118.41127862 117.021585475579 116.5178901 117.32089668 118.39232508 119.46375348 118.483306539999 116.340449739999 113.954504995889 110.76842302 110 110 110 110.249390909795 111.07082888 111.4821099 111.129409973862 111
133.33984302 133.73158538 134.80301378 135.87444218 136.94587058 135.96540204 133.822545239999 131.67968844 130 130 130 129.55413062 129 129 129.365420843951 129.5535383 129.109040745834 128.12556022 128.523574264381 128.5535383 128.5535383 128.39338492 127.450145904812 126.63633868008 125.17909972 124.10767132 122.749900114757 121.737157380351 121.848270964542 123.136538450566 124.35654728 124.069503719218 124 122.98270582 121.950888653895 121.28631072 120.21488232 119.614188111428 120.207264766536 120.5535383 120.03624532 118.96481692 117.233238739999 116.148581757926 116.358511682818 117.80492993229 118.422291772603 117.421449802505 115.822559639999 113.608202632721 111.32196132 110.5535383 110.346274861956 110 110.51729058 111.262840476633 111.4464617 110.71488592 110.4464617
134.377385849272 134.524302279293 134.926123607859 135.87444218 136.35473296499 135.351246626444 133.822545239999 131.67968844 130 130 130 129.55413062 128.676706113516 128.3750333 128.622613250648 129.207281600787 129.073877292221 128.672055963655 128.97969876491 129.635776486524 130.2499334 130.08978002 129.105202499173 128.208317612261 126.87549482 125.52541440487 123.913668326564 122.882000642002 122.6249667 123.630914359133 124.301155107699 124.047090163735 123.40886538483 121.743580706604 121.28631072 120.21488232 119.288183320907 119.492377552341 120.99940288 121.34631618479 120.48270702 119.043347361922 117.467305369512 116.26842182 116.501852372381 117.827343916185 118 116.35774152 115.253040098118 113.779790369552 112.39338972 111.6249667 111.25053292 110.6249667 110.818967893276 111 110.587429870408 110.100668021026 109.498149127539
135.236665013897 135 135 135.265484930615 135.3036049 134.28630592 133.126150139999 131.094825040429 130 130 129.739241136289 128.85773552 127.78630712 127.3036049 127.763333314755 128.73158298 129.559213190276 129.6963951 129.6963951 130.71369168 131.6963951 131.647771749081 131.16120842 129.878765215397 128.32195652 126.804661139999 125.17909972 123.697686964354 123 123.222111448833 123.3036049 122.694650993311 121.66134402 120.987956417789 120.338454259943 120.53624412 119.6963951 120.302410660001 121.810075758985 121.55413542 120.122466723463 118.536144824297 117.33985022 116.777889279819 116.94019183242 117.265482744659 116.644910276898 115.28631312 114.21488472 113.14345632 112.233296994145 112 111.62556622 111 110.639761374812 110.3036049 109.64345752 108.794139111529 108.363413796231
135.846727062933 135.206095052979 134.383427148892 134.2321765 134.2321765 133.21487752 132.122848707457 130.83984422 129.822184224368 129.2321765 129.145240103807 128.55413062 127.48270222 127 127.66015458 128.73158298 129.80301138 130 130 131.030577300594 132.7678235 132.7678235 132.358427787144 130.393979639999 128.62556142 127.450613185118 125.853336570794 124.274588393293 123.26094314262 122.438275238532 122.2321765 121.35773912 120.28631072 120.228161197817 120.08872258 120.962816705992 120.7678235 120.908526071667 121.2321765 120.78631192 119.594780246429 117.959244509483 117.078905234604 117 117 116.328588273134 115.28631312 114.201607684959 112.37563282 111.427170263216 111.2321765 111.2321765 111.145241775478 111 110.48270942 109.54796773226 108.57202912 108.062321795915 107.383434519998
136.285213900236 135.26841462 134.870917060591 134.105374638994 134 132.98270102 131.91127262 130.83984422 129.76841582 129 129 128.55413062 127.48270222 127 127.66015458 128.117600574027 128.96375948 129.1607481 129.954569767215 131.020076972372 132.1607481 132.026339071544 131.05268808887 129.809029609284 128.62556142 127.179938309887 125.560298470526 124.41127622 123.33984782 122.26841942 121.326073187818 120.28631072 120.00870197301 120 120.08872258 121 120.805646565334 120.1607481 120.1607481 119.71488352 118.64345512 117.477390876735 116.44596804285 116.774726477564 117 115.391693801608 114.21488472 112.301424799219 111.07202792 110.1607481 110.1607481 110.1607481 110.1607481 110.1607481 110.077594622117 109.41128102 108.33985262 107.386023636641 106.35774392
136.941034976593 136.17909492 135.179391469925 134.921895086815 134.049294596444 132.98270102 131.91127262 130.83984422 129.76841582 129 129 128.55413062 127.48270222 127 127.058964809039 127.755557907701 128.071724735558 128.0893197 128.173804362077 129.19593598 130.1786394 130.01848602 128.94705762 127.87562922 126.80420082 125.692947715106 125.043115031847 124.41127622 123.33984782 122.26841942 120.465706561191 120.01121521555 119.13861866771 119.105069169031 120.007924674229 120.0893197 119.85774032 118.813376484007 117.837647747267 117.228134609474 116.66134642 116.126054982955 116.030355319695 116.73157818 117 116.047460749917 113.242058626685 111.07202792 110.00059952 109.0893197 109.0893197 109.0893197 109.0893197 109.495357603841 110 109.41128102 108.33985262 107.26842422 106.19699582
137.333762786576 136.986910986491 136.17909492 135.123311427375 134.05412942 132.999690498759 132.89338132 131.82195292 130.75052452 129.9821087 129.614366955906 128.55413062 127.48270222 127 127 127.01308897057 127.0178913 127.0178913 127.0178913 127.05307918 127.948645025234 127.050808547832 126.80420082 125.73277242 124.66134402 124.027805460101 124.525931593168 124.989466966235 124.32195652 122.532036467631 120.39398204 119.141207441496 119.00096853157 119.000309415363 119.0178913 119.0178913 118.78631192 117.71488352 117.011192149973 116.56211251696 115.50059832 115.0178913 115.666230142241 116.73157818 117.788639748375 117.10767372 114.14451856 111.947834512423 109.91127982 109 108.772566233222 108.0178913 108.385625972912 109.44586218 110 109.989467052113 109.32196132 108.25053292 106.390467128685
136.910074480508 137.67804828 137.186440149041 136.172372918434 135.10766652 134.0535371 133.96480972 132.89338132 131.82195292 130.75052452 129.67909612 128.60766772 128.025842477022 127.41127382 127 127 126.19698862 126 125.949360960661 125.01729658 126.004750078127 126.0535371 125.834353536914 125.1070742 124.712589264299 124.475533654905 125 125.031518563882 125.0535371 124.28278981733 120.830954852063 119.17909972 119.0535371 119 119 118.83984902 118 117.983777842181 117.217636767212 115.530265123394 113.939571305999 112.968481564607 113.60661268 115.40961926 116.74946948 116.9464629 115.105374922361 113.018953539999 110.871346918851 108.83985142 107.76842302 107.286783350671 107.966508998723 108.891724360001 110.51729058 111.620237286904 111.428732096298 109.64392264 107.50106584
135.235376654169 136.823008312805 137.1249655 137.1249655 136.17909492 135.122803724315 134.922360481405 133.944795772875 132.76841582 131.69698742 130.62555902 129.55413062 128.48270222 127.484844281447 127.042468952833 127 126.19698862 126 125.172332710048 125.14226208 126.21369048 127.1249655 127.153905232929 127.249931 126.454261935631 125.1249655 125.1249655 125.71368928 126.1249655 124.66180434 121.81628697869 120.266219115589 120.006764909869 119.122804324149 119 118.83984902 118 117.69699222 116.672355424452 115.23323634 113.543028744108 112.41127862 112.66014978 114.46315636 115.80300658 116.109274204493 115.17910212 114.088221064066 111.744926421653 108.944803872626 107.76842302 107 107.37443378 108.836006969746 110.456968555975 112.17743796 113 111.445426706864 109.369373958855
134.903764916087 137.515885754039 138.157707008008 138.1963939 137.25052332 136.17909492 135.1963939 134.87608234 132.919327999711 131.69698742 130.62555902 129.55413062 128.584296348475 128.1963939 127.53623932 127.1963939 126.39338252 126.1963939 126.1963939 126.41008438 127.464087735151 128.1963939 128.42797568 129.13688454901 127.87668426 126 126.10159365713 126.669495920823 127 125.68051680327 123.59037594 121.447519139999 120.25052812 119.98270582 119 118.83984902 118 117.756501099644 117.1963939 116.30466474 114.16180794 112.60767252 112.85654368 114.515872768075 115.80300658 116.87443498 116.239898418065 114.951520660111 112.00152943784 109.67970284 107.76842302 107.059508408299 107.497291169654 108.44586218 109.831395731121 111.553408527028 112.2144244 110.450728121739 109.00060192
136.248293240001 137.99940768 139.07083608 139.2678223 138.32195172 137.255156372611 136.511881429015 135.94751074 133.804653939999 131.883656193895 130.62555902 129.673544382851 129.2678223 129.2678223 128.60766772 128.2678223 127.46481092 127.2678223 127.2678223 128.28511888 129.244059771789 129 129.169559015042 129.348014636669 127.541605663408 126 126.51729538 127.157673356824 127.2678223 126.53624172 124.66180434 122.284753709682 120.800810271309 119.719515287064 119 118.882741023811 118.2678223 118.2678223 118.2678223 117.495505617304 115.362516044322 113.67910092 113.751169247576 114.73157818 115.80300658 116.87443498 117 114.960785315709 112.489778402663 109.722594201037 108.03624532 107.57082768 108.2678223 108.474860810939 108.593635747096 108.4643554 108.287553210349 108.392465408024 107.876413646397
137.095762922426 138.979776232275 139.869841493025 140 139.375016676375 138.3392507 138.25052332 137.01893914 134.87608234 132.836022769873 131.30406042 130.527239900726 130.3392507 130.139524931327 129.33984542 129 128.19698862 128 128.320886442173 129.350679403128 129.91127502 129 128.921435719028 128.157525355672 126.752589970372 126.3392507 126.681053260228 127.788448734472 128.3392507 127.855859343871 125.800062081429 122.715938559999 120.126633512029 119 119 119.054331332071 119.3392507 119.3392507 119.46627843617 119.08137694913 116.78737176 114.75052932 114.3392507 114.82264047033 115.53058603563 116.238531600931 116.00061378623 114.275489508468 111.513407323168 109.83985142 108.846985672569 108.64225608 109.212223778031 108.55413782 107.307218228631 106.461025973932 105.885306680768 106.144137484532 106.593918330168
136.498955760001 138.64181256 139.508422776458 139.5893209 139.5893209 139 138.947711100563 138.09036754 136.042617522616 134.51834562 133.44691722 132.192379584304 131.198235713278 130.41127382 129.33984542 129 128.526768610828 128.4106791 128.968098987119 129.582217556092 129.126354314934 128.5893209 128.452844916987 127.821429768013 127.4106791 127.4106791 127.4106791 128.104573555762 128.860431603146 129 126.59097306 123.735801016224 120.961529067251 119.403576741722 119.036436509304 119.50505941967 120 120.124438962384 120.63134216659 120.10827084 117.448121059999 115.41127862 114.728890282484 114.5893209 114.259542880431 114.1786418 113.23277842 112.144058239999 110.126357143674 109.494941994701 109.095103825727 109.71368448 110.03624532 108.781710641193 107.177859269833 105.82196012 105.139570368114 105.300442882912 105.883906246061
135.002047328765 136.628360461412 137.83879878 138.457360133295 138.5178925 138.5178925 138.475116364646 137.869898045413 136.76841582 135.69698742 134.62555902 133.108261239999 131.48270222 130.41127382 129.33984542 128.64729835847 128.5178925 128.939466476237 129 128.50059592 127.560667478296 128.077211145648 128.4821075 128.336024019645 128 128 128 128 128.341887862881 128.5178925 126.496002211825 124.672698059178 122.59037594 120.473150973884 119.967389937525 120 120 120.156925456704 120.337374009351 119.359010498002 117.215404385355 115.41127862 114.33985022 113.647300672586 112.71488592 112.09632083788 111.08992162 110.009537936826 108.5178925 108.595101331532 109.23157698 110.30300538 110.62556622 109.323229140944 107.96481692 106.89338852 105.82196012 105.860985109644 106.387134337709
