catData/variables/futureClimate2070/rcp85/CNRM_CM5_2070_rcp85/bio16.asc
NCOLS 409 
NROWS 350 
XLLCORNER 60.897278365 
YLLCORNER 5.843756025 
CELLSIZE 0.0892857 
NODATA_value -9999 
[rows 200 to 224 of 350, columns 112 to 167 of 409]
-9999 -9999 -9999 -9999 -9999 -9999 -9999 -9999 -9999 -9999 -9999 -9999 -9999 -9999 -9999 -9999 -9999 -9999 -9999 -9999 -9999 2264.52390874353 2423.67397517622 2465.51243846514 2539.18904424267 2726.81226731947 2740.66804124376 2626.28660791225 2465.63465877601 2229.56358351989 1817.27615931818 1384.29252236686 965.53689891379 662.816768807354 490.953184357014 411.655060780595 381.031815173976 360.123955095266 329.464720220475 322.328031579521 324.578408170632 332.940980820001 347.731933080777 365.976653849299 382.128497845985 379.432887120947 399.095227103175 424.542903101553 448.731546284937 472.306657688168 490.420230879999 506.225433940001 519.738281708802 533.27895424 547.337168678615 562.351416887039
-9999 -9999 -9999 -9999 -9999 -9999 -9999 -9999 -9999 -9999 -9999 -9999 -9999 -9999 -9999 -9999 -9999 -9999 -9999 -9999 -9999 2235.66159509956 2333.72221706636 2510.65522036205 2723.91015406922 3090.40651571486 3153.50421211957 2943.12596565291 2746.93096972362 2295.31651142362 1721.64398010137 1277.60591294879 928.123928993563 605.468420981052 454.586945350731 373.626568931668 339.311415356829 344.612371681844 352.061408155975 346.05385760061 340.600583621317 345.693783080629 356.827114033236 374.514973824869 393.995210896368 396.719261228953 408.703424335483 427.349218519783 445.099467308867 463.978430780736 482.451668564691 497.802404771115 511.721117470121 525.778955440001 540.544493672586 557.098696280001
-9999 -9999 -9999 -9999 -9999 -9999 -9999 -9999 -9999 -9999 -9999 -9999 -9999 -9999 -9999 -9999 -9999 -9999 -9999 -9999 -9999 -9999 2301.71802584372 2570.03756198668 2858.53719978443 3252.91859391303 3609.68373416793 3289.39893609409 3005.3560560973 2351.15514656542 1657.78662199563 1196.60606345407 804.640249384719 577.095431848933 430.131255055499 357.306454753073 316.025854902951 305.399394295847 321.989086487068 340.565459071693 347.466823682913 352.539721048012 359.875899395847 371.487368126162 380.513931539999 393.498612162954 408.789177548664 424.761173618208 446.54303584841 462.485797128681 477.22465922 491.181628226123 504.534431097126 518.817918928997 534.430296066557 551.596789424115
-9999 -9999 -9999 -9999 -9999 -9999 -9999 -9999 -9999 -9999 -9999 -9999 -9999 -9999 -9999 -9999 -9999 -9999 -9999 -9999 -9999 -9999 2294.89077988448 2590.95069361243 2954.3051253153 3364.23119871735 3706.7475533007 3537.56472861945 3048.65886075596 2286.57880059541 1642.99422123273 1130.92238985958 740.703496649921 576.50172654744 441.116187188425 358.821636289708 308.619761688244 298.452542231059 307.770367509863 323.692482878791 335.567242210639 345.920437860012 357.117552163395 364.222530216647 370.571525131648 380.125512975558 395.172306567209 418.55891596998 446.172403672131 467.5476899311 478.426387290096 490.181170382262 501.816637267246 515.41125883336 532.104923041055 549.958046685589
-9999 -9999 -9999 -9999 -9999 -9999 -9999 -9999 -9999 -9999 -9999 -9999 -9999 -9999 -9999 -9999 -9999 -9999 -9999 -9999 -9999 -9999 2313.83481628147 2540.57212849228 2964.63542340301 3394.76537186011 3636.56420714876 3722.55928911581 3060.02361163778 2306.89537347926 1635.98118310551 1103.17852337532 722.480012169112 505.338698177974 418.695129215311 347.583343551646 304.311249190847 297.337658540001 303.175565675591 313.873785716057 326.205482331529 337.449622656521 351.772766791953 359.387872566491 362.90927294 369.446472427766 386.926262271203 415.038478539998 444.608449834209 468.457659017184 480.10307004 489.765256711584 502.491116850367 516.333989355715 532.728608151007 550.576162384711
-9999 -9999 -9999 -9999 -9999 -9999 -9999 -9999 -9999 -9999 -9999 -9999 -9999 -9999 -9999 -9999 -9999 -9999 -9999 -9999 -9999 2056.92605923738 2297.82717036516 2521.86992852053 3013.8874004365 3606.27839902449 3771.55696592305 3740.89584275607 3118.21492246283 2342.4259248249 1611.7190510685 1050.90251957185 691.367583035362 484.333348319609 374.840516477679 319.453880616179 295.46031513077 294.01651514 299.355436047697 308.347450889613 319.423595786149 330.924604610393 344.053345939987 353.661070093085 361.181501141567 363.148946181523 380.212747136162 411.071777630787 441.798035558476 463.427997896902 475.542341342313 486.490364888854 500.578092358436 514.62314944193 529.617769463064 547.116012060001
-9999 -9999 -9999 -9999 -9999 -9999 -9999 -9999 -9999 -9999 -9999 -9999 -9999 -9999 -9999 -9999 -9999 -9999 -9999 -9999 -9999 -9999 2273.90057632819 2640.01797731352 3088.11783976428 3678.06536922149 3749.16264848061 3593.11281641572 3015.56802974459 2284.57512152651 1576.73285605754 1004.954781193 658.995511675789 466.776749349486 360.690993414855 308.360049011995 291.409180078272 289.184144046271 293.992113566812 302.548973020001 313.264575622327 326.111650825189 338.835355088057 348.995252320001 358.992859906213 365.942327630047 379.226531001935 408.100098570469 438.867818615747 462.65152440434 475.229067470978 487.046393740002 501.104241633419 515.153436740001 528.917026675122 544.315419664086
-9999 -9999 -9999 -9999 -9999 -9999 -9999 -9999 -9999 -9999 -9999 -9999 -9999 -9999 -9999 -9999 -9999 -9999 -9999 -9999 -9999 -9999 2278.86357735036 2771.82255022318 3211.84647548764 3497.50799165311 3631.60534358149 3484.97027778871 2925.92124237364 2189.28203954062 1525.44413865773 996.753991379899 658.617085627804 457.507032087483 364.081107879403 307.424769288236 289.970957807129 285.181617199703 288.982231869341 297.513164020001 308.476362380002 321.725274339999 334.850815360002 346.302495790601 356.778899464491 368.869514500002 380.729531011376 405.757385373796 433.287415816226 457.515420681807 473.741321498929 487.100108440002 501.545989820001 518.007184726095 533.627008432823 546.382766337591
-9999 -9999 -9999 -9999 -9999 -9999 -9999 -9999 -9999 -9999 -9999 -9999 -9999 -9999 -9999 -9999 -9999 -9999 -9999 -9999 -9999 -9999 2543.54721370683 2843.83503084508 3137.58946150171 3431.55881731968 3565.40638045692 3445.45923346826 2910.04249146202 2307.4882795349 1622.04314527667 1134.03453122501 709.774434388471 510.472468261351 381.728632960053 321.177758393844 291.93330728 285.276360900295 286.42960553374 293.995259520001 305.465343473125 318.413449971357 331.949483204162 343.411988460322 354.155422499999 366.896293241433 379.843826328831 400.397399899998 426.773687822732 450.545155685581 470.178915433232 485.686326416175 499.706752320001 516.609671865137 535.473357171911 551.660227629502
-9999 -9999 -9999 -9999 -9999 -9999 -9999 -9999 -9999 -9999 -9999 -9999 -9999 -9999 -9999 -9999 -9999 -9999 -9999 -9999 -9999 -9999 2535.18121607848 2997.13765339614 3332.0490792761 3478.94125830422 3518.53187975342 3393.30331806169 2950.937666895 2377.30568760852 1779.54018358949 1274.33280807719 1011.00887591245 797.125082576331 552.620022328373 393.073037689161 310.686227668002 288.270882654024 286.445283935502 293.941734880034 306.046490981479 318.004448889631 330.091503615576 340.332214045944 351.734959445902 362.836280522254 375.014521041631 391.719958642874 419.257738626721 443.109574415386 465.798067953946 483.581297637638 498.837280800664 515.514496687493 533.595895991297 551.070232156199
-9999 -9999 -9999 -9999 -9999 -9999 -9999 -9999 -9999 -9999 -9999 -9999 -9999 -9999 -9999 -9999 -9999 -9999 -9999 -9999 -9999 -9999 -9999 2871.45285362853 3186.08324292527 3381.62122156764 3356.72472546212 3336.1435924991 3037.5601108849 2544.23221714271 1991.59963902417 1410.5220015985 1002.57724674592 707.18116188139 641.801427079148 427.833928448082 312.78498866517 280.980629339406 282.529692613052 293.690398015751 306.863080743924 319.624506452093 330.192061019471 338.277433643128 347.860632586783 356.694918370442 366.625873601147 379.723823875507 405.489724906476 433.138917877468 457.600666611275 478.08586508143 495.588117661982 513.760143520305 531.711013381678 549.550467066496
-9999 -9999 -9999 -9999 -9999 -9999 -9999 -9999 -9999 -9999 -9999 -9999 -9999 -9999 -9999 -9999 -9999 -9999 -9999 -9999 -9999 -9999 -9999 -9999 3280.32687523715 3553.04900726365 3328.23969127271 3270.75481439381 3140.29773792322 2650.38470686735 1981.21258585057 1442.62447725846 957.668765639865 602.741739741161 441.065511840844 346.848858874251 298.642879714543 282.618546155826 285.084799540001 296.021740515178 310.182946258645 322.98907458618 331.596237723366 337.38569271437 344.672974025372 351.211342176377 358.838452107381 368.586647673535 388.239913495922 418.820928389806 444.096337079999 466.564398035204 488.470343553195 509.843256475594 530.561465356887 550.874150693587
-9999 -9999 -9999 -9999 -9999 -9999 -9999 -9999 -9999 -9999 -9999 -9999 -9999 -9999 -9999 -9999 -9999 -9999 -9999 -9999 -9999 -9999 -9999 3076.3027306682 3421.11445755576 3770.49332255346 3625.06722935301 3433.73859494404 3248.25520735504 2904.50283135521 2129.15602571195 1550.12453469911 951.345343380843 645.501179854156 405.817323788922 312.302789584185 292.43251936 287.4281816 290.994007513859 300.114032658314 313.226296646401 324.399038228909 330.801050100001 335.330538797195 342.308747805942 347.781817421157 354.256032959338 362.671574140986 378.530230149462 405.003143622145 430.682749497033 453.328925900003 476.854430564619 503.183287500001 526.880156757598 552.232471968364
-9999 -9999 -9999 -9999 -9999 -9999 -9999 -9999 -9999 -9999 -9999 -9999 -9999 -9999 -9999 -9999 -9999 -9999 -9999 -9999 -9999 -9999 -9999 2967.85252418521 3366.33329491093 3723.68916906121 3738.80963202007 3600.46044529972 3406.62167410977 2942.07554057915 2439.34781453473 2204.24269365975 1322.64123603642 1062.37595657916 596.675480696548 382.358554404432 306.099362438217 296.48426871934 298.262986570916 304.201797828127 312.651613039762 320.654930962728 326.615675754422 331.888165288427 336.165546151275 341.0869581 346.832332369081 357.657653900355 373.562322560003 394.35239396208 420.035693891631 442.112255331219 465.864230622198 492.469003500001 520.162349000714 550.615908012166
-9999 -9999 -9999 -9999 -9999 -9999 -9999 -9999 -9999 -9999 -9999 -9999 -9999 -9999 -9999 -9999 -9999 -9999 -9999 -9999 -9999 -9999 -9999 -9999 3281.55519953022 3726.40395947614 3854.2167877012 3715.39451480629 3441.72954066522 2938.9947767498 2852.39512211591 2802.41573813384 1514.06744621175 824.970336501715 609.560078289271 540.579756229238 362.110640103761 319.983523277272 308.457406378913 307.493435460411 312.989233530333 318.294986986021 323.776514490103 328.129721474048 331.816400778859 333.890187400001 339.885948926387 353.594177019863 371.133555360003 390.505923339089 413.182585499703 435.293514820002 456.999411945497 481.916245338541 510.921818111587 543.910891432316
-9999 -9999 -9999 -9999 -9999 -9999 -9999 -9999 -9999 -9999 -9999 -9999 -9999 -9999 -9999 -9999 -9999 -9999 -9999 -9999 -9999 -9999 -9999 -9999 3118.21608981272 3607.80049485381 3741.19429141733 3648.82490815422 3362.28068303489 2879.23192526244 2504.77743716372 2497.54855882435 1720.32176750466 994.14757173268 626.5551736825 531.390861526186 423.614883165584 377.8443468931 346.047015573312 330.585630925393 324.226806654395 322.391856401444 325.001901322107 327.761844379338 332.294025559729 334.430243059941 340.736724790258 355.019037720451 372.94638353065 390.651855380002 408.96501191727 429.519971418769 449.85011845715 471.610223248128 497.812664355466 528.806809706052
-9999 -9999 -9999 -9999 -9999 -9999 -9999 -9999 -9999 -9999 -9999 -9999 -9999 -9999 -9999 -9999 -9999 -9999 -9999 -9999 -9999 -9999 -9999 -9999 3202.8236159231 3405.22777972073 3591.80353719032 3550.13412035969 3405.84789011774 3043.03707331181 2451.98355656424 1927.97169144303 1673.99674829131 1109.925517265 740.68393893135 553.869002444832 452.84755716261 388.576996158114 373.05436298129 350.265473499118 323.694214957899 320.385104769791 326.649111297158 331.508865512389 335.497120881681 339.472572133945 347.100319160002 360.598140679999 377.740995080003 394.678253977011 410.345262804748 426.688588417459 444.051755360225 460.163857407867 480.418404080652 506.780606098596
-9999 -9999 -9999 -9999 -9999 -9999 -9999 -9999 -9999 -9999 -9999 -9999 -9999 -9999 -9999 -9999 -9999 -9999 -9999 -9999 -9999 -9999 -9999 -9999 -9999 3280.53333063811 3444.74237507139 3454.48231721559 3393.60818508444 3143.17600772784 2617.39931407679 2070.55441809854 1908.62986919778 1336.80424566182 862.780570402355 623.699006528564 478.950359210952 385.792018342616 336.409581349557 312.955005755551 309.565334039473 313.047382084173 321.522006666632 331.205019501824 339.02897395773 345.013159940002 353.903111143541 367.026711079999 384.074456118627 400.295701220002 414.239236847418 426.741932105008 440.314393640001 452.823706706337 465.454556723275 483.537009954216
-9999 -9999 -9999 -9999 -9999 -9999 -9999 -9999 -9999 -9999 -9999 -9999 -9999 -9999 -9999 -9999 -9999 -9999 -9999 -9999 -9999 -9999 -9999 -9999 -9999 3103.62439827337 3276.01147589597 3378.72093146338 3381.33599908728 3222.045925773 2869.69484864437 2244.63004922111 1916.9340991517 1550.20698670704 975.504331323528 676.179136411368 488.315442660616 373.969190824646 318.111438120489 290.254423440022 297.434336736926 313.96573857209 323.594605996583 330.201933306131 339.511026755496 350.136079884145 360.911499979821 373.628506825584 388.808605922615 404.06047670383 417.407169254956 427.993109012522 438.727487809905 450.242861171309 460.813504430093 472.841183642249
-9999 -9999 -9999 -9999 -9999 -9999 -9999 -9999 -9999 -9999 -9999 -9999 -9999 -9999 -9999 -9999 -9999 -9999 -9999 -9999 -9999 -9999 -9999 -9999 -9999 3012.22038778479 3189.95469401907 3316.71748364115 3356.318854001 3243.54475032142 2930.39744583863 2317.7870271624 1910.17441318675 1592.91293570611 1107.63997107627 728.632974616737 506.976105876576 375.919540542953 307.544470131831 279.252184091444 288.750058287488 312.890552864747 329.895834523776 333.989876248615 341.257598167042 351.780448716138 365.725465860002 378.493949021711 391.477617913402 406.599915240002 418.950497265517 428.013548740001 436.529601292317 445.51205960419 456.457874748127 468.27996368
-9999 -9999 -9999 -9999 -9999 -9999 -9999 -9999 -9999 -9999 -9999 -9999 -9999 -9999 -9999 -9999 -9999 -9999 -9999 -9999 -9999 -9999 -9999 -9999 -9999 -9999 3133.04113363342 3256.50191142461 3287.471685138 3190.56348118102 2867.54087396852 2318.45464904025 1917.78193150179 1563.39328566616 1183.61938267077 791.709497137827 549.52771829937 402.63246423278 319.257060759835 282.604924902849 289.147464784175 312.515407529349 335.185313100003 339.1247495 345.745944359999 354.709726934703 367.689851260001 380.486920217973 393.868616009414 409.624823759153 421.105103312286 428.048644821388 433.724697069681 440.253451093403 449.146988107865 460.42302208
-9999 -9999 -9999 -9999 -9999 -9999 -9999 -9999 -9999 -9999 -9999 -9999 -9999 -9999 -9999 -9999 -9999 -9999 -9999 -9999 -9999 -9999 -9999 -9999 -9999 2909.12900059627 3030.24753394072 3170.29171351684 3205.3669293594 3145.35316210482 2907.28282042248 2359.83799022293 2007.9827069348 1575.04357941373 1204.16757554781 856.001475864057 602.351919625157 444.38239204003 356.264058046566 308.672180951154 308.562247006751 337.626186443997 363.385772098845 349.802750388475 350.59513068816 359.672338680002 371.670388559793 385.573612184681 397.864908329157 412.092394420442 421.213355237149 426.869524017429 431.529937623523 437.549673044242 445.125246187996 453.107471881156
-9999 -9999 -9999 -9999 -9999 -9999 -9999 -9999 -9999 -9999 -9999 -9999 -9999 -9999 -9999 -9999 -9999 -9999 -9999 -9999 -9999 -9999 -9999 -9999 -9999 -9999 2942.2599619934 3079.07675884445 3145.32602966293 3133.1445266948 2987.31078727734 2424.11122173685 2065.62995320706 1655.08754749488 1235.92069324913 908.178238376535 652.367896547647 489.018435212013 395.125499659462 338.728592584536 326.05725645803 346.079064260762 370.256751580002 371.190568472443 374.801321335222 371.09217430502 378.41262222024 391.410807024065 406.386978295699 417.403891283427 423.36848500077 427.08032719259 430.274857204409 436.489648583772 442.593654196096 447.194906739867
-9999 -9999 -9999 -9999 -9999 -9999 -9999 -9999 -9999 -9999 -9999 -9999 -9999 -9999 -9999 -9999 -9999 -9999 -9999 -9999 -9999 -9999 -9999 -9999 -9999 -9999 2857.13024584555 3040.45633303694 3148.77700274734 3186.16597520584 3068.10680424938 2514.73179454536 2065.47756133664 1662.61509747772 1299.76224664196 950.702832644064 693.784987560442 513.558374241289 409.615314472603 356.237936306303 334.943191212995 337.249635043962 349.53577093055 367.258943305794 389.258886639795 381.668742792393 388.984320030164 399.814285428116 419.590233867234 432.067915068549 431.890861457202 427.984350046516 430.526886855568 442.275012836713 446.494599080369 444.146219417452
-9999 -9999 -9999 -9999 -9999 -9999 -9999 -9999 -9999 -9999 -9999 -9999 -9999 -9999 -9999 -9999 -9999 -9999 -9999 -9999 -9999 -9999 -9999 -9999 -9999 -9999 -9999 2962.92525091046 3181.06198546376 3290.34316813268 3246.51055625783 2894.67850548969 2308.60152753102 1663.95615852312 1294.1097835058 984.725949756914 732.97912932955 535.174931163646 416.195076671801 362.896056413834 343.65497589902 341.855246751238 350.566002527004 362.875427892334 373.276458696251 382.273596812913 394.573319339597 416.684683099999 436.554131659629 444.043875637585 434.177130799166 428.009669107376 432.474043400864 444.543406108476 446.758132286081 440.895827268015
