catData/variables/futureClimate2070/rcp85/CNRM_CM5_2070_rcp85/bio10.asc
NCOLS 409 
NROWS 350 
XLLCORNER 60.897278365 
YLLCORNER 5.843756025 
CELLSIZE 0.0892857 
NODATA_value -9999 
[rows 52 to 77 of 350, columns 58 to 115 of 409]
-9999 -9999 -9999 -9999 -9999 -9999 -9999 -9999 -9999 -9999 -9999 -9999 -9999 -9999 -9999 -9999 -9999 -9999 -9999 -9999 -9999 -9999 -9999 -9999 -9999 -9999 -9999 -9999 -9999 -9999 -9999 -9999 -9999 -9999 -9999 25.5188546394757 24.2374586443879 26.040497524551 27.0193522769031 27.5151177840275 27.6696569782362 28.1199699334593 29.5826571430546 31.018605237296 32.1992391520001 33.5270449661341 33.9244728500755 34.6935543624359 35.6903618107209 35.942904272 35.6999655666454 35.4366882291515 35.1604490338607 34.7207916122915 34.3390339624306 34.1547806676422 34.1020300804969 34.702449023072
-9999 -9999 -9999 -9999 -9999 -9999 -9999 -9999 -9999 -9999 -9999 -9999 -9999 -9999 -9999 -9999 -9999 -9999 -9999 -9999 -9999 -9999 -9999 -9999 -9999 -9999 -9999 -9999 -9999 -9999 -9999 -9999 -9999 -9999 -9999 27.0901459945779 27.203746227563 28.7355498302894 29.4262449301757 29.5126307253317 29.1245398344396 29.0564564318919 31.2869124804544 31.9320255237349 32.3546112220001 33.7948265044617 34.7890591280971 35.433484532477 35.980474100768 36.0864629935675 35.970791966173 35.7019377859999 34.532911222354 34.4727999135068 34.6066091680916 34.3262658864745 34.1101444030095 35.5537044751568
-9999 -9999 -9999 -9999 -9999 -9999 -9999 -9999 -9999 -9999 -9999 -9999 -9999 -9999 -9999 -9999 -9999 -9999 -9999 -9999 -9999 -9999 -9999 -9999 -9999 -9999 -9999 -9999 -9999 -9999 -9999 -9999 -9999 -9999 -9999 28.9081011258367 28.491721779969 29.0375597166563 30.1318123888689 30.9270911958679 31.4423173905203 30.7943707724125 31.1081997810989 31.9949216281188 33.552788732 34.9506763089737 35.6944494614611 36.0726620180387 36.1622608474849 36.1425462733621 36.0879896247607 35.990571153767 35.5071018771207 35.3807111401915 34.7546530509758 34.8473801883734 35.304479432474 36.0771856723795
-9999 -9999 -9999 -9999 -9999 -9999 -9999 -9999 -9999 -9999 -9999 -9999 -9999 -9999 -9999 -9999 -9999 -9999 -9999 -9999 -9999 -9999 -9999 -9999 -9999 -9999 -9999 -9999 -9999 -9999 -9999 -9999 -9999 -9999 -9999 30.3873545156582 30.2763001030969 30.4266176695741 30.9793403912136 32.2639829072284 33.0317418263641 32.8358504273159 32.6696040708399 33.6851908657721 35.0545298944146 35.9271890559408 36.2345230682325 36.28392639 36.2524988960472 36.1928328837083 36.1405094405362 36.041124982 35.9787770939494 35.8829325167302 35.7771905778281 35.8291747987942 35.9456912140236 36.01607361
-9999 -9999 -9999 -9999 -9999 -9999 -9999 -9999 -9999 -9999 -9999 -9999 -9999 -9999 -9999 -9999 -9999 -9999 -9999 -9999 -9999 -9999 -9999 -9999 -9999 -9999 -9999 -9999 -9999 -9999 -9999 -9999 -9999 -9999 -9999 31.60176153 32.0728846773299 32.2012663930311 31.7728909184168 33.0347332366922 33.3467754960014 33.9214763807365 33.2269677135058 33.1211384091496 35.0058759338381 35.8950903724524 36.3 36.3 36.262553502 36.1593928332213 36.1043106881668 36.041124982 36 35.9934661863312 35.9982409542806 36 36 36
-9999 -9999 -9999 -9999 -9999 -9999 -9999 -9999 -9999 -9999 -9999 -9999 -9999 -9999 -9999 -9999 -9999 -9999 -9999 -9999 -9999 -9999 -9999 -9999 -9999 -9999 -9999 -9999 -9999 -9999 -9999 -9999 -9999 -9999 -9999 -9999 32.5999637985269 33.0810092275961 33.1441479292409 32.8842636258932 32.809996113986 33.3367463266345 30.6103468292247 31.576745869244 34.4365171515291 34.9570729976595 36.2472813675735 36.39821207 36.360765572 36.253622732 36.1474048271301 36.041124982 36 35.9281473640678 35.90178793 35.90178793 35.90178793 35.9034890200154
-9999 -9999 -9999 -9999 -9999 -9999 -9999 -9999 -9999 -9999 -9999 -9999 -9999 -9999 -9999 -9999 -9999 -9999 -9999 -9999 -9999 -9999 -9999 -9999 -9999 -9999 -9999 -9999 -9999 -9999 -9999 -9999 -9999 -9999 -9999 32.021936148516 32.2201982810429 32.67831156 32.3557904859999 31.4881700661608 32.4899713524229 31.738406315853 29.2345897692531 31.7867115229713 34.5456523209569 35.4182917523058 36.1653677849592 36.4 36.362553502 36.2577983809195 36.2025846984271 36.141124982 36.033982142 35.926839302 35.9 35.9046826748402 35.90535491 35.906994217853
-9999 -9999 -9999 -9999 -9999 -9999 -9999 -9999 -9999 -9999 -9999 -9999 -9999 -9999 -9999 -9999 -9999 -9999 -9999 -9999 -9999 -9999 -9999 27.3808362271026 27.4655379456261 27.5707310056175 27.6979148542288 27.7468532793914 28.0219385100182 -9999 -9999 -9999 -9999 -9999 30.2596577806352 29.7061365654727 30.8036650126472 32.4046556248866 32.1378614307423 32.32981732584 32.377118885115 29.9342947943206 29.2564136078464 28.8267424410938 33.9984570787128 35.2696437309271 36.0638337653948 36.4037872754177 36.375051252 36.3069250860101 36.254733180276 36.153622732 36.046479892 35.9484804931343 35.9149593645796 35.999944128 36.01249775 36.01249775
-9999 -9999 -9999 -9999 -9999 -9999 -9999 -9999 -9999 -9999 -9999 -9999 -9999 -9999 -9999 -9999 -9999 -9999 -9999 -9999 -9999 27.6056367713297 27.6596023785078 27.7143108676547 27.3679175516397 27.4994633389696 27.9075152461422 28.1362809971523 28.3109452164672 28.6465516126852 -9999 -9999 28.7633144735315 28.9306223115921 28.8309900341368 28.8102723711637 31.3313656680202 32.3644775997182 32.5399317855858 32.2956164853999 30.3441821112123 29.3260516913357 30.0925778122901 26.8429986041725 33.1291059934667 35.2972212647706 35.7579289499122 36.3892373396684 36.462553502 36.3641682710603 36.31964059 36.260765572 36.153622732 36.11964059 36.039337052 36.0899119834272 36.1 36.11964059
-9999 -9999 -9999 -9999 -9999 -9999 -9999 -9999 -9999 -9999 -9999 -9999 -9999 -9999 -9999 -9999 -9999 -9999 -9999 27.859521535235 27.87321657 27.828626752 27.8489703255149 27.892311967588 27.9085805206908 28.0339156402064 28.1908082651036 28.3773603719989 28.3493312688979 28.8340540206927 29.227571542577 29.0559498836892 29.2748637584867 29.1887505751673 28.2271531825951 29.6710050808507 31.5704976224143 31.6600541727063 32.2668583251956 31.5901227801502 27.9601602115108 28.2803236071583 29.5677199318547 24.089139982401 32.2082441374947 34.5772463339251 35.2388513670472 36.1278792771394 36.4725829585793 36.42678343 36.42678343 36.3836771612335 36.287549002 36.2339719156637 36.1679879338877 36.15356686 36.1282326230094 36.2
-9999 -9999 -9999 -9999 -9999 -9999 -9999 -9999 -9999 -9999 -9999 -9999 -9999 -9999 -9999 -9999 -9999 27.9535365333782 27.71287431101 27.600129024 27.5242591143156 27.6462894801887 27.595869885075 27.5692698875847 27.7508766155994 27.9296520851339 27.9933178879675 28.4091223463033 28.374945413007 28.6695078991184 29.0354892546277 28.6004728418694 28.0748453193597 28.58452932616 29.2644977783203 30.2911995283691 30.9233274765478 31.4856024540309 32.2748990351786 31.0546176310354 28.0943886099885 28.9582573386429 28.721948224699 26.3263263492272 31.6085555874387 34.2215005703241 35.0531390840001 35.9200236603341 36.5 36.5151274992011 36.53392627 36.53392627 36.4903058087533 36.394691842 36.3406085448786 36.33392627 36.239337052 36.23392627
-9999 -9999 -9999 -9999 -9999 -9999 -9999 -9999 -9999 -9999 -9999 -9999 -9999 -9999 -9999 -9999 -9999 26.8838017649543 26.8381076935305 26.9518373637698 26.9821665782405 27.3333185925968 27.3760927490997 27.2337789339267 27.398055014 27.8226913566701 28.1862738554342 28.4837866375715 28.3016743010377 28.4906710049448 28.5586013820298 27.5261408669933 28.2966759109026 28.4949658587961 28.791219612351 30.5482552343254 31.9001896457296 32.5641885277628 32.1508410904122 30.0041032123127 28.2570504621031 28.8492685365576 28.8413405596429 28.1290804495044 30.3149554530729 33.9037444130231 35.1757746021788 35.971056496 36.4896887769095 36.5673460037285 36.6212459450882 36.64106911 36.6139561632783 36.5568857495384 36.460765572 36.44106911 36.346479892 36.34106911
-9999 -9999 -9999 -9999 -9999 -9999 -9999 -9999 -9999 -9999 -9999 -9999 -9999 -9999 -9999 -9999 -9999 -9999 26.8039566998889 27.017907812 27.023105906 27.237391586 27.399944608 27.4723860822901 27.5918405296778 27.9046244483297 28.2495273099631 28.2623140903666 27.7756504156196 28.3101641243542 27.6799663892698 27.9084099587226 28.5294552545951 28.6680134660989 29.8806270171788 31.5399511836967 32.4390357215002 32.2665043665573 30.8758257516076 29.6380679334427 28.8816830185378 28.4903460389874 29.9483063099623 29.2549378111015 28.2982261223803 33.5521411684557 34.9951573120126 35.7295057937726 36.4447347328925 36.6214973893419 36.699944128 36.74821195 36.71402258869 36.6611517008606 36.567908412 36.54821195 36.453622732 36.44821195
-9999 -9999 -9999 -9999 -9999 -9999 -9999 -9999 28.6395694789763 28.1512440262617 27.9242361979356 28.0954440835254 -9999 -9999 -9999 27.2284776107538 27.0096919177694 26.8664099237029 26.7257712797383 26.6604071259024 26.742765216 26.957050896 27.119603918 27.3119073457206 27.3759721576386 27.0985018715657 26.7813531773726 27.104722835645 27.4511586915849 27.5932808335736 27.8582860657568 28.2502083383861 28.3948567693006 29.4161180879033 30.7883650436366 31.6567722560001 31.8451253584668 30.7695344071442 29.4420778206483 29.3150560500403 28.4998139363695 29.4496874076562 30.8711468562675 28.3997518767212 28.8178672959687 33.5044911780842 34.9136930478339 35.5215969230072 36.3499172756513 36.7306165835877 36.7784507295057 36.8325901425764 36.85535479 36.782194092 36.7195031068225 36.6623038210955 36.6131252349865 36.6097508029314
-9999 -9999 -9999 -9999 -9999 -9999 -9999 27.6621398860001 28.263411362459 28.1681379 27.7479593407806 27.5003488730268 27.1789996660391 26.9922842377538 26.8686032944054 27.0497376397178 26.2839836571021 25.8324990430628 25.6460731753455 25.4288176336646 25.5525899885927 26.314193856 26.541410248372 26.7309646850993 26.8040133052308 26.775905713961 26.8126515524029 27.3277809184811 28.0975633445258 28.5014785845449 28.5508830074822 28.0969170661453 27.9336019336697 29.3371556907144 31.0104701177624 31.639178130184 31.277947487575 29.8587026010936 29.2822700675897 29.1363012339854 28.3397636279998 30.0207506974093 31.8363805981977 30.1577291452218 30.8562171469063 33.6837153982565 34.8630502313545 35.5556841679467 36.2761688102321 36.7932369289654 36.86249763 36.921372648 36.96249763 36.889336932 36.86249763 36.8297031657708 36.7658792405145 36.6993504372002
-9999 -9999 -9999 -9999 -9999 -9999 -9999 27.3022963423198 27.0657505342582 26.7998212946142 26.5765752260065 26.2957800613538 26.2726633695061 26.3774057921457 26.4569514673959 26.5113506284594 25.9196269383624 25.8070854555036 26.3738107150678 26.7428491735918 27.1757855832001 27.4886132388991 27.1500302231265 26.9396326868677 26.8289642671306 27.335724804867 27.6712866053078 28.2679525058229 28.5492212641885 28.9417234319385 27.8728706415348 28.0654026734149 28.880183332241 30.1823868880718 31.3548325702857 31.4069912884782 30.1966965075491 29.4313363736228 29.6403668988033 29.1696777656815 28.1261372011458 30.0701097481946 32.1960397835134 29.747572545876 30.4963092201838 32.7074412329466 34.7207693339559 35.303260068 36.0617973576173 36.7505904305531 36.9360265319004 37.028515488 37.06964047 37.0474292259425 36.9833571787102 36.9087424013628 36.8712831579845 36.76964047
-9999 -9999 -9999 -9999 -9999 -9999 27.5231467301162 27.2191277490733 26.4781761451134 25.6353341417667 25.4065262336133 25.5996819243 26.0152393880901 25.7377359852532 25.6350648873533 26.0832746793932 25.4759045757331 24.7932877945763 24.788979716 25.6877880020104 26.9438534924236 28.0073010680344 28.5000392826536 28.4381983845736 28.1054275643831 27.6614465783457 27.4417571487498 28.2967898242537 28.2053293868698 29.1327003984682 29.2333695519659 29.0412043740664 30.0743597170368 31.1008548744527 31.1335056578422 30.7279762192274 30.1308296532515 29.6047189497753 29.097653196722 28.5572041769407 28.4808570640518 30.7178196604333 31.8685464128385 29.5568645570784 29.5985783966818 32.5616136395585 34.231943412 34.8374628463174 35.8689290093566 36.648675733247 36.9914538566035 37.135658328 37.17678331 37.1206081044565 37.0813561765235 36.989336932 36.97678331 36.87678331
-9999 -9999 -9999 -9999 32.5078608152543 29.5429988067366 27.9991050123495 27.9112103921512 27.1515821698741 26.7474788674998 26.760615428 26.9030378377615 27.1421508739236 27.0333122751906 27.3130092282538 26.048807166321 24.0815865406656 24.7898024135505 27.4096379431043 28.3617653114873 29.0106677878057 29.6015078287636 29.9726148033917 29.848238302 29.7540553568869 29.6940673659103 29.5214718639999 29.4899151822002 29.7629692987961 30.2102387657966 30.3938208864268 30.5063771520039 30.8388862032134 31.070079063326 30.6078854174879 29.8182381075334 29.3615672867293 28.965185684684 28.9547117414102 29.1071537288364 29.8648518270799 31.2749063126962 31.7811593267842 30.6824599488026 29.5083420729555 32.1225776869731 33.8797407877119 34.6748467814686 35.8370184820001 36.6603688046939 37.087390506 37.242801168 37.2285199034681 37.1882402591445 37.1165304822428 37.0859440003698 37.0045410610175 36.98392615
-9999 -9999 -9999 33.1020569466418 30.9269570412743 28.9917529798451 29.9827926359216 29.8350986587661 29.5255272651191 29.5822638998067 29.5575984692122 29.2744457002309 29.2909940193125 28.9064529362683 27.5898326596138 24.5482678147414 24.6817777140794 28.3354352600599 29.5232054788837 29.6800093215471 29.4407913713499 29.5774147546274 29.9359510271261 30.3466627775443 30.45534495 30.4618789821233 30.376799982122 30.419362145102 30.4623431815494 30.492801528 30.5926543117934 30.5972045579542 30.4554909064364 30.1838972116784 30.0697996286763 29.5552302750103 29.0140877391503 29.590178881128 29.9092531365393 30.0415007233112 30.6301313317744 31.0879735997842 31.5917757420941 30.4938089953682 28.2886939493116 30.6728659556606 34.0421952110284 34.7160729838108 35.586286417114 36.7586050180001 37.1474213739904 37.258875018 37.2941039385002 37.29106899 37.210765452 37.19106899 37.096479772 37.0894916222732
-9999 -9999 33.9189291917297 31.4831935428325 28.7527545837341 29.6924865824081 31.3039024385733 31.6697945879198 31.6650377235136 31.4931908039894 31.2417479395938 30.8818400285282 29.7511139391037 28.0321637672674 27.4244925701624 26.6588720900001 26.6740961535357 26.8492817206041 26.7902931378243 26.5015508304418 26.7493667966385 26.4787693330059 27.6211363694239 29.302686002089 30.0404046557708 30.1790056117634 30.2827965832827 30.2174687089614 30.2982627833973 30.2053954907247 30.1810026665403 29.8493036169064 29.5389719625458 29.7577509139357 30.1722150306605 30.3302608608877 30.3749036628421 30.4446861844118 30.102068449469 30.3350409021649 31.1341937778661 31.3816331563782 32.5178690438222 31.3576122356684 29.938771602107 31.263487562709 34.3867330563977 34.8789500161575 35.6356716142598 36.6042765525041 37.2025392967127 37.2992646154094 37.3 37.3 37.219696462 37.2 37.1983085839805 37.0999690278585
-9999 -9999 33.4329657405273 29.691426338324 28.7879033025128 31.352695525063 32.0120536601038 31.9113992530825 31.6856392820613 31.3515856394799 30.907540963047 30.0309031299999 28.8418664941183 28.4771093732528 27.7849031159339 26.4788355258248 25.1941024804891 24.199483421565 23.7964212741684 25.0114402277589 25.8782207506781 26.5148737103926 27.6766273524094 28.2041030958863 28.2661224855819 28.57553742305 28.8219892953575 28.8665276213426 28.9675266441819 28.9822319393851 29.2262179136095 29.581037738424 29.5242700722244 29.9834831429146 30.612340214 30.593765483294 30.4354073254662 30.5730383048898 30.4980638330172 31.0856156948048 31.7774413341435 31.7877966085398 32.3998981826852 32.6393758657933 31.6655689223351 32.3757380265498 34.4113216612537 35.2715992953485 35.6137140059723 36.16941951619 37.1526119514157 37.358875018 37.403535038437 37.4014371560524 37.3239964514582 37.3006722050311 37.2104757224795 37.2
-9999 -9999 32.7546124071697 29.8960545428416 30.6122757534464 32.217806868 32.212608054 31.8979969640848 31.416783933395 31.0550432034647 30.4013429815495 29.3534532634078 28.904360431326 27.8896432627207 26.8041095023157 26.3527143045954 25.0641670257876 24.7008543636577 24.0442254026632 24.4038456398765 25.6261273614606 26.6974637687448 27.6492275526409 28.2105151640008 28.3007228427537 28.3539353790734 28.2670185447198 28.4014376461768 28.5786904251005 28.7079928525491 29.2245952760001 29.9645857640182 30.5897297564604 30.8117198067318 30.7170534552165 30.9113062611525 30.9745719617744 30.8005975785121 30.992841124802 31.5066713544574 31.6475484226859 31.354866737146 31.31249751 31.8156413681996 30.7424871265961 32.7368181351836 34.3545177792738 35.0447081366889 35.3935664833288 36.1810137900491 37.1073616702376 37.371372528 37.4702647795947 37.4359825675486 37.4024615673081 37.3234822418352 37.3006762130215 37.21249751
-9999 -9999 31.889426696994 30.4323797183627 31.8663799283571 32.0755505216181 32.1030412699586 31.6385080281743 30.7959911811618 30.4795295089586 29.8953013856101 28.5576625403194 28.1097549993611 27.7723398227843 26.6761382506396 25.9804972523855 26.3547678711613 24.7053787581581 23.5564628380246 22.880248626 23.4910682386309 25.0103155170416 26.4997903456181 27.6540193663857 28.3992833573527 28.82510841827 29.1451345967971 29.3217965959504 29.3375797407557 29.5903143328376 30.417562385394 31.0453847178421 31.2589406497099 31.4785227484299 31.2930065612542 31.1124008061927 30.942817030124 30.7820934554692 30.7854295119157 31.0207984305676 31.1032423126879 31.2597424053535 31.3564687024572 31.252528227122 31.7744917661836 31.7894570901481 33.5558161811543 34.739069865482 35.32840115927 36.2602866159542 37.1489933563564 37.478515368 37.5066742116263 37.5 37.419696462 37.4 37.3239884354775 37.3
-9999 -9999 33.093349948965 32.8512360983209 31.9999996714589 31.9659559077575 31.8789610536267 30.9504396001341 30.27327840473 30.0191733209102 28.2706564703445 26.2650811119998 25.6450121360619 25.0705126737952 27.1617911481704 28.0526532244803 27.3435692327756 24.7644799066181 24.7332804396948 24.3176199725575 24.462349505655 25.2832694882174 26.3907905626736 27.3986597634784 28.0601361258028 28.5552581014501 29.1191577225629 29.4657027058729 29.7516880993212 30.1722097218888 30.5592731012941 30.9575036704769 31.1089654722121 31.5004034172086 31.0314759400254 31.4822925124569 31.5284103118045 31.2484945525081 30.8694543398651 30.7764649662426 30.442901821122 30.5800105253724 31.1175458732806 30.6424671546883 31.2879404079528 29.4862831259278 33.5146329767667 34.8040093197009 35.6329649942462 36.6439819886512 37.3466395644751 37.5698896000665 37.5516638303421 37.52678319 37.446479652 37.42678319 37.4014491800235 37.32678319
-9999 -9999 33.8637651692391 33.0975296943127 32.5303411983483 32.2068149813988 31.1613647662844 29.8649378586277 29.7225811705511 29.7151567357562 29.1263414065777 27.6301342535234 25.4061694958861 22.3484417037899 26.604633307771 28.8589395311367 29.7912593220934 28.0322003236005 28.8651835838427 29.1365407570508 27.838327583923 26.680610577747 26.9043812128866 27.6496673768587 28.5378070272432 29.180114723163 29.6555723972379 30.1829373315123 30.151782962 30.3163775772768 30.7887419678203 31.2627872003324 31.4321875568068 32.17640153542 31.913925530321 31.6795031480457 31.4123694375528 31.1604408212249 30.7740140468012 30.6780173422909 30.2927966234461 29.9635479214266 30.9742176593875 31.0304139990949 30.4260479336279 30.1097285039352 34.187713148063 35.0460329055833 35.8557687915639 36.9799774260001 37.4879472455441 37.6 37.6 37.6 37.519696462 37.5 37.4375011484754 37.4
-9999 -9999 33.0879501217502 32.8328632185146 32.7305911157936 32.0828293807896 30.5581255282322 29.6000845391412 29.1991699869556 29.0727311434138 28.5879414484051 26.757625115297 26.2643567830621 24.9125275728374 27.5318712818471 29.7685372149676 31.1713956881633 32.6665120412319 32.4656798389274 32.1407440455975 31.5929407918512 30.4282005918589 28.5924774631379 27.3836650619679 28.1770447282283 29.5425433169168 30.4859665393005 31.5311574351379 31.9139637129451 31.839092924 32.1898439329246 32.7474011923663 32.6084719256013 32.4264495332201 32.1086314881483 31.5423331308881 31.5412563750074 31.6296037686385 30.950624803559 29.939566897626 29.6516234411514 30.1079422622556 31.2830314776822 31.7448628866498 29.7048638479758 31.1283620440701 34.8232578062355 35.7584861454556 36.4200158936674 37.2442203669717 37.592801048 37.64106887 37.6139560817212 37.6 37.5526762176266 37.5051556306995 37.5 37.44106887
