catData/variables/futureClimate2070/rcp85/CNRM_CM5_2070_rcp85/bio10.asc
NCOLS 409 
NROWS 350 
XLLCORNER 60.897278365 
YLLCORNER 5.843756025 
CELLSIZE 0.0892857 
NODATA_value -9999 
[rows 182 to 207 of 350, columns 174 to 231 of 409]
36.0389566455358 36.1116398273614 36.11786586 36.1584709708442 36.20893293 36.267806748 36.30893293 36.3023976432553 36.3 36.3 36.3 36.3015762416665 36.3749050364614 36.207502183872 36.1917247558993 36.1918636220777 36.2586802908196 36.2762172971504 36.342797808 36.4551997835112 36.5601192175916 36.4382132886943 36.3893074702029 36.478512008 36.49106707 36.581824950211 36.5650609397917 36.5746319346889 36.5631125811723 36.4339823350332 36.2513791607611 36.1633783105555 36.21208475765 36.3 36.3719133569695 36.4755567041334 36.5 36.587444698 36.6 36.5 36.4822535639999 36.3014307032499 36.2225036424412 35.8367060068669 35.571488352 35.5495373851613 35.656351285736 35.767806028 35.8690517104696 35.7602176664276 35.6358045993248 35.705310318 35.7955543237615 35.9001545520164 35.900059952 35.824948748 35.8878430187081 35.81786586
35.826739798 35.90358018 35.97713016693 36.144588138 36.149195053064 36.160663908 36.20179009 36.20179009 36.20179009 36.2876699206132 36.2071051926514 36.2983311098319 36.2119773364584 36.29820991 36.3209547142904 36.3969622569742 36.4349846677613 36.49641982 36.4973458467679 36.557083488 36.664226328 36.551891394 36.577074528174 36.5979851630907 36.5053153383552 36.6016996383803 36.69820991 36.6824803181489 36.576840862 36.498915134644 36.458975002 36.351832162 36.2474673894149 36.2596095422638 36.366016178 36.4013096122653 36.4806544724701 36.5015653387944 36.594684425941 36.5 36.4996823228238 36.4649611077053 36.2528530737655 36.0055146059999 35.7222009556463 35.5990080649109 35.651730258 35.70105388144 35.638137641409 35.5309018840309 35.5021427087663 35.4174763009963 35.5928516682372 35.70358018 35.7034213457081 35.7020767875564 35.703165619179 35.70179009
35.5662497793575 35.6137575024618 35.8049787908113 36.0362693295568 36.0456853019249 36.055722449707 36.1571302013389 36.0508075940584 36.1563062926027 36.107202072 36.0895841898665 36.0840343985016 36.0892945 36.1061683632378 36.240966006 36.424949468 36.532092308 36.639235148 36.6974162670783 36.7031513554464 36.70535275 36.6361095241826 36.6867092274493 36.70535275 36.7002897027131 36.607083368 36.7048777759769 36.683983702 36.5780805127593 36.475050772 36.3659036045045 36.2577990078636 36.257083248 36.30535275 36.2322692100642 36.202479288672 36.3573597505918 36.482091948 36.589234788 36.5 36.491126782 36.4 36.3536822039999 36.1410185002807 35.8535701233511 35.550639275966 35.4892945 35.4335727317532 35.3981809181213 35.326841222 35.211101692285 35.1892945 35.3885951391874 35.3876569719618 35.29464725 35.309805781302 35.412453158 35.4876725365658
34.907000904 35.2663048238233 35.6467618478247 35.8711091350869 35.97500882 35.97500882 35.97500882 35.97500882 36.0452769070831 35.9750680519999 35.867925212 35.776739678 35.8772264618398 35.9300317150793 36.1309292650786 36.305311038 36.4077748970771 36.5015296070763 36.601748378 36.708891218 36.7665159218519 36.7841505009267 36.78750441 36.7984311709282 36.717231522929 36.701730618 36.791126542 36.6859850329312 36.609601719068 36.569698022 36.4297893149335 36.3013526081314 36.3456989389351 36.4073565709358 36.230945277873 36.2655215041254 36.31249559 36.3780868261224 36.4939112189396 36.5 36.491126782 36.4 36.3536822039999 36.169698262 35.9221349518882 35.485657465055 35.2866395862175 35.2845828528391 35.3742650189472 35.3301951910521 35.0189585022053 35.004651144747 35.3553870591495 35.17500882 35.1772262819033 35.1979987290476 35.2077692570468 35.244707322
34.4302019940001 34.8306360339949 35.371227472 35.666034418 35.72144628 35.7098843864637 35.7147724851696 35.7358136568031 35.7253145915635 35.6683468221398 35.6032863254066 35.6210293746633 35.7177473960001 35.9191619346036 36.042797808 36.149940648 36.21963843 36.1933693405884 36.1819765636881 36.272243274404 36.4405145279626 36.5462324486583 36.625611275217 36.7628752738754 36.78036157 36.7210291817955 36.791126542 36.6968546505287 36.657202432 36.550059592 36.4576239007431 36.304194165985 36.2743431936384 36.439234908 36.4273099329052 36.4143672825386 36.403868405828 36.312555302 36.4705995685611 36.4996601809277 36.4732309127056 36.3968546976609 36.3340437739999 36.150059832 35.9753813632393 35.6216503279999 35.2337150100246 35.2204877575814 35.4387058122271 35.353682444 34.8325085362387 35.0520165579609 35.1388609170801 34.96106291194 34.9963650124266 35.1478525772068 35.0758135731597 35.0244709035263
34.257073974345 34.5514165258129 34.9125711329209 35.1690605176258 35.2670208057837 35.2497682581579 35.285672848 35.35362960262 35.3503092698683 35.433882638 35.541025478 35.6469010057543 35.6885896369797 35.8827599682864 36.108782859105 36.257083488 36.32678127 36.2049587813506 35.9639552126167 35.9665567822343 36.1104777231489 36.04121732517 36.278196548638 36.5619345441059 36.6688703446395 36.8 36.791126542 36.6882730700114 36.603622132 36.496479292 36.4541978901904 36.3128851332269 36.1801189666331 36.332092068 36.3908987008739 36.473159018 36.398192284594 36.3326116333441 36.3960370640619 36.498269622 36.4 36.383983942 36.2598844510023 36.0883643417315 35.9150827104654 35.6068101348005 35.4 35.4157669633328 35.4751173014012 35.353682444 35.2627099682619 35.166118082 34.9390562643369 34.748167598 34.855310438 34.94643746 34.9294809847273 34.8288459859868
34.2310163122859 34.3739693476308 34.503521188 34.640126037018 34.8180644621192 34.89822767 34.964244328 34.9498868805769 35.0655146025243 35.1560078496256 35.2909797212731 35.5034923925156 35.7106460280001 35.8389550080614 36.0798324053959 36.2727337557668 36.391481695331 36.3750004091284 36.2675907844629 36.2157241026384 36.2890142014793 36.1392649631591 36.2012106439422 36.2620392140869 36.4214869765789 36.699401863508 36.7602126736527 36.7 36.676840862 36.569698022 36.4872971787524 36.4071525062927 36.282193612 36.2528529361124 36.3096966671575 36.4301293437412 36.3599555552799 36.3917039724613 36.4320879804374 36.498269622 36.4 36.383983942 36.2611282019353 36.0612687090689 35.8240021554892 35.5662377459999 35.3824509703728 35.424948988 35.4884712094247 35.3040455153532 35.312453398 35.2447073219999 34.948389886 34.3285764562451 34.338717846817 34.4879250185785 34.6460921872289 34.6673891294604
34.2558301847443 34.44106695 34.478512248 34.585655088 34.6715535931302 34.7 34.7389056300675 34.75893305 34.839235388 34.8948441175267 35.1280204500581 35.3830117714106 35.7555383693625 35.9881045953044 36.1505778001836 36.2178499425701 36.3595125727537 36.4772439397777 36.5212442363091 36.482193372 36.44106695 36.294748434 36.3543466704347 36.294688962 36.187546122 36.3809710980288 36.6215101585601 36.6655104550915 36.6863516136229 36.5983208738457 36.462555182 36.4 36.348269502 36.2653041462798 36.1326236267552 36.2531613633426 36.4167986716218 36.44106695 36.4968102710633 36.498269622 36.4 36.3774066354692 36.1704350498755 35.7858939359999 35.6229311883749 35.5845484386563 35.389336692 35.399940048 35.4799721557495 35.1472767304362 35.1641225686265 35.112555542 34.893926342752 33.9154774845556 33.4799696602449 33.5597244001492 33.9105772430092 34.1502499049669
34.2953582375948 34.4810077127333 34.585655088 34.6713020803053 34.7249393958588 34.7765927340228 34.79641958 34.79641958 34.8380083294851 34.8513406946421 35.135554264 35.346484171972 35.478729019658 35.7956987046649 36.0638154804974 36.2663988456632 36.337445058 36.444587898 36.551730738 36.5695092503193 36.5163834135167 36.4242213332947 36.4408833575658 36.4908163349263 36.2650300945816 36.156982064 36.460663668 36.567806508 36.6629551817956 36.6540045639596 36.510764972 36.44820979 36.3715401275482 36.3283827126158 36.1796238603394 36.2417765961123 36.4598984397842 36.5 36.5 36.498269622 36.3914444804719 36.2869909198562 36.0842055099998 35.6383115945123 35.5726494091596 35.6108251639999 35.4732087907483 35.507082888 35.452731354771 35.1057065249614 35.1986111925956 35.160765332 34.9168214788026 34.3238714624137 33.3304638339999 33.1096038288771 33.0142769212798 33.3653526264212
34.3656927903391 34.4438317085424 34.5613657107456 34.58929474 34.6696601748477 34.803521188 34.8811893264411 34.9404957062378 34.9998020860345 34.923260082 35.0897554027443 35.5584121491229 35.730215875115 35.742738336 35.9777041223708 36.230302218 36.316718233592 36.389235268 36.5250124320014 36.5674119262019 36.5517145991896 36.5148570566085 36.419697902 36.5748898760001 36.3263625335631 36.0507971665783 36.408873458 36.5071508558284 36.567806508 36.631118333765 36.562555182 36.5 36.396539004 36.3262853970482 36.351714573497 36.428511648 36.4912052976581 36.5 36.5 36.498269622 36.3822535639999 36.1911346906747 36.0416719391219 35.669698262 35.637444578 35.6108251639999 35.5 35.558873098 35.3654106280977 34.9768438909034 35.1725398884867 35.1088001047077 34.763302105089 34.5238857139997 33.3367242673646 33.2195994223951 33.0039987328972 32.9983658998553
34.58748641 34.5988512044514 34.601589325022 34.56249547 34.6336279081633 34.758873818 34.866016658 34.8817167537505 34.955311398 35.0515117069504 35.157083488 35.2987729133686 35.9474854303574 36.0720053452992 36.2048580417397 36.3117352015596 36.42499094 36.469578838 36.5637936803049 36.5779197412769 36.628511888 36.6350574341356 36.3941333213051 36.5670435309944 36.5290505968473 36.191164208441 36.4144189672824 36.5524860092883 36.523159138 36.6 36.562555182 36.5278652664291 36.459034474 36.3992886392878 36.4084928765657 36.5188800901465 36.56249547 36.56249547 36.5033825435655 36.435774152 36.3142127347067 36.0489836912774 35.8777710466076 35.732193732 35.6765388829894 35.6386902804399 35.56249547 35.510989510104 34.7983756007196 34.0842604699999 34.7028565651071 34.4393896089195 34.3277345117816 34.2971582233735 33.4083553120877 33.23750453 33.1680285559999 33.0170445895922
34.7161279665777 34.8118425492794 34.8975459047017 34.8164523884726 34.791007598 34.898150438 35.005293278 35.0170641600117 34.9773748858526 35.0836333218644 35.2604575151977 35.0369765124419 35.4762298839305 36.1575318743837 36.3 36.3184005309846 36.2564189577211 36.126758038 36.18217014 36.18217014 36.3861047114533 36.5420319408797 36.463199083767 36.6407162569963 36.66963831 36.5790786848723 36.6081238674307 36.6062906605035 36.6301804933724 36.5788982146242 36.5189928104378 36.544587658 36.5685874931236 36.5571515603762 36.4576495813141 36.4953713322522 36.5862825468098 36.6 36.505412462 36.398269622 36.2795595050577 36.037606194 35.8535108448182 35.7907998802438 35.7174867673883 35.6168241963678 35.6 35.4002573430163 34.6123345493228 33.7599197401524 33.8622094498658 33.5045519122193 33.1422668431888 33.8493361949109 33.6637590202222 33.2 33.1466513240498 33.0394413528882
34.687595175928 34.6837760402694 34.855909341276 35.04776486448 35.0794162983707 34.9768241344721 34.989235508 35.1355642577973 35.1581358705933 35.1738660647121 35.2933314180174 35.3079283706455 35.3789189630247 35.671346176 35.910441247045 36.2162368743678 36.2845024103011 36.0722260454643 35.8808416333803 35.8148603602345 35.7049980525662 35.9862103561193 36.4243786215927 36.6077486469868 36.62321885 36.5477664884025 36.6075322489028 36.4378590024163 36.3697162619999 36.2625734219999 36.2503765237516 36.391025358 36.4861569712651 36.5684224759598 36.4679676439999 36.473159018 36.580301858 36.6671410447385 36.5095682125669 36.5505033178722 36.3522217551775 36.0802651975171 35.953622252 35.8535151270936 35.6963604663989 35.5916883145915 35.5576238890289 35.2109453079999 34.4676223996201 33.8090749302974 33.615124644231 33.5187856098547 33.1794385403167 33.623620568147 33.6000126065475 33.1478131084846 33.2482453179369 33.1676336187368
34.9480488274944 34.965998418 35.022329501404 35.0143359870474 35.1540798452145 35.2489188582619 35.1355011776252 35.1688446162144 35.2 35.2733874824402 35.2991299692325 35.4014526050949 35.492797688 35.5621901950021 35.4825567197697 35.7127935444042 35.9683407074628 35.9713120631762 35.9750512841581 36.010645548 35.7323026859592 35.8840071912641 36.2667250406095 36.419596958 36.2733883453001 35.9084530732909 35.6367483139861 35.2359308746638 35.3280611999777 35.414382112 35.3881485406862 35.7298662078471 36.2462774319055 36.5243582022958 36.4679676439999 36.5345569849504 36.664225848 36.697981608395 36.5902065599324 36.6819154362597 36.5337815674129 36.1544666170857 35.9962769732416 35.8773309692931 35.6769432054813 35.6912686451056 35.4174711394491 34.8484336693653 34.0416398172053 33.7786577556642 33.299268440839 33.4739275627501 33.232314116 32.9344160833685 33.2497253786776 33.132031636 33.296277011824 33.2584937638486
35.18213366 35.1848406300873 35.255922269618 35.36426732 35.3781309686222 35.39106683 35.1387949585748 34.8822205609824 34.981990267265 35.264578621185 35.3861383095524 35.4912214504876 35.508873698 35.5971384308647 35.5842025266077 35.6294898939432 35.6837663126877 35.6307826227278 35.7770613096967 35.967806748 35.5586129616955 35.1530698222151 35.4033665690722 35.6474768010321 35.3961517130079 35.072577581808 35.1560116052959 35.380283618 35.4894953031681 35.4601133596242 35.2715446267519 35.6625758692883 36.0184846933127 36.153479356 36.5245322081425 36.6862713288966 36.6251119749766 36.6885662844717 36.7776882068633 36.7877606516083 36.5645071279999 36.167967884 36.0210900742716 36.0526443746945 35.8686585250426 35.6197583339999 35.5846667746686 35.0287670077143 34.243295192094 33.2046987781212 33.1316298914644 32.7445157028869 32.741187251485 32.8916850546751 32.9825692503298 33.5144402972442 33.3 33.269698502
35.2227449844111 35.29820967 35.3363253624037 35.4 35.4508048227816 35.49820967 35.3638125219336 35.292009417119 35.2939237036959 35.2134460610211 35.2034837676626 35.40009046007 35.312454358 35.4350402382304 35.6227447487079 35.6987521796995 35.6993296098931 35.7419992974858 35.6975886186081 35.490785927987 35.4024685978453 35.3942802935688 35.2408605193067 35.4643499210416 35.4967100299024 35.3894703953197 35.181257074903 35.1018253850601 35.7123468600188 36.0888783283892 36.1220022338102 36.27804574087 36.3420343286249 36.0654598201932 36.3002861505607 36.575429890153 36.6003526617457 36.687444698 36.794587538 36.7982386425235 36.6714311561161 36.3486579062912 36.0986242906986 36.0994574988941 35.985875936 35.7966131461587 35.7456771789842 35.5727675993812 34.7648031308566 33.8028098682492 33.1971082456178 32.6630024956348 32.6016934247723 33.0067054841018 33.5252264987613 33.8151233919888 33.3754656284018 33.2101804996182
35.2165674871306 35.3179754959053 35.38594673332 35.4362697025453 35.4974163957705 35.5 35.5 35.5 35.580302338 35.604680511897 35.5158273251222 34.9333826962623 35.0389474397089 35.4151182592019 35.5566701900234 35.48394247 35.485946720474 35.4869084083008 35.2964017684716 34.9510917342996 35.0679124489994 35.4048568973997 35.5011351813026 35.5240745062038 35.8054630637238 35.8160329229969 35.4490657667265 34.8117711602396 34.8368528511774 35.1174773184028 35.6915415934883 36.3617137097065 36.594832740157 36.5474290646076 36.576721198 36.6146208637544 36.61605753 36.6894607693853 36.7 36.798084384689 36.655701867523 36.262656846 36.0326243356687 36.10535251 36.067907932 35.9161776739999 35.799814775535 35.395140557831 34.3380003127319 33.7715708594584 33.0854846845343 32.485531823282 32.5802078684949 33.1650729046662 33.0758614069655 33.735936728 33.4 33.2468706192892
35.11249535 35.1087089518143 35.137445298 35.2836048320985 35.439235628 35.4948611396175 35.5 35.5 35.580302338 35.687445178 35.7 35.5184998215302 35.1455462015078 35.116016538 35.2057876906779 35.2325634363937 35.287426458 35.2998220880873 35.373286453688 35.4631958008859 35.1981673254596 35.1573000785885 35.4786109573927 35.8997983520001 36.21010859951 36.22883296 35.6953329983419 35.1863606449843 34.819288064449 35.053782560752 35.5138344551979 36.0383164462284 36.4470156892182 36.6184658769194 36.7492744304978 36.860663668 36.8975386482136 36.746963646143 36.701352612141 36.7687370820628 36.4158587689361 36.4119767385165 36.200920208555 36.1738728746575 36.162555422 36.0108251639999 35.790075607207 35.5182417556509 34.9131171085442 34.1320824132663 33.5861776733256 32.8878887939997 32.4807458777033 32.5965877135973 33.1746061960002 33.7524345430289 33.4316985392552 33.2269000837694
35.21963819 35.1952865862767 35.1693680992327 35.264226328 35.3612101402515 35.4704355702391 35.51963819 35.51963819 35.5841706022891 35.687445178 35.7 35.696538284 35.4662478416731 35.135654728 35.2614088633456 35.4606044360001 35.637445058 35.6370929723787 35.5487555893832 35.6339001257851 35.6728768707941 35.3505868963545 35.2704597922624 35.5939873058605 36.3402526213187 36.512344548204 36.1284570223753 36.4069540411611 36.0513563052278 35.3321381318393 35.2941233154641 35.7727226319892 36.0226130514852 36.3274168199758 36.6320323560001 36.773159018 36.880301858 36.9 36.7294002044288 36.5868366058385 35.8676385734101 36.1878014220995 36.2148048692618 35.9105664026453 36.1306324793723 35.9911869739999 35.7150121496464 35.4545390348441 35.2212070020041 34.5383156173013 33.8503365198955 33.2437546356455 33.2119872081088 32.7863660904249 33.4838291877739 33.9276498233867 33.5734748326644 33.1135240842503
35.3 35.3081153103677 35.32678103 35.371369168 35.42678103 35.5129946362786 35.57321897 35.5928118371072 35.5784942067695 35.6138267092926 35.670320200954 35.6974653672005 35.5316939014469 35.3145618703065 35.35811447809 35.4338234060001 35.6206922002165 35.7326467996603 35.749196280926 35.7425479805863 35.850235142581 35.8660263476655 35.735969321912 35.8585953409208 36.302618817595 36.5991963366515 36.560059114551 36.6545242964277 36.8062022556955 36.530237497825 35.6729826745797 35.5435762096737 35.9330226971312 36.3857239236883 36.659336008695 36.773159018 36.880301858 36.9 36.8560754958561 36.5919347972564 36.1480109694291 36.308891938 36.2001499162102 35.6126547272912 35.8124140493404 35.8692040737907 35.5662979379999 35.2985790499627 35.2287581918394 34.9714190657029 34.7570302711858 34.7033625034697 34.5361568566536 34.0397757473391 34.3619697170999 34.1268897980467 33.2638611434394 32.4478828769206
35.26607613 35.296378588 35.36607613 35.410664268 35.46607613 35.46607613 35.4436807247617 35.505311758 35.4790915827501 35.378630952 35.555252166 35.6666633040178 35.6941366037737 35.6233407615296 35.5293855412855 35.4520963609586 35.6173322304053 35.7151259405533 35.7681055396909 35.858873578 35.9 35.973159258 36.0272415793328 36.121368808 36.3855993691554 36.5344699706005 36.6570454689307 36.580320818 36.7110330856048 36.8768925664966 36.5794611078005 36.0258844508641 36.2629895419733 36.7172928473523 36.801831562 36.7913700176808 36.8530603600845 36.86607613 36.960663668 36.697693187267 36.4156897621215 35.9468440481703 36.1943255009019 35.8666019699998 35.3294468244096 35.597246695156 35.4264051689491 35.1283579007695 34.9437411610135 35.0210237454846 34.8251712759999 34.5599734949834 34.5320563680301 34.3649329217659 34.2822540439999 34.0147714625555 33.3668658499324 32.5685145672103
35.0863107631612 35.1357248154503 35.17679987 35.221388008 35.2980440807154 35.293689039896 35.1565614730148 35.1978701468811 35.3016882165394 35.2663322596582 35.448109326 35.5203082444354 35.65893329 35.6655107552125 35.6863514166011 35.6589248040104 35.7 35.744587898 35.7787558878447 35.7936294264561 35.8449773509325 35.902048447679 36.0311461077096 36.1104674689019 36.2681980475133 36.321327816 36.4985342805276 36.316016298 36.4831258559592 36.8498392240001 37.0301757184543 36.9558564462066 36.9139576591904 37.0094215350487 36.9890065696276 36.8378636902391 36.8329773311495 36.8769773705381 36.8990329781468 36.8927693286302 36.4382405875185 36.0601157674463 36.4452044130383 36.2679112518246 35.6546909209681 35.3435781621207 35.2356499790351 35.1032002181184 34.9051243901877 34.9225008511968 34.7180284359999 34.1858004380218 34.1905095019005 34.0153750730203 34.1663415942872 33.994870018 33.4653887056828 32.6841364683092
34.5968579156195 34.7253513786408 34.777004459662 34.8087584566336 34.8874129497044 34.9568440374512 34.8846267109873 34.9239888164639 35.0736817302107 35.187894753621 35.389176036 35.4026272771471 35.55179045 35.567806988 35.6629554819166 35.7 35.7 35.7015966480395 35.651850162 35.6035809 35.669597318 35.7741203981303 35.8831776358273 35.8614240888924 36.0411598122576 36.10620781285 36.2507757461712 36.2273185831925 36.4212678640001 36.7280879367652 36.941025718 37.068067427832 37.1500619674029 37.1801730213198 37.131619848682 36.9148314306378 36.8897982436166 36.987444698 36.905412462 36.895643073447 36.6261853755316 36.416016058 36.476841102 36.325873267404 36.0557260669788 35.7968892022976 35.5056706190218 35.4020290347663 35.1192768894476 34.8433621543407 34.6788151920415 34.2921691208068 33.8272596769393 33.0816200524652 33.75895225 33.7026101317866 33.257045167192 32.6961791213162
33.9567378839221 34.098188118 34.2675115601568 34.4633964921185 34.5748276233067 34.6709333626527 34.755311878 34.748799689345 34.7697959046911 35.0018837919628 35.2754755946166 35.401730858 35.4950881960756 35.460664148 35.567806988 35.64464761 35.6239208754601 35.544707322 35.4948328816953 35.4022362024954 35.4730425783108 35.6504707281907 35.68929522 35.5050445557659 35.7099971782291 35.8337575711504 35.82323805 35.873001453465 36.2034202440001 36.4442281788792 36.5467836813883 36.812353414 36.9841280760038 37.048168558 37.1258367523097 37.0466563508906 36.9218067847652 36.9390419677287 36.7977036090748 36.7333554907371 36.6881149606987 36.5643426862265 36.532193492 36.2502817570271 35.7291207829094 35.7945573090138 35.8972803652493 35.7236465595699 35.1932408239998 34.6875494376466 34.58929522 34.2691985117232 33.6759649863177 32.0802282964 33.3843838146128 33.3124907901231 33.1148026181695 32.8321143400001
33.723159618 33.830302458 34.0029781417814 34.2641858160001 34.426740518 34.4382162120311 34.478530968 34.5307972050839 34.5876899008285 34.8076864688851 35.0030428251969 35.2778221016881 35.4397223479492 35.478511768 35.5567075949047 35.53750477 35.500059712 35.3371862531854 35.2965742916938 35.308768339941 35.3367731471995 35.448168798 35.5251945208399 35.1112232106205 35.002743238348 35.3847116783005 35.2361195959721 35.4240936942726 35.8819917240001 36.1200869136913 36.2264379988678 36.4809073545813 36.6965739017053 36.7602968220164 36.816035258 36.8957399765648 36.8522802557027 36.83750477 36.7074423934244 36.600648974289 36.6319594320025 36.569002754284 36.4853994588588 36.1912957948567 35.6456924622818 35.2167394231285 35.4379902771501 35.6323737160161 35.3816772654487 34.9299077765763 34.7622914691372 34.1488127845516 33.6250334885641 31.5358715031106 32.8813863520448 33.1250551514774 33.4366923149101 33.6378358217371
33.8301799360109 33.830302458 33.8966620475012 33.9181614284957 34.003540628 34.1569301943621 34.3423513145098 34.5241063604289 34.7058614063481 34.8532713617328 35.0300953581865 35.203461716 35.4026942259752 35.446378468 35.507202552 35.4092600502176 35.323278802 35.0648598627583 34.924909196 34.9804492965408 35.0897273281351 35.233883118 35.2291842955666 34.7576730591357 34.8971248523305 35.2709975098971 35.3597579611066 35.5140200067494 35.7533498372682 35.9817656206511 36.174889636 36.3581253315106 36.533822926 36.6534851046556 36.5977370712591 36.5829363498338 36.7029271181707 36.73036193 36.5040365201526 36.53036193 36.521488712 36.4192086563187 36.3396293948014 36.2815394230393 36.1022914151942 35.4680932192096 34.8632301541188 35.0387140503749 35.419276969578 35.3807884021391 35.211968235046 34.600785881746 34.04489193 32.7209931264808 32.6416708826309 33.1608702665499 33.7319107720001 34.0365750008351
