catData/variables/futureClimate2070/rcp85/CNRM_CM5_2070_rcp85/bio11.asc
NCOLS 409 
NROWS 350 
XLLCORNER 60.897278365 
YLLCORNER 5.843756025 
CELLSIZE 0.0892857 
NODATA_value -9999 
[rows 104 to 129 of 350, columns 348 to 405 of 409]
-1.60678240119772 -2.39739215646538 -2.47333844199993 -4.23059559694245 -6.12750312113906 -4.78100019716982 2.8283601561285 4.38730208758705 6.22369574772268 7.88092061099461 9.40302125637632 10.7415777729268 10.6512247589891 10.3469396178185 10.1453632956143 11.0079079400344 12.6981860801388 13.688476296922 14.4933168661763 13.6687413900951 14.0250841427497 15.2712048405212 15.8545421719994 14.7646437275847 15.2515829963545 15.991945357528 16.5890760538092 16.7434585266879 16.8988008469644 17.0113267591547 17.0180701754471 17.4480921049407 18.5477302613473 18.9098956892091 19.18721083114 19.372999160582 19.3846997884646 19.3236464957798 19.2752606039758 19.189341012 19.1163767525129 19.0611018272427 19.0115302570017 18.926844102 18.7379758964713 18.6107817719999 18.409054514 18.2579934544471 17.5053525254029 14.0989681886298 11.3050626013022 8.66657231361403 6.89479675124598 6.1943920762151 4.94027452931448 3.66967837103666 6.02469210796379 -9999
1.95702218273362 0.464998945235389 -1.20445988311786 -1.67671019329609 -3.48418566993255 -0.469375336324146 4.38645642788307 9.47481538337248 10.6779891530882 9.35142634659446 10.7255378703776 13.7365864430744 14.3411335496822 11.5070076942446 9.53428181360213 9.90773919588098 10.5617155722737 11.1504118574384 13.7954414223753 13.0986993659999 12.3659077233392 13.0135938858253 13.2491482231033 12.6412637994603 14.3639123180347 16.4278604383551 17.3666334826124 17.723119749576 17.5065439933958 18.0909768194978 18.75324718 19.0422558503214 19.4597973424067 19.54106839 19.5374254849958 19.4905631763924 19.4315585862193 19.382144395169 19.3256916874427 19.255415462 19.1695162233338 19.1168913392779 19.033986942 18.926844102 18.6777372446607 18.3562093506239 17.8567843003558 17.7832086943104 17.125273009999 13.7109841217775 11.9872298632989 9.60837076678965 7.04217472180745 4.66141367713466 2.9483695238597 2.70418432884324 -9999 -9999
2.99087780111914 0.332500103005928 -0.380555643736619 1.97172240427989 1.1165976198429 4.65187579428132 6.72794293680661 8.57870652999969 11.4952313625152 13.0066715996585 13.9389007851053 14.8741755067651 14.4106176428611 11.3529072629231 7.46003744181792 7.36193172725815 9.87037985292059 10.8114994505135 13.2495373802397 12.7875983384458 12.2031647656187 11.1054533727774 10.0903460329551 12.2140737051963 15.8891564088588 17.8986071249327 18.3035357413375 18.7033753360916 18.996336828 19.2197568502485 19.4971966451439 19.5934962720079 19.6456004270131 19.647378381966 19.5954061610549 19.54821123 19.525055212 19.44821123 19.410769532 19.303626692 19.2232728248194 19.141129782 19.033986942 18.9621134602433 18.867912492 18.4921884031406 17.7721976332246 17.24821123 17.0746020671356 14.9589817107962 12.9555473570173 11.4357243507668 9.21412530684124 7.22040117554702 5.51360278284305 6.0191199960877 -9999 -9999
1.77132404148984 1.8828885020921 4.59698016523667 6.78183450835403 5.73391446101885 8.73192937524169 9.47668139716761 8.0836142764456 10.5706010265632 13.8976480963806 13.9752230972232 14.8569790215886 14.5876183198292 11.8285510381412 7.99279453233889 6.84894728068485 10.1006681453656 12.373090993812 14.3101650247583 14.431156511169 13.1624470066219 10.9671723253189 11.0627253569504 14.6977651310056 17.9404713502903 19.0233688462124 19.33212442 19.4635407373468 19.5848263208158 19.6404948998378 19.65535407 19.65535407 19.6975822702014 19.6992287424522 19.6504439768942 19.6 19.576843982 19.5 19.462558302 19.355415462 19.248272622 19.141129782 19.0705278563345 19.0148593030119 18.919701262 18.7251168439999 18.3841468848465 17.4488522731566 16.4283487752319 15.9212666145532 15.3917096417472 14.7399807667682 13.3484813818331 11.0864668096167 8.19695289404701 7.33503616535121 -9999 -9999
1.76093870799986 4.68842041713208 8.43223203597097 9.87285419941526 8.69869832598451 10.5075960302544 12.2093994948496 10.6093872360084 11.5652749717151 14.5735198479939 13.3791933714336 15.0689744977089 14.6494435208155 11.342158880036 8.91743639633783 7.4567933688715 9.74454669593408 12.5501377782256 12.8980640335838 14.6970245104353 14.4728443125179 14.1355173540476 15.6379697484545 17.7316519118036 19.2043624887647 19.5584351588393 19.6 19.6 19.6 19.673156138 19.7 19.7 19.7 19.7 19.6966733491565 19.6524891685572 19.591315777729 19.5435610599847 19.4859582063015 19.3900484134122 19.248272622 19.141129782 19.1 19.0725642777327 18.831645481943 18.3268816024736 18.2506898097745 17.3221601646328 15.6177600560319 14.4295736374503 14.453215829054 13.5235867217046 12.6348481990895 12.1177468163547 10.7325670585768 7.61462083910657 -9999 -9999
1.29703876761242 3.70109211397827 6.75730163636953 8.38554272344335 9.41092798757033 10.5972244110855 12.7440412907794 13.5822958219411 14.4854806655185 15.5658330249245 15.6857124993088 16.0152330978205 14.9394813247715 12.3228809643582 10.466378380829 10.2728551354687 11.5048881986587 12.6193004512095 12.3490962235347 13.8521075979342 15.7229591590853 17.2633565200001 18.7022092203753 19.379187437105 19.5810072159816 19.6310487279373 19.6336167661438 19.6 19.6 19.6222103863871 19.6862802575318 19.7 19.7 19.7 19.7 19.6951383591263 19.6535139569548 19.5908011909641 19.5174911402341 19.3722397348018 19.2842954387208 19.1697724593603 18.9620860143243 18.7382439965676 18.3050467076036 18.087583474522 17.7031457023609 16.6302045696834 15.8110286267192 14.7083877541189 13.807185960902 12.2060211389715 11.9566735186987 13.0381796983362 13.0203786333656 10.4618626586146 7.82039434022272 -9999
5.13157371600037 5.41788831812548 7.23952678478352 8.8859769551605 10.1077774255968 11.1311708668438 12.2321106325568 13.9567693335628 15.5479641376708 15.9311347171847 16.092752827771 15.2446677084275 14.2045421104954 12.5576335634302 12.1337184889949 12.8682356102216 13.1336959293684 13.7832396106454 14.8477822149322 16.2612228901218 17.9158760997095 18.9979590949449 19.5285743414421 19.67678259 19.67678259 19.6871340207059 19.6879901868457 19.67678259 19.6260958700511 19.6 19.680298978 19.7 19.7 19.7 19.7 19.7 19.676843982 19.5767357520872 19.448334014 19.0390007308882 18.606304038865 18.1432211952856 17.7241259216705 17.7658194153329 17.2224966476787 15.3532729732167 15.8452110677828 -9999 -9999 -9999 -9999 -9999 -9999 -9999 12.9800033896357 12.2215987173149 10.5255437940239 9.04650509909207
9.72897655917619 10.2307054248291 8.84551178987714 8.63248534762277 8.79758308795672 8.76551560873925 12.943886444532 16.6701629746305 17.0606930434805 16.8490936445192 16.0338428562059 15.6685787816393 14.4310904259997 13.4240301859645 13.8638075832497 14.2594120907196 14.6499367159452 15.1487988512907 17.0075784261693 18.7706722349965 19.2669768068902 19.5729378841716 19.6876476989016 19.7 19.7 19.7 19.7 19.7 19.6893886462037 19.68392543 19.6968331454279 19.7 19.7 19.7824756198752 19.7 19.7 19.676843982 19.4934158014151 19.1419172079542 18.2708620889293 16.9582152586861 16.6594892291813 16.5018415284346 15.5525491305634 15.0120444229065 14.3680310797112 -9999 -9999 -9999 -9999 -9999 -9999 -9999 -9999 -9999 12.4478890875648 11.1964662996156 8.94426420799953
11.3755994119997 12.425678420419 11.2776222529797 10.3899818917788 13.3361621098803 13.528245876589 16.3739755587897 18.6841212371302 19.3287267138789 19.0380165937519 17.8150063056761 17.2886867660051 16.9487146529432 16.6219140234388 16.9837849288435 17.6008014347143 17.9588128633757 18.1161252335812 18.7316936056521 19.1099034773203 19.6828676840764 19.7835668152595 19.79106827 19.79106827 19.7569705448089 19.7 19.7 19.7 19.7 19.7 19.7 19.7 19.7 19.7998457045429 19.79106827 19.7473194974701 19.368180732039 18.8054436996206 18.4389727661183 17.6878697309965 15.7876888830413 15.026856276467 13.7693704104213 13.429661354366 13.2361349994146 -9999 -9999 -9999 -9999 -9999 -9999 -9999 -9999 -9999 -9999 -9999 -9999 -9999
14.5992913134225 16.1587003105427 16.035481536361 17.0193735800315 18.352293689729 18.9198136225131 19.4846729771704 19.8808250538128 19.916000938 19.9863401780694 19.8169204523538 19.3860984964995 19.1639749241682 19.2169904700295 19.0042486546394 18.9541751507825 19.1444984260001 19.3572198637687 19.6692498335637 19.8841774933262 19.7983697948828 19.8 19.8 19.8 19.7993302049153 19.7544239046351 19.7 19.7 19.7 19.7 19.7 19.7 19.7 19.70178889 19.6843655751788 19.3157866572593 18.2048581186191 17.7870480287591 16.7927835850355 14.8058386766832 14.0744255728 13.8598696998705 12.3686415690331 13.7850835905818 -9999 -9999 -9999 -9999 -9999 -9999 -9999 -9999 -9999 -9999 -9999 -9999 -9999 -9999
18.8677817446672 19.4966767620048 19.72676975 19.8969727290863 20.010936897004 20.112435878 20.2191037788397 20.30535395 20.30535395 20.30535395 20.269916407489 20.166122882 20.0617495256534 20.0129099422644 20.0071735681822 20.00535395 20.00535395 19.9225934960643 19.9951647417071 19.9983647642286 19.9048790236892 19.884843932393 19.8272704335248 19.8713231005573 19.8033493273604 19.8 19.8 19.7442814368861 19.7018196310317 19.7 19.7 19.6859552263556 19.479576788109 19.2387451491042 19.329624721461 18.2278142710871 16.6667345006314 16.672344770337 15.8553763082097 12.9790427233607 12.0739701136355 -9999 -9999 -9999 -9999 -9999 -9999 -9999 -9999 -9999 -9999 -9999 -9999 -9999 -9999 -9999 -9999 -9999
20.0952545447923 20.1890079690774 20.2225316446374 20.3015083976478 20.31249679 20.314224768 20.41249679 20.4144979832116 20.42499358 20.4212071353587 20.41249679 20.367911772 20.3060324682142 20.2484862495006 20.146483252 20.11249679 20.1024619653549 20.1 20.0172351780748 20 19.9922379595044 19.9104956267807 19.9 19.9 19.862558062 19.8 19.8 19.7926430824917 19.7049908255537 19.66250963 19.5822312727775 19.3329921171028 18.6852618370103 17.9952749495946 17.6618161085847 16.7642904749079 15.5493323970473 15.7542334868067 14.3691024992872 11.9737112300716 -9999 -9999 -9999 -9999 -9999 -9999 -9999 -9999 -9999 -9999 -9999 -9999 -9999 -9999 -9999 -9999 -9999 -9999
20.33927926 20.33927926 20.4038082015568 20.41963963 20.4382158011382 20.4406678695143 20.5213818258332 20.5521478948193 20.61963963 20.589340292 20.5122861247769 20.455414982 20.3584313019181 20.3080776427344 20.2469512766131 20.2052719880394 20.119700782 20.0828267033444 20.08036037 19.9806996913506 20 19.983986582 19.9045478033931 19.91963963 19.882197692 19.8108833445645 19.789840887217 19.6752421514779 19.3389381186098 19.2467064844765 18.6832124546919 18.3865218643157 17.1650589450953 17.4543717193536 17.2475173744889 16.5441236807313 15.3579190228371 14.2187259832648 12.8821729095178 -9999 -9999 -9999 -9999 -9999 -9999 -9999 -9999 -9999 -9999 -9999 -9999 -9999 -9999 -9999 -9999 -9999 -9999 -9999
20.52678247 20.52678247 20.52678247 20.52678247 20.5960353717907 20.62678247 20.6332774638304 20.7 20.7 20.669700662 20.562557822 20.3957101366482 20.182963661697 20.1726583482451 20.1489323659568 19.9022147370634 19.8307706578843 19.7213140990487 19.6800606580686 19.8490882598231 20 19.9882753708718 19.9437369101481 20 19.962558062 19.8195925076227 19.6956328395451 19.2684965007309 18.5637138063969 18.585496494713 18.2014792701479 17.2753447993264 17.8852021365345 17.213895164336 16.85036626193 14.3831692806902 -9999 -9999 -9999 -9999 -9999 -9999 -9999 -9999 -9999 -9999 -9999 -9999 -9999 -9999 -9999 -9999 -9999 -9999 -9999 -9999 -9999 -9999
20.63392531 20.63392531 20.63392531 20.63392531 20.63392531 20.7 20.7 20.7 20.7 20.669700662 20.562557822 20.26274110314 19.639934635817 19.386522993678 19.1816108754084 18.6456737121488 18.8172951399023 18.6325690562592 18.6284401914387 19.6718440444725 20 20 20 20 19.911748887854 19.6313362204479 19.377412269903 18.5882267139998 18.1642025578896 18.1203478529921 17.6709401046266 16.4561131773905 17.683129871561 15.0945946521371 14.2780922832898 -9999 -9999 -9999 -9999 -9999 -9999 -9999 -9999 -9999 -9999 -9999 -9999 -9999 -9999 -9999 -9999 -9999 -9999 -9999 -9999 -9999 -9999 -9999
20.7 20.7 20.7 20.7 20.7 20.7 20.7 20.7 20.7 20.669700662 20.3780361041083 19.737290917651 19.1672084898913 18.4457353113641 18.086392407643 18.008979922 18.3649993981089 18.2371865732551 18.1394970339081 18.9583351524015 19.8502993291157 20 20 20 19.7666601762178 19.2955904849875 18.8113223482482 17.8196766279912 17.3509007116334 17.0435971642968 17.219657439599 15.6076335650625 16.5737667543267 15.5285178673487 12.6825042688534 -9999 -9999 -9999 -9999 -9999 -9999 -9999 -9999 -9999 -9999 -9999 -9999 -9999 -9999 -9999 -9999 -9999 -9999 -9999 -9999 -9999 -9999 -9999
20.74821099 20.74821099 20.74821099 20.74821099 20.74821099 20.74821099 20.7439342808211 20.7 20.6888360230649 20.5192363963071 19.8900249682222 19.2048843708337 19.0498305493428 18.77702235 18.2943917285348 17.5495914207708 17.6856609578803 17.6920724606472 17.8425088334606 18.4075010108393 19.6794167085276 20.0077202273506 20.0370471287712 19.8685325440381 19.30266784397 18.6857792102737 17.9525265590349 16.9434230079999 16.3563214839591 16.5072233061222 15.9454581716874 14.3692786733174 14.8873309279306 13.5913284855363 12.2197504333476 12.8891382092968 -9999 -9999 -9999 -9999 -9999 -9999 -9999 -9999 -9999 -9999 -9999 -9999 -9999 -9999 -9999 -9999 -9999 -9999 -9999 -9999 -9999 -9999
20.7247492978029 20.8 20.8 20.8 20.8 20.8 20.7960395195153 20.7464896569739 20.5742994337049 19.8812309679044 19.4490295404932 19.8965523489309 20.0783119948401 19.7293002717278 18.487554771195 17.3047285773472 17.0908466817695 16.6440637134645 17.4197209327108 18.8718598411555 19.832409189334 20.0625032078231 20.0255722392492 19.5394362203967 18.8060918054185 18.3511142566599 17.6025965094613 16.6446961877245 16.0151611324581 15.2312075255275 13.7292610835477 13.228732576554 12.5853857768874 11.9935800910422 12.8927414020677 12.301435868588 -9999 -9999 -9999 -9999 -9999 -9999 -9999 -9999 -9999 -9999 -9999 -9999 -9999 -9999 -9999 -9999 -9999 -9999 -9999 -9999 -9999 -9999
20.7077597270441 20.7832237801346 20.7498155127219 20.846800378843 20.4487087390457 20.4929162935417 20.8 20.7939943449952 20.626448388693 20.0234752582562 19.9277005497453 20.3834284128622 20.3603369625753 19.8658266418558 18.8363301659931 18.1698445179999 17.1892454478533 16.2536155051408 17.3204793850103 19.4096922889858 19.9746940101403 20.1 19.8829154789734 19.0829811150302 18.5162326036654 17.3679037203464 17.2224762703301 17.1377968926811 15.1204576488625 13.7446438341084 12.395712837294 13.5333871198748 12.5551292263235 13.9488289720975 13.6014488402629 -9999 -9999 -9999 -9999 -9999 -9999 -9999 -9999 -9999 -9999 -9999 -9999 -9999 -9999 -9999 -9999 -9999 -9999 -9999 -9999 -9999 -9999 -9999
20.1322624758731 19.9748696973844 20.2195473165031 20.1525755967002 19.2083949174558 19.5474187016485 20.3557665893175 20.8 20.755752223221 20.5694201645164 20.4865863768299 20.4689512119314 20.3629278008447 20.1338887077247 19.6276432691904 19.134130078 18.213707193643 17.6535131830757 18.6252714429929 19.8432590457227 20.0723326609466 20.0665450025116 19.6132063739996 18.7543819001449 18.1672178107385 16.4643802824038 16.7758051894509 17.0558611189718 14.7781521303089 13.2040960696568 12.1934961368852 14.0111618140008 14.8404077787931 14.9763395048572 13.3191075562426 10.1074341811376 -9999 -9999 -9999 -9999 -9999 -9999 -9999 -9999 -9999 -9999 -9999 -9999 -9999 -9999 -9999 -9999 -9999 -9999 -9999 -9999 -9999 -9999
18.7427873701442 18.5518904819999 18.6182653355516 18.4459487072982 18.5394762493143 18.986531534116 19.974474913377 20.3362975276001 20.7178412553421 20.669700662 20.562557822 20.455414982 20.2688364120458 20.0423622966142 19.8930189889727 19.8417951190164 19.6266720922842 19.4672088510208 19.6493787651345 19.903455476 20.1 20.051959746 19.4154453896126 18.0673526776875 17.1643532136459 16.2259298415231 16.9420708696071 16.016584890269 14.3218209728206 13.3199664897025 12.8346702300063 13.973306721083 15.8117817929112 15.1504527084535 10.5177252169569 -9999 -9999 -9999 -9999 -9999 -9999 -9999 -9999 -9999 -9999 -9999 -9999 -9999 -9999 -9999 -9999 -9999 -9999 -9999 -9999 -9999 -9999 -9999
17.6735111432253 17.3712513700377 17.6137802734774 17.8151087229475 18.2256945532218 18.4035771782625 18.8564935694444 19.4810737167073 20.3130536696632 20.669700662 20.562557822 20.4179969209319 20.1608912359999 19.898333414 19.81607481 19.7664379295328 19.8700990258251 19.7391720286835 19.7954553653578 19.9859306586008 20.0851107011187 19.81691290859 18.8345788930462 17.1540347512222 15.9017999944866 16.0134927072954 16.7493352752441 14.8639483064262 14.2711820287511 12.9767016155497 14.0871000999277 16.0595991131682 15.6183724699422 12.4077958911493 -9999 -9999 -9999 -9999 -9999 -9999 -9999 -9999 -9999 -9999 -9999 -9999 -9999 -9999 -9999 -9999 -9999 -9999 -9999 -9999 -9999 -9999 -9999 -9999
16.7471082533871 16.6964269729633 16.6984623629923 17.3419961650522 17.4695211446024 17.4055190826641 18.3719423388027 18.9944341248714 19.9657348980001 20.479275602659 20.562557822 20.410829964 20.1448164259999 19.7750338341683 19.6779811685899 19.7023976642639 19.714344604124 19.7818751028362 19.9717895312861 19.9907138192788 19.4124695914629 18.6826457001503 17.3500469458582 16.3611589119379 15.8828554792954 16.6466675399734 15.7923744076793 14.5874898930454 13.8217585992272 12.7311133286122 15.2922444917475 16.7693319804637 14.7134835473259 11.1328034032212 8.99338486265237 -9999 -9999 -9999 -9999 -9999 -9999 -9999 -9999 -9999 -9999 -9999 -9999 -9999 -9999 -9999 -9999 -9999 -9999 -9999 -9999 -9999 -9999 -9999
16.7957492755495 16.8954612139993 17.2104362635355 17.128236057862 16.9195816161589 17.2088865366368 17.674302215068 18.4376279243186 19.3424316905895 20.1957233094541 20.366136082 20.1706208899325 19.8501838159999 19.6433368720426 19.666013538 19.6281524847057 19.680651690601 19.8733196639078 19.7158100611423 19.4037620050421 18.9626449238276 17.9509142781746 15.1533345677362 15.3952314964875 15.6658855253825 15.8576248253267 13.7967258923398 14.063370363496 15.2374266550671 15.2801101231176 16.6422833949969 14.505969676539 16.0602225458747 11.2600824676295 -9999 -9999 -9999 -9999 -9999 -9999 -9999 -9999 -9999 -9999 -9999 -9999 -9999 -9999 -9999 -9999 -9999 -9999 -9999 -9999 -9999 -9999 -9999 -9999
15.8743735587028 16.5240706015207 16.0865562743386 16.039258908 16.6142636240084 16.962816808655 17.3301926314816 17.962060990761 19.0142641182511 19.9317039886886 20.2899525068834 20.0890096728357 19.6688156164934 19.3973699111082 19.1055984592294 19.2847923513508 19.6086952976801 19.5797633662033 19.2875595234311 18.6501458428206 16.8769542481705 13.7510653489809 10.9421623337934 11.6433925904822 14.4769033478944 14.3434443660272 13.5007423986036 14.8054131451791 15.9405977353187 16.4425742070099 14.6546472548301 14.2129959827089 14.9371987055257 -9999 -9999 -9999 -9999 -9999 -9999 -9999 -9999 -9999 -9999 -9999 -9999 -9999 -9999 -9999 -9999 -9999 -9999 -9999 -9999 -9999 -9999 -9999 -9999 -9999
14.3169318901271 15.2313294693067 15.1314649656747 15.149952648 15.6236161609373 16.2021910245391 17.1128928271732 17.9755807788847 18.6430319686493 19.4916712403088 20.0107559364743 20.2598036062675 20.0999846109166 19.689510308 19.2031748247828 19.1563763359351 19.019332300146 18.8001710520158 16.8715442909288 16.4547348137164 15.8250782957842 13.8018819278062 12.4335200551036 10.3687235634474 12.8956621129309 13.1705021158492 13.1207597427081 15.1227684189314 16.1130960488353 14.9740751226366 12.7811833081293 12.3735134283907 -9999 -9999 -9999 -9999 -9999 -9999 -9999 -9999 -9999 -9999 -9999 -9999 -9999 -9999 -9999 -9999 -9999 -9999 -9999 -9999 -9999 -9999 -9999 -9999 -9999 -9999
