catData/variables/futureClimate2070/rcp85/CNRM_CM5_2070_rcp85/bio15.asc
NCOLS 409 
NROWS 350 
XLLCORNER 60.897278365 
YLLCORNER 5.843756025 
CELLSIZE 0.0892857 
NODATA_value -9999 
[rows 135 to 161 of 350, columns 177 to 235 of 409]
153.661773139999 151.232566805348 148.82252364 146.679666839999 145.26840502 143.75247435063 143.056052773049 142.05411982 141.992272340408 141.504416795912 141 141.103398308553 141.311175575126 141 140.55412102 139.769040826165 139.5535359 139.5535359 138.82194332 138.5535359 137.67908652 137.5535359 137 136.950882224398 136.4464641 136.67805548 137.4464641 137.82091228 138.4464641 138.96376908 139.4464641 140.10662588 140.4464641 140.4464641 139.57201712 138.922888120244 139.473346143436 141.137848627116 142.625041849205 143 142.529251621846 140.904841721833 139.307318454486 137.41185894 136.4464641 136.4464641 136.773091779769 137.69594438 139.641817360001 139.8929282 139.867902374949 138.406849438629 137.751188517691 136.111482425988 134.69698502 133.832824473347 133.306729862973 133.286344220707 133.816382075614
154.108237239999 151.448070659999 148.82252364 147.092247384553 145.436148575441 143.895814184565 143.078463155428 142.05411982 141.989182755416 141.34175616459 141 141 141 141 140.83277946462 140.6249643 140.6249643 140.6249643 140.350590964645 139.748069155349 139.297014564657 138.658788755337 137.614148555331 136.966721364675 136.524868155318 136.086855035312 136.3750357 136.74948388 137.3750357 137.89234068 138.3750357 138.622619935276 139.207289144731 139.3750357 138.50058872 138.020298664749 139.034607560001 141.177464360001 143 142.855265155226 141.76900094 139.766574675214 138.136978484791 136.663726184798 135.632064155196 135.3750357 135.3750357 136.17805188 137.030931570343 137.716243944835 138.368547064841 138 137.779776784853 136.39337772 135.32194932 134.390950555129 133.55412822 133.51730018 134
153.025960378098 151.11192871443 149.232516610763 147.576490932903 145.53681004 144.19697662 142.516586383905 142.016431172427 141.994744988759 141.6963927 141.6963927 141.535112482242 141 141 141 141 141.409991299421 141.6963927 141.6963927 141.452589668419 140.783825235248 139.091812538916 137.98269382 137 136.83983702 136 136 136.11368520092 136.614112495413 137.51730498 138 138 138.222116119256 138.3036073 138.038118813409 138 139.034607560001 141.115671917593 142.08053798252 140.840509795072 140.212198931405 138.815477047738 137.243622295929 135.78630472 134.71487632 134.3036073 134.3036073 134.547408874266 135.216171422067 136.24948028 137.3036073 137.365398071065 137.83984182 136.76841342 135.69698502 134.62555662 133.864630072728 133.493204741879 133.3036073
151.78629752 150.59476070432 148.95921622302 146.911845739999 145.330723002298 143.580398325042 142.154697867616 142 142 142 142 141.76840622 141 141 141.342355288891 141.37062157845 141.58873578 142.506887986868 142.7678211 142.151244647813 141.12555062 139.834509357505 138.75051492 137.699688817176 136.83983702 135.822179251858 135.2321789 135.519688113461 136.44587658 137.120107301221 137.2321789 137.739065044098 138 138 138.671418842076 138.7678211 139.775856245213 140.252780639947 140.389985985424 139.822181094628 138.92916152 137.85773312 136.682782143349 135.48269742 133.959228951332 132.725294598673 132.4643578 133.080930566645 134.10662348 135.17805188 136.245463264623 137.020601182718 137.07202072 136.178409382601 135.69698502 134.62555662 134 133.48269982 133
150.71486912 149.64344072 148.477372363196 146.679666839999 145.26840502 143.39395324 142.12554822 142 142 142 142 141.962771184068 141.584938286946 141.31425746204 141.910924768975 141.48269262 141.58873578 142.66016418 143 142.19697902 141.12555062 140.05412222 138.98269382 137.91126542 136.974253720883 136.60765812 135.8392495 135.899442232159 136.44587658 137 137.494094194798 137.945370836216 138 138 138.87444698 139 139.1607505 139.235218937699 140 139.76841102 138.69698262 137.62555422 136.179926137371 134.64344792 133.477380720599 131.785802190414 131.1607505 131.96376668 133.03519508 134.10662348 135.17805188 136.1607505 136.135004992486 136 135.69698502 134.939808039443 134.465051831571 133.48269982 133
149.138817138787 148.57201232 147.50058392 146.370188054724 145.26840502 144.125248885349 143.03622612 142.049285724026 142 142 142 142 141.972933422536 141.944124612152 142 141.953793018473 141.963265016215 142.058967250902 142.0893221 142.017594579722 141.12555062 140.915512210347 139.89337172 138.82194332 137.764821013716 136.979313771596 136.9106779 137.251679582221 137.861182432466 137.9106779 137.963264801842 138 138 138 138.87444698 139 139.015758170033 139.918603644655 140 139.76841102 138.421031388718 136.71487632 135.603621501906 134.48269742 132.875124727468 131.370195897843 130.333759176844 131.623627368469 132.87444458 133.94587298 134.10662348 135.0893221 135.0893221 135.0893221 135.062256165655 135 134.55412822 133.953793661592 133.374535793096
147.0357874 147.026530813989 146.42915552 145.35772712 145.004802758906 144.19697662 143.12554822 142.983074703823 142 142 142 142 142 141.632249726343 141.0178937 141.0178937 141.596094818573 142 142 141.21134803651 141.002246565129 140.071047473232 139.98269382 138.998412210046 138.979240391685 138.9642126 138.9642126 138.970912863399 138.9821063 138.9821063 138.403907538482 138 138.718499324796 138.193456693565 138.87444698 139 139.982415928648 140 139.84270528537 138.78630472 137.709454217907 136.62555422 135.55412582 134.48269742 133.400734444463 132.32194692 131.969015487741 131.99295046124 132.87444458 133.94587298 134.01730138 135 135 135 135 135 134.99202170413 134.474062534231 133.989465467408
145.368476554086 145.403314843879 144.9464653 144.98180711981 145 144.239966235741 144.006721186293 143.104757231672 143.052608090362 142.916013527603 142.044960294431 142 142 142 141.57799101743 141.543148184604 142 142 141.307573009292 141.010545212742 141 140.05412222 139.98269382 139 139.16016298 140 140.30301978 141 140.55412342 139.48269502 139 139 139 139 139.04681325674 139.948772925294 140 139.995249749363 139.794878868602 138.76841102 137.69698262 136.62555422 135.577995560464 135.02584106157 134.442786556395 134.08887613436 134.067904067674 133.25051852 133.0535347 133.948770653778 134.947391524188 135 135 135 135.286793163951 135.592067634015 135 134.48269982 134
143.8750369 143.939681533769 144 144.577670117647 144.966459276645 145 144.12554822 144 143.98269142 143 142.859849382397 142.1249631 142.1249631 142.1249631 142.1249631 142.1249631 142.1249631 142.042466937558 142 141.19697902 141 140.05412222 139.859893353902 139 139.140148517514 139.8750369 140.14019038893 140.7500738 140.359915339654 139.422375953946 139 139 139 139.100347691114 139.890136474594 140 139.997837666009 139.797392968282 139 138.76841102 137.734848611158 136.75051732 136.069245280257 135.547341154035 135.1249631 135.702626917381 135.26841222 134.297331211203 134.1249631 134.1249631 134.140102445921 135 135 135 135.037865691247 135.1249631 135.1249631 134.60766292 134.1249631
142.89117581304 143.415714536341 143.919231674278 144 144.587915944485 144.961315466133 144.297283116752 144.1963915 143.986090677989 143.178964311392 143 143 143 143.073538911082 143.1963915 143.094796727681 143 142.469486453556 142.052712935825 141.354685514794 141.024657074588 140.05412222 139 138.982573282732 138.8036085 138.8036085 138.863119009124 138.926461560258 138.8036085 138.90520280098 139 139 139 139.645312556546 139.975342454073 140 139.98609453531 139.1963915 139.164937323453 138.813893127165 138.1963915 137.82194572 136.75051732 136.1963915 136.1963915 136.1963915 135.46480372 135.1963915 135.1963915 135.010630086648 135 135 135 135.045481635826 135.439896913556 136 136 135.5842931783 135.1963915
142.44588138 143 143.431062379506 143.908985847439 144 144.587957738671 144.966375688275 145 144 143.91126302 143 143.062025423 143.2678199 143.54198516311 144 143.621237830781 143.110144742274 143 142.26840742 141.784935001438 140.85773072 139.78630232 138.995365060603 138.667210406342 137.957105166713 137.7321801 137.954045152823 138.190196694123 137.851594721068 138.378760411987 138.7321801 138.908984561904 139 139.215064355794 139.908072577261 140 140.2678199 140.2678199 140.10765932 139.205795762535 139 138.725838251355 137.82194572 137.406363825245 137.377965927809 137.2678199 136.53623212 136.2678199 136.033626240029 135.307450626916 135 134.976236399193 134.775073647752 135.23158658 136.081153441642 136.2678199 136.2678199 136.2678199 136.2678199
142.10663308 142.6607517 142.86048012671 143.436206190018 143.6607517 143.933176016525 144.577795500203 144.6607517 143.99412809366 143.602118589612 143 143.23159378 144 144 144 144 143.41126422 143 142.26840742 141.19697902 140.12555062 139.05412222 138.64344552 137.6607517 137.554923738688 136.92143301804 136.6607517 136.6607517 136.955365408225 137.496998235047 137.6607517 138.32091348 138.908942424862 139.80301858 140.296654651405 140.3392483 141.3392483 141.3392483 141.17908772 140.10765932 139.3392483 139.3392483 139.044636177579 139.02030515915 138.75051732 138.3392483 137.60766052 137.066826426062 136.422209257209 136.018362499519 135.333378836247 134.941371647024 134.49940648 135.57083488 136.64226328 137.3392483 137.3392483 137.3392483 137.3392483
141.03520468 141.801770373328 142.346957127074 142.5893233 142.889772312123 143.473240388279 143.5893233 143.200872349082 143.175554481032 143 143.065776189713 143.547160310689 144.124444148909 144.4106767 144.227564591894 143.787553912296 143.242367587302 143 142.26840742 141.19697902 140.12555062 139.05412222 137.98269382 136.96355877551 136.5893233 136.452841103687 135.875556836715 135.435546157117 135.361757722482 136.10662828 136.5893233 137.24948508 138.32091348 139.722122900473 140.87444698 141.38844897967 142.4106767 142.4106767 142.25051612 141.274195918063 140.8213534 140.667577242741 140.4106767 140.4106767 139.82194572 139.139564624347 138.568858275251 137.60766052 137.051562685553 136.442575014046 136.39337532 135.4106767 135.57083488 136.64226328 137.71369168 138.564451871635 138.638244248766 138.4106767 138.16889958957
140.44588138 141.267912096782 141.801728579143 142 142.378889309008 142.5178949 142.096317237158 141.545923278767 141.53520348 142.5178949 142.67806028 143.629547442466 144.156933641609 144.5178949 144.286976450241 143.48269262 143 143 142.26840742 141.19697902 140.12555062 139.05412222 137.98269382 136.954044813564 136.404889710511 136 135.550892838661 134.14344672 133.96377148 135.03519988 135.801726265038 136.66016178 137.73159018 139.60603716 141.296022328738 141.971969135338 143 142.957221763488 142.512162784874 142.4821051 142.4821051 142.10765932 141.4821051 141.232710887939 140.695099227986 139.82194572 139.129402900164 138.19698382 137.12555542 137 136.991039703535 136.4821051 136.565050204615 137.34323565131 138.78512008 139.85654848 140.251190379084 139.714817144991 138.609547469066
139.89234788 140.4464665 141.03520468 141.4464665 141.4464665 141.4464665 140.087976365635 139.369356633384 139.91024158 140.942051891119 141.69528878337 143.23159378 144 144 144 143.48269262 143 143 142.26840742 141.19697902 140.12555062 139.05412222 137.98269382 137 136.92849259489 136.5535335 136.115225539392 134.73261882 134.306135956105 135.07083848 135.816383231602 136.66016178 138.136549852901 140.15957066 141.334356065193 141.970040209655 143.009578221907 143.563033788316 143.732106833591 143.978874741339 143.385803229088 142.62555422 142 141.48269742 141 140.33984062 138.863453875579 137.64345032 136.572021919999 136.970038881175 137 137.049114905678 137.5535335 137.88851572982 139.30301498 140.581710334683 141.5535335 141.03623332 139.37607634
138.82091948 139.698337002998 140.220799248425 140.3750381 140.3750381 139.873179082691 138.001172639999 136.80419602 137.778201983043 139.519232311622 141.220233499801 142.751369168777 144 144 143.721342625489 143.181028123089 143 142.587422539755 142.100663008823 141.19697902 140.12555062 139.05412222 137.993509523134 137.569506168287 137.10009576029 137.6249619 137.511317937446 136.87547562 135.971267925398 135.81897097682 136 136.66016178 138.005964371086 139.479219242508 140.29657224607 141.32091348 142.403156083226 144.033277948196 144.3750381 144.28818340896 143.69698262 142.62555422 142 141.48269742 140.63206556815 139.302304259572 137.744115129006 136.57202192 136.047088066161 136.94587298 137 137.08872978 138 138.23158658 139.30301498 140.280861067586 140.7500762 140.23277602 138.57261904
137.74949108 138.82091948 139.3036097 139.763343302696 139.490524352399 138.50058632 136.554706139999 135.35772952 136.33822686 138.481083660001 140.575312697028 142.46318756 144 144 143.864626816646 143.336142458449 142.590010113545 142.103177451359 141.490526023736 141.059804741168 140.12555062 139.05412222 138 137.973059320786 137.745017334309 138 138 137.62555182 136.55412342 136 136.409988215118 136.896821819977 137.222117875073 138.10662828 139.17805668 140.908183519641 141.326167075455 142.6072194 142.718753674354 143.3036097 143.211610684163 142.886314629068 142.385887846027 141.48269742 140.001282476218 137.983290939999 136.57202192 136.059806198495 136 136.94587298 137 137.026939221887 137.3036097 137.53519628 138.395607987173 138.867978137731 138.993108917364 138.08991922 136.839747112445
136.67806268 137.74949108 138.684225484008 139.153278334761 139.06231862647 137.580400252299 136.154698168932 135.780384310163 136.03461716 138.177473960001 140.32033076 142.285365524912 143.464847396319 144 143.657645781219 142.71487392 142.095487861243 142 141.26840742 140.383425475063 140.029150506167 139.05412222 138.75453069137 138 137.877023868908 137.2321813 137.2321813 137.145241434785 136.896475796016 136.7678187 136.452471083043 136.73906585971 137 137.186445897829 138.10662828 139.397671255366 140.24948508 141.300311527096 142.16016058 143 143 142.71249352798 142.128657653251 141.085502825517 139.506757995713 137.679681239999 136.26841222 136 136 136.94587298 136.2454656231 137 137 137.053770073207 137.464841868024 138.086938750745 137.78630952 137.112073871717 136.41127142
136.44588138 137.51730978 138.58873818 139 139 137.39395324 136.12554822 135.206172801988 136.03461716 138.177473960001 140.32033076 142.23159378 143.30302218 143.685743436642 143.089076560916 142.48269262 141.505905203969 141.1607529 140.42916032 140.031664948704 139.266120893738 139.008700303819 138.98269382 138 137.83983702 137 137 137 137 136.565853295719 136.066112301838 136.106122920604 136.1607529 136.834683914511 137.87444698 138.152052210374 139.192578827185 141.08873218 142.16016058 143.194360379857 143.8392471 143.46480132 142.46504848747 140.96539484 139.41126902 138.233718085202 137.10765932 136.8392471 136.105372022124 136.152051824567 135.17805428 136.1607529 136.1607529 136.1607529 136.209463436779 136.3215058 135.87563402 135.3215058 135.226865973452
135.53520588 136.60663428 138.214212116441 139.601197530325 139.9106755 138.30462874 136.239881908022 135.05411982 136.03461716 138.177473960001 140.32033076 142.23159378 143.027067304717 143.055876889167 142.593948936949 142.043116276935 141.41126422 141 140.26840742 140 139.921890246356 139.04928777976 138.998454134125 138.829867091991 137.985693521893 137.699770904223 136.724047310338 136.0893245 136.0893245 136.043116491314 135.463854934802 135.690517659083 136 136.80301858 137.078109539265 137.0893245 139.018849431497 140.258862902388 142.306014896272 143.931362069844 144 143.284555622075 142.049497011809 140.96539484 138.875126140423 138.030356093461 137.26841222 135.53742567754 135.896874930228 134.277233302004 134.10662588 135.008520463233 134.324501130651 135.0893245 134.813376181581 134.178649 134.138821726187 134.0893245 134.0893245
134.46377748 135.53520588 137.19537246 139.326414852868 140 138.39395324 137.1098989435 136.03622372 136.999722236079 138.177473960001 140.163031715657 141.24948988 142.0178961 142.0178961 142.009916605186 141.491950404603 141.007360025607 140.351650184181 140.004803446029 140 140 139.983072476661 139.016996466872 139.89336932 138.9821039 138.523065722495 136.69698022 136 135.562102871863 135.0178961 135.007360068558 135.011814321231 135.73639366898 136.014370900809 136.0178961 136.946843999612 138.069188099646 141.159568260001 143.145130729756 144 143.702405449334 142.636749200876 142 140.96539484 139.400733031509 137.68541369656 136.28630832 135.200509062141 134.156853715296 134.001937325125 133.018205727227 133.034204282984 133.020762306805 133.0357922 133.030369413616 132.650153796173 132.0357922 132.0357922 132.0357922
133.39234908 134.436084697664 135.48167358 137.17792832459 137.878567061948 137.935923088485 137.118827335022 137 137.069914311903 138.08873698 139.311756738828 140.958865447709 141.286800705754 141.592062320784 140.976131072679 140.9464677 140.389248300396 140 140 140 139.953188713455 139.9464677 139.015453300761 139.808950986157 138.9464677 138.71487632 137.356649485768 135.62555182 134.976131201156 134.9464677 134.9464677 134.28630592 133.9464677 134.74948628 135.774103521933 136.889445664605 139.033681248858 141.123932060001 143.10662828 143.9464677 143.64345032 142.57202192 141.078588010365 139.48269742 138.41126902 137.33984062 135.53682444 134.19698382 133.07874439041 132.00059472 131.92916632 130.941717790798 130.884361764261 130.827005737724 130.802091888814 130.8394031 130.417399861888 130.382543311574 130.8394031
132.32092068 132.8750393 133.46377748 134.53520588 135.60663428 136.67806268 136.8750393 136.993237149409 137.877202192273 138.08873698 139.16016538 140.202653659136 140.8750393 140.8750393 140.484877669456 140 140 140 140 140 139.12555062 138.881802450497 138.85773312 137.8750393 137.855025221905 137.547427040958 136.57201952 135.50059112 134.42916272 133.8750393 133.801470764722 133.172411098142 132.8750393 133.57771211613 133.859350106734 135.76679006 138.769544672462 140.041415624675 141.91023918 142.7500786 142.484926483917 141.50059352 140.484881869644 139.418054927491 138.28630832 137.132385941763 135.4697424822 134.19698382 132.251110839999 131.05412702 130.855575927444 129.672436555419 128.694867641716 127.547431241147 127.102324351978 127.6251179 127.6251179 127.6251179 127.6251179
131.358315137075 131.905204902115 132.473116418694 133.46377748 134.53520588 135.60663428 135.975343698068 136.760119622742 137.01730858 138.08873698 139.128710645171 139.84909339402 140 140 140 140 140 140 140 139.842295432457 139.100893846733 138.05412222 137.78630472 136.786184395695 136.478513083495 135.758128877314 135.30420202 134.306311161067 133.35773432 132.702017840552 132.01848842 131.6072218 131.6072218 131.6072218 132.48166878 134.49897256 136.64182936 138.713380012971 139.96377148 140.8036109 140.8036109 140.42916512 139.8036109 138.76900574 137.21487992 135.612940246494 134.856324134315 133.842891095124 132.030064024065 130.85773792 129.772405942446 127.982574438363 127.48329454 125.8036109 125.50059592 124.730074301601 124.51965744241 124.4108327 124.52645257597
131.119414836488 131.646582667995 132.157674387522 132.751179916961 133.73159498 134.80302338 135.64025829041 135.985505765107 137.01730858 138.064971663859 138.775077591658 139.169568912825 139.813337142692 140 140 140.138543969243 140.2678175 140.2678175 140.071884204206 139.19697902 138.765807153172 137.78630472 136.71487632 135.667212593379 134.957105551104 134.50059112 133.34800872007 132.364081224553 131.870084470964 130.94706002 129.87563162 129.287562122485 129.1965475 129.411609928549 130.33881198 132.35611576 134.503606815101 136.885882829383 138.667419386134 139.7321825 139.651029142832 139.190202352685 138.612769591798 137.568302523719 136.301123979236 135.163038385247 134.00059472 132.341211925787 130.891363858695 129.78630952 128.451697232338 127.619689332144 126.186941803372 124.670159561111 124.16135002 123.190204109923 122.28631072 121.455098418086 121.942947896474
131.44588138 132 132.389011166262 132.884712905582 133.73159498 134.530600990731 134.957408281113 135.94588018 137.01730858 138.030103656644 138.445075831513 139 139.200223147826 139.787784924018 140 140.51730738 141.199726199548 141.115287908608 140.26840742 138.924557444921 137.78630472 136.71487632 135.64931897061 134.969897157547 134.446256485703 133.08991682 131.818266857983 130.159275910172 129.170246398329 128.640450913514 127.73277482 126.66134642 126.3215082 127.12452678 128.19595518 130.21325896 132.367549303581 135.07099448 136.248249639893 137.72158201195 137.782042323794 137.3215082 137.026895007481 136.14345152 135.461029528832 134.225145803011 132.92916632 131.85773792 129.911864939999 128.71488112 126.988261155541 126.174149854072 124.50059592 123.42916752 122.35773912 121.6607541 121.21488232 119.801645705134 119.977733403022
131.673443656386 132 132 132.66016658 133.73159498 134 134.87445178 136.334328860805 137.420874691025 138.08873698 139 139 139 139.220673350174 139.772436737996 140.304862533834 140.936282825663 140.51848722 139.44705882 138.232169597693 137.12555062 136.05412222 134.992892796643 134.50059112 133.26899974 131.262625692132 129.87563162 128.42975504 126.73277482 125.966207539452 125.17924372 124.378926796888 124.1786514 124.98166998 126.05309838 128.07040216 130.21325896 132.303823605909 133.683712445921 134.41024038 135.1786514 135.1786514 135.1786514 134.87379169493 134.2423714031 133.33984062 132.26841222 130.86720571239 129.19954845578 127.66568129605 126.554722939999 124.50059592 123.42916752 122.35773912 121.410751184801 120.846225727029 120.14345392 119.496909298623 119.99940288
