catData/variables/futureClimate2070/rcp85/CNRM_CM5_2070_rcp85/bio11.asc
NCOLS 409 
NROWS 350 
XLLCORNER 60.897278365 
YLLCORNER 5.843756025 
CELLSIZE 0.0892857 
NODATA_value -9999 
[rows 130 to 155 of 350, columns 232 to 289 of 409]
19.9122855504273 19.8195822937774 19.667909372 19.5723288021868 19.5923293976086 19.61963939 19.6841700671992 19.7171735110055 19.71963939 19.81963939 19.8267695763805 19.916015578 20.0045481720289 20.0439896657665 20.1073537924382 20.1554697253572 20.2101594128476 20.2669497849478 20.3129650332569 20.392797688 20.4841698743338 20.587443978 20.6185762740756 20.721369048 20.81963939 20.835654728 20.91963939 20.91963939 20.91963939 20.91963939 20.961209562287 21 21.0129649861224 21.01963939 21.01963939 21.01963939 21.0956497410589 21.1003396471458 21.11963939 21.11963939 21.11963939 21.11963939 21.11963939 21.11963939 21.11963939 21.11963939 21.11963939 21.11963939 21.11963939 21.11963939 21.11963939 21.11963939 21.11963939 21.11963939 21.1010297226252 21.0333279391701 21.01963939 20.9838096332393
19.9725840907251 19.882195052 19.775052212 19.72678223 19.72678223 19.72678223 19.72678223 19.814226448 19.82678223 19.92678223 19.92678223 19.942797808 20.0437383072269 20.1 20.137444098 20.2 20.251729778 20.3157673999598 20.392797688 20.4803471043656 20.5215064354718 20.614226208 20.721369048 20.801729658 20.9023762528211 20.9385083033416 21.0062022764958 21.02678223 21.02678223 21.02678223 21.02678223 21.02678223 21.0751171004803 21.1 21.1 21.1234193830318 21.12678223 21.1280484712936 21.2 21.2 21.2062022122184 21.22678223 21.22678223 21.22678223 21.22678223 21.22678223 21.22678223 21.22678223 21.22678223 21.22678223 21.22678223 21.22678223 21.22678223 21.2224930938963 21.1937978520589 21.1672627113352 21.15356446 21.15356446
20 19.9705390533475 19.882195052 19.83392507 19.83392507 19.83392507 19.83392507 19.9213692880001 19.93392507 20.03392507 20.03392507 20.0445073519526 20.1078565095174 20.13392507 20.1586662315426 20.2151261499274 20.285654848 20.3728251111327 20.466015458 20.5248190038073 20.614226208 20.6917036172527 20.794586818 20.8350679403128 20.908872498 21.0054332146272 21.0492268199028 21.1 21.1127028550372 21.13392507 21.13392507 21.13392507 21.13392507 21.13392507 21.1611672058571 21.2256285286729 21.23392507 21.23392507 21.23392507 21.23392507 21.249226661323 21.3 21.3 21.3 21.3 21.319972414027 21.33392507 21.33392507 21.33392507 21.33392507 21.33392507 21.3333384451531 21.2939803233661 21.2052688984262 21.0489982872568 21.0999437809076 21.33392507 21.33392507
20.04106791 20.04106791 19.989337892 19.94106791 19.9139566425595 19.9 19.9329780976458 19.9926006152516 20 20.0596425229537 20.1 20.106577263159 20.1547156497384 20.2124440933643 20.24106791 20.2673439244304 20.351729778 20.4241777537749 20.4799721991225 20.573158298 20.680301138 20.7359114141855 20.835654728 20.9007103343908 20.949940408 21.050506083404 21.1095105796987 21.14106791 21.178511768 21.24106791 21.24106791 21.24106791 21.24106791 21.24106791 21.2883909074802 21.3 21.3 21.3 21.3 21.3 21.3095104811357 21.34106791 21.34106791 21.34106791 21.34106791 21.3757624913511 21.4271109717516 21.44106791 21.44106791 21.4051566929405 21.4 21.312584315676 20.9947805939999 20.8105188282904 20.8475519128636 21.1249237896233 21.4 21.4
20.1783693038177 20.14821075 20.096480732 20.0198277036118 19.9658109651235 19.9129404701412 19.9415874814059 19.95178925 19.95178925 19.9526851512 20.0035785 20.0273153082706 20.15178925 20.1674820442588 20.2396826609531 20.3 20.351729778 20.458872618 20.5 20.573158298 20.680301138 20.787443978 20.894586818 20.9491065269058 21.008872498 21.1 21.123158178 21.2146083480355 21.285654608 21.34821075 21.34821075 21.34821075 21.34821075 21.3129407015528 21.3 21.3 21.3 21.3 21.3 21.3 21.323157938 21.4 21.3819481509351 21.3732847158002 21.4 21.4 21.466014978 21.5 21.5 21.454713668212 21.44821075 21.2386693316825 20.6872319968358 20.6491815488468 21.038091740223 21.3639031713762 21.4 21.4
20.1450217159958 20.0526274511081 20.1501852361413 20.1290689724386 20.0741651211934 19.982195052 19.95535359 19.9069500760896 19.9 19.8427312887073 19.7388506090143 19.8035935812355 19.8914046557502 19.9507120641182 20.0227277110277 20.07858564 20.101681128778 20.14951656041 20.2409623119159 20.3112481936741 20.4479827506938 20.6628363801237 20.8885940368595 20.9456038377977 21.008872498 21.1088650645336 21.1656928850984 21.2470737192696 21.392797448 21.4306732519945 21.4 21.4325879747414 21.4188117968907 21.3673375534773 21.3109041601548 21.3 21.3 21.3 21.3 21.3 21.310339187947 21.3111012731581 21.2794011591555 21.3752598428432 21.4 21.4 21.466014978 21.5 21.5 21.5 21.5 21.4058899384019 21.13212154 21.135842119818 21.1991894495913 21.3614188455723 21.3792737460597 21.2952862653835
19.5579589014614 19.5309175595123 19.9405609094186 20.163206565511 20.1540027809792 19.9521734685294 20.0255636234724 19.975052212 19.903382895508 19.7976213284926 19.6658240235068 19.6899908355061 19.631715619011 19.6238747635049 19.65001428 19.6778795244963 19.7448399744969 19.7382138555025 19.7620270170037 19.8789604989975 19.8723716080025 20.1248569240001 20.446285444 20.7174832915037 21.008872498 21.0859882944927 21.01251071 21.1299239095111 21.437443858 21.4832783965049 21.46249643 21.4477825389878 21.4127455065067 21.4 21.319699102 21.3 21.3 21.3 21.3 21.310008864511 21.3480235454884 21.2962091575367 21.3296173704615 21.4 21.4 21.4 21.466014978 21.4542789754841 21.2869484364505 21.25001428 21.1317881109645 21.4993514965183 21.456951735481 21.367970284 21.2086849634798 21.2488673534792 21.2141629874786 21.079067863044
19.401834202 19.3663525254544 19.5256448887515 19.5430143534606 19.4932894178274 19.4147614352235 19.7349111008783 19.9775807622897 19.905412942 19.798270102 19.6938210900278 19.614345152 19.5233296652387 19.5 19.5 19.5135369198615 19.582090508 19.6124865734051 19.6 19.6444227866568 19.5560403103049 19.4882159243092 19.765924834 20.1134211359765 20.1608437723241 20.1264784374137 20.3436214493587 21.1274794067868 21.367804588 21.43036073 21.43036073 21.4124866462708 21.4 21.4 21.319699102 21.3 21.3 21.3 21.3 21.304862300663 21.3233298109702 21.330300778 21.4 21.4 21.4 21.3180037457268 21.1888193916904 21.1295924024031 21.1042241141456 21.1 21.1743042652117 21.4315649169362 21.4849495734305 21.2871783837973 21.044594608164 21.0121832634693 21.0379852942051 21
19.539337772 19.47678211 19.4370627106762 19.282254284 19.1493117541443 19.12321789 19.2164393180626 19.7702060566139 19.8971005998386 19.7228162441852 19.691127262 19.5962815207171 19.559000588017 19.5 19.5 19.5342347917808 19.5887926729533 19.6 19.6 19.5438275151555 19.442916752 19.3154712653763 19.2206316807887 19.4402338178163 19.5044365355223 19.66382705688 20.1778384240003 21.1908526240563 21.260661748 21.32321789 21.32321789 21.3684213440356 21.4 21.2876553988651 21.2894483296667 21.3 21.3 21.3 21.3 21.3 21.3 21.330300778 21.4 21.3657655767733 21.124623657537 20.8667663337584 20.9881856521467 20.9082657611289 20.7417668193311 20.7832304128222 20.982044236 21.324947068 21.4054738539999 21.175173316 20.900060192 20.853518428 20.92321789 20.9574521289496
19.646480612 19.5465051831571 19.448269982 19.282254284 19.1893879435386 19.2453232164372 19.3352427913358 19.6703343110626 19.731279966867 19.6985481839684 19.607202312 19.5563982474861 19.7835628634546 19.8102694843741 19.7203499094756 19.675017272577 19.6405107596784 19.6 19.4891931197624 19.2361956719653 19.1513917519159 19.060781172 18.859051514 18.8835565226117 19.1118301540412 19.7690137936794 20.762025970926 21.11607505 21.153518908 21.21607505 21.21607505 21.2255388141997 21.1767468613011 21.1247047611949 21.196375948 21.21607505 21.21607505 21.3 21.3 21.3 21.2805647121125 21.2209459152139 21.2321501 21.187563642 20.8735036099999 20.6226863743804 20.8247319247211 21.0810626190656 20.975098484 20.8029825620757 20.5761899416333 20.8850068515439 21.1379269506704 20.984105526 20.7284274884676 20.746375588 20.81607505 20.860661268
19.6284559309033 19.504949589628 19.448269982 19.4967111267618 19.7446282716651 19.910633068 20.017775908 20.0609066335539 19.9781328166534 19.789337892 19.7145158776365 19.959630585179 19.9631142790569 19.8972934280028 19.9900217421361 20.1959432890653 19.6293669748416 19.05359326 19.222156437295 19.3559518967609 19.4463318417215 19.5360937785054 19.7017856031357 19.9057237638911 20.6520552687681 20.8156323678461 20.9883411912734 20.9813377425599 20.9212089840287 20.9674007505026 20.9236465259323 20.6748875193048 20.496510252 20.7956426031376 21.0712935711588 21.18856528969 21.2 21.2105071527525 21.2919202307163 21.20893221 21.185774272 20.9985552144903 20.74466105 20.7406784939399 20.6184085354133 20.4553186549976 20.6760277355337 20.8285360398055 20.8945116277882 20.7340452139999 20.425173196 20.5304094398103 20.734936372721 20.7225051877567 20.7210892037835 20.7937742976853 20.8 20.844586218
19.8704192349965 20.0786318468262 20.1357443920001 20.0895813165184 20.0297625123812 19.9276702458628 20.0609552372325 20.0141204826036 19.8143077664397 19.7017584157241 19.6830483545597 19.5404048501038 19.7276977484317 19.8910665391393 20.1352053849128 20.244586938 20.2879667173283 20.2767381900001 20.3451161696018 20.381626002637 20.3835431844731 20.4713396480001 20.301492066581 20.6894207178696 20.8001587618175 20.7863471793071 20.70536811 20.6750670919999 20.6421419588381 20.704376560998 20.6019090339999 20.5600267093191 20.7266972964811 20.9430858410274 20.9222203725356 21.0769015239854 21.1946834441492 21.1983324733737 21.103419982477 21.0388752554363 20.6857889119999 20.5472609079373 20.3685944968674 20.30715748 20.3053062229207 20.3025252996243 20.3713481046355 20.40715748 20.487458138 20.5040281045597 20.4985012413312 20.5017601193924 20.6105026347715 20.7157282929354 20.821368328 20.9279689792632 20.9596478825729 20.899008442409
20.2424861091969 20.1334193943961 20.0294402210054 19.9323202251647 19.9070682611754 19.9799489576158 20.0684592072767 19.8496947358641 19.6218226042261 19.4015446788591 19.5070385360001 19.7221816051635 19.9165651690399 19.9909152287567 20.069534726 20.1548334886995 20.1487752335611 20.1955965158857 20.1375186597394 20.1706787529281 20.1186442893325 20.187443978 20.2101273538512 20.4104498472779 20.6827299905186 20.4741801703152 20.3301458196647 20.3627233560916 20.3227278265903 20.423172818 20.4296259072979 20.507987776189 20.7266769660001 20.8599715986248 20.7993398075158 20.9675174188422 20.7902823817682 20.47858612 20.4790610936703 20.4536241209338 20.2739680985269 20.235654248 20.3407925551435 20.4421995353469 20.5001851548993 20.5085051722462 20.5142410320427 20.5853017461607 20.691007598 20.71070694 20.616120602 20.7054460410255 20.718629036356 20.8311723653814 20.9971260108302 21.035654008 21.1073579900082 21.1529062481953
19.9095216171079 19.7653608520506 19.7223973376493 19.811889944317 20.0240259109171 20.0475810269001 19.8367531525166 20.017054442325 19.8017132619627 19.4359752054168 19.3644044214622 19.5565403314496 19.7961855331131 19.8515073388665 19.9827053754372 20.139015216008 20.0905084474211 20.1251021408504 20.2207458062796 20.1426922342912 20.102461630862 20.1765167074328 20.376677326 20.478466696 20.6683523517096 20.581983335716 20.4440812517132 20.2469709822848 20.087548762 20.0640076259992 20.1060320265699 20.3134188874222 20.5862920397116 20.576856702 20.4094822622937 20.7685171076959 20.3875487460158 20.08750369 20.096375948 20.1855023937071 20.2010592057221 20.3140179888487 20.365649238839 20.3667297460291 20.4974265394389 20.658872138 20.7742644142973 20.8216383377265 20.905293278 20.9359198305849 20.842902592 20.826721798 20.916120602 20.841007478 20.9684141582691 21.1465832971602 21.262435998 21.3305642520186
20.062555662 19.9283387295363 19.942738336 20.0865890291081 19.9876077539999 19.7001635359999 19.699940528 19.71963915 19.7010630557988 19.7206583617892 19.767941331675 19.674933028 19.8283927040001 20.0648683595105 20.1012932928553 20.1042523174631 20.0293104993922 20.1650557722421 20.3593411828199 20.253683404 20.1039284010565 20.0975341040054 20.289173636 20.3227587758709 20.5071300148091 20.5577660027585 20.416120122 20.3392783 20.3091880974384 20.25891745 20.207187912 20.206227793376 20.2793638626283 20.2412095627477 20.1880983223809 20.2334581742572 20.0704853939333 19.9607217 19.971336394057 20.0674909811189 20.0235757650964 20.1077550652426 20.046556164 20.0552027740001 20.3664720995719 20.5953623504701 20.7927516560001 20.9482470916138 21.0764318746756 21.1702703382626 21.1229264175987 21.0799461821388 21.150045432 21.0686419440302 21.1382488729532 21.2606010760001 21.437443378 21.5533425722324
20.0525273231413 19.9493353428935 20.0369683942478 20.1779706658846 20.0679686039999 19.8197110106626 19.7908527439484 19.7765806982796 19.678630952 19.8855356640001 20.1673530856077 20.049925528 20.1785760632284 20.3408526882252 20.335773912 20.0948702579999 19.924947788 20.090963246 20.3052489260001 20.226901414 20.034121976749 20.0406055031129 20.1596129595858 20.2682829448326 20.3976245030542 20.462451358 20.5294800629161 20.4813332256107 20.5 20.5 20.4621246616942 20.4425491843887 20.4052289510832 20.301973234889 20.0911100355277 19.958992282 19.8265172741387 19.71965403 19.7326462114994 19.86609005 19.815222705918 19.676736798 19.7016332220852 19.7366590825542 19.9628224705826 20.2503903117762 20.5779423704195 20.839126765501 21.0821074301955 21.10336288111 21.1185900272464 21.3746073348371 21.4470680649735 21.3686202096681 21.3009258676374 21.3328319589429 21.4809792762484 21.6159544260001
20.0463332259889 19.8108256439999 19.8376407333346 20.0638483690074 19.8881403774008 19.8382811098819 19.8675001099225 19.7507401396986 19.5430722761145 20.1051896940001 20.4 20.41058232039 20.4350602980628 20.301849082 20.194706242 19.9840546738373 19.851729778 19.997772800427 20.1309191902994 20.0676217404548 19.8973651528908 19.8658523646452 19.6752231003732 19.7355955166083 20.0498953360001 20.248165678 20.3242939674824 20.3490856656896 20.4787779351719 20.4848740385009 20.4309768543474 20.3971808255396 20.4412421209613 20.2461246884234 19.925172476 19.778631432 19.6089903497893 19.60177449 19.5957546931127 19.5284917352292 19.492143708902 19.5066554354252 19.637443618 19.7597123380796 19.9207522808134 20.1394910387339 20.498587802817 20.8285796186118 21.140901974 21.2312167341702 20.6614675915632 21.2367512533032 21.49822551 21.5145245500537 21.6004109310352 21.632075028 21.70177449 21.7606953286802
20.118422020327 19.8746500688766 19.7595504536673 19.811492136957 19.4007305430026 19.4825006660747 19.88717602569 19.8558664997646 19.4238747371579 19.863046246812 20.3927123464764 20.3244418847216 20.3221261166814 20.1572547213587 20.0061108133989 19.8286907839999 19.769594438 19.8525596655194 19.810781532 19.7167081731995 19.6186472678004 19.7389767516801 19.535963467119 19.4886526392814 19.8730335978007 20.0273028718408 20.0821703843572 20.1909030540001 20.4220665379613 20.4326563499985 20.296540924 20.082255244 20.0235867884879 20.0226598816757 19.8429173815953 19.712556262 19.6442579257173 19.8835558033543 19.961100682548 19.9256803171936 19.85898748533 19.7107437754506 19.8170915194763 19.9212687882555 20.0325235118122 20.294481074 20.7396703092094 21.051653986 21.1483746685884 21.4930848383903 20.8383694204788 21.3484441097705 21.46427068 21.4991613959312 21.7189404090058 21.871368208 21.9564447929139 21.98213534
20.162555662 20.0092298778167 19.792960984 19.5828893996265 19.2029643060574 19.3029562282784 19.6846607686459 19.7975257734633 19.33064369 19.409974142869 19.794016224167 20.0463371134997 20.2509606548515 20.1876079939999 19.9913743046107 19.8287427342031 19.7714221182043 19.7680382306118 19.6503686630193 19.4889533925731 19.5700991978344 19.687443978 19.7456007873506 19.6500020721139 19.7563845114645 19.8421843606401 20.0797832102795 20.2288909727481 20.30357898 20.3465699289959 20.3464190721809 20.2070589376829 20.0762536405508 20.0436708622642 19.8869036870792 19.760766772 19.885012524936 20.0525031072379 20.2927787318484 20.2791045284228 20.3779345880917 20.262541262 20.2857810352002 20.4593564279637 20.5319830167705 20.5280820701784 21.0869768420003 21.539157676 21.4293667795103 21.6578527246095 21.885593696 21.8454651755326 21.89284204 21.8934152085648 21.919578718 22.026721558 22.133864398 22.19642102
20.1832823574683 20.110766172 19.9805276119186 19.7403914662875 19.5329920071066 19.4966376908419 19.4469528695425 19.5697874720444 19.2734293258084 19.1887061734837 19.2027284428411 19.7622207709448 20.167805068 20.1840441339999 20.007202552 19.8753793481545 19.8465616301411 19.841127382 19.6679690839999 19.526841702 19.4025036581155 19.6112400915889 19.7915904404214 19.7534385027069 19.6544690997434 19.8265650139031 20.1975205233561 20.1422196534528 20.03393995 20.0984331150026 20.0354164388873 20.136237973029 20.3 20.226841942 19.8701988317538 19.8954617153929 20.1421095944267 20.2702910132016 20.4988232020709 20.408796946 20.5974452370522 20.7028492547963 20.8168991163032 20.9504592277014 21.1301780466256 21.166340914797 21.5177125910516 21.7355364268503 21.7532442005501 21.8911997535003 22.099879376 22.1668320700496 22.2156176591756 22.250045192 22.189217748 22.279588225149 22.3274239139239 22.3800333153013
20.0907012407586 19.9957895394785 19.923277602 19.6836753176118 19.5087579439481 19.2680434359999 19.127286897535 19.2327505613748 19.1790677389662 18.914241328 19.0424572588015 19.410074877887 19.7916006647429 19.9519089139999 19.7048639281104 19.5751746714383 19.7086342256546 19.7529281452033 19.6054728939999 19.464345512 19.2467855477766 19.4404776027312 19.664181256 19.6747912150501 19.646971346753 19.5215534738031 19.7347642176937 19.8462241493436 19.7204988868049 19.5974745454969 19.5581873214184 19.540552901876 19.6950559021404 19.710097230928 19.5494509989289 19.8841406532873 20.0675639584986 20.2148894456408 20.333380770349 20.2045656920748 20.5408054914606 20.959084218629 21.0936635305926 21.232075028 21.339217868 21.4905192975569 21.5955137396827 21.539353612 21.6429969397949 21.9591923253056 22.189172676 22.3010806703683 22.3769128812262 22.5189861980839 22.4961735890583 22.5060556982005 22.46249619 22.4513530329698
20.0336999153194 19.9461278252092 19.7065823864919 19.4375884524889 19.0804545050601 18.8851699246761 18.8048008392842 18.878527128 19.0886914390902 18.6588377854384 18.5969597300331 19.1310748603362 19.6248882673172 19.9786755439999 19.7155773746395 19.5184782594804 19.4740184011389 19.3804455598892 19.2657464586012 19.148285582 18.960841604 18.9745415598548 19.0396007708739 19.3279916062141 19.6583312864558 19.0679294914493 18.3178652850498 18.8756275831381 19.0906443719768 18.8790815599775 19.4218819814069 19.2861815691143 19.0088629461296 18.8293261341258 19.220614861588 19.5848947471833 19.6501612825706 19.6850995879199 19.8499022936412 19.8449479872978 20.0421995304353 20.44288776 20.4248417521395 20.5945269523129 21.1467835274712 21.5302310938435 21.4420406413321 21.1856713323512 21.4498069939445 21.8801349620001 22.1854026542957 22.371368208 22.4812046787234 22.6 22.5838732037425 22.542262433496 22.5435638247616 22.4864631917289
20.287070892149 20.1198022059999 19.8778122363435 19.689381764 19.4798013396718 19.3019099729179 18.9337622433433 18.7395840406381 18.9343535920896 18.9049959320335 18.823520469687 19.3227205602797 19.8927335887917 20.092913481474 19.7301671487019 19.5730227458608 19.6666051448953 19.5030513649817 19.364330152 19.0886703842063 19.0243678701631 18.8960633669784 17.8600244831253 18.6711752 19.084102070599 18.1367624980257 17.6686949491372 18.817122465252 19.0453191123724 18.6816321910262 19.1005938047625 19.0395939422256 18.6637181051349 18.911901465881 19.4332541495553 19.5709512115314 19.57678187 19.5789128265195 19.7020599723964 19.72321813 19.7980687841502 20.069701763973 20.1633305343842 20.3266927769042 20.7411144769733 21.359850568327 21.6553927389425 21.6329517181348 21.5225074753224 21.8497739920001 22.183759014 22.401729178 22.508872018 22.6 22.576842302 22.530300538 22.5913063478196 22.57678187
20.3100560040779 20.1662384659999 19.948269982 19.9304809100356 19.996565398202 19.873306474 19.6202947558375 19.4698965503682 19.3269688495039 19.166119522 19.088447532729 19.3692114132173 19.8016258340001 20.0429677776114 19.9749034819758 19.8108740099281 19.7916842881701 19.7155881479259 19.6572372436817 19.4819367168749 19.2977471964204 19.1663485689489 18.0657038161141 18.329185986316 18.0943665746485 17.3810646198321 17.4625480470891 18.5179136174838 18.7333256467606 18.232130589005 18.850680810007 18.6382751829339 18.5953936291486 19.4092029340182 19.6712579589044 19.6105378064703 19.6 19.601729418 19.7 19.7 19.7694738140001 20.0557306180643 20.258811946 20.5407683347274 20.8206906766739 21.0650636105636 21.6448236790586 22.0681171697965 22.0295810547092 21.9863887414482 22.1883024141339 22.401729178 22.508872018 22.6 22.5962773328892 22.614225248 22.68392471 22.7213435641565
20.5391030087697 20.4295824672374 20.312540182 20.2159149192088 20.248150798 20.2024417121724 20.1588568891217 20.1475268389493 19.957231184 19.8404690791784 20.0041804206564 19.9577801784912 20.0915658462173 20.1572471314404 20.0592112266682 19.946480612 19.89106755 19.832194932 19.7309488897781 19.553683404 19.339397724 19.212556022 18.8486481842045 18.3890288903279 18.2676549298668 18.2092449379409 18.2224289767077 18.4506925098472 18.514969382106 18.053519148 18.6825780831173 19.1442424597988 19.4464737953612 19.7474421066628 19.7179394895634 19.692189131825 19.6049298707866 19.692796968 19.7829878020097 19.7145845573787 19.8605413640001 20.1240749298445 20.240788250456 20.6090896667973 21.3165160239249 21.8535115034185 22.1179677623166 22.2594300390279 22.064511208251 21.6029583469482 21.9061098473026 22.4033038980398 22.599939568 22.7056518888166 22.761045951795 22.6661801728131 22.6430312169818 22.744586218
20.660766052 20.553623212 20.4972846244249 20.495367185446 20.495812593533 20.423262242 20.6330136695276 20.5192933349394 19.9338797797947 20.3911138668553 20.385758432 20.2791888247709 20.1986248353644 20.169698742 20.0993298966778 20.0098344463011 19.84919598328 19.800736019741 19.6691505032378 19.455473014 19.3200513948042 18.6114025192224 18.0429786503071 18.1087352836024 18.3 18.3314574518192 18.4509333061386 18.5407813338556 19.1260441367557 18.8728012180485 18.8078475729252 19.3330647781443 19.6950396538858 19.9432172620783 20.0738475321987 20.0069627238796 19.9929384391415 19.9015471343251 20.1752558228164 20.010646268 20.1641049840001 20.4249319480001 20.5688483112679 21.0487353002892 21.7007464000699 22.0162722193378 22.2308485453523 22.371368208 22.3938991841831 22.0415026704154 21.1617803533252 21.9191993358305 22.510661628 22.617804468 22.7013751775208 22.7292160150838 22.797090870437 22.842796608
