catData/variables/futureClimate2070/rcp85/CNRM_CM5_2070_rcp85/bio15.asc
NCOLS 409 
NROWS 350 
XLLCORNER 60.897278365 
YLLCORNER 5.843756025 
CELLSIZE 0.0892857 
NODATA_value -9999 
[rows 162 to 188 of 350, columns 177 to 235 of 409]
132 132 132.283832266171 132.824001189332 133.73159498 134.387139739661 135.35655448 136.917851671346 138.008344513151 138.528059342352 139 138.888348013359 138.5178973 138.698420935635 139.230919519869 139.5178973 139.5178973 138.85773312 137.78630472 137.130758717385 136.16134522 135.08991682 134.01848842 132.94706002 131.71546864 129.572611839999 127.586688165908 125.985318018588 124.374959716915 123.285781047581 122.44706122 122.0357946 122.388496201072 123.32091588 124.813917530065 126.435741685438 128.560847059059 131.134686336446 132.5178973 132.74948628 133.5178973 133.5178973 133.5178973 133.5178973 133.5178973 132.85773792 131.78630952 130.299001208521 129.12555542 127.10825404 125.491635582011 123.868493353491 122.434951811005 121.76841342 120.853915660001 120.50449424899 120.03623092 119.99940288 121.638486555971
131.693278110741 132 132.58873818 133 133.73159498 134.80302338 135.87445178 137.469454276504 138.561258842673 139 138.911343481027 138.343069479796 138 138.167180538557 138.4464689 138.4464689 138.120585336087 137.23277362 136.566304465559 135.64344792 134.57201952 133.50059112 132.42916272 131.308616970324 129.57261184 127.429755039999 125.286898239999 123.311220907031 121.694460093791 120.8929378 120.630086655438 120.811888976262 121.73159018 122.80301858 124.748893960001 125.94587538 128.051911340001 131.08873218 132.088653862024 132.656928377153 133 133 133 133 132.674119093036 132.151728267787 130.86345563139 129.64345272 128.572024319999 126.55472294 124.98269862 123.822540439999 122 122.024794168745 122.139503650392 122.174035667962 121.66119042 121.051678904669 122.114426583022
131.44588138 132 132.58873818 133 133.73159498 134.80302338 136.420948727204 137.925583055647 138.989182838497 138.3750405 138.21487512 137.519777232952 138 138 137.721343695599 137.3750405 136.78630472 135.71487632 134.917824766999 133.94706002 133.4221270673 132.42916272 131.35773432 130.197571339999 128.05471454 125.76712250695 122.9546663498 120.610240087349 119.582859224498 119.3750405 119.742975018798 120.66016178 121.73159018 122.80301858 124.748893960001 126.537009184547 128.666056678304 131.144186198847 132.685026204003 133 133 133 133 132.676706838254 132.154242538895 131.587427123955 130.369077673195 129.19698382 127.579062972505 125.48329454 124.98269862 123.877992958944 122.725051876094 123.336773346757 123.738602389607 123.391544672457 121.92916872 121.504323643685 122.581619598993
131.44588138 132.360248271344 132.87513593518 133.459732018297 133.918508988227 135.362239145249 136.227376182549 137.24949228 137.601969105678 137.3036121 137.14344672 136.53520588 137.3036121 137.3036121 136.85773312 135.943365499987 135.01848842 133.94706002 132.87563162 132.363417313918 131.694656132605 131.320044260871 129.58991802 128.429755039999 126.1753626787 123.377339594775 120.698164859999 118.23277602 117.6072242 117.967469128682 119.302332282158 120.66016178 121.73159018 123.362231002588 125.445281860001 127.58813866 129.730995460001 131.873852260001 133.584854010031 133 133 133 133 132.48269742 131.590014869173 131.103179724303 129.75894334222 128.50059592 126.554722939999 125.070560638209 124.28631072 123.21488232 122.352238061362 122.6072242 122.818240165591 122.815483179067 121.864627932543 121.85344649398 123.17745716
131.44588138 132.51730978 133.452042771037 133.921096219161 134.561730550642 135.14071417911 135.2321837 136.17806388 135.4643674 135.4643674 135.30420202 134.69596118 135.4643674 135.4643674 135.01848842 133.94706002 132.87563162 131.80420322 130.73277482 130.4643674 129.58991802 128.738107022708 127.433773252905 125.519081939999 123.3390379067 121.179004276503 119.555787886306 117.62555182 117 117.51730498 119.17746676 120.153278804679 121.525500745124 124.222607914927 126.516710260001 128.65956706 130.789137735665 132.109334345862 133.194997023941 133 133 133 133 132.48269742 131.41126902 130.493118867438 129.330733162365 127.580414907832 126.15470734197 125.05412702 123.21488232 122.14345392 121.109211638818 120.4643674 120.534722539212 120.609611450591 120.806715020394 121.629375210197 123.17745716
130.980840264994 132.51730978 133.58873818 134.554041303382 134.956852470488 135 134.266120978229 134.3128105521 134.14622916597 133.3215106 133.295763166289 133.197985227582 133.067200841452 132.796521564677 132.87563162 131.80420322 130.73277482 129.66134642 128.58991802 127.647579498546 126.60781652 126.330211033713 125.28689824 123.218511465971 121.84042934 119.734802081769 118.22408652872 117.93980547049 117.8392447 118.35654968 119.522620091122 120 122.077163541137 125.248300440001 127.588138660001 128.937174560474 131.01730378 132.08873218 133 133.194359824044 133.584938969827 133 133 132.48269742 131.905358374691 130.625050059179 129.26841222 127.39396764 125.39168244079 124.21488232 122.14345392 121.07202552 120.00059712 119.1607553 118.906451584014 118.635760222115 119.60662708 120.67805548 122.33821246
130.485710581443 132.077736781013 133.58873818 134.058970634075 134.0893269 133.358035109163 132.30420202 132.1786538 131.25067212 130.2679807 130.2679807 130.2679807 129.96495852 129.301429209514 129.317478612941 128.75067332 127.143099082146 126.298337180309 125.53638812 125.196249325222 124.30420442 123.317268349866 123.14404144 121.08991922 120.004183957502 118.837048179957 118 118 118.406047807326 118.956882350218 119.58873338 120.601191574695 123.10544364 126.319728840001 127.863231717938 129.807258644518 131.92797688 132.99940528 134.056527031886 134.631131471315 133.972932396798 133.569675400745 133 132.953790964167 132.374531633377 131.280870629078 129.512848008465 127.39396764 125.251110839999 123.192745941097 121.07202552 119.919793296184 118.164347366271 117.878427231273 117.151586411183 117.46377028 118.941242116096 120.51730018 122.17745716
130.44588138 131.526568849098 132.60663668 133.0178985 132.299397972749 132.021424086033 131.14344672 131.0178985 130.00058992 128.930749778836 127.878498340054 127.0536955 127.048271857511 126.668048523706 125.615797084923 124.554286619999 123.472320732641 123.0536955 122.32210292 122.0536955 122.038044167772 122.018867206555 121.018181065337 119.92916392 118.85773552 118.013753361685 118 118.36774611925 119.42797808 119.9821015 120.57083488 121.642263280001 124.17687204 127.391157240001 128.85654848 130.87385226 133.016399348294 134.965791172924 134.984968134141 134.76841102 134 133.993297982207 133.54420779901 133 132.989462598554 132.32194212 130.51892594 127.587425745097 125.251110839999 122.179310767533 119.983605408749 117.945479090032 117.0178985 117.013753447598 117.297591466381 118.35654488 119.435953716055 121.025341462729 122.581367438489
130.416219465684 131.489618239208 131.9464701 131.981808751011 132 131.957014238771 131.07201832 130.00058992 128.859249566556 126.852983038334 125.724201183225 124.620213711884 123.876719453007 123.8394103 123.39353132 122.32210292 121.25067452 120.214584642539 119.8929402 119.8929402 119.939749387866 119.9464701 119.931016716169 118.96479532 118.0535299 118.041132836588 118 118.37444818 119.44587658 120.51730498 121.58873338 122.695500174068 125.169976541647 127.55250726 128.82091708 130.83822086 133.033681290387 135.039952104723 136 136.012396934941 135.463715630049 134.087015754841 134.0535299 134.025838744623 133.968485289514 132.661489605595 130.497662619295 127.53742156 124.276327429076 121.05532126 117.92916872 116.9464701 116.95504335136 117.243983386469 118.35654488 119.42797328 120.523269151797 122.113969133095 123.64225848
129.836046180754 130.939683850682 131 131.577673286447 131.8750417 131.07201832 129.891319912139 128.686007640703 126.605653669267 125.322692839999 123.199850033603 121.6251251 121.32210292 120.6251251 120.234962399346 119.297417870782 118.28630592 117.792548706346 117.841501965089 117.975385836525 118.765179672039 118.993236979397 119.015143629168 119.797395242268 119 118.797347885139 118.1249583 118.49940648 119.515118900554 120.51730498 121.58873338 123.320323560001 124.73159018 126.505693323375 127.858758088061 129.89175076 132.894507730933 134.166376537633 135.895055093804 136.26052794524 136.89766999335 136.00042912 135.152012181813 134.422380370982 133.41126902 132.174855832292 129.646738025289 126.365649623274 122.252305079998 119.030659139597 116.859902271032 116.011087522468 116.28511648 117.588131460001 119.42797328 120.546191488211 122.085944780354 123.64225848 124.71368688
129.33705985281 130.51730978 131 130.870352063903 130.659937776141 129.80420322 127.858323039999 125.901224527145 123.76899614 121.626139339999 119.64344792 118.758131361805 118.363713945957 117.730076186281 117.694791301482 117.8036133 117.21487752 116.402744049537 116.784304227469 117.80302098 118 118.760119964182 119 119 119 118.954518533133 118.863122354629 119.37444818 120 120.618896797916 121.78512008 123.387063266561 124.73159018 125.80301858 127.577164203273 129.881121404489 132.03460756 134.08873218 135.16016058 136.463177960001 138.362525963301 138.82194092 136.325326221173 133.898408653412 133.09926338565 130.626748459999 128.14405104 124.237460182362 120.256520150796 117.91186734 116.003397760924 116.28511648 117.35654488 118.659559860001 120.49940168 121.871737760265 123.44587178 124.51730018 125.58872858
128.504533893628 130.120222950462 130.574511925449 129.80420322 128.73277482 127.66134642 126.183849021811 125.307440814995 123.76882814 121.578441133654 119.064755012739 117.76840622 116.918846084561 116.658584878583 116.742682932767 116.861457272295 116.616466115383 117.19579438 117.5356302 117.908528891879 117.76580925185 117.7321849 118.469004656327 118.755949360416 119 118.830432288594 118.489681607318 119.474731056772 120.2678151 121.163882975051 122.58873338 123.66016178 124.73159018 125.587958078696 126.840821985394 129.83762614 132.029973346429 133.79715326234 134.581636958251 135.721755685838 138.151557189927 139.458021354015 137.009452776207 133.741244735614 131.507195947436 128.483891659999 125.80526398554 121.396533658547 118.715480639999 116.825942906726 116.01730138 117.08872978 118.16015818 119.463173160001 121.30301498 122.37444338 123.44587178 124.51730018 125.58872858
126.76739438 128.180638579649 128.593256920766 127.661346419999 126.838106861597 125.85773312 125.957408582429 126 125.62613934 123.305808579998 119.39476080409 117.76840622 116.69697782 116.621871234664 117.517400611503 117.172922452334 117.995477273418 119.114694773002 119.091055472587 118.19697902 117.12555062 116.67911711134 117.011435170925 117.74949108 118.715090749906 119 119 119.74889636 121.151260731567 122.032040831983 123.067496407602 123.775449687187 124.73159018 125.272418833644 126.791487005941 129.83762614 132.01730378 132.969898184694 132.606423064279 132.937714883864 135.788524963448 137.770054296967 136.795906877382 133.769605259999 129.966589079999 126.564989638628 123.217806760955 119.109448279999 116.572623839999 115.696521280291 116.01730138 117.08872978 118.16015818 119.463173160001 121.30301498 122.37444338 123.44587178 124.341809456386 125.24948508
124.62453758 125.69596598 126.1786562 125.789601483725 125.5893281 125.775642131627 126.336682806049 125.633779078614 123.329803387435 121.485919948352 118.494938140919 117.863515277661 117.232092414403 117.349570711145 118.861004647887 119.735107770743 120.16830233863 120.139561021887 119.26840742 118.19697902 116.766438831661 116.03189574508 116.5893281 116.714503478565 118.094388544694 118.5893281 118.71376980879 119.595121014468 121.218313662274 122.822167340984 123.831104355758 124 124.73159018 125.80301858 127.233557782726 129.859853600532 132.01019760379 132.50059592 131.363394070306 130.546727073565 132.37401906 134.14243008 134.059343936661 131.626748459999 128.065507550145 124.997900433112 121.552747623629 117.707039560371 115.610220657113 115.4106719 116.420868089403 117.08872978 118.16015818 119.368067059177 121.016782817566 122.220670005693 123.218306891049 124.212440647791 124.757626195467
122.96378108 123.785814279869 124.3196302532 124.836166206268 125 125.444633322785 124.288978703579 121.759628721458 119.062634691611 118.461785389358 117.5178997 117.629551130816 118.146087083885 119.23100146 121.158899869979 121.48269262 120.716170303841 119.85773552 118.78630712 117.71487872 116.190573248432 115.543992038499 115.52624301457 116.091911224724 117.0357994 117.147449673776 117.82091948 118.89234788 120.194695627019 121.80249726605 123.10663308 123.836163892187 124.378890334745 125.32091828 127.266793660001 129.865657264461 131.5178997 131.42916752 130.352005467332 129.602040163265 130.459949990197 131.711825057128 131.374969144059 129.251183089008 126.553433842077 123.855684595145 121.157935348214 118.460186101282 117.089756019999 116.9642006 117.4821003 117.57083008 118.565046173375 119.23158658 120.459946347238 121.698418965831 122.891743560001 124.51730018 125.283826225037
121.092015839374 121.625759710021 122.155797300584 122.268738182378 121.827397681794 120.431307932398 118.470012073991 116.441859612782 116.4464713 116.4464713 116.535127434576 117.103399976029 117.917224953367 119.541632017239 120.89235028 121.215508401552 120.41126422 119.33983582 118.26840742 116.752483860867 115.57202192 115.024164017922 114.46377748 115.4464713 115.4464713 115.549870204497 116.19596238 117.474658594293 118.89234788 120.194738106917 121.48167598 122.918522871874 123.851427461268 124.80301858 126.748893960001 129.314056970547 130.456049438849 130.960383628243 130.5535287 130.425337552966 130.135288563571 130.4464713 129.554722939999 127.41186614 125.26900934 123.491569703404 121.941779272799 120.391988842194 119.23261282 118.583489559016 118.5535287 118.593144000226 119.08865214917 119.656925461435 120.30301498 121.581708537355 123.19846943325 124.803640676145 125.490500948919
119.028742534189 119.56905626009 119.382149694368 118.46496212 117.39353372 116.020937102797 115.422128868518 115.02029725424 115.3750429 115.3750429 115.53520828 116.519779077127 117.416668497152 118.74949348 119.82092188 120.698337820013 120.779198825735 119.139644337086 117.64345032 116.2708546029 115.12555062 114.408866965657 114.006490559935 114.3750429 114.3750429 114.23030822277 114.242479942952 116.12393926 118.099573214395 119.51730498 120.58873338 121.907750768441 123.563845557281 124.80301858 126.748893960001 128.89175076 130.64226088 131.6249571 131.524863608389 130.913144197333 130.6249571 130.390944551224 129.108251639999 126.96539484 125.190469645941 123.96479772 122.89336932 122.323791583106 121.37546962 120.30404122 119.6249571 119.6249571 119.685023288286 120.144731677436 120.92797208 122.139832811121 123.44587178 124.388019519355 124.529287326044
117.363615707752 118.3036145 117.71487632 116.64344792 116.081491655945 115.19697662 115 115.658697242089 115 115 115.048628531766 115.373929729718 115.91025118 117.242441534379 118.74949348 120.181167238475 121 119.479236222571 117.45532245538 116.19697902 115.12555062 114.05412222 114 114 114 113.929685498957 114.091406478995 115.74889636 117.89175316 119.87754866715 121.28511888 122.35654728 123.650097066706 125.362229075343 127.445279460001 129.58813626 131.01730378 132 131.83983942 131 131 130.62555422 129.108251639999 127.325636855824 126.10765452 124.576500700079 123.777879341969 123.6963855 122.82194092 121.75051252 120.6963855 120.6963855 120.6963855 120.92797208 121.99940048 122.810071939597 123.44587178 123.639759655501 123.3036145
115.781594938685 116.86156983969 116.64344792 116.078904596439 116 115.813549133189 115.7678139 115.987434130062 115.754524131687 115 114.877022794937 114.2321861 114.53520828 115.693578899813 117.252603258562 119.26680086 120.684225615311 119.679671639999 117.53681484 116.813549690436 115.221950131189 114.780380327185 114.75452597444 114.068131643935 114.7678139 114.945632980685 115.83864758 116.997017642567 118.659567060001 120.80242386 122.35654728 123.427975680001 124.49940408 125.757282232318 127.748893960001 129.89175076 131.01730378 132 131.83983942 131 130.767339043694 129.85774032 129.02513452611 128.25051132 127.17908292 125.954374688179 124.973904533446 124.151246915071 123.12555542 122.05412702 121 121.068127958428 121.7678139 121.821585084823 122.070355866448 122.519688931927 123.44587178 123.48269982 123
114.60663908 115.24391923042 115.226871204281 115.1607577 115.1607577 115.834688888385 116.733876923087 116.8392423 115.98269142 115 114.83983462 114 114.048713148706 114.849463045996 116.517557459303 118.19537246 119.255401509901 119.109262449602 117.53681484 116.326070825796 115.145733848904 115 114.997217898307 114.92797688 115.97365784771 116.91007598 117.98150438 119.05293278 120.57023776 122.278950338784 123.42797568 124.49940408 125.57083248 126.64226088 127.854263365277 129.89175076 131.01730378 132 131.974252953529 131.8392423 131.281919917068 129.939804957633 129.465045827666 128.48269742 127.41126902 126.33984062 125.26841222 123.523058674159 122.28631312 121.21488472 121 121.014263995354 121.295169219347 122 122 122.060194656549 122.980823938153 123.916840012854 123.345156372445
113.53521068 114.56042815947 115 114.398805638474 114.755571412553 115.80302338 116.078114165391 116.0893293 115.98269142 114.919189832307 114.07502183872 114 114 114.407899988196 115.941257202832 117.56351808614 118.0893293 118.0893293 117.292384066943 115.465691342028 115.011215348999 115 115.926430931055 116.91007598 117.835648646889 118.353165564139 119.848409944834 120.626117866195 122.307047822778 123.42797568 124.49940408 125.57083248 125.976023138666 126.80301858 128.67078022339 129.941040465583 131.01730378 132 132 132 131.669914289557 130.569673899415 129.55412582 128.95378972264 128.32193972 127.25051132 125.512847364276 123.39396764 122.12555542 121.05412702 120.0893293 120.170132910864 121.014306818109 121.0893293 121.0893293 121.0893293 121.981072860001 123.0893293 123.036738588059
113.883781082005 114.991359410641 114.421800763286 114.006083324068 114.013096208577 114.82092428 115.0179009 115.946848973486 115.01759106084 114.91126302 114 114 114 114.742198157613 116.435959715033 117.51730738 118 117.351653352969 116.28630832 115.200505121739 114.141204050906 114.0179009 116.034302563803 118.07083368 118.9820991 119.217836174135 120.29759545322 121.73099546 122.990080692071 123.51730498 124.58873338 125.66016178 126.718494057347 127.78511768 128.872199467945 129.94587538 131.01730378 132.087143794119 132.9820991 132.754655771172 131.994575716182 131.60765332 130.53622492 129.474056701754 128.41126902 127.33984062 125.53682444 123.39396764 122.12555542 121.05412702 119.983008330273 119.10663068 120.0179009 120.0179009 120.315491639145 121.367740506499 122.435952386147 123 123
114.422014464432 114.9464725 114.38924800293 114 114 114.80302338 115 115 115 115 114.83983462 114 113.98377998026 114.32092308 115.39235148 116.46377988 116.9464725 116.9464725 116.254040241826 115.19697902 114.172357709188 114.99940528 117.08721350345 119.08873458 120.008573123912 120.272722372407 121.30301978 122.37444818 123.023866658636 123.543142437683 124.620246805998 125.71368928 127.51670786 128.813562502959 129.87444698 130.94587538 132.01730378 133.004749611765 133.21368808 134.0535275 133.75051012 132.30463594 130.60765332 129.53622492 128.46479652 127.39336812 125.59035194 124.207527871425 122.297917672255 121.10765452 119.98269862 119 119.15158531302 119.971265001322 120.35654248 121.822457278023 123.55292678 124.079365214615 123.46479892
114 114 114 114.082491709154 114.1249559 114.827636770831 115 115 115 115.011088209199 114.96479052 114.1249559 113.82193372 113.452616670771 114.44587898 115.452666770756 115.948610109252 116 116 115.297321229275 115.1249559 116.07083368 118.01730618 119.08873458 120.16016298 121 121.30301978 122.37444818 123.44587658 124.06464030935 125.228856950642 126.742652889366 128.496719750627 129.100341909381 129.99940288 131.07083128 132.14225968 133.21368808 134.28511648 135.1249559 134.82193852 133.422853549441 131.748323010551 130.543013310544 129.41126902 128.422331429471 126.66178034 124.418581930513 123.234822429494 122.060890510498 120.105492610491 119 119 119.434235050469 121.21592258954 123.170119049547 125.682256299109 125.792927810438 124.58761811043
114.1963843 114.1963843 114.1963843 114.726904528304 115 115 115 115 115.1963843 115.28512128 116.067672886036 115.3927686 115.08974642 114.319232384962 114.554699648628 115 115.47311731596 115.8036157 115.8036157 115.961316413043 116.171728129377 117.14226208 118.01730618 119.08873458 120.128709485287 120.849096611047 121.30301978 122.37444818 123.44587658 124.51730498 125.58873338 127.320323560001 128.73159018 129.80301858 130.87444698 131.94587538 133.21368808 134.28511648 135.35654488 136.1963843 135.89336692 134.82193852 133.304635939999 131.263369245061 129.688420098604 129.06673936227 127.680496794064 124.945035530398 124.221041413268 122.30463834 120.96539724 118.982574864265 118.8036157 118.989722311597 120.213261360001 123.031470118929 126.660900222596 127.281452073739 125.23338994
115.2678127 115.2678127 115.2678127 115.2678127 115.2678127 115.2678127 115.2678127 115.2678127 116.2678127 116.35654968 117.2678127 117.2678127 117.045943708185 116.16117482 115.416213346493 115.2678127 115.2678127 115.2678127 115.2678127 115.85577446319 116.87444938 117.94587778 118.01730618 119.08873458 120 120.23159138 121.30301978 122.37444818 123.44587658 124.51730498 125.746403656078 127.411336551262 128.73159018 129.80301858 131.108634986721 132.21368808 134.28511648 135.35654488 136.42797328 137.2678127 136.96479532 135.793085584655 134.227662408005 132.611969919333 130.980207673327 129.60765332 128.53622492 126.876838271309 125.426993456029 123.37606674 120.96539724 118.91127022 117.914215210774 117.4643746 118.070404560001 120.38714335481 122.462262384234 123.023629593749 122.066630021154
116 116 116.199724187795 116.3392411 116.3392411 116.3392411 116.3392411 116.3392411 117.005871781719 117.42797808 118.3392411 118.3392411 118.3392411 117.96479052 116.89336212 116.3392411 116.3392411 116.3392411 116.3392411 116.3392411 116.917041310435 117.94587778 118.01730618 119.058632163473 119.715092765514 120.23159138 121.30301978 122.37444818 123.597136241464 124.85654608 126.316985300562 127.884115788426 128.822645822588 130.0754354864 131.791486704614 133.266755184374 135.35654488 136.397871677652 137.16016058 138 137.594186670689 136.165922136595 134.742108072715 132.96539484 131.610990765259 130.67908172 129.359468676766 128.19698382 126.547758381208 124.44749514 120.286915039999 118.23278802 117.055533677157 115.6607589 115.958403454605 116.890452395881 117.160438786212 117.665898095813 118.703236362161
