catData/variables/futureClimate2070/rcp85/CNRM_CM5_2070_rcp85/bio11.asc
NCOLS 409 
NROWS 350 
XLLCORNER 60.897278365 
YLLCORNER 5.843756025 
CELLSIZE 0.0892857 
NODATA_value -9999 
[rows 0 to 25 of 350, columns 116 to 173 of 409]
-9999 -9999 -9999 -9999 -9999 -9999 -9999 -9999 -9999 -9999 -9999 -9999 -9999 -9999 -9999 -9999 -9999 -9999 -9999 -9999 -9999 -9999 -9999 -9999 -9999 -9999 -9999 -9999 -9999 -9999 -9999 -9999 -9999 -9999 -9999 -16.7255227685972 -17.7583548101834 -17.33332019878 -16.7179169426398 -17.3142814117749 -16.4665890100002 -15.4419273457355 -17.279692373359 -18.0418345249256 -18.3045761174171 -9999 -9999 -9999 -9999 -9999 -9999 -9999 -9999 -9999 -9999 -9999 -9999 -9999
-9999 -9999 -9999 -9999 -9999 -9999 -9999 -9999 -9999 -9999 -9999 -9999 -9999 -9999 -9999 -9999 -9999 -9999 -9999 -9999 -9999 -9999 -9999 -9999 -9999 -9999 -9999 -9999 -9999 -9999 -9999 -9999 -9999 -9999 -16.8209108539852 -16.2754070709453 -17.4893390616875 -17.7816915202823 -15.694284233336 -15.8422737536749 -17.4927457177667 -17.3530631437383 -16.7568009468113 -18.1245640730656 -17.7829283482825 -18.372166690694 -9999 -9999 -9999 -9999 -9999 -9999 -9999 -9999 -9999 -9999 -9999 -9999
-9999 -9999 -9999 -9999 -9999 -9999 -9999 -9999 -9999 -9999 -9999 -9999 -9999 -9999 -17.0101298607648 -15.9154972328056 -15.0106548881034 -15.1171860917671 -15.0737809893891 -15.2940392636553 -14.0710236597219 -14.7822922241675 -14.7575961393171 -10.6207600129205 -10.300233769645 -13.1421595968432 -14.3909349712096 -14.9631155613324 -14.1324425214567 -14.4028267548742 -13.5889580644449 -14.9567247200691 -15.6294626903804 -15.7002675016284 -16.1367229155689 -15.358411803979 -14.330891142089 -13.6688958614905 -13.266118040616 -16.3523471980277 -16.6111841170125 -13.9440749657769 -13.4065068295588 -14.6362648053661 -16.1799463627605 -18.8490997491092 -18.8378524120825 -9999 -9999 -9999 -9999 -9999 -9999 -9999 -9999 -9999 -9999 -9999
-9999 -9999 -9999 -9999 -9999 -9999 -9999 -9999 -9999 -9999 -9999 -15.2353806769607 -16.8523504865555 -17.587964410175 -14.3856784457667 -10.8380415086125 -12.9481524248938 -12.5556923047108 -12.0631533302652 -9.33680827251355 -10.4001092795785 -11.4924510809064 -11.0945878178645 -12.034887561076 -12.9494436242973 -12.4519168827187 -13.6512378058342 -14.7522044910485 -15.6784638455402 -15.8356592175286 -12.0606817411261 -13.5310831426049 -14.5298274419866 -13.7480290408633 -12.0687860651947 -12.4951762993106 -12.913071256176 -11.7296578930826 -10.1026294637523 -10.9571261123464 -11.2668878401015 -12.0549089995398 -15.3635728926223 -17.3821249847178 -17.6446085869268 -17.1784103222847 -17.869596299177 -18.90350712206 -18.9094430139098 -17.818415926028 -17.9719743474636 -9999 -9999 -9999 -9999 -9999 -9999 -9999
-9999 -9999 -9999 -9999 -9999 -9999 -9999 -9999 -9999 -9999 -16.7291036584428 -15.3433064502249 -11.0272734169584 -13.7611698038651 -9.99884049823711 -8.2075815908237 -11.8836551485262 -11.8855539189724 -9.3399904662726 -11.8570939311693 -15.0883255241156 -15.8038378869075 -15.6786078644795 -12.6491007827632 -11.1207941127244 -13.8241835798019 -15.3283995008059 -14.635893144 -14.5231893637673 -15.0207512896186 -12.3923167023932 -11.1810509163438 -14.7985556998015 -15.5179994823118 -15.8725582821475 -16.4673317690659 -15.8141981635841 -14.9256597350367 -12.6022537047835 -8.70074185683246 -10.3120673919093 -15.737289252566 -16.1290607923267 -15.2931852078377 -16.40716853578 -17.0683357971555 -18.4796013444142 -19.2825073435041 -19.1561222996379 -17.5838966450947 -16.2852179839416 -16.7734535317369 -9999 -9999 -9999 -9999 -9999 -9999
-9999 -9999 -9999 -9999 -9999 -9999 -9999 -9999 -14.4563948183917 -17.3974844255161 -15.4486607023472 -12.3804926875534 -8.32832903617154 -6.9943574676538 -7.41332861893078 -11.1815338652278 -12.2600631057064 -9.99763343116957 -8.85345573250885 -11.1531896171585 -11.4858676515569 -10.3167733564671 -11.1018135378349 -10.6215993535957 -7.15195991002229 -11.3484588025161 -12.3986488792021 -9.98474822762684 -8.84588316036519 -9.69025073419932 -11.2554956234978 -8.4691406071011 -12.1361882037139 -15.4294349970085 -17.2422546064879 -16.7366887627509 -14.8789498857286 -13.4380443208794 -14.1835442076065 -9.67265096045653 -7.64309739778456 -13.2325307804174 -16.0545278591341 -16.5968254432948 -16.375612300761 -17.5342418836897 -17.1702442454513 -18.4560813524872 -19.3797618458088 -19.8761370191249 -19.5091785688523 -16.3355998481354 -13.4046397768967 -9999 -9999 -9999 -9999 -9999
-9999 -9999 -9999 -9999 -9999 -9999 -9999 -15.5454686867973 -14.1983360529813 -15.242865897349 -13.6353769071738 -10.3644650873655 -7.40242301274056 -3.03334717424929 -8.50470249553724 -9.64731738503905 -7.92200427876543 -7.74647622897392 -11.8957539238922 -12.9292011229431 -11.7628902957575 -9.26977373294296 -8.58536326249186 -7.61387426111331 -7.20700916240596 -12.0840588190804 -11.8330469325959 -9.97183706123884 -5.65480753134716 -6.18586473072446 -8.43664167073495 -10.9880711848153 -14.0355577801778 -12.6550974884499 -13.0577854960223 -15.5880559541331 -17.8131894637407 -15.396093624602 -12.4586952349792 -7.9629629038392 -5.92620448617959 -10.9431272329626 -10.4814042792124 -13.9763794845598 -14.7188805879607 -16.1473281623263 -16.3174160928317 -16.9398403631304 -17.6575156936899 -19.15454429934 -19.4783617955265 -17.7335373521517 -14.2053096003377 -9999 -9999 -9999 -9999 -9999
-9999 -9999 -9999 -9999 -13.0306883164112 -15.388933936957 -17.3517624817875 -14.8757497441472 -11.8108762968042 -9.90911490039438 -9.64465905642284 -6.80314169693385 -2.13279529000016 -5.34009628075714 -8.22530722114985 -5.43955609833845 -8.08214309399149 -11.9408332306578 -13.7580500245373 -12.6123334309049 -11.5687302683843 -9.94253820196868 -6.78119759013979 -3.30680525461893 -7.08667421572655 -10.8229227802957 -11.8317561947385 -11.4733283338449 -5.37471867168431 -4.04652235012511 -10.3573096517202 -13.9190700903564 -13.0208137688856 -9.41249050913421 -9.87556894058115 -13.0006189115964 -13.2323775738956 -15.6291978217579 -16.0431510741177 -11.3208962602952 -4.49722784289235 -12.6407684277288 -14.4295025766505 -14.9127186700362 -13.4807899013976 -13.5494645084509 -12.6720162166576 -14.5908561473554 -16.7276572491113 -18.035817261697 -17.5829317822849 -17.2199200569515 -16.0850694238416 -14.4615238141496 -9999 -9999 -9999 -9999
-9999 -9999 -9999 -10.6712762410582 -10.1883735792839 -14.1039879879375 -17.1531500941425 -14.42049286481 -10.1127145285182 -7.73619497367256 -2.62644448978822 -2.21994351368843 -1.08203699298201 -5.90211370736469 -5.14540310754488 -6.42296801356049 -11.4693202445786 -12.4462296221028 -11.5786474635878 -12.3544854943817 -12.3091157429482 -10.6532931378867 -8.4263674839869 -4.33738445221113 -8.81594161605141 -9.72533219275415 -6.70134347087316 -8.87661626085502 -2.66751856568332 -5.66136025953537 -11.7476031627726 -12.9625552204507 -10.9701917828515 -7.16419105666722 -6.26680302249046 -10.654718431394 -8.91372188140016 -6.26556330517633 -8.27783300353674 -8.93690852000855 -7.51066435215327 -16.8321277420448 -19.2279719585952 -18.970330441759 -19.1505011032656 -16.7806693747438 -13.9073772031579 -14.552810319779 -16.9882395595603 -17.4222129192787 -15.3341827566768 -15.4254115209346 -17.6129358691766 -17.5988863933586 -9999 -9999 -9999 -9999
-9999 -9999 -11.8042216343436 -9.93376358185719 -8.07286973230062 -10.425124290144 -15.2150173803941 -11.97494017924 -8.0229787365438 -3.13610461357891 -0.523593108911078 -3.26030290647624 -5.62673709981039 -5.62148941465448 -6.80367653278716 -9.57740795412246 -10.1256321703589 -10.8153901535081 -9.9412713493862 -9.64994554762387 -10.2576722508315 -8.87135304731062 -7.32642228161116 -5.15089570792483 -5.56412106268438 -4.968025313007 -5.64351302823307 -1.88742570907618 -0.944389435705596 -8.53275306668385 -11.2736881457465 -11.1034576876311 -10.0412754379332 -5.58315729819356 -2.4158351715516 -5.50978549230734 -5.53343663492181 -6.2047285663471 -7.49310108894962 -5.22228079162106 -8.83035325670166 -13.5124656624852 -17.1723953154589 -17.0556214999213 -20.4366246383189 -18.8176657602369 -17.4553857928458 -15.979493948935 -16.8716645835767 -17.402706572244 -16.7530734845851 -16.3435734736147 -18.6815469300729 -19.9615943014401 -9999 -9999 -9999 -9999
-12.2181702210885 -11.7665517455964 -11.3040309639423 -8.8628900397048 -6.47412743956815 -8.13011719442743 -10.8849461216647 -8.1721842452028 -3.09968073873952 -0.926883130066685 -5.23931930699398 -10.8955433961461 -11.431724523456 -5.36898695626778 -10.5857298757709 -9.44454689245245 -9.34905161614736 -8.71366846132253 -8.26552288918456 -7.79830736301867 -8.43391478133888 -8.17468757230784 -6.05781347937065 -7.80195532894592 -8.26995773689017 -6.85536244495444 -10.5648991601823 -4.32448659707122 -2.16277226770463 -2.53217840647325 -4.95432387823346 -5.89515427015723 -8.39829831771531 -3.38766871691713 -3.14580256884165 -9.65154647766981 -11.2120126937075 -12.9511649554501 -13.6524190572565 -11.0593052237715 -10.3445750751084 -13.6214685816543 -13.4006267802482 -13.6185363651377 -16.2343108792242 -17.1261918097115 -18.1965561472524 -18.2809362477692 -18.5013521198399 -18.9373661663773 -18.882983972353 -17.336195261116 -19.3522341278368 -9999 -9999 -9999 -9999 -9999
-10.4891948837744 -8.07922398657803 -9.03860709856888 -6.43644520851111 -3.60279529278683 -2.23632580443509 -4.17866438963344 -3.95359736614845 -0.255529405858186 -3.78511508528735 -8.82412045729761 -13.7632887530172 -12.1106621113779 -5.50496736677712 -10.5361040773881 -9.43172787537031 -10.0032147213134 -11.0015623368822 -11.1771850236684 -9.01182713974703 -8.98681188927164 -10.8433920011548 -10.0089397613323 -8.49974134542515 -10.223347348499 -11.0584501358982 -12.0667395651353 -10.4341485837644 -6.13594506236921 -4.54334715665447 -4.17348227833807 -2.01345508111187 -1.45061037644163 0.291002734997405 -2.95894667488912 -9.88297397089428 -9.71587470905143 -10.2876305086687 -13.5291041447738 -15.6974834632358 -15.8312377582861 -17.1320370748716 -14.9422198785995 -15.3079236965361 -14.9358509075425 -15.3956179063318 -16.3619681265217 -17.4707501367422 -17.7782971264541 -18.6218227856949 -19.1621096338088 -17.854504527547 -18.7035903459104 -9999 -9999 -9999 -9999 -9999
-9.18340580962511 -9.21250993156488 -6.1048681201178 -3.71373770155915 -4.94213366834252 -1.13127063726777 0.800687576005975 0.959342685983091 -1.19321751095289 -5.99199159500996 -10.9051238417262 -13.3109249664469 -10.5860110109691 -9.18997556610146 -12.7302367177572 -10.9581498781224 -10.6203116104973 -13.5791439795769 -12.2443180293037 -10.5644036202987 -11.4665096846307 -11.1908916701098 -11.3888413353429 -10.6363257103295 -9.37403195885909 -9.94306806818203 -10.0065077140491 -11.3944528738475 -8.54747270048306 -9.65729569658621 -9.54837982179176 -7.06228672624583 -1.8125113260252 2.8628172184653 2.35048880104964 -2.42246130327014 -4.12275422990546 -9.83377431331401 -10.3581166172899 -10.0085531111724 -14.6916963726629 -17.6918637713314 -14.4476137045342 -13.2950828519652 -14.5774272392528 -13.0384042406435 -13.7109769829783 -14.3185458635954 -15.7024283785171 -16.9173545856548 -17.872832866412 -16.6590986377283 -16.6521087890747 -16.1397145751218 -18.9399880614954 -9999 -9999 -9999
-9999 -9999 -9.31280146566358 -8.12318294998623 -5.96618482358937 1.04830888136922 0.943096391762175 -4.0102518324104 -6.65260574120986 -8.14251856019722 -11.6745999518017 -11.2753297868197 -12.91750848645 -11.7087178464687 -12.5265351675446 -12.5346486148228 -11.8913041103646 -12.834543583802 -12.2689261672194 -11.6534059518736 -12.278793710512 -11.5280373805384 -9.90113800768534 -8.0450090557178 -9.30324681233564 -10.1151470509852 -8.96542982335588 -10.1408451719295 -10.1421348345358 -10.3609239552968 -10.344130471226 -9.12954017623119 -6.57005071240402 -2.39144409209449 0.493766829013777 3.37537826432814 1.9808839687064 -5.979308265091 -3.01273703612029 -5.07448690089418 -11.8123245445823 -16.4211822545363 -15.1897897749747 -13.6165536690694 -10.6580014604845 -9.80221228876336 -10.6493047051126 -13.8428472919234 -14.9276464678817 -14.6093146966541 -15.0345615504429 -16.579580263692 -14.1415020473966 -16.4023805178972 -19.1965608125636 -9999 -9999 -9999
-9999 -9999 -10.3673287883913 -7.41190661740014 -1.64403313768584 2.55213408292012 0.143213769011139 -7.26323065930884 -6.05477323673439 -8.09013350801846 -11.5276077452832 -13.8153802404484 -13.0224145733151 -10.7286389882133 -10.720487860092 -8.95338288737413 -11.0008826246898 -10.3886184167349 -10.5693547888702 -10.0049508639836 -9.78127324706043 -10.4920015685546 -8.07448946036838 -3.83181255918785 -7.89888832122575 -9.04340237848605 -6.57248663317335 -4.52961603981687 -9.68306732129187 -7.8635378031842 -8.12644715475384 -10.283748214 -10.407885058801 -9.5071709706986 -7.97109454074355 -5.5652619894912 0.698755456164891 3.63586438230733 0.868282151655435 -4.36058870207182 -12.8107682791832 -15.0351255452638 -11.2303118240383 -14.1080285556364 -13.9962381606042 -12.5357350457232 -10.5147916812662 -13.971472184248 -12.9874236647881 -14.4255359684831 -14.3424126239922 -14.7061458375499 -13.1329490810326 -17.095862690501 -16.8034795516736 -16.6503543119999 -16.1654862419038 -17.3909835771352
-9999 -9999 -9999 -7.92105965318605 0.269984829775171 3.91084330918977 -0.59534351495303 -2.09514185214909 -3.44365211611059 -7.55024102847124 -8.0611984771656 -10.7590492570166 -8.16086919645341 -8.57161064795995 -10.1611532733029 -6.79270845652018 -8.11375531757421 -8.5090026053913 -6.16430062693507 -6.94301050948315 -9.16219178704202 -10.0582755666752 -6.58750977381272 -2.17059643433963 -2.9541322730131 -5.46172584432573 0.791329466469702 -5.8728841934346 -6.12389469091533 -3.19991442091777 -2.36851221291549 -8.67962308554421 -10.712337334 -10.5353221336023 -8.75467643801962 -8.0028130710073 -4.22142996658964 4.88938478568856 0.0513887457033406 -2.18905463412855 -2.57783947379899 -10.0267538481867 -7.05421335210193 -12.7370781409481 -11.4845185982113 -11.1700049259276 -7.88715769597682 -7.19231344254546 -7.8860181564697 -9.20824865135184 -11.1480016010685 -10.4306429493729 -10.3510405045762 -15.5876584492172 -13.7036942880874 -12.4003795845125 -13.9438600700932 -15.1641646774582
-9999 -9999 -9999 -5.83825836756224 -1.25924386864427 3.80548767867305 4.67189440253343 -0.924891812716088 -6.570773031224 -7.02964629479322 -6.01756512565933 -7.69354025841372 -5.96425341063515 -7.75923592741957 -6.6781578350763 -7.31650022617912 -5.37444538376048 -8.23023950211706 -5.13650345346934 -6.86163763475003 -8.62767796657291 -8.3213941132586 -6.90584337247321 -5.53699101458474 1.7963665954309 2.30671617315853 2.42906103956574 0.697380036178529 1.95352736440742 4.25610185397023 0.354773309225387 -3.08769629903963 -6.63614983580459 -9.37238124181588 -11.0813394452361 -10.5431872634721 -7.48191149832393 2.79088007167295 -2.63176539560717 -11.8427673121076 -10.3759484082809 -3.33489228217171 -2.24002461806489 -5.95679735224108 -5.96925281309105 -7.43149235098208 -9.37118829121399 -6.0947697256626 -8.81027815517922 -14.790348973486 -14.3635239564838 -12.9535311661737 -13.3159916508745 -11.4201950353593 -14.6416414198542 -17.5193335495353 -18.2036998231419 -16.2614915784113
-9999 -9999 -9999 -9999 -0.192866841122114 5.03198397379243 2.29732808348102 -3.24949994670568 -4.19194327225586 -5.31603635589972 -1.61671480677981 -4.2275336448423 -3.37845320862735 -3.53839672189256 -0.773270129629402 -1.76332772948367 -6.16605635615106 -4.84887670890061 -0.551431554822647 -4.78760096975712 -3.27613823136536 -2.04263108944326 0.190087296795126 3.22105034164806 5.13001023345245 6.56507556210031 6.27577495411535 6.48728841184296 7.75108796321292 5.99557996976465 4.01872965689551 3.1969034953055 0.855012139977598 -2.70011938048408 -6.7056873229655 -7.77270593242769 -3.01382203009228 3.12780677639855 -0.471637834890733 -7.03739206296014 -12.0565224418388 -11.6718943722526 -10.6776216983753 -9.34770925063705 -8.16580759279144 -6.98217135638793 -7.99596422333999 -9.43259857888441 -4.50799738399996 -6.48405754086304 -11.0617511232759 -14.3695759454362 -16.1816473140318 -15.105549071994 -15.4800409203971 -15.8822446941306 -14.5932786507862 -12.1284556602527
-9999 -9999 -9999 -9999 3.80030268641486 4.54247234003208 -1.40036033805833 -3.71990741876631 0.298591976814194 -0.261588175050954 1.78936092016276 -0.0403388509520933 -4.41848358286719 -2.53418269535381 -3.03205845971728 -1.17656839508945 -8.61405287609309 -4.4749532095607 0.889934085610197 2.7969958680972 3.60038518593168 6.27977712762029 6.34435367678761 4.09445548737441 -1.54233985569271 -2.99929145418286 0.564046265721696 -1.16784393791227 5.24356634229685 6.68105473140568 7.01708861144678 6.73081613982551 5.33667246869437 4.2639180777089 3.25322704269885 2.63842218564803 0.549013937247945 -2.24089878932532 -8.77783269329701 -4.15751077615455 -8.61794147601683 -12.1616592779563 -13.6256427688155 -13.8430564488929 -14.2682099601915 -9.70655575740957 -5.87135573380518 -6.02981545692978 -7.41980976870793 -3.81729944299919 -6.11573798581828 -11.1844040503302 -14.6869512728685 -13.9682318848218 -14.0589221221537 -16.3519008311929 -13.1788881325631 -11.4712311630574
-9999 -9999 -9999 6.77910743549053 4.67112699551544 0.952132177516887 -2.07973592202408 0.77247162789517 4.3352860465269 3.30165790363569 -0.332740517879431 -4.25870990732409 -6.72948859596042 -6.70578727115091 -4.99693483305682 0.0537002950226558 -7.59581278960358 -8.93366975516466 -4.3059488327536 -3.12883578309 -1.04176232927637 5.31752297174571 3.07110929861011 -4.68508454723344 -8.4897388991679 -9.046388548 -6.7803127683542 -6.50231946240275 0.868552716570803 -0.983862933741923 0.568250134246299 3.36970475310118 3.63628478802774 2.13020695974647 1.5797311908386 -2.08503367748241 -8.75104575295817 -12.2882744059799 -12.8809885809952 -8.54602758807136 -4.00405965406505 -9.91940104932649 -12.0353558918903 -14.2318838431134 -14.6909564248932 -12.7212305051089 -9.51125898038423 -4.88178950620169 -2.24196085865091 -2.24048877035414 -4.80765909228733 -9.35189994037883 -13.3708467111981 -14.5664467453839 -10.8875589805698 -13.962703137558 -13.3536014007553 -9.88983754846633
-9999 -9999 -9999 -9999 1.94029848717542 -0.440575969119877 1.76337787432079 4.45854700475211 5.21769214362996 0.85743869478473 -2.43733084530063 -5.42167489374304 -4.45496088007105 -3.49261598364305 0.638843022780758 0.931125499115298 -6.39641964125335 -6.30851704222867 -4.31717831338692 -3.30077888907781 1.17590573961357 6.47373198453085 3.30312824488752 -2.18206951060326 -5.54638844365176 -6.89421781367694 -8.41594853288341 -8.28489090644957 -5.43176330422232 -6.46902693327758 -4.78732660017232 -3.60399468999351 -2.88051460590882 -4.06629259694927 -4.7001441360784 -10.3270729797099 -14.4428139633138 -15.5849366945767 -11.9082907029015 -7.74605678996598 -5.07597188648732 -11.482639348974 -12.477796996757 -13.2330214813321 -13.761477608615 -13.0177724798817 -12.7557271944711 -9.57863233616213 -4.48858557421425 -5.52497318664858 -8.06483666903413 -6.45787265524023 -8.68957895545411 -11.8967969022384 -9.34157746248074 -8.19281393863987 -10.6516072343706 -7.30835859783299
-9999 -9999 -9999 -9999 2.20833185211754 3.14193465809226 6.03334413720769 7.56806654942492 6.61374913430899 3.79477564263907 1.72772190883689 -1.29463352207422 0.347948500903014 2.39129931957955 5.73842330990726 0.39210763117584 -4.97873756320502 -2.79318055883772 1.97332440025902 3.97885358187075 5.30997005281826 3.13020897101124 0.677122413386183 -2.49787556499386 -3.71999343070265 -6.20889646155431 -7.39504488740206 -8.02242522985918 -8.24626785810805 -9.00428207484368 -8.95480756492197 -7.68723381185113 -7.97607707316602 -7.97391791062671 -9.88096919657257 -13.8299303122612 -14.9151535217457 -13.0884671878529 -9.75596253616057 -5.49932628792908 -8.72168788840715 -9.07524693920047 -10.4147518647333 -12.7557873592359 -13.9052760209266 -14.0859939030139 -13.884491829996 -13.1526107285322 -11.2882518610018 -12.275808024661 -12.3626535464588 -8.21270337497637 -5.2663867098932 -7.50410991527819 -8.69469344309826 -8.74587727188509 -8.59525360747523 -6.08055732661357
-9999 -9999 -9999 2.76941902973369 4.83276289207783 6.16835481125298 6.22622172452885 7.31591476562047 8.17053473278037 6.39476595530214 2.99165024393537 4.16286196689188 5.52811436726321 7.05406005076449 5.96001826284969 1.38747458461578 -0.353859008053175 1.02911196633036 6.7674684985894 7.63536596881993 5.65012847326424 1.09259902215635 -2.51679949712993 -5.85120020274416 -6.30466866270683 -9.25947472161955 -7.53982518429125 -8.05215693810436 -7.91038373521732 -9.16816960217789 -8.56202083478822 -9.50075824801404 -9.7882209168804 -10.2732846932539 -11.3531213973657 -12.5702181487422 -13.1218178630587 -12.4761853822958 -10.5442778990681 -7.25130709029324 -10.033196732895 -11.2708184684885 -10.3666084102891 -12.0667013125471 -13.2287502369899 -12.9478643104243 -12.4920493006627 -12.509417727261 -12.7546985727412 -13.4134633345983 -13.1007188031853 -11.561092468767 -7.76083549640356 -8.07565155099389 -9.97572199023424 -13.0685074889836 -13.2418646244206 -10.9700948174946
-9999 -9999 -9999 5.20309415525615 7.63505972781647 7.93465747580704 7.190630970564 7.20102389744625 8.92454221873887 7.47872462498075 5.25688704464129 6.92774146868725 8.65701619928395 10.0509562748609 6.48877310409636 3.81435419556446 4.75253983104704 6.80368217033195 8.78250631230883 5.39537613523897 1.94230960761756 -1.07734030032122 -1.77951685924088 -4.00162675752339 -6.39018926326615 -8.80677327326495 -7.60021500574282 -5.72140209048737 -6.95080467471729 -8.08526447190961 -7.90077571417838 -9.12317144100095 -8.10178790597056 -8.482794654522 -9.51538412780979 -8.80328864750078 -10.3688438559915 -10.9084971015023 -10.4749681926205 -9.64018027257733 -8.15713969408457 -10.780363923554 -11.3756030754706 -11.4534867759868 -12.3781421765334 -11.7892964800432 -11.4782080035964 -12.213136116597 -13.4027567893408 -14.2141654345549 -14.6193135754445 -14.039761948 -11.6070444310413 -10.2606858034772 -8.85922642197556 -9.43551671516289 -12.8542932491103 -14.3189749878016
-9999 7.22702979123177 7.74312868320553 8.93252355244822 9.84056447922648 9.78716373670109 9.75947268717157 9.65125045281602 9.09164103191273 6.84481491902451 7.65583792357804 8.97750926211273 10.0347359784264 10.3698587317244 7.8157637584544 6.56762718549665 7.60605757889586 9.17763256680113 9.59753073466064 7.38420988706684 3.51036687638482 -1.2664873079428 -2.49883245623646 -4.31063527702147 -7.16021982900955 -5.5638775980095 -3.87921953175101 -5.55166012084136 -5.83080864175502 -7.74754709606947 -8.26803598759118 -8.32122763647878 -5.46146023047469 -5.61929500275715 -6.93943925565704 -6.48638080096354 -9.39652467800049 -9.84643565289644 -11.1909095510143 -10.4272747101897 -8.7963579024775 -10.615785573488 -11.51250495 -11.5565522780616 -11.7961905217864 -11.7492379550219 -11.6077580350069 -12.2031405260408 -13.4181908747397 -14.2488133333122 -14.7225688460577 -14.6488052491432 -14.2838733798618 -13.5129135487948 -10.0073137476504 -7.22772156193031 -12.5219032092502 -14.1893983492753
7.07699778547096 9.47579122322854 10.2415568629594 11.0174601689058 11.0574602209549 11.0629170419471 10.9161942679352 9.82979446586398 9.07165820154561 8.63679687769812 9.40082085489745 11.1434480726836 11.3168674745598 10.163313406067 6.41395714374935 7.18679223399999 8.56145329003538 9.73592986506806 10.8763574474282 9.87167783562685 5.61680262866094 1.36442914218231 -1.74505897362835 -4.35160693967299 -4.94388861846755 -1.58827062973331 -3.59869919520479 -8.02954056087456 -7.82880149129321 -8.95540883093722 -6.79924453347635 -5.55146893909045 -2.11681408407919 -1.59932197301295 -2.16490667848864 -2.48345308337341 -4.51819865785765 -5.34131479822481 -7.67604972858788 -8.33458191385618 -9.74685775958191 -10.1196948366636 -9.37256513161936 -10.195372423128 -11.187117231146 -11.5320391133183 -12.5629730111812 -13.2556821258364 -13.1206316273158 -12.8501375838526 -13.6872851444196 -13.8406931551355 -14.6429950279586 -13.5943278735211 -10.3164211042436 -7.34733463352817 -12.4272040922775 -14.2198384859944
