catData/variables/futureClimate2070/rcp85/CNRM_CM5_2070_rcp85/bio17.asc
NCOLS 409 
NROWS 350 
XLLCORNER 60.897278365 
YLLCORNER 5.843756025 
CELLSIZE 0.0892857 
NODATA_value -9999 
[rows 108 to 134 of 350, columns 61 to 121 of 409]
4.37503090000003 4.37503090000003 4.79172546155302 7.62242270000019 11.1959623800002 12.396691054069 13 13.2475900672407 13.1006529756218 13 13 11.8176842315819 11.3750309 11.3195610300659 10.7500618000001 10.6631997756589 10.3750309 9.86012338138382 9 9 8.63204633002887 7.7148475199999 6.91779614430401 6.44889691855843 5.50056231999992 4.42913391999998 3.9935024471457 3.56950072999172 3 3 3 3 3 2.67668837281714 1.78627832000001 1.12744263290769 1.45723325577016 1.62496909999997 2.49943528000005 2.27022940435741 2.23911187277994 1.56950222991757 1 1 1.1893884986697 1.62496909999997 1.79219289560546 2.51732178000003 3 3 3.4572317558443 3.92613218129332 4 4 4 4 4 4 4.18938699874384 4.76540413839373 5
4 4 4.51408271078278 7.047195420057 10.0600271291608 11.3141247433008 12.0172141675386 12.3036025 11.7941082140834 12.1664418451056 12.3036025 10.4118037400002 10.3036025 10.2766559018615 10 9.83870529976033 9.30360249999998 9.4506923572351 9.38587512219335 8.63973506300438 7.71484751999993 6.64341911999986 6.08148333456253 6 4.51655368705925 4.01642581212953 3.98793464868134 3.27665663050751 3 3 3 2.73922185273635 1.99308179354735 1.45014408564151 1.12485574483054 1.45974838401963 1.91851593679147 2.55923350239774 2.96188761841348 3 2.98267701999987 1.97305485915353 1.69639750000001 1.69639750000001 1.78840016327947 2 2 2.51732178000003 3 3.45974671266561 3.91851520814546 4 4 4 4 4.06180456779958 4.58485037301144 4 4.30303418000002 5 5
4 4 4.60608756000026 6.5483576627331 8.3561493600003 9.8615667896645 10.8209314800001 11.2321741 11.0623122362112 11.1864456882732 10.5607326327575 10.0251215255159 10 10 9.87700613069542 9.17839956482012 9 9.37446978 9.55410181999985 8.08545667311741 6.64341911999992 6.0788966179135 5.43824952657083 4.61557905105521 4.05829028892039 4 3.22815159549128 3 2.87700797347747 2.23217409999997 2.23217409999997 1.85770671999983 1.12864864858466 1 1 1.6601809800001 2.56174863064699 2.95427047383756 3 1.54743528561267 2.22815215270913 2.06814560822479 2.76782590000003 2.58999114074407 2 2 2.34236848580262 2.88793461868192 3.45205763683381 4.4280044800001 4.76782590000003 4.76782590000003 4.76782590000003 4.76782590000003 4.76782590000003 4.78843111455745 4.96281096095814 4.76782590000003 4.83818258801076 5 5
4.83925429999997 4.83925429999997 5.44534186000023 7.52800386729538 8.82186180172503 9.08315840902039 9.74950308000011 10.714809454664 11 10.3260430616518 10.0201782501902 10 9.98545758612539 9.16074570000003 9.13499671755873 9 9 9.06019440691496 8.71484751999988 7.12609253999986 5.57199071999998 5.16074570000003 5.04314225229565 4.19695981999989 4 4 3 2.92551300849367 2.13499710334839 2 1.74567323296733 1.10055167887473 1 1 1.4941131344011 1.94537555375679 2.73160938000004 3 1.53220099646076 1.01739442722338 1.17528408545395 2.08875138000007 3 2.76839181999989 2 2.3142713446645 3.28514768000006 3.83925429999997 4.42800448000014 5.49943288000004 5.22524999612497 5 5 5 4.98546362875628 4.16074570000003 4.16074570000003 4.35512184676995 5 5 5
6.82136540000007 6.82136540000007 7.15147623221159 8.31860172404276 9 9.47112255229461 9.9632689195367 10.6601857800002 10.3337316231992 10.0175917049693 10 10 9.08776962947536 9 9 9 9 8.31795369936237 6.73273641999979 6.08622217331229 5.41124501999995 5 4.33373380883771 4.01759191933087 4 4 3 2.91124621999991 2 2 1.69696101999992 1 1 1.47111818101776 1.96326849081365 2.60121539735516 2.97602807447629 2.26868738630734 1.13674616186099 1 1.92800568000016 2.91860973363291 3 2.97931338270448 2.63471252912681 2.71548375904207 3.9505086927895 4.47111599537925 5.4994328800002 5.96964806828345 5.26839301999999 5 5 5 4.08777027255991 4 4.14587076889736 4.72044972586794 4.36528528523468 5 5
7.15732141113345 8.43705517125786 9.35650909962792 8.00669889538079 8.4558128091146 9.51732897999994 9.42177484189498 9.67807468000013 10.0048011270954 10 9.14117234391396 9.01788889999997 9 9 9 9 8.40475939388514 6.65460916755252 6.00991227204778 5.49192782345686 5.00735672103827 5 4.26838821999993 4 4 3.07102407648545 3 2.99841229250496 2.82479440299974 2 1.69696101999992 1 1.43791919498129 1.99136546052362 2.57822044397168 2.99392101153313 2.28147830703782 2.00352343745735 1.98435676195262 2.91108466644791 2.98242098905695 3 3 3 3.29219459784814 3.97761973316148 4 4.51732178000003 5.58875018000017 6 5.9869123558955 5.19344113960907 5 4.07102879061878 4 4.08716135837172 4.9849764971331 4.99585682736216 4.98753204814262 5 5
9.0085763308157 9.02873835672495 8.6596415324592 8 8.44590058000018 9 9 9 9 9 9 9 9 9 9 8.53677403999967 6.98377531603549 6.57199072000003 5.94646050000003 5.45683132642984 5 4.33981661999987 4 4 4 3.05410301999995 3 3 3 3.01240031464791 2.7505005199999 2.40795808370861 3.0238730371133 3.54316640206493 3.9684784812431 3.32162527957862 3 3 3 3 3 3 3 3.23160818000011 4.30303658000005 4.6656323555933 4.95111994276313 6 6 6 6 6 5.12553621999994 4.10475041437109 5 5 5 5 5 5.35441404069818 5.97033328012374
9.39010454950203 9.66173713999961 8.08709715520532 8 8.50162383909158 9.06031838376026 9 9 9 9 9 9.11820705912989 9 9 8.97998206942503 8.41180613999967 6.5719907199999 5.54735902202007 5 5 4.92642452653485 4.29735045061339 4 4 4 3.05410301999995 3 3.01109137350367 3.1249679 3.32763459219974 3.73483116494867 3.1249679 3.51514102075464 3.93535108360617 3.35985469354216 3 3 3 3 3 3 3 3.02001733072907 3.32763249212267 4.30303658000005 5.37446498000011 6 6 6 6 6 5.89964635493567 5.10984822221261 5 5 5 5 5 5 5 5.39016892060067
11.1963963 10.7786539436548 9.08974881999992 8.3192476493951 9.08819746000038 9.78066881755486 9.27716282897033 9.19639630000002 9.19639630000003 9.19639630000002 9.19639630000003 9.95652454159563 9 9 8.80835576117101 7.38586567230365 5.6969586199999 4.92645552074618 4.80360369999997 4.80360369999997 4.33047801967852 4 4 4 4.1717423935783 3.43626998705319 3.39279260000005 3.46411546599711 4.19639630000003 4.19639630000003 4.13688056557223 4 3.91242771862235 3.38788007485248 3 3 3 3 3 3 3 3 3.16017978000006 4 4.30303658000005 5.37446498000011 6 6 6 5.87034336954871 5.80360369999997 5.15828149740091 5 5 5 5 5 5 5 5 5
12.2678247 11.9741770003359 10.7781188294653 9.89335251999997 10.040202670932 11.1385534788698 10.6790673199999 10.0910106415272 10 10 10 9.74666478232135 9 9 8.72253222708322 6.97418004311518 5.77812058668601 4.79306266351243 4 4 4 4.17681341569352 4.46376840549497 4.53564939999998 5.17591369490215 5.26782469999999 5 5 5 5 4.69696101999992 4 3.55410421999988 3 3 3 3 3 3 3 3 3.0237698117231 3.38510437847547 4 4.22187589887251 5.20693125092915 6 6 5.84231815966651 5.07199671999993 4.73217530000001 4.73217530000001 4.73217530000001 4.73217530000001 4.73681417914241 5 5 5 5 5 5
13 12.6939217113451 11.4728891163985 10.7525686679287 10.6338805259433 11.5173289799999 11.6109803863128 10.4550972475589 10 10 10 9.05410062000009 9 8.9698891907908 8.55490543533724 7.69392488293025 6.47289074481337 5.37810047372132 4.3392531 4.3392531 4.53899005210545 5.11472032176661 5.82266331563853 6 6 6 5 5 5 5 4.69696101999992 4 3.55410421999988 3 3 3 3 3 3 3 3 3.08875138000007 4 4 4 4.49485314938727 5.47276451143451 5.6607469 5.07199671999983 4.22453594981855 4 4 4 4 4.01144451954138 4.69085526658685 5 5 5 5 5
14.1004728415462 13.3155613483184 12.5183669141359 11.2568927034093 11 11.5173289799999 12 10.6796284399997 10 10 10 9.05410062000009 9 8.91124381999988 8 8 7.64282421700081 6.44689321999997 5.82136299999997 5.82136299999997 6.16832720168114 6.41068149999998 6.1102220767719 6 6 6 5 4.96355046449889 4.58931850000002 4.58931850000002 4.41073202286484 4 3.73722536777399 3.1982260297713 3 3 3 3 3 3 3.00711422741092 3.46298433013455 4 4 4 4 4.44589338000009 5 4.41124981999983 4 4 4 4 4 4 4.08874898000004 5 5 5 5 5
16.1617359400001 14.2504945199998 13.0329657135284 11.62552782 11.2149730840338 11.7500294571851 11.7161542384039 10.8340827407543 10.1293914608416 10 9.57840888327922 9.02801817550191 9 8.91124381999988 8 8 8 7.80606580818883 7.48210990000001 7.23270163424882 7 7 6.26838821999993 6 5.57841004034299 5.51789009999999 5 4.91124621999991 4 4 4 4 4 3.48267581999994 3 3 3 3 3 3 3.01732298000013 4 4 4 4 4 4.23092376715758 4.51789009999999 4.21298221040469 4 4 4 4 4 4 4.08874898000004 5 5 5 5 5
16.3034269971827 15.1937149363006 13.5616587788066 12.17906612 11.7526158309779 12 11.4112426199999 11 10.2683858199999 10 9.60958219966847 9.0299467652238 9 8.96037376499164 8.46486999990062 8 8 8 8 7.76903349563797 7.5535383 7.18810151414647 6.26838821999993 6 5.60958327117656 5.02994809371564 5 4.96037483649973 4.46487132839246 4 4 4 4 3.76903456714607 3.22764119774617 3 3 3 3 3 3.56127234709992 4 4 4 4 4 4 4 4 4 4 4 4 4 4.00958760440836 4.59316132048408 5 5 5 5 5
17.1498218717264 16.0169840402916 13.8863484911421 13.0164618774235 12 12 11.7791963768792 11.2123725716864 10.2683858199999 10 9.45348475738356 9.02028953405068 9 9 8.83981542000006 8 8 8 8 8 8 7.33981661999987 6.72562121982769 6.12309332873792 6 5.64525713413053 5 5 4.83981781999991 4 4 4 4 4 3.41124741999997 3 3 3 3 3.59115261421048 4 4 4 4 4 4 4 4 4 4 4 4 4 4 4.6314624942754 5 5 5 5 5 5
17.83981302 16.4664496757162 14.4853568965225 13.5118362312383 12.3858721210007 12 12 11.3398142199998 10.2683858199999 10 9.73450632556418 9.03767540667503 9 9 8.83981542000006 8 8 8 8 8 8 7.79956509093342 7.18690424130568 6.75619306645511 6.69639510000003 6.03767707802317 5.68432979026228 5 4.9513679052593 4.53510262697977 4 4 4 4 3.82125183182437 3.23664830041474 3 3 3.6089739628678 3.98357332937145 4 4 4 4 4 4 4 4 4 4 4 4 4 4 5 5 5 5 5 5 5
17.716817692362 15.9467854717251 14.6969562199999 13.62552782 12.8964723639876 12.370606151925 12 11.3398142199998 10.2683858199999 10 9.32856063148781 9.01256089259945 9 8.93185091922567 8.19498540486159 8 8 8 8 8 8 8 7.26838821999993 7 7 6.78038494982308 5.98267461999984 5 5 4.76838941999986 4 4 4 4 4 3.3398190199999 3 3.61659127887207 3.9708539970408 4 4 4 4 4 4 4 4 4 4 4 4 4 4 4.72627824427029 5 5 5 5 5 5 5
16.1355594673203 14.9291327199998 14.1120343881482 13.62552782 13 12.4826710200001 12 11.3398142199998 10.2683858199999 10 9.12552901999986 9 9 8.98573261270172 8.70481668688434 8 8 8 8 8 8 8 7.88239479642737 7.16529890315857 7 7 5.9972149780832 5.76476512150274 5 4.76838941999986 4 4 4 4 4 3.89387716180884 3.8392519 3.96833869736326 4 4 4 4 4 4 4 4 4 4 4 4 4 4 4 4.94589217999999 5 5 5 5 5 5 5
15.9856921470025 15.6790649199999 14.9106803 14.1951836827759 13 12.4826710200001 12 11.3398142199998 10.2683858199999 10 9.12552901999986 9 9 8.91917149537063 8.07501206136974 8 8 8 8 8 8 8 8 7.92827269203448 7.11431899122493 7 6.89490241774389 5.91124621999991 5 4.97931261247757 4.63470867078187 4 4 4 4.53616537618023 4.30946648707923 4 4 4 4 4 4 4 4 4 4 4 4 4 4 4 4 4 4.0844868057499 5 5.08082194773113 5.91068030000005 5.69976147878783 5 5 4.59393586856607
16 15.7683846199998 15 14.618828025886 13.5441858610468 12.4826710200001 11.4217762549127 11.0060797181543 10.2683858199999 10 9.12552901999986 9 9 8.91124381999988 8 8 8 8 8 8 8 8 8 8 7.12553141999989 7 6.98267461999984 6.08557793899188 6.96421740000016 6.73675063436996 5.67906972000001 5.34987637176446 5.96421740000017 5.4561488221017 4.99264224903459 4.3398190199999 4 4 4 4 4 4 4 4 4 4 4 4 4 4 4 4 4 4 5 5.08874898000004 6 5.76839421999992 5 5 4.55410901999976
15.991424053633 15.7024475042392 14.5898820199999 13.5385017745479 12.5244345439414 11.4826710200001 11 10.3398142199998 10 10 9.12552901999986 9 9 8.91124381999988 8 8 8 8 7.97612790454752 7.45683248484604 7 7 7 7.76004773757943 7.94646290000001 7.94646290000001 7 7 7 6.76838941999986 6 6 6 6 5.41124741999998 4.3398190199999 4 4 4 4 4 4 4 4 4 4 4 4 4 4 4 4 3.95318374516377 3.94646290000001 4.01639328637674 4.95121426301717 5 5 4.98377642880192 4.57200031999993 3.52444362998514
15.6948296739508 14.3447261035383 12.6969562199999 12 11.94427781107 11.4223537946502 11 10.3398142199998 10 10 9.12552901999986 9 8.99783462530839 8.79736978041162 8 8 8 7.95320419670739 7.48485820901262 7 7 7 7 7 7 7 7 7 6.97998275378519 6.67236725193482 6 6 6 6 5.48482118053601 4.38228467374372 4 4 4 4 4 4 4 4 4 4 4 4 4 4 4 4 3.12553621999994 2.88179611078015 3.87719897493996 4.06656785867964 4.75006899999987 4.75006899999987 4.48490363782066 3.54736682354087 3
14.6796260400001 13 12.6969562199999 12 11.5540994199998 11 11 10.3398142199998 10 9.84228733584766 9.1008758861989 9 8.98267221999982 8 8 8 8 7.62553022 7 7 7 7 7 7 7 7 7 6.98256929900603 6.67488272304058 6 6 6 6 6 5.88437258467869 4.61289965736781 4 4 4 4 4 4 4 4 4 4 4 4 4 4 4 4 3.12553621999994 2.05410782000001 2.8209266800002 3.73228687830313 3 3 3 3 3
-9999 -9999 -9999 12 11.6735215389068 11.1292700627197 11 10.3398142199998 10 9.19695741999987 9 9 8.98267221999981 8 8 8 7.91883876061321 7.45799927776012 7 7 7 7 7 7 7 7 6.99535987687999 6.66719416149326 6 6 6 6 6 5.86144904826679 5.30110619010653 4.51663020847976 4.07188099314681 4 4 4 4 4.02376959871979 4.26782229999996 4.20579246453353 4 4 4 4 4 4 4 4 3.12553621999994 2.05410782000001 2.01732058000027 3 3 3 3 3 2.8805804521871
-9999 -9999 -9999 -9999 12 11.4826710200001 11 10.3398142199998 10 9.19695741999987 9 9 8.64929998149424 8 8 7.92142513440584 7.46051492029384 7 7 7 7 7 7 6.72756805680677 6.66074929999992 6.66074929999992 6.64930156729258 6 6 6 6 6 6 5.48267581999994 5 5 4.5165896142916 4.06681957100849 4 4.32089539839129 4.33925070000008 4.39789311220915 5 4.84696505719067 4.23644532810944 4 4 4 4 4 4 4 3.12553621999994 2.37500240418961 2.35069526111086 3 3 3 3 2.87296330761113 2.21485831999968
-9999 -9999 -9999 -9999 12 11.4826710200001 11 10.3398142199998 10 9.19695741999986 9 9 8 8 8 7.76838701999983 7 7 7 7 7 7 6.69954233264014 6.11607253838616 6 5.61153987956082 6 6 6 6 6 6 6 5.48267581999994 5 5 5 4.52675305275629 4.41067910000005 4.96811454519074 5 5 5 5 4.82141420994146 4.25689415903207 4 4 4 4 4 4 3.12553621999994 3 3 3 3 2.90488434671476 2.46487109568829 1.95796317533795 1.32654802636435
-9999 -9999 -9999 -9999 12.2671354861276 11.7320792012254 11.4821075 11.1402022359312 10.964215 10.1611724199998 9.96421499999996 9.05216462931339 8 8 7.92277381259768 7.39794187475528 7 7 7 7 7 6.6817206411266 6.13899624622632 6 5.57841213906761 5.02801954828533 6 6 6 6 6 6 6 5.73208168710931 5.19826546553763 5 5 5 5 5 5 5 5 5 5 4.62553501999989 4 4 4 4 4 4 3.12553621999994 3 3 3 2.92277728377164 2.28628671999993 1.36095337093435 1 1
