catData/variables/futureClimate2070/rcp85/CNRM_CM5_2070_rcp85/bio16.asc
NCOLS 409 
NROWS 350 
XLLCORNER 60.897278365 
YLLCORNER 5.843756025 
CELLSIZE 0.0892857 
NODATA_value -9999 
[rows 150 to 174 of 350, columns 280 to 335 of 409]
913.004358666659 908.346284188616 897.692930959579 880.819737736312 862.956175640603 856.59438089077 850.705717958833 843.500449173984 840.25083292 841.687498193945 851.169472286442 864.690504060002 855.597593565303 832.646879922147 814.128200525874 807.612321573092 811.736399767163 812.897884411321 799.023745537638 789.699633613958 797.860562746225 819.150928696362 839.258074780021 849.532770003789 848.345585023819 838.980660209592 827.071635784877 818.071573457325 813.615946754396 812.89090108013 814.175782084712 816.961625400001 822.440754427559 829.251115022044 835.802737089601 841.488570732713 846.918268073779 854.316630440003 864.892480911739 879.676160047512 899.45012541894 922.012090870355 947.222445176451 970.253275160414 982.215090863102 987.411967396044 997.345765002397 1006.15132547777 1016.04741998 1027.45431538962 1040.89579587586 1064.53911267373 1090.4701723 1112.78171825033 1136.47740574464 1159.57844678869
941.059219932593 932.007140158049 914.093485976342 892.604483648547 870.708148837864 853.496726673975 840.485302814848 832.705060845039 827.965122358078 823.569136481688 821.359606167099 829.028972134197 830.729052788044 809.395029975463 781.365905556445 775.702586473431 803.241052256994 827.339592996522 815.170004785701 805.31135326833 811.922784386286 817.828348658571 824.765229431619 827.365254976191 823.068893858285 814.095857299998 805.420873961994 801.961630127851 802.744155192374 804.51947187538 805.019659139716 808.158647355566 815.842901770282 824.558490409995 833.480446339708 842.358420439227 851.216634630289 860.28389250385 872.599447240004 888.115419644426 906.39482333202 927.844942080001 950.760931104313 973.019525111924 982.515383771052 988.083340336891 993.442649060003 1001.54887285464 1013.47701287713 1028.11301311429 1049.79027863187 1077.46330081017 1103.41433594092 1130.74967417853 1158.69060075599 1187.20340751739
951.676727705207 952.112275095782 928.545959455146 902.490118283873 876.648744726907 853.518583327487 834.72330540133 821.946504318209 812.141443745411 803.244885061715 796.454358480656 807.62583428078 819.898691418721 793.677912423432 744.595115086015 718.269928529657 781.578560109814 843.532728401447 829.883057699996 815.293070055675 810.857239041094 813.1402670658 815.366400278276 813.299554706674 807.165158339998 797.899009799998 789.318434059641 785.33320973524 788.357025705634 793.685013936194 792.86931718944 796.718836673022 807.228656758713 820.86186477589 833.439760520411 844.798292711437 856.074433250664 867.279162080004 880.099446040004 895.342132023643 911.815596424826 930.749123743537 949.361574539793 966.828089493589 976.204689722513 982.716937111237 988.481600575026 996.205562606207 1011.00595398464 1030.75789815735 1055.8427107699 1084.88194881114 1115.11361537127 1148.49396994719 1182.27150637862 1218.3429405724
948.346450102553 957.151593805519 936.261298714644 909.574163947555 881.093049798661 854.367467037331 832.529974562214 815.877717587749 800.344906859964 788.077028079997 785.796106190346 806.003964480084 821.763845905764 788.611351505634 725.702349486459 674.671583841044 745.419249788936 816.910583948622 823.491741775 818.499499899988 816.495000869398 819.207938467744 819.396824070558 813.844377017884 803.886813915352 790.124699487564 776.340859779728 768.213907947193 770.073891284841 771.736955323696 770.760161510275 781.714735730499 800.50434922157 818.806575548844 835.358272482533 850.368488980002 862.468439815621 874.779160880004 887.165314249267 900.878041963413 916.813149845858 932.908637846363 948.339407378069 961.341725685907 970.37061394 976.068224880001 982.794603724794 993.40334374 1008.72133162 1031.4644999871 1060.42613347714 1090.90921079392 1127.31150170272 1166.46989785051 1208.9306683366 1254.58636925374
930.733231077491 944.961648463148 935.688719418158 910.517374739595 880.701804525709 852.801223628165 831.173201337947 813.054623344061 794.320962230906 775.04751450667 764.428711984131 780.05365402559 804.599352625688 790.060348843264 743.324832443092 709.313258854164 736.763749572724 784.01162331299 803.336799137945 809.210013665446 817.982265704292 828.71922213094 829.155763043211 819.995783103835 807.403755996067 788.684499204899 764.471954443182 749.951749359144 744.969655739979 737.155537727517 738.625979861082 766.783652399021 799.170946878246 823.55319503077 842.779671769197 857.983670084695 870.778551760001 883.189835180004 895.021753873659 907.491885259773 920.621631583554 935.06334472 947.869526734358 958.115390168473 966.834822939999 971.461005480001 978.002061587749 986.852946271301 1004.41196729631 1033.49835661629 1068.04976295068 1103.15563958685 1148.07899283085 1193.62028729079 1243.93781278192 1300.12445917902
910.817159312112 930.237091724931 932.063376643651 915.409367335417 884.707235609565 858.214938130005 834.764174284789 815.200054709157 793.764663453109 766.755677129901 738.029978642917 742.532311733738 781.122354225937 792.041014253721 767.311038404094 743.952156202627 740.043419520526 765.615145232476 784.749410302263 791.546980367687 807.817234827117 825.79481703348 829.39017557858 823.606566601538 818.696938692016 802.212148621573 765.890430849209 744.032565740731 737.088842200154 723.08481723966 724.981260340265 777.474251043828 818.771247120014 842.426587172812 854.803973617786 868.754624011324 881.560834336939 891.86760973652 902.564870880004 914.361118967838 926.166005757631 937.997077082246 950.585829802798 959.957382786998 966.673199153565 973.016989519717 976.377510869086 982.628114667698 1002.73888323219 1036.46349982564 1077.81158584689 1120.97559329225 1177.63590061885 1234.03314220092 1290.80951886133 1356.40310911537
907.288488954289 926.151556580006 929.258363006651 913.709159282484 885.821279614116 859.564107707316 838.19504963673 820.366043119996 800.936497437116 771.621228439878 741.816233219669 740.57375773263 763.812068030971 780.56948804349 780.76850020798 762.899275323207 730.363243494959 737.210514057236 759.265727879561 771.005226406539 784.155598760783 798.775725119282 809.3961334626 819.334355574013 832.297936846422 836.36652865833 807.001416209336 775.818944065648 766.834372969686 771.043320481744 789.532225218929 826.635100928619 860.84668965331 871.980977730755 875.947348354355 882.108421590258 892.95871612 902.577703948979 912.190895020002 921.833750620001 933.386356058734 944.7439682 955.544225007421 965.451983150251 973.412383987138 979.928430969966 984.56363860958 992.302412221982 1011.25676230534 1049.8549735916 1095.70595847193 1146.43056007857 1204.38832496725 1270.37302118248 1343.72268629944 1420.08793476435
911.955715892246 928.960143136774 934.540297069931 916.270230345858 886.549094567381 858.712393075982 841.391861586097 825.325793391219 805.153643401756 777.500139551036 756.778795150861 756.86299053247 766.270560685172 774.163153352142 781.495692224516 770.741938487295 743.697532661636 736.178757350648 746.984848216981 753.870858891204 758.688808923811 768.307341542417 785.521286084081 808.0067596919 833.854590877674 849.841558167816 833.400136665616 807.27963894 805.991324187182 838.275145916134 874.55281549129 884.432345435666 895.173527940075 897.929005040001 896.162480334861 897.540961321693 904.744428520001 913.997141390308 923.090460026834 932.525863047936 942.726072100004 953.623191343522 966.211246989251 977.805843329959 989.52874988 997.878767032867 1006.09173756432 1017.63136584 1039.34859613278 1073.14163294936 1114.77378052782 1170.16810113284 1241.38085749895 1312.45830330902 1393.48191519902 1482.00767545856
918.417543724598 926.487206715233 929.727260066235 912.989488671327 885.95686308671 862.574927715492 848.480077914682 835.021772529363 816.032517850638 795.811814987046 783.827378328558 784.881192128098 791.045105429482 794.891276269019 792.799918740492 780.431144005203 762.095463333176 753.11135443689 751.215681805096 749.001113323366 744.336881446603 748.310484615242 771.655213786922 801.95316506553 837.704554540893 860.606215935113 853.389922972455 829.304032850133 830.757853995641 872.112325799384 912.038321102717 916.377351154445 917.464342920001 916.295671725651 914.387554716047 912.843474903973 916.922919120002 926.565774720004 935.589755251226 943.477668460002 952.958095000005 965.566538659047 980.503228471081 996.095787874196 1009.2609791996 1022.69920868934 1035.27617536461 1050.33193511851 1070.8463067966 1101.36839784079 1146.56839367719 1200.84828970779 1269.36048333836 1351.55413103941 1436.32164477761 1531.95131010512
913.191439702087 910.823510039999 911.079017531546 901.518387601284 877.878566204031 862.693784513945 851.305670642728 842.059098850221 831.361642771 822.52441354635 816.358457679999 815.132050223722 820.151101752456 823.696710857699 811.78182037186 795.867144647489 780.150077435056 770.734268099999 765.537124402134 761.771897555621 756.657131720949 761.928927998813 790.06627179668 825.768912243268 867.814584700005 898.865593989308 900.302197574531 869.254145163016 858.581882449621 885.880857360634 914.717439017508 927.918555971533 930.392920713849 930.3424779204 931.141300664634 930.725044617834 931.789461286595 940.881569828871 949.776801144387 957.721415179805 966.891747593746 981.774537243745 1000.01180901227 1018.99545344592 1037.12472189246 1054.09847807202 1070.28745997705 1087.16728596 1105.70416746267 1129.38798700407 1171.10714428825 1230.91294939728 1296.23783809137 -9999 1471.89337956149 1567.70693448209
887.412813849813 883.498193776435 882.807433744623 874.471117056556 856.693420306557 847.800328679025 845.869178608994 845.980436944214 843.759520458746 842.30165985918 839.522529271626 835.640892418697 834.380749503818 832.415201572191 823.95284702299 811.294395317953 799.344971820001 789.686598751278 785.258485564978 787.738304044623 794.491470867668 808.409850733271 838.988837572485 879.304925902349 921.823588017457 959.920926644384 980.556676691866 948.098913593716 910.589170648592 910.91885149157 926.582919967552 937.479344620001 941.557531131069 943.660038381551 947.448266697859 949.572345957851 950.488214814776 957.225754100004 967.25644069999 977.143537463675 987.088865942087 1004.05948792 1026.29504052737 1048.87737891764 1071.09227947527 1091.9102770545 1112.92466373372 1132.79335307317 1151.27555921215 1170.92809427246 1209.94674102615 -9999 1330.96423870457 1402.76575292942 1508.48009170788 1601.44212764802
861.472396206231 856.802581033383 846.806570022272 833.780337294353 832.353609989442 832.625789038087 836.87159866 844.171239970261 850.501462784979 855.949175933343 854.888359618971 845.955502764958 840.369517013643 837.986568036742 833.491882437593 825.724845043065 814.73341021586 805.85893408 802.585550172202 811.815273762216 828.859400253939 851.799796733685 889.746140668801 934.260204767813 972.44765136415 1010.2810627355 1044.99063733953 1020.12958218898 965.670879439994 943.450716181365 945.970792607356 951.811488801591 955.463914406582 957.615926034752 963.413076142924 968.176789960002 969.945217780001 975.395566934868 987.202303126809 999.825325631318 1014.52245110777 1034.30004122034 1057.72666086829 1083.33073158937 1110.62790411849 1136.91338050397 1163.74042554675 1190.10878081133 1214.96110125034 1242.67440611096 1280.91431952358 1326.95102585826 1377.05293200014 1440.11550325109 -9999 1614.78066786293
850.598961859329 847.439659979328 828.568716893354 811.789614161217 828.026846416648 834.723060252074 828.621038860001 838.242075320004 851.938256043692 861.010037935973 858.915961790603 847.006961439998 840.067517348591 842.588927650341 845.383651706315 842.610673858929 831.789337235435 818.175625382543 811.55261087745 821.393017348864 845.937293392433 878.913907589541 921.941899944427 965.777392833691 994.580955565698 1019.80955225422 1047.60250665176 1041.30485808191 1000.64613298612 974.559469178515 967.424844488584 968.230938640535 970.451741184231 973.520094382548 979.027229306779 984.01941365772 986.665406446649 994.190881600143 1009.11492375363 1025.46564340283 1043.87570980041 1066.7809245494 1092.1884257784 1121.33076735479 1152.68977239457 1185.7273559815 1219.94837235748 1255.3065133368 1291.6632515456 1328.34141112136 1364.96574723415 1402.65478988001 1444.15459265254 1497.35938219609 1560.43014951687 -9999
856.875206324654 852.780829070926 841.983488183623 830.702447377968 848.560182141032 838.908490053016 834.197140718105 840.607286908327 850.015493373639 855.335938125281 850.809073779998 840.051809769179 835.34769275624 845.866025982369 860.364021811783 866.445357870952 852.977190596469 829.21114488658 811.121750078589 819.479010214114 853.368820468009 891.439197321541 930.381091876251 964.279900409782 984.471149623539 999.543195011076 1021.57904789838 1029.84805372643 1011.60301778887 993.100247114673 984.569097740465 984.222760161056 986.015581540002 989.478655082702 994.460827400002 999.37968848435 1003.97598777551 1014.698543452 1032.47339311364 1052.30568536293 1074.39615541387 1099.56858380929 1127.56790399034 1160.02093674188 1195.86646523879 1234.61725235323 1278.51679741385 1323.07462973072 1371.33625924537 1416.06145671113 1453.68805896313 1484.86532130481 1521.17299449835 1563.84824291251 1615.85584684016 1667.38899789107
874.016510007799 864.769623360581 859.493201019868 858.639693415991 865.293775309318 851.343766401105 850.568961440001 851.927498219832 851.200763720341 852.733235139999 846.969344279998 837.10569521938 836.385458639188 855.100052455768 880.646232646651 896.741408723849 878.156234204088 841.605797701752 812.02500796285 817.565941492638 861.14683439493 902.104618300008 935.064828955623 953.722498386781 962.035662163699 971.079803921044 987.713923073494 1001.86553206267 1002.34152731485 997.815044216931 994.530384046138 995.670013122378 998.626628179056 1003.40031627668 1009.42705763383 1015.34016150195 1021.85435780813 1034.76117257056 1055.15522252728 1077.84795181915 1103.41999447019 1131.53478770163 1163.24013600411 1198.32327585637 1237.14048628532 1282.91178576248 1332.15048629664 1386.34063789419 1446.91909305849 1504.59756206002 1540.65828706954 1561.36018303702 1585.86527202702 1621.05361793771 1664.56151556861 1703.13124247234
895.703230542203 882.965516321179 874.54242629423 873.885977242703 886.223746279188 879.439399446859 869.474694378885 865.594882361334 861.890930291284 860.693140694439 857.862448984176 851.466441702517 852.785458912354 871.401425674377 899.686133754607 925.222570360786 896.842502039797 854.222158625329 829.363290402535 835.064523428269 871.993558944553 915.046036562561 945.145617938992 943.817260866336 934.965153116983 938.192777897159 955.540248841596 975.577804688559 988.936067395976 995.907661773976 1000.27215691156 1004.6590794711 1010.16562411718 1016.5405618613 1024.13886368 1031.20045189282 1040.09477395108 1054.00627242001 1076.83890981214 1102.27093337151 1130.10005938999 1161.93151365385 1196.45042831194 1234.44900429626 1276.61221055557 1324.92523894185 1378.56258506925 1439.59370533932 1504.85257438722 1567.97077122629 1604.015187979 1622.23068452678 1637.73137336638 1668.79413008036 1708.50839900442 1735.37783054155
921.778412846789 905.880793185325 892.693804956315 889.393144312442 895.861959883431 898.201362381459 891.680305299949 887.448716169256 886.414915179111 885.156516150644 882.781984220841 877.430909920001 875.376004648637 882.525863951463 898.306986764421 910.189792428325 886.600486831691 859.354392256711 849.434669532754 856.610790566134 880.629658616544 912.002314347147 930.619989229612 921.436778053396 906.104106167194 909.059723751021 931.904635116053 958.387160329051 979.727576453681 993.745552367083 1003.81231772088 1012.49170920502 1019.87917402448 1028.85009054463 1037.95883846886 1046.70908220424 1057.74958334211 1073.63432018385 1097.52065420001 1125.07372305034 1155.38968730651 1189.9612868061 1226.69531536571 1266.52408416268 1312.22550745738 1361.19290871549 1414.94765814003 1476.91895145253 1538.53845443832 1596.91995385707 1636.29775264661 1660.69717051785 1687.82347450091 1717.48288649942 1744.54263421806 1762.70904119767
931.12991958 915.959313984914 909.677352545891 908.968500570563 910.576107157457 913.780850714887 913.953862918642 915.50689145542 920.841842877562 923.44543642 919.953869524749 911.210098901226 900.262161231274 889.508897855745 885.821710003572 886.274933158639 876.528190976027 867.54825680425 867.710748800002 874.074576477678 887.667890831888 904.476174464264 910.355498237642 903.699054910388 897.454474234376 906.896830598271 930.857458112921 957.193099518175 979.064610012048 995.674558828175 1007.77012670021 1019.20000107903 1029.42609463248 1039.83374102 1049.8280616142 1061.44877016173 1074.39605579699 1091.71924624313 1117.06756309851 1146.33500741538 1178.14319256152 1214.11151908764 1252.91618764754 1294.83784619981 1338.26281497589 1391.53556330432 1446.03673775031 1503.13614757558 1561.14533724511 1612.58739609669 1653.6708853028 1685.51503520508 1719.6255463395 1750.31276279073 1773.12299182875 1773.49711767061
931.786630837645 925.757392539849 926.486675642206 923.024104774488 928.424422914588 928.582270895238 934.821928942655 946.061839072332 958.003748835889 965.377819700903 959.936275307374 943.197932311635 923.547482812986 904.461171842712 887.762115009035 884.8213462 884.145419566606 884.577456946411 890.639982891479 898.457616200001 909.296015236106 917.608646335154 913.881128795505 905.284630500089 909.02767686569 -9999 949.788355995374 968.131185532949 986.901220579407 1002.60551745725 1014.77915608 1025.66839397534 1038.17253860001 1049.01835608516 1061.07579809007 1075.11595311498 1089.95798253995 1108.02310148001 1134.09789080487 1164.59089280732 1198.74938494933 1236.48466831223 1275.83511216001 1318.89756415716 1355.83949494284 1414.09497558001 1468.90732548453 1525.05689231822 1577.58524698117 1626.28874156814 1669.63756947465 1706.73722828322 1740.45391452076 1769.8602387766 1789.97005748754 -9999
926.505294947095 927.852122533063 929.85592976 931.892633547699 934.188214707434 937.185708418078 942.822446876544 964.200493671306 990.945099872902 1006.43678793886 998.46106541446 971.05584973997 943.8217741194 921.808879789098 904.654188729683 897.401817757665 897.714149487251 904.848564410165 916.975629243339 933.954490121587 949.162844815246 955.04017581884 950.230207059947 938.935019248907 -9999 968.05081037044 976.821181364628 987.709401642996 998.826350991518 1011.34547913716 1021.40339811959 1034.03030062203 1044.95401781555 1057.77567102655 1070.62192445467 1084.99155209236 1102.7805767458 1122.56820168169 1149.74144998048 1181.9605878785 1218.43722725608 1255.55952986637 1295.9839563512 1340.3702443144 1374.06850362051 1431.66303842779 1489.6468167342 1538.63214562 1589.75929754684 1637.06518718247 1682.52013476485 1722.47099926498 1766.75930000054 1795.97091576897 -9999 -9999
918.715748285781 925.11938563111 927.835298932145 930.944815540001 934.163849922364 937.638500844836 944.414509458401 967.052621112338 1003.144168932 1020.41745171464 1013.54858277716 985.237849676888 956.620520646467 934.33897223669 918.154545180362 910.275260297126 911.376389116327 920.793903438787 941.05264021725 971.362544295012 996.821920348222 1005.1131271161 1009.21096024 1007.73455243343 -9999 1014.47277200619 1007.91403968711 1008.29877846076 1011.74650269508 1018.60278036 1028.68719632399 1042.35241544 1051.36741954001 1065.30456122053 1079.50966002 -9999 1114.024386221 1133.21255415035 1162.97167888076 1192.59407076 -9999 -9999 1310.27418468536 1354.51881407543 -9999 -9999 1508.8621461095 1555.83322366354 1604.83364512301 -9999 -9999 -9999 -9999 -9999 -9999 -9999
912.975329851377 922.604307828565 926.705867019997 928.67700044 932.002178465738 937.61661076013 952.365472251484 978.575003065196 1000.21280730833 1007.91945143981 1001.76724148593 982.151439197507 958.229398331765 938.554002703159 925.492596394449 919.98641218866 920.563887360097 929.688249959275 950.572031031105 988.731361893574 1026.38585713344 1039.32907814366 1046.8268240616 -9999 1083.79138584849 1050.20602371094 1030.86302992 1023.74125035055 -9999 1027.29304253372 1032.7360583198 -9999 1055.41430226308 1069.6368991145 1084.77078058594 -9999 -9999 1141.68264741926 1170.88519902001 1204.41425415193 -9999 1285.92610171218 -9999 -9999 -9999 -9999 -9999 -9999 -9999 -9999 -9999 -9999 -9999 -9999 -9999 -9999
909.874711529299 921.284191300177 926.558368607849 926.627451937556 929.335934380002 937.651943364544 958.155375191022 979.72032737336 988.865747536732 991.271300437813 984.982882689945 970.589213273126 952.475670121882 937.689494972935 927.656900302988 923.548429188758 925.08810866 932.20407715572 946.538044307737 979.95024746269 1015.08343447898 1043.5450447 -9999 -9999 1082.01627398343 1056.78226990381 1037.29695531414 1027.61581780762 -9999 1027.90856062 1032.38002826519 1045.96969323409 -9999 1071.80531055088 1088.91183379625 1104.77713709598 -9999 -9999 -9999 -9999 -9999 -9999 -9999 -9999 -9999 -9999 -9999 -9999 -9999 -9999 -9999 -9999 -9999 -9999 -9999 -9999
911.067627325141 924.36392147678 929.772812712897 930.04933762021 929.454569399396 939.16251931626 958.147053371495 970.629552343857 976.244592299532 976.568040884322 970.398418679998 957.181296849995 942.801494799533 932.985117283391 926.7558844543 923.983319739999 925.62390686 932.190183180003 -9999 -9999 -9999 -9999 -9999 -9999 -9999 1044.68322739383 -9999 -9999 -9999 1023.3888294139 -9999 -9999 -9999 -9999 1090.70515488 -9999 -9999 -9999 -9999 -9999 -9999 -9999 -9999 -9999 -9999 -9999 -9999 -9999 -9999 -9999 -9999 -9999 -9999 -9999 -9999 -9999
913.457065942723 925.811813533728 928.553118256447 931.64363918381 932.534018002468 943.077468351205 953.828529874786 960.662048174371 965.109023006045 964.752572447077 958.788193746874 944.41006153458 932.676725083119 928.122026364367 -9999 -9999 -9999 -9999 -9999 -9999 -9999 -9999 -9999 -9999 -9999 -9999 -9999 -9999 -9999 -9999 -9999 -9999 -9999 -9999 -9999 -9999 -9999 -9999 -9999 -9999 -9999 -9999 -9999 -9999 -9999 -9999 -9999 -9999 -9999 -9999 -9999 -9999 -9999 -9999 -9999 -9999
