catData/variables/futureClimate2070/rcp85/CNRM_CM5_2070_rcp85/bio17.asc
NCOLS 409 
NROWS 350 
XLLCORNER 60.897278365 
YLLCORNER 5.843756025 
CELLSIZE 0.0892857 
NODATA_value -9999 
[rows 162 to 188 of 350, columns 244 to 304 of 409]
16.9369815969111 18.1432955199997 18.0280740176541 17.9092661241633 15.7684869964416 15.9294204790614 17.8503710908714 20.71264624 22.3209086800001 23.3923370800004 23.0280347234221 22.9827034199998 21.9572254475844 21.5178973 21.7494790800002 22.6639793259056 23.5683593095981 24.732850974899 25.7852012606048 26.8227957561078 28.6979899916119 30.6641560871146 31.0715892 29.7129829256362 27.6261657399999 26.5256158326169 27.0561037692625 27.9227907801343 27.6378316356378 27.8788676888588 27.3239778133557 27.2149525178525 28.5166886600004 31.8369882200007 36.7592218026864 38.825190464161 37.3581922399999 35.668202955167 33.1343726506708 31.0077174614775 31.4954317450328 32.0057324543617 31.9158615073157 31.0579662518121 30 29.1082756399992 28.5172905800002 29.8725419897995 31.8023974600006 35.0295246987929 38.3732179400006 39.8386379800004 39.9642054 40.4296375864411 39.4361560012758 38.9642054 39.0841372497308 39.4821027 39.4955053214746 40.1787072837597 42.0345763600003
15.6495921023062 17.0467083668851 17.8929377999999 16.3562628483666 14.2155115291908 14.2628479299858 16.7923487308387 19.7897950083393 21.6939720524841 22.8744397800004 23 22.4291723199998 21.4068559557767 21 21.2315817800002 22.3030101800003 23.3744385800001 24.199065740107 24.9637642800002 25.4464689 26.7667732600006 27.7730968768139 27.8929377999999 27.8929377999999 27.5719046169673 27.1225048270422 28 27.8398490199999 27 27.1677242297721 27.5535311 27.9993956800003 29.5881170600004 32.5825410269357 37.5954852461135 39.8514201747114 38.8384759555346 36.8046611399993 34.2395057571812 32.1320742219961 33.4157015411719 31.9284986396508 31.4253460395259 30.6969946199997 30 29.3550742229433 29.0708216800002 30.7309690600003 33.2392379654143 37.0333653200004 40.9605625270608 42.5350258800005 41.6134663625871 42.5285225495294 41.1070622000001 41.1070622000001 41.1070622000001 40.9393406271773 40.17909972 40.1984534055311 42.0345763600003
13.3750405 13.9053370590196 15.1251214999999 14.62346427437 14 14.7358600381795 17.4779674437617 19.6309157266107 21.6060227600002 22.3279503323112 22.9661698048387 21.9827034199998 21 21 21.0868525465622 21.8674197705882 23.3744385800001 24 24.5172953800002 25 25.9077359836637 26.3750405 26.8768885906364 27.5464879477864 27.9796974750641 28.0108081620858 28.6804075192358 29.08976802 28.3946467335353 28.9885186893152 29.249919 29.4171362750156 30.336258297866 32.7661641400005 36.0630482706992 38.7711131471676 39.0738805107335 37.7976164878828 35.73323274 34.2564041178172 34.5029656593322 33.1498326235175 32.5381087536323 31.5681814384352 30.234005947932 30.4577431250816 30.7672095800002 32.0594314406189 35.0179670165321 38.7190168863194 42.8369762200008 45.5923619759618 43.9831565400001 43.61847528228 43.1944739805699 42.8251292531595 43.5854290325406 42.3219565199998 41.25052812 40.7921749748212 41.3880080353427
13 13.3030125800003 14 14 14.3602399146891 16.6938038363307 18.6904564550756 20.241048515118 21.7432032514059 22 22.9458681800001 22.6790913199999 21.6963879 21.6963879 21.5351171505474 21.3950077370716 22.9388051764054 24 24.5172953800002 25 25.6601521800003 26.5094638637871 27.4993968800001 28.5708252800004 28.6963879 29.3980265223077 29.7851104800004 30.6477641246452 30.4630861018786 30.6963879 30.6963879 30.6963879 30.8534443079731 31.5362288034902 33.6908561789804 35.783034355088 37.3328565318648 37.9506810988176 36.7669610528851 36.3927758000001 36.3658392798378 35.8174895866858 34.2315083932094 33.2093903205334 32.2028463262568 32.3927758000001 33.2703012806964 34.6778826800002 36.8103159247034 40.4005757611254 43.4863877307977 46.623297740001 44.4495918984459 44.0120401150307 44.7312340970139 45.1864083360336 45.3945044754592 44.0897728199998 43.01834442 41.4613017323336 39.9433788706348
13.7678163000001 14.0708288800004 14.7678163000001 14.7678163000001 15.6823037474384 17.9864702055187 19.506877447044 20.6692609231534 21.8030113800001 22 22.9458681800001 22.9827034199998 22 22.122968375664 22.5362345199998 21.8381703247302 22.4613771149273 23.5745276348759 24.5172953800002 25.4520317144817 26.4279684800004 26.9376773859126 28.4195723638906 29.6422536800005 30.4940674634964 30.7810950532993 31.5562325368982 31.7678163000001 31.7678163000001 31.7678163000001 31.4803180976863 31.3423420921169 30.9734443361605 30.2321836999999 31.7057592784752 33.7576632313284 35.2216353188687 36.3388023800002 36.9710026614742 37.7678163000001 37.7678163000001 37.6934485202918 37.07187192 36.0004435199999 35.3034489000002 35.3034489000002 36.3380300600005 37.8921678800003 39.1168717412342 41.3385041028618 43.6060083600004 46.623297740001 43.436169582022 43.2760232155624 45.8565340800004 46.8907791473868 47.1262512828099 45.4648133199998 43.8183958864089 40.8946043599994 38.7148955199998
16.5177341 16.5664449782017 16.6784894 17.0526829140575 17.6840508196265 18.5226117336838 19.6601545800004 20.73158298 21.1290883352953 21.8946242508345 22.9458681800001 22.9972194830931 22.8392447 22.9993980799999 23.6076629199998 23.0935443876113 23.4244367925188 23.4458669800003 24.9514327859999 26.42796848 27.4993968800003 28.453219824388 29.6105863294827 30.7136820800004 31.78511048 32.6812695310942 32.8392447 32.8392447 32.8392447 32.584947026576 31.9398073995533 31.9109197943173 31.8336848236243 31.1844081020582 32.1595442600006 33.6884279497995 34.8030065800001 35.8744349800004 36.94586338 38.0145120347188 38.9137026408483 39.8128932469776 40.2861571199998 39.4690243792364 39.671220365366 40.1962235 40.7966712823753 41.4516184962456 42.1778814800003 42.7529434679733 43.7713360578574 46.623297740001 44.8041737088036 44.7013374989378 46.1631737066614 47.8649890472098 47.5368508399994 45.188409729901 42.5124560111786 40.1973614173078 37.6144490931243
19.5211218168883 18.5454007944322 17.9106731000001 17.9505012295204 18.471089172936 19.4993992800001 19.9696426621522 20.73158298 21.73128086276 21.9887840947841 22.9458681800001 23 23 23.1601533799999 23.7684182199998 23.0270669600479 23.7378617472249 25.2672131800004 26.8559369600006 27.8739350702238 28.5708252800004 30.3084844346887 30.8930765028556 31.7851104800004 33.7179134020567 34.8213462000001 34.8213462000001 34.5296558211507 33 32.9729332543367 32.9106731000001 32.9106731 32.439588298295 31.9474113441609 33.2309726600007 33.9760227109271 34.8030065800001 35.8744349800004 36.0844910435589 38.9279648800003 39.9993932800004 41.0708216800001 42.1008779725307 43.2838969974432 44.9277992800003 45.5533655000002 45.1284908478213 44.7320193000001 45.3921666800004 45.0657929165425 44.8930760740865 46.7376486116311 47.692388492477 48.6442368067185 48.7478690685248 48.4731506454187 45.2937271586991 42.2761086493173 41.3404641399998 38.7915748319814 36.5689501209477
20.7505173199998 19.976678029337 19.5964639518807 18.5442125130977 18.0092588543153 18.60662468 19.6662373032502 20.73158298 21.0143726991849 22.7354757391962 23.9279696800002 25.9123305056742 23.9821015000001 23.984968005272 23.7684182199998 23.5951735045872 25.3453434689244 26.8658551098591 27.9827206227179 28.5781865074238 29.6422536800004 31.4452626600004 31.9821015000001 33.715325142555 35.8559345600003 37.9293198598808 36.7899338421957 34.8369825576844 33.7546670435328 33 33.3677343340322 33.5442172271849 32.9907412315975 32.9821015000001 34.3024010600007 34.9821015000001 34.9964741132721 35.8744349800004 36.9289338442932 40.0163755630763 42.0529231800005 43.1243515800002 44.1957799800003 45.2726317217943 46.724267256989 47.9642030000002 48.4629761291082 48.3502242066637 47.3097884157617 46.9690073909018 46.9642030000002 46.9955050630663 47.94586098 48.9830200739677 47.9307686351849 46.7126382635971 44.0916001799987 40.7203188188372 39.2869342399997 37.1360972187272 -9999
19.958866777997 19.9837797668938 19.5920729082153 18.9761326566755 18.9464701 18.3892583735427 18.6601545800004 20.4240043962389 21.7494814800001 22.8209098800004 23.8923382800001 24.9300994041976 24.0047494393069 24.2136832799999 25.272715130475 26.0162201046344 26.7623197405132 27.9464701 28.0018516399237 28.610739354929 30.3203043600007 31.7707420152895 33.6165628696017 35.7488747600008 37.9929957612337 42.0044246271775 38.9337039274933 35.7418008059442 34.0946633789465 34.0535299 34.0535299 34.0535299 34.0258392585099 34 34.6954875317087 35.7459467731825 36.0429848619267 36.8811564629644 38.9423587321451 41.0881134600006 43.2309702600007 45.2051057425275 46.0247925851634 46.7130705600005 48.4614501772 49.0773968579092 49.6520408930185 50.6547664756176 50.3398526199997 48.5760096183457 48.010545166545 48 47.9493681563267 46.9473955987825 46.9112822199997 45.67970764 43.5368508399994 41.3939940399995 39.2912237886564 37.6850668494372 -9999
19.1066258800002 19.6098930568751 18.9532104916888 18.4291723199996 17.9396823511826 18 18.5776627859463 19.6066246799999 20.67805308 21.8587499883616 22.9458681800001 24.0021613512326 24.2136832800005 25.2650991858959 26.0289380655398 26.3901048430248 27.0467892084113 27.1249583000001 28.0302683574351 29.0221735454368 30.4452626600007 32.4967023944105 33.8030089800001 35.7488747600008 39.7834631200002 42.7500833999999 42.2620944110714 37.0697534257959 35.9223166856398 35.2120532629245 35.1249583000001 35.069243820053 34.5473470713826 34.1985239228186 35.4877249657465 36.1249583000001 36.9279648800001 37.2342262085615 39.9693132600031 42.2823394085679 44.3023986600008 46.1449701943043 46.7130705600005 48.8559273600007 50.2967052086115 50.8207370800006 52.2155368055519 51.8961273629183 50.4648109199998 49.39338252 48.4222961572256 48.1406489913386 47.0609041399029 46.0151289284674 46.7641518740624 45.3448559288084 43.4118925399993 41.344761214551 40.0781699912886 -9999 39.1550213915827
18.3824908271178 19 18.699094248407 17.6629545038304 17.4157073760686 18.0348492833876 18.0667411205439 18.73158298 19.9607121349808 21.9452662600009 23.3280108105054 24.2102864617327 25.0887249800004 26.031451993792 26.4734480615547 27.4522805693168 27.8900639229214 28.3927734000001 28.3927734000001 29.4546034396344 31.3870459518726 32.8752532758905 33.9993956800001 35.7735335885859 39.4119522016458 40.8036132999999 40.6435920747009 38.6796980399999 37 36.7564989179883 36.1963867000001 35.838083993513 35.3927734000001 35.8658777309626 36.7268918432003 37.1436722245623 37.8416934676756 39.0461623800873 41.0881134600001 44.2170743556117 45.5702137600008 47.5843730311361 49.0068354211023 50.9392779333401 52.4972866655774 53.3583007778153 53.3879117099471 52.5268975977095 51.5362393199998 50.6084826732342 50.0773747180071 48.9538404912409 47.097645856521 46.1895958914335 45.5723059440902 43.1649361201923 42.5368508399994 41 -9999 -9999 40.3879136386191
18.8562283806504 19.2678151 19.2678151 18.6148974451828 17.6649051433195 18.5554127992308 18.9612592497162 19.339099311053 20.9265943869644 23.0166946600008 24.9062336787866 25.2678151 25.3565400800004 26.4708599734799 27.9367726624315 29.5708252800003 30.2678151 30.2678151 30.1292755860757 30.58872378 31.6601521800003 33.4631611600003 34.8030089800001 35.8744373800004 37.8917315600001 39.7368165425461 39.9112774199996 38.8083705921713 37.7414248451873 37.4544801410985 37.2678151 37.2678151 37.4063539711681 37.5356302 37.5356302 38.0712806965656 38.6979296750468 40.3181283683884 42.6806734557011 45.5655827602106 47.4690160638795 49.8559273600001 51.7051873679437 52.5708204800003 53.1675360797659 53.119408624323 53.2678151 53.2678151 52.6076677199997 52.0718880593217 50.3939916399996 48.4853210888554 47.0686382670552 46.9654212399995 -9999 -9999 -9999 -9999 -9999 -9999 -9999
18.8024118600006 20.4420385481835 20.6784870000002 20.8297452890143 20.50043272 20.4067351501554 21.1146884297401 21.3392435000001 21.8698384889091 23.1555835369875 24.2673811799999 25.6666242523372 26.1188243527532 27.7138812531679 29.9100687800004 30.8787029460015 31.2122176455858 31 30.6581937152449 30.9279672800001 31.7754433439244 33.2149772035089 34.46376548 35.5351938800003 37.55248806 39.0172941800001 39.941375978568 39.4993944800001 40.186225919399 39.4782726398144 38.8907054597704 38.6784870000002 39.0202916989396 39.5389634014762 39.9024385218918 40.0177305000003 41.3513288972781 42.8495683631384 45.8553206400003 48.3801319039692 49.9322802956175 52.5686124304019 53.6784870000002 53.8786997743703 54.0918339460455 53.8218374870786 53.8245125331237 53.6607564999999 53.0006091199996 51.9291807199998 -9999 -9999 -9999 -9999 -9999 -9999 -9999 -9999 -9999 -9999 -9999
19.3680632447898 21.1412181839056 22.718216677389 23.4947790545639 23.3040460199998 22.8213438000001 22.5502368643376 22.4106719000001 22.0808976908537 22.3591078458884 23.3565400800001 24.6137278993723 26.2138868161151 28.8253615471438 31.2315817800002 32.1244377663401 32.0362333199999 31.4106719000001 31.4106719 31.7576233666923 32.2711059500499 32.8418128932084 33.8030089800001 34.8744373800004 36.5032910629824 38.2030526137596 39.5893280999999 39.8152485872435 41 41.1244367807275 41.1900061374694 40.8213438000001 40.8213438000001 41.4100651800003 42.4814935800004 43.4222210023585 44.7754664179214 47.5204412093275 49.9354144171902 53.0808418118537 54.7108233053336 55.4106719 55.4106719 55.2862361048851 54.8462305681432 54.3265689885985 53.6951461253406 52.9271312158345 52.2002846988244 -9999 -9999 -9999 -9999 -9999 -9999 -9999 -9999 -9999 -9999 -9999 -9999
19.2315841800003 20.909037740001 23.9294000687903 25.4821003 24.9648025199997 24.4821003 23.5036849989351 23 22.5841206472013 22.9349723997303 23.9458681800001 24.0429318464074 26.6627265610498 28.8382064599999 30.7494814800002 31.8209098800003 32.3239780717495 32 31.7506117421133 31.8017236109552 32.3418926159765 32.8705949170922 33.8030089800001 34.8744373800004 35.94586578 37.026250830634 38.6034460648699 39.6479845889935 40.6295441885719 41.3030077800003 42.1805157947088 42.6970517477775 42.9642006 43.5529219800001 44.9426087869833 46.9094572600002 49.4394437731201 52.5830103876241 54.366064999257 56.9648196353489 56.9112798199997 56 55.8883566684688 55.3609733045995 54.6255662199999 54 54 52.8225620399997 -9999 -9999 -9999 -9999 -9999 -9999 -9999 -9999 -9999 -9999 -9999 -9999 -9999
19.2315841800002 20.909037740001 23.7087952822277 25.1397440982813 25.2155126876761 25 23.6796908399993 22.5950478241384 22.8909611452567 23.484027514652 23.9758316959533 24.5958442865586 27.0396131571633 27.7667780599998 29.5498659183729 30.1959527800002 31.1002051004172 31.4464712999999 31.2155137592073 31.58872378 32 32.7315805800001 33.8030089800001 34.8744373800004 35.94586578 36.4733383049731 38.1774451600008 40 40.3597652131585 42.0242599825538 43.4814935800001 44.5529219800004 45.6797304214775 46.4769619998667 47.9808856600008 50.9336414978481 53.2876888633626 54.9254312022867 56.4752216328911 56.8852223165038 56.406860285899 56 55.7684230199998 55 54.8328260634795 54.3067311871253 54 -9999 -9999 -9999 -9999 -9999 -9999 -9999 -9999 -9999 -9999 -9999 -9999 -9999 -9999
19.2315841800003 20.7196678767405 22.74948388 23.8209122800003 24.3750429 24.3750429 23.467302031868 22.26841702 22.8030113800001 23.8744397800004 24 25.0345931600003 26.9445506938014 26.6953496599998 28.3750429 28.4886847166368 29.1245243800001 29.7500857999999 30.0733732205283 31.3316937862499 32 33.1887870576934 33.4242737531704 34.795966129137 35.94586578 36.0345883600003 38.1219973536992 39.575217884046 41.0881158600004 43.0416057965342 44.8424492783757 46.97442501491 48.9094572600005 49.8748713000001 51.1951708600007 53.8867740644082 53.9224296894468 54.6245207800003 55.69594918 56 56 56 55.7684230199998 54.8106346364306 54.3750429 54.2078254550123 53.6767155792658 -9999 -9999 -9999 -9999 -9999 -9999 -9999 -9999 -9999 -9999 -9999 -9999 -9999 -9999
19.2315841800003 20.3950115929709 21.9388107490778 23.1353724088741 23.3036145 23.7135948752224 22.8801233427288 22.0814952993188 22.243805898633 22.5691070965849 23.2659178854634 23.653867247512 26.3384630991197 26.793635276784 27.3036145 27.5146263957046 28.1136849822475 28.614109799801 29.1570583781511 30.4810620600001 32.2230553118912 33.1406224440129 33.6190131400836 34.2273692358202 35.24948028 35.3382028600003 37.5159073164701 40.0166874600001 42.1595442600004 44.2104035043797 46.5160795399998 49.2845001600005 50.7068862989525 51 51.8605808253802 53.2573104233317 53.1196201174331 53.2654911392353 54.24947788 55.3036145 55.3036145 55.1920893510424 54.5369188710057 54.2116176730539 54 54 54.2031767383972 -9999 -9999 -9999 -9999 -9999 -9999 -9999 -9999 -9999 -9999 -9999 -9999 -9999 -9999
18.4637702800002 19.7678559507994 21.4613809708264 22.5745308075486 23.3971884259234 23.9045079357021 23.1865667026723 22.2060943189526 22 22 22.2196174438282 23.0253286309073 24.5530971800003 25.4643721999998 25.6421839096708 26.3025408519545 26.7518713464202 27.6780530800002 28.6293726831699 29.7254172584554 31.045616440081 32.0260899382941 33.03519508 34.5749964500878 34.9874307865817 35.7891235482072 37.1299228796648 38.9076403085426 42.0509645938354 45.606483045293 48.3714390363331 49.9748610159168 49.8350013595833 49.4643721999998 49.6176498028339 50.4281364799999 51.3131179139153 52.1357755322904 53.1780494799999 53.4776490690398 54.1640655125851 53.5501522315784 53.8221919758358 53.4648378425389 54 54.3423391792886 54.0935557870106 -9999 -9999 -9999 -9999 -9999 -9999 -9999 -9999 -9999 -9999 -9999 -9999 -9999 -9999
17.7810523597343 20.6995684345691 22.4244321614611 22.0716769360293 23.1121936586726 24 23.8938750680747 22.493683937224 22 22 22 22.1925703015816 24.0887249800004 24.8655925090161 24.1979862543147 24.5758143603869 25.2209515849121 26.1415728097897 28.112189244491 29.58872378 31.2141798138938 31.9568495114055 33.476928083296 35.5881170600008 35.0454317273015 36.0172941800001 37.1631823221018 39.3196952400002 42.7655598200008 47.0025625862062 49.7988715981872 49.625811584392 48.6434647199998 48.1607577 48.1607577 48.278364525587 49.12452198 50.9298132038163 52.10662108 52.1635374867817 52.3817106758394 52.8913416547581 52.4786368146446 53.0487104479765 53.474998366725 54.0716757785738 53.994440812255 53.345164429171 -9999 -9999 -9999 -9999 -9999 -9999 -9999 -9999 -9999 -9999 -9999 -9999 -9999
17.483855612691 19.4464776833256 20.5755317787305 21.4953694803934 22.0924196971579 23.2509299648979 24 22.53683404 21.2687210644673 21.0893293 20.2279548624116 20.1975002713839 21.5183113592893 23.9291759200001 23.0893293 23.3923394800003 24.4303195437557 25.4856959652168 27.1239200600004 29.7503200736786 32.2309750600007 33.5768996988952 34.6960826100772 35.8632209590497 36.7768787239574 36.9279648800002 38.0881158600008 40.3911236400002 43.8369882200008 47.8467615128829 49.6590119418541 48.6434647199997 48.0431198802017 47.4638686887703 47.0893293 47.7555561132854 48.0717320156868 49.8381992600007 51.03519268 51.0893293 51.0972546115753 51.3101952589052 52.2315769800002 52.7240618784914 52.8047489525364 54.4060336235645 54.4395893254079 53.4112810199998 -9999 -9999 -9999 -9999 -9999 -9999 -9999 -9999 -9999 -9999 -9999 -9999 -9999
18.4452674600006 19.9875232978934 20.7421791294612 22.4279684800004 22.9820991000001 23.5813640084757 23.3516627811207 22.9917089124667 21.390450966412 20.1412134790573 20.0009690082966 20.0003096243489 20.1098023939893 21.3654087910795 23 23.8981822301387 25.9709009875769 26.8658516397784 28.4907536328682 29.0137151565401 31.0044410218419 34.1864507383914 35.7851080800002 36.8565364800005 38.8568988112591 39.9466068813871 40.141643360001 42.6019352733226 46.6451809193243 49.2780542039384 49.62556382 48.5541354199997 48 47.4112786199998 47.6483325048036 47.9951950078424 48 48.8900881531338 50.892695854221 50.0179008999999 50.1050329089301 51.16014858 52.0041454363613 52.3100581419865 53.3632355816526 54.4458621800004 53.9746788069431 53.0073623004109 52.3398526199997 -9999 -9999 -9999 -9999 -9999 -9999 -9999 -9999 -9999 -9999 -9999 -9999
18.5042997378055 20.016219505876 20.7823665704431 22.4697356532383 24.0604334030815 25.0315130406 24.4287093442806 23.3363122120381 22.2075329283569 19.4702938106467 19.0057950819901 18.1580188973146 21.2452251391017 23.6688523098559 26.0783194874579 26.7828222374106 28.5885485800002 30.5278447952289 32.6224988230943 31.9391057642679 33.141039040001 34.8530034005042 36.6700898968232 37.9747713268584 39.9481567294611 42.1054100400004 45.1469991779014 46.4359294415821 48.6113453947374 50.0746165021121 49.9799573673751 49.5244739363057 48.4827070199998 48 48 47.96084044897 47.9464725 49.6953424600007 48.949979417927 49.0163661942463 50.0351926800003 50.9464725 51.1780494800002 51.930253379522 52.2673787800001 52.4709487078396 51.9464725 -9999 -9999 -9999 -9999 -9999 -9999 -9999 -9999 -9999 -9999 -9999 -9999 -9999 -9999
19.2315841800002 20.3030125800003 21.37444098 22.8360247503402 24.4569812896682 25.5151613703246 25.9575343096831 24.7196652593812 22.6438890399999 21.3754720199997 19.4763672497132 20.2888275794421 22.9323617902738 27.3748677000001 27.809093750257 30.158942340001 32.5775620702416 34.0166898600006 34.8015778493212 34.4998236000002 36.3977902302122 37.4662830097966 38.4031732898043 40.0458559305661 41.1957775800001 43.2996333301738 46.2913146501665 48.4604411301584 51.1066234800002 51.3068911498563 49.5787758101356 48.8193306901279 48.2974340298793 47.9486083098871 48 47.3598368299022 47.1249559 48.7645600500833 47.10827324 48.8772048099325 49.0776340700602 49.8750441 50.0776841700449 50.4470828199997 50.2180973999407 50.9442868900221 -9999 -9999 -9999 -9999 -9999 -9999 -9999 -9999 -9999 -9999 -9999 -9999 -9999 -9999 -9999
19.2315841800003 20.2435056665858 21.1780566799999 22.3370468260831 23.9330063975836 24.919232278751 25.5305105849151 25.9472871114192 24.86707372326 23.7147131199998 22.6432847200002 22.6549424432452 26.7476685200018 30.455671818848 31.0625980057587 32.7719391558168 34.5891529000003 35.5684481347613 37.6169505778115 38.5083847074289 39.5205266887122 40.7315805800001 42.9214146728624 42.6900569927651 43.3492654909009 45.423960654567 47.2676831582329 48.2573996837968 49.7933322255642 50.2268512615393 49.128276727104 47.6416962234379 47.2979725197724 47.8658743438939 47.9370981951189 47.8036156999999 47.9613135851087 48.3592590756715 47.0763784933308 47.8175116458891 48.6072313999998 48.6386820667791 48.7581376168865 48.3637315194472 48.8533841242185 50.1613692199994 -9999 -9999 -9999 -9999 -9999 -9999 -9999 -9999 -9999 -9999 -9999 -9999 -9999 -9999 -9999
18.9637714800003 19.7321873 20.2069083298445 21.7723292774954 23.2494850800003 24.3209134800001 24.9089850804873 25.5356557668522 26.5351986800001 26.3261196769382 26.3352065645195 26.9173141524191 29.6226783906475 32.8559321599998 34.9987889600004 36.8386355800003 37.635904807094 38.9022213604913 40.5448892448307 40.919158764772 40.87023923321 42.1227983911922 44.958688107768 45.3014399642811 45.5211275683794 47.5575511810402 48.7796770662991 48.4927349336385 48.2678127 48.4896711483174 48.7258425843435 48.1484045029958 48.5172929800002 48.6846658753489 47.497668029972 47 47.5879512196925 46.2175021329676 46.6925491543711 46.7321873 46.7321873 46.8494460563891 47.2948168762716 46.8133359889324 47.6485894384072 48.4057326742534 -9999 -9999 -9999 -9999 -9999 -9999 -9999 -9999 -9999 -9999 -9999 -9999 -9999 -9999 -9999
18.2315841800003 19 19.6218561900597 21.1066282800002 22.1780566800002 23.4492051969021 24.6601545800004 25 25.8030113800001 27.1710856928516 30.1768456400003 33.0291521691748 33.7371080201877 34.7138784687998 37.1416457600006 39.084285886775 40.2651369242386 41.2756055847494 42.8768262062644 42.9004732454469 43.0054165048686 45.7691990186048 46.9331725496851 46.4222077186721 47.2851068800001 49.3679625633535 50.9413757656338 50.17909012 49.2606798563915 48.8972073074041 48.6607588999999 48.36614991057 48.166318900885 47.5435120170892 47 46.7518186134807 46.3883460644934 45.7437271044934 45.6607588999999 45.6666249824682 46 45.9456710195573 45.7393193294299 46.200213501583 47.1622160074044 48 -9999 -9999 -9999 -9999 -9999 -9999 -9999 -9999 -9999 -9999 -9999 -9999 -9999 -9999 -9999
