catData/variables/futureClimate2070/rcp85/CNRM_CM5_2070_rcp85/bio16.asc
NCOLS 409 
NROWS 350 
XLLCORNER 60.897278365 
YLLCORNER 5.843756025 
CELLSIZE 0.0892857 
NODATA_value -9999 
[rows 75 to 99 of 350, columns 0 to 55 of 409]
-9999 -9999 -9999 -9999 -9999 -9999 -9999 -9999 -9999 -9999 -9999 -9999 -9999 -9999 -9999 -9999 -9999 -9999 -9999 -9999 -9999 -9999 -9999 -9999 -9999 -9999 -9999 -9999 -9999 -9999 -9999 -9999 -9999 -9999 -9999 -9999 -9999 -9999 -9999 -9999 -9999 -9999 -9999 -9999 -9999 -9999 -9999 -9999 -9999 -9999 -9999 -9999 -9999 -9999 -9999 -9999
-9999 -9999 -9999 -9999 -9999 -9999 -9999 -9999 -9999 -9999 -9999 -9999 -9999 -9999 -9999 -9999 -9999 -9999 -9999 -9999 -9999 -9999 -9999 -9999 -9999 -9999 -9999 -9999 -9999 -9999 -9999 -9999 -9999 -9999 -9999 -9999 -9999 -9999 -9999 -9999 -9999 -9999 -9999 -9999 -9999 -9999 -9999 -9999 -9999 -9999 -9999 -9999 -9999 -9999 -9999 -9999
-9999 -9999 -9999 -9999 -9999 -9999 -9999 -9999 -9999 -9999 -9999 -9999 -9999 -9999 -9999 -9999 -9999 -9999 -9999 -9999 -9999 -9999 -9999 -9999 -9999 -9999 -9999 -9999 -9999 -9999 -9999 -9999 -9999 -9999 -9999 -9999 -9999 -9999 -9999 -9999 -9999 -9999 -9999 -9999 -9999 -9999 -9999 -9999 -9999 -9999 -9999 -9999 -9999 -9999 -9999 -9999
-9999 -9999 -9999 -9999 -9999 -9999 -9999 -9999 -9999 -9999 -9999 -9999 -9999 -9999 -9999 -9999 -9999 -9999 -9999 -9999 -9999 -9999 -9999 -9999 -9999 -9999 -9999 -9999 -9999 -9999 -9999 -9999 -9999 -9999 -9999 -9999 -9999 -9999 -9999 -9999 -9999 -9999 -9999 -9999 -9999 -9999 -9999 -9999 -9999 -9999 -9999 -9999 -9999 -9999 -9999 -9999
-9999 -9999 -9999 -9999 -9999 -9999 -9999 -9999 -9999 -9999 -9999 -9999 -9999 -9999 -9999 -9999 -9999 -9999 -9999 -9999 -9999 -9999 -9999 -9999 -9999 -9999 -9999 -9999 -9999 -9999 -9999 -9999 -9999 -9999 -9999 -9999 -9999 -9999 -9999 -9999 -9999 -9999 -9999 -9999 -9999 -9999 -9999 -9999 -9999 -9999 -9999 -9999 -9999 -9999 -9999 -9999
-9999 -9999 -9999 -9999 -9999 -9999 -9999 -9999 -9999 -9999 -9999 -9999 -9999 -9999 -9999 -9999 -9999 -9999 -9999 -9999 -9999 -9999 -9999 -9999 -9999 -9999 -9999 -9999 -9999 -9999 -9999 -9999 -9999 -9999 -9999 -9999 -9999 -9999 -9999 -9999 -9999 -9999 -9999 -9999 -9999 -9999 -9999 -9999 -9999 -9999 -9999 -9999 -9999 -9999 -9999 -9999
40.6929752330743 36.5531683014168 -9999 -9999 -9999 -9999 -9999 -9999 -9999 -9999 -9999 -9999 -9999 -9999 -9999 -9999 -9999 -9999 -9999 -9999 -9999 -9999 -9999 -9999 -9999 -9999 -9999 -9999 -9999 -9999 -9999 -9999 -9999 -9999 -9999 -9999 -9999 -9999 -9999 -9999 -9999 -9999 -9999 -9999 -9999 -9999 -9999 -9999 -9999 -9999 -9999 -9999 -9999 -9999 -9999 -9999
45.3127666991 41.2448457586711 38.2210309429567 34.5090333691691 32.9112318199999 -9999 -9999 -9999 -9999 -9999 -9999 -9999 -9999 -9999 -9999 -9999 -9999 -9999 -9999 -9999 -9999 -9999 -9999 -9999 -9999 -9999 -9999 -9999 -9999 -9999 -9999 -9999 -9999 -9999 -9999 -9999 -9999 -9999 -9999 -9999 -9999 -9999 -9999 -9999 -9999 -9999 -9999 -9999 -9999 -9999 -9999 -9999 -9999 -9999 -9999 69.7577128507529
-9999 -9999 48.212538493834 39.9572173355278 35.4290091199999 34.2231342824461 32.2524998477474 30.6336318660984 30.1607409 -9999 -9999 -9999 -9999 -9999 -9999 -9999 -9999 -9999 -9999 -9999 -9999 -9999 -9999 -9999 -9999 -9999 -9999 -9999 -9999 -9999 -9999 -9999 -9999 -9999 -9999 -9999 -9999 -9999 -9999 -9999 -9999 -9999 -9999 -9999 -9999 -9999 -9999 -9999 -9999 -9999 -9999 60.7673847800002 61.9219694916195 63.5651044830792 65.6418581600004 67.1706990875241
-9999 -9999 -9999 50.8519079955045 40.971156460381 35.7361833629488 34.3581250399998 32.2423346950012 30.9106875 30.5046026729512 30 -9999 -9999 -9999 -9999 -9999 -9999 -9999 -9999 -9999 -9999 -9999 -9999 -9999 -9999 -9999 -9999 -9999 -9999 -9999 -9999 -9999 -9999 -9999 -9999 -9999 -9999 -9999 -9999 57.5523368600006 56.6300938447046 53.7332337204538 50.7343021982519 46.0405509543034 46.0545424116949 47.2117421439491 -9999 51.3245074659987 52.5525480600004 54.4464903039024 56.01688666 58.119918750099 60.1670836011236 61.7306558878513 62.8977762368263 64.6658281541986
-9999 -9999 -9999 50.032667136405 49.2371374790073 41.9279566782819 36.5009818399997 34.3581250399999 32.5964472896016 31.9741411977499 31.9642318 31.3859943875469 30.3337275201954 30 -9999 -9999 -9999 -9999 -9999 -9999 -9999 -9999 -9999 -9999 -9999 -9999 -9999 41.94436962 45.3983097948594 47.6997937495624 48.89225428 50.9463477 -9999 -9999 -9999 -9999 -9999 57.4021625635938 55.9325248743294 54.0747112634067 52.7572324256478 47.002540928001 43.522616260351 43.0469926385145 43.98167238 46.0355266575942 47.21329016 49.3532821171092 51.2536441555395 52.6364408518122 54.3990558208362 55.9275741600004 58.07043096 59.6245279800001 60.6959563800002 62.4990013599999
-9999 -9999 -9999 -9999 53.6272985602414 50.7441602012155 42.5516602374156 36.5756168778103 34.7125554552271 33.1855998884507 32.1347891321291 32.1291077841928 32.0717389005146 32.0143700168365 31.2399466868414 30.2258871705196 30.0564405658022 30.1417633600004 32.2053601831082 33.37437138 33.9949566889101 33.2190415422347 32.7125579837334 32.8737324001664 34.4656483872456 36.1460041726993 38.2668416600003 43.2578356706858 48.0085674816653 47.8176979759732 47.7293821056916 51.7514698587395 52.8346143269523 52.7944001567259 53.0585853395962 54.0888713800001 54.0368688399999 53.6060064856855 52.1216218253494 48.0510611187942 46.1791765199998 42.9912392323017 41.9894543098289 42.827652586493 43.89235988 45.9473837608633 46.1727693154586 48.2582572317805 50.1369309918979 51.55254806 53.3209302800001 54.3923586800002 55.9534183133898 58.0073814994237 58.8211721139664 59.6885053729334
-9999 -9999 -9999 -9999 -9999 50.9891120982667 45.6391969191372 39.9506325791425 36.5477818391473 34.8732813208478 34.7026307808433 34.5362057199999 33.4647773199999 32.5762149183416 32.174198901649 32.1249727 31.2972765191849 32.5323988608109 34.630122140806 37.4501793783979 38.4998908 37.5528647607916 34.4855602423612 32.4983659207822 33.2977300415555 35.287425979227 37.0704405600003 40.5851074207637 43.7331533422773 41.9545869577367 42.57098848 46.5477813414904 49.1835864185194 48.66030098 49.5001092 49.80315778 49.7979546392782 48.2349025192829 46.7800396392878 44.6975029399997 43.2148367199998 41.5032217393019 41.6023293813871 41.8593401993112 42.9391436793158 44.8923598800002 45.96378828 47.0552359793299 48.4342896606658 50.48111966 52.2027027806561 53.1402318806515 54.1424132799999 54.845818598074 55.9077046780883 59.2099523206325
-9999 -9999 -9999 -9999 -9999 48.3648420516977 45.8873665008588 41.1682009256183 38.5762143870439 37.392157989853 36.1895904676311 35.4112330199999 34.4694677188468 34.7843331648219 33.3938956399997 33.1717489478407 33.3821786641719 36.2103333994971 37.125230469497 38.9543038663314 42.2130172654719 42.1804462425155 36.7418677892032 31.9330308830185 31.12453398 32.7847269600002 34.797921132516 37.4619695961845 38.3721154601468 38.582545176478 39.55310438 42.4281316800002 43.4995600800001 44.5395266381971 45.2143956 45.51744418 45.9870140015933 45.6071978 45.08986402 43.6609405195806 42.4694715761215 41.3210913475472 40.354672008784 40.8991288748847 42.8918083599999 44.0173325800002 45.0713282258909 46.0925162895597 47.8388155800002 49.21329016 50.6071978 50.6071978 51.530946988386 54.7372468821392 58.4969136809646 61.4966724378194
-9999 -9999 -9999 -9999 -9999 -9999 44.5088735929044 41.1114073704771 38.173887244207 38.2572866211086 36.9653228399999 35.4112330199999 34.8231802014723 34.340269637629 33.0205692676864 33.372439383499 34.4102499800001 35.3930230000002 35.3518054089492 35.6438434457358 41.105414061261 44.9893531097918 37.7143499506343 30.8001371377629 29.1109487895788 30.6418701600002 32.1245339800002 33.7316339716054 35.2146417010528 36.3388191800002 37.4102475800001 39.2184892990263 40.5531043800001 41.4214369156586 41.2585462169995 41.686224230343 42.6712844623151 43.4643410000001 43.2241217152611 43 42.8231814870539 41.464881685604 41.2150797782617 41.2678295 42.9062968164226 43.7495030800003 44.7321705 44.89235988 45.9637882800003 47.33826286 49.1333518580965 50.2811923887277 53.0457935854805 58.3622111025231 60.8376703701555 62.0521955856262
-9999 -9999 -9999 -9999 -9999 -9999 -9999 39.2786926665732 37.2862603199999 36.9553737287446 36.4623182402397 35.0719751199999 33.7765702217913 32.1064457871928 31.6607421 31.3640676548384 31.6255789917081 29.9822263 30.0408775878853 30.960509516703 33.0843230697502 33.9038929381353 31.2961996322083 28.759078271109 27.6607421 28.6385282249949 29.9816771800001 31.3013139129739 33.2668416600003 34.5352202800001 35.60664868 36.689531031089 38.41024758 39.21563874688 38.8923622800002 39.6607421 40.4096960600002 41.6607421 42.17807588 42.6607421 42.2245263897704 41.26838102 41.2581670445214 41.9148298334473 42.6249987142919 42.6780746800002 43.6607421 43.8752769926611 45.5459304265824 48.4771780131491 51.7889586623151 53.8937289684092 55.4903627872512 55.9749170397017 56.8663885355518 59.5163339399998
-9999 -9999 -9999 -9999 -9999 -9999 -9999 37.5724867486652 36.6762155299369 36.4551141960868 35.4826614199999 34.4112330199999 32.6796092399998 31.26837622 30.6701974714888 29.7148331199999 28.64340472 27.582193475556 27.1786274 27.1128378449342 26.7679411 26.7138078913751 26.5893137 26.7724419163095 27 27.5887645800001 28.3890607677579 30.05255646 31.8656117171362 33.4122417881751 34.53522028 35.6066486800002 36.67807708 37.5893137 37.8209338800002 38.5893137 39.0306825292974 40.1341955613248 41.10664748 41.8311102612842 42 41.26838102 40.1969526199998 41.7489515600001 42.7769397756774 44.07788233315 45.8286469846058 49.5624216411425 50.0097824564236 52.8928700592466 54.5576172008871 52.1934549750454 51.25060972 51.9454606600002 54.3594477009484 58.2748718587764
-9999 -9999 -9999 -9999 -9999 -9999 -9999 -9999 36.3878772179597 36.3589300926575 35.2499632542951 34.4112330199999 32.6796092399998 31.26837622 30.1969478199998 29.1255194199999 28.05409102 26.9826626199998 25.957204712605 25.4349230890324 25 25.30305098 26 26.2309290844177 26.7673006772199 27.5887645800001 28 29.1105173378677 30.3209350800002 32.2668416600003 33.46379188 34.0531055800002 35.1245339800001 36.1130014119572 36.6378379864055 37.1818747752322 37.6984261568697 38.6768332214933 40.2846333001446 41.304911278218 41.1995977165804 41.362324415171 41.0662282666944 43.5563762166639 46.2763014699693 50.8832264683933 53.0912408070223 60.4291538892912 58.5358007017658 51.8231408092159 49.1734079989716 47.9995588800003 48.2857375830693 49.2132901600003 52.3346215663449 58.2603078879814
-9999 -9999 -9999 -9999 -9999 -9999 -9999 -9999 -9999 35.5540898199999 35 34.4112330199999 32.6796092399998 31.26837622 30.1969478199998 29.609582111143 28.0840327308929 26.9826626199998 25.9112342199999 25 25 25.1352992010728 25.6537473768913 26 26.51733618 27.5887645800001 28 28.3266374132885 29.6940293446757 30.780833634721 32.3624204406036 32.4637918800002 33.4860859234683 34.1417786344957 35.7028804049197 36.85659168 37.9280200800001 39.2462763263523 40.8553872156841 41.87944834228 41.8123395602439 43.528849898208 44.6586937361722 48.2656186200002 51.0818293078998 54.9693609296786 53.2243870716893 53.1805199100384 51.7996814914304 45.8951699096017 44.3393707 44.7852736800002 45.3393707 46.5168902600002 49.9801234200007 57.6756306891134
-9999 -9999 -9999 -9999 -9999 -9999 -9999 -9999 -9999 -9999 34.6766781316495 34.5221866852822 33.7171840369315 32.0610752087777 29.8181498689739 29.9215539398035 28.699348194094 26.9826626199998 25.9112342199999 25 25 25 25.37447938 26 26.51733618 27.2208034972906 27.3750285 27.3750285 28.9811280600003 29.921552439872 31.3006485058375 32.006501111547 32.4305030827437 33.4204988570343 36.0882118600003 37.92802008 39.4675233598123 42.0454034141973 44.3405386484873 45.3456600972222 44.6746854058628 45.9875589286409 46.9261371543504 47.2187684803584 49.1419793599999 50.5775339170423 47.486810682812 43.0796214428973 40.7882792313932 40.6895092256839 41.1250855 41.5709884800002 42.4484028685557 44.2955346428466 48.4283800171377 56.4016867771447
-9999 -9999 -9999 -9999 -9999 -9999 -9999 -9999 -9999 -9999 -9999 33.7687324480094 33.4067648166124 32.3498552672296 30.1500889178464 29.3529041030721 29.0164220390811 27.6790625199998 26.6076341199999 25.6963999 25.5350979584501 24.7889553278331 24.4172920772159 24.9177303334013 26.1812091440184 27 27 27 28.0468557735132 29.7870647971044 30.2871773322787 32 32.08876338 33.4805753400001 36.4632403600003 39.1472205832286 42.9090305400002 45.5022588159175 46.7069249746828 45.7699582301724 43.1306624861065 43.67763836 44.2144004 43.0744336857444 44.8026086599999 42.3820652330206 39.6246095303836 38.3720999646392 37.7684987988304 38.60664628 39.3036001 39.4389762893184 40.4848011012988 43.4798916919164 49.6802058476009 58.4516300531499
-9999 -9999 -9999 -9999 -9999 -9999 -9999 -9999 -9999 -9999 -9999 -9999 -9999 32.26837622 31.6271080203613 29.318274145751 29 27.9959747510118 27.6790625199999 26.6448266751007 25.946223791843 25.6974684387867 25.5356566 25.6391837673259 26.0080499407642 26.2321717 26.7390865535055 27 27.8030497800001 29.7489563600003 30 31.2454819882241 32.08876338 33.6035751221115 37.4089131890556 40.3528316720036 41.9179325252872 41.4965568101137 41.6252018999999 40.3109836237733 38.4262844814345 38.2684092446777 38.3930301999999 37.5185544199999 37.8322545630153 36.9166143963078 36.2321717 36.2321717 36.2859467937329 36.76738958 37.4643434 37.8067203270985 39.664056134042 42.9029726990146 50.0205883079311 59.5845492199996
-9999 -9999 -9999 -9999 -9999 -9999 -9999 -9999 -9999 -9999 -9999 -9999 -9999 -9999 -9999 -9999 -9999 28.8247061876744 27.9857314955957 27.6790625199999 26.6448658978635 26 26 26 26 26.4941246184877 26.9453782982421 27.6140181450283 28.6423064800001 29.8543013884314 30 30.1635297818907 30.4847452413797 32.5326263707002 34.5939240762395 34.8075503064286 34.6405826833824 34.9644598 34.9644598 34.7751806485432 34.5368519875419 34.4822299 34.4822299 33.60775412 34.276086320623 35.1607433 35.1607433 35.2951833104338 36 36.0487126430256 36.4750236002447 37.4459029800002 39.1178203132147 42.4211432300559 51.0498283266536 59.4210202702115
-9999 -9999 -9999 -9999 -9999 -9999 -9999 -9999 -9999 -9999 -9999 -9999 -9999 -9999 -9999 -9999 -9999 -9999 28.8298474267641 27.9856922728327 27.8899977524296 27.5453861879736 26.5696523083767 26 26.471130350817 26.9632705495863 27.6012279100108 28.64230648 29.7137348800001 29.9887890311989 30 30 30.0158557848167 30.3531290928115 31.2679446999999 31.2408779463821 31.55310678 32.1786298 32.6497579651727 33.6254918447696 33.3987742756334 33.0893149 33.0893149 33.0112111831569 33.0844833372463 34.0893149 34.0893149 34.24950428 35.3002457611413 36 36.3744745800001 37.4459029800002 40.4480406985852 45.6232691791259 51.8986926863906 59.1452866983186
-9999 -9999 -9999 -9999 -9999 -9999 -9999 -9999 -9999 -9999 -9999 -9999 -9999 -9999 -9999 -9999 -9999 -9999 -9999 28.9821135 28.754633837277 27.9945794786462 28.3431966291393 28.9463405 28.9555938335836 28.964227 28.9760355417368 29.71373488 29.99647724989 30 30 30 30 30.16019178 30.7725226943494 30.3155146015738 31.0066980825028 31.4558161934209 32.51733378 32.432299609465 32.0239645011908 32.0178865 32.0178865 32.8767209689611 33 33.0349090608081 34 34.16018938 35.004142831422 35.3155122445014 36.0066980395752 37.7775714890455 44.0751182968147 47.9632217590249 50.0159899076453 55.4564450399578
