catData/variables/futureClimate2070/rcp85/CNRM_CM5_2070_rcp85/bio17.asc
NCOLS 409 
NROWS 350 
XLLCORNER 60.897278365 
YLLCORNER 5.843756025 
CELLSIZE 0.0892857 
NODATA_value -9999 
[rows 135 to 161 of 350, columns 122 to 182 of 409]
1 1 1 1 0.196967019999806 0 0.945889779999965 1.01731818000024 2.03962216196778 2.53512670171173 3 3 3.16718302724954 3.6932794364301 4.23096345989037 4.77235580378918 5.36542988746885 5.88017000885174 6.80303058000017 6.90637010298511 6.47062344218691 6 6 6 6 6.13529173941522 6.27928214426425 6.19907217205619 6.73281629162346 7 7 7 7 7.87445658000014 8 7.42915071999975 6.44646409999994 6.51797433526044 6.91772587683797 7 6.79272550422184 6.64553520054228 6.66196688313713 6.77235314681683 7 6.59503458582398 6.08794191785544 5.51595821846466 5.02416148521466 5.45604634889421 6 6 6 5.83226501638739 5.27928428729196 5.44588138000028 6 6.5887381800002 7.95490725799022 8.85142818568984 9.88900453873887
1.30165815580188 1 1 1 0.698833964222566 0.62496430000003 1.57085408 1.63145923575915 1.9445365557529 1.53521067999997 2.37503569999997 2.56441974426543 2.76597575572838 2.54225983572234 3.07337604428375 4.69967076858012 5.87255303570403 6 6.30116513569174 6.04708236431435 5.40885415567948 5.37503569999997 5.3195737556671 4.75007139999994 4.89481374434508 5.37503569999997 5.37503569999997 5.65369864436347 6.19401143563053 6.37503569999997 6.37503569999997 6.37503569999997 6.87689964439405 7.32795243559993 7.37503569999997 6.99350686441226 6.62496430000003 6.62496430000003 6.71182203556939 7 6.62554462 6 6 6.22079873553871 5.96245365553245 5.47569626447347 5.87689814447972 5.12554581999959 5 5.63145653550208 6 6 5.85526065548348 5.26139066452235 4.76598025547139 5.09957702453516 6 6.95667852454731 7.87255033544704 9.64603646911877 10.8522534708694
2.17907332 1.2863930438667 1 1 1 1 1.94588977999997 1.3036073 1.27666319046196 1.04863029320535 1.3036073 1.60663907999999 2.18991845579267 2 3.23782851691603 5.33902557041873 6 6 6.55922463378888 6.08742584987843 5.71282168645415 5.01205858278696 5.66944931911944 5.16969936909571 4.07031574821521 4.5146347481175 4.73923033554977 4.74949348000018 5.3036073 5.3036073 5.3036073 5.3036073 6.10663548000014 6.3036073 6.3036073 6.3036073 6.36540642777709 6.88845865589035 6.46489086044248 6.78897422322488 6.18991991310773 6 6 6 5.33983101999987 4.49052092522882 4.54741178889623 4.95068743487313 5.6587057237691 5.98794475989804 5.3036073 5.19206762723273 4.53690030909982 4.3036073 4.45068696353048 4.96713838380431 6.02410880886153 7.46387608923697 8.4597351870962 10.3817002365717 11.5592196197614
2.48268062 1.41125221999986 1 1 1 1.67142989869921 1.26116261728323 1 1 1 1.35565992399102 2.373325590691 2 2.34236265997323 4.31977204 5.90451535470854 6 6.56173959061002 6.95426785673082 6.12554101999983 6 5.78513688000029 6.76782110000008 6.44747594000013 4.76782110000008 4.83817812811613 4.62554221999997 4.10352536279761 4.23217889999992 4.23217889999992 3.72528538481963 3.46435779999984 4.26738597999998 5.13578401315786 5.95844934581701 6 6.02060396886446 6.19499076379474 6.05377230354598 6.1618224291132 6 6 6 6 5.8467226924095 5.03622372000001 4.76782110000008 4.97085090961291 5.9458825799999 5.98268901999984 5 4.96281242102415 4.58999666631649 4.2326686663429 4.85476118099816 5.34235713166136 6.40523929567996 8.04078377697999 9.42798768000041 10.6692769977021 12.4196016749575
1.64343111999999 1.06610899999108 1 1 1 1.14057010406568 0.214860720000023 1 1 1.40328031563254 3.98095526000049 4.45175891045272 2.31426551883496 3.28513808000022 4.95704242319344 6 6 6.11760541623607 6.16075049999999 6.75407004347115 6.04541398927874 6.84203302029294 7 6.67965484000005 5 5 4.62554221999997 4 4 4 3.33982861999984 3 3.80302818000014 4.1405693324633 5.1066354799999 6 6 6 6 6 6 6 6 6.49410023739476 6.28520301361938 5.26840261999993 5.67393898435221 5.83924950000001 6.78513207999991 6.82193851999985 5.76477501970436 5 4.96277079826688 4.88796085274735 5 5.44588138000027 6.95146175421053 8.52262763680432 10.2142110521823 11.5708444800001 14.1192332301536
1.04311404660769 1 0.398792142767523 0.755578222544762 1 0.203647346830455 0.866234156963713 1 1 1.33465712558106 2.9197806208059 2.2490186601746 2.37446018000006 3.44588858000021 4.56352481901922 5.6254795062932 6.60120567160565 6.24442396308222 6 6.87445898000017 6.91551135285493 6.98423090183254 6.08932209999998 5.91484256879199 5 4.72403784058333 3.71486431999995 3.08932209999998 3.56042905535388 4 3.9410321059785 3.24442614870921 3.80302818000014 4.79634828191573 5.85656287999993 6 5.91918482214722 5.23518554316496 6 6 6 6 6.47110476972691 6.42711240992159 6.03035442035152 5.93465218566391 6.71370368000013 6.91067790000002 6.99516611839901 6.98268901999984 5.91126061999959 5 5.21090952285063 5.91067790000002 5.91067790000002 6.35655928000029 7.47419487590039 9.12488902941261 11.2310110600007 12.6422728800002 13.8571567493015
1 0.421787096150792 0.00608070548790036 0.0130911128730751 0.0178936999999034 0.861060380809487 0.999031767956391 1.01700829368277 1.89494772467862 1.00573224607922 1.25910229719866 2.29760942023824 2.98880677812293 3.44588858000021 4.51731697999997 6.16695592679417 6.99391925156722 6.98690893007181 6.9821063000001 6.99775360665044 7 6.01758385662731 5.91284378173351 4.85772111999993 4.0178936999999 4.01247138318303 3.62554221999997 3 3.0092566719001 3.0178936999999 3.66625217137782 3.98690897301669 3.99647544534449 4.87445658000014 5.94588497999991 6 5.91125821999988 5.00286603714985 5.24534812448915 6 6 6 6.51731218000009 6.41125941999994 6 6.71850639596163 6.99647540239961 7 7 6.98268901999983 5.9984121241561 5.9821063000001 5.98625041256614 6 6.36775263071178 7.42798768000037 9.00746927399021 10.5634854843718 11.6540857027329 12.7315949800001 13.8030233800001
1 0.411252219999861 0 0 0.042990129674419 1.75564343236017 2 2 1.91600444153632 1.2051347604982 1.78079543746707 1.64337554456722 3.33436695320356 3.47091253136352 3.49147668932918 4.58874538000011 6.2850053547402 6.98563140322564 7 7 6.94936220287791 4.99907300491242 4.8624720130529 3.99142520898147 3.9464653 3.9464653 3.57200751999997 2.9464653 2.9464653 2.97798347881141 3 3.69243380525756 3.98945517270785 4.87445658000014 5.89524731136111 5.93007878660411 5 5.16017017999995 6 6 6 6 6.48961802763744 6.97798335032813 7.03534194829362 7.0535347 7.0535347 7.83436159562027 7.9464653 7 7 7 7.01239843201746 7.0535347 7.42798767999998 8.49941608000028 9.57084448000023 11.1994931381555 12.6601665800003 12.9608342822242 12.9464653
0.875036899999962 0.35986086770678 0 0 0.803032980000194 1.87446138000003 2.11820131916715 2.12279896654085 2 2 2 2.26516398937266 2.54737042491929 2 2.96998842649649 4.53735372779559 5.57767641791262 6.60663907999992 6.97538609067161 6.89072489503631 5.81094850074432 4.85988495354749 4 3.85984308213183 3.09602152357617 3 2.62554221999997 2 2.06464523359203 2.56656378423198 2.95753396217609 3 3.80302818000014 4.76518177494789 4.99323761934422 5 5 5.16017017999995 6 6 6 6.05571901938855 6.12496310000004 6.64013283202747 7.66016898000013 8 8 7.23482032514043 7.12496310000004 7.12496310000004 7.12496310000004 7.12496310000004 7.32761830339926 8.03786689089305 8.49941608000001 9.62656319947744 10.637946712462 11.6623087280614 12.7026332176471 12.2684050199999 12
0 0 0 0.143680920873095 0.841715628508494 1.87446138000003 2.76012506727107 2.78629031999972 1.80360849999996 1.83506550458464 2 2 2 2 2.41572032232229 3.98109926000018 4.93326101891489 5.58792173046647 6.29122231969586 5.70810283077045 4.08697072277864 4 4 4 3.81388348386352 3.13687910551776 2.62554221999997 2.08756825571952 2.61210989366204 2.41125701999992 2.53051933242483 2.94728847819385 3.80302818000014 4 4.76012120995022 5 5 5.16017017999994 6 6 6 6.44588378000015 6.89840428500149 6.80360849999996 7.59342905623582 8 8 8.17173536809159 8.19639150000004 8 8 8 8 8.30302458000032 9.37445297999997 10.8917627600005 11.5842854636587 12.1426215114454 12.8036085 12.2156925555146 11.6845860677334
0 0.157678371564872 0.267819900000022 0.803486214544852 1 1.64026322065454 1.73218009999998 1.9873199732356 1.26781990000002 1.38509683287392 2 2 2 2 2 2.86213530240601 4.30134165574243 4.73218009999998 4.14421708963242 4 4 3.99536248953192 3.7559475574132 4 4 3.77812791824869 2.99364936519383 2.74269159572214 3 2.41125701999992 2 2.73159977999993 3.80302818000014 4 4 5 5 5.16017017999995 6 6 6.10028660242607 6.47487058125763 6.35341441631631 6.15767644326157 7.23454507958678 7.73218009999998 7.73218009999998 8.60663428000039 8.98550627798731 8.26318367506748 8 8 8.06202606576804 8.4896884672871 9.37445297999997 10.772346853397 11.7321801 11.7321801 11.7321801 11.7321801 10.3411989813291
0.175499720222084 0.728264396506341 1 1 1 1 1 2 2 2.05433908966754 2.33924830000006 2.23644528378907 2 2 2 2 2.87242189486103 3.56969819584121 3.66075169999994 3.95741042238478 3.67910931434351 3.64343591999973 2.7494958800001 3.71508997547156 4 4 4 3.55411381999982 2.82450190816972 2.27173877510186 2 2.48340579835454 3.46377988000008 3.95740960818886 4 4.66662523473226 5 5.16017017999995 6 6 6.37445538 6.7053815343625 6.33924830000006 6.72825963909404 7 7 7.27242513072126 7.91704538600739 8.62499352273527 8.98268901999984 7.9698953161918 7.71508834707976 8.23159618000022 9 9.37445297999997 10.4458813800003 11 11 11 11 9.92455230347459
0.715545064175565 1 1.27111897502104 1.41067670000002 1.41067670000002 1.05155578618414 1 2 2.03644615261069 2.50507154779105 2.90488588819266 2.53518770281105 2.41067670000002 2.22756064939784 2 2 2 2.43115021100475 2.58932329999998 3.1046623518083 2.62121312779006 2.16844200738816 1.67806748000013 2.74949587999995 3.68443642618323 4 4 3.55411381999982 2.48268541999988 2 2 1.69954901662889 2.39235148000012 3.82289882256788 4 4.42087987823589 5 5.16017017999995 6.09511214055916 6.28623057984261 6.37445538 7.183114079354 7.41067670000002 7.1688946614495 6.72888398185117 6.88977329774707 7.80302578000011 8 8 8.57912153614005 7.91126061999959 7.16016778000009 8.13648502506512 8.7137684345334 9.22067386586841 10.0352046800003 10.8017703733282 11 11 11 9.72373623172113
1 1.28383830735174 1.82400697672351 2.35271029920135 2.09495880487371 1.54712091105102 1.4821051 2 2.08874658000001 2.9227788252496 2.39794869067512 2.30303177999999 3 2.55411141999979 2 2 2 2 2 2 1.5439828700764 0.526242925848584 1.08874418000015 2.08295256230183 2.7494958800002 3.66398690954782 4 3.55411381999982 2.7320854173223 2.19826910675276 2 1.26840022000007 1.80302818000014 3.32733318305366 3.97391087287135 4.52624176879633 5 5.08295131935405 5.63783862342933 6.0249445249912 6.37445538 7.2309209356548 7.76729374027016 7.41125941999994 6.65810185211973 6.8609956519554 7.41588295603058 7.5178949 7.97390971581911 8 7.95404232766863 7.56505517640636 8.11165369951862 8.6390399845568 9 9.44588138000027 10.2679120967822 11.0855622582856 11.1638354249323 11 10.1969766199999
1.28635360702927 1.81638966071946 2 2.32663693621651 2.08793917603473 2 2 2 2.03962237495957 2.37495373729177 2 2.30303177999999 3 2.80092568629737 2.26718122145122 2 2 2 2 1.51595766019401 0.500579119999988 0.0173157800002153 1.08874418000015 2.17732177762285 3.21046907893739 3.68882596668581 3.79272507443433 3.49420619563407 3.55353350000007 2.63890155768007 2 1.67336520682272 1.91205868092605 2.87445658000014 3.42230595642306 4.00772984417185 4.49558804807963 5 5 5.13529139516619 5.82092187999993 6.69327810933667 7.23096255841197 7.18361355383937 7 7 7 7.48403968284532 7.97583838490353 8 8 8 8.23159618000022 9 9 9.44588138000027 10.2863482931078 11.0792372492821 11.1517242376103 11 10.1969766199999
1.81897637736838 2 2 2 2 2 2 2 2 2 2 2.30303177999999 3 3 2.80598642272307 2.25701846869891 2 2 1.49813648296499 0.500579119999827 0.61143786838163 0.642277680000218 1.71370608000015 2.74510354015058 3.51977988850278 4 3.62554221999997 3.16722430576352 3.69834000281457 2.82251403999983 2 2 2 2.87445658000014 3 4 4.08874178000012 5 5 5 5.14043503424998 5.82092188000015 6.3750381 6.74297853148394 7 7 7 7.87445418000041 8 8.01081870295176 8.6249619 8.52486313989237 8.23159618000022 9 9 9.44588138000028 10.5173097800002 11 11 11 11.2006946546185
2 2 2 2 2 2 2 2 2 2 2 2.09200338781626 2.56438013708828 3 3 2.82125119180179 2.23665168329354 2 1.19696941999983 0.734505771419856 0.983570883675568 1.01731578000022 2.02694359386659 2.41515233103794 3.07031630405756 3.30360969999998 3.18992068575152 3 3.15706172443945 2.53611864046498 2 2 2 2.87445658000014 3 4 4.08874178000012 5 4.8387169953941 4.30360969999998 4.5643767944148 5.44588378000015 6 6.58874058000006 7 7 7 7.26549277125366 7.9623131536509 8.01731098000016 9 8.95137150836451 8.76670514673103 9 9 9.44588138000027 10.5173097800002 11 11 11.5094756476008 12.4994136800001
2 2 2 2 2 2 2 2 2 2 2 2 2.08694265139061 2.57454288984055 3 3 2.8467199935337 1.64434303047049 1.04573261599579 1 1 1.00402040031096 1.3003207409202 2.03718907784873 2.23218129999991 2.23218129999991 2.23218129999991 2.23218129999991 2.23218129999991 2.09548618953767 2 2 2 2.87445658000014 3 4 4.02060418184473 4.23218129999991 4.17840844061734 4 4.08694153692036 4.67806508000006 5.62938326554179 6.58874058000006 7 7 7 7 7.9458825799999 8.00401928584071 8.30031705539063 9 9 9 9.28751200031474 9.87134401845431 10.5173097800002 11 11.5068882452394 11.9376813735299 12.8030233800001
2.40508831056119 2 2 2 2 2 2 2 2 2 2 2.25431854257283 2.83924709999998 2.91092498231191 3 3 3 2.15079064791872 1.16530601452354 1 1 1 1.01426588429315 1.16075290000002 1.35512335082234 1.74568347162024 1.16075290000002 1.16075290000002 1.16075290000002 1.65485373861043 2 2 2 2.87445658000014 3.79383122639847 4.83924709999998 4.83924709999998 4.70482474092855 3.80563156337074 3.41506741418686 4 4.44588378000015 5.51731218000009 6.58874058000006 7 7 7 7 8.73971179220532 8.83924709999999 8.85351221267925 9 9.19436642243626 9.83924709999999 9.89944150244863 10 10.5173097800002 11 11.1061236922181 11.1607529 12.6377113228974
2.95379070504121 2.3745173210745 2 2 2 2 2 2 2 2 2.2109155238834 2.93774366223263 3 3 3 3 3 2.26839782000004 1.19696941999983 1 1 1 1 1 1.02068764173802 1.06225655214617 1 1 1.47110571379891 1.96326467231703 2 2 2.73129808933574 2.98878589678023 3.94588497999991 5 5 4.83982982000005 3.97931257264078 3.93774323347504 4 4.44588378000015 5.51731218000009 6.58874058000005 7.60119971594613 7.91067550000003 7.17937959628552 7.796343997599 8.9410485685171 9.01576468536714 9.91067550000003 9.76481462686456 9.23159618000022 10 10 10 10.5173097800002 11 11 11 12.6060467600002
2.49193861935636 2.00735981085429 2 2 2 2 2 2.01700825211914 2.98210390000011 2.98210390000011 2.98624869724891 3 3 3 3 3 3 2.26839782000004 1.19696941999983 1 0.0710403151411746 0.0178960999998889 0.0178960999998889 0.0178960999998889 0.0178960999998889 0.315502435912469 1 1.43790655633433 2.49941848000023 2.98210390000011 2.98210390000011 2.98210390000011 3.78513208000025 3.98210390000011 3.99903155219058 4.03489963802026 4.91284635176893 4.01502967844161 4 4 4 4.44588378000015 6.02536648949573 7.57084448000017 7.99391835008302 8.71850464012793 8.96773287033874 8.97985711945083 8.99903150923994 9.98241369902929 10.087151291182 10.82193612 9.98624856839699 10 10 10.4379018422357 10.9913617275539 11 10.3516478271319 11.4549006661572 12.7994982667109
3 2.41125221999986 2 2 2 2 2 3 3.00475080854453 3.04495776491813 3 3 2.97995428530619 2.50057911999982 1.94646770000002 2.50369618569437 2.30344286168604 2 1.19696941999983 0.953188199544958 0.0512158469924348 0 0 0 0.0123981331416588 0.340339820320974 1.39450336621631 2.47554916724654 3.51731458000012 4 4 4 4 4 4 4.00092682505218 4.05353229999997 4.05353229999997 4.04113429533584 4 4 4.42201459572406 5.49147279081352 7.17748116000011 8.66016898000013 9.73159738000007 10 10.0468115435 10.1041675700373 11.0535323 11.0535323 11.0449581503507 10.7684038199998 9.71319702272363 9.4079399507387 10 10.4896169976643 11.0095007177464 11.6783586445898 12 12
2.87503929999995 2.3598618547121 2 2 2 2 2 2.87503929999995 2.95269604524055 3.60991919762319 2.90398062048715 3 2.62553981999994 1.55411141999979 1 1 1.66017378000019 2 1.19696941999983 0.234814026261983 0.00676195087404469 0 0 0 0.231600980000197 1.03786676344538 1.82708375369084 3 3.51731458000012 4 4 4 4 4 4 4.01731338000019 5 5 4.76840141999983 3.96213353646028 3.92183150640353 4 4.96998066786881 7.05252046000006 8.53520828000008 9.69805760072303 10 10.9837265864512 11.9526451306853 12 12 11.8398322199999 10.7684038199998 10.0378661636341 10.1249607000001 10.0692430506382 10.0646433922257 11.2288679249109 12 12 12.1003463636812
2 2 2 2 2 2.17173468340305 2.01062665740661 2 2 2 2.23160338000023 3 2.55199992226386 1.44528997692626 1.10159541611696 1.1963891000001 1.72691194550239 2 1.19696941999983 1 0.239874591259699 0 0 0 0.186117071978818 1.16615194721165 2.37445778000003 3.08756718559272 3.61210873521706 4 3.87034953683595 3.8036108999999 3.96131688154485 4 4 4.01731338000019 4.98257208169337 4.8036108999999 4.61749575668727 3.69697301999989 3.30091642493161 3.89117761425877 4.41571770655078 5.98109206000001 7.59342987183024 9.3195170089795 9.8036108999999 11.5525192600007 11.8036108999999 12 11.9825725530272 11.674898326163 10.7684038199998 10.2435138554561 10.8771493837345 10.6416848629248 10.6121048778848 11.5887381800002 12 12 12.6453183411228
2 2 2 2 2.2150662851212 2.90808281936187 2.30743605615517 2 2 2 2.16957594177702 2.73218250000001 2.08354912925706 1 1.51731697999997 2 2 2 1.19696941999983 1 1 0.263180031089786 0 0 0 0.606058759999927 2.37445778000003 3.44588618000018 4 4 3.33982861999984 3 3.80302818000014 4 4 4.01267655385199 4.66720732166506 4 3.93797384730081 3.51031144821608 3 3.32646830074996 3.87072775476718 5.01980612971595 7.05252046000027 8.46377988000008 8.73218250000001 10.2468967276486 10.9710128157382 11.7321825 11.6672090789029 11 10.7684038199998 10 10.1738828580577 10.5837798364882 10.7321825 11.163246292478 11.6411691630392 11.7321825 11.7321825
1.82450152134444 1.66075409999997 1.66075409999997 1.66075409999997 2.46378708000017 2.66075409999997 2.66075409999997 1.66075409999997 1.690861013404 2 2 2 1.75257390077824 1.18798002737812 1.34181931553459 1.66075409999997 1.66075409999997 1.66075409999997 1.40257318367921 1.04258927631676 1 0.98855852737016 0.309139800786112 0 0.0785696829010554 0.842503185255417 2.37445778000003 3.29462112156844 3.66075409999997 3.8604827421188 3.56378905396225 3.33924590000003 3.86985006235063 4 4 4 4 3.94566292313275 3.50772438871069 3 3 3 3.34181614391498 4.44922250792868 6.09637834022802 7.39235148000004 7.93317730345933 8.87445418000041 10.249991585707 10.6607541 10.6607541 10.7150903626771 10.689835765479 9.55795425363563 9.07408685820775 9.10663548000025 9.66075409999997 9.86048111373852 10.6601665800003 11 11
1.48268062 1 1 1 1.80303298000019 2 2 1 1.0523006403811 1.58932569999992 1.58932569999992 1.58932569999992 1.58932569999992 1.32655210046933 1 1 1 1 1.80303058000017 1.48465884949018 1.0222226623397 1 0.947700774000491 0.410674300000078 0.547162709659362 1.30302937999996 2.37445778000003 3 3 3.34696136880859 3.86044111936157 4 4 4 4 4 3.96355603161769 3.49493329655234 3 2.87555460710732 2.58932569999992 2.58932569999992 2.80177251740297 3.93570053442695 5.24949468000005 6.32092307999999 7.39235148000003 8.46377988000034 8.58932569999992 9.19286974918761 10 10.0286141981319 9.81056963910369 8.41074552727405 8 8.44588138000027 9 9.5887381800002 10.6601665800003 11 11
