catData/rasterBestHybridModels/Pbengalensis/RD_RM1.5_LQ/Pbengalensis_min.asc
ncols         409
nrows         350
xllcorner     60.897278365
yllcorner     5.843756025
cellsize      0.0892857
NODATA_value  -9999
[rows 87 to 115 of 350, columns 260 to 324 of 409]
-9999 -9999 -9999 -9999 -9999 -9999 -9999 -9999 -9999 -9999 -9999 -9999 -9999 -9999 -9999 -9999 -9999 -9999 -9999 -9999 -9999 -9999 -9999 -9999 -9999 -9999 -9999 -9999 -9999 -9999 -9999 -9999 -9999 -9999 -9999 -9999 -9999 -9999 -9999 -9999 -9999 -9999 -9999 -9999 -9999 -9999 -9999 -9999 -9999 -9999 -9999 -9999 -9999 -9999 -9999 -9999 -9999 -9999 -9999 -9999 -9999 -9999 -9999 -9999 -9999
1.07237E-6 -9999 -9999 -9999 -9999 -9999 -9999 -9999 -9999 -9999 -9999 -9999 -9999 -9999 -9999 -9999 -9999 -9999 -9999 -9999 -9999 -9999 -9999 -9999 -9999 -9999 -9999 -9999 -9999 -9999 -9999 -9999 -9999 -9999 -9999 -9999 -9999 -9999 -9999 -9999 -9999 -9999 -9999 -9999 -9999 -9999 -9999 -9999 -9999 -9999 -9999 -9999 -9999 -9999 -9999 -9999 -9999 -9999 -9999 -9999 -9999 -9999 -9999 -9999 -9999
-9999 -9999 -9999 -9999 -9999 -9999 -9999 -9999 -9999 -9999 -9999 -9999 -9999 -9999 -9999 -9999 -9999 -9999 -9999 -9999 -9999 -9999 -9999 -9999 -9999 -9999 -9999 -9999 -9999 -9999 -9999 -9999 -9999 -9999 -9999 -9999 -9999 -9999 -9999 -9999 -9999 -9999 -9999 -9999 -9999 -9999 -9999 -9999 -9999 -9999 -9999 -9999 -9999 -9999 -9999 -9999 -9999 -9999 -9999 -9999 -9999 -9999 -9999 -9999 -9999
-9999 -9999 -9999 -9999 -9999 -9999 -9999 -9999 -9999 -9999 -9999 -9999 -9999 -9999 -9999 -9999 -9999 -9999 -9999 -9999 -9999 -9999 -9999 -9999 -9999 -9999 -9999 -9999 -9999 -9999 -9999 -9999 -9999 -9999 -9999 -9999 -9999 -9999 -9999 -9999 -9999 -9999 -9999 -9999 -9999 -9999 -9999 -9999 -9999 -9999 -9999 -9999 -9999 -9999 -9999 -9999 -9999 -9999 -9999 -9999 -9999 -9999 -9999 -9999 -9999
-9999 -9999 -9999 -9999 -9999 -9999 -9999 -9999 -9999 -9999 -9999 -9999 -9999 -9999 -9999 -9999 -9999 -9999 -9999 -9999 -9999 -9999 -9999 -9999 -9999 -9999 -9999 -9999 -9999 -9999 -9999 -9999 -9999 -9999 -9999 -9999 -9999 -9999 -9999 -9999 -9999 -9999 -9999 -9999 -9999 -9999 -9999 -9999 -9999 -9999 -9999 -9999 -9999 -9999 -9999 -9999 -9999 -9999 -9999 -9999 -9999 -9999 -9999 -9999 -9999
3.57296E-7 5.41983E-7 4.79234E-7 -9999 -9999 -9999 -9999 -9999 -9999 -9999 -9999 -9999 -9999 -9999 -9999 -9999 -9999 -9999 -9999 -9999 -9999 -9999 -9999 -9999 -9999 -9999 -9999 -9999 -9999 -9999 -9999 -9999 -9999 -9999 -9999 -9999 -9999 -9999 -9999 -9999 -9999 -9999 -9999 -9999 -9999 -9999 -9999 -9999 -9999 -9999 -9999 -9999 -9999 -9999 -9999 -9999 -9999 -9999 -9999 -9999 -9999 -9999 -9999 -9999 -9999
3.46882E-6 4.18967E-6 1.29802E-6 6.17773E-7 3.47779E-7 9.21952E-7 -9999 -9999 -9999 -9999 -9999 -9999 -9999 -9999 -9999 -9999 -9999 -9999 -9999 -9999 -9999 -9999 -9999 -9999 -9999 -9999 -9999 -9999 -9999 -9999 -9999 -9999 -9999 -9999 -9999 -9999 -9999 -9999 -9999 -9999 -9999 -9999 -9999 -9999 -9999 -9999 -9999 -9999 -9999 -9999 -9999 -9999 -9999 -9999 -9999 -9999 -9999 -9999 -9999 -9999 -9999 -9999 -9999 -9999 -9999
2.46886E-5 1.01949E-5 6.62126E-6 1.20592E-5 2.22792E-6 3.32757E-6 -9999 -9999 -9999 -9999 5.36736E-7 1.01034E-6 -9999 -9999 -9999 -9999 -9999 -9999 -9999 -9999 -9999 -9999 -9999 -9999 -9999 -9999 -9999 -9999 -9999 -9999 -9999 -9999 -9999 -9999 -9999 -9999 -9999 -9999 -9999 -9999 -9999 -9999 -9999 -9999 -9999 -9999 -9999 -9999 -9999 -9999 -9999 -9999 -9999 -9999 -9999 -9999 -9999 -9999 -9999 -9999 -9999 -9999 -9999 -9999 -9999
2.20101E-6 1.45792E-5 7.7033E-5 6.90952E-5 1.28831E-6 2.58221E-6 2.36818E-5 7.22107E-5 4.33806E-5 9.89427E-7 6.15872E-7 1.18083E-6 -9999 -9999 -9999 -9999 -9999 -9999 -9999 -9999 -9999 -9999 -9999 -9999 -9999 -9999 -9999 -9999 -9999 -9999 -9999 -9999 -9999 -9999 -9999 -9999 -9999 -9999 -9999 -9999 -9999 -9999 -9999 -9999 -9999 -9999 -9999 -9999 -9999 -9999 -9999 -9999 -9999 -9999 -9999 -9999 -9999 -9999 -9999 -9999 -9999 -9999 -9999 -9999 -9999
2.63539E-5 2.26514E-5 1.76251E-4 1.46694E-4 1.17598E-5 6.5048E-7 2.69024E-6 3.66895E-5 1.18235E-4 4.78746E-5 3.4717E-6 1.54468E-6 -9999 -9999 -9999 -9999 -9999 -9999 -9999 -9999 -9999 -9999 -9999 -9999 -9999 -9999 -9999 -9999 -9999 -9999 -9999 -9999 -9999 -9999 -9999 -9999 -9999 -9999 -9999 -9999 -9999 -9999 -9999 -9999 -9999 -9999 -9999 -9999 -9999 -9999 -9999 -9999 -9999 -9999 -9999 -9999 -9999 -9999 -9999 -9999 -9999 -9999 -9999 -9999 -9999
3.85967E-4 2.40297E-4 3.71402E-4 5.47393E-4 1.90292E-4 1.53821E-5 4.27498E-6 1.27034E-5 1.36098E-4 1.39681E-4 7.86432E-6 -9999 -9999 -9999 -9999 -9999 -9999 -9999 -9999 -9999 -9999 -9999 -9999 -9999 -9999 -9999 -9999 -9999 -9999 -9999 -9999 -9999 -9999 -9999 -9999 -9999 -9999 -9999 -9999 -9999 -9999 -9999 -9999 -9999 -9999 -9999 -9999 -9999 -9999 -9999 -9999 -9999 -9999 -9999 -9999 -9999 -9999 -9999 -9999 -9999 -9999 -9999 -9999 -9999 -9999
6.4357E-4 7.89269E-4 1.04595E-3 8.84293E-4 5.56637E-4 1.90756E-4 1.11361E-4 8.74444E-5 1.5088E-4 1.00336E-4 3.23757E-5 3.9443E-6 2.50277E-6 -9999 -9999 1.0628E-5 -9999 -9999 -9999 -9999 -9999 -9999 -9999 -9999 -9999 -9999 -9999 -9999 -9999 -9999 -9999 -9999 -9999 -9999 -9999 -9999 -9999 -9999 -9999 -9999 -9999 -9999 -9999 -9999 -9999 -9999 -9999 -9999 -9999 -9999 -9999 -9999 -9999 -9999 -9999 -9999 -9999 -9999 -9999 -9999 -9999 -9999 -9999 -9999 -9999
3.56411E-4 5.77252E-4 1.25348E-3 1.14788E-3 7.49525E-4 4.02026E-4 2.90446E-4 2.06689E-4 1.91832E-4 1.01384E-4 1.00717E-4 8.28376E-5 3.16996E-5 9.25434E-5 6.02647E-5 9.91495E-6 7.81207E-6 2.72224E-6 -9999 -9999 -9999 -9999 -9999 -9999 -9999 -9999 -9999 -9999 -9999 -9999 -9999 -9999 -9999 -9999 -9999 -9999 -9999 -9999 -9999 -9999 -9999 -9999 -9999 -9999 -9999 -9999 -9999 -9999 -9999 -9999 -9999 -9999 -9999 -9999 -9999 -9999 -9999 -9999 -9999 -9999 -9999 -9999 -9999 -9999 4.1466E-7
2.34507E-4 3.00685E-4 4.43972E-4 6.39002E-4 5.95569E-4 3.47667E-4 2.27306E-4 3.2402E-4 1.53448E-4 1.55279E-4 1.85502E-4 1.12995E-4 1.85853E-4 1.46316E-4 5.52238E-5 7.36582E-6 6.43931E-6 1.42609E-5 1.79732E-5 7.81304E-6 -9999 -9999 -9999 -9999 -9999 -9999 -9999 -9999 -9999 -9999 -9999 -9999 -9999 -9999 -9999 -9999 -9999 -9999 -9999 -9999 -9999 -9999 -9999 -9999 -9999 -9999 -9999 -9999 -9999 -9999 3.27024E-7 -9999 -9999 -9999 -9999 -9999 -9999 -9999 -9999 -9999 -9999 7.239E-6 1.53514E-5 5.09294E-6 1.19849E-6
1.9388E-4 2.16909E-4 2.61675E-4 2.1152E-4 2.1781E-4 2.31482E-4 1.805E-4 1.20992E-4 8.52795E-5 1.42856E-4 2.5769E-4 2.84749E-4 3.32788E-4 2.4161E-4 1.15287E-4 1.2836E-4 1.96161E-4 2.10837E-4 2.41131E-4 1.02836E-4 -9999 -9999 1.26869E-5 2.72672E-4 -9999 -9999 -9999 4.4598E-7 3.82022E-7 -9999 -9999 -9999 -9999 -9999 -9999 -9999 -9999 -9999 -9999 -9999 -9999 -9999 -9999 -9999 -9999 -9999 -9999 -9999 -9999 -9999 4.45713E-7 3.31824E-7 -9999 -9999 -9999 -9999 -9999 -9999 -9999 -9999 6.98848E-6 1.15171E-5 5.62955E-5 1.92256E-5 3.34917E-6
1.21373E-4 1.35492E-4 1.72665E-4 1.67369E-4 1.63312E-4 1.81832E-4 1.50868E-4 1.13201E-4 1.0176E-4 1.51528E-4 1.99792E-4 2.00859E-4 2.42455E-4 3.52112E-4 3.74046E-4 3.44895E-4 3.45059E-4 4.13482E-4 4.34943E-4 5.27964E-4 7.06516E-4 -9999 -9999 3.69561E-4 2.94697E-5 -9999 -9999 9.63625E-7 3.48092E-6 4.35354E-6 9.31117E-7 -9999 -9999 -9999 -9999 -9999 -9999 -9999 -9999 -9999 -9999 -9999 -9999 -9999 -9999 -9999 1.08394E-7 3.47231E-7 1.02468E-6 1.9134E-6 7.12991E-7 4.25689E-7 2.4387E-7 -9999 -9999 -9999 -9999 -9999 6.94325E-6 8.23039E-6 1.7919E-5 2.9053E-5 1.20998E-4 1.16203E-4 7.42893E-6
1.27288E-4 1.69947E-4 2.08792E-4 2.32725E-4 2.60049E-4 2.81008E-4 1.97244E-4 1.31191E-4 1.09393E-4 1.54514E-4 1.86452E-4 2.07468E-4 2.82692E-4 4.10954E-4 5.06248E-4 5.02427E-4 5.42474E-4 4.35986E-4 4.19443E-4 5.78242E-4 5.62523E-4 3.11946E-4 3.34795E-4 4.66273E-4 2.79324E-4 1.5363E-5 2.2331E-6 1.41352E-6 1.60401E-5 2.66545E-5 3.58932E-6 5.35616E-7 2.03913E-7 3.42407E-7 -9999 -9999 -9999 -9999 -9999 -9999 -9999 -9999 -9999 6.60835E-8 -9999 7.39627E-8 2.78483E-7 1.65981E-6 3.87508E-6 1.42249E-5 2.25128E-6 3.50826E-6 1.90292E-6 5.50167E-7 -9999 -9999 -9999 -9999 -9999 1.09045E-5 1.36152E-5 6.67397E-5 3.45671E-4 1.53819E-4 2.81259E-5
1.79782E-4 2.2423E-4 2.10228E-4 1.86196E-4 2.21491E-4 3.44634E-4 2.32946E-4 1.58376E-4 1.84E-4 2.07032E-4 2.32139E-4 3.62821E-4 4.83535E-4 8.56726E-4 1.53166E-3 6.51196E-4 4.13477E-4 3.6927E-4 3.98724E-4 4.21325E-4 5.73193E-4 4.46257E-4 4.16183E-4 4.54582E-4 4.24683E-4 3.82723E-5 1.19158E-5 4.30835E-6 4.91936E-5 8.17442E-5 2.54655E-6 9.00875E-7 1.41266E-6 4.49319E-6 1.72049E-5 1.17939E-4 2.42702E-4 1.68356E-4 8.06133E-6 1.13491E-6 1.37935E-6 1.1731E-6 1.14205E-6 4.22966E-7 1.07382E-7 4.14064E-8 2.97832E-7 2.99822E-6 1.28685E-5 5.14145E-5 2.4867E-5 1.95667E-5 2.00621E-5 -9999 -9999 -9999 -9999 1.20759E-5 8.29849E-6 6.52621E-6 7.62024E-6 3.8381E-5 2.9394E-4 2.42696E-4 1.41362E-4
8.27026E-5 9.9171E-5 1.18929E-4 1.47393E-4 1.28384E-4 1.45205E-4 1.7776E-4 2.12326E-4 2.85805E-4 4.17791E-4 3.69662E-4 5.85488E-4 9.45481E-4 2.4612E-3 7.06991E-4 5.5723E-4 3.57836E-4 2.49748E-4 3.58232E-4 4.01769E-4 3.82694E-4 3.26103E-4 3.56031E-4 3.06533E-4 4.30494E-4 1.43414E-4 1.47816E-4 4.28743E-5 1.8889E-4 1.95819E-4 2.0404E-5 1.0091E-5 2.01041E-5 5.68843E-5 1.51951E-4 4.05461E-4 4.99456E-4 1.67539E-4 8.06197E-6 6.05179E-6 7.91066E-6 1.7306E-5 5.35644E-6 1.356E-6 4.46482E-8 4.3683E-8 2.1742E-6 4.05509E-5 7.21767E-5 9.77246E-5 1.99885E-4 7.93018E-5 2.77451E-5 -9999 -9999 -9999 -9999 3.4548E-5 2.71453E-5 1.1042E-5 1.86968E-5 5.81301E-5 3.03792E-4 4.50038E-4 4.84605E-4
5.75265E-5 7.18773E-5 9.03529E-5 1.07481E-4 1.06533E-4 9.76019E-5 9.33615E-5 1.36798E-4 2.25753E-4 3.13702E-4 5.6038E-4 6.52909E-4 7.76355E-4 1.20513E-3 7.3929E-4 7.77166E-4 4.05691E-4 2.40125E-4 2.58564E-4 3.57348E-4 3.96093E-4 5.20483E-4 5.14332E-4 4.1986E-4 3.78322E-4 2.98642E-4 3.25894E-4 1.81573E-4 4.65956E-4 4.18912E-4 3.32532E-4 1.22762E-4 2.40092E-4 5.17796E-4 8.0202E-4 7.76577E-4 5.24915E-4 9.50489E-5 4.5519E-5 9.86999E-5 5.58834E-5 9.94597E-5 3.02078E-5 4.28313E-6 5.29049E-7 5.36342E-7 5.67548E-6 2.47813E-4 7.47935E-4 7.95055E-4 7.09343E-4 2.36077E-4 -9999 -9999 -9999 1.56564E-5 1.14074E-5 6.35472E-5 8.75667E-5 6.48122E-5 5.05076E-5 2.00116E-4 3.10805E-4 5.08127E-4 5.15445E-4
6.32545E-5 6.77158E-5 7.72863E-5 1.03043E-4 1.07915E-4 1.07264E-4 9.11792E-5 1.15834E-4 1.87881E-4 2.69182E-4 3.70265E-4 4.7527E-4 3.47887E-4 3.8992E-4 6.05824E-4 6.76713E-4 4.98318E-4 2.99316E-4 1.72349E-4 2.20731E-4 4.05301E-4 4.43906E-4 4.67314E-4 5.26076E-4 5.08885E-4 3.17372E-4 1.90096E-4 3.19366E-4 4.92795E-4 4.91085E-4 3.90257E-4 3.31902E-4 8.74972E-4 8.99446E-4 6.43284E-4 7.96866E-4 7.26165E-4 1.41347E-4 3.22391E-4 3.68585E-4 1.92795E-4 1.83595E-4 1.47389E-4 3.19883E-5 9.91768E-6 1.84745E-5 3.60267E-5 3.11444E-4 8.28292E-4 1.49883E-3 8.99641E-4 2.22964E-4 -9999 -9999 -9999 3.73663E-5 3.06788E-5 1.46204E-4 2.88716E-4 3.37696E-4 2.24447E-4 3.95562E-4 4.30069E-4 4.64327E-4 5.68256E-4
5.79991E-5 7.19265E-5 8.1974E-5 8.34668E-5 8.10968E-5 7.32614E-5 8.18438E-5 1.13326E-4 1.75979E-4 2.32185E-4 2.72018E-4 2.96876E-4 2.1554E-4 1.59671E-4 2.18088E-4 3.08093E-4 3.58488E-4 3.06655E-4 2.31942E-4 2.21676E-4 2.55474E-4 2.99292E-4 3.80699E-4 4.18653E-4 4.98905E-4 5.49142E-4 2.69036E-4 3.0334E-4 3.39145E-4 3.11217E-4 4.86704E-4 4.3771E-4 6.29395E-4 5.08269E-4 5.37717E-4 6.94462E-4 1.10339E-3 4.55358E-4 5.40777E-4 3.62901E-4 3.40201E-4 2.59714E-4 3.21514E-4 1.59254E-4 1.06485E-4 2.84289E-4 5.88007E-4 6.51898E-4 1.06911E-3 1.02836E-3 1.14319E-3 2.65271E-4 5.73955E-5 -9999 -9999 7.65061E-5 8.44481E-5 2.45092E-4 4.11203E-4 4.71106E-4 3.99446E-4 3.59756E-4 2.95435E-4 3.9292E-4 5.3944E-4
6.40177E-5 7.3071E-5 8.07805E-5 7.421E-5 6.08163E-5 5.3313E-5 5.06947E-5 7.31815E-5 1.19555E-4 1.53446E-4 1.62638E-4 1.68911E-4 1.41849E-4 1.25468E-4 1.11556E-4 1.22305E-4 1.3251E-4 1.35078E-4 1.54617E-4 2.06073E-4 2.38835E-4 2.93804E-4 3.39712E-4 2.72013E-4 3.40759E-4 3.23164E-4 1.96261E-4 1.40941E-4 1.30065E-4 3.07043E-4 5.5731E-4 6.35077E-4 8.29706E-4 4.99656E-4 2.55664E-4 2.61658E-4 7.55805E-4 6.75858E-4 5.69208E-4 3.49311E-4 2.59148E-4 2.74343E-4 4.89936E-4 4.89822E-4 5.34403E-4 9.72143E-4 7.84773E-4 9.43044E-4 1.0342E-3 1.30712E-3 1.5003E-3 1.1659E-3 1.72773E-4 9.78687E-5 1.26814E-4 2.0135E-4 1.70805E-4 2.8669E-4 3.23159E-4 2.97873E-4 3.98536E-4 2.68535E-4 1.04557E-4 2.42894E-4 7.58964E-4
6.46347E-5 7.79227E-5 8.67283E-5 7.85428E-5 5.70306E-5 4.95269E-5 4.61789E-5 5.7512E-5 7.37681E-5 8.17869E-5 8.79654E-5 8.7559E-5 8.75912E-5 8.34516E-5 8.08333E-5 7.89525E-5 7.61635E-5 7.71287E-5 9.97795E-5 1.32239E-4 1.79927E-4 2.88506E-4 2.98915E-4 2.62603E-4 2.64616E-4 1.41093E-4 1.04854E-4 9.12331E-5 1.25313E-4 2.53348E-4 5.0856E-4 8.84652E-4 6.3843E-4 5.55546E-4 2.20225E-4 2.20765E-4 6.21022E-4 4.20275E-4 4.22805E-4 2.79727E-4 1.50326E-4 2.60153E-4 4.61583E-4 6.47232E-4 1.2435E-3 9.08184E-4 6.37711E-4 6.47104E-4 6.17824E-4 7.08271E-4 8.66288E-4 7.88603E-4 7.22019E-4 7.72461E-4 4.8542E-4 5.90528E-4 6.67012E-4 3.59847E-4 2.91214E-4 3.97613E-4 6.63316E-4 2.40503E-4 1.18434E-4 3.5109E-4 5.42212E-4
7.77636E-5 7.78201E-5 9.18068E-5 7.19873E-5 5.55814E-5 4.78343E-5 5.17617E-5 6.45086E-5 7.86556E-5 7.41867E-5 6.6683E-5 5.89576E-5 5.02917E-5 5.07562E-5 6.45615E-5 7.86617E-5 8.80826E-5 9.6911E-5 9.3713E-5 1.19302E-4 1.32414E-4 1.70485E-4 1.87926E-4 2.93668E-4 3.39711E-4 1.12046E-4 9.95258E-5 9.1866E-5 1.11564E-4 2.0566E-4 4.82645E-4 6.9054E-4 3.9063E-4 2.55365E-4 1.91256E-4 2.03316E-4 7.97543E-4 4.64796E-4 1.60149E-4 1.20869E-4 1.46847E-4 3.18465E-4 5.18294E-4 5.4696E-4 9.7632E-4 7.61939E-4 4.86453E-4 3.5446E-4 4.08729E-4 5.49559E-4 7.90631E-4 1.21936E-3 1.40053E-3 7.17017E-4 1.50797E-3 1.37928E-3 1.06141E-3 1.28453E-3 8.09516E-4 8.54558E-4 8.2775E-4 3.55136E-4 4.50261E-4 7.26787E-4 9.23021E-4
7.44063E-5 6.07065E-5 6.47272E-5 5.87209E-5 4.83486E-5 4.52104E-5 6.02397E-5 7.65416E-5 9.23668E-5 8.32911E-5 6.78314E-5 5.32385E-5 5.08614E-5 5.31445E-5 6.64599E-5 7.42234E-5 8.35005E-5 1.05269E-4 1.12463E-4 1.03345E-4 1.07665E-4 1.14498E-4 1.23079E-4 1.20046E-4 1.26331E-4 8.96304E-5 1.20399E-4 2.07839E-4 1.96274E-4 1.34746E-4 2.19716E-4 5.0938E-4 4.62077E-4 2.25649E-4 1.67295E-4 3.59025E-4 4.82893E-4 2.71458E-4 1.80337E-4 1.38914E-4 3.7091E-4 5.33846E-4 7.17903E-4 7.51038E-4 7.17129E-4 6.66228E-4 8.9423E-4 5.47363E-4 3.97202E-4 6.32801E-4 7.35189E-4 8.23614E-4 1.1078E-3 3.70273E-4 9.64117E-4 1.55237E-3 1.63624E-3 1.2111E-3 2.23851E-3 2.24723E-3 1.27826E-3 9.24087E-4 5.30337E-4 9.92847E-4 2.18812E-3
6.16337E-5 4.81781E-5 4.68708E-5 5.29653E-5 6.0053E-5 5.20706E-5 6.60161E-5 8.05439E-5 9.23775E-5 8.25884E-5 6.2988E-5 5.20854E-5 6.42401E-5 6.53022E-5 6.95684E-5 8.88181E-5 1.02227E-4 1.0788E-4 1.0074E-4 9.22538E-5 1.13634E-4 1.06148E-4 9.58335E-5 1.05886E-4 1.02109E-4 1.24436E-4 1.44743E-4 1.59164E-4 2.04207E-4 1.1099E-4 1.15823E-4 1.76576E-4 2.01616E-4 1.4173E-4 1.64528E-4 1.94626E-4 2.18665E-4 2.22755E-4 1.79921E-4 2.82868E-4 4.76349E-4 3.79956E-4 6.68232E-4 5.90361E-4 6.18447E-4 7.22007E-4 7.78352E-4 5.42091E-4 2.71467E-4 3.6394E-4 2.87039E-4 2.56523E-4 3.40332E-4 2.30657E-4 3.73444E-4 8.47548E-4 1.48631E-3 1.23318E-3 2.68182E-3 2.87532E-3 1.37971E-3 1.28698E-3 1.53059E-3 1.38706E-3 1.65396E-3
5.52621E-5 4.5496E-5 5.37053E-5 6.89802E-5 7.52156E-5 6.42552E-5 7.07911E-5 6.80268E-5 6.80117E-5 6.68728E-5 5.19557E-5 6.43504E-5 7.73069E-5 7.92097E-5 7.5787E-5 1.12889E-4 1.26069E-4 1.09252E-4 8.58222E-5 9.84533E-5 1.02516E-4 1.01593E-4 8.4687E-5 1.21826E-4 1.28943E-4 1.58583E-4 1.84859E-4 1.51272E-4 1.32804E-4 1.15122E-4 7.73519E-5 6.9916E-5 8.65362E-5 1.17952E-4 1.51079E-4 1.88759E-4 2.60591E-4 2.42E-4 2.81584E-4 2.59645E-4 2.75593E-4 2.05802E-4 2.92611E-4 3.40039E-4 5.22906E-4 4.16671E-4 4.59293E-4 4.02592E-4 3.39574E-4 2.00462E-4 2.1787E-4 2.49608E-4 1.63535E-4 1.88154E-4 1.86293E-4 2.87468E-4 5.69689E-4 8.73165E-4 6.29943E-4 8.17031E-4 2.70417E-3 1.12247E-3 1.11395E-3 1.41099E-3 6.80035E-4
4.57042E-5 4.36961E-5 6.03025E-5 8.02544E-5 8.64505E-5 6.80222E-5 8.07347E-5 8.39009E-5 6.98825E-5 6.8997E-5 6.65521E-5 7.29647E-5 9.63357E-5 9.76201E-5 7.77286E-5 9.39507E-5 1.10498E-4 9.47602E-5 9.18291E-5 1.20719E-4 1.21246E-4 1.08499E-4 9.42191E-5 1.02604E-4 1.01555E-4 1.29457E-4 1.74375E-4 1.70318E-4 1.39912E-4 9.8369E-5 8.51447E-5 7.77461E-5 8.28068E-5 1.16423E-4 1.5812E-4 1.901E-4 1.96369E-4 1.87085E-4 1.61199E-4 1.27617E-4 1.19691E-4 1.28692E-4 1.43292E-4 1.7235E-4 1.78864E-4 1.66501E-4 1.64705E-4 1.86363E-4 1.52044E-4 1.86243E-4 2.57612E-4 1.68191E-4 2.12586E-4 1.93271E-4 2.91088E-4 2.44196E-4 2.02079E-4 2.3502E-4 2.89874E-4 2.48164E-4 5.76435E-4 4.68088E-4 4.9306E-4 4.66608E-4 2.21986E-4
