catData/rasterBestHybridModels/Pbengalensis/RD_RM1.5_LQ/Pbengalensis_stddev.asc
ncols         409
nrows         350
xllcorner     60.897278365
yllcorner     5.843756025
cellsize      0.0892857
NODATA_value  -9999
[rows 203 to 231 of 350, columns 198 to 263 of 409]
1.59727E-6 1.56016E-6 1.32483E-6 1.082E-6 1.01718E-6 6.38981E-7 1.53658E-6 1.07901E-6 5.61507E-7 6.68307E-7 2.83933E-7 1.80234E-7 1.13236E-7 3.04025E-8 3.33232E-8 5.65887E-8 2.35438E-7 4.10778E-7 2.34744E-7 1.36193E-7 1.30657E-6 2.41946E-6 9.29111E-7 1.04194E-6 5.94355E-7 3.61524E-7 1.58463E-6 3.02527E-6 2.21175E-6 3.94136E-6 3.37874E-6 3.14327E-6 3.60337E-6 3.82394E-6 1.46651E-6 3.28589E-7 2.04098E-6 2.52375E-6 3.13612E-6 1.07633E-5 1.16457E-5 5.0122E-6 6.7662E-7 1.9302E-6 4.07217E-6 1.67642E-5 1.49843E-5 7.90423E-6 1.19596E-5 1.16716E-5 8.7314E-6 6.6905E-6 6.71306E-6 2.0991E-5 1.16812E-5 3.00533E-6 2.46448E-6 5.20042E-6 5.46522E-6 4.97272E-6 8.45846E-6 1.57623E-5 1.79855E-5 1.86955E-5 7.43639E-5 1.96211E-5
8.66683E-7 7.1557E-7 1.09077E-6 2.45257E-6 1.3927E-6 1.43788E-6 1.03284E-6 8.0142E-7 1.19801E-6 8.07303E-7 5.55507E-7 5.45317E-8 4.41422E-8 1.22564E-7 2.96474E-7 1.82199E-7 4.54999E-8 4.55939E-7 6.99182E-7 1.48858E-7 1.57273E-7 4.85319E-7 1.01257E-6 5.35782E-7 9.38334E-7 1.20373E-6 1.6873E-6 3.01199E-6 5.16983E-6 1.22963E-5 1.517E-6 2.11987E-6 1.91922E-6 4.02421E-6 3.03138E-6 4.039E-6 4.2981E-6 1.51564E-5 1.38123E-5 1.88389E-5 5.21161E-6 1.73615E-6 1.65016E-7 2.40454E-6 1.31426E-5 1.07097E-5 1.55637E-5 1.21735E-5 1.51521E-5 1.46028E-5 1.16571E-5 1.04581E-5 1.09321E-5 1.01886E-5 4.75142E-6 4.49156E-6 5.67757E-6 9.50947E-6 1.27066E-5 3.35879E-6 6.67767E-6 1.2051E-5 8.05801E-6 7.8786E-6 9.49252E-6 9.33279E-6
1.03848E-6 4.7636E-7 6.96149E-7 2.24663E-6 2.08349E-6 1.49133E-6 1.57939E-6 1.36816E-6 8.88786E-7 2.60311E-7 2.92484E-6 2.87043E-7 4.89408E-8 2.41589E-7 7.24885E-8 3.97146E-7 1.61753E-7 3.29221E-8 1.83904E-7 4.00005E-7 5.79239E-7 4.88502E-7 3.34758E-7 6.3584E-7 3.90281E-7 2.34873E-6 1.46907E-6 3.70462E-6 7.9366E-6 2.41813E-5 5.03209E-6 3.78811E-6 2.92168E-6 3.3304E-6 3.20852E-6 2.34247E-6 2.70079E-6 5.35094E-6 9.64948E-6 1.19096E-5 4.29649E-6 4.07078E-6 1.34609E-6 3.63864E-6 1.57956E-5 7.9992E-6 5.15103E-6 5.44153E-6 3.60592E-6 1.72775E-5 1.98146E-5 2.27898E-5 5.77206E-6 2.74135E-6 2.71256E-6 3.22605E-6 4.56697E-6 2.06763E-5 2.16211E-5 5.25256E-6 4.92E-6 9.00093E-6 9.97971E-6 7.68632E-6 7.66912E-6 9.79107E-6
1.13647E-6 5.76367E-7 1.00858E-6 1.64391E-6 1.10409E-6 6.63101E-7 9.44883E-7 7.20585E-7 1.97087E-6 1.84864E-6 7.9726E-7 6.79057E-7 5.54537E-7 1.73716E-7 1.18416E-7 7.17738E-8 5.34115E-8 1.19181E-7 9.60569E-8 4.56066E-7 4.27204E-7 6.36046E-7 3.19428E-7 1.90439E-7 1.04367E-6 4.40349E-6 3.0192E-6 6.28051E-6 1.15134E-5 4.85952E-5 9.55193E-6 5.15414E-6 2.23853E-6 2.42756E-6 2.09758E-6 1.96271E-6 1.92894E-6 2.44395E-6 5.49114E-6 2.65452E-6 1.4397E-6 3.25653E-6 5.42004E-6 4.66534E-6 1.2334E-5 1.20627E-6 1.45775E-6 8.66789E-6 1.07708E-5 1.79315E-5 1.65572E-5 2.54716E-6 4.30367E-6 3.7392E-6 1.11065E-6 2.81464E-6 3.76977E-6 6.90955E-6 1.40788E-5 1.09658E-5 7.04114E-6 8.39976E-6 1.92805E-5 8.9699E-6 6.25399E-6 -9999
7.25253E-7 8.21874E-7 1.72625E-6 6.81228E-7 4.76147E-7 6.43657E-7 7.58664E-7 1.36865E-6 1.70937E-6 1.39929E-6 3.87543E-7 9.02756E-7 4.27484E-7 3.51037E-7 1.92096E-7 1.1648E-7 9.7934E-8 5.80249E-7 2.71841E-7 5.07166E-7 8.53307E-8 4.95039E-7 2.75079E-7 7.96623E-7 3.85839E-7 3.68644E-7 6.30926E-7 4.47123E-6 6.36887E-6 2.01795E-5 9.9197E-6 4.84466E-6 1.24304E-6 1.769E-6 1.94953E-6 1.8617E-6 1.73625E-6 1.60193E-6 1.86056E-6 1.69584E-6 1.87856E-6 3.02238E-6 3.15983E-6 6.75167E-6 5.03467E-6 1.9947E-6 7.1868E-6 1.39208E-5 1.04147E-5 1.63444E-5 9.33244E-6 5.67802E-6 4.94157E-6 4.85304E-6 2.14359E-6 1.6677E-6 2.03804E-6 4.86479E-6 8.20922E-6 9.05137E-6 5.03275E-6 6.02083E-6 3.4099E-6 7.20506E-6 -9999 -9999
1.20266E-6 8.617E-7 4.03627E-7 7.08393E-7 1.52638E-7 4.92665E-6 1.1902E-6 1.16614E-6 8.74454E-7 1.50986E-6 7.40113E-7 5.77581E-7 1.97708E-7 7.50573E-8 1.03367E-7 2.82464E-7 1.95724E-7 2.43267E-7 4.64402E-7 3.1661E-7 1.6327E-7 9.75967E-8 9.10956E-7 1.26727E-6 1.40206E-6 1.60317E-7 3.58632E-8 6.10631E-7 2.03889E-6 1.75742E-6 5.51104E-6 1.76869E-6 9.32687E-7 1.70675E-6 2.05997E-6 2.32579E-6 2.76839E-6 2.84766E-6 2.58788E-6 1.92287E-6 2.17812E-6 6.29524E-6 4.00206E-6 5.60034E-6 4.75797E-6 2.88027E-6 9.76013E-6 1.19186E-5 9.48892E-6 1.31611E-5 7.01647E-6 5.07601E-6 4.73617E-6 4.2077E-6 7.28082E-6 2.9448E-6 8.67892E-6 4.69998E-6 3.67308E-6 5.42768E-6 3.33326E-6 4.11156E-6 5.92148E-6 -9999 -9999 -9999
8.10784E-7 8.56541E-7 1.08888E-6 7.40009E-7 5.24294E-7 6.79114E-7 1.64391E-6 1.0529E-6 1.3273E-6 6.21983E-7 9.30583E-7 1.00086E-6 1.93642E-7 1.51725E-7 8.03665E-8 4.30862E-7 2.17285E-7 1.97987E-7 7.81368E-7 4.55713E-7 5.70744E-7 3.10831E-7 3.92038E-7 8.15428E-7 1.58325E-6 7.13965E-7 1.14969E-6 3.12735E-7 3.26178E-7 8.08691E-7 2.6008E-6 2.84899E-6 1.01925E-6 1.42919E-6 2.01041E-6 2.60986E-6 3.2408E-6 4.47497E-6 2.98636E-6 2.15123E-6 3.90154E-6 1.03531E-5 6.00424E-6 5.29243E-6 3.64708E-6 2.32649E-6 9.7454E-6 1.20399E-5 1.46394E-5 1.24406E-5 5.96354E-6 7.4239E-6 3.25584E-6 3.13811E-6 3.70873E-6 4.18901E-6 4.82189E-6 4.4991E-6 4.49898E-6 5.49575E-6 3.40866E-6 7.851E-6 -9999 -9999 -9999 -9999
5.16505E-7 1.29589E-6 1.31567E-6 8.76315E-7 3.16754E-7 3.55892E-7 1.57873E-7 2.95053E-7 1.23091E-6 7.21638E-7 1.02891E-6 8.92586E-7 6.95157E-7 3.26505E-7 2.77519E-7 2.47057E-7 2.33097E-7 2.03655E-7 1.06174E-7 5.82729E-7 4.74621E-7 7.48568E-7 2.67669E-7 6.64852E-7 7.30295E-7 1.39464E-6 1.10155E-6 1.18326E-6 9.25298E-7 1.21012E-6 2.76098E-6 1.42528E-6 1.56525E-6 1.53583E-6 8.21743E-7 1.24053E-6 2.49387E-6 3.09683E-6 2.89121E-6 5.13637E-6 1.29875E-5 5.59958E-6 6.03352E-6 8.38313E-6 5.74557E-6 5.35976E-6 1.51486E-5 1.47381E-5 1.5261E-5 1.40078E-5 9.12454E-6 9.88623E-6 3.00821E-6 2.22052E-6 1.94033E-6 3.44471E-6 4.72422E-6 4.14646E-6 1.05336E-5 4.45901E-6 4.50394E-6 -9999 -9999 -9999 -9999 -9999
2.21961E-7 1.43359E-6 2.35447E-6 1.41413E-6 4.77598E-7 2.86376E-7 2.6914E-8 2.82435E-7 4.84323E-7 1.23091E-6 1.13088E-6 1.17742E-6 5.9285E-7 2.16775E-7 4.5445E-7 2.68171E-7 1.82116E-8 2.03738E-7 4.09364E-7 5.79192E-7 1.14838E-6 5.61722E-7 9.23941E-7 1.77252E-7 4.99312E-7 1.36971E-6 1.34478E-6 1.30647E-6 1.47595E-7 1.59042E-7 1.9667E-7 5.10002E-7 8.49818E-7 1.58406E-6 1.26936E-6 1.85791E-6 2.17214E-6 1.98644E-6 2.64649E-6 7.75452E-6 1.14027E-5 4.61061E-6 9.03203E-6 4.43245E-6 5.71098E-6 1.45009E-5 1.79992E-5 1.97767E-5 1.906E-5 1.28103E-5 1.51552E-5 7.58136E-6 4.2135E-6 4.14112E-6 2.42418E-6 8.26866E-7 3.85102E-6 4.20452E-6 5.35888E-6 6.7529E-6 -9999 -9999 -9999 -9999 -9999 -9999
2.93525E-7 8.02426E-7 8.28744E-7 6.37124E-7 3.35415E-7 5.67289E-8 1.12651E-7 6.99898E-8 4.34685E-7 8.26613E-7 1.50775E-6 1.87798E-6 8.53609E-7 6.22802E-7 3.27106E-7 2.19021E-7 8.153E-8 2.97775E-7 6.32218E-7 1.35254E-6 9.43817E-7 5.83092E-7 4.87067E-7 1.06781E-6 8.51549E-7 6.86416E-7 8.51482E-7 1.00778E-6 2.13435E-7 1.21948E-8 3.38329E-9 5.24105E-8 1.39031E-7 4.43841E-7 5.83854E-7 1.70726E-6 1.74881E-6 5.42793E-6 4.03209E-6 7.75884E-6 7.30647E-6 8.3633E-6 2.19383E-5 1.20592E-5 1.68409E-5 1.70158E-5 2.7754E-5 2.42977E-5 1.55281E-5 1.41499E-5 1.56998E-5 4.08247E-6 1.66316E-6 3.61735E-6 4.14751E-6 3.63044E-6 3.50307E-6 3.98257E-6 -9999 -9999 -9999 -9999 -9999 -9999 -9999 -9999
1.07821E-6 1.0075E-6 2.21997E-8 8.42364E-9 4.88791E-8 2.37411E-7 3.65909E-8 1.00184E-8 9.72866E-8 3.28413E-7 2.44873E-6 2.80368E-6 9.40413E-7 1.77763E-7 1.74355E-7 3.23275E-7 1.52871E-7 7.49285E-7 5.50534E-7 5.56329E-7 1.26078E-6 8.40692E-7 1.16311E-6 1.39795E-6 9.97734E-7 7.87473E-7 4.90478E-7 4.32068E-7 5.16053E-7 2.67749E-7 8.70906E-8 2.30404E-8 2.27662E-7 5.34592E-7 9.35852E-7 9.92922E-7 5.29349E-6 5.68507E-6 9.87933E-6 1.53189E-5 2.60482E-5 3.12723E-5 2.02267E-5 1.32716E-5 2.39893E-5 3.01763E-5 3.77815E-5 3.19894E-5 1.06654E-5 6.24851E-6 3.17271E-6 3.1475E-6 3.55562E-6 3.56022E-6 4.64779E-6 4.29128E-6 -9999 -9999 -9999 -9999 -9999 -9999 -9999 -9999 -9999 -9999
3.68943E-7 3.82263E-7 4.92208E-7 2.11636E-7 1.2429E-8 1.35304E-7 2.03344E-8 2.48214E-8 3.28567E-8 1.701E-8 2.23315E-7 7.13147E-7 1.77532E-7 2.20817E-7 3.28655E-7 4.96757E-7 4.78969E-7 4.45475E-7 5.08865E-7 5.01789E-7 4.66747E-7 1.21789E-6 3.73517E-6 2.89741E-6 5.39441E-7 8.27599E-7 3.94434E-7 6.36933E-7 1.51273E-6 1.82324E-6 1.90626E-7 2.18093E-8 7.34395E-8 7.10592E-7 5.13395E-7 6.87541E-6 5.48392E-6 1.66959E-5 2.75505E-5 4.81839E-5 6.83863E-5 2.98712E-5 1.37374E-5 1.40443E-5 2.13055E-5 1.80216E-5 1.73609E-5 1.83681E-5 6.07982E-6 4.48475E-6 2.17429E-6 3.75481E-6 4.10161E-6 3.12597E-6 4.0875E-6 -9999 -9999 -9999 -9999 -9999 -9999 -9999 -9999 -9999 -9999 -9999
8.34351E-9 3.06797E-8 2.78006E-7 3.02053E-7 1.03555E-7 8.90023E-8 1.50054E-7 3.86436E-8 1.0804E-8 2.04333E-7 3.55028E-7 3.01595E-7 2.33308E-7 3.09481E-7 9.16567E-7 5.98566E-7 6.23298E-7 5.31659E-7 1.20724E-6 9.40593E-7 5.41521E-7 1.41089E-6 1.88785E-6 2.13519E-6 9.29423E-7 5.36486E-7 1.62432E-7 7.51842E-7 1.01823E-6 9.44016E-7 4.32119E-7 1.43524E-8 1.95993E-7 6.31742E-7 4.13113E-6 1.10876E-5 1.84599E-5 2.6193E-5 4.48701E-5 4.11665E-5 3.9335E-5 1.78146E-5 1.62015E-5 1.61624E-5 2.4599E-5 1.90048E-5 7.91413E-6 5.09871E-6 5.34604E-6 5.19817E-6 4.20944E-6 5.02045E-6 4.25482E-6 5.87388E-6 5.05925E-6 -9999 -9999 -9999 -9999 -9999 -9999 -9999 -9999 -9999 -9999 -9999
2.88615E-7 4.6806E-7 2.41006E-7 6.81448E-7 9.27924E-7 1.29248E-6 4.48322E-7 2.34163E-8 7.81217E-8 4.706E-8 1.09951E-7 9.62484E-8 4.59068E-7 6.60094E-7 7.64469E-7 9.41083E-7 5.48716E-7 1.1832E-6 1.32245E-6 9.86689E-7 4.38287E-7 4.28838E-7 4.75861E-7 4.15693E-7 6.54543E-7 5.10632E-7 2.1795E-7 2.43352E-7 7.292E-7 1.41425E-7 7.39919E-8 2.29111E-8 6.3032E-7 6.61468E-6 1.67673E-5 5.03091E-5 3.539E-5 4.08447E-5 1.75224E-5 2.63808E-5 1.63135E-5 2.27875E-5 2.64502E-5 4.92498E-5 2.79324E-5 7.52718E-6 4.60626E-6 2.93229E-6 5.16974E-6 5.13913E-6 4.43137E-6 5.16348E-6 7.4716E-6 5.49648E-6 -9999 -9999 -9999 -9999 -9999 -9999 -9999 -9999 -9999 -9999 -9999 -9999
5.87041E-7 1.64963E-6 1.0673E-6 8.80975E-7 3.60242E-7 7.4104E-7 1.2268E-6 4.95473E-8 7.76408E-8 6.2472E-8 4.63258E-7 1.11472E-7 1.94181E-7 6.60679E-7 5.54349E-7 5.71678E-7 5.59108E-7 1.21708E-6 5.82563E-7 7.47932E-7 3.81189E-7 1.51684E-7 4.19502E-7 5.2659E-7 3.06917E-7 4.71056E-7 8.45694E-7 2.22071E-7 2.76777E-7 1.41568E-6 1.53243E-7 1.44342E-7 3.72317E-6 1.96298E-5 9.03693E-5 9.6862E-5 9.6134E-5 3.07785E-5 8.36428E-6 1.32273E-5 1.19111E-5 1.73106E-5 5.56541E-6 7.33367E-6 6.99899E-6 5.96676E-6 4.73565E-6 4.63899E-6 5.10012E-6 6.3811E-6 3.95658E-6 9.18379E-5 1.43928E-4 -9999 -9999 -9999 -9999 -9999 -9999 -9999 -9999 -9999 -9999 -9999 -9999 -9999
5.03422E-7 2.15332E-6 2.41722E-6 8.93824E-7 1.23865E-7 4.82363E-7 3.44109E-7 4.10961E-8 5.4098E-8 4.87362E-8 1.54768E-7 3.52806E-8 1.9599E-7 8.17556E-7 1.3597E-7 4.8007E-7 1.11271E-6 1.05036E-6 5.96864E-7 6.41879E-7 1.56839E-7 4.33857E-8 1.34608E-6 1.85136E-6 9.35672E-7 8.24065E-7 1.57157E-6 6.71021E-7 2.82117E-7 1.45999E-7 3.72391E-7 1.87704E-6 3.16333E-6 1.65388E-5 9.93352E-5 4.54671E-5 3.33926E-5 7.82903E-6 6.21044E-6 1.08615E-5 5.88693E-6 1.02038E-5 9.32781E-6 5.29779E-6 5.34973E-6 5.05739E-6 5.3334E-6 7.69388E-6 5.7266E-6 5.3508E-6 -9999 -9999 -9999 -9999 -9999 -9999 -9999 -9999 -9999 -9999 -9999 -9999 -9999 -9999 -9999 -9999
2.70927E-6 4.33219E-6 3.76611E-6 3.02147E-6 6.69148E-7 6.96357E-7 7.84197E-7 4.84639E-7 9.27425E-8 1.41795E-7 3.28033E-8 3.46167E-8 2.11573E-7 1.00489E-7 1.87066E-7 4.08265E-7 9.11597E-7 2.12818E-6 4.75967E-7 2.54043E-7 1.32757E-7 7.1383E-8 1.17346E-7 8.44743E-7 1.01104E-6 1.18026E-6 2.30889E-6 2.64858E-6 1.0926E-6 3.06724E-7 3.10174E-7 1.65765E-6 3.7118E-6 2.3173E-5 3.84936E-5 3.30078E-5 7.40708E-6 4.82856E-6 1.00116E-5 1.20512E-5 8.53078E-6 9.31721E-6 1.24157E-5 4.7475E-6 4.55698E-6 6.78621E-6 8.97236E-6 6.47556E-6 6.20602E-6 -9999 -9999 -9999 -9999 -9999 -9999 -9999 -9999 -9999 -9999 -9999 -9999 -9999 -9999 -9999 -9999 -9999
1.95244E-6 4.32309E-6 2.19991E-6 2.16628E-6 6.83311E-7 5.92076E-7 7.7914E-7 7.84569E-7 4.57367E-8 5.56157E-8 2.92739E-7 1.18043E-7 1.4276E-8 1.78201E-8 1.74142E-7 1.35497E-7 1.30893E-6 2.47728E-6 7.92406E-7 2.26973E-7 5.86039E-7 1.00128E-8 3.7936E-8 7.44449E-7 9.00303E-7 1.56925E-6 2.7794E-6 2.21304E-6 1.82769E-6 1.39812E-6 3.15936E-6 3.13044E-6 1.87086E-5 4.53246E-6 1.98492E-5 6.87221E-6 3.92085E-6 2.73365E-6 7.85119E-6 6.37591E-6 8.75197E-6 8.99905E-6 6.32107E-6 5.8075E-6 6.32559E-6 5.82134E-6 5.04672E-6 -9999 -9999 -9999 -9999 -9999 -9999 -9999 -9999 -9999 -9999 -9999 -9999 -9999 -9999 -9999 -9999 -9999 -9999 -9999
1.01502E-6 1.39746E-6 1.10696E-6 1.13535E-6 6.21731E-7 4.92273E-7 3.81089E-7 5.93427E-7 2.50468E-7 3.75738E-7 3.04245E-7 2.29464E-7 5.61938E-8 6.29571E-8 1.74471E-8 5.49166E-7 9.50867E-7 1.64928E-6 5.22027E-7 6.22495E-7 5.98719E-7 7.12902E-7 8.41222E-7 8.85643E-7 2.01464E-6 2.491E-6 1.47166E-6 8.40171E-7 7.08051E-7 1.45076E-6 1.81004E-6 1.15363E-5 2.55984E-5 2.46252E-5 5.88322E-6 3.68343E-6 1.76347E-6 2.09847E-6 5.29544E-6 4.41662E-6 5.87845E-6 5.00017E-6 4.45035E-6 5.72577E-6 6.51128E-6 5.17869E-6 -9999 -9999 -9999 -9999 -9999 -9999 -9999 -9999 -9999 -9999 -9999 -9999 -9999 -9999 -9999 -9999 -9999 -9999 -9999 -9999
1.87377E-6 2.18288E-6 6.55293E-7 1.00956E-6 7.05059E-7 8.35156E-7 7.95804E-7 7.4411E-7 6.42774E-7 1.78825E-7 3.49167E-7 3.72538E-7 6.47085E-8 9.69257E-8 2.4447E-7 6.4601E-7 1.57184E-6 1.13953E-6 1.36222E-7 8.84943E-7 4.63439E-7 6.10554E-7 5.74377E-7 2.07533E-6 2.4184E-6 2.47808E-6 7.35006E-7 7.11291E-7 7.05511E-7 2.14416E-7 1.01909E-6 1.16743E-6 1.95031E-6 2.43099E-6 3.97735E-6 3.13002E-6 2.26347E-6 3.54855E-6 2.65227E-6 3.04826E-6 4.95655E-6 5.01476E-6 2.57487E-6 4.3811E-6 -9999 -9999 -9999 -9999 -9999 -9999 -9999 -9999 -9999 -9999 -9999 -9999 -9999 -9999 -9999 -9999 -9999 -9999 -9999 -9999 -9999 -9999
2.281E-6 2.22445E-6 1.25466E-6 5.3809E-7 5.39683E-7 5.90883E-7 1.52989E-6 7.4788E-7 1.41609E-6 1.10186E-6 2.55978E-7 5.37888E-7 1.32233E-7 1.4823E-7 9.57255E-7 2.13359E-6 2.02635E-6 2.19963E-6 1.08561E-6 1.50931E-6 1.47649E-6 9.48328E-7 6.42793E-7 1.36981E-6 2.31472E-6 1.82046E-6 6.65389E-7 9.32608E-7 6.09371E-7 6.08808E-7 1.1209E-6 1.90154E-6 1.88334E-6 2.67755E-6 4.63454E-6 2.21832E-6 2.85667E-6 3.30889E-6 3.12667E-6 3.05586E-6 6.86871E-6 6.83906E-6 3.7973E-6 -9999 -9999 -9999 -9999 -9999 -9999 -9999 -9999 -9999 -9999 -9999 -9999 -9999 -9999 -9999 -9999 -9999 -9999 -9999 -9999 -9999 -9999 -9999
9.91024E-7 9.07237E-7 9.90108E-7 7.30958E-7 5.32866E-7 4.41355E-7 1.15085E-6 2.42114E-6 1.85053E-6 6.95476E-7 1.02272E-6 7.42967E-7 3.08469E-7 5.93392E-7 2.18271E-6 3.11578E-6 2.64123E-6 1.86065E-6 1.16213E-6 6.50548E-7 2.00872E-7 5.92213E-7 6.38553E-7 7.52609E-7 1.44654E-6 1.04788E-6 8.78227E-7 1.19197E-6 3.61235E-7 7.18263E-7 1.55614E-6 1.4643E-6 1.7956E-6 1.45516E-6 3.35292E-6 4.76478E-5 3.76754E-6 3.75542E-6 3.47552E-6 4.41481E-6 5.26055E-6 5.66745E-6 -9999 -9999 -9999 -9999 -9999 -9999 -9999 -9999 -9999 -9999 -9999 -9999 -9999 -9999 -9999 -9999 -9999 -9999 -9999 -9999 -9999 -9999 -9999 -9999
7.14947E-7 1.13191E-6 7.017E-7 5.52499E-7 5.76538E-7 9.58473E-7 1.51254E-6 1.99586E-6 9.30703E-7 3.07507E-7 5.92699E-7 2.33102E-6 1.03087E-6 1.665E-6 2.37314E-6 3.16618E-6 2.20623E-6 2.27307E-6 1.56309E-6 3.72909E-7 4.56149E-7 9.24458E-8 4.57689E-7 7.3676E-7 1.22362E-6 1.3139E-6 1.09036E-6 6.12359E-7 1.20679E-6 1.12448E-6 2.26004E-6 2.09034E-6 2.06683E-6 2.20833E-6 4.67544E-6 7.25194E-6 4.81325E-6 4.68989E-6 4.66189E-6 5.34468E-6 6.54542E-6 -9999 -9999 -9999 -9999 -9999 -9999 -9999 -9999 -9999 -9999 -9999 -9999 -9999 -9999 -9999 -9999 -9999 -9999 -9999 -9999 -9999 -9999 -9999 -9999 -9999
8.37357E-7 7.15776E-7 6.0859E-7 4.34256E-7 7.31193E-7 6.90914E-7 4.06109E-7 6.20139E-7 4.58109E-7 1.30468E-6 1.79795E-6 3.04989E-6 2.21672E-6 1.68404E-6 1.69692E-6 1.81646E-6 1.26699E-6 1.47895E-6 1.9086E-6 5.66171E-7 4.30102E-7 1.12334E-7 1.06413E-6 1.32978E-6 1.34488E-6 1.23597E-6 2.29992E-6 1.96711E-6 2.363E-6 1.34712E-6 1.13478E-6 1.86904E-6 2.003E-6 3.84981E-6 5.2501E-6 6.90237E-6 4.6081E-6 6.84792E-6 6.62438E-6 6.32824E-6 6.3703E-6 -9999 -9999 -9999 -9999 -9999 -9999 -9999 -9999 -9999 -9999 -9999 -9999 -9999 -9999 -9999 -9999 -9999 -9999 -9999 -9999 -9999 -9999 -9999 -9999 -9999
1.0225E-6 6.86133E-7 4.90137E-7 1.86907E-6 1.09701E-6 5.06337E-7 2.48454E-7 1.13172E-7 8.28012E-7 1.99946E-6 2.2682E-6 1.5213E-6 1.16715E-6 9.47476E-7 9.89516E-7 7.80393E-7 8.16666E-7 6.1928E-7 1.86206E-6 6.76159E-7 6.58596E-7 4.56171E-7 1.68031E-6 1.41826E-6 9.07036E-7 6.2966E-7 1.28673E-6 1.86101E-6 3.96761E-6 3.52604E-6 3.64864E-6 3.64549E-6 5.09269E-6 4.51797E-6 5.44802E-6 4.91402E-6 3.67077E-6 5.2913E-6 6.36343E-6 6.27311E-6 6.74227E-6 7.65497E-6 -9999 -9999 -9999 -9999 -9999 -9999 -9999 -9999 -9999 -9999 -9999 -9999 -9999 -9999 -9999 -9999 -9999 -9999 -9999 -9999 -9999 -9999 -9999 -9999
5.38063E-7 6.66586E-7 5.02384E-7 1.195E-6 1.2339E-6 3.85017E-7 6.24166E-7 4.49846E-7 7.70924E-7 2.6787E-7 3.29428E-7 3.67387E-7 4.06073E-7 1.06E-6 2.6437E-7 4.09048E-7 7.83218E-7 9.35957E-7 1.36061E-6 6.48716E-7 1.18793E-6 2.41389E-6 2.48411E-7 1.10968E-6 1.3614E-6 8.49835E-7 1.34153E-6 2.86203E-6 5.0565E-6 5.0731E-6 5.56363E-6 5.28355E-6 5.01992E-6 5.99464E-6 5.56745E-6 7.92824E-6 5.13403E-6 6.61524E-6 5.157E-6 7.94835E-6 1.00328E-5 6.53021E-6 6.12951E-6 -9999 -9999 -9999 -9999 -9999 -9999 -9999 -9999 -9999 -9999 -9999 -9999 -9999 -9999 -9999 -9999 -9999 -9999 -9999 -9999 -9999 -9999 -9999
7.78707E-7 1.07005E-6 8.8235E-7 1.04996E-6 7.46688E-7 5.75003E-7 9.88341E-7 2.68486E-6 5.62822E-7 3.54204E-7 6.20472E-7 9.3261E-7 3.60412E-7 7.88825E-7 1.99866E-7 3.99649E-7 8.40189E-7 3.882E-7 6.31689E-7 7.334E-7 5.87531E-7 2.39227E-6 1.18948E-6 7.19866E-7 9.68528E-7 1.11948E-6 3.13213E-6 4.03665E-6 5.36378E-6 4.49334E-6 7.38531E-6 6.99822E-6 5.13294E-6 5.3048E-6 5.12392E-6 6.09159E-6 7.43611E-6 6.2931E-6 7.32184E-6 6.543E-6 6.11787E-6 5.5086E-6 -9999 -9999 -9999 -9999 -9999 -9999 -9999 -9999 -9999 -9999 -9999 -9999 -9999 -9999 -9999 -9999 -9999 -9999 -9999 -9999 -9999 -9999 -9999 -9999
7.58268E-7 8.35254E-7 2.56972E-7 3.11668E-7 8.23291E-7 6.41839E-7 2.28217E-6 2.99736E-6 4.85207E-7 9.48878E-7 2.24744E-6 1.69932E-6 1.58263E-6 1.47625E-6 1.27648E-6 1.20996E-6 1.81547E-6 7.90847E-7 1.16985E-6 1.75248E-6 1.03224E-6 1.81985E-6 4.04875E-5 4.14076E-6 3.65345E-6 3.27873E-6 3.80238E-6 4.66602E-6 6.3174E-6 6.30093E-6 5.9357E-6 5.58731E-6 6.16982E-6 5.32168E-6 5.85034E-6 7.20874E-6 9.21357E-6 6.26619E-6 6.73576E-6 5.06281E-6 5.71931E-6 -9999 -9999 -9999 -9999 -9999 -9999 -9999 -9999 -9999 -9999 -9999 -9999 -9999 -9999 -9999 -9999 -9999 -9999 -9999 -9999 -9999 -9999 -9999 -9999 -9999
6.68915E-8 5.80166E-7 5.92929E-7 1.37938E-7 2.9428E-8 5.39991E-8 5.36378E-7 1.0554E-7 5.24127E-7 5.50729E-7 9.64529E-7 7.40214E-7 1.39093E-6 1.77257E-6 1.84754E-6 2.60836E-6 1.83261E-6 3.01493E-6 3.2033E-6 2.52998E-6 2.36075E-6 1.24548E-6 2.78675E-6 2.61628E-6 2.52469E-6 1.19203E-6 3.60483E-6 4.38862E-6 4.66545E-6 4.98198E-6 5.37953E-6 5.22775E-6 5.24225E-6 3.34653E-6 5.773E-6 8.4361E-6 7.38838E-6 5.07562E-6 5.43446E-6 -9999 -9999 -9999 -9999 -9999 -9999 -9999 -9999 -9999 -9999 -9999 -9999 -9999 -9999 -9999 -9999 -9999 -9999 -9999 -9999 -9999 -9999 -9999 -9999 -9999 -9999 -9999
