catData/rasterBestHybridModels/Pbengalensis/RD_RM1.5_LQ/Pbengalensis_stddev.asc
ncols         409
nrows         350
xllcorner     60.897278365
yllcorner     5.843756025
cellsize      0.0892857
NODATA_value  -9999
[rows 116 to 144 of 350, columns 198 to 263 of 409]
1.31114E-6 1.50638E-6 1.53338E-6 1.60377E-6 1.81884E-6 2.09664E-6 2.40626E-6 2.13507E-6 1.64433E-6 1.88189E-6 1.80376E-6 1.6714E-6 1.72991E-6 1.75614E-6 1.56897E-6 1.63877E-6 1.66656E-6 2.00171E-6 2.37321E-6 3.05113E-6 2.94336E-6 3.22162E-6 2.94789E-6 2.96012E-6 2.60713E-6 2.3122E-6 2.59418E-6 3.25604E-6 3.6754E-6 3.87095E-6 3.25816E-6 3.26214E-6 2.80925E-6 2.01121E-6 2.00613E-6 2.3886E-6 2.49789E-6 2.89968E-6 3.68671E-6 4.60334E-6 4.70085E-6 4.28094E-6 4.28933E-6 4.757E-6 4.59706E-6 4.53212E-6 4.80956E-6 4.61799E-6 3.44774E-6 4.73215E-6 5.17324E-6 4.44097E-6 4.72919E-6 6.60007E-6 6.78271E-6 5.54495E-6 6.03853E-6 7.70188E-6 7.69747E-6 6.5156E-6 5.68141E-6 5.80537E-6 5.77937E-6 6.01129E-6 6.93063E-6 6.10733E-6
1.61967E-6 1.93624E-6 2.34366E-6 1.74163E-6 1.78411E-6 1.92605E-6 2.27978E-6 1.95596E-6 1.74959E-6 2.48217E-6 2.98309E-6 1.74439E-6 2.28646E-6 2.32996E-6 1.75383E-6 1.86518E-6 1.61573E-6 2.11224E-6 2.9825E-6 2.92838E-6 2.29357E-6 2.94754E-6 2.56125E-6 2.11039E-6 2.24903E-6 1.88188E-6 2.15837E-6 3.09951E-6 4.43253E-6 4.20358E-6 3.15759E-6 2.54573E-6 2.35853E-6 1.82162E-6 1.92111E-6 2.47831E-6 2.57008E-6 2.83761E-6 3.69598E-6 5.45187E-6 4.67465E-6 3.86597E-6 5.80727E-6 5.23761E-6 4.86289E-6 5.99212E-6 5.36643E-6 4.26929E-6 3.5151E-6 3.75559E-6 3.27709E-6 3.09252E-6 4.60891E-6 5.86395E-6 5.28196E-6 4.50326E-6 4.84734E-6 5.57361E-6 5.05253E-6 4.92068E-6 4.37587E-6 4.18629E-6 5.33704E-6 6.08631E-6 6.73931E-6 7.50163E-6
2.45308E-6 1.81867E-6 2.12445E-6 2.25008E-6 1.74699E-6 8.95651E-7 1.57658E-6 1.35259E-6 1.55453E-6 1.92089E-6 2.31675E-6 1.65381E-6 2.2085E-6 2.199E-6 2.50709E-6 2.32945E-6 1.65038E-6 1.62135E-6 2.42016E-6 3.25804E-6 2.0897E-6 3.03326E-6 2.53392E-6 2.18208E-6 3.14369E-6 2.65282E-6 2.60305E-6 3.15463E-6 4.17818E-6 3.55252E-6 3.0309E-6 2.7173E-6 2.41514E-6 2.30875E-6 2.61495E-6 2.10368E-6 2.91866E-6 2.711E-6 3.14996E-6 3.93589E-6 3.4749E-6 4.00203E-6 5.04969E-6 4.6562E-6 4.32962E-6 6.28552E-6 5.02648E-6 4.39152E-6 3.15181E-6 3.85535E-6 3.41986E-6 3.47847E-6 4.29841E-6 5.23209E-6 2.6037E-6 3.98456E-6 5.45489E-6 5.77518E-6 7.0198E-6 5.01959E-6 4.16317E-6 3.97465E-6 5.35077E-6 6.24029E-6 5.98108E-6 8.94004E-6
1.85273E-6 1.50559E-6 1.17414E-6 1.3124E-6 1.50387E-6 5.73407E-7 1.12278E-6 1.16418E-6 9.96825E-7 1.20609E-6 2.412E-6 2.19169E-6 2.04133E-6 1.70031E-6 2.14776E-6 2.46095E-6 1.96514E-6 1.5529E-6 2.04539E-6 2.87037E-6 2.31001E-6 2.07675E-6 2.28421E-6 2.47506E-6 3.30054E-6 3.39867E-6 3.00005E-6 2.91537E-6 3.77184E-6 3.2716E-6 3.87355E-6 3.04617E-6 2.56823E-6 2.70153E-6 2.92123E-6 3.63974E-6 2.75688E-6 3.03363E-6 2.68242E-6 2.87063E-6 2.80021E-6 2.91766E-6 3.24084E-6 4.38964E-6 5.92264E-6 4.60915E-6 4.60909E-6 4.12855E-6 4.34544E-6 4.51101E-6 3.33788E-6 2.97695E-6 3.9768E-6 4.31981E-6 3.94719E-6 3.60089E-6 5.97547E-6 3.97648E-6 4.97144E-6 4.77147E-6 4.31788E-6 4.76705E-6 5.64397E-6 5.95121E-6 6.95507E-6 8.6285E-6
1.65054E-6 1.67052E-6 9.39596E-7 1.47968E-6 1.40447E-6 1.10684E-6 1.11615E-6 2.18927E-6 1.50148E-6 8.31967E-7 1.39691E-6 1.58909E-6 2.16727E-6 1.62465E-6 1.70255E-6 2.02079E-6 1.89708E-6 1.34525E-6 1.6307E-6 1.94509E-6 1.95074E-6 1.82575E-6 2.43935E-6 3.05444E-6 2.32617E-6 2.39244E-6 1.33856E-6 1.55818E-6 2.48958E-6 3.37743E-6 3.67506E-6 2.89094E-6 3.11927E-6 3.46777E-6 2.60474E-6 3.61302E-6 3.20737E-6 2.94465E-6 2.94696E-6 2.62747E-6 3.06003E-6 2.66449E-6 3.2837E-6 4.04685E-6 3.83994E-6 4.04904E-6 5.59859E-6 4.52132E-6 4.97422E-6 4.95943E-6 4.63252E-6 4.12825E-6 4.26955E-6 6.12122E-6 4.41028E-6 4.24928E-6 4.40847E-6 3.74713E-6 2.94492E-6 3.90481E-6 4.53104E-6 5.3332E-6 6.60284E-6 6.29255E-6 6.49892E-6 6.54562E-6
1.26335E-6 2.03162E-6 1.12901E-6 1.11334E-6 1.34497E-6 8.03487E-7 1.54361E-6 2.16046E-6 1.82171E-6 8.23139E-7 7.14321E-7 1.01733E-6 1.43491E-6 2.21922E-6 2.41662E-6 1.18073E-6 1.54541E-6 1.83483E-6 1.83159E-6 1.54852E-6 1.26325E-6 1.55082E-6 1.82527E-6 2.19235E-6 3.03242E-6 2.3287E-6 1.79032E-6 1.61078E-6 2.53509E-6 2.65968E-6 2.98678E-6 2.59973E-6 3.27231E-6 3.93813E-6 2.93021E-6 2.89151E-6 1.96734E-6 1.14185E-6 3.59801E-6 1.12226E-6 2.00553E-6 3.07795E-6 3.52606E-6 4.34011E-6 3.42477E-6 3.48578E-6 4.2133E-6 3.77921E-6 3.77407E-6 3.80587E-6 5.00691E-6 4.69946E-6 4.84814E-6 4.46189E-6 4.79075E-6 5.63411E-6 3.94334E-6 3.92001E-6 3.54463E-6 4.56998E-6 5.77594E-6 5.09713E-6 8.31882E-6 6.54526E-6 6.61618E-6 7.51903E-6
6.48185E-7 8.41654E-7 4.40699E-7 5.95006E-7 5.93981E-7 1.03226E-6 3.60888E-7 1.2892E-6 2.68762E-6 1.33751E-6 1.38257E-6 6.76759E-7 1.49653E-6 2.16534E-6 1.75805E-6 1.40664E-6 1.77907E-6 2.52101E-6 2.2658E-6 1.6784E-6 1.29775E-6 1.80476E-6 1.90354E-6 2.03318E-6 2.40003E-6 1.79255E-6 1.22531E-6 1.51832E-6 2.4856E-6 3.04139E-6 3.15477E-6 2.55267E-6 2.89872E-6 2.65571E-6 2.42179E-6 3.30734E-6 3.7779E-6 2.5931E-6 2.34754E-6 2.47758E-6 2.53923E-6 3.21886E-6 4.44299E-6 3.48401E-6 2.5817E-6 3.18938E-6 3.19509E-6 3.58097E-6 3.71104E-6 3.18946E-6 3.22111E-6 3.69567E-6 4.05754E-6 5.19028E-6 4.18963E-6 4.89101E-6 4.22219E-6 3.73733E-6 4.6328E-6 5.72791E-6 5.85617E-6 3.80572E-6 5.47783E-6 4.0579E-6 5.64709E-6 6.15913E-6
3.61167E-7 8.53779E-7 6.81078E-7 1.81228E-7 5.99883E-7 5.99043E-7 5.42312E-7 7.53986E-7 7.26337E-7 8.64946E-7 1.84785E-6 1.21522E-6 9.15445E-7 8.4083E-7 1.83714E-6 1.62355E-6 1.71463E-6 1.87382E-6 1.81561E-6 1.49353E-6 1.55154E-6 2.22117E-6 2.8112E-6 2.11616E-6 1.54897E-6 1.92518E-6 2.09974E-6 3.65257E-6 2.78643E-6 2.00517E-6 2.50724E-6 3.22476E-6 3.94166E-6 2.96674E-6 2.23029E-6 2.60395E-6 2.34219E-6 3.85102E-6 2.44401E-6 2.04333E-6 2.21159E-6 2.63096E-6 2.90697E-6 2.73415E-6 2.89155E-6 3.94508E-6 3.89708E-6 3.86309E-6 4.06974E-6 3.46126E-6 4.08291E-6 4.22535E-6 3.78232E-6 3.94187E-6 4.02896E-6 4.63137E-6 3.90209E-6 3.16151E-6 3.73299E-6 4.73942E-6 4.9089E-6 6.19728E-6 5.22396E-6 3.41701E-6 3.88074E-6 5.34965E-6
1.18064E-6 1.40407E-6 1.31868E-6 5.99989E-7 7.29231E-7 1.19549E-6 1.01748E-6 8.54867E-7 1.63289E-6 9.82184E-7 8.1485E-7 1.56411E-6 6.54275E-7 2.1285E-6 2.25849E-6 2.31987E-6 1.75571E-6 1.18436E-6 1.92846E-6 7.30664E-7 1.35105E-6 1.30223E-6 2.41731E-6 2.0469E-6 2.43911E-6 2.23481E-6 2.00407E-6 2.1521E-6 2.13088E-6 1.75779E-6 2.25224E-6 1.70003E-6 2.94126E-6 2.54208E-6 3.0018E-6 2.91997E-6 1.85214E-6 2.11977E-6 2.38362E-6 2.75248E-6 3.34244E-6 2.92638E-6 2.30165E-6 1.8054E-6 2.50419E-6 3.22178E-6 3.30076E-6 2.7988E-6 3.62975E-6 3.07609E-6 3.15751E-6 3.04023E-6 2.67868E-6 3.08275E-6 3.19876E-6 3.18585E-6 3.54896E-6 2.86569E-6 3.08088E-6 3.55055E-6 3.88142E-6 4.93264E-6 6.18817E-6 4.02731E-6 3.7417E-6 4.30822E-6
8.95637E-7 6.47285E-7 1.42067E-6 5.27396E-7 5.95856E-7 1.53873E-6 1.2676E-6 6.58516E-7 1.76092E-6 7.72407E-7 6.9158E-7 2.71885E-7 6.84913E-7 8.04907E-7 1.04021E-6 8.6835E-7 1.07463E-6 1.61722E-6 1.6483E-6 7.14681E-7 7.66123E-7 1.54265E-6 2.211E-6 2.20726E-6 1.50487E-6 2.41289E-6 1.78909E-6 1.77094E-6 1.94231E-6 1.88261E-6 1.79781E-6 2.48541E-6 2.17762E-6 1.89809E-6 2.59974E-6 3.07928E-6 1.14764E-6 2.74455E-6 2.52306E-6 2.00957E-6 3.51494E-6 2.76963E-6 2.26625E-6 1.9958E-6 2.14005E-6 2.49829E-6 2.33089E-6 2.11914E-6 2.57294E-6 2.78567E-6 3.71545E-6 3.33901E-6 2.4762E-6 2.31667E-6 2.37092E-6 3.32237E-6 3.01151E-6 2.84132E-6 3.91026E-6 4.38152E-6 3.38445E-6 3.69183E-6 5.16694E-6 6.19076E-6 4.80565E-6 5.49135E-6
9.11537E-7 1.13498E-6 8.35647E-7 3.03043E-7 1.57802E-6 7.35532E-7 6.40293E-7 6.61264E-7 8.36718E-7 4.60128E-7 6.01432E-7 2.95851E-7 9.67192E-7 1.19833E-6 3.32096E-7 9.33158E-7 8.88537E-7 8.99665E-7 9.60922E-7 8.95335E-7 7.26869E-7 1.46047E-6 1.81169E-6 2.17214E-6 1.66378E-6 1.44271E-6 1.65186E-6 2.27885E-6 2.07473E-6 8.25507E-7 1.63063E-6 2.28373E-6 2.9543E-6 2.35728E-6 1.19152E-6 1.12426E-6 2.36989E-6 2.65294E-6 2.47134E-6 2.18842E-6 2.07777E-6 2.29939E-6 2.51959E-6 2.30026E-6 2.45234E-6 3.20466E-6 3.32091E-6 2.61838E-6 2.27989E-6 2.45454E-6 2.71206E-6 2.72363E-6 2.38465E-6 2.37695E-6 2.15279E-6 2.43147E-6 2.42254E-6 2.50615E-6 3.3078E-6 3.53873E-6 2.98279E-6 2.75805E-6 2.99208E-6 3.66772E-6 3.30998E-6 3.20776E-6
1.20119E-6 3.24914E-7 9.82822E-7 7.5125E-7 9.24078E-7 8.95469E-8 2.38238E-7 1.26518E-6 5.44237E-7 2.18239E-7 9.03398E-7 6.41553E-7 2.40063E-7 1.48967E-6 9.69747E-7 1.05697E-6 1.76046E-6 1.72585E-6 1.12341E-6 4.63145E-7 4.76562E-7 8.57113E-7 1.56802E-6 9.16916E-7 1.22159E-6 1.04503E-6 1.86972E-6 2.21455E-6 1.53754E-6 9.69061E-7 2.47022E-6 1.2298E-6 3.57827E-6 3.27248E-6 1.33943E-6 1.78647E-6 2.70074E-6 2.49751E-6 2.72636E-6 2.19105E-6 1.99767E-6 1.64267E-6 3.37331E-6 3.27015E-6 2.48711E-6 2.63409E-6 2.82893E-6 2.9477E-6 2.98101E-6 2.6552E-6 2.1628E-6 2.43073E-6 3.13097E-6 3.13423E-6 2.42307E-6 2.40417E-6 2.45155E-6 2.62386E-6 2.74121E-6 2.2212E-6 2.30927E-6 2.32453E-6 2.43694E-6 2.37698E-6 2.872E-6 3.1136E-6
4.70796E-7 8.62502E-7 3.17866E-7 8.10139E-8 1.32612E-7 1.87635E-7 4.44042E-7 3.84373E-7 7.2451E-7 5.42318E-8 1.64333E-7 5.82528E-7 2.83261E-7 1.24373E-6 1.32426E-6 8.02189E-7 1.30943E-6 1.09827E-6 1.1308E-6 5.67576E-7 1.39683E-6 2.02119E-6 1.85435E-6 6.13696E-7 1.11399E-6 5.62985E-7 1.58402E-6 1.48669E-6 2.07057E-6 2.10204E-6 2.91704E-6 1.90735E-6 2.69224E-6 2.11733E-6 2.01411E-6 2.02741E-6 2.59067E-6 2.91521E-6 2.61472E-6 2.91225E-6 2.0975E-6 1.4959E-6 2.81688E-6 2.76981E-6 3.13005E-6 3.35594E-6 2.8813E-6 2.72948E-6 3.65529E-6 2.8811E-6 2.03419E-6 2.62978E-6 2.9216E-6 2.74283E-6 2.09909E-6 2.9505E-6 3.03573E-6 3.08771E-6 3.08722E-6 2.43954E-6 2.58592E-6 2.51793E-6 2.40892E-6 2.49333E-6 3.00411E-6 3.50116E-6
3.86951E-7 1.5046E-6 1.20483E-6 5.86171E-7 4.65778E-7 1.31235E-6 1.33899E-6 7.60459E-7 1.14834E-6 1.19889E-7 2.61778E-7 8.06389E-7 6.52595E-7 1.98287E-6 1.70189E-6 1.20321E-6 1.15906E-6 1.35155E-6 1.10229E-6 5.46262E-7 1.5433E-6 8.31065E-7 6.90655E-7 1.24268E-6 7.63022E-7 4.07732E-7 6.67118E-7 6.87975E-7 8.57039E-7 1.52791E-6 2.47653E-6 2.71001E-6 2.5309E-6 1.48016E-6 1.31941E-6 2.24823E-6 1.50928E-6 2.47757E-6 2.76843E-6 3.50552E-6 2.41093E-6 2.14753E-6 2.69107E-6 2.60333E-6 2.63429E-6 2.76626E-6 2.36814E-6 2.59951E-6 2.5458E-6 2.31448E-6 2.14846E-6 3.0863E-6 3.12677E-6 2.26858E-6 2.10261E-6 2.74161E-6 2.73484E-6 2.34288E-6 2.04958E-6 2.50386E-6 2.95424E-6 2.54269E-6 3.21022E-6 2.46897E-6 2.44623E-6 2.85734E-6
3.78513E-7 2.5115E-7 1.52862E-7 4.30756E-7 1.11879E-6 1.618E-6 1.39655E-6 9.66894E-8 1.96588E-7 5.44512E-8 7.46704E-7 1.18668E-6 1.3125E-6 1.51521E-6 1.22567E-6 1.7656E-6 1.56716E-6 1.9027E-6 1.53962E-6 9.02678E-7 1.69727E-6 1.06614E-6 4.60959E-7 7.30343E-7 9.15906E-7 1.4707E-6 5.96645E-7 1.04019E-7 1.41726E-6 2.27224E-6 1.56833E-6 2.84932E-6 2.74523E-6 2.61871E-6 3.09652E-6 1.98981E-6 3.80222E-6 3.30899E-6 2.40221E-6 2.37208E-6 2.66931E-6 2.31858E-6 3.01546E-6 3.1054E-6 2.96461E-6 2.52667E-6 2.70446E-6 3.65688E-6 2.73111E-6 2.28091E-6 2.10689E-6 2.36132E-6 2.35605E-6 1.82881E-6 2.28461E-6 3.00678E-6 2.68665E-6 1.98872E-6 1.72291E-6 1.87127E-6 2.04033E-6 2.03394E-6 2.22163E-6 2.18006E-6 2.43223E-6 3.17446E-6
3.25761E-8 2.83962E-7 3.70015E-7 4.86583E-7 5.6196E-7 1.21937E-6 1.60633E-8 4.96937E-8 7.81908E-7 4.53299E-7 2.97649E-7 6.05266E-7 3.73559E-7 3.91647E-7 1.49613E-6 9.08059E-7 1.52101E-6 1.41943E-6 1.29134E-6 8.83564E-7 1.04987E-6 1.26124E-6 1.49338E-6 1.97362E-6 1.96456E-6 1.37049E-6 5.68449E-7 1.3451E-6 1.45929E-6 2.11565E-6 1.6121E-6 1.94139E-6 2.74321E-6 2.57141E-6 2.32555E-6 1.4736E-6 1.98048E-6 1.05279E-6 1.57122E-6 1.87625E-6 3.40445E-6 2.52765E-6 2.49166E-6 3.32957E-6 2.97998E-6 2.62243E-6 2.33539E-6 2.68408E-6 2.40892E-6 3.02452E-6 2.58603E-6 2.39486E-6 2.37968E-6 2.00907E-6 1.972E-6 2.51898E-6 2.27727E-6 1.85312E-6 1.51731E-6 1.5127E-6 1.42729E-6 1.74542E-6 2.19046E-6 3.00579E-6 2.49539E-6 3.09912E-6
1.84653E-8 1.67031E-7 2.83174E-7 3.22018E-7 7.07349E-7 1.92116E-6 3.98782E-7 5.76756E-7 1.45695E-6 1.37665E-6 5.93725E-7 8.40569E-7 6.75279E-7 1.91477E-7 9.40826E-7 9.29787E-7 9.34171E-7 9.8439E-7 6.40807E-7 3.31008E-7 1.6343E-6 1.96194E-6 2.3462E-6 7.56793E-7 5.33336E-7 9.96281E-7 5.25127E-7 6.03442E-7 4.28142E-7 4.93084E-7 3.34059E-7 1.09308E-6 5.32613E-7 7.08643E-8 3.17109E-7 1.36471E-6 1.6601E-6 1.87209E-6 2.12132E-6 3.24866E-6 2.35805E-6 1.65746E-6 2.16433E-6 2.58235E-6 2.30959E-6 2.44529E-6 2.80002E-6 2.31875E-6 2.82083E-6 3.26626E-6 2.93522E-6 2.77906E-6 3.33274E-6 2.46162E-6 1.83202E-6 1.56622E-6 1.78038E-6 1.60416E-6 1.29098E-6 1.30946E-6 1.47761E-6 1.76708E-6 2.23585E-6 2.72132E-6 2.33808E-6 2.562E-6
1.43204E-7 3.38981E-7 1.62497E-8 7.12821E-8 5.38988E-7 1.42292E-6 1.06941E-6 3.23646E-7 4.21135E-7 2.68085E-7 2.65339E-7 7.82423E-7 9.66843E-7 1.29866E-6 1.17441E-6 5.11411E-7 6.88629E-7 7.85522E-7 1.26883E-6 6.83579E-7 3.11522E-7 1.69153E-6 1.31424E-6 1.0836E-6 6.49686E-7 9.36176E-7 8.37933E-7 4.39068E-7 8.62508E-7 4.29255E-7 4.65243E-7 1.2781E-7 9.35468E-8 2.88705E-7 6.26433E-7 8.32141E-7 7.2157E-7 5.51721E-7 6.83422E-7 9.27226E-7 1.19353E-6 1.20005E-6 9.54221E-7 7.21323E-7 2.16578E-6 2.58561E-6 2.91277E-6 2.45515E-6 2.75376E-6 2.23922E-6 2.08977E-6 2.09214E-6 2.32316E-6 2.13129E-6 1.72174E-6 1.62077E-6 2.02858E-6 1.87652E-6 1.60855E-6 1.39522E-6 1.33241E-6 1.63942E-6 2.29257E-6 2.85267E-6 2.36322E-6 1.64463E-6
2.27231E-7 3.92203E-7 2.6052E-7 3.52954E-8 3.93644E-7 7.12717E-7 4.19722E-7 1.33498E-6 7.06376E-7 1.03533E-6 6.65287E-7 7.00901E-7 7.74035E-7 5.31074E-7 7.29861E-7 4.16861E-7 5.9378E-7 5.8284E-7 5.26455E-7 8.60917E-7 1.29781E-6 3.92285E-7 6.4721E-7 5.47611E-7 5.78292E-7 8.54212E-7 2.86021E-7 7.37853E-7 3.49122E-7 1.35094E-7 2.88997E-7 1.3344E-7 4.9589E-8 8.17166E-7 7.55453E-7 7.77197E-7 1.98717E-7 3.06822E-7 4.95698E-7 5.16958E-8 1.35499E-8 2.18533E-8 2.85885E-8 1.19201E-7 7.69996E-8 1.40698E-7 3.75003E-8 1.81825E-7 2.01793E-7 1.80987E-6 1.77306E-6 1.43959E-6 2.72944E-6 2.06639E-6 1.8602E-6 2.43703E-6 2.13071E-6 2.30021E-6 1.77039E-6 1.46289E-6 1.46627E-6 1.5965E-6 1.81373E-6 2.24543E-6 2.86461E-6 1.5355E-6
2.62177E-7 2.12169E-7 3.24029E-7 2.79446E-7 1.00565E-7 3.85779E-7 4.83321E-7 5.22298E-7 9.56136E-7 7.66305E-7 6.45708E-7 1.34632E-6 4.34079E-7 5.86215E-7 3.35376E-7 2.23488E-7 2.14226E-7 6.36886E-7 1.25881E-6 6.22226E-7 5.95657E-7 7.40195E-7 5.36675E-7 2.41364E-7 2.65837E-7 3.53486E-7 5.03848E-7 5.2068E-7 1.12908E-6 6.02048E-7 1.03657E-6 7.87433E-7 1.14216E-6 1.40623E-6 2.14232E-6 1.499E-6 1.0602E-6 4.63209E-7 1.0956E-6 5.37839E-7 9.27486E-8 8.87409E-8 2.88358E-7 4.31718E-7 1.26753E-7 2.81174E-7 3.46956E-7 3.2631E-8 5.3559E-8 8.69894E-7 1.66367E-6 1.43253E-6 9.64978E-7 1.38378E-6 1.66129E-6 1.8649E-6 2.85816E-6 2.30205E-6 1.77705E-6 1.46604E-6 1.63332E-6 1.9224E-6 2.04787E-6 2.22166E-6 1.94654E-6 2.83563E-6
3.89317E-7 3.95314E-7 4.72851E-7 2.37403E-7 1.46346E-7 5.26036E-7 1.25646E-6 3.08614E-7 6.62303E-7 3.16616E-7 8.69898E-7 6.53754E-7 1.19634E-7 4.32249E-7 9.56377E-7 8.7897E-8 1.85544E-7 4.10844E-7 8.24283E-7 8.92403E-7 7.3641E-7 6.01516E-7 5.27827E-7 3.77546E-7 4.1491E-7 7.97236E-7 6.23428E-7 8.15348E-7 8.51155E-7 7.66782E-7 1.43237E-6 6.15558E-7 6.70755E-7 4.32646E-7 2.44565E-7 3.06072E-7 5.79229E-7 7.30668E-7 6.83141E-7 2.69788E-7 3.74657E-7 1.99914E-7 3.83569E-8 6.27379E-8 6.74422E-8 2.64344E-7 1.09819E-6 6.07476E-7 1.43392E-6 9.64231E-7 1.36603E-6 8.84691E-7 1.05404E-6 1.59344E-6 1.04656E-6 1.57292E-6 1.42109E-6 1.67921E-6 7.73666E-7 1.46153E-6 1.5478E-6 1.07388E-6 2.88708E-6 2.47329E-6 1.96517E-6 2.12942E-6
3.58068E-7 1.26209E-6 1.05876E-6 1.33067E-7 2.30288E-7 1.09314E-6 1.22746E-6 2.83607E-7 5.27943E-7 6.16562E-8 1.73015E-7 2.38663E-7 1.36663E-7 4.18355E-8 4.70059E-7 6.53705E-7 5.1611E-8 6.80336E-7 8.41362E-7 7.64652E-7 2.5846E-7 4.2584E-7 6.3787E-7 3.29242E-7 2.96048E-7 1.91344E-7 5.08836E-7 8.55129E-7 6.12261E-7 4.5487E-7 5.99622E-7 8.00588E-7 3.09151E-7 5.82683E-7 4.92523E-8 3.12442E-7 2.79556E-7 1.58152E-7 1.01372E-7 7.14495E-8 3.06095E-7 3.77715E-7 3.00604E-8 7.35414E-8 4.61261E-7 4.53933E-7 8.75463E-7 1.28609E-6 2.34812E-6 1.44628E-6 1.52863E-6 1.53435E-6 9.34427E-7 7.0267E-7 7.61053E-7 1.59241E-6 1.38786E-6 9.65741E-7 1.34436E-6 6.55186E-7 8.77385E-7 1.87534E-6 1.8939E-6 2.21706E-6 2.65064E-6 2.19821E-6
7.91121E-7 9.45137E-7 1.44605E-6 4.64008E-7 2.02146E-7 3.86435E-7 6.97304E-8 9.99693E-8 3.799E-7 3.30312E-7 4.4369E-7 5.72376E-8 1.91181E-7 2.32988E-8 2.18311E-7 3.58111E-7 6.60084E-7 1.00279E-6 7.20722E-7 3.28646E-7 4.85191E-7 5.83246E-8 9.05442E-8 3.76189E-7 1.25193E-6 1.33218E-6 1.283E-6 1.20592E-6 2.37866E-6 1.61218E-6 1.26787E-6 2.11125E-6 1.07982E-6 1.26106E-7 2.6332E-7 3.41575E-7 1.15838E-6 2.47238E-6 2.20848E-7 1.65185E-8 3.25914E-8 1.38835E-7 1.40801E-8 1.38166E-8 4.53784E-7 7.37513E-8 3.05766E-7 5.44733E-7 2.48302E-6 3.08227E-6 3.63513E-6 2.29894E-6 1.68903E-6 6.71902E-7 4.28819E-7 4.81232E-7 1.13644E-6 6.67162E-7 7.70497E-7 8.46478E-7 6.76384E-7 1.22622E-6 1.57039E-6 2.07113E-6 3.11767E-6 3.05992E-6
4.33303E-8 3.65373E-8 7.14643E-7 9.90519E-7 2.04897E-7 1.02501E-7 6.00412E-8 7.29411E-8 2.26516E-7 2.65915E-7 4.39276E-7 2.76107E-7 2.72514E-7 3.42567E-7 4.22391E-7 6.2386E-7 8.86931E-7 8.16257E-7 3.82304E-8 3.31101E-8 5.88573E-8 2.55907E-7 8.37442E-7 1.77071E-6 6.15621E-7 8.86623E-7 8.12535E-7 1.13677E-6 9.04653E-7 8.71868E-7 8.30375E-7 7.0285E-7 1.22625E-6 6.87149E-7 7.34893E-7 2.10082E-7 2.55036E-7 2.22539E-8 1.28664E-8 4.09402E-8 1.97366E-8 6.93911E-8 2.65471E-9 7.82669E-9 1.46539E-8 3.72677E-8 2.92581E-7 1.30793E-7 2.56264E-7 1.60684E-7 1.3188E-6 1.62099E-6 1.31276E-6 7.11216E-7 6.62933E-7 4.94139E-7 1.49807E-6 2.03475E-6 1.7616E-6 1.32231E-6 1.15327E-6 2.55747E-6 3.11866E-6 2.37482E-6 2.34126E-6 2.36448E-6
2.03774E-9 5.24231E-9 1.17985E-8 5.55869E-8 9.67407E-8 1.62688E-7 3.54141E-8 5.814E-8 1.85727E-7 1.00032E-6 1.04589E-6 9.33654E-7 5.39341E-7 4.63693E-7 5.96805E-7 5.35746E-7 3.39061E-7 2.37792E-7 9.61475E-9 3.10023E-7 2.47521E-7 1.41172E-7 1.91871E-7 1.04405E-7 6.93549E-7 8.79037E-7 1.78215E-6 9.81621E-7 8.08688E-7 8.41173E-7 2.93498E-6 1.12415E-6 2.77064E-6 7.77389E-7 2.17765E-7 9.23902E-8 2.47641E-8 2.46811E-8 1.45956E-7 2.52945E-7 3.65039E-7 2.22418E-7 7.99424E-8 3.9201E-7 1.35534E-7 5.78098E-7 3.03068E-7 5.70622E-7 5.40752E-7 3.94053E-7 1.72897E-6 1.56048E-6 1.12883E-6 1.0948E-6 1.38554E-6 7.27231E-7 1.46887E-6 1.19181E-6 1.76808E-6 2.00998E-6 2.0773E-6 2.83154E-6 3.04725E-6 2.42912E-6 1.58491E-6 2.15465E-6
1.10817E-8 1.09186E-9 8.4277E-9 3.28027E-7 4.47109E-7 2.06275E-7 1.55674E-7 1.91679E-7 1.66446E-7 6.50631E-7 5.59811E-7 8.32154E-7 4.62989E-7 4.1576E-7 1.70303E-7 2.82948E-8 3.16082E-7 1.33936E-7 1.99322E-7 3.47432E-8 1.60459E-8 2.46865E-7 7.48475E-7 1.61109E-6 6.258E-7 3.10858E-7 1.09439E-6 6.96899E-7 6.06367E-7 8.2491E-7 2.05244E-6 6.715E-7 5.59057E-7 3.8947E-8 3.56938E-7 1.40317E-7 5.29976E-7 6.07712E-7 4.24521E-7 2.65174E-7 4.62217E-8 1.33113E-7 7.52203E-7 5.18002E-7 4.23676E-7 4.85847E-7 5.86863E-7 6.81165E-7 5.09233E-7 5.54795E-7 7.76428E-7 9.8292E-7 1.07085E-6 6.79869E-7 1.83442E-7 5.60431E-7 5.20889E-7 6.81593E-7 1.47401E-6 2.23884E-6 2.46262E-6 1.59402E-6 1.63626E-6 1.74669E-6 1.05382E-6 1.33291E-6
1.28601E-7 3.30508E-8 1.31762E-7 1.58146E-7 1.22109E-7 1.91814E-6 1.35156E-7 4.71491E-7 7.761E-7 1.28271E-6 4.47787E-7 4.79945E-7 1.80106E-7 1.50671E-8 2.02104E-8 2.82984E-7 5.21095E-7 3.64181E-7 1.41908E-7 1.0762E-7 1.76844E-7 1.02355E-6 9.5556E-7 2.2931E-6 1.3587E-6 4.15053E-7 5.56489E-7 4.89301E-7 7.53764E-7 5.74645E-7 9.4772E-7 7.83817E-7 4.8443E-7 6.29523E-7 2.22592E-7 1.90984E-7 8.574E-7 1.6463E-6 2.72707E-7 5.38093E-7 2.24021E-7 2.29648E-7 4.74821E-7 5.38909E-7 3.80952E-7 2.0077E-9 1.96303E-8 3.90947E-7 1.47397E-7 1.13884E-6 7.98596E-7 1.64846E-6 2.93775E-7 2.14061E-8 2.36435E-7 6.50744E-7 9.87031E-7 6.06457E-7 1.70107E-6 1.39274E-6 2.21285E-6 2.17468E-6 8.27316E-7 7.9841E-7 7.25622E-7 7.06795E-7
3.86612E-7 3.594E-7 3.41306E-7 4.93641E-7 5.55917E-7 5.51519E-7 3.37631E-7 1.94542E-7 3.73025E-7 7.65907E-7 7.05945E-7 6.19783E-8 8.96556E-8 3.10672E-7 8.63972E-8 1.23666E-7 3.56619E-7 3.94381E-7 2.96056E-7 3.95457E-7 1.53735E-7 5.0605E-7 9.71558E-7 2.57733E-6 1.29796E-6 9.95484E-7 3.07256E-7 3.5201E-7 5.01644E-7 8.82335E-7 6.41182E-7 5.74614E-7 3.69388E-7 1.99867E-7 9.17764E-7 9.13286E-7 1.1182E-6 9.55447E-7 4.56203E-7 2.8322E-7 4.21592E-7 3.59874E-7 1.03275E-6 1.14031E-6 3.21581E-7 6.08161E-7 4.51574E-7 4.28603E-8 6.78004E-7 1.91082E-6 1.35568E-6 1.36867E-6 1.34146E-6 8.69735E-7 6.84808E-7 9.71573E-7 9.82379E-7 1.47034E-6 1.625E-6 1.76914E-6 1.36126E-6 1.731E-6 7.0559E-7 4.71031E-7 6.26623E-7 1.52925E-6
5.54862E-8 3.47447E-7 6.38107E-7 5.61958E-7 3.22801E-7 2.65531E-8 1.42087E-7 1.35713E-7 4.20649E-7 2.8777E-7 1.07343E-7 8.36633E-7 5.4048E-7 3.56334E-8 3.80852E-8 6.74409E-8 2.57192E-7 5.7781E-7 9.36571E-8 2.26388E-7 4.35069E-7 6.41226E-7 1.08804E-6 1.03439E-6 8.40706E-7 2.46695E-7 2.12255E-7 2.79771E-7 1.16454E-7 5.18389E-7 2.49246E-7 4.34145E-7 3.53001E-7 5.87881E-7 2.3685E-7 3.74929E-7 5.78284E-7 2.57435E-7 6.1485E-7 4.75546E-7 2.63155E-7 1.12539E-7 2.49305E-7 3.74795E-7 2.12475E-7 8.53744E-7 2.28912E-6 1.80426E-6 1.69069E-6 2.51255E-6 2.91645E-6 2.96173E-6 1.39559E-6 1.26996E-6 8.14385E-7 1.54253E-6 8.46686E-7 1.85676E-6 3.34821E-6 2.66893E-6 1.10056E-6 1.27035E-6 1.80336E-6 1.66386E-6 1.04966E-6 9.05588E-7
