catData/rasterBestHybridModels/Pbengalensis/RD_RM1.5_LQ/Pbengalensis_median.asc
ncols         409
nrows         350
xllcorner     60.897278365
yllcorner     5.843756025
cellsize      0.0892857
NODATA_value  -9999
[rows 203 to 231 of 350, columns 132 to 197 of 409]
-9999 -9999 -9999 1.03952E-5 1.29992E-5 7.47233E-6 2.15993E-5 3.25531E-5 8.5055E-5 7.36542E-5 6.36093E-6 1.21169E-5 4.43987E-6 6.48629E-6 8.60953E-6 1.78127E-5 1.02506E-5 1.90134E-5 2.17203E-5 1.12009E-5 9.74314E-6 3.75627E-5 7.04482E-6 3.63606E-6 1.46111E-6 5.81811E-6 4.25749E-6 1.01274E-5 3.24918E-5 1.31496E-5 1.36815E-5 7.61654E-6 4.84724E-6 3.34106E-6 4.53237E-6 2.63847E-6 3.44822E-7 4.55375E-7 2.55034E-6 5.27098E-7 1.18246E-6 1.80774E-6 7.92617E-6 4.71598E-8 4.24891E-7 6.28987E-7 6.30349E-7 1.44015E-6 1.14322E-6 2.22675E-7 9.66618E-7 2.09353E-6 3.34884E-7 2.92351E-7 6.94677E-7 4.12091E-6 7.31412E-7 2.25623E-8 1.2117E-7 3.57226E-6 1.08423E-5 1.40174E-7 2.17017E-5 1.32304E-5 7.85206E-6 6.21332E-6
-9999 -9999 1.12105E-4 1.43737E-5 5.50562E-6 2.62238E-5 3.10741E-5 2.64721E-5 1.51242E-4 1.12201E-5 1.14011E-5 1.35029E-6 5.2026E-6 8.87655E-6 2.187E-5 8.95723E-6 3.48253E-6 2.30801E-5 2.11009E-5 2.17252E-5 1.97875E-5 4.43468E-5 2.04444E-5 1.42055E-5 1.18918E-5 4.06309E-6 4.66369E-6 9.54961E-6 3.60621E-5 2.72574E-5 3.20882E-5 1.00876E-5 4.00419E-6 3.96725E-6 4.16544E-6 6.48181E-6 7.84435E-7 7.77816E-8 5.57325E-7 2.93523E-7 1.17727E-6 1.81766E-6 4.04546E-6 6.17228E-6 4.32184E-7 1.00913E-7 2.44586E-6 2.18049E-6 6.38207E-7 1.34089E-7 1.52032E-6 9.95137E-6 6.14325E-6 2.64268E-7 1.78128E-6 8.09436E-7 1.04651E-7 1.41202E-8 2.21784E-6 1.07353E-6 1.6043E-5 1.47645E-6 2.16068E-6 4.3169E-7 4.24771E-6 1.3194E-6
-9999 -9999 2.83887E-5 1.11676E-7 5.82918E-6 8.02776E-6 1.09441E-5 2.70545E-5 2.5352E-5 2.0626E-5 2.52966E-5 3.9482E-5 1.44345E-5 6.5623E-6 1.2489E-5 1.74889E-5 7.74314E-6 3.19849E-6 6.04381E-6 3.137E-5 4.14351E-5 3.62115E-5 3.1757E-5 2.15804E-5 2.31602E-5 1.63741E-5 7.25755E-7 1.2959E-6 3.41713E-5 2.50972E-5 7.43709E-6 4.205E-6 7.91876E-6 5.72155E-6 1.35908E-6 8.42786E-6 2.68223E-5 5.31522E-6 6.49962E-7 6.90178E-7 1.18197E-6 5.08781E-7 1.42437E-6 1.26371E-6 5.69635E-8 6.46758E-7 4.52801E-7 9.44632E-6 3.60286E-6 2.20108E-6 6.86657E-6 1.21607E-5 1.57414E-6 2.70324E-6 3.41806E-6 2.83317E-7 3.45065E-8 4.31059E-8 8.84622E-7 1.16433E-5 2.59498E-5 1.69623E-6 4.79318E-7 6.28031E-7 2.00166E-6 6.30126E-6
-9999 -9999 5.6284E-5 1.29798E-5 5.268E-6 1.13586E-5 6.99456E-6 6.68447E-5 1.94872E-4 7.95261E-6 6.31388E-5 1.16869E-5 2.25212E-4 5.0492E-5 4.06867E-5 1.10716E-5 4.72023E-6 8.42477E-6 3.68569E-6 5.88922E-6 2.00115E-5 3.28322E-5 3.4359E-5 5.66657E-6 1.27641E-5 2.20748E-5 4.22354E-5 3.51508E-6 1.27427E-5 1.90433E-5 1.1249E-5 1.97002E-6 1.80364E-6 1.93428E-6 8.34354E-7 1.08874E-6 7.76636E-7 6.26476E-7 2.29967E-7 1.0054E-7 1.18126E-7 1.43401E-6 1.4997E-7 2.72063E-6 2.55323E-6 6.85642E-7 3.86758E-7 1.67909E-6 1.6635E-6 3.79996E-7 7.90965E-7 6.87957E-6 1.28898E-6 2.28443E-6 4.83194E-7 9.61513E-6 1.00192E-6 7.27971E-6 2.57483E-5 2.26478E-5 1.52297E-5 2.40672E-5 8.89474E-7 3.85631E-6 9.52691E-6 8.71264E-6
-9999 -9999 1.09059E-4 8.22526E-6 2.13481E-5 3.57921E-6 4.53298E-5 5.02499E-5 1.77809E-4 1.36859E-5 2.09742E-6 1.34849E-5 9.48261E-5 3.40955E-4 8.81399E-5 3.53102E-5 2.28342E-5 2.00724E-5 1.25579E-5 4.72454E-5 2.22223E-5 2.42949E-5 2.53166E-6 7.16674E-6 1.00036E-5 1.57875E-5 1.39176E-5 2.67484E-5 3.23649E-6 4.76484E-6 9.76729E-6 2.48937E-5 2.58772E-5 1.0011E-5 1.02873E-5 1.18782E-6 1.71306E-7 2.38634E-7 4.02163E-6 1.69047E-6 2.54437E-6 2.06278E-5 2.38018E-6 1.07961E-6 1.26521E-6 7.49898E-7 1.49096E-6 2.00356E-6 3.08549E-6 4.70063E-8 3.3007E-6 4.94844E-6 1.66342E-6 3.41885E-7 4.14427E-7 1.98644E-7 4.86795E-6 2.15435E-5 2.01994E-5 2.20949E-5 2.458E-5 2.05876E-5 3.18186E-6 4.02814E-6 1.19592E-5 9.96056E-6
-9999 -9999 1.07568E-4 7.30345E-5 9.52896E-5 5.0974E-5 4.42236E-6 1.01792E-5 1.56682E-4 1.536E-4 8.72553E-6 3.81899E-5 3.23647E-5 1.96568E-5 1.5291E-5 3.36091E-5 1.59653E-5 2.31407E-5 7.97965E-6 3.47842E-5 8.95723E-5 1.20295E-5 3.40383E-6 1.71166E-5 9.53484E-6 1.87254E-5 1.02434E-5 2.64927E-5 4.09112E-6 3.31598E-6 1.65117E-5 1.06642E-5 2.63621E-5 1.51486E-5 2.6596E-6 1.93879E-6 8.43116E-7 7.82931E-7 2.30984E-6 3.82682E-7 5.86282E-7 7.57124E-7 1.34903E-5 3.01268E-5 6.4699E-6 4.11934E-6 6.72634E-7 1.02609E-6 5.1299E-7 4.76476E-6 3.21855E-6 4.58864E-7 9.12131E-8 3.85973E-7 3.1764E-8 1.37198E-7 9.58457E-7 2.02832E-5 1.32959E-5 6.84248E-6 4.18119E-6 3.11382E-6 1.77941E-5 1.78134E-5 7.85178E-6 7.09666E-6
-9999 -9999 9.75847E-5 7.59854E-5 1.23117E-5 8.61232E-5 1.89879E-5 2.53052E-5 1.01882E-4 1.48364E-4 2.21888E-5 6.01416E-5 4.78439E-6 2.36502E-6 4.67421E-5 6.26163E-5 2.81231E-5 1.86801E-5 1.49239E-5 6.50871E-6 6.03265E-6 1.12031E-6 1.86572E-6 2.81148E-5 9.46304E-6 2.56238E-5 5.28482E-6 5.13283E-6 5.30125E-6 3.18019E-6 2.14603E-6 1.11972E-5 7.79393E-6 1.63444E-5 1.00605E-5 3.89658E-6 9.18914E-7 7.7952E-7 5.30278E-6 1.31657E-6 6.57711E-7 1.77579E-7 3.10308E-7 6.24813E-6 2.18389E-5 6.70508E-6 2.18511E-6 3.41996E-7 1.06738E-6 2.55484E-6 1.7202E-5 3.4567E-6 1.15247E-6 2.24474E-6 8.05368E-8 6.07606E-8 2.81547E-7 5.15434E-6 3.01886E-5 2.36884E-5 2.46536E-6 6.27412E-7 4.85105E-6 5.12975E-6 2.06322E-6 1.83424E-5
-9999 -9999 -9999 1.44122E-4 4.2325E-5 9.98476E-6 2.55661E-5 2.45029E-5 4.71893E-5 2.87855E-5 5.1088E-6 1.18247E-5 1.68172E-6 2.7607E-6 1.42399E-5 4.91419E-5 6.33008E-5 1.02613E-5 3.7498E-5 1.87292E-5 4.20663E-5 1.30167E-5 2.69008E-5 3.33977E-5 1.41462E-5 7.34376E-6 9.91667E-6 4.2532E-6 8.8617E-6 5.30099E-6 2.32007E-6 3.22758E-6 1.75622E-6 8.34142E-6 1.65203E-5 2.17158E-5 9.56672E-6 7.00894E-6 6.17401E-6 1.01516E-6 7.82211E-7 1.14499E-6 4.16464E-6 1.99393E-6 4.37857E-6 1.20577E-6 4.39068E-6 2.30054E-6 1.15463E-6 3.04244E-6 3.70711E-7 1.88165E-6 1.33705E-7 9.4908E-7 1.30156E-6 2.00323E-6 6.38711E-7 1.68604E-7 2.48562E-5 2.53102E-5 1.88147E-5 3.37102E-6 5.44957E-7 3.19694E-6 4.70622E-7 9.40897E-7
-9999 -9999 -9999 -9999 3.96946E-5 1.03192E-5 5.24091E-5 1.47809E-5 1.53813E-5 3.31941E-5 8.12101E-6 6.62401E-5 3.01761E-5 5.31521E-7 2.01292E-5 3.04131E-5 1.80022E-5 4.09614E-6 2.31175E-5 1.52537E-5 3.49677E-5 8.53219E-6 4.9452E-6 9.20095E-6 1.80063E-5 1.52145E-5 4.30156E-5 1.04371E-5 8.12199E-7 1.83585E-6 3.63936E-6 3.29922E-6 2.16454E-5 9.91989E-6 2.0483E-6 3.11286E-6 8.38245E-6 9.13889E-6 5.19486E-6 1.75148E-6 1.40378E-6 2.7586E-7 2.26339E-6 1.46552E-6 8.6004E-7 7.21752E-7 5.68729E-6 2.49374E-6 2.70476E-7 3.11269E-7 4.37378E-7 3.48914E-8 2.80835E-6 1.8547E-6 2.10042E-5 8.59195E-7 1.25129E-6 2.38796E-6 1.04504E-5 1.41362E-5 1.01148E-5 1.77704E-5 5.0243E-6 1.02305E-5 2.20919E-6 5.47406E-7
-9999 -9999 -9999 9.40977E-5 5.62817E-5 8.42082E-5 5.50368E-5 2.29975E-5 1.40633E-6 4.97969E-5 6.66452E-5 3.09049E-5 6.72087E-7 2.1427E-6 2.29748E-5 2.63612E-5 8.43188E-6 2.58329E-5 2.49104E-5 1.53227E-5 3.87284E-5 3.6155E-5 3.09919E-5 2.78083E-5 9.31583E-6 4.80414E-6 7.65723E-6 4.03253E-5 1.56469E-6 5.97733E-6 2.76842E-5 6.34506E-6 1.03949E-6 3.2614E-6 1.68845E-6 8.6007E-6 1.65487E-6 5.95388E-6 3.18546E-6 9.43802E-8 2.35006E-7 1.94524E-6 1.17595E-6 5.7719E-7 2.59322E-6 2.82456E-7 1.90658E-6 1.14847E-6 3.70533E-7 1.68243E-7 2.72555E-6 4.58678E-7 1.16848E-7 1.09881E-6 1.32445E-5 1.3103E-6 8.16637E-8 7.39068E-8 1.08257E-6 1.56109E-5 8.54657E-6 4.41407E-6 7.31137E-6 7.28734E-6 4.08992E-7 8.14619E-7
-9999 -9999 -9999 -9999 9.40406E-5 8.66062E-5 6.31209E-6 1.2618E-5 1.34852E-5 4.56099E-6 7.62529E-5 1.12816E-4 7.716E-7 1.91341E-6 8.80586E-6 2.34511E-5 7.56935E-6 3.87355E-6 1.79597E-5 3.00086E-5 5.6835E-5 6.36597E-5 4.62112E-5 7.67484E-6 1.04862E-5 2.36063E-6 9.32371E-6 7.80649E-6 2.96961E-6 9.95163E-6 1.09251E-5 2.72261E-6 7.06483E-7 8.0858E-6 2.8625E-7 4.86643E-6 1.41732E-5 1.75635E-5 1.45711E-5 7.35603E-6 6.73021E-7 2.84286E-6 4.37793E-6 5.59172E-7 1.8034E-6 5.48362E-6 6.12623E-6 4.60243E-6 5.14787E-7 5.03575E-7 2.26455E-7 4.99161E-6 5.64727E-7 3.01802E-7 6.36172E-7 5.06247E-6 2.30362E-6 2.56781E-8 7.82082E-8 5.75778E-7 8.3E-8 6.51301E-6 1.67995E-6 1.5003E-6 8.01872E-6 1.05605E-6
-9999 -9999 -9999 -9999 9.24285E-5 7.47844E-5 8.50589E-6 2.89988E-6 3.1144E-6 2.77574E-5 2.5672E-4 1.63564E-4 3.71927E-5 1.21287E-5 5.76989E-6 2.89079E-5 2.57659E-5 2.76528E-5 2.49457E-5 9.251E-6 1.40467E-5 4.19176E-6 1.10311E-5 1.47268E-6 1.50308E-6 1.45002E-6 3.60978E-6 1.33422E-5 4.52569E-6 7.90893E-7 3.41192E-7 1.79447E-6 1.48332E-6 2.40619E-7 5.02335E-6 6.36617E-6 7.73369E-6 2.9645E-5 6.64145E-6 1.48709E-5 9.70809E-6 3.94254E-6 9.26775E-7 9.58312E-7 7.86109E-7 1.656E-6 7.86461E-7 5.46813E-7 3.30264E-6 8.94189E-7 9.20707E-8 4.96951E-6 4.42903E-7 2.29357E-6 4.4441E-7 7.02622E-6 4.25937E-6 3.88711E-7 8.18958E-8 5.63061E-8 3.11251E-7 4.72916E-6 1.88521E-6 1.61842E-7 8.21741E-7 9.22744E-7
-9999 -9999 -9999 -9999 1.93414E-4 1.76252E-4 2.95421E-6 2.19719E-6 6.0428E-6 2.32062E-4 3.41584E-4 1.68477E-4 1.28084E-5 1.6265E-5 3.11384E-5 3.21446E-6 1.02649E-5 1.65238E-5 3.28124E-5 1.52468E-5 5.42404E-6 2.36566E-7 9.10807E-7 3.46858E-6 6.16779E-6 3.32742E-6 5.10377E-6 1.58802E-5 2.02798E-6 1.7233E-6 3.02164E-6 2.49722E-6 9.98019E-6 5.70425E-7 7.354E-6 2.07163E-6 4.73997E-6 1.28333E-5 1.01856E-5 2.96328E-5 1.45043E-5 1.52672E-6 2.9733E-7 2.74181E-6 7.12114E-6 4.11138E-7 3.59347E-7 1.64404E-6 9.7235E-7 6.35745E-7 1.55152E-6 6.03224E-6 2.10255E-6 1.71952E-6 9.1503E-8 1.74426E-7 7.35562E-7 2.76872E-6 2.61675E-7 1.67534E-7 4.16908E-7 3.96407E-6 8.38576E-6 7.07942E-6 2.83274E-8 3.43044E-8
-9999 -9999 -9999 -9999 1.88558E-4 1.9981E-4 1.26805E-5 8.26137E-7 5.46641E-6 6.86849E-5 2.45999E-4 1.16777E-4 1.5757E-5 1.59686E-5 4.05367E-5 2.32844E-5 1.59589E-5 1.56968E-5 2.00101E-5 1.18938E-5 1.57453E-5 6.88471E-6 2.39681E-5 1.03949E-5 1.65238E-5 5.26348E-6 1.66091E-6 3.88165E-6 6.7198E-6 7.12818E-6 4.38189E-6 2.07483E-5 7.04475E-6 1.73296E-6 3.35468E-6 1.06991E-5 1.85377E-6 7.92996E-6 4.21112E-6 1.5891E-5 2.53257E-6 6.89908E-6 1.70351E-5 1.16782E-5 2.71625E-6 3.23441E-7 2.69291E-7 1.86389E-7 1.05049E-7 4.26022E-6 3.2579E-6 1.12104E-6 5.19207E-6 2.79829E-6 2.84488E-6 1.01509E-6 9.53216E-7 8.99593E-7 1.71533E-5 2.31418E-7 3.14764E-7 8.76076E-6 1.8346E-6 1.39386E-5 6.74608E-7 3.19131E-8
-9999 -9999 -9999 -9999 -9999 1.0741E-4 1.98203E-5 1.71259E-6 2.02005E-6 4.96712E-6 2.28934E-4 2.01185E-4 2.58212E-4 8.76466E-6 3.82733E-6 5.01284E-6 2.44433E-5 4.25544E-6 1.0961E-5 2.05451E-5 7.58367E-6 4.79701E-6 5.76579E-5 6.21944E-5 5.12555E-5 1.50335E-5 3.0421E-6 9.40103E-6 1.15137E-5 1.4543E-5 7.08131E-6 2.60785E-5 5.26452E-6 2.75126E-6 6.23659E-6 7.01896E-6 9.39205E-5 4.34035E-6 2.65032E-6 1.1092E-7 1.47E-6 1.66601E-6 1.90934E-7 1.20182E-6 4.38521E-6 6.42524E-7 4.33953E-7 3.32224E-7 3.90181E-7 1.70723E-6 2.34571E-6 2.13168E-6 5.95624E-7 7.17047E-6 1.9797E-6 4.63062E-6 5.35677E-7 2.06203E-6 2.68135E-7 1.35742E-6 1.52574E-6 2.34539E-7 8.0828E-7 2.4281E-6 2.39401E-8 2.87871E-7
-9999 -9999 -9999 -9999 -9999 8.75882E-5 3.66189E-5 3.04653E-5 5.47126E-5 1.40727E-5 1.05405E-5 2.06313E-4 2.01685E-4 1.09005E-4 1.20462E-5 4.5649E-6 6.36507E-5 9.03733E-6 1.82736E-5 6.28617E-6 1.00428E-5 3.16856E-5 3.66625E-5 3.58692E-5 2.29495E-5 2.30194E-5 7.31207E-6 3.62726E-6 5.14049E-6 3.82396E-7 8.66474E-6 3.40651E-6 2.02129E-6 6.31256E-6 1.15649E-5 9.08818E-6 8.22672E-6 8.00616E-7 4.04512E-6 1.08409E-7 7.73491E-7 7.78143E-6 1.6841E-6 7.27249E-7 2.09857E-5 1.51657E-7 1.18187E-7 7.17368E-8 3.95367E-7 1.65612E-7 1.04578E-6 2.81967E-7 9.31165E-6 4.09974E-6 1.47117E-5 2.23786E-6 8.05327E-6 3.41674E-7 5.38259E-7 3.08488E-6 4.93179E-6 1.73423E-5 6.74152E-7 3.69436E-6 2.41718E-6 5.18921E-8
-9999 -9999 -9999 -9999 -9999 1.91549E-4 4.53579E-5 5.62549E-5 5.97198E-6 6.65274E-6 1.75841E-5 2.85924E-4 2.31814E-4 3.39361E-5 4.13714E-6 2.68702E-5 1.04481E-5 4.80367E-6 1.40458E-5 5.41353E-6 1.57048E-5 1.32539E-5 2.90981E-5 3.62307E-5 2.62496E-5 2.09699E-5 1.97194E-5 1.64909E-5 7.05287E-6 1.10661E-5 1.0928E-5 1.23699E-6 3.29287E-6 2.08574E-6 1.64771E-5 1.95346E-6 1.3302E-6 6.7227E-7 2.61782E-7 9.47739E-7 7.28158E-7 3.35843E-6 3.57164E-6 1.99516E-7 4.39915E-7 1.63723E-6 4.73059E-6 1.42524E-6 4.3462E-6 2.85148E-7 2.87158E-8 5.40034E-7 7.05364E-6 5.78519E-7 7.12964E-6 3.86709E-6 4.71375E-7 5.42224E-7 2.1431E-7 4.93639E-7 2.68693E-6 1.37684E-6 1.21354E-6 3.60288E-5 1.30922E-4 1.10538E-5
-9999 -9999 -9999 -9999 -9999 -9999 9.07588E-6 8.13419E-5 3.57591E-5 2.56595E-5 1.7491E-4 2.97706E-4 1.96686E-4 4.98065E-6 1.13272E-4 6.26773E-5 1.14367E-5 6.83048E-6 3.28727E-6 1.25811E-5 2.09637E-5 4.71383E-5 2.79868E-5 3.79312E-5 2.51913E-5 2.00846E-5 1.70479E-5 2.15208E-5 2.51394E-6 2.81372E-5 2.38207E-5 1.57053E-6 8.16779E-6 1.44129E-6 1.21232E-6 4.02223E-6 7.94302E-7 1.15254E-6 2.0947E-7 1.24404E-6 1.19739E-6 1.47327E-6 1.16199E-6 9.31321E-7 2.12139E-7 4.15204E-7 3.17093E-6 8.48317E-7 2.56138E-6 3.73601E-6 6.21705E-7 2.67598E-7 2.11967E-6 1.61118E-6 5.77091E-6 8.41898E-7 8.17924E-7 2.28523E-7 2.20875E-7 9.70172E-7 1.67455E-6 2.3245E-6 3.63993E-6 2.51514E-5 1.50886E-4 1.2858E-4
-9999 -9999 -9999 -9999 -9999 -9999 4.43158E-5 5.37105E-5 1.09216E-4 1.32131E-5 1.08483E-4 3.0213E-4 1.73538E-4 3.43371E-6 2.57829E-5 1.40957E-4 1.07998E-4 1.00703E-5 6.45854E-7 2.93735E-6 7.6064E-8 5.58571E-6 1.9966E-5 6.21494E-6 2.0504E-5 1.92199E-5 2.80939E-5 2.79695E-5 5.10035E-6 1.90363E-5 1.03781E-5 1.03666E-5 1.7935E-6 4.68674E-6 2.14932E-6 2.32678E-6 1.60299E-6 1.69403E-7 3.02149E-6 1.82395E-6 1.15618E-5 1.39343E-5 1.47397E-6 2.42626E-7 2.59216E-7 2.45494E-7 1.12855E-6 1.38783E-6 4.0653E-7 1.38841E-6 1.21989E-5 9.78943E-6 3.12184E-6 3.69415E-6 8.82029E-7 1.76534E-6 1.28219E-7 2.72781E-7 7.15293E-7 2.01518E-6 9.82911E-7 4.06178E-6 1.0112E-5 8.69709E-6 4.39023E-5 2.90974E-5
-9999 -9999 -9999 -9999 -9999 -9999 4.47801E-5 8.5922E-5 8.72222E-5 1.38135E-4 1.7169E-4 2.71221E-4 2.45915E-4 5.34727E-5 1.12232E-6 2.53505E-6 7.20023E-5 3.11542E-5 2.03841E-6 4.68543E-7 2.98655E-7 1.107E-5 1.81041E-6 5.303E-6 1.77447E-6 9.73115E-6 2.32655E-5 2.87091E-5 2.05992E-5 1.79182E-5 1.96405E-5 1.06397E-5 9.0754E-6 1.05684E-5 9.5137E-6 6.15855E-6 1.01937E-5 7.5501E-7 6.67266E-7 2.62138E-6 1.59201E-5 2.14789E-5 2.97962E-6 1.21533E-6 5.17513E-9 7.91076E-8 1.74226E-7 2.10323E-7 1.06831E-6 1.86856E-5 2.57347E-5 1.54904E-5 3.58147E-6 8.40287E-7 2.23947E-7 1.64757E-6 5.46006E-6 2.94048E-7 3.97433E-7 1.95958E-6 1.28361E-7 4.97889E-6 1.38122E-5 3.65008E-5 2.23699E-5 3.08017E-5
-9999 -9999 -9999 -9999 -9999 -9999 1.18591E-4 4.07621E-5 7.5493E-5 1.10875E-4 8.30717E-5 1.80237E-4 1.68305E-4 4.87697E-5 1.08825E-5 3.58465E-6 4.3258E-5 1.08232E-4 1.39645E-5 2.85807E-6 8.55399E-7 1.91922E-6 1.33564E-6 4.00394E-7 1.5272E-6 1.57654E-5 2.37117E-5 2.1548E-5 2.66943E-5 1.62533E-5 1.38208E-5 1.53048E-5 1.06183E-5 1.204E-5 9.35507E-6 2.6033E-5 1.58107E-5 4.06137E-6 3.52422E-6 5.78179E-6 1.45816E-5 1.63147E-5 3.13092E-6 1.29142E-6 5.70198E-7 1.07228E-5 2.68987E-5 6.71689E-6 9.67658E-6 1.52554E-5 1.86287E-5 1.76593E-5 4.80512E-7 2.65936E-7 1.76235E-6 3.58011E-6 2.66228E-5 1.94367E-6 2.96258E-7 6.31746E-7 1.57214E-7 3.41145E-6 3.62578E-5 1.7054E-5 2.41046E-5 2.71872E-6
-9999 -9999 -9999 -9999 -9999 -9999 -9999 4.50895E-5 8.1987E-5 1.25069E-4 7.39187E-5 1.61825E-4 2.05212E-4 1.59148E-4 4.90111E-6 5.57812E-6 6.44747E-6 2.7244E-5 3.06916E-5 1.30062E-5 2.06921E-6 1.14468E-6 1.80669E-6 1.2896E-6 2.01117E-7 2.26919E-5 2.68351E-5 2.87053E-5 2.46958E-5 8.85884E-6 1.86439E-5 2.38286E-5 2.14597E-5 1.65846E-5 5.98439E-6 2.13685E-5 2.52071E-6 7.03975E-6 1.95959E-6 2.40751E-6 4.43856E-6 1.03599E-5 1.61207E-5 4.89924E-7 9.89622E-7 5.09277E-7 5.09727E-6 2.01696E-6 1.09083E-6 1.04702E-5 8.66932E-6 8.50935E-6 6.78293E-7 2.85913E-6 3.4864E-6 1.71453E-5 3.43839E-5 9.92256E-6 1.70916E-6 3.87947E-6 3.60084E-5 2.91592E-5 4.79184E-5 1.95546E-5 6.55986E-6 6.51831E-6
-9999 -9999 -9999 -9999 -9999 -9999 -9999 2.87544E-5 1.19554E-4 1.288E-4 8.178E-5 1.13995E-4 1.82545E-4 1.36299E-4 2.85324E-5 5.43165E-5 1.52077E-5 7.55295E-5 7.20908E-5 1.39659E-5 4.77824E-6 1.72583E-5 7.1879E-7 1.17607E-7 3.38192E-6 3.82363E-6 1.67869E-5 3.53691E-5 2.85674E-6 8.95262E-6 1.38286E-5 2.03607E-5 2.60782E-5 3.82415E-5 3.14158E-5 2.70036E-6 8.0762E-6 1.94802E-5 7.82065E-6 1.95937E-6 1.3436E-6 9.53944E-6 2.7898E-6 1.92464E-6 1.02188E-6 1.08462E-7 4.97877E-6 8.17037E-7 9.50529E-7 8.52896E-7 1.37991E-6 7.43566E-6 8.84965E-6 1.06105E-5 2.64365E-5 1.88089E-5 7.56104E-6 1.10874E-5 3.09436E-6 9.8729E-6 6.49924E-6 4.86219E-5 7.23294E-6 1.08372E-5 1.48166E-5 6.15557E-6
-9999 -9999 -9999 -9999 -9999 -9999 -9999 1.52629E-5 3.80737E-5 1.58872E-4 1.12872E-4 1.74846E-4 1.83019E-4 1.9759E-4 1.48457E-6 2.46445E-6 2.38121E-5 1.35226E-4 1.03941E-4 4.3977E-5 2.11058E-6 1.68755E-4 2.40534E-5 4.46482E-6 2.315E-8 7.65592E-6 2.3401E-5 2.06468E-5 4.51119E-6 1.53067E-6 1.20298E-6 2.58864E-5 3.54557E-5 2.04545E-5 4.51353E-5 2.26326E-5 9.72304E-6 5.54695E-6 2.37654E-5 8.51461E-6 2.46051E-6 4.69963E-7 7.75287E-7 2.30861E-7 6.75115E-8 7.9421E-7 2.04772E-5 4.59151E-6 1.94518E-7 2.81453E-5 1.9877E-6 5.17434E-6 2.97756E-6 7.09239E-6 5.06732E-5 4.2172E-5 5.30696E-6 2.70849E-5 7.75792E-6 9.18935E-7 2.32865E-6 4.85367E-7 3.83095E-6 1.52045E-5 2.01038E-5 9.21633E-6
-9999 -9999 -9999 -9999 -9999 -9999 -9999 3.80146E-5 1.02486E-4 1.45029E-4 9.93657E-5 1.45657E-4 1.65522E-4 2.03753E-4 7.29205E-5 1.03438E-4 3.22019E-5 5.70444E-6 6.67054E-7 4.08469E-6 6.63817E-6 8.77743E-6 6.05812E-6 1.49454E-5 1.5081E-5 9.49421E-6 4.90585E-6 1.19171E-5 2.03995E-5 6.09258E-7 1.82649E-6 1.16367E-5 7.6453E-6 1.67729E-5 1.32831E-5 1.69179E-5 8.17139E-6 8.7079E-6 3.65811E-6 4.05917E-6 4.79656E-6 2.12251E-6 2.12971E-6 3.02794E-7 2.91849E-7 3.56162E-6 2.13226E-6 2.64028E-7 9.41151E-7 8.71754E-6 3.61129E-5 8.21453E-6 1.07506E-5 7.89599E-6 5.14822E-5 1.52266E-5 1.17717E-5 2.63045E-5 5.15374E-6 5.38602E-6 3.32358E-7 1.70355E-6 5.20495E-6 1.28527E-5 7.2602E-6 5.52779E-6
-9999 -9999 -9999 -9999 -9999 -9999 -9999 1.77683E-5 9.50625E-5 1.51134E-4 1.01792E-4 7.18045E-5 9.15658E-5 1.97897E-4 8.88144E-5 3.26293E-5 1.50275E-4 3.59923E-5 8.18013E-5 1.05882E-4 1.20892E-4 9.48039E-5 1.97105E-5 1.79708E-5 1.68072E-5 6.33555E-6 1.20009E-5 2.19041E-5 5.35863E-6 2.63702E-6 1.11711E-5 2.08626E-5 1.62742E-5 3.59368E-5 4.37546E-5 1.47449E-5 5.43869E-6 2.4621E-6 4.37194E-7 7.62493E-7 1.0258E-6 4.93797E-7 1.54909E-7 1.83088E-6 6.39948E-6 6.29633E-6 3.86001E-6 2.10208E-5 9.10738E-6 3.02388E-5 3.19698E-5 2.74664E-5 1.15134E-5 2.69389E-5 4.36717E-5 5.04802E-6 2.11407E-5 3.89371E-6 2.15398E-6 2.59801E-6 7.35674E-7 1.48681E-7 2.17533E-5 4.29427E-6 6.26306E-6 1.49787E-5
-9999 -9999 -9999 -9999 -9999 -9999 -9999 2.61272E-5 3.13357E-6 1.25609E-4 9.6549E-5 6.33998E-5 8.41069E-5 1.43046E-4 1.31796E-4 6.44252E-5 2.36862E-5 1.17499E-6 3.19232E-6 5.66106E-5 2.82307E-5 5.58801E-5 1.69817E-5 7.30029E-6 1.40022E-5 6.03054E-5 1.37563E-5 2.16272E-5 4.17887E-5 1.25109E-5 4.60286E-6 7.81523E-6 1.52725E-6 1.73956E-5 1.32494E-5 1.40588E-5 4.29201E-6 5.77513E-6 5.36135E-6 1.93194E-7 3.23588E-7 7.47336E-6 4.71713E-6 3.90495E-5 8.82628E-6 2.37739E-5 9.00639E-6 2.71328E-6 6.46197E-6 1.97041E-5 2.26372E-5 1.99772E-5 2.09758E-5 1.27147E-5 1.47882E-5 1.9386E-5 1.71909E-5 8.65013E-6 5.02459E-6 1.28857E-5 2.60695E-5 4.18943E-6 5.01344E-6 9.17769E-6 7.8059E-6 5.55116E-6
-9999 -9999 -9999 -9999 -9999 -9999 -9999 9.18382E-6 1.08352E-6 4.20952E-5 9.18319E-5 4.85018E-5 1.01711E-4 1.32137E-4 1.10243E-4 2.87734E-5 1.07213E-4 1.06394E-5 1.47916E-5 5.6284E-5 9.24158E-6 2.11902E-5 9.1563E-6 8.9032E-5 2.14442E-5 4.20645E-5 8.3901E-5 2.03829E-5 4.18693E-5 3.03527E-5 6.5862E-5 6.84559E-6 2.76022E-6 1.36619E-5 1.57398E-5 3.18328E-5 3.316E-5 4.24832E-5 1.75045E-5 3.00102E-5 2.82017E-7 8.01129E-6 1.74843E-6 1.16083E-5 3.5036E-6 7.07731E-6 2.04977E-5 1.23802E-5 1.37564E-5 1.75349E-5 1.7756E-5 1.322E-5 1.54383E-5 8.48076E-6 1.58052E-5 2.14429E-5 9.25884E-6 1.80838E-5 1.48814E-5 2.91188E-6 3.05576E-6 2.0087E-6 2.76806E-5 3.03939E-6 5.86392E-6 8.54685E-6
-9999 -9999 -9999 -9999 -9999 -9999 -9999 3.18382E-5 2.01315E-6 2.29487E-5 9.77356E-5 8.90999E-5 1.14665E-4 1.90864E-4 1.70572E-4 1.58961E-4 2.25807E-5 2.81004E-5 1.80059E-5 2.08046E-6 1.87771E-6 6.58672E-6 1.93282E-5 1.65061E-5 1.1013E-5 7.11706E-5 1.12471E-4 7.30654E-5 2.80045E-5 1.09358E-5 1.3228E-5 3.42559E-5 1.36263E-5 2.78279E-5 3.38356E-5 4.06557E-5 3.17176E-6 3.485E-5 8.6174E-6 1.43741E-6 3.71698E-6 8.7004E-6 4.37345E-5 9.5105E-6 3.93285E-6 1.16973E-5 1.02712E-5 5.01974E-6 3.12345E-6 3.84376E-6 1.04866E-5 8.4746E-6 9.96859E-6 2.09593E-5 1.89008E-5 1.38826E-5 9.23495E-6 1.58154E-5 2.25888E-6 2.9232E-5 4.29113E-6 6.88449E-7 3.02665E-5 2.84706E-5 1.12406E-5 7.81596E-6
