catData/rasterBestHybridModels/Pbengalensis/RD_RM1.5_LQ/Pbengalensis_min.asc
ncols         409
nrows         350
xllcorner     60.897278365
yllcorner     5.843756025
cellsize      0.0892857
NODATA_value  -9999
[rows 116 to 144 of 350, columns 65 to 129 of 409]
5.91539E-6 4.17223E-6 4.63153E-6 3.27089E-6 6.63833E-6 5.02237E-6 1.78151E-6 1.5494E-6 2.06637E-6 2.92047E-6 3.36585E-6 3.69401E-6 4.19762E-6 4.39123E-6 7.50855E-6 8.54272E-6 9.39586E-6 1.11507E-5 6.15839E-6 2.98474E-6 2.07899E-6 2.01557E-6 1.78671E-6 1.72939E-6 2.14849E-6 1.38641E-6 9.68553E-7 6.48197E-7 5.64052E-7 4.42153E-7 4.12451E-7 3.91972E-7 3.74032E-7 3.41648E-7 3.37241E-7 2.93906E-7 3.65977E-7 4.60153E-7 6.16253E-7 9.3644E-7 1.40515E-6 2.03239E-6 3.26518E-6 4.2387E-6 6.2388E-6 7.92062E-6 9.34836E-6 9.24375E-6 9.59832E-6 8.66047E-6 6.57611E-6 5.98911E-6 4.82757E-6 4.83392E-6 6.06312E-6 8.53048E-6 9.65952E-6 8.72003E-6 8.26376E-6 9.49218E-6 9.03751E-6 7.3974E-6 5.26011E-6 4.43966E-6 4.23339E-6
7.87752E-6 3.36276E-6 4.22662E-6 4.69799E-6 5.73071E-6 5.11604E-6 2.25934E-6 1.73413E-6 1.96335E-6 3.1126E-6 2.94317E-6 3.79262E-6 3.69663E-6 4.72318E-6 6.73879E-6 7.90452E-6 7.98449E-6 1.03511E-5 7.82478E-6 3.62788E-6 2.172E-6 1.76394E-6 1.65761E-6 1.83709E-6 2.23315E-6 1.76975E-6 1.22135E-6 8.48113E-7 7.12694E-7 6.911E-7 7.40027E-7 6.68971E-7 5.31908E-7 4.84217E-7 4.11859E-7 3.53499E-7 3.06015E-7 3.80735E-7 5.71699E-7 8.59645E-7 1.26373E-6 2.02442E-6 2.91884E-6 3.83381E-6 4.27142E-6 5.19021E-6 7.35506E-6 6.55678E-6 7.22246E-6 6.86192E-6 5.32799E-6 4.62126E-6 3.79188E-6 4.29194E-6 5.16169E-6 6.5895E-6 7.12804E-6 6.24835E-6 6.32308E-6 6.20756E-6 5.77286E-6 5.01317E-6 4.21367E-6 3.48706E-6 3.66133E-6
1.28433E-5 4.2433E-6 2.44781E-6 4.42742E-6 5.16317E-6 7.98523E-6 4.22935E-6 1.80635E-6 1.76842E-6 2.89209E-6 5.1449E-6 4.21355E-6 3.28153E-6 4.74383E-6 6.09846E-6 6.83638E-6 7.34857E-6 1.04314E-5 9.45986E-6 5.53032E-6 2.87626E-6 2.60364E-6 2.27061E-6 2.99438E-6 3.29482E-6 2.71573E-6 1.71783E-6 1.30922E-6 1.0635E-6 1.07647E-6 1.19211E-6 9.35075E-7 8.1601E-7 7.88033E-7 5.55285E-7 4.56864E-7 3.68808E-7 3.65499E-7 5.74224E-7 8.15329E-7 1.27884E-6 1.74236E-6 2.23133E-6 2.41741E-6 2.89924E-6 4.05714E-6 4.92286E-6 4.49278E-6 5.19523E-6 4.40886E-6 4.10339E-6 4.13495E-6 3.26121E-6 4.20328E-6 4.07804E-6 4.34647E-6 4.55815E-6 4.6001E-6 4.61831E-6 4.47504E-6 4.14258E-6 4.27561E-6 3.25487E-6 2.79805E-6 3.18301E-6
1.25896E-5 7.49257E-6 2.74046E-6 2.52257E-6 3.6913E-6 7.1598E-6 5.95276E-6 2.80561E-6 3.48518E-6 3.08649E-6 6.7439E-6 4.94992E-6 4.57181E-6 4.28093E-6 4.05778E-6 5.22313E-6 7.08437E-6 9.47449E-6 1.07506E-5 9.29263E-6 5.64121E-6 4.77559E-6 4.33851E-6 5.82348E-6 7.11342E-6 4.18841E-6 2.45896E-6 1.97373E-6 1.6274E-6 1.58185E-6 1.73355E-6 1.40482E-6 1.39092E-6 9.84223E-7 7.58617E-7 6.87755E-7 4.66418E-7 4.03428E-7 6.10123E-7 7.37493E-7 1.10488E-6 1.2192E-6 1.54196E-6 1.83072E-6 2.398E-6 3.20988E-6 3.3673E-6 3.1454E-6 3.73093E-6 3.94942E-6 3.16543E-6 3.21776E-6 2.73629E-6 2.65686E-6 2.90498E-6 3.58341E-6 3.72939E-6 3.26931E-6 3.3599E-6 3.28467E-6 2.97392E-6 3.12463E-6 2.43537E-6 2.5788E-6 3.63009E-6
1.52034E-5 9.74807E-6 5.06341E-6 2.00625E-6 2.40719E-6 4.24079E-6 6.67853E-6 4.39319E-6 8.20227E-6 3.49072E-6 4.06228E-6 3.9602E-6 3.73727E-6 3.78763E-6 3.58155E-6 4.07701E-6 6.40378E-6 8.84881E-6 8.77607E-6 1.032E-5 1.01503E-5 1.0023E-5 8.77143E-6 7.29485E-6 6.87977E-6 6.57279E-6 4.12828E-6 2.74642E-6 2.59213E-6 2.39846E-6 2.12437E-6 1.8717E-6 1.5951E-6 1.29831E-6 1.19829E-6 7.78265E-7 5.80313E-7 5.07169E-7 5.85111E-7 6.47345E-7 7.94594E-7 9.59164E-7 1.16672E-6 1.3594E-6 1.65589E-6 2.31689E-6 2.60586E-6 2.43218E-6 2.85918E-6 2.92465E-6 2.65989E-6 3.12024E-6 2.76648E-6 2.73725E-6 2.47514E-6 2.22919E-6 2.4144E-6 2.32146E-6 2.38455E-6 3.15941E-6 3.02793E-6 3.1544E-6 3.24519E-6 3.22718E-6 3.53369E-6
1.78552E-5 9.06405E-6 7.54364E-6 4.89173E-6 2.72828E-6 3.19921E-6 5.19903E-6 5.45203E-6 7.89927E-6 4.55009E-6 6.63723E-6 2.9733E-6 4.07012E-6 3.61352E-6 2.5843E-6 3.91634E-6 7.5805E-6 9.37188E-6 1.07028E-5 1.15611E-5 9.56321E-6 1.21378E-5 1.28743E-5 1.13238E-5 1.01093E-5 7.85138E-6 8.09107E-6 5.13395E-6 5.04567E-6 3.71835E-6 2.99676E-6 2.41286E-6 2.04564E-6 1.88916E-6 1.49541E-6 9.90435E-7 8.2876E-7 6.58892E-7 7.90265E-7 7.36612E-7 6.39039E-7 7.92848E-7 9.12696E-7 1.1088E-6 1.38795E-6 1.57279E-6 1.7889E-6 2.23142E-6 3.08769E-6 3.21039E-6 3.36181E-6 3.49966E-6 3.56168E-6 3.52353E-6 3.18473E-6 2.76055E-6 2.30535E-6 2.90937E-6 3.00509E-6 3.45843E-6 4.47233E-6 4.76373E-6 4.82039E-6 3.92865E-6 4.0501E-6
2.54161E-5 1.4127E-5 9.18645E-6 6.5848E-6 5.04892E-6 3.67228E-6 3.9099E-6 5.19584E-6 7.4395E-6 4.67052E-6 1.21593E-5 4.84064E-6 5.51416E-6 5.53916E-6 3.27089E-6 4.27647E-6 7.44776E-6 1.29611E-5 1.17573E-5 1.21071E-5 1.01465E-5 1.37351E-5 1.66833E-5 1.30918E-5 1.22595E-5 1.49882E-5 1.22773E-5 1.0411E-5 8.18568E-6 5.77332E-6 4.17049E-6 3.16156E-6 2.44697E-6 2.22978E-6 1.47113E-6 1.21116E-6 1.15529E-6 9.27025E-7 1.03581E-6 8.41633E-7 7.67484E-7 6.72328E-7 7.63345E-7 1.04241E-6 1.37449E-6 1.85E-6 2.26212E-6 2.96346E-6 3.93435E-6 4.45894E-6 4.44336E-6 4.69038E-6 5.30735E-6 5.09432E-6 4.0602E-6 3.4594E-6 3.22588E-6 3.51704E-6 3.7801E-6 4.39385E-6 4.95016E-6 5.9197E-6 5.86725E-6 4.73084E-6 4.57817E-6
3.07847E-5 2.37229E-5 1.28694E-5 6.2624E-6 7.21115E-6 7.42711E-6 3.44171E-6 4.23299E-6 7.58213E-6 6.4783E-6 9.99638E-6 6.40993E-6 6.82127E-6 8.96552E-6 5.97695E-6 5.48055E-6 6.79241E-6 9.15556E-6 1.11854E-5 9.51194E-6 1.06276E-5 1.36132E-5 1.68081E-5 1.67498E-5 1.45192E-5 1.51152E-5 1.38658E-5 1.4032E-5 1.29785E-5 9.77633E-6 5.4677E-6 4.48079E-6 2.91741E-6 2.16497E-6 1.5949E-6 1.75252E-6 1.41846E-6 1.30864E-6 1.40498E-6 1.09257E-6 1.10824E-6 9.94952E-7 7.30341E-7 1.138E-6 1.42577E-6 1.99382E-6 2.76149E-6 3.56007E-6 4.62035E-6 6.4593E-6 6.83933E-6 6.12649E-6 6.0502E-6 6.33928E-6 5.03241E-6 4.22346E-6 3.46014E-6 4.18255E-6 5.15355E-6 6.11338E-6 6.17182E-6 6.58038E-6 6.62969E-6 6.2125E-6 6.78129E-6
3.26232E-5 3.29329E-5 1.99264E-5 7.89039E-6 6.2962E-6 5.81206E-6 3.1606E-6 4.32255E-6 4.4028E-6 7.05945E-6 7.98886E-6 8.43396E-6 8.88984E-6 1.06435E-5 7.3754E-6 6.93487E-6 6.23487E-6 6.0541E-6 8.32193E-6 1.06995E-5 1.40001E-5 1.49174E-5 1.45341E-5 1.75717E-5 1.75949E-5 1.26725E-5 9.33772E-6 1.48133E-5 1.44206E-5 1.14079E-5 6.8208E-6 5.11178E-6 3.71306E-6 2.3868E-6 2.10571E-6 2.02499E-6 2.02677E-6 1.83076E-6 1.65731E-6 1.44123E-6 1.45221E-6 1.2645E-6 8.98554E-7 1.13601E-6 1.58567E-6 2.27724E-6 3.06746E-6 4.80414E-6 5.42684E-6 6.83981E-6 8.54993E-6 9.06541E-6 7.76341E-6 7.95435E-6 6.17533E-6 5.84397E-6 4.13193E-6 4.71817E-6 6.54807E-6 7.29918E-6 7.60284E-6 1.00612E-5 1.0138E-5 7.84423E-6 7.49266E-6
2.95205E-5 3.68044E-5 2.8655E-5 1.23312E-5 6.33876E-6 4.76695E-6 2.86227E-6 2.92471E-6 3.45604E-6 4.6111E-6 8.18992E-6 6.17872E-6 8.61841E-6 9.87295E-6 8.10236E-6 8.80567E-6 6.5104E-6 6.51757E-6 1.11189E-5 1.50706E-5 2.04815E-5 2.15513E-5 1.6584E-5 1.45475E-5 1.44455E-5 1.13556E-5 9.1355E-6 1.53157E-5 1.03781E-5 1.09603E-5 9.29625E-6 4.98365E-6 3.39425E-6 3.20735E-6 3.10443E-6 3.28186E-6 3.14402E-6 2.51429E-6 2.27213E-6 1.93034E-6 1.66467E-6 1.37542E-6 1.12365E-6 1.42874E-6 1.75891E-6 2.78904E-6 3.46112E-6 5.44479E-6 7.15577E-6 8.19064E-6 9.7672E-6 9.8907E-6 1.00097E-5 9.14267E-6 7.71936E-6 6.94695E-6 4.68857E-6 4.88845E-6 6.88322E-6 8.09221E-6 9.52897E-6 1.33233E-5 1.18752E-5 9.3655E-6 1.03799E-5
2.82791E-5 3.22993E-5 2.86012E-5 1.83106E-5 9.79528E-6 5.6013E-6 3.35921E-6 2.50201E-6 3.27352E-6 3.58856E-6 6.32122E-6 5.90631E-6 8.69554E-6 8.97162E-6 7.09305E-6 7.69564E-6 8.21563E-6 7.3177E-6 1.41272E-5 1.6842E-5 2.23747E-5 2.44369E-5 1.85311E-5 2.14058E-5 1.80148E-5 9.83475E-6 9.25679E-6 1.0003E-5 9.39237E-6 5.57835E-6 7.38223E-6 5.78595E-6 5.45138E-6 5.25436E-6 4.5208E-6 4.14608E-6 3.86336E-6 3.48229E-6 2.93646E-6 2.47746E-6 2.37815E-6 1.90343E-6 1.54403E-6 1.48961E-6 1.87148E-6 2.94877E-6 3.59735E-6 5.49482E-6 7.9753E-6 9.90691E-6 1.24417E-5 1.34242E-5 1.39404E-5 1.17819E-5 1.04338E-5 7.73063E-6 5.01735E-6 4.7566E-6 6.08428E-6 8.10538E-6 1.00005E-5 1.25145E-5 1.05952E-5 1.11475E-5 1.13287E-5
2.24185E-5 2.71583E-5 2.32165E-5 2.60495E-5 1.19561E-5 5.42029E-6 4.59481E-6 3.32504E-6 3.62495E-6 3.53152E-6 3.84889E-6 4.41041E-6 5.34097E-6 7.11294E-6 5.0894E-6 4.91262E-6 6.72607E-6 8.707E-6 6.45573E-6 4.57831E-6 1.79599E-5 2.35168E-5 2.16608E-5 1.70362E-5 1.50136E-5 1.07346E-5 9.16466E-6 8.34035E-6 7.77193E-6 9.92739E-6 1.01336E-5 8.12067E-6 8.5478E-6 6.82852E-6 6.88904E-6 6.35004E-6 5.52571E-6 5.29649E-6 4.22619E-6 3.02019E-6 2.7561E-6 2.3413E-6 1.76135E-6 1.39938E-6 1.87972E-6 2.93944E-6 3.5045E-6 5.47519E-6 7.96491E-6 1.0357E-5 1.38691E-5 1.3431E-5 1.57234E-5 1.2256E-5 9.20197E-6 6.7752E-6 4.94163E-6 3.84489E-6 4.86973E-6 6.23661E-6 7.95454E-6 1.10157E-5 9.95716E-6 1.10057E-5 1.15069E-5
1.77346E-5 1.92681E-5 1.67046E-5 2.07638E-5 1.46922E-5 6.41129E-6 3.04338E-6 2.79258E-6 3.9989E-6 2.93134E-6 3.09421E-6 4.95846E-6 5.55926E-6 6.8209E-6 6.29152E-6 6.76323E-6 8.90548E-6 1.07709E-5 1.31516E-5 2.02694E-5 2.37132E-5 2.06966E-5 2.02894E-5 1.36701E-5 8.09544E-6 1.21061E-5 1.42945E-5 1.19835E-5 7.5217E-6 1.36678E-5 1.3874E-5 7.82634E-6 1.24443E-5 1.10341E-5 1.11778E-5 1.00674E-5 8.61775E-6 6.7577E-6 4.95225E-6 3.43726E-6 3.09497E-6 2.48244E-6 1.71553E-6 1.34456E-6 1.81247E-6 2.7833E-6 3.35533E-6 4.44279E-6 6.58366E-6 8.76113E-6 1.05438E-5 1.04137E-5 1.02133E-5 9.18791E-6 7.53952E-6 5.72405E-6 4.32554E-6 3.32912E-6 4.12984E-6 5.10497E-6 7.08889E-6 8.30145E-6 1.10658E-5 1.69399E-5 1.15095E-5
1.69018E-5 1.53893E-5 1.39231E-5 1.66303E-5 1.43471E-5 5.07836E-6 4.4387E-6 4.83299E-6 6.08636E-6 4.32151E-6 3.81881E-6 4.86807E-6 6.39777E-6 6.85087E-6 8.10092E-6 1.11371E-5 1.24974E-5 1.35031E-5 1.37174E-5 1.9852E-5 2.48139E-5 2.58371E-5 2.86159E-5 2.33114E-5 1.86582E-5 1.78703E-5 1.53037E-5 5.95185E-6 4.47236E-6 1.972E-5 1.64632E-5 1.78114E-5 1.49926E-5 7.90512E-6 1.15212E-5 1.2698E-5 9.79444E-6 7.46719E-6 4.86801E-6 3.69143E-6 3.3187E-6 2.61245E-6 1.78922E-6 1.34273E-6 1.66517E-6 2.23178E-6 2.93849E-6 3.87872E-6 4.85253E-6 5.56494E-6 7.38151E-6 8.44934E-6 7.18626E-6 7.57967E-6 5.63264E-6 5.06702E-6 3.50649E-6 3.21339E-6 3.32315E-6 4.09689E-6 6.22201E-6 8.7242E-6 1.60926E-5 1.41604E-5 1.40672E-5
1.67997E-5 1.7818E-5 2.01019E-5 1.91397E-5 1.07984E-5 6.5234E-6 9.64355E-6 9.43256E-6 8.4204E-6 7.01417E-6 4.95259E-6 5.05234E-6 6.43068E-6 7.43103E-6 9.29591E-6 1.32195E-5 1.47869E-5 3.71199E-5 1.60528E-5 1.42721E-5 2.74586E-5 2.91697E-5 2.75117E-5 2.29121E-5 1.72979E-5 1.68897E-5 1.48029E-5 1.04035E-5 6.70071E-6 1.5617E-5 1.65408E-5 1.76806E-5 1.17635E-5 1.43607E-5 1.19929E-5 1.17221E-5 8.5218E-6 6.44821E-6 4.9098E-6 4.29303E-6 3.55995E-6 2.66596E-6 1.80193E-6 1.34078E-6 1.49266E-6 2.23658E-6 2.56396E-6 3.41849E-6 4.37155E-6 4.49019E-6 5.56342E-6 5.93913E-6 5.13826E-6 4.68123E-6 4.12969E-6 3.43223E-6 2.8617E-6 2.38663E-6 2.64352E-6 3.53572E-6 5.04187E-6 7.33116E-6 9.77078E-6 7.16877E-6 1.00045E-5
3.00401E-5 3.09746E-5 2.76652E-5 2.23867E-5 1.29257E-5 1.27055E-5 1.87924E-5 1.54123E-5 1.19308E-5 8.82739E-6 5.78779E-6 5.18505E-6 6.29059E-6 8.14416E-6 9.22937E-6 1.11217E-5 1.46303E-5 3.8621E-5 3.8042E-5 1.69015E-5 1.94272E-5 2.67406E-5 2.41311E-5 1.65822E-5 2.06461E-5 2.23034E-5 1.90484E-5 1.04399E-5 6.78565E-6 4.26455E-6 1.28619E-5 1.25093E-6 1.0221E-5 1.24148E-5 1.70386E-5 1.21717E-5 8.486E-6 6.21849E-6 5.32867E-6 4.13132E-6 3.23841E-6 2.26266E-6 1.74104E-6 1.5303E-6 1.29031E-6 1.91962E-6 2.44101E-6 2.97304E-6 2.97686E-6 3.25755E-6 3.97631E-6 4.20624E-6 3.61693E-6 3.36387E-6 3.45118E-6 3.00359E-6 2.31253E-6 2.18347E-6 2.80617E-6 3.72563E-6 4.49372E-6 5.2004E-6 6.48491E-6 7.95854E-6 8.88564E-6
4.95448E-5 5.75492E-5 3.8793E-5 2.20622E-5 2.09761E-5 2.44438E-5 2.57344E-5 2.14997E-5 1.7074E-5 1.11531E-5 6.85986E-6 5.53061E-6 6.74299E-6 8.20399E-6 9.06756E-6 1.08439E-5 1.33276E-5 1.10311E-5 1.85633E-5 1.924E-5 1.78208E-5 2.24906E-5 1.93841E-5 2.01202E-5 2.39571E-5 1.67753E-5 2.00925E-5 1.86181E-5 1.27743E-5 1.07464E-5 1.35728E-5 1.40106E-5 1.16071E-5 8.84913E-6 1.75491E-5 1.26914E-5 8.85033E-6 5.89256E-6 4.61551E-6 3.57197E-6 2.78301E-6 2.28494E-6 2.04681E-6 2.0177E-6 1.50966E-6 1.55402E-6 1.87772E-6 1.97909E-6 2.23941E-6 2.43056E-6 2.87945E-6 2.98963E-6 2.59147E-6 2.44998E-6 2.21208E-6 2.13916E-6 2.29729E-6 2.69169E-6 3.56113E-6 4.69453E-6 5.43456E-6 4.23372E-6 5.40835E-6 3.07442E-6 8.48224E-6
9.34451E-5 8.62489E-5 5.02035E-5 2.37678E-5 2.40919E-5 2.71614E-5 3.18451E-5 2.83764E-5 2.26296E-5 1.31978E-5 9.58922E-6 8.35499E-6 7.77714E-6 7.2305E-6 8.17541E-6 9.75503E-6 1.13822E-5 8.7459E-6 1.18804E-5 2.05124E-5 2.32586E-5 2.51543E-5 1.62934E-5 1.89838E-5 2.4685E-5 6.14632E-6 1.463E-5 1.60923E-5 1.25205E-5 1.42641E-5 1.90824E-5 2.442E-5 2.56417E-5 2.8009E-6 1.38799E-5 9.96852E-6 8.10369E-6 6.23597E-6 4.97133E-6 3.99463E-6 3.33003E-6 3.07618E-6 2.73116E-6 2.62717E-6 1.86044E-6 1.68814E-6 1.2726E-6 1.49668E-6 1.90619E-6 1.80204E-6 1.90881E-6 1.89528E-6 2.05793E-6 2.34047E-6 2.59476E-6 2.89389E-6 3.15223E-6 3.73438E-6 4.13541E-6 5.3409E-6 5.38307E-6 8.86754E-6 4.89945E-6 7.28357E-6 5.47784E-6
8.86323E-5 6.85334E-5 4.48858E-5 3.6522E-5 3.95604E-5 3.64056E-5 3.97234E-5 3.49429E-5 2.48116E-5 1.83342E-5 1.54092E-5 1.37742E-5 1.09914E-5 1.12638E-5 9.49719E-6 1.32958E-5 1.15032E-5 1.15353E-5 1.91881E-5 2.42801E-5 3.38434E-5 3.14605E-5 2.5164E-5 2.31196E-5 1.46024E-5 2.10207E-5 1.1021E-5 1.84446E-5 1.07088E-5 1.37534E-5 1.63771E-5 1.78333E-5 2.01264E-5 1.81297E-5 1.33133E-5 9.22406E-6 7.88658E-6 5.20819E-6 4.87129E-6 4.91508E-6 4.71581E-6 4.20282E-6 3.52862E-6 2.87564E-6 2.24551E-6 1.75104E-6 1.33219E-6 1.09772E-6 1.22766E-6 1.4476E-6 2.02885E-6 2.40534E-6 2.49935E-6 2.98978E-6 3.53476E-6 4.58276E-6 4.2826E-6 4.33727E-6 4.56889E-6 6.14473E-6 8.188E-6 1.13685E-5 8.37688E-6 9.72453E-6 8.3657E-6
6.13882E-5 5.3013E-5 4.92552E-5 1.69428E-4 5.37503E-5 5.38148E-5 4.63564E-5 3.55206E-5 2.88461E-5 3.20897E-5 2.70588E-5 1.99375E-5 1.63613E-5 1.75601E-5 1.77945E-5 2.31221E-5 1.72303E-5 1.44862E-5 1.63326E-5 2.3634E-5 2.60127E-5 2.99194E-5 1.33922E-5 2.13273E-5 6.52295E-6 1.22515E-5 7.09455E-7 1.77457E-6 1.3152E-5 1.54359E-5 1.62412E-5 1.30847E-5 1.54186E-5 1.96998E-5 1.43089E-5 9.35289E-6 7.28202E-6 6.51898E-6 7.79808E-6 6.91608E-6 6.41502E-6 5.50828E-6 4.48948E-6 3.99225E-6 2.68656E-6 2.31102E-6 1.70548E-6 1.13051E-6 1.45579E-6 1.58419E-6 2.26034E-6 2.7722E-6 2.99689E-6 4.36138E-6 4.63457E-6 5.32117E-6 5.59137E-6 5.56982E-6 5.36068E-6 6.44219E-6 8.92474E-6 9.08034E-6 1.00728E-5 2.72424E-6 6.69328E-6
5.68341E-5 4.76562E-5 5.99164E-5 2.459E-4 2.63374E-4 2.2366E-4 5.89777E-5 4.78004E-5 3.92115E-5 4.63667E-5 3.87387E-5 2.50368E-5 2.25171E-5 2.425E-5 2.99752E-5 2.82343E-5 2.86313E-5 3.41392E-5 1.94255E-5 1.86166E-5 2.54308E-5 2.73089E-5 2.55161E-5 3.18393E-5 2.8382E-5 2.53582E-5 5.28259E-6 6.27598E-6 1.46599E-5 2.08287E-5 2.24885E-5 1.45934E-5 1.61012E-5 1.51327E-5 1.33802E-5 1.10154E-5 1.09415E-5 8.99432E-6 1.09104E-5 9.52222E-6 8.47868E-6 6.9807E-6 5.42935E-6 4.09663E-6 3.07139E-6 2.27878E-6 1.63024E-6 1.17909E-6 1.51605E-6 1.67869E-6 2.12992E-6 2.71168E-6 3.47651E-6 5.08078E-6 6.07128E-6 6.46257E-6 7.12679E-6 7.10999E-6 6.30671E-6 6.22764E-6 7.94016E-6 1.1809E-5 5.28685E-6 9.31814E-7 4.26852E-6
-9999 -9999 -9999 -9999 7.3177E-5 -9999 7.10776E-5 5.59035E-5 6.20227E-5 5.99473E-5 5.3067E-5 3.7332E-5 4.25606E-5 4.08721E-5 3.55568E-5 3.17349E-5 4.61169E-5 3.45233E-5 2.07428E-5 2.54865E-5 3.07886E-5 3.54079E-5 2.39077E-5 2.90442E-5 3.04938E-5 3.19838E-5 2.24655E-5 1.50765E-5 1.11503E-5 1.75625E-5 1.95931E-5 1.84519E-5 1.31661E-5 1.52222E-5 1.67641E-5 1.5126E-5 1.36628E-5 1.20202E-5 1.34772E-5 1.32605E-5 1.08259E-5 8.44761E-6 6.23302E-6 4.63023E-6 3.81966E-6 2.33386E-6 1.70734E-6 1.21978E-6 1.32051E-6 1.72327E-6 2.22533E-6 2.7638E-6 3.27612E-6 4.40925E-6 6.15522E-6 7.94735E-6 9.16014E-6 9.05852E-6 6.8304E-6 4.5456E-6 5.2565E-6 2.78769E-6 8.71879E-7 3.44857E-6 5.97529E-6
-9999 -9999 -9999 -9999 -9999 1.06549E-4 1.02423E-4 1.04251E-4 1.23717E-4 9.19606E-5 5.85779E-5 3.90476E-5 4.34986E-5 5.12931E-5 4.02697E-5 3.89504E-5 4.08249E-5 4.80824E-5 2.74327E-5 2.18412E-5 2.83743E-5 2.53675E-5 2.16842E-5 1.63587E-5 1.38265E-5 1.75757E-5 2.35799E-5 1.43567E-5 4.20669E-6 8.25704E-6 2.04887E-5 1.5293E-5 1.38672E-5 1.97643E-5 2.24503E-5 1.84302E-5 1.34373E-5 1.42481E-5 1.80692E-5 1.68448E-5 1.26762E-5 9.35367E-6 6.6829E-6 4.80193E-6 3.48314E-6 2.78257E-6 1.78174E-6 1.4141E-6 1.36709E-6 1.84181E-6 2.34686E-6 2.77385E-6 3.329E-6 5.36521E-6 7.5718E-6 9.08289E-6 1.18827E-5 1.12987E-5 9.67045E-6 1.28787E-6 1.67602E-6 9.96994E-7 2.47203E-7 4.27486E-6 1.82842E-6
-9999 -9999 -9999 -9999 -9999 -9999 8.52876E-5 -9999 1.08704E-4 7.0105E-5 5.38192E-5 4.26856E-5 3.84362E-5 4.08065E-5 3.38847E-5 2.7276E-5 3.5452E-5 3.58083E-5 1.52655E-5 1.85249E-5 2.00618E-5 6.42654E-6 7.34577E-6 1.38722E-5 3.10074E-5 1.289E-5 2.18435E-5 9.52125E-6 3.47083E-6 1.37837E-5 1.5393E-5 1.65994E-5 1.45542E-5 1.60459E-5 1.76516E-5 1.86703E-5 1.26268E-5 1.41376E-5 1.68258E-5 1.5805E-5 1.22234E-5 9.07001E-6 6.48358E-6 4.56945E-6 3.27672E-6 2.39006E-6 1.7617E-6 1.41056E-6 1.80672E-6 2.45789E-6 3.38954E-6 4.02346E-6 4.19167E-6 5.62911E-6 6.86279E-6 7.86127E-6 9.37181E-6 1.15444E-5 1.11442E-5 1.45537E-5 1.40444E-5 3.94925E-6 1.70198E-6 1.66368E-6 5.62702E-6
-9999 -9999 -9999 -9999 -9999 -9999 7.34721E-5 9.86344E-5 9.67888E-5 7.47296E-5 7.4344E-5 5.07449E-5 3.7991E-5 3.36792E-5 3.13245E-5 2.77587E-5 2.53348E-5 2.65619E-5 1.99826E-5 2.19514E-5 2.05976E-5 1.90256E-5 3.73285E-6 2.53198E-5 1.6828E-5 2.0075E-5 1.43167E-5 1.26905E-5 8.97794E-6 1.37534E-5 1.69419E-5 2.00779E-5 2.07175E-5 1.75448E-5 1.36191E-5 1.27699E-5 1.05693E-5 1.35291E-5 1.26346E-5 1.36689E-5 1.00851E-5 7.88789E-6 5.8982E-6 4.32019E-6 3.67892E-6 2.43826E-6 1.78571E-6 1.68333E-6 2.79803E-6 3.82915E-6 4.28207E-6 4.86448E-6 5.23782E-6 6.08921E-6 6.58338E-6 7.31567E-6 7.92694E-6 1.00668E-5 1.5699E-5 2.20685E-5 1.97854E-5 1.69366E-5 1.16982E-5 7.43624E-6 1.0531E-6
-9999 -9999 -9999 -9999 -9999 -9999 -9999 -9999 1.01054E-4 8.47318E-5 6.96014E-5 5.20281E-5 3.64652E-5 4.23431E-5 4.45938E-5 4.10483E-5 3.03669E-5 3.22821E-5 3.06327E-5 2.51671E-5 1.95542E-5 1.39625E-5 1.00631E-5 1.18717E-5 5.47882E-6 3.33131E-5 1.42357E-5 2.0686E-5 1.53418E-5 1.7632E-5 2.18563E-5 2.423E-5 2.75525E-5 1.97266E-5 1.45469E-5 1.18252E-5 9.57008E-6 1.02458E-5 9.32855E-6 8.85961E-6 7.69601E-6 7.43459E-6 5.14402E-6 3.99047E-6 3.54804E-6 2.46033E-6 2.03565E-6 1.81387E-6 2.4734E-6 4.20796E-6 6.20682E-6 6.21052E-6 6.25329E-6 8.79773E-6 8.88815E-6 1.2092E-5 1.20477E-5 1.12758E-5 1.81667E-5 2.00634E-5 2.0634E-5 1.36925E-5 4.57627E-6 5.88384E-6 8.07151E-6
-9999 -9999 -9999 -9999 -9999 -9999 -9999 9.39736E-5 1.04722E-4 9.14235E-5 4.90794E-5 3.87142E-5 4.00329E-5 4.63788E-5 5.62768E-5 4.53261E-5 4.13209E-5 4.49778E-5 3.35531E-5 2.70266E-5 1.96512E-5 1.85743E-5 2.35224E-5 2.48257E-5 8.42494E-6 9.76254E-6 8.69651E-6 1.96069E-5 1.68599E-5 1.49492E-5 1.83413E-5 2.13854E-5 2.17323E-5 2.05404E-5 1.56883E-5 1.15724E-5 8.51088E-6 8.10785E-6 7.323E-6 7.22404E-6 7.89197E-6 7.16553E-6 5.33928E-6 3.68421E-6 3.30194E-6 2.39092E-6 1.58144E-6 1.86934E-6 2.50576E-6 4.76493E-6 7.45134E-6 7.44547E-6 6.69974E-6 8.44838E-6 1.20364E-5 1.50739E-5 1.37158E-5 1.37064E-5 1.5133E-5 1.51288E-5 1.75229E-5 1.87233E-5 2.63704E-6 4.25199E-6 1.20161E-5
-9999 -9999 -9999 -9999 -9999 -9999 -9999 1.25646E-4 1.46021E-4 -9999 4.16332E-5 3.06894E-5 3.55888E-5 3.9059E-5 4.11922E-5 3.50292E-5 3.55829E-5 3.81874E-5 3.66756E-5 2.63499E-5 2.32211E-5 3.18844E-5 3.45501E-5 3.11143E-5 2.41571E-5 2.63428E-5 2.15122E-5 1.72832E-5 1.34713E-5 1.37026E-5 1.53566E-5 1.63437E-5 1.5863E-5 1.381E-5 1.1113E-5 8.51161E-6 6.47533E-6 5.8902E-6 7.83683E-6 8.32524E-6 8.3668E-6 6.95573E-6 5.04014E-6 3.57729E-6 2.5617E-6 2.01213E-6 1.75536E-6 2.20454E-6 2.62059E-6 3.57063E-6 5.25378E-6 6.33251E-6 6.84357E-6 7.48081E-6 9.58921E-6 8.49678E-6 1.25388E-5 1.08849E-5 9.3279E-6 1.36988E-5 2.47405E-5 2.99713E-5 2.46471E-5 1.31279E-5 6.0279E-6
-9999 -9999 -9999 -9999 -9999 -9999 -9999 -9999 1.6707E-4 8.35669E-5 4.72144E-5 3.4911E-5 3.8568E-5 4.01087E-5 3.71759E-5 3.03327E-5 4.15069E-5 4.20751E-5 3.66313E-5 2.68077E-5 2.75403E-5 2.97188E-5 3.32375E-5 3.01312E-5 2.84552E-5 2.76419E-5 2.21136E-5 1.75379E-5 1.15824E-5 1.25438E-5 1.33475E-5 1.20248E-5 1.15858E-5 1.03694E-5 9.94368E-6 8.0273E-6 6.40949E-6 5.92824E-6 7.0611E-6 7.50118E-6 6.93649E-6 5.73208E-6 4.72123E-6 3.14041E-6 2.40079E-6 2.19801E-6 2.2955E-6 2.3802E-6 3.07974E-6 3.60404E-6 3.66544E-6 4.46662E-6 4.91908E-6 6.10495E-6 6.65403E-6 9.34567E-6 1.01652E-5 9.15122E-6 1.08267E-5 1.46672E-5 1.80059E-5 2.35989E-5 1.7543E-5 1.84032E-5 1.85924E-5
