catData/rasterBestHybridModels/Pbengalensis/RD_RM1.5_LQ/Pbengalensis_stddev.asc
ncols         409
nrows         350
xllcorner     60.897278365
yllcorner     5.843756025
cellsize      0.0892857
NODATA_value  -9999
[rows 174 to 202 of 350, columns 132 to 197 of 409]
4.0628E-6 7.02816E-6 6.12268E-6 4.95086E-6 3.49346E-6 2.70471E-6 1.35374E-6 9.95232E-7 1.14215E-6 1.52595E-6 1.3574E-6 3.55648E-7 6.09144E-7 1.53622E-6 1.87519E-6 2.10004E-6 2.67579E-6 2.72202E-6 1.49348E-6 2.13403E-6 1.43649E-6 1.68748E-6 8.93234E-7 1.29117E-6 1.13873E-6 9.2441E-7 1.37381E-6 7.15349E-7 4.05454E-7 4.65564E-7 7.3199E-7 5.23963E-7 1.19377E-6 5.43101E-7 9.57212E-7 3.48039E-7 4.52599E-7 5.08747E-7 4.11313E-7 9.93371E-8 2.22885E-7 3.27557E-7 1.25591E-6 5.19287E-7 3.63853E-7 3.869E-7 4.17704E-7 2.79749E-7 4.02202E-7 5.30614E-7 8.89258E-7 2.00512E-6 3.17368E-6 2.70291E-6 7.35996E-7 4.88149E-7 5.47013E-7 8.24336E-7 7.91007E-7 1.47237E-7 1.07817E-6 1.10038E-6 9.46483E-8 1.10287E-6 1.53843E-6 1.06789E-6
-9999 6.93691E-6 7.88614E-6 7.73118E-6 3.73917E-6 1.23489E-6 9.51292E-7 6.78596E-7 1.75429E-6 1.73751E-6 1.60536E-6 8.12632E-7 1.06892E-6 1.91226E-6 5.76825E-7 7.93166E-7 2.31638E-6 2.62059E-6 1.93548E-6 1.47703E-6 1.55788E-6 1.79508E-6 1.55935E-6 1.80165E-6 1.63724E-6 7.65892E-7 6.48552E-7 5.49219E-7 2.80209E-7 4.84253E-7 5.9602E-7 6.56923E-7 1.87381E-6 3.23862E-7 1.6163E-7 6.46666E-7 1.45402E-6 6.94809E-7 6.67038E-7 6.93243E-7 1.57334E-7 5.95371E-7 8.58243E-7 5.33259E-7 2.37604E-7 4.07637E-7 3.01775E-7 1.87131E-7 1.06483E-6 1.58103E-6 1.30678E-6 1.7889E-6 1.61096E-6 2.78775E-6 2.44191E-6 1.78084E-6 8.99476E-7 9.31011E-7 2.013E-6 2.35966E-6 1.30932E-6 7.69085E-7 3.15027E-7 1.91459E-6 1.29547E-6 7.19089E-7
9.52375E-6 8.49713E-6 8.44433E-6 6.50983E-6 4.64223E-6 3.54641E-7 2.33981E-6 4.29369E-6 2.87281E-6 3.10913E-6 3.29485E-6 2.20716E-6 2.06897E-6 4.6218E-7 1.58983E-6 3.81886E-7 9.80099E-7 1.17729E-6 1.21352E-6 7.54174E-7 9.30736E-7 1.79062E-6 1.41627E-6 1.34589E-6 2.90181E-6 1.14715E-6 6.17667E-7 4.48665E-7 4.69071E-7 7.46221E-7 9.04578E-7 1.79378E-6 1.78791E-6 2.93624E-6 1.90999E-6 8.69081E-7 1.55788E-6 2.14086E-6 6.16405E-7 6.14565E-7 1.27626E-6 3.49337E-7 4.92562E-7 2.36273E-7 2.69434E-7 4.50527E-7 1.03476E-6 1.84376E-6 1.63878E-6 3.09277E-6 3.89665E-6 3.18376E-6 1.66844E-6 4.07103E-7 1.93697E-6 4.10077E-7 9.32439E-7 1.02801E-6 1.77591E-6 2.08467E-6 2.37962E-6 6.40851E-7 1.05184E-6 1.06915E-6 9.58612E-7 1.80902E-6
1.09713E-5 1.21025E-5 8.95297E-6 8.01118E-6 5.40026E-6 6.9957E-6 6.94225E-6 6.44827E-6 3.41162E-6 1.77456E-6 2.41559E-6 3.32742E-6 1.09422E-6 8.60889E-7 7.13536E-7 7.69745E-7 1.0548E-6 9.73246E-7 1.10862E-6 6.19805E-7 6.38797E-7 7.89336E-7 9.69924E-7 8.06317E-7 1.31424E-6 7.89544E-7 1.08197E-6 1.60603E-6 2.04737E-6 1.20985E-6 1.12056E-6 8.04392E-7 1.23392E-6 2.10049E-6 1.34657E-6 1.61851E-6 1.7689E-6 1.41113E-6 1.67349E-7 1.05634E-6 3.20353E-7 2.71515E-7 4.26463E-7 1.18982E-6 1.86224E-6 1.61054E-6 1.71437E-6 1.5757E-6 2.36046E-6 1.78415E-6 1.73175E-6 1.02071E-6 2.48319E-7 4.36478E-7 2.47733E-6 1.7822E-6 2.39276E-6 1.49578E-6 8.71549E-7 9.0229E-7 6.78623E-7 7.09069E-7 7.77716E-7 9.50174E-7 9.4497E-7 1.44004E-6
7.92333E-6 9.83254E-6 7.02698E-6 7.23921E-6 8.49742E-6 7.48201E-6 6.80838E-6 6.33792E-6 4.45331E-6 4.74718E-7 5.14082E-7 6.04208E-7 4.46222E-7 7.04387E-7 5.48976E-7 5.0468E-7 9.89284E-7 8.75797E-7 4.85007E-7 6.83021E-7 8.63812E-7 9.89119E-7 7.39473E-7 5.45545E-7 5.04459E-7 8.85404E-7 1.67868E-6 1.48713E-6 1.60473E-6 1.26582E-6 1.45865E-6 1.24275E-6 9.87171E-7 1.76947E-6 8.32374E-7 1.4549E-6 1.95724E-6 2.46195E-6 7.08264E-7 8.52631E-7 6.96356E-7 4.89418E-7 2.28745E-6 1.16378E-6 5.91734E-7 6.45338E-7 9.3004E-7 1.21222E-6 1.10833E-6 8.30913E-7 1.35538E-6 9.61956E-7 7.10166E-7 7.43775E-7 7.74989E-7 2.75893E-8 7.53022E-9 5.83842E-7 9.52494E-7 7.81743E-7 2.93666E-7 8.36061E-7 1.04009E-6 6.15716E-7 1.26259E-6 1.13538E-6
-9999 5.02866E-6 9.62184E-6 7.52234E-6 8.21574E-6 7.32487E-6 5.92591E-6 6.3697E-6 3.91037E-6 2.89486E-6 1.86438E-6 2.21409E-6 1.17646E-6 5.93523E-7 7.78571E-7 1.54156E-6 1.35632E-6 9.78968E-7 6.48762E-7 5.75302E-7 6.45454E-7 6.35184E-7 6.26642E-7 9.23299E-7 1.25057E-6 1.57142E-6 1.4927E-6 1.53013E-6 1.61072E-6 1.06051E-6 1.44003E-6 1.78185E-6 1.74825E-6 1.6118E-6 4.3136E-6 1.44401E-6 1.58267E-6 1.64426E-6 9.13015E-7 7.43565E-7 6.5072E-7 6.64489E-7 1.02603E-6 2.05166E-6 1.29928E-6 1.59584E-6 2.1811E-6 1.60606E-6 1.61924E-6 1.62534E-6 1.18383E-6 9.59782E-7 3.76394E-7 7.07617E-8 1.27227E-8 1.27252E-8 4.49985E-8 5.06552E-7 3.38854E-7 5.80666E-7 3.81678E-7 7.35454E-7 8.89728E-7 7.83324E-7 1.08049E-6 7.28511E-7
-9999 5.88926E-6 6.39146E-6 8.08898E-6 6.8748E-6 6.27325E-6 5.52335E-6 4.70719E-6 3.03684E-6 3.37199E-6 2.64402E-6 2.13881E-6 2.8866E-6 3.11618E-7 9.90893E-7 7.6891E-7 7.11097E-7 5.69969E-7 4.39517E-7 6.35331E-7 6.88782E-7 6.37905E-7 1.08689E-6 1.16222E-6 1.40929E-6 8.58358E-7 1.8464E-6 9.93777E-7 1.69572E-6 2.00435E-6 1.0313E-6 1.57533E-6 1.04043E-6 8.64348E-7 1.80969E-6 9.95467E-7 2.11903E-6 1.1589E-6 1.23037E-6 1.35262E-6 1.36453E-6 1.20187E-6 1.54888E-6 1.60833E-6 1.25021E-6 1.48317E-6 1.85751E-6 1.41751E-6 1.22247E-6 1.22689E-6 1.15997E-6 6.06699E-7 4.9841E-7 5.29329E-7 8.48081E-8 4.22096E-7 7.78415E-7 5.42498E-7 1.95106E-7 1.01689E-6 7.11941E-7 7.82353E-7 5.55093E-7 4.20863E-7 6.22096E-7 8.41084E-7
-9999 3.44577E-6 9.71576E-6 9.15809E-6 7.7904E-6 5.18902E-6 6.09674E-6 4.73435E-6 2.80809E-6 3.38268E-6 3.01856E-6 4.17767E-6 3.60354E-6 3.43876E-6 4.02454E-6 1.01957E-6 1.08631E-6 7.9935E-7 5.31737E-7 7.04493E-7 9.52378E-7 9.30291E-7 8.21385E-7 1.25201E-6 1.29866E-6 1.06457E-6 1.29726E-6 1.01742E-6 1.41071E-6 2.20841E-6 1.0837E-6 1.04218E-6 5.45025E-7 4.05443E-7 1.07219E-6 1.27828E-6 6.74793E-7 1.22288E-6 1.65902E-6 2.33472E-6 1.56044E-6 1.39275E-6 1.81898E-6 1.32664E-6 1.21257E-6 1.35827E-6 1.30709E-6 9.33874E-7 5.53886E-7 5.42269E-7 1.1593E-6 1.03276E-6 6.52641E-7 8.16907E-7 1.65631E-7 4.36447E-7 1.49157E-6 1.25287E-6 9.19834E-7 1.733E-6 5.30048E-7 1.1272E-7 3.10142E-7 5.80628E-7 4.22487E-7 4.27522E-7
-9999 4.39081E-6 4.1752E-6 1.33503E-5 9.28619E-6 6.93539E-6 5.89309E-6 5.42185E-6 5.03968E-6 6.27994E-6 5.53266E-6 7.78236E-6 5.73926E-6 4.5558E-6 4.253E-6 1.60531E-6 2.27538E-6 1.96785E-6 1.34869E-6 1.11156E-6 8.86789E-7 1.18522E-6 9.04316E-7 6.51725E-7 7.16029E-7 7.14849E-7 9.20393E-7 1.4307E-6 1.21197E-6 8.61266E-7 1.31374E-6 8.61496E-7 3.56889E-7 6.39148E-7 5.81851E-7 4.40631E-7 1.03158E-6 8.83503E-7 1.59542E-6 1.47592E-6 1.54191E-6 6.25935E-7 2.03757E-6 1.03825E-6 1.91672E-6 2.19119E-6 1.08345E-6 1.31383E-6 1.16186E-6 4.63234E-7 1.10918E-6 8.89486E-7 1.00407E-6 1.28801E-6 6.49721E-7 7.99581E-7 5.20749E-7 3.74618E-7 6.52208E-7 7.55557E-7 2.77306E-7 1.35152E-7 2.29373E-7 7.36823E-8 2.23216E-7 1.43929E-7
-9999 -9999 3.31835E-6 9.42692E-6 9.26734E-6 5.68719E-6 5.71182E-6 6.3249E-6 4.35351E-6 4.65755E-6 4.63811E-6 7.09494E-6 7.69427E-6 9.62632E-6 8.07802E-6 3.31829E-6 5.04632E-6 3.09915E-6 1.55247E-6 1.15532E-6 1.35826E-6 6.98399E-7 5.48097E-7 7.56741E-7 9.13926E-7 5.11381E-7 5.03363E-7 8.66889E-7 1.41767E-6 1.50948E-6 1.98913E-6 9.38963E-7 1.03604E-6 7.87184E-7 4.03397E-7 4.97755E-7 4.29433E-7 3.24066E-7 9.86461E-7 1.26776E-6 6.504E-7 5.75274E-7 5.05385E-7 3.87825E-7 3.23297E-7 1.63353E-6 1.29103E-6 1.47466E-6 5.17393E-6 4.89477E-7 7.31936E-7 1.34586E-6 6.28787E-7 9.54363E-7 5.09028E-7 4.27183E-7 2.43947E-7 2.43508E-7 4.88607E-7 4.16308E-8 4.96813E-9 4.14193E-8 5.43927E-7 4.13031E-7 4.60212E-8 2.26451E-7
-9999 -9999 5.7541E-6 9.82402E-6 7.78408E-6 2.63969E-6 1.59033E-6 1.71398E-6 1.88382E-6 2.38093E-6 4.98422E-6 2.68182E-6 2.88741E-6 4.63146E-6 2.03933E-6 2.37926E-6 5.29898E-6 3.66296E-6 1.88652E-6 9.64584E-7 1.15175E-6 9.35656E-7 3.20447E-7 4.25032E-7 7.79142E-7 7.75233E-7 8.43472E-7 7.72605E-7 1.03805E-6 1.89676E-6 1.23562E-6 6.99905E-7 7.10635E-7 2.37575E-6 1.57951E-6 1.11602E-6 1.0699E-6 1.2073E-6 1.69258E-6 1.86687E-6 1.22224E-6 1.27345E-6 1.56759E-6 1.08984E-6 7.77301E-7 1.49025E-6 2.10903E-7 1.40175E-6 3.53346E-7 5.32851E-7 4.32128E-7 4.92213E-7 8.26269E-7 6.01836E-7 1.88736E-7 5.05633E-9 1.46592E-7 5.64165E-8 2.02552E-7 4.02769E-8 2.3157E-8 5.33231E-9 8.65121E-9 1.66184E-8 8.06898E-9 2.16702E-9
-9999 -9999 3.956E-6 8.54179E-6 2.80115E-6 1.40236E-6 1.18307E-6 8.93967E-7 1.30188E-6 2.80096E-6 5.67031E-6 1.06548E-6 8.12495E-7 1.05831E-6 2.40884E-6 2.50338E-6 3.94981E-6 3.56236E-6 1.80469E-6 1.35779E-6 1.16298E-5 5.04797E-7 2.98651E-7 4.43289E-7 1.06009E-6 1.66701E-6 1.64585E-6 6.05998E-7 5.42131E-7 6.77876E-7 8.76197E-7 4.11803E-7 1.81523E-6 3.32237E-6 9.37661E-7 2.16557E-7 3.86555E-7 1.09098E-6 6.51741E-7 3.3136E-6 2.39931E-6 1.88884E-6 7.85285E-7 6.56205E-7 5.48281E-7 5.875E-7 5.3359E-8 2.30207E-7 2.25978E-7 2.07934E-7 3.21133E-8 8.34606E-8 1.57592E-7 1.39917E-7 7.15303E-8 1.65331E-8 3.44291E-7 3.54432E-7 8.55363E-8 6.94978E-8 2.51202E-8 5.8811E-9 1.04586E-7 5.7201E-8 3.06395E-8 7.97956E-9
-9999 8.25546E-6 5.15603E-6 9.21823E-6 1.95928E-6 7.43573E-7 1.65705E-6 1.59377E-6 1.53988E-6 3.24667E-6 3.49185E-6 1.66147E-6 1.69488E-7 1.64645E-7 1.45317E-6 1.68698E-6 2.4781E-6 2.34837E-6 2.53883E-6 3.01909E-6 2.0845E-6 1.93508E-7 1.63352E-6 7.23226E-7 1.36642E-6 1.5396E-6 2.61676E-6 8.88799E-7 8.71517E-7 1.16689E-6 1.7287E-6 2.27584E-6 2.74889E-6 2.87809E-6 1.55688E-6 7.68792E-8 9.31956E-8 2.21494E-7 1.52458E-7 1.15354E-6 1.81979E-6 1.31894E-6 1.27489E-6 6.79695E-7 6.80469E-7 9.56347E-7 5.12778E-7 6.74627E-7 1.14903E-7 1.4895E-7 5.07623E-7 5.71166E-7 2.16875E-7 1.98625E-7 4.38742E-7 1.52111E-7 6.34413E-7 5.79913E-7 3.81518E-7 6.15405E-8 4.00285E-8 9.24002E-8 7.66543E-8 2.52447E-8 1.41196E-8 1.59666E-8
-9999 4.23794E-6 4.27998E-6 4.13422E-6 1.51072E-6 1.35063E-6 2.36129E-6 2.20519E-6 1.42992E-6 3.3462E-6 2.94265E-6 2.99383E-6 5.21113E-7 1.94118E-7 9.59093E-7 2.7837E-6 2.44692E-6 2.81818E-6 2.19642E-6 1.00695E-6 1.43825E-6 2.06233E-6 6.5219E-7 5.7498E-7 9.59153E-7 1.30129E-6 2.19373E-6 2.7754E-6 1.90462E-6 1.8526E-6 1.51922E-6 3.04567E-6 4.69023E-6 5.23316E-6 1.39643E-6 7.96061E-7 6.55518E-7 1.54208E-7 2.95248E-7 7.04764E-7 2.82665E-6 1.23945E-6 5.5563E-7 1.35142E-6 7.2282E-7 1.22277E-6 7.71646E-7 1.9591E-6 1.24064E-6 7.63134E-7 3.67074E-7 8.55888E-8 3.52366E-7 4.07004E-7 4.23497E-7 4.4515E-7 4.40518E-7 8.21699E-8 6.03265E-8 2.55959E-8 5.79535E-8 3.98922E-7 1.1344E-8 1.22551E-9 9.96109E-9 9.78876E-8
-9999 3.21314E-7 1.87486E-6 3.87377E-6 9.24103E-7 2.05601E-6 1.65687E-6 1.75481E-6 1.24491E-6 1.93754E-6 1.91155E-6 2.66426E-6 2.69709E-6 3.04362E-6 1.77758E-6 2.16117E-6 2.91976E-6 3.13036E-6 2.2609E-6 3.33653E-6 9.48364E-7 7.89175E-7 1.29581E-6 5.64808E-7 1.05982E-6 1.64024E-6 2.3682E-6 4.24842E-6 1.09458E-6 1.52976E-6 1.76649E-6 3.38307E-6 2.53364E-6 5.02074E-6 1.04011E-6 2.49463E-7 2.77978E-7 1.08985E-7 8.66812E-8 1.95711E-7 7.86488E-7 3.89533E-7 1.07474E-6 1.46437E-6 1.33861E-6 1.05923E-6 7.51933E-7 7.54163E-7 6.10213E-7 1.11371E-6 6.56377E-7 6.50577E-7 2.45855E-7 2.49109E-7 4.13036E-7 4.69593E-7 1.23933E-7 4.97256E-8 5.1474E-8 3.71632E-8 1.99144E-7 2.17746E-8 2.29848E-7 8.31843E-9 6.70715E-8 1.79142E-8
-9999 1.22001E-6 9.6767E-7 1.03993E-6 2.09791E-6 1.81314E-6 1.32003E-6 1.65817E-6 2.09137E-6 2.95223E-6 4.2724E-6 3.57958E-6 1.6391E-6 2.95162E-6 2.73517E-6 1.4123E-6 2.16148E-6 3.03315E-6 2.36362E-6 2.2596E-6 1.92953E-6 1.14337E-6 1.29072E-6 1.63821E-6 1.88089E-6 1.15203E-6 9.84049E-7 5.96464E-8 2.29464E-6 1.5847E-7 1.09509E-6 4.15814E-7 3.92562E-7 1.17133E-6 4.92493E-7 4.78659E-7 1.46929E-7 2.60593E-7 9.27388E-8 3.13464E-7 1.76014E-7 7.44181E-8 2.36161E-7 1.9664E-6 3.64898E-7 4.14889E-7 3.34231E-7 2.30935E-7 6.72101E-8 3.225E-7 6.96062E-7 1.18434E-6 1.57572E-6 6.82318E-7 3.09408E-7 9.92735E-8 5.16445E-7 4.97732E-7 9.45058E-8 1.12344E-7 2.88829E-8 8.31119E-8 3.94955E-7 3.42956E-8 4.26472E-9 1.76078E-8
-9999 3.76092E-6 2.74188E-7 2.13613E-7 7.02766E-7 1.81902E-6 1.72476E-6 3.29174E-6 5.23526E-6 3.99655E-6 3.54599E-6 3.61431E-6 2.1295E-6 2.91791E-6 5.88288E-6 3.77467E-6 3.32953E-6 1.75854E-6 1.13402E-6 9.4101E-7 2.55156E-6 2.03601E-6 1.19519E-6 1.74139E-6 1.03981E-6 4.83604E-7 1.78936E-7 3.96924E-8 7.06706E-7 6.60502E-8 2.43548E-7 8.56288E-8 1.3782E-7 3.46331E-7 2.93489E-7 7.11528E-7 1.73519E-6 2.04712E-6 3.43402E-7 7.69367E-8 6.34845E-8 2.71821E-7 1.79392E-7 6.32135E-7 7.13999E-7 1.00186E-6 4.69406E-7 5.16071E-7 1.34486E-6 6.51399E-7 5.38295E-7 7.79811E-7 2.31999E-6 9.1564E-7 5.08226E-7 4.55513E-7 1.91102E-7 4.14936E-7 1.85555E-7 1.27491E-7 1.37346E-7 7.32844E-8 2.19753E-7 6.34454E-8 1.12659E-7 4.15943E-8
-9999 5.79994E-6 5.02242E-7 8.96794E-7 9.55107E-7 1.03399E-6 5.3794E-6 2.39811E-6 4.84895E-6 1.05586E-5 7.23768E-6 3.85897E-6 1.62302E-5 8.2613E-6 3.48856E-6 2.31676E-6 1.76295E-6 1.52986E-6 9.4334E-7 3.2533E-7 1.0946E-6 3.04746E-6 2.70827E-6 1.60505E-6 1.41958E-6 2.32158E-7 2.34465E-8 7.05351E-8 3.92344E-7 1.38037E-6 1.91035E-6 9.22755E-7 6.75125E-7 4.33196E-7 4.47082E-7 1.36191E-6 2.10576E-6 2.84227E-6 3.50399E-7 1.48915E-7 2.50181E-8 2.24514E-7 1.60336E-7 4.37832E-7 2.03778E-7 6.94122E-7 5.49793E-7 8.48724E-7 1.05331E-6 6.00314E-7 6.51761E-7 1.00777E-6 2.69176E-7 6.24852E-7 4.53499E-7 6.63135E-8 1.65309E-7 4.33433E-7 4.31322E-8 2.57559E-8 2.41711E-9 1.04296E-9 9.00781E-10 7.80319E-9 7.51718E-10 1.04153E-8
6.54729E-6 4.92284E-6 2.11605E-6 7.16946E-7 1.46106E-6 3.13024E-6 4.87412E-6 6.06178E-6 3.74138E-6 1.53822E-5 8.46609E-6 7.28341E-6 3.21191E-6 3.84471E-6 2.41835E-6 5.17497E-7 1.81347E-6 9.80018E-7 1.57756E-6 1.30449E-6 1.14319E-6 9.03398E-7 2.2906E-6 1.07304E-6 3.69583E-7 3.92763E-8 8.61241E-7 2.4532E-7 1.08871E-6 1.46257E-5 6.48633E-7 1.08876E-6 4.80635E-7 1.18638E-7 7.3323E-8 7.11005E-7 1.07555E-6 4.61181E-7 6.52004E-7 3.14551E-7 8.72458E-8 2.48933E-8 3.94914E-7 6.20743E-7 1.00275E-6 4.11863E-7 2.86345E-7 2.12485E-7 1.04034E-7 1.09874E-7 4.06601E-7 3.61632E-7 4.0888E-7 7.42661E-7 7.26191E-7 6.07512E-7 1.90555E-7 5.08297E-8 6.41891E-8 1.3926E-8 8.14446E-10 3.12685E-9 6.77594E-8 1.67995E-8 6.08988E-8 2.42104E-8
2.84251E-6 2.63266E-6 3.99296E-6 4.65435E-7 1.98581E-7 2.96092E-6 3.44871E-6 4.76681E-6 5.294E-6 5.16759E-6 4.26349E-6 3.47638E-6 3.67084E-6 2.67031E-6 2.29199E-6 1.62302E-6 1.0457E-7 1.10685E-6 1.7411E-6 2.3583E-6 4.23457E-7 7.57923E-7 1.84213E-6 1.81232E-6 1.10404E-6 2.40499E-8 5.73628E-8 2.84248E-7 6.05198E-7 1.776E-6 1.03108E-6 2.82889E-7 1.41403E-7 4.79953E-8 8.81274E-8 1.81272E-6 6.40778E-7 9.85432E-8 2.73897E-7 3.28451E-7 4.98443E-7 2.06883E-7 1.88582E-7 3.76965E-7 8.90909E-7 5.46535E-7 6.81089E-8 1.41587E-7 2.99093E-7 1.48732E-7 6.86849E-7 1.49563E-6 1.32964E-6 6.69202E-7 7.74679E-8 3.98399E-7 2.0903E-7 5.6878E-8 3.77591E-8 2.21922E-8 1.61073E-7 1.69118E-8 1.60763E-7 6.23123E-8 5.49833E-8 1.03189E-7
-9999 2.45703E-6 4.75129E-7 3.97414E-7 2.47962E-7 1.26713E-6 3.08018E-6 1.08133E-6 1.81407E-6 4.10174E-6 1.39581E-6 4.52952E-6 1.08265E-6 4.10834E-6 4.5155E-6 1.13285E-6 8.95455E-7 3.61214E-7 7.67389E-8 1.39795E-6 1.71492E-6 1.02737E-6 2.5048E-7 7.36747E-7 9.78047E-7 3.95563E-7 1.60938E-7 2.7468E-8 4.13508E-8 9.96081E-7 5.04966E-7 5.7583E-7 3.12763E-7 9.92833E-8 1.02604E-7 8.4519E-8 1.49746E-7 1.08991E-8 3.63597E-8 1.53783E-7 3.33039E-7 6.40335E-7 5.94929E-7 5.8463E-7 8.32428E-7 1.00741E-6 2.88042E-7 3.54716E-7 1.15716E-7 3.26236E-7 3.78873E-7 2.36077E-7 1.08333E-6 4.42103E-7 6.99045E-8 3.53837E-8 1.61183E-7 1.0684E-8 6.45058E-9 4.56178E-8 2.05452E-8 1.07993E-7 1.64138E-7 1.64499E-7 1.23593E-7 6.50252E-7
-9999 4.59619E-6 2.84621E-6 6.28417E-7 1.99377E-7 7.75092E-7 1.25136E-6 1.40665E-6 1.64751E-6 7.38421E-6 4.226E-6 2.48175E-6 1.15004E-6 3.25883E-6 2.54934E-6 2.97344E-6 2.47068E-6 1.26867E-6 1.14249E-6 1.18825E-6 1.44399E-6 1.42509E-6 5.23787E-7 8.35538E-7 9.86385E-7 2.03869E-6 1.11592E-6 6.32705E-7 1.79123E-7 6.61215E-7 8.85584E-7 4.01783E-7 3.94873E-7 8.13849E-7 6.27253E-7 1.11424E-6 1.57256E-7 1.66586E-8 5.46608E-8 6.97946E-8 1.52816E-8 1.15694E-7 6.87501E-7 5.16915E-7 3.58372E-7 4.16767E-7 3.23552E-7 4.16424E-7 4.17259E-7 9.56929E-8 4.87941E-8 2.09347E-7 3.24763E-7 3.8855E-7 6.80642E-7 5.96568E-7 5.84745E-9 1.8482E-7 5.47873E-8 9.25449E-8 1.42897E-7 9.06051E-7 1.53173E-6 5.38681E-7 8.43755E-7 3.24621E-7
-9999 2.79939E-6 3.11241E-6 1.99008E-6 3.47175E-7 2.14653E-6 1.06768E-6 1.58137E-6 1.90624E-6 1.81201E-6 3.17905E-6 4.06272E-6 2.65466E-6 1.52278E-6 1.60115E-6 3.50137E-6 5.44043E-6 3.82038E-6 3.43437E-6 2.92299E-6 2.41028E-6 2.60832E-6 1.69526E-6 1.11433E-6 7.43586E-7 6.40792E-7 1.12833E-6 1.42314E-6 3.00566E-6 2.18297E-6 9.3142E-7 2.08593E-7 4.66525E-7 1.36179E-7 1.82309E-7 9.06527E-7 1.01036E-6 7.85867E-7 8.15708E-7 6.67258E-8 1.9647E-8 2.87952E-8 1.60118E-7 4.03028E-7 4.6409E-7 6.08433E-7 1.2844E-7 2.28089E-7 1.21077E-7 1.96022E-7 8.70894E-8 2.91384E-8 5.12221E-8 6.8813E-7 5.87642E-7 1.12644E-6 8.52892E-7 1.52777E-7 9.28239E-8 1.47322E-7 1.61518E-7 9.96957E-7 8.00655E-7 1.14354E-6 9.27442E-7 2.00314E-7
-9999 6.66629E-6 2.39213E-6 1.24241E-6 3.40154E-8 1.9121E-6 2.44656E-6 9.91785E-7 1.8408E-6 1.53455E-6 1.23554E-6 4.41957E-6 5.47195E-6 2.63205E-7 1.39714E-6 2.11811E-6 1.92012E-6 3.1805E-6 2.58955E-6 1.36878E-6 1.15553E-6 2.34418E-6 4.77074E-6 2.94471E-6 1.42828E-6 8.9568E-7 7.59716E-7 1.43487E-6 2.85362E-6 2.66874E-6 2.18089E-6 4.67986E-7 6.88851E-7 7.53607E-7 1.27692E-7 4.80513E-7 4.9346E-7 2.66736E-7 9.58796E-7 3.59867E-7 1.34023E-8 4.15937E-8 8.36911E-8 1.10602E-7 1.08423E-7 2.28483E-7 5.47636E-7 4.59899E-7 5.0614E-7 1.3732E-7 1.6672E-7 1.91443E-7 2.28978E-8 1.33075E-7 5.57465E-7 3.24199E-7 1.68378E-6 3.66851E-7 5.53952E-8 1.98897E-7 1.41464E-7 1.75307E-7 1.49878E-7 1.11191E-7 1.50226E-7 2.11335E-8
-9999 3.60215E-6 2.92425E-6 3.35715E-6 3.56707E-7 1.03417E-6 2.25066E-6 2.13554E-6 2.15815E-6 2.08848E-6 1.57535E-6 1.4797E-6 9.87612E-6 2.96907E-6 2.8831E-7 1.92371E-6 2.36864E-6 2.09515E-6 1.44571E-6 1.59304E-6 2.60468E-6 4.10937E-6 5.49534E-6 3.98032E-6 2.13679E-6 1.13556E-6 1.26674E-6 1.08776E-6 1.18988E-6 1.54418E-6 1.05051E-6 1.11312E-7 2.72913E-7 3.54908E-7 1.05327E-7 4.96008E-8 2.63882E-7 4.51658E-7 1.36925E-7 1.09518E-6 2.59976E-7 5.9868E-7 3.24369E-7 1.80662E-7 1.20833E-7 6.19608E-7 5.58889E-7 7.57921E-7 6.82925E-7 7.87245E-7 1.06972E-6 1.07149E-6 6.21118E-7 5.53446E-7 8.75976E-7 5.30442E-7 7.56011E-7 4.97893E-7 4.19312E-8 7.96659E-8 3.39196E-8 5.77051E-7 4.17177E-8 1.35385E-7 3.34222E-8 3.16583E-8
-9999 8.3506E-6 6.0267E-6 3.26929E-6 3.83587E-6 2.36059E-6 1.94469E-6 3.90334E-6 3.16409E-6 3.34332E-6 3.12839E-6 4.92276E-6 2.40002E-6 3.58554E-6 4.74063E-6 4.55987E-6 1.97901E-6 8.59132E-7 1.804E-6 1.61734E-6 1.99139E-6 2.8949E-6 1.53727E-6 1.42591E-6 1.08516E-6 7.56816E-7 9.44667E-7 2.43649E-7 2.81041E-7 4.35343E-7 1.16768E-6 6.17205E-7 6.93185E-7 1.31973E-6 1.42284E-6 4.0092E-7 3.41683E-7 4.4685E-8 6.7415E-8 8.66742E-8 2.46938E-7 6.54995E-7 2.87825E-7 1.81666E-7 4.83264E-8 6.28076E-7 1.00274E-6 8.39087E-7 1.21586E-6 4.35636E-7 1.20278E-6 9.95937E-7 1.76383E-6 1.58691E-6 1.06606E-6 6.18528E-7 1.50498E-7 4.27017E-7 8.83898E-8 1.14258E-7 1.14275E-8 2.37293E-7 6.75387E-7 1.65197E-7 3.49999E-8 8.71231E-7
-9999 2.35244E-5 1.41521E-5 1.11056E-5 7.56257E-6 5.20822E-6 1.46224E-6 2.07112E-6 2.2036E-6 3.30648E-6 9.92199E-6 4.64388E-6 8.54493E-7 3.69242E-6 4.25729E-6 1.52698E-6 2.54587E-6 2.75909E-6 1.64109E-6 2.2048E-6 2.88391E-6 2.1921E-6 1.86333E-6 1.91203E-6 1.86159E-6 1.36122E-6 1.73044E-6 2.16124E-6 8.65014E-7 1.22156E-6 1.17754E-6 7.49394E-7 1.07971E-6 7.81323E-7 3.16173E-7 4.85133E-7 2.82614E-7 5.16015E-7 1.1204E-6 8.66152E-7 9.41331E-7 7.06892E-8 3.43235E-7 1.22641E-7 2.97296E-7 4.69225E-7 7.41203E-7 1.32911E-6 1.1582E-6 4.35747E-7 7.5289E-7 2.58482E-6 2.78765E-6 2.23204E-6 4.0016E-7 4.05143E-7 9.89982E-8 5.24768E-8 9.45318E-8 2.60631E-7 2.96458E-8 4.78435E-8 1.15307E-6 6.19923E-7 2.21477E-7 4.8988E-7
-9999 1.682E-5 1.91175E-5 1.07646E-5 2.27402E-6 2.24565E-6 2.16385E-6 2.52397E-6 1.28806E-6 1.04921E-5 6.85327E-6 1.96541E-6 1.61922E-7 2.53615E-6 4.425E-6 2.75188E-6 3.59243E-6 1.18145E-6 1.86051E-6 9.63518E-7 2.57648E-6 3.67149E-7 1.70159E-6 5.26524E-6 2.53994E-6 1.37845E-6 1.66907E-6 3.1123E-6 7.81935E-7 1.25002E-6 6.90561E-7 1.64461E-7 1.66575E-7 1.92004E-7 3.01772E-8 2.24822E-8 9.73718E-9 3.7942E-7 1.33559E-6 5.51703E-7 9.20594E-7 1.31043E-7 9.448E-8 1.72972E-7 1.25156E-6 2.20387E-6 1.40127E-6 1.21941E-6 4.21045E-7 1.5208E-6 9.9293E-7 1.25239E-6 1.249E-6 1.3112E-6 2.22812E-7 1.09908E-7 6.67606E-8 1.08519E-8 4.11404E-7 2.57293E-7 2.13822E-7 5.84737E-7 3.1303E-7 9.68585E-7 6.47883E-7 1.44637E-6
-9999 -9999 1.4064E-5 8.22963E-6 3.26835E-6 1.06711E-6 4.99953E-6 2.79913E-6 3.3405E-6 6.44016E-6 2.48875E-6 2.68873E-6 5.92156E-7 1.61174E-6 1.87655E-6 3.44933E-6 3.06138E-6 1.74161E-6 2.64689E-6 3.04371E-6 3.595E-6 3.41992E-6 2.49183E-6 1.41402E-6 1.79557E-6 1.21791E-6 1.6422E-6 2.13102E-6 1.75781E-6 1.36093E-6 5.88607E-7 7.25234E-7 1.07979E-6 1.96223E-6 1.75243E-6 1.37151E-7 2.49632E-7 1.88267E-7 7.36482E-7 3.23479E-7 7.33684E-7 4.83657E-7 3.15294E-7 1.04624E-7 2.3556E-7 4.7653E-7 1.30936E-7 1.18375E-7 3.003E-7 2.24223E-7 1.66982E-7 6.95643E-7 3.73558E-7 2.87473E-7 3.69562E-7 2.82168E-7 4.45523E-8 3.28159E-8 6.52605E-8 3.16557E-7 4.99116E-7 1.17777E-6 1.07182E-6 1.03132E-6 1.12878E-6 9.49527E-7
