catData/rasterBestHybridModels/Pbengalensis/RD_RM1.5_LQ/Pbengalensis_avg.asc
ncols         409
nrows         350
xllcorner     60.897278365
yllcorner     5.843756025
cellsize      0.0892857
NODATA_value  -9999
[rows 58 to 86 of 350, columns 66 to 131 of 409]
-9999 -9999 -9999 -9999 -9999 -9999 -9999 -9999 -9999 -9999 -9999 -9999 -9999 -9999 -9999 -9999 -9999 -9999 -9999 -9999 -9999 -9999 -9999 -9999 -9999 -9999 -9999 2.32286E-5 1.51968E-5 1.34973E-5 1.72827E-5 2.76153E-5 1.6699E-5 2.13909E-5 5.07269E-5 4.52993E-5 1.40217E-5 1.09054E-5 8.8973E-6 1.05656E-5 1.11074E-5 1.22067E-5 1.09966E-5 9.74937E-6 1.61795E-5 1.96684E-5 4.00483E-5 2.20368E-5 1.52206E-5 1.16854E-5 1.19203E-5 1.08586E-5 1.1117E-5 8.81889E-6 7.23653E-6 5.82007E-6 4.59713E-6 4.78253E-6 6.13468E-6 7.87224E-6 1.25167E-5 1.93288E-5 2.31613E-5 2.27698E-5 2.32201E-5 1.99843E-5
-9999 -9999 -9999 -9999 -9999 -9999 -9999 -9999 -9999 -9999 -9999 -9999 -9999 -9999 -9999 7.6641E-6 -9999 -9999 -9999 1.23243E-5 1.31334E-5 -9999 -9999 -9999 -9999 -9999 3.87515E-5 4.46612E-5 3.18965E-5 1.6086E-5 1.77968E-5 1.55239E-5 1.29292E-5 2.76033E-5 3.84219E-5 9.64694E-5 1.93614E-5 1.09965E-5 8.38258E-6 8.45577E-6 8.87812E-6 8.93738E-6 8.3286E-6 1.10626E-5 1.76694E-5 1.79071E-5 3.16275E-5 2.48926E-5 1.75547E-5 1.27955E-5 1.09014E-5 1.2052E-5 1.14242E-5 7.99549E-6 7.4972E-6 6.21165E-6 4.04832E-6 4.25114E-6 6.17615E-6 8.12663E-6 1.69266E-5 2.27349E-5 1.97601E-5 1.90804E-5 2.24634E-5 2.01842E-5
-9999 -9999 -9999 -9999 -9999 -9999 -9999 -9999 -9999 -9999 -9999 -9999 -9999 -9999 1.03156E-5 9.47835E-6 9.82798E-6 1.03369E-5 1.05923E-5 1.29291E-5 1.45485E-5 1.65871E-5 -9999 -9999 -9999 -9999 6.89493E-5 8.38566E-5 4.07258E-5 2.13874E-5 1.97201E-5 2.00302E-5 3.7254E-5 4.48535E-5 3.00198E-5 8.98383E-5 2.77115E-5 1.0992E-5 9.18813E-6 7.14486E-6 7.73855E-6 7.4954E-6 6.9426E-6 1.04056E-5 1.53111E-5 1.70979E-5 2.86899E-5 2.28094E-5 1.40828E-5 1.1185E-5 8.39099E-6 8.66893E-6 8.01561E-6 6.58799E-6 6.99312E-6 5.23E-6 3.03303E-6 3.92331E-6 6.09745E-6 7.46925E-6 1.36027E-5 1.73175E-5 1.70592E-5 1.63659E-5 1.71296E-5 1.906E-5
-9999 -9999 -9999 -9999 -9999 -9999 -9999 -9999 -9999 -9999 -9999 -9999 -9999 1.27187E-5 1.14881E-5 1.08988E-5 1.17801E-5 1.09005E-5 1.08211E-5 1.53095E-5 1.68186E-5 1.71879E-5 2.07393E-5 -9999 4.84803E-5 9.77666E-5 9.66726E-5 8.24499E-5 4.62298E-5 3.94421E-5 2.92065E-5 3.46604E-5 8.88606E-5 8.28159E-5 5.17387E-5 8.75505E-5 4.31759E-5 1.19828E-5 8.97538E-6 6.38099E-6 6.61549E-6 5.40219E-6 5.4058E-6 8.31585E-6 1.27397E-5 2.49051E-5 2.4723E-5 1.94215E-5 1.40725E-5 1.14319E-5 7.02187E-6 6.51039E-6 5.6871E-6 5.6737E-6 5.8204E-6 4.55711E-6 3.41337E-6 4.11724E-6 5.39182E-6 7.95715E-6 1.08409E-5 1.31599E-5 1.32025E-5 1.59144E-5 2.10105E-5 2.50449E-5
-9999 -9999 -9999 -9999 -9999 -9999 -9999 -9999 -9999 -9999 -9999 1.73303E-5 1.6125E-5 1.61165E-5 1.44753E-5 1.3935E-5 1.48471E-5 1.39437E-5 1.43543E-5 1.46234E-5 1.76441E-5 2.22006E-5 2.95776E-5 4.603E-5 6.80527E-5 7.94584E-5 9.04019E-5 8.94335E-5 7.95656E-5 6.42294E-5 4.08946E-5 5.29775E-5 1.05407E-4 8.58822E-5 6.24105E-5 1.11554E-4 3.4167E-5 1.07224E-5 9.31795E-6 5.48369E-6 4.05458E-6 3.92789E-6 4.45078E-6 6.42668E-6 1.2506E-5 2.3218E-5 1.73567E-5 1.31926E-5 1.0898E-5 9.00019E-6 6.90619E-6 7.82575E-6 7.81495E-6 7.5856E-6 6.64458E-6 5.34131E-6 4.69902E-6 4.08873E-6 5.07083E-6 8.34955E-6 1.05741E-5 1.18842E-5 1.39286E-5 1.51169E-5 1.89105E-5 2.29646E-5
-9999 -9999 -9999 -9999 -9999 -9999 -9999 -9999 -9999 2.36289E-5 2.56813E-5 2.45535E-5 2.38683E-5 2.12468E-5 2.02435E-5 2.11343E-5 2.14722E-5 1.83981E-5 1.69499E-5 1.52114E-5 1.63319E-5 2.39179E-5 3.43605E-5 5.49024E-5 6.26482E-5 1.32468E-4 1.64731E-4 1.01693E-4 7.07046E-5 5.13147E-5 5.59732E-5 8.46637E-5 1.6947E-4 9.35295E-5 7.6332E-5 1.09298E-4 5.65356E-5 1.02934E-5 7.13791E-6 4.23563E-6 3.00823E-6 3.49582E-6 5.12052E-6 7.69503E-6 1.69489E-5 1.48896E-5 1.24059E-5 8.74553E-6 8.31158E-6 8.15115E-6 7.49271E-6 9.25146E-6 1.03706E-5 8.79777E-6 6.87141E-6 5.15868E-6 4.41007E-6 4.25753E-6 5.80562E-6 1.05546E-5 1.3293E-5 1.54693E-5 1.65381E-5 1.47523E-5 1.61099E-5 1.76922E-5
-9999 -9999 -9999 -9999 -9999 -9999 -9999 -9999 -9999 -9999 3.56052E-5 3.40553E-5 3.11969E-5 2.80024E-5 2.75819E-5 2.89186E-5 3.03296E-5 2.75032E-5 2.50223E-5 2.2657E-5 2.23682E-5 2.71076E-5 3.97585E-5 5.06409E-5 5.56674E-5 7.7461E-5 7.21194E-5 6.67495E-5 6.1608E-5 7.02376E-5 1.41816E-4 1.48473E-4 1.12004E-4 1.04637E-4 7.77876E-5 9.26023E-5 9.09316E-5 1.99615E-5 5.71827E-6 4.11354E-6 3.19128E-6 3.7587E-6 5.69236E-6 1.01553E-5 1.97106E-5 1.60601E-5 1.26447E-5 1.03071E-5 8.85834E-6 9.51962E-6 7.79979E-6 8.61613E-6 9.35025E-6 7.53513E-6 6.0017E-6 4.72221E-6 3.78305E-6 4.02414E-6 6.1367E-6 1.06392E-5 1.52506E-5 1.88E-5 1.96225E-5 1.70956E-5 1.45947E-5 1.52832E-5
3.3511E-5 2.91669E-5 2.33252E-5 2.04447E-5 -9999 -9999 -9999 -9999 4.08448E-5 4.72449E-5 5.24663E-5 4.9483E-5 4.73023E-5 3.90509E-5 3.58165E-5 4.0084E-5 4.34303E-5 4.78408E-5 8.87521E-5 7.86737E-5 3.98477E-5 3.44654E-5 4.24418E-5 4.30014E-5 5.32002E-5 5.32837E-5 4.94647E-5 5.64858E-5 5.56371E-5 9.11947E-5 1.34694E-4 1.58797E-4 1.84169E-4 1.13049E-4 4.45298E-5 1.00369E-4 1.06713E-4 1.91944E-5 7.03354E-6 4.6277E-6 3.67417E-6 4.04E-6 5.91418E-6 8.00529E-6 2.03125E-5 2.05405E-5 1.59876E-5 1.22082E-5 1.17427E-5 1.26084E-5 9.23908E-6 6.9327E-6 7.53963E-6 6.06997E-6 5.16579E-6 4.61851E-6 3.60084E-6 3.76143E-6 6.01415E-6 1.27384E-5 1.69331E-5 1.89699E-5 2.02199E-5 1.75434E-5 1.59117E-5 1.89922E-5
4.63337E-5 3.8861E-5 3.47949E-5 3.23955E-5 3.26254E-5 4.07858E-5 4.53085E-5 5.13917E-5 6.06985E-5 6.7532E-5 7.41803E-5 8.28578E-5 7.46564E-5 5.74475E-5 4.87176E-5 5.45331E-5 5.83433E-5 6.35638E-5 6.32315E-5 5.80296E-5 4.55389E-5 3.28304E-5 2.88271E-5 4.16255E-5 5.55495E-5 9.08958E-5 4.38385E-5 3.91215E-5 4.9487E-5 8.62025E-5 1.41394E-4 1.30046E-4 1.70858E-4 8.33451E-5 4.30643E-5 9.62377E-5 8.78937E-5 2.08699E-5 1.05802E-5 4.67749E-6 3.83736E-6 3.75874E-6 4.97546E-6 7.46238E-6 1.98599E-5 2.01482E-5 1.39018E-5 1.13028E-5 1.17042E-5 1.4991E-5 1.04728E-5 6.35313E-6 5.28498E-6 4.6296E-6 4.18432E-6 3.72754E-6 4.20733E-6 4.828E-6 7.13263E-6 1.16186E-5 1.41973E-5 1.56358E-5 1.6272E-5 1.48182E-5 1.67402E-5 2.04204E-5
7.25549E-5 6.10942E-5 5.69587E-5 5.33177E-5 4.72636E-5 5.25998E-5 6.10458E-5 7.95539E-5 1.02867E-4 9.99279E-5 8.67299E-5 8.45471E-5 7.22517E-5 6.03077E-5 5.76688E-5 6.97663E-5 7.91683E-5 8.24589E-5 7.97548E-5 6.61633E-5 5.70454E-5 4.04286E-5 4.37834E-5 3.98727E-5 4.74013E-5 4.14762E-5 3.10927E-5 3.03175E-5 5.3173E-5 1.19929E-4 1.01977E-4 1.23058E-4 1.6073E-4 1.17573E-4 5.26712E-5 9.89908E-5 1.23626E-4 4.52391E-5 1.08146E-5 6.15974E-6 5.28469E-6 4.04592E-6 4.47627E-6 6.86852E-6 1.74973E-5 2.08443E-5 1.35304E-5 1.05604E-5 9.68049E-6 1.11638E-5 8.97135E-6 4.96929E-6 4.2277E-6 3.62265E-6 3.87228E-6 5.15991E-6 6.37967E-6 8.10335E-6 9.46656E-6 1.10472E-5 1.10484E-5 1.24626E-5 1.50314E-5 1.70128E-5 1.54915E-5 1.68689E-5
1.14175E-4 1.02997E-4 8.54289E-5 8.22091E-5 7.4064E-5 7.59692E-5 9.57756E-5 1.18867E-4 1.57458E-4 1.75642E-4 1.53918E-4 1.22185E-4 8.82803E-5 7.01947E-5 6.36935E-5 7.404E-5 9.56115E-5 1.29007E-4 2.63356E-4 1.69199E-4 9.10485E-5 6.0139E-5 4.6969E-5 3.94234E-5 5.06769E-5 2.11901E-5 3.11953E-5 4.15425E-5 7.08704E-5 6.01122E-5 1.13722E-4 1.40115E-4 2.57174E-4 1.29219E-4 7.43096E-5 1.75512E-4 1.81758E-4 5.27942E-5 1.47456E-5 1.18893E-5 7.64787E-6 5.64007E-6 5.39917E-6 7.05708E-6 1.66741E-5 2.6572E-5 1.69771E-5 1.15687E-5 9.24221E-6 8.00784E-6 8.14691E-6 5.10195E-6 3.67899E-6 4.26232E-6 5.60242E-6 7.52133E-6 1.04088E-5 1.31095E-5 1.25662E-5 1.17409E-5 1.02347E-5 1.2096E-5 1.53811E-5 1.99569E-5 1.82114E-5 1.54156E-5
1.14552E-4 1.02891E-4 9.38041E-5 8.82582E-5 8.42871E-5 7.24635E-5 9.68939E-5 1.32047E-4 2.19228E-4 2.73152E-4 1.95845E-4 1.22984E-4 9.5419E-5 7.22721E-5 5.59505E-5 5.89037E-5 6.45493E-5 7.94209E-5 8.73795E-5 7.22261E-5 4.80385E-5 3.49746E-5 3.25476E-5 4.92143E-5 1.69345E-5 1.5255E-5 2.02767E-5 5.37613E-5 7.77251E-5 6.66415E-5 1.04409E-4 1.89105E-4 1.52299E-4 1.47173E-4 1.1817E-4 1.43259E-4 1.797E-4 6.0205E-5 1.80658E-5 1.30189E-5 9.34047E-6 6.7479E-6 6.49902E-6 8.32474E-6 1.49978E-5 2.60437E-5 1.3982E-5 1.02301E-5 8.5409E-6 6.90874E-6 5.65977E-6 4.61756E-6 3.71462E-6 4.70803E-6 5.72312E-6 8.73148E-6 1.50052E-5 1.73946E-5 1.54988E-5 1.35442E-5 1.10916E-5 1.15884E-5 1.36298E-5 1.56245E-5 1.57183E-5 1.37658E-5
4.94066E-5 4.20836E-5 4.61333E-5 5.19263E-5 5.1165E-5 5.64385E-5 8.41582E-5 1.72888E-4 2.52081E-4 1.72891E-4 1.1452E-4 1.03138E-4 9.40568E-5 7.34756E-5 6.79948E-5 7.3523E-5 8.98819E-5 8.08056E-5 6.46293E-5 5.9505E-5 4.71554E-5 3.95561E-5 2.98185E-5 2.20201E-5 1.96275E-5 2.04409E-5 2.67995E-5 3.94934E-5 8.38472E-5 5.90437E-5 9.71569E-5 1.14856E-4 9.53826E-5 1.01836E-4 1.0257E-4 1.28447E-4 2.32487E-4 9.0918E-5 1.68842E-5 1.35081E-5 1.21541E-5 8.86652E-6 8.55304E-6 1.06822E-5 2.28376E-5 2.99691E-5 1.65161E-5 1.05194E-5 7.98336E-6 6.80946E-6 5.75243E-6 5.11851E-6 4.97945E-6 5.54379E-6 7.57865E-6 1.05629E-5 1.61793E-5 1.85853E-5 1.5919E-5 1.26347E-5 1.09883E-5 1.32646E-5 1.79206E-5 1.84247E-5 1.62304E-5 1.83614E-5
4.33639E-5 4.90819E-5 5.89894E-5 6.1264E-5 5.14637E-5 6.90529E-5 9.28989E-5 1.39925E-4 2.0599E-4 2.00316E-4 2.37311E-4 1.98818E-4 1.34786E-4 1.19519E-4 1.01585E-4 7.90033E-5 9.04068E-5 1.30266E-4 9.73641E-5 7.35923E-5 5.18006E-5 4.53828E-5 3.87316E-5 3.63196E-5 4.03143E-5 3.55476E-5 2.61062E-5 3.13784E-5 3.79762E-5 4.41095E-5 5.97855E-5 6.90636E-5 9.38942E-5 9.19267E-5 5.59373E-5 5.65373E-5 1.12519E-4 6.01645E-5 1.38241E-5 1.3919E-5 1.36716E-5 1.33739E-5 1.14831E-5 1.45461E-5 2.38066E-5 2.71246E-5 1.58971E-5 1.04116E-5 7.41831E-6 6.01993E-6 5.33142E-6 5.21854E-6 5.78836E-6 6.59101E-6 1.10161E-5 1.66026E-5 1.53778E-5 1.41505E-5 1.41002E-5 1.2276E-5 1.22946E-5 1.47397E-5 1.82532E-5 2.21113E-5 2.14221E-5 2.36996E-5
2.95931E-5 3.73653E-5 4.35432E-5 5.03472E-5 6.98358E-5 8.20278E-5 1.09374E-4 1.51555E-4 2.21131E-4 2.69387E-4 2.99235E-4 2.10013E-4 1.34165E-4 1.00968E-4 9.83761E-5 1.20952E-4 1.5417E-4 1.72171E-4 1.41277E-4 1.05006E-4 7.86216E-5 7.51333E-5 7.60995E-5 7.04265E-5 5.77912E-5 4.0665E-5 2.93289E-5 2.70211E-5 3.20971E-5 3.63856E-5 6.17738E-5 4.61809E-5 5.52188E-5 4.41212E-5 4.57256E-5 4.43476E-5 6.34236E-5 3.63575E-5 1.24003E-5 1.05243E-5 1.28495E-5 1.29508E-5 1.1879E-5 1.11361E-5 1.87278E-5 2.16673E-5 1.80087E-5 1.23014E-5 8.80265E-6 6.12942E-6 4.47006E-6 4.4564E-6 6.49704E-6 7.85643E-6 1.25153E-5 1.65847E-5 1.70502E-5 2.04542E-5 1.96082E-5 1.5465E-5 1.64995E-5 1.7528E-5 1.53819E-5 1.54494E-5 1.72472E-5 1.917E-5
2.85391E-5 3.69269E-5 4.12155E-5 5.43517E-5 6.45027E-5 9.13314E-5 1.8541E-4 2.89774E-4 3.8226E-4 3.60923E-4 3.15621E-4 2.80686E-4 2.23391E-4 1.51608E-4 9.8463E-5 9.7597E-5 1.07343E-4 1.1129E-4 1.16075E-4 1.24431E-4 1.23783E-4 1.26388E-4 1.02332E-4 6.42152E-5 4.25882E-5 3.57783E-5 3.18544E-5 2.43051E-5 2.42006E-5 2.98493E-5 3.91889E-5 2.55342E-5 2.81011E-5 3.49576E-5 3.65272E-5 3.47481E-5 5.676E-5 1.98935E-5 1.14776E-5 9.79666E-6 1.36432E-5 9.91482E-6 7.84794E-6 8.16314E-6 1.25564E-5 2.25326E-5 1.88245E-5 1.22836E-5 8.79884E-6 6.20746E-6 4.63474E-6 3.88712E-6 5.42944E-6 9.32798E-6 1.23517E-5 1.33238E-5 1.47455E-5 1.76173E-5 1.76748E-5 1.5716E-5 2.10677E-5 2.19973E-5 1.8644E-5 1.6313E-5 1.67682E-5 2.23948E-5
2.82633E-5 2.97464E-5 4.27265E-5 7.97754E-5 8.55617E-5 1.05922E-4 2.48276E-4 3.67195E-4 4.13157E-4 4.38065E-4 4.79507E-4 4.09828E-4 3.6029E-4 2.95057E-4 1.95749E-4 1.26545E-4 9.56877E-5 9.96855E-5 1.14695E-4 1.48997E-4 1.61183E-4 1.31972E-4 6.72628E-5 3.54443E-5 2.60871E-5 2.39287E-5 2.58237E-5 2.19545E-5 2.27096E-5 2.11718E-5 2.30382E-5 2.90454E-5 2.39911E-5 2.70901E-5 2.8902E-5 2.79687E-5 2.57674E-5 2.21023E-5 1.32648E-5 1.13779E-5 8.83714E-6 7.58141E-6 5.87297E-6 6.35204E-6 1.02211E-5 2.04853E-5 2.10538E-5 1.56629E-5 1.03049E-5 6.94993E-6 4.78533E-6 5.66468E-6 7.21954E-6 1.19138E-5 1.36093E-5 1.6059E-5 1.93332E-5 1.74196E-5 1.42377E-5 1.42212E-5 1.86289E-5 1.90337E-5 7.06609E-5 1.77867E-5 1.59047E-5 1.99004E-5
2.42363E-5 3.24217E-5 8.75254E-5 1.96436E-4 1.96072E-4 1.86132E-4 2.09211E-4 2.10618E-4 2.8922E-4 5.04308E-4 6.65708E-4 5.20405E-4 4.13882E-4 3.44725E-4 2.68402E-4 1.73278E-4 1.38612E-4 1.34656E-4 1.1321E-4 1.46108E-4 1.51465E-4 1.20604E-4 8.39661E-5 4.72872E-5 3.93717E-5 3.02002E-5 2.80889E-5 2.26267E-5 2.01833E-5 2.24415E-5 3.62978E-5 3.54001E-5 3.58441E-5 3.44348E-5 2.35297E-5 2.35661E-5 3.00175E-5 5.16273E-5 1.45578E-5 9.53524E-6 7.53452E-6 6.37019E-6 5.48501E-6 6.37879E-6 1.15959E-5 1.91261E-5 1.85879E-5 1.48524E-5 1.05118E-5 7.28429E-6 7.0972E-6 8.82823E-6 1.19003E-5 1.55829E-5 1.85658E-5 1.73474E-5 1.80828E-5 1.70464E-5 1.61404E-5 1.31641E-5 1.23519E-5 1.50281E-5 1.65536E-5 1.47006E-5 1.40763E-5 1.60985E-5
2.94342E-5 4.80552E-5 1.11773E-4 2.463E-4 2.75574E-4 2.32812E-4 1.92826E-4 9.49124E-5 1.10994E-4 3.34001E-4 3.91798E-4 3.50154E-4 3.92971E-4 4.45882E-4 3.76805E-4 2.29412E-4 1.31219E-4 1.12512E-4 1.59887E-4 9.1796E-5 1.55829E-4 1.31621E-4 6.9699E-5 4.92846E-5 3.93396E-5 2.56112E-5 3.61525E-5 2.47692E-5 2.68669E-5 3.27492E-5 3.95109E-5 5.12182E-5 4.15864E-5 4.18419E-5 2.94356E-5 2.63548E-5 3.5675E-5 4.79559E-5 1.21721E-5 1.06925E-5 8.8634E-6 7.29727E-6 7.9323E-6 9.28785E-6 1.26852E-5 1.70291E-5 1.30515E-5 9.97459E-6 9.51947E-6 8.33751E-6 9.33378E-6 1.31514E-5 1.6415E-5 1.54513E-5 1.90707E-5 1.82606E-5 1.56014E-5 1.68816E-5 1.60133E-5 1.29842E-5 9.45294E-6 1.17264E-5 1.18405E-5 1.1552E-5 1.52536E-5 1.56592E-5
5.24334E-5 5.13686E-4 7.97144E-4 2.89938E-4 2.72478E-4 2.41907E-4 1.42133E-4 6.15572E-5 5.27174E-5 4.94267E-5 5.78808E-5 8.21038E-5 1.34948E-4 2.41473E-4 3.41611E-4 3.11434E-4 1.69197E-4 1.08965E-4 9.78774E-5 8.71198E-5 5.93921E-5 4.99752E-5 3.79734E-5 2.78116E-5 2.95676E-5 2.6759E-5 3.15189E-5 5.9391E-5 4.34646E-5 5.44298E-5 5.29222E-5 9.691E-5 7.41665E-5 7.72779E-5 3.13653E-5 2.23315E-5 4.53403E-5 3.6443E-5 1.03615E-5 8.6538E-6 8.25482E-6 8.24562E-6 9.97507E-6 1.21259E-5 1.57886E-5 1.12676E-5 9.59804E-6 1.04216E-5 1.3352E-5 1.09073E-5 1.19276E-5 1.43702E-5 5.34718E-5 1.46883E-5 1.47861E-5 1.38392E-5 1.26411E-5 1.34064E-5 1.24503E-5 1.06123E-5 1.03655E-5 1.18947E-5 1.40828E-5 1.27158E-5 1.67768E-5 2.10837E-5
1.30894E-4 1.53745E-4 1.70783E-4 2.69875E-4 2.44205E-4 2.35122E-4 1.27126E-4 5.56912E-5 3.34311E-5 2.33481E-5 3.19473E-5 4.07472E-5 5.8648E-5 6.66588E-5 9.24293E-5 1.40402E-4 1.4279E-4 1.53429E-4 1.00841E-4 6.70945E-5 3.7766E-5 1.76382E-5 1.31609E-5 1.53716E-5 2.1645E-5 2.44295E-5 4.67447E-5 5.09603E-5 5.15207E-5 7.13421E-5 7.76596E-5 1.29163E-4 8.29711E-5 5.16556E-5 3.61878E-5 3.23742E-5 3.90791E-5 1.92509E-5 1.06249E-5 7.28718E-6 6.36958E-6 7.26509E-6 1.17233E-5 1.46624E-5 1.66001E-5 1.06922E-5 9.37739E-6 1.07045E-5 1.20377E-5 1.66174E-5 1.45323E-5 1.2911E-5 1.39031E-5 1.41574E-5 1.16045E-5 1.07042E-5 9.97288E-6 1.01929E-5 9.12241E-6 9.58504E-6 1.27183E-5 1.55991E-5 1.79558E-5 1.5352E-5 1.51361E-5 1.84908E-5
1.55107E-4 1.37634E-4 1.09839E-4 1.5706E-4 2.65472E-4 3.41947E-4 2.6777E-4 6.75999E-5 2.5586E-5 1.06442E-5 1.25268E-5 1.78517E-5 3.02218E-5 2.67392E-5 2.19332E-5 2.78112E-5 4.73736E-5 8.93608E-5 7.25018E-5 3.95425E-5 2.26168E-5 1.39611E-5 1.29294E-5 3.39118E-5 3.01745E-5 4.21843E-5 6.32205E-5 7.79211E-5 7.98083E-5 8.52823E-5 1.27572E-4 9.66845E-5 8.50235E-5 4.61634E-5 3.83309E-5 3.71445E-5 3.49638E-5 9.86828E-6 7.18732E-6 5.70082E-6 4.84765E-6 6.11698E-6 1.0951E-5 1.38531E-5 1.62815E-5 1.13688E-5 9.43926E-6 1.14204E-5 1.34588E-5 1.62078E-5 1.46914E-5 1.39302E-5 1.07908E-5 1.07214E-5 1.09743E-5 1.1645E-5 1.07068E-5 8.73532E-6 9.3265E-6 1.07159E-5 1.37673E-5 1.68474E-5 1.94258E-5 1.78194E-5 1.46634E-5 1.49441E-5
8.02559E-5 1.39052E-4 9.96889E-5 1.15139E-4 1.60779E-4 1.28244E-4 1.48591E-4 5.16596E-5 2.8882E-5 7.82435E-6 5.25853E-6 6.36859E-6 8.68162E-6 9.89035E-6 1.05231E-5 1.94818E-5 3.14859E-5 3.97191E-5 3.42501E-5 2.94302E-5 2.25886E-5 1.27705E-5 1.88016E-5 3.63454E-5 5.83684E-5 6.13421E-5 1.10402E-4 1.72667E-4 1.29949E-4 1.14155E-4 1.30397E-4 7.33323E-5 5.53218E-5 4.3968E-5 4.1802E-5 4.87881E-5 2.10271E-5 6.67771E-6 4.4528E-6 3.90234E-6 3.93193E-6 5.8375E-6 9.61107E-6 1.10205E-5 1.37207E-5 1.00142E-5 1.00489E-5 1.21246E-5 1.60577E-5 1.80813E-5 1.75192E-5 1.6161E-5 1.16226E-5 1.10859E-5 1.38355E-5 1.45921E-5 1.31133E-5 1.03724E-5 1.17352E-5 1.4542E-5 1.56159E-5 1.39101E-5 1.45311E-5 1.29827E-5 1.2254E-5 1.32757E-5
6.02969E-5 1.44102E-4 1.40247E-4 1.12637E-4 9.45167E-5 5.16018E-5 2.78482E-5 2.09862E-5 1.62053E-5 6.37051E-6 4.02458E-6 3.56561E-6 3.53711E-6 3.63663E-6 4.43863E-6 6.77826E-6 1.09936E-5 2.15385E-5 1.94672E-5 1.84806E-5 2.6166E-5 2.11814E-5 2.27761E-5 3.38645E-5 4.52625E-5 5.27597E-5 6.94236E-5 9.61224E-5 8.90811E-5 6.63243E-5 8.0571E-5 6.04108E-5 4.40389E-5 4.29721E-5 4.27189E-5 3.22348E-5 1.14558E-5 5.69149E-6 3.9823E-6 3.85275E-6 4.49435E-6 7.31446E-6 9.53531E-6 9.82203E-6 1.18147E-5 8.80928E-6 9.6358E-6 1.12127E-5 1.32364E-5 1.46931E-5 1.52278E-5 1.35067E-5 1.12646E-5 1.20953E-5 1.54049E-5 1.65498E-5 1.42028E-5 1.18812E-5 1.4603E-5 1.82163E-5 2.06443E-5 1.63996E-5 1.19143E-5 1.43402E-5 1.70863E-5 1.50222E-5
1.00385E-4 2.46562E-4 1.78153E-4 9.79069E-5 9.04393E-5 5.01556E-5 1.08015E-5 7.34622E-6 8.12665E-6 4.41279E-6 3.55555E-6 3.89453E-6 3.70687E-6 4.06164E-6 4.21418E-6 3.65034E-6 4.70137E-6 8.29768E-6 1.82909E-5 1.49348E-5 2.48766E-5 2.25204E-5 1.76963E-5 2.41144E-5 3.38429E-5 3.56774E-5 4.48837E-5 4.50974E-5 3.82985E-5 3.56929E-5 3.70394E-5 3.51561E-5 3.12289E-5 3.86554E-5 3.81614E-5 2.13932E-5 5.31337E-6 4.10409E-6 3.99007E-6 4.2581E-6 5.66367E-6 1.10597E-5 1.26526E-5 1.3103E-5 1.25948E-5 1.08393E-5 1.08788E-5 1.11425E-5 1.16592E-5 1.06534E-5 1.14309E-5 1.07079E-5 9.24836E-6 1.16118E-5 1.50169E-5 1.50942E-5 1.3038E-5 1.58071E-5 1.58156E-5 1.71087E-5 1.69488E-5 1.4187E-5 1.26518E-5 1.55015E-5 1.71496E-5 1.27557E-5
1.94029E-4 1.99939E-4 1.24403E-4 8.4404E-5 7.19847E-5 2.369E-5 1.03246E-5 4.35319E-6 6.08932E-6 3.88536E-6 3.10256E-6 3.57671E-6 3.66545E-6 3.19934E-6 2.82318E-6 2.6992E-6 3.3339E-6 3.99218E-6 7.53485E-6 8.92126E-6 1.10894E-5 1.14426E-5 1.20629E-5 2.02546E-5 1.99917E-5 1.71153E-5 2.28718E-5 2.85699E-5 2.87383E-5 2.11689E-5 2.0263E-5 2.40507E-5 2.61893E-5 2.40046E-5 1.82639E-5 1.60747E-5 4.391E-6 3.79436E-6 4.5859E-6 6.65576E-6 1.01962E-5 1.32846E-5 1.58041E-5 1.80767E-5 1.25077E-5 1.25582E-5 1.34611E-5 1.45549E-5 1.53074E-5 1.17818E-5 1.21422E-5 1.05924E-5 1.10752E-5 1.30686E-5 1.49133E-5 1.77689E-5 1.65861E-5 2.05153E-5 1.74837E-5 1.43322E-5 1.52838E-5 1.37054E-5 1.04978E-5 1.01781E-5 1.18419E-5 9.65437E-6
1.93758E-4 2.14943E-4 1.44E-4 1.171E-4 7.20586E-5 2.29613E-5 1.95079E-5 9.30075E-6 6.17207E-6 3.99317E-6 2.97216E-6 1.08351E-5 3.65712E-6 2.99279E-6 2.49277E-6 2.08596E-6 3.2234E-6 7.5822E-6 7.00363E-6 8.20063E-6 1.20329E-5 1.3384E-5 9.93653E-6 1.0587E-5 9.11076E-6 9.07624E-6 1.26579E-5 1.68831E-5 2.02202E-5 1.48525E-5 1.12023E-5 1.2684E-5 1.32841E-5 1.25919E-5 1.94039E-5 7.52849E-6 3.85511E-6 4.96265E-6 6.42643E-6 8.31574E-6 1.33865E-5 1.15311E-5 1.21659E-5 1.45669E-5 1.42782E-5 1.60144E-5 1.40444E-5 1.79172E-5 1.43367E-5 1.52604E-5 1.40024E-5 1.13741E-5 1.21746E-5 1.60132E-5 1.75585E-5 1.79432E-5 1.5769E-5 1.67303E-5 1.53492E-5 1.15713E-5 1.30078E-5 1.10189E-5 8.13685E-6 6.56044E-6 8.27823E-6 7.94719E-6
2.15835E-4 1.97881E-4 1.2239E-4 9.28362E-5 5.14711E-5 5.07107E-5 3.94846E-5 8.87286E-6 5.49124E-6 4.23664E-6 3.24648E-6 2.86665E-6 2.91998E-6 2.62297E-6 2.4003E-6 1.86826E-6 2.53129E-6 4.23158E-6 2.285E-6 2.72466E-6 7.8932E-6 1.11067E-5 9.11791E-6 9.07201E-6 7.2132E-6 5.92088E-6 7.37275E-6 1.15889E-5 1.43373E-5 9.34624E-6 7.91742E-6 7.75261E-6 5.58251E-6 1.06712E-5 1.64878E-5 4.47824E-6 3.27475E-6 4.18556E-6 6.19665E-6 8.07569E-6 1.19864E-5 9.91204E-6 9.02432E-6 1.36543E-5 1.35659E-5 1.43522E-5 1.35562E-5 1.3183E-5 1.36365E-5 1.50147E-5 1.41152E-5 1.12817E-5 1.13626E-5 1.38767E-5 1.50578E-5 1.5707E-5 1.41997E-5 1.15758E-5 8.65711E-6 7.98205E-6 7.4865E-6 7.33336E-6 6.90325E-6 5.46021E-6 5.59583E-6 5.9074E-6
1.10885E-4 5.65117E-5 2.70182E-5 2.62421E-5 3.44917E-5 5.34652E-5 3.29873E-5 5.76952E-6 3.23375E-6 2.84259E-6 2.68201E-6 2.2701E-6 2.23133E-6 2.04609E-6 1.82918E-6 1.60614E-6 1.68548E-6 1.69268E-6 1.43227E-6 1.66625E-6 5.9694E-6 1.06042E-5 1.01295E-5 1.19949E-5 1.33572E-5 1.31363E-5 1.60901E-5 1.67745E-5 1.14659E-5 1.0048E-5 1.13238E-5 7.51556E-6 5.06427E-6 6.58655E-6 6.22964E-6 3.92624E-6 2.98066E-6 3.00966E-6 4.63082E-6 7.45002E-6 8.7683E-6 7.62092E-6 6.92333E-6 1.03497E-5 1.22216E-5 1.38914E-5 1.59003E-5 1.46606E-5 1.09696E-5 1.19598E-5 1.21477E-5 1.08574E-5 1.24359E-5 1.37772E-5 5.42598E-5 1.51676E-5 1.14558E-5 7.26765E-6 6.21117E-6 5.5816E-6 5.83226E-6 5.6436E-6 5.18085E-6 4.93594E-6 4.15271E-6 5.0352E-6
