catData/rasterBestHybridModels/Pbengalensis/RD_RM1.5_LQ/Pbengalensis_min.asc
ncols         409
nrows         350
xllcorner     60.897278365
yllcorner     5.843756025
cellsize      0.0892857
NODATA_value  -9999
[rows 29 to 57 of 350, columns 130 to 194 of 409]
1.08684E-4 9.74829E-5 1.1408E-4 9.49636E-5 1.14221E-4 1.68959E-4 1.99327E-4 2.05317E-4 1.95289E-4 1.58825E-4 2.29847E-4 1.94097E-4 1.68056E-4 1.87901E-4 2.03035E-4 2.38675E-4 2.25696E-4 1.71998E-4 1.57881E-4 1.30953E-4 1.71612E-4 2.19515E-4 2.61473E-4 3.13999E-4 2.99104E-4 2.18118E-4 7.56288E-5 5.43091E-5 4.44776E-5 3.18267E-5 3.40092E-5 1.16736E-5 1.05948E-5 1.19746E-5 1.15044E-5 2.22173E-5 3.44372E-5 3.55466E-5 4.20446E-5 6.54655E-5 7.57209E-5 5.7269E-5 5.89568E-5 2.09878E-5 3.06639E-5 3.33977E-5 3.20516E-5 1.85449E-5 3.89376E-6 8.17697E-7 4.9557E-7 3.66784E-7 2.99654E-7 3.17527E-7 1.30916E-6 1.6747E-6 6.16579E-7 7.03395E-6 3.10707E-5 3.07092E-6 6.67656E-7 1.6621E-7 6.00296E-8 2.05645E-7 9.78696E-7
9.57945E-5 1.20166E-4 1.12115E-4 7.82385E-5 1.09262E-4 1.57761E-4 1.36457E-4 1.46258E-4 1.77825E-4 1.64657E-4 1.97406E-4 2.1344E-4 2.2886E-4 1.64778E-4 1.76392E-4 1.92487E-4 1.44255E-4 1.75887E-4 1.72043E-4 1.64357E-4 1.8281E-4 2.50895E-4 2.58635E-4 2.27274E-4 2.71244E-4 2.84153E-4 1.28297E-4 1.84329E-4 7.94008E-5 3.4134E-5 2.83009E-5 2.22091E-5 1.01685E-5 1.12193E-5 1.60867E-5 1.49534E-5 1.77819E-5 1.75468E-5 3.88256E-5 3.36508E-5 2.18382E-5 1.92544E-5 4.35922E-5 3.43271E-5 2.41589E-5 1.67871E-5 8.63798E-6 1.70627E-5 1.85131E-5 9.08461E-6 4.46186E-6 2.28237E-6 1.40359E-6 8.38123E-7 1.02795E-6 8.75766E-7 7.11925E-7 3.8005E-6 1.02423E-5 2.51044E-5 2.12936E-6 7.92612E-7 2.93881E-7 1.78702E-7 1.42607E-6
6.0325E-5 1.07519E-4 1.48541E-4 1.0973E-4 9.28232E-5 1.16794E-4 1.27504E-4 1.85314E-4 2.06111E-4 2.52516E-4 1.71393E-4 1.7109E-4 1.91311E-4 2.42296E-4 2.15591E-4 2.06158E-4 1.92158E-4 1.58587E-4 2.25508E-4 2.47137E-4 2.51709E-4 2.92116E-4 3.08663E-4 3.03786E-4 2.79987E-4 3.55647E-4 2.90814E-4 2.26775E-4 9.65272E-5 1.25614E-4 1.10993E-4 8.95349E-5 4.76233E-5 2.79091E-5 1.34415E-5 5.32687E-6 3.19854E-6 8.925E-6 4.42877E-5 1.59211E-5 8.15831E-6 8.5297E-6 9.93368E-6 7.10589E-6 9.94433E-6 8.3237E-6 8.02427E-6 8.4087E-6 1.11798E-5 1.40862E-5 2.1178E-5 2.37235E-5 2.47163E-5 1.8608E-5 9.1245E-6 2.74681E-6 2.76341E-6 2.11588E-6 2.78754E-6 1.83711E-5 1.42644E-5 8.67881E-6 3.33216E-6 2.36159E-7 1.26885E-6
4.64145E-5 7.05197E-5 7.99529E-5 9.38217E-5 8.2876E-5 1.0185E-4 2.3306E-4 2.06259E-4 2.73356E-4 1.85247E-4 1.49923E-4 1.62166E-4 2.33544E-4 2.93732E-4 2.92475E-4 2.84053E-4 2.87445E-4 2.74466E-4 2.43083E-4 2.84884E-4 3.07114E-4 2.72263E-4 2.63631E-4 2.59381E-4 2.70765E-4 2.70852E-4 2.9298E-4 2.56124E-4 1.98166E-4 9.39499E-5 7.84023E-5 7.39867E-5 4.98744E-5 2.63511E-5 1.67898E-5 7.06191E-6 5.09576E-6 4.3975E-6 2.16599E-5 1.0728E-5 9.44482E-6 6.62049E-6 4.24807E-6 2.22967E-6 4.18662E-6 2.9547E-6 2.84027E-6 3.01576E-6 7.76424E-6 5.62558E-6 3.76202E-6 1.06577E-5 3.01884E-5 5.01645E-5 4.58821E-5 4.12332E-5 5.4487E-5 2.1027E-5 2.65293E-6 3.19447E-6 1.50255E-6 5.2956E-7 2.94522E-6 2.66513E-6 1.4923E-6
4.59546E-5 5.78233E-5 7.30919E-5 1.00243E-4 7.55941E-5 8.56979E-5 1.4178E-4 2.07295E-4 2.20936E-4 2.45168E-4 1.41475E-4 1.68505E-4 2.41362E-4 2.609E-4 2.54334E-4 2.33594E-4 2.9852E-4 2.8934E-4 2.78522E-4 2.91501E-4 2.9479E-4 2.44611E-4 2.49427E-4 2.87333E-4 2.71125E-4 7.22472E-4 6.92247E-4 2.3625E-4 4.1343E-4 1.11008E-4 1.44572E-4 1.52992E-4 7.44978E-5 4.32268E-5 3.04553E-5 1.14193E-5 3.32952E-6 5.75856E-6 1.77056E-5 1.92593E-6 1.02099E-6 1.52148E-6 1.66444E-6 1.1382E-6 8.03098E-7 9.18487E-7 6.21341E-7 5.23138E-7 2.70864E-6 4.78294E-6 2.1928E-6 4.64793E-6 1.70109E-5 2.45147E-5 3.43009E-5 5.75305E-5 9.57274E-5 8.28825E-5 2.21418E-5 2.11929E-6 8.77669E-7 1.18694E-6 3.61642E-6 5.17142E-6 7.78233E-7
5.35546E-5 5.66636E-5 6.55236E-5 8.46076E-5 6.58734E-5 7.84712E-5 1.00502E-4 1.82567E-4 2.59497E-4 2.02471E-4 1.90919E-4 1.63114E-4 1.95216E-4 2.32575E-4 3.06818E-4 2.85863E-4 3.04841E-4 2.6935E-4 3.45494E-4 3.86431E-4 2.5945E-4 2.89297E-4 2.67976E-4 2.48803E-4 2.65364E-4 3.95199E-4 4.22574E-4 5.63124E-4 4.37864E-4 2.84601E-4 2.56285E-4 3.70083E-4 1.57141E-4 6.04119E-5 4.77071E-5 1.97593E-5 7.78238E-6 4.51928E-6 4.61082E-6 8.67817E-7 1.87211E-6 1.67815E-6 2.16705E-6 2.2849E-6 8.10717E-7 7.31806E-7 8.87839E-7 5.92848E-7 1.26777E-6 2.03001E-6 2.95035E-6 9.45469E-6 2.93411E-5 1.31384E-5 5.98887E-6 5.28158E-6 2.90312E-5 6.28556E-5 4.93343E-5 1.2381E-5 1.32646E-6 4.44958E-7 1.66764E-6 2.29749E-6 9.34662E-7
4.70168E-5 4.75178E-5 4.47067E-5 5.03634E-5 6.28394E-5 1.04345E-4 1.24753E-4 1.68142E-4 2.34454E-4 3.1168E-4 3.04101E-4 1.67336E-4 1.70933E-4 2.47334E-4 2.82178E-4 2.34398E-4 2.02695E-4 2.134E-4 2.34753E-4 2.95531E-4 2.43664E-4 1.22061E-4 2.89345E-4 2.84842E-4 2.94261E-4 2.63683E-4 2.72559E-4 3.52952E-4 2.84583E-4 3.1054E-4 3.47098E-4 3.22593E-4 1.18479E-4 8.7688E-5 6.99737E-5 2.37678E-5 1.44786E-5 5.91438E-6 3.08118E-6 1.94071E-6 1.54906E-6 5.74254E-7 1.27768E-6 1.12382E-6 6.85044E-7 1.02427E-6 3.75952E-6 2.44425E-6 2.52966E-6 4.31701E-6 5.24485E-6 1.85829E-5 2.91402E-5 1.17375E-5 7.26492E-6 2.44762E-6 3.61186E-6 1.49546E-5 3.51209E-5 1.86827E-5 1.78648E-6 3.15536E-7 4.78552E-7 7.3857E-7 6.39129E-7
3.6777E-5 3.76064E-5 3.19513E-5 3.84383E-5 6.59764E-5 1.31953E-4 1.86098E-4 1.61719E-4 1.94399E-4 2.22386E-4 3.30104E-4 2.10772E-4 1.91012E-4 2.9303E-4 2.78782E-4 2.32449E-4 2.36062E-4 2.57021E-4 2.73275E-4 2.6708E-4 2.24559E-4 1.08623E-4 1.56564E-4 3.10851E-4 3.70443E-4 3.15892E-4 3.0268E-4 2.93653E-4 2.42552E-4 2.56969E-4 2.36158E-4 2.77916E-4 1.605E-4 8.98378E-5 7.82448E-5 3.74911E-5 2.56253E-5 1.72339E-5 9.77611E-6 5.0473E-6 2.18412E-6 5.67307E-7 8.59122E-7 1.23085E-6 1.36898E-6 1.12476E-6 4.45904E-6 9.24305E-6 1.2104E-5 1.03926E-5 3.39991E-6 4.11191E-6 6.80134E-6 4.77981E-6 4.61474E-6 5.01741E-6 1.70489E-6 2.72952E-6 1.41832E-5 1.58947E-5 4.36594E-6 5.90297E-7 1.70699E-7 1.32552E-7 2.88839E-7
4.10292E-5 3.88777E-5 2.9126E-5 4.19615E-5 7.75502E-5 2.10574E-4 2.33849E-4 1.02715E-4 7.65431E-5 1.52949E-4 2.82627E-4 2.6104E-4 1.90445E-4 2.87388E-4 2.23477E-4 2.11362E-4 2.01486E-4 2.71284E-4 2.79759E-4 2.22612E-4 2.42691E-4 1.65062E-4 7.02051E-5 1.71155E-4 2.79224E-4 4.74866E-4 3.21552E-4 2.48448E-4 2.38999E-4 2.73897E-4 2.39425E-4 2.8997E-4 2.245E-4 9.08935E-5 7.71116E-5 7.37985E-5 3.86965E-5 4.50398E-5 1.21157E-5 3.43046E-6 1.75954E-6 1.42136E-6 3.00457E-7 1.44894E-6 4.76797E-6 3.15386E-6 3.28942E-6 5.23172E-6 1.1985E-5 1.35348E-5 3.00972E-6 1.66568E-6 4.27919E-6 3.68717E-6 1.51456E-6 1.62041E-6 4.07961E-7 7.15688E-7 5.05953E-6 6.47887E-6 4.61742E-6 1.92681E-6 2.72276E-7 7.79074E-8 5.97327E-8
4.01894E-5 3.70121E-5 3.07061E-5 3.84551E-5 5.42684E-5 1.05199E-4 1.02601E-4 6.04926E-5 6.09157E-5 1.08916E-4 1.15693E-4 1.43621E-4 1.51351E-4 2.10446E-4 2.75626E-4 2.56654E-4 1.17048E-4 1.79051E-4 2.07879E-4 1.95648E-4 2.89789E-4 3.37359E-4 1.3888E-4 1.21616E-4 2.89952E-4 3.35725E-4 3.62091E-4 2.7743E-4 2.88529E-4 2.81497E-4 2.68096E-4 3.15999E-4 2.63185E-4 1.10325E-4 6.05941E-5 1.26371E-4 1.13842E-4 4.96188E-5 1.55939E-5 6.86775E-6 4.2454E-6 3.12677E-6 6.60993E-7 1.30898E-6 4.08279E-6 3.49055E-6 6.96516E-6 4.66044E-6 4.91124E-6 1.49268E-5 1.13708E-5 4.73261E-6 1.64299E-6 3.51132E-6 2.82576E-6 1.7756E-6 2.73138E-7 2.98307E-7 2.57318E-6 1.45207E-6 7.75848E-7 1.55667E-6 8.04899E-7 1.65515E-7 4.75246E-8
2.90628E-5 2.71832E-5 2.59066E-5 3.5358E-5 5.16723E-5 6.06136E-5 6.06858E-5 5.12019E-5 5.27822E-5 7.34724E-5 9.04834E-5 7.11803E-5 8.70594E-5 9.51693E-5 1.18E-4 1.34681E-4 1.84399E-4 1.87686E-4 1.85039E-4 2.53546E-4 2.93435E-4 3.52854E-4 1.7913E-4 8.60635E-5 1.243E-4 2.30288E-4 3.02756E-4 3.16441E-4 3.64541E-4 3.20106E-4 2.6972E-4 3.01586E-4 2.20684E-4 1.23522E-4 1.17596E-4 1.13937E-4 1.48282E-4 9.25615E-5 5.27573E-5 2.0931E-5 9.11043E-6 4.14442E-6 3.81055E-6 2.15014E-6 1.66854E-6 1.77764E-6 6.35731E-6 1.33671E-5 1.62565E-5 3.32099E-5 1.94311E-5 4.39368E-6 1.47297E-6 2.1227E-6 1.88527E-6 2.66926E-6 1.09229E-6 1.20487E-7 4.99104E-7 5.3276E-7 2.89539E-7 4.70848E-7 1.00316E-6 3.57908E-7 5.13345E-8
2.4229E-5 2.13488E-5 2.76567E-5 3.44016E-5 3.97419E-5 4.599E-5 4.99276E-5 4.48034E-5 4.62802E-5 5.43598E-5 6.08616E-5 5.58281E-5 4.38494E-5 6.28342E-5 1.11316E-4 1.13609E-4 1.44914E-4 1.7759E-4 2.45783E-4 2.64711E-4 2.66466E-4 3.86343E-4 2.66151E-4 1.3613E-4 1.99586E-4 1.63008E-4 1.75787E-4 1.94559E-4 2.51479E-4 3.37211E-4 4.07493E-4 4.1839E-4 2.43174E-4 1.69378E-4 2.31356E-4 2.60735E-4 2.22684E-4 2.05939E-4 9.45676E-5 1.84458E-5 4.05505E-6 4.43144E-6 1.15933E-5 1.0692E-5 4.21654E-6 1.21747E-6 1.53795E-6 6.54363E-6 3.83953E-5 3.19797E-5 5.20791E-6 3.14917E-6 3.98506E-6 1.22309E-6 7.57325E-7 1.38211E-6 1.72976E-6 1.69317E-7 1.42366E-7 3.47738E-7 2.679E-7 2.34597E-7 5.02873E-7 5.06065E-7 1.12022E-7
2.26694E-5 1.79955E-5 1.93204E-5 2.35064E-5 2.82917E-5 2.98344E-5 3.46481E-5 4.12085E-5 4.73887E-5 5.24711E-5 6.00381E-5 5.93666E-5 5.4746E-5 4.37062E-5 5.37422E-5 1.09823E-4 1.2924E-4 1.24587E-4 2.49004E-4 2.23649E-4 2.27225E-4 2.66266E-4 2.64004E-4 2.35336E-4 1.8394E-4 1.61323E-4 1.85098E-4 2.28246E-4 2.37115E-4 3.7178E-4 4.1603E-4 3.53637E-4 2.126E-4 1.56287E-4 2.7305E-4 2.84904E-4 3.27001E-4 2.98734E-4 2.25526E-4 1.02321E-4 4.86461E-5 3.43743E-5 3.15289E-5 1.43695E-5 8.64571E-6 2.31534E-6 1.63964E-6 1.85872E-6 5.58921E-6 1.7095E-5 4.69465E-6 1.75366E-6 3.78865E-6 3.12171E-6 1.37496E-6 1.56371E-6 6.64407E-7 7.28496E-7 4.38718E-7 3.76487E-7 3.05856E-7 3.7411E-7 1.6732E-7 1.488E-7 3.19468E-7
2.39899E-5 1.74467E-5 1.43419E-5 1.9132E-5 2.742E-5 3.79269E-5 5.03421E-5 5.05788E-5 5.87782E-5 5.90089E-5 6.11159E-5 6.38865E-5 5.59032E-5 4.62001E-5 5.19982E-5 8.1119E-5 9.42646E-5 1.12555E-4 2.19879E-4 1.44617E-4 1.38969E-4 1.89101E-4 2.0514E-4 2.01726E-4 1.94295E-4 2.32265E-4 2.03249E-4 2.34336E-4 3.4833E-4 2.82369E-4 3.61627E-4 3.77993E-4 3.10883E-4 2.68978E-4 2.65676E-4 4.00085E-4 5.1257E-4 3.48505E-4 2.15918E-4 1.29085E-4 1.48755E-4 1.04E-4 9.52526E-6 4.23537E-6 6.26937E-6 6.16531E-6 2.32586E-6 1.27558E-6 1.84148E-6 6.18201E-6 8.60925E-6 2.68996E-6 3.91653E-6 3.60744E-6 2.36906E-6 1.95407E-6 1.33472E-6 9.45493E-7 7.28289E-7 1.82328E-7 3.21439E-7 4.86103E-7 1.75273E-7 2.779E-8 4.06964E-8
2.21322E-5 1.61473E-5 1.97704E-5 2.5035E-5 3.48527E-5 4.85534E-5 5.8655E-5 6.29133E-5 5.59566E-5 5.27322E-5 4.96468E-5 4.95179E-5 6.44438E-5 8.1786E-5 6.92894E-5 6.19962E-5 7.0323E-5 9.21976E-5 1.02303E-4 8.79112E-5 1.00761E-4 1.0947E-4 1.07742E-4 1.61929E-4 2.10658E-4 1.59352E-4 2.14218E-4 2.73916E-4 2.06728E-4 2.04856E-4 3.18783E-4 3.3043E-4 3.41574E-4 3.54241E-4 4.40701E-4 3.52078E-4 3.9043E-4 3.76622E-4 2.30677E-4 3.88826E-5 4.12402E-5 1.18323E-4 1.71336E-5 1.11971E-5 5.44596E-6 4.01402E-6 5.16378E-6 1.6175E-6 7.6149E-7 1.62218E-6 1.8844E-6 4.81617E-6 2.13286E-6 1.57043E-6 1.52854E-6 2.26006E-6 5.21741E-7 1.01379E-6 7.27636E-7 3.32015E-7 1.05782E-7 1.22376E-7 5.50119E-8 2.55845E-8 1.00281E-7
2.2922E-5 1.90596E-5 2.5084E-5 3.31549E-5 3.86464E-5 4.21833E-5 5.12508E-5 5.26732E-5 4.6945E-5 4.16878E-5 3.44413E-5 3.63604E-5 4.27976E-5 5.52698E-5 5.74989E-5 4.70265E-5 6.17398E-5 8.39489E-5 8.12111E-5 6.42467E-5 6.19919E-5 6.22631E-5 6.17773E-5 1.14623E-4 1.72833E-4 1.48738E-4 1.70306E-4 1.9926E-4 1.80565E-4 2.31648E-4 3.20085E-4 3.31363E-4 2.46446E-4 2.60359E-4 2.56861E-4 2.09652E-4 2.19102E-4 3.19847E-4 3.42118E-4 2.12982E-4 4.0993E-5 2.58118E-5 3.67736E-5 3.95065E-5 1.78808E-5 5.68534E-6 4.0302E-6 2.55627E-6 8.57229E-7 4.33887E-7 3.71801E-7 6.80291E-7 2.85553E-6 7.76518E-7 5.50688E-7 1.41278E-6 8.97364E-7 2.68491E-7 2.49543E-7 3.83214E-7 8.72973E-8 2.68408E-8 2.40762E-8 1.62543E-8 5.39006E-8
3.31745E-5 3.3292E-5 3.55785E-5 4.27948E-5 4.83295E-5 4.27675E-5 4.0991E-5 3.8572E-5 3.80363E-5 3.08474E-5 2.28535E-5 2.64631E-5 3.16652E-5 3.39783E-5 3.73572E-5 3.09665E-5 4.67144E-5 6.98152E-5 8.1223E-5 8.05062E-5 4.74291E-5 4.63283E-5 5.61055E-5 5.91597E-5 6.36649E-5 7.04117E-5 9.9569E-5 3.0642E-4 2.81635E-4 2.80629E-4 2.84779E-4 3.1712E-4 3.04998E-4 3.52848E-4 3.14667E-4 4.11092E-4 4.16536E-4 4.23541E-4 3.48017E-4 2.2567E-4 8.46301E-5 2.33383E-5 1.9459E-5 2.33974E-5 2.72863E-5 1.05496E-5 9.95261E-6 3.27491E-6 2.47823E-6 1.02856E-6 7.47708E-7 1.00365E-6 1.77319E-6 4.70123E-7 5.57466E-7 4.04019E-7 1.0098E-6 5.9781E-7 2.05836E-7 2.95373E-7 1.26651E-7 6.16775E-8 2.54172E-8 1.98959E-8 8.9919E-8
3.37492E-5 3.35574E-5 4.38302E-5 6.2364E-5 5.71991E-5 4.36864E-5 3.44488E-5 2.6603E-5 2.52792E-5 2.05268E-5 2.50663E-5 3.10604E-5 3.85769E-5 4.28091E-5 3.8423E-5 3.32471E-5 3.94402E-5 5.17025E-5 5.03023E-5 4.8209E-5 4.1433E-5 4.70874E-5 5.16601E-5 5.90711E-5 6.48939E-5 5.79107E-5 7.36623E-5 9.96288E-5 1.12951E-4 1.46516E-4 2.31449E-4 3.37001E-4 3.09309E-4 2.89018E-4 2.95414E-4 4.13826E-4 3.9914E-4 3.17794E-4 3.28204E-4 2.05133E-4 1.97106E-4 1.26829E-4 3.76506E-5 2.10189E-5 5.20409E-5 1.51038E-5 5.94012E-6 2.19642E-6 4.83937E-6 3.47721E-6 9.04733E-7 4.51676E-7 7.76346E-7 5.10444E-7 8.96603E-7 1.05159E-6 1.22859E-6 9.20984E-7 3.65548E-7 2.2285E-7 1.17004E-7 1.2384E-7 6.34663E-8 3.75164E-8 1.79338E-7
3.73651E-5 4.96261E-5 5.30961E-5 6.14299E-5 5.03847E-5 4.35029E-5 5.14771E-5 3.82842E-5 2.48186E-5 2.14961E-5 2.43517E-5 2.74993E-5 3.36624E-5 4.10169E-5 4.22146E-5 4.31391E-5 3.6462E-5 3.44318E-5 3.40277E-5 3.00415E-5 3.30246E-5 3.78478E-5 4.81995E-5 5.25651E-5 4.92483E-5 5.33098E-5 6.04586E-5 5.03051E-5 6.32001E-5 8.03477E-5 1.07295E-4 2.45099E-4 2.947E-4 2.81451E-4 2.82639E-4 2.48001E-4 3.15129E-4 2.76932E-4 2.50634E-4 2.31232E-4 2.29102E-4 2.31719E-4 9.84343E-5 2.15471E-5 3.91966E-5 5.65885E-6 5.38375E-6 8.22459E-6 1.14735E-5 3.36179E-6 2.08154E-6 1.88831E-6 1.13781E-6 1.04929E-6 5.76277E-7 6.29779E-7 1.07645E-6 6.44026E-7 6.00119E-7 2.51143E-7 1.62527E-7 1.46065E-7 1.28931E-7 6.20155E-8 1.33013E-7
4.98654E-5 6.74163E-5 7.46312E-5 6.11846E-5 6.32652E-5 7.09122E-5 7.44528E-5 5.16444E-5 2.90283E-5 3.1743E-5 2.7979E-5 2.88165E-5 3.12844E-5 3.72626E-5 4.16465E-5 3.90554E-5 3.86851E-5 3.4196E-5 3.16482E-5 3.2973E-5 3.5225E-5 4.6738E-5 5.52108E-5 4.40629E-5 3.54921E-5 4.1287E-5 5.95051E-5 5.16907E-5 4.44502E-5 5.60983E-5 1.02202E-4 1.94482E-4 2.49083E-4 2.93176E-4 2.53009E-4 3.048E-4 3.61779E-4 2.81168E-4 2.57515E-4 2.33008E-4 2.4349E-4 3.46318E-4 1.9188E-4 3.51981E-5 2.72197E-5 1.06891E-5 2.52703E-5 2.07606E-5 6.66767E-6 3.63404E-6 2.32267E-6 6.03352E-6 4.72852E-6 4.01966E-6 6.98221E-7 7.51157E-7 3.08676E-7 4.55998E-7 4.83767E-7 3.79415E-7 2.11409E-7 1.84043E-7 1.2755E-7 1.13289E-7 1.32504E-7
6.69631E-5 5.93812E-5 5.65115E-5 4.70932E-5 5.66702E-5 6.09372E-5 4.6894E-5 3.61005E-5 3.4619E-5 3.06033E-5 3.20009E-5 3.56579E-5 3.18425E-5 3.73621E-5 3.39023E-5 3.88397E-5 4.14704E-5 3.37494E-5 3.82793E-5 4.1629E-5 3.46104E-5 4.46433E-5 4.68031E-5 4.47079E-5 3.39952E-5 3.87753E-5 5.67784E-5 4.91594E-5 4.58562E-5 5.92603E-5 7.15555E-5 1.14711E-4 1.3285E-4 1.41179E-4 1.52782E-4 1.98797E-4 3.15831E-4 3.45466E-4 3.27245E-4 1.94209E-4 2.73603E-4 3.92147E-4 3.28423E-4 6.03029E-5 2.56746E-5 1.42712E-5 2.64644E-5 3.56822E-5 2.90704E-5 1.93015E-5 7.26218E-6 1.14499E-5 2.16062E-5 5.9874E-6 6.94143E-7 1.03624E-6 4.12008E-7 2.41581E-7 2.73152E-7 2.18431E-7 2.22498E-7 9.40245E-8 7.33559E-8 7.05919E-8 8.72845E-8
2.90265E-5 2.44772E-5 2.04311E-5 2.26381E-5 2.7482E-5 3.69193E-5 3.53977E-5 3.21185E-5 3.33486E-5 2.77999E-5 3.56925E-5 3.97323E-5 3.30985E-5 3.4176E-5 3.14448E-5 3.56427E-5 3.6596E-5 4.29364E-5 3.94291E-5 4.14639E-5 3.1888E-5 4.01762E-5 6.0558E-5 4.3153E-5 3.43938E-5 4.3812E-5 4.82498E-5 5.02449E-5 4.86955E-5 5.70555E-5 5.97701E-5 5.88804E-5 6.14846E-5 5.649E-5 7.22089E-5 1.3033E-4 2.04432E-4 2.04141E-4 2.71977E-4 3.04916E-4 3.43719E-4 4.44442E-4 3.37544E-4 1.21594E-4 7.26824E-5 2.39271E-5 1.05488E-5 1.50458E-5 2.44586E-5 4.89071E-5 6.44013E-5 2.90287E-5 1.42766E-5 7.16076E-6 6.67875E-7 1.16228E-6 1.14654E-6 3.4104E-7 3.20694E-7 1.77151E-7 1.29826E-7 9.3775E-8 7.84908E-8 5.59255E-8 4.95616E-8
1.66538E-5 1.84309E-5 2.03124E-5 2.47139E-5 3.34078E-5 3.15367E-5 2.6479E-5 3.16155E-5 3.19042E-5 2.59552E-5 2.88062E-5 3.04588E-5 3.49924E-5 2.6849E-5 2.46517E-5 3.23079E-5 3.95393E-5 3.67704E-5 3.93511E-5 3.63656E-5 4.12397E-5 3.66613E-5 4.52388E-5 4.02203E-5 3.59968E-5 4.43871E-5 4.34539E-5 4.54781E-5 4.10413E-5 4.71363E-5 4.73159E-5 5.5651E-5 5.21156E-5 6.20517E-5 6.49827E-5 8.62361E-5 1.27913E-4 1.28628E-4 2.4564E-4 4.71418E-4 4.11786E-4 4.09023E-4 3.29231E-4 2.30582E-4 1.97699E-4 9.78734E-5 5.62514E-5 2.28284E-5 9.46231E-6 2.72269E-5 1.08309E-4 7.72041E-5 1.48946E-5 7.70761E-6 1.31126E-6 8.14479E-7 2.41264E-6 1.83003E-6 1.36673E-6 5.67909E-7 4.32993E-7 1.69182E-7 9.34324E-8 5.3074E-8 2.57458E-8
2.45487E-5 2.68223E-5 2.36269E-5 2.33743E-5 2.74593E-5 2.53242E-5 2.11801E-5 2.37104E-5 2.33658E-5 2.01652E-5 2.57186E-5 3.31819E-5 3.42332E-5 3.33935E-5 3.92621E-5 3.25458E-5 2.83946E-5 3.59101E-5 4.32718E-5 3.89098E-5 4.00354E-5 3.7737E-5 3.57908E-5 3.61744E-5 4.0465E-5 3.65172E-5 3.96777E-5 3.90164E-5 3.34342E-5 3.44761E-5 4.17593E-5 4.38051E-5 4.445E-5 5.33042E-5 6.37883E-5 5.35004E-5 8.46225E-5 9.13547E-5 1.43875E-4 3.6194E-4 6.07465E-4 4.0139E-4 3.33176E-4 2.94713E-4 2.26648E-4 1.41533E-4 4.82986E-5 2.99307E-5 2.06971E-5 3.55817E-5 3.43616E-5 6.74873E-5 4.4199E-5 2.87214E-5 3.97381E-6 8.22179E-7 1.36151E-6 3.24472E-6 7.3286E-7 5.83457E-7 1.26714E-6 8.4672E-7 2.00517E-7 6.02019E-8 4.97313E-8
2.30732E-5 2.6515E-5 2.30593E-5 2.48029E-5 2.98793E-5 2.6196E-5 2.69675E-5 2.09894E-5 1.8822E-5 1.71598E-5 2.15392E-5 2.55525E-5 3.02424E-5 3.96558E-5 3.95379E-5 3.02835E-5 2.41304E-5 2.94405E-5 3.54207E-5 3.20096E-5 4.21328E-5 3.65972E-5 4.17482E-5 4.10501E-5 4.36549E-5 3.75273E-5 4.30749E-5 4.20259E-5 3.51207E-5 4.36396E-5 4.11115E-5 3.46694E-5 4.20926E-5 4.2094E-5 4.21259E-5 5.08713E-5 5.5767E-5 7.0243E-5 9.28163E-5 1.627E-4 2.61213E-4 4.86863E-4 5.6804E-4 2.17295E-4 1.65906E-4 1.76059E-4 9.97007E-5 5.50135E-5 3.33944E-5 2.89381E-5 1.24123E-5 7.67944E-5 2.01898E-4 5.53922E-5 1.46294E-5 5.98357E-6 2.90008E-6 1.98933E-6 2.95936E-7 5.63881E-7 1.36145E-6 2.53999E-6 9.73208E-7 1.31718E-7 1.86072E-7
2.09967E-5 1.78405E-5 1.871E-5 2.88495E-5 2.95081E-5 3.18326E-5 3.46576E-5 2.46557E-5 1.75946E-5 1.39181E-5 1.86902E-5 1.81971E-5 2.10601E-5 2.74046E-5 2.82479E-5 2.52631E-5 2.5626E-5 3.16944E-5 4.9839E-5 3.26846E-5 3.16672E-5 3.07856E-5 3.24015E-5 4.02186E-5 4.24043E-5 3.44812E-5 3.34269E-5 3.64732E-5 4.41695E-5 4.38322E-5 3.85676E-5 2.92355E-5 3.23025E-5 3.96507E-5 3.8802E-5 4.87675E-5 6.0332E-5 5.84608E-5 8.5668E-5 1.04618E-4 1.33821E-4 1.69752E-4 3.23303E-4 7.01344E-4 3.258E-4 2.08398E-4 1.43953E-4 6.38799E-5 2.80876E-5 2.66568E-5 2.16248E-5 1.59008E-4 4.23496E-4 9.26052E-5 8.40231E-6 4.62572E-6 1.45874E-6 1.12448E-6 1.83801E-7 1.92513E-7 5.19543E-7 2.08499E-6 2.02483E-6 5.97538E-7 6.74026E-7
1.96357E-5 2.15412E-5 2.26023E-5 2.02131E-5 2.6057E-5 2.99602E-5 2.87723E-5 2.29096E-5 1.6948E-5 1.46194E-5 1.69209E-5 2.13912E-5 3.05639E-5 3.27959E-5 2.93964E-5 2.41412E-5 3.0515E-5 3.81564E-5 5.5226E-5 3.60794E-5 3.01064E-5 2.55308E-5 2.90175E-5 3.56718E-5 3.75374E-5 3.62259E-5 4.32982E-5 3.77634E-5 4.10882E-5 3.51839E-5 2.98531E-5 2.95534E-5 3.79232E-5 4.46681E-5 3.58521E-5 3.27322E-5 4.34429E-5 5.1149E-5 5.2514E-5 7.46902E-5 9.38215E-5 1.27596E-4 1.34883E-4 1.62026E-4 3.61873E-4 6.35321E-4 4.87721E-4 2.72985E-4 1.91625E-4 8.94865E-5 1.56204E-4 4.54697E-4 4.93103E-4 1.13344E-4 2.7366E-5 1.13086E-5 2.28112E-6 7.89154E-7 1.88448E-7 1.29974E-7 3.88511E-7 8.85983E-7 2.03726E-6 3.49797E-6 1.08823E-6
1.71912E-5 2.16063E-5 2.12258E-5 1.8801E-5 1.85705E-5 2.08193E-5 2.03936E-5 1.90938E-5 2.23661E-5 1.87506E-5 1.976E-5 2.51655E-5 2.96113E-5 3.37285E-5 3.0671E-5 3.01345E-5 2.96564E-5 2.7485E-5 3.09128E-5 4.05996E-5 3.53634E-5 2.73454E-5 2.72812E-5 3.38574E-5 3.83057E-5 3.42067E-5 3.97768E-5 3.79243E-5 4.12809E-5 3.87864E-5 3.44058E-5 3.49187E-5 4.31557E-5 3.66876E-5 3.51916E-5 3.97305E-5 4.41309E-5 5.48532E-5 6.11193E-5 8.47073E-5 8.3278E-5 9.83945E-5 1.26357E-4 1.28526E-4 1.62359E-4 2.36662E-4 2.83025E-4 5.39817E-4 5.41077E-4 3.68062E-4 2.84111E-4 4.81405E-4 3.69996E-4 2.97589E-4 2.02746E-4 1.00733E-4 7.05685E-6 9.86693E-7 5.97722E-7 4.3734E-7 2.10286E-6 3.50724E-6 4.22005E-6 4.5919E-6 4.53914E-6
1.78221E-5 1.64463E-5 1.60406E-5 1.92623E-5 1.90221E-5 1.47438E-5 1.77627E-5 2.21997E-5 2.5038E-5 2.2966E-5 2.502E-5 3.02401E-5 3.46679E-5 2.6421E-5 2.25619E-5 3.35941E-5 3.81544E-5 3.40009E-5 3.58707E-5 3.81237E-5 3.09674E-5 3.52276E-5 3.60212E-5 3.4016E-5 3.92817E-5 2.96014E-5 3.76155E-5 3.71427E-5 3.36721E-5 3.71714E-5 3.86076E-5 4.54176E-5 3.78924E-5 3.67726E-5 4.44772E-5 4.21163E-5 5.19765E-5 6.29519E-5 7.16976E-5 9.15586E-5 8.4398E-5 7.90851E-5 9.37223E-5 1.30817E-4 1.15104E-4 1.37055E-4 1.63499E-4 2.30057E-4 4.02307E-4 3.71355E-4 5.65467E-4 5.1956E-4 4.68067E-4 2.57532E-4 1.56664E-4 7.94589E-5 1.96276E-5 7.94618E-6 1.71055E-6 5.12259E-7 7.9687E-7 2.22653E-6 3.00133E-6 1.07226E-6 5.42145E-7
