catData/rasterBestHybridModels/Pbengalensis/RD_RM1.5_LQ/Pbengalensis_median.asc
ncols         409
nrows         350
xllcorner     60.897278365
yllcorner     5.843756025
cellsize      0.0892857
NODATA_value  -9999
[rows 145 to 173 of 350, columns 132 to 197 of 409]
9.04164E-6 1.44046E-5 1.03619E-5 1.63477E-5 1.46417E-5 1.41015E-5 3.03632E-5 7.57592E-6 1.43352E-5 1.19878E-5 1.94888E-6 9.19427E-8 1.5115E-6 1.0887E-8 8.47817E-8 3.41882E-6 1.60356E-5 1.47488E-7 1.45788E-7 3.62857E-7 7.83655E-7 4.05723E-6 7.25978E-6 1.31648E-5 8.97911E-6 1.82022E-5 2.1156E-5 1.21666E-5 1.87162E-5 4.912E-6 1.77855E-5 1.09771E-5 1.30286E-5 1.90222E-6 4.92203E-7 1.2272E-5 6.06598E-6 3.30852E-6 3.51997E-6 9.64334E-6 2.06428E-6 2.26864E-6 1.23764E-6 4.73444E-7 5.74659E-7 1.40309E-6 4.52573E-8 2.18813E-6 9.09193E-7 6.93325E-7 6.42947E-7 2.37568E-6 1.64084E-6 2.28311E-8 6.06482E-8 1.40891E-7 1.50656E-6 6.84005E-6 2.0389E-8 1.18211E-8 1.21361E-9 4.7454E-9 8.91165E-10 5.60764E-10 1.49405E-8 1.67646E-6
3.15315E-6 1.38314E-5 5.47817E-6 2.0266E-5 1.07083E-5 1.85453E-5 2.34872E-5 1.49472E-5 1.45244E-5 2.57275E-6 6.40507E-7 4.02955E-6 8.61804E-8 2.26137E-7 6.11446E-8 1.62157E-6 1.01912E-5 3.99056E-6 2.10019E-6 7.24646E-7 5.70706E-6 4.53164E-7 1.45906E-5 1.59506E-5 1.56516E-5 1.50772E-6 4.22685E-6 1.23969E-5 1.97704E-5 1.43451E-5 2.37219E-5 1.1084E-5 1.49768E-5 1.1008E-5 2.66326E-6 4.97537E-7 2.74238E-6 1.05804E-6 8.08027E-6 2.46928E-6 3.97332E-6 7.1463E-6 3.08008E-6 9.1484E-7 3.21162E-7 3.5549E-6 3.96562E-6 1.25173E-6 5.00511E-7 3.3127E-7 1.43796E-7 1.92854E-6 1.12189E-5 5.43524E-6 5.91089E-7 6.06203E-7 3.65317E-6 5.18683E-7 1.49572E-9 3.91434E-10 7.99203E-10 1.14415E-9 8.21342E-8 6.12477E-9 1.58022E-7 1.0983E-5
2.18862E-5 1.67084E-5 1.48511E-5 4.55095E-6 7.52829E-7 1.63004E-5 1.20912E-5 5.6995E-6 3.18062E-6 1.28373E-7 1.9426E-6 3.88352E-7 1.21879E-6 4.78212E-8 2.32447E-7 1.0191E-6 7.29328E-6 8.77568E-6 1.76041E-6 1.28854E-6 4.60687E-6 4.84452E-6 6.52318E-7 2.95113E-6 1.36911E-5 2.70689E-6 1.98804E-5 2.05834E-5 2.06776E-5 2.30042E-5 7.38716E-6 1.17852E-5 7.48545E-6 7.88834E-7 6.95057E-8 1.39951E-6 9.75742E-6 1.25834E-6 4.65087E-6 4.90744E-6 3.80706E-6 8.92098E-6 1.09377E-5 1.54456E-5 4.44698E-6 3.45484E-8 5.53798E-7 1.97758E-7 6.3382E-6 3.98882E-7 1.17265E-7 2.25133E-7 4.3607E-6 1.13849E-6 3.65051E-6 6.67815E-6 2.79711E-6 8.42108E-8 6.37986E-9 1.24265E-8 3.97701E-9 2.94673E-7 3.5116E-7 6.03893E-8 4.17701E-6 2.83902E-6
1.9924E-5 7.78728E-6 1.65216E-7 1.62062E-6 1.70046E-6 5.08538E-6 1.93551E-6 1.03831E-6 7.53414E-6 1.32854E-6 2.16118E-6 2.99211E-6 6.87045E-7 5.64961E-7 8.75747E-7 7.63512E-7 8.13886E-6 1.16493E-5 6.28528E-6 2.83821E-6 9.60525E-6 2.4101E-6 1.21636E-6 6.74583E-7 4.13152E-6 7.87998E-6 2.26533E-5 2.13784E-5 9.28385E-6 1.04643E-6 5.74271E-6 1.03107E-5 7.37009E-6 1.3323E-6 9.41444E-7 2.76335E-6 4.06637E-6 2.78956E-6 1.13752E-6 3.08781E-6 9.15334E-6 7.60856E-6 2.18823E-6 9.25291E-7 1.2635E-5 5.14503E-6 1.28114E-5 9.2615E-7 4.8896E-7 1.14446E-7 2.41993E-7 4.2363E-7 3.03166E-6 4.98669E-7 1.63463E-6 3.01832E-6 7.27603E-7 3.03333E-8 6.43652E-7 1.40392E-7 1.17122E-7 4.02538E-7 3.78445E-8 6.32752E-6 8.31367E-6 1.24934E-6
2.26313E-5 1.56501E-5 2.34148E-6 1.53993E-6 1.41637E-5 1.29329E-6 2.64575E-6 1.77838E-6 5.46205E-6 6.40064E-8 4.63858E-7 4.95655E-6 1.3822E-6 1.98132E-6 3.05577E-6 2.63915E-6 1.10062E-5 4.75568E-6 2.46564E-6 8.01683E-7 6.48867E-6 7.81986E-6 3.84519E-6 3.14219E-6 5.7928E-6 1.0715E-6 2.9437E-5 2.87337E-5 7.83427E-6 4.57427E-6 3.03513E-5 1.65422E-5 7.99549E-6 4.56486E-6 2.39517E-7 2.17586E-7 4.02739E-6 1.79989E-6 7.54613E-6 1.56869E-6 1.693E-6 6.22387E-6 3.32073E-6 8.183E-6 4.44266E-6 1.62498E-6 4.16569E-6 7.25476E-6 1.09629E-6 1.05117E-6 3.16127E-7 2.18501E-6 9.96965E-7 8.47913E-6 6.53078E-6 1.17277E-6 3.96757E-8 6.78821E-10 1.18376E-9 3.77689E-9 4.20389E-9 2.16824E-7 2.824E-7 1.16243E-5 4.22203E-6 1.64482E-7
2.04804E-5 2.08569E-5 6.40888E-6 1.14829E-5 1.40105E-5 1.51534E-6 1.01043E-5 1.26905E-5 1.85051E-5 4.83319E-6 1.47061E-6 3.35841E-7 1.82991E-6 1.99788E-6 9.35328E-6 1.38017E-5 9.82528E-6 4.90903E-6 5.21998E-6 1.09392E-7 1.06225E-5 4.12564E-6 2.71901E-7 1.81343E-6 5.91858E-6 9.76657E-7 2.79721E-5 3.29928E-5 5.53084E-6 2.24066E-5 3.1609E-5 2.45881E-5 1.5973E-5 1.14861E-5 6.4133E-8 3.59729E-7 3.98524E-6 1.06515E-5 8.68459E-6 3.47292E-6 4.65097E-6 6.2552E-6 2.74169E-6 8.45604E-7 8.49737E-7 5.31397E-7 7.38519E-7 3.62142E-7 2.40073E-7 8.4106E-8 6.66969E-8 3.14766E-7 1.10546E-7 2.5128E-6 3.5938E-6 7.96087E-10 2.61195E-9 8.3017E-10 6.90902E-10 3.42649E-10 9.50736E-9 2.87049E-6 4.01439E-6 1.2883E-6 6.40114E-6 3.50057E-6
2.67482E-5 1.49093E-5 1.61141E-5 2.41868E-5 1.93664E-5 1.54444E-5 1.14864E-5 2.80498E-6 2.24228E-5 1.19019E-5 1.76686E-5 8.34231E-6 2.66067E-6 4.35506E-6 1.47778E-5 2.26271E-5 1.59746E-5 3.52724E-6 1.32519E-5 7.20694E-6 5.88494E-6 2.24047E-6 5.64882E-7 1.36772E-6 2.21849E-5 1.62474E-5 6.34488E-6 2.55886E-5 1.28495E-5 2.02776E-5 2.50878E-5 2.03305E-5 7.70145E-6 1.6532E-6 6.48511E-7 3.82724E-7 1.01123E-6 2.27064E-6 2.01248E-6 3.40115E-6 6.97448E-7 1.30583E-5 6.36282E-6 4.07468E-6 2.38853E-6 1.24191E-7 8.64169E-8 2.01401E-9 5.3084E-8 8.09043E-7 5.13224E-7 6.7179E-7 5.31532E-7 2.03915E-6 9.55294E-7 2.73492E-7 2.06408E-6 5.59992E-8 3.55441E-10 5.89429E-10 4.28885E-8 2.86738E-6 4.59674E-7 1.03476E-6 9.1971E-6 4.14722E-6
2.28908E-5 1.33911E-5 1.93252E-5 1.83782E-5 1.74922E-5 1.23772E-5 2.19241E-5 1.0398E-5 1.45599E-5 1.84184E-5 1.87807E-5 2.85232E-6 1.71832E-6 7.19372E-7 4.21118E-7 3.48692E-6 1.58165E-5 4.44807E-6 1.64532E-5 4.9183E-6 5.04292E-6 1.82061E-6 1.85996E-7 2.79108E-7 1.25489E-5 1.68162E-5 5.49476E-6 6.79223E-6 2.99151E-5 3.33163E-5 2.68835E-5 8.33414E-6 1.15527E-5 8.08834E-7 1.63096E-5 1.09827E-5 9.34265E-7 3.29487E-7 1.09883E-5 1.49921E-6 9.51661E-6 6.53314E-6 1.06438E-5 1.54036E-5 2.4304E-7 4.03665E-8 9.6401E-7 2.49526E-7 1.94752E-7 4.28819E-7 2.95736E-7 7.51534E-7 1.49039E-7 4.85712E-6 1.04178E-6 1.62708E-7 1.20883E-6 2.28816E-7 7.77851E-10 5.60278E-10 1.54273E-6 1.54345E-6 2.8235E-7 3.35242E-6 1.83622E-6 4.40017E-7
2.43899E-5 1.63485E-5 1.8783E-5 1.28232E-5 1.43513E-5 1.182E-5 6.4089E-6 1.2104E-5 1.47575E-6 2.02051E-5 7.51788E-6 1.06112E-5 9.37578E-6 1.23378E-6 5.69568E-6 3.36517E-6 1.13271E-5 3.67963E-6 1.00412E-5 2.93831E-6 4.88801E-7 9.52073E-7 5.82282E-7 1.29944E-6 4.61487E-6 4.68764E-6 3.77665E-5 1.21274E-5 3.85058E-5 3.01886E-5 1.23127E-5 1.00185E-5 4.33E-6 1.64067E-7 3.2707E-6 2.12046E-5 2.05121E-5 1.46646E-5 1.58981E-5 3.60593E-6 5.6898E-6 1.09417E-6 2.85438E-6 9.09208E-6 4.58701E-8 6.52623E-8 3.20653E-6 4.93818E-6 4.88723E-7 3.2132E-6 1.25596E-6 9.08538E-7 2.84042E-6 2.75109E-6 4.94002E-7 8.70251E-7 1.24914E-6 1.03039E-7 8.88273E-7 1.34605E-9 1.11675E-6 1.47193E-7 3.58719E-8 3.52665E-6 9.50653E-7 2.67059E-6
2.66698E-5 2.71034E-5 1.92118E-5 1.51932E-5 7.5184E-6 4.11961E-6 4.12456E-6 1.61268E-5 1.45104E-7 1.63306E-6 7.45746E-7 2.01982E-7 1.32815E-7 3.3073E-6 1.21539E-5 1.15571E-5 5.00011E-6 1.47221E-6 1.12486E-5 7.68373E-6 1.81501E-6 2.53876E-6 6.41569E-7 2.49104E-6 8.81686E-6 2.14548E-6 3.11597E-5 2.04072E-5 1.94812E-5 1.5714E-5 1.12335E-5 1.66393E-5 1.04553E-6 2.41171E-7 4.44284E-7 2.2835E-5 2.38006E-5 2.17447E-5 2.42317E-5 2.18718E-6 8.38215E-6 1.38176E-6 2.28179E-7 1.23827E-6 1.62002E-7 3.04437E-7 1.84636E-6 7.57796E-6 9.58871E-6 9.13959E-6 2.61588E-6 1.49744E-6 2.77645E-5 1.22826E-5 6.22063E-6 1.96296E-6 5.58402E-7 3.31356E-6 3.01933E-6 1.02677E-7 3.21788E-7 2.57183E-6 6.38874E-6 4.53405E-6 1.65722E-6 4.10014E-6
2.73397E-5 2.70054E-5 1.99319E-5 1.91808E-5 1.25973E-5 7.07512E-6 2.26012E-6 6.12795E-6 3.18999E-7 3.39795E-7 5.63522E-8 2.69704E-8 1.63143E-6 7.7573E-7 1.10518E-5 1.87111E-6 2.98893E-6 1.36653E-5 5.57943E-6 1.20125E-5 3.93489E-7 1.88125E-8 2.42541E-7 9.77978E-7 9.35273E-7 1.22393E-7 4.74491E-6 2.50832E-5 1.78069E-5 2.71086E-5 2.72866E-5 2.28715E-5 2.02193E-5 7.32566E-6 1.50049E-5 1.90919E-5 2.36424E-5 2.5821E-5 7.78675E-6 9.52266E-6 6.70553E-6 3.01211E-7 1.92609E-7 2.98608E-7 1.28855E-7 2.87889E-7 6.85063E-8 6.65901E-7 1.13685E-5 2.43308E-6 7.00646E-6 8.66323E-6 9.94708E-6 1.07759E-5 4.61037E-6 1.22379E-6 1.33018E-6 4.50156E-6 6.91081E-6 3.05077E-6 1.50986E-5 1.02284E-5 2.0108E-6 4.51663E-8 2.76778E-8 4.43027E-7
2.40559E-5 2.74771E-5 2.5391E-5 2.34928E-5 2.41451E-5 1.68616E-5 1.34098E-5 1.6544E-5 4.53743E-6 2.27682E-7 1.92561E-6 2.6027E-6 1.11896E-8 5.68606E-9 1.46341E-5 6.64651E-6 9.25285E-6 1.10397E-5 1.94584E-6 1.12873E-6 3.4123E-6 4.26629E-6 1.73786E-6 1.9237E-8 2.62189E-6 1.26456E-6 5.22557E-6 1.65113E-5 2.84385E-5 2.22319E-5 2.64828E-5 2.13258E-5 2.72061E-5 3.00408E-5 2.68127E-5 2.69876E-5 2.73675E-5 2.74096E-5 2.99637E-6 1.13771E-5 9.44295E-6 4.12014E-6 4.02854E-7 2.18697E-9 1.62057E-7 2.10069E-7 8.01554E-8 1.27734E-6 6.08973E-6 8.54139E-7 1.35084E-5 9.41596E-7 7.57367E-7 1.3819E-5 1.23012E-5 5.64062E-6 4.30678E-6 1.48865E-5 4.37999E-6 3.45734E-6 1.21429E-5 6.34101E-6 2.1131E-7 4.05795E-9 4.98529E-8 5.14344E-7
2.45897E-5 2.23751E-5 2.32708E-5 2.6767E-5 3.0005E-5 2.15099E-5 9.10115E-6 1.28411E-5 1.99939E-5 1.85501E-5 2.93567E-6 1.30591E-5 3.01862E-6 5.40438E-8 1.21543E-6 8.73163E-7 3.43268E-6 2.30507E-6 1.65238E-6 9.89027E-6 5.47826E-6 1.59654E-6 1.54776E-5 4.6377E-6 3.70424E-6 1.3663E-6 1.62602E-6 2.00315E-5 4.03175E-5 3.34231E-5 1.95265E-5 3.81123E-5 3.72774E-5 2.96531E-5 3.72418E-5 4.09191E-5 3.42597E-5 3.9397E-5 7.14062E-6 4.08255E-6 8.70398E-6 3.27894E-6 1.5354E-7 2.65535E-8 6.85753E-7 7.72252E-7 6.01354E-6 3.35898E-6 6.29323E-6 1.35363E-6 6.20624E-7 3.07103E-6 3.1096E-6 2.78651E-6 1.28996E-6 5.34938E-6 2.92026E-6 8.55456E-6 8.20498E-6 4.76357E-6 5.96882E-6 2.35541E-6 1.10644E-6 7.36858E-8 8.99276E-7 2.70936E-6
2.48653E-5 2.46523E-5 2.48247E-5 2.51316E-5 2.26858E-5 2.08273E-5 1.88822E-5 1.21865E-5 1.75385E-5 1.6221E-5 3.01225E-7 1.23741E-6 2.43942E-5 6.64865E-7 4.38168E-7 1.71739E-6 3.1119E-6 3.51308E-7 3.91967E-6 5.63894E-6 2.32342E-5 5.6213E-6 2.52852E-6 2.45458E-6 1.41416E-6 4.67753E-8 7.37368E-7 3.11871E-5 3.46254E-5 1.78532E-5 3.48279E-5 3.17759E-5 3.81881E-5 3.08237E-5 3.941E-5 4.48502E-5 3.61588E-5 2.99433E-5 1.91012E-5 8.00957E-6 2.40297E-7 1.36144E-6 7.54908E-8 1.59185E-6 9.62168E-8 5.26019E-6 6.5501E-6 1.96172E-5 1.43669E-5 3.81569E-7 1.18907E-5 1.44864E-5 1.61641E-5 1.65507E-5 2.03734E-6 9.69854E-6 9.69302E-6 8.68005E-6 4.06202E-7 3.5391E-6 1.9603E-6 3.97818E-6 4.83279E-6 8.06326E-6 9.00296E-6 2.88907E-6
3.45174E-5 3.48195E-5 3.43044E-5 3.06946E-5 2.15907E-5 2.7445E-5 2.6296E-5 1.86747E-5 1.8694E-5 5.27696E-6 1.29086E-5 7.19995E-6 2.39099E-5 2.01228E-6 8.67255E-6 1.39164E-5 8.24533E-6 3.53279E-6 6.30334E-6 1.63678E-6 2.51903E-5 4.83508E-6 8.4488E-6 1.80587E-5 6.12166E-7 1.63863E-7 7.25099E-6 1.51323E-5 3.00486E-5 2.8867E-5 3.43159E-5 4.03966E-5 3.35953E-5 3.26354E-5 4.04586E-5 2.45328E-5 3.01473E-5 1.81177E-5 2.30416E-5 2.93208E-6 9.64139E-8 6.29337E-8 2.58488E-6 2.23538E-5 1.91992E-6 9.57922E-6 1.13866E-5 1.01391E-5 7.58127E-6 1.00425E-5 1.95984E-6 6.42957E-6 6.92979E-6 1.02391E-5 1.63624E-5 1.93012E-5 1.54715E-5 1.87115E-6 2.86533E-6 5.81815E-6 1.20913E-5 8.58707E-6 4.19494E-6 8.2896E-6 1.15262E-5 1.27763E-5
3.75684E-5 3.72215E-5 3.58298E-5 3.97186E-5 3.47227E-5 3.39795E-5 3.05281E-5 6.67268E-6 1.74263E-5 1.6771E-5 2.28806E-5 2.05807E-6 1.89774E-5 1.5341E-5 5.97039E-6 1.09786E-6 2.29628E-5 4.76979E-7 3.74573E-6 2.28802E-5 1.73369E-5 1.40064E-5 1.90523E-5 2.61831E-5 1.54828E-5 1.6293E-5 1.72009E-7 2.49238E-5 2.96085E-5 2.97898E-5 3.02099E-5 3.7412E-5 3.97536E-5 3.86413E-5 3.83885E-5 5.35216E-5 2.86987E-5 8.58807E-6 1.57851E-6 1.97906E-5 5.83591E-6 9.54853E-7 9.02046E-7 9.14151E-6 1.16736E-5 6.73078E-6 5.36747E-6 2.51122E-6 1.06563E-6 8.41664E-8 1.25855E-7 3.82053E-6 1.03911E-5 4.59588E-6 4.79964E-6 3.03625E-6 9.32205E-6 2.7256E-6 1.58236E-5 1.81102E-5 5.50871E-6 1.42313E-5 1.68089E-5 9.1414E-6 3.55335E-6 5.26749E-7
4.63192E-5 5.80064E-5 5.12666E-5 5.66825E-5 5.26936E-5 4.30517E-5 2.34779E-5 2.10936E-5 6.95736E-6 4.38241E-6 6.45442E-6 3.04436E-6 2.57977E-5 9.77724E-6 9.8925E-7 6.99134E-7 1.63892E-6 1.83345E-5 2.01697E-7 1.55358E-5 1.3112E-5 2.3089E-6 4.72861E-6 1.86834E-5 1.69049E-5 2.25991E-5 6.74959E-6 2.82298E-5 4.00449E-5 3.9663E-5 3.38729E-5 3.49975E-5 4.48184E-5 2.2594E-5 9.4815E-6 3.6984E-5 1.35513E-5 1.65265E-5 1.43888E-5 1.5678E-5 2.41861E-6 7.99584E-6 9.79287E-6 7.04455E-6 1.27333E-6 3.63112E-7 1.0428E-6 1.41892E-6 1.66172E-8 2.13207E-8 3.17553E-7 1.27594E-5 3.09808E-6 6.91388E-6 1.17653E-6 8.8134E-6 1.27135E-5 9.18777E-6 1.22137E-5 1.08205E-5 6.79194E-6 5.36454E-6 4.50927E-6 1.08802E-5 5.98438E-6 1.09727E-5
4.75677E-5 4.39734E-5 5.28601E-5 4.88567E-5 3.99734E-5 2.94738E-5 1.42828E-5 2.81463E-5 1.85583E-5 3.70059E-6 1.07368E-5 2.90354E-6 7.98821E-6 1.03583E-5 2.87972E-6 9.27575E-6 2.40573E-5 2.64375E-5 2.16609E-5 1.4703E-5 1.0655E-5 9.13217E-6 2.06179E-5 1.76476E-5 2.85782E-5 3.14238E-5 4.65868E-6 1.55889E-5 1.21691E-5 3.70541E-5 3.36715E-5 3.13824E-5 1.52191E-5 3.44162E-5 1.85395E-5 1.12345E-5 1.62692E-5 1.4632E-5 1.88672E-5 1.55093E-5 1.06315E-5 1.56558E-5 4.04344E-6 1.48301E-6 2.30919E-7 1.02225E-6 3.15157E-6 7.69185E-8 5.02312E-8 5.53502E-9 1.1832E-6 3.78649E-6 7.28198E-6 6.62735E-6 2.87701E-6 6.63269E-6 7.81654E-6 2.67508E-6 1.71719E-5 7.07698E-6 1.05189E-5 1.32393E-5 2.33716E-5 1.10553E-5 1.60474E-5 7.67084E-6
4.35297E-5 5.54579E-5 6.32666E-5 4.99515E-5 3.46991E-5 2.45662E-5 2.1464E-5 2.65125E-5 3.01891E-5 1.2498E-5 9.91921E-6 2.94576E-5 2.40354E-5 1.35214E-5 1.39679E-5 1.86644E-5 1.72184E-5 2.24491E-5 7.55059E-6 3.22403E-5 2.85696E-5 2.49715E-5 1.19134E-5 4.92058E-6 1.74774E-5 4.15092E-7 3.47E-6 8.53232E-7 4.74873E-7 7.22226E-6 1.28185E-5 2.01348E-5 3.71612E-5 2.25587E-5 2.60564E-5 1.99047E-5 1.23595E-5 1.19555E-5 7.98458E-6 4.25213E-6 7.5957E-6 8.56064E-6 1.23679E-5 1.33136E-5 9.44247E-6 6.53064E-6 1.26146E-5 2.96946E-6 5.22581E-7 6.77267E-6 1.14615E-5 3.70219E-6 1.57013E-5 1.13366E-5 8.0076E-7 9.79309E-7 6.98082E-6 7.19641E-6 7.73082E-6 8.90291E-6 1.23945E-5 2.40664E-5 4.78332E-5 9.25742E-5 6.55149E-5 2.68735E-5
4.15115E-5 4.87817E-5 7.28418E-5 5.71575E-5 2.91494E-5 1.49718E-5 2.94625E-5 1.98139E-5 1.99559E-5 1.59777E-5 1.10207E-5 2.92972E-5 3.29365E-5 1.73824E-5 5.38905E-6 2.01109E-5 2.22887E-5 1.10415E-5 9.94847E-7 2.74577E-5 3.23656E-5 3.0627E-5 5.86489E-6 1.90481E-5 1.21214E-5 1.37251E-5 1.46111E-5 1.1674E-5 4.65731E-6 2.85282E-7 5.16894E-6 1.12776E-5 1.05859E-5 2.23336E-5 1.65899E-5 1.94766E-5 6.81632E-6 3.80047E-6 9.00905E-6 9.99661E-6 7.06712E-6 1.10104E-5 1.21694E-5 1.30469E-5 1.23668E-5 8.17095E-6 3.29357E-6 4.49124E-6 5.17064E-6 1.66928E-5 1.36493E-5 4.37463E-6 2.91847E-6 5.60055E-6 3.32948E-6 6.8204E-6 2.56168E-6 4.43341E-6 3.40941E-6 6.56861E-6 9.11576E-6 1.14689E-5 2.76434E-5 1.0307E-4 4.96449E-5 1.1587E-5
5.38004E-5 5.00843E-5 3.34364E-5 5.0267E-5 4.6625E-5 4.94592E-5 3.27687E-5 3.31501E-5 3.25467E-5 2.51252E-5 2.61529E-5 2.48726E-5 2.82777E-5 2.89967E-5 2.98993E-5 3.06494E-5 2.84268E-5 2.87117E-5 3.65243E-5 1.10886E-6 2.11781E-6 5.69151E-6 1.28786E-6 6.2635E-7 1.07078E-5 7.83173E-6 1.60798E-5 1.85492E-5 1.50244E-5 2.152E-5 1.78193E-5 7.28457E-6 1.01944E-5 8.93468E-6 3.43516E-6 6.78769E-6 8.89447E-6 6.87362E-6 1.28748E-5 1.13247E-5 1.18102E-5 1.53357E-5 1.80619E-5 1.38245E-5 1.00154E-5 1.44668E-5 5.31231E-6 1.24322E-6 5.61289E-6 1.10415E-5 1.57097E-5 8.42127E-6 4.84011E-6 1.55751E-5 2.04347E-5 1.15028E-5 1.03126E-5 1.21916E-5 4.0974E-6 2.64752E-6 1.42137E-5 8.96496E-6 9.11553E-6 1.43172E-5 5.9622E-6 2.38576E-5
-9999 4.04825E-5 2.04788E-5 4.3288E-5 4.8935E-5 3.38906E-5 3.2215E-5 3.08785E-5 3.13882E-5 2.23827E-5 2.24401E-5 2.10029E-5 2.45741E-5 2.19197E-5 2.28098E-5 2.58213E-5 2.38531E-5 2.69882E-5 2.81169E-5 5.29029E-7 4.60092E-7 7.53745E-6 1.97743E-5 2.12026E-5 1.49835E-5 1.43754E-5 1.6847E-5 1.87573E-5 1.2857E-5 8.4979E-6 1.99649E-6 3.8477E-6 5.32276E-6 4.21549E-6 8.34803E-6 4.48427E-6 1.16251E-5 9.96738E-6 6.3564E-6 1.42879E-5 1.52623E-5 1.97556E-5 1.94096E-5 1.68427E-5 1.90039E-5 1.84267E-5 2.84843E-6 9.22385E-8 7.31549E-6 1.41241E-5 9.45623E-6 6.89549E-6 1.36213E-5 1.7664E-5 1.63238E-5 1.47298E-5 2.35609E-5 1.37898E-5 2.89046E-6 1.57368E-5 1.74097E-6 2.49072E-6 1.41912E-5 1.13906E-5 2.1643E-5 2.93769E-5
3.36049E-5 2.89456E-5 2.19342E-5 9.1772E-6 3.64821E-5 2.73405E-5 2.54727E-5 3.14128E-5 3.17324E-5 2.64435E-5 3.13473E-5 2.41176E-5 1.80257E-5 1.57078E-5 2.18619E-5 1.6126E-5 9.00607E-6 5.42993E-6 7.22826E-6 7.98027E-6 7.0866E-6 1.59013E-5 2.11103E-5 1.68704E-5 1.46317E-5 1.50059E-5 8.27109E-6 8.68198E-6 1.48071E-5 8.20948E-6 1.03449E-5 7.53677E-6 6.80673E-6 5.53452E-6 1.14154E-5 7.88673E-6 1.76968E-6 8.03411E-7 6.4529E-7 5.00374E-6 1.20019E-5 1.34651E-5 1.52629E-5 1.4611E-5 1.75229E-5 8.82646E-6 1.57747E-7 6.14942E-8 3.47945E-6 4.31942E-6 3.6584E-6 1.6397E-5 1.27403E-5 1.29662E-5 1.06377E-5 5.88837E-6 1.09014E-5 2.3683E-5 1.14204E-5 2.33665E-6 3.75716E-6 1.38834E-6 2.68718E-6 3.74598E-6 1.99055E-6 8.15587E-6
9.69844E-6 3.31793E-5 3.45873E-5 3.27794E-5 2.67735E-5 2.69463E-5 3.10831E-5 3.23857E-5 2.70121E-5 2.5219E-5 2.40189E-5 1.87739E-5 1.50326E-5 2.00482E-5 3.09663E-6 4.20248E-8 2.62538E-6 2.16495E-6 9.59142E-6 9.89962E-6 1.25047E-5 1.34693E-5 1.3681E-5 1.55114E-5 1.20932E-5 1.62843E-5 1.08256E-5 1.13775E-5 6.49422E-6 1.11868E-5 1.07411E-5 6.82829E-6 6.66616E-6 1.3596E-5 1.16682E-5 1.04784E-5 6.81276E-6 1.28994E-5 5.38304E-6 5.86168E-6 9.7582E-6 1.37852E-5 1.65307E-5 1.44413E-5 1.51997E-5 7.02335E-6 2.72394E-7 9.01397E-7 7.60706E-6 1.01352E-5 1.2368E-5 1.35375E-5 1.04177E-5 7.69298E-6 4.51493E-7 2.98532E-7 2.13045E-6 2.67568E-7 6.03676E-6 6.55208E-6 1.21004E-6 1.91861E-5 1.04874E-5 5.16481E-7 5.35735E-6 5.58132E-6
1.60574E-5 2.45391E-5 3.57373E-5 2.58148E-5 2.43362E-5 2.93875E-5 3.62989E-5 4.17743E-5 2.47473E-5 2.82902E-5 2.04001E-5 1.5597E-5 1.35311E-5 2.02488E-5 1.32384E-5 7.80013E-6 3.77297E-6 6.73618E-6 7.71008E-6 1.27173E-6 1.62745E-5 1.4046E-5 9.8557E-6 1.50957E-5 5.51313E-6 1.12659E-5 7.12997E-6 5.3591E-6 8.27345E-6 4.78645E-7 8.90518E-6 6.99123E-6 1.20084E-5 1.07477E-5 7.62834E-6 1.15809E-5 1.39494E-5 1.50722E-5 1.10386E-5 7.51803E-6 1.32022E-5 1.01405E-5 1.40881E-5 1.17721E-5 1.11969E-5 9.55709E-6 3.01007E-6 6.37486E-6 4.27914E-6 1.17721E-5 1.24977E-5 6.74039E-6 6.92874E-6 1.17958E-5 1.28501E-6 1.0611E-7 3.42683E-8 3.56809E-7 1.88929E-5 7.34215E-6 1.53154E-5 6.49016E-6 4.62181E-7 1.35364E-6 4.92906E-6 2.24983E-5
6.1077E-6 2.51762E-5 3.12056E-5 2.67329E-5 2.33121E-5 2.31047E-5 3.93871E-5 4.57949E-5 3.5045E-5 3.55182E-5 2.3853E-5 1.65402E-5 1.80595E-5 2.16909E-5 7.61412E-6 1.18877E-5 1.5822E-5 1.71214E-5 1.56654E-5 2.26741E-5 4.12374E-5 8.86753E-6 2.29937E-6 5.95434E-6 1.05153E-5 1.1548E-5 2.07184E-6 3.87249E-6 4.55285E-6 1.51565E-6 7.26703E-6 1.00453E-5 1.6196E-5 8.48174E-6 9.95434E-6 1.31091E-5 8.03154E-6 7.71882E-6 8.22427E-6 1.41911E-5 1.89828E-5 1.68601E-5 1.05723E-5 8.75107E-6 8.70186E-6 7.37698E-6 3.95577E-6 4.38234E-6 1.35823E-5 1.20073E-5 6.26988E-6 7.7257E-6 8.56218E-6 1.27892E-5 1.0752E-5 6.01811E-6 4.82528E-6 1.29461E-6 2.23701E-5 8.62074E-6 4.76829E-7 4.58348E-7 6.48111E-7 3.23816E-8 4.83749E-8 1.70215E-6
8.18872E-6 2.88129E-5 3.51314E-5 3.46652E-5 2.95799E-5 2.64633E-5 3.11403E-5 3.12531E-5 3.72381E-5 3.56616E-5 4.13543E-5 2.95684E-5 2.03884E-5 1.9559E-5 1.78582E-5 1.64206E-6 1.05234E-5 3.74512E-6 7.16693E-6 1.57945E-6 8.37478E-6 3.26094E-5 8.33392E-6 2.56482E-6 2.51969E-6 1.23112E-6 5.02039E-6 1.70558E-6 1.10601E-5 6.07262E-6 1.32487E-5 1.28098E-5 1.33992E-5 1.32481E-5 9.85103E-6 1.14152E-5 9.13742E-6 1.02055E-5 1.14188E-5 1.73516E-5 1.56666E-5 3.76806E-6 7.642E-6 9.99484E-6 7.8949E-6 6.00463E-6 5.61462E-6 1.00744E-5 6.56243E-6 3.12857E-6 4.71488E-6 4.33269E-6 4.36264E-6 1.48512E-5 2.16228E-5 2.56167E-5 2.12058E-5 1.25726E-5 1.18988E-6 1.60408E-7 2.78249E-7 4.48234E-8 1.96455E-8 1.67787E-8 2.42179E-7 3.24883E-6
1.29912E-5 3.36467E-5 4.36224E-5 4.02587E-5 4.53393E-5 2.70003E-5 2.09578E-5 1.65918E-5 2.86189E-5 2.98018E-5 2.74399E-5 2.55372E-5 1.99271E-5 2.19957E-5 3.6114E-5 3.3989E-6 2.90328E-5 7.34833E-7 3.90768E-7 2.09331E-5 1.74114E-5 2.88539E-5 2.79855E-5 2.64473E-5 1.98248E-6 2.28919E-6 2.43428E-7 2.95843E-7 5.67088E-6 3.24515E-6 1.8422E-6 9.7666E-6 1.15159E-5 1.19594E-5 4.93255E-6 1.0462E-6 1.51963E-6 5.08006E-6 9.17854E-6 2.24147E-5 1.91118E-5 6.1143E-6 9.36799E-6 9.67274E-6 8.37126E-6 5.92788E-6 7.09017E-6 6.4119E-6 3.77991E-6 3.41832E-6 5.45554E-6 1.10994E-5 1.86061E-5 2.73285E-5 3.4684E-5 1.13593E-6 6.4581E-8 2.53769E-6 3.50762E-7 1.95361E-8 2.13769E-7 3.17306E-6 1.37922E-7 5.99084E-8 1.28645E-6 6.22089E-8
5.62922E-5 4.06456E-5 5.69018E-5 7.31236E-5 3.70548E-5 2.52788E-5 1.93738E-5 9.01539E-6 1.40295E-5 1.9872E-5 1.86853E-5 1.86502E-5 1.21455E-5 3.24842E-6 2.75735E-5 3.1569E-5 3.48929E-5 2.78004E-5 2.17929E-5 1.08103E-5 6.11203E-6 1.58563E-5 2.06018E-5 4.81242E-6 2.04552E-5 1.02634E-5 1.34146E-6 7.97866E-8 1.19915E-7 2.23569E-5 1.91219E-5 4.18886E-6 6.58074E-6 2.3294E-6 1.34554E-5 5.35906E-6 3.79432E-6 2.69912E-6 1.28797E-5 3.30567E-6 1.96793E-6 7.45747E-6 4.7515E-6 7.04862E-6 7.01251E-6 4.43629E-6 3.56488E-6 4.30969E-6 4.2259E-6 5.87666E-6 1.10186E-5 1.9483E-5 2.9255E-5 2.80721E-5 1.65826E-6 1.03631E-7 2.04008E-8 2.68241E-8 2.44129E-8 3.97773E-8 1.05683E-6 5.40153E-6 6.80836E-6 1.92014E-5 1.65875E-6 5.8324E-7
