catData/rasterBestHybridModels/Pbengalensis/RD_RM1.5_LQ/Pbengalensis_avg.asc
ncols         409
nrows         350
xllcorner     60.897278365
yllcorner     5.843756025
cellsize      0.0892857
NODATA_value  -9999
[rows 116 to 144 of 350, columns 330 to 395 of 409]
1.40379E-4 2.0349E-4 2.20184E-4 1.7752E-4 1.81864E-4 1.78938E-4 1.78864E-4 1.62529E-4 1.26242E-4 1.11801E-4 1.32936E-4 1.65676E-4 1.79929E-4 1.62786E-4 1.46809E-4 1.21435E-4 1.04097E-4 1.35571E-4 1.69729E-4 1.94016E-4 1.64917E-4 1.23216E-4 1.55987E-4 2.00883E-4 1.80299E-4 1.38515E-4 1.63731E-4 2.30022E-4 1.54475E-4 1.25045E-4 1.08474E-4 9.11147E-5 1.54178E-4 1.36785E-4 2.10657E-4 2.97841E-4 3.2613E-4 2.99578E-4 1.70337E-4 1.80635E-4 2.09636E-4 1.64454E-4 1.72253E-4 1.83457E-4 2.3302E-4 2.05895E-4 2.57709E-4 2.345E-4 2.69295E-4 3.0366E-4 5.02093E-4 5.91833E-4 7.52709E-4 8.99964E-4 9.56849E-4 8.80656E-4 -9999 -9999 -9999 -9999 -9999 -9999 -9999 -9999 -9999 -9999
1.67491E-4 2.18745E-4 1.99835E-4 2.21031E-4 2.10425E-4 2.03424E-4 2.15469E-4 1.92248E-4 1.42816E-4 1.20994E-4 1.10033E-4 1.26583E-4 1.23357E-4 1.32914E-4 1.4593E-4 1.31999E-4 1.04302E-4 1.26462E-4 1.39162E-4 1.60593E-4 1.48831E-4 1.28192E-4 1.53187E-4 1.83239E-4 1.93478E-4 1.99855E-4 2.41893E-4 2.04602E-4 2.1439E-4 1.82802E-4 1.5554E-4 8.58203E-5 1.21187E-4 1.33065E-4 1.78528E-4 2.22518E-4 2.44276E-4 2.24927E-4 1.75146E-4 1.65755E-4 1.62111E-4 1.48096E-4 1.91282E-4 2.07111E-4 2.17876E-4 2.77059E-4 5.14355E-4 3.63102E-4 2.94641E-4 3.71667E-4 3.69891E-4 5.09539E-4 5.78977E-4 1.01113E-3 -9999 -9999 -9999 -9999 -9999 -9999 -9999 -9999 -9999 -9999 -9999 -9999
2.12767E-4 2.30764E-4 2.47272E-4 2.74363E-4 2.39153E-4 2.25148E-4 2.54663E-4 2.04083E-4 1.55483E-4 1.18298E-4 9.19156E-5 1.17627E-4 1.40102E-4 1.80296E-4 1.88079E-4 1.54643E-4 1.177E-4 1.4131E-4 1.55678E-4 1.76133E-4 1.86422E-4 1.65898E-4 1.9926E-4 2.71737E-4 2.13267E-4 1.6093E-4 1.52729E-4 1.34999E-4 1.21859E-4 1.20795E-4 2.29887E-4 1.78122E-4 2.46892E-4 7.7979E-4 7.18911E-4 9.00785E-4 9.05645E-4 2.4687E-4 1.41338E-4 1.74687E-4 2.0224E-4 1.57606E-4 1.65896E-4 2.10699E-4 2.30243E-4 4.36546E-4 8.08777E-4 4.33684E-4 3.76037E-4 6.41628E-4 3.77602E-4 1.01794E-3 1.08964E-3 -9999 -9999 -9999 -9999 -9999 -9999 -9999 -9999 -9999 -9999 -9999 -9999 -9999
2.38679E-4 2.15461E-4 2.25818E-4 2.1491E-4 2.0201E-4 1.43486E-4 2.09453E-4 2.00562E-4 1.6716E-4 1.31128E-4 1.04826E-4 1.19333E-4 1.51365E-4 1.87204E-4 1.88845E-4 1.58653E-4 1.26014E-4 1.50497E-4 1.8933E-4 1.89992E-4 2.43468E-4 2.42771E-4 2.39743E-4 1.93054E-4 1.65981E-4 1.21488E-4 9.48233E-5 9.55022E-5 1.04405E-4 1.75092E-4 1.85288E-4 7.07504E-4 7.28508E-4 9.16291E-4 5.44662E-4 5.5055E-4 7.39077E-4 2.92269E-4 1.45621E-4 1.51122E-4 1.58771E-4 1.40301E-4 1.56293E-4 2.4716E-4 3.83737E-4 8.71858E-4 1.37768E-3 1.10282E-3 6.25821E-4 1.26579E-3 7.18135E-4 6.78748E-4 8.51735E-4 -9999 -9999 -9999 -9999 -9999 -9999 -9999 -9999 -9999 -9999 -9999 -9999 -9999
2.18612E-4 2.16118E-4 1.88152E-4 2.28068E-4 1.47751E-4 1.66048E-4 1.89452E-4 2.0947E-4 1.80378E-4 1.36032E-4 1.21192E-4 1.48335E-4 1.8123E-4 1.76204E-4 1.48659E-4 1.38235E-4 1.51775E-4 1.80777E-4 2.36365E-4 2.03791E-4 1.68896E-4 1.75869E-4 1.8394E-4 1.51266E-4 1.50546E-4 1.24691E-4 9.44249E-5 7.99586E-5 1.43732E-4 2.58774E-4 2.53289E-4 3.12458E-4 3.81728E-4 6.87309E-4 7.17816E-4 1.05148E-3 7.77791E-4 9.3246E-4 2.3387E-4 1.98934E-4 1.69475E-4 1.48836E-4 1.59837E-4 3.47578E-4 1.06475E-3 1.81754E-3 2.0345E-3 1.11595E-3 1.41376E-3 2.3064E-3 1.53225E-3 1.59978E-3 1.0272E-3 1.26772E-3 -9999 -9999 -9999 -9999 -9999 -9999 -9999 -9999 -9999 -9999 -9999 -9999
2.66635E-4 2.88904E-4 2.66908E-4 2.33242E-4 1.69042E-4 2.07729E-4 1.99864E-4 1.40046E-4 1.22325E-4 1.62992E-4 7.44101E-5 1.80967E-4 1.07949E-4 2.7145E-4 1.71672E-4 4.00186E-4 2.06024E-4 1.94262E-4 1.55843E-4 1.26561E-4 1.16396E-4 1.30767E-4 1.36855E-4 1.79587E-4 1.85838E-4 1.40526E-4 1.04994E-4 1.63318E-4 2.52439E-4 1.35306E-4 1.07909E-4 1.06894E-4 3.80333E-4 6.4148E-4 9.45182E-4 1.20093E-3 1.37096E-3 8.93839E-4 2.76916E-4 2.12228E-4 1.86831E-4 2.0429E-4 3.71452E-4 6.4378E-4 7.83104E-4 1.64659E-3 2.13585E-3 2.03517E-3 2.54985E-3 1.98038E-3 2.08893E-3 1.87601E-3 1.08131E-3 1.28442E-3 -9999 -9999 -9999 -9999 -9999 -9999 -9999 -9999 -9999 -9999 -9999 -9999
1.7007E-4 1.86161E-4 1.98816E-4 1.4105E-4 1.17766E-4 4.50125E-5 9.252E-5 1.64244E-5 8.29709E-5 7.87324E-5 8.73748E-5 2.38549E-5 1.94726E-4 2.43738E-4 1.89323E-4 4.19363E-4 2.29207E-4 1.82143E-4 1.24603E-4 8.60673E-5 8.98212E-5 9.49625E-5 1.48849E-4 2.0851E-4 1.66717E-4 1.26894E-4 1.0457E-4 1.73991E-4 1.88008E-4 1.27099E-4 1.07502E-4 1.14188E-4 3.41247E-4 5.78779E-4 9.59158E-4 1.59605E-3 1.6744E-3 3.82012E-4 2.11415E-4 1.81162E-4 1.67527E-4 4.57652E-4 1.01948E-3 1.774E-3 1.4321E-3 2.07235E-3 2.03857E-3 2.18707E-3 1.59158E-3 1.26788E-3 1.69469E-3 1.43984E-3 1.12918E-3 -9999 -9999 -9999 -9999 -9999 -9999 -9999 -9999 -9999 -9999 -9999 -9999 -9999
1.85493E-4 1.58331E-4 1.81158E-4 1.69389E-4 1.3267E-4 7.15842E-5 5.87794E-5 1.07094E-4 8.97355E-5 7.5366E-5 5.69932E-5 1.05E-4 1.77113E-4 2.61493E-4 2.65354E-4 5.28837E-4 3.43819E-4 2.10567E-4 1.67051E-4 1.81154E-4 1.46034E-4 1.9162E-4 5.88578E-4 4.49434E-4 1.51124E-4 1.09765E-4 1.32493E-4 1.51788E-4 1.50609E-4 1.33653E-4 1.13758E-4 9.97955E-5 1.55753E-4 2.87328E-4 4.46889E-4 4.93557E-4 4.62186E-4 3.70389E-4 1.87888E-4 1.65446E-4 2.16843E-4 9.10555E-4 7.66687E-4 2.28255E-3 1.49614E-3 1.21037E-3 2.57386E-3 2.04074E-3 1.51243E-3 1.30675E-3 1.17406E-3 1.41233E-3 8.64194E-4 5.52624E-4 -9999 -9999 -9999 -9999 -9999 -9999 -9999 -9999 -9999 -9999 -9999 -9999
2.06831E-4 1.80384E-4 1.61966E-4 1.4468E-4 1.28309E-4 1.07455E-4 9.09533E-5 7.96467E-5 7.56994E-5 8.28873E-5 1.08402E-4 1.53118E-4 1.73761E-4 3.24633E-4 6.32466E-4 7.09334E-4 6.76556E-4 1.22375E-3 1.11325E-3 1.19312E-3 9.74677E-4 6.41472E-4 4.15311E-4 3.52523E-4 1.90798E-4 1.41533E-4 1.46394E-4 1.77704E-4 1.60891E-4 1.31537E-4 1.123E-4 1.22516E-4 1.70107E-4 2.56721E-4 2.08407E-4 2.49987E-4 2.61963E-4 1.8309E-4 1.8408E-4 1.68872E-4 2.39055E-4 9.64378E-4 1.68356E-3 1.26418E-3 7.66163E-4 1.71565E-3 2.42952E-3 2.06431E-3 1.94084E-3 1.53483E-3 1.1921E-3 1.04599E-3 9.87652E-4 -9999 -9999 -9999 -9999 -9999 -9999 -9999 -9999 -9999 -9999 -9999 -9999 -9999
2.04935E-4 1.75845E-4 1.44161E-4 1.5104E-4 1.43408E-4 1.4763E-4 1.29384E-4 9.69578E-5 9.30907E-5 1.08264E-4 1.31203E-4 1.58599E-4 2.012E-4 3.9597E-4 5.88466E-4 1.45231E-3 1.91536E-3 2.30999E-3 2.32602E-3 2.06772E-3 1.32831E-3 8.32789E-4 5.38888E-4 4.07629E-4 6.04893E-4 2.75329E-4 2.16958E-4 1.51247E-4 1.42702E-4 1.30307E-4 1.78047E-4 2.54975E-4 2.41387E-4 2.75443E-4 3.26084E-4 3.65183E-4 2.40608E-4 2.10491E-4 1.72975E-4 1.76528E-4 4.89732E-4 1.3187E-3 1.71302E-3 1.85479E-3 1.48756E-3 1.91939E-3 2.94904E-3 1.59038E-3 1.93966E-3 1.02607E-3 1.0843E-3 7.87112E-4 -9999 -9999 -9999 -9999 -9999 -9999 -9999 -9999 -9999 -9999 -9999 -9999 -9999 -9999
2.73232E-4 1.70481E-4 1.44617E-4 1.5515E-4 1.63125E-4 2.47695E-4 2.77089E-4 3.16731E-4 4.78642E-4 4.76336E-4 5.29615E-4 4.33932E-4 3.94053E-4 5.60914E-4 1.07024E-3 2.12921E-3 1.55565E-3 1.64681E-3 2.48284E-3 1.63294E-3 9.33929E-4 5.17732E-4 5.15614E-4 5.56986E-4 4.86258E-4 2.99615E-4 2.1003E-4 1.34935E-4 1.27268E-4 1.89495E-4 2.33749E-4 3.11446E-4 3.48426E-4 3.81474E-4 3.26663E-4 4.09088E-4 1.72923E-4 1.81387E-4 2.98518E-4 7.61599E-4 1.68483E-3 3.06298E-3 3.43782E-3 2.65891E-3 1.2804E-3 1.99829E-3 2.12152E-3 2.14193E-3 1.45386E-3 8.40448E-4 6.96653E-4 6.43952E-4 6.85505E-4 -9999 -9999 -9999 -9999 -9999 -9999 -9999 -9999 -9999 -9999 -9999 -9999 -9999
3.53765E-4 2.42362E-4 1.55884E-4 1.4499E-4 1.51733E-4 3.74625E-4 7.40201E-4 9.95856E-4 2.18822E-3 2.30313E-3 3.17725E-3 1.69227E-3 1.34042E-3 1.79888E-3 1.4476E-3 1.18403E-3 2.0063E-3 1.28607E-3 1.33866E-3 1.08194E-3 8.59836E-4 5.41026E-4 4.73293E-4 5.67977E-4 5.05747E-4 4.317E-4 2.73513E-4 1.41285E-4 2.19067E-4 4.85632E-4 7.66076E-4 3.82458E-4 5.83859E-4 5.0576E-4 7.57241E-4 3.20737E-4 1.81596E-4 3.18357E-4 3.46375E-4 5.80843E-4 2.05246E-3 2.57247E-3 3.27527E-3 2.93631E-3 1.50347E-3 2.36333E-3 3.0006E-3 1.61586E-3 1.41429E-3 1.13343E-3 7.98179E-4 8.45077E-4 -9999 -9999 -9999 -9999 -9999 -9999 -9999 -9999 -9999 -9999 -9999 -9999 -9999 -9999
6.42769E-4 4.2199E-4 2.65923E-4 2.0468E-4 1.80534E-4 3.28448E-4 7.1576E-4 2.43801E-3 2.48997E-3 3.10918E-3 2.09524E-3 1.69059E-3 1.88251E-3 3.63011E-3 2.09573E-3 1.7335E-3 1.66462E-3 1.80763E-3 1.09202E-3 1.1354E-3 8.88919E-4 5.21431E-4 4.68616E-4 3.38685E-4 3.60618E-4 4.74146E-4 2.49817E-4 1.58733E-4 1.90479E-4 2.62685E-4 4.04337E-4 5.23271E-4 4.87636E-4 3.70837E-4 7.03094E-4 4.36505E-4 2.72533E-4 5.1231E-4 1.13046E-3 2.48069E-3 3.32451E-3 2.25168E-3 1.76535E-3 1.73191E-3 1.38629E-3 1.21545E-3 1.53716E-3 1.63999E-3 2.47967E-3 9.76375E-4 8.07872E-4 -9999 -9999 -9999 -9999 -9999 -9999 -9999 -9999 -9999 -9999 -9999 -9999 -9999 -9999 -9999
1.59152E-3 4.28115E-4 2.45192E-4 1.84277E-4 1.71419E-4 5.06617E-4 6.0525E-4 2.43703E-3 3.00635E-3 2.75988E-3 2.29416E-3 1.9463E-3 1.64133E-3 2.10584E-3 2.04537E-3 2.38917E-3 3.78427E-3 2.03107E-3 1.6625E-3 1.18147E-3 8.67852E-4 7.10622E-4 3.83815E-4 3.58446E-4 4.21791E-4 2.9341E-4 3.02664E-4 2.62919E-4 1.91032E-4 2.14652E-4 2.60957E-4 4.8364E-4 6.33902E-4 3.11777E-4 2.87417E-4 3.81108E-4 7.69844E-4 1.06274E-3 7.61859E-4 1.36816E-3 1.6296E-3 2.23054E-3 9.83498E-4 9.01657E-4 1.14565E-3 1.06988E-3 1.46898E-3 1.5183E-3 1.90592E-3 1.33366E-3 -9999 -9999 -9999 -9999 -9999 -9999 -9999 -9999 -9999 -9999 -9999 -9999 -9999 -9999 -9999 -9999
1.17523E-3 1.14237E-3 5.45906E-4 2.60363E-4 2.01257E-4 3.38237E-4 1.02782E-3 8.89664E-4 3.93478E-3 3.54812E-3 1.82808E-3 1.59393E-3 1.42787E-3 1.80249E-3 1.6315E-3 1.39547E-3 2.75308E-3 1.55508E-3 1.1733E-3 1.19157E-3 6.34706E-4 5.683E-4 4.36734E-4 3.30108E-4 5.48674E-4 4.49793E-4 6.5638E-4 6.22694E-4 3.91616E-4 3.00656E-4 3.39454E-4 4.29053E-4 3.6528E-4 3.27664E-4 3.34778E-4 4.47142E-4 7.22078E-4 5.76494E-4 6.53683E-4 1.68756E-3 9.50321E-4 1.02644E-3 6.49005E-4 7.74318E-4 1.08036E-3 1.00568E-3 9.96837E-4 1.04228E-3 -9999 -9999 -9999 -9999 -9999 -9999 -9999 -9999 -9999 -9999 -9999 -9999 -9999 -9999 -9999 -9999 -9999 -9999
2.75879E-4 3.20225E-4 2.99218E-4 3.00572E-4 3.51831E-4 6.87967E-4 8.64231E-4 1.04397E-3 1.19805E-3 2.73227E-3 1.93885E-3 1.56926E-3 1.58006E-3 1.94826E-3 2.13636E-3 2.01525E-3 2.19469E-3 1.6974E-3 1.46074E-3 1.0716E-3 8.5455E-4 6.01056E-4 4.83743E-4 4.33459E-4 6.16902E-4 1.03173E-3 1.09702E-3 9.26086E-4 9.02512E-4 6.21796E-4 4.23866E-4 6.64778E-4 1.0852E-3 7.88278E-4 1.27688E-3 8.08992E-4 4.4334E-4 3.49589E-4 9.52805E-4 2.35469E-3 7.89952E-4 6.507E-4 6.26649E-4 6.59351E-4 7.2971E-4 7.47229E-4 7.81129E-4 6.5523E-4 -9999 -9999 -9999 -9999 -9999 -9999 -9999 -9999 -9999 -9999 -9999 -9999 -9999 -9999 -9999 -9999 -9999 -9999
1.96246E-4 2.06178E-4 2.22888E-4 1.60631E-4 3.66401E-4 5.92979E-4 4.54016E-4 4.11812E-4 4.43119E-4 5.42251E-4 9.44191E-4 1.36582E-3 2.08947E-3 1.92421E-3 2.36327E-3 1.97504E-3 2.42261E-3 1.82407E-3 1.0845E-3 6.92641E-4 6.56185E-4 7.63699E-4 1.02859E-3 7.30657E-4 8.34627E-4 9.6536E-4 9.96578E-4 1.22376E-3 1.24152E-3 9.15083E-4 1.17404E-3 8.81456E-4 1.70561E-3 1.49812E-3 2.00423E-3 1.22662E-3 4.74862E-4 4.62157E-4 1.36877E-3 6.45885E-4 6.21961E-4 4.14752E-4 6.44182E-4 5.88265E-4 4.51548E-4 7.27513E-4 6.06717E-4 -9999 -9999 -9999 -9999 -9999 -9999 -9999 -9999 -9999 -9999 -9999 -9999 -9999 -9999 -9999 -9999 -9999 -9999 -9999
1.15614E-4 1.18248E-4 1.44463E-4 1.59894E-4 1.82645E-4 1.67938E-4 1.39661E-4 1.37397E-4 1.21778E-4 1.21096E-4 1.27264E-4 1.58464E-4 3.32634E-4 3.65262E-4 4.36652E-4 6.11689E-4 5.81671E-4 4.24809E-4 2.58175E-4 1.87498E-4 3.58874E-4 5.6508E-4 5.72191E-4 4.59307E-4 6.77435E-4 1.16574E-3 1.18862E-3 1.00805E-3 1.18799E-3 1.73554E-3 2.93024E-3 1.62881E-3 1.94567E-3 1.20112E-3 1.46947E-3 7.54959E-4 7.47887E-4 9.38553E-4 7.8894E-4 1.15349E-3 5.6963E-4 8.54169E-4 6.11798E-4 5.60136E-4 4.16611E-4 6.75656E-4 5.40171E-4 -9999 -9999 -9999 -9999 -9999 -9999 -9999 -9999 -9999 -9999 -9999 -9999 -9999 -9999 -9999 -9999 -9999 -9999 -9999
9.36852E-5 1.06373E-4 1.28161E-4 1.39596E-4 1.41083E-4 1.27463E-4 1.10426E-4 9.8212E-5 8.02979E-5 6.82308E-5 8.4391E-5 1.0954E-4 1.48266E-4 1.85661E-4 2.21047E-4 1.9754E-4 1.63498E-4 1.45901E-4 1.30839E-4 1.00475E-4 1.27271E-4 2.07919E-4 2.48697E-4 3.00633E-4 5.51793E-4 6.15603E-4 6.3426E-4 5.70548E-4 7.0607E-4 1.39037E-3 1.78833E-3 1.12822E-3 7.16774E-4 5.16662E-4 4.8606E-4 8.71218E-4 9.35158E-4 2.02831E-3 1.23949E-3 1.32684E-3 8.90433E-4 7.65747E-4 7.0139E-4 6.12192E-4 4.36395E-4 4.92964E-4 4.21018E-4 5.7714E-4 8.67166E-4 -9999 -9999 -9999 -9999 -9999 -9999 -9999 -9999 -9999 -9999 -9999 -9999 -9999 -9999 -9999 -9999 -9999
1.19126E-4 1.21883E-4 1.48641E-4 1.76824E-4 1.78654E-4 1.57373E-4 1.34245E-4 1.09755E-4 9.27974E-5 7.56882E-5 8.72335E-5 1.11949E-4 1.44247E-4 1.8271E-4 2.17347E-4 1.95191E-4 1.71505E-4 2.32873E-4 1.63073E-4 1.27603E-4 1.40664E-4 1.55339E-4 1.74212E-4 1.95657E-4 2.44487E-4 2.62295E-4 3.05565E-4 2.52437E-4 3.33592E-4 4.59989E-4 3.33217E-4 3.03226E-4 2.62972E-4 2.84375E-4 3.89247E-4 5.92799E-4 7.07173E-4 1.30443E-3 3.14377E-3 1.00155E-3 9.11851E-4 8.07252E-4 6.70419E-4 6.38872E-4 5.27845E-4 4.89419E-4 6.8321E-4 7.39935E-4 3.84208E-4 -9999 -9999 -9999 -9999 -9999 -9999 -9999 -9999 -9999 -9999 -9999 -9999 -9999 -9999 -9999 -9999 -9999
1.5121E-4 1.40043E-4 1.57538E-4 2.07279E-4 2.21467E-4 1.83686E-4 1.4259E-4 1.10279E-4 9.79687E-5 8.5787E-5 1.00031E-4 1.20527E-4 1.51664E-4 1.85011E-4 1.94607E-4 1.68953E-4 1.89538E-4 1.86677E-4 1.51688E-4 1.29734E-4 1.40912E-4 1.77439E-4 2.15763E-4 1.81467E-4 2.11014E-4 2.16288E-4 1.90981E-4 2.03999E-4 2.38244E-4 1.97926E-4 2.57643E-4 2.29078E-4 2.89809E-4 3.19551E-4 4.09225E-4 4.65935E-4 4.99309E-4 1.0931E-3 1.26821E-3 6.56287E-4 7.37961E-4 6.38158E-4 9.11014E-4 9.18639E-4 8.25807E-4 6.64856E-4 7.81642E-4 6.53676E-4 -9999 -9999 -9999 -9999 -9999 -9999 -9999 -9999 -9999 -9999 -9999 -9999 -9999 -9999 -9999 -9999 -9999 -9999
1.87581E-4 1.57548E-4 1.38787E-4 1.86529E-4 1.96226E-4 1.7031E-4 1.36791E-4 1.07913E-4 9.28543E-5 1.09156E-4 1.08496E-4 1.29589E-4 1.62802E-4 1.99921E-4 2.31788E-4 1.67971E-4 1.61542E-4 1.5806E-4 1.37179E-4 1.19515E-4 1.4842E-4 2.47025E-4 1.95684E-4 1.69102E-4 1.94678E-4 1.96954E-4 2.47014E-4 2.2321E-4 1.91933E-4 2.52378E-4 2.47601E-4 2.86549E-4 5.83049E-4 4.79658E-4 4.68067E-4 5.37233E-4 7.92291E-4 1.73473E-3 8.80631E-4 6.16804E-4 1.3009E-3 8.9829E-4 1.13583E-3 1.47432E-3 1.1312E-3 1.39138E-3 7.62659E-4 3.19532E-4 -9999 -9999 -9999 -9999 -9999 -9999 -9999 -9999 -9999 -9999 -9999 -9999 -9999 -9999 -9999 -9999 -9999 -9999
1.88854E-4 1.61808E-4 1.29598E-4 1.3435E-4 1.44128E-4 1.36221E-4 1.19945E-4 1.06635E-4 1.22377E-4 1.43111E-4 1.54155E-4 1.39193E-4 1.44591E-4 1.68917E-4 1.76642E-4 1.4372E-4 1.4132E-4 1.41997E-4 1.32246E-4 1.05319E-4 1.23537E-4 2.21326E-4 1.58607E-4 1.95124E-4 2.09867E-4 1.85262E-4 2.10323E-4 1.75381E-4 1.83397E-4 2.67071E-4 4.01492E-4 3.7177E-4 5.29402E-4 4.7341E-4 6.74581E-4 9.66772E-4 1.49331E-3 2.03073E-3 6.49263E-4 5.10119E-4 6.83301E-4 1.00023E-3 1.48496E-3 1.75293E-3 9.85071E-4 7.66655E-4 2.62251E-4 -9999 -9999 -9999 -9999 -9999 -9999 -9999 -9999 -9999 -9999 -9999 -9999 -9999 -9999 -9999 -9999 -9999 -9999 -9999
1.54994E-4 1.44064E-4 1.13883E-4 1.1029E-4 1.26059E-4 1.27516E-4 1.20974E-4 1.17395E-4 1.53238E-4 1.8485E-4 2.01676E-4 1.74531E-4 1.50164E-4 1.25821E-4 1.26248E-4 1.36959E-4 1.52133E-4 1.82985E-4 1.30699E-4 9.77912E-5 1.52876E-4 1.57805E-4 1.9749E-4 2.03909E-4 2.18028E-4 1.86502E-4 2.11869E-4 1.41353E-4 1.50274E-4 2.33759E-4 3.87265E-4 3.16887E-4 3.95762E-4 4.67829E-4 6.02456E-4 1.03608E-3 1.18374E-3 1.48793E-3 7.63806E-4 6.8789E-4 7.0541E-4 7.41989E-4 1.28841E-3 1.13408E-3 6.88805E-4 3.45254E-4 2.36149E-4 -9999 -9999 -9999 -9999 -9999 -9999 -9999 -9999 -9999 -9999 -9999 -9999 -9999 -9999 -9999 -9999 -9999 -9999 -9999
1.2612E-4 1.38728E-4 1.60648E-4 1.4836E-4 1.64653E-4 1.59625E-4 1.46615E-4 1.33948E-4 1.60405E-4 1.91095E-4 2.15545E-4 2.06241E-4 1.72365E-4 1.31316E-4 1.54445E-4 1.80936E-4 1.80907E-4 1.93818E-4 1.24332E-4 1.36251E-4 2.48277E-4 1.9742E-4 1.88567E-4 1.7506E-4 2.16377E-4 2.76699E-4 2.80521E-4 2.99082E-4 2.31562E-4 1.99694E-4 3.18896E-4 2.4895E-4 2.63493E-4 3.29808E-4 4.46982E-4 8.91417E-4 1.22741E-3 1.25942E-3 6.17365E-4 7.12282E-4 8.3767E-4 7.95222E-4 1.353E-3 1.081E-3 5.57715E-4 3.62254E-4 -9999 -9999 -9999 -9999 -9999 -9999 -9999 -9999 -9999 -9999 -9999 -9999 -9999 -9999 -9999 -9999 -9999 -9999 -9999 -9999
1.46171E-4 1.74123E-4 2.0668E-4 1.55903E-4 1.95942E-4 1.891E-4 1.57105E-4 1.57233E-4 1.64289E-4 1.97177E-4 2.1972E-4 1.82869E-4 1.79393E-4 1.54249E-4 1.76206E-4 2.01604E-4 1.97948E-4 1.6347E-4 1.88832E-4 2.54268E-4 1.97671E-4 2.56603E-4 1.61145E-4 1.91525E-4 2.95288E-4 3.41331E-4 4.18523E-4 2.32535E-4 2.37893E-4 2.25625E-4 3.28432E-4 2.5633E-4 2.05283E-4 2.88327E-4 6.29847E-4 1.07585E-3 1.56418E-3 1.16388E-3 6.70349E-4 6.50821E-4 8.45304E-4 1.08516E-3 1.15136E-3 9.58628E-4 3.70456E-4 -9999 -9999 -9999 -9999 -9999 -9999 -9999 -9999 -9999 -9999 -9999 -9999 -9999 -9999 -9999 -9999 -9999 -9999 -9999 -9999 -9999
1.32871E-4 1.62806E-4 1.87535E-4 1.48249E-4 1.87804E-4 1.78411E-4 1.65526E-4 1.9899E-4 1.74218E-4 1.88988E-4 2.05494E-4 2.08739E-4 2.03563E-4 2.08737E-4 1.46039E-4 1.9016E-4 1.91277E-4 2.2054E-4 3.57556E-4 4.52181E-4 2.74327E-4 3.00879E-4 2.69877E-4 2.4414E-4 2.01475E-4 4.51105E-4 9.9039E-4 4.70807E-4 3.90777E-4 3.48751E-4 2.98856E-4 2.27509E-4 2.39257E-4 4.28107E-4 9.86273E-4 1.58892E-3 2.22531E-3 1.22156E-3 9.27885E-4 6.39537E-4 2.11569E-3 1.22968E-3 9.27132E-4 5.42661E-4 2.19068E-4 -9999 -9999 -9999 -9999 -9999 -9999 -9999 -9999 -9999 -9999 -9999 -9999 -9999 -9999 -9999 -9999 -9999 -9999 -9999 -9999 -9999
1.23427E-4 1.42587E-4 1.49582E-4 1.3304E-4 1.45668E-4 1.78792E-4 2.36716E-4 2.51022E-4 2.00856E-4 1.70749E-4 1.71664E-4 1.77393E-4 1.53282E-4 1.77867E-4 1.42215E-4 2.23143E-4 2.41109E-4 3.97142E-4 4.14576E-4 3.50799E-4 3.4576E-4 2.63979E-4 3.70135E-4 3.00845E-4 3.8451E-4 1.09784E-3 8.09591E-4 4.86453E-4 5.45233E-4 4.78795E-4 4.22102E-4 3.98929E-4 3.59588E-4 5.54645E-4 1.46344E-3 1.22253E-3 1.80933E-3 1.26399E-3 1.20984E-3 9.48343E-4 1.35818E-3 1.07323E-3 6.92668E-4 2.85692E-4 -9999 -9999 -9999 -9999 -9999 -9999 -9999 -9999 -9999 -9999 -9999 -9999 -9999 -9999 -9999 -9999 -9999 -9999 -9999 -9999 -9999 -9999
1.1092E-4 1.14203E-4 1.24892E-4 1.17565E-4 1.49644E-4 1.95201E-4 2.26896E-4 2.47153E-4 1.91344E-4 1.40549E-4 1.36591E-4 1.58231E-4 1.45343E-4 2.29538E-4 2.48E-4 2.98037E-4 4.2733E-4 4.51823E-4 2.30609E-4 3.47066E-4 3.37608E-4 3.58269E-4 5.72531E-4 3.47446E-4 6.30259E-4 1.26638E-3 8.39844E-4 5.69009E-4 4.77019E-4 6.39365E-4 5.58576E-4 5.50963E-4 5.91569E-4 7.60129E-4 1.11063E-3 1.11528E-3 1.2626E-3 2.08983E-3 1.18283E-3 9.41112E-4 8.45968E-4 9.06526E-4 5.10861E-4 2.89697E-4 -9999 -9999 -9999 -9999 -9999 -9999 -9999 -9999 -9999 -9999 -9999 -9999 -9999 -9999 -9999 -9999 -9999 -9999 -9999 -9999 -9999 -9999
