catData/rasterBestHybridModels/Pbengalensis/RD_RM1.5_LQ/Pbengalensis_max.asc
ncols         409
nrows         350
xllcorner     60.897278365
yllcorner     5.843756025
cellsize      0.0892857
NODATA_value  -9999
[rows 116 to 144 of 350, columns 198 to 263 of 409]
1.48349E-5 1.72041E-5 1.83051E-5 1.84487E-5 2.05627E-5 2.30608E-5 2.56815E-5 2.3473E-5 1.95598E-5 2.12296E-5 2.12769E-5 1.91579E-5 1.98826E-5 2.02154E-5 1.79038E-5 1.87471E-5 2.12932E-5 2.32698E-5 2.88136E-5 3.45253E-5 3.41831E-5 3.69223E-5 3.68385E-5 3.48876E-5 3.07587E-5 2.68997E-5 3.04535E-5 3.88625E-5 4.94771E-5 4.62107E-5 3.82778E-5 3.80701E-5 3.13758E-5 2.54912E-5 2.50019E-5 2.30855E-5 2.45914E-5 3.14677E-5 4.29412E-5 5.45787E-5 5.55507E-5 4.97398E-5 5.0278E-5 5.60894E-5 5.31798E-5 5.19894E-5 5.62924E-5 5.31138E-5 4.57756E-5 5.51537E-5 6.10291E-5 5.92767E-5 5.45524E-5 7.79102E-5 7.90224E-5 6.23851E-5 6.88302E-5 9.09799E-5 9.05194E-5 7.21529E-5 5.65872E-5 5.706E-5 5.45893E-5 5.74019E-5 7.18773E-5 8.36625E-5
1.88758E-5 2.13686E-5 2.50144E-5 2.00613E-5 2.02986E-5 2.16111E-5 2.44952E-5 2.17515E-5 1.98345E-5 2.66852E-5 2.84563E-5 1.98897E-5 2.56725E-5 2.57886E-5 2.11212E-5 2.14238E-5 1.84425E-5 2.44541E-5 3.31607E-5 3.35724E-5 2.78646E-5 3.35464E-5 2.99392E-5 2.43682E-5 2.62339E-5 2.44376E-5 2.46986E-5 3.68088E-5 5.50203E-5 5.01219E-5 3.70412E-5 2.72996E-5 2.36533E-5 2.12398E-5 2.39743E-5 2.59269E-5 2.70044E-5 3.16922E-5 4.37402E-5 6.34368E-5 6.21043E-5 5.29285E-5 6.81201E-5 6.20481E-5 5.74549E-5 7.11416E-5 6.32053E-5 4.80027E-5 3.52371E-5 4.04239E-5 4.36541E-5 4.09384E-5 5.38722E-5 6.87906E-5 6.16062E-5 4.84934E-5 5.31881E-5 6.38737E-5 7.0224E-5 6.63495E-5 5.60028E-5 4.71205E-5 4.91483E-5 5.98697E-5 7.07458E-5 8.22001E-5
2.55675E-5 2.00931E-5 2.29253E-5 2.40519E-5 1.90086E-5 9.2307E-6 1.85373E-5 1.62614E-5 1.76217E-5 2.15068E-5 2.51434E-5 1.89131E-5 2.46753E-5 2.4681E-5 2.70932E-5 2.56017E-5 2.00216E-5 2.01742E-5 2.74554E-5 3.53084E-5 2.42362E-5 3.35437E-5 2.93311E-5 2.61576E-5 3.60784E-5 3.07881E-5 3.03148E-5 3.71105E-5 4.86382E-5 4.22167E-5 3.57082E-5 3.12935E-5 2.58394E-5 2.36129E-5 2.92009E-5 2.5271E-5 3.38869E-5 3.06092E-5 3.67807E-5 4.65592E-5 4.688E-5 4.70436E-5 5.96147E-5 5.49621E-5 5.91458E-5 7.40394E-5 6.84191E-5 4.97421E-5 4.13652E-5 4.13235E-5 3.48079E-5 3.89119E-5 5.01399E-5 6.06711E-5 3.17379E-5 5.33328E-5 6.40094E-5 6.78346E-5 8.19161E-5 6.93553E-5 5.45805E-5 4.65314E-5 5.09537E-5 6.41191E-5 8.293E-5 1.08426E-4
2.00481E-5 1.70587E-5 1.40934E-5 1.48098E-5 1.73643E-5 4.7186E-6 1.14317E-5 1.24394E-5 1.13687E-5 1.29317E-5 2.5828E-5 2.40172E-5 2.26485E-5 1.92205E-5 2.36343E-5 2.66004E-5 2.20749E-5 1.76129E-5 2.32945E-5 2.67835E-5 2.64756E-5 2.38331E-5 2.61914E-5 2.98366E-5 3.70308E-5 3.76276E-5 3.39792E-5 3.4084E-5 4.35562E-5 4.22008E-5 4.50318E-5 3.59739E-5 2.93848E-5 3.11187E-5 3.40561E-5 4.23707E-5 3.33426E-5 3.53841E-5 3.02577E-5 3.2599E-5 3.13583E-5 3.28064E-5 3.71785E-5 5.15754E-5 6.82369E-5 5.42359E-5 5.36879E-5 4.74308E-5 5.08502E-5 5.31408E-5 3.83517E-5 3.87224E-5 4.59475E-5 5.02913E-5 4.54961E-5 4.7942E-5 6.89294E-5 5.25465E-5 5.81078E-5 5.44215E-5 4.484E-5 4.81525E-5 5.76089E-5 6.14494E-5 7.94162E-5 1.02179E-4
1.78044E-5 1.80238E-5 1.11795E-5 1.66427E-5 1.52947E-5 1.26979E-5 1.06866E-5 2.38827E-5 1.79722E-5 9.24619E-6 1.64595E-5 1.73353E-5 2.37148E-5 1.91575E-5 1.92202E-5 2.22555E-5 2.1235E-5 1.64957E-5 1.84864E-5 2.21268E-5 2.23087E-5 2.07796E-5 2.70762E-5 3.29035E-5 2.66231E-5 2.75211E-5 1.54235E-5 1.84476E-5 2.90591E-5 3.96476E-5 4.26079E-5 3.40332E-5 3.66637E-5 4.05819E-5 3.42763E-5 4.2036E-5 3.79979E-5 3.43306E-5 3.77774E-5 3.20469E-5 3.54898E-5 2.96779E-5 3.82327E-5 4.70136E-5 4.51035E-5 4.74563E-5 6.48244E-5 5.30412E-5 5.75256E-5 5.75919E-5 5.42358E-5 5.52726E-5 5.67798E-5 7.14694E-5 5.13033E-5 5.08928E-5 5.09821E-5 4.23288E-5 3.78548E-5 4.35411E-5 5.1306E-5 6.04271E-5 7.61923E-5 7.00142E-5 7.33593E-5 7.27326E-5
1.34872E-5 2.12755E-5 1.29699E-5 1.21998E-5 1.42946E-5 7.75301E-6 1.6844E-5 2.36515E-5 2.04434E-5 8.81662E-6 7.62672E-6 1.20686E-5 1.61336E-5 2.39928E-5 2.57817E-5 1.4116E-5 1.83601E-5 2.10086E-5 2.04799E-5 1.74622E-5 1.55385E-5 1.73575E-5 2.15074E-5 2.52633E-5 3.27844E-5 2.64432E-5 2.0335E-5 1.85917E-5 2.95257E-5 3.15289E-5 3.53495E-5 3.03972E-5 3.77503E-5 4.42812E-5 3.41415E-5 3.36799E-5 2.37843E-5 1.23864E-5 4.1232E-5 8.03571E-6 2.42969E-5 3.56812E-5 4.09977E-5 4.93656E-5 4.37452E-5 4.05555E-5 4.90902E-5 4.4142E-5 4.393E-5 4.42775E-5 5.75586E-5 5.45753E-5 5.64794E-5 5.19034E-5 5.58265E-5 6.52579E-5 4.69163E-5 4.17504E-5 4.5807E-5 5.30045E-5 6.71765E-5 6.84379E-5 9.7561E-5 7.56376E-5 8.04171E-5 8.76516E-5
6.49922E-6 7.61318E-6 2.44936E-6 4.26066E-6 4.0741E-6 1.04002E-5 2.07733E-6 1.45804E-5 2.80125E-5 1.55576E-5 1.66146E-5 5.67936E-6 1.66644E-5 2.3354E-5 1.94818E-5 1.58404E-5 1.97645E-5 2.65532E-5 2.44575E-5 1.88711E-5 1.59444E-5 2.05175E-5 2.14896E-5 2.27867E-5 2.66905E-5 2.07484E-5 1.38823E-5 1.77267E-5 2.89363E-5 3.50552E-5 3.66701E-5 2.96828E-5 3.3548E-5 3.08336E-5 2.8007E-5 3.76133E-5 4.21361E-5 3.27255E-5 2.78358E-5 2.94218E-5 2.8947E-5 3.71064E-5 4.94337E-5 4.03791E-5 3.36775E-5 3.69224E-5 3.69199E-5 4.15885E-5 4.30614E-5 3.6675E-5 3.70567E-5 4.22568E-5 4.64225E-5 5.88597E-5 4.85543E-5 5.68028E-5 4.89975E-5 4.12607E-5 5.36776E-5 6.59276E-5 6.92432E-5 4.58862E-5 6.36495E-5 5.40275E-5 6.56829E-5 7.12843E-5
2.38517E-6 8.7906E-6 5.26337E-6 7.94815E-7 4.28774E-6 4.12364E-6 3.59688E-6 7.42811E-6 6.21602E-6 7.95645E-6 2.05028E-5 1.39499E-5 8.71837E-6 7.70943E-6 2.04075E-5 1.83699E-5 1.92126E-5 2.05112E-5 2.00549E-5 1.66659E-5 1.73988E-5 2.47131E-5 3.03946E-5 2.37419E-5 1.90361E-5 2.16468E-5 2.3929E-5 3.94784E-5 3.20641E-5 2.59538E-5 2.91303E-5 3.7321E-5 4.36116E-5 3.37897E-5 2.55367E-5 2.99664E-5 2.77312E-5 4.26807E-5 2.88703E-5 2.59579E-5 2.82484E-5 3.01523E-5 3.33813E-5 3.1357E-5 3.33033E-5 4.48162E-5 4.43141E-5 4.40959E-5 4.60615E-5 4.19317E-5 4.56457E-5 4.62536E-5 4.21703E-5 4.45033E-5 4.63108E-5 5.28916E-5 4.47769E-5 3.56698E-5 4.28799E-5 5.47898E-5 5.69031E-5 7.28957E-5 6.07093E-5 4.09401E-5 4.25489E-5 6.21577E-5
1.34684E-5 1.57498E-5 1.41547E-5 4.09381E-6 6.8539E-6 1.37822E-5 9.174E-6 8.5745E-6 1.81577E-5 9.10716E-6 7.1821E-6 1.75848E-5 6.16612E-6 2.27144E-5 2.34258E-5 2.40432E-5 1.87699E-5 1.12687E-5 2.07253E-5 7.76869E-6 1.60568E-5 1.53941E-5 2.65641E-5 2.31248E-5 2.7057E-5 2.53402E-5 2.2782E-5 2.53718E-5 2.58175E-5 2.20104E-5 2.59934E-5 1.9723E-5 3.4641E-5 2.93426E-5 3.40352E-5 3.45371E-5 2.37136E-5 2.50858E-5 2.80271E-5 3.1603E-5 3.78998E-5 3.35905E-5 2.58109E-5 2.22668E-5 2.83779E-5 3.70418E-5 3.80146E-5 3.50328E-5 4.1207E-5 3.50615E-5 3.5905E-5 3.46309E-5 3.02936E-5 3.62618E-5 3.62595E-5 3.66223E-5 4.02292E-5 3.22336E-5 3.47879E-5 4.035E-5 5.07848E-5 5.70748E-5 7.07702E-5 4.90802E-5 4.2941E-5 4.81744E-5
1.03384E-5 7.38992E-6 1.55358E-5 3.48381E-6 4.48487E-6 1.75827E-5 1.46436E-5 5.90795E-6 1.92678E-5 7.75143E-6 6.12474E-6 1.42645E-6 6.5946E-6 8.20846E-6 1.1678E-5 8.77776E-6 1.17589E-5 1.73609E-5 1.77583E-5 7.67999E-6 9.19238E-6 1.75147E-5 2.38745E-5 2.41411E-5 1.67225E-5 2.62933E-5 2.12314E-5 2.12349E-5 2.34074E-5 2.13035E-5 1.99238E-5 2.8727E-5 2.59041E-5 2.48484E-5 3.01709E-5 3.47399E-5 1.18671E-5 3.11039E-5 2.89987E-5 2.37613E-5 3.90359E-5 3.35335E-5 2.54668E-5 2.14136E-5 2.35228E-5 2.8295E-5 2.91918E-5 2.65678E-5 2.91081E-5 3.1719E-5 4.11144E-5 3.73869E-5 2.77861E-5 2.57266E-5 2.85815E-5 3.72361E-5 3.60569E-5 3.19247E-5 4.45019E-5 4.98764E-5 4.38591E-5 4.15092E-5 5.96555E-5 7.15866E-5 6.13344E-5 6.42375E-5
1.06431E-5 1.20226E-5 8.47832E-6 1.5164E-6 1.76767E-5 7.77347E-6 6.30238E-6 5.51169E-6 7.16917E-6 3.16254E-6 4.78402E-6 1.51437E-6 8.41714E-6 1.31886E-5 2.04973E-6 1.04151E-5 9.59989E-6 9.58359E-6 1.05319E-5 9.4942E-6 7.78178E-6 1.56271E-5 1.93845E-5 2.3464E-5 1.85685E-5 1.63887E-5 1.84971E-5 2.50297E-5 2.29949E-5 7.61854E-6 1.8758E-5 2.62089E-5 3.41373E-5 2.78577E-5 1.39171E-5 1.28312E-5 2.71556E-5 3.0412E-5 2.82974E-5 2.47843E-5 2.42386E-5 2.60174E-5 2.8677E-5 2.83362E-5 2.77621E-5 3.60329E-5 3.74866E-5 2.97581E-5 2.53233E-5 2.76248E-5 3.23311E-5 3.06808E-5 2.66933E-5 2.65639E-5 2.34034E-5 2.70822E-5 2.68581E-5 2.78546E-5 3.73884E-5 3.99563E-5 3.35367E-5 3.02857E-5 3.48469E-5 4.16986E-5 3.84045E-5 3.81968E-5
1.30844E-5 1.86208E-6 1.0006E-5 6.67191E-6 8.58022E-6 3.55805E-7 1.25783E-6 1.35319E-5 4.23323E-6 1.09113E-6 8.30094E-6 4.9546E-6 1.12613E-6 1.62736E-5 1.09878E-5 1.18876E-5 1.83669E-5 1.77345E-5 1.23684E-5 4.01307E-6 3.96917E-6 8.6124E-6 1.70981E-5 1.05588E-5 1.33276E-5 1.26888E-5 2.05464E-5 2.41934E-5 1.72348E-5 1.04325E-5 2.7392E-5 1.34503E-5 4.00039E-5 3.69561E-5 1.56432E-5 2.06828E-5 3.28596E-5 2.84675E-5 3.33056E-5 2.46952E-5 2.202E-5 1.92911E-5 3.773E-5 3.65012E-5 2.81915E-5 3.01731E-5 3.17616E-5 3.32614E-5 3.36085E-5 3.00048E-5 2.36672E-5 2.72781E-5 3.46737E-5 3.48403E-5 2.70745E-5 2.67953E-5 2.7343E-5 3.14955E-5 3.07085E-5 2.43142E-5 2.54155E-5 2.48196E-5 2.60261E-5 2.49133E-5 3.19993E-5 3.77699E-5
4.64766E-6 9.41638E-6 1.77384E-6 3.1353E-7 5.84235E-7 8.91882E-7 2.88639E-6 2.43219E-6 6.53732E-6 1.95497E-7 6.94556E-7 3.99092E-6 1.49115E-6 1.36501E-5 1.44008E-5 8.69945E-6 1.38541E-5 1.132E-5 1.23544E-5 5.33435E-6 1.47969E-5 2.03453E-5 1.90868E-5 5.106E-6 1.19785E-5 4.92028E-6 1.69957E-5 1.54E-5 2.29203E-5 2.356E-5 3.14249E-5 2.18585E-5 2.97886E-5 2.44101E-5 2.27335E-5 2.27311E-5 2.97629E-5 3.31457E-5 2.98627E-5 3.30424E-5 2.44399E-5 1.73003E-5 3.17549E-5 3.11542E-5 3.48148E-5 3.71057E-5 3.24474E-5 3.0785E-5 3.97461E-5 3.22711E-5 2.47058E-5 2.94356E-5 3.23772E-5 3.14542E-5 2.49857E-5 3.25145E-5 3.33377E-5 3.34565E-5 3.33643E-5 2.67379E-5 2.8499E-5 2.76493E-5 2.68917E-5 2.75242E-5 3.30993E-5 3.77967E-5
2.57135E-6 1.59239E-5 1.26134E-5 5.30111E-6 4.49099E-6 1.38674E-5 1.41107E-5 7.12461E-6 1.19619E-5 4.97789E-7 1.27812E-6 7.75497E-6 5.54003E-6 2.02271E-5 1.70838E-5 1.31079E-5 1.23176E-5 1.40496E-5 1.16356E-5 3.7933E-6 1.60759E-5 8.26556E-6 6.60271E-6 1.25127E-5 6.78591E-6 2.88099E-6 6.6589E-6 5.76224E-6 9.41081E-6 1.74469E-5 2.74364E-5 2.93497E-5 2.79676E-5 1.65284E-5 1.48801E-5 2.5346E-5 1.71472E-5 2.79563E-5 3.11387E-5 3.81924E-5 2.89516E-5 2.41815E-5 3.0288E-5 3.06254E-5 2.95267E-5 3.10021E-5 2.66898E-5 2.93416E-5 2.86791E-5 2.59152E-5 2.55896E-5 3.36751E-5 3.39807E-5 2.51302E-5 2.31575E-5 2.97701E-5 2.97548E-5 2.56411E-5 2.27453E-5 2.75587E-5 3.18326E-5 2.77637E-5 3.41431E-5 2.71174E-5 2.68915E-5 3.12871E-5
2.01705E-6 1.23031E-6 6.72767E-7 3.51842E-6 1.22453E-5 1.60783E-5 1.4149E-5 4.11824E-7 9.86185E-7 2.03937E-7 8.41682E-6 1.31885E-5 1.43412E-5 1.588E-5 1.40782E-5 1.77634E-5 1.60371E-5 1.86399E-5 1.56686E-5 8.33456E-6 1.78455E-5 1.17207E-5 2.90558E-6 6.34661E-6 9.04093E-6 1.5928E-5 6.32229E-6 4.1584E-7 1.52932E-5 2.49074E-5 1.82212E-5 3.08725E-5 3.00254E-5 2.89374E-5 3.35128E-5 1.69184E-5 3.45782E-5 3.54951E-5 2.70354E-5 2.68237E-5 2.99742E-5 2.61695E-5 3.33769E-5 3.40824E-5 3.26291E-5 2.93697E-5 3.02988E-5 3.94115E-5 3.05943E-5 2.54948E-5 2.33169E-5 2.62125E-5 2.61029E-5 2.1642E-5 2.61228E-5 3.21131E-5 2.91693E-5 2.16674E-5 1.8288E-5 2.02151E-5 2.22902E-5 2.22564E-5 2.45039E-5 2.40506E-5 2.74342E-5 3.39988E-5
1.12584E-7 1.54703E-6 3.05399E-6 5.3506E-6 5.81405E-6 1.3232E-5 5.29383E-8 1.78559E-7 7.61997E-6 3.68061E-6 1.83885E-6 4.85774E-6 1.9691E-6 2.33258E-6 1.60897E-5 9.09032E-6 1.58708E-5 1.47193E-5 1.35804E-5 9.82976E-6 1.18293E-5 1.40476E-5 1.62455E-5 2.11003E-5 2.04691E-5 1.49627E-5 5.77582E-6 1.47022E-5 1.54523E-5 2.25476E-5 1.88398E-5 2.2388E-5 2.9655E-5 2.81687E-5 2.6346E-5 1.82264E-5 1.74377E-5 9.83278E-6 1.92114E-5 2.14558E-5 3.63863E-5 2.82754E-5 2.78822E-5 3.58938E-5 3.26535E-5 2.92025E-5 2.61644E-5 2.98809E-5 2.68825E-5 3.27835E-5 2.85275E-5 2.74585E-5 2.63298E-5 2.34163E-5 2.2878E-5 2.73976E-5 2.5534E-5 2.00428E-5 1.53676E-5 1.52175E-5 1.65254E-5 1.87965E-5 2.5038E-5 3.21732E-5 2.79315E-5 3.31747E-5
6.15468E-8 8.24775E-7 1.83024E-6 2.1665E-6 7.05516E-6 1.89758E-5 2.74875E-6 5.10079E-6 1.4986E-5 1.487E-5 6.07196E-6 8.40055E-6 5.54485E-6 8.98293E-7 8.92697E-6 1.01436E-5 1.03726E-5 1.06874E-5 6.8154E-6 2.33801E-6 1.77804E-5 2.13659E-5 2.43554E-5 7.40203E-6 4.03756E-6 1.1795E-5 5.44779E-6 6.16459E-6 2.93092E-6 3.82968E-6 2.13252E-6 1.22572E-5 3.86301E-6 2.57383E-7 1.58303E-6 1.55666E-5 1.81525E-5 2.08178E-5 2.37765E-5 3.44148E-5 2.6134E-5 2.02502E-5 2.40601E-5 2.84138E-5 2.57175E-5 2.72092E-5 3.07701E-5 2.58841E-5 2.73311E-5 3.0738E-5 2.71557E-5 3.02004E-5 3.50195E-5 2.69453E-5 1.99135E-5 1.72162E-5 1.91885E-5 1.67426E-5 1.44733E-5 1.20062E-5 1.46146E-5 1.91955E-5 2.481E-5 2.96122E-5 2.58601E-5 2.81065E-5
6.91552E-7 2.89253E-6 5.52567E-8 2.83705E-7 5.25302E-6 1.5152E-5 1.20153E-5 2.16428E-6 3.18397E-6 1.61308E-6 1.59993E-6 9.3439E-6 1.19468E-5 1.52982E-5 1.35549E-5 5.00097E-6 7.66412E-6 8.58531E-6 1.34355E-5 7.12848E-6 1.68279E-6 1.77457E-5 1.47162E-5 1.2245E-5 7.30005E-6 1.06419E-5 9.88439E-6 3.0414E-6 9.26313E-6 2.96407E-6 3.51156E-6 5.47957E-7 3.69665E-7 1.35434E-6 4.09806E-6 8.20808E-6 7.68294E-6 4.60286E-6 5.65126E-6 9.142E-6 1.30693E-5 1.31543E-5 1.06943E-5 5.63111E-6 2.38074E-5 2.83683E-5 3.11902E-5 2.69003E-5 2.97914E-5 2.471E-5 2.41246E-5 2.31216E-5 2.61796E-5 2.34587E-5 1.85079E-5 1.79968E-5 2.23463E-5 2.05314E-5 1.67625E-5 1.33794E-5 1.54421E-5 1.97618E-5 2.55635E-5 3.08644E-5 2.61125E-5 1.84977E-5
1.24134E-6 5.36242E-6 1.94236E-6 1.27561E-7 2.85305E-6 7.12049E-6 2.85856E-6 1.42938E-5 7.48712E-6 1.22543E-5 8.02789E-6 8.47566E-6 9.74004E-6 6.27242E-6 8.70285E-6 4.12088E-6 6.10319E-6 4.78786E-6 3.81443E-6 9.18172E-6 1.4055E-5 2.60007E-6 6.96108E-6 6.37148E-6 7.06737E-6 1.06521E-5 1.46129E-6 5.62672E-6 1.74785E-6 5.4573E-7 1.41195E-6 5.54489E-7 1.80919E-7 8.17573E-6 7.18068E-6 7.50243E-6 9.49517E-7 1.95592E-6 4.09238E-6 1.86398E-7 4.25953E-8 7.31061E-8 9.59485E-8 4.70046E-7 2.72115E-7 5.54731E-7 1.25663E-7 7.52519E-7 8.33574E-7 2.04853E-5 2.09539E-5 1.51577E-5 2.97493E-5 2.28972E-5 2.04197E-5 2.68506E-5 2.37889E-5 2.56011E-5 1.9328E-5 1.46202E-5 1.46949E-5 1.7153E-5 2.0196E-5 2.55676E-5 3.07491E-5 1.67173E-5
1.53271E-6 1.26761E-6 2.81798E-6 1.69864E-6 4.09317E-7 2.28708E-6 3.75895E-6 3.6893E-6 1.10505E-5 9.40513E-6 6.0501E-6 1.5841E-5 3.06568E-6 6.45588E-6 2.08248E-6 1.18331E-6 1.19799E-6 6.07978E-6 1.33451E-5 6.11167E-6 6.71873E-6 8.92772E-6 6.69102E-6 1.32282E-6 1.50616E-6 2.2635E-6 3.33022E-6 3.03061E-6 1.21271E-5 4.27795E-6 9.38604E-6 7.42122E-6 1.25602E-5 1.52441E-5 2.26027E-5 1.63388E-5 1.16678E-5 4.01906E-6 1.09706E-5 5.62191E-6 3.94865E-7 3.77857E-7 1.67892E-6 2.8131E-6 5.05479E-7 1.41497E-6 1.9852E-6 1.09103E-7 1.82972E-7 6.29616E-6 1.91834E-5 1.63104E-5 8.13816E-6 1.68215E-5 1.98805E-5 2.188E-5 3.13374E-5 2.58981E-5 1.95431E-5 1.47089E-5 1.76732E-5 2.1728E-5 2.34527E-5 2.48955E-5 2.22342E-5 3.08945E-5
4.16789E-6 3.52578E-6 4.15306E-6 1.28006E-6 6.75958E-7 4.78096E-6 1.42979E-5 1.71289E-6 8.01939E-6 1.91906E-6 8.69966E-6 4.17974E-6 4.79898E-7 2.91044E-6 9.38016E-6 3.41193E-7 8.87324E-7 3.05726E-6 7.5221E-6 8.84009E-6 8.41771E-6 7.40747E-6 5.29406E-6 2.14734E-6 2.44034E-6 9.9013E-6 6.71026E-6 1.04859E-5 7.17774E-6 6.7465E-6 1.73358E-5 4.65782E-6 6.10639E-6 2.39413E-6 1.07004E-6 1.46181E-6 4.83177E-6 8.38513E-6 7.55121E-6 1.79262E-6 3.27416E-6 1.14132E-6 1.3909E-7 2.34477E-7 2.47708E-7 1.29379E-6 1.41804E-5 4.35258E-6 1.92369E-5 9.42104E-6 1.77632E-5 8.76847E-6 1.5416E-5 2.09378E-5 1.82014E-5 2.09816E-5 1.81305E-5 2.21056E-5 8.2477E-6 1.46973E-5 1.83022E-5 1.19568E-5 3.03213E-5 2.69698E-5 2.20717E-5 2.39942E-5
3.11353E-6 1.49747E-5 1.22891E-5 5.5697E-7 1.16474E-6 1.20333E-5 1.20822E-5 1.45021E-6 5.88266E-6 2.35064E-7 7.6246E-7 1.11896E-6 5.79853E-7 1.48448E-7 3.01982E-6 5.07486E-6 1.87473E-7 6.66573E-6 8.29086E-6 6.90685E-6 1.23794E-6 3.08489E-6 6.0602E-6 1.62143E-6 1.3499E-6 8.15127E-7 3.21181E-6 8.33149E-6 3.54638E-6 2.40979E-6 3.88606E-6 5.57141E-6 1.48616E-6 4.03155E-6 1.63116E-7 1.36113E-6 1.23971E-6 6.57344E-7 3.91609E-7 2.67594E-7 2.16011E-6 3.24949E-6 1.09236E-7 2.91139E-7 3.06388E-6 2.50604E-6 6.51709E-6 1.3666E-5 3.05278E-5 2.00177E-5 2.094E-5 2.12407E-5 1.24689E-5 7.54301E-6 1.50906E-5 2.19782E-5 1.93398E-5 1.27006E-5 1.597E-5 8.57884E-6 1.36739E-5 2.36621E-5 2.16394E-5 2.51637E-5 2.98815E-5 2.65131E-5
1.01051E-5 1.12561E-5 1.56385E-5 2.78443E-6 9.29811E-7 2.04371E-6 2.59894E-7 4.11977E-7 2.9569E-6 1.87387E-6 2.68901E-6 2.06855E-7 9.51693E-7 7.87066E-8 1.04555E-6 2.09077E-6 6.04801E-6 7.98897E-6 4.28654E-6 1.60906E-6 3.5756E-6 2.16669E-7 3.42193E-7 1.94361E-6 1.21718E-5 1.59002E-5 1.35901E-5 1.26634E-5 2.80475E-5 2.00041E-5 1.71188E-5 2.39545E-5 9.99516E-6 4.68368E-7 1.17323E-6 1.55169E-6 1.11254E-5 3.0916E-5 9.23743E-7 5.13686E-8 1.16397E-7 6.94493E-7 4.64584E-8 4.34606E-8 3.12091E-6 2.6916E-7 1.3034E-6 2.71404E-6 3.20735E-5 3.81374E-5 4.31259E-5 3.02789E-5 2.32843E-5 6.37911E-6 2.8957E-6 3.10499E-6 1.48963E-5 1.05387E-5 1.05169E-5 1.04946E-5 5.11218E-6 1.43062E-5 1.86564E-5 2.58591E-5 3.51338E-5 3.45798E-5
1.54641E-7 1.23851E-7 6.33194E-6 1.31211E-5 9.81306E-7 4.15368E-7 2.24445E-7 2.90328E-7 1.14588E-6 1.21634E-6 2.1942E-6 1.32327E-6 1.50217E-6 2.68328E-6 3.16497E-6 7.05303E-6 1.156E-5 6.0308E-6 1.25618E-7 1.09864E-7 2.11566E-7 1.18678E-6 7.09478E-6 2.41686E-5 4.16941E-6 8.19061E-6 6.34303E-6 1.29517E-5 1.11163E-5 1.02366E-5 7.49481E-6 5.23274E-6 1.35519E-5 4.11669E-6 5.49536E-6 8.82193E-7 1.04955E-6 6.82719E-8 4.12987E-8 1.37242E-7 6.32204E-8 2.81825E-7 7.62002E-9 2.35854E-8 4.55236E-8 1.28932E-7 1.39472E-6 5.05817E-7 1.17079E-6 6.28874E-7 1.25191E-5 2.51313E-5 1.88183E-5 6.31313E-6 1.2471E-5 4.10243E-6 1.82198E-5 2.66384E-5 2.54831E-5 1.76338E-5 1.34106E-5 2.88321E-5 3.52103E-5 2.79284E-5 2.76128E-5 2.7964E-5
5.71679E-9 1.52546E-8 3.61612E-8 2.04182E-7 4.11659E-7 7.83757E-7 1.25104E-7 2.2048E-7 8.52745E-7 1.12225E-5 1.11128E-5 1.12671E-5 6.0066E-6 5.46496E-6 5.75844E-6 3.37755E-6 1.75514E-6 1.17131E-6 2.92136E-8 1.82391E-6 1.2175E-6 5.58081E-7 7.6888E-7 3.897E-7 4.58422E-6 7.30427E-6 2.01896E-5 1.24715E-5 1.00379E-5 7.56073E-6 3.27533E-5 1.26664E-5 3.18596E-5 5.75447E-6 9.33027E-7 3.3842E-7 7.77751E-8 8.23691E-8 6.19237E-7 1.38024E-6 3.12566E-6 1.3853E-6 3.48294E-7 3.18876E-6 6.01121E-7 5.32513E-6 1.64754E-6 4.70475E-6 3.1074E-6 1.87064E-6 2.08795E-5 2.15616E-5 1.72405E-5 1.52963E-5 1.75438E-5 8.06095E-6 1.65049E-5 1.55172E-5 2.13561E-5 2.39548E-5 2.28678E-5 3.28344E-5 3.60704E-5 2.9632E-5 2.28986E-5 2.95086E-5
3.46259E-8 2.99369E-9 2.56609E-8 2.16706E-6 3.36135E-6 9.46937E-7 6.73042E-7 9.22187E-7 7.7047E-7 6.89699E-6 4.22304E-6 1.1572E-5 4.15789E-6 3.33008E-6 7.69718E-7 9.31211E-8 1.54861E-6 5.49546E-7 9.58494E-7 1.20857E-7 5.06149E-8 1.1586E-6 5.58357E-6 2.167E-5 4.7059E-6 1.56589E-6 1.31752E-5 6.91275E-6 6.01318E-6 8.3683E-6 2.49327E-5 5.26408E-6 3.13748E-6 1.26423E-7 1.66088E-6 5.54917E-7 3.15839E-6 3.89153E-6 2.57126E-6 1.40742E-6 1.68965E-7 6.47673E-7 8.30493E-6 5.66129E-6 3.13614E-6 3.69575E-6 5.86696E-6 5.98293E-6 2.86142E-6 3.00928E-6 4.73606E-6 6.99579E-6 1.13335E-5 6.98446E-6 8.80093E-7 5.63578E-6 5.56645E-6 7.38943E-6 1.97683E-5 2.68286E-5 3.01855E-5 1.99101E-5 2.49939E-5 2.24194E-5 1.7811E-5 1.92836E-5
5.67383E-7 1.12623E-7 5.93847E-7 7.28691E-7 4.93422E-7 2.16311E-5 5.35417E-7 3.10513E-6 7.59868E-6 1.7234E-5 3.79233E-6 4.80808E-6 8.88601E-7 4.90475E-8 6.65519E-8 1.4273E-6 3.35873E-6 2.06281E-6 5.91428E-7 4.41303E-7 8.48686E-7 1.48169E-5 1.25303E-5 2.89158E-5 1.73971E-5 2.43315E-6 3.34859E-6 2.75697E-6 8.25958E-6 3.60139E-6 6.51768E-6 5.79635E-6 3.05831E-6 4.60854E-6 9.5755E-7 8.06164E-7 6.55295E-6 1.91365E-5 1.2732E-6 4.74479E-6 1.21689E-6 1.36771E-6 4.44545E-6 4.05895E-6 2.09972E-6 5.58786E-9 6.45803E-8 2.20975E-6 5.71253E-7 9.30025E-6 5.92753E-6 2.10242E-5 1.36303E-6 6.67107E-8 1.12644E-6 7.28907E-6 1.25385E-5 5.29104E-6 1.96437E-5 1.80955E-5 2.85808E-5 2.84072E-5 8.34078E-6 8.93981E-6 1.02757E-5 9.57015E-6
3.69211E-6 3.38835E-6 2.4261E-6 4.38285E-6 4.11306E-6 3.41046E-6 1.74312E-6 8.06263E-7 1.76912E-6 6.91315E-6 1.00138E-5 2.328E-7 3.63269E-7 2.08679E-6 3.54825E-7 5.25592E-7 2.0188E-6 2.02789E-6 1.4171E-6 2.40711E-6 6.91569E-7 3.84917E-6 1.19986E-5 3.06005E-5 1.19811E-5 1.07745E-5 1.40083E-6 1.67799E-6 2.92315E-6 8.67962E-6 4.18658E-6 4.3041E-6 2.33013E-6 9.12381E-7 1.31913E-5 1.13971E-5 1.33077E-5 1.02477E-5 2.8844E-6 1.55338E-6 3.92617E-6 3.0724E-6 1.33492E-5 1.66357E-5 1.45535E-6 3.41736E-6 2.32406E-6 1.40373E-7 4.5318E-6 2.61331E-5 1.55856E-5 1.68038E-5 1.50835E-5 7.63283E-6 5.72669E-6 1.2382E-5 1.27723E-5 1.90287E-5 2.0532E-5 2.23456E-5 1.78398E-5 2.17275E-5 6.28394E-6 2.97348E-6 6.70082E-6 1.55127E-5
2.16956E-7 2.64952E-6 1.15419E-5 4.93942E-6 1.77573E-6 8.68883E-8 5.91523E-7 5.28367E-7 2.21816E-6 1.49295E-6 4.27879E-7 8.12469E-6 4.35149E-6 1.25128E-7 1.37548E-7 2.56349E-7 1.24847E-6 3.88963E-6 3.50762E-7 1.11698E-6 3.68199E-6 7.45036E-6 1.47045E-5 1.14507E-5 6.78948E-6 1.10199E-6 9.43912E-7 1.33913E-6 4.50015E-7 2.92145E-6 1.10452E-6 2.63739E-6 2.07238E-6 1.03962E-5 1.19129E-6 2.37541E-6 5.20006E-6 1.29658E-6 7.04291E-6 3.7697E-6 1.5598E-6 4.76025E-7 1.24512E-6 1.98969E-6 9.022E-7 5.08449E-6 2.26498E-5 2.52321E-5 2.23905E-5 2.3491E-5 3.5994E-5 3.59236E-5 1.39653E-5 1.55642E-5 8.49506E-6 1.93971E-5 9.48608E-6 2.41564E-5 3.85325E-5 3.23992E-5 1.64109E-5 1.67721E-5 2.43656E-5 2.22848E-5 1.36331E-5 1.07914E-5
