catData/rasterBestHybridModels/Pbengalensis/RD_RM1.5_LQ/Pbengalensis_median.asc
ncols         409
nrows         350
xllcorner     60.897278365
yllcorner     5.843756025
cellsize      0.0892857
NODATA_value  -9999
[rows 116 to 144 of 350, columns 264 to 329 of 409]
8.2674E-5 7.57456E-5 7.86156E-5 7.85587E-5 8.74736E-5 9.18526E-5 7.78101E-5 1.03065E-4 9.98703E-5 1.04519E-4 8.85086E-5 1.00549E-4 1.01359E-4 1.04671E-4 1.25508E-4 1.24132E-4 1.25338E-4 1.15477E-4 1.32641E-4 1.39727E-4 1.25144E-4 1.31491E-4 1.39656E-4 1.51886E-4 1.5266E-4 1.60633E-4 1.26614E-4 1.10617E-4 1.11333E-4 1.18958E-4 1.51039E-4 2.16527E-4 2.14148E-4 1.44738E-4 1.42608E-4 8.89718E-5 9.97885E-5 1.14494E-4 1.14884E-4 1.2695E-4 1.50398E-4 1.87453E-4 2.0132E-4 1.7998E-4 2.68865E-4 1.85034E-4 1.6938E-4 1.18885E-4 1.82959E-4 1.8138E-4 2.39387E-4 2.30859E-4 2.69072E-4 1.88215E-4 3.12629E-4 3.03166E-4 3.0101E-4 3.07247E-4 2.14149E-4 1.2163E-4 1.40641E-4 1.37822E-4 1.19113E-4 1.35606E-4 1.69306E-4 1.641E-4
7.25613E-5 5.5151E-5 5.97324E-5 6.83102E-5 8.47043E-5 8.67002E-5 7.28809E-5 8.68346E-5 8.98892E-5 9.72978E-5 1.01178E-4 1.26378E-4 1.1249E-4 9.98725E-5 1.25456E-4 1.2014E-4 9.61808E-5 1.1446E-4 1.5513E-4 1.26679E-4 1.12801E-4 9.2492E-5 1.03504E-4 1.03164E-4 1.2515E-4 1.51187E-4 1.36325E-4 1.27094E-4 1.39963E-4 1.26338E-4 1.35676E-4 1.57792E-4 1.44555E-4 1.19863E-4 9.60906E-5 7.74011E-5 7.55604E-5 1.03755E-4 1.14463E-4 1.4328E-4 1.74204E-4 1.46225E-4 1.71156E-4 1.40488E-4 1.39711E-4 1.26366E-4 1.50868E-4 1.84296E-4 1.66752E-4 1.68419E-4 1.78308E-4 1.61819E-4 1.56391E-4 1.89314E-4 2.00713E-4 2.69635E-4 3.49361E-4 3.96531E-4 1.14211E-4 1.71275E-4 1.27576E-4 1.57814E-4 1.33232E-4 1.19947E-4 1.96638E-4 2.19052E-4
8.55106E-5 6.58967E-5 6.06628E-5 6.40123E-5 7.29852E-5 7.13794E-5 7.88539E-5 8.52601E-5 9.70607E-5 1.16748E-4 1.18197E-4 1.07162E-4 1.06735E-4 1.21831E-4 1.16447E-4 9.57013E-5 9.47721E-5 1.22182E-4 1.24585E-4 1.27427E-4 1.06334E-4 7.99105E-5 7.826E-5 9.41178E-5 1.23044E-4 1.59108E-4 1.38737E-4 7.08763E-5 1.46804E-4 1.38992E-4 1.65419E-4 1.68086E-4 1.43624E-4 1.15375E-4 9.28967E-5 8.51404E-5 8.634E-5 8.96863E-5 1.11941E-4 1.62838E-4 1.70916E-4 1.45265E-4 1.39832E-4 1.07248E-4 1.06582E-4 1.11526E-4 1.38303E-4 1.81992E-4 1.59147E-4 1.74667E-4 1.88114E-4 1.44938E-4 1.7251E-4 1.9487E-4 1.50841E-4 1.29523E-4 1.21096E-4 1.13719E-4 1.20117E-4 1.42858E-4 1.84474E-4 2.17064E-4 1.93713E-4 2.25069E-4 2.55428E-4 2.34969E-4
7.95069E-5 9.02218E-5 7.5643E-5 5.66168E-5 6.1548E-5 8.11752E-5 1.03215E-4 8.39705E-5 8.33543E-5 1.10635E-4 1.2406E-4 9.68691E-5 1.0683E-4 1.17809E-4 1.11574E-4 9.08707E-5 9.13279E-5 1.10954E-4 1.16158E-4 1.1223E-4 9.42188E-5 8.7473E-5 7.75449E-5 1.07297E-4 1.07385E-4 1.14596E-4 3.05759E-5 8.77509E-5 1.56834E-4 1.39677E-4 1.50381E-4 2.41945E-4 1.57258E-4 1.08213E-4 8.89213E-5 9.22251E-5 1.04678E-4 1.09513E-4 9.36743E-5 1.33334E-4 1.62177E-4 1.63072E-4 1.26876E-4 1.07238E-4 1.23418E-4 1.38964E-4 1.34524E-4 1.40894E-4 7.96957E-5 1.28008E-4 1.16075E-4 1.40647E-4 1.65349E-4 1.49048E-4 1.063E-4 1.44947E-4 1.42565E-4 1.67209E-4 1.7724E-4 1.37991E-4 2.03263E-4 2.6043E-4 2.12363E-4 2.09625E-4 2.14781E-4 2.14549E-4
7.13104E-5 8.10665E-5 6.89613E-5 5.63651E-5 5.80347E-5 7.2772E-5 8.21428E-5 7.49949E-5 6.62469E-5 8.01393E-5 8.91862E-5 8.42122E-5 7.75238E-5 8.72855E-5 8.98681E-5 7.93862E-5 1.12145E-4 1.21318E-4 1.27432E-4 1.30543E-4 1.18916E-4 1.02302E-4 1.10659E-4 1.47461E-4 7.72656E-5 4.72256E-5 7.67899E-5 1.12301E-4 1.18803E-4 1.12844E-4 1.36018E-4 1.53985E-4 1.3E-4 1.03014E-4 9.98556E-5 1.03303E-4 1.25516E-4 1.40903E-4 1.26497E-4 1.10736E-4 1.28904E-4 1.44115E-4 1.33774E-4 1.12264E-4 1.34776E-4 1.76143E-4 1.58167E-4 1.51748E-4 1.8225E-4 5.27491E-5 1.11619E-4 1.26086E-4 1.66385E-4 1.80378E-4 1.41981E-4 1.64665E-4 1.65537E-4 1.71008E-4 1.94001E-4 1.56413E-4 1.6806E-4 1.88539E-4 2.14842E-4 3.12725E-4 1.83926E-4 2.17304E-4
5.7948E-5 5.90383E-5 5.4837E-5 4.72292E-5 4.77319E-5 5.5755E-5 6.18131E-5 5.93303E-5 6.11194E-5 7.4635E-5 8.19213E-5 7.73463E-5 6.7279E-5 6.84608E-5 8.63829E-5 1.00739E-4 1.17113E-4 9.72446E-5 9.82324E-5 1.18561E-4 1.36298E-4 1.06265E-4 1.04726E-4 1.07369E-4 6.14645E-5 1.01314E-4 1.02524E-4 1.29771E-4 1.74858E-4 1.26384E-4 1.29215E-4 1.43098E-4 1.42064E-4 1.21193E-4 1.2469E-4 1.29963E-4 1.5917E-4 1.70096E-4 1.61184E-4 1.29224E-4 1.53267E-4 1.66279E-4 1.45018E-4 1.1567E-4 1.20909E-4 1.40546E-4 1.3679E-4 1.32073E-4 1.41981E-4 1.28127E-4 7.47195E-5 1.16851E-4 1.39177E-4 1.6295E-4 1.30325E-4 1.51255E-4 1.45905E-4 1.53893E-4 1.69547E-4 1.47552E-4 1.5607E-4 1.55329E-4 1.80652E-4 1.72115E-4 2.23292E-4 1.86522E-4
7.20726E-5 6.44457E-5 5.22419E-5 4.8378E-5 5.26259E-5 5.46112E-5 4.63833E-5 5.22099E-5 6.84324E-5 1.39536E-4 1.03056E-4 8.89567E-5 7.47568E-5 7.21524E-5 9.50293E-5 1.25246E-4 1.39272E-4 9.74855E-5 8.14017E-5 9.58522E-5 9.81129E-5 9.26205E-5 1.34718E-4 1.3321E-4 1.2631E-4 1.01529E-4 9.52145E-5 1.16376E-4 1.31802E-4 1.16109E-4 1.01833E-4 1.05836E-4 1.09487E-4 1.386E-4 1.50816E-4 1.18765E-4 1.13974E-4 1.22708E-4 1.61411E-4 9.50983E-5 1.36704E-4 1.46392E-4 1.19077E-4 1.07967E-4 1.207E-4 1.19354E-4 1.03972E-4 1.03508E-4 1.084E-4 1.02756E-4 9.94845E-5 1.09336E-4 1.07516E-4 9.89934E-5 1.36181E-4 1.76088E-4 2.02092E-4 1.61731E-4 1.66484E-4 1.76395E-4 1.82248E-4 2.14689E-4 1.5807E-4 1.98821E-4 2.15093E-4 2.56494E-4
6.68182E-5 6.64667E-5 4.95808E-5 6.10838E-5 6.61837E-5 7.03729E-5 5.44049E-5 5.34264E-5 6.27927E-5 8.04944E-5 9.21613E-5 8.49885E-5 7.22935E-5 6.74533E-5 1.00355E-4 1.20893E-4 1.01556E-4 1.03906E-4 7.11903E-5 7.23355E-5 8.38067E-5 7.78334E-5 1.10017E-4 1.28418E-4 1.1865E-4 1.11977E-4 1.12085E-4 1.05176E-4 1.12665E-4 9.29559E-5 9.41457E-5 8.88844E-5 1.00739E-4 1.39737E-4 1.23663E-4 1.08001E-4 9.13211E-5 1.32403E-4 1.65556E-4 1.66758E-4 1.15318E-4 9.40959E-5 9.79244E-5 1.23341E-4 1.55494E-4 1.46311E-4 1.16724E-4 9.46192E-5 8.18064E-5 7.99272E-5 7.87673E-5 7.82236E-5 8.4643E-5 1.05011E-4 1.30887E-4 1.55109E-4 1.57917E-4 1.63778E-4 1.83192E-4 1.84228E-4 1.93422E-4 2.20265E-4 2.31323E-4 1.92439E-4 1.49257E-4 1.91838E-4
4.43063E-5 4.30808E-5 4.73626E-5 6.47588E-5 8.14158E-5 6.80876E-5 5.92882E-5 6.87821E-5 6.86753E-5 6.3368E-5 7.8576E-5 7.69058E-5 6.30677E-5 7.80495E-5 1.04684E-4 1.03919E-4 7.94936E-5 7.27638E-5 6.5096E-5 5.64435E-5 6.62853E-5 9.67406E-5 1.0714E-4 1.25275E-4 1.00615E-4 1.15791E-4 1.18644E-4 1.06967E-4 1.17612E-4 1.0563E-4 1.38062E-4 1.08133E-4 9.1113E-5 1.20366E-4 1.28139E-4 1.02694E-4 1.15743E-4 1.3781E-4 1.3473E-4 1.32736E-4 1.14264E-4 9.05224E-5 1.0767E-4 1.18843E-4 1.45159E-4 1.3828E-4 1.13889E-4 9.21427E-5 9.35919E-5 9.95758E-5 9.78011E-5 8.88445E-5 9.06219E-5 1.08143E-4 1.61747E-4 1.62879E-4 1.54146E-4 1.89619E-4 2.37439E-4 1.97257E-4 1.78235E-4 2.51698E-4 1.99348E-4 1.72228E-4 1.86223E-4 2.18892E-4
3.7643E-5 4.4545E-5 4.83547E-5 5.38847E-5 6.3041E-5 5.70581E-5 6.0653E-5 9.12643E-5 8.32824E-5 6.77409E-5 5.61275E-5 5.16509E-5 6.62982E-5 8.6579E-5 1.0841E-4 1.02288E-4 8.4819E-5 8.29495E-5 8.6288E-5 6.56159E-5 7.21316E-5 9.49659E-5 1.34595E-4 1.26685E-4 1.10195E-4 1.1581E-4 1.2202E-4 1.17963E-4 1.41547E-4 1.15988E-4 1.51597E-4 1.19578E-4 9.91718E-5 1.23501E-4 1.42917E-4 1.17522E-4 1.50425E-4 1.50715E-4 1.33538E-4 1.04909E-4 9.60465E-5 1.14549E-4 1.25674E-4 1.54547E-4 1.35665E-4 1.07743E-4 9.63613E-5 9.70657E-5 1.15607E-4 1.2685E-4 1.20148E-4 1.0387E-4 1.13611E-4 1.41728E-4 1.4076E-4 1.79533E-4 1.90689E-4 1.95716E-4 1.94647E-4 1.77389E-4 2.02993E-4 1.8262E-4 1.52666E-4 1.66689E-4 1.87475E-4 2.10953E-4
3.80268E-5 5.56305E-5 3.62102E-5 5.53361E-5 4.95034E-5 5.98477E-5 4.77984E-5 6.93067E-5 6.80235E-5 5.8783E-5 5.2396E-5 3.6978E-5 6.03186E-5 9.43827E-5 1.12057E-4 9.23598E-5 9.20074E-5 1.01364E-4 8.69351E-5 7.27889E-5 6.84856E-5 1.01932E-4 1.13414E-4 1.01459E-4 1.10657E-4 9.11146E-5 9.35902E-5 1.07681E-4 1.16162E-4 1.00004E-4 1.11487E-4 1.03373E-4 1.09804E-4 1.36426E-4 1.25524E-4 1.1048E-4 1.30229E-4 1.4501E-4 1.18301E-4 9.74486E-5 9.05858E-5 9.49339E-5 1.19024E-4 1.40292E-4 1.24783E-4 1.02023E-4 1.01056E-4 1.04679E-4 1.33804E-4 1.68731E-4 1.69821E-4 1.28348E-4 1.38921E-4 1.63071E-4 1.47028E-4 1.33453E-4 1.30429E-4 1.146E-4 1.40907E-4 1.70647E-4 1.54407E-4 1.00112E-4 1.43511E-4 1.79495E-4 1.85005E-4 2.19269E-4
2.8417E-5 3.88447E-5 5.53814E-5 4.67975E-5 5.48605E-5 6.02754E-5 5.85927E-5 6.2435E-5 7.64588E-5 6.35092E-5 4.97209E-5 4.6855E-5 5.88277E-5 6.70595E-5 9.63185E-5 9.77085E-5 8.43353E-5 9.67446E-5 8.20297E-5 6.71089E-5 5.56782E-5 6.83151E-5 7.78044E-5 7.74859E-5 7.19903E-5 6.91225E-5 8.7863E-5 1.1409E-4 1.28016E-4 1.01768E-4 8.35922E-5 8.07557E-5 1.00807E-4 1.15458E-4 1.07735E-4 1.05089E-4 9.3994E-5 1.26846E-4 1.26616E-4 1.15464E-4 1.13703E-4 1.13644E-4 1.20575E-4 1.2836E-4 1.10096E-4 1.12218E-4 1.29028E-4 1.2253E-4 1.23472E-4 1.46995E-4 1.50334E-4 1.62313E-4 1.3441E-4 1.65098E-4 1.45862E-4 1.38938E-4 1.18138E-4 1.41082E-4 1.74227E-4 1.68047E-4 5.36042E-5 1.48159E-4 1.44535E-4 2.05324E-4 2.50842E-4 3.08581E-4
2.16177E-5 2.61258E-5 2.99278E-5 3.47412E-5 4.36592E-5 4.4277E-5 7.26175E-5 8.18281E-5 8.84527E-5 4.92393E-5 4.56352E-5 3.51433E-5 4.95724E-5 6.97261E-5 6.65435E-5 7.59945E-5 6.8269E-5 5.67016E-5 5.7786E-5 4.92116E-5 5.32586E-5 6.94343E-5 8.44955E-5 8.15172E-5 6.87835E-5 6.11602E-5 7.55228E-5 8.96583E-5 9.35723E-5 8.46051E-5 7.20644E-5 6.81029E-5 8.0215E-5 9.44161E-5 1.0936E-4 1.21777E-4 8.79819E-5 1.29379E-4 1.40827E-4 1.43948E-4 1.39589E-4 1.39473E-4 1.35684E-4 1.49404E-4 1.15987E-4 1.21099E-4 1.5885E-4 1.35855E-4 1.15701E-4 1.71585E-4 1.47866E-4 1.52256E-4 1.30902E-4 1.26248E-4 1.43059E-4 1.23149E-4 1.51663E-4 1.82211E-4 2.1735E-4 1.61171E-4 2.00106E-4 1.84341E-4 1.83271E-4 3.19816E-4 5.0069E-4 7.11332E-4
2.23703E-5 2.586E-5 3.04916E-5 2.895E-5 3.23557E-5 3.40855E-5 4.20381E-5 4.76542E-5 5.37631E-5 5.65047E-5 5.04047E-5 5.39511E-5 4.86863E-5 6.19488E-5 4.35314E-5 5.73264E-5 6.59114E-5 6.05161E-5 5.39936E-5 5.48506E-5 5.34632E-5 6.90073E-5 9.03785E-5 8.08097E-5 7.0854E-5 6.67113E-5 5.91725E-5 6.64007E-5 8.83309E-5 8.13083E-5 8.00656E-5 6.88357E-5 7.72562E-5 1.16425E-4 1.28893E-4 1.32391E-4 9.19306E-5 1.08449E-4 1.0558E-4 1.18335E-4 1.36827E-4 1.1545E-4 1.07531E-4 1.3242E-4 1.00909E-4 1.07553E-4 1.1881E-4 1.14103E-4 1.15126E-4 1.3275E-4 1.13988E-4 1.13782E-4 1.06389E-4 9.6235E-5 9.53689E-5 1.09079E-4 1.46132E-4 1.95749E-4 2.70105E-4 7.65899E-5 2.57916E-4 2.3236E-4 1.92946E-4 3.16737E-4 8.27197E-4 1.34487E-3
2.2587E-5 2.04693E-5 2.35384E-5 2.46327E-5 2.40132E-5 2.63107E-5 3.13816E-5 3.15554E-5 3.26395E-5 3.69685E-5 4.17275E-5 4.55214E-5 4.45287E-5 4.39272E-5 4.10807E-5 4.63962E-5 5.7739E-5 6.92399E-5 5.41828E-5 5.44745E-5 4.61783E-5 5.64884E-5 6.3522E-5 7.06835E-5 6.24842E-5 4.27485E-5 5.756E-5 7.28362E-5 1.08103E-4 5.71478E-5 5.54242E-5 6.04587E-5 5.99985E-5 7.66542E-5 1.0035E-4 9.83287E-5 8.97471E-5 8.84307E-5 8.05046E-5 8.06984E-5 1.02667E-4 8.81774E-5 1.17542E-4 1.2385E-4 1.18253E-4 1.41484E-4 1.23799E-4 9.89919E-5 8.5727E-5 8.5866E-5 8.83716E-5 8.87362E-5 8.44873E-5 7.63927E-5 9.55444E-5 1.1571E-4 1.55865E-4 1.57321E-4 2.06114E-4 1.47643E-4 2.28731E-4 2.10981E-4 2.3175E-4 2.55181E-4 5.58356E-4 1.34864E-3
2.13607E-5 1.74154E-5 1.61396E-5 1.5899E-5 2.09544E-5 2.68537E-5 3.41343E-5 3.1402E-5 3.68708E-5 3.60951E-5 2.99608E-5 3.04012E-5 3.0172E-5 3.06742E-5 3.01288E-5 3.58738E-5 4.18377E-5 4.34356E-5 5.00979E-5 5.06113E-5 3.34137E-5 2.74976E-5 3.25149E-5 6.40891E-5 6.85976E-5 6.09139E-5 6.3006E-5 6.63745E-5 8.91739E-5 1.09243E-4 8.82416E-5 7.68513E-5 4.01583E-5 6.22622E-5 1.16066E-4 7.45261E-5 9.94016E-5 4.75186E-5 6.65306E-5 6.34332E-5 8.68577E-5 9.37637E-5 1.34538E-4 1.33048E-4 1.14715E-4 1.36156E-4 1.18368E-4 1.04072E-4 1.09289E-4 9.9563E-5 8.83555E-5 8.37741E-5 7.77963E-5 7.95484E-5 1.02199E-4 1.31259E-4 1.68241E-4 1.88986E-4 1.91957E-4 1.37408E-4 1.65521E-4 1.61243E-4 1.93218E-4 1.96719E-4 2.06911E-4 2.74327E-4
1.96245E-5 1.63666E-5 1.42448E-5 1.72017E-5 2.19358E-5 2.73942E-5 2.71189E-5 2.4666E-5 3.0033E-5 3.0592E-5 2.6872E-5 3.37109E-5 3.53435E-5 3.67829E-5 3.46834E-5 1.30649E-5 3.57928E-5 3.96069E-5 4.55951E-5 3.77913E-5 3.33532E-5 3.4974E-5 6.05502E-5 5.08159E-5 3.09481E-5 5.05022E-5 5.6265E-5 3.08606E-5 6.89797E-5 3.69436E-5 7.7075E-5 9.71605E-5 7.61375E-5 7.11861E-5 8.76568E-5 4.18473E-5 6.91804E-5 4.95943E-5 2.965E-5 6.47248E-5 7.98741E-5 8.76422E-5 1.03346E-4 1.16813E-4 1.05507E-4 1.01589E-4 1.00642E-4 1.30299E-4 1.41495E-4 1.17372E-4 1.00749E-4 1.04196E-4 9.60141E-5 8.28667E-5 9.87023E-5 1.24146E-4 1.75151E-4 1.99107E-4 1.88064E-4 1.24344E-4 1.10033E-4 1.2232E-4 1.2754E-4 1.27187E-4 1.75779E-4 1.84396E-4
1.75523E-5 1.42398E-5 1.31471E-5 1.72812E-5 2.20138E-5 2.79398E-5 2.66431E-5 2.78858E-5 3.11985E-5 2.4842E-5 2.72025E-5 2.90531E-5 3.6873E-5 3.52685E-5 3.44921E-5 3.50542E-5 2.75598E-5 3.19849E-5 3.80334E-5 3.25231E-5 3.18313E-5 5.95428E-5 9.79994E-5 6.53386E-5 4.38219E-5 4.10729E-5 2.38569E-5 5.94155E-5 6.64591E-5 5.84614E-5 7.13853E-5 7.42062E-5 5.91867E-5 5.54502E-5 1.64686E-4 2.92994E-4 1.04973E-4 4.64516E-5 3.83935E-5 7.49969E-5 8.99044E-5 7.66971E-5 9.21886E-5 9.08117E-5 8.91212E-5 7.62362E-5 9.90417E-5 1.26308E-4 1.4039E-4 1.17394E-4 1.50244E-4 1.55605E-4 1.1271E-4 9.31578E-5 8.63559E-5 1.0199E-4 1.3306E-4 1.4589E-4 1.56937E-4 1.09611E-4 1.32896E-4 1.48559E-4 1.47505E-4 1.41447E-4 1.2897E-4 1.09861E-4
1.92211E-5 1.77794E-5 1.79475E-5 2.02313E-5 2.11889E-5 2.24793E-5 2.19914E-5 2.60398E-5 2.84172E-5 2.51011E-5 3.36248E-5 3.07718E-5 2.87328E-5 2.9739E-5 2.77921E-5 3.05001E-5 2.61378E-5 2.59631E-5 2.81003E-5 3.25278E-5 5.4812E-5 7.49833E-5 6.30628E-5 5.12991E-5 4.48291E-5 4.38557E-5 4.76055E-5 5.50777E-5 5.19814E-5 4.85239E-5 4.70249E-5 5.10701E-5 4.26179E-5 4.62679E-5 6.95843E-5 8.99403E-5 1.38712E-4 8.92749E-5 7.41965E-5 8.2279E-5 1.10088E-4 9.95898E-5 1.03644E-4 7.43501E-5 7.559E-5 6.71834E-5 8.4369E-5 1.002E-4 1.05975E-4 1.10478E-4 1.41936E-4 1.4875E-4 1.1806E-4 1.1023E-4 8.76706E-5 8.73495E-5 9.70714E-5 1.23611E-4 1.22844E-4 1.22088E-4 1.53561E-4 1.83613E-4 1.89816E-4 1.69461E-4 1.36399E-4 1.0965E-4
2.03249E-5 1.75424E-5 2.06055E-5 2.56992E-5 2.77408E-5 2.38546E-5 1.93517E-5 2.1471E-5 2.26899E-5 2.67142E-5 3.36675E-5 2.85431E-5 3.01989E-5 3.19678E-5 2.76666E-5 2.45289E-5 2.15634E-5 1.99127E-5 2.58483E-5 2.91854E-5 2.60028E-5 3.11146E-5 2.95395E-5 3.18547E-5 3.12921E-5 3.47293E-5 4.55591E-5 5.07978E-5 4.28823E-5 3.51642E-5 3.77264E-5 4.01766E-5 3.77146E-5 4.85138E-5 4.58086E-5 8.71771E-5 8.52793E-5 7.46242E-5 1.21715E-4 8.7331E-5 1.08916E-4 1.20967E-4 9.71342E-5 7.5864E-5 6.89334E-5 5.54772E-5 6.82825E-5 7.66253E-5 7.99673E-5 9.68552E-5 1.12452E-4 1.15946E-4 1.03016E-4 9.72411E-5 1.1038E-4 1.30292E-4 1.22738E-4 6.46727E-5 6.2591E-5 1.43342E-4 1.72376E-4 1.70723E-4 2.16023E-4 1.76121E-4 1.377E-4 1.24339E-4
1.99204E-5 2.58695E-5 2.40453E-5 2.76115E-5 2.98396E-5 2.42049E-5 2.3562E-5 2.30035E-5 2.22699E-5 2.83585E-5 2.91024E-5 3.09417E-5 3.10556E-5 2.54923E-5 2.23281E-5 1.8914E-5 2.06911E-5 2.50144E-5 3.63117E-5 3.27787E-5 2.4555E-5 4.55983E-6 1.82058E-5 2.33948E-5 1.90755E-5 3.17909E-5 4.29081E-5 5.15941E-5 4.49134E-5 4.07874E-5 4.80565E-5 4.84438E-5 5.21606E-5 9.25366E-5 3.68437E-5 5.06834E-5 5.84732E-5 7.3034E-5 8.33156E-5 8.11225E-5 9.19802E-5 9.46827E-5 9.81367E-5 7.8829E-5 5.64604E-5 4.80971E-5 6.51478E-5 7.4647E-5 9.31087E-5 1.10297E-4 1.38258E-4 1.03042E-4 8.88413E-5 1.12843E-4 2.9764E-4 1.62068E-4 1.3875E-4 9.90666E-5 2.73464E-5 1.49246E-4 1.85629E-4 2.1402E-4 1.62034E-4 1.52043E-4 1.57434E-4 1.55042E-4
2.24278E-5 9.14936E-6 2.08913E-5 2.28935E-5 2.3791E-5 2.74839E-5 2.99583E-5 2.74057E-5 2.2015E-5 2.74312E-5 3.35363E-5 3.06103E-5 2.54828E-5 2.49559E-5 1.54773E-5 2.03723E-5 2.27832E-5 2.63657E-5 2.4861E-5 2.00807E-5 2.32468E-5 1.46783E-5 9.04681E-6 2.236E-5 7.7275E-6 4.17714E-6 1.779E-5 4.33792E-5 4.11226E-5 4.33911E-5 5.7646E-5 5.34906E-5 8.74303E-5 1.21865E-4 3.65585E-5 5.3264E-5 5.50523E-5 8.18142E-5 1.19934E-4 9.19499E-5 9.14267E-5 8.30354E-5 7.98739E-5 6.81486E-5 5.88763E-5 5.34994E-5 6.24604E-5 7.86076E-5 1.00366E-4 1.3345E-4 1.44207E-4 1.14764E-4 9.15613E-5 1.15222E-4 1.44421E-4 1.42269E-4 1.38978E-4 1.41602E-4 1.34347E-5 1.82762E-4 1.82795E-4 1.707E-4 1.58766E-4 1.67702E-4 2.0167E-4 1.87921E-4
1.28562E-5 2.35162E-5 1.83125E-5 2.15043E-5 2.69583E-5 3.07505E-5 3.0652E-5 2.521E-5 2.15795E-5 2.61625E-5 2.83057E-5 2.45455E-5 2.59423E-5 3.22442E-5 1.92253E-5 1.53207E-5 2.40537E-5 2.51148E-5 2.23384E-5 1.26529E-5 1.13577E-5 1.17404E-5 3.85677E-5 9.77942E-6 1.19374E-5 1.18797E-5 2.3043E-5 3.20237E-5 3.16428E-5 3.88335E-5 4.63266E-5 4.84966E-5 5.88426E-5 8.68885E-5 7.40492E-5 4.73425E-5 5.29569E-5 7.05566E-5 7.61992E-5 1.05883E-4 1.07447E-4 1.10986E-4 9.47712E-5 9.26947E-5 7.17256E-5 6.97835E-5 6.01099E-5 7.45116E-5 1.08613E-4 1.37992E-4 1.47649E-4 1.07334E-4 8.80252E-5 1.14524E-4 1.12767E-4 1.13476E-4 1.17854E-4 1.19518E-4 8.19279E-5 1.47458E-4 2.01675E-4 1.66744E-4 1.39316E-4 1.74269E-4 2.10582E-4 1.96972E-4
2.08397E-5 2.09717E-5 2.47522E-5 2.73685E-5 2.85721E-5 2.95006E-5 3.20521E-5 2.56712E-5 2.13593E-5 1.80833E-5 1.60635E-5 2.23537E-5 3.25293E-5 3.50219E-5 2.14261E-5 4.8081E-6 6.1992E-6 2.1164E-6 1.75935E-6 5.10924E-6 5.34798E-6 1.78008E-5 1.36352E-6 1.23698E-6 7.35704E-6 3.83154E-6 9.83492E-6 2.74471E-5 2.88903E-5 3.33512E-5 3.87398E-5 4.15519E-5 5.49535E-5 1.47842E-4 4.42209E-5 4.41243E-5 5.55466E-5 7.50821E-5 3.72304E-5 9.11496E-5 7.73941E-5 8.23731E-5 1.05942E-4 1.13395E-4 7.85348E-5 6.74933E-5 6.5618E-5 6.54863E-5 9.09347E-5 1.06382E-4 9.63491E-5 9.00435E-5 7.63738E-5 8.03201E-5 8.76856E-5 8.73847E-5 9.23118E-5 1.20025E-4 1.05488E-4 8.28973E-5 1.63699E-4 1.44792E-4 1.21116E-4 1.53321E-4 1.64719E-4 1.53793E-4
1.96217E-5 2.43817E-5 2.51532E-5 3.13549E-5 2.96632E-5 2.78189E-5 3.56063E-5 2.81781E-5 2.70002E-5 2.25965E-5 3.31171E-5 3.4943E-5 4.10407E-5 3.40096E-5 2.7727E-5 2.01108E-5 5.39789E-6 7.14112E-6 6.41683E-6 5.17619E-6 1.24689E-6 1.07813E-5 2.51853E-6 4.81825E-6 4.39984E-5 3.74127E-5 3.03792E-5 2.5187E-5 2.23639E-5 2.80891E-5 3.28319E-5 3.37325E-5 3.99509E-5 4.02375E-5 3.46193E-5 3.9548E-5 5.03602E-5 6.79381E-5 3.04424E-5 4.04667E-5 3.71844E-5 4.4767E-5 8.25875E-5 9.38541E-5 7.84397E-5 8.01813E-5 8.43845E-5 9.0471E-5 8.03657E-5 6.9136E-5 8.27774E-5 7.92181E-5 6.241E-5 6.29773E-5 6.73878E-5 8.56876E-5 1.11837E-4 1.44628E-4 1.50854E-4 5.09502E-5 1.36136E-4 1.13179E-4 1.13693E-4 1.21109E-4 1.25161E-4 1.21338E-4
1.49196E-5 2.04183E-5 2.78594E-5 2.27811E-5 1.52781E-5 2.51508E-5 3.35346E-5 2.40988E-5 2.77663E-5 4.01875E-5 1.70937E-5 2.22948E-5 6.57172E-6 3.08148E-7 1.09357E-6 1.48154E-6 9.3585E-7 5.74014E-7 4.69408E-8 2.29795E-6 1.92463E-8 8.42553E-8 1.12953E-6 1.22323E-5 3.67591E-5 2.29341E-5 3.34917E-5 2.65663E-5 2.7238E-5 3.06397E-5 4.0911E-5 4.45124E-5 5.73824E-5 1.0524E-4 3.19872E-5 3.61511E-5 4.40055E-5 5.14782E-5 5.80921E-5 7.67195E-5 8.70491E-5 8.6363E-5 1.06007E-4 8.97526E-5 7.34554E-5 9.18707E-5 9.94067E-5 1.12307E-4 9.31174E-5 6.5268E-5 5.55422E-5 5.9136E-5 5.82625E-5 6.05435E-5 5.96798E-5 8.57418E-5 1.21266E-4 1.62225E-4 2.12461E-4 7.29047E-5 1.30671E-4 1.18621E-4 1.40903E-4 1.50584E-4 1.49646E-4 1.27034E-4
9.68572E-6 6.1064E-6 2.11515E-5 2.25911E-5 3.47611E-5 4.01146E-5 3.56924E-5 2.54559E-5 7.31392E-6 1.72104E-7 6.5753E-8 6.65705E-9 2.92751E-8 2.05905E-7 9.1459E-9 4.72338E-8 5.40111E-8 4.7762E-9 1.33353E-8 4.87706E-8 3.80167E-8 4.57612E-6 3.57817E-7 3.18563E-6 1.88096E-6 2.02333E-5 3.02078E-5 2.47107E-5 2.86112E-5 3.58617E-5 4.45865E-5 5.34629E-5 4.86698E-5 5.15545E-5 3.82868E-5 4.07582E-5 5.34648E-5 6.39631E-5 6.5605E-5 6.62697E-5 7.01551E-5 7.48335E-5 1.02392E-4 8.8522E-5 8.8878E-5 8.52596E-5 1.95176E-4 1.05187E-4 8.58837E-5 6.85399E-5 7.12509E-5 7.48492E-5 7.35602E-5 6.54174E-5 5.14921E-5 8.58256E-5 1.11737E-4 1.45635E-4 1.71831E-4 7.20888E-5 1.55546E-4 1.54091E-4 1.59272E-4 2.02525E-4 1.92699E-4 1.30348E-4
8.50637E-6 1.71401E-5 2.65033E-5 2.59127E-5 5.24977E-5 1.22073E-5 1.91782E-6 6.50197E-6 3.15744E-7 5.26675E-7 2.56235E-7 3.74154E-6 6.61891E-6 3.22098E-7 5.36332E-7 2.08186E-8 1.31774E-8 2.33299E-8 2.13488E-8 1.60891E-8 2.2051E-8 3.88246E-6 7.47851E-6 1.31943E-5 1.39114E-5 3.14461E-5 3.25415E-5 2.75923E-5 3.17083E-5 3.9996E-5 5.56617E-5 6.81534E-5 6.14034E-5 4.22469E-5 3.24459E-5 4.85434E-5 5.93546E-5 7.93775E-5 7.12697E-5 5.99277E-5 5.54507E-5 6.6254E-5 8.07798E-5 7.93372E-5 7.52092E-5 7.4981E-5 1.33019E-4 1.14486E-4 8.74491E-5 7.60539E-5 8.9572E-5 9.6002E-5 1.05426E-4 8.94576E-5 5.85852E-5 1.05605E-4 1.33314E-4 1.4908E-4 1.29941E-4 1.72396E-4 1.94113E-4 1.94253E-4 1.61659E-4 2.11456E-4 2.05203E-4 1.54906E-4
1.363E-5 1.10214E-5 2.0828E-5 3.95712E-5 2.30714E-5 4.57293E-6 2.09196E-6 4.34685E-6 1.28353E-5 1.2585E-5 3.0197E-5 2.30506E-5 1.62436E-6 7.73608E-7 1.74533E-6 1.30849E-7 5.02891E-7 5.52484E-8 1.18635E-7 2.98252E-6 1.00851E-6 1.93588E-6 1.53687E-5 3.39505E-5 6.15805E-6 1.23128E-5 2.6698E-5 2.8134E-5 3.11809E-5 3.86492E-5 4.55883E-5 6.02236E-5 5.51694E-5 4.3469E-5 5.03932E-5 4.81671E-5 6.60666E-5 7.66896E-5 7.32017E-5 5.45469E-5 5.79094E-5 7.28428E-5 9.81935E-5 8.69997E-5 7.11474E-5 8.89092E-5 1.04772E-4 7.12931E-5 4.38546E-5 8.11468E-5 9.18229E-5 1.19513E-4 1.24938E-4 9.04936E-5 8.41122E-5 9.6027E-5 1.49883E-4 1.9604E-4 1.31272E-4 6.22977E-5 1.771E-4 1.79383E-4 1.69982E-4 1.79582E-4 1.66279E-4 1.41445E-4
