catData/rasterBestHybridModels/Pbengalensis/RD_RM1.5_LQ/Pbengalensis_max.asc
ncols         409
nrows         350
xllcorner     60.897278365
yllcorner     5.843756025
cellsize      0.0892857
NODATA_value  -9999
[rows 29 to 57 of 350, columns 132 to 197 of 409]
1.43794E-4 1.29672E-4 1.62181E-4 2.42345E-4 2.88254E-4 2.92139E-4 3.00628E-4 2.55075E-4 3.53067E-4 3.15791E-4 2.68686E-4 2.94625E-4 3.28977E-4 3.40828E-4 3.61877E-4 2.75275E-4 2.34259E-4 2.07012E-4 2.61462E-4 3.07911E-4 4.1743E-4 5.13933E-4 5.11504E-4 3.75979E-4 1.69327E-4 1.23014E-4 9.81392E-5 7.67435E-5 7.37011E-5 4.28007E-5 3.97633E-5 4.05E-5 4.06077E-5 6.5038E-5 9.07474E-5 1.02214E-4 1.24943E-4 1.73929E-4 1.93227E-4 1.62836E-4 1.53158E-4 7.2682E-5 8.98057E-5 8.74128E-5 7.90332E-5 5.55617E-5 2.05743E-5 9.03519E-6 6.6094E-6 5.46842E-6 4.88539E-6 5.3577E-6 1.41274E-5 1.7116E-5 1.10958E-5 3.91529E-5 9.32853E-5 2.13794E-5 8.99333E-6 4.07876E-6 1.9677E-6 3.64285E-6 7.73127E-6 3.55669E-6 8.99037E-7 1.06045E-6
1.60555E-4 1.13909E-4 1.54472E-4 2.32023E-4 2.14863E-4 2.33184E-4 2.73359E-4 2.58117E-4 3.12943E-4 3.61053E-4 3.23547E-4 2.45213E-4 2.61513E-4 3.01469E-4 2.51359E-4 2.41094E-4 2.59374E-4 2.71314E-4 3.09338E-4 4.02108E-4 3.99313E-4 4.0312E-4 4.77091E-4 4.08061E-4 2.44342E-4 2.78269E-4 1.55408E-4 8.59059E-5 7.33428E-5 6.66712E-5 4.45135E-5 4.34146E-5 5.18584E-5 4.86537E-5 5.50846E-5 5.92789E-5 1.07453E-4 1.07437E-4 8.48844E-5 7.85302E-5 1.19978E-4 9.60084E-5 7.1803E-5 5.34167E-5 3.13265E-5 4.91512E-5 4.89212E-5 3.08061E-5 2.16665E-5 1.55738E-5 1.24279E-5 1.13703E-5 1.46451E-5 1.47595E-5 1.23477E-5 2.84384E-5 5.2804E-5 8.55234E-5 1.88457E-5 1.10367E-5 5.60464E-6 3.49686E-6 9.98702E-6 3.94634E-6 9.42079E-7 6.14662E-7
1.99861E-4 1.31941E-4 1.36102E-4 1.69648E-4 1.87433E-4 2.81778E-4 3.38594E-4 3.38879E-4 2.67856E-4 2.67736E-4 2.8718E-4 3.42805E-4 3.45093E-4 3.26099E-4 3.1123E-4 2.71579E-4 3.56837E-4 3.94883E-4 4.23086E-4 4.83245E-4 4.89912E-4 4.94584E-4 4.85922E-4 5.73472E-4 4.93344E-4 3.60492E-4 1.98875E-4 2.12028E-4 2.01013E-4 1.81178E-4 1.26766E-4 8.58324E-5 5.30928E-5 2.8423E-5 2.21626E-5 3.82366E-5 1.02675E-4 6.21335E-5 4.17512E-5 4.17837E-5 4.45403E-5 3.46919E-5 3.65627E-5 3.34816E-5 3.05953E-5 2.96294E-5 3.2521E-5 4.0235E-5 5.74385E-5 6.59825E-5 7.41773E-5 6.99143E-5 4.98334E-5 2.92377E-5 3.01132E-5 2.24553E-5 2.50511E-5 7.65419E-5 5.6128E-5 4.23341E-5 2.17275E-5 4.21153E-6 9.80329E-6 6.87108E-6 3.39346E-6 2.88796E-6
9.96028E-5 1.13565E-4 1.01251E-4 1.44034E-4 3.29831E-4 3.41251E-4 4.037E-4 2.8556E-4 2.3189E-4 2.31704E-4 3.52893E-4 4.61986E-4 4.57602E-4 4.01124E-4 4.00993E-4 3.88862E-4 3.44836E-4 4.58908E-4 5.36436E-4 4.41574E-4 4.6268E-4 4.57679E-4 4.40777E-4 4.58498E-4 4.66894E-4 4.07144E-4 3.08183E-4 1.82732E-4 1.69692E-4 1.71649E-4 1.33107E-4 9.41623E-5 6.3802E-5 3.89939E-5 2.7993E-5 2.35872E-5 6.37743E-5 4.1676E-5 4.16393E-5 3.27371E-5 2.46119E-5 1.68473E-5 2.13315E-5 1.6405E-5 1.51086E-5 1.4907E-5 2.7238E-5 2.3791E-5 2.04521E-5 4.01538E-5 8.85495E-5 1.26045E-4 1.27448E-4 1.36114E-4 1.83059E-4 1.01068E-4 2.57476E-5 2.89679E-5 1.79699E-5 8.48591E-6 1.97753E-5 1.62276E-5 1.076E-5 3.14348E-6 1.83304E-6 1.02859E-6
1.02178E-4 1.28568E-4 1.08733E-4 1.08615E-4 1.90277E-4 3.17081E-4 3.67953E-4 3.76952E-4 2.24859E-4 2.41444E-4 3.51501E-4 3.80948E-4 3.96697E-4 3.58084E-4 4.77561E-4 5.09431E-4 4.44867E-4 4.87176E-4 4.78149E-4 3.96504E-4 4.40746E-4 5.21305E-4 4.88113E-4 1.2707E-3 1.39518E-3 3.76667E-4 8.79301E-4 2.36757E-4 2.93909E-4 3.19286E-4 2.04925E-4 1.35813E-4 9.97812E-5 4.91704E-5 2.16357E-5 2.75678E-5 5.07606E-5 1.34698E-5 9.45225E-6 1.17407E-5 1.30112E-5 9.27524E-6 7.37502E-6 7.55441E-6 6.11762E-6 5.21446E-6 1.41E-5 2.07463E-5 1.44618E-5 2.58086E-5 6.16459E-5 9.32767E-5 1.06645E-4 1.66686E-4 2.33631E-4 2.13342E-4 8.78639E-5 2.39719E-5 1.37441E-5 1.32751E-5 2.17547E-5 2.44637E-5 7.12144E-6 3.30999E-6 4.55978E-6 2.10946E-6
9.21911E-5 1.10639E-4 9.6736E-5 1.11318E-4 1.54942E-4 2.80614E-4 3.68916E-4 3.11335E-4 3.03543E-4 2.35041E-4 2.90119E-4 3.87612E-4 4.88282E-4 4.16085E-4 4.42424E-4 4.54474E-4 4.97629E-4 5.92431E-4 4.75344E-4 4.63678E-4 4.57884E-4 4.32821E-4 4.47013E-4 5.93644E-4 6.37069E-4 1.05103E-3 7.08257E-4 4.63039E-4 4.26141E-4 6.40112E-4 3.16108E-4 1.68466E-4 1.30275E-4 7.17013E-5 3.76998E-5 2.47171E-5 2.25758E-5 8.26252E-6 1.29102E-5 1.13108E-5 1.28867E-5 1.27608E-5 7.13829E-6 6.46349E-6 7.44479E-6 6.46568E-6 9.57446E-6 1.26766E-5 1.74922E-5 3.84409E-5 8.53434E-5 5.50366E-5 3.78457E-5 3.95479E-5 1.01574E-4 1.64792E-4 1.33232E-4 5.40345E-5 1.67301E-5 7.30219E-6 1.28783E-5 1.42227E-5 7.74135E-6 4.82014E-6 7.53011E-6 4.4425E-6
6.09393E-5 7.03048E-5 8.95816E-5 1.34273E-4 1.75289E-4 2.48618E-4 3.34092E-4 4.72559E-4 4.56973E-4 2.39467E-4 2.47725E-4 3.75946E-4 4.36423E-4 3.63301E-4 3.16425E-4 3.44557E-4 3.78248E-4 4.78034E-4 4.26235E-4 2.6735E-4 4.31947E-4 3.95893E-4 4.41833E-4 4.551E-4 4.53011E-4 5.35283E-4 5.0691E-4 5.54879E-4 5.62679E-4 5.24744E-4 2.52608E-4 1.99793E-4 1.48908E-4 7.38635E-5 5.20511E-5 3.02791E-5 1.81743E-5 1.29139E-5 1.07869E-5 5.90415E-6 8.7417E-6 8.18102E-6 6.90509E-6 9.15051E-6 1.96774E-5 1.53746E-5 1.62161E-5 2.27361E-5 2.43121E-5 5.42774E-5 7.46081E-5 4.84091E-5 3.83126E-5 2.00019E-5 2.90638E-5 6.15221E-5 9.88921E-5 6.47365E-5 1.44024E-5 5.12144E-6 6.01194E-6 7.11073E-6 6.00781E-6 4.21786E-6 6.30293E-6 6.68069E-6
4.22394E-5 5.14686E-5 8.23448E-5 1.77972E-4 2.70763E-4 2.29415E-4 2.48101E-4 3.27377E-4 4.41523E-4 3.03336E-4 2.80995E-4 4.58796E-4 4.38926E-4 3.48893E-4 3.51109E-4 4.02069E-4 4.29226E-4 4.17922E-4 3.52115E-4 2.16535E-4 2.85597E-4 4.4163E-4 5.99658E-4 5.27143E-4 4.80553E-4 4.52174E-4 4.21141E-4 4.52468E-4 4.03265E-4 4.37158E-4 2.85426E-4 1.88149E-4 1.57709E-4 8.89711E-5 6.57108E-5 5.24815E-5 3.606E-5 2.48408E-5 1.46857E-5 6.0895E-6 7.53605E-6 9.17459E-6 1.03869E-5 1.08537E-5 2.51217E-5 3.80784E-5 4.40488E-5 4.44103E-5 2.17193E-5 2.58904E-5 3.0615E-5 2.57887E-5 2.65002E-5 2.86279E-5 1.44832E-5 2.11441E-5 4.96867E-5 5.28855E-5 2.34747E-5 7.2902E-6 3.40072E-6 2.72022E-6 3.71113E-6 3.41246E-6 2.03149E-6 4.40196E-6
3.82443E-5 5.48152E-5 9.98103E-5 2.88313E-4 3.16656E-4 1.33232E-4 1.02875E-4 1.87361E-4 3.72069E-4 3.74385E-4 2.85276E-4 4.5137E-4 3.57657E-4 3.00747E-4 2.9214E-4 4.09682E-4 4.3902E-4 3.65066E-4 3.35391E-4 2.97497E-4 1.84773E-4 3.22182E-4 4.49459E-4 7.72433E-4 5.11315E-4 3.82848E-4 4.11917E-4 4.87741E-4 4.16722E-4 4.52374E-4 3.50061E-4 1.66578E-4 1.46304E-4 1.31655E-4 8.06049E-5 8.75998E-5 4.7696E-5 2.40916E-5 1.55126E-5 1.24154E-5 4.70511E-6 1.1811E-5 2.45931E-5 2.04509E-5 2.33553E-5 3.2102E-5 5.10249E-5 5.73543E-5 2.33597E-5 1.70632E-5 2.87929E-5 2.36678E-5 1.3227E-5 1.34472E-5 5.86155E-6 8.0226E-6 2.57829E-5 2.67317E-5 2.2395E-5 1.21778E-5 4.02532E-6 1.93397E-6 1.53967E-6 2.54807E-6 1.68226E-6 9.76571E-7
3.59312E-5 5.18345E-5 7.59725E-5 1.46689E-4 1.43301E-4 7.63884E-5 7.61416E-5 1.31852E-4 1.72552E-4 1.88683E-4 1.90309E-4 2.93669E-4 3.44067E-4 3.17392E-4 1.73733E-4 2.63386E-4 3.07044E-4 3.09076E-4 4.53237E-4 5.44355E-4 3.10438E-4 2.529E-4 5.20336E-4 5.47148E-4 5.77619E-4 4.80694E-4 5.10391E-4 5.01257E-4 4.23923E-4 4.37247E-4 3.55831E-4 1.80195E-4 1.16994E-4 1.94197E-4 1.70267E-4 9.96499E-5 5.83621E-5 3.83374E-5 2.91461E-5 2.28862E-5 8.46404E-6 1.28823E-5 2.49131E-5 2.36806E-5 3.87528E-5 3.11188E-5 3.61882E-5 6.83748E-5 5.52648E-5 3.16474E-5 1.8055E-5 2.69535E-5 2.02866E-5 1.32292E-5 4.56055E-6 4.71856E-6 1.50892E-5 1.00052E-5 7.26027E-6 9.86074E-6 6.36125E-6 2.66051E-6 1.28213E-6 9.13648E-7 1.04065E-6 9.05662E-7
3.37717E-5 4.75531E-5 6.35437E-5 8.03902E-5 8.68596E-5 7.0929E-5 7.36481E-5 1.09409E-4 1.37413E-4 1.02511E-4 9.75932E-5 1.14181E-4 1.63995E-4 2.05649E-4 2.40039E-4 2.62856E-4 2.68166E-4 3.83864E-4 5.0472E-4 5.80903E-4 4.30101E-4 2.04647E-4 2.46739E-4 3.70023E-4 4.28449E-4 5.19171E-4 5.31344E-4 5.42122E-4 4.46963E-4 4.72787E-4 3.4338E-4 2.00775E-4 1.93595E-4 2.06893E-4 2.32698E-4 1.5626E-4 1.12877E-4 7.29321E-5 4.45402E-5 2.6799E-5 2.32809E-5 1.89133E-5 1.72821E-5 1.86691E-5 3.95248E-5 6.71299E-5 7.89021E-5 1.13615E-4 8.38919E-5 3.31234E-5 1.81004E-5 2.06929E-5 1.75423E-5 1.88836E-5 1.00331E-5 2.60349E-6 5.47661E-6 5.19293E-6 3.61786E-6 4.56249E-6 6.83222E-6 3.54313E-6 1.21199E-6 6.5329E-7 5.97625E-7 8.80753E-7
3.23045E-5 4.10584E-5 4.85045E-5 5.66637E-5 6.16662E-5 6.13854E-5 6.37222E-5 7.6434E-5 8.66813E-5 7.49525E-5 5.6909E-5 8.09496E-5 1.36241E-4 1.58783E-4 2.09254E-4 2.63052E-4 3.79821E-4 4.0963E-4 4.16425E-4 5.61713E-4 4.39407E-4 2.59747E-4 2.74968E-4 2.5949E-4 2.85593E-4 3.30688E-4 3.88523E-4 5.50039E-4 6.60449E-4 6.25185E-4 3.89776E-4 2.69346E-4 3.60394E-4 3.64193E-4 3.53109E-4 3.25064E-4 1.81817E-4 7.36331E-5 2.87422E-5 2.66647E-5 3.86459E-5 4.05297E-5 2.72935E-5 1.36286E-5 1.7303E-5 4.95007E-5 1.49282E-4 1.31907E-4 3.84418E-5 2.88215E-5 3.07412E-5 1.37351E-5 9.81976E-6 1.30932E-5 1.29834E-5 3.00995E-6 2.49084E-6 3.92951E-6 3.27537E-6 2.79208E-6 4.18785E-6 4.07163E-6 1.71471E-6 7.12373E-7 6.0086E-7 7.92818E-7
2.396E-5 2.80618E-5 3.36452E-5 3.99057E-5 4.6347E-5 5.60278E-5 6.50401E-5 6.44011E-5 7.75113E-5 7.5677E-5 6.51606E-5 5.06928E-5 7.14559E-5 1.33076E-4 1.59538E-4 1.91534E-4 3.57266E-4 3.77481E-4 3.56327E-4 3.92015E-4 4.03533E-4 3.57913E-4 2.67079E-4 2.39125E-4 2.7602E-4 3.5775E-4 3.88118E-4 6.24976E-4 6.73243E-4 5.07919E-4 3.52993E-4 2.64462E-4 4.3224E-4 4.63683E-4 5.2357E-4 4.80828E-4 3.34691E-4 1.71077E-4 1.1555E-4 9.06541E-5 7.62205E-5 4.81178E-5 3.9768E-5 1.91448E-5 1.9742E-5 2.49724E-5 4.7311E-5 8.5717E-5 3.81791E-5 2.14848E-5 2.78136E-5 2.08721E-5 1.2606E-5 1.237E-5 7.10233E-6 6.41187E-6 4.21992E-6 3.53027E-6 3.01966E-6 3.31601E-6 2.13398E-6 1.84239E-6 2.81357E-6 2.20168E-6 8.22253E-7 5.9985E-7
2.09351E-5 2.58108E-5 3.6243E-5 5.01048E-5 6.28666E-5 7.02712E-5 8.36769E-5 7.85776E-5 8.39623E-5 9.49743E-5 7.45023E-5 5.58276E-5 6.56877E-5 9.69515E-5 1.1717E-4 1.55892E-4 2.70514E-4 2.22587E-4 2.18062E-4 2.64045E-4 2.86984E-4 2.81834E-4 2.88153E-4 3.25313E-4 2.8725E-4 3.21157E-4 4.83483E-4 4.67888E-4 5.59163E-4 5.45045E-4 4.39646E-4 4.28131E-4 3.95782E-4 5.78652E-4 8.38623E-4 5.70065E-4 3.72133E-4 2.16641E-4 2.26073E-4 1.80473E-4 3.49409E-5 2.31863E-5 3.17957E-5 3.54709E-5 2.37459E-5 1.90605E-5 2.22295E-5 4.0397E-5 4.72919E-5 2.36529E-5 2.52473E-5 2.19473E-5 1.55409E-5 1.25573E-5 9.56116E-6 6.84995E-6 5.45165E-6 2.47175E-6 3.09416E-6 3.65609E-6 1.93086E-6 6.64067E-7 8.26434E-7 1.45347E-6 2.02014E-6 1.45386E-6
2.40598E-5 2.91838E-5 4.20095E-5 6.01705E-5 8.39947E-5 9.13586E-5 7.90482E-5 7.3725E-5 6.23925E-5 6.20377E-5 7.59523E-5 9.8071E-5 8.74996E-5 7.95906E-5 9.26285E-5 1.16708E-4 1.25319E-4 1.24845E-4 1.30058E-4 1.38932E-4 1.45726E-4 2.3476E-4 2.89444E-4 2.26109E-4 3.41888E-4 4.16285E-4 3.25285E-4 2.99799E-4 4.84827E-4 5.01239E-4 4.98275E-4 5.89465E-4 7.15594E-4 5.00502E-4 6.14047E-4 5.34276E-4 3.49848E-4 1.07713E-4 1.00403E-4 1.74006E-4 4.89474E-5 3.54572E-5 2.83552E-5 2.86648E-5 3.65723E-5 1.97973E-5 1.24639E-5 1.80251E-5 1.6309E-5 2.84846E-5 1.58307E-5 1.3369E-5 1.19602E-5 1.30863E-5 5.21976E-6 6.98977E-6 5.52402E-6 3.3253E-6 1.64719E-6 1.64785E-6 9.6251E-7 5.76909E-7 1.22434E-6 1.40994E-6 7.59163E-7 1.4431E-6
3.31092E-5 3.94645E-5 4.45063E-5 5.69149E-5 7.17514E-5 7.40788E-5 6.2102E-5 5.64417E-5 4.61987E-5 4.38873E-5 5.71077E-5 7.6148E-5 8.05428E-5 6.30755E-5 6.95427E-5 1.05119E-4 1.08131E-4 8.54544E-5 7.94463E-5 8.18163E-5 8.46481E-5 1.42709E-4 2.34151E-4 2.1696E-4 2.55959E-4 2.95489E-4 2.56129E-4 3.34151E-4 5.31367E-4 5.68674E-4 4.05373E-4 4.43426E-4 4.39699E-4 3.34469E-4 3.43135E-4 4.44059E-4 4.43738E-4 2.74798E-4 9.57016E-5 6.48241E-5 6.81283E-5 7.16382E-5 4.78106E-5 3.08572E-5 2.98976E-5 2.44647E-5 1.2566E-5 7.88653E-6 6.76223E-6 9.06825E-6 1.88223E-5 8.78428E-6 6.31268E-6 9.29934E-6 6.6937E-6 3.19773E-6 2.83761E-6 3.35059E-6 1.34419E-6 6.91774E-7 6.22301E-7 4.54114E-7 7.94334E-7 5.85659E-7 1.76097E-7 8.03873E-7
4.66012E-5 5.79924E-5 6.41316E-5 5.55577E-5 4.93918E-5 5.18749E-5 4.58366E-5 3.68678E-5 3.09332E-5 3.64169E-5 4.3617E-5 4.75643E-5 4.60099E-5 4.26572E-5 6.16343E-5 9.46356E-5 1.03019E-4 8.86851E-5 6.41216E-5 6.14803E-5 7.61622E-5 7.8073E-5 8.75541E-5 9.58709E-5 1.47122E-4 4.71426E-4 4.35171E-4 4.05048E-4 4.74439E-4 5.34807E-4 5.05908E-4 5.08046E-4 5.1981E-4 6.49491E-4 6.18692E-4 5.86308E-4 4.61549E-4 2.8347E-4 1.53358E-4 6.37633E-5 4.92559E-5 5.20757E-5 5.3314E-5 3.51517E-5 3.85047E-5 2.43504E-5 2.1173E-5 1.24497E-5 1.00104E-5 1.14548E-5 1.53257E-5 6.83457E-6 6.6535E-6 4.94961E-6 7.28461E-6 5.06116E-6 2.8153E-6 3.15818E-6 1.74528E-6 1.08519E-6 6.5418E-7 5.29255E-7 1.11842E-6 6.45955E-7 1.52512E-7 3.06825E-7
5.7956E-5 8.33031E-5 7.98972E-5 5.89261E-5 4.48991E-5 3.5162E-5 2.98214E-5 2.56182E-5 2.99627E-5 3.7908E-5 4.82952E-5 6.21675E-5 5.4715E-5 4.65331E-5 5.46444E-5 7.2596E-5 6.91906E-5 5.84029E-5 4.82065E-5 5.53165E-5 6.31741E-5 7.25084E-5 8.46247E-5 7.93182E-5 1.05875E-4 1.50077E-4 1.66675E-4 2.25239E-4 3.50451E-4 4.83052E-4 4.63122E-4 4.03581E-4 4.86866E-4 6.81817E-4 6.57326E-4 5.12506E-4 4.58359E-4 2.74143E-4 2.37072E-4 1.67653E-4 8.08339E-5 5.64675E-5 9.34648E-5 3.83439E-5 2.80695E-5 1.88737E-5 3.23718E-5 2.87911E-5 1.31598E-5 8.41202E-6 1.09895E-5 8.15181E-6 9.7875E-6 9.18386E-6 8.61699E-6 6.8612E-6 4.06893E-6 2.9454E-6 1.86316E-6 1.68161E-6 1.07242E-6 7.82193E-7 1.75462E-6 1.21371E-6 1.80558E-7 2.88138E-7
7.46621E-5 7.87043E-5 7.01675E-5 5.91361E-5 6.01264E-5 4.60328E-5 3.05528E-5 3.02499E-5 3.47191E-5 3.99586E-5 4.38534E-5 5.37149E-5 5.50805E-5 6.15056E-5 5.09578E-5 4.79658E-5 4.70064E-5 4.1026E-5 4.46117E-5 5.1384E-5 6.70505E-5 7.45142E-5 6.9821E-5 7.58925E-5 7.2057E-5 6.81813E-5 9.12473E-5 1.12551E-4 1.63072E-4 3.75163E-4 4.86438E-4 4.39159E-4 4.48681E-4 4.02431E-4 4.6281E-4 4.39165E-4 4.02637E-4 3.12236E-4 3.24722E-4 3.03304E-4 1.60063E-4 6.35313E-5 8.50254E-5 2.41852E-5 2.73443E-5 3.91569E-5 5.40804E-5 3.02425E-5 2.29824E-5 1.98294E-5 1.37965E-5 1.24325E-5 7.97556E-6 7.03242E-6 8.58074E-6 6.34401E-6 5.75992E-6 3.41158E-6 2.37909E-6 2.0039E-6 1.62646E-6 1.00097E-6 1.48619E-6 1.72991E-6 5.72776E-7 6.89509E-7
1.12419E-4 8.87059E-5 9.23272E-5 1.05537E-4 9.41514E-5 6.58317E-5 4.08355E-5 3.99472E-5 3.39747E-5 3.52385E-5 3.86064E-5 4.65898E-5 6.01239E-5 5.54262E-5 5.51472E-5 4.80712E-5 4.42957E-5 4.61539E-5 4.95739E-5 6.37078E-5 7.97626E-5 6.21905E-5 5.01E-5 5.79967E-5 8.31871E-5 7.19429E-5 6.09109E-5 7.71077E-5 1.50127E-4 2.89631E-4 3.82781E-4 4.19842E-4 3.65251E-4 3.95018E-4 4.65538E-4 3.84131E-4 3.96674E-4 3.50391E-4 3.53229E-4 4.74422E-4 2.74739E-4 9.28224E-5 7.54781E-5 3.89706E-5 7.37446E-5 6.7393E-5 4.0929E-5 3.31466E-5 2.74234E-5 4.09326E-5 3.15693E-5 2.64352E-5 8.54987E-6 8.19324E-6 4.9118E-6 5.78797E-6 5.74805E-6 4.72512E-6 2.94505E-6 2.39427E-6 1.74376E-6 1.43604E-6 1.5023E-6 1.68901E-6 1.22572E-6 1.754E-6
7.1736E-5 5.70302E-5 7.44412E-5 8.75844E-5 6.1336E-5 4.32954E-5 4.18461E-5 3.77981E-5 4.51471E-5 4.89886E-5 4.53069E-5 5.40866E-5 4.84075E-5 5.05974E-5 5.96768E-5 4.81381E-5 5.47329E-5 5.96427E-5 4.8888E-5 6.34247E-5 6.65687E-5 6.39193E-5 4.81853E-5 5.4902E-5 7.12594E-5 6.77718E-5 6.24391E-5 7.69126E-5 9.74031E-5 1.6556E-4 1.95803E-4 1.84224E-4 2.12942E-4 2.89257E-4 4.3592E-4 4.78328E-4 4.71024E-4 2.83422E-4 4.02602E-4 5.49525E-4 4.30525E-4 1.34787E-4 6.9593E-5 4.45369E-5 8.04399E-5 1.04688E-4 1.03122E-4 8.77534E-5 5.53897E-5 6.65283E-5 8.76809E-5 3.74974E-5 1.04619E-5 1.17584E-5 6.42928E-6 4.54231E-6 4.57417E-6 3.58615E-6 3.06916E-6 1.72053E-6 1.36044E-6 1.22979E-6 1.26691E-6 1.26418E-6 1.04839E-6 1.94426E-6
2.82194E-5 3.18734E-5 3.85965E-5 5.07071E-5 4.79672E-5 4.66083E-5 4.82571E-5 3.99487E-5 5.17911E-5 5.26827E-5 4.18954E-5 4.94415E-5 4.52961E-5 4.52734E-5 5.27154E-5 6.29568E-5 5.47774E-5 5.44185E-5 4.55383E-5 5.76036E-5 7.87792E-5 5.62604E-5 4.87904E-5 6.32612E-5 6.55738E-5 7.22427E-5 6.76459E-5 8.15984E-5 7.49299E-5 7.95987E-5 8.3351E-5 7.63413E-5 9.8654E-5 1.63472E-4 2.51687E-4 2.62238E-4 4.09329E-4 4.47724E-4 5.0824E-4 6.54383E-4 4.67144E-4 2.17649E-4 1.48329E-4 6.76187E-5 4.56465E-5 6.09887E-5 9.69369E-5 1.60606E-4 2.12296E-4 1.20605E-4 7.01061E-5 4.27972E-5 1.14415E-5 1.45065E-5 1.2764E-5 5.70576E-6 5.01326E-6 3.23106E-6 2.35317E-6 1.77315E-6 1.40108E-6 1.06468E-6 9.17574E-7 6.9146E-7 -9999 -9999
2.57395E-5 3.57459E-5 4.90463E-5 4.04104E-5 3.81184E-5 4.55945E-5 4.55391E-5 3.6832E-5 4.14955E-5 4.40183E-5 4.50255E-5 3.82078E-5 3.52844E-5 4.65817E-5 5.68508E-5 5.25575E-5 5.68439E-5 5.24038E-5 6.01154E-5 5.27009E-5 6.59853E-5 5.75217E-5 5.1188E-5 6.42956E-5 5.64694E-5 5.95679E-5 5.68889E-5 6.54637E-5 6.58324E-5 7.78095E-5 6.93999E-5 7.48834E-5 8.72024E-5 1.03259E-4 1.56839E-4 1.56963E-4 3.7324E-4 6.6265E-4 6.42144E-4 6.42918E-4 5.17232E-4 3.57723E-4 3.0216E-4 1.69338E-4 1.21763E-4 7.98888E-5 5.27514E-5 1.0954E-4 2.79555E-4 2.10398E-4 6.95883E-5 4.42556E-5 1.63098E-5 1.23246E-5 1.88199E-5 1.39435E-5 1.07045E-5 5.93227E-6 4.659E-6 2.42219E-6 1.60444E-6 1.13286E-6 6.99987E-7 4.96258E-7 -9999 -9999
3.37208E-5 3.36358E-5 3.95935E-5 3.63866E-5 3.01999E-5 3.38177E-5 3.33591E-5 2.87327E-5 3.70086E-5 4.81779E-5 4.97011E-5 4.78548E-5 4.92888E-5 4.07567E-5 4.07048E-5 5.18458E-5 5.98758E-5 5.62718E-5 5.80551E-5 5.43295E-5 5.13008E-5 5.16874E-5 5.78894E-5 5.20111E-5 5.61101E-5 5.51624E-5 4.6468E-5 4.77258E-5 5.81895E-5 6.18851E-5 6.20408E-5 7.50907E-5 8.22193E-5 7.22357E-5 1.19194E-4 1.29535E-4 2.0479E-4 5.13031E-4 8.38624E-4 5.52892E-4 4.79073E-4 4.7107E-4 3.5423E-4 2.20532E-4 1.10456E-4 8.48714E-5 7.67801E-5 1.1915E-4 1.15111E-4 1.73579E-4 1.43366E-4 1.04884E-4 3.17279E-5 1.21025E-5 1.40345E-5 1.93961E-5 7.31508E-6 5.9002E-6 8.34133E-6 6.1001E-6 2.63557E-6 1.27369E-6 1.07557E-6 1.11626E-6 9.84753E-7 -9999
3.33146E-5 3.5834E-5 4.2886E-5 3.77519E-5 3.36103E-5 2.9875E-5 2.36422E-5 2.44181E-5 3.08689E-5 3.67757E-5 3.79258E-5 5.64728E-5 5.78623E-5 4.36401E-5 3.44571E-5 4.22807E-5 4.50537E-5 4.60388E-5 6.1574E-5 5.26977E-5 6.0443E-5 5.90214E-5 6.31855E-5 5.36751E-5 6.20104E-5 5.9806E-5 4.95777E-5 6.18094E-5 5.77325E-5 4.88015E-5 6.04975E-5 5.94384E-5 5.88149E-5 7.11287E-5 7.48993E-5 9.02889E-5 1.23466E-4 2.25861E-4 3.90327E-4 6.58678E-4 8.75173E-4 3.94049E-4 3.19342E-4 3.09434E-4 2.08204E-4 1.31796E-4 9.41134E-5 9.15024E-5 6.9316E-5 2.00372E-4 4.03836E-4 1.6719E-4 6.9657E-5 3.6195E-5 2.0552E-5 1.46993E-5 4.89954E-6 6.22215E-6 8.86908E-6 1.19483E-5 6.26634E-6 1.98327E-6 2.30784E-6 3.24939E-6 1.30936E-6 -9999
2.69055E-5 3.62998E-5 4.28171E-5 4.6084E-5 4.48135E-5 3.49889E-5 2.51039E-5 1.97532E-5 2.34341E-5 2.59494E-5 3.01448E-5 3.90001E-5 4.03328E-5 3.62382E-5 3.67148E-5 4.5662E-5 7.05887E-5 4.7057E-5 4.54849E-5 4.40762E-5 4.63707E-5 5.79526E-5 6.06184E-5 4.91321E-5 4.74394E-5 5.18108E-5 6.30767E-5 6.27672E-5 5.50207E-5 4.13539E-5 4.58581E-5 5.03583E-5 5.48233E-5 6.78098E-5 7.17695E-5 6.94161E-5 1.04161E-4 1.52568E-4 1.81782E-4 2.69106E-4 5.41184E-4 1.00689E-3 4.92482E-4 3.59885E-4 2.65014E-4 1.6389E-4 9.63543E-5 8.8756E-5 9.11961E-5 3.24862E-4 7.02513E-4 2.19181E-4 5.15935E-5 3.40803E-5 1.37563E-5 1.06937E-5 3.76425E-6 3.64683E-6 5.46576E-6 1.06911E-5 9.8551E-6 4.75079E-6 4.97464E-6 3.00866E-6 1.01857E-6 2.81423E-6
3.2955E-5 2.88666E-5 3.76798E-5 4.33067E-5 4.15589E-5 3.25868E-5 2.41935E-5 2.07681E-5 2.4145E-5 3.07369E-5 3.88592E-5 4.23518E-5 3.67841E-5 2.97732E-5 3.83587E-5 5.09203E-5 7.86597E-5 5.21302E-5 4.31449E-5 3.63382E-5 4.15044E-5 5.13416E-5 5.39002E-5 5.17702E-5 6.22677E-5 5.40623E-5 5.89809E-5 5.03964E-5 4.10774E-5 4.19835E-5 5.42006E-5 6.17559E-5 4.92205E-5 4.48475E-5 5.05504E-5 6.63697E-5 6.47031E-5 8.83368E-5 1.19401E-4 1.86593E-4 2.11649E-4 2.5649E-4 5.49644E-4 1.01658E-3 6.99573E-4 4.58612E-4 3.74666E-4 2.16092E-4 3.21322E-4 7.4744E-4 8.22439E-4 2.54287E-4 1.08122E-4 5.84667E-5 2.02668E-5 1.01014E-5 4.05287E-6 3.12698E-6 4.80357E-6 6.94319E-6 1.0624E-5 1.42108E-5 6.81781E-6 6.12747E-6 2.59266E-6 5.43002E-6
3.09018E-5 2.69966E-5 2.64255E-5 2.96306E-5 2.92853E-5 2.70823E-5 2.82885E-5 2.69343E-5 2.84145E-5 3.64035E-5 4.29612E-5 4.91385E-5 3.89112E-5 3.81441E-5 4.27928E-5 3.94981E-5 4.45522E-5 5.97633E-5 5.10387E-5 3.91278E-5 3.90888E-5 4.87862E-5 5.51838E-5 4.86849E-5 5.56911E-5 5.31422E-5 6.01354E-5 5.60806E-5 4.9329E-5 4.99638E-5 6.36068E-5 5.21954E-5 4.98492E-5 4.99998E-5 5.62653E-5 6.63081E-5 7.22126E-5 1.11787E-4 1.13385E-4 1.31571E-4 1.85105E-4 1.87454E-4 2.40665E-4 3.57441E-4 4.13359E-4 8.41636E-4 8.82681E-4 5.37684E-4 4.37565E-4 7.72516E-4 5.32889E-4 4.21186E-4 3.0313E-4 2.0234E-4 3.65263E-5 1.10508E-5 7.38889E-6 5.91496E-6 1.36402E-5 1.62795E-5 1.80963E-5 1.81537E-5 1.7133E-5 1.10113E-5 1.23849E-5 1.55565E-5
2.31552E-5 2.45837E-5 2.41161E-5 2.09117E-5 2.55023E-5 3.21466E-5 3.6487E-5 3.33418E-5 3.18302E-5 3.96567E-5 4.76075E-5 3.81601E-5 3.2385E-5 4.34621E-5 5.65798E-5 4.35437E-5 4.71687E-5 5.57766E-5 4.46027E-5 4.48721E-5 5.22225E-5 4.88798E-5 5.52277E-5 4.26064E-5 5.4664E-5 5.3723E-5 4.83932E-5 5.35087E-5 4.96318E-5 6.7169E-5 5.40493E-5 5.05605E-5 6.43795E-5 5.98741E-5 7.55617E-5 9.0883E-5 9.33136E-5 1.0892E-4 9.75087E-5 1.09487E-4 1.37379E-4 1.67217E-4 1.49158E-4 1.79478E-4 2.31192E-4 3.63004E-4 5.96593E-4 5.85503E-4 8.07227E-4 8.66984E-4 7.40127E-4 4.11628E-4 2.62148E-4 1.74809E-4 6.6397E-5 3.47549E-5 1.22822E-5 7.02209E-6 8.77979E-6 1.40913E-5 1.6284E-5 8.67789E-6 5.35091E-6 3.34896E-6 3.24813E-6 1.1219E-5
