catData/rasterBestHybridModels/Pbengalensis/RD_RM1.5_LQ/Pbengalensis_avg.asc
ncols         409
nrows         350
xllcorner     60.897278365
yllcorner     5.843756025
cellsize      0.0892857
NODATA_value  -9999
[rows 203 to 231 of 350, columns 198 to 263 of 409]
1.58436E-5 1.57515E-5 1.3503E-5 1.18654E-5 1.10385E-5 3.95006E-6 1.40231E-5 9.83813E-6 3.18089E-6 3.98535E-6 9.85578E-7 5.58357E-7 3.36652E-7 6.88761E-8 8.18774E-8 1.7292E-7 1.24417E-6 3.25149E-6 1.27906E-6 5.71311E-7 7.19798E-6 1.11431E-5 4.94032E-6 5.48437E-6 3.81475E-6 2.04907E-6 1.29747E-5 2.59152E-5 2.40294E-5 3.7992E-5 3.5586E-5 3.25504E-5 3.85942E-5 5.10659E-5 7.39552E-6 8.8396E-7 1.56467E-5 1.66006E-5 3.29267E-5 1.11199E-4 1.11737E-4 5.34373E-5 2.03731E-6 8.31569E-6 2.59783E-5 1.31471E-4 1.33554E-4 8.2818E-5 1.08305E-4 1.01025E-4 7.36329E-5 7.22485E-5 8.26327E-5 1.6874E-4 1.13104E-4 3.61474E-5 2.23142E-5 5.79587E-5 5.99636E-5 6.90839E-5 1.06015E-4 1.66166E-4 1.54485E-4 1.75689E-4 5.09869E-4 2.33163E-4
6.78003E-6 3.45659E-6 1.09218E-5 2.21885E-5 1.37834E-5 1.39804E-5 9.13105E-6 5.81157E-6 1.11779E-5 5.57607E-6 2.83191E-6 1.20541E-7 9.84477E-8 3.90393E-7 1.56537E-6 7.39138E-7 1.23562E-7 2.8938E-6 3.7835E-6 6.6291E-7 6.81702E-7 2.21366E-6 4.98632E-6 3.03236E-6 6.38305E-6 9.76414E-6 1.5557E-5 2.86319E-5 4.66443E-5 8.52797E-5 1.55989E-5 2.63697E-5 3.43114E-5 4.33841E-5 3.32559E-5 3.78529E-5 4.35203E-5 1.0513E-4 1.01457E-4 1.68106E-4 6.59471E-5 9.48973E-6 3.244E-7 1.13614E-5 1.21015E-4 8.85932E-5 1.24225E-4 1.05786E-4 1.33857E-4 1.30604E-4 1.05073E-4 9.89478E-5 9.60175E-5 8.91202E-5 5.29668E-5 4.67065E-5 5.92904E-5 8.98269E-5 1.186E-4 3.27528E-5 7.24923E-5 1.13431E-4 8.50299E-5 8.40249E-5 9.99647E-5 9.73206E-5
1.13936E-5 1.86444E-6 4.05076E-6 2.19237E-5 2.24748E-5 1.53556E-5 1.56018E-5 1.49695E-5 8.54834E-6 8.19467E-7 9.99962E-6 1.113E-6 1.03683E-7 9.77604E-7 1.92952E-7 2.56607E-6 7.37666E-7 8.48496E-8 8.04511E-7 2.05661E-6 3.03105E-6 2.1378E-6 1.65531E-6 3.65011E-6 2.31572E-6 1.87658E-5 1.57846E-5 3.58574E-5 6.57174E-5 1.73468E-4 5.16777E-5 4.16579E-5 3.94661E-5 3.53714E-5 3.22299E-5 2.83683E-5 2.2992E-5 5.39121E-5 7.38361E-5 7.80473E-5 3.7047E-5 4.09276E-5 5.89522E-6 3.59965E-5 1.31197E-4 4.62941E-5 2.16427E-5 2.67843E-5 1.25802E-5 1.40737E-4 1.61054E-4 1.58887E-4 5.81363E-5 2.79621E-5 2.45764E-5 3.44369E-5 4.61288E-5 1.7997E-4 1.89754E-4 5.13737E-5 5.06895E-5 9.86535E-5 9.95672E-5 7.66361E-5 7.65816E-5 9.5638E-5
1.05844E-5 3.06065E-6 1.25044E-5 1.90554E-5 1.30216E-5 5.89057E-6 1.09177E-5 5.29727E-6 1.85962E-5 1.7367E-5 7.20363E-6 4.45058E-6 2.60033E-6 5.3647E-7 3.58883E-7 2.01644E-7 1.47552E-7 4.45579E-7 3.50499E-7 2.28216E-6 1.97656E-6 3.39127E-6 1.65523E-6 8.54068E-7 7.35212E-6 2.84759E-5 2.61988E-5 6.11379E-5 8.96381E-5 2.63007E-4 8.18575E-5 5.33514E-5 2.84947E-5 2.57742E-5 1.90776E-5 1.92956E-5 1.89167E-5 2.53181E-5 4.29879E-5 2.35268E-5 1.74359E-5 3.08262E-5 5.58808E-5 6.22799E-5 1.07373E-4 2.98088E-6 3.6476E-6 7.64448E-5 9.42245E-5 1.58248E-4 1.39459E-4 4.6223E-5 4.63239E-5 4.01524E-5 5.15889E-6 2.82767E-5 3.82484E-5 8.4661E-5 1.20198E-4 1.14518E-4 6.18854E-5 8.52695E-5 1.41061E-4 8.76313E-5 6.07954E-5 -9999
8.50045E-6 8.65541E-6 1.91535E-5 3.37942E-6 2.13177E-6 3.29561E-6 4.7209E-6 1.70823E-5 1.65087E-5 1.35879E-5 1.74117E-6 7.93319E-6 1.94998E-6 1.54193E-6 7.00837E-7 3.87079E-7 3.37256E-7 3.68115E-6 1.45839E-6 2.36484E-6 3.31968E-7 3.06351E-6 1.68797E-6 4.8276E-6 2.31867E-6 2.14958E-6 5.1172E-6 3.73696E-5 5.7347E-5 1.36262E-4 9.26959E-5 5.19679E-5 1.75513E-5 1.88801E-5 1.96192E-5 1.97692E-5 1.96592E-5 1.90567E-5 2.81028E-5 1.74049E-5 1.74685E-5 2.81824E-5 4.48671E-5 8.16144E-5 5.82499E-5 7.24336E-6 6.03599E-5 1.19407E-4 9.06261E-5 1.43533E-4 1.01085E-4 6.16434E-5 5.07279E-5 4.86467E-5 1.50136E-5 1.19625E-5 1.49503E-5 5.28579E-5 7.27671E-5 8.73454E-5 4.58511E-5 5.85947E-5 3.51569E-5 7.21621E-5 -9999 -9999
1.53712E-5 6.53276E-6 1.40171E-6 3.19261E-6 3.97415E-7 1.65131E-5 9.84853E-6 1.29967E-5 9.18685E-6 1.48315E-5 7.32233E-6 4.87787E-6 7.00521E-7 1.90179E-7 3.00333E-7 1.51179E-6 9.70615E-7 1.28125E-6 2.43785E-6 1.42074E-6 6.34086E-7 3.4999E-7 7.09118E-6 1.19438E-5 9.20776E-6 6.20571E-7 7.88214E-8 4.55804E-6 2.25027E-5 2.10287E-5 5.52337E-5 3.1629E-5 9.65772E-6 1.62925E-5 2.18914E-5 2.54165E-5 3.0177E-5 3.10259E-5 3.02709E-5 2.08974E-5 2.38322E-5 6.30873E-5 6.15084E-5 6.22289E-5 6.18711E-5 1.4021E-5 7.98476E-5 1.17709E-4 1.59794E-4 1.23381E-4 8.36433E-5 6.02694E-5 5.02419E-5 4.40523E-5 5.38064E-5 3.09617E-5 6.13393E-5 4.4743E-5 3.54833E-5 5.25976E-5 3.59586E-5 4.25233E-5 5.47121E-5 -9999 -9999 -9999
8.57878E-6 5.55703E-6 6.61758E-6 4.20606E-6 2.69681E-6 2.81357E-6 1.68152E-5 1.0835E-5 1.39293E-5 6.04222E-6 9.23292E-6 9.4522E-6 7.68029E-7 5.39429E-7 2.28812E-7 2.84256E-6 1.09125E-6 8.41605E-7 3.87165E-6 2.2277E-6 2.81164E-6 1.74846E-6 2.68441E-6 1.15133E-5 1.32063E-5 5.14522E-6 8.78606E-6 1.54577E-6 1.43796E-6 5.89223E-6 2.99946E-5 3.22274E-5 9.86381E-6 1.39828E-5 2.11996E-5 2.80264E-5 3.41645E-5 4.86072E-5 3.30153E-5 3.20667E-5 4.53171E-5 1.1611E-4 8.45941E-5 4.75304E-5 2.51261E-5 1.1757E-5 6.98692E-5 8.92679E-5 1.27299E-4 1.27813E-4 1.24878E-4 9.90903E-5 4.63813E-5 3.00576E-5 3.74973E-5 5.29071E-5 4.80972E-5 4.30222E-5 4.19566E-5 5.3137E-5 3.37417E-5 7.41007E-5 -9999 -9999 -9999 -9999
2.6195E-6 1.52416E-5 1.36487E-5 6.14272E-6 1.23829E-6 1.38896E-6 4.25972E-7 1.07658E-6 1.29856E-5 7.06691E-6 9.70222E-6 1.00918E-5 6.49652E-6 2.09219E-6 1.42646E-6 1.23733E-6 1.15285E-6 8.77876E-7 4.07947E-7 3.17182E-6 3.07993E-6 5.02975E-6 1.19874E-6 9.16489E-6 6.12687E-6 1.18239E-5 8.58966E-6 8.65836E-6 9.29285E-6 1.10641E-5 3.60059E-5 1.92881E-5 1.57279E-5 1.36605E-5 6.6469E-6 1.48819E-5 2.61949E-5 3.087E-5 3.08011E-5 5.13129E-5 1.16399E-4 9.92622E-5 6.35561E-5 7.15776E-5 4.35203E-5 3.93657E-5 1.09921E-4 1.27324E-4 1.18079E-4 1.22557E-4 9.63835E-5 9.33054E-5 3.16336E-5 2.17122E-5 1.56414E-5 3.18084E-5 4.85525E-5 3.92116E-5 7.25848E-5 4.48373E-5 4.30151E-5 -9999 -9999 -9999 -9999 -9999
6.73111E-7 1.79903E-5 2.49869E-5 1.59227E-5 2.17088E-6 1.14763E-6 5.08895E-8 1.17994E-6 4.4088E-6 1.29193E-5 1.22459E-5 1.44512E-5 5.4981E-6 8.68954E-7 3.50103E-6 1.24602E-6 3.9501E-8 9.2874E-7 1.98965E-6 3.8751E-6 7.94817E-6 4.45198E-6 6.38939E-6 6.28081E-7 2.61798E-6 1.28657E-5 1.16333E-5 1.06378E-5 5.06398E-7 5.47752E-7 7.58403E-7 3.18344E-6 6.20435E-6 1.32933E-5 1.81236E-5 2.70414E-5 2.21863E-5 2.45996E-5 3.36346E-5 7.42438E-5 1.39241E-4 8.6939E-5 9.50334E-5 2.81138E-5 4.31507E-5 1.12386E-4 1.40046E-4 1.54307E-4 1.61882E-4 1.17745E-4 1.23524E-4 7.33823E-5 4.21707E-5 4.06323E-5 2.4511E-5 3.04762E-6 3.84539E-5 3.86983E-5 4.92927E-5 6.33946E-5 -9999 -9999 -9999 -9999 -9999 -9999
9.44208E-7 3.9716E-6 3.29968E-6 2.26173E-6 1.06151E-6 1.18138E-7 3.09382E-7 1.75226E-7 2.56125E-6 8.97886E-6 1.62968E-5 1.91222E-5 8.70183E-6 5.19606E-6 1.63657E-6 9.99061E-7 2.58281E-7 1.57694E-6 4.88791E-6 1.2094E-5 8.16449E-6 4.83768E-6 2.98945E-6 8.33804E-6 6.46684E-6 5.2425E-6 8.3247E-6 9.54077E-6 8.51536E-7 2.32841E-8 5.52458E-9 1.49605E-7 5.21997E-7 2.67777E-6 3.91777E-6 1.52264E-5 1.75381E-5 5.55325E-5 5.07494E-5 9.37452E-5 1.07999E-4 9.68898E-5 1.62052E-4 1.24079E-4 1.57306E-4 1.39928E-4 2.10582E-4 2.5656E-4 2.12937E-4 1.30459E-4 1.28233E-4 3.6631E-5 1.34798E-5 3.6942E-5 3.07673E-5 3.76936E-5 3.16077E-5 3.15782E-5 -9999 -9999 -9999 -9999 -9999 -9999 -9999 -9999
1.2328E-5 7.26879E-6 3.35947E-8 1.14553E-8 9.01253E-8 7.44189E-7 7.28935E-8 1.66989E-8 2.40854E-7 1.16319E-6 6.6072E-6 2.54728E-5 7.86599E-6 5.28644E-7 5.7116E-7 1.76115E-6 5.6681E-7 5.17331E-6 3.90102E-6 3.17994E-6 1.19344E-5 8.39236E-6 1.18984E-5 1.32392E-5 5.98459E-6 5.07138E-6 2.46139E-6 2.07142E-6 3.06144E-6 1.17911E-6 2.87328E-7 5.74709E-8 1.08141E-6 3.35944E-6 6.90732E-6 8.12668E-6 4.89238E-5 6.29707E-5 1.21056E-4 1.31628E-4 2.60075E-4 2.28875E-4 1.69393E-4 1.05476E-4 1.83222E-4 2.30779E-4 2.93029E-4 2.81105E-4 1.37759E-4 6.20061E-5 3.81636E-5 2.64264E-5 3.22929E-5 3.40843E-5 4.36888E-5 3.96613E-5 -9999 -9999 -9999 -9999 -9999 -9999 -9999 -9999 -9999 -9999
1.2239E-6 1.3157E-6 1.72893E-6 5.5052E-7 1.90041E-8 3.40549E-7 3.37056E-8 4.37591E-8 6.3069E-8 2.79489E-8 6.11614E-7 3.44199E-6 4.7963E-7 7.19869E-7 1.60886E-6 3.4779E-6 2.99671E-6 2.79291E-6 3.26631E-6 3.19661E-6 2.29367E-6 1.40759E-5 3.42372E-5 2.81191E-5 1.26839E-6 4.67932E-6 1.64606E-6 4.57845E-6 1.24517E-5 1.39952E-5 7.96364E-7 5.12679E-8 2.43106E-7 4.66491E-6 3.02896E-6 5.7056E-5 8.67929E-5 1.66552E-4 2.19567E-4 3.60687E-4 4.61306E-4 2.86666E-4 1.15044E-4 1.16217E-4 2.30896E-4 2.24162E-4 1.67486E-4 1.41201E-4 5.99928E-5 4.45811E-5 1.87973E-5 3.58608E-5 3.8907E-5 3.14499E-5 4.17266E-5 -9999 -9999 -9999 -9999 -9999 -9999 -9999 -9999 -9999 -9999 -9999
1.2017E-8 5.46573E-8 8.69923E-7 1.00139E-6 2.3129E-7 1.82168E-7 3.47067E-7 6.94773E-8 1.69307E-8 6.42374E-7 1.3534E-6 1.03235E-6 7.56359E-7 1.30696E-6 9.59356E-6 5.09945E-6 4.70227E-6 3.33564E-6 1.45388E-5 6.7972E-6 3.51713E-6 1.34013E-5 2.03503E-5 2.51251E-5 7.52344E-6 2.39292E-6 4.97372E-7 5.21789E-6 8.5744E-6 7.13395E-6 2.26826E-6 3.02211E-8 8.45116E-7 3.69178E-6 2.87207E-5 9.30673E-5 1.78991E-4 1.90322E-4 3.00348E-4 3.59009E-4 2.96131E-4 1.43327E-4 1.33295E-4 1.40693E-4 2.15988E-4 1.7549E-4 7.54596E-5 5.11374E-5 5.10422E-5 5.11529E-5 4.1215E-5 4.96555E-5 4.71713E-5 5.79975E-5 5.18929E-5 -9999 -9999 -9999 -9999 -9999 -9999 -9999 -9999 -9999 -9999 -9999
8.74983E-7 1.98032E-6 7.09264E-7 4.11739E-6 7.84321E-6 1.10192E-5 1.35166E-6 3.79434E-8 1.71986E-7 1.01142E-7 2.92981E-7 2.44747E-7 3.08949E-6 6.48759E-6 8.13982E-6 1.03275E-5 2.73979E-6 1.25386E-5 1.43686E-5 5.38496E-6 1.84128E-6 2.11671E-6 2.25665E-6 1.50475E-6 3.81373E-6 2.05196E-6 6.79261E-7 7.97424E-7 4.85347E-6 4.27198E-7 1.99591E-7 5.25369E-8 4.0896E-6 4.19817E-5 1.46468E-4 3.42078E-4 2.37157E-4 2.54815E-4 1.61365E-4 2.47965E-4 1.72082E-4 1.83436E-4 2.01726E-4 3.44723E-4 2.0891E-4 8.34437E-5 4.98604E-5 3.06715E-5 5.11562E-5 5.04723E-5 4.45295E-5 5.19501E-5 7.92243E-5 5.55633E-5 -9999 -9999 -9999 -9999 -9999 -9999 -9999 -9999 -9999 -9999 -9999 -9999
2.15035E-6 2.12428E-5 7.69443E-6 5.18896E-6 1.26516E-6 3.63734E-6 8.6766E-6 9.33513E-8 1.74753E-7 1.45471E-7 4.0517E-6 3.33044E-7 7.20856E-7 6.46962E-6 3.05806E-6 2.65196E-6 2.50223E-6 1.40945E-5 2.49112E-6 2.72785E-6 1.35988E-6 3.9828E-7 1.61395E-6 2.09886E-6 9.58919E-7 1.81802E-6 5.45598E-6 7.3798E-7 9.81119E-7 1.38485E-5 4.85757E-7 5.18847E-7 2.69746E-5 1.23454E-4 3.76362E-4 4.55403E-4 4.94868E-4 2.25762E-4 7.99461E-5 1.1905E-4 8.9684E-5 1.27591E-4 5.95108E-5 9.7379E-5 7.51056E-5 5.95709E-5 4.74485E-5 4.71701E-5 5.08932E-5 6.03588E-5 4.0674E-5 2.71298E-4 3.88527E-4 -9999 -9999 -9999 -9999 -9999 -9999 -9999 -9999 -9999 -9999 -9999 -9999 -9999
1.52402E-6 2.54949E-5 2.68165E-5 3.89723E-6 2.7947E-7 2.17258E-6 1.21165E-6 7.95719E-8 1.17815E-7 1.11597E-7 5.75596E-7 8.30139E-8 7.25004E-7 8.19501E-6 3.49147E-7 1.78963E-6 8.74835E-6 1.02326E-5 2.67622E-6 2.49764E-6 3.92053E-7 8.61723E-8 3.38713E-6 1.62619E-5 6.16377E-6 5.29955E-6 1.43525E-5 3.52023E-6 1.07074E-6 4.72667E-7 1.61114E-6 1.37195E-5 4.57954E-5 1.6119E-4 4.50547E-4 3.26999E-4 3.89347E-4 9.90896E-5 6.60708E-5 8.08112E-5 4.21027E-5 7.7439E-5 7.80318E-5 5.50111E-5 5.57259E-5 5.10552E-5 5.44971E-5 7.70779E-5 5.52417E-5 5.0631E-5 -9999 -9999 -9999 -9999 -9999 -9999 -9999 -9999 -9999 -9999 -9999 -9999 -9999 -9999 -9999 -9999
2.95656E-5 4.20857E-5 3.65676E-5 2.92058E-5 2.92823E-6 5.22906E-6 8.99656E-6 3.14819E-6 2.45496E-7 4.91878E-7 7.24354E-8 7.94871E-8 8.37652E-7 2.68681E-7 5.64519E-7 1.59843E-6 7.78742E-6 1.9727E-5 1.93976E-6 7.67113E-7 3.36529E-7 1.58176E-7 2.80739E-7 4.82405E-6 7.38321E-6 1.16381E-5 2.74414E-5 3.48825E-5 9.61926E-6 1.42236E-6 1.26926E-6 1.57354E-5 4.94078E-5 1.55477E-4 2.63819E-4 2.29157E-4 1.17946E-4 5.88045E-5 8.54166E-5 9.68119E-5 5.43138E-5 1.0303E-4 1.24026E-4 4.65129E-5 4.49968E-5 7.5043E-5 9.23071E-5 6.41165E-5 5.87945E-5 -9999 -9999 -9999 -9999 -9999 -9999 -9999 -9999 -9999 -9999 -9999 -9999 -9999 -9999 -9999 -9999 -9999
1.61098E-5 4.36696E-5 3.10427E-5 2.54189E-5 3.56065E-6 3.41987E-6 8.98279E-6 7.7631E-6 1.09931E-7 1.35779E-7 1.27609E-6 3.36507E-7 2.57456E-8 3.37101E-8 5.60775E-7 3.78926E-7 1.25894E-5 2.14715E-5 4.87683E-6 7.32323E-7 2.28735E-6 1.59074E-8 7.32004E-8 4.51789E-6 7.07974E-6 1.58563E-5 3.10752E-5 3.16964E-5 1.5911E-5 1.13465E-5 2.5452E-5 5.29544E-5 1.33278E-4 5.11178E-5 1.49261E-4 7.25817E-5 4.73127E-5 2.26047E-5 6.66692E-5 5.00889E-5 7.23761E-5 9.71701E-5 6.09177E-5 6.0556E-5 6.30502E-5 5.74337E-5 4.97996E-5 -9999 -9999 -9999 -9999 -9999 -9999 -9999 -9999 -9999 -9999 -9999 -9999 -9999 -9999 -9999 -9999 -9999 -9999 -9999
4.22151E-6 1.54426E-5 1.16398E-5 1.45077E-5 4.01107E-6 2.6226E-6 1.95534E-6 4.74974E-6 9.36197E-7 1.93093E-6 1.20616E-6 7.84277E-7 1.28943E-7 1.48487E-7 3.24819E-8 3.39367E-6 8.52177E-6 1.54283E-5 2.41066E-6 3.76084E-6 2.4297E-6 5.21491E-6 6.36241E-6 7.07414E-6 2.28248E-5 2.84584E-5 1.06759E-5 4.20487E-6 4.16859E-6 1.46319E-5 1.65461E-5 1.16617E-4 1.75443E-4 1.64992E-4 5.82893E-5 4.53975E-5 1.57576E-5 1.37273E-5 4.03979E-5 4.00293E-5 6.15115E-5 6.02815E-5 4.12238E-5 5.80724E-5 6.29602E-5 4.96678E-5 -9999 -9999 -9999 -9999 -9999 -9999 -9999 -9999 -9999 -9999 -9999 -9999 -9999 -9999 -9999 -9999 -9999 -9999 -9999 -9999
2.28584E-5 2.78583E-5 3.50485E-6 1.21439E-5 7.44221E-6 8.75504E-6 7.9152E-6 6.5444E-6 3.88708E-6 5.54299E-7 1.19588E-6 1.27114E-6 1.40402E-7 2.52267E-7 8.90246E-7 4.19249E-6 1.48716E-5 7.43809E-6 3.33482E-7 6.76864E-6 2.51937E-6 3.87499E-6 3.53558E-6 2.05003E-5 2.5572E-5 2.58083E-5 2.72184E-6 2.98854E-6 3.85022E-6 7.05027E-7 8.49769E-6 1.08451E-5 2.08539E-5 2.54464E-5 3.72966E-5 3.28162E-5 2.02803E-5 2.88109E-5 2.59119E-5 3.05759E-5 4.63396E-5 4.81677E-5 2.37087E-5 4.60267E-5 -9999 -9999 -9999 -9999 -9999 -9999 -9999 -9999 -9999 -9999 -9999 -9999 -9999 -9999 -9999 -9999 -9999 -9999 -9999 -9999 -9999 -9999
3.00354E-5 2.83559E-5 1.60821E-5 4.622E-6 4.53827E-6 4.49934E-6 1.6601E-5 3.94367E-6 1.378E-5 1.07159E-5 7.85437E-7 1.87133E-6 3.29887E-7 4.22019E-7 7.8053E-6 2.05776E-5 1.92765E-5 2.02896E-5 9.04967E-6 1.42978E-5 1.23128E-5 7.77544E-6 4.57113E-6 1.56616E-5 2.6247E-5 1.98671E-5 2.78212E-6 6.27751E-6 3.37231E-6 3.63115E-6 8.69083E-6 1.68797E-5 1.85715E-5 2.51736E-5 3.58386E-5 2.20627E-5 2.676E-5 2.94982E-5 3.04048E-5 3.05538E-5 7.01271E-5 6.40011E-5 4.10656E-5 -9999 -9999 -9999 -9999 -9999 -9999 -9999 -9999 -9999 -9999 -9999 -9999 -9999 -9999 -9999 -9999 -9999 -9999 -9999 -9999 -9999 -9999 -9999
2.50756E-5 6.96475E-6 1.0454E-5 7.32558E-6 4.83904E-6 2.72259E-6 1.10828E-5 2.15562E-5 1.73934E-5 4.26758E-6 8.49554E-6 3.67124E-6 1.05708E-6 3.15828E-6 2.31237E-5 2.89104E-5 2.47486E-5 1.82448E-5 1.02708E-5 4.40884E-6 7.09702E-7 3.69861E-6 4.57491E-6 5.09593E-6 1.61272E-5 8.5061E-6 5.71166E-6 7.55631E-6 1.39448E-6 4.08293E-6 1.22398E-5 1.45123E-5 1.54194E-5 1.33071E-5 3.16503E-5 1.45243E-4 3.72976E-5 3.57341E-5 3.37878E-5 4.28778E-5 5.20681E-5 5.47146E-5 -9999 -9999 -9999 -9999 -9999 -9999 -9999 -9999 -9999 -9999 -9999 -9999 -9999 -9999 -9999 -9999 -9999 -9999 -9999 -9999 -9999 -9999 -9999 -9999
4.01386E-6 1.36435E-5 1.0867E-5 4.11756E-6 4.40265E-6 9.73234E-6 1.51367E-5 1.87802E-5 6.1119E-6 1.1869E-6 3.04943E-6 2.45504E-5 9.66458E-6 1.86669E-5 2.24827E-5 2.84807E-5 1.99506E-5 2.04817E-5 1.42906E-5 1.5284E-6 2.27082E-6 2.41415E-7 2.369E-6 4.45276E-6 1.03914E-5 1.31924E-5 9.66382E-6 2.92646E-6 1.01334E-5 7.82935E-6 1.98463E-5 1.99286E-5 1.97303E-5 2.15252E-5 4.33121E-5 5.78694E-5 4.4963E-5 4.39716E-5 4.25785E-5 4.85915E-5 6.07426E-5 -9999 -9999 -9999 -9999 -9999 -9999 -9999 -9999 -9999 -9999 -9999 -9999 -9999 -9999 -9999 -9999 -9999 -9999 -9999 -9999 -9999 -9999 -9999 -9999 -9999
8.3118E-6 6.9914E-6 3.81014E-6 1.84846E-6 5.67502E-6 6.04778E-6 2.04099E-6 3.58211E-6 2.31663E-6 1.20995E-5 1.75281E-5 2.73115E-5 2.11084E-5 1.54483E-5 1.6761E-5 1.65389E-5 9.51614E-6 1.15005E-5 1.73217E-5 2.44074E-6 1.78362E-6 2.92039E-7 9.01908E-6 1.30054E-5 8.43174E-6 8.21128E-6 2.26468E-5 1.82782E-5 2.32576E-5 1.16483E-5 8.50883E-6 1.58133E-5 1.69721E-5 3.96694E-5 4.76879E-5 5.13737E-5 4.2248E-5 6.23399E-5 6.12719E-5 5.85528E-5 5.87847E-5 -9999 -9999 -9999 -9999 -9999 -9999 -9999 -9999 -9999 -9999 -9999 -9999 -9999 -9999 -9999 -9999 -9999 -9999 -9999 -9999 -9999 -9999 -9999 -9999 -9999
1.27054E-5 4.49471E-6 2.05503E-6 2.01173E-5 1.03825E-5 2.53054E-6 9.65074E-7 3.32817E-7 7.83294E-6 1.95421E-5 2.34499E-5 1.33322E-5 9.10577E-6 8.97003E-6 8.00513E-6 5.64819E-6 5.15922E-6 2.98176E-6 1.55579E-5 2.75296E-6 3.20823E-6 1.78787E-6 1.74605E-5 1.36582E-5 3.89751E-6 1.97654E-6 7.02388E-6 1.51522E-5 3.63641E-5 3.16262E-5 3.05395E-5 3.35671E-5 4.65412E-5 4.28121E-5 4.9674E-5 4.50169E-5 3.42208E-5 4.86963E-5 5.90128E-5 5.78293E-5 7.21165E-5 8.07591E-5 -9999 -9999 -9999 -9999 -9999 -9999 -9999 -9999 -9999 -9999 -9999 -9999 -9999 -9999 -9999 -9999 -9999 -9999 -9999 -9999 -9999 -9999 -9999 -9999
2.76134E-6 3.85085E-6 2.13157E-6 8.52497E-6 9.57638E-6 1.43291E-6 3.52772E-6 2.33974E-6 6.33716E-6 1.0092E-6 1.33991E-6 1.52471E-6 2.01622E-6 7.74083E-6 1.14289E-6 2.00917E-6 5.22527E-6 5.93528E-6 8.84556E-6 2.85618E-6 4.05694E-6 2.33853E-5 6.79431E-7 6.91472E-6 9.14509E-6 3.62946E-6 7.99108E-6 2.70825E-5 4.49192E-5 4.62196E-5 5.06064E-5 4.83981E-5 4.59733E-5 5.46527E-5 5.12358E-5 6.6886E-5 4.71652E-5 5.2081E-5 4.68985E-5 6.3676E-5 8.56006E-5 4.8769E-5 6.0846E-5 -9999 -9999 -9999 -9999 -9999 -9999 -9999 -9999 -9999 -9999 -9999 -9999 -9999 -9999 -9999 -9999 -9999 -9999 -9999 -9999 -9999 -9999 -9999
6.04903E-6 1.28141E-5 6.62932E-6 9.37167E-6 4.13969E-6 3.05262E-6 8.85823E-6 2.13264E-5 2.84312E-6 1.42644E-6 3.09367E-6 7.1161E-6 1.84604E-6 5.67297E-6 7.59599E-7 1.812E-6 5.17734E-6 1.54205E-6 2.12949E-6 4.1217E-6 2.48335E-6 2.00946E-5 7.0976E-6 2.82803E-6 4.31061E-6 6.67718E-6 2.77093E-5 3.60835E-5 4.89201E-5 4.23081E-5 6.82052E-5 6.34359E-5 4.70703E-5 4.88319E-5 4.69372E-5 5.62871E-5 6.15043E-5 5.87483E-5 6.7896E-5 6.03663E-5 5.44735E-5 5.63356E-5 -9999 -9999 -9999 -9999 -9999 -9999 -9999 -9999 -9999 -9999 -9999 -9999 -9999 -9999 -9999 -9999 -9999 -9999 -9999 -9999 -9999 -9999 -9999 -9999
5.23267E-6 7.54491E-6 7.99415E-7 1.0234E-6 5.27723E-6 3.92663E-6 1.5531E-5 2.31236E-5 1.7914E-6 5.49152E-6 1.98654E-5 1.55909E-5 1.3482E-5 1.10775E-5 9.99064E-6 9.64375E-6 1.56639E-5 3.84802E-6 7.94381E-6 1.45327E-5 6.47966E-6 8.12761E-6 1.04388E-4 3.49475E-5 3.17462E-5 2.96753E-5 3.40306E-5 4.7425E-5 5.61319E-5 5.80457E-5 6.10093E-5 5.13633E-5 5.70171E-5 5.11408E-5 5.41032E-5 6.62052E-5 8.02843E-5 5.80286E-5 6.27486E-5 5.60947E-5 5.48821E-5 -9999 -9999 -9999 -9999 -9999 -9999 -9999 -9999 -9999 -9999 -9999 -9999 -9999 -9999 -9999 -9999 -9999 -9999 -9999 -9999 -9999 -9999 -9999 -9999 -9999
1.38019E-7 2.95779E-6 2.36535E-6 3.08364E-7 5.35731E-8 1.16703E-7 2.84975E-6 2.47045E-7 2.44308E-6 2.14036E-6 5.92954E-6 3.98329E-6 1.26355E-5 1.45068E-5 1.61485E-5 2.44033E-5 1.51988E-5 2.6555E-5 2.83109E-5 2.15312E-5 2.00999E-5 8.82321E-6 2.31662E-5 2.40662E-5 2.30072E-5 6.7349E-6 3.29149E-5 4.0613E-5 4.23349E-5 4.54612E-5 4.92649E-5 4.56576E-5 5.2629E-5 3.2041E-5 5.57817E-5 7.18673E-5 7.03004E-5 4.86589E-5 4.46361E-5 -9999 -9999 -9999 -9999 -9999 -9999 -9999 -9999 -9999 -9999 -9999 -9999 -9999 -9999 -9999 -9999 -9999 -9999 -9999 -9999 -9999 -9999 -9999 -9999 -9999 -9999 -9999
