catData/rasterBestHybridModels/Pbengalensis/RD_RM1.5_LQ/Pbengalensis_max.asc
ncols         409
nrows         350
xllcorner     60.897278365
yllcorner     5.843756025
cellsize      0.0892857
NODATA_value  -9999
[rows 116 to 144 of 350, columns 66 to 131 of 409]
6.09031E-6 6.51504E-6 5.09603E-6 9.10306E-6 6.49213E-6 2.82149E-6 2.65682E-6 3.39036E-6 4.61654E-6 5.38966E-6 6.14961E-6 6.57738E-6 6.78155E-6 1.14232E-5 1.2625E-5 1.44453E-5 1.78668E-5 1.0005E-5 5.05039E-6 3.72778E-6 3.55746E-6 3.02144E-6 2.98001E-6 3.76405E-6 2.56722E-6 1.81492E-6 1.32414E-6 1.13166E-6 1.00316E-6 9.53341E-7 9.36946E-7 9.31439E-7 8.90923E-7 8.04327E-7 7.26604E-7 8.56898E-7 9.99835E-7 1.41641E-6 1.97823E-6 2.71896E-6 3.59741E-6 5.05741E-6 6.48201E-6 9.1351E-6 1.10526E-5 1.28982E-5 1.27448E-5 1.27196E-5 1.17606E-5 9.7797E-6 8.62887E-6 7.19894E-6 7.90971E-6 9.19628E-6 1.19494E-5 1.33001E-5 1.22044E-5 1.15122E-5 1.26789E-5 1.19772E-5 9.96316E-6 8.03995E-6 7.06977E-6 6.79722E-6 6.36687E-6 5.85788E-6
5.43404E-6 5.98581E-6 6.37129E-6 8.37054E-6 6.95916E-6 3.45002E-6 2.91193E-6 3.26662E-6 5.16433E-6 4.65783E-6 5.99233E-6 5.77209E-6 7.45204E-6 1.02068E-5 1.176E-5 1.19546E-5 1.53173E-5 1.17094E-5 5.84867E-6 3.58808E-6 2.99637E-6 2.85072E-6 3.17928E-6 3.97818E-6 3.12279E-6 2.23612E-6 1.65769E-6 1.46361E-6 1.43435E-6 1.44134E-6 1.31971E-6 1.2165E-6 1.1662E-6 1.04674E-6 9.51102E-7 8.63201E-7 9.83439E-7 1.36677E-6 1.89675E-6 2.5686E-6 3.38927E-6 4.61232E-6 5.90781E-6 6.61425E-6 7.65613E-6 9.99563E-6 9.4124E-6 1.0009E-5 9.67545E-6 8.4527E-6 7.79162E-6 6.80782E-6 7.40187E-6 8.37308E-6 9.27991E-6 9.91795E-6 9.14152E-6 9.26484E-6 9.10866E-6 8.56558E-6 7.76494E-6 6.87589E-6 6.05316E-6 5.62135E-6 5.7336E-6 6.49783E-6
6.53078E-6 4.1562E-6 6.15228E-6 7.94487E-6 1.10796E-5 5.81981E-6 3.01276E-6 2.9953E-6 4.79553E-6 8.18208E-6 6.57129E-6 5.14317E-6 7.70477E-6 9.42354E-6 1.0268E-5 1.11159E-5 1.59947E-5 1.39713E-5 8.56014E-6 4.69524E-6 4.26794E-6 3.76514E-6 4.94416E-6 5.4646E-6 4.60636E-6 3.03287E-6 2.38618E-6 1.99195E-6 2.04457E-6 2.20097E-6 1.89323E-6 1.73121E-6 1.53606E-6 1.31459E-6 1.15125E-6 9.90965E-7 9.89103E-7 1.44906E-6 1.90479E-6 2.40673E-6 2.99905E-6 3.67121E-6 4.24669E-6 4.82972E-6 6.00613E-6 7.15253E-6 7.0315E-6 7.51306E-6 7.26995E-6 7.07224E-6 6.53053E-6 6.25884E-6 6.81368E-6 7.20409E-6 7.33562E-6 7.40993E-6 7.32605E-6 7.3367E-6 7.14639E-6 6.72466E-6 6.28805E-6 5.74834E-6 5.20193E-6 5.68416E-6 6.86441E-6 7.44091E-6
9.45428E-6 4.58901E-6 4.26677E-6 6.01873E-6 1.06006E-5 7.80737E-6 4.36672E-6 5.37614E-6 5.09884E-6 1.04223E-5 7.67063E-6 7.13634E-6 6.73249E-6 6.28267E-6 8.01923E-6 1.07364E-5 1.40131E-5 1.58404E-5 1.43149E-5 8.75753E-6 7.45491E-6 6.82642E-6 9.1691E-6 1.15169E-5 7.06253E-6 4.19507E-6 3.43492E-6 2.87519E-6 2.80766E-6 3.06147E-6 2.63414E-6 2.53465E-6 2.06228E-6 1.69043E-6 1.43526E-6 1.18911E-6 1.11081E-6 1.42204E-6 1.83778E-6 2.22822E-6 2.63664E-6 3.15319E-6 3.54057E-6 3.84594E-6 5.09017E-6 5.17259E-6 5.47849E-6 5.72205E-6 6.27834E-6 5.93975E-6 5.50028E-6 4.91647E-6 5.36005E-6 5.58886E-6 5.77279E-6 5.82677E-6 5.75915E-6 5.93661E-6 5.82068E-6 5.31428E-6 5.02604E-6 4.65689E-6 4.89217E-6 6.29016E-6 6.95257E-6 7.68332E-6
1.19096E-5 7.06027E-6 3.66847E-6 4.2308E-6 7.02601E-6 8.92078E-6 6.57886E-6 1.0564E-5 5.66061E-6 6.36085E-6 6.26309E-6 5.78342E-6 5.82464E-6 5.72568E-6 6.47479E-6 9.89976E-6 1.36455E-5 1.30512E-5 1.58554E-5 1.56121E-5 1.49216E-5 1.30333E-5 1.13009E-5 1.12509E-5 1.08643E-5 6.67091E-6 4.60958E-6 4.35025E-6 4.05265E-6 3.64605E-6 3.30546E-6 2.9457E-6 2.56275E-6 2.22243E-6 1.76803E-6 1.41561E-6 1.34277E-6 1.44118E-6 1.74083E-6 1.98259E-6 2.24635E-6 2.59602E-6 2.86258E-6 3.35402E-6 4.00444E-6 4.4354E-6 4.6958E-6 4.83584E-6 5.02922E-6 5.24347E-6 5.273E-6 5.33534E-6 5.31596E-6 4.90629E-6 4.52241E-6 4.80219E-6 4.51284E-6 4.57387E-6 5.08977E-6 5.4244E-6 5.5283E-6 5.6583E-6 5.68242E-6 6.06933E-6 6.5341E-6 7.77846E-6
1.329E-5 9.96622E-6 6.83089E-6 4.39223E-6 5.762E-6 8.38127E-6 8.50858E-6 1.03346E-5 6.93141E-6 9.04082E-6 4.72492E-6 6.34636E-6 5.48797E-6 4.26342E-6 6.24831E-6 1.15036E-5 1.39494E-5 1.57642E-5 1.70795E-5 1.41954E-5 1.77323E-5 1.9662E-5 1.74968E-5 1.59729E-5 1.23957E-5 1.25055E-5 8.13878E-6 7.9265E-6 5.98789E-6 4.9303E-6 4.08885E-6 3.64183E-6 3.37591E-6 2.70106E-6 2.16791E-6 1.7041E-6 1.63594E-6 1.77519E-6 1.71502E-6 1.7255E-6 2.03268E-6 2.20607E-6 2.56701E-6 3.12611E-6 3.42239E-6 3.82146E-6 4.57605E-6 5.21225E-6 5.94771E-6 6.0486E-6 6.19938E-6 6.25982E-6 6.21733E-6 5.74824E-6 5.15722E-6 4.49278E-6 4.71595E-6 5.30955E-6 5.8369E-6 6.60133E-6 6.86097E-6 6.9274E-6 6.39192E-6 5.96087E-6 6.20924E-6 7.57922E-6
1.9822E-5 1.15824E-5 8.48445E-6 7.00173E-6 5.99184E-6 6.96524E-6 8.56651E-6 9.85752E-6 6.94723E-6 1.43273E-5 7.36237E-6 8.27647E-6 8.02109E-6 5.21254E-6 6.68588E-6 1.11438E-5 1.90304E-5 1.71459E-5 1.85304E-5 1.5063E-5 2.00716E-5 2.42003E-5 1.89596E-5 1.86645E-5 2.25259E-5 1.84498E-5 1.57264E-5 1.23071E-5 8.86908E-6 6.6004E-6 5.17478E-6 4.1901E-6 3.89273E-6 2.87636E-6 2.58187E-6 2.23302E-6 2.10741E-6 2.13423E-6 2.07387E-6 1.98222E-6 1.82443E-6 2.03281E-6 2.30866E-6 2.83041E-6 3.56493E-6 4.65525E-6 5.60931E-6 7.04848E-6 7.56344E-6 7.32437E-6 7.57065E-6 7.71218E-6 7.38354E-6 6.6673E-6 5.92801E-6 5.05556E-6 5.33114E-6 6.23144E-6 6.86807E-6 7.53574E-6 8.36185E-6 8.30978E-6 7.22971E-6 7.03141E-6 7.21563E-6 6.89177E-6
3.24911E-5 1.54656E-5 8.20329E-6 9.36908E-6 1.07093E-5 6.6029E-6 7.49578E-6 1.05386E-5 9.16479E-6 1.2512E-5 9.6165E-6 1.00179E-5 1.24618E-5 9.26157E-6 8.39793E-6 1.03822E-5 1.35459E-5 1.65042E-5 1.44483E-5 1.5919E-5 2.07515E-5 2.54218E-5 2.42017E-5 2.11486E-5 2.15204E-5 2.00533E-5 2.04765E-5 1.89447E-5 1.47469E-5 8.40687E-6 7.05501E-6 4.90518E-6 3.82339E-6 3.05946E-6 3.09246E-6 2.87369E-6 2.72999E-6 2.66083E-6 2.49061E-6 2.31615E-6 2.20656E-6 1.95849E-6 2.46782E-6 3.26177E-6 4.18167E-6 5.35341E-6 6.33466E-6 7.64745E-6 8.9709E-6 9.52432E-6 9.08722E-6 8.95253E-6 8.87227E-6 7.61301E-6 6.68286E-6 5.80862E-6 6.19139E-6 7.44413E-6 8.74024E-6 9.02161E-6 9.6349E-6 9.72058E-6 9.09865E-6 9.43999E-6 9.12666E-6 8.75533E-6
4.52398E-5 2.62397E-5 1.0391E-5 8.60826E-6 8.60673E-6 6.17888E-6 7.06952E-6 6.46375E-6 9.9674E-6 1.04674E-5 1.13057E-5 1.26442E-5 1.45482E-5 1.07951E-5 1.03457E-5 9.42736E-6 9.41061E-6 1.27245E-5 1.64192E-5 2.04418E-5 2.15174E-5 2.10425E-5 2.52234E-5 2.56848E-5 1.81518E-5 1.39935E-5 2.12772E-5 2.08714E-5 1.66782E-5 1.03819E-5 7.97476E-6 6.00685E-6 4.20432E-6 3.78077E-6 3.66377E-6 3.75438E-6 3.51193E-6 3.33286E-6 3.05581E-6 2.83787E-6 2.63706E-6 2.27661E-6 2.75154E-6 3.49304E-6 4.61041E-6 5.65029E-6 7.06872E-6 8.47513E-6 9.93081E-6 1.13794E-5 1.22542E-5 1.11814E-5 1.07678E-5 8.96021E-6 8.29265E-6 6.53185E-6 6.86791E-6 9.53211E-6 1.02612E-5 1.12689E-5 1.39624E-5 1.40312E-5 1.16489E-5 1.11153E-5 1.18837E-5 1.14178E-5
4.25264E-5 3.8437E-5 1.54623E-5 8.71998E-6 7.23984E-6 5.52293E-6 5.23907E-6 5.47399E-6 7.05091E-6 1.14648E-5 9.55687E-6 1.24426E-5 1.35668E-5 1.18141E-5 1.33223E-5 1.02884E-5 1.02364E-5 1.63581E-5 2.18199E-5 3.094E-5 3.04007E-5 2.3814E-5 2.10114E-5 2.11395E-5 1.68825E-5 1.38757E-5 2.25718E-5 1.52073E-5 1.62514E-5 1.4212E-5 8.08193E-6 5.75271E-6 5.42516E-6 5.22384E-6 5.33104E-6 5.123E-6 4.4529E-6 4.26066E-6 3.83286E-6 3.52999E-6 3.10815E-6 2.71767E-6 2.94164E-6 3.79247E-6 4.74019E-6 6.15569E-6 7.79863E-6 9.81799E-6 1.15084E-5 1.3941E-5 1.4442E-5 1.47627E-5 1.3488E-5 1.13179E-5 9.60657E-6 7.16257E-6 7.11312E-6 1.01128E-5 1.12988E-5 1.41644E-5 1.85568E-5 1.79022E-5 1.4049E-5 1.42227E-5 1.60425E-5 1.53839E-5
3.87867E-5 3.74272E-5 2.56623E-5 1.48301E-5 8.49958E-6 6.39418E-6 5.23834E-6 5.72029E-6 6.6691E-6 1.05533E-5 9.81954E-6 1.21596E-5 1.24725E-5 1.07378E-5 1.14106E-5 1.22888E-5 1.08999E-5 2.14077E-5 2.43459E-5 3.14426E-5 3.66521E-5 2.64922E-5 3.09118E-5 2.65445E-5 1.4671E-5 1.43561E-5 1.52478E-5 1.42954E-5 8.95616E-6 1.18163E-5 9.4452E-6 8.50306E-6 8.14917E-6 7.17807E-6 6.61234E-6 6.2862E-6 5.83267E-6 5.15159E-6 4.64477E-6 4.17118E-6 3.51018E-6 3.07757E-6 3.01744E-6 3.97589E-6 4.93732E-6 6.28433E-6 7.76862E-6 1.07548E-5 1.28317E-5 1.58504E-5 1.96972E-5 2.08E-5 1.76012E-5 1.39635E-5 1.05041E-5 7.55161E-6 7.0136E-6 8.70243E-6 1.13527E-5 1.49446E-5 1.89592E-5 1.53473E-5 1.51402E-5 1.53891E-5 1.93731E-5 1.79017E-5
3.51305E-5 3.24726E-5 3.32083E-5 1.89636E-5 9.72657E-6 7.68178E-6 6.85806E-6 6.43781E-6 6.86185E-6 7.26069E-6 7.86567E-6 8.94376E-6 1.02425E-5 8.14195E-6 7.76641E-6 9.92479E-6 1.30016E-5 9.98512E-6 7.09024E-6 2.60793E-5 3.50435E-5 3.21566E-5 2.45276E-5 2.18188E-5 1.58468E-5 1.35528E-5 1.29994E-5 1.21583E-5 1.45696E-5 1.53604E-5 1.20834E-5 1.29471E-5 1.03255E-5 1.03157E-5 9.60433E-6 8.62154E-6 8.12598E-6 6.64398E-6 5.39118E-6 4.6135E-6 3.96727E-6 3.43372E-6 3.27586E-6 3.97346E-6 4.9139E-6 6.11813E-6 7.71683E-6 1.06018E-5 1.36631E-5 1.7481E-5 1.98758E-5 2.35413E-5 1.83909E-5 1.36963E-5 9.96158E-6 7.47411E-6 6.11668E-6 7.45162E-6 9.27854E-6 1.19144E-5 1.50797E-5 1.49017E-5 1.6176E-5 1.73445E-5 1.41253E-5 1.40679E-5
2.88795E-5 2.5816E-5 2.82858E-5 2.12841E-5 1.14876E-5 6.34102E-6 6.06297E-6 7.25971E-6 6.15211E-6 6.19487E-6 7.92348E-6 9.42791E-6 1.00236E-5 9.96756E-6 1.03277E-5 1.30355E-5 1.61807E-5 1.90107E-5 2.89253E-5 3.41954E-5 3.10899E-5 3.09982E-5 2.02809E-5 1.24968E-5 1.7581E-5 2.08039E-5 1.76094E-5 1.11265E-5 1.98972E-5 2.05635E-5 1.14698E-5 1.81627E-5 1.61386E-5 1.66652E-5 1.47528E-5 1.26539E-5 1.02041E-5 7.60973E-6 5.93828E-6 5.03786E-6 4.39006E-6 3.77414E-6 3.16771E-6 3.8748E-6 4.71156E-6 5.96186E-6 7.17217E-6 8.91628E-6 1.12439E-5 1.51889E-5 1.54302E-5 1.53143E-5 1.3773E-5 1.11929E-5 8.45352E-6 6.6824E-6 5.49146E-6 6.5216E-6 7.78425E-6 9.9587E-6 1.22711E-5 1.59954E-5 2.3701E-5 1.64131E-5 1.41773E-5 9.52032E-6
2.54734E-5 2.3317E-5 2.43949E-5 2.11796E-5 9.91728E-6 8.98504E-6 8.43877E-6 9.70974E-6 7.69928E-6 7.46504E-6 8.78668E-6 1.06189E-5 1.08752E-5 1.25463E-5 1.65596E-5 1.76014E-5 1.94059E-5 2.03417E-5 2.81246E-5 3.72003E-5 3.94349E-5 4.2488E-5 3.42942E-5 2.72336E-5 2.65115E-5 2.23184E-5 8.70333E-6 7.09377E-6 2.83854E-5 2.4031E-5 2.64958E-5 2.12429E-5 1.17272E-5 1.65301E-5 1.8888E-5 1.42897E-5 1.10864E-5 7.81749E-6 6.28714E-6 5.33511E-6 4.57545E-6 3.90813E-6 3.16682E-6 3.66619E-6 4.48193E-6 5.38606E-6 6.52399E-6 7.54249E-6 8.23146E-6 1.06796E-5 1.131E-5 1.06986E-5 1.04224E-5 8.36647E-6 7.37582E-6 5.64957E-6 5.02611E-6 5.55959E-6 6.54139E-6 8.86818E-6 1.27666E-5 2.01581E-5 1.92973E-5 1.78867E-5 1.2469E-5 1.06972E-5
3.06258E-5 2.89538E-5 2.63199E-5 1.68576E-5 1.23924E-5 1.53327E-5 1.39803E-5 1.25121E-5 1.08145E-5 8.40736E-6 9.17088E-6 1.09737E-5 1.17864E-5 1.42156E-5 1.92344E-5 2.08869E-5 8.97953E-5 2.32613E-5 2.04971E-5 4.06769E-5 4.33919E-5 3.89074E-5 3.24875E-5 2.52873E-5 2.46989E-5 2.19156E-5 1.55453E-5 1.03106E-5 2.32024E-5 2.45009E-5 2.61177E-5 1.69891E-5 2.07416E-5 1.72853E-5 1.74208E-5 1.26214E-5 9.95995E-6 7.92131E-6 6.66026E-6 5.6245E-6 4.69791E-6 3.95132E-6 3.17876E-6 3.41246E-6 4.07156E-6 4.94459E-6 6.05124E-6 7.18683E-6 7.02076E-6 7.7909E-6 8.34681E-6 7.71792E-6 7.14852E-6 6.48081E-6 5.57996E-6 4.92566E-6 4.41087E-6 4.79948E-6 6.00376E-6 7.89071E-6 1.07066E-5 1.40494E-5 8.96483E-6 1.48764E-5 1.04369E-5 1.12959E-5
5.00156E-5 4.21038E-5 3.13811E-5 2.29881E-5 2.21972E-5 2.64477E-5 2.13487E-5 1.7202E-5 1.28797E-5 9.67987E-6 9.58844E-6 1.08554E-5 1.29726E-5 1.43045E-5 1.67154E-5 2.09945E-5 9.45026E-5 9.34408E-5 2.41791E-5 2.76998E-5 3.99383E-5 3.56981E-5 2.38385E-5 2.98071E-5 3.2054E-5 2.82175E-5 1.50971E-5 1.05163E-5 6.87731E-6 1.85146E-5 2.74868E-6 1.52907E-5 1.77858E-5 2.47496E-5 1.80706E-5 1.26376E-5 9.68227E-6 8.08047E-6 6.42553E-6 5.36821E-6 4.68072E-6 3.88504E-6 3.18761E-6 3.08747E-6 3.69211E-6 4.28945E-6 4.93701E-6 5.34802E-6 5.57649E-6 5.90517E-6 6.21747E-6 5.82386E-6 5.50625E-6 5.34747E-6 4.76621E-6 4.31635E-6 4.19306E-6 5.05567E-6 6.34996E-6 7.28461E-6 8.11001E-6 9.57862E-6 1.17949E-5 1.30999E-5 1.44961E-5 1.94101E-5
9.20959E-5 5.74304E-5 3.48723E-5 3.57203E-5 3.3518E-5 3.33825E-5 3.13244E-5 2.28179E-5 1.63402E-5 1.24133E-5 1.04807E-5 1.18905E-5 1.34347E-5 1.43103E-5 1.65644E-5 1.96898E-5 1.63672E-5 2.78527E-5 2.86943E-5 2.66068E-5 3.3423E-5 2.8498E-5 2.85763E-5 3.45672E-5 2.40625E-5 2.96341E-5 2.67099E-5 1.8747E-5 1.55067E-5 1.90715E-5 2.02449E-5 1.69942E-5 1.33184E-5 2.49847E-5 1.831E-5 1.27748E-5 9.25151E-6 7.57373E-6 6.34331E-6 5.35915E-6 4.71401E-6 4.34392E-6 3.86075E-6 3.49032E-6 3.18409E-6 3.59125E-6 4.09722E-6 4.40592E-6 4.57849E-6 4.57377E-6 4.70412E-6 4.64685E-6 4.449E-6 4.12576E-6 4.06543E-6 4.3285E-6 4.88221E-6 6.00052E-6 7.47323E-6 8.33574E-6 6.48069E-6 8.01198E-6 4.70177E-6 1.27614E-5 1.59831E-5 1.73714E-5
1.38799E-4 6.99477E-5 3.7041E-5 3.65332E-5 3.88176E-5 4.01982E-5 3.68912E-5 2.96504E-5 2.12489E-5 1.62287E-5 1.45377E-5 1.36211E-5 1.2582E-5 1.34116E-5 1.54148E-5 1.75647E-5 1.37811E-5 1.80392E-5 3.05023E-5 3.34469E-5 3.63076E-5 2.40476E-5 2.73936E-5 3.56373E-5 9.76071E-6 2.06183E-5 2.28569E-5 1.80489E-5 2.06387E-5 2.74553E-5 3.48744E-5 3.63266E-5 4.83106E-6 1.98412E-5 1.44522E-5 1.20407E-5 9.32256E-6 7.60449E-6 6.35639E-6 6.11442E-6 5.77625E-6 5.31995E-6 4.65774E-6 3.99568E-6 3.35267E-6 3.03294E-6 3.38253E-6 3.57464E-6 3.74836E-6 3.87062E-6 3.78782E-6 3.98566E-6 4.32621E-6 4.62228E-6 5.02119E-6 5.39844E-6 5.82565E-6 6.67436E-6 8.17201E-6 8.01399E-6 1.21993E-5 7.02245E-6 1.09858E-5 7.44089E-6 1.05375E-5 8.54023E-6
1.00274E-4 6.87419E-5 5.61196E-5 5.55378E-5 5.12454E-5 5.16851E-5 4.58002E-5 3.61504E-5 2.86983E-5 2.37312E-5 1.93971E-5 1.78556E-5 1.66091E-5 1.56989E-5 2.0208E-5 1.83219E-5 1.83121E-5 2.85889E-5 3.56481E-5 4.73663E-5 4.41939E-5 3.55646E-5 3.30789E-5 2.12766E-5 3.02307E-5 1.59464E-5 2.72034E-5 1.60554E-5 1.98338E-5 2.34889E-5 2.61955E-5 2.92043E-5 2.63441E-5 1.96827E-5 1.36928E-5 1.15074E-5 8.51608E-6 8.07544E-6 8.10422E-6 7.89934E-6 7.25163E-6 6.33462E-6 5.45827E-6 4.52554E-6 3.78389E-6 3.09651E-6 2.71172E-6 2.9123E-6 3.23354E-6 3.66477E-6 4.04883E-6 4.54012E-6 5.14103E-6 5.84948E-6 6.97138E-6 6.86313E-6 6.9402E-6 7.21398E-6 9.26165E-6 1.12673E-5 1.54344E-5 1.22329E-5 1.46496E-5 1.11788E-5 8.54545E-6 3.3929E-6
8.32443E-5 7.78921E-5 5.04791E-4 7.74161E-5 7.4177E-5 6.36989E-5 5.05139E-5 4.17009E-5 4.11305E-5 3.53079E-5 2.73287E-5 2.48489E-5 2.49019E-5 2.84807E-5 3.61587E-5 2.64597E-5 2.22555E-5 2.52159E-5 3.57E-5 3.83257E-5 4.24303E-5 2.02598E-5 3.03857E-5 1.09606E-5 1.8228E-5 1.72092E-6 3.35533E-6 1.99438E-5 2.26721E-5 2.37427E-5 1.93509E-5 2.17954E-5 2.76604E-5 2.02841E-5 1.39362E-5 1.14085E-5 1.02487E-5 1.12137E-5 1.05999E-5 9.91772E-6 8.73581E-6 7.50164E-6 6.18E-6 5.13618E-6 4.14345E-6 3.30691E-6 2.74295E-6 2.951E-6 3.41541E-6 3.91912E-6 4.49222E-6 5.15244E-6 6.65841E-6 7.33394E-6 8.18374E-6 8.5087E-6 8.49413E-6 8.17219E-6 9.72207E-6 1.34981E-5 1.28226E-5 1.48611E-5 4.34705E-6 9.3402E-6 9.52435E-6 5.82797E-6
7.87365E-5 9.39772E-5 6.93978E-4 7.40263E-4 6.43707E-4 8.46615E-5 6.78846E-5 5.4149E-5 6.05148E-5 5.31774E-5 3.4593E-5 3.35721E-5 3.58044E-5 4.35921E-5 4.20133E-5 4.17911E-5 5.00352E-5 2.87848E-5 2.78116E-5 3.71535E-5 3.92609E-5 3.66763E-5 4.57088E-5 4.05825E-5 3.59075E-5 8.55564E-6 1.02184E-5 2.17463E-5 3.05827E-5 3.33158E-5 2.11417E-5 2.26105E-5 2.15356E-5 1.88761E-5 1.61316E-5 1.55258E-5 1.34171E-5 1.52549E-5 1.39602E-5 1.24652E-5 1.05739E-5 8.53577E-6 6.93415E-6 5.63086E-6 4.5408E-6 3.53002E-6 2.78665E-6 3.01291E-6 3.53435E-6 4.12112E-6 4.84978E-6 5.78549E-6 7.62934E-6 8.90756E-6 9.94247E-6 1.09956E-5 1.09265E-5 9.61977E-6 8.72461E-6 1.19517E-5 1.55387E-5 7.4273E-6 1.94164E-6 5.90121E-6 1.03061E-5 1.43985E-5
-9999 -9999 -9999 1.13651E-4 -9999 1.11498E-4 9.17624E-5 9.64174E-5 8.48103E-5 7.3813E-5 5.33699E-5 5.9501E-5 5.74358E-5 5.09323E-5 4.55439E-5 6.63447E-5 4.96063E-5 3.01237E-5 3.69264E-5 4.35237E-5 5.06617E-5 3.38772E-5 4.15988E-5 4.34719E-5 4.49958E-5 3.22272E-5 2.27461E-5 1.69503E-5 2.49286E-5 2.74649E-5 2.69251E-5 1.93246E-5 2.23E-5 2.47268E-5 2.22856E-5 1.91162E-5 1.77131E-5 1.99708E-5 1.95173E-5 1.60215E-5 1.24513E-5 9.57348E-6 7.58775E-6 5.98165E-6 4.54737E-6 3.63375E-6 2.84188E-6 2.99296E-6 3.59697E-6 4.25636E-6 4.86121E-6 5.40472E-6 6.8984E-6 9.47684E-6 1.23302E-5 1.431E-5 1.4057E-5 1.02531E-5 6.63958E-6 7.47299E-6 4.08984E-6 1.66288E-6 5.18705E-6 8.06771E-6 1.16854E-5 1.61808E-5
-9999 -9999 -9999 -9999 1.95737E-4 1.71971E-4 1.64662E-4 2.04148E-4 1.44112E-4 8.24854E-5 5.74753E-5 6.24877E-5 7.13649E-5 5.6783E-5 5.54809E-5 5.79469E-5 6.68554E-5 3.93279E-5 3.25888E-5 4.06119E-5 3.61325E-5 3.16433E-5 2.39986E-5 1.94952E-5 2.56975E-5 3.41916E-5 2.18719E-5 7.06512E-6 1.28233E-5 2.88087E-5 2.23104E-5 2.0339E-5 2.76008E-5 3.33857E-5 2.72854E-5 1.97485E-5 2.11156E-5 2.69641E-5 2.52418E-5 1.87769E-5 1.37887E-5 1.02447E-5 7.78691E-6 6.1942E-6 4.69566E-6 3.78804E-6 2.86679E-6 2.98384E-6 3.75989E-6 4.48392E-6 4.8837E-6 5.49622E-6 8.02239E-6 1.09345E-5 1.40673E-5 1.85487E-5 1.75427E-5 1.47477E-5 2.14501E-6 2.66817E-6 1.70923E-6 6.48894E-7 6.03961E-6 2.8209E-6 1.61823E-5 5.0902E-6
-9999 -9999 -9999 -9999 -9999 1.7829E-4 -9999 1.90678E-4 1.02474E-4 7.81404E-5 6.27689E-5 5.67879E-5 5.87276E-5 4.94641E-5 4.12734E-5 5.16563E-5 5.10626E-5 2.31222E-5 2.81368E-5 3.03033E-5 1.05182E-5 1.16537E-5 2.05178E-5 4.39451E-5 1.97906E-5 3.2464E-5 1.52774E-5 6.09517E-6 2.11477E-5 2.17357E-5 2.33428E-5 2.12984E-5 2.34734E-5 2.60025E-5 2.58978E-5 1.84844E-5 2.08208E-5 2.5033E-5 2.36091E-5 1.82287E-5 1.34698E-5 1.00815E-5 7.53517E-6 5.9077E-6 4.7127E-6 3.79601E-6 3.22722E-6 3.83416E-6 4.83052E-6 5.48685E-6 6.30474E-6 6.78399E-6 8.35887E-6 9.85297E-6 1.2085E-5 1.44518E-5 1.58151E-5 1.68258E-5 2.17488E-5 2.08142E-5 5.3678E-6 2.72024E-6 2.6265E-6 7.77022E-6 3.79438E-6 4.7608E-6
-9999 -9999 -9999 -9999 -9999 1.71928E-4 2.20138E-4 1.94228E-4 1.07151E-4 1.01938E-4 7.2647E-5 5.70538E-5 5.06364E-5 4.64794E-5 4.17244E-5 3.84458E-5 3.69881E-5 2.80975E-5 3.0964E-5 2.94635E-5 2.67494E-5 6.64509E-6 3.47469E-5 2.50594E-5 2.90057E-5 2.13511E-5 1.79545E-5 1.44157E-5 2.11898E-5 2.48049E-5 2.93633E-5 3.04459E-5 2.53677E-5 1.9951E-5 1.87593E-5 1.59536E-5 1.91768E-5 1.86369E-5 1.90895E-5 1.49855E-5 1.20396E-5 9.45412E-6 7.40985E-6 6.00504E-6 4.94725E-6 3.96263E-6 3.77517E-6 5.04325E-6 6.2718E-6 6.72544E-6 7.44888E-6 8.14646E-6 9.3704E-6 1.01951E-5 1.12799E-5 1.10577E-5 1.52398E-5 2.36727E-5 3.32001E-5 2.94514E-5 2.17094E-5 1.69387E-5 1.06238E-5 1.83535E-6 1.75075E-6 7.00803E-6
-9999 -9999 -9999 -9999 -9999 -9999 -9999 1.90305E-4 1.25692E-4 9.84124E-5 7.2015E-5 5.47253E-5 6.04871E-5 6.28857E-5 5.60168E-5 4.39801E-5 4.62583E-5 4.20169E-5 3.56287E-5 2.77682E-5 2.03807E-5 1.47234E-5 1.68767E-5 9.41981E-6 4.65811E-5 1.96336E-5 3.02093E-5 2.36926E-5 2.47227E-5 3.01665E-5 3.57018E-5 4.07727E-5 2.90019E-5 2.14343E-5 1.67958E-5 1.39704E-5 1.46786E-5 1.42384E-5 1.35126E-5 1.19797E-5 1.0965E-5 8.67086E-6 7.23869E-6 6.03956E-6 5.18174E-6 4.03143E-6 4.00085E-6 5.01701E-6 6.84804E-6 9.4763E-6 9.29307E-6 9.5787E-6 1.29931E-5 1.35346E-5 1.87184E-5 1.79919E-5 1.69203E-5 2.38208E-5 3.02042E-5 2.6978E-5 2.01946E-5 6.66191E-6 7.81648E-6 1.01845E-5 1.22589E-5 1.46064E-5
-9999 -9999 -9999 -9999 -9999 -9999 1.78997E-4 1.66699E-4 1.36283E-4 7.53997E-5 5.93775E-5 5.98857E-5 6.51825E-5 8.00411E-5 6.1189E-5 5.58249E-5 6.55232E-5 4.85317E-5 3.70731E-5 3.04E-5 3.15164E-5 3.80006E-5 3.78569E-5 1.32733E-5 1.52993E-5 1.38622E-5 2.91935E-5 2.40096E-5 2.2962E-5 2.68642E-5 3.13795E-5 3.1915E-5 2.85327E-5 2.21861E-5 1.66191E-5 1.28039E-5 1.22738E-5 1.19532E-5 1.17905E-5 1.19725E-5 1.08417E-5 8.58509E-6 7.14338E-6 6.71746E-6 5.22075E-6 3.76047E-6 4.11584E-6 5.0473E-6 7.73018E-6 1.13428E-5 1.09471E-5 1.02845E-5 1.27829E-5 1.83394E-5 2.28888E-5 2.08447E-5 1.82123E-5 1.98497E-5 2.2545E-5 2.59285E-5 2.77141E-5 4.17306E-6 6.16196E-6 1.4397E-5 1.72803E-5 1.05009E-5
-9999 -9999 -9999 -9999 -9999 -9999 2.0904E-4 2.23201E-4 -9999 6.58102E-5 5.01763E-5 5.39681E-5 5.6811E-5 5.86967E-5 5.06499E-5 5.10674E-5 5.54352E-5 5.31055E-5 3.89024E-5 3.64047E-5 4.8494E-5 5.22521E-5 5.01821E-5 3.66354E-5 3.61306E-5 3.24844E-5 2.6739E-5 2.20465E-5 2.19415E-5 2.34934E-5 2.44312E-5 2.36081E-5 2.09024E-5 1.73781E-5 1.39021E-5 1.13595E-5 1.09062E-5 1.25296E-5 1.31914E-5 1.29381E-5 1.1165E-5 8.20741E-6 6.48632E-6 5.58176E-6 4.67906E-6 3.72555E-6 4.29506E-6 5.38453E-6 6.73568E-6 9.13998E-6 9.45635E-6 1.02524E-5 1.1254E-5 1.47853E-5 1.22196E-5 1.8918E-5 1.61971E-5 1.35367E-5 1.99969E-5 3.68477E-5 4.35858E-5 3.16652E-5 1.66286E-5 8.33287E-6 1.32729E-5 1.99599E-5
-9999 -9999 -9999 -9999 -9999 -9999 -9999 2.48892E-4 1.23182E-4 7.20255E-5 5.72367E-5 6.41699E-5 6.23897E-5 5.66842E-5 4.62364E-5 5.67016E-5 5.66195E-5 4.97406E-5 4.10683E-5 4.00915E-5 4.57408E-5 5.40848E-5 5.3157E-5 4.15484E-5 3.97795E-5 3.19351E-5 2.6043E-5 2.04207E-5 1.90365E-5 1.9697E-5 1.90609E-5 1.83234E-5 1.66112E-5 1.49828E-5 1.24139E-5 1.0312E-5 1.02645E-5 1.17601E-5 1.2074E-5 1.14942E-5 1.01859E-5 7.90838E-6 6.14889E-6 5.35573E-6 4.93491E-6 4.56906E-6 4.49289E-6 5.6153E-6 6.09241E-6 6.5429E-6 7.42222E-6 7.92797E-6 9.45061E-6 9.94855E-6 1.41362E-5 1.51922E-5 1.37459E-5 1.60147E-5 2.18101E-5 2.63153E-5 3.5168E-5 2.60493E-5 2.74676E-5 2.70218E-5 3.19266E-5 9.05831E-6
