catData/rasterBestHybridModels/Pbengalensis/RD_BM01_RM1_L/Pbengalensis_min.asc
ncols         409
nrows         350
xllcorner     60.897278365
yllcorner     5.843756025
cellsize      0.0892857
NODATA_value  -9999
[rows 87 to 115 of 350, columns 264 to 329 of 409]
-9999 -9999 -9999 -9999 -9999 -9999 -9999 -9999 -9999 -9999 -9999 -9999 -9999 -9999 -9999 -9999 -9999 -9999 -9999 -9999 -9999 -9999 -9999 -9999 -9999 -9999 -9999 -9999 -9999 -9999 -9999 -9999 -9999 -9999 -9999 -9999 -9999 -9999 -9999 -9999 -9999 -9999 -9999 -9999 -9999 -9999 -9999 -9999 -9999 -9999 -9999 -9999 -9999 -9999 -9999 -9999 -9999 -9999 -9999 -9999 -9999 -9999 -9999 -9999 -9999 -9999
-9999 -9999 -9999 -9999 -9999 -9999 -9999 -9999 -9999 -9999 -9999 -9999 -9999 -9999 -9999 -9999 -9999 -9999 -9999 -9999 -9999 -9999 -9999 -9999 -9999 -9999 -9999 -9999 -9999 -9999 -9999 -9999 -9999 -9999 -9999 -9999 -9999 -9999 -9999 -9999 -9999 -9999 -9999 -9999 -9999 -9999 -9999 -9999 -9999 -9999 -9999 -9999 -9999 -9999 -9999 -9999 -9999 -9999 -9999 -9999 -9999 -9999 -9999 -9999 -9999 -9999
-9999 -9999 -9999 -9999 -9999 -9999 -9999 -9999 -9999 -9999 -9999 -9999 -9999 -9999 -9999 -9999 -9999 -9999 -9999 -9999 -9999 -9999 -9999 -9999 -9999 -9999 -9999 -9999 -9999 -9999 -9999 -9999 -9999 -9999 -9999 -9999 -9999 -9999 -9999 -9999 -9999 -9999 -9999 -9999 -9999 -9999 -9999 -9999 -9999 -9999 -9999 -9999 -9999 -9999 -9999 -9999 -9999 -9999 -9999 -9999 -9999 -9999 -9999 -9999 -9999 -9999
-9999 -9999 -9999 -9999 -9999 -9999 -9999 -9999 -9999 -9999 -9999 -9999 -9999 -9999 -9999 -9999 -9999 -9999 -9999 -9999 -9999 -9999 -9999 -9999 -9999 -9999 -9999 -9999 -9999 -9999 -9999 -9999 -9999 -9999 -9999 -9999 -9999 -9999 -9999 -9999 -9999 -9999 -9999 -9999 -9999 -9999 -9999 -9999 -9999 -9999 -9999 -9999 -9999 -9999 -9999 -9999 -9999 -9999 -9999 -9999 -9999 -9999 -9999 -9999 -9999 -9999
-9999 -9999 -9999 -9999 -9999 -9999 -9999 -9999 -9999 -9999 -9999 -9999 -9999 -9999 -9999 -9999 -9999 -9999 -9999 -9999 -9999 -9999 -9999 -9999 -9999 -9999 -9999 -9999 -9999 -9999 -9999 -9999 -9999 -9999 -9999 -9999 -9999 -9999 -9999 -9999 -9999 -9999 -9999 -9999 -9999 -9999 -9999 -9999 -9999 -9999 -9999 -9999 -9999 -9999 -9999 -9999 -9999 -9999 -9999 -9999 -9999 -9999 -9999 -9999 -9999 -9999
-9999 -9999 -9999 -9999 -9999 -9999 -9999 -9999 -9999 -9999 -9999 -9999 -9999 -9999 -9999 -9999 -9999 -9999 -9999 -9999 -9999 -9999 -9999 -9999 -9999 -9999 -9999 -9999 -9999 -9999 -9999 -9999 -9999 -9999 -9999 -9999 -9999 -9999 -9999 -9999 -9999 -9999 -9999 -9999 -9999 -9999 -9999 -9999 -9999 -9999 -9999 -9999 -9999 -9999 -9999 -9999 -9999 -9999 -9999 -9999 -9999 -9999 -9999 -9999 -9999 -9999
5.98729E-4 2.95546E-4 -9999 -9999 -9999 -9999 -9999 -9999 -9999 -9999 -9999 -9999 -9999 -9999 -9999 -9999 -9999 -9999 -9999 -9999 -9999 -9999 -9999 -9999 -9999 -9999 -9999 -9999 -9999 -9999 -9999 -9999 -9999 -9999 -9999 -9999 -9999 -9999 -9999 -9999 -9999 -9999 -9999 -9999 -9999 -9999 -9999 -9999 -9999 -9999 -9999 -9999 -9999 -9999 -9999 -9999 -9999 -9999 -9999 -9999 -9999 -9999 -9999 -9999 -9999 -9999
5.50237E-4 3.18298E-4 -9999 -9999 -9999 -9999 8.53202E-5 5.37747E-5 -9999 -9999 -9999 -9999 -9999 -9999 -9999 -9999 -9999 -9999 -9999 -9999 -9999 -9999 -9999 -9999 -9999 -9999 -9999 -9999 -9999 -9999 -9999 -9999 -9999 -9999 -9999 -9999 -9999 -9999 -9999 -9999 -9999 -9999 -9999 -9999 -9999 -9999 -9999 -9999 -9999 -9999 -9999 -9999 -9999 -9999 -9999 -9999 -9999 -9999 -9999 -9999 -9999 -9999 -9999 -9999 -9999 -9999
7.60845E-4 4.27817E-4 2.05901E-4 1.16591E-4 1.16021E-4 1.74097E-4 9.26874E-5 5.74298E-5 -9999 -9999 -9999 -9999 -9999 -9999 -9999 -9999 -9999 -9999 -9999 -9999 -9999 -9999 -9999 -9999 -9999 -9999 -9999 -9999 -9999 -9999 -9999 -9999 -9999 -9999 -9999 -9999 -9999 -9999 -9999 -9999 -9999 -9999 -9999 -9999 -9999 -9999 -9999 -9999 -9999 -9999 -9999 -9999 -9999 -9999 -9999 -9999 -9999 -9999 -9999 -9999 -9999 -9999 -9999 -9999 -9999 -9999
5.665E-4 6.921E-4 4.06148E-4 1.68176E-4 8.44662E-5 8.87095E-5 5.96292E-5 1.25214E-4 -9999 -9999 -9999 -9999 -9999 -9999 -9999 -9999 -9999 -9999 -9999 -9999 -9999 -9999 -9999 -9999 -9999 -9999 -9999 -9999 -9999 -9999 -9999 -9999 -9999 -9999 -9999 -9999 -9999 -9999 -9999 -9999 -9999 -9999 -9999 -9999 -9999 -9999 -9999 -9999 -9999 -9999 -9999 -9999 -9999 -9999 -9999 -9999 -9999 -9999 -9999 -9999 -9999 -9999 -9999 -9999 -9999 -9999
3.51488E-4 5.42565E-4 4.85851E-4 2.72625E-4 8.26347E-5 1.27613E-4 2.18737E-4 -9999 -9999 -9999 -9999 -9999 -9999 -9999 -9999 -9999 -9999 -9999 -9999 -9999 -9999 -9999 -9999 -9999 -9999 -9999 -9999 -9999 -9999 -9999 -9999 -9999 -9999 -9999 -9999 -9999 -9999 -9999 -9999 -9999 -9999 -9999 -9999 -9999 -9999 -9999 -9999 -9999 -9999 -9999 -9999 -9999 -9999 -9999 -9999 -9999 -9999 -9999 -9999 -9999 -9999 -9999 -9999 -9999 -9999 -9999
2.97132E-4 2.52657E-4 2.15296E-4 1.50271E-4 7.68627E-5 8.20937E-5 1.45064E-4 1.3764E-4 1.38289E-4 -9999 -9999 2.2988E-4 -9999 -9999 -9999 -9999 -9999 -9999 -9999 -9999 -9999 -9999 -9999 -9999 -9999 -9999 -9999 -9999 -9999 -9999 -9999 -9999 -9999 -9999 -9999 -9999 -9999 -9999 -9999 -9999 -9999 -9999 -9999 -9999 -9999 -9999 -9999 -9999 -9999 -9999 -9999 -9999 -9999 -9999 -9999 -9999 -9999 -9999 -9999 -9999 -9999 -9999 1.9288E-4 -9999 1.64928E-4 -9999
3.17366E-4 1.91538E-4 1.32379E-4 1.0727E-4 7.5468E-5 7.03291E-5 5.28332E-5 7.77645E-5 9.73114E-5 6.27518E-5 8.7911E-5 2.0415E-4 4.09847E-4 5.69521E-4 -9999 -9999 -9999 -9999 -9999 -9999 -9999 -9999 -9999 -9999 -9999 -9999 -9999 -9999 -9999 -9999 -9999 -9999 -9999 -9999 -9999 -9999 -9999 -9999 -9999 -9999 -9999 -9999 -9999 -9999 -9999 -9999 -9999 -9999 -9999 -9999 -9999 -9999 -9999 -9999 -9999 -9999 -9999 -9999 -9999 -9999 4.43487E-4 5.98334E-4 4.50166E-4 3.45539E-4 3.8581E-4 3.87865E-4
3.29158E-4 1.56085E-4 1.02409E-4 1.15129E-4 6.33797E-5 6.36789E-5 7.05839E-5 1.00821E-4 1.00686E-4 8.40472E-5 1.28113E-4 2.61079E-4 3.55188E-4 7.92746E-4 7.47241E-4 1.16224E-3 -9999 -9999 -9999 -9999 -9999 -9999 -9999 -9999 -9999 -9999 -9999 -9999 -9999 -9999 -9999 -9999 -9999 -9999 -9999 -9999 -9999 -9999 -9999 -9999 -9999 -9999 -9999 -9999 -9999 -9999 7.27095E-5 -9999 -9999 -9999 -9999 -9999 -9999 -9999 -9999 -9999 -9999 5.02488E-4 4.83022E-4 5.9359E-4 7.5475E-4 6.86508E-4 5.87035E-4 4.32066E-4 3.94453E-4 3.29222E-4
1.28539E-4 1.21747E-4 8.49189E-5 6.17749E-5 4.15818E-5 5.9871E-5 9.93747E-5 1.2164E-4 1.32733E-4 1.45453E-4 1.85784E-4 1.86345E-4 1.57911E-4 2.35401E-4 3.10017E-4 5.47835E-4 -9999 -9999 7.08825E-4 4.04055E-4 -9999 -9999 -9999 8.17355E-4 1.01158E-3 -9999 -9999 -9999 -9999 -9999 -9999 -9999 -9999 -9999 -9999 -9999 -9999 -9999 -9999 -9999 -9999 -9999 -9999 -9999 -9999 -9999 1.17192E-4 1.42551E-4 -9999 -9999 -9999 -9999 -9999 -9999 -9999 -9999 4.50863E-4 5.80909E-4 4.93577E-4 6.60071E-4 8.50538E-4 5.60748E-4 3.64491E-4 2.98039E-4 2.85698E-4 3.2476E-4
1.01706E-4 9.98758E-5 8.09065E-5 6.05693E-5 5.07257E-5 7.14881E-5 9.153E-5 9.91232E-5 1.16435E-4 1.51175E-4 1.71409E-4 1.78291E-4 1.7091E-4 2.19323E-4 2.51691E-4 3.66265E-4 4.69551E-4 -9999 -9999 4.52389E-4 6.62638E-4 -9999 -9999 8.51638E-4 7.57148E-4 1.11371E-3 1.57663E-3 -9999 -9999 -9999 -9999 -9999 -9999 -9999 -9999 -9999 -9999 -9999 -9999 -9999 -9999 -9999 2.19806E-4 2.06908E-4 1.95724E-4 1.88659E-4 2.2598E-4 2.33918E-4 3.21159E-4 -9999 -9999 -9999 -9999 -9999 2.35339E-4 2.78198E-4 4.27887E-4 5.80344E-4 5.83605E-4 5.94041E-4 8.01673E-4 5.95325E-4 3.04543E-4 3.58149E-4 3.62891E-4 4.07405E-4
1.50008E-4 1.45312E-4 1.05009E-4 7.30855E-5 5.93256E-5 8.23251E-5 1.04738E-4 1.2056E-4 1.52214E-4 1.93524E-4 2.31053E-4 2.3451E-4 2.38523E-4 2.02574E-4 1.95521E-4 2.70652E-4 3.31834E-4 3.29195E-4 3.01764E-4 2.72001E-4 3.77491E-4 7.5041E-4 1.13625E-3 1.12457E-3 8.77831E-4 1.1496E-3 9.16418E-4 1.11462E-3 1.22283E-3 9.76886E-4 -9999 -9999 -9999 -9999 -9999 -9999 -9999 -9999 -9999 2.05984E-4 -9999 3.52823E-4 2.95655E-4 2.54351E-4 2.51685E-4 2.18374E-4 3.5057E-4 2.58658E-4 3.73377E-4 6.21089E-4 -9999 -9999 -9999 -9999 -9999 3.4705E-4 4.38565E-4 5.02059E-4 4.43763E-4 5.13641E-4 5.62422E-4 4.57109E-4 2.40218E-4 2.97963E-4 3.7784E-4 4.03589E-4
1.64892E-4 1.79514E-4 1.25219E-4 8.6671E-5 8.04943E-5 1.02904E-4 1.26734E-4 1.86687E-4 2.47367E-4 3.85355E-4 8.45999E-4 3.25796E-4 2.32154E-4 1.89492E-4 1.69539E-4 1.79681E-4 2.62416E-4 2.59026E-4 1.83703E-4 1.93587E-4 2.92005E-4 4.09668E-4 6.97583E-4 1.13027E-3 1.10205E-3 8.9735E-4 1.11453E-3 8.88868E-4 7.37753E-4 5.09258E-4 3.8213E-4 1.79335E-4 1.37774E-4 1.27473E-4 1.39388E-4 1.75336E-4 1.16893E-4 9.51976E-5 1.31312E-4 2.10486E-4 3.99753E-4 5.89894E-4 5.46929E-4 4.45166E-4 3.38467E-4 2.6935E-4 3.31669E-4 2.66648E-4 2.80626E-4 -9999 -9999 -9999 -9999 6.04054E-4 5.0707E-4 4.08575E-4 4.27E-4 4.39495E-4 3.1907E-4 3.21891E-4 3.49179E-4 3.23792E-4 3.40018E-4 3.23931E-4 3.13766E-4 3.82468E-4
1.41748E-4 1.19443E-4 1.10889E-4 1.01586E-4 1.25167E-4 1.70964E-4 1.70904E-4 2.70183E-4 4.24674E-4 2.15461E-3 3.55217E-4 2.99362E-4 2.17029E-4 1.53655E-4 1.60995E-4 1.56961E-4 1.80399E-4 1.47782E-4 1.36642E-4 1.40734E-4 2.91522E-4 2.08305E-4 3.11184E-4 5.61735E-4 6.18339E-4 4.81629E-4 7.11736E-4 4.91531E-4 3.71731E-4 3.08187E-4 2.61791E-4 2.30986E-4 2.11781E-4 1.85329E-4 1.93718E-4 1.97102E-4 1.18334E-4 1.0814E-4 1.16563E-4 2.42028E-4 5.91698E-4 6.90131E-4 5.23291E-4 5.00588E-4 4.00696E-4 3.49056E-4 2.89977E-4 2.71364E-4 3.34605E-4 -9999 -9999 -9999 -9999 4.64196E-4 4.07343E-4 3.8894E-4 3.78186E-4 3.58164E-4 3.16509E-4 2.95666E-4 3.23271E-4 3.4809E-4 4.00253E-4 3.34105E-4 2.61321E-4 3.81632E-4
1.21167E-4 1.02627E-4 7.92352E-5 8.66013E-5 1.27746E-4 1.61666E-4 2.44773E-4 2.83936E-4 3.39211E-4 5.23308E-4 3.69192E-4 4.0605E-4 2.35739E-4 1.49912E-4 1.33326E-4 1.42573E-4 1.81456E-4 1.95639E-4 1.93475E-4 1.8957E-4 1.72316E-4 1.564E-4 3.45142E-4 2.4996E-4 3.20015E-4 2.53177E-4 3.74876E-4 2.49605E-4 3.32576E-4 3.70699E-4 3.4745E-4 3.10851E-4 2.25492E-4 2.20289E-4 2.00739E-4 1.69864E-4 1.18373E-4 8.7119E-5 9.93789E-5 2.19539E-4 3.83514E-4 4.19212E-4 2.80964E-4 3.79268E-4 4.59568E-4 5.42784E-4 3.96744E-4 3.2991E-4 -9999 -9999 -9999 4.35305E-4 4.41942E-4 3.60703E-4 3.57341E-4 4.32966E-4 4.13938E-4 4.02655E-4 3.39492E-4 3.21708E-4 3.32897E-4 3.49285E-4 3.07891E-4 2.58742E-4 2.73669E-4 3.45628E-4
9.36576E-5 9.06012E-5 7.50965E-5 8.93528E-5 1.33893E-4 1.77063E-4 2.16722E-4 2.33215E-4 1.65068E-4 1.81708E-4 2.77167E-4 3.29898E-4 2.53383E-4 1.61954E-4 1.00756E-4 1.08107E-4 1.84178E-4 2.00172E-4 2.0363E-4 2.48563E-4 2.13756E-4 1.731E-4 1.45117E-4 1.74263E-4 2.1977E-4 1.84179E-4 1.91463E-4 2.78391E-4 4.33123E-4 3.64129E-4 2.84119E-4 3.34247E-4 3.13439E-4 2.63332E-4 2.57707E-4 1.62985E-4 9.3301E-5 1.01768E-4 1.38699E-4 1.67802E-4 2.24963E-4 2.80213E-4 2.82742E-4 3.80034E-4 4.36711E-4 6.25068E-4 4.50193E-4 3.17284E-4 -9999 -9999 -9999 4.679E-4 4.15608E-4 4.13361E-4 4.02799E-4 4.09182E-4 3.96079E-4 4.15464E-4 4.36248E-4 3.4217E-4 3.43102E-4 3.03267E-4 3.20781E-4 3.0448E-4 2.60434E-4 3.07242E-4
6.75976E-5 6.05096E-5 6.8775E-5 9.58446E-5 1.35867E-4 1.76675E-4 2.08924E-4 1.87407E-4 1.30636E-4 9.61387E-5 1.22743E-4 1.55866E-4 1.70213E-4 1.43492E-4 1.10789E-4 1.19025E-4 1.47693E-4 1.80683E-4 2.10837E-4 2.05462E-4 2.21584E-4 2.47375E-4 1.27489E-4 1.23993E-4 1.17326E-4 1.21487E-4 2.13777E-4 2.40327E-4 2.79349E-4 2.56668E-4 3.07682E-4 3.27478E-4 4.54547E-4 3.74798E-4 2.25629E-4 1.24529E-4 1.27699E-4 1.07994E-4 1.38165E-4 1.76377E-4 2.42278E-4 2.42685E-4 2.90636E-4 3.41115E-4 4.30793E-4 4.19168E-4 4.95203E-4 3.53345E-4 3.44625E-4 -9999 -9999 3.87527E-4 4.32102E-4 5.12857E-4 4.51864E-4 3.76822E-4 3.25019E-4 2.99614E-4 3.73994E-4 3.66335E-4 3.1632E-4 2.83371E-4 3.85779E-4 2.98663E-4 3.08142E-4 3.49371E-4
7.25508E-5 6.05796E-5 5.33645E-5 7.24549E-5 1.08068E-4 1.27395E-4 1.35946E-4 1.33057E-4 1.1079E-4 9.02808E-5 8.2584E-5 8.38134E-5 8.4145E-5 7.87298E-5 8.56136E-5 1.21416E-4 1.53457E-4 2.02406E-4 2.28228E-4 1.70957E-4 1.67701E-4 1.51849E-4 8.89408E-5 6.36239E-5 6.65577E-5 1.24462E-4 2.24249E-4 3.28865E-4 3.7543E-4 2.46938E-4 1.9798E-4 1.81258E-4 3.01813E-4 3.18644E-4 2.2181E-4 1.23674E-4 8.65813E-5 9.63932E-5 1.76487E-4 2.60605E-4 3.26177E-4 3.79311E-4 2.96695E-4 3.92249E-4 4.11335E-4 5.30869E-4 6.27011E-4 6.19732E-4 3.68847E-4 3.0811E-4 3.36934E-4 3.23912E-4 3.96287E-4 4.93329E-4 3.8473E-4 3.12806E-4 2.97039E-4 2.68727E-4 3.5808E-4 3.65384E-4 4.43985E-4 3.02273E-4 4.03534E-4 3.85069E-4 3.15246E-4 4.55078E-4
8.16735E-5 6.69587E-5 5.93144E-5 7.05334E-5 8.51016E-5 8.36616E-5 8.77718E-5 8.30502E-5 7.40883E-5 6.32167E-5 5.81445E-5 6.11755E-5 5.90272E-5 5.45465E-5 7.00285E-5 9.37057E-5 1.24027E-4 1.87117E-4 1.87392E-4 1.56174E-4 1.37757E-4 8.30138E-5 6.15473E-5 4.61589E-5 6.69442E-5 1.19444E-4 2.22488E-4 3.81268E-4 3.3595E-4 2.81244E-4 1.47529E-4 1.39904E-4 2.46831E-4 1.99868E-4 1.62783E-4 1.03867E-4 7.42181E-5 1.15622E-4 1.81609E-4 3.55877E-4 8.98563E-4 4.27385E-4 3.21396E-4 3.39666E-4 3.54452E-4 4.11333E-4 3.93007E-4 3.39309E-4 4.35798E-4 4.07469E-4 3.64343E-4 3.25543E-4 4.28096E-4 3.76505E-4 3.35506E-4 3.36493E-4 4.26263E-4 3.2971E-4 3.37997E-4 3.48798E-4 3.81961E-4 4.73982E-4 3.34145E-4 4.24114E-4 5.47099E-4 5.2473E-4
8.23077E-5 6.74678E-5 7.31218E-5 9.07503E-5 1.101E-4 9.64194E-5 8.13152E-5 6.64624E-5 5.24427E-5 4.96912E-5 6.03309E-5 6.81921E-5 7.10072E-5 7.48157E-5 6.68519E-5 8.21771E-5 9.45464E-5 1.15274E-4 1.34993E-4 1.48867E-4 1.4762E-4 6.92027E-5 5.40188E-5 5.02558E-5 6.73468E-5 1.07068E-4 2.15522E-4 3.20848E-4 2.42761E-4 1.78723E-4 1.4145E-4 1.38677E-4 3.30654E-4 2.09473E-4 9.77897E-5 7.29906E-5 8.77525E-5 1.47079E-4 2.47169E-4 3.51088E-4 4.56527E-4 3.64665E-4 3.05071E-4 2.42199E-4 2.50199E-4 3.1075E-4 3.5464E-4 5.00296E-4 5.08548E-4 2.64396E-4 8.22933E-4 6.08437E-4 4.38877E-4 5.62899E-4 4.53662E-4 5.60966E-4 5.40299E-4 4.3567E-4 3.89372E-4 4.33179E-4 5.19616E-4 8.30849E-4 3.85132E-4 6.36578E-4 5.91375E-4 5.64155E-4
7.19396E-5 6.61453E-5 8.85818E-5 1.13758E-4 1.38433E-4 1.19233E-4 9.18225E-5 6.90892E-5 6.33825E-5 6.50265E-5 7.93099E-5 8.52055E-5 8.89496E-5 9.08849E-5 8.14243E-5 7.20238E-5 7.25768E-5 8.25223E-5 8.68499E-5 7.99741E-5 7.11856E-5 6.28031E-5 7.11409E-5 9.46555E-5 8.56825E-5 8.12417E-5 1.20065E-4 2.30011E-4 2.28974E-4 1.49994E-4 1.26147E-4 2.13021E-4 2.60994E-4 1.68766E-4 1.15513E-4 8.25806E-5 1.68829E-4 2.55038E-4 3.46999E-4 3.57905E-4 3.5318E-4 3.2388E-4 4.82609E-4 3.3747E-4 2.7266E-4 3.36044E-4 3.52884E-4 3.73087E-4 4.19702E-4 2.17606E-4 3.92345E-4 6.11885E-4 5.97247E-4 4.7651E-4 8.5645E-4 8.69856E-4 6.38646E-4 5.93945E-4 4.83529E-4 6.14562E-4 8.76088E-4 7.24383E-4 3.93876E-4 4.11302E-4 5.7916E-4 4.8562E-4
9.22044E-5 7.8492E-5 9.95123E-5 1.22408E-4 1.41149E-4 1.23463E-4 8.85517E-5 7.06496E-5 8.66326E-5 8.66209E-5 8.98268E-5 1.11659E-4 1.20363E-4 1.10293E-4 9.12858E-5 8.00094E-5 8.64474E-5 7.91558E-5 6.92543E-5 7.30817E-5 7.45784E-5 8.78678E-5 1.00026E-4 1.03276E-4 1.08205E-4 6.90959E-5 8.1259E-5 1.02242E-4 1.23446E-4 1.03258E-4 1.35005E-4 1.66504E-4 1.8405E-4 1.57661E-4 1.19975E-4 1.33948E-4 2.10397E-4 2.05576E-4 3.30593E-4 2.86959E-4 2.90999E-4 3.47921E-4 3.7233E-4 3.02396E-4 1.90893E-4 2.20216E-4 2.02812E-4 2.25246E-4 2.81201E-4 2.13998E-4 2.84252E-4 4.77988E-4 6.72167E-4 5.71015E-4 1.05465E-3 1.01892E-3 6.11943E-4 5.67535E-4 6.41749E-4 6.01369E-4 6.24733E-4 2.93507E-4 3.0337E-4 4.06848E-4 4.97678E-4 5.25891E-4
1.17986E-4 9.97034E-5 1.11073E-4 1.04724E-4 1.02532E-4 9.8816E-5 7.33888E-5 9.06042E-5 1.09002E-4 1.09023E-4 1.00779E-4 1.51461E-4 1.58249E-4 1.32527E-4 9.26588E-5 1.1044E-4 1.05402E-4 9.662E-5 8.2043E-5 9.73724E-5 9.50306E-5 1.1585E-4 1.40723E-4 1.20579E-4 1.03909E-4 9.12231E-5 6.03202E-5 5.82121E-5 7.61015E-5 1.02793E-4 1.35896E-4 1.64168E-4 1.72064E-4 1.4473E-4 1.41319E-4 1.24666E-4 1.4577E-4 1.59056E-4 2.15481E-4 2.0895E-4 2.64529E-4 2.59023E-4 2.97586E-4 2.74805E-4 3.06524E-4 1.9878E-4 2.2334E-4 2.75037E-4 1.67665E-4 2.03506E-4 1.78433E-4 2.40998E-4 4.07772E-4 4.50223E-4 4.48303E-4 5.30297E-4 1.02872E-3 4.63525E-4 3.93851E-4 4.7715E-4 3.23273E-4 2.59451E-4 2.29307E-4 3.8558E-4 2.56165E-4 2.29135E-4
1.38657E-4 1.075E-4 1.28671E-4 1.33468E-4 1.08867E-4 1.06321E-4 9.85778E-5 1.06094E-4 1.40305E-4 1.3776E-4 1.04406E-4 1.20803E-4 1.33327E-4 1.10784E-4 1.06713E-4 1.46457E-4 1.39715E-4 1.24377E-4 1.04326E-4 1.13753E-4 1.06608E-4 1.28213E-4 1.63606E-4 1.50787E-4 1.17068E-4 8.69595E-5 7.76352E-5 7.117E-5 7.90212E-5 1.16628E-4 1.56375E-4 1.84666E-4 1.62754E-4 1.30443E-4 1.02002E-4 8.40806E-5 1.00547E-4 1.20096E-4 1.26284E-4 1.36119E-4 1.34546E-4 1.39454E-4 1.55033E-4 2.03411E-4 1.58067E-4 1.93116E-4 3.07848E-4 1.85201E-4 2.49229E-4 2.16298E-4 3.12639E-4 2.57848E-4 1.83191E-4 2.23721E-4 2.83769E-4 2.20271E-4 3.51554E-4 2.72483E-4 2.45434E-4 2.2286E-4 1.439E-4 9.63783E-5 1.56485E-4 1.51402E-4 1.65063E-4 1.7497E-4
