catData/rasterBestHybridModels/Pbengalensis/RD_BM01_RM1_L/Pbengalensis_max.asc
ncols         409
nrows         350
xllcorner     60.897278365
yllcorner     5.843756025
cellsize      0.0892857
NODATA_value  -9999
[rows 174 to 202 of 350, columns 132 to 197 of 409]
9.08679E-5 1.32783E-4 1.37416E-4 1.08776E-4 9.08631E-5 6.4705E-5 3.39044E-5 2.3771E-5 3.45084E-5 4.113E-5 3.02712E-5 4.25522E-6 1.20329E-5 3.7926E-5 5.2034E-5 6.26494E-5 8.06326E-5 8.33813E-5 5.14031E-5 7.2244E-5 5.17377E-5 5.87366E-5 3.21288E-5 5.53462E-5 5.04475E-5 3.4643E-5 4.70322E-5 2.47578E-5 4.60373E-6 4.44223E-6 1.10982E-5 5.32443E-6 2.66276E-5 5.46493E-6 1.72895E-5 2.39764E-6 4.53987E-6 5.9908E-6 4.45032E-6 6.91367E-7 2.35923E-6 4.57027E-6 4.7535E-5 1.53851E-5 9.89292E-6 1.44413E-5 1.41207E-5 7.76357E-6 1.00574E-5 1.40081E-5 2.15704E-5 3.70183E-5 4.78429E-5 3.76855E-5 3.2457E-6 2.61208E-6 3.56999E-6 8.20607E-6 1.06071E-5 7.89749E-7 2.42058E-5 1.86084E-5 5.21945E-7 3.10929E-5 4.46233E-5 2.84478E-5
-9999 1.25734E-4 1.44644E-4 1.42628E-4 8.24655E-5 2.78061E-5 1.83366E-5 8.46022E-6 5.60506E-5 5.34216E-5 4.04004E-5 2.31974E-5 2.69946E-5 4.49185E-5 8.70996E-6 2.10484E-5 7.17654E-5 8.15881E-5 7.24471E-5 5.84672E-5 5.65233E-5 6.96859E-5 5.36881E-5 6.14672E-5 5.83114E-5 2.37142E-5 2.22858E-5 1.80695E-5 3.18366E-6 7.08133E-6 1.00821E-5 9.80493E-6 3.73552E-5 1.40238E-6 5.75955E-7 8.05528E-6 4.09967E-5 1.17897E-5 9.59315E-6 1.53862E-5 1.59743E-6 1.22653E-5 2.96841E-5 1.59262E-5 3.94747E-6 1.48935E-5 8.52433E-6 1.90802E-6 2.95795E-5 3.49927E-5 4.39716E-5 5.03227E-5 1.57028E-5 4.79425E-5 6.07341E-5 4.4733E-5 2.04077E-5 2.43904E-5 5.45842E-5 6.19407E-5 4.08089E-5 1.57316E-5 3.0903E-6 6.95211E-5 3.68253E-5 1.31451E-5
1.69963E-4 1.51153E-4 1.50783E-4 1.23581E-4 9.2001E-5 2.24164E-6 6.67738E-5 9.78711E-5 8.0726E-5 7.24792E-5 7.28233E-5 6.20698E-5 5.38492E-5 7.45755E-6 4.57837E-5 4.29716E-6 1.937E-5 2.11872E-5 3.40173E-5 1.85826E-5 2.68785E-5 6.53897E-5 5.8045E-5 5.29413E-5 9.18401E-5 4.14809E-5 1.58829E-5 8.52346E-6 7.10632E-6 1.8157E-5 2.99545E-5 4.74169E-5 5.70407E-5 6.8272E-5 5.92188E-5 2.90923E-5 5.11764E-5 6.87301E-5 1.18445E-5 1.2482E-5 4.88553E-5 5.77822E-6 1.02091E-5 2.46714E-6 3.44847E-6 1.20385E-5 2.89547E-5 4.07294E-5 5.23921E-5 5.04429E-5 5.71968E-5 5.72635E-5 4.08161E-5 3.74314E-6 5.37399E-5 5.00032E-6 2.34796E-5 4.04235E-5 5.9216E-5 6.82597E-5 7.21949E-5 1.59002E-5 3.84373E-5 4.87345E-5 3.2434E-5 6.50224E-5
1.6555E-4 2.0128E-4 1.5912E-4 1.43706E-4 1.20595E-4 1.34326E-4 1.35139E-4 1.28333E-4 9.09013E-5 4.39073E-5 5.48734E-5 8.46717E-5 3.23034E-5 2.41891E-5 2.20463E-5 1.27453E-5 1.32105E-5 1.05951E-5 2.12922E-5 8.56423E-6 9.97728E-6 2.09141E-5 3.84216E-5 3.11687E-5 5.01181E-5 2.72343E-5 3.83629E-5 5.45428E-5 7.12397E-5 4.04949E-5 4.20583E-5 2.88563E-5 3.66595E-5 7.24539E-5 5.13613E-5 5.84157E-5 6.75197E-5 3.41701E-5 1.47474E-6 2.28733E-5 3.93153E-6 3.7728E-6 7.60264E-6 3.70417E-5 4.38768E-5 4.09659E-5 4.38433E-5 5.50817E-5 6.59247E-5 4.26299E-5 5.7819E-5 2.44274E-5 2.46205E-6 5.67538E-6 7.76428E-5 5.95851E-5 7.28991E-5 5.31188E-5 3.54722E-5 3.40796E-5 1.93286E-5 2.65275E-5 3.02149E-5 3.52466E-5 2.93416E-5 3.94431E-5
1.37804E-4 1.63749E-4 1.51401E-4 1.26935E-4 1.52674E-4 1.36834E-4 1.28387E-4 1.25072E-4 1.03564E-4 3.86655E-6 3.73168E-6 5.20543E-6 5.31538E-6 1.81314E-5 8.26436E-6 3.48376E-6 8.43385E-6 7.91419E-6 3.74372E-6 9.77323E-6 2.4959E-5 3.6358E-5 2.76939E-5 1.88021E-5 1.62108E-5 3.64851E-5 6.02793E-5 6.07287E-5 5.91318E-5 5.15748E-5 5.31551E-5 3.6625E-5 3.62595E-5 6.17762E-5 1.89126E-5 4.75764E-5 6.30663E-5 7.56084E-5 1.54034E-5 2.11876E-5 1.23052E-5 6.47534E-6 6.11194E-5 3.27066E-5 8.57836E-6 1.40797E-5 3.24178E-5 5.21883E-5 3.53662E-5 2.26726E-5 5.02065E-5 2.88539E-5 1.7169E-5 2.57332E-5 2.90933E-5 1.89732E-7 3.73925E-8 1.50137E-5 3.89673E-5 3.31844E-5 5.24303E-6 3.34532E-5 3.80417E-5 1.80061E-5 4.26658E-5 3.42757E-5
-9999 9.72222E-5 1.68391E-4 1.311E-4 1.46884E-4 1.32987E-4 1.09473E-4 1.25443E-4 1.08521E-4 8.78979E-5 6.19538E-5 7.05005E-5 3.00747E-5 8.65296E-6 1.16366E-5 2.63146E-5 2.527E-5 1.45853E-5 6.99112E-6 7.32336E-6 1.50356E-5 1.74803E-5 1.63968E-5 3.58802E-5 4.62633E-5 6.57916E-5 5.75257E-5 5.91176E-5 6.13298E-5 3.97001E-5 5.95706E-5 7.07088E-5 6.98701E-5 6.02171E-5 7.25511E-5 5.26278E-5 5.64824E-5 5.50342E-5 3.42945E-5 3.29831E-5 2.33116E-5 1.46008E-5 3.04593E-5 6.84009E-5 4.95903E-5 5.85613E-5 7.48738E-5 5.98637E-5 6.07606E-5 6.1023E-5 5.43164E-5 4.00639E-5 7.75433E-6 7.15988E-7 7.91318E-8 7.77277E-8 3.58642E-7 1.4575E-5 7.0655E-6 2.51528E-5 7.69752E-6 2.33227E-5 2.50596E-5 2.2697E-5 4.88811E-5 2.4667E-5
-9999 1.07602E-4 1.21632E-4 1.39894E-4 1.16125E-4 1.07912E-4 9.56954E-5 9.58155E-5 8.45551E-5 7.7153E-5 7.09544E-5 6.48078E-5 5.53443E-5 1.49552E-6 9.75941E-6 7.31591E-6 7.50684E-6 5.8205E-6 4.33948E-6 9.67525E-6 1.4183E-5 1.14232E-5 3.71187E-5 4.10216E-5 5.30159E-5 3.34392E-5 6.82266E-5 3.96104E-5 6.37374E-5 7.23167E-5 4.08975E-5 5.9399E-5 3.62303E-5 3.42532E-5 6.60539E-5 3.61179E-5 7.43999E-5 4.5223E-5 4.90796E-5 5.38917E-5 5.26514E-5 4.73737E-5 5.91371E-5 6.74706E-5 4.97926E-5 5.7092E-5 7.47934E-5 6.21365E-5 5.00397E-5 5.02827E-5 4.80941E-5 1.90174E-5 1.24679E-5 1.8393E-5 9.20929E-7 9.56399E-6 2.35112E-5 1.12891E-5 2.34506E-6 4.84478E-5 2.89426E-5 1.67035E-5 1.0658E-5 7.16838E-6 2.39296E-5 3.13773E-5
-9999 5.38649E-5 1.64571E-4 1.55799E-4 1.33026E-4 1.10515E-4 1.06265E-4 9.71378E-5 8.06729E-5 9.39609E-5 8.50704E-5 8.21351E-5 6.98759E-5 5.82828E-5 4.98697E-5 7.06687E-6 1.11119E-5 6.47168E-6 3.80412E-6 1.24771E-5 2.84818E-5 2.85349E-5 1.60001E-5 3.42866E-5 4.79476E-5 4.17273E-5 5.01326E-5 3.12831E-5 5.39365E-5 7.72872E-5 4.22409E-5 4.20322E-5 1.37115E-5 8.68702E-6 4.28831E-5 5.62744E-5 2.25165E-5 4.6979E-5 6.87358E-5 8.43252E-5 6.5899E-5 5.99715E-5 6.81045E-5 5.88258E-5 5.00018E-5 6.01801E-5 5.49681E-5 4.07086E-5 2.38098E-5 2.43378E-5 5.37312E-5 4.2345E-5 2.01587E-5 3.57372E-5 2.41652E-6 1.05784E-5 5.54156E-5 4.98479E-5 3.63323E-5 6.22401E-5 1.59697E-5 1.16652E-6 5.1753E-6 2.15634E-5 1.31718E-5 1.11876E-5
-9999 7.48341E-5 7.6601E-5 2.12306E-4 1.61147E-4 1.22934E-4 1.13676E-4 1.13619E-4 1.05515E-4 1.21743E-4 1.04093E-4 1.16916E-4 8.85288E-5 6.74122E-5 5.2926E-5 9.00766E-6 3.26658E-5 3.1748E-5 3.56619E-5 1.52524E-5 1.23043E-5 3.69364E-5 1.71619E-5 9.67619E-6 1.7372E-5 2.51417E-5 2.92889E-5 5.31391E-5 5.3207E-5 3.27412E-5 5.68266E-5 3.48427E-5 7.30539E-6 2.5784E-5 2.27397E-5 1.17035E-5 3.84469E-5 4.26828E-5 6.24999E-5 6.1347E-5 6.08679E-5 1.55854E-5 7.40417E-5 4.28006E-5 7.21329E-5 7.6717E-5 4.99205E-5 5.83948E-5 5.12928E-5 1.13171E-5 4.79189E-5 3.91493E-5 4.10523E-5 5.80453E-5 3.2203E-5 3.46847E-5 1.51574E-5 7.48229E-6 1.86197E-5 2.08324E-5 4.10888E-6 1.50426E-6 3.50715E-6 7.23758E-7 3.64447E-6 1.85869E-6
-9999 -9999 4.98975E-5 1.60035E-4 1.59892E-4 1.26766E-4 1.10099E-4 1.22051E-4 1.10344E-4 1.14302E-4 1.10379E-4 1.14559E-4 1.05423E-4 8.58866E-5 7.17663E-5 3.08127E-5 6.77336E-5 4.75218E-5 2.21556E-5 1.33094E-5 2.43115E-5 8.13838E-6 7.51691E-6 2.45557E-5 3.40711E-5 1.32328E-5 1.10959E-5 3.41818E-5 5.15404E-5 5.41685E-5 7.64598E-5 4.12775E-5 4.47544E-5 2.88536E-5 8.12742E-6 2.00615E-5 1.282E-5 5.30206E-6 3.29635E-5 4.02335E-5 2.24238E-5 1.52656E-5 1.01115E-5 5.75054E-6 5.13207E-6 6.16247E-5 5.10835E-5 5.71409E-5 8.48989E-5 1.12348E-5 2.93218E-5 5.85038E-5 1.50293E-5 4.1147E-5 1.77644E-5 1.69416E-5 4.5801E-6 4.28392E-6 9.69239E-6 3.54027E-7 2.61462E-8 3.51277E-7 1.45967E-5 8.31343E-6 4.32625E-7 3.74902E-6
-9999 -9999 1.06964E-4 1.65926E-4 1.31542E-4 4.67182E-5 1.95392E-5 2.28223E-5 4.95517E-5 3.82559E-5 1.04512E-4 3.04022E-5 2.11493E-5 5.25642E-5 1.08752E-5 1.66785E-5 7.77606E-5 6.05642E-5 3.14748E-5 8.74428E-6 1.26028E-5 1.29911E-5 2.9374E-6 6.14455E-6 2.61855E-5 2.41975E-5 3.33199E-5 2.48109E-5 3.81895E-5 6.572E-5 4.52166E-5 1.97812E-5 1.2663E-5 7.40609E-5 5.37717E-5 3.93839E-5 3.62219E-5 5.28024E-5 6.51986E-5 6.97415E-5 5.2785E-5 4.43078E-5 5.54196E-5 4.04935E-5 2.81902E-5 5.60938E-5 2.59322E-6 6.04927E-5 5.74804E-6 1.41857E-5 1.19601E-5 1.12529E-5 3.17673E-5 1.85252E-5 2.36816E-6 2.43676E-8 2.04645E-6 5.48566E-7 3.51444E-6 3.52946E-7 1.6759E-7 3.00595E-8 5.50238E-8 1.20294E-7 5.09646E-8 1.09907E-8
-9999 -9999 5.77393E-5 1.46204E-4 3.76289E-5 9.55315E-6 8.34605E-6 6.01955E-6 1.30875E-5 4.95935E-5 7.99215E-5 3.0649E-6 1.7691E-6 3.6311E-6 2.36887E-5 2.6805E-5 6.36471E-5 8.36032E-5 5.71777E-5 1.77399E-5 8.0144E-5 3.74134E-6 1.99373E-6 4.39729E-6 3.12845E-5 5.35797E-5 5.38534E-5 1.14425E-5 1.07816E-5 1.53041E-5 2.87142E-5 4.02102E-6 4.06524E-5 6.87072E-5 1.30674E-5 1.2741E-6 3.01828E-6 1.38812E-5 4.66056E-6 6.29546E-5 5.60528E-5 4.92013E-5 2.59437E-5 2.14595E-5 1.54516E-5 1.54731E-5 4.00913E-7 2.66287E-6 2.66383E-6 2.54006E-6 2.20099E-7 7.51879E-7 1.56466E-6 1.20132E-6 5.22173E-7 9.45129E-8 7.92896E-6 9.62856E-6 9.32738E-7 6.92706E-7 1.83951E-7 3.29886E-8 1.31476E-6 5.8812E-7 2.64377E-7 5.20499E-8
-9999 1.44764E-4 9.22431E-5 1.5482E-4 2.26072E-5 4.66701E-6 1.77567E-5 1.90449E-5 2.09732E-5 5.46425E-5 4.35592E-5 5.36391E-6 2.66902E-7 2.78351E-7 7.77755E-6 1.07825E-5 3.02337E-5 2.92677E-5 5.35582E-5 6.85775E-5 5.42448E-5 9.48895E-7 2.28848E-5 7.5142E-6 4.17145E-5 4.32821E-5 7.58375E-5 1.71943E-5 3.87395E-5 3.0042E-5 3.87E-5 5.66084E-5 5.91609E-5 5.0151E-5 2.52338E-5 2.47414E-7 3.22625E-7 8.42062E-7 5.01646E-7 9.41951E-6 3.11935E-5 3.74901E-5 3.73704E-5 3.70012E-5 2.55886E-5 3.67341E-5 8.15854E-6 1.07722E-5 9.09921E-7 1.29972E-6 1.08194E-5 1.13195E-5 2.06746E-6 1.73174E-6 5.76145E-6 1.45701E-6 1.92664E-5 1.6532E-5 8.33809E-6 4.99814E-7 2.77988E-7 8.20238E-7 7.48508E-7 1.92245E-7 1.00735E-7 1.2336E-7
-9999 7.02461E-5 3.92138E-5 7.66707E-5 1.2674E-5 1.5154E-5 4.89395E-5 4.21348E-5 2.25729E-5 5.51321E-5 2.95126E-5 2.12998E-5 1.31587E-6 3.46694E-7 3.19232E-6 2.06475E-5 1.46307E-5 1.65284E-5 1.72495E-5 5.87497E-6 1.41963E-5 3.86112E-5 4.63662E-6 4.39607E-6 1.3077E-5 1.7589E-5 5.31774E-5 7.14326E-5 1.41613E-5 2.05659E-5 2.40855E-5 7.1837E-5 9.42935E-5 8.41214E-5 1.43339E-5 6.85635E-6 6.39619E-6 6.21119E-7 1.28891E-6 4.17624E-6 4.97181E-5 1.67102E-5 5.50814E-6 4.03365E-5 3.68155E-5 3.93602E-5 1.40873E-5 5.69324E-5 4.98448E-5 2.61597E-5 4.04287E-6 5.09456E-7 3.43821E-6 5.33191E-6 6.13475E-6 7.67184E-6 7.12978E-6 7.24663E-7 4.9979E-7 1.57562E-7 3.94867E-7 5.69588E-6 5.9168E-8 4.23195E-9 5.90403E-8 1.32593E-6
-9999 1.14061E-6 1.70666E-5 7.04441E-5 5.35771E-6 3.556E-5 4.0987E-5 2.76632E-5 1.33179E-5 2.76947E-5 1.46223E-5 2.06451E-5 1.80181E-5 2.39503E-5 8.92497E-6 1.7902E-5 3.11735E-5 2.95574E-5 1.66312E-5 3.44E-5 5.00637E-6 4.68002E-6 1.14263E-5 3.32951E-6 8.99926E-6 1.47228E-5 2.28638E-5 5.21011E-5 5.14945E-6 1.09492E-5 3.0276E-5 5.98376E-5 4.10056E-5 8.56405E-5 9.4754E-6 1.25187E-6 1.62957E-6 4.51538E-7 3.15353E-7 8.31596E-7 5.68288E-6 2.23945E-6 1.24856E-5 3.18859E-5 3.46241E-5 3.06352E-5 2.51899E-5 1.31757E-5 8.64023E-6 3.47158E-5 9.46922E-6 8.20746E-6 1.96757E-6 2.50348E-6 7.4863E-6 8.33791E-6 1.14369E-6 3.80768E-7 4.08118E-7 2.42085E-7 2.45652E-6 1.35828E-7 2.90217E-6 4.02792E-8 5.96211E-7 1.25081E-7
-9999 8.39328E-6 7.61256E-6 8.1618E-6 3.21364E-5 3.20869E-5 2.15628E-5 2.95473E-5 5.65871E-5 6.6974E-5 5.22852E-5 2.88379E-5 6.79769E-6 1.74458E-5 1.73918E-5 7.09212E-6 1.44977E-5 2.71711E-5 2.25198E-5 1.77712E-5 1.44781E-5 7.13685E-6 1.06576E-5 2.45331E-5 4.17139E-5 9.65681E-6 5.96721E-6 1.45419E-7 2.6769E-5 4.41271E-7 1.03487E-5 1.87735E-6 1.7975E-6 1.10073E-5 3.24471E-6 3.54691E-6 6.62281E-7 1.42795E-6 3.61226E-7 1.91557E-6 8.27751E-7 2.65519E-7 1.15731E-6 3.28828E-5 2.39047E-6 3.33292E-6 2.60014E-6 1.51289E-6 2.91012E-7 2.21939E-6 7.49013E-6 3.34719E-5 4.89633E-5 1.92905E-5 4.20547E-6 8.66348E-7 8.74337E-6 1.0021E-5 9.68205E-7 1.30539E-6 2.15078E-7 8.3981E-7 7.0397E-6 2.37407E-7 2.07239E-8 1.16419E-7
-9999 7.82965E-5 1.29031E-6 8.928E-7 4.6217E-6 2.81901E-5 3.06432E-5 5.991E-5 7.76147E-5 4.4324E-5 2.78752E-5 2.13826E-5 6.06567E-6 1.8411E-5 7.3823E-5 7.3265E-5 4.26989E-5 1.147E-5 6.74376E-6 4.91329E-6 2.68021E-5 2.04279E-5 8.83242E-6 2.80476E-5 9.96359E-6 2.79967E-6 6.65376E-7 9.08391E-8 2.91073E-6 1.51132E-7 8.30547E-7 2.26447E-7 4.56177E-7 1.78547E-6 1.59176E-6 6.33569E-6 3.69617E-5 4.27727E-5 1.93013E-6 3.14918E-7 2.54337E-7 1.51564E-6 8.59079E-7 5.00134E-6 7.04957E-6 1.55494E-5 3.96611E-6 4.96892E-6 3.36755E-5 5.85306E-6 4.75772E-6 9.08036E-6 6.40148E-5 3.38855E-5 8.56479E-6 6.82249E-6 1.73597E-6 6.3488E-6 2.39771E-6 1.57025E-6 1.7765E-6 7.35164E-7 3.09689E-6 5.66787E-7 1.28708E-6 3.67201E-7
-9999 1.04904E-4 2.74452E-6 6.94164E-6 5.77431E-6 5.27707E-6 9.55729E-5 5.92777E-5 5.11735E-5 8.90009E-5 6.64602E-5 2.23877E-5 1.95956E-4 3.41138E-5 3.51346E-5 1.86649E-5 1.16126E-5 1.05474E-5 5.26637E-6 1.19151E-6 6.50212E-6 6.56422E-5 4.88595E-5 1.45414E-5 1.70345E-5 1.07328E-6 5.49037E-8 1.80575E-7 1.25482E-6 8.40591E-6 1.53685E-5 5.18864E-6 4.50493E-6 2.77754E-6 2.87428E-6 2.81699E-5 4.45096E-5 5.69118E-5 2.04602E-6 7.55378E-7 8.40461E-8 1.32543E-6 7.7229E-7 3.06055E-6 1.18586E-6 6.41347E-6 4.58912E-6 1.22385E-5 2.84185E-5 6.57825E-6 8.62747E-6 1.54605E-5 2.09053E-6 1.21668E-5 6.09977E-6 4.65793E-7 1.77654E-6 9.76957E-6 3.44734E-7 1.8855E-7 1.12281E-8 4.32756E-9 3.67139E-9 4.76807E-8 2.89692E-9 7.00358E-8
1.14417E-4 8.73443E-5 3.01974E-5 4.97473E-6 1.42002E-5 4.35477E-5 8.51185E-5 9.58978E-5 2.16677E-5 1.17908E-4 8.33087E-5 8.18394E-5 1.98405E-5 2.51558E-5 1.21919E-5 1.5938E-6 1.40721E-5 5.82904E-6 1.20398E-5 7.5049E-6 6.84632E-6 5.97833E-6 2.92652E-5 7.53578E-6 1.86173E-6 1.15663E-7 7.18106E-6 9.77877E-7 7.66664E-6 9.45903E-5 3.06813E-6 7.9686E-6 2.82075E-6 5.03439E-7 2.75377E-7 6.05659E-6 1.34493E-5 3.61121E-6 6.36584E-6 2.16532E-6 3.98891E-7 9.01217E-8 3.1389E-6 6.52703E-6 2.17827E-5 3.23351E-6 2.01943E-6 1.43933E-6 5.80296E-7 6.36452E-7 4.17963E-6 3.40542E-6 4.20068E-6 1.26419E-5 1.22583E-5 1.21756E-5 2.39E-6 4.49264E-7 6.43439E-7 9.26446E-8 3.25303E-9 1.63034E-8 7.65768E-7 1.25773E-7 5.32829E-7 1.96974E-7
2.21748E-5 2.70298E-5 8.10439E-5 2.4527E-6 8.72268E-7 6.70607E-5 8.87171E-5 8.27087E-5 6.71388E-5 3.69061E-5 2.85671E-5 2.74499E-5 3.52591E-5 1.30878E-5 9.96217E-6 8.1456E-6 2.56543E-7 7.67821E-6 1.73318E-5 2.77794E-5 1.76146E-6 4.70655E-6 2.46082E-5 2.98299E-5 1.13372E-5 6.21343E-8 1.92187E-7 1.53281E-6 3.68641E-6 1.7093E-5 6.66365E-6 1.20835E-6 5.81345E-7 1.75493E-7 3.86483E-7 3.75212E-5 6.11905E-6 5.2179E-7 2.35014E-6 2.71545E-6 5.42258E-6 1.43881E-6 1.31319E-6 3.50226E-6 1.86848E-5 5.25236E-6 3.36034E-7 9.37262E-7 2.60008E-6 9.57012E-7 9.22793E-6 5.89578E-5 5.34614E-5 7.80769E-6 5.04273E-7 6.51304E-6 2.74582E-6 5.09107E-7 3.03958E-7 1.4372E-7 2.02652E-6 1.01044E-7 2.15549E-6 6.63753E-7 5.29908E-7 1.34157E-6
-9999 2.25057E-5 2.15458E-6 2.08217E-6 1.23299E-6 1.35905E-5 6.89806E-5 7.36839E-6 1.16653E-5 2.75343E-5 4.07993E-6 3.08669E-5 3.10576E-6 1.64819E-5 3.04159E-5 4.334E-6 4.03226E-6 1.24731E-6 1.92141E-7 9.67864E-6 1.3934E-5 7.4774E-6 1.10136E-6 5.90038E-6 8.48335E-6 2.00994E-6 6.8349E-7 8.17346E-8 1.27227E-7 9.36019E-6 2.77377E-6 3.40433E-6 1.68515E-6 4.39021E-7 4.78352E-7 3.83909E-7 9.19879E-7 3.76941E-8 1.6488E-7 1.00379E-6 2.99552E-6 1.32494E-5 1.19884E-5 7.4301E-6 1.1528E-5 1.76082E-5 2.45328E-6 3.6817E-6 7.1401E-7 2.82581E-6 3.52102E-6 1.89521E-6 1.81261E-5 4.32739E-6 4.16244E-7 2.0082E-7 1.56338E-6 5.77327E-8 3.2607E-8 3.37441E-7 1.1138E-7 8.20611E-7 1.35737E-6 1.82509E-6 1.44708E-6 8.4495E-6
-9999 9.25441E-5 3.8466E-5 3.69399E-6 9.16644E-7 5.64123E-6 1.10282E-5 1.72205E-5 1.97409E-5 1.08788E-4 1.54079E-5 6.6409E-6 2.35669E-6 1.50347E-5 1.32943E-5 2.80569E-5 1.82235E-5 6.21814E-6 6.76894E-6 8.2024E-6 1.16593E-5 1.36809E-5 2.90033E-6 7.00146E-6 8.82329E-6 2.79162E-5 8.18912E-6 3.70223E-6 7.43498E-7 5.59245E-6 8.89235E-6 2.62367E-6 2.84536E-6 8.88796E-6 5.01566E-6 1.46462E-5 9.58982E-7 6.37361E-8 2.75407E-7 3.76E-7 5.81412E-8 7.63943E-7 1.74573E-5 6.3483E-6 3.20857E-6 4.02886E-6 2.67028E-6 4.17847E-6 4.54137E-6 5.84114E-7 2.49121E-7 1.62706E-6 3.15128E-6 4.55932E-6 1.24946E-5 7.18447E-6 1.98399E-8 1.63788E-6 3.51231E-7 7.37317E-7 1.09551E-6 2.00651E-5 4.5595E-5 8.83345E-6 2.80314E-5 4.75593E-6
-9999 2.4315E-5 4.44038E-5 2.44854E-5 1.78315E-6 4.87573E-5 7.44674E-6 1.95137E-5 5.59893E-5 4.54075E-5 2.35163E-5 1.33499E-5 1.05971E-5 7.52743E-6 8.22479E-6 3.88148E-5 7.07962E-5 3.5511E-5 5.4815E-5 5.73842E-5 4.61303E-5 5.46173E-5 4.38246E-5 1.07072E-5 5.54387E-6 4.18124E-6 1.11031E-5 2.29838E-5 5.50633E-5 2.2951E-5 6.77952E-6 1.12114E-6 4.19198E-6 7.10675E-7 9.88673E-7 1.09157E-5 2.87074E-5 1.25446E-5 9.99281E-6 3.43155E-7 7.81594E-8 1.18818E-7 1.18714E-6 4.42349E-6 4.98666E-6 8.81032E-6 9.74811E-7 2.18945E-6 8.11086E-7 1.4152E-6 4.97445E-7 1.3882E-7 2.86089E-7 1.94833E-5 8.75326E-6 2.60605E-5 1.4834E-5 1.18623E-6 6.87675E-7 1.07477E-6 1.31889E-6 2.22169E-5 1.55755E-5 3.69359E-5 1.68277E-5 1.67797E-6
-9999 1.28448E-4 2.14154E-5 9.90715E-6 9.52421E-8 2.99999E-5 4.18814E-5 8.54598E-6 4.30379E-5 4.58042E-5 2.11802E-5 1.71523E-5 2.4185E-5 4.26348E-7 5.59002E-6 1.01395E-5 8.16911E-6 2.91313E-5 3.28853E-5 9.80443E-6 6.91461E-6 2.46173E-5 1.12126E-4 8.75754E-5 2.23338E-5 7.53399E-6 5.89538E-6 3.18647E-5 7.96514E-5 2.5199E-5 2.3326E-5 3.03177E-6 7.61115E-6 1.04827E-5 6.54228E-7 4.34218E-6 5.03212E-6 1.94419E-6 1.66494E-5 2.86892E-6 4.87519E-8 1.96146E-7 4.79549E-7 7.34878E-7 7.7448E-7 2.22737E-6 1.19552E-5 6.96636E-6 7.58101E-6 1.02262E-6 1.29952E-6 1.54017E-6 1.01589E-7 9.65159E-7 7.29482E-6 2.9036E-6 5.13445E-5 4.4258E-6 3.67382E-7 2.34203E-6 1.24401E-6 1.44025E-6 1.13E-6 7.74885E-7 9.86386E-7 9.80036E-8
-9999 4.05775E-5 2.65424E-5 5.47155E-5 1.73929E-6 1.05981E-5 4.58993E-5 5.0758E-5 5.61306E-5 5.3089E-5 3.52042E-5 1.13019E-5 6.38069E-5 5.45354E-6 4.3578E-7 9.59395E-6 1.59558E-5 1.68674E-5 9.88405E-6 1.24397E-5 4.82788E-5 6.78013E-5 9.04172E-5 7.32877E-5 4.30392E-5 2.05675E-5 2.19773E-5 1.27298E-5 2.00562E-5 3.05862E-5 1.08282E-5 4.66374E-7 1.59364E-6 2.23195E-6 4.71603E-7 1.92376E-7 1.77283E-6 4.06813E-6 7.74969E-7 1.52476E-5 1.94747E-6 7.60648E-6 2.91656E-6 1.3835E-6 8.8989E-7 1.00853E-5 8.63163E-6 1.91077E-5 1.04743E-5 1.11215E-5 2.00157E-5 3.53122E-5 1.24489E-5 7.59025E-6 2.4144E-5 7.53257E-6 1.86813E-5 8.85017E-6 2.43617E-7 5.75527E-7 1.5318E-7 6.63576E-6 1.91281E-7 1.07696E-6 1.80567E-7 1.78867E-7
-9999 8.58194E-5 1.05147E-4 2.92528E-5 5.44616E-5 4.03577E-5 4.12235E-5 1.03195E-4 7.91517E-5 7.85096E-5 5.75739E-5 2.6122E-5 5.73881E-6 1.09159E-5 2.73423E-5 4.33318E-5 1.60206E-5 3.77188E-6 2.37079E-5 1.40432E-5 7.87521E-5 3.55147E-5 1.12337E-5 1.04684E-5 8.92307E-6 6.479E-6 8.47074E-6 1.06915E-6 1.49775E-6 2.89915E-6 2.55693E-5 6.25812E-6 7.03956E-6 2.02903E-5 1.97016E-5 2.93902E-6 2.63471E-6 1.84219E-7 2.97004E-7 4.17154E-7 1.72076E-6 7.09739E-6 2.09312E-6 1.25841E-6 2.40559E-7 3.56934E-6 1.91167E-5 1.64507E-5 3.26331E-5 4.17531E-6 2.49542E-5 2.64063E-5 5.36063E-5 4.89583E-5 2.81012E-5 9.80316E-6 1.02458E-6 5.03037E-6 5.79315E-7 8.16089E-7 4.54841E-8 2.32487E-6 8.92657E-6 1.13114E-6 1.80829E-7 3.13046E-5
-9999 1.61685E-4 2.54034E-4 2.14088E-4 1.42264E-4 1.00844E-4 1.28938E-5 2.77005E-5 4.21476E-5 4.90246E-5 6.32704E-5 1.09325E-5 1.51685E-6 1.38456E-5 2.40305E-5 5.23926E-6 1.72831E-5 3.24545E-5 1.37699E-5 3.16887E-5 5.38131E-5 2.49486E-5 1.28434E-5 1.1727E-5 1.30021E-5 2.55924E-5 3.11131E-5 2.79512E-5 5.87147E-6 1.38045E-5 2.13599E-5 8.70946E-6 1.72887E-5 6.8933E-6 1.90412E-6 4.08452E-6 2.02829E-6 5.12669E-6 1.41143E-5 8.14385E-6 1.33705E-5 3.47534E-7 2.71188E-6 6.99229E-7 2.3972E-6 4.46001E-6 1.01118E-5 3.9894E-5 2.05252E-5 4.17975E-6 1.12497E-5 7.51248E-5 7.7718E-5 6.42104E-5 3.79737E-6 3.48459E-6 6.93215E-7 3.20777E-7 6.90426E-7 2.62982E-6 1.50554E-7 2.71484E-7 3.89592E-5 7.86231E-6 1.69737E-6 6.23016E-6
-9999 2.24792E-4 2.61449E-4 1.86954E-4 2.4257E-5 2.24223E-5 1.92585E-5 5.51111E-5 1.23651E-5 8.17173E-5 2.85112E-5 3.93146E-6 1.95048E-7 9.22565E-6 2.59873E-5 1.2624E-5 4.02367E-5 4.89677E-6 1.04598E-5 3.41848E-6 2.35516E-5 1.05926E-6 8.91775E-6 7.5951E-5 1.74803E-5 9.58534E-6 1.35609E-5 4.36607E-5 3.99144E-6 1.20673E-5 5.15012E-6 7.65827E-7 7.89633E-7 9.73647E-7 1.00454E-7 7.70983E-8 2.8969E-8 2.57991E-6 1.3724E-5 3.72353E-6 1.30073E-5 7.68393E-7 5.37748E-7 1.23277E-6 4.03725E-5 6.04449E-5 4.43469E-5 4.79926E-5 4.34666E-6 4.77887E-5 2.61616E-5 3.26067E-5 3.7791E-5 3.85923E-5 1.86165E-6 7.51797E-7 4.38983E-7 4.58023E-8 5.02164E-6 2.37587E-6 1.95726E-6 1.0444E-5 3.16463E-6 1.42002E-5 1.07068E-5 4.80445E-5
-9999 -9999 2.31925E-4 8.83802E-5 2.39768E-5 5.45454E-6 9.29223E-5 4.6467E-5 6.5663E-5 3.86819E-5 7.24082E-6 9.90722E-6 1.13681E-6 4.45491E-6 5.91818E-6 2.00053E-5 3.29265E-5 9.38815E-6 2.10196E-5 2.83991E-5 5.38162E-5 7.08775E-5 2.12064E-5 8.71162E-6 1.44858E-5 7.98995E-6 1.48311E-5 4.32256E-5 1.68266E-5 1.53224E-5 3.9779E-6 6.02984E-6 1.22834E-5 3.88194E-5 2.46523E-5 6.10158E-7 1.44161E-6 1.0367E-6 8.32172E-6 2.23019E-6 1.00826E-5 5.43233E-6 2.66589E-6 6.47703E-7 1.78917E-6 4.6403E-6 8.53174E-7 8.49978E-7 3.38308E-6 2.12357E-6 1.36329E-6 1.47674E-5 4.84742E-6 3.23956E-6 4.48147E-6 3.38672E-6 2.76566E-7 1.86446E-7 4.27589E-7 3.46941E-6 7.78011E-6 4.11719E-5 3.10056E-5 2.96311E-5 4.18086E-5 3.57238E-5
