catData/rasterBestHybridModels/Pbengalensis/RD_BM01_RM1_L/Pbengalensis_min.asc
ncols         409
nrows         350
xllcorner     60.897278365
yllcorner     5.843756025
cellsize      0.0892857
NODATA_value  -9999
[rows 174 to 202 of 350, columns 198 to 263 of 409]
1.62493E-5 7.45976E-6 6.15198E-6 1.13449E-5 3.1398E-5 4.69102E-5 3.18198E-5 1.23464E-5 6.64874E-6 3.68055E-6 3.36444E-6 4.05961E-6 9.07237E-6 5.87254E-6 8.6441E-6 2.24724E-6 1.52488E-5 4.59608E-5 5.07399E-5 4.75278E-5 3.81966E-5 2.49369E-5 4.5928E-6 2.47555E-5 4.42494E-5 3.85925E-5 2.73182E-6 3.37374E-6 1.61362E-5 2.39878E-7 7.98408E-7 4.4916E-6 7.88745E-6 2.18002E-5 2.20697E-5 6.33423E-6 2.21634E-7 8.89601E-7 8.28635E-6 3.59502E-5 3.65124E-5 3.3642E-5 4.46157E-6 1.71563E-5 1.90281E-5 1.23205E-5 2.4946E-6 2.77312E-6 1.71578E-5 2.24864E-5 3.77725E-5 1.56708E-5 3.16567E-5 2.42725E-5 2.66132E-5 2.91462E-5 3.47246E-6 1.1112E-5 3.85395E-5 2.58995E-5 4.7916E-5 5.51625E-5 4.65367E-5 4.31414E-5 2.84759E-5 8.64144E-6
3.13384E-5 2.20388E-5 1.24881E-5 3.17553E-5 3.74606E-5 2.26077E-5 4.76123E-5 3.09725E-5 2.27504E-5 1.64878E-5 9.63511E-6 1.81243E-5 2.04524E-5 5.89706E-6 4.60171E-6 1.95456E-5 3.47353E-5 3.3447E-5 3.6936E-5 4.45139E-5 3.80039E-5 2.70573E-5 2.04857E-5 4.04465E-5 3.12388E-5 1.46935E-5 1.07977E-5 4.79404E-6 2.14065E-6 1.61384E-6 6.90559E-6 1.68295E-5 1.24953E-5 3.56677E-5 1.35272E-5 2.30069E-5 2.47406E-6 9.15937E-8 1.57646E-5 2.76179E-5 2.07895E-5 1.45142E-6 3.12623E-6 2.71165E-5 3.76975E-5 1.9751E-5 1.20532E-5 7.10587E-6 1.96438E-5 2.98196E-5 9.556E-6 2.17537E-5 1.11022E-5 2.48529E-5 3.30206E-5 4.32225E-5 5.39401E-5 5.4759E-5 7.30904E-5 4.25391E-5 6.96501E-5 2.74157E-5 3.67962E-5 5.58712E-6 4.53967E-5 5.26514E-5
1.46276E-5 3.08478E-6 7.17538E-6 3.58716E-5 4.61256E-5 5.95283E-5 4.45299E-5 5.01951E-5 5.09558E-5 4.40377E-5 3.46625E-5 3.97719E-5 4.76404E-5 7.51227E-6 3.79735E-5 2.41629E-5 1.63121E-5 2.44621E-5 3.57449E-5 2.36202E-5 2.86475E-5 2.16041E-5 1.1091E-5 3.72593E-5 4.69366E-5 2.44731E-5 1.23577E-5 1.40384E-5 6.40703E-6 3.53713E-7 2.34497E-5 8.71982E-6 4.60026E-5 5.60378E-5 1.74982E-5 3.52889E-5 2.30034E-5 2.9535E-5 3.95214E-5 3.40649E-5 3.32189E-6 1.05115E-5 1.52945E-5 8.85429E-6 2.26171E-5 4.15063E-5 3.18389E-5 5.10525E-5 3.77284E-5 4.56348E-5 1.33179E-5 1.92239E-5 2.76287E-5 2.6898E-5 3.66027E-5 5.16147E-5 8.06123E-5 8.02021E-5 6.04692E-5 5.74754E-5 4.46186E-5 6.43461E-6 2.71992E-6 2.08326E-5 1.24998E-5 9.15799E-6
1.18396E-5 2.62165E-5 1.47099E-5 5.52748E-5 4.06896E-6 1.55754E-5 5.38234E-6 1.52372E-5 4.18543E-5 3.54954E-5 3.81127E-5 4.65128E-5 2.40442E-5 2.34779E-5 2.3007E-5 2.76561E-5 3.43498E-5 1.65539E-5 4.75721E-6 5.89581E-6 1.47605E-5 7.14009E-7 1.67335E-6 3.32142E-5 2.57349E-5 3.73366E-6 2.99857E-5 7.80758E-6 1.83191E-5 1.34083E-5 6.48994E-5 4.74819E-5 3.37871E-5 3.4628E-6 1.99546E-5 1.88079E-5 9.36949E-6 5.27226E-5 5.22071E-5 4.06785E-5 2.36348E-5 2.0672E-5 2.3075E-5 2.39129E-5 2.47491E-5 4.03936E-5 2.84278E-5 4.69362E-5 2.07159E-5 2.15746E-5 4.37532E-5 2.96975E-5 2.80695E-5 2.99391E-5 4.02868E-5 5.49192E-5 7.74598E-5 6.86296E-5 5.29074E-5 2.28242E-5 4.47699E-5 1.00464E-5 1.50861E-5 4.19339E-5 2.93389E-5 1.81907E-5
2.29256E-5 4.21553E-6 2.99652E-6 8.78054E-6 1.31613E-5 8.26617E-5 4.80314E-5 4.72031E-5 3.30202E-5 3.12203E-5 3.96674E-5 5.06391E-5 2.39077E-5 5.8354E-6 2.49786E-6 6.82627E-6 1.22119E-5 2.36111E-5 4.20356E-6 6.72878E-6 3.0126E-6 3.0642E-6 3.88581E-6 3.03464E-5 3.38199E-5 4.44097E-5 4.64328E-5 4.11309E-5 1.98253E-5 1.76425E-5 1.26077E-5 8.49827E-6 5.31334E-5 4.84573E-5 5.76931E-5 2.55273E-5 3.11804E-5 5.40164E-5 5.22101E-5 5.53464E-5 2.94987E-5 3.74688E-5 3.92183E-5 4.29458E-5 3.1578E-5 2.81831E-5 1.99569E-5 2.51693E-5 7.91393E-6 9.00028E-6 3.61893E-5 3.31613E-5 2.68592E-5 3.01154E-5 4.06736E-5 5.5678E-5 7.90463E-5 6.84797E-5 6.303E-5 3.88793E-5 6.22794E-5 1.41228E-5 6.96726E-6 3.54643E-5 3.96804E-5 1.8484E-5
8.23973E-6 1.00475E-5 5.88299E-6 6.1915E-6 6.79791E-6 1.09069E-5 1.72334E-5 3.71779E-5 1.54798E-5 9.9817E-6 1.22951E-5 2.26802E-5 9.36316E-6 2.00756E-5 1.59076E-5 4.90371E-6 1.64725E-5 7.43499E-6 1.65876E-6 2.70818E-6 1.88105E-5 6.16301E-6 1.3293E-5 3.78944E-5 3.96187E-5 3.94107E-5 5.39642E-5 4.04691E-5 4.69954E-5 3.12811E-5 4.34062E-5 4.27871E-5 5.48804E-5 5.79196E-5 5.13718E-5 3.61308E-5 4.07731E-5 4.28937E-5 5.25889E-5 5.45671E-5 4.75372E-5 1.04715E-5 8.84764E-6 1.33892E-5 1.33099E-5 2.60024E-5 5.35304E-6 2.01107E-5 3.613E-5 2.61576E-5 3.87833E-5 2.98025E-5 3.17845E-5 2.64174E-5 3.60826E-5 4.86901E-5 6.00675E-5 6.40613E-5 4.66327E-5 1.93999E-5 2.59526E-5 1.51855E-5 1.81585E-5 1.93006E-5 2.2698E-5 1.88528E-5
2.7914E-5 1.18839E-5 2.34186E-5 5.92662E-6 1.91748E-7 2.88623E-7 2.87592E-7 9.52778E-7 2.44549E-5 2.64817E-5 2.20711E-5 1.77744E-5 1.30149E-5 4.79132E-6 1.34616E-5 1.42448E-5 2.95552E-6 3.17743E-6 1.22793E-5 4.22379E-6 4.4771E-6 1.35665E-5 1.34032E-5 3.56889E-5 4.7623E-5 9.53988E-6 3.45827E-5 4.2882E-5 2.1394E-5 1.53636E-5 3.34025E-5 3.99955E-5 5.07506E-5 5.57569E-5 4.77954E-5 4.42888E-5 4.10958E-5 3.65414E-5 4.21629E-5 1.68247E-5 6.38157E-6 4.41943E-6 6.4234E-7 3.31075E-5 2.64812E-6 8.24806E-6 1.51683E-6 2.97284E-5 7.68323E-6 2.04436E-5 5.54968E-5 4.34696E-5 3.3392E-5 2.5157E-5 2.409E-5 3.22344E-5 3.50446E-5 5.42235E-5 5.07474E-5 1.4956E-5 1.56283E-5 2.87463E-5 1.61102E-5 2.27699E-5 9.33264E-6 2.24526E-5
3.73816E-6 8.39561E-6 2.88525E-5 1.05526E-6 5.18129E-7 3.90426E-6 4.13636E-7 2.05763E-6 3.80993E-5 1.53279E-5 1.5198E-5 1.51402E-5 3.68245E-5 3.07341E-5 2.9025E-5 5.0973E-6 1.58336E-5 3.64575E-6 1.78619E-6 2.62382E-6 6.0454E-6 1.84069E-5 2.57756E-5 4.26699E-5 4.28738E-5 2.20178E-5 2.81086E-6 1.93363E-5 3.76392E-5 2.58442E-5 3.69068E-5 3.49786E-5 4.2446E-5 4.56767E-5 5.52614E-5 6.03166E-5 5.0697E-5 3.98395E-5 2.47126E-5 2.45137E-5 1.04289E-5 4.99734E-7 6.59072E-7 3.39374E-6 1.00456E-5 9.10509E-6 1.92868E-5 2.48581E-5 1.90818E-5 5.39929E-6 4.45024E-6 4.25675E-6 1.31485E-5 2.72441E-5 2.50704E-5 3.45083E-5 2.57886E-5 3.42794E-5 4.53041E-5 5.06591E-5 5.45566E-5 4.32056E-5 3.92573E-5 3.87747E-5 9.20773E-6 1.9495E-5
1.76098E-5 1.49538E-5 3.07079E-5 1.82941E-7 2.68649E-6 3.46673E-6 1.5502E-5 4.91719E-6 2.72351E-6 4.43613E-5 2.36216E-5 1.36436E-5 2.11647E-5 4.38512E-5 8.83896E-6 1.74307E-6 5.42608E-6 1.17783E-5 1.07739E-5 1.08261E-5 1.27917E-6 9.42979E-6 2.924E-5 3.75744E-5 3.12876E-5 1.34266E-5 2.53069E-5 1.09534E-5 1.63463E-5 5.83466E-5 5.00227E-5 3.9648E-5 5.09103E-5 5.9376E-5 6.32668E-5 6.76546E-5 5.26782E-5 3.87813E-5 9.88762E-6 1.58195E-5 1.74455E-6 2.41551E-6 4.58116E-6 5.46512E-6 5.86822E-6 1.25311E-5 1.33988E-5 3.25811E-6 9.15261E-6 2.76146E-5 1.14608E-5 3.33287E-5 2.99366E-5 2.39187E-5 3.8358E-5 3.87761E-5 5.06572E-5 5.08448E-5 3.95892E-5 5.82623E-5 5.53344E-5 3.74953E-5 3.20915E-5 6.02257E-5 5.83031E-5 3.18251E-5
7.40138E-6 2.58793E-5 3.53863E-5 1.40642E-6 6.92648E-8 2.08386E-8 4.66724E-6 2.92705E-5 2.04257E-5 1.02981E-5 3.65695E-5 3.89794E-6 7.55372E-6 1.6549E-5 7.1364E-6 1.88537E-5 7.96396E-6 1.5109E-6 5.15777E-6 1.8516E-6 1.13468E-5 1.31422E-5 1.59033E-5 6.78958E-6 2.73412E-5 2.03939E-5 1.1328E-5 1.04698E-5 1.40511E-5 6.2622E-5 1.28299E-5 3.15026E-5 5.98141E-5 7.41733E-5 5.85327E-5 4.13998E-5 2.84708E-5 1.17714E-5 1.72177E-5 3.94173E-5 3.94022E-6 1.00534E-6 4.43391E-7 8.5392E-6 8.04377E-6 1.46891E-5 6.25893E-6 2.53056E-6 1.31637E-5 3.02266E-5 3.96364E-5 5.41063E-5 4.30275E-5 4.33205E-5 1.41476E-5 5.58488E-5 3.92835E-5 5.67498E-5 2.94428E-5 2.10724E-5 1.32727E-5 4.05556E-6 1.27072E-6 5.06354E-6 5.11514E-5 5.73717E-5
2.14711E-10 3.20852E-8 5.70844E-8 2.68544E-7 3.72106E-10 3.24587E-8 5.80205E-7 5.80338E-6 1.11381E-5 1.0539E-5 3.078E-6 2.88355E-6 3.31138E-5 2.94825E-5 1.9118E-5 1.05193E-5 1.35943E-5 8.56726E-6 8.24908E-6 1.33419E-5 2.1848E-5 3.05523E-5 1.94424E-5 6.4373E-6 8.75296E-6 2.69615E-5 2.39523E-6 7.83869E-6 3.74969E-5 5.14381E-5 3.64024E-5 2.8178E-5 4.88054E-5 5.77182E-5 2.36486E-5 3.40971E-5 3.36973E-5 4.55648E-5 4.45375E-5 6.30617E-5 4.94332E-5 3.71013E-5 1.75672E-5 2.03797E-5 1.90911E-5 1.55863E-5 2.56356E-5 9.3517E-6 3.381E-5 3.82834E-5 4.6202E-5 5.06252E-6 4.03162E-5 2.57303E-5 7.08408E-7 1.97792E-5 3.41234E-5 2.90079E-5 1.32222E-5 2.30249E-5 1.07311E-5 2.48533E-5 6.89009E-5 7.12299E-5 7.07908E-5 4.78725E-5
5.4328E-11 5.74572E-9 5.69847E-9 1.60603E-7 2.72172E-8 2.23333E-8 8.40024E-8 2.13681E-6 8.71167E-6 2.15971E-6 2.44443E-6 4.91896E-6 1.42033E-5 8.50649E-6 4.67895E-6 2.56872E-7 1.04574E-5 8.42364E-6 9.68972E-6 1.02073E-5 1.45304E-5 2.52515E-5 2.8342E-5 2.44275E-5 1.98797E-5 1.25384E-6 1.17309E-7 8.09291E-6 4.23034E-7 3.81164E-5 3.01655E-5 2.17928E-5 3.72626E-5 2.5177E-5 4.60033E-5 4.46888E-5 2.72123E-5 4.59652E-5 5.47824E-5 5.52151E-5 4.66963E-5 3.68266E-5 3.25716E-5 9.50891E-6 1.34428E-5 2.90288E-6 2.7218E-5 4.45683E-5 2.76405E-5 4.65986E-5 1.54689E-5 2.46038E-6 4.14114E-6 1.22643E-6 3.79388E-5 2.83552E-5 2.23401E-5 2.09428E-6 1.54865E-5 3.63079E-5 4.53072E-5 7.95009E-5 1.22082E-4 1.89985E-4 1.2092E-4 8.70747E-5
2.34535E-10 7.61535E-10 1.66594E-10 8.12973E-9 6.09832E-9 5.52583E-8 1.90132E-7 7.83128E-6 1.02988E-5 3.71781E-6 2.00928E-7 8.22506E-6 1.6502E-5 1.70903E-5 1.15228E-5 5.93033E-7 3.82093E-6 4.02481E-6 4.38922E-6 8.07964E-6 1.25429E-5 1.94781E-5 2.17892E-5 1.93217E-5 3.37117E-6 1.72369E-6 1.06177E-5 5.78389E-6 1.792E-6 1.02006E-5 2.76241E-5 5.24421E-6 7.25428E-6 3.11938E-5 3.9153E-5 5.09107E-5 4.21846E-5 3.95242E-5 4.49237E-5 2.09128E-5 4.05313E-5 3.53377E-5 2.33826E-5 2.99685E-5 3.54922E-5 7.87197E-6 3.01765E-5 2.16765E-5 5.05913E-6 2.03746E-6 2.98424E-6 3.74476E-6 1.15045E-5 3.75086E-6 1.0025E-5 1.65703E-5 7.53902E-6 1.60032E-5 3.537E-5 4.38362E-5 3.36663E-5 7.61465E-5 1.00629E-4 1.08522E-4 7.38925E-5 9.42899E-5
2.07484E-11 1.49597E-10 5.36901E-9 2.42314E-9 1.26422E-8 1.25971E-7 9.43755E-7 6.25238E-6 1.8415E-5 1.67674E-5 8.13469E-6 1.17959E-6 1.19465E-5 2.35705E-5 1.9699E-5 3.37424E-6 1.04408E-5 8.72699E-6 7.85674E-6 8.26169E-6 1.07332E-5 1.32896E-5 1.56636E-5 7.14983E-6 4.57009E-6 8.28899E-6 2.27379E-6 1.35017E-5 1.11068E-5 1.05765E-5 1.77784E-5 6.32914E-6 1.58239E-6 2.05414E-6 5.92543E-6 3.41253E-5 3.18306E-5 2.99805E-5 3.34656E-5 3.46664E-5 3.07438E-5 1.86346E-5 2.53846E-5 2.91458E-5 3.56306E-5 5.78216E-6 3.98865E-6 1.04768E-5 1.27653E-5 4.93353E-6 3.83046E-6 1.67882E-6 2.21198E-6 5.00602E-6 1.00175E-5 4.10115E-6 1.3781E-5 1.70435E-6 2.51893E-5 6.43208E-5 6.11698E-5 7.86426E-5 9.95302E-5 9.93561E-5 9.47136E-5 9.03271E-5
1.98997E-9 3.24325E-11 1.34595E-10 3.9206E-10 2.92362E-7 2.06696E-7 1.51506E-8 3.18057E-7 6.41128E-6 2.74435E-5 2.66217E-5 1.75862E-5 3.3675E-5 2.86075E-5 1.95743E-5 2.98253E-6 7.00738E-6 7.36213E-6 7.97416E-6 6.96238E-6 8.43167E-6 9.51866E-6 1.08856E-5 1.03544E-5 1.13751E-5 1.12073E-5 8.94493E-6 2.15205E-6 2.21799E-5 1.89206E-5 1.48476E-5 1.80983E-5 1.05613E-5 4.28374E-7 8.66698E-7 1.68775E-5 3.13267E-6 2.40333E-5 2.5124E-5 2.64328E-5 2.16843E-5 1.60537E-5 2.95434E-5 2.23726E-5 2.13199E-5 9.96288E-6 4.27538E-6 2.70061E-7 2.56884E-5 3.92843E-5 2.76508E-5 1.47525E-5 2.46879E-6 1.49679E-6 2.19973E-5 6.55996E-6 5.4379E-5 5.38062E-5 2.73803E-5 3.63787E-5 5.00707E-5 7.91416E-5 7.08994E-5 7.80859E-5 1.03618E-4 1.04586E-4
3.4042E-9 2.25203E-9 2.79442E-9 2.12128E-10 2.08246E-8 9.43932E-9 3.77641E-9 6.18822E-7 1.5938E-5 3.61055E-5 3.66309E-5 4.15847E-5 4.32982E-5 3.90964E-5 1.07163E-5 1.20399E-7 4.30681E-6 1.04986E-5 8.88806E-6 8.24247E-6 6.5502E-6 6.79425E-6 5.05857E-6 6.28562E-6 8.19191E-6 8.40175E-6 1.12514E-5 1.58616E-5 2.09572E-5 3.85354E-5 3.55252E-5 5.56732E-5 5.68567E-5 3.40826E-5 4.42659E-5 3.77585E-5 2.85981E-5 2.52126E-5 2.01021E-5 2.0366E-5 1.79386E-5 1.76141E-5 1.47106E-5 2.01695E-5 8.6801E-6 2.19266E-6 1.2079E-5 7.57794E-6 5.89046E-6 3.04223E-5 2.70865E-5 1.43043E-5 1.51536E-5 2.61182E-5 3.16804E-5 2.56435E-5 4.53303E-5 6.87365E-5 3.24346E-5 2.72038E-5 4.0113E-5 6.58206E-5 9.22389E-5 1.11302E-4 1.49685E-4 1.7976E-4
4.22728E-10 3.23998E-9 9.61113E-7 9.17789E-9 5.06504E-10 8.84364E-8 2.83022E-8 1.3151E-5 3.67106E-5 2.40252E-5 3.40275E-5 4.84732E-5 5.62126E-6 3.20986E-5 1.5726E-5 9.30589E-7 1.56858E-5 1.38757E-5 9.44644E-6 8.47755E-6 5.90708E-6 4.10512E-6 4.59086E-6 3.12812E-6 4.27957E-6 1.04429E-5 1.05135E-5 1.37961E-5 1.85482E-5 3.02074E-5 3.69277E-5 1.66445E-5 3.25367E-5 4.45699E-5 1.83919E-5 2.14274E-6 7.66412E-6 1.57815E-5 1.95177E-5 2.09901E-5 2.17714E-5 1.96803E-5 9.38049E-6 1.34315E-5 7.35436E-7 1.55964E-7 1.08634E-7 5.89399E-7 2.66033E-6 4.24702E-6 1.56604E-5 2.50257E-5 3.57074E-5 3.02213E-5 5.77484E-6 6.87629E-6 3.17815E-5 2.76336E-5 2.22778E-5 3.0461E-5 3.97043E-5 1.10518E-4 1.2276E-4 1.24316E-4 1.94008E-4 2.10933E-4
7.25394E-10 9.44883E-9 5.34474E-8 2.04561E-8 6.7677E-7 5.9862E-8 1.32228E-7 1.1685E-6 4.74705E-5 2.09305E-5 1.2515E-5 3.7318E-5 2.15285E-5 6.45376E-6 4.50095E-6 2.27232E-6 1.09515E-5 1.39183E-5 1.11692E-5 8.26623E-6 6.85291E-6 5.58232E-6 4.40066E-6 3.2469E-6 4.73711E-6 8.31944E-6 9.69559E-6 1.22799E-5 2.00608E-5 2.40105E-5 3.76167E-5 1.31968E-5 2.53782E-5 1.35329E-5 1.77482E-6 9.65673E-6 2.92079E-6 3.10718E-7 9.67232E-6 3.07075E-5 3.11168E-5 2.90227E-5 1.20566E-6 1.54422E-6 6.14237E-8 5.09079E-8 9.80969E-6 6.9466E-8 7.94756E-7 4.46057E-6 1.6165E-5 2.34037E-5 1.63585E-5 2.39123E-6 3.29096E-6 3.85692E-5 7.15968E-5 1.76635E-5 2.44088E-5 3.84434E-5 4.48943E-5 7.85826E-5 1.62264E-4 1.75148E-4 2.36003E-4 1.01285E-4
4.49271E-9 1.47014E-10 2.44468E-8 1.10956E-7 2.32552E-9 2.46679E-8 1.776E-7 5.49508E-8 1.72429E-5 4.60226E-5 6.13466E-6 1.02378E-6 1.05677E-7 3.95638E-7 1.5357E-5 2.01171E-5 1.1679E-5 1.30511E-5 1.19958E-5 1.09401E-5 9.26637E-6 6.75031E-6 5.77352E-6 3.90434E-6 6.48012E-6 9.50098E-6 1.04437E-5 1.36866E-5 2.04106E-5 2.15903E-5 3.5097E-5 2.40359E-5 1.23247E-5 7.95138E-6 2.40114E-6 5.93569E-6 1.77652E-5 1.09448E-5 4.72559E-8 1.34568E-7 1.95749E-5 3.35714E-5 7.18312E-8 8.8877E-8 1.98185E-7 4.82797E-8 2.66296E-9 1.68069E-8 8.23711E-7 5.51527E-7 1.53114E-6 1.54825E-5 5.15024E-6 3.79682E-5 1.20935E-5 5.5747E-5 7.32372E-5 4.28324E-5 3.59355E-5 4.32876E-5 9.12854E-5 7.04253E-5 1.18926E-4 1.42244E-4 1.22891E-4 1.18777E-4
4.43084E-8 3.29118E-7 1.69017E-8 1.96146E-8 2.25575E-8 6.58651E-8 4.15132E-8 2.57895E-8 3.32475E-6 3.23539E-6 4.64578E-6 6.56594E-7 8.24595E-8 3.02666E-7 3.71107E-6 1.60557E-5 5.70156E-6 1.51792E-5 1.63737E-5 1.45274E-5 1.20258E-5 9.95104E-6 5.88655E-6 6.64279E-6 8.10178E-6 6.33685E-6 1.66453E-5 1.73081E-5 2.91827E-5 2.42555E-5 2.97952E-5 3.15854E-5 2.95551E-5 4.17458E-6 2.38481E-6 2.63093E-5 2.38078E-5 3.67332E-5 2.22346E-6 4.44654E-7 5.56277E-5 2.40218E-5 3.04887E-5 2.06681E-7 2.07648E-8 8.90856E-10 5.36581E-9 2.24966E-5 7.99547E-6 9.10481E-7 4.46518E-6 8.52335E-6 1.44569E-4 4.60245E-5 2.73888E-5 5.36412E-5 9.03057E-5 4.55184E-5 5.28543E-5 6.35255E-5 1.18086E-4 1.35256E-4 1.91892E-4 2.05259E-4 1.14888E-4 1.24914E-4
8.76503E-8 3.10218E-7 1.77744E-7 1.31997E-8 5.85721E-8 2.55177E-6 5.40221E-7 1.12833E-7 1.06506E-7 1.70204E-6 2.54447E-6 7.72993E-6 5.8177E-9 4.21369E-7 1.16496E-5 2.79871E-6 1.25687E-5 1.60324E-5 2.13992E-5 1.84561E-5 1.54281E-5 1.49214E-5 9.93624E-6 1.10642E-5 6.82547E-6 8.65239E-6 2.26282E-5 1.95835E-5 2.0101E-5 3.54023E-6 1.51809E-5 3.59027E-5 4.81313E-5 4.02936E-5 2.0423E-6 6.60474E-6 1.15934E-5 3.7811E-5 2.68534E-5 1.76243E-8 6.09314E-6 9.42613E-6 1.68604E-6 3.62157E-5 2.19534E-5 2.92275E-9 9.71637E-11 9.70059E-6 5.19775E-6 1.35719E-5 6.64891E-5 1.16851E-4 7.87412E-5 5.16734E-5 3.26938E-5 1.67535E-5 4.55626E-5 4.12977E-5 8.20979E-5 9.87557E-5 1.17087E-4 1.71563E-4 1.95964E-4 1.59083E-4 1.23586E-4 1.03893E-4
4.38545E-7 1.42061E-6 2.06178E-6 5.9658E-7 1.58649E-8 1.19972E-6 1.83913E-6 5.76594E-8 1.53974E-7 1.12986E-7 7.10088E-7 8.13009E-6 1.00471E-7 2.1037E-7 1.74365E-5 5.07887E-6 3.4402E-6 3.34026E-5 9.93963E-6 2.44881E-5 3.01392E-5 1.47055E-5 1.30546E-5 1.22271E-5 1.67956E-5 1.81794E-5 1.75732E-5 1.81495E-5 2.3724E-5 1.99979E-5 2.83968E-5 4.23732E-5 4.80502E-5 5.5212E-5 2.74842E-6 3.86252E-6 5.91074E-5 5.37882E-5 6.77277E-5 1.564E-6 1.84966E-7 2.42769E-6 8.40027E-8 5.28971E-6 4.08573E-6 7.37692E-8 1.44903E-9 7.744E-6 1.0119E-5 6.29723E-5 6.54067E-5 6.13539E-5 1.37704E-5 8.59764E-5 6.19297E-5 1.17907E-5 2.07073E-5 5.74675E-5 8.92198E-5 9.99976E-5 1.4052E-4 1.16805E-4 1.66263E-4 2.02729E-4 8.53983E-5 9.33798E-5
1.85641E-7 1.12099E-7 1.34578E-8 1.7778E-8 1.6753E-7 1.16052E-8 4.58608E-7 1.75137E-6 3.00917E-6 1.098E-5 2.2315E-7 1.57075E-5 3.28572E-7 1.42318E-6 8.75651E-7 6.27803E-7 2.00832E-6 3.72701E-5 1.08171E-5 1.02921E-6 2.4936E-5 2.44835E-5 1.56282E-5 1.58623E-5 1.95977E-5 1.74932E-5 1.60652E-5 1.68846E-5 1.932E-5 3.02086E-5 4.95622E-5 3.39936E-5 5.81657E-5 6.65199E-5 1.52323E-5 9.81492E-6 2.88527E-5 5.42588E-5 6.08262E-5 7.27825E-5 1.16276E-5 2.13812E-5 7.37034E-6 4.56441E-6 2.39926E-5 1.39072E-6 3.23261E-9 2.51541E-5 3.977E-5 7.67839E-6 4.23201E-5 4.75049E-5 3.37357E-5 6.16028E-5 8.55771E-5 3.41731E-5 3.85469E-5 7.78076E-5 8.75797E-5 9.2346E-5 1.82203E-4 1.53924E-4 1.09157E-4 1.76893E-4 1.36081E-4 1.98098E-4
5.2372E-9 1.0064E-9 2.61479E-9 6.40046E-9 1.5723E-7 1.1677E-7 1.91141E-6 8.0348E-8 1.42722E-7 1.56022E-5 8.65974E-6 5.61222E-7 9.09661E-8 1.20137E-6 2.16683E-6 7.67962E-7 1.66774E-6 2.424E-5 4.16314E-5 1.4755E-5 2.36873E-5 2.6604E-5 1.3465E-5 1.17827E-5 1.24716E-5 1.09556E-5 1.8935E-5 2.42083E-5 3.02299E-5 3.35854E-5 4.28366E-5 3.7543E-5 4.99219E-5 6.66383E-5 1.81144E-5 1.39415E-6 6.46719E-6 9.64032E-6 8.06733E-6 5.47016E-5 1.77502E-5 1.24117E-5 1.39347E-6 3.16477E-6 9.59309E-6 5.11174E-6 6.55919E-7 1.34992E-5 2.44079E-5 5.12186E-6 2.5979E-5 3.08291E-5 2.38977E-5 2.17667E-5 5.82575E-5 6.5123E-5 1.33639E-4 2.0474E-4 1.68528E-4 2.61229E-4 2.38405E-4 1.32818E-4 4.91332E-5 1.10822E-4 1.02338E-4 1.2373E-4
2.69699E-7 8.92805E-7 7.78841E-7 3.87888E-9 7.30775E-9 1.68341E-5 1.81776E-5 2.45904E-6 2.27461E-6 6.27519E-6 3.6291E-6 1.09094E-6 1.33565E-6 3.05416E-7 8.59345E-7 1.67575E-6 3.69924E-6 3.81061E-5 4.22891E-5 1.27767E-5 2.30674E-5 1.60205E-5 1.15796E-5 1.08195E-5 1.29193E-5 1.46226E-5 2.10109E-5 3.14743E-5 3.52816E-5 3.4527E-5 4.47277E-5 3.71699E-5 4.45938E-5 5.03716E-5 2.91764E-5 1.63122E-6 1.50705E-5 1.0801E-5 1.33618E-5 7.50335E-6 2.71665E-6 2.20594E-6 3.27838E-7 4.47405E-6 2.32257E-6 3.45614E-6 4.4455E-6 2.20725E-5 1.49451E-5 1.53457E-5 1.9491E-5 1.94429E-5 2.11744E-5 6.93523E-6 3.84539E-5 7.95358E-5 1.49411E-4 2.68531E-4 1.09861E-4 2.71097E-4 2.62041E-4 1.91078E-4 1.0594E-4 8.0699E-5 1.36327E-4 9.74758E-5
1.11074E-5 1.49205E-5 1.34939E-5 8.54304E-6 5.05379E-9 1.17112E-5 1.08181E-5 3.18671E-6 4.00892E-6 7.89419E-7 5.79688E-7 9.12432E-6 1.17413E-6 1.29892E-6 5.5107E-6 4.56747E-7 2.64952E-7 1.33888E-6 2.89813E-5 2.13714E-5 1.43164E-5 1.61025E-5 1.35594E-5 9.81174E-6 1.53758E-5 2.05845E-5 3.07838E-5 3.26744E-5 4.32417E-5 7.79754E-5 7.88439E-5 4.15305E-5 3.5743E-5 2.00576E-5 1.41179E-5 1.65976E-6 1.10518E-5 5.57818E-7 3.30559E-6 1.5957E-5 1.53197E-5 1.32833E-5 4.03124E-7 6.53157E-6 4.70226E-6 7.60537E-6 9.73905E-6 4.09503E-5 2.79148E-5 3.24815E-5 1.23132E-5 2.00507E-5 3.02769E-5 3.09892E-5 3.36166E-5 7.12483E-5 1.10415E-4 2.3471E-4 8.67336E-5 1.01596E-4 1.36372E-4 1.16705E-4 6.80824E-5 6.88798E-5 1.32749E-4 1.20439E-4
4.24162E-6 4.02794E-6 1.63928E-5 1.62637E-5 1.73922E-5 2.88887E-5 3.42443E-5 1.16876E-6 2.44904E-6 5.60843E-7 8.78033E-9 1.0441E-8 1.44684E-8 1.11823E-6 1.86136E-6 9.57774E-7 8.88979E-6 1.24488E-5 1.33058E-5 1.53097E-5 1.09477E-5 1.37971E-5 1.14863E-5 8.54254E-6 8.78166E-6 2.59361E-5 3.41401E-5 5.02518E-5 5.36142E-5 1.01408E-4 2.33165E-5 6.30302E-5 4.61181E-5 2.35924E-6 8.55749E-7 8.26456E-6 9.29386E-6 2.15144E-5 2.98716E-5 1.40786E-5 3.48146E-5 6.29598E-6 1.12232E-5 4.24956E-5 1.23176E-5 3.58361E-6 7.85086E-6 3.26668E-5 4.97468E-5 1.12193E-5 4.42117E-6 2.76564E-5 3.55983E-5 3.46108E-5 3.26638E-5 6.93433E-5 7.18127E-5 8.8226E-5 5.52057E-5 4.97883E-5 1.10698E-4 8.78065E-5 1.27703E-4 8.18841E-5 1.50601E-4 1.0448E-4
1.53126E-5 1.44981E-5 1.894E-5 2.23306E-5 1.94646E-5 2.6706E-5 2.72707E-5 2.94035E-6 5.03481E-7 3.69416E-7 2.43517E-7 1.0722E-8 1.52642E-7 4.30868E-7 2.15627E-6 6.36555E-6 3.02672E-6 4.5906E-7 1.28849E-6 4.10519E-6 1.5271E-5 1.19515E-5 1.33225E-5 9.76704E-6 9.36948E-6 8.91375E-6 1.65749E-5 7.48716E-6 2.10055E-6 2.02857E-5 4.86537E-5 4.71568E-5 6.42913E-5 1.83253E-5 1.90766E-6 5.01538E-6 2.18979E-6 1.59303E-5 1.9444E-6 1.98182E-5 1.25725E-5 3.50386E-5 1.27482E-6 8.76017E-7 4.00279E-6 2.80858E-6 4.79249E-6 6.29369E-5 4.38215E-5 3.21251E-5 1.0653E-5 3.76254E-5 4.37075E-5 7.12841E-5 3.97832E-5 6.67746E-5 8.95835E-5 4.04949E-5 3.13351E-5 6.24541E-5 1.03245E-4 8.78549E-5 1.32265E-4 1.22549E-4 1.97328E-4 1.93079E-4
2.2487E-5 2.55633E-5 1.00258E-5 1.19982E-5 3.09056E-5 1.85394E-5 2.48691E-5 4.10593E-5 5.0594E-6 8.07851E-8 1.19151E-8 4.47248E-8 1.63151E-7 3.17639E-7 6.90308E-8 1.59172E-6 7.89212E-7 1.69914E-5 3.53685E-6 2.08709E-6 1.38313E-5 9.40509E-6 9.27573E-6 6.59539E-6 1.2394E-5 6.34052E-6 2.45226E-6 1.93778E-6 2.1007E-5 5.43588E-5 6.52259E-5 7.56809E-5 4.48914E-5 2.40403E-5 2.03409E-5 1.74815E-6 3.5193E-6 6.65372E-6 4.78772E-7 4.0973E-5 6.76296E-5 2.10836E-5 4.14979E-6 8.25236E-7 1.13919E-5 2.8382E-6 7.94508E-5 7.39446E-5 2.88626E-5 4.95513E-5 4.06816E-5 5.91923E-5 7.38623E-5 8.03372E-5 6.74682E-5 7.19911E-5 8.40325E-5 1.02962E-4 8.16567E-5 1.25492E-4 1.18207E-4 9.22539E-5 1.10417E-4 1.20518E-4 3.27599E-4 2.57313E-4
