catData/rasterBestHybridModels/Pbengalensis/RD_BM01_RM1_L/Pbengalensis_max.asc
ncols         409
nrows         350
xllcorner     60.897278365
yllcorner     5.843756025
cellsize      0.0892857
NODATA_value  -9999
[rows 203 to 231 of 350, columns 198 to 263 of 409]
5.47597E-5 5.59872E-5 4.91715E-5 4.08321E-5 3.91694E-5 1.49546E-5 5.85769E-5 4.11413E-5 1.31809E-5 1.78718E-5 4.38271E-6 2.23284E-6 1.30438E-6 2.61493E-7 3.32916E-7 7.24252E-7 4.46169E-6 1.03905E-5 4.86401E-6 1.9814E-6 2.01282E-5 2.55553E-5 1.21623E-5 1.3844E-5 8.9674E-6 4.99347E-6 3.00017E-5 4.85575E-5 4.84145E-5 7.15928E-5 7.83896E-5 7.48829E-5 7.53568E-5 7.45028E-5 9.05498E-6 1.03922E-6 2.02836E-5 2.13661E-5 4.09862E-5 1.29047E-4 1.26241E-4 6.86595E-5 2.48426E-6 1.01056E-5 3.04338E-5 1.39058E-4 1.25634E-4 7.15634E-5 9.19439E-5 7.928E-5 6.55131E-5 7.87468E-5 1.0542E-4 2.24121E-4 1.76468E-4 5.19488E-5 3.44529E-5 9.48783E-5 1.00585E-4 1.07978E-4 1.24507E-4 1.80336E-4 1.93336E-4 1.79098E-4 4.787E-4 3.05253E-4
2.29662E-5 1.26221E-5 3.88565E-5 7.93023E-5 5.07422E-5 5.22187E-5 3.74067E-5 2.56352E-5 4.87702E-5 2.60458E-5 1.31274E-5 4.80876E-7 3.91485E-7 1.72657E-6 6.99107E-6 3.11282E-6 4.38228E-7 1.10209E-5 1.5044E-5 2.52455E-6 2.37231E-6 7.02293E-6 1.42619E-5 8.45976E-6 1.67761E-5 2.40865E-5 3.54591E-5 5.51375E-5 7.70596E-5 1.19403E-4 2.8151E-5 5.10198E-5 5.96274E-5 6.35351E-5 4.45244E-5 5.00128E-5 5.92745E-5 1.19846E-4 1.12445E-4 1.86687E-4 7.79513E-5 1.14307E-5 3.72423E-7 1.39933E-5 1.38217E-4 8.16005E-5 1.17818E-4 9.17486E-5 1.06078E-4 9.47163E-5 8.54277E-5 1.09126E-4 1.42923E-4 1.56586E-4 1.10587E-4 9.98777E-5 1.00494E-4 1.18543E-4 1.38205E-4 6.78915E-5 1.19412E-4 1.78563E-4 1.41262E-4 1.26846E-4 1.54746E-4 1.6915E-4
3.54653E-5 6.06325E-6 1.25982E-5 6.99242E-5 7.75131E-5 5.30902E-5 5.54024E-5 5.68123E-5 3.35731E-5 3.40139E-6 3.80532E-5 4.92901E-6 4.37907E-7 4.63615E-6 8.14505E-7 1.05802E-5 3.01173E-6 3.05463E-7 3.17419E-6 7.94727E-6 9.85121E-6 7.45908E-6 5.71351E-6 1.18819E-5 6.14161E-6 4.11924E-5 3.3799E-5 6.7152E-5 1.00766E-4 1.96465E-4 8.58142E-5 7.00539E-5 6.24111E-5 5.31764E-5 4.74551E-5 4.29089E-5 4.27677E-5 6.8965E-5 8.00837E-5 9.61846E-5 5.04104E-5 5.62643E-5 7.20004E-6 4.29698E-5 1.25263E-4 3.7888E-5 1.84316E-5 2.14544E-5 8.4944E-6 9.49196E-5 1.17535E-4 1.75314E-4 1.05216E-4 5.76702E-5 5.68198E-5 7.94332E-5 9.158E-5 2.25868E-4 2.26714E-4 9.93506E-5 1.03116E-4 1.73537E-4 1.71439E-4 1.30347E-4 1.40987E-4 1.75845E-4
2.56291E-5 8.49713E-6 3.28025E-5 5.20827E-5 3.96115E-5 1.9198E-5 3.55197E-5 1.81042E-5 6.86243E-5 6.60853E-5 2.8597E-5 1.95251E-5 1.17671E-5 2.34558E-6 1.51805E-6 8.05725E-7 5.48268E-7 1.69134E-6 1.33108E-6 8.56157E-6 6.63725E-6 9.82614E-6 5.23996E-6 2.66021E-6 2.15803E-5 6.23933E-5 5.76462E-5 1.08652E-4 1.37715E-4 2.80559E-4 1.23426E-4 8.46908E-5 4.98332E-5 4.82744E-5 3.81486E-5 4.19461E-5 4.4793E-5 4.98017E-5 6.95033E-5 4.62248E-5 3.01192E-5 4.98545E-5 7.11675E-5 5.92544E-5 9.31416E-5 2.22685E-6 2.65317E-6 6.12401E-5 6.91474E-5 1.06649E-4 1.29469E-4 7.21597E-5 9.55769E-5 9.15242E-5 1.17985E-5 6.71493E-5 8.51542E-5 1.56734E-4 1.964E-4 1.85147E-4 1.27278E-4 1.54871E-4 2.67822E-4 1.61705E-4 1.1686E-4 -9999
2.02382E-5 2.33618E-5 5.50016E-5 1.03267E-5 6.75847E-6 1.13353E-5 1.61623E-5 5.70209E-5 6.01583E-5 5.19074E-5 6.4483E-6 3.18974E-5 8.40366E-6 6.36793E-6 2.75272E-6 1.49354E-6 1.22775E-6 1.39477E-5 5.48425E-6 8.91054E-6 1.29035E-6 9.78443E-6 4.29752E-6 1.30059E-5 6.76915E-6 6.23571E-6 1.42793E-5 8.00852E-5 1.02731E-4 1.83991E-4 1.21559E-4 8.10318E-5 3.22086E-5 4.0915E-5 4.45751E-5 4.98631E-5 4.98345E-5 4.59131E-5 6.03331E-5 4.12697E-5 4.12562E-5 4.97808E-5 4.79588E-5 6.75924E-5 4.73043E-5 5.79427E-6 4.68374E-5 8.94042E-5 6.72683E-5 1.08056E-4 1.1552E-4 1.18491E-4 1.10822E-4 1.17879E-4 3.49935E-5 2.81222E-5 3.3694E-5 1.23386E-4 1.54168E-4 1.52954E-4 1.00137E-4 1.20741E-4 7.1913E-5 1.41984E-4 -9999 -9999
3.76E-5 1.83978E-5 4.51107E-6 1.11775E-5 1.32216E-6 4.84831E-5 3.44001E-5 4.43677E-5 3.22043E-5 5.36501E-5 2.67558E-5 1.91998E-5 2.84338E-6 7.19431E-7 1.02613E-6 5.1709E-6 3.60441E-6 4.67513E-6 8.64302E-6 5.37357E-6 2.51918E-6 1.26672E-6 1.91718E-5 2.37412E-5 2.33507E-5 1.71861E-6 2.11045E-7 1.279E-5 5.66622E-5 4.51657E-5 8.19741E-5 4.57524E-5 1.88898E-5 3.9486E-5 5.18442E-5 6.32563E-5 7.38696E-5 7.49378E-5 6.97327E-5 5.22018E-5 5.41646E-5 7.67833E-5 6.03235E-5 5.32438E-5 4.81244E-5 1.07658E-5 5.87679E-5 7.50379E-5 1.01152E-4 1.03774E-4 1.11867E-4 1.12744E-4 1.08707E-4 1.00764E-4 1.09456E-4 6.94842E-5 1.35314E-4 1.11708E-4 8.67757E-5 1.18966E-4 7.61716E-5 9.18305E-5 1.14237E-4 -9999 -9999 -9999
2.33127E-5 1.67852E-5 2.2567E-5 1.41869E-5 9.27121E-6 9.1412E-6 5.32307E-5 3.56997E-5 4.52536E-5 2.0778E-5 3.28191E-5 3.49767E-5 2.85072E-6 1.95081E-6 7.29728E-7 9.09042E-6 3.71526E-6 2.90307E-6 1.38117E-5 8.22912E-6 1.10205E-5 7.18198E-6 8.49953E-6 2.30826E-5 3.07871E-5 1.58185E-5 2.85337E-5 4.72925E-6 4.08799E-6 1.48706E-5 5.76956E-5 5.1202E-5 2.34326E-5 3.67097E-5 5.4392E-5 7.05549E-5 8.58021E-5 1.16313E-4 7.63588E-5 7.60527E-5 7.97928E-5 1.28749E-4 8.67053E-5 4.54398E-5 2.07879E-5 8.52764E-6 5.17544E-5 6.08585E-5 8.77642E-5 1.0211E-4 1.15531E-4 1.32967E-4 9.10674E-5 7.35204E-5 8.6326E-5 1.11213E-4 1.10434E-4 1.06041E-4 1.02976E-4 1.23184E-4 7.3747E-5 1.52481E-4 -9999 -9999 -9999 -9999
6.76903E-6 4.33043E-5 4.09179E-5 1.88022E-5 3.95326E-6 4.57438E-6 1.33194E-6 3.37872E-6 4.0866E-5 2.32674E-5 3.28319E-5 3.35513E-5 2.40586E-5 7.36271E-6 4.52205E-6 3.92022E-6 3.38911E-6 2.83307E-6 1.43223E-6 1.1102E-5 1.20619E-5 2.16522E-5 4.12676E-6 2.08975E-5 1.33758E-5 3.59061E-5 2.82592E-5 2.82031E-5 2.64686E-5 2.98473E-5 5.7672E-5 3.03955E-5 3.6292E-5 3.93444E-5 1.72608E-5 3.76044E-5 7.40427E-5 8.65455E-5 7.938E-5 1.14897E-4 1.59837E-4 1.13406E-4 7.31224E-5 5.85442E-5 3.4502E-5 2.98707E-5 7.46738E-5 8.30272E-5 7.81785E-5 8.52562E-5 9.5896E-5 1.27226E-4 6.40412E-5 5.31834E-5 3.57806E-5 7.25271E-5 1.1024E-4 9.31448E-5 1.48068E-4 9.80642E-5 8.85985E-5 -9999 -9999 -9999 -9999 -9999
1.49924E-6 4.34093E-5 6.49341E-5 4.25918E-5 6.19989E-6 3.42291E-6 1.39046E-7 3.51237E-6 1.35932E-5 3.9536E-5 3.90025E-5 4.79457E-5 1.86048E-5 2.81353E-6 1.1104E-5 3.68291E-6 1.11055E-7 3.12795E-6 6.25169E-6 1.24576E-5 2.75345E-5 1.73329E-5 2.48786E-5 2.36734E-6 8.05876E-6 4.09678E-5 3.88736E-5 3.34376E-5 1.44013E-6 1.43422E-6 2.00102E-6 8.96777E-6 1.8382E-5 3.70998E-5 3.83256E-5 6.14453E-5 6.29636E-5 6.79824E-5 8.77964E-5 1.36427E-4 1.68507E-4 8.90017E-5 8.82791E-5 1.90109E-5 2.69932E-5 7.82684E-5 9.05303E-5 9.70222E-5 1.00354E-4 8.97655E-5 1.30255E-4 1.12804E-4 8.9821E-5 9.70368E-5 5.83415E-5 6.67984E-6 8.60224E-5 8.47638E-5 1.07786E-4 1.30207E-4 -9999 -9999 -9999 -9999 -9999 -9999
2.1538E-6 9.12662E-6 8.09509E-6 5.95052E-6 2.82684E-6 2.97803E-7 7.86225E-7 4.3217E-7 7.26603E-6 2.77762E-5 5.25593E-5 6.22389E-5 2.83584E-5 1.63064E-5 4.82305E-6 2.76625E-6 7.9049E-7 4.81568E-6 1.28956E-5 2.83939E-5 2.50731E-5 1.59438E-5 1.08993E-5 3.26902E-5 2.28524E-5 1.82398E-5 2.58875E-5 2.8511E-5 2.47931E-6 5.7285E-8 1.26415E-8 4.45988E-7 1.66729E-6 8.1684E-6 1.13628E-5 4.47191E-5 4.622E-5 9.18619E-5 7.24271E-5 1.27753E-4 1.30203E-4 1.00132E-4 1.18567E-4 7.97719E-5 9.01981E-5 9.37759E-5 1.34591E-4 1.46077E-4 1.41682E-4 1.2514E-4 1.49269E-4 7.6902E-5 3.27663E-5 9.02682E-5 6.78095E-5 8.35854E-5 6.95865E-5 6.36215E-5 -9999 -9999 -9999 -9999 -9999 -9999 -9999 -9999
2.71678E-5 1.63665E-5 6.49944E-8 2.23005E-8 2.04835E-7 1.79794E-6 1.57675E-7 3.57044E-8 6.24887E-7 3.44983E-6 1.74394E-5 8.74453E-5 2.53942E-5 1.59063E-6 1.61413E-6 5.08049E-6 1.55464E-6 1.43895E-5 1.0298E-5 7.97228E-6 3.21586E-5 2.52352E-5 3.92591E-5 5.05186E-5 2.55642E-5 2.05244E-5 8.20806E-6 6.13998E-6 7.87077E-6 3.09514E-6 7.6561E-7 1.61962E-7 3.77694E-6 1.13442E-5 2.17425E-5 2.15433E-5 7.81777E-5 7.6271E-5 1.49018E-4 1.58783E-4 2.28406E-4 1.73962E-4 1.30031E-4 7.27648E-5 1.09631E-4 1.37199E-4 1.918E-4 2.29431E-4 1.6227E-4 1.01076E-4 7.4995E-5 6.53289E-5 8.15802E-5 8.3194E-5 1.0653E-4 9.01186E-5 -9999 -9999 -9999 -9999 -9999 -9999 -9999 -9999 -9999 -9999
2.41673E-6 2.69678E-6 3.53054E-6 1.18717E-6 3.71866E-8 7.52347E-7 6.81862E-8 9.56176E-8 1.53904E-7 7.13396E-8 1.88321E-6 1.14204E-5 1.49253E-6 2.14012E-6 4.66235E-6 9.78493E-6 8.00991E-6 7.33875E-6 7.90272E-6 8.15235E-6 5.81474E-6 3.56518E-5 8.6358E-5 8.05298E-5 3.84072E-6 1.78443E-5 5.61856E-6 1.45597E-5 3.37733E-5 3.39984E-5 2.16505E-6 1.58385E-7 8.38279E-7 1.4691E-5 7.75122E-6 8.15517E-5 9.35971E-5 1.53345E-4 2.01626E-4 2.70544E-4 3.13212E-4 1.72432E-4 9.31856E-5 9.05817E-5 1.26268E-4 1.48096E-4 2.14572E-4 2.42011E-4 1.23188E-4 9.97552E-5 4.29887E-5 8.32132E-5 8.84365E-5 7.41479E-5 9.32201E-5 -9999 -9999 -9999 -9999 -9999 -9999 -9999 -9999 -9999 -9999 -9999
1.82136E-8 9.32378E-8 1.66147E-6 2.01191E-6 4.82635E-7 3.93428E-7 7.99252E-7 1.6018E-7 3.87312E-8 1.81175E-6 4.13457E-6 3.17685E-6 2.28181E-6 3.87195E-6 2.96449E-5 1.51923E-5 1.26276E-5 8.54118E-6 3.23547E-5 1.47797E-5 9.84247E-6 3.86189E-5 5.42007E-5 6.15408E-5 2.26961E-5 8.47079E-6 1.77047E-6 1.65616E-5 2.52796E-5 2.07557E-5 6.80458E-6 9.23966E-8 2.91665E-6 1.07337E-5 5.20179E-5 9.00945E-5 1.28653E-4 1.41124E-4 2.23041E-4 2.23271E-4 1.83231E-4 1.01982E-4 1.04574E-4 1.10226E-4 1.62407E-4 1.74353E-4 1.3883E-4 1.17011E-4 1.23649E-4 1.16827E-4 9.26003E-5 1.11382E-4 9.47655E-5 1.20317E-4 1.05835E-4 -9999 -9999 -9999 -9999 -9999 -9999 -9999 -9999 -9999 -9999 -9999
1.49388E-6 3.51481E-6 1.33218E-6 8.53002E-6 1.87751E-5 2.82797E-5 3.61908E-6 9.30657E-8 4.62151E-7 2.69487E-7 8.38989E-7 7.05517E-7 9.37365E-6 1.99902E-5 2.60594E-5 3.35451E-5 7.97001E-6 3.13204E-5 3.13929E-5 1.15399E-5 4.99241E-6 6.24942E-6 6.67028E-6 4.17254E-6 1.20438E-5 7.69109E-6 2.6468E-6 2.7915E-6 1.59885E-5 1.15909E-6 5.53324E-7 1.69543E-7 1.25812E-5 7.62903E-5 1.50516E-4 2.46849E-4 1.65139E-4 1.73512E-4 1.34824E-4 1.76917E-4 1.20403E-4 1.35224E-4 1.81387E-4 2.88918E-4 2.77322E-4 1.35929E-4 9.88928E-5 6.8416E-5 1.16689E-4 1.14566E-4 9.8322E-5 1.15977E-4 1.49169E-4 1.06835E-4 -9999 -9999 -9999 -9999 -9999 -9999 -9999 -9999 -9999 -9999 -9999 -9999
3.91804E-6 4.02666E-5 1.55822E-5 1.18284E-5 3.22581E-6 1.02301E-5 2.57298E-5 2.59187E-7 4.99243E-7 4.06349E-7 1.17305E-5 9.49674E-7 2.18011E-6 2.01619E-5 1.01951E-5 9.31074E-6 8.43979E-6 3.93424E-5 7.01863E-6 7.48776E-6 4.14376E-6 1.20199E-6 5.05939E-6 6.81411E-6 3.35935E-6 7.44436E-6 2.24249E-5 2.91399E-6 3.27428E-6 3.57391E-5 1.3554E-6 1.66444E-6 4.9819E-5 1.50361E-4 3.29761E-4 3.739E-4 3.66939E-4 1.93469E-4 9.34667E-5 1.10624E-4 9.37757E-5 1.36181E-4 9.51415E-5 1.33604E-4 1.39227E-4 1.34922E-4 1.05015E-4 9.9751E-5 1.11982E-4 1.40252E-4 9.24114E-5 5.80252E-4 1.05872E-3 -9999 -9999 -9999 -9999 -9999 -9999 -9999 -9999 -9999 -9999 -9999 -9999 -9999
2.99905E-6 5.2887E-5 6.04704E-5 9.61622E-6 7.37791E-7 6.29927E-6 3.60465E-6 2.2442E-7 3.40537E-7 3.2017E-7 1.73027E-6 2.30633E-7 2.23441E-6 2.6467E-5 1.16915E-6 6.44371E-6 3.16305E-5 3.30541E-5 8.63876E-6 8.44064E-6 1.27677E-6 2.92455E-7 1.03224E-5 5.96848E-5 2.27812E-5 2.00934E-5 4.90867E-5 1.09961E-5 3.43384E-6 1.53124E-6 5.43046E-6 3.71253E-5 6.82427E-5 1.88406E-4 4.39784E-4 3.39643E-4 3.83914E-4 1.25095E-4 9.43687E-5 1.02402E-4 6.57719E-5 1.0456E-4 1.16326E-4 1.05075E-4 1.12131E-4 1.11334E-4 1.14603E-4 1.55443E-4 1.23235E-4 1.11856E-4 -9999 -9999 -9999 -9999 -9999 -9999 -9999 -9999 -9999 -9999 -9999 -9999 -9999 -9999 -9999 -9999
6.18956E-5 9.53292E-5 8.97863E-5 7.81502E-5 8.47287E-6 1.5645E-5 2.67256E-5 9.57784E-6 7.16274E-7 1.4847E-6 2.01138E-7 2.28571E-7 2.64184E-6 8.61791E-7 1.9365E-6 5.60896E-6 2.77578E-5 7.28261E-5 6.78341E-6 2.55353E-6 1.0693E-6 5.41245E-7 1.05564E-6 1.65185E-5 2.33137E-5 3.6928E-5 6.84716E-5 7.52024E-5 2.89346E-5 4.72231E-6 3.6562E-6 3.4023E-5 7.8426E-5 2.21368E-4 3.40643E-4 3.35395E-4 1.73806E-4 9.87262E-5 1.32546E-4 1.39786E-4 8.5884E-5 1.24401E-4 1.70888E-4 9.8034E-5 9.75063E-5 1.36922E-4 1.84431E-4 1.35538E-4 1.28539E-4 -9999 -9999 -9999 -9999 -9999 -9999 -9999 -9999 -9999 -9999 -9999 -9999 -9999 -9999 -9999 -9999 -9999
3.47804E-5 9.80306E-5 7.19503E-5 6.51608E-5 9.87323E-6 9.58065E-6 2.55512E-5 2.45609E-5 3.14552E-7 3.99883E-7 4.01634E-6 1.06662E-6 7.70898E-8 1.02601E-7 1.8689E-6 1.29009E-6 4.73609E-5 8.44213E-5 1.80323E-5 2.44137E-6 6.67223E-6 4.38509E-8 2.24892E-7 1.38125E-5 1.95857E-5 4.03322E-5 7.0021E-5 6.46877E-5 4.53416E-5 3.08178E-5 5.33434E-5 7.60376E-5 1.78607E-4 8.25633E-5 2.63218E-4 1.37296E-4 9.25768E-5 4.3078E-5 1.19087E-4 8.7847E-5 1.09018E-4 1.29002E-4 1.14568E-4 1.18146E-4 1.32019E-4 1.19718E-4 1.07495E-4 -9999 -9999 -9999 -9999 -9999 -9999 -9999 -9999 -9999 -9999 -9999 -9999 -9999 -9999 -9999 -9999 -9999 -9999 -9999
9.20432E-6 3.48136E-5 2.69615E-5 3.74742E-5 1.1022E-5 7.04512E-6 5.53559E-6 1.43635E-5 2.82392E-6 6.09181E-6 3.91871E-6 2.73615E-6 4.55671E-7 5.04424E-7 9.87906E-8 1.2032E-5 3.28436E-5 5.99466E-5 8.76404E-6 1.27498E-5 7.08712E-6 1.38991E-5 1.46667E-5 1.89777E-5 5.94025E-5 6.89953E-5 2.41971E-5 9.49724E-6 1.03651E-5 3.72235E-5 3.67928E-5 1.71837E-4 2.51167E-4 3.07494E-4 1.2927E-4 9.61051E-5 3.62809E-5 2.91833E-5 7.48984E-5 8.04143E-5 1.12034E-4 1.05675E-4 8.96808E-5 1.20356E-4 1.37786E-4 1.07999E-4 -9999 -9999 -9999 -9999 -9999 -9999 -9999 -9999 -9999 -9999 -9999 -9999 -9999 -9999 -9999 -9999 -9999 -9999 -9999 -9999
4.52542E-5 5.58018E-5 7.07015E-6 3.16409E-5 2.18257E-5 2.55462E-5 2.42945E-5 2.14121E-5 1.26112E-5 1.81154E-6 3.86575E-6 4.47803E-6 5.07428E-7 9.20433E-7 2.80508E-6 1.44421E-5 5.62933E-5 2.89106E-5 1.15412E-6 2.19338E-5 7.89197E-6 1.13413E-5 9.77117E-6 5.93558E-5 7.07238E-5 6.93891E-5 6.54944E-6 6.72398E-6 9.5389E-6 1.74769E-6 2.23118E-5 2.5304E-5 4.69359E-5 6.46258E-5 1.04936E-4 8.58207E-5 5.24833E-5 6.58888E-5 5.91762E-5 6.85039E-5 1.04844E-4 1.09086E-4 5.40915E-5 9.7931E-5 -9999 -9999 -9999 -9999 -9999 -9999 -9999 -9999 -9999 -9999 -9999 -9999 -9999 -9999 -9999 -9999 -9999 -9999 -9999 -9999 -9999 -9999
5.10894E-5 4.88329E-5 2.91556E-5 1.22044E-5 1.41097E-5 1.48985E-5 5.78666E-5 1.42595E-5 4.87349E-5 3.76753E-5 2.74145E-6 6.71787E-6 1.24172E-6 1.65939E-6 2.60071E-5 6.4831E-5 6.2957E-5 7.0157E-5 3.04652E-5 4.73511E-5 4.01256E-5 2.31863E-5 1.40277E-5 4.4046E-5 7.28204E-5 5.46675E-5 7.08203E-6 1.56279E-5 8.80997E-6 9.79803E-6 2.4009E-5 4.69782E-5 5.20478E-5 7.20346E-5 9.81652E-5 6.20294E-5 7.27852E-5 7.4351E-5 7.39738E-5 6.90088E-5 1.47536E-4 1.41461E-4 8.33367E-5 -9999 -9999 -9999 -9999 -9999 -9999 -9999 -9999 -9999 -9999 -9999 -9999 -9999 -9999 -9999 -9999 -9999 -9999 -9999 -9999 -9999 -9999 -9999
3.78147E-5 1.18172E-5 2.09371E-5 1.93898E-5 1.55426E-5 9.82187E-6 4.14423E-5 8.17686E-5 6.35488E-5 1.56029E-5 3.08324E-5 1.30044E-5 4.0012E-6 1.15823E-5 7.70299E-5 9.33138E-5 7.90657E-5 5.93038E-5 3.45304E-5 1.48462E-5 2.26572E-6 1.20532E-5 1.49143E-5 1.40666E-5 4.38746E-5 2.42314E-5 1.5676E-5 1.78979E-5 3.05635E-6 1.02853E-5 3.30197E-5 3.78516E-5 4.26025E-5 3.74194E-5 8.74927E-5 3.41687E-4 9.40436E-5 8.71767E-5 8.37596E-5 1.02022E-4 1.16618E-4 1.17742E-4 -9999 -9999 -9999 -9999 -9999 -9999 -9999 -9999 -9999 -9999 -9999 -9999 -9999 -9999 -9999 -9999 -9999 -9999 -9999 -9999 -9999 -9999 -9999 -9999
6.28994E-6 2.63257E-5 2.33601E-5 1.12595E-5 1.36033E-5 3.20872E-5 5.27322E-5 6.91761E-5 2.37972E-5 4.47865E-6 1.10172E-5 8.06368E-5 3.09468E-5 5.86288E-5 7.34917E-5 9.67729E-5 7.11045E-5 7.27567E-5 5.0346E-5 5.35928E-6 8.04888E-6 7.35469E-7 7.08571E-6 1.26167E-5 2.89896E-5 3.71383E-5 2.79459E-5 7.71678E-6 2.65217E-5 1.90698E-5 5.04037E-5 5.34601E-5 5.48736E-5 5.72354E-5 1.10929E-4 1.36993E-4 1.11181E-4 1.05587E-4 1.00818E-4 1.10086E-4 1.36611E-4 -9999 -9999 -9999 -9999 -9999 -9999 -9999 -9999 -9999 -9999 -9999 -9999 -9999 -9999 -9999 -9999 -9999 -9999 -9999 -9999 -9999 -9999 -9999 -9999 -9999
1.67711E-5 1.64797E-5 1.01331E-5 5.36284E-6 1.82287E-5 1.97474E-5 7.06499E-6 1.33458E-5 8.36426E-6 3.86896E-5 5.81385E-5 9.32499E-5 6.78217E-5 5.114E-5 5.37533E-5 5.86885E-5 4.21515E-5 4.60194E-5 5.8581E-5 8.66766E-6 6.35799E-6 9.00105E-7 2.76265E-5 3.89306E-5 2.21161E-5 2.19812E-5 6.24297E-5 4.77412E-5 6.13573E-5 3.16965E-5 2.31536E-5 4.24999E-5 4.53234E-5 1.01644E-4 1.22869E-4 1.1961E-4 1.05835E-4 1.47518E-4 1.38073E-4 1.27586E-4 1.26509E-4 -9999 -9999 -9999 -9999 -9999 -9999 -9999 -9999 -9999 -9999 -9999 -9999 -9999 -9999 -9999 -9999 -9999 -9999 -9999 -9999 -9999 -9999 -9999 -9999 -9999
2.78801E-5 1.13938E-5 5.95966E-6 6.23884E-5 3.47579E-5 8.53191E-6 3.27357E-6 1.12789E-6 2.58143E-5 6.04151E-5 7.84795E-5 4.78319E-5 3.3669E-5 3.31085E-5 3.09837E-5 2.37073E-5 2.16287E-5 1.10136E-5 5.37008E-5 1.02478E-5 1.13814E-5 5.22424E-6 4.91515E-5 4.15735E-5 1.0626E-5 5.4819E-6 1.96456E-5 4.19723E-5 1.00019E-4 8.74831E-5 7.72879E-5 8.34761E-5 1.16533E-4 1.07062E-4 1.24348E-4 1.13373E-4 8.62661E-5 1.15417E-4 1.31824E-4 1.2476E-4 1.47051E-4 1.53746E-4 -9999 -9999 -9999 -9999 -9999 -9999 -9999 -9999 -9999 -9999 -9999 -9999 -9999 -9999 -9999 -9999 -9999 -9999 -9999 -9999 -9999 -9999 -9999 -9999
5.71305E-6 9.90601E-6 6.64273E-6 2.96269E-5 3.41589E-5 4.61151E-6 1.03735E-5 7.53996E-6 2.24207E-5 3.81879E-6 5.52765E-6 6.40851E-6 8.46984E-6 3.0969E-5 4.7098E-6 8.02828E-6 1.74662E-5 2.06814E-5 3.22056E-5 1.03991E-5 1.16314E-5 6.47004E-5 1.96394E-6 1.94416E-5 2.44959E-5 1.00975E-5 2.1489E-5 7.74101E-5 1.23904E-4 1.09648E-4 1.13656E-4 1.13606E-4 1.13441E-4 1.32607E-4 1.22822E-4 1.50558E-4 1.11439E-4 1.15093E-4 1.08234E-4 1.32485E-4 1.69742E-4 9.29526E-5 1.18714E-4 -9999 -9999 -9999 -9999 -9999 -9999 -9999 -9999 -9999 -9999 -9999 -9999 -9999 -9999 -9999 -9999 -9999 -9999 -9999 -9999 -9999 -9999 -9999
1.23354E-5 2.89901E-5 1.95877E-5 3.19552E-5 1.43802E-5 9.80811E-6 2.36715E-5 5.26694E-5 1.02596E-5 6.66685E-6 1.38486E-5 2.91613E-5 7.08662E-6 2.22759E-5 2.83118E-6 6.39316E-6 1.58368E-5 5.31104E-6 7.00282E-6 1.43842E-5 8.43287E-6 6.22912E-5 2.17941E-5 8.16577E-6 1.25728E-5 2.00418E-5 7.888E-5 9.28972E-5 1.12974E-4 9.15491E-5 1.50174E-4 1.50628E-4 1.14487E-4 1.16612E-4 1.1029E-4 1.29571E-4 1.32112E-4 1.27938E-4 1.47814E-4 1.27736E-4 1.14131E-4 1.05815E-4 -9999 -9999 -9999 -9999 -9999 -9999 -9999 -9999 -9999 -9999 -9999 -9999 -9999 -9999 -9999 -9999 -9999 -9999 -9999 -9999 -9999 -9999 -9999 -9999
1.05295E-5 1.64007E-5 1.93038E-6 2.65062E-6 1.43231E-5 1.09979E-5 3.43636E-5 5.18654E-5 6.20656E-6 2.36696E-5 7.52675E-5 5.21695E-5 4.54608E-5 3.64812E-5 3.31786E-5 3.08267E-5 4.73539E-5 1.3118E-5 2.75385E-5 5.04075E-5 2.17367E-5 2.40843E-5 3.16363E-4 1.12492E-4 1.01364E-4 9.0172E-5 9.46739E-5 1.12221E-4 1.24962E-4 1.34797E-4 1.37521E-4 1.1807E-4 1.30677E-4 1.17168E-4 1.23593E-4 1.49201E-4 1.65047E-4 1.24571E-4 1.34377E-4 1.09232E-4 1.07251E-4 -9999 -9999 -9999 -9999 -9999 -9999 -9999 -9999 -9999 -9999 -9999 -9999 -9999 -9999 -9999 -9999 -9999 -9999 -9999 -9999 -9999 -9999 -9999 -9999 -9999
2.34671E-7 5.43645E-6 3.78272E-6 4.65641E-7 1.00189E-7 2.58555E-7 7.06043E-6 6.6647E-7 9.16097E-6 8.43739E-6 2.03705E-5 1.17698E-5 3.78287E-5 4.13848E-5 4.62379E-5 6.67345E-5 4.41242E-5 8.55968E-5 8.94988E-5 7.01939E-5 6.89001E-5 3.03613E-5 7.29444E-5 7.55188E-5 7.05134E-5 1.97661E-5 9.50149E-5 1.08534E-4 1.05166E-4 1.11461E-4 1.15414E-4 1.01394E-4 1.05416E-4 7.06968E-5 1.23346E-4 1.46913E-4 1.47245E-4 1.0234E-4 9.20416E-5 -9999 -9999 -9999 -9999 -9999 -9999 -9999 -9999 -9999 -9999 -9999 -9999 -9999 -9999 -9999 -9999 -9999 -9999 -9999 -9999 -9999 -9999 -9999 -9999 -9999 -9999 -9999
