catData/rasterBestHybridModels/Pbengalensis/RD_BM01_RM1_L/Pbengalensis_min.asc
ncols         409
nrows         350
xllcorner     60.897278365
yllcorner     5.843756025
cellsize      0.0892857
NODATA_value  -9999
[rows 145 to 173 of 350, columns 132 to 197 of 409]
1.69359E-5 3.20814E-5 1.87064E-5 3.87284E-5 3.30035E-5 2.12536E-5 4.63506E-5 7.81602E-6 2.27233E-5 2.0471E-5 1.91742E-6 2.82355E-8 1.22496E-6 1.57144E-9 2.60212E-8 4.27185E-6 3.45525E-5 5.40473E-8 6.58067E-8 2.60425E-7 6.72218E-7 5.25927E-6 8.81904E-6 1.59398E-5 9.39747E-6 2.72018E-5 3.60848E-5 1.74301E-5 3.92729E-5 6.16503E-6 3.65727E-5 1.95356E-5 2.29064E-5 1.73531E-6 2.81787E-7 2.50338E-5 7.99068E-6 3.45483E-6 5.18078E-6 1.85827E-5 2.22427E-6 2.66179E-6 1.2318E-6 3.09826E-7 3.44466E-7 1.17579E-6 1.23121E-8 2.908E-6 8.61185E-7 5.22566E-7 4.78088E-7 2.4282E-6 1.22705E-6 3.19303E-9 1.37907E-8 4.2691E-8 1.23259E-6 1.06257E-5 3.81752E-9 1.6757E-9 6.97115E-11 3.99865E-10 4.56823E-11 2.29923E-11 1.94925E-9 1.45904E-6
3.94143E-6 3.34594E-5 6.59687E-6 4.64073E-5 1.81545E-5 3.85199E-5 4.41821E-5 2.52195E-5 2.52635E-5 2.58998E-6 4.01912E-7 5.49352E-6 2.31492E-8 1.14307E-7 1.83628E-8 1.80314E-6 2.45988E-5 6.98769E-6 3.09118E-6 6.43476E-7 9.51425E-6 2.28451E-7 2.04356E-5 1.9238E-5 1.91916E-5 8.17689E-7 4.14209E-6 1.70955E-5 3.75296E-5 2.18046E-5 5.0298E-5 1.8313E-5 2.98516E-5 1.87811E-5 3.0592E-6 3.0363E-7 2.68998E-6 6.93675E-7 1.4081E-5 2.68245E-6 5.15394E-6 1.20406E-5 3.39117E-6 7.30711E-7 1.46942E-7 4.78206E-6 5.94994E-6 1.27633E-6 3.56427E-7 1.99612E-7 5.77552E-8 1.8058E-6 1.60733E-5 6.22479E-6 2.87826E-7 3.52045E-7 4.59673E-6 3.42896E-7 1.04531E-10 1.5211E-11 3.8288E-11 5.49346E-11 2.43429E-8 6.10346E-10 5.62862E-8 1.96415E-5
5.48095E-5 4.31466E-5 3.37799E-5 6.78294E-6 5.24646E-7 3.03433E-5 1.90827E-5 7.01651E-6 3.00928E-6 3.77178E-8 1.72646E-6 1.93193E-7 8.32435E-7 1.244E-8 1.10323E-7 1.0388E-6 1.71446E-5 2.37128E-5 2.38591E-6 1.6974E-6 7.63652E-6 5.32811E-6 2.97866E-7 2.40229E-6 1.6812E-5 1.76457E-6 3.2667E-5 3.97344E-5 4.05202E-5 4.60505E-5 9.70095E-6 2.01456E-5 1.07795E-5 5.4126E-7 1.88373E-8 1.20741E-6 1.5216E-5 7.7994E-7 6.36905E-6 7.00265E-6 5.43602E-6 2.00152E-5 2.38134E-5 3.64386E-5 5.98321E-6 6.75663E-9 3.86024E-7 8.32409E-8 9.44646E-6 2.35481E-7 4.48988E-8 9.84364E-8 4.45791E-6 7.02534E-7 4.85457E-6 1.02611E-5 3.10993E-6 2.71678E-8 7.17497E-10 1.54171E-9 3.88479E-10 1.57476E-7 1.95045E-7 1.57119E-8 4.36755E-6 3.19628E-6
4.92677E-5 1.37395E-5 7.0476E-8 1.80964E-6 1.8606E-6 7.98503E-6 1.83896E-6 7.3941E-7 1.06227E-5 9.82204E-7 1.50437E-6 2.81772E-6 4.20446E-7 3.74034E-7 8.23281E-7 7.62706E-7 2.01234E-5 3.1239E-5 1.37693E-5 4.44934E-6 2.41784E-5 3.01943E-6 9.01133E-7 3.4701E-7 3.47322E-6 8.89828E-6 3.90932E-5 3.85202E-5 1.16982E-5 5.49248E-7 7.101E-6 1.40183E-5 8.27323E-6 8.19549E-7 5.63048E-7 2.89026E-6 3.98125E-6 2.91874E-6 9.6146E-7 4.41374E-6 2.18766E-5 1.6511E-5 2.53259E-6 6.90475E-7 2.35684E-5 7.61044E-6 2.85895E-5 6.68764E-7 2.69772E-7 3.03759E-8 9.36793E-8 2.52074E-7 3.0571E-6 3.02391E-7 1.70474E-6 3.81996E-6 4.94387E-7 6.40718E-9 4.18881E-7 4.15037E-8 4.2619E-8 2.49323E-7 8.34761E-9 8.36467E-6 1.12514E-5 9.53237E-7
5.95747E-5 4.01276E-5 2.56042E-6 1.60841E-6 3.2226E-5 1.26684E-6 3.65116E-6 1.97213E-6 8.60922E-6 1.52979E-8 1.8522E-7 6.27531E-6 9.63786E-7 1.95076E-6 4.64674E-6 3.88024E-6 2.71047E-5 7.98396E-6 3.26077E-6 6.27263E-7 1.20694E-5 1.60966E-5 5.67331E-6 3.09258E-6 6.34058E-6 5.87616E-7 5.03108E-5 5.18586E-5 8.60667E-6 4.72741E-6 5.91418E-5 2.5212E-5 9.31559E-6 5.30506E-6 9.37764E-8 7.6918E-8 4.16347E-6 1.35024E-6 1.06216E-5 1.34918E-6 1.70336E-6 1.02952E-5 3.66199E-6 1.26437E-5 6.02511E-6 1.67592E-6 6.23567E-6 1.1137E-5 8.15798E-7 7.00469E-7 1.47246E-7 2.3651E-6 7.0868E-7 1.29739E-5 9.83451E-6 1.11016E-6 8.96849E-9 3.291E-11 6.82078E-11 3.49034E-10 3.64701E-10 1.0191E-7 1.31035E-7 1.83179E-5 4.65999E-6 5.4327E-8
5.69004E-5 5.5958E-5 9.59395E-6 2.41324E-5 2.903E-5 1.30503E-6 2.19755E-5 2.94383E-5 4.52871E-5 5.61851E-6 1.11516E-6 1.72101E-7 1.65539E-6 2.00625E-6 2.07961E-5 3.55571E-5 1.79199E-5 7.57153E-6 8.58997E-6 3.45945E-8 1.73912E-5 4.80975E-6 1.28603E-7 1.2878E-6 5.08352E-6 4.85077E-7 4.30931E-5 5.71358E-5 4.75749E-6 3.79293E-5 5.79972E-5 4.36016E-5 2.51892E-5 1.62758E-5 1.28627E-8 1.27811E-7 4.09759E-6 1.45138E-5 1.22298E-5 4.5473E-6 6.84052E-6 8.57551E-6 2.43272E-6 6.10905E-7 6.27021E-7 3.15749E-7 5.12735E-7 1.90592E-7 9.63295E-8 2.07926E-8 1.34474E-8 1.47553E-7 3.07733E-8 2.3474E-6 3.54883E-6 4.05119E-11 2.07419E-10 4.15099E-11 2.91108E-11 1.3161E-11 1.33397E-9 3.36742E-6 3.79228E-6 8.96907E-7 7.55329E-6 3.85866E-6
7.31839E-5 3.46279E-5 3.92329E-5 6.59526E-5 5.26769E-5 3.97412E-5 2.47157E-5 3.38942E-6 5.69433E-5 2.11119E-5 4.32491E-5 1.62137E-5 3.36403E-6 6.58039E-6 3.65601E-5 6.17383E-5 3.63212E-5 4.46678E-6 2.90414E-5 8.87662E-6 7.4016E-6 2.17193E-6 3.46737E-7 7.45642E-7 2.90611E-5 1.85924E-5 5.02428E-6 3.87519E-5 1.54395E-5 3.33802E-5 4.37147E-5 2.94862E-5 8.73902E-6 9.94067E-7 3.09132E-7 1.70586E-7 6.43756E-7 1.66638E-6 1.52002E-6 3.3648E-6 4.50371E-7 2.36316E-5 7.83629E-6 5.06425E-6 1.91212E-6 3.61057E-8 1.88582E-8 1.14554E-10 1.26097E-8 4.59227E-7 3.00499E-7 4.19476E-7 2.80313E-7 1.42502E-6 4.98219E-7 1.0409E-7 2.03861E-6 1.30201E-8 1.04193E-11 2.66444E-11 8.93267E-9 3.04965E-6 2.15014E-7 6.1297E-7 1.10753E-5 4.59537E-6
6.31141E-5 3.10916E-5 5.30291E-5 4.67715E-5 4.75085E-5 2.86099E-5 5.73496E-5 1.90542E-5 3.26765E-5 4.30031E-5 4.62712E-5 3.68349E-6 1.8684E-6 4.52579E-7 2.51603E-7 4.63192E-6 3.83365E-5 5.29523E-6 3.82381E-5 6.16648E-6 6.4461E-6 1.71487E-6 6.89813E-8 9.38481E-8 1.22925E-5 1.74414E-5 3.55243E-6 5.44419E-6 5.0027E-5 5.90694E-5 4.19119E-5 7.90745E-6 1.44612E-5 4.32354E-7 2.81676E-5 1.55808E-5 5.565E-7 1.2829E-7 1.57824E-5 9.26687E-7 1.27627E-5 8.8627E-6 1.5922E-5 2.76163E-5 7.76389E-8 7.77052E-9 5.56179E-7 1.10499E-7 8.36397E-8 2.50109E-7 1.49494E-7 4.34485E-7 4.32469E-8 5.22607E-6 5.35841E-7 4.68377E-8 8.70482E-7 9.21214E-8 3.02264E-11 2.08623E-11 1.27635E-6 1.27909E-6 1.13495E-7 3.40001E-6 1.46143E-6 2.0086E-7
6.70736E-5 3.93148E-5 5.15845E-5 3.43721E-5 3.89413E-5 2.7437E-5 1.09893E-5 2.65675E-5 1.30301E-6 5.21535E-5 1.40688E-5 2.46912E-5 2.06961E-5 1.17373E-6 9.54546E-6 3.84038E-6 2.38365E-5 4.6918E-6 1.96687E-5 2.57704E-6 2.67645E-7 6.71184E-7 3.1191E-7 7.48892E-7 4.26453E-6 3.8607E-6 6.34181E-5 1.25227E-5 6.44497E-5 4.69299E-5 1.2443E-5 9.70145E-6 3.82841E-6 3.50594E-8 2.564E-6 3.83331E-5 3.19126E-5 1.91196E-5 2.28206E-5 3.66856E-6 6.38418E-6 6.19239E-7 2.40829E-6 1.15662E-5 8.6707E-9 1.41017E-8 3.49553E-6 6.77361E-6 2.80226E-7 3.80599E-6 1.03838E-6 6.26079E-7 2.46407E-6 2.17098E-6 1.97603E-7 4.7515E-7 9.73874E-7 3.01116E-8 5.39202E-7 8.38783E-11 9.69437E-7 5.08879E-8 6.75509E-9 4.05738E-6 7.09504E-7 2.73235E-6
7.36155E-5 7.4082E-5 5.51041E-5 4.10968E-5 1.6949E-5 6.82193E-6 6.49833E-6 4.00257E-5 5.10596E-8 1.55653E-6 5.88415E-7 8.83064E-8 4.99372E-8 4.65165E-6 2.62929E-5 2.47478E-5 7.46926E-6 1.51657E-6 2.38333E-5 9.73592E-6 1.4655E-6 2.55924E-6 4.15451E-7 2.67516E-6 1.14904E-5 1.48554E-6 4.96235E-5 2.65664E-5 2.45288E-5 1.81454E-5 1.05412E-5 2.03321E-5 4.90297E-7 5.73202E-8 1.37752E-7 3.8715E-5 3.83632E-5 3.25349E-5 4.10976E-5 1.75079E-6 1.05619E-5 1.10816E-6 8.8682E-8 8.67227E-7 4.23632E-8 1.28356E-7 1.68171E-6 1.02664E-5 1.3782E-5 1.24334E-5 2.13731E-6 1.07737E-6 4.44173E-5 1.43749E-5 7.436E-6 1.38211E-6 2.3896E-7 3.59045E-6 2.88675E-6 2.98442E-8 1.62991E-7 2.90125E-6 1.13729E-5 8.10584E-6 1.92857E-6 5.95435E-6
7.55881E-5 7.46863E-5 5.41685E-5 5.1649E-5 3.01652E-5 1.47996E-5 2.82523E-6 9.0331E-6 1.22881E-7 1.4063E-7 1.47479E-8 4.66659E-9 1.7914E-6 6.68454E-7 2.61172E-5 1.96766E-6 3.90649E-6 3.0231E-5 8.10982E-6 1.85159E-5 1.57965E-7 2.36823E-9 8.98674E-8 5.22087E-7 4.77677E-7 2.73754E-8 3.90297E-6 4.0871E-5 2.35142E-5 4.43249E-5 4.34146E-5 3.55128E-5 2.80055E-5 7.45727E-6 1.46721E-5 2.5967E-5 3.86202E-5 4.29862E-5 7.94718E-6 1.002E-5 6.55605E-6 8.86479E-8 6.44847E-8 1.28353E-7 3.39402E-8 1.07045E-7 1.76025E-8 3.8947E-7 1.62642E-5 1.93057E-6 8.16148E-6 1.05235E-5 1.09562E-5 1.2193E-5 4.92932E-6 7.3263E-7 7.87096E-7 4.69043E-6 9.62376E-6 3.13635E-6 3.39611E-5 2.25451E-5 2.75866E-6 1.39743E-8 6.61427E-9 2.76855E-7
6.7708E-5 7.57789E-5 6.80787E-5 6.2563E-5 6.47708E-5 4.58256E-5 3.2576E-5 3.93972E-5 6.50325E-6 9.8184E-8 1.79767E-6 2.93514E-6 1.5565E-9 6.25905E-10 3.42299E-5 1.22417E-5 1.75722E-5 2.20033E-5 1.52508E-6 7.71192E-7 3.37697E-6 3.82205E-6 1.2544E-6 2.35353E-9 1.87977E-6 6.23996E-7 5.41956E-6 2.2647E-5 4.20153E-5 2.96884E-5 4.48186E-5 3.10362E-5 4.70829E-5 5.17395E-5 3.9243E-5 4.14679E-5 4.52483E-5 4.57967E-5 1.93685E-6 1.33574E-5 1.0128E-5 2.99946E-6 1.34396E-7 1.21797E-10 4.09378E-8 5.73701E-8 1.93389E-8 9.04334E-7 7.10504E-6 4.75096E-7 1.92693E-5 5.00925E-7 3.57711E-7 2.21655E-5 1.80144E-5 6.15987E-6 4.84756E-6 3.01207E-5 5.15594E-6 3.63069E-6 2.4047E-5 1.12533E-5 1.23318E-7 4.80998E-10 1.464E-8 3.43485E-7
6.96098E-5 5.9065E-5 5.95662E-5 7.28492E-5 8.20204E-5 6.08782E-5 1.93613E-5 3.2674E-5 5.22323E-5 4.01505E-5 3.42089E-6 2.40741E-5 3.33223E-6 1.27547E-8 8.04214E-7 5.37958E-7 4.0583E-6 2.34188E-6 1.30248E-6 1.46414E-5 6.87605E-6 1.19258E-6 2.25658E-5 4.35292E-6 2.56378E-6 6.93415E-7 9.83644E-7 2.73095E-5 6.39883E-5 5.20391E-5 2.50824E-5 6.41842E-5 6.17565E-5 4.90024E-5 6.09712E-5 6.60815E-5 5.48366E-5 6.28128E-5 5.75061E-6 3.24523E-6 9.72171E-6 2.36001E-6 3.03929E-8 3.57695E-9 3.36723E-7 3.76621E-7 7.00951E-6 2.6144E-6 6.73097E-6 7.63212E-7 2.77839E-7 2.99578E-6 2.51006E-6 2.20421E-6 9.36408E-7 5.89949E-6 2.61898E-6 1.29395E-5 1.21719E-5 6.607E-6 9.9569E-6 3.50978E-6 1.24801E-6 2.6271E-8 7.9526E-7 3.48082E-6
6.66252E-5 6.31354E-5 6.40332E-5 6.7499E-5 5.98668E-5 5.82623E-5 5.21904E-5 2.96065E-5 4.28923E-5 3.79308E-5 1.5465E-7 8.41072E-7 6.04225E-5 3.89594E-7 1.78009E-7 1.46461E-6 3.18061E-6 1.46619E-7 4.50306E-6 7.68083E-6 4.99228E-5 6.90374E-6 1.82026E-6 1.81311E-6 8.01744E-7 7.73635E-9 3.75685E-7 5.29532E-5 5.25113E-5 2.00346E-5 5.65054E-5 4.78698E-5 6.22381E-5 5.0102E-5 6.37967E-5 7.10113E-5 5.75493E-5 3.28456E-5 2.32647E-5 9.30576E-6 8.37299E-8 8.70246E-7 1.42697E-8 1.05908E-6 1.78043E-8 4.44955E-6 6.79238E-6 3.54722E-5 2.34247E-5 1.46228E-7 2.1114E-5 2.94724E-5 3.30708E-5 3.1766E-5 1.83254E-6 1.43968E-5 1.43265E-5 1.3205E-5 2.09908E-7 5.51453E-6 2.67081E-6 7.53782E-6 1.0012E-5 1.87561E-5 1.74659E-5 3.86959E-6
9.07609E-5 8.73745E-5 8.93432E-5 8.16688E-5 5.02793E-5 7.46812E-5 7.2234E-5 4.93129E-5 4.64578E-5 6.5808E-6 2.63016E-5 9.85065E-6 5.8202E-5 1.76326E-6 1.38592E-5 2.56735E-5 8.56777E-6 3.04388E-6 7.58647E-6 1.28855E-6 5.54056E-5 4.4594E-6 9.63147E-6 2.59228E-5 2.57243E-7 3.65047E-8 7.06656E-6 1.76562E-5 4.69934E-5 4.60773E-5 5.47095E-5 6.64657E-5 4.96069E-5 5.02229E-5 6.44763E-5 3.41578E-5 4.85187E-5 2.20846E-5 3.52927E-5 2.4981E-6 2.34401E-8 1.06771E-8 1.71917E-6 3.93148E-5 1.1743E-6 1.2894E-5 2.00048E-5 1.904E-5 1.25069E-5 2.16189E-5 2.01272E-6 1.00537E-5 1.11432E-5 1.80807E-5 3.57984E-5 4.0463E-5 3.14819E-5 1.81138E-6 3.60943E-6 1.01936E-5 3.19892E-5 1.88402E-5 7.23576E-6 1.88252E-5 2.87649E-5 3.07986E-5
9.49295E-5 8.8776E-5 8.80996E-5 9.16478E-5 7.91383E-5 8.24737E-5 8.08934E-5 1.12579E-5 4.36396E-5 3.73364E-5 5.16733E-5 1.52677E-6 4.3076E-5 2.77332E-5 5.95952E-6 5.76591E-7 3.72079E-5 1.81977E-7 3.43571E-6 4.43774E-5 2.54854E-5 1.83819E-5 3.00009E-5 4.46945E-5 1.66575E-5 1.82895E-5 3.26781E-8 3.7125E-5 4.55124E-5 4.66513E-5 4.85963E-5 5.93226E-5 6.21151E-5 6.17344E-5 5.81993E-5 7.72759E-5 4.07538E-5 8.37236E-6 7.71248E-7 2.69409E-5 6.15112E-6 4.18598E-7 4.14978E-7 1.22602E-5 1.89919E-5 1.02648E-5 8.926E-6 3.63234E-6 1.15797E-6 3.24293E-8 5.42134E-8 5.06813E-6 2.10748E-5 6.81922E-6 5.92602E-6 3.00143E-6 1.60022E-5 2.89365E-6 3.59211E-5 4.58565E-5 9.67684E-6 3.02157E-5 4.31234E-5 1.92756E-5 5.39696E-6 3.69348E-7
1.09144E-4 1.19064E-4 1.06466E-4 1.12979E-4 1.14764E-4 9.80676E-5 5.77034E-5 5.47615E-5 9.08657E-6 5.26341E-6 8.95728E-6 3.25572E-6 6.15738E-5 1.42074E-5 4.77878E-7 3.63933E-7 1.10231E-6 2.57205E-5 5.75128E-8 2.05796E-5 1.57525E-5 1.78324E-6 3.93584E-6 2.37522E-5 1.66742E-5 2.60484E-5 6.05886E-6 4.13441E-5 6.06507E-5 6.13986E-5 5.3285E-5 5.56374E-5 7.07344E-5 2.61044E-5 8.56002E-6 3.66449E-5 1.25063E-5 2.05818E-5 1.86766E-5 1.90604E-5 1.66197E-6 8.5767E-6 1.38258E-5 1.14598E-5 1.24073E-6 2.08679E-7 1.01256E-6 1.27057E-6 3.3533E-9 4.87944E-9 1.84448E-7 2.8675E-5 4.37592E-6 1.17903E-5 9.25323E-7 1.86768E-5 2.91409E-5 1.62329E-5 2.17778E-5 1.94579E-5 1.07976E-5 7.40511E-6 5.87951E-6 2.08532E-5 9.488E-6 2.23379E-5
1.06719E-4 8.85171E-5 1.07368E-4 1.02783E-4 8.40492E-5 6.97988E-5 3.11059E-5 7.17214E-5 3.92491E-5 4.1864E-6 1.88455E-5 2.64644E-6 1.06086E-5 1.52177E-5 2.74289E-6 1.27212E-5 3.5457E-5 3.69355E-5 2.84507E-5 1.80572E-5 1.22505E-5 9.40703E-6 3.392E-5 2.46918E-5 4.58818E-5 4.91627E-5 3.8762E-6 1.7057E-5 1.17021E-5 5.33059E-5 4.94772E-5 4.94223E-5 1.4985E-5 4.05271E-5 1.88072E-5 1.0843E-5 1.99986E-5 2.20934E-5 3.57454E-5 2.99486E-5 1.46398E-5 2.92982E-5 5.91136E-6 1.54613E-6 1.17828E-7 8.15756E-7 4.86658E-6 2.52237E-8 1.4932E-8 6.16912E-10 9.37103E-7 5.80367E-6 1.33387E-5 1.15014E-5 4.16852E-6 1.161E-5 1.15871E-5 2.18857E-6 3.41814E-5 1.01128E-5 1.49974E-5 1.91803E-5 4.09264E-5 1.21595E-5 2.20563E-5 1.00966E-5
1.00435E-4 1.14831E-4 1.21648E-4 9.86343E-5 7.28599E-5 5.62668E-5 5.07791E-5 6.81316E-5 7.38268E-5 2.01443E-5 1.60414E-5 6.58985E-5 5.06365E-5 2.05741E-5 2.6267E-5 3.56616E-5 2.5325E-5 3.14322E-5 7.76878E-6 6.19851E-5 5.18467E-5 4.38306E-5 1.66069E-5 5.68232E-6 3.24928E-5 1.52416E-7 2.9426E-6 4.94613E-7 1.58161E-7 5.80162E-6 1.30216E-5 2.66197E-5 5.94973E-5 2.44347E-5 3.30444E-5 2.73617E-5 1.99173E-5 2.53392E-5 1.72431E-5 7.82178E-6 1.62036E-5 1.89529E-5 3.23064E-5 3.02262E-5 1.88871E-5 1.25684E-5 3.27384E-5 4.22914E-6 3.89675E-7 1.24933E-5 2.87305E-5 6.14461E-6 4.14683E-5 2.30143E-5 6.20724E-7 7.0379E-7 8.70368E-6 9.36804E-6 1.02879E-5 1.32428E-5 1.95229E-5 4.09902E-5 6.84773E-5 1.02092E-4 7.76435E-5 3.88874E-5
8.5429E-5 9.66531E-5 1.38709E-4 1.02399E-4 5.84289E-5 2.72422E-5 7.34693E-5 4.52654E-5 4.04749E-5 3.06605E-5 1.65264E-5 6.95542E-5 7.67112E-5 3.04496E-5 7.34039E-6 4.41832E-5 5.07438E-5 1.60347E-5 5.48566E-7 5.64353E-5 6.83548E-5 6.05908E-5 7.466E-6 3.84979E-5 2.08512E-5 2.6385E-5 3.28537E-5 2.41451E-5 5.03716E-6 7.2349E-8 4.58855E-6 1.5701E-5 1.12353E-5 2.5195E-5 1.94972E-5 3.60641E-5 1.40934E-5 6.10064E-6 2.38027E-5 2.81358E-5 1.67363E-5 2.86885E-5 3.25908E-5 3.41782E-5 2.92552E-5 1.75071E-5 4.37252E-6 6.72925E-6 9.04805E-6 4.50645E-5 3.44036E-5 7.35609E-6 3.76362E-6 8.27604E-6 2.85865E-6 8.47619E-6 2.79951E-6 6.67464E-6 4.47475E-6 9.85823E-6 1.40501E-5 1.5708E-5 4.20599E-5 1.11834E-4 5.08773E-5 1.11337E-5
1.02485E-4 9.69884E-5 5.89074E-5 9.29621E-5 9.90655E-5 1.11171E-4 7.78162E-5 8.70684E-5 8.53458E-5 6.42632E-5 6.69289E-5 6.28781E-5 6.89898E-5 7.47361E-5 7.53764E-5 7.29614E-5 5.95255E-5 6.09748E-5 7.63135E-5 6.82429E-7 1.51186E-6 5.89687E-6 1.01074E-6 3.92095E-7 2.29458E-5 1.61185E-5 4.07365E-5 4.85788E-5 3.95505E-5 5.10983E-5 3.43902E-5 1.39834E-5 1.96559E-5 1.47143E-5 4.23576E-6 1.53997E-5 2.56073E-5 1.62031E-5 3.62233E-5 3.27906E-5 3.00172E-5 3.98664E-5 4.57743E-5 3.55611E-5 2.16459E-5 3.70747E-5 7.69813E-6 1.1158E-6 9.69772E-6 2.15224E-5 3.84317E-5 1.48909E-5 6.21913E-6 3.47528E-5 4.0771E-5 1.80712E-5 1.53337E-5 2.33205E-5 5.55328E-6 2.67779E-6 2.56171E-5 1.17673E-5 9.32985E-6 1.11829E-5 3.75708E-6 2.08153E-5
-9999 7.73725E-5 3.40371E-5 9.01531E-5 1.13978E-4 8.38645E-5 8.18989E-5 7.94004E-5 8.3992E-5 5.53436E-5 5.5046E-5 5.27249E-5 6.31866E-5 5.21005E-5 5.53643E-5 6.27696E-5 5.28877E-5 5.62395E-5 6.21052E-5 2.7546E-7 2.56727E-7 1.185E-5 4.82662E-5 5.91969E-5 4.01886E-5 4.1769E-5 4.60434E-5 5.41707E-5 3.57734E-5 1.69947E-5 2.41544E-6 6.31476E-6 1.05154E-5 7.64687E-6 2.15327E-5 1.05889E-5 3.68255E-5 2.30674E-5 1.21231E-5 4.0779E-5 4.43932E-5 5.57221E-5 4.99126E-5 4.16782E-5 4.62239E-5 4.61403E-5 3.12232E-6 3.37024E-8 1.50066E-5 3.19292E-5 1.83795E-5 1.027E-5 2.7109E-5 3.36282E-5 3.15153E-5 2.53213E-5 4.05085E-5 1.95589E-5 2.92112E-6 2.94442E-5 1.52335E-6 2.09564E-6 1.58153E-5 8.97378E-6 1.79035E-5 2.27561E-5
7.52616E-5 5.95344E-5 4.68317E-5 1.43861E-5 8.48176E-5 6.12466E-5 5.98153E-5 8.03828E-5 8.49344E-5 6.15768E-5 8.19223E-5 6.33967E-5 4.53954E-5 3.77294E-5 5.37064E-5 3.1531E-5 1.11907E-5 5.63739E-6 1.13675E-5 1.45727E-5 1.27226E-5 3.28004E-5 5.24034E-5 4.587E-5 4.05621E-5 4.055E-5 1.73428E-5 1.92624E-5 4.07545E-5 1.56872E-5 2.45407E-5 1.66386E-5 1.38779E-5 1.10841E-5 3.15044E-5 2.08837E-5 2.15616E-6 7.71996E-7 5.60498E-7 9.56058E-6 3.66909E-5 3.98954E-5 4.34784E-5 3.75303E-5 4.35216E-5 1.5891E-5 7.0157E-8 1.90428E-8 4.48254E-6 6.14696E-6 5.04235E-6 2.98613E-5 2.31262E-5 2.32032E-5 1.72695E-5 5.91181E-6 1.23516E-5 3.75522E-5 1.37808E-5 2.1659E-6 4.4254E-6 9.44659E-7 2.19354E-6 2.98611E-6 8.70848E-7 5.28992E-6
1.48673E-5 7.85321E-5 8.7865E-5 7.65568E-5 5.70904E-5 5.4684E-5 6.59535E-5 7.38815E-5 6.82744E-5 6.70868E-5 6.41534E-5 4.97502E-5 3.78524E-5 5.06376E-5 2.38279E-6 6.75276E-9 2.08167E-6 1.45766E-6 1.43676E-5 2.09317E-5 2.95558E-5 3.22676E-5 3.51448E-5 4.15425E-5 2.76438E-5 4.5501E-5 2.44527E-5 3.0043E-5 1.52212E-5 3.07488E-5 2.93235E-5 1.54381E-5 1.47963E-5 4.19087E-5 3.56741E-5 3.10693E-5 1.55486E-5 3.7255E-5 1.20042E-5 1.40647E-5 2.98819E-5 3.87787E-5 4.71135E-5 4.1873E-5 4.27284E-5 1.3634E-5 1.40947E-7 8.98209E-7 1.48596E-5 2.05495E-5 2.40742E-5 2.24087E-5 1.741E-5 1.02651E-5 1.95334E-7 1.02252E-7 1.27099E-6 7.97061E-8 6.01458E-6 7.63872E-6 6.14461E-7 1.69972E-5 7.01435E-6 1.39965E-7 3.14989E-6 3.26603E-6
3.23714E-5 5.15209E-5 9.23548E-5 6.17655E-5 5.35459E-5 6.36677E-5 8.39009E-5 9.94095E-5 5.66093E-5 7.41454E-5 5.59553E-5 4.1166E-5 3.28619E-5 4.4306E-5 1.87626E-5 1.06774E-5 3.44733E-6 8.32486E-6 1.0441E-5 8.00927E-7 2.44577E-5 2.30059E-5 2.1161E-5 4.07169E-5 7.83225E-6 2.17189E-5 1.51425E-5 9.86818E-6 1.98684E-5 4.0465E-7 2.32366E-5 1.59724E-5 3.55931E-5 3.06609E-5 2.01071E-5 3.15875E-5 3.62266E-5 4.02141E-5 3.15111E-5 1.85533E-5 3.57968E-5 2.29001E-5 3.86218E-5 3.14512E-5 3.24062E-5 2.47587E-5 4.9651E-6 1.30609E-5 6.00863E-6 2.19402E-5 1.97768E-5 9.66214E-6 1.02334E-5 1.74975E-5 8.69542E-7 2.41475E-8 4.36862E-9 1.01805E-7 1.86333E-5 5.23679E-6 1.0437E-5 3.36741E-6 1.08057E-7 5.88448E-7 3.52967E-6 2.45415E-5
7.24884E-6 5.81471E-5 7.55408E-5 6.38335E-5 5.27079E-5 4.85776E-5 8.33928E-5 1.02102E-4 8.88025E-5 9.16967E-5 6.40929E-5 4.11514E-5 3.60242E-5 3.97694E-5 8.87324E-6 1.52598E-5 2.48082E-5 3.07158E-5 2.56487E-5 2.29277E-5 4.35786E-5 8.09247E-6 2.21813E-6 1.00372E-5 2.04523E-5 2.60961E-5 2.06696E-6 5.59643E-6 7.74709E-6 1.83195E-6 1.68954E-5 2.22873E-5 4.65638E-5 1.82021E-5 2.63151E-5 3.868E-5 1.49875E-5 1.34725E-5 1.65988E-5 3.5969E-5 4.68707E-5 4.49231E-5 2.67092E-5 2.39573E-5 2.48107E-5 1.88236E-5 6.55247E-6 6.38885E-6 2.36614E-5 1.96725E-5 1.13043E-5 1.36902E-5 1.47193E-5 1.90319E-5 1.35848E-5 5.77611E-6 4.31407E-6 5.76539E-7 2.11899E-5 5.68514E-6 1.04327E-7 1.01516E-7 1.71328E-7 2.9598E-9 5.86173E-9 9.64826E-7
1.12666E-5 6.57887E-5 8.22687E-5 8.25794E-5 6.32559E-5 5.03853E-5 6.71513E-5 6.91103E-5 7.79832E-5 7.36682E-5 6.85778E-5 4.71712E-5 3.3501E-5 2.86956E-5 1.98001E-5 8.99335E-7 1.20847E-5 3.09882E-6 6.36052E-6 7.96338E-7 7.81191E-6 4.39115E-5 6.68406E-6 1.91039E-6 1.83269E-6 9.88575E-7 5.52369E-6 1.56146E-6 2.39077E-5 1.0465E-5 3.23611E-5 3.01082E-5 3.14336E-5 3.31383E-5 2.29393E-5 3.07081E-5 1.97767E-5 1.98028E-5 2.41927E-5 4.31429E-5 3.88342E-5 5.50053E-6 1.69729E-5 2.8005E-5 2.11737E-5 1.45892E-5 1.13089E-5 1.91045E-5 1.24274E-5 5.16982E-6 9.4632E-6 7.73241E-6 6.42189E-6 2.81437E-5 4.03694E-5 4.39456E-5 3.36562E-5 1.36369E-5 4.91473E-7 2.37755E-8 6.62001E-8 4.62421E-9 1.26574E-9 1.14716E-9 5.85962E-8 2.68792E-6
2.10363E-5 7.05546E-5 9.44822E-5 8.03044E-5 9.34764E-5 5.88036E-5 4.52922E-5 3.16829E-5 5.81453E-5 6.0079E-5 5.11228E-5 4.13852E-5 2.81465E-5 3.10394E-5 4.08873E-5 1.301E-6 2.83642E-5 2.50199E-7 1.17152E-7 4.29869E-5 3.76397E-5 6.8892E-5 6.52364E-5 5.54256E-5 1.35796E-6 1.85976E-6 8.18737E-8 1.11535E-7 5.58346E-6 2.47452E-6 1.52042E-6 1.66897E-5 2.49939E-5 2.74686E-5 7.17376E-6 8.34032E-7 1.59796E-6 8.30541E-6 1.46537E-5 5.37278E-5 4.66744E-5 9.65959E-6 2.29156E-5 2.5682E-5 2.07671E-5 1.33538E-5 1.4287E-5 1.22969E-5 7.65231E-6 5.80468E-6 9.66506E-6 2.02062E-5 3.2455E-5 4.26474E-5 5.21278E-5 3.98345E-7 8.70885E-9 1.42691E-6 1.08278E-7 1.59807E-9 5.09291E-8 1.80717E-6 2.36469E-8 8.19099E-9 7.06844E-7 1.2012E-8
8.78108E-5 6.46568E-5 9.96625E-5 1.42161E-4 8.65336E-5 5.77914E-5 4.12471E-5 1.4522E-5 2.54783E-5 3.87579E-5 3.52779E-5 3.05356E-5 1.47883E-5 2.49336E-6 4.6664E-5 6.06983E-5 7.33975E-5 6.95117E-5 5.60149E-5 1.88639E-5 9.65995E-6 3.25819E-5 4.9144E-5 6.07713E-6 3.67965E-5 1.15686E-5 8.32363E-7 1.42224E-8 2.30895E-8 3.36934E-5 2.91331E-5 4.92963E-6 9.62768E-6 2.39277E-6 2.22716E-5 6.12523E-6 4.43798E-6 2.83986E-6 2.1225E-5 3.77885E-6 1.96125E-6 1.26277E-5 8.24861E-6 1.51457E-5 1.50982E-5 8.81418E-6 7.77697E-6 9.17088E-6 8.00085E-6 9.16094E-6 1.65278E-5 2.70785E-5 3.76348E-5 2.73432E-5 4.74354E-7 1.28508E-8 1.67578E-9 2.77914E-9 2.89669E-9 6.01055E-9 5.0651E-7 4.40594E-6 5.50477E-6 3.02057E-5 1.20573E-6 2.72445E-7
