catData/rasterBestHybridModels/Pbengalensis/RD_BM01_RM1_L/Pbengalensis_avg.asc
ncols         409
nrows         350
xllcorner     60.897278365
yllcorner     5.843756025
cellsize      0.0892857
NODATA_value  -9999
[rows 29 to 57 of 350, columns 132 to 197 of 409]
9.69042E-5 7.68368E-5 8.59469E-5 1.16649E-4 1.48477E-4 1.76692E-4 1.72548E-4 1.32545E-4 1.66999E-4 1.48786E-4 1.24027E-4 1.32687E-4 1.50205E-4 1.93212E-4 1.93927E-4 1.27511E-4 1.02922E-4 8.91967E-5 1.15377E-4 1.44389E-4 1.94609E-4 2.35503E-4 2.42798E-4 2.96531E-4 3.48468E-4 2.73141E-4 1.90437E-4 1.73483E-4 1.29907E-4 1.56947E-4 1.46009E-4 1.16586E-4 1.24118E-4 1.38385E-4 1.60664E-4 2.06107E-4 2.62548E-4 2.90319E-4 2.76135E-4 2.80232E-4 2.13308E-4 2.41568E-4 1.38389E-4 9.6901E-5 7.4331E-5 8.43495E-5 1.40065E-4 2.2673E-4 2.60471E-4 2.76365E-4 3.34749E-4 4.01521E-4 3.41998E-4 3.32173E-4 5.10039E-4 2.47806E-4 1.7075E-4 2.59609E-4 3.4435E-4 4.27178E-4 4.39292E-4 2.01919E-4 9.00635E-5 8.92233E-5 1.41854E-4 9.68839E-5
8.37736E-5 6.59787E-5 8.45466E-5 1.14921E-4 1.26428E-4 1.50539E-4 1.56955E-4 1.40495E-4 1.83301E-4 1.73142E-4 1.73069E-4 1.13548E-4 1.16617E-4 1.47599E-4 2.08835E-4 1.44022E-4 1.14888E-4 1.17229E-4 1.34281E-4 1.78382E-4 1.81479E-4 1.78506E-4 2.07862E-4 2.76231E-4 3.7834E-4 2.60077E-4 2.39418E-4 2.27646E-4 1.9476E-4 2.4454E-4 3.01448E-4 2.32374E-4 1.37511E-4 1.24754E-4 1.65204E-4 2.08828E-4 1.97894E-4 2.57428E-4 2.9241E-4 2.88882E-4 1.86195E-4 1.47766E-4 1.14897E-4 1.00553E-4 1.03553E-4 6.24832E-5 5.40791E-5 6.50268E-5 1.10634E-4 1.88858E-4 2.94538E-4 4.81154E-4 5.62039E-4 7.30484E-4 7.26469E-4 3.85217E-4 3.14024E-4 2.05745E-4 3.03616E-4 3.81954E-4 3.74346E-4 2.48073E-4 9.88496E-5 9.03093E-5 1.48697E-4 1.40361E-4
1.00027E-4 9.0934E-5 9.0916E-5 1.13404E-4 1.26104E-4 1.63137E-4 1.63214E-4 1.62183E-4 1.44558E-4 1.42057E-4 1.34461E-4 1.80662E-4 1.75212E-4 1.62574E-4 2.11648E-4 2.10813E-4 1.74423E-4 1.75806E-4 1.84766E-4 2.13975E-4 2.23044E-4 2.2527E-4 2.11709E-4 2.54673E-4 2.14508E-4 2.04069E-4 2.32819E-4 1.84026E-4 1.98225E-4 2.32773E-4 2.81497E-4 2.402E-4 2.28204E-4 2.47348E-4 2.4445E-4 2.02974E-4 1.40849E-4 2.32551E-4 2.58858E-4 2.58035E-4 2.3066E-4 1.97179E-4 1.30159E-4 1.11707E-4 8.71991E-5 6.5721E-5 4.29493E-5 5.16376E-5 6.76906E-5 9.01263E-5 1.24993E-4 1.93145E-4 3.46386E-4 6.37012E-4 7.2182E-4 6.31399E-4 5.2066E-4 2.66566E-4 2.27601E-4 2.18045E-4 2.14569E-4 2.39945E-4 1.21411E-4 1.00705E-4 9.66829E-5 7.05068E-5
9.2124E-5 1.03464E-4 9.9923E-5 1.19344E-4 2.05083E-4 1.71586E-4 1.97081E-4 1.40577E-4 1.09945E-4 1.17922E-4 1.66549E-4 2.15576E-4 2.11791E-4 1.96422E-4 2.37556E-4 2.51811E-4 1.95185E-4 2.15209E-4 2.3522E-4 1.94955E-4 1.99468E-4 1.96417E-4 1.97728E-4 2.05341E-4 2.09825E-4 1.95557E-4 1.96949E-4 2.68871E-4 3.39497E-4 4.03812E-4 4.01044E-4 3.6338E-4 3.49785E-4 3.49278E-4 2.43722E-4 1.84268E-4 1.29499E-4 2.01328E-4 2.08531E-4 1.92719E-4 2.0775E-4 2.03567E-4 1.39144E-4 1.13755E-4 9.40939E-5 7.69569E-5 6.2818E-5 8.34498E-5 1.27857E-4 1.53762E-4 1.37857E-4 1.38585E-4 1.79589E-4 2.66032E-4 3.97271E-4 5.06098E-4 6.20219E-4 4.87016E-4 4.20687E-4 3.5349E-4 1.84023E-4 1.23933E-4 1.2644E-4 1.39982E-4 1.06666E-4 9.52533E-5
1.05023E-4 1.2699E-4 1.17533E-4 1.07738E-4 1.35285E-4 1.75299E-4 1.74927E-4 1.66132E-4 1.0371E-4 1.17778E-4 1.61247E-4 1.85512E-4 1.85122E-4 1.60151E-4 2.19621E-4 2.29146E-4 2.04577E-4 2.40413E-4 2.40402E-4 1.73648E-4 1.88093E-4 2.23236E-4 2.10716E-4 4.43073E-4 4.61056E-4 1.76531E-4 4.10936E-4 2.97254E-4 3.58198E-4 4.17972E-4 4.68101E-4 4.00976E-4 3.08434E-4 3.24637E-4 3.03268E-4 1.65285E-4 9.95134E-5 2.01074E-4 2.38269E-4 2.09218E-4 1.906E-4 1.53559E-4 1.42579E-4 1.15389E-4 1.13802E-4 1.03415E-4 8.13741E-5 9.7108E-5 1.41348E-4 1.68333E-4 1.44722E-4 2.46418E-4 2.74238E-4 2.58371E-4 2.58178E-4 2.72364E-4 3.59273E-4 4.91107E-4 4.75685E-4 3.02294E-4 1.5646E-4 1.05793E-4 1.21025E-4 1.14276E-4 6.72214E-5 5.96885E-5
9.52124E-5 1.14282E-4 1.14762E-4 1.14319E-4 1.16496E-4 1.68296E-4 1.78915E-4 1.51048E-4 1.43706E-4 1.24038E-4 1.41666E-4 1.78032E-4 2.23808E-4 2.06214E-4 2.30194E-4 2.11676E-4 2.60234E-4 4.15786E-4 4.13288E-4 2.63497E-4 1.99818E-4 1.84005E-4 1.92715E-4 2.40448E-4 2.44519E-4 3.472E-4 2.64909E-4 2.65696E-4 3.94553E-4 4.41664E-4 5.1394E-4 3.94281E-4 2.82286E-4 2.70055E-4 2.75752E-4 2.46655E-4 1.62756E-4 2.36464E-4 1.92157E-4 1.45462E-4 1.16988E-4 9.56166E-5 1.17298E-4 1.08851E-4 1.13653E-4 1.50535E-4 1.3122E-4 1.12131E-4 1.44292E-4 1.75374E-4 1.24143E-4 1.84399E-4 3.21259E-4 4.25878E-4 3.17984E-4 2.05897E-4 1.82137E-4 2.48778E-4 3.60911E-4 3.19823E-4 1.64351E-4 1.07311E-4 9.66735E-5 7.98868E-5 4.67061E-5 3.99376E-5
6.85245E-5 8.13961E-5 9.84122E-5 1.17825E-4 1.10906E-4 1.32363E-4 1.64461E-4 2.22131E-4 2.1636E-4 1.36656E-4 1.34049E-4 1.80792E-4 2.01301E-4 1.67569E-4 1.47338E-4 1.55124E-4 1.75867E-4 2.4915E-4 3.33881E-4 3.52487E-4 2.69354E-4 1.88727E-4 2.0079E-4 1.94862E-4 1.99643E-4 2.36673E-4 2.18895E-4 2.42223E-4 2.61134E-4 3.0091E-4 4.46066E-4 2.99384E-4 2.52626E-4 2.76264E-4 2.56272E-4 2.56625E-4 2.17508E-4 1.67643E-4 1.47071E-4 1.64229E-4 9.86132E-5 1.05174E-4 1.58818E-4 1.6003E-4 1.13003E-4 1.37697E-4 1.53402E-4 1.33384E-4 1.22051E-4 1.28817E-4 1.19281E-4 1.52961E-4 2.15054E-4 3.16052E-4 3.51857E-4 2.47532E-4 1.38918E-4 1.42316E-4 2.17645E-4 2.59159E-4 1.80829E-4 1.17888E-4 8.96731E-5 8.52133E-5 5.12674E-5 3.31872E-5
5.64801E-5 6.27062E-5 8.28286E-5 1.23288E-4 1.48252E-4 1.28057E-4 1.47753E-4 1.69671E-4 2.0955E-4 1.63692E-4 1.45079E-4 2.10765E-4 2.08122E-4 1.63447E-4 1.63021E-4 1.87395E-4 1.90801E-4 1.79977E-4 1.85325E-4 3.06994E-4 3.22925E-4 2.55721E-4 2.59297E-4 2.34829E-4 2.17021E-4 2.03022E-4 1.83743E-4 1.96872E-4 1.71413E-4 1.9109E-4 2.64397E-4 2.35438E-4 1.7893E-4 1.87538E-4 1.70746E-4 1.59415E-4 1.42335E-4 1.48545E-4 1.64343E-4 1.87657E-4 1.47627E-4 1.33311E-4 1.69748E-4 2.33293E-4 1.82459E-4 1.60526E-4 1.5621E-4 1.55958E-4 1.89446E-4 1.76688E-4 1.26297E-4 1.55394E-4 1.90175E-4 1.91065E-4 2.53419E-4 2.36228E-4 1.418E-4 1.00619E-4 1.29517E-4 1.91915E-4 2.04293E-4 1.52146E-4 8.87415E-5 6.7541E-5 6.1823E-5 3.90274E-5
4.99336E-5 6.52035E-5 9.88063E-5 2.20155E-4 2.30804E-4 1.14016E-4 9.05811E-5 1.31689E-4 2.05503E-4 2.12978E-4 1.66149E-4 2.1465E-4 1.63423E-4 1.42578E-4 1.58077E-4 2.10565E-4 2.01181E-4 1.55893E-4 1.64713E-4 2.70564E-4 3.31906E-4 2.85815E-4 2.27987E-4 3.03494E-4 2.31089E-4 1.6968E-4 1.80285E-4 2.14458E-4 1.82245E-4 1.89461E-4 2.09468E-4 2.15846E-4 1.4529E-4 1.16364E-4 1.3031E-4 1.36135E-4 1.93339E-4 2.23472E-4 2.68605E-4 2.5116E-4 2.76718E-4 1.86317E-4 1.52565E-4 2.32922E-4 2.65268E-4 2.59619E-4 2.40758E-4 2.17679E-4 2.99989E-4 2.91206E-4 2.09854E-4 1.49538E-4 1.57716E-4 1.73465E-4 2.49704E-4 2.10126E-4 1.21712E-4 1.02105E-4 9.34181E-5 9.98717E-5 1.30076E-4 1.43288E-4 1.10336E-4 6.58972E-5 5.17586E-5 5.51564E-5
4.90556E-5 6.12075E-5 8.14471E-5 1.49539E-4 1.56736E-4 9.34299E-5 8.90775E-5 1.30501E-4 1.26249E-4 1.38043E-4 1.47304E-4 1.71772E-4 1.81091E-4 1.64225E-4 1.08613E-4 1.42545E-4 1.49919E-4 1.34705E-4 1.93426E-4 2.75345E-4 3.66439E-4 2.88713E-4 3.17543E-4 2.6386E-4 2.4462E-4 2.07442E-4 2.19118E-4 2.18739E-4 1.90377E-4 1.93282E-4 1.9548E-4 2.11588E-4 1.60807E-4 1.3189E-4 1.44492E-4 1.6688E-4 2.36208E-4 2.58277E-4 2.93222E-4 2.90674E-4 3.09761E-4 2.80473E-4 2.50601E-4 3.17607E-4 2.93004E-4 3.35925E-4 4.23797E-4 3.12878E-4 2.89595E-4 3.09398E-4 3.40134E-4 2.30019E-4 1.58526E-4 1.30044E-4 1.94291E-4 1.92857E-4 9.96074E-5 9.28794E-5 1.03483E-4 7.83487E-5 7.10613E-5 8.68378E-5 9.46987E-5 7.9803E-5 5.1807E-5 3.87034E-5
4.31268E-5 5.74698E-5 7.98441E-5 1.02906E-4 1.09013E-4 8.81174E-5 8.59901E-5 1.14907E-4 1.20985E-4 9.29873E-5 1.00265E-4 9.9929E-5 1.19746E-4 1.42865E-4 1.64102E-4 1.39485E-4 1.27888E-4 1.70884E-4 2.16078E-4 2.8952E-4 4.46434E-4 3.99033E-4 3.58143E-4 3.44467E-4 2.62316E-4 2.40266E-4 2.63178E-4 2.30626E-4 1.92175E-4 1.93627E-4 1.80797E-4 1.94179E-4 1.86501E-4 1.82696E-4 1.51619E-4 1.51133E-4 2.05855E-4 2.70431E-4 2.61241E-4 2.81753E-4 2.09704E-4 3.29845E-4 4.58196E-4 5.44313E-4 4.12987E-4 4.11908E-4 4.25373E-4 3.79268E-4 3.52151E-4 4.08585E-4 4.03319E-4 3.00716E-4 2.14962E-4 1.47701E-4 1.18998E-4 1.60201E-4 1.06116E-4 8.09687E-5 7.94673E-5 6.61887E-5 4.95381E-5 5.07037E-5 6.82262E-5 7.5434E-5 5.64607E-5 3.25226E-5
4.14155E-5 5.37946E-5 6.84457E-5 7.92522E-5 8.3105E-5 7.27128E-5 7.29153E-5 8.42011E-5 8.67693E-5 7.67679E-5 6.52866E-5 7.90817E-5 1.23314E-4 1.38457E-4 1.4597E-4 1.35548E-4 1.73459E-4 1.88481E-4 1.87739E-4 2.45907E-4 2.81744E-4 3.20072E-4 1.96484E-4 2.49936E-4 2.74022E-4 2.54347E-4 3.16148E-4 2.68683E-4 2.82282E-4 3.11242E-4 2.35932E-4 1.91323E-4 1.72937E-4 1.86998E-4 1.78785E-4 1.85051E-4 2.36172E-4 3.36695E-4 3.95347E-4 3.10992E-4 1.50747E-4 1.94432E-4 3.45111E-4 6.39938E-4 7.66071E-4 7.1784E-4 5.35771E-4 5.2898E-4 5.54597E-4 4.82593E-4 3.33014E-4 2.90832E-4 2.48673E-4 1.67637E-4 1.09334E-4 1.23164E-4 9.36089E-5 6.53178E-5 5.90597E-5 4.86833E-5 3.79145E-5 3.29943E-5 3.947E-5 4.64316E-5 4.05012E-5 2.58835E-5
3.34585E-5 4.21394E-5 5.03074E-5 5.41721E-5 5.90549E-5 6.75764E-5 7.71156E-5 8.13521E-5 9.83412E-5 9.85263E-5 8.5451E-5 6.5421E-5 7.68896E-5 1.1433E-4 1.20964E-4 1.15532E-4 1.89684E-4 1.92063E-4 1.95016E-4 1.79659E-4 1.65013E-4 1.42501E-4 1.03383E-4 9.49834E-5 1.13488E-4 1.99956E-4 3.62825E-4 2.78938E-4 2.88562E-4 3.06037E-4 3.0998E-4 2.09917E-4 2.03568E-4 1.94327E-4 2.30156E-4 2.26636E-4 2.01879E-4 1.69611E-4 2.596E-4 1.75283E-4 1.05159E-4 1.41107E-4 2.32466E-4 5.25728E-4 9.07344E-4 1.03611E-3 8.50385E-4 5.28738E-4 5.3219E-4 5.12683E-4 3.12073E-4 2.08733E-4 1.97025E-4 1.48224E-4 1.18355E-4 8.02232E-5 5.90971E-5 4.33603E-5 3.77168E-5 3.15965E-5 3.49521E-5 2.96348E-5 2.19009E-5 2.004E-5 2.34292E-5 1.93146E-5
3.00508E-5 3.94205E-5 5.31679E-5 6.8494E-5 8.47358E-5 8.38058E-5 1.0274E-4 1.05617E-4 1.1929E-4 1.2711E-4 9.91178E-5 7.78368E-5 7.81313E-5 8.49534E-5 8.3608E-5 1.02753E-4 1.6063E-4 1.3547E-4 1.36971E-4 1.43865E-4 1.30737E-4 1.13256E-4 1.14816E-4 1.31723E-4 1.23457E-4 1.4737E-4 2.00686E-4 1.90236E-4 2.37976E-4 2.70289E-4 2.51435E-4 2.40411E-4 2.75754E-4 3.05849E-4 3.49359E-4 3.27994E-4 2.84628E-4 1.55197E-4 1.24012E-4 1.26134E-4 1.5089E-4 1.91316E-4 2.29695E-4 3.41117E-4 7.00437E-4 1.0444E-3 7.89473E-4 4.34358E-4 3.31931E-4 3.64482E-4 2.41005E-4 1.77502E-4 1.4615E-4 1.11176E-4 9.5916E-5 6.4415E-5 4.7676E-5 4.89919E-5 3.34464E-5 2.2304E-5 2.49654E-5 3.07772E-5 2.43434E-5 1.52004E-5 1.13655E-5 9.50374E-6
3.98851E-5 4.62731E-5 6.1226E-5 8.20039E-5 1.02958E-4 1.10513E-4 1.00292E-4 9.76809E-5 8.90139E-5 9.19628E-5 9.77269E-5 1.27345E-4 1.1838E-4 8.99774E-5 8.02204E-5 8.35976E-5 9.38703E-5 9.07912E-5 9.8758E-5 9.72262E-5 8.56212E-5 1.05276E-4 1.37225E-4 1.31574E-4 1.50303E-4 1.68435E-4 1.38977E-4 1.58884E-4 2.28069E-4 2.17963E-4 2.21429E-4 2.58974E-4 3.0145E-4 2.31245E-4 2.42575E-4 2.56767E-4 3.01163E-4 3.37688E-4 2.2187E-4 1.04022E-4 8.80337E-5 1.16311E-4 2.1251E-4 3.23626E-4 4.22393E-4 6.94662E-4 8.05557E-4 4.92609E-4 3.14026E-4 2.18959E-4 2.02498E-4 1.84154E-4 1.41185E-4 9.1E-5 8.73236E-5 5.78666E-5 4.76388E-5 3.99985E-5 3.61673E-5 2.68874E-5 2.29938E-5 2.09108E-5 1.40113E-5 1.18444E-5 1.11921E-5 6.99021E-6
5.2554E-5 6.07171E-5 6.42301E-5 7.25557E-5 8.91945E-5 9.21689E-5 7.92112E-5 7.2517E-5 6.30031E-5 6.41049E-5 8.38141E-5 1.09033E-4 1.14677E-4 8.81332E-5 8.07759E-5 9.50805E-5 9.14646E-5 7.60891E-5 6.88767E-5 6.57494E-5 6.40639E-5 9.92518E-5 1.38622E-4 1.53055E-4 1.62248E-4 1.49503E-4 1.29522E-4 1.5599E-4 2.25604E-4 2.46474E-4 1.79068E-4 1.95971E-4 1.97002E-4 1.53218E-4 1.48656E-4 1.77276E-4 1.9301E-4 2.1142E-4 2.20661E-4 1.45263E-4 5.53772E-5 5.91884E-5 1.20404E-4 2.53641E-4 3.51863E-4 4.46616E-4 5.6945E-4 5.27335E-4 4.17172E-4 2.73246E-4 1.66964E-4 1.71766E-4 1.39605E-4 8.49835E-5 6.94959E-5 6.38594E-5 4.86787E-5 3.21513E-5 3.10414E-5 3.20179E-5 2.93821E-5 2.40322E-5 1.22801E-5 1.07594E-5 1.40102E-5 7.19193E-6
6.86312E-5 7.97613E-5 8.39528E-5 7.16674E-5 6.85795E-5 6.63383E-5 6.31247E-5 5.46043E-5 4.67558E-5 5.82533E-5 7.34807E-5 8.2324E-5 8.31881E-5 6.95115E-5 8.85492E-5 1.10482E-4 1.11559E-4 9.48193E-5 6.35711E-5 6.12141E-5 6.99328E-5 7.33634E-5 8.95998E-5 1.11546E-4 1.26332E-4 2.17667E-4 1.83881E-4 1.81889E-4 2.02516E-4 2.2361E-4 2.07756E-4 2.39081E-4 2.19374E-4 2.64581E-4 2.96933E-4 2.67776E-4 2.08357E-4 1.9043E-4 1.98327E-4 1.82347E-4 1.09601E-4 5.89339E-5 6.34829E-5 1.14118E-4 1.52497E-4 2.44386E-4 2.75154E-4 3.34907E-4 3.31355E-4 2.57375E-4 1.90717E-4 1.90708E-4 1.49173E-4 1.14083E-4 7.24473E-5 6.14215E-5 6.38112E-5 4.42068E-5 3.50946E-5 2.95771E-5 2.98095E-5 2.35098E-5 1.27661E-5 1.03185E-5 1.49975E-5 8.42838E-6
7.94981E-5 1.15741E-4 1.05557E-4 7.8106E-5 6.10609E-5 4.70288E-5 4.58473E-5 4.11361E-5 5.15849E-5 6.77365E-5 8.808E-5 1.09473E-4 9.52197E-5 7.6487E-5 8.58341E-5 1.09252E-4 9.52898E-5 7.87673E-5 6.32242E-5 7.51539E-5 8.62238E-5 9.1908E-5 1.03731E-4 9.68093E-5 1.08629E-4 1.25245E-4 1.25272E-4 1.59928E-4 1.73938E-4 1.977E-4 1.88174E-4 2.16844E-4 3.08819E-4 3.44243E-4 3.34937E-4 2.74336E-4 2.36155E-4 2.00765E-4 1.53092E-4 1.24171E-4 1.1522E-4 9.61694E-5 6.72489E-5 7.89044E-5 1.61076E-4 2.83137E-4 2.89582E-4 3.76498E-4 4.78911E-4 4.82497E-4 3.6633E-4 3.06724E-4 2.05417E-4 1.34387E-4 8.68548E-5 7.32237E-5 6.97607E-5 5.98938E-5 4.73088E-5 3.30691E-5 2.82362E-5 2.50163E-5 1.36656E-5 1.01743E-5 1.62388E-5 9.38033E-6
9.16072E-5 9.88524E-5 8.65877E-5 7.41782E-5 7.62075E-5 6.11218E-5 4.73296E-5 4.52637E-5 5.25375E-5 6.67998E-5 8.12818E-5 9.80286E-5 9.80311E-5 9.99916E-5 8.1028E-5 7.55334E-5 7.20255E-5 6.12702E-5 6.75045E-5 7.97068E-5 1.01062E-4 1.11738E-4 1.07016E-4 1.05437E-4 9.30746E-5 7.85153E-5 9.22712E-5 1.10986E-4 1.19645E-4 1.92418E-4 1.99681E-4 1.85548E-4 2.3475E-4 3.45948E-4 3.03769E-4 2.36666E-4 2.16959E-4 1.52333E-4 1.20428E-4 1.2954E-4 1.36721E-4 1.30192E-4 9.67154E-5 1.28739E-4 1.92202E-4 2.37842E-4 2.9078E-4 5.14551E-4 5.33581E-4 4.39863E-4 4.38695E-4 3.84009E-4 3.18571E-4 1.98129E-4 1.18179E-4 1.02589E-4 8.09952E-5 7.3165E-5 5.51225E-5 3.82562E-5 2.63235E-5 2.24615E-5 1.53863E-5 1.04085E-5 9.72967E-6 6.71465E-6
1.15161E-4 8.96898E-5 9.61608E-5 1.10333E-4 1.02545E-4 7.98621E-5 6.09046E-5 6.28555E-5 6.18825E-5 6.47752E-5 7.17449E-5 8.42725E-5 1.02744E-4 9.429E-5 9.18493E-5 7.89502E-5 7.18015E-5 7.43206E-5 7.98656E-5 1.05957E-4 1.22445E-4 9.80009E-5 7.99932E-5 8.92567E-5 1.16814E-4 9.23459E-5 7.22046E-5 7.85595E-5 1.18087E-4 1.73095E-4 1.76799E-4 1.70813E-4 1.46396E-4 1.98657E-4 2.02152E-4 1.69197E-4 1.63704E-4 1.41145E-4 1.42125E-4 1.95165E-4 1.79423E-4 1.49051E-4 1.19178E-4 9.75152E-5 1.46098E-4 2.32296E-4 4.0878E-4 6.98898E-4 8.44683E-4 5.01702E-4 4.00515E-4 3.03016E-4 3.56273E-4 2.54596E-4 2.10909E-4 1.34594E-4 1.02484E-4 8.25018E-5 6.38215E-5 4.27742E-5 3.05212E-5 2.19172E-5 1.64235E-5 1.20044E-5 9.29057E-6 5.69673E-6
8.73609E-5 7.57262E-5 9.63763E-5 1.09898E-4 9.67651E-5 7.90057E-5 7.8044E-5 7.05605E-5 7.90554E-5 8.66748E-5 8.12312E-5 9.80393E-5 8.69573E-5 9.39539E-5 1.03211E-4 8.17253E-5 9.21095E-5 9.98446E-5 8.08815E-5 1.02287E-4 1.02281E-4 1.02857E-4 7.901E-5 8.92942E-5 1.16885E-4 8.67339E-5 7.77957E-5 9.03636E-5 8.97431E-5 1.10495E-4 1.11741E-4 1.05068E-4 9.46308E-5 1.1208E-4 1.68699E-4 1.9312E-4 1.95041E-4 1.38454E-4 1.77869E-4 2.42004E-4 2.4957E-4 2.45574E-4 1.78876E-4 1.32056E-4 1.78168E-4 2.16539E-4 3.23031E-4 5.94523E-4 9.35847E-4 6.39644E-4 3.4417E-4 3.52632E-4 4.77182E-4 3.3746E-4 2.73879E-4 2.10567E-4 1.45053E-4 1.04931E-4 7.01845E-5 5.76792E-5 4.20378E-5 3.10737E-5 2.20186E-5 1.505E-5 1.17797E-5 7.10915E-6
5.34209E-5 6.50641E-5 7.41823E-5 9.92231E-5 1.00288E-4 9.17985E-5 9.13624E-5 7.42257E-5 9.70411E-5 1.03554E-4 8.12275E-5 9.07687E-5 8.20283E-5 8.54578E-5 9.27386E-5 1.0912E-4 9.6037E-5 9.91376E-5 7.73397E-5 9.56999E-5 1.40975E-4 9.85777E-5 8.07416E-5 1.04863E-4 1.12197E-4 1.0775E-4 9.53975E-5 1.12651E-4 9.87137E-5 8.52296E-5 8.05673E-5 6.87055E-5 7.44634E-5 1.02374E-4 1.41284E-4 1.64577E-4 2.09671E-4 2.04244E-4 2.40849E-4 2.69811E-4 2.63675E-4 2.34586E-4 2.17921E-4 1.8446E-4 2.44739E-4 2.95797E-4 3.55532E-4 4.21092E-4 6.15677E-4 5.35846E-4 4.06856E-4 3.84492E-4 5.6834E-4 4.2169E-4 2.41061E-4 2.23282E-4 1.62554E-4 1.30775E-4 9.61358E-5 7.51788E-5 5.07525E-5 3.81486E-5 2.85554E-5 2.27969E-5 -9999 -9999
6.06113E-5 7.66416E-5 1.01288E-4 8.6521E-5 7.54002E-5 8.68522E-5 8.64477E-5 6.93456E-5 7.78222E-5 8.29345E-5 8.89087E-5 7.04546E-5 6.4315E-5 8.42118E-5 1.0198E-4 9.2118E-5 9.92074E-5 9.15257E-5 1.04489E-4 9.07726E-5 1.11415E-4 9.46042E-5 8.36713E-5 1.05436E-4 9.74871E-5 1.00013E-4 8.65713E-5 9.60681E-5 9.38498E-5 1.0591E-4 8.76374E-5 8.86739E-5 8.71876E-5 1.04843E-4 1.49381E-4 1.46121E-4 2.01634E-4 2.75042E-4 2.61761E-4 2.53588E-4 2.09206E-4 1.55843E-4 1.42241E-4 1.51948E-4 1.94206E-4 3.1236E-4 4.25928E-4 4.21604E-4 5.21073E-4 4.08685E-4 3.65264E-4 3.75136E-4 5.17304E-4 5.54145E-4 2.16917E-4 1.63135E-4 1.30118E-4 1.12251E-4 8.76516E-5 7.0506E-5 6.01813E-5 5.37468E-5 4.28316E-5 3.40793E-5 -9999 -9999
7.30988E-5 7.03805E-5 8.0787E-5 7.30482E-5 5.90879E-5 6.39762E-5 6.30282E-5 5.4688E-5 7.09173E-5 9.2357E-5 9.40337E-5 8.25467E-5 9.27682E-5 7.82366E-5 7.25476E-5 9.21693E-5 1.12992E-4 9.93102E-5 1.01262E-4 9.35805E-5 8.68751E-5 8.5652E-5 9.47933E-5 8.52154E-5 9.25847E-5 8.83676E-5 7.24969E-5 7.34889E-5 9.19531E-5 9.72617E-5 9.3924E-5 1.05282E-4 1.13102E-4 8.94535E-5 1.30898E-4 1.25614E-4 1.45573E-4 2.46825E-4 3.31597E-4 2.58863E-4 2.79707E-4 2.37745E-4 1.60918E-4 1.57026E-4 2.05911E-4 2.4791E-4 2.68873E-4 3.44092E-4 5.10644E-4 4.06561E-4 3.73182E-4 3.52269E-4 5.04548E-4 6.38509E-4 3.16894E-4 1.65384E-4 1.65368E-4 1.18777E-4 7.16679E-5 5.43872E-5 5.84649E-5 5.98418E-5 4.41092E-5 2.89686E-5 2.42288E-5 -9999
7.17246E-5 7.59072E-5 9.05522E-5 7.68619E-5 7.07859E-5 5.74317E-5 4.82971E-5 4.78756E-5 6.00141E-5 7.05342E-5 7.65291E-5 9.71117E-5 1.05604E-4 8.00153E-5 6.22064E-5 7.59999E-5 8.53755E-5 8.1667E-5 1.09058E-4 9.11249E-5 1.02916E-4 9.85224E-5 1.04773E-4 8.97681E-5 1.01894E-4 9.60073E-5 7.88344E-5 9.71997E-5 9.20528E-5 7.99555E-5 1.00597E-4 9.45247E-5 9.034E-5 1.03093E-4 9.23155E-5 9.98047E-5 1.12492E-4 1.53925E-4 1.77077E-4 2.63519E-4 4.39231E-4 4.29554E-4 2.79678E-4 2.12357E-4 1.96194E-4 1.6538E-4 1.68503E-4 3.17892E-4 6.05728E-4 5.12894E-4 4.24745E-4 4.34696E-4 4.30101E-4 3.93689E-4 2.90503E-4 2.2906E-4 2.51225E-4 1.38165E-4 7.74944E-5 4.88002E-5 4.43606E-5 5.05162E-5 3.81106E-5 2.80096E-5 3.35535E-5 -9999
5.84151E-5 8.17804E-5 8.9406E-5 9.28672E-5 9.29822E-5 6.90751E-5 5.05486E-5 3.91915E-5 4.8609E-5 5.06873E-5 5.82904E-5 7.33669E-5 7.66586E-5 6.73154E-5 6.72504E-5 8.27893E-5 1.24261E-4 8.36861E-5 7.97719E-5 7.57813E-5 7.84133E-5 9.81614E-5 1.01473E-4 8.05518E-5 7.66744E-5 8.31066E-5 1.01352E-4 1.02024E-4 9.23149E-5 7.04504E-5 7.73791E-5 8.72448E-5 8.85396E-5 1.02998E-4 9.81223E-5 8.4166E-5 1.17751E-4 1.42368E-4 1.39037E-4 1.56117E-4 2.35579E-4 3.99718E-4 3.27788E-4 3.31212E-4 2.66372E-4 2.52134E-4 2.95074E-4 3.79312E-4 5.7476E-4 5.03945E-4 3.89186E-4 4.67695E-4 5.76276E-4 5.45432E-4 3.96013E-4 2.98403E-4 3.32625E-4 2.05424E-4 1.04844E-4 5.22508E-5 3.86184E-5 4.54262E-5 3.97832E-5 3.92687E-5 5.25455E-5 3.0878E-5
7.51469E-5 6.3103E-5 7.86148E-5 8.73137E-5 8.35119E-5 6.64002E-5 4.95193E-5 4.22191E-5 4.87655E-5 6.15959E-5 8.15564E-5 8.82861E-5 7.52204E-5 5.95638E-5 7.62679E-5 9.93894E-5 1.41248E-4 9.30239E-5 7.52654E-5 6.23762E-5 7.15203E-5 8.8228E-5 9.04179E-5 8.47252E-5 1.02802E-4 8.96248E-5 9.85825E-5 8.65815E-5 7.27902E-5 7.21354E-5 9.30043E-5 1.11651E-4 8.45237E-5 7.31171E-5 7.53152E-5 7.91759E-5 8.57854E-5 1.08601E-4 1.21539E-4 1.52274E-4 1.43906E-4 1.34721E-4 2.31445E-4 3.76178E-4 3.21854E-4 2.91023E-4 3.44272E-4 3.2495E-4 3.62859E-4 3.57873E-4 4.0626E-4 4.92686E-4 5.3079E-4 5.14271E-4 4.47421E-4 4.28316E-4 3.96259E-4 2.69106E-4 1.17352E-4 7.7916E-5 5.43475E-5 4.26576E-5 4.69374E-5 4.26803E-5 4.81715E-5 3.11014E-5
7.60207E-5 6.19752E-5 5.7219E-5 6.26442E-5 6.08957E-5 5.65256E-5 6.29408E-5 5.63985E-5 5.8979E-5 7.437E-5 8.60541E-5 9.69693E-5 7.97916E-5 7.67233E-5 8.02531E-5 7.27644E-5 8.11249E-5 1.07626E-4 9.03209E-5 6.86423E-5 6.90625E-5 8.55936E-5 9.40286E-5 8.22563E-5 9.90315E-5 9.52768E-5 1.05675E-4 9.81326E-5 8.57985E-5 8.62798E-5 1.09249E-4 8.72193E-5 8.18157E-5 8.66154E-5 9.70913E-5 9.689E-5 9.58093E-5 1.40407E-4 1.35433E-4 1.33131E-4 1.50687E-4 1.25768E-4 1.44675E-4 1.87185E-4 1.88357E-4 3.06649E-4 3.60064E-4 3.25496E-4 2.98034E-4 3.01371E-4 2.99143E-4 2.60723E-4 2.71976E-4 3.09154E-4 3.09428E-4 3.85969E-4 2.9251E-4 2.035E-4 1.15702E-4 8.86021E-5 6.87113E-5 5.59189E-5 4.6665E-5 4.32733E-5 3.28202E-5 2.22936E-5
5.74067E-5 6.12745E-5 5.74557E-5 4.64298E-5 5.47316E-5 6.95506E-5 8.00734E-5 7.22083E-5 7.15436E-5 8.82572E-5 1.02675E-4 7.59402E-5 6.31963E-5 8.85771E-5 1.07503E-4 8.66232E-5 9.35263E-5 1.02547E-4 8.00284E-5 8.53874E-5 9.45863E-5 8.90553E-5 1.02005E-4 7.68109E-5 9.83829E-5 9.56539E-5 8.44701E-5 9.30558E-5 9.00085E-5 1.13024E-4 8.96683E-5 8.5658E-5 1.06968E-4 9.74182E-5 1.13549E-4 1.22614E-4 1.18791E-4 1.26957E-4 1.1857E-4 1.11526E-4 1.14295E-4 1.29402E-4 1.15774E-4 1.23076E-4 1.39337E-4 1.90708E-4 2.57511E-4 2.37097E-4 3.37472E-4 3.41446E-4 2.86364E-4 2.12022E-4 2.50482E-4 2.57466E-4 2.54394E-4 2.05672E-4 1.89562E-4 2.91333E-4 2.26754E-4 1.35482E-4 1.04453E-4 1.11435E-4 9.37103E-5 8.89031E-5 7.596E-5 3.47356E-5
