catData/rasterBestHybridModels/Pbengalensis/RD_BM01_RM1_L/Pbengalensis_max.asc
ncols         409
nrows         350
xllcorner     60.897278365
yllcorner     5.843756025
cellsize      0.0892857
NODATA_value  -9999
[rows 203 to 231 of 350, columns 132 to 197 of 409]
-9999 -9999 -9999 1.73449E-5 2.21567E-5 1.31877E-5 3.65042E-5 5.50191E-5 9.20794E-5 5.74596E-5 5.56852E-6 1.09146E-5 4.90002E-6 7.27744E-6 1.00881E-5 2.14602E-5 1.32944E-5 2.36134E-5 2.80056E-5 1.59937E-5 1.39388E-5 4.7398E-5 1.10764E-5 6.29637E-6 2.55866E-6 8.96199E-6 6.91313E-6 1.65832E-5 4.57382E-5 1.79447E-5 1.89091E-5 1.19578E-5 9.00004E-6 6.10395E-6 9.64266E-6 5.69009E-6 6.7958E-7 9.45686E-7 5.80723E-6 1.23779E-6 2.64017E-6 4.55672E-6 2.07316E-5 1.48244E-7 1.2935E-6 1.97021E-6 1.98867E-6 4.1111E-6 3.34869E-6 6.54266E-7 2.72152E-6 5.63686E-6 1.02619E-6 9.65011E-7 2.20859E-6 1.33344E-5 2.58155E-6 8.99578E-8 4.65192E-7 1.19372E-5 3.10625E-5 4.36493E-7 5.34099E-5 3.75905E-5 2.4419E-5 1.9487E-5
-9999 -9999 1.84648E-4 2.03992E-5 9.47781E-6 4.23229E-5 5.69744E-5 4.04844E-5 1.31217E-4 9.77071E-6 1.07982E-5 1.41013E-6 6.02983E-6 1.10495E-5 2.58142E-5 1.19134E-5 4.8483E-6 3.31949E-5 3.20604E-5 3.35767E-5 2.95654E-5 6.01556E-5 2.85498E-5 2.10867E-5 1.83718E-5 6.9121E-6 8.07299E-6 1.79355E-5 5.43129E-5 3.52526E-5 4.10477E-5 1.37799E-5 6.33016E-6 6.75707E-6 7.27474E-6 1.10989E-5 1.36277E-6 1.54647E-7 1.20372E-6 6.4174E-7 2.39371E-6 4.00667E-6 1.02452E-5 1.63849E-5 1.09181E-6 2.87156E-7 6.54904E-6 5.64936E-6 1.83397E-6 3.6286E-7 4.18136E-6 2.56225E-5 1.72697E-5 8.72877E-7 5.6431E-6 2.81826E-6 3.99987E-7 5.67101E-8 7.08103E-6 3.25703E-6 4.89175E-5 4.58371E-6 5.93758E-6 1.28688E-6 1.24425E-5 4.20713E-6
-9999 -9999 4.30435E-5 1.78734E-7 1.00921E-5 1.33016E-5 1.99519E-5 3.56951E-5 2.21219E-5 1.92968E-5 2.63387E-5 4.17079E-5 1.78458E-5 8.76482E-6 1.60323E-5 2.40516E-5 1.16236E-5 4.83728E-6 9.79565E-6 4.20416E-5 5.43634E-5 4.92707E-5 4.47413E-5 3.24244E-5 3.43211E-5 2.62845E-5 1.49211E-6 2.82345E-6 6.22833E-5 4.03824E-5 1.15517E-5 6.49323E-6 1.13277E-5 8.68627E-6 2.15549E-6 1.30567E-5 4.04918E-5 9.55757E-6 1.25092E-6 1.32197E-6 2.45045E-6 1.19755E-6 3.22666E-6 2.92092E-6 1.30575E-7 1.4801E-6 1.20319E-6 2.44143E-5 9.80688E-6 5.7997E-6 1.79695E-5 3.25985E-5 5.09643E-6 8.6538E-6 1.09279E-5 1.01505E-6 1.33366E-7 1.57653E-7 2.71721E-6 3.47459E-5 6.64065E-5 5.45167E-6 1.4668E-6 1.85168E-6 5.55857E-6 1.81522E-5
-9999 -9999 8.50124E-5 2.11024E-5 8.77308E-6 1.50876E-5 1.2224E-5 6.97624E-5 1.52153E-4 6.51726E-6 5.98937E-5 1.32224E-5 2.41112E-4 4.8996E-5 5.0858E-5 1.59482E-5 6.93996E-6 1.18881E-5 5.41898E-6 8.91637E-6 2.73492E-5 4.72957E-5 5.4179E-5 1.0174E-5 2.16001E-5 3.35179E-5 7.54847E-5 7.72379E-6 2.70056E-5 3.36105E-5 1.99516E-5 3.55341E-6 3.11633E-6 3.28071E-6 1.36814E-6 1.75146E-6 1.3118E-6 1.1709E-6 4.07892E-7 1.90163E-7 2.43164E-7 2.88722E-6 3.2079E-7 5.37565E-6 5.08639E-6 1.5581E-6 9.74786E-7 4.34025E-6 4.23478E-6 9.63675E-7 2.09915E-6 1.92916E-5 4.05084E-6 6.70439E-6 1.72671E-6 3.03203E-5 3.33184E-6 2.31007E-5 7.94622E-5 6.65973E-5 4.6123E-5 7.40145E-5 2.67368E-6 1.07721E-5 2.59792E-5 2.11052E-5
-9999 -9999 1.72677E-4 1.24431E-5 3.42268E-5 6.05519E-6 7.73367E-5 4.88709E-5 1.26461E-4 1.04778E-5 1.99604E-6 1.44829E-5 9.65669E-5 3.33629E-4 7.95597E-5 4.19049E-5 2.77824E-5 2.49405E-5 1.55049E-5 5.74665E-5 2.7644E-5 3.49243E-5 4.62707E-6 1.1975E-5 1.63897E-5 2.54918E-5 2.49088E-5 4.94655E-5 6.31494E-6 9.89052E-6 1.75379E-5 4.20815E-5 4.31713E-5 1.77643E-5 1.72864E-5 1.9437E-6 2.98044E-7 4.15374E-7 5.83889E-6 2.87217E-6 4.17529E-6 3.12614E-5 4.5088E-6 2.20119E-6 2.54624E-6 1.53591E-6 2.90685E-6 4.4933E-6 7.0579E-6 1.21578E-7 7.89364E-6 1.35391E-5 4.92543E-6 1.03777E-6 1.53737E-6 7.3059E-7 1.5214E-5 6.20249E-5 5.56023E-5 5.83055E-5 6.56098E-5 5.43451E-5 8.72048E-6 1.06897E-5 2.99155E-5 2.1887E-5
-9999 -9999 1.53215E-4 9.91571E-5 1.50702E-4 7.83294E-5 7.72272E-6 1.29182E-5 1.16277E-4 1.0634E-4 7.80905E-6 3.67992E-5 3.58478E-5 2.26875E-5 1.9357E-5 3.99299E-5 1.97768E-5 2.73525E-5 1.04294E-5 4.37625E-5 1.15048E-4 1.86485E-5 5.57352E-6 2.74569E-5 1.77667E-5 3.09334E-5 1.92379E-5 4.95075E-5 9.1492E-6 7.25097E-6 2.98927E-5 2.14554E-5 5.12334E-5 2.90997E-5 5.02544E-6 3.41361E-6 1.43751E-6 1.26814E-6 3.60656E-6 6.57716E-7 9.48518E-7 1.41518E-6 2.32423E-5 5.54829E-5 1.32745E-5 8.20988E-6 1.31234E-6 2.11218E-6 1.16145E-6 1.13887E-5 7.74947E-6 1.31702E-6 2.6534E-7 1.22085E-6 1.1342E-7 4.79014E-7 2.82678E-6 5.61853E-5 3.24222E-5 1.57519E-5 9.90183E-6 7.53816E-6 4.16632E-5 4.35451E-5 1.90994E-5 1.59451E-5
-9999 -9999 1.26375E-4 9.85683E-5 1.8013E-5 1.2516E-4 3.3075E-5 3.92038E-5 8.08254E-5 9.44677E-5 1.65002E-5 5.17417E-5 4.01491E-6 2.22216E-6 4.4939E-5 6.80792E-5 3.20042E-5 2.26461E-5 2.02947E-5 9.47103E-6 9.5963E-6 1.99053E-6 3.29056E-6 4.22147E-5 1.77058E-5 4.49955E-5 9.3876E-6 1.11394E-5 1.18511E-5 6.28418E-6 4.55036E-6 2.30924E-5 1.74598E-5 3.26654E-5 2.00303E-5 7.30662E-6 1.66246E-6 1.43943E-6 8.87536E-6 2.27033E-6 1.1807E-6 3.61535E-7 6.78737E-7 1.30955E-5 3.95545E-5 1.20826E-5 3.79409E-6 6.39645E-7 2.29766E-6 5.83859E-6 3.82463E-5 9.03491E-6 2.8843E-6 6.17635E-6 2.3876E-7 1.93304E-7 8.73067E-7 1.57756E-5 8.188E-5 5.4669E-5 5.84586E-6 1.55508E-6 1.24884E-5 1.39643E-5 5.53132E-6 4.35474E-5
-9999 -9999 -9999 1.83036E-4 5.50232E-5 1.3689E-5 4.75017E-5 3.13447E-5 4.20151E-5 2.01375E-5 3.81579E-6 1.00987E-5 1.63038E-6 2.76085E-6 1.29545E-5 5.04398E-5 7.58915E-5 1.47583E-5 4.99108E-5 2.75729E-5 6.17587E-5 1.94043E-5 4.45726E-5 4.89795E-5 2.26792E-5 1.10706E-5 1.44258E-5 8.33246E-6 1.88947E-5 1.13551E-5 4.97906E-6 6.99407E-6 3.78931E-6 1.94488E-5 3.32303E-5 3.9894E-5 1.82356E-5 1.25811E-5 9.6482E-6 1.77962E-6 1.48865E-6 2.25362E-6 8.23917E-6 4.23038E-6 8.15078E-6 2.28294E-6 8.76331E-6 4.53336E-6 2.46244E-6 6.67972E-6 8.72873E-7 3.94203E-6 3.5645E-7 2.61909E-6 3.27413E-6 5.18311E-6 1.75887E-6 5.05498E-7 6.62152E-5 6.14189E-5 4.183E-5 8.1898E-6 1.45668E-6 8.79322E-6 1.32976E-6 2.53259E-6
-9999 -9999 -9999 -9999 5.39654E-5 1.57109E-5 9.00554E-5 2.70043E-5 2.13582E-5 3.28877E-5 5.97292E-6 4.68134E-5 2.64654E-5 6.27175E-7 2.22327E-5 3.39176E-5 2.45465E-5 6.31103E-6 3.40853E-5 2.56245E-5 5.64037E-5 1.55338E-5 8.8168E-6 1.56643E-5 2.72689E-5 2.14124E-5 4.69779E-5 1.38445E-5 1.48825E-6 4.03938E-6 8.47241E-6 6.90857E-6 4.74296E-5 2.42834E-5 5.12895E-6 7.17946E-6 1.91331E-5 1.85711E-5 9.08442E-6 3.47919E-6 2.77377E-6 6.03945E-7 4.82521E-6 3.15892E-6 1.83454E-6 1.55721E-6 1.17449E-5 4.70693E-6 5.74678E-7 6.92277E-7 1.00198E-6 8.64752E-8 6.67284E-6 4.67751E-6 4.85382E-5 2.20899E-6 2.9928E-6 6.21245E-6 2.48579E-5 2.94139E-5 2.23169E-5 4.00797E-5 1.24938E-5 2.3E-5 5.62365E-6 1.43359E-6
-9999 -9999 -9999 1.24724E-4 7.50564E-5 1.04296E-4 8.01215E-5 3.93689E-5 2.81565E-6 8.79479E-5 5.7569E-5 2.22849E-5 7.14514E-7 2.41946E-6 2.90354E-5 3.50038E-5 1.10298E-5 3.17756E-5 3.20729E-5 2.1778E-5 5.15988E-5 4.92115E-5 4.14685E-5 4.05855E-5 1.50913E-5 8.94268E-6 1.17667E-5 5.04528E-5 2.72331E-6 1.15839E-5 5.95434E-5 1.33601E-5 2.24937E-6 7.68352E-6 4.08828E-6 1.7917E-5 3.55878E-6 1.31686E-5 6.69017E-6 2.03279E-7 4.36954E-7 3.64702E-6 2.25459E-6 1.25355E-6 5.53934E-6 6.58114E-7 4.20861E-6 2.4638E-6 8.11227E-7 3.60969E-7 5.62836E-6 1.12209E-6 2.65901E-7 2.57845E-6 2.74731E-5 3.25609E-6 2.07337E-7 1.79328E-7 2.3972E-6 3.18888E-5 2.00655E-5 1.14036E-5 1.91341E-5 1.76379E-5 1.0779E-6 2.11553E-6
-9999 -9999 -9999 -9999 1.16957E-4 1.02175E-4 9.42356E-6 2.2229E-5 2.62442E-5 6.09621E-6 5.82782E-5 6.9166E-5 6.35355E-7 1.55265E-6 8.66407E-6 2.58571E-5 1.04262E-5 5.73817E-6 2.58649E-5 4.24883E-5 7.23094E-5 8.00165E-5 6.09991E-5 1.16399E-5 1.64433E-5 3.93572E-6 1.44356E-5 1.09642E-5 5.0965E-6 2.1276E-5 2.48774E-5 6.56885E-6 1.68751E-6 1.78348E-5 7.20941E-7 1.1926E-5 3.06225E-5 3.60529E-5 2.8523E-5 1.34997E-5 1.34076E-6 4.87372E-6 7.53205E-6 1.15811E-6 3.48699E-6 1.05804E-5 1.17047E-5 8.84697E-6 1.13185E-6 1.0485E-6 4.89683E-7 1.11471E-5 1.29109E-6 7.2743E-7 1.42215E-6 1.06156E-5 5.34367E-6 6.21058E-8 1.98229E-7 1.49615E-6 2.22994E-7 1.71313E-5 4.81573E-6 3.98895E-6 1.98444E-5 2.63978E-6
-9999 -9999 -9999 -9999 1.14407E-4 8.85707E-5 1.15474E-5 3.97727E-6 4.94063E-6 3.32939E-5 1.92631E-4 1.04247E-4 2.5028E-5 1.09909E-5 5.41178E-6 2.51563E-5 2.68501E-5 3.28916E-5 3.72786E-5 1.54523E-5 2.00226E-5 5.82626E-6 1.58653E-5 2.39023E-6 2.39263E-6 2.29002E-6 5.44013E-6 1.75496E-5 6.7072E-6 1.72802E-6 7.92687E-7 4.08573E-6 3.2143E-6 5.5134E-7 1.1035E-5 1.56183E-5 1.84235E-5 6.17584E-5 1.48688E-5 2.7936E-5 1.95217E-5 7.25997E-6 1.8074E-6 2.11664E-6 1.56491E-6 3.12259E-6 1.49133E-6 1.07397E-6 6.96403E-6 1.73053E-6 1.91231E-7 9.27732E-6 9.06052E-7 4.89907E-6 1.0856E-6 1.44666E-5 8.57136E-6 8.3044E-7 1.96987E-7 1.50498E-7 8.32165E-7 1.1897E-5 4.88334E-6 4.29016E-7 2.08772E-6 1.99291E-6
-9999 -9999 -9999 -9999 2.5497E-4 2.19565E-4 3.52927E-6 2.83665E-6 8.02509E-6 2.08244E-4 2.57382E-4 1.09038E-4 8.46055E-6 1.36316E-5 2.90099E-5 2.93287E-6 9.6012E-6 1.70862E-5 3.65533E-5 1.80489E-5 6.82193E-6 3.68241E-7 1.46152E-6 5.66544E-6 9.77067E-6 5.20178E-6 7.33953E-6 2.17545E-5 3.00787E-6 3.16662E-6 6.22071E-6 5.12682E-6 2.04738E-5 1.33972E-6 1.52862E-5 5.01411E-6 1.13671E-5 2.58498E-5 2.06026E-5 6.05905E-5 2.98283E-5 3.41696E-6 7.07147E-7 6.2727E-6 1.59391E-5 9.09372E-7 7.65596E-7 3.4077E-6 1.99258E-6 1.17679E-6 3.21763E-6 1.1431E-5 3.7886E-6 3.06433E-6 2.06335E-7 3.68017E-7 1.50742E-6 5.34932E-6 5.05633E-7 4.20117E-7 1.10291E-6 9.66738E-6 1.84592E-5 1.54514E-5 6.88334E-8 7.90331E-8
-9999 -9999 -9999 -9999 2.54716E-4 2.62573E-4 1.52188E-5 1.32255E-6 8.58563E-6 7.87024E-5 1.82747E-4 7.79838E-5 1.09789E-5 1.30723E-5 3.74807E-5 2.18801E-5 1.49677E-5 1.54793E-5 1.75314E-5 1.13133E-5 1.80111E-5 9.44165E-6 3.23633E-5 1.59581E-5 2.52811E-5 8.39778E-6 2.6149E-6 6.33578E-6 1.07597E-5 1.228E-5 7.82186E-6 3.24107E-5 1.34227E-5 3.83341E-6 7.83605E-6 2.56736E-5 4.69821E-6 1.79543E-5 9.69755E-6 3.44625E-5 6.14336E-6 1.51683E-5 3.46768E-5 2.44166E-5 5.57312E-6 6.63552E-7 5.76347E-7 4.01402E-7 2.21755E-7 8.40707E-6 6.48722E-6 2.22312E-6 9.06558E-6 4.89352E-6 5.64761E-6 1.93993E-6 1.90173E-6 1.68317E-6 2.9152E-5 4.76128E-7 8.13474E-7 1.80897E-5 3.90349E-6 2.44018E-5 1.36287E-6 6.87185E-8
-9999 -9999 -9999 -9999 -9999 1.22156E-4 2.35765E-5 2.66569E-6 3.35413E-6 6.24247E-6 2.16034E-4 1.50229E-4 1.70159E-4 6.23851E-6 3.97524E-6 5.5031E-6 2.54023E-5 4.5541E-6 1.14282E-5 2.22024E-5 9.38052E-6 7.00458E-6 8.52281E-5 1.03726E-4 8.40465E-5 2.63995E-5 5.08945E-6 1.65056E-5 1.97036E-5 2.6494E-5 1.26112E-5 3.82731E-5 9.64613E-6 5.84256E-6 1.48191E-5 1.80393E-5 1.85224E-4 1.04292E-5 6.16957E-6 2.74864E-7 3.16702E-6 3.73372E-6 4.41676E-7 2.71948E-6 8.64068E-6 1.38966E-6 9.16423E-7 6.571E-7 8.36864E-7 3.61828E-6 4.75212E-6 3.73565E-6 1.13445E-6 1.39173E-5 3.94818E-6 9.12125E-6 1.15325E-6 4.52598E-6 6.37478E-7 2.81893E-6 3.72568E-6 5.69912E-7 1.77065E-6 4.83696E-6 5.16786E-8 6.09533E-7
-9999 -9999 -9999 -9999 -9999 1.10245E-4 4.37713E-5 3.88886E-5 8.09882E-5 2.29749E-5 1.3299E-5 1.75725E-4 1.33994E-4 7.2602E-5 1.15685E-5 4.98937E-6 6.36755E-5 1.007E-5 2.0116E-5 7.61862E-6 1.20853E-5 3.84665E-5 5.27106E-5 5.79394E-5 3.78565E-5 3.84368E-5 1.33238E-5 7.22873E-6 9.96285E-6 8.55971E-7 1.7713E-5 6.28597E-6 3.75532E-6 1.30942E-5 2.48682E-5 2.28703E-5 1.86969E-5 1.82297E-6 9.86279E-6 2.99248E-7 1.94143E-6 1.71882E-5 4.00911E-6 1.79486E-6 4.26855E-5 3.49321E-7 2.54092E-7 1.60837E-7 8.63849E-7 3.66761E-7 2.19189E-6 5.71681E-7 1.74751E-5 8.50862E-6 2.44064E-5 4.20018E-6 1.50516E-5 6.78321E-7 1.26882E-6 7.1012E-6 1.14149E-5 3.41379E-5 1.60028E-6 7.72777E-6 5.19538E-6 1.22976E-7
-9999 -9999 -9999 -9999 -9999 2.52288E-4 5.53733E-5 7.22968E-5 9.43884E-6 1.10409E-5 2.54143E-5 2.44225E-4 1.63326E-4 2.164E-5 3.51286E-6 2.83069E-5 1.09817E-5 5.59043E-6 1.609E-5 6.90598E-6 1.92286E-5 1.63024E-5 3.66956E-5 5.21498E-5 4.16169E-5 3.52332E-5 3.56921E-5 3.39471E-5 1.62887E-5 2.45017E-5 2.34516E-5 2.78197E-6 6.51283E-6 4.12607E-6 3.44519E-5 4.67948E-6 3.03235E-6 1.6744E-6 7.01108E-7 2.54594E-6 1.98287E-6 7.23638E-6 7.61032E-6 5.09717E-7 1.0393E-6 3.5614E-6 9.82344E-6 3.24696E-6 9.46786E-6 6.13849E-7 6.5134E-8 1.27171E-6 1.76503E-5 1.43145E-6 1.2014E-5 7.01932E-6 8.63219E-7 1.11998E-6 4.60718E-7 9.69248E-7 5.28052E-6 3.09506E-6 2.70711E-6 6.99318E-5 2.44449E-4 1.71525E-5
-9999 -9999 -9999 -9999 -9999 -9999 1.1897E-5 9.82362E-5 4.86058E-5 3.94248E-5 2.0868E-4 2.38049E-4 1.51231E-4 4.1888E-6 9.46578E-5 5.80182E-5 1.21379E-5 7.80409E-6 4.03757E-6 1.64813E-5 2.82656E-5 5.23484E-5 3.25059E-5 5.16483E-5 3.89245E-5 3.45203E-5 3.29478E-5 4.3578E-5 6.00713E-6 5.78596E-5 4.73694E-5 3.2989E-6 1.82648E-5 2.86111E-6 2.39308E-6 7.97508E-6 1.75662E-6 2.78603E-6 5.57437E-7 3.32406E-6 3.26451E-6 3.50052E-6 2.58058E-6 2.12863E-6 5.07495E-7 1.0139E-6 5.15447E-6 1.91463E-6 5.7064E-6 8.27848E-6 1.39632E-6 6.46114E-7 5.55532E-6 4.16242E-6 1.09284E-5 1.78025E-6 1.70517E-6 5.05189E-7 4.25623E-7 1.80291E-6 3.5387E-6 4.86956E-6 6.18819E-6 4.41575E-5 2.90829E-4 2.62258E-4
-9999 -9999 -9999 -9999 -9999 -9999 5.605E-5 6.38231E-5 1.42828E-4 2.14214E-5 1.27656E-4 2.30044E-4 1.18914E-4 3.01382E-6 2.37179E-5 1.36918E-4 1.0683E-4 1.06001E-5 8.37223E-7 4.11534E-6 1.28729E-7 7.12697E-6 2.21778E-5 8.6363E-6 3.14445E-5 3.30128E-5 5.19935E-5 5.53831E-5 1.13965E-5 3.5581E-5 1.96616E-5 2.00078E-5 3.83412E-6 1.02726E-5 4.67266E-6 5.23935E-6 3.77394E-6 4.38273E-7 6.88839E-6 4.5999E-6 2.98637E-5 3.45211E-5 3.48633E-6 6.29548E-7 6.41343E-7 6.4285E-7 2.9767E-6 3.17213E-6 1.0661E-6 3.5014E-6 2.71449E-5 2.14916E-5 7.87638E-6 9.41585E-6 2.21156E-6 4.08344E-6 2.77818E-7 5.4555E-7 1.34939E-6 3.86161E-6 1.92601E-6 8.08681E-6 1.99852E-5 1.68865E-5 8.09283E-5 5.79641E-5
-9999 -9999 -9999 -9999 -9999 -9999 6.05202E-5 1.01095E-4 1.10904E-4 2.0776E-4 2.14452E-4 2.07449E-4 1.6808E-4 3.86667E-5 1.10374E-6 2.65956E-6 6.87319E-5 3.01032E-5 2.43485E-6 6.69115E-7 4.81567E-7 1.48694E-5 2.25126E-6 6.56928E-6 2.4589E-6 1.47152E-5 3.92084E-5 5.11157E-5 3.51072E-5 3.13117E-5 3.69302E-5 2.15253E-5 1.90753E-5 2.09563E-5 2.11323E-5 1.48957E-5 2.54221E-5 1.91663E-6 1.68975E-6 6.60174E-6 3.91081E-5 5.36704E-5 8.00421E-6 3.0933E-6 1.43472E-8 2.07899E-7 4.47352E-7 5.90218E-7 2.98003E-6 4.587E-5 6.38077E-5 3.72452E-5 9.77631E-6 1.93587E-6 5.84874E-7 3.36212E-6 1.0013E-5 5.64656E-7 8.04009E-7 3.6065E-6 2.4999E-7 9.48478E-6 2.65699E-5 6.10944E-5 3.7311E-5 5.58316E-5
-9999 -9999 -9999 -9999 -9999 -9999 1.7836E-4 5.06602E-5 9.7403E-5 1.6147E-4 9.95289E-5 1.49972E-4 1.09915E-4 3.61983E-5 8.64179E-6 3.47211E-6 4.3033E-5 1.06905E-4 1.39188E-5 3.40604E-6 1.22723E-6 2.99231E-6 1.82996E-6 5.10675E-7 1.95086E-6 2.10178E-5 3.70261E-5 3.47903E-5 4.34615E-5 2.5571E-5 2.27471E-5 2.93645E-5 2.11338E-5 2.26876E-5 1.96099E-5 5.60319E-5 3.68204E-5 9.84973E-6 8.12177E-6 1.29872E-5 3.39841E-5 3.93883E-5 7.94427E-6 3.13193E-6 1.43493E-6 2.69276E-5 7.06953E-5 1.82205E-5 2.54538E-5 3.81959E-5 4.3437E-5 4.28154E-5 1.33076E-6 5.86182E-7 3.81337E-6 7.24206E-6 4.21766E-5 3.4603E-6 5.35071E-7 1.10075E-6 2.97943E-7 6.17733E-6 5.92302E-5 2.7343E-5 3.47806E-5 4.48261E-6
-9999 -9999 -9999 -9999 -9999 -9999 -9999 5.79876E-5 1.01449E-4 1.6531E-4 9.50404E-5 1.86564E-4 1.88996E-4 1.22463E-4 4.72659E-6 5.40987E-6 7.05363E-6 2.95524E-5 3.39028E-5 1.28777E-5 2.86779E-6 1.83786E-6 2.50332E-6 1.86324E-6 2.93472E-7 3.12708E-5 3.95833E-5 4.26119E-5 3.54865E-5 1.23253E-5 3.06716E-5 4.16049E-5 3.84355E-5 2.9922E-5 1.16206E-5 4.20554E-5 5.9422E-6 1.45486E-5 3.89058E-6 5.13106E-6 8.85009E-6 2.26097E-5 3.30848E-5 1.21769E-6 2.7251E-6 1.52874E-6 1.45162E-5 5.07017E-6 2.98703E-6 2.43359E-5 1.85796E-5 1.84309E-5 1.66439E-6 5.83589E-6 6.62109E-6 2.76789E-5 5.54276E-5 1.4438E-5 2.48789E-6 6.05148E-6 5.0728E-5 4.38485E-5 7.38288E-5 2.86834E-5 1.00345E-5 1.00635E-5
-9999 -9999 -9999 -9999 -9999 -9999 -9999 4.03581E-5 1.70336E-4 1.92137E-4 1.28391E-4 1.36624E-4 1.54839E-4 1.08719E-4 2.58379E-5 5.17179E-5 1.55761E-5 7.11035E-5 6.96074E-5 1.62721E-5 5.57682E-6 2.41117E-5 1.13563E-6 1.64436E-7 4.81562E-6 6.11873E-6 2.61559E-5 5.05649E-5 4.17221E-6 1.25438E-5 2.12684E-5 3.43029E-5 4.72269E-5 7.14578E-5 6.12996E-5 5.91018E-6 1.72307E-5 4.02078E-5 1.62381E-5 4.77802E-6 3.21359E-6 2.05448E-5 6.10527E-6 4.43816E-6 2.40944E-6 3.02686E-7 1.15614E-5 2.02581E-6 2.49415E-6 1.75376E-6 2.43483E-6 1.41103E-5 1.53943E-5 1.85262E-5 3.90882E-5 2.8893E-5 1.23241E-5 1.74315E-5 4.64154E-6 1.34935E-5 1.04975E-5 7.49217E-5 1.26954E-5 1.80131E-5 2.18927E-5 8.98904E-6
-9999 -9999 -9999 -9999 -9999 -9999 -9999 2.03839E-5 4.65652E-5 2.3008E-4 1.77468E-4 1.99093E-4 1.39018E-4 1.5216E-4 1.40297E-6 2.66896E-6 2.41133E-5 1.32382E-4 1.01553E-4 4.35877E-5 2.63998E-6 1.58017E-4 3.22948E-5 6.12924E-6 3.4612E-8 1.27023E-5 3.8473E-5 3.24118E-5 6.78906E-6 2.26452E-6 1.9084E-6 3.79181E-5 5.61112E-5 3.79104E-5 8.62264E-5 4.20498E-5 1.76204E-5 1.13136E-5 4.81042E-5 1.93796E-5 5.85947E-6 1.09637E-6 1.69662E-6 5.11518E-7 1.59534E-7 1.89405E-6 4.52768E-5 1.05266E-5 5.00904E-7 5.85329E-5 3.64837E-6 8.32652E-6 5.43692E-6 1.14079E-5 7.82568E-5 7.19149E-5 9.28228E-6 4.4166E-5 1.3339E-5 1.57071E-6 4.03377E-6 8.88907E-7 6.42372E-6 2.43578E-5 3.19001E-5 1.464E-5
-9999 -9999 -9999 -9999 -9999 -9999 -9999 5.03364E-5 1.21085E-4 2.10253E-4 1.64699E-4 1.87066E-4 1.46754E-4 1.61249E-4 5.70226E-5 8.46391E-5 2.92101E-5 6.08716E-6 8.18054E-7 4.85202E-6 8.44525E-6 1.0659E-5 7.52041E-6 1.87257E-5 2.15424E-5 1.53647E-5 8.1071E-6 2.12585E-5 3.27587E-5 1.00257E-6 2.93637E-6 1.90959E-5 1.39629E-5 3.11877E-5 2.64274E-5 3.02765E-5 1.45991E-5 1.65963E-5 7.40101E-6 7.9451E-6 9.43971E-6 4.35094E-6 3.99123E-6 5.64486E-7 5.7586E-7 7.47179E-6 4.35666E-6 6.02679E-7 2.12254E-6 2.08673E-5 7.84646E-5 1.66438E-5 2.35517E-5 1.56409E-5 8.95339E-5 2.53419E-5 2.1394E-5 4.71882E-5 9.88785E-6 9.80404E-6 6.43104E-7 3.16383E-6 9.4067E-6 2.08585E-5 1.15313E-5 9.69256E-6
-9999 -9999 -9999 -9999 -9999 -9999 -9999 2.3379E-5 1.20239E-4 1.95513E-4 1.69703E-4 1.2012E-4 1.15175E-4 1.53072E-4 7.19391E-5 2.89762E-5 1.3652E-4 3.68607E-5 8.01893E-5 8.41365E-5 1.27818E-4 9.50693E-5 2.2658E-5 2.2078E-5 1.94372E-5 8.13739E-6 1.67454E-5 3.4181E-5 7.97971E-6 4.04358E-6 1.62943E-5 3.02818E-5 2.70085E-5 5.93944E-5 7.36452E-5 2.47542E-5 9.806E-6 5.04306E-6 9.13012E-7 1.51262E-6 2.10919E-6 1.04437E-6 2.89495E-7 3.07232E-6 1.12813E-5 1.15312E-5 7.4533E-6 4.09221E-5 1.98098E-5 6.41745E-5 7.32084E-5 5.75579E-5 2.80077E-5 6.79505E-5 9.13677E-5 9.60115E-6 3.59114E-5 6.79074E-6 3.97949E-6 5.63181E-6 1.56102E-6 2.95354E-7 3.67536E-5 8.12488E-6 1.15442E-5 2.59899E-5
-9999 -9999 -9999 -9999 -9999 -9999 -9999 3.35153E-5 3.89699E-6 1.71464E-4 1.61909E-4 1.13481E-4 1.16288E-4 1.13658E-4 1.08449E-4 5.31127E-5 2.26178E-5 1.2039E-6 3.51549E-6 5.83624E-5 3.08309E-5 5.52674E-5 1.85615E-5 8.08034E-6 1.62062E-5 6.37777E-5 1.61465E-5 2.57131E-5 4.8238E-5 1.5718E-5 6.08084E-6 1.17674E-5 2.52855E-6 2.70745E-5 2.10264E-5 2.24639E-5 8.25762E-6 1.08011E-5 1.04089E-5 4.23224E-7 7.27852E-7 1.36682E-5 8.12005E-6 5.28629E-5 1.22649E-5 3.37014E-5 1.6103E-5 5.955E-6 1.37535E-5 4.59492E-5 5.18811E-5 4.79064E-5 5.16294E-5 3.15455E-5 3.26542E-5 4.06687E-5 3.70839E-5 1.81128E-5 1.18248E-5 2.69729E-5 4.6919E-5 7.99618E-6 9.90085E-6 1.8956E-5 1.60431E-5 1.11627E-5
-9999 -9999 -9999 -9999 -9999 -9999 -9999 1.21225E-5 1.57225E-6 5.52811E-5 1.45671E-4 7.24809E-5 1.36702E-4 1.01444E-4 8.13344E-5 2.55642E-5 9.4455E-5 1.02632E-5 1.4533E-5 5.52345E-5 1.05493E-5 2.33974E-5 1.03007E-5 9.05786E-5 2.38469E-5 4.56011E-5 8.60528E-5 2.33394E-5 4.56512E-5 3.3809E-5 6.84465E-5 7.73106E-6 3.63747E-6 1.98187E-5 2.31366E-5 4.7891E-5 5.3563E-5 6.92977E-5 2.99315E-5 5.40079E-5 6.70251E-7 1.44559E-5 2.85417E-6 1.71228E-5 5.84646E-6 1.2307E-5 3.92857E-5 2.67168E-5 3.19488E-5 4.29194E-5 4.14424E-5 3.33617E-5 4.08331E-5 2.10174E-5 3.90691E-5 5.21437E-5 2.24086E-5 4.38797E-5 3.44031E-5 6.64141E-6 6.13403E-6 3.97965E-6 5.02925E-5 6.97438E-6 1.34017E-5 1.84695E-5
-9999 -9999 -9999 -9999 -9999 -9999 -9999 4.59751E-5 2.97275E-6 2.98039E-5 1.48655E-4 1.444E-4 1.39937E-4 1.46921E-4 1.29677E-4 1.36608E-4 2.07648E-5 2.7613E-5 1.93829E-5 2.51409E-6 2.27963E-6 7.67388E-6 2.06529E-5 1.87149E-5 1.19232E-5 6.99486E-5 1.1743E-4 7.27469E-5 3.00572E-5 1.17872E-5 1.443E-5 3.70653E-5 1.43869E-5 3.43883E-5 4.36451E-5 5.41403E-5 4.563E-6 5.05641E-5 1.56475E-5 2.96305E-6 7.82268E-6 1.56927E-5 5.74275E-5 1.40698E-5 6.73241E-6 2.18034E-5 2.06756E-5 1.08496E-5 6.98011E-6 8.12721E-6 2.54732E-5 2.1448E-5 2.63531E-5 4.57009E-5 4.3389E-5 3.03498E-5 2.105E-5 3.47105E-5 5.30793E-6 6.46207E-5 9.38302E-6 1.40983E-6 5.35016E-5 5.48712E-5 2.44738E-5 1.64262E-5
