catData/rasterBestHybridModels/Pbengalensis/RD_BM01_RM1_L/Pbengalensis_stddev.asc
ncols         409
nrows         350
xllcorner     60.897278365
yllcorner     5.843756025
cellsize      0.0892857
NODATA_value  -9999
[rows 145 to 173 of 350, columns 132 to 197 of 409]
2.49247E-6 2.77405E-6 3.47204E-6 5.37291E-6 4.69584E-6 3.83997E-6 3.11522E-6 2.01894E-6 2.26424E-6 2.27616E-6 1.03841E-6 8.02152E-8 9.09323E-7 1.31006E-8 9.94252E-8 2.41146E-6 4.51465E-6 1.36821E-7 1.36554E-7 3.03316E-7 5.89923E-7 2.00136E-6 2.97141E-6 4.1866E-6 3.28008E-6 4.96205E-6 6.42852E-6 4.26396E-6 4.73187E-6 2.59947E-6 5.45726E-6 3.41552E-6 4.41092E-6 1.36375E-6 4.2442E-7 3.65375E-6 3.09949E-6 2.23092E-6 2.31246E-6 4.41971E-6 1.7391E-6 1.76217E-6 1.06345E-6 5.06096E-7 5.32322E-7 1.11656E-6 5.52183E-8 1.48105E-6 6.95295E-7 5.06645E-7 5.27957E-7 1.54084E-6 1.21555E-6 2.49167E-8 6.10929E-8 1.47313E-7 1.24608E-6 3.10166E-6 2.5373E-8 1.62171E-8 1.77606E-9 5.85698E-9 1.24582E-9 7.96837E-10 1.67422E-8 1.06257E-6
1.81496E-6 2.79287E-6 2.58298E-6 6.33069E-6 4.48541E-6 4.05396E-6 3.133E-6 2.4823E-6 2.41861E-6 1.29744E-6 4.88729E-7 2.06246E-6 7.97691E-8 2.19679E-7 7.0807E-8 1.28425E-6 3.26383E-6 1.98085E-6 1.22709E-6 5.18915E-7 2.17992E-6 3.61117E-7 4.34739E-6 5.24928E-6 4.67819E-6 8.9672E-7 2.34429E-6 4.04366E-6 5.06878E-6 5.29088E-6 8.02725E-6 3.63144E-6 4.17679E-6 3.50839E-6 1.45852E-6 3.96353E-7 1.6055E-6 8.40567E-7 3.90595E-6 1.64752E-6 2.37136E-6 3.0848E-6 2.01477E-6 9.14971E-7 3.25237E-7 2.71191E-6 2.51977E-6 1.01686E-6 4.61918E-7 2.97287E-7 1.39689E-7 1.31096E-6 4.43036E-6 2.80999E-6 4.51107E-7 5.23469E-7 2.23775E-6 4.71677E-7 1.98725E-9 5.65731E-10 1.1708E-9 1.46207E-9 9.68479E-8 8.19337E-9 1.60383E-7 3.27956E-6
5.16899E-6 3.41968E-6 3.43996E-6 2.52196E-6 6.47298E-7 3.6718E-6 2.8158E-6 1.85346E-6 1.38229E-6 1.08876E-7 1.30035E-6 3.66785E-7 8.88532E-7 5.14107E-8 2.09838E-7 8.06821E-7 2.41956E-6 2.40792E-6 1.01436E-6 8.37206E-7 1.91593E-6 2.04615E-6 4.63329E-7 1.62283E-6 3.77825E-6 1.27135E-6 4.48686E-6 4.3656E-6 4.69695E-6 6.15881E-6 3.10185E-6 3.41326E-6 2.74992E-6 5.82705E-7 6.27362E-8 8.89874E-7 3.71915E-6 9.54516E-7 2.97796E-6 2.76217E-6 2.02044E-6 3.09306E-6 4.073E-6 6.60674E-6 2.70059E-6 4.10201E-8 5.51791E-7 2.21663E-7 3.03831E-6 3.55414E-7 1.12634E-7 2.05774E-7 2.13892E-6 7.70431E-7 1.87685E-6 2.56419E-6 1.60514E-6 9.44662E-8 8.57793E-9 1.47772E-8 5.18133E-9 2.8751E-7 3.39411E-7 6.68406E-8 2.10202E-6 1.56726E-6
5.04757E-6 3.1907E-6 1.52529E-7 1.1229E-6 1.14902E-6 2.11284E-6 1.0311E-6 5.76884E-7 2.31177E-6 8.71818E-7 1.33257E-6 2.09816E-6 6.02835E-7 4.87273E-7 6.76211E-7 6.20909E-7 2.42671E-6 2.71643E-6 2.14805E-6 1.44895E-6 2.38233E-6 1.3168E-6 7.80807E-7 4.50388E-7 1.65757E-6 2.25627E-6 4.13474E-6 4.15249E-6 2.90051E-6 6.83591E-7 2.64291E-6 3.69891E-6 3.31931E-6 8.70392E-7 6.10637E-7 1.47687E-6 2.0188E-6 1.69859E-6 9.25284E-7 1.88784E-6 3.12823E-6 2.81403E-6 1.51054E-6 8.29187E-7 5.87717E-6 2.79677E-6 5.51748E-6 8.65353E-7 4.47337E-7 1.06597E-7 2.12788E-7 3.52002E-7 1.52022E-6 4.00949E-7 1.03515E-6 1.46382E-6 5.65842E-7 3.67848E-8 6.47843E-7 1.45821E-7 1.26346E-7 3.52251E-7 4.30706E-8 3.25077E-6 3.7105E-6 9.03678E-7
5.3509E-6 3.67326E-6 1.51579E-6 1.16102E-6 3.22578E-6 8.74539E-7 1.37748E-6 1.02351E-6 2.05048E-6 5.84402E-8 3.44415E-7 2.59634E-6 9.5067E-7 1.24732E-6 1.67527E-6 1.68972E-6 3.25352E-6 2.39181E-6 1.48708E-6 6.18553E-7 2.41959E-6 2.347E-6 1.59479E-6 1.31276E-6 1.89827E-6 6.36614E-7 5.76705E-6 6.55177E-6 2.87661E-6 2.46697E-6 8.62408E-6 5.08329E-6 3.68208E-6 2.3617E-6 1.97335E-7 1.84242E-7 2.27302E-6 1.32558E-6 3.48284E-6 1.03786E-6 1.04985E-6 2.68045E-6 1.93383E-6 3.89188E-6 2.80105E-6 1.24023E-6 2.3032E-6 3.36199E-6 8.96979E-7 8.8858E-7 3.0259E-7 1.36108E-6 7.65445E-7 3.38019E-6 2.70992E-6 8.31992E-7 4.06162E-8 8.96112E-10 1.59057E-9 4.90561E-9 4.84061E-9 2.01099E-7 2.68301E-7 4.69485E-6 2.47695E-6 1.51582E-7
4.3835E-6 4.60964E-6 3.34865E-6 4.41126E-6 4.02283E-6 9.83811E-7 2.82389E-6 2.84974E-6 3.66271E-6 2.25257E-6 9.26562E-7 2.88217E-7 1.11633E-6 1.27446E-6 3.28493E-6 3.88005E-6 4.37253E-6 2.80546E-6 2.55984E-6 1.12182E-7 3.61928E-6 1.96652E-6 2.1683E-7 9.2603E-7 2.05799E-6 5.99995E-7 5.74049E-6 8.20007E-6 2.47543E-6 5.27246E-6 8.20679E-6 6.21487E-6 4.26408E-6 3.26787E-6 5.24559E-8 2.61973E-7 2.20019E-6 4.19312E-6 3.33466E-6 1.82549E-6 2.18771E-6 3.01784E-6 1.72023E-6 6.99136E-7 7.27139E-7 4.96296E-7 6.22092E-7 3.20882E-7 2.33967E-7 9.0025E-8 6.40908E-8 2.83624E-7 1.15411E-7 1.8068E-6 2.02715E-6 9.8578E-10 3.25271E-9 1.08637E-9 8.44483E-10 4.39545E-10 1.04839E-8 1.67884E-6 2.20821E-6 1.00528E-6 2.80615E-6 1.74512E-6
6.84747E-6 4.65048E-6 4.7173E-6 6.16198E-6 4.12135E-6 3.31019E-6 3.78123E-6 1.84638E-6 5.46003E-6 4.56864E-6 3.97722E-6 2.75464E-6 1.53286E-6 2.41944E-6 4.87189E-6 6.46759E-6 5.47525E-6 2.32208E-6 3.99119E-6 3.72717E-6 3.0206E-6 1.39119E-6 4.19752E-7 7.77358E-7 4.32609E-6 3.93866E-6 2.54251E-6 6.24302E-6 3.86899E-6 4.0506E-6 5.2557E-6 6.1427E-6 3.32634E-6 9.54857E-7 4.11008E-7 2.82999E-7 6.91375E-7 1.27269E-6 1.14451E-6 1.79421E-6 5.67811E-7 4.87732E-6 3.59047E-6 2.40023E-6 1.58066E-6 1.37457E-7 8.12686E-8 2.14593E-9 5.46325E-8 5.97178E-7 4.24613E-7 5.34598E-7 4.66886E-7 1.34069E-6 6.61659E-7 2.40985E-7 1.51256E-6 6.61514E-8 4.494E-10 7.49939E-10 3.98005E-8 1.63302E-6 4.02788E-7 8.32172E-7 3.6753E-6 1.91992E-6
4.44489E-6 3.86746E-6 3.48388E-6 4.11003E-6 3.54143E-6 3.72969E-6 5.98032E-6 4.33742E-6 4.59705E-6 5.84457E-6 4.36475E-6 1.68479E-6 1.14088E-6 5.9226E-7 4.44194E-7 2.40365E-6 3.86017E-6 2.30682E-6 3.8826E-6 2.76919E-6 2.67058E-6 1.19411E-6 1.5546E-7 2.18138E-7 4.06163E-6 4.8362E-6 2.5393E-6 2.80329E-6 6.06533E-6 7.10553E-6 6.98097E-6 3.32188E-6 3.65718E-6 5.44111E-7 2.99113E-6 2.64298E-6 6.26485E-7 2.61887E-7 3.5557E-6 1.01761E-6 3.9553E-6 2.90602E-6 4.26926E-6 5.39462E-6 2.11708E-7 4.43802E-8 6.81205E-7 2.14429E-7 1.68381E-7 3.42235E-7 2.42003E-7 5.17209E-7 1.28209E-7 2.28814E-6 6.49171E-7 1.50295E-7 1.05674E-6 2.4222E-7 9.47628E-10 6.55002E-10 8.83637E-7 9.59311E-7 2.41675E-7 1.85587E-6 1.12096E-6 3.12893E-7
4.46165E-6 4.12479E-6 3.29841E-6 2.71609E-6 2.7803E-6 3.43934E-6 3.33263E-6 4.08657E-6 1.27147E-6 5.06533E-6 3.03879E-6 2.71905E-6 2.56761E-6 9.30044E-7 2.7727E-6 1.94686E-6 3.21211E-6 1.81905E-6 2.9522E-6 1.57073E-6 3.96049E-7 6.57602E-7 4.09239E-7 7.97229E-7 2.28144E-6 2.23156E-6 7.2518E-6 3.76183E-6 8.42311E-6 6.55358E-6 4.39117E-6 3.70224E-6 2.30665E-6 1.20804E-7 1.47401E-6 3.99157E-6 5.29752E-6 4.71097E-6 5.01896E-6 2.13457E-6 3.00712E-6 7.61696E-7 1.6512E-6 4.07645E-6 4.98217E-8 7.08623E-8 1.8894E-6 2.12346E-6 3.87013E-7 1.68662E-6 8.22478E-7 6.58529E-7 1.59094E-6 1.50448E-6 3.40459E-7 6.20307E-7 1.00738E-6 1.12614E-7 6.72332E-7 1.60834E-9 6.99238E-7 1.19634E-7 3.2909E-8 1.6727E-6 6.41797E-7 1.43453E-6
5.37927E-6 5.58547E-6 3.63089E-6 2.81895E-6 2.40251E-6 2.12165E-6 2.23753E-6 3.66003E-6 1.56107E-7 1.28872E-6 6.44028E-7 1.87956E-7 1.2011E-7 1.67284E-6 2.7409E-6 2.8872E-6 1.99991E-6 1.00618E-6 3.39133E-6 3.25973E-6 1.19993E-6 1.45167E-6 4.80111E-7 1.38529E-6 2.88667E-6 1.31353E-6 7.06363E-6 4.48693E-6 4.24598E-6 3.81114E-6 3.98506E-6 4.54499E-6 7.25363E-7 1.69015E-7 2.97187E-7 4.5535E-6 5.90929E-6 6.11112E-6 6.83199E-6 1.44759E-6 3.03096E-6 9.52757E-7 2.06007E-7 9.32241E-7 1.39796E-7 2.72467E-7 1.18823E-6 2.81697E-6 3.44254E-6 3.48349E-6 1.46576E-6 1.00294E-6 7.53698E-6 4.71814E-6 2.92126E-6 1.18539E-6 4.57942E-7 2.21907E-6 1.78657E-6 9.81808E-8 2.69795E-7 1.26135E-6 1.96659E-6 1.93774E-6 1.19052E-6 2.38482E-6
5.33979E-6 5.4634E-6 4.0733E-6 3.14325E-6 3.01584E-6 2.63977E-6 1.43665E-6 2.97698E-6 2.98875E-7 3.19775E-7 6.56394E-8 2.9066E-8 1.1486E-6 5.80155E-7 2.47427E-6 9.99623E-7 1.47166E-6 2.99975E-6 2.80901E-6 4.78092E-6 3.39593E-7 1.79449E-8 2.09576E-7 6.74327E-7 6.04318E-7 9.77712E-8 2.12302E-6 4.06176E-6 3.21041E-6 3.85763E-6 4.86153E-6 4.096E-6 4.47014E-6 2.90255E-6 5.0918E-6 4.87222E-6 4.78112E-6 5.80893E-6 3.29072E-6 3.67635E-6 2.83803E-6 2.41814E-7 1.774E-7 2.47675E-7 1.0638E-7 2.20585E-7 6.27158E-8 5.18761E-7 4.30234E-6 1.68378E-6 2.9503E-6 3.1152E-6 4.03846E-6 4.3598E-6 2.44858E-6 8.09094E-7 8.67493E-7 2.27646E-6 3.69493E-6 2.00976E-6 5.39504E-6 3.05272E-6 1.21583E-6 5.42402E-8 3.52403E-8 4.61563E-7
4.11576E-6 4.96985E-6 4.47371E-6 3.78391E-6 4.39207E-6 3.34923E-6 2.87082E-6 3.78348E-6 2.74279E-6 2.36537E-7 1.60692E-6 1.81065E-6 1.23766E-8 6.1682E-9 2.66814E-6 2.06855E-6 2.29794E-6 2.81013E-6 1.22293E-6 8.72567E-7 1.95308E-6 2.09984E-6 1.20404E-6 2.08437E-8 1.46959E-6 6.99936E-7 2.0829E-6 3.79414E-6 4.99933E-6 4.58593E-6 3.9695E-6 4.02845E-6 4.49961E-6 5.42925E-6 6.55083E-6 6.11671E-6 5.32924E-6 5.54327E-6 1.4251E-6 3.5059E-6 3.94675E-6 2.30174E-6 3.06094E-7 2.35008E-9 1.32797E-7 1.69668E-7 7.45405E-8 8.93849E-7 2.8278E-6 6.60205E-7 4.26411E-6 6.039E-7 5.23077E-7 5.45976E-6 5.30645E-6 2.80345E-6 2.1918E-6 6.63628E-6 2.99263E-6 2.26929E-6 4.40651E-6 2.54582E-6 2.148E-7 5.76886E-9 6.69502E-8 5.52744E-7
4.20694E-6 3.18522E-6 2.97779E-6 4.24429E-6 6.4414E-6 4.10262E-6 3.11667E-6 2.82729E-6 3.03906E-6 3.91966E-6 1.94294E-6 3.80388E-6 1.8219E-6 5.56143E-8 7.80776E-7 5.5191E-7 1.66973E-6 1.32549E-6 9.93898E-7 3.38375E-6 2.94048E-6 1.23527E-6 4.71296E-6 2.61059E-6 1.88709E-6 7.71309E-7 9.11476E-7 5.15348E-6 8.74101E-6 5.94609E-6 4.17159E-6 7.71014E-6 7.83066E-6 5.21077E-6 8.30581E-6 1.06124E-5 7.99426E-6 1.04038E-5 2.87218E-6 1.80248E-6 3.05261E-6 1.68035E-6 1.25609E-7 2.69579E-8 5.52227E-7 6.27307E-7 2.7175E-6 1.83957E-6 3.40163E-6 9.17907E-7 4.35382E-7 1.52677E-6 1.63546E-6 1.66661E-6 1.03315E-6 2.61968E-6 1.56585E-6 3.68411E-6 3.62859E-6 2.5349E-6 2.55805E-6 1.41064E-6 8.54455E-7 8.83912E-8 8.73635E-7 2.11599E-6
3.41769E-6 3.24145E-6 3.27129E-6 3.48709E-6 4.08886E-6 3.45366E-6 3.14683E-6 2.91916E-6 2.58372E-6 3.0024E-6 2.75932E-7 8.75761E-7 5.17844E-6 5.92616E-7 3.3232E-7 1.02138E-6 1.72471E-6 2.96342E-7 2.10052E-6 2.50071E-6 4.89989E-6 2.90828E-6 1.4069E-6 1.49515E-6 8.94722E-7 3.92557E-8 4.83175E-7 5.18835E-6 5.96585E-6 4.36161E-6 6.16087E-6 6.52722E-6 7.83689E-6 5.31467E-6 8.92093E-6 1.18886E-5 8.54536E-6 8.65082E-6 5.44395E-6 2.79846E-6 1.82634E-7 8.85425E-7 6.87453E-8 1.05592E-6 7.93197E-8 2.48937E-6 2.71628E-6 5.99121E-6 4.82806E-6 3.05866E-7 3.97661E-6 4.26824E-6 4.48476E-6 4.93594E-6 1.29655E-6 3.28496E-6 3.44014E-6 3.14778E-6 3.32845E-7 1.89094E-6 1.25494E-6 1.92768E-6 2.09199E-6 2.92342E-6 3.59334E-6 1.86522E-6
4.74958E-6 4.06362E-6 4.56613E-6 4.26227E-6 3.80058E-6 4.41971E-6 4.24518E-6 3.21972E-6 2.9146E-6 2.71152E-6 4.30876E-6 3.15579E-6 4.91314E-6 1.44784E-6 3.20811E-6 3.14135E-6 3.21198E-6 2.16539E-6 3.05593E-6 1.0498E-6 4.59347E-6 2.41308E-6 3.13933E-6 3.87134E-6 3.94475E-7 1.13332E-7 2.36065E-6 3.07127E-6 3.96523E-6 4.10797E-6 5.77828E-6 8.08152E-6 6.97862E-6 5.88611E-6 8.5454E-6 5.05894E-6 5.53175E-6 4.9862E-6 5.1621E-6 1.43947E-6 7.7082E-8 4.8769E-8 1.28577E-6 5.23385E-6 1.01603E-6 3.18256E-6 3.14428E-6 3.12963E-6 2.82655E-6 3.34016E-6 1.27535E-6 2.93268E-6 3.25224E-6 3.77131E-6 4.57924E-6 6.22889E-6 5.81389E-6 1.35167E-6 1.85865E-6 2.84261E-6 4.31221E-6 3.41898E-6 2.29802E-6 2.82141E-6 3.05983E-6 3.14506E-6
4.56404E-6 3.66848E-6 4.03564E-6 3.72876E-6 4.59562E-6 5.26691E-6 4.36303E-6 3.05257E-6 3.41122E-6 4.40424E-6 6.07463E-6 1.33281E-6 3.77099E-6 4.69026E-6 2.78232E-6 6.74359E-7 4.08423E-6 3.68195E-7 2.00808E-6 3.67815E-6 4.60942E-6 5.09224E-6 4.5452E-6 3.86984E-6 3.83912E-6 4.53822E-6 1.1389E-7 3.34951E-6 3.75088E-6 3.94814E-6 4.29944E-6 6.80844E-6 7.57874E-6 7.0624E-6 7.78704E-6 1.03068E-5 5.63946E-6 2.78092E-6 7.57617E-7 3.93947E-6 2.46496E-6 5.90355E-7 5.46521E-7 2.99043E-6 4.21276E-6 3.20349E-6 2.73454E-6 1.67546E-6 8.82036E-7 9.86923E-8 1.53042E-7 2.52396E-6 5.13584E-6 3.05871E-6 2.57509E-6 1.957E-6 4.79793E-6 1.86063E-6 6.92059E-6 7.45923E-6 2.85939E-6 6.0081E-6 6.21159E-6 3.32519E-6 1.76449E-6 3.99291E-7
5.26452E-6 4.7154E-6 5.15591E-6 4.40503E-6 5.338E-6 4.2265E-6 3.37293E-6 3.40786E-6 3.45368E-6 2.78832E-6 3.39819E-6 1.79491E-6 4.0329E-6 4.27345E-6 6.90462E-7 4.9981E-7 9.2726E-7 3.74058E-6 1.55034E-7 4.14223E-6 4.63838E-6 1.44553E-6 2.08415E-6 3.95572E-6 4.38222E-6 5.98088E-6 2.71367E-6 3.82251E-6 6.59065E-6 6.43184E-6 4.96642E-6 5.48586E-6 8.92748E-6 5.26199E-6 3.34159E-6 7.92299E-6 3.88101E-6 3.73428E-6 3.51515E-6 4.10465E-6 1.47099E-6 3.44395E-6 3.40324E-6 2.83207E-6 1.14113E-6 4.30052E-7 9.83968E-7 1.19492E-6 2.29788E-8 2.82443E-8 3.57567E-7 6.12437E-6 2.18323E-6 3.56429E-6 9.19541E-7 3.73435E-6 5.14463E-6 4.28956E-6 5.47706E-6 4.4273E-6 3.12364E-6 3.21388E-6 2.71075E-6 3.55072E-6 2.34842E-6 2.93872E-6
4.46051E-6 4.80185E-6 5.31447E-6 4.85167E-6 3.20504E-6 3.46927E-6 3.34083E-6 3.75267E-6 5.4485E-6 2.32905E-6 3.69975E-6 1.55228E-6 2.97694E-6 3.49187E-6 1.64668E-6 2.84553E-6 3.62904E-6 5.0897E-6 5.14519E-6 4.19077E-6 3.87014E-6 3.35593E-6 3.95631E-6 3.61072E-6 4.85873E-6 5.53627E-6 2.01862E-6 3.47356E-6 3.86072E-6 7.83362E-6 5.36784E-6 4.47686E-6 4.07639E-6 7.66837E-6 4.67548E-6 3.15642E-6 3.43941E-6 3.12143E-6 4.38343E-6 4.7587E-6 4.36423E-6 5.50867E-6 2.29612E-6 1.19513E-6 2.7615E-7 9.27376E-7 2.35411E-6 1.06062E-7 6.60504E-8 6.86122E-9 9.34845E-7 2.42012E-6 3.32424E-6 3.15462E-6 1.83888E-6 3.08547E-6 4.10482E-6 1.77089E-6 5.17076E-6 2.9747E-6 3.16763E-6 3.81642E-6 5.38035E-6 3.42393E-6 4.13739E-6 2.85552E-6
4.61102E-6 5.59578E-6 4.97303E-6 5.11003E-6 4.11275E-6 2.8446E-6 3.20124E-6 3.42835E-6 5.42627E-6 4.56793E-6 4.0494E-6 3.97889E-6 3.61148E-6 3.60207E-6 3.02898E-6 2.98225E-6 3.43461E-6 4.63989E-6 3.43854E-6 5.0557E-6 4.87967E-6 5.00654E-6 3.37958E-6 2.32199E-6 3.69437E-6 2.83239E-7 1.54018E-6 5.76935E-7 3.23769E-7 2.74893E-6 3.37383E-6 4.03745E-6 7.01307E-6 4.81132E-6 4.50955E-6 3.83317E-6 2.64298E-6 2.80464E-6 2.59288E-6 2.18675E-6 3.15372E-6 3.35674E-6 4.20044E-6 5.08698E-6 4.62055E-6 3.63833E-6 4.70604E-6 2.0805E-6 5.13312E-7 3.06206E-6 3.92552E-6 2.07134E-6 5.62931E-6 4.99232E-6 7.42698E-7 7.30744E-7 3.09278E-6 3.04906E-6 2.80692E-6 2.62483E-6 2.71526E-6 3.86415E-6 8.63502E-6 1.77288E-5 1.16817E-5 5.5853E-6
4.67797E-6 5.2324E-6 6.29294E-6 4.52216E-6 4.1076E-6 4.39525E-6 3.18954E-6 3.92735E-6 4.39609E-6 4.62974E-6 4.76476E-6 3.92014E-6 5.12456E-6 4.91185E-6 2.75599E-6 3.87252E-6 3.22912E-6 3.32396E-6 6.95764E-7 4.28259E-6 6.49551E-6 6.84767E-6 2.80596E-6 5.66733E-6 4.0916E-6 3.7177E-6 3.53217E-6 3.21252E-6 2.20373E-6 2.09299E-7 2.60557E-6 3.65141E-6 3.95559E-6 5.31938E-6 4.09273E-6 4.06623E-6 2.25063E-6 1.89386E-6 3.0593E-6 3.18494E-6 2.79362E-6 3.61661E-6 3.69368E-6 3.98805E-6 4.67744E-6 3.37326E-6 1.88533E-6 2.31431E-6 2.92156E-6 6.65884E-6 4.78405E-6 2.23959E-6 1.98644E-6 3.28256E-6 1.92534E-6 2.67804E-6 1.39791E-6 2.0107E-6 1.73112E-6 2.2874E-6 2.30222E-6 2.51557E-6 4.30062E-6 1.88607E-5 8.33484E-6 3.40358E-6
4.26298E-6 3.97302E-6 5.46003E-6 4.16532E-6 3.68467E-6 5.2948E-6 4.87559E-6 4.62E-6 4.94775E-6 3.33385E-6 3.58798E-6 3.36371E-6 4.91055E-6 5.13721E-6 5.92569E-6 5.71417E-6 4.20957E-6 4.54092E-6 7.65297E-6 8.41696E-7 1.27967E-6 2.64483E-6 9.88016E-7 6.08083E-7 4.15572E-6 3.12785E-6 5.09424E-6 6.30312E-6 5.23615E-6 7.85467E-6 6.4798E-6 3.38178E-6 4.08261E-6 3.64273E-6 1.90766E-6 2.69303E-6 3.32197E-6 3.10802E-6 4.14299E-6 3.4621E-6 4.32046E-6 6.30212E-6 6.10287E-6 3.63689E-6 2.80985E-6 3.47418E-6 2.57501E-6 9.573E-7 3.19825E-6 5.18016E-6 5.22352E-6 3.09858E-6 2.33141E-6 4.45333E-6 4.48554E-6 2.89236E-6 2.77431E-6 3.75168E-6 2.31244E-6 1.58952E-6 3.18408E-6 2.19581E-6 2.41137E-6 3.18952E-6 1.99516E-6 4.25686E-6
-9999 5.91724E-6 4.60817E-6 4.614E-6 5.51567E-6 3.8295E-6 3.71849E-6 3.89901E-6 4.75404E-6 4.30383E-6 4.37585E-6 3.29179E-6 3.66905E-6 3.84158E-6 4.34755E-6 4.52029E-6 3.44809E-6 4.0219E-6 5.43743E-6 4.49206E-7 3.85266E-7 2.95905E-6 5.69587E-6 7.51696E-6 5.30374E-6 4.70763E-6 6.68307E-6 8.12928E-6 4.84185E-6 4.16931E-6 1.68649E-6 2.91616E-6 3.45251E-6 2.99977E-6 3.82237E-6 2.42125E-6 4.49575E-6 4.52657E-6 3.49343E-6 4.83489E-6 6.80437E-6 1.11154E-5 7.00564E-6 3.75396E-6 3.88013E-6 5.38374E-6 2.03262E-6 1.15478E-7 3.21848E-6 5.09301E-6 3.33762E-6 2.54456E-6 3.35115E-6 3.74331E-6 3.20345E-6 2.88996E-6 5.04179E-6 4.66775E-6 2.0359E-6 5.61335E-6 1.11044E-6 1.16796E-6 2.59497E-6 2.61472E-6 3.88868E-6 5.5014E-6
3.58052E-6 4.62727E-6 4.04657E-6 3.61734E-6 3.23427E-6 3.71557E-6 3.46409E-6 3.81724E-6 4.66714E-6 5.23039E-6 5.68684E-6 3.57928E-6 2.68751E-6 3.19365E-6 4.4806E-6 5.00319E-6 3.43004E-6 2.17701E-6 2.76847E-6 2.96644E-6 2.55108E-6 3.93364E-6 6.27014E-6 5.23728E-6 4.25996E-6 4.05535E-6 3.62812E-6 3.59259E-6 4.32862E-6 4.43741E-6 4.5867E-6 3.85503E-6 4.15632E-6 3.63298E-6 4.99285E-6 3.34653E-6 1.4482E-6 8.9041E-7 7.26077E-7 2.89974E-6 5.44114E-6 6.59539E-6 7.53746E-6 5.84594E-6 5.22572E-6 4.29316E-6 2.01604E-7 8.10955E-8 2.04939E-6 2.09154E-6 1.78323E-6 3.10938E-6 2.52571E-6 2.56306E-6 2.22034E-6 1.9228E-6 3.21639E-6 5.93198E-6 4.11681E-6 1.52835E-6 1.88403E-6 7.92163E-7 1.20255E-6 1.56602E-6 9.35747E-7 2.76528E-6
4.23546E-6 5.65388E-6 4.02281E-6 2.99891E-6 4.04504E-6 4.32447E-6 4.05092E-6 2.9419E-6 3.01222E-6 3.5547E-6 3.40462E-6 2.97175E-6 2.77042E-6 3.24844E-6 1.75538E-6 4.18668E-8 1.51232E-6 1.0945E-6 2.40981E-6 2.46334E-6 2.57602E-6 3.32314E-6 3.86108E-6 5.08541E-6 5.27666E-6 5.73682E-6 5.42871E-6 4.64948E-6 3.10012E-6 4.43429E-6 4.21857E-6 3.46603E-6 3.6741E-6 6.23103E-6 4.99232E-6 4.4703E-6 3.31479E-6 5.64139E-6 2.96148E-6 2.75086E-6 3.7052E-6 5.72122E-6 8.58647E-6 6.62178E-6 5.82013E-6 3.94494E-6 2.9426E-7 8.45301E-7 3.07868E-6 2.81337E-6 2.54356E-6 2.42856E-6 2.15472E-6 1.68108E-6 2.50209E-7 1.85295E-7 9.79341E-7 1.88579E-7 2.37634E-6 2.46504E-6 7.32415E-7 3.91647E-6 2.65527E-6 2.73131E-7 2.01144E-6 2.36424E-6
4.44051E-6 5.31806E-6 4.38203E-6 3.5902E-6 3.82506E-6 3.93756E-6 3.90591E-6 4.56145E-6 3.98327E-6 3.92867E-6 3.12487E-6 2.81541E-6 2.67253E-6 2.95624E-6 3.41954E-6 3.05111E-6 1.812E-6 2.34624E-6 2.12808E-6 6.23457E-7 2.56601E-6 2.56091E-6 2.88692E-6 4.69347E-6 2.99297E-6 4.64241E-6 3.73378E-6 3.69574E-6 4.03787E-6 4.93807E-7 3.35116E-6 3.18207E-6 4.55209E-6 4.49254E-6 3.39025E-6 4.8442E-6 6.1801E-6 6.28236E-6 4.01865E-6 2.97438E-6 5.30206E-6 4.27628E-6 6.45439E-6 5.1948E-6 4.27963E-6 3.95833E-6 1.9212E-6 2.50601E-6 1.86499E-6 2.52307E-6 2.28029E-6 1.59879E-6 1.68384E-6 2.16326E-6 6.38341E-7 7.55829E-8 2.68318E-8 2.47894E-7 4.84196E-6 2.59603E-6 4.14418E-6 2.30148E-6 2.5104E-7 6.41443E-7 1.90785E-6 4.65141E-6
2.65495E-6 3.66355E-6 2.97209E-6 2.85489E-6 3.6807E-6 3.83301E-6 3.95521E-6 4.73004E-6 4.313E-6 5.19569E-6 3.52075E-6 2.89219E-6 2.5211E-6 2.6389E-6 2.41294E-6 2.75586E-6 2.70781E-6 2.6513E-6 2.46181E-6 2.86244E-6 3.7279E-6 2.45139E-6 1.25943E-6 2.45531E-6 3.29969E-6 3.47833E-6 1.45778E-6 2.57459E-6 2.68684E-6 1.15454E-6 2.76432E-6 4.34052E-6 7.14324E-6 4.48124E-6 4.14105E-6 5.38932E-6 4.45838E-6 3.85163E-6 3.29494E-6 4.74676E-6 8.05845E-6 7.2207E-6 4.2353E-6 3.16675E-6 3.01711E-6 2.73599E-6 1.91364E-6 1.75963E-6 2.61625E-6 2.2558E-6 1.67465E-6 1.9121E-6 2.10603E-6 2.47491E-6 2.52626E-6 2.04515E-6 1.98238E-6 7.6032E-7 5.60042E-6 2.91872E-6 2.71823E-7 2.65711E-7 3.57274E-7 2.23928E-8 3.23428E-8 8.54427E-7
2.9503E-6 3.0284E-6 3.13318E-6 3.83735E-6 4.00219E-6 4.40437E-6 3.84107E-6 3.38709E-6 3.8824E-6 3.95755E-6 3.38785E-6 2.82091E-6 2.56471E-6 2.84777E-6 2.50511E-6 7.465E-7 2.56822E-6 1.52209E-6 2.02564E-6 7.83948E-7 2.83544E-6 4.77816E-6 2.82016E-6 1.35371E-6 1.2227E-6 8.80539E-7 2.54468E-6 1.2585E-6 3.55424E-6 2.28101E-6 3.60565E-6 4.45537E-6 5.61405E-6 5.39365E-6 4.01445E-6 4.26156E-6 4.14482E-6 4.38202E-6 4.05205E-6 6.43287E-6 6.30319E-6 2.62989E-6 3.48586E-6 3.51743E-6 2.59304E-6 2.04436E-6 1.90544E-6 2.33872E-6 1.73647E-6 1.19803E-6 1.51063E-6 1.57851E-6 1.74735E-6 3.35623E-6 5.40509E-6 6.17411E-6 4.35665E-6 3.75701E-6 7.03476E-7 9.93945E-8 1.75668E-7 3.26721E-8 1.49404E-8 1.23925E-8 1.5658E-7 1.49381E-6
4.27363E-6 4.32439E-6 4.55233E-6 6.49944E-6 3.56641E-6 3.79297E-6 3.35152E-6 3.1267E-6 2.74289E-6 2.76643E-6 3.1693E-6 3.08575E-6 2.77604E-6 2.87617E-6 2.82995E-6 1.11015E-6 4.08672E-6 4.19755E-7 2.44502E-7 4.07435E-6 4.85069E-6 7.50126E-6 7.55376E-6 5.98538E-6 1.08367E-6 1.35392E-6 2.27215E-7 2.80399E-7 2.50676E-6 1.43239E-6 9.99667E-7 3.08083E-6 3.85225E-6 3.85765E-6 2.26671E-6 7.55076E-7 1.10049E-6 2.35054E-6 3.68918E-6 9.39696E-6 6.98785E-6 2.98134E-6 3.37232E-6 3.05368E-6 2.58423E-6 1.84109E-6 2.0031E-6 1.76757E-6 1.33988E-6 1.22099E-6 1.57162E-6 2.38972E-6 3.50725E-6 4.65755E-6 7.25452E-6 6.55092E-7 4.84244E-8 1.1411E-6 2.33239E-7 1.39189E-8 1.3961E-7 1.43128E-6 9.80661E-8 4.50699E-8 7.94456E-7 5.89134E-8
6.20406E-6 7.91517E-6 7.02034E-6 5.29698E-6 3.38947E-6 3.44147E-6 3.44821E-6 2.55552E-6 2.87078E-6 3.10457E-6 3.01293E-6 2.95642E-6 2.12219E-6 1.21726E-6 2.82711E-6 3.94194E-6 6.23926E-6 5.75529E-6 4.47174E-6 4.40361E-6 3.29496E-6 5.28313E-6 6.05928E-6 2.58344E-6 3.76309E-6 3.19402E-6 9.11085E-7 6.82197E-8 8.8636E-8 3.85635E-6 2.91866E-6 1.72119E-6 2.29932E-6 1.25891E-6 2.83641E-6 1.85761E-6 1.61377E-6 1.43897E-6 3.85141E-6 2.04565E-6 1.3864E-6 3.25767E-6 2.4176E-6 2.60747E-6 2.33998E-6 1.64796E-6 1.36528E-6 1.56523E-6 1.39698E-6 1.46776E-6 1.98206E-6 2.61183E-6 3.33308E-6 4.00231E-6 7.25697E-7 6.99022E-8 1.57414E-8 1.98141E-8 1.81465E-8 2.94625E-8 5.66321E-7 2.05775E-6 2.51915E-6 4.86759E-6 1.15237E-6 5.26335E-7
