catData/rasterBestHybridModels/Pbengalensis/RD_BM01_RM1_L/Pbengalensis_avg.asc
ncols         409
nrows         350
xllcorner     60.897278365
yllcorner     5.843756025
cellsize      0.0892857
NODATA_value  -9999
[rows 87 to 115 of 350, columns 330 to 395 of 409]
-9999 -9999 -9999 -9999 -9999 -9999 -9999 -9999 -9999 -9999 -9999 -9999 -9999 -9999 -9999 -9999 -9999 -9999 -9999 -9999 -9999 -9999 -9999 -9999 -9999 -9999 -9999 -9999 -9999 -9999 -9999 -9999 -9999 -9999 -9999 -9999 -9999 -9999 -9999 -9999 -9999 -9999 -9999 -9999 -9999 -9999 -9999 2.4576E-5 2.54952E-5 -9999 -9999 -9999 -9999 -9999 -9999 -9999 -9999 -9999 -9999 -9999 2.29856E-5 2.13318E-5 1.9148E-5 2.16073E-5 2.14797E-5 2.15393E-5
-9999 -9999 -9999 -9999 -9999 -9999 -9999 -9999 -9999 -9999 -9999 -9999 -9999 -9999 -9999 -9999 -9999 -9999 -9999 -9999 -9999 -9999 -9999 -9999 -9999 -9999 -9999 -9999 -9999 -9999 -9999 -9999 -9999 -9999 -9999 -9999 -9999 -9999 -9999 -9999 -9999 -9999 -9999 -9999 -9999 2.56268E-5 3.15544E-5 3.19239E-5 2.55437E-5 2.66275E-5 -9999 -9999 -9999 -9999 -9999 -9999 -9999 -9999 2.53738E-5 2.57716E-5 2.46915E-5 2.12943E-5 2.22012E-5 2.34557E-5 2.26866E-5 2.74634E-5
-9999 -9999 -9999 -9999 -9999 -9999 -9999 -9999 -9999 -9999 -9999 -9999 -9999 -9999 -9999 -9999 -9999 -9999 -9999 -9999 -9999 -9999 -9999 -9999 -9999 -9999 -9999 -9999 -9999 -9999 -9999 -9999 -9999 -9999 -9999 -9999 -9999 -9999 -9999 -9999 -9999 -9999 -9999 2.72489E-5 3.29297E-5 2.84431E-5 2.92506E-5 3.43563E-5 2.94121E-5 2.50964E-5 1.96605E-5 2.54981E-5 3.2271E-5 2.85157E-5 -9999 -9999 -9999 2.97402E-5 3.10715E-5 2.85646E-5 2.62336E-5 2.51179E-5 2.46088E-5 2.5647E-5 2.77965E-5 3.43258E-5
-9999 -9999 -9999 -9999 -9999 -9999 -9999 -9999 -9999 -9999 -9999 -9999 -9999 -9999 -9999 -9999 -9999 -9999 -9999 -9999 -9999 -9999 -9999 -9999 -9999 -9999 -9999 -9999 -9999 -9999 -9999 -9999 -9999 -9999 -9999 -9999 -9999 -9999 -9999 -9999 -9999 -9999 2.64911E-5 3.21018E-5 4.19701E-5 3.66676E-5 2.90594E-5 3.42934E-5 3.18715E-5 3.00617E-5 2.88818E-5 7.57769E-5 7.35411E-5 5.57699E-5 4.6334E-5 4.43913E-5 -9999 4.30435E-5 3.71583E-5 3.75203E-5 2.93374E-5 2.78803E-5 2.6929E-5 3.079E-5 3.72921E-5 -9999
-9999 -9999 -9999 -9999 -9999 -9999 -9999 -9999 -9999 -9999 -9999 -9999 -9999 -9999 -9999 -9999 -9999 -9999 -9999 -9999 -9999 -9999 -9999 -9999 -9999 -9999 -9999 -9999 -9999 -9999 -9999 -9999 -9999 -9999 -9999 -9999 -9999 -9999 -9999 -9999 -9999 -9999 3.18566E-5 3.22568E-5 4.20736E-5 4.70932E-5 3.18763E-5 3.96995E-5 3.87705E-5 7.53527E-5 7.3607E-5 1.08904E-4 9.7073E-5 1.14035E-4 5.6647E-5 5.21286E-5 4.62173E-5 4.89972E-5 6.46948E-5 8.52472E-5 3.14906E-5 2.76339E-5 3.20307E-5 3.61641E-5 4.98723E-5 -9999
-9999 -9999 -9999 -9999 -9999 -9999 -9999 -9999 -9999 -9999 -9999 -9999 -9999 -9999 -9999 -9999 -9999 -9999 -9999 -9999 -9999 -9999 -9999 -9999 -9999 -9999 -9999 -9999 -9999 -9999 -9999 -9999 -9999 -9999 -9999 -9999 -9999 -9999 -9999 -9999 -9999 4.46002E-5 3.69608E-5 2.91687E-5 4.32351E-5 6.39062E-5 5.2669E-5 6.80534E-5 1.12965E-4 1.34527E-4 1.22411E-4 6.84639E-5 1.37252E-4 2.04617E-4 1.00735E-4 7.20506E-5 7.04316E-5 5.88162E-5 1.0801E-4 8.63851E-5 6.47792E-5 4.11973E-5 1.0017E-4 5.21285E-5 6.70315E-5 6.80132E-5
-9999 -9999 -9999 -9999 -9999 -9999 -9999 -9999 -9999 -9999 -9999 -9999 -9999 -9999 -9999 -9999 -9999 -9999 -9999 -9999 -9999 -9999 -9999 -9999 -9999 -9999 -9999 -9999 -9999 -9999 -9999 -9999 -9999 -9999 -9999 -9999 -9999 -9999 -9999 -9999 -9999 4.74567E-5 5.20661E-5 4.30635E-5 4.23718E-5 9.50759E-5 7.98596E-5 9.35465E-5 1.21269E-4 1.46117E-4 1.86564E-4 1.3494E-4 9.85208E-5 8.98166E-5 9.45054E-5 9.6094E-5 9.95195E-5 1.50409E-4 8.13717E-5 1.42435E-4 8.69038E-5 5.41321E-5 1.93154E-4 1.11615E-4 1.83442E-4 7.22246E-5
-9999 -9999 -9999 -9999 -9999 -9999 -9999 -9999 -9999 -9999 -9999 -9999 -9999 -9999 -9999 -9999 -9999 -9999 -9999 -9999 -9999 -9999 -9999 -9999 -9999 -9999 -9999 -9999 -9999 -9999 -9999 -9999 -9999 1.77909E-5 2.56526E-5 3.17234E-5 2.60237E-5 3.17024E-5 3.82636E-5 4.26949E-5 3.54118E-5 3.93943E-5 5.30798E-5 7.42258E-5 5.16967E-5 9.66408E-5 1.09255E-4 1.9224E-4 2.13679E-4 1.33068E-4 1.09126E-4 1.02083E-4 9.76323E-5 1.04436E-4 1.20852E-4 1.55704E-4 9.36056E-5 1.20086E-4 1.0876E-4 1.43162E-4 1.09947E-4 1.08853E-4 1.23344E-4 1.40444E-4 3.09638E-4 2.48359E-4
-9999 -9999 -9999 -9999 -9999 -9999 -9999 -9999 -9999 -9999 -9999 -9999 -9999 -9999 -9999 -9999 -9999 -9999 -9999 -9999 -9999 -9999 -9999 -9999 -9999 -9999 -9999 -9999 -9999 -9999 -9999 -9999 -9999 2.92827E-5 2.32675E-5 3.98827E-5 2.95905E-5 3.13773E-5 3.33481E-5 4.77533E-5 4.94412E-5 4.33717E-5 4.90444E-5 8.28266E-5 1.06826E-4 1.46153E-4 1.29287E-4 3.06186E-4 1.82234E-4 1.29572E-4 1.26812E-4 1.43589E-4 1.69189E-4 1.17099E-4 1.40019E-4 1.99254E-4 1.36622E-4 1.76784E-4 2.20366E-4 2.58973E-4 2.86099E-4 2.50766E-4 2.32585E-4 1.58597E-4 1.84224E-4 1.63477E-4
-9999 -9999 -9999 -9999 -9999 -9999 -9999 -9999 -9999 -9999 -9999 -9999 -9999 -9999 -9999 -9999 -9999 -9999 -9999 -9999 -9999 -9999 -9999 -9999 -9999 -9999 -9999 -9999 -9999 -9999 -9999 -9999 2.25579E-5 3.29698E-5 2.99669E-5 3.7728E-5 3.01111E-5 2.25247E-5 2.70886E-5 4.39138E-5 4.34048E-5 5.45579E-5 9.11211E-5 1.25172E-4 1.68043E-4 1.24732E-4 2.09186E-4 2.04314E-4 2.42185E-4 1.92523E-4 2.65057E-4 1.62098E-4 1.52195E-4 1.2188E-4 1.5688E-4 2.29304E-4 3.40823E-4 1.83926E-4 2.14224E-4 2.29013E-4 4.00993E-4 4.13713E-4 2.79646E-4 1.65686E-4 2.15862E-4 1.85835E-4
-9999 -9999 -9999 -9999 -9999 -9999 -9999 -9999 -9999 -9999 -9999 -9999 -9999 -9999 -9999 -9999 -9999 -9999 -9999 -9999 -9999 -9999 -9999 -9999 -9999 -9999 -9999 -9999 -9999 -9999 -9999 -9999 3.12824E-5 3.44112E-5 3.66309E-5 3.10129E-5 3.29174E-5 1.01272E-4 8.44512E-5 9.17544E-5 9.11036E-5 9.00361E-5 1.09985E-4 1.78505E-4 1.59089E-4 2.89285E-4 3.72722E-4 1.78053E-4 2.97937E-4 3.04298E-4 4.09082E-4 2.40924E-4 1.99457E-4 1.73518E-4 2.24403E-4 1.98628E-4 3.19764E-4 3.8695E-4 2.98237E-4 5.04815E-4 6.96436E-4 4.58535E-4 4.75111E-4 5.21686E-4 3.01972E-4 2.69013E-4
-9999 -9999 -9999 -9999 -9999 -9999 -9999 -9999 -9999 -9999 -9999 -9999 -9999 -9999 -9999 -9999 -9999 -9999 -9999 -9999 -9999 -9999 -9999 -9999 -9999 -9999 -9999 -9999 -9999 -9999 3.06078E-5 3.00429E-5 3.5083E-5 4.18324E-5 5.27562E-5 5.28612E-5 4.60653E-5 8.26154E-5 7.96023E-5 1.13656E-4 1.21821E-4 7.72489E-5 1.12951E-4 1.63488E-4 2.59838E-4 3.39219E-4 3.0169E-4 3.28697E-4 3.62683E-4 5.37165E-4 5.2763E-4 3.15103E-4 2.79232E-4 2.04651E-4 3.93448E-4 3.88873E-4 5.36669E-4 5.54821E-4 4.37274E-4 2.16015E-4 2.39348E-4 3.50486E-4 3.36422E-4 4.86787E-4 1.12742E-3 4.97708E-4
3.28686E-4 3.18632E-4 -9999 -9999 -9999 -9999 -9999 -9999 -9999 -9999 -9999 -9999 -9999 -9999 -9999 -9999 -9999 -9999 -9999 -9999 -9999 -9999 -9999 -9999 -9999 -9999 -9999 -9999 -9999 2.72306E-5 2.38468E-5 2.0623E-5 3.56353E-5 4.16156E-5 4.86119E-5 6.4884E-5 7.00607E-5 9.72054E-5 9.55498E-5 9.82407E-5 8.58775E-5 1.1332E-4 1.12434E-4 1.41025E-4 3.50656E-4 5.00284E-4 5.81404E-4 4.90058E-4 4.20011E-4 3.86716E-4 4.89028E-4 3.67605E-4 2.90666E-4 2.74576E-4 6.13127E-4 8.84028E-4 4.31166E-4 2.96966E-4 2.1346E-4 2.97535E-4 1.57573E-4 4.65338E-4 4.44061E-4 8.35616E-4 7.95172E-4 3.75964E-4
3.97706E-4 -9999 -9999 -9999 -9999 -9999 -9999 -9999 -9999 -9999 -9999 -9999 -9999 -9999 -9999 -9999 -9999 -9999 -9999 -9999 -9999 -9999 -9999 -9999 -9999 -9999 1.30757E-4 7.17354E-5 5.64778E-5 4.41276E-5 3.32284E-5 2.49491E-5 3.22459E-5 6.23451E-5 6.35787E-5 7.07963E-5 1.20305E-4 1.39073E-4 1.34408E-4 1.5526E-4 1.38878E-4 1.48106E-4 2.36779E-4 2.37915E-4 2.19101E-4 3.83221E-4 6.12353E-4 7.83612E-4 4.28975E-4 3.80473E-4 3.91558E-4 4.98285E-4 3.90178E-4 2.89052E-4 4.8146E-4 4.18588E-4 3.41683E-4 2.78308E-4 2.20095E-4 3.18807E-4 1.2545E-4 2.57259E-4 7.70647E-4 7.57662E-4 9.67038E-4 7.03663E-4
5.45233E-4 5.19693E-4 5.49039E-4 5.16496E-4 6.07258E-4 -9999 -9999 -9999 -9999 -9999 5.27427E-4 4.92146E-4 -9999 -9999 -9999 -9999 -9999 -9999 -9999 -9999 -9999 -9999 -9999 -9999 -9999 -9999 -9999 7.7535E-5 4.2096E-5 3.97887E-5 4.153E-5 4.72834E-5 8.70767E-5 1.65516E-4 1.50323E-4 1.12267E-4 1.98722E-4 2.51942E-4 2.74365E-4 2.11965E-4 2.06733E-4 1.99818E-4 1.72962E-4 1.97366E-4 4.47256E-4 4.60221E-4 6.38805E-4 1.00673E-3 8.84005E-4 5.31243E-4 5.14187E-4 3.64736E-4 3.64438E-4 6.22498E-4 5.20502E-4 3.73153E-4 3.40137E-4 4.00377E-4 2.64606E-4 1.60539E-4 1.41105E-4 1.94244E-4 3.15491E-4 4.02659E-4 4.9331E-4 8.36231E-4
6.13686E-4 5.86481E-4 6.08787E-4 5.64988E-4 5.98022E-4 5.03816E-4 4.85563E-4 4.16988E-4 3.08131E-4 4.52207E-4 5.80807E-4 4.82276E-4 5.5779E-4 6.53115E-4 -9999 -9999 -9999 -9999 -9999 -9999 -9999 -9999 -9999 -9999 -9999 -9999 -9999 8.76297E-5 4.88448E-5 3.3454E-5 3.87979E-5 3.67763E-5 1.43218E-4 1.0519E-4 1.82512E-4 1.84926E-4 1.83827E-4 2.15204E-4 2.64616E-4 3.08424E-4 2.75486E-4 2.00574E-4 2.39404E-4 1.96522E-4 5.027E-4 7.33541E-4 9.55126E-4 1.41726E-3 1.24872E-3 7.40602E-4 6.1239E-4 9.09579E-4 8.12263E-4 5.97337E-4 3.53796E-4 2.67634E-4 2.80546E-4 2.33815E-4 1.80949E-4 1.31053E-4 1.34214E-4 1.84118E-4 3.17543E-4 4.12243E-4 5.2789E-4 4.90229E-4
6.21311E-4 5.84965E-4 6.3198E-4 6.03776E-4 6.13001E-4 5.68861E-4 4.98476E-4 3.97351E-4 2.81516E-4 5.06891E-4 5.56475E-4 4.49165E-4 4.51669E-4 5.75651E-4 -9999 -9999 -9999 -9999 -9999 -9999 -9999 -9999 -9999 -9999 -9999 2.1404E-4 1.31595E-4 8.20489E-5 5.16603E-5 3.98697E-5 5.22309E-5 6.50956E-5 1.02196E-4 1.46761E-4 2.51247E-4 2.2667E-4 2.85801E-4 3.11074E-4 3.22996E-4 3.64887E-4 5.07433E-4 2.59464E-4 3.17342E-4 4.03751E-4 6.15706E-4 9.19724E-4 1.1114E-3 6.89645E-4 1.26394E-3 1.19334E-3 1.2774E-3 7.76558E-4 5.53409E-4 3.37578E-4 1.85886E-4 1.96151E-4 3.22062E-4 1.59391E-4 1.40719E-4 1.34648E-4 1.28375E-4 1.85395E-4 3.92178E-4 3.78261E-4 8.68448E-4 4.31074E-4
6.25912E-4 5.83447E-4 6.55411E-4 6.79607E-4 6.71528E-4 6.23206E-4 5.10109E-4 3.83964E-4 3.30552E-4 4.59998E-4 4.19168E-4 3.97373E-4 3.90045E-4 5.21028E-4 4.52632E-4 4.18607E-4 -9999 -9999 -9999 6.36643E-4 5.33828E-4 5.08411E-4 -9999 4.33484E-4 2.32187E-4 1.55574E-4 1.04548E-4 7.50406E-5 5.80803E-5 6.28427E-5 7.27111E-5 8.29395E-5 1.30258E-4 1.33081E-4 1.71558E-4 3.24754E-4 4.51454E-4 4.56255E-4 6.37751E-4 8.85851E-4 6.70968E-4 4.63508E-4 5.61375E-4 4.94625E-4 5.53336E-4 7.04468E-4 8.39437E-4 9.01532E-4 8.46761E-4 8.74508E-4 3.50258E-4 1.90724E-4 1.34458E-4 1.38338E-4 1.41332E-4 1.524E-4 2.57952E-4 2.60032E-4 2.50529E-4 2.49597E-4 1.56276E-4 1.67889E-4 2.20119E-4 2.88598E-4 3.34926E-4 3.55831E-4
6.46367E-4 6.53838E-4 6.37699E-4 6.66156E-4 6.92652E-4 5.50996E-4 4.97135E-4 5.58549E-4 5.89741E-4 3.78509E-4 3.87886E-4 4.78265E-4 4.418E-4 4.37006E-4 3.66176E-4 3.19488E-4 5.23077E-4 6.06587E-4 5.82487E-4 5.66749E-4 5.07781E-4 4.34699E-4 4.14041E-4 3.78143E-4 2.28906E-4 1.34366E-4 1.12163E-4 9.67482E-5 1.13346E-4 9.0793E-5 8.37664E-5 1.13716E-4 1.75893E-4 2.38693E-4 2.97584E-4 3.8802E-4 3.64812E-4 6.65379E-4 9.84308E-4 1.04254E-3 7.88306E-4 5.18084E-4 4.61623E-4 6.34674E-4 8.08678E-4 1.08704E-3 1.19589E-3 6.75317E-4 3.22193E-4 2.33306E-4 1.74023E-4 1.8134E-4 1.65859E-4 1.87019E-4 1.89988E-4 1.90458E-4 1.93502E-4 2.19366E-4 2.10807E-4 1.92751E-4 1.71322E-4 1.84355E-4 2.26953E-4 2.21243E-4 2.52971E-4 2.72432E-4
5.813E-4 6.48589E-4 6.70162E-4 7.06171E-4 7.25001E-4 5.56085E-4 5.83106E-4 5.55118E-4 4.21074E-4 3.22129E-4 4.87695E-4 6.08252E-4 4.08796E-4 5.48304E-4 2.94607E-4 2.4925E-4 3.96439E-4 5.46405E-4 5.69076E-4 6.05304E-4 5.3721E-4 4.26392E-4 3.84744E-4 4.01685E-4 3.60382E-4 3.04242E-4 3.00948E-4 1.86445E-4 1.54512E-4 9.1376E-5 1.07483E-4 1.46401E-4 2.03626E-4 2.71842E-4 3.0682E-4 5.02435E-4 5.39235E-4 6.24027E-4 7.31531E-4 6.76144E-4 8.93241E-4 8.20288E-4 1.33249E-3 3.99677E-4 4.15204E-4 3.47878E-4 3.44967E-4 2.22202E-4 1.84874E-4 1.87839E-4 3.14194E-4 3.40632E-4 2.88728E-4 3.58783E-4 2.2593E-4 2.26545E-4 2.83072E-4 2.55761E-4 3.40009E-4 2.2603E-4 1.83541E-4 1.51291E-4 1.38718E-4 1.50942E-4 2.20943E-4 2.42614E-4
5.57718E-4 6.71864E-4 7.98653E-4 7.01172E-4 7.93032E-4 5.13993E-4 5.04609E-4 4.68146E-4 3.04543E-4 2.61628E-4 4.17659E-4 4.93326E-4 4.10897E-4 2.92087E-4 1.95379E-4 3.62928E-4 4.92826E-4 5.78775E-4 6.3961E-4 5.09483E-4 3.80286E-4 3.58923E-4 6.99464E-4 9.14098E-4 6.29521E-4 5.20619E-4 3.21222E-4 2.79589E-4 2.24272E-4 1.15775E-4 1.43913E-4 3.00816E-4 2.29275E-4 3.86784E-4 3.39112E-4 5.32413E-4 6.83149E-4 3.53645E-4 3.72135E-4 7.528E-4 6.84698E-4 4.19649E-4 2.81635E-4 1.34522E-4 1.49626E-4 1.97654E-4 2.36337E-4 2.7786E-4 2.14634E-4 3.35591E-4 2.82647E-4 2.62136E-4 2.11639E-4 2.85333E-4 2.75252E-4 2.66261E-4 2.77437E-4 2.51084E-4 2.46378E-4 2.43843E-4 2.17371E-4 1.71516E-4 1.5163E-4 1.64361E-4 1.17667E-4 1.53633E-4
5.93674E-4 5.81341E-4 4.57049E-4 5.97305E-4 6.6229E-4 4.76395E-4 5.99427E-4 7.34115E-4 4.4916E-4 3.656E-4 7.13952E-4 5.04877E-4 4.85672E-4 2.82618E-4 3.3109E-4 3.021E-4 4.38447E-4 5.26945E-4 4.59919E-4 3.86254E-4 2.67864E-4 2.82747E-4 5.47802E-4 6.80211E-4 5.6755E-4 5.18827E-4 5.76138E-4 4.32893E-4 2.56158E-4 1.44797E-4 1.57942E-4 1.85026E-4 2.69118E-4 4.71784E-4 4.08552E-4 4.06534E-4 4.91023E-4 3.92132E-4 4.17602E-4 5.26401E-4 4.55434E-4 3.43102E-4 2.07754E-4 1.43744E-4 1.29669E-4 1.65914E-4 2.0796E-4 2.41112E-4 3.34697E-4 2.18874E-4 2.3931E-4 2.341E-4 1.80211E-4 2.22303E-4 2.28445E-4 4.72E-4 4.20607E-4 2.40148E-4 3.12351E-4 3.19274E-4 2.49191E-4 1.96614E-4 1.6564E-4 1.65215E-4 1.43971E-4 1.39924E-4
5.94366E-4 7.56105E-4 5.14243E-4 9.00094E-4 8.35475E-4 5.78377E-4 5.66158E-4 6.735E-4 6.47572E-4 5.03431E-4 7.15743E-4 2.86629E-4 2.66258E-4 4.41608E-4 4.47262E-4 4.72884E-4 3.22343E-4 3.27183E-4 3.50487E-4 4.24986E-4 4.65295E-4 4.79829E-4 5.15911E-4 6.7964E-4 6.00624E-4 5.82408E-4 4.91003E-4 3.96148E-4 2.2735E-4 1.43977E-4 1.62945E-4 2.22255E-4 3.25793E-4 4.43425E-4 4.08232E-4 4.7238E-4 5.32604E-4 5.58803E-4 3.32562E-4 5.03828E-4 3.10892E-4 2.44966E-4 2.16703E-4 1.86118E-4 1.36498E-4 1.37539E-4 1.62263E-4 1.75912E-4 2.59222E-4 1.70737E-4 1.88231E-4 1.92427E-4 1.55072E-4 1.64672E-4 3.81177E-4 2.65862E-4 2.63221E-4 2.24227E-4 2.81273E-4 3.50452E-4 2.98092E-4 2.59905E-4 2.14898E-4 2.25414E-4 1.97966E-4 1.9348E-4
5.50332E-4 7.62568E-4 1.10611E-3 1.31341E-3 1.19459E-3 7.02185E-4 3.23098E-4 5.20592E-4 3.91982E-4 3.68683E-4 5.47829E-4 3.08157E-4 2.81262E-4 3.81394E-4 5.38725E-4 5.35096E-4 2.87027E-4 2.18647E-4 2.75373E-4 4.82862E-4 4.55587E-4 4.27987E-4 5.70487E-4 6.25627E-4 8.58714E-4 8.63069E-4 7.27421E-4 5.18327E-4 4.10297E-4 2.42566E-4 2.28025E-4 2.06132E-4 3.0621E-4 3.90315E-4 6.27507E-4 6.96112E-4 6.03669E-4 8.20621E-4 4.32677E-4 2.04847E-4 2.05576E-4 2.57924E-4 2.49068E-4 1.90611E-4 1.42772E-4 1.08773E-4 1.30537E-4 2.23992E-4 1.52801E-4 1.83898E-4 2.34711E-4 2.3525E-4 1.86287E-4 1.61894E-4 2.13232E-4 2.63961E-4 2.34072E-4 2.17742E-4 3.42013E-4 4.67747E-4 4.69323E-4 4.61892E-4 3.71574E-4 4.19938E-4 -9999 -9999
6.21146E-4 7.90654E-4 1.21011E-3 7.39474E-4 6.87057E-4 5.42556E-4 2.87151E-4 3.70102E-4 3.09852E-4 3.24728E-4 3.43206E-4 3.86743E-4 3.32416E-4 2.71267E-4 3.30991E-4 4.21712E-4 3.1861E-4 2.14464E-4 2.93029E-4 3.57157E-4 3.85286E-4 4.2694E-4 5.58645E-4 9.30602E-4 1.00455E-3 1.21226E-3 1.05539E-3 9.24063E-4 5.74778E-4 4.2955E-4 2.79814E-4 3.47086E-4 4.81487E-4 5.11797E-4 6.5775E-4 7.54605E-4 7.9487E-4 4.49177E-4 2.29415E-4 1.81311E-4 1.76564E-4 1.98612E-4 1.92603E-4 1.73396E-4 1.40831E-4 1.34408E-4 2.64702E-4 1.71588E-4 1.59856E-4 1.76939E-4 2.20575E-4 2.34465E-4 1.97989E-4 1.72879E-4 2.17242E-4 2.67641E-4 2.58081E-4 2.75896E-4 4.08294E-4 4.78986E-4 4.48916E-4 5.49853E-4 6.65265E-4 -9999 -9999 -9999
3.32111E-4 6.47698E-4 8.40615E-4 7.69687E-4 7.30823E-4 4.50664E-4 4.01421E-4 3.16364E-4 2.72094E-4 4.5351E-4 6.08514E-4 6.70713E-4 6.6154E-4 4.39766E-4 3.63867E-4 4.13906E-4 3.92656E-4 3.57148E-4 3.12251E-4 3.23829E-4 3.98999E-4 6.04853E-4 6.23835E-4 5.63305E-4 8.57269E-4 7.32576E-4 5.89204E-4 6.10426E-4 6.30796E-4 6.00223E-4 4.96986E-4 4.0625E-4 6.3478E-4 5.11334E-4 4.32887E-4 4.9371E-4 4.12546E-4 3.19699E-4 2.04698E-4 2.37656E-4 2.3779E-4 2.50877E-4 1.41332E-4 1.38528E-4 1.2692E-4 2.58642E-4 1.88417E-4 2.15604E-4 2.03624E-4 1.75199E-4 3.09669E-4 2.28147E-4 2.456E-4 2.00823E-4 1.89672E-4 2.50947E-4 2.68082E-4 3.89933E-4 7.56635E-4 6.61699E-4 7.1782E-4 5.30317E-4 -9999 -9999 -9999 -9999
4.00953E-4 2.22134E-4 3.17417E-4 3.57043E-4 4.77199E-4 4.47755E-4 5.00885E-4 4.29121E-4 4.99239E-4 4.17706E-4 5.96075E-4 6.93616E-4 5.67283E-4 4.20282E-4 3.46674E-4 3.41539E-4 3.26954E-4 4.23489E-4 4.1365E-4 4.40344E-4 5.17266E-4 3.98777E-4 2.9718E-4 4.08286E-4 2.42339E-4 2.46713E-4 1.90903E-4 1.90486E-4 1.66939E-4 2.77095E-4 1.73016E-4 1.10355E-4 1.59415E-4 2.17819E-4 2.10764E-4 2.65932E-4 2.6941E-4 2.19565E-4 1.8493E-4 2.25105E-4 2.14535E-4 1.89517E-4 1.5483E-4 1.60935E-4 2.41402E-4 1.7065E-4 1.84461E-4 2.33896E-4 2.21016E-4 2.18265E-4 1.76975E-4 2.56598E-4 2.74195E-4 2.49417E-4 2.25692E-4 2.20169E-4 3.87497E-4 8.3992E-4 1.14571E-3 9.60689E-4 -9999 -9999 -9999 -9999 -9999 -9999
1.98059E-4 1.54284E-4 1.90544E-4 3.2846E-4 4.75217E-4 6.42301E-4 6.60762E-4 6.8512E-4 5.61172E-4 4.06931E-4 4.53756E-4 5.5477E-4 5.97768E-4 5.04748E-4 3.1488E-4 1.99874E-4 1.52948E-4 1.89596E-4 2.72613E-4 3.80831E-4 2.15854E-4 1.44567E-4 1.44484E-4 1.65968E-4 1.9919E-4 2.41843E-4 2.13245E-4 1.63218E-4 1.32811E-4 1.00103E-4 8.24548E-5 6.63719E-5 9.44245E-5 1.18989E-4 1.58275E-4 2.10576E-4 2.63623E-4 2.03239E-4 1.55453E-4 1.82209E-4 2.83284E-4 2.7793E-4 3.11423E-4 3.13804E-4 1.67987E-4 1.86937E-4 2.1907E-4 2.05433E-4 2.12907E-4 2.31813E-4 2.35039E-4 2.07885E-4 3.06815E-4 2.58188E-4 3.03689E-4 2.08725E-4 3.0531E-4 6.60587E-4 7.38141E-4 -9999 -9999 -9999 -9999 -9999 -9999 -9999
1.7004E-4 1.34267E-4 1.072E-4 1.70327E-4 2.16969E-4 2.67837E-4 3.19531E-4 2.93282E-4 1.84128E-4 1.59399E-4 2.65482E-4 2.33783E-4 2.85245E-4 2.65544E-4 2.04419E-4 1.49013E-4 1.21195E-4 1.58025E-4 2.0974E-4 2.67192E-4 2.48302E-4 1.45175E-4 1.76306E-4 2.08747E-4 1.92462E-4 2.20537E-4 1.97853E-4 1.5532E-4 1.39171E-4 1.1553E-4 9.2175E-5 7.22767E-5 8.30654E-5 1.09988E-4 1.48922E-4 1.84834E-4 2.02033E-4 1.80926E-4 2.33422E-4 3.14824E-4 2.30465E-4 1.85927E-4 2.19282E-4 2.26518E-4 1.75887E-4 1.90725E-4 2.5511E-4 2.21515E-4 2.86691E-4 2.13796E-4 2.51062E-4 3.64507E-4 3.75726E-4 3.62443E-4 3.34103E-4 2.94975E-4 2.9554E-4 -9999 -9999 -9999 -9999 -9999 -9999 -9999 -9999 -9999
