catData/rasterBestHybridModels/Pbengalensis/RD_BM01_RM1_L/Pbengalensis_avg.asc
ncols         409
nrows         350
xllcorner     60.897278365
yllcorner     5.843756025
cellsize      0.0892857
NODATA_value  -9999
[rows 87 to 115 of 350, columns 198 to 263 of 409]
1.10978E-4 9.12424E-5 1.14926E-4 1.09806E-4 1.07819E-4 9.16957E-5 9.29688E-5 1.11901E-4 1.62435E-4 1.48604E-4 1.61879E-4 1.73866E-4 1.66968E-4 1.4218E-4 1.25191E-4 1.90659E-4 2.12285E-4 2.15597E-4 1.62864E-4 1.12438E-4 1.6895E-4 2.36599E-4 2.92082E-4 2.19607E-4 1.4584E-4 1.98006E-4 2.42198E-4 2.1961E-4 1.7675E-4 1.12606E-4 1.27421E-4 1.75042E-4 1.50138E-4 1.35117E-4 9.39289E-5 8.76403E-5 1.49197E-4 1.90327E-4 2.6955E-4 3.47606E-4 4.46541E-4 3.48372E-4 2.20213E-4 2.43191E-4 3.91793E-4 3.00817E-4 2.00261E-4 1.7165E-4 1.05921E-4 6.3837E-5 4.07257E-5 5.43284E-5 6.74336E-5 9.66898E-5 -9999 -9999 -9999 -9999 -9999 1.81158E-4 1.2103E-4 -9999 -9999 -9999 -9999 -9999
1.15876E-4 8.99156E-5 1.05176E-4 1.13372E-4 1.38112E-4 1.15252E-4 1.13192E-4 9.28651E-5 1.1206E-4 1.16016E-4 1.35701E-4 1.35272E-4 1.22794E-4 1.03202E-4 9.45324E-5 1.19335E-4 1.32803E-4 1.34112E-4 1.23362E-4 9.94418E-5 1.39019E-4 2.04548E-4 2.33562E-4 2.28992E-4 1.84219E-4 2.0879E-4 2.17028E-4 1.63535E-4 1.4716E-4 1.26254E-4 1.69839E-4 2.01714E-4 1.68496E-4 1.35705E-4 1.18209E-4 1.22082E-4 1.33534E-4 1.89739E-4 2.43229E-4 3.41193E-4 4.27746E-4 3.40456E-4 2.01048E-4 1.87476E-4 3.00375E-4 2.26017E-4 2.55101E-4 1.46334E-4 8.42732E-5 5.19932E-5 5.95926E-5 6.71247E-5 8.94673E-5 1.32998E-4 1.98952E-4 2.13704E-4 -9999 3.6265E-4 3.24607E-4 1.75815E-4 1.73322E-4 1.20602E-4 1.14436E-4 -9999 -9999 -9999
1.22504E-4 1.00665E-4 8.28274E-5 8.79876E-5 9.01312E-5 1.11893E-4 1.09627E-4 8.91478E-5 7.76398E-5 8.7468E-5 9.44124E-5 9.33413E-5 8.8778E-5 9.21021E-5 9.02156E-5 1.12873E-4 1.47931E-4 1.56975E-4 1.30953E-4 1.00019E-4 1.00998E-4 1.05947E-4 1.28108E-4 1.42684E-4 1.35311E-4 1.81852E-4 1.86255E-4 1.37404E-4 1.35531E-4 1.9156E-4 2.32464E-4 2.05538E-4 1.65164E-4 1.53949E-4 1.43142E-4 1.63705E-4 1.65229E-4 1.91536E-4 2.30723E-4 2.31863E-4 3.03958E-4 2.76239E-4 1.94448E-4 1.51483E-4 1.39363E-4 1.2557E-4 1.18005E-4 8.63628E-5 5.14387E-5 6.13671E-5 8.78975E-5 8.70078E-5 1.29883E-4 1.4794E-4 1.84998E-4 2.65935E-4 3.84175E-4 5.26961E-4 3.89928E-4 1.93608E-4 2.22574E-4 1.5674E-4 -9999 -9999 -9999 -9999
1.08346E-4 9.39029E-5 7.89711E-5 1.01577E-4 1.10645E-4 1.32229E-4 1.00029E-4 8.46994E-5 8.24301E-5 8.82856E-5 9.94127E-5 1.04892E-4 1.13331E-4 1.1093E-4 9.90516E-5 1.08121E-4 1.61995E-4 1.41088E-4 1.13167E-4 1.27424E-4 1.35518E-4 1.27073E-4 1.02494E-4 9.16944E-5 9.02661E-5 1.02823E-4 1.08303E-4 1.1117E-4 1.35962E-4 1.90205E-4 2.35901E-4 2.09083E-4 1.46725E-4 1.52634E-4 1.98646E-4 2.77494E-4 2.38027E-4 1.74883E-4 1.65159E-4 1.8061E-4 1.68706E-4 1.4168E-4 1.82809E-4 1.50222E-4 9.24669E-5 8.81328E-5 7.20312E-5 5.21757E-5 4.38955E-5 6.21551E-5 7.96349E-5 1.20733E-4 1.99233E-4 2.00673E-4 2.48176E-4 3.63596E-4 5.38464E-4 6.36661E-4 3.97644E-4 2.29905E-4 2.84858E-4 2.52642E-4 -9999 -9999 -9999 -9999
7.6659E-5 8.32697E-5 9.17641E-5 9.94091E-5 1.04444E-4 9.27721E-5 9.11481E-5 1.12798E-4 1.02251E-4 9.82423E-5 1.33691E-4 1.11472E-4 1.36333E-4 1.09357E-4 1.04414E-4 1.37522E-4 1.21864E-4 1.23945E-4 1.11485E-4 1.44288E-4 1.23379E-4 1.09023E-4 1.03089E-4 1.06163E-4 9.40884E-5 7.13389E-5 6.55676E-5 8.03337E-5 1.02167E-4 1.35861E-4 1.56976E-4 1.49721E-4 1.189E-4 1.50111E-4 2.16179E-4 2.65523E-4 2.50355E-4 2.19228E-4 1.69706E-4 1.16092E-4 1.11845E-4 1.04467E-4 1.11997E-4 8.71348E-5 8.85043E-5 8.7771E-5 9.77586E-5 4.72644E-5 3.78494E-5 5.28269E-5 7.90463E-5 1.33617E-4 1.73849E-4 2.1744E-4 4.10669E-4 5.49153E-4 5.85914E-4 5.89427E-4 3.83901E-4 4.63912E-4 3.46432E-4 4.70954E-4 -9999 -9999 -9999 -9999
7.22032E-5 9.2286E-5 1.1126E-4 8.95816E-5 1.0594E-4 1.11897E-4 1.09138E-4 1.07331E-4 9.57627E-5 9.24221E-5 1.0471E-4 9.72367E-5 9.31343E-5 8.96736E-5 8.69841E-5 1.1229E-4 1.06802E-4 9.6816E-5 1.05266E-4 1.13277E-4 9.84413E-5 8.27995E-5 9.75774E-5 1.11367E-4 9.48709E-5 8.55404E-5 7.43544E-5 7.39472E-5 8.34569E-5 9.66633E-5 9.41827E-5 9.73338E-5 1.07334E-4 1.55057E-4 2.17802E-4 2.49335E-4 2.66252E-4 2.30768E-4 1.65163E-4 1.19346E-4 9.46384E-5 7.97722E-5 6.62103E-5 7.04604E-5 6.89437E-5 7.12818E-5 6.18095E-5 4.80553E-5 4.22895E-5 6.4826E-5 1.31311E-4 1.84958E-4 1.95711E-4 3.01661E-4 6.07079E-4 8.46499E-4 7.29412E-4 5.09107E-4 4.91159E-4 5.02664E-4 6.54392E-4 9.14161E-4 9.24762E-4 6.97597E-4 6.07226E-4 -9999
8.41177E-5 8.32393E-5 9.58717E-5 9.07594E-5 9.63311E-5 9.94593E-5 9.97997E-5 1.00461E-4 1.15151E-4 9.79559E-5 1.15468E-4 1.00079E-4 8.2746E-5 8.38834E-5 8.37315E-5 9.01082E-5 1.02408E-4 1.0692E-4 9.67449E-5 7.9888E-5 7.99445E-5 1.06971E-4 1.22502E-4 1.19803E-4 9.15366E-5 7.33338E-5 6.23264E-5 7.93324E-5 8.84344E-5 8.96763E-5 7.68239E-5 8.08772E-5 1.07237E-4 1.43676E-4 1.93392E-4 2.09064E-4 2.40257E-4 1.88689E-4 1.1782E-4 1.11585E-4 1.05124E-4 9.36638E-5 1.08599E-4 8.99749E-5 7.40041E-5 6.15423E-5 5.19978E-5 5.5597E-5 5.57849E-5 7.12489E-5 1.73778E-4 3.24984E-4 4.48204E-4 4.71047E-4 6.22893E-4 9.12691E-4 5.46806E-4 5.75449E-4 7.57384E-4 8.14694E-4 7.22675E-4 1.09001E-3 8.5315E-4 5.93753E-4 7.50598E-4 9.45632E-4
1.08657E-4 9.5139E-5 1.10181E-4 9.3965E-5 9.03314E-5 8.78441E-5 1.08471E-4 9.33283E-5 1.12744E-4 1.04561E-4 1.09862E-4 9.47877E-5 1.12185E-4 1.12693E-4 1.07828E-4 1.03403E-4 1.24493E-4 1.19553E-4 1.0332E-4 7.12339E-5 7.47672E-5 1.0196E-4 1.23111E-4 1.04447E-4 8.18953E-5 6.67081E-5 6.64433E-5 8.31572E-5 9.37123E-5 1.10444E-4 8.86003E-5 9.88026E-5 1.18701E-4 1.73074E-4 3.04527E-4 2.43029E-4 2.23114E-4 1.62E-4 1.15134E-4 1.03856E-4 1.02182E-4 1.12771E-4 1.36875E-4 1.0473E-4 8.57194E-5 8.61326E-5 7.12659E-5 5.81734E-5 5.29251E-5 7.63788E-5 1.10585E-4 1.81034E-4 2.85937E-4 2.35906E-4 3.8363E-4 5.41417E-4 3.39507E-4 6.16806E-4 9.8434E-4 1.05004E-3 8.7345E-4 8.7657E-4 7.07004E-4 6.81552E-4 1.01878E-3 7.60363E-4
9.73329E-5 9.25804E-5 9.84001E-5 8.82212E-5 1.11296E-4 1.02189E-4 1.04484E-4 1.06284E-4 1.14066E-4 9.8306E-5 1.00884E-4 1.08136E-4 1.01861E-4 9.98426E-5 9.70288E-5 9.72375E-5 1.09916E-4 1.09154E-4 1.07048E-4 8.86876E-5 7.17302E-5 9.0045E-5 9.94966E-5 9.30013E-5 7.41627E-5 6.16497E-5 7.89418E-5 9.58814E-5 1.21033E-4 1.50134E-4 1.00294E-4 8.95221E-5 1.38476E-4 1.76111E-4 2.04561E-4 2.13354E-4 2.8707E-4 1.99686E-4 1.23203E-4 1.36297E-4 1.44065E-4 1.53121E-4 1.80669E-4 1.9425E-4 1.68514E-4 1.16051E-4 9.59121E-5 7.82451E-5 7.57754E-5 8.52991E-5 9.25434E-5 1.19254E-4 1.26986E-4 1.50695E-4 2.43663E-4 3.27625E-4 2.73689E-4 4.6549E-4 1.56806E-3 1.07096E-3 1.15589E-3 1.11213E-3 9.13623E-4 6.63075E-4 5.67692E-4 5.86692E-4
8.08901E-5 1.11373E-4 1.02498E-4 8.24007E-5 8.75151E-5 1.06336E-4 9.48966E-5 9.79389E-5 1.05605E-4 8.48521E-5 8.23242E-5 1.01855E-4 9.7481E-5 1.11841E-4 1.08462E-4 8.87629E-5 1.04459E-4 1.15204E-4 1.01487E-4 9.46346E-5 8.70423E-5 1.13754E-4 1.34105E-4 1.16533E-4 8.95865E-5 7.22286E-5 8.08552E-5 1.07904E-4 1.64359E-4 1.57787E-4 9.94153E-5 9.97341E-5 9.88787E-5 1.25972E-4 1.40423E-4 1.96197E-4 1.88962E-4 1.70876E-4 1.46241E-4 2.09384E-4 2.79896E-4 2.19111E-4 2.47764E-4 2.02538E-4 1.85054E-4 1.63111E-4 1.06629E-4 1.04309E-4 9.35415E-5 1.01508E-4 9.06259E-5 9.26393E-5 1.29988E-4 1.74187E-4 2.29404E-4 2.85883E-4 3.45172E-4 5.03764E-4 6.78028E-4 5.845E-4 5.44173E-4 8.71262E-4 8.45942E-4 8.25071E-4 4.72503E-4 4.07412E-4
1.0313E-4 8.97779E-5 9.2426E-5 8.13667E-5 8.33455E-5 7.79081E-5 7.58332E-5 8.43849E-5 8.60348E-5 9.75115E-5 8.43779E-5 7.30122E-5 8.44128E-5 9.79055E-5 9.27007E-5 8.62556E-5 7.88231E-5 8.27076E-5 7.85314E-5 9.82128E-5 1.0536E-4 1.21062E-4 1.28693E-4 1.10523E-4 8.85962E-5 6.61623E-5 6.90956E-5 1.03723E-4 1.10569E-4 1.18567E-4 1.16615E-4 1.30628E-4 1.17712E-4 9.73757E-5 1.09041E-4 1.32983E-4 1.36621E-4 1.45073E-4 2.32037E-4 2.94993E-4 3.14177E-4 2.59763E-4 3.24838E-4 3.08455E-4 2.23606E-4 1.59821E-4 1.38925E-4 1.49869E-4 1.49834E-4 1.26329E-4 1.29572E-4 1.18533E-4 1.50859E-4 1.93164E-4 2.35991E-4 3.05395E-4 3.48618E-4 5.20152E-4 4.19556E-4 2.80966E-4 4.0533E-4 3.55079E-4 3.37256E-4 3.97216E-4 3.054E-4 3.53173E-4
7.14774E-5 9.55292E-5 8.41147E-5 9.55996E-5 1.00624E-4 8.40649E-5 1.03776E-4 8.55536E-5 8.3094E-5 9.72754E-5 8.33691E-5 8.10188E-5 8.46451E-5 1.14127E-4 9.89747E-5 1.11442E-4 9.41513E-5 9.1197E-5 1.09205E-4 1.35161E-4 1.3678E-4 9.13873E-5 9.12617E-5 8.05164E-5 6.85233E-5 5.26107E-5 5.49103E-5 7.61314E-5 8.05673E-5 1.05493E-4 1.374E-4 1.46572E-4 1.2122E-4 9.51786E-5 7.85162E-5 8.70444E-5 9.1197E-5 9.28115E-5 1.38133E-4 2.1258E-4 2.32878E-4 2.14537E-4 3.71793E-4 3.2176E-4 2.4384E-4 1.64315E-4 1.44444E-4 1.74483E-4 2.0626E-4 1.88624E-4 1.59771E-4 1.42755E-4 1.61425E-4 2.28847E-4 3.15884E-4 3.90701E-4 4.03309E-4 3.19994E-4 2.1819E-4 2.86525E-4 3.85379E-4 2.76432E-4 2.98734E-4 3.79229E-4 5.00714E-4 4.30054E-4
5.49877E-5 6.60951E-5 6.64607E-5 8.09738E-5 8.58457E-5 1.08901E-4 8.96737E-5 7.83801E-5 6.43227E-5 8.42737E-5 1.06558E-4 9.58499E-5 9.43687E-5 8.88236E-5 9.70366E-5 1.19719E-4 9.546E-5 8.76556E-5 1.10136E-4 1.18074E-4 1.10235E-4 9.50884E-5 7.42827E-5 5.95267E-5 6.37826E-5 5.50746E-5 6.58461E-5 7.29328E-5 8.30042E-5 1.0943E-4 1.42724E-4 1.25236E-4 9.43873E-5 8.24612E-5 8.53125E-5 8.4755E-5 8.14411E-5 8.05037E-5 1.02106E-4 1.24653E-4 1.72127E-4 2.3076E-4 2.98709E-4 3.11063E-4 2.3034E-4 1.54413E-4 1.61263E-4 2.33987E-4 2.37415E-4 2.36908E-4 1.87103E-4 1.40711E-4 1.20833E-4 2.04147E-4 2.93651E-4 3.76076E-4 3.0792E-4 2.49402E-4 2.63716E-4 2.81637E-4 2.7299E-4 2.28418E-4 2.00252E-4 2.99034E-4 6.99231E-4 5.87361E-4
6.3187E-5 7.65231E-5 7.5902E-5 9.4035E-5 8.64975E-5 7.89722E-5 8.18617E-5 6.96246E-5 8.05958E-5 8.66242E-5 8.69393E-5 8.00859E-5 1.05631E-4 1.0004E-4 7.98493E-5 8.44498E-5 1.01529E-4 1.01343E-4 9.19396E-5 9.41818E-5 1.05702E-4 1.15486E-4 8.84701E-5 6.53831E-5 7.09251E-5 7.72575E-5 9.22339E-5 9.72433E-5 1.01718E-4 8.77846E-5 1.09981E-4 9.29903E-5 8.49548E-5 9.87247E-5 1.0917E-4 1.03957E-4 8.70813E-5 8.2891E-5 8.89087E-5 1.14782E-4 1.50673E-4 2.01119E-4 1.8319E-4 1.81901E-4 1.79372E-4 1.45346E-4 1.66054E-4 2.25661E-4 2.83354E-4 2.59804E-4 2.04323E-4 1.48698E-4 1.16456E-4 1.59562E-4 2.3587E-4 2.51941E-4 2.1793E-4 2.6052E-4 3.22212E-4 2.10754E-4 1.9102E-4 1.69585E-4 1.53635E-4 2.02485E-4 2.69558E-4 4.0986E-4
6.76875E-5 8.09788E-5 7.83279E-5 6.70689E-5 8.89331E-5 8.97688E-5 9.81882E-5 7.43493E-5 8.83445E-5 1.06464E-4 7.99167E-5 9.3084E-5 1.0855E-4 9.4792E-5 7.84067E-5 7.57457E-5 9.97047E-5 1.04834E-4 8.68146E-5 7.5036E-5 9.80201E-5 1.06032E-4 9.04245E-5 8.60019E-5 9.58973E-5 9.39242E-5 1.05457E-4 1.3613E-4 1.22091E-4 1.00497E-4 7.71579E-5 7.55433E-5 9.28857E-5 1.14149E-4 1.20745E-4 1.12014E-4 1.12891E-4 9.4619E-5 7.86541E-5 9.66088E-5 1.31225E-4 1.53964E-4 1.37482E-4 1.14396E-4 1.10743E-4 1.39248E-4 1.57873E-4 1.89021E-4 2.46812E-4 2.10409E-4 1.7957E-4 1.51578E-4 1.33634E-4 1.57999E-4 2.05228E-4 2.09237E-4 2.20002E-4 3.17008E-4 3.05888E-4 2.58602E-4 1.79101E-4 1.19493E-4 1.25931E-4 1.5051E-4 1.72302E-4 1.52979E-4
6.40625E-5 7.91544E-5 7.85633E-5 6.26828E-5 7.82358E-5 7.73672E-5 8.23757E-5 8.0439E-5 7.45486E-5 8.34809E-5 7.37529E-5 8.0516E-5 9.83436E-5 1.01432E-4 9.18431E-5 9.2956E-5 7.61335E-5 7.80169E-5 6.81042E-5 6.2727E-5 7.40545E-5 7.61996E-5 6.79518E-5 8.93029E-5 1.17746E-4 1.02721E-4 8.58629E-5 1.10179E-4 1.10589E-4 9.67597E-5 7.57267E-5 9.32274E-5 9.75352E-5 9.1354E-5 9.67323E-5 1.37956E-4 1.35096E-4 1.11789E-4 8.77557E-5 7.50582E-5 8.97202E-5 1.00518E-4 1.01236E-4 8.94796E-5 7.37408E-5 9.43661E-5 1.25534E-4 1.31716E-4 1.39178E-4 1.42568E-4 1.52497E-4 1.26895E-4 1.1978E-4 1.68283E-4 2.07958E-4 2.45891E-4 2.22413E-4 2.59622E-4 2.77371E-4 2.18569E-4 1.60169E-4 1.07023E-4 8.80311E-5 1.00628E-4 1.18084E-4 1.17293E-4
7.57908E-5 8.07674E-5 7.87716E-5 7.85765E-5 6.75122E-5 6.52205E-5 8.08419E-5 7.96304E-5 6.70797E-5 5.31499E-5 5.38146E-5 6.83776E-5 7.70055E-5 9.83007E-5 9.69787E-5 1.18839E-4 7.7769E-5 6.287E-5 5.73E-5 5.73871E-5 6.56482E-5 6.27573E-5 6.47877E-5 8.5406E-5 1.0093E-4 9.75198E-5 8.06295E-5 8.23965E-5 8.06479E-5 7.02186E-5 6.8977E-5 9.11687E-5 1.23116E-4 1.02324E-4 7.94342E-5 1.0147E-4 1.06063E-4 8.92383E-5 8.62821E-5 7.96365E-5 7.48788E-5 7.53245E-5 6.80298E-5 6.14904E-5 5.67952E-5 6.3473E-5 7.71218E-5 8.56631E-5 9.8342E-5 1.00902E-4 1.02852E-4 1.12144E-4 1.55236E-4 1.98294E-4 2.70119E-4 3.12606E-4 2.47285E-4 2.16935E-4 1.89018E-4 1.38376E-4 1.2404E-4 1.0156E-4 9.51478E-5 1.22888E-4 1.49203E-4 1.60465E-4
7.57733E-5 8.36103E-5 8.32512E-5 7.97943E-5 8.18661E-5 6.9461E-5 7.65614E-5 8.48744E-5 7.16196E-5 5.46216E-5 6.17266E-5 8.32579E-5 8.83788E-5 9.36464E-5 9.05901E-5 8.26165E-5 7.04508E-5 7.16547E-5 7.40663E-5 6.84781E-5 8.4056E-5 8.66754E-5 7.94195E-5 6.92175E-5 7.71253E-5 9.84969E-5 1.04608E-4 8.92023E-5 6.97486E-5 5.32788E-5 6.1054E-5 7.80983E-5 9.9012E-5 8.30264E-5 6.80307E-5 7.11504E-5 9.93608E-5 1.25041E-4 1.14911E-4 8.28911E-5 6.98357E-5 7.51817E-5 9.01696E-5 9.04304E-5 8.06633E-5 8.22218E-5 7.61027E-5 7.24757E-5 6.59234E-5 6.0211E-5 6.36078E-5 8.40476E-5 1.26022E-4 1.80817E-4 2.24535E-4 1.96695E-4 2.15257E-4 1.92727E-4 1.5638E-4 1.25434E-4 1.13217E-4 9.62083E-5 1.19349E-4 1.55467E-4 1.74157E-4 1.81584E-4
6.49481E-5 8.1248E-5 7.59027E-5 7.97375E-5 8.44687E-5 7.14219E-5 5.99095E-5 7.57144E-5 7.33252E-5 6.29933E-5 6.10445E-5 8.18379E-5 8.35746E-5 6.69662E-5 8.9761E-5 1.06048E-4 8.51884E-5 1.00434E-4 1.02022E-4 8.39936E-5 1.04305E-4 1.17116E-4 9.36034E-5 8.958E-5 7.94556E-5 1.05131E-4 1.09898E-4 9.10775E-5 6.94012E-5 5.32256E-5 5.24953E-5 6.05027E-5 7.99135E-5 8.81052E-5 8.63584E-5 7.43901E-5 9.94687E-5 1.34663E-4 1.21498E-4 8.48736E-5 6.3575E-5 8.05123E-5 1.10225E-4 1.22611E-4 1.1018E-4 1.09309E-4 9.65027E-5 8.44166E-5 6.40401E-5 5.00909E-5 5.56827E-5 7.91224E-5 1.02233E-4 1.45439E-4 1.77327E-4 1.54992E-4 1.51077E-4 1.06741E-4 7.96789E-5 6.88769E-5 6.50925E-5 6.86198E-5 8.95839E-5 1.17305E-4 1.53201E-4 2.00927E-4
4.6968E-5 5.40282E-5 6.61632E-5 7.28078E-5 6.30871E-5 5.63905E-5 6.41303E-5 8.34485E-5 9.13439E-5 8.58791E-5 7.44393E-5 8.13918E-5 8.96067E-5 7.26305E-5 8.64031E-5 9.29531E-5 8.10937E-5 9.66084E-5 1.06995E-4 1.08243E-4 8.86641E-5 9.56962E-5 9.36742E-5 1.22576E-4 1.03683E-4 8.77034E-5 8.99963E-5 9.84076E-5 8.31816E-5 6.18501E-5 5.0163E-5 6.63187E-5 9.24376E-5 1.18726E-4 1.01428E-4 7.75354E-5 8.23059E-5 1.18957E-4 1.23921E-4 1.00581E-4 7.96813E-5 9.16367E-5 1.26836E-4 1.43719E-4 1.22656E-4 1.40482E-4 1.18111E-4 9.0698E-5 7.08071E-5 5.44057E-5 5.25652E-5 7.37611E-5 9.10077E-5 1.22622E-4 1.3277E-4 1.21676E-4 9.93463E-5 8.52794E-5 7.85464E-5 6.89349E-5 5.79248E-5 5.94283E-5 7.95015E-5 1.01835E-4 1.27303E-4 1.45759E-4
5.05073E-5 6.17204E-5 6.86603E-5 5.56162E-5 4.57807E-5 6.09134E-5 8.20638E-5 7.12848E-5 7.77307E-5 8.26879E-5 7.17249E-5 7.94538E-5 8.52393E-5 7.32312E-5 6.2961E-5 6.67954E-5 7.50308E-5 8.27303E-5 1.04422E-4 1.1039E-4 8.03799E-5 1.00044E-4 9.90003E-5 1.12406E-4 1.17995E-4 9.73524E-5 1.06247E-4 1.15884E-4 8.67547E-5 6.54867E-5 5.13516E-5 6.27079E-5 7.9486E-5 9.65548E-5 9.23918E-5 7.20757E-5 8.06427E-5 1.13097E-4 1.39351E-4 1.17518E-4 1.17722E-4 1.02179E-4 1.29517E-4 1.34227E-4 1.20774E-4 1.54433E-4 1.24587E-4 9.41591E-5 7.16162E-5 5.47904E-5 5.73911E-5 7.67838E-5 1.01936E-4 1.30349E-4 1.73716E-4 1.38692E-4 1.04474E-4 9.43815E-5 9.39576E-5 9.23091E-5 7.69486E-5 6.24531E-5 7.36916E-5 8.45491E-5 9.92182E-5 1.17096E-4
5.20375E-5 6.47744E-5 7.38742E-5 5.72967E-5 4.38073E-5 5.68059E-5 6.56883E-5 5.70831E-5 5.40745E-5 6.24143E-5 7.3149E-5 8.6596E-5 7.58558E-5 6.16626E-5 6.47662E-5 7.31962E-5 8.81742E-5 1.07097E-4 8.80421E-5 7.59321E-5 7.67456E-5 1.0699E-4 1.07466E-4 8.94438E-5 8.66147E-5 7.65527E-5 8.70905E-5 9.20938E-5 8.67544E-5 8.44527E-5 6.48965E-5 4.95418E-5 6.038E-5 7.11281E-5 7.68966E-5 6.17779E-5 7.78239E-5 1.12634E-4 1.34363E-4 1.14776E-4 1.43376E-4 1.15367E-4 1.13636E-4 1.14775E-4 9.80965E-5 1.07662E-4 9.93124E-5 8.69803E-5 7.22986E-5 7.20931E-5 6.47302E-5 7.77905E-5 1.05706E-4 1.4153E-4 1.59523E-4 1.24568E-4 1.11108E-4 1.27728E-4 1.20123E-4 1.16827E-4 9.11358E-5 7.50209E-5 7.43685E-5 8.56928E-5 9.05322E-5 8.7212E-5
6.04374E-5 5.82142E-5 5.66202E-5 4.93868E-5 5.67245E-5 5.90617E-5 6.95842E-5 6.47516E-5 6.55518E-5 8.34419E-5 7.02173E-5 7.81293E-5 7.77189E-5 6.18952E-5 7.66584E-5 8.99462E-5 7.71889E-5 8.33539E-5 7.66977E-5 8.04209E-5 1.0122E-4 9.67518E-5 7.64212E-5 7.65745E-5 9.93449E-5 1.01789E-4 7.95944E-5 9.41627E-5 1.22568E-4 1.00811E-4 7.33188E-5 6.39107E-5 7.03045E-5 7.14216E-5 6.75365E-5 6.77173E-5 7.71636E-5 9.88345E-5 1.10511E-4 9.49319E-5 1.07894E-4 9.76548E-5 1.31534E-4 1.36283E-4 1.03649E-4 7.82028E-5 7.41171E-5 8.60542E-5 9.81721E-5 9.63218E-5 8.31809E-5 7.25837E-5 9.0735E-5 1.11196E-4 1.17043E-4 1.0533E-4 1.29874E-4 1.69639E-4 1.42234E-4 1.22442E-4 1.13871E-4 8.93698E-5 9.5053E-5 1.07666E-4 1.13746E-4 1.04368E-4
7.39982E-5 6.9077E-5 7.1702E-5 6.08075E-5 7.12088E-5 7.21294E-5 7.41379E-5 7.16629E-5 7.67348E-5 6.43668E-5 6.62601E-5 7.88393E-5 7.28345E-5 6.23518E-5 7.04442E-5 7.69448E-5 8.13259E-5 7.70867E-5 6.76769E-5 7.16594E-5 9.62948E-5 9.77806E-5 7.75639E-5 7.76431E-5 9.40607E-5 1.01839E-4 8.49213E-5 9.06346E-5 1.06328E-4 1.1491E-4 9.41532E-5 8.16464E-5 9.92368E-5 9.7739E-5 8.60814E-5 9.23331E-5 7.9171E-5 8.98372E-5 9.22416E-5 7.88917E-5 7.38264E-5 8.38051E-5 1.02278E-4 1.05838E-4 9.067E-5 7.08853E-5 8.36688E-5 1.06126E-4 1.34287E-4 1.34024E-4 9.77875E-5 9.57985E-5 1.07934E-4 1.01764E-4 1.05349E-4 1.27499E-4 1.24644E-4 1.30318E-4 1.30007E-4 1.61875E-4 1.45515E-4 1.14524E-4 1.10355E-4 1.32938E-4 1.48665E-4 1.32129E-4
6.98011E-5 5.96133E-5 6.63267E-5 5.89996E-5 5.88277E-5 6.00809E-5 5.54504E-5 5.82716E-5 6.16873E-5 6.67085E-5 8.2228E-5 6.4714E-5 8.24496E-5 7.36919E-5 7.10243E-5 7.64425E-5 8.33406E-5 9.3033E-5 7.87275E-5 6.09261E-5 7.12207E-5 9.43789E-5 8.62396E-5 6.69495E-5 7.30639E-5 9.67926E-5 1.03753E-4 7.84572E-5 9.80348E-5 1.22836E-4 1.01898E-4 1.05399E-4 1.04946E-4 1.08892E-4 1.06497E-4 1.05587E-4 8.11834E-5 1.10665E-4 1.12044E-4 8.74473E-5 9.79924E-5 1.02184E-4 8.12554E-5 7.49072E-5 6.87675E-5 5.70733E-5 8.05701E-5 1.0767E-4 1.29885E-4 1.31046E-4 1.04497E-4 1.2595E-4 1.48704E-4 1.26075E-4 1.16046E-4 1.57378E-4 1.47624E-4 1.5109E-4 1.54676E-4 1.50621E-4 1.33814E-4 1.54118E-4 1.39272E-4 1.38325E-4 1.64233E-4 1.28251E-4
6.50703E-5 7.38109E-5 5.54125E-5 6.26937E-5 6.48395E-5 5.11763E-5 5.62895E-5 7.37862E-5 6.44631E-5 6.79757E-5 7.69591E-5 7.94352E-5 8.20907E-5 6.81571E-5 8.47618E-5 8.90614E-5 6.9338E-5 7.6822E-5 7.52709E-5 6.44529E-5 7.81128E-5 1.02762E-4 9.23884E-5 8.10817E-5 7.85683E-5 1.02245E-4 1.01389E-4 7.99909E-5 1.19009E-4 1.18241E-4 9.64169E-5 1.14573E-4 9.85029E-5 9.20808E-5 9.34783E-5 8.71208E-5 7.17003E-5 8.86158E-5 9.28605E-5 8.80199E-5 1.21907E-4 1.2448E-4 9.11276E-5 6.87242E-5 5.74741E-5 5.72811E-5 6.56807E-5 8.081E-5 9.25596E-5 1.01503E-4 1.27397E-4 1.24619E-4 1.39983E-4 1.21901E-4 1.006E-4 1.21861E-4 1.19593E-4 1.18866E-4 1.27133E-4 1.08396E-4 1.17557E-4 1.47067E-4 1.35034E-4 1.09016E-4 1.16617E-4 1.0532E-4
6.24752E-5 5.96948E-5 5.24697E-5 6.552E-5 6.63199E-5 5.51996E-5 5.67488E-5 6.45932E-5 5.97999E-5 6.08297E-5 6.55859E-5 7.31269E-5 8.47211E-5 6.27812E-5 6.41787E-5 7.10734E-5 6.4006E-5 8.4E-5 8.95768E-5 6.72559E-5 7.30642E-5 1.0091E-4 8.78251E-5 1.02242E-4 9.9154E-5 8.53425E-5 7.71501E-5 7.23143E-5 1.01026E-4 1.39104E-4 9.78218E-5 8.67892E-5 1.0166E-4 1.27901E-4 9.35884E-5 6.82632E-5 5.66296E-5 6.41509E-5 7.94916E-5 9.50521E-5 1.05039E-4 1.05026E-4 8.00574E-5 7.95303E-5 7.71685E-5 7.77702E-5 8.24276E-5 7.74642E-5 7.73978E-5 1.02694E-4 1.40289E-4 1.3613E-4 9.6716E-5 9.25407E-5 9.75976E-5 1.04782E-4 1.22825E-4 1.52744E-4 1.37639E-4 1.34277E-4 1.43292E-4 1.32287E-4 1.08727E-4 8.67773E-5 8.40284E-5 9.55538E-5
7.84198E-5 5.82106E-5 5.98852E-5 7.63905E-5 6.29314E-5 5.95417E-5 5.55457E-5 5.78329E-5 5.10325E-5 5.86326E-5 6.70108E-5 6.3954E-5 7.05725E-5 5.84144E-5 5.1427E-5 7.16235E-5 8.91503E-5 7.72601E-5 8.96879E-5 7.81086E-5 7.40623E-5 1.01368E-4 9.24403E-5 9.6921E-5 1.15156E-4 1.09825E-4 1.12219E-4 7.89132E-5 9.49902E-5 1.19451E-4 1.13354E-4 1.0598E-4 8.86808E-5 9.91144E-5 8.57644E-5 7.21189E-5 4.98159E-5 6.13033E-5 8.45341E-5 1.18801E-4 1.15989E-4 9.51101E-5 9.03019E-5 1.07013E-4 9.9895E-5 1.04729E-4 1.12593E-4 1.06136E-4 8.30712E-5 1.03167E-4 1.10171E-4 1.04918E-4 9.01608E-5 1.04092E-4 1.17975E-4 1.39825E-4 1.18874E-4 1.39649E-4 1.45949E-4 1.40469E-4 1.53483E-4 1.28104E-4 1.01028E-4 7.92481E-5 9.7994E-5 1.26242E-4
5.96838E-5 5.0839E-5 5.36501E-5 6.12639E-5 7.2683E-5 7.11195E-5 6.91523E-5 7.43863E-5 5.79611E-5 6.41387E-5 7.98401E-5 6.35474E-5 5.00492E-5 4.84713E-5 4.881E-5 6.20948E-5 7.80411E-5 7.12479E-5 8.49465E-5 9.46369E-5 8.25491E-5 9.6275E-5 9.53529E-5 1.12647E-4 8.56556E-5 9.52084E-5 1.04486E-4 8.78851E-5 1.13023E-4 9.22117E-5 1.0515E-4 1.01928E-4 7.61789E-5 6.78442E-5 6.50419E-5 5.54802E-5 4.95883E-5 6.62273E-5 9.11334E-5 1.22456E-4 1.43525E-4 1.05387E-4 9.87732E-5 1.2969E-4 1.0689E-4 1.05512E-4 1.35051E-4 1.09955E-4 8.47002E-5 1.12574E-4 1.36649E-4 1.21304E-4 1.02039E-4 1.60691E-4 1.25383E-4 1.35835E-4 1.16236E-4 1.39765E-4 1.34791E-4 1.05956E-4 1.09199E-4 1.01577E-4 8.41394E-5 7.92512E-5 1.08578E-4 1.4623E-4
