catData/rasterBestHybridModels/Pbengalensis/RD_BM01_RM1_L/Pbengalensis_stddev.asc
ncols         409
nrows         350
xllcorner     60.897278365
yllcorner     5.843756025
cellsize      0.0892857
NODATA_value  -9999
[rows 87 to 115 of 350, columns 330 to 395 of 409]
-9999 -9999 -9999 -9999 -9999 -9999 -9999 -9999 -9999 -9999 -9999 -9999 -9999 -9999 -9999 -9999 -9999 -9999 -9999 -9999 -9999 -9999 -9999 -9999 -9999 -9999 -9999 -9999 -9999 -9999 -9999 -9999 -9999 -9999 -9999 -9999 -9999 -9999 -9999 -9999 -9999 -9999 -9999 -9999 -9999 -9999 -9999 6.24524E-6 6.33243E-6 -9999 -9999 -9999 -9999 -9999 -9999 -9999 -9999 -9999 -9999 -9999 6.24073E-6 5.74217E-6 5.3585E-6 6.13429E-6 6.10454E-6 6.09225E-6
-9999 -9999 -9999 -9999 -9999 -9999 -9999 -9999 -9999 -9999 -9999 -9999 -9999 -9999 -9999 -9999 -9999 -9999 -9999 -9999 -9999 -9999 -9999 -9999 -9999 -9999 -9999 -9999 -9999 -9999 -9999 -9999 -9999 -9999 -9999 -9999 -9999 -9999 -9999 -9999 -9999 -9999 -9999 -9999 -9999 6.23325E-6 7.4931E-6 7.70741E-6 6.19312E-6 6.5064E-6 -9999 -9999 -9999 -9999 -9999 -9999 -9999 -9999 5.81212E-6 5.99301E-6 5.85417E-6 5.45819E-6 5.8E-6 6.22655E-6 5.98517E-6 7.18652E-6
-9999 -9999 -9999 -9999 -9999 -9999 -9999 -9999 -9999 -9999 -9999 -9999 -9999 -9999 -9999 -9999 -9999 -9999 -9999 -9999 -9999 -9999 -9999 -9999 -9999 -9999 -9999 -9999 -9999 -9999 -9999 -9999 -9999 -9999 -9999 -9999 -9999 -9999 -9999 -9999 -9999 -9999 -9999 5.84474E-6 7.33295E-6 6.66945E-6 6.67239E-6 7.67524E-6 6.49533E-6 5.65315E-6 4.43873E-6 5.77251E-6 6.63289E-6 5.76377E-6 -9999 -9999 -9999 6.10559E-6 6.4063E-6 6.00472E-6 5.63433E-6 5.87618E-6 5.84269E-6 6.21012E-6 6.79096E-6 8.21506E-6
-9999 -9999 -9999 -9999 -9999 -9999 -9999 -9999 -9999 -9999 -9999 -9999 -9999 -9999 -9999 -9999 -9999 -9999 -9999 -9999 -9999 -9999 -9999 -9999 -9999 -9999 -9999 -9999 -9999 -9999 -9999 -9999 -9999 -9999 -9999 -9999 -9999 -9999 -9999 -9999 -9999 -9999 5.21806E-6 6.15211E-6 8.00818E-6 7.55824E-6 6.03896E-6 6.88694E-6 6.87833E-6 6.35831E-6 6.5494E-6 1.48054E-5 1.32931E-5 9.40634E-6 7.92176E-6 7.93349E-6 -9999 7.57675E-6 6.76077E-6 7.14587E-6 5.97558E-6 5.66894E-6 5.7773E-6 6.7846E-6 8.09323E-6 -9999
-9999 -9999 -9999 -9999 -9999 -9999 -9999 -9999 -9999 -9999 -9999 -9999 -9999 -9999 -9999 -9999 -9999 -9999 -9999 -9999 -9999 -9999 -9999 -9999 -9999 -9999 -9999 -9999 -9999 -9999 -9999 -9999 -9999 -9999 -9999 -9999 -9999 -9999 -9999 -9999 -9999 -9999 5.96549E-6 5.5528E-6 6.93176E-6 8.16305E-6 5.95571E-6 6.83729E-6 7.59489E-6 1.53556E-5 1.39348E-5 1.89963E-5 1.62497E-5 1.89076E-5 8.17274E-6 7.93599E-6 6.92513E-6 7.62962E-6 1.03055E-5 1.60298E-5 5.81115E-6 5.18704E-6 6.53963E-6 7.17476E-6 9.92765E-6 -9999
-9999 -9999 -9999 -9999 -9999 -9999 -9999 -9999 -9999 -9999 -9999 -9999 -9999 -9999 -9999 -9999 -9999 -9999 -9999 -9999 -9999 -9999 -9999 -9999 -9999 -9999 -9999 -9999 -9999 -9999 -9999 -9999 -9999 -9999 -9999 -9999 -9999 -9999 -9999 -9999 -9999 7.89442E-6 6.20203E-6 4.59387E-6 6.15739E-6 8.8159E-6 8.20335E-6 9.83845E-6 1.67883E-5 2.54624E-5 2.03552E-5 9.76291E-6 1.94457E-5 3.45784E-5 1.35888E-5 8.81217E-6 8.7019E-6 8.14296E-6 1.88105E-5 1.39661E-5 1.10876E-5 7.43613E-6 2.39657E-5 9.49798E-6 1.20492E-5 1.30782E-5
-9999 -9999 -9999 -9999 -9999 -9999 -9999 -9999 -9999 -9999 -9999 -9999 -9999 -9999 -9999 -9999 -9999 -9999 -9999 -9999 -9999 -9999 -9999 -9999 -9999 -9999 -9999 -9999 -9999 -9999 -9999 -9999 -9999 -9999 -9999 -9999 -9999 -9999 -9999 -9999 -9999 7.55043E-6 7.31576E-6 5.5739E-6 5.18631E-6 1.01641E-5 9.44695E-6 1.13064E-5 1.53656E-5 2.20037E-5 2.66807E-5 1.86441E-5 1.00027E-5 8.80947E-6 1.0323E-5 1.00226E-5 1.0262E-5 2.15239E-5 1.05132E-5 2.57359E-5 1.36604E-5 9.01105E-6 4.65625E-5 2.09332E-5 3.99139E-5 1.34384E-5
-9999 -9999 -9999 -9999 -9999 -9999 -9999 -9999 -9999 -9999 -9999 -9999 -9999 -9999 -9999 -9999 -9999 -9999 -9999 -9999 -9999 -9999 -9999 -9999 -9999 -9999 -9999 -9999 -9999 -9999 -9999 -9999 -9999 4.6747E-6 6.19611E-6 7.76379E-6 6.08741E-6 6.9969E-6 7.71348E-6 7.20108E-6 5.53735E-6 5.67578E-6 6.34156E-6 7.61513E-6 5.2341E-6 8.10328E-6 1.02534E-5 2.02209E-5 2.39245E-5 1.27923E-5 1.08505E-5 1.20227E-5 1.1371E-5 9.14776E-6 1.14021E-5 1.4965E-5 7.63539E-6 1.1504E-5 1.21383E-5 2.13725E-5 1.65672E-5 1.82894E-5 2.2617E-5 2.70849E-5 7.74325E-5 5.84505E-5
-9999 -9999 -9999 -9999 -9999 -9999 -9999 -9999 -9999 -9999 -9999 -9999 -9999 -9999 -9999 -9999 -9999 -9999 -9999 -9999 -9999 -9999 -9999 -9999 -9999 -9999 -9999 -9999 -9999 -9999 -9999 -9999 -9999 6.84553E-6 4.81125E-6 8.54368E-6 6.34614E-6 6.22849E-6 6.59187E-6 7.62754E-6 6.92143E-6 5.377E-6 5.28212E-6 7.74858E-6 9.50177E-6 1.22496E-5 1.12067E-5 3.35821E-5 1.51145E-5 7.38328E-6 6.39586E-6 8.52175E-6 1.69096E-5 1.10378E-5 1.20669E-5 1.8281E-5 8.63215E-6 1.79851E-5 2.83906E-5 4.03186E-5 5.06818E-5 4.70585E-5 4.32478E-5 2.56299E-5 3.07261E-5 2.75897E-5
-9999 -9999 -9999 -9999 -9999 -9999 -9999 -9999 -9999 -9999 -9999 -9999 -9999 -9999 -9999 -9999 -9999 -9999 -9999 -9999 -9999 -9999 -9999 -9999 -9999 -9999 -9999 -9999 -9999 -9999 -9999 -9999 5.36948E-6 9.44594E-6 7.28655E-6 6.63054E-6 5.01322E-6 3.94975E-6 4.73286E-6 6.80717E-6 5.63293E-6 6.19876E-6 8.43063E-6 9.39025E-6 1.29996E-5 6.93664E-6 1.40885E-5 1.46883E-5 1.83116E-5 8.05566E-6 1.4686E-5 6.36352E-6 1.17911E-5 1.29005E-5 1.25567E-5 1.70228E-5 4.16856E-5 1.48302E-5 2.30152E-5 2.85128E-5 6.70583E-5 7.89399E-5 5.01568E-5 2.15751E-5 3.33181E-5 3.21848E-5
-9999 -9999 -9999 -9999 -9999 -9999 -9999 -9999 -9999 -9999 -9999 -9999 -9999 -9999 -9999 -9999 -9999 -9999 -9999 -9999 -9999 -9999 -9999 -9999 -9999 -9999 -9999 -9999 -9999 -9999 -9999 -9999 7.34747E-6 7.77846E-6 8.17507E-6 5.82425E-6 5.48716E-6 1.70138E-5 1.35033E-5 1.53905E-5 1.38589E-5 1.15342E-5 1.10593E-5 1.52219E-5 7.71113E-6 2.5102E-5 3.8514E-5 9.07571E-6 2.19679E-5 1.06661E-5 2.22472E-5 1.1217E-5 1.75981E-5 1.48453E-5 1.51421E-5 8.07039E-6 2.20971E-5 3.40948E-5 2.60709E-5 6.96172E-5 1.24423E-4 7.95875E-5 8.80539E-5 1.10034E-4 5.74674E-5 5.28114E-5
-9999 -9999 -9999 -9999 -9999 -9999 -9999 -9999 -9999 -9999 -9999 -9999 -9999 -9999 -9999 -9999 -9999 -9999 -9999 -9999 -9999 -9999 -9999 -9999 -9999 -9999 -9999 -9999 -9999 -9999 8.41302E-6 7.76407E-6 8.14095E-6 8.18964E-6 9.12458E-6 7.98875E-6 6.31884E-6 1.00378E-5 8.95842E-6 1.51368E-5 1.70791E-5 8.96094E-6 1.14927E-5 1.55747E-5 2.62921E-5 3.45239E-5 1.59121E-5 2.06413E-5 2.72259E-5 3.60193E-5 2.16529E-5 2.3085E-5 2.02899E-5 1.66708E-5 2.59416E-5 2.82009E-5 5.80842E-5 4.63915E-5 4.09352E-5 2.3913E-5 2.61888E-5 5.45143E-5 5.1485E-5 8.16252E-5 2.87378E-4 9.71437E-5
6.93695E-5 7.08278E-5 -9999 -9999 -9999 -9999 -9999 -9999 -9999 -9999 -9999 -9999 -9999 -9999 -9999 -9999 -9999 -9999 -9999 -9999 -9999 -9999 -9999 -9999 -9999 -9999 -9999 -9999 -9999 8.23321E-6 6.51285E-6 5.31399E-6 6.98744E-6 7.51134E-6 7.65425E-6 8.1536E-6 8.73417E-6 1.07563E-5 9.79354E-6 9.89893E-6 9.46675E-6 1.25055E-5 1.20694E-5 1.00255E-5 4.79114E-5 7.21464E-5 5.59418E-5 4.15116E-5 3.18918E-5 2.79086E-5 2.66744E-5 1.86427E-5 2.44086E-5 1.03271E-5 4.43407E-5 9.12967E-5 2.29451E-5 2.08223E-5 2.25126E-5 3.68427E-5 1.92492E-5 6.18789E-5 7.01241E-5 1.79471E-4 1.70684E-4 6.12844E-5
7.98703E-5 -9999 -9999 -9999 -9999 -9999 -9999 -9999 -9999 -9999 -9999 -9999 -9999 -9999 -9999 -9999 -9999 -9999 -9999 -9999 -9999 -9999 -9999 -9999 -9999 -9999 1.89915E-5 1.38477E-5 1.41462E-5 1.14398E-5 7.60868E-6 5.67715E-6 6.67169E-6 1.11712E-5 8.42326E-6 9.25861E-6 1.59069E-5 1.54363E-5 1.41197E-5 1.56935E-5 1.33605E-5 1.79988E-5 2.72842E-5 2.17883E-5 1.3222E-5 2.78526E-5 5.32712E-5 7.19488E-5 2.50545E-5 2.39274E-5 1.70012E-5 2.25063E-5 3.19752E-5 2.53343E-5 2.83233E-5 3.28264E-5 2.83403E-5 2.61616E-5 2.37079E-5 3.80992E-5 1.81557E-5 2.57447E-5 1.04257E-4 1.11805E-4 1.74284E-4 1.35447E-4
1.04447E-4 1.06859E-4 1.07663E-4 9.57649E-5 1.00812E-4 -9999 -9999 -9999 -9999 -9999 6.18472E-5 5.16894E-5 -9999 -9999 -9999 -9999 -9999 -9999 -9999 -9999 -9999 -9999 -9999 -9999 -9999 -9999 -9999 1.42351E-5 9.54719E-6 9.1087E-6 8.51044E-6 7.81067E-6 1.11372E-5 2.49287E-5 2.01885E-5 1.2876E-5 2.41662E-5 2.7127E-5 2.65382E-5 1.78631E-5 1.80067E-5 2.05154E-5 1.95335E-5 1.86175E-5 4.35491E-5 3.24556E-5 4.96329E-5 1.01495E-4 6.78765E-5 2.77834E-5 2.05609E-5 1.59429E-5 2.03618E-5 4.40664E-5 2.91398E-5 3.12328E-5 3.0247E-5 3.53984E-5 2.92799E-5 2.23278E-5 2.03971E-5 2.27968E-5 3.07904E-5 3.84171E-5 5.1149E-5 1.22325E-4
1.20711E-4 1.18862E-4 1.2138E-4 1.08243E-4 1.01755E-4 7.59681E-5 7.34229E-5 5.97089E-5 4.05717E-5 6.04983E-5 6.21768E-5 4.32755E-5 5.06722E-5 6.41141E-5 -9999 -9999 -9999 -9999 -9999 -9999 -9999 -9999 -9999 -9999 -9999 -9999 -9999 1.29086E-5 8.27185E-6 6.80706E-6 6.84878E-6 5.62152E-6 1.87822E-5 9.83393E-6 1.82419E-5 1.68907E-5 1.229E-5 1.57331E-5 1.79419E-5 2.29204E-5 2.21179E-5 1.37076E-5 2.33214E-5 2.13578E-5 4.84307E-5 7.5974E-5 9.5094E-5 2.01328E-4 1.46612E-4 6.27276E-5 3.47614E-5 9.12826E-5 1.0276E-4 5.52317E-5 3.02895E-5 2.55857E-5 2.78861E-5 2.73965E-5 2.52841E-5 2.12878E-5 2.02558E-5 2.18424E-5 3.03667E-5 3.86039E-5 5.53238E-5 5.59736E-5
1.21818E-4 1.1993E-4 1.33322E-4 1.21742E-4 1.11694E-4 9.06357E-5 7.50186E-5 5.73726E-5 3.78998E-5 7.14176E-5 5.76578E-5 4.15687E-5 4.18537E-5 5.34803E-5 -9999 -9999 -9999 -9999 -9999 -9999 -9999 -9999 -9999 -9999 -9999 1.96926E-5 1.35799E-5 8.89621E-6 6.71946E-6 5.77693E-6 6.57558E-6 6.416E-6 9.27048E-6 1.28567E-5 2.41282E-5 1.71373E-5 2.19766E-5 2.31308E-5 2.16287E-5 2.90544E-5 4.74864E-5 1.53027E-5 2.78479E-5 4.72663E-5 7.55202E-5 1.21425E-4 1.54031E-4 6.06784E-5 1.49217E-4 1.34166E-4 1.75311E-4 9.97671E-5 7.03887E-5 3.20575E-5 2.0317E-5 2.2688E-5 3.68925E-5 2.42591E-5 2.34813E-5 2.24593E-5 2.12179E-5 2.40531E-5 3.81035E-5 3.56082E-5 9.23396E-5 4.82866E-5
1.19521E-4 1.15876E-4 1.36158E-4 1.39232E-4 1.29239E-4 1.08049E-4 7.66843E-5 5.35227E-5 4.72245E-5 7.01236E-5 4.6602E-5 4.13103E-5 3.8768E-5 5.13608E-5 3.84726E-5 4.0724E-5 -9999 -9999 -9999 8.6454E-5 7.31625E-5 7.18439E-5 -9999 4.62388E-5 2.13125E-5 1.32225E-5 9.06177E-6 6.94022E-6 6.06605E-6 8.00868E-6 8.5552E-6 7.96517E-6 1.22052E-5 8.6797E-6 9.59305E-6 2.55302E-5 4.01149E-5 3.53912E-5 6.13372E-5 1.0341E-4 5.40248E-5 3.12851E-5 6.00537E-5 5.87839E-5 6.25468E-5 8.41789E-5 1.03501E-4 1.12391E-4 9.70036E-5 1.09703E-4 3.31622E-5 2.20684E-5 1.91349E-5 1.95048E-5 2.09038E-5 2.34464E-5 3.32237E-5 3.32831E-5 3.49415E-5 3.29396E-5 2.3502E-5 2.44127E-5 2.56115E-5 2.87844E-5 3.35777E-5 3.87727E-5
1.22804E-4 1.30683E-4 1.30964E-4 1.42774E-4 1.43511E-4 1.04375E-4 7.89077E-5 8.58654E-5 9.55451E-5 5.39097E-5 4.88407E-5 5.98966E-5 5.24954E-5 4.6726E-5 3.13884E-5 2.77552E-5 6.49523E-5 8.41679E-5 7.95881E-5 7.42401E-5 6.94591E-5 6.07383E-5 5.84916E-5 5.10452E-5 2.74441E-5 1.41072E-5 1.2294E-5 9.68554E-6 1.29509E-5 1.1747E-5 1.1534E-5 1.22388E-5 1.95621E-5 2.47209E-5 3.0905E-5 3.991E-5 1.68896E-5 6.69124E-5 1.37173E-4 1.45336E-4 9.17082E-5 4.24765E-5 3.37351E-5 7.09665E-5 8.8759E-5 1.25941E-4 1.33804E-4 7.30297E-5 3.07267E-5 2.35841E-5 1.90703E-5 2.29505E-5 2.37091E-5 2.60205E-5 2.79879E-5 2.78111E-5 2.54669E-5 2.59423E-5 2.65934E-5 2.32772E-5 2.18311E-5 2.45527E-5 2.66435E-5 2.47931E-5 2.69315E-5 3.08641E-5
1.0696E-4 1.2919E-4 1.37351E-4 1.52475E-4 1.60202E-4 1.11768E-4 1.00317E-4 8.83476E-5 6.01798E-5 3.74335E-5 7.22986E-5 8.33865E-5 4.99519E-5 7.42036E-5 2.3545E-5 1.78797E-5 4.49956E-5 7.84646E-5 7.90315E-5 8.09259E-5 6.86616E-5 5.18137E-5 5.22027E-5 6.51854E-5 6.30174E-5 5.46633E-5 5.29338E-5 2.48342E-5 1.98347E-5 1.15275E-5 1.51372E-5 1.80885E-5 2.59209E-5 3.38828E-5 3.23678E-5 6.78013E-5 4.83387E-5 5.94554E-5 7.95807E-5 8.18222E-5 1.55592E-4 1.01191E-4 1.78429E-4 4.4196E-5 3.94001E-5 2.76293E-5 2.78129E-5 2.44775E-5 2.28067E-5 2.18271E-5 3.01994E-5 3.64039E-5 3.83866E-5 4.19994E-5 3.04319E-5 2.94428E-5 2.96978E-5 2.92652E-5 3.3124E-5 2.49051E-5 2.15377E-5 1.98549E-5 2.00572E-5 1.99813E-5 2.49127E-5 2.82998E-5
9.55013E-5 1.31669E-4 1.64136E-4 1.41818E-4 1.7447E-4 9.97322E-5 8.30848E-5 6.9151E-5 3.43776E-5 2.1821E-5 5.9441E-5 6.44951E-5 4.80212E-5 2.01726E-5 8.26308E-6 3.46967E-5 6.31706E-5 7.7547E-5 8.67077E-5 6.19461E-5 4.29128E-5 4.63758E-5 1.36852E-4 2.10456E-4 1.32786E-4 1.06027E-4 5.27369E-5 3.90693E-5 3.12591E-5 1.44495E-5 2.0094E-5 4.96463E-5 3.31079E-5 6.52438E-5 3.83698E-5 6.16743E-5 7.43813E-5 1.46602E-5 2.13656E-5 1.04889E-4 9.14681E-5 1.88521E-5 2.83702E-5 1.97816E-5 1.96236E-5 2.10806E-5 2.44058E-5 2.62409E-5 2.41019E-5 3.6934E-5 3.1483E-5 3.01234E-5 2.80237E-5 3.10923E-5 2.61645E-5 2.83701E-5 2.89575E-5 2.79306E-5 2.60779E-5 2.57617E-5 2.3045E-5 2.02866E-5 1.99938E-5 2.31522E-5 1.77261E-5 2.11276E-5
9.16158E-5 9.33844E-5 7.10218E-5 1.03176E-4 1.23047E-4 8.28473E-5 1.03617E-4 1.35924E-4 5.92327E-5 3.00897E-5 1.20922E-4 6.27125E-5 5.46323E-5 1.17236E-5 2.28566E-5 2.70657E-5 5.46819E-5 6.84409E-5 5.5915E-5 5.06753E-5 3.38751E-5 4.08062E-5 1.08785E-4 1.22557E-4 9.12077E-5 8.73196E-5 1.03344E-4 6.27118E-5 3.17673E-5 1.7078E-5 2.01287E-5 2.36355E-5 4.07679E-5 8.7532E-5 5.82407E-5 4.26053E-5 5.01926E-5 2.28409E-5 2.36036E-5 3.83512E-5 2.5779E-5 2.51583E-5 2.55869E-5 2.14669E-5 2.03223E-5 2.18435E-5 2.34887E-5 2.29089E-5 3.01738E-5 2.57666E-5 2.6758E-5 2.33097E-5 2.33482E-5 2.54627E-5 2.60221E-5 3.69006E-5 3.33428E-5 2.53472E-5 2.78015E-5 2.73149E-5 2.40031E-5 2.15344E-5 1.98907E-5 2.04968E-5 2.04345E-5 2.13395E-5
8.21515E-5 1.30851E-4 7.31399E-5 1.70632E-4 1.59087E-4 9.86624E-5 1.00794E-4 1.21483E-4 9.21538E-5 4.31233E-5 8.65054E-5 6.30747E-6 1.13715E-5 3.58173E-5 4.796E-5 5.8731E-5 3.01211E-5 3.16423E-5 3.90113E-5 6.56844E-5 8.35569E-5 8.88097E-5 9.29585E-5 1.09232E-4 7.61407E-5 7.19743E-5 5.96608E-5 4.49223E-5 2.32314E-5 1.71948E-5 1.82056E-5 2.33423E-5 4.2177E-5 6.19205E-5 4.7575E-5 4.81862E-5 5.20985E-5 4.41343E-5 1.78538E-5 3.68544E-5 2.26437E-5 2.25607E-5 2.4436E-5 2.11232E-5 2.07629E-5 2.06931E-5 2.23705E-5 2.47266E-5 3.47463E-5 2.42211E-5 2.37241E-5 2.15377E-5 2.20788E-5 2.28121E-5 3.54485E-5 2.83758E-5 2.6761E-5 2.55522E-5 2.59793E-5 2.81562E-5 2.56455E-5 2.41489E-5 2.24282E-5 2.56455E-5 2.57188E-5 2.82714E-5
7.08137E-5 1.22528E-4 1.92089E-4 2.40617E-4 2.38839E-4 1.2286E-4 3.50997E-5 8.08094E-5 3.78331E-5 1.98309E-5 4.77947E-5 6.00733E-6 1.04045E-5 3.34186E-5 7.48129E-5 7.79377E-5 2.79564E-5 1.95234E-5 3.36107E-5 8.52217E-5 7.63872E-5 6.43081E-5 7.94617E-5 7.83189E-5 1.12969E-4 1.21425E-4 9.49196E-5 6.37174E-5 5.34069E-5 2.78835E-5 2.46439E-5 1.52407E-5 2.53249E-5 3.14934E-5 7.14395E-5 7.36606E-5 3.70792E-5 6.06274E-5 2.61031E-5 2.05775E-5 2.06052E-5 2.52734E-5 2.49765E-5 2.29391E-5 2.08008E-5 1.88724E-5 2.01771E-5 3.09761E-5 2.29374E-5 2.2399E-5 2.41072E-5 2.45261E-5 2.3488E-5 2.2425E-5 2.46183E-5 2.75139E-5 2.81103E-5 2.63396E-5 2.85567E-5 3.18347E-5 3.34028E-5 3.91559E-5 3.52574E-5 4.52543E-5 -9999 -9999
8.34701E-5 1.1974E-4 2.07178E-4 8.3802E-5 8.30479E-5 7.00361E-5 1.93768E-5 3.82481E-5 2.21385E-5 1.39468E-5 1.31035E-5 1.28669E-5 1.35787E-5 8.68916E-6 1.90185E-5 4.9887E-5 3.29346E-5 1.47914E-5 3.35497E-5 4.0299E-5 5.16783E-5 6.19133E-5 8.69022E-5 1.79044E-4 1.44898E-4 1.6068E-4 1.39548E-4 1.24888E-4 6.86568E-5 5.20757E-5 3.05495E-5 3.31759E-5 4.43406E-5 4.14119E-5 5.61499E-5 7.05147E-5 6.76904E-5 2.58523E-5 2.01197E-5 2.15003E-5 2.19392E-5 2.2847E-5 2.22867E-5 1.96729E-5 1.86458E-5 1.88617E-5 3.0749E-5 2.38408E-5 2.12044E-5 2.15472E-5 2.29645E-5 2.10585E-5 2.02662E-5 1.98025E-5 2.1628E-5 2.46549E-5 2.64015E-5 2.6094E-5 2.51516E-5 2.92869E-5 3.01869E-5 4.75546E-5 7.9289E-5 -9999 -9999 -9999
1.17766E-5 6.3418E-5 1.02313E-4 9.40506E-5 8.48498E-5 3.1635E-5 2.16522E-5 1.20617E-5 9.29082E-6 2.87695E-5 4.04102E-5 4.33037E-5 5.12843E-5 2.28432E-5 2.32509E-5 4.95119E-5 5.38653E-5 3.3337E-5 2.3367E-5 2.37696E-5 3.83434E-5 8.80595E-5 7.29742E-5 5.62041E-5 9.67418E-5 6.21082E-5 4.7962E-5 5.44149E-5 6.14974E-5 6.65227E-5 6.15912E-5 4.50462E-5 7.16485E-5 4.41291E-5 2.93346E-5 2.66459E-5 2.19891E-5 1.98685E-5 1.95826E-5 2.3488E-5 2.14075E-5 2.36956E-5 2.00383E-5 1.83814E-5 1.71554E-5 3.012E-5 2.43905E-5 2.25755E-5 2.10718E-5 1.83955E-5 2.58117E-5 2.29683E-5 2.38986E-5 2.02015E-5 1.94872E-5 2.23589E-5 2.40807E-5 2.59443E-5 4.76946E-5 4.38552E-5 6.67922E-5 5.08028E-5 -9999 -9999 -9999 -9999
1.95098E-5 1.28832E-5 1.74864E-5 1.746E-5 2.90132E-5 2.80979E-5 2.23273E-5 1.56198E-5 2.84795E-5 3.98637E-5 4.49611E-5 5.49202E-5 3.44544E-5 2.0114E-5 1.33138E-5 1.80841E-5 2.24308E-5 3.2281E-5 2.43098E-5 2.726E-5 2.92445E-5 2.90856E-5 2.96515E-5 3.67883E-5 2.00627E-5 2.04319E-5 1.93958E-5 2.07784E-5 2.00801E-5 2.92791E-5 2.40779E-5 1.8736E-5 2.02557E-5 2.24213E-5 1.99793E-5 2.0645E-5 2.07515E-5 2.03862E-5 2.13893E-5 2.28502E-5 2.27795E-5 2.02682E-5 1.91345E-5 1.9366E-5 2.88483E-5 2.18371E-5 2.14789E-5 2.17171E-5 2.11521E-5 2.1319E-5 2.13467E-5 2.706E-5 2.45205E-5 2.2688E-5 2.04602E-5 2.00626E-5 2.30641E-5 6.84795E-5 1.2851E-4 1.04324E-4 -9999 -9999 -9999 -9999 -9999 -9999
2.29601E-5 2.17128E-5 2.35068E-5 2.89106E-5 3.12277E-5 4.77783E-5 4.52927E-5 4.31582E-5 5.24144E-5 4.66778E-5 2.65182E-5 3.57131E-5 4.18091E-5 2.95422E-5 2.76061E-5 2.71537E-5 2.35382E-5 2.40984E-5 2.61214E-5 2.4997E-5 1.97787E-5 1.72526E-5 1.59332E-5 1.58144E-5 1.70695E-5 1.99043E-5 2.14885E-5 2.01501E-5 1.74856E-5 1.53548E-5 1.43314E-5 1.39384E-5 1.5269E-5 1.7951E-5 1.9843E-5 2.17429E-5 2.37911E-5 2.17873E-5 2.05598E-5 2.15948E-5 2.97278E-5 2.88739E-5 2.98121E-5 2.89952E-5 2.03319E-5 2.10951E-5 2.13651E-5 1.85439E-5 2.12621E-5 2.03838E-5 2.32995E-5 2.31391E-5 2.65821E-5 2.00105E-5 1.9508E-5 1.83219E-5 1.99868E-5 6.15468E-5 8.33146E-5 -9999 -9999 -9999 -9999 -9999 -9999 -9999
2.28921E-5 2.10094E-5 1.92045E-5 2.58514E-5 2.79653E-5 2.76853E-5 3.53776E-5 3.25834E-5 2.63173E-5 2.63465E-5 3.29927E-5 2.72568E-5 2.78737E-5 2.42608E-5 2.02833E-5 1.88699E-5 1.83825E-5 1.96634E-5 1.88556E-5 1.90778E-5 2.00563E-5 1.86135E-5 1.776E-5 1.86268E-5 1.81852E-5 1.92373E-5 2.07532E-5 1.92657E-5 1.86744E-5 1.74535E-5 1.60658E-5 1.45679E-5 1.56922E-5 1.7895E-5 1.797E-5 1.86519E-5 1.97013E-5 1.93005E-5 2.65936E-5 2.82159E-5 2.15731E-5 1.90798E-5 2.19152E-5 2.21318E-5 2.03364E-5 2.07604E-5 2.11877E-5 2.03327E-5 2.89746E-5 2.23365E-5 2.24521E-5 2.22559E-5 2.14766E-5 1.93818E-5 1.78283E-5 1.97926E-5 2.0133E-5 -9999 -9999 -9999 -9999 -9999 -9999 -9999 -9999 -9999
