catData/rasterBestHybridModels/Pbengalensis/RD_BM01_RM1_L/Pbengalensis_median.asc
ncols         409
nrows         350
xllcorner     60.897278365
yllcorner     5.843756025
cellsize      0.0892857
NODATA_value  -9999
[rows 145 to 173 of 350, columns 198 to 263 of 409]
1.97755E-6 4.58745E-6 6.0393E-6 7.28846E-7 7.91957E-7 1.62294E-5 6.50779E-6 9.75288E-6 1.56807E-6 7.4395E-7 2.82316E-6 3.45928E-6 9.80894E-6 3.37846E-7 1.95471E-6 7.30547E-6 6.05413E-7 4.76521E-7 4.31694E-8 2.88038E-7 1.82032E-6 7.90938E-6 1.52775E-5 7.8324E-6 3.75151E-6 1.73027E-6 1.3725E-6 4.14915E-7 7.17292E-7 1.08084E-6 4.58709E-6 2.30938E-5 8.00847E-6 7.00257E-6 2.23114E-5 8.92235E-6 1.90676E-6 5.83693E-8 3.36187E-7 1.71096E-6 1.82082E-8 4.19401E-8 1.27796E-6 1.5119E-5 9.56624E-6 1.75102E-5 5.04666E-5 7.74504E-5 4.58201E-5 3.17552E-5 3.68246E-5 3.38378E-5 5.63577E-5 3.55912E-5 3.28779E-5 2.23114E-5 4.43139E-5 6.63163E-5 7.97462E-5 7.10884E-5 4.76967E-5 5.58822E-5 7.20742E-5 3.22887E-5 2.19404E-5 9.15687E-6
5.91365E-6 3.61721E-6 4.1024E-6 6.27152E-7 4.85915E-6 2.39836E-7 1.99203E-7 3.83247E-6 1.12581E-5 2.54319E-6 4.31495E-6 4.52378E-8 1.80656E-8 4.58273E-6 4.98252E-6 1.61686E-7 2.51155E-7 2.49733E-8 2.40703E-8 8.28751E-9 1.07298E-6 5.70442E-6 7.94493E-7 3.26281E-7 1.38669E-6 6.34789E-7 1.27111E-6 3.09685E-8 2.09503E-8 5.84259E-6 2.13316E-5 1.20557E-6 3.59266E-6 4.87818E-5 3.38471E-5 2.81553E-5 1.79267E-5 3.42834E-6 4.58438E-6 2.57142E-7 1.3783E-7 3.28222E-6 1.46151E-5 3.28644E-6 1.13864E-6 4.06615E-6 3.01754E-5 2.53167E-5 1.89628E-5 3.73095E-5 7.29048E-6 2.51126E-5 4.62566E-5 4.01658E-5 1.75343E-5 1.31092E-5 3.73181E-5 5.14004E-5 5.91157E-5 6.76525E-5 7.57419E-5 1.5617E-5 1.40676E-5 4.31761E-5 1.31063E-5 2.41728E-5
6.1136E-6 1.07072E-5 8.13381E-6 7.18977E-6 2.38022E-6 1.76566E-7 1.90356E-6 2.62701E-5 2.38731E-6 9.95043E-7 8.1165E-8 3.47036E-7 4.89741E-6 1.68495E-6 2.88264E-6 4.39517E-7 2.21735E-8 1.06991E-8 7.11367E-8 5.73372E-8 1.11318E-6 1.36564E-6 1.17425E-6 9.48671E-7 1.83335E-7 4.78679E-7 9.94861E-6 4.65898E-6 3.99221E-6 2.44479E-6 4.41127E-6 6.886E-7 5.34556E-6 1.92019E-6 1.98913E-5 1.76769E-5 1.86252E-5 5.42296E-6 1.30965E-5 1.02245E-5 2.65346E-6 6.17928E-7 2.06633E-5 6.75264E-6 2.09402E-6 6.40388E-6 1.40453E-5 2.89934E-5 8.29219E-6 1.1728E-5 3.32949E-6 2.49186E-5 3.286E-5 1.59472E-5 1.43E-5 1.8429E-5 5.74589E-5 3.88605E-5 6.03952E-5 4.26988E-5 7.04982E-5 1.23531E-4 7.77362E-5 3.80682E-5 2.69033E-5 4.08556E-5
7.64664E-6 4.27023E-6 7.85232E-7 4.13736E-7 1.80322E-7 4.47465E-7 4.11227E-7 3.68714E-6 1.37491E-6 4.20422E-6 8.75498E-7 6.77807E-7 1.35447E-6 3.25694E-6 4.75119E-6 2.79462E-7 2.62359E-6 1.49834E-5 6.25973E-7 1.19477E-6 9.57427E-6 1.1065E-5 2.02501E-6 2.50297E-6 1.00386E-5 2.05572E-5 1.36528E-5 4.17286E-5 3.24058E-6 3.34035E-8 5.69644E-6 7.99443E-6 1.0754E-5 3.91272E-6 9.32691E-6 7.76595E-6 2.08253E-5 1.81494E-5 2.00932E-5 1.4895E-5 8.67948E-6 1.43128E-6 8.13614E-6 2.48425E-5 5.5331E-6 1.62658E-5 1.54533E-5 1.29576E-5 1.89239E-5 8.41071E-6 1.5196E-6 6.84399E-6 2.25434E-6 2.29779E-6 1.77732E-6 1.06326E-5 2.31847E-5 4.40146E-5 2.20603E-5 4.88545E-5 8.35901E-5 1.08409E-4 9.51574E-5 6.03898E-5 3.90694E-5 2.47532E-5
1.73516E-5 2.32087E-6 9.50667E-8 8.53004E-8 1.45381E-5 1.68777E-6 3.53353E-6 1.36865E-6 2.13031E-6 1.11789E-6 2.93466E-7 1.55274E-7 3.43123E-6 1.42378E-6 6.63087E-6 1.45313E-8 2.37488E-7 2.45709E-6 1.43366E-6 2.88009E-6 4.46202E-6 1.08528E-5 1.7867E-5 3.05637E-6 2.97393E-6 1.2504E-5 1.81545E-5 1.1887E-5 8.24277E-6 1.23972E-6 1.81587E-6 1.79424E-6 4.96652E-6 4.17538E-6 3.10274E-6 5.93731E-6 1.40165E-5 1.44306E-5 1.67763E-5 1.38558E-5 1.40034E-5 1.47048E-5 2.28919E-5 3.28216E-5 2.58052E-5 1.94955E-5 6.60981E-6 1.49862E-5 7.44832E-6 4.88073E-6 4.88505E-6 7.1959E-6 1.60484E-5 1.65968E-5 2.99925E-5 1.59529E-5 1.20378E-5 3.93431E-5 3.66432E-5 6.1463E-5 4.1825E-5 7.94751E-5 4.19247E-5 5.31281E-5 4.88262E-5 3.22691E-5
4.68369E-6 2.50947E-6 3.89197E-8 3.18322E-6 9.45868E-6 1.53737E-6 1.27991E-6 1.76682E-6 8.11833E-7 3.10711E-6 2.14975E-7 1.47436E-7 6.62956E-7 6.99907E-6 1.18564E-5 2.22019E-6 1.32901E-6 1.22679E-5 7.54593E-6 2.30148E-5 2.84548E-5 9.36462E-6 8.15272E-6 6.17712E-6 3.33207E-5 5.49196E-5 4.24643E-5 4.65625E-5 1.39811E-5 3.06561E-5 3.25537E-5 1.24135E-5 2.30744E-6 1.74217E-6 4.18599E-6 2.92701E-5 1.64306E-5 1.9095E-5 2.03318E-5 2.09758E-5 1.99991E-5 2.1022E-5 2.49325E-5 3.13009E-5 3.23251E-5 2.7103E-5 2.41697E-5 1.88347E-5 2.94026E-5 1.46479E-5 5.42632E-6 3.93912E-6 8.73291E-7 5.21919E-6 9.08065E-6 5.07695E-5 2.13845E-5 2.24524E-5 1.21832E-5 5.78104E-5 5.66086E-5 4.46779E-5 6.74016E-5 5.39934E-5 5.21337E-5 9.39904E-5
8.66116E-6 5.52143E-7 2.26554E-8 9.49797E-8 4.40564E-6 1.13146E-5 4.28259E-7 4.46241E-6 1.3442E-7 1.04179E-7 2.07641E-7 5.08549E-7 5.09685E-6 1.20174E-5 1.14128E-5 8.3863E-6 1.00444E-5 2.14299E-5 3.91381E-6 1.4916E-5 1.80019E-5 1.15198E-5 1.29437E-5 1.55165E-5 2.32167E-5 5.15507E-5 2.94065E-5 4.9994E-5 4.10351E-5 4.0213E-5 3.0033E-5 3.95326E-6 7.40027E-6 3.83891E-5 2.29412E-5 2.06774E-6 8.49382E-6 2.89849E-5 3.46966E-5 3.05997E-5 3.04531E-5 3.75359E-5 3.40651E-5 7.14794E-5 5.26725E-5 3.83701E-5 4.08679E-5 1.99943E-5 2.3947E-5 1.7075E-5 1.17105E-5 1.10457E-5 1.26369E-5 5.93198E-6 1.26465E-5 2.03271E-5 3.18332E-5 3.07573E-5 6.24413E-6 2.36888E-5 7.48478E-5 6.69795E-5 8.80433E-5 8.49718E-5 5.55948E-5 8.67488E-5
6.28104E-8 7.07106E-8 1.98464E-6 9.3635E-7 1.02463E-6 5.4392E-7 2.75731E-6 4.70028E-7 3.23232E-7 2.41725E-6 4.66576E-6 4.00787E-6 3.66862E-5 2.77864E-5 3.32751E-5 1.55842E-6 2.71892E-6 1.01095E-5 3.74038E-6 3.00556E-6 1.65198E-5 1.34019E-5 1.954E-5 3.79017E-5 2.97605E-5 7.43439E-6 2.73325E-5 4.49802E-5 4.6402E-5 4.77328E-5 1.30149E-5 3.8037E-6 3.02839E-6 3.32642E-7 9.67994E-7 2.15326E-7 9.03217E-6 7.41839E-6 9.01603E-6 5.10809E-5 5.23732E-5 5.77947E-5 4.51592E-5 4.34363E-5 2.6382E-5 5.13555E-5 4.16958E-5 1.43223E-5 1.91484E-5 8.67183E-6 2.78399E-6 8.38116E-6 5.92793E-6 1.23151E-5 1.65882E-5 3.54614E-5 5.71041E-5 4.54937E-5 2.24357E-5 5.60787E-5 6.05097E-5 3.07315E-5 4.8769E-5 2.06948E-4 1.01028E-4 6.2299E-5
4.27012E-6 6.82975E-7 8.43412E-6 7.4066E-7 8.09543E-7 6.23975E-7 9.77444E-7 2.48536E-6 6.99522E-7 1.36503E-5 5.3701E-6 1.22886E-6 2.55726E-5 6.87511E-8 3.61777E-7 7.72419E-6 2.16235E-5 1.09247E-5 2.36244E-6 4.86405E-6 9.14694E-6 1.33228E-5 1.70252E-5 1.97197E-5 1.60318E-5 7.41002E-6 1.52404E-5 8.94551E-6 4.59149E-5 3.57532E-5 2.01884E-5 5.34222E-6 1.26926E-5 4.56049E-6 2.09187E-6 1.56929E-6 2.25298E-5 5.74577E-6 3.32117E-7 3.22953E-5 2.38877E-5 1.75094E-5 3.92709E-5 3.97186E-5 1.53881E-5 4.63146E-5 3.24397E-5 7.63146E-6 3.25964E-6 1.11293E-6 1.65586E-6 8.08978E-6 1.08782E-5 1.03292E-5 1.4301E-5 2.19122E-5 2.6189E-5 7.58215E-6 3.56188E-5 3.81275E-5 2.1623E-5 5.76998E-5 4.11915E-5 6.03464E-5 6.90008E-5 7.00523E-5
1.93391E-5 5.91077E-6 7.75236E-7 4.59306E-7 3.52409E-7 1.28494E-6 1.89603E-5 2.07576E-5 1.29717E-6 3.04988E-6 1.16155E-6 2.81088E-6 8.47096E-7 2.28956E-5 1.24733E-5 5.43456E-6 1.5032E-5 2.17746E-6 8.15014E-6 5.6682E-6 1.15494E-5 5.44282E-6 9.20385E-7 5.81724E-6 1.7529E-5 1.35578E-5 1.82096E-5 1.30094E-5 1.52363E-5 1.34491E-5 1.12576E-5 4.12347E-6 1.21102E-5 1.00923E-6 1.51649E-7 5.94765E-7 2.9347E-7 3.62444E-6 5.32649E-8 7.01964E-7 1.29975E-5 8.00023E-6 2.38921E-5 2.82607E-5 6.94133E-6 1.85677E-5 6.86458E-8 4.97861E-8 5.64572E-7 3.61768E-6 1.2723E-5 4.05958E-6 9.70123E-6 2.29105E-5 3.04402E-5 1.62329E-5 1.23158E-5 3.07975E-6 3.71075E-6 9.13484E-6 1.08475E-5 1.49456E-5 5.93544E-5 7.35021E-5 5.818E-5 4.69202E-5
4.41287E-6 2.34168E-5 1.7133E-5 1.11844E-5 1.03443E-5 1.97272E-5 2.727E-5 2.38507E-5 8.61219E-6 5.90737E-6 2.65814E-6 2.27747E-7 3.17805E-5 1.37816E-5 2.29662E-5 2.90687E-5 1.32347E-5 2.45497E-5 9.19146E-6 1.75158E-6 2.93201E-6 4.39572E-7 7.11008E-7 6.91043E-8 4.31334E-6 1.29504E-5 1.63076E-5 2.30345E-5 8.15277E-6 2.87882E-5 2.96581E-5 2.84277E-6 9.22866E-6 2.80431E-5 1.20675E-7 1.44089E-5 4.38489E-6 1.01725E-8 5.48379E-7 2.83808E-6 2.57951E-5 1.75799E-5 3.42015E-5 2.9413E-5 1.44562E-5 2.80895E-6 7.29728E-7 2.79912E-8 1.89145E-7 2.52647E-6 8.49508E-6 1.60353E-5 7.41495E-6 3.39955E-5 2.44798E-5 3.18714E-5 1.3627E-5 1.88843E-5 1.3616E-5 1.23075E-5 2.35403E-5 3.5252E-5 1.76981E-5 3.03844E-5 4.43023E-5 3.04052E-5
5.6847E-7 7.936E-8 5.44217E-6 1.4544E-7 2.64291E-8 2.59764E-8 6.54361E-6 2.70715E-5 3.78832E-6 3.30114E-6 6.08881E-7 2.87081E-6 6.51502E-6 1.46845E-5 3.07159E-5 1.8731E-5 4.6359E-6 3.97432E-6 1.28518E-6 6.17067E-6 4.7807E-7 1.23932E-6 3.72399E-6 2.83632E-6 8.47293E-6 6.2987E-6 1.82226E-5 6.15724E-5 3.71218E-5 3.13744E-5 1.30515E-5 7.38081E-5 2.04225E-5 8.01015E-6 1.47084E-5 4.92534E-6 2.01591E-6 1.51592E-7 2.23993E-7 3.58704E-6 1.2443E-5 6.5779E-6 1.06923E-5 5.49145E-6 5.26521E-5 3.51033E-5 1.33789E-6 4.77698E-6 4.32525E-6 1.72683E-6 3E-5 3.83731E-5 1.37457E-5 6.19897E-5 3.5278E-5 1.47199E-5 1.32671E-5 1.7293E-5 2.89174E-5 2.98862E-5 3.65918E-5 6.21614E-5 5.72605E-5 1.70469E-5 4.21622E-5 8.06644E-5
2.87224E-6 1.74476E-6 6.80384E-6 5.19779E-7 1.03321E-6 1.57975E-5 1.62946E-6 5.74278E-8 2.52598E-8 1.20541E-7 3.82398E-6 6.01617E-7 3.69618E-6 1.33702E-5 1.69109E-5 1.04959E-5 1.78313E-5 1.52762E-5 5.10928E-6 4.34778E-6 1.68491E-6 1.26684E-6 7.91946E-6 5.42695E-6 5.94936E-6 1.28916E-6 6.63678E-7 3.61602E-5 4.14851E-5 1.1618E-5 1.35721E-6 2.01857E-5 7.70185E-6 4.74993E-6 1.55609E-5 3.56827E-6 9.65815E-6 1.09805E-6 7.02778E-7 1.31476E-5 1.34885E-5 2.38727E-5 9.46883E-6 5.20447E-6 1.12355E-5 1.68336E-5 1.38298E-5 2.13379E-5 9.72617E-6 1.57155E-6 1.91815E-6 2.6078E-6 1.1583E-5 2.96072E-5 2.68184E-5 2.00208E-5 1.16745E-5 3.05361E-5 2.74698E-5 7.90043E-5 5.49757E-5 6.89047E-5 9.46152E-5 5.8985E-5 3.18734E-5 1.15001E-4
3.36261E-6 1.34258E-5 1.46093E-6 1.36861E-7 1.18781E-8 2.40354E-8 2.33119E-6 1.91883E-7 4.4427E-6 1.14579E-6 8.34672E-7 2.61184E-6 2.22472E-6 8.009E-6 9.64085E-6 3.2223E-5 1.10673E-5 8.2069E-6 1.10394E-5 9.32312E-6 9.19016E-6 7.19243E-6 8.36488E-6 2.24415E-6 7.22892E-6 3.84123E-6 6.14761E-7 5.56496E-6 4.21559E-8 1.25229E-6 1.41316E-5 3.34603E-6 1.02353E-6 3.42826E-6 1.93952E-5 1.66378E-5 4.83063E-6 1.18808E-5 3.08753E-5 3.04519E-5 2.49707E-5 1.21318E-5 4.75518E-6 1.76597E-6 2.61224E-6 1.99492E-5 3.65856E-6 1.80165E-6 7.58701E-6 1.91505E-6 2.14691E-5 6.92409E-6 2.78902E-5 3.15941E-5 3.12613E-5 1.94079E-5 2.13424E-5 1.20026E-5 2.38752E-5 6.52047E-5 9.53257E-5 6.13416E-5 8.91968E-5 9.04699E-5 3.49339E-5 5.347E-5
3.41159E-6 1.45467E-5 5.60244E-6 3.89971E-5 6.12318E-6 9.54287E-7 3.17252E-8 1.21529E-7 1.72563E-5 9.86393E-6 7.6316E-6 2.60417E-6 4.35253E-6 1.93543E-5 1.56912E-5 2.24605E-5 5.98835E-6 6.41224E-6 1.09473E-5 4.72932E-6 1.44885E-5 1.67959E-5 6.06128E-6 9.35764E-7 7.83157E-6 6.79333E-6 4.27758E-7 2.91038E-5 8.75691E-7 9.93681E-7 7.51042E-8 1.44405E-7 1.33902E-7 2.39198E-5 7.54657E-6 2.71364E-6 6.6187E-7 1.24388E-5 2.35747E-5 3.67771E-5 6.22182E-5 1.70519E-5 4.8026E-6 1.56769E-6 2.18838E-6 1.87102E-5 2.49652E-5 9.43725E-6 2.35009E-5 3.80796E-6 1.91956E-5 2.58279E-5 3.41884E-5 3.58956E-5 1.13299E-5 1.39421E-5 1.66366E-5 2.3923E-5 1.02357E-5 2.83223E-5 4.36759E-5 2.99641E-5 1.0614E-4 5.79033E-5 1.38305E-5 1.9839E-5
7.46407E-6 3.83427E-5 2.00784E-5 3.9377E-5 3.64654E-5 3.52182E-5 3.81861E-5 2.37574E-5 1.98959E-6 3.25028E-7 4.97953E-6 1.17566E-5 1.01427E-6 1.94875E-6 8.83661E-6 9.08124E-6 2.27985E-5 6.67563E-6 1.46829E-6 5.37955E-6 2.93876E-5 1.30447E-5 6.44237E-6 3.22916E-6 2.9434E-6 2.31473E-6 9.32016E-6 2.68565E-6 2.59673E-5 1.48704E-5 2.38562E-6 3.47425E-6 1.51764E-7 1.39074E-8 5.24362E-6 5.75004E-5 4.05682E-6 4.15133E-5 4.58863E-5 3.43896E-5 5.09482E-5 3.79923E-5 9.13704E-6 2.02534E-5 1.61195E-5 2.77429E-5 3.17517E-5 1.98482E-5 1.73259E-5 2.10772E-5 2.03685E-5 2.27262E-5 2.44666E-5 3.09013E-5 1.53875E-5 1.83914E-6 1.47676E-5 1.88659E-5 1.36103E-5 2.0369E-5 1.93549E-5 1.83323E-5 4.07786E-5 6.57589E-5 8.8616E-6 2.00309E-5
2.95673E-5 1.08793E-5 3.15698E-5 2.29671E-5 3.67497E-6 2.35011E-5 8.08749E-6 6.41081E-6 3.53479E-6 1.39517E-5 4.31465E-6 1.02477E-7 1.78488E-8 5.55453E-8 4.83763E-7 1.36416E-6 3.63988E-6 6.77539E-7 3.12077E-5 1.48119E-5 4.04243E-5 2.72368E-5 1.1334E-5 1.64982E-6 8.67864E-7 6.31144E-6 9.611E-6 9.04454E-6 1.45591E-5 2.06534E-5 1.98486E-5 1.21922E-5 1.54634E-5 1.76993E-5 1.45318E-4 1.88361E-4 6.29562E-5 7.18036E-5 6.44973E-5 4.02838E-5 2.13182E-5 4.64217E-5 2.25936E-5 2.51327E-5 1.80948E-5 3.0817E-5 9.8462E-6 2.20348E-5 1.94302E-5 4.94914E-5 5.22896E-5 1.80249E-5 2.21719E-5 2.28362E-5 2.02317E-5 1.31224E-5 3.00895E-5 1.50175E-5 1.29697E-5 6.30648E-6 2.3964E-5 3.6005E-5 2.60356E-5 3.98643E-5 4.53492E-5 3.3088E-6
1.64196E-5 2.1665E-5 8.43015E-6 5.05564E-6 1.08912E-5 1.22174E-5 4.18679E-6 7.51067E-7 1.10232E-6 3.27636E-8 1.59722E-8 1.63605E-7 1.40914E-7 2.49873E-7 9.83006E-8 2.0964E-6 3.24074E-6 2.80749E-7 1.09014E-5 2.15995E-5 6.64862E-5 3.27862E-5 1.67857E-5 1.02579E-5 1.9922E-7 8.51788E-8 5.69633E-6 2.27841E-5 3.66207E-5 3.98414E-5 4.80573E-5 4.92611E-5 5.49229E-5 9.15166E-5 1.05575E-4 7.69823E-5 6.70855E-5 5.2383E-5 4.40027E-5 3.89022E-5 3.41923E-5 4.63164E-5 5.26299E-5 6.141E-5 1.53855E-5 2.70399E-5 5.67592E-5 7.53186E-5 7.33576E-5 3.85762E-5 1.45917E-5 9.95901E-6 1.3162E-5 3.22064E-5 7.27326E-5 8.39586E-5 6.06777E-5 9.84379E-6 4.02368E-6 1.10436E-5 1.2053E-5 2.83473E-5 2.07584E-5 2.94657E-5 3.04815E-5 4.27486E-6
4.32047E-5 2.13049E-5 9.39002E-6 7.50733E-6 1.42357E-6 4.94453E-6 1.94631E-6 3.5827E-6 2.78125E-8 3.70561E-7 5.65783E-7 2.8294E-6 4.35206E-6 1.33338E-6 2.01973E-6 3.80424E-6 1.17415E-5 2.87283E-6 1.72429E-5 4.67858E-5 5.55845E-6 2.35961E-5 1.04456E-5 2.49494E-5 1.31197E-7 8.52005E-6 4.8554E-6 2.32189E-5 3.75927E-5 2.97105E-5 5.2466E-5 6.56903E-5 6.57676E-5 4.55201E-5 5.7613E-5 6.16044E-5 5.60015E-5 4.74267E-5 4.65367E-5 2.47049E-5 4.64993E-5 4.8821E-5 6.07639E-5 5.55602E-5 1.15739E-5 2.20486E-5 3.74357E-5 8.67658E-5 7.74905E-5 1.89774E-5 8.46451E-6 4.97381E-6 2.48433E-5 3.38587E-5 8.72308E-5 7.59101E-5 3.38894E-5 2.21723E-5 2.323E-5 7.14128E-6 1.88011E-5 1.32579E-5 8.71353E-6 3.34302E-5 2.57258E-5 4.22229E-5
1.01461E-5 2.57464E-5 9.25142E-6 2.59907E-6 7.03731E-6 6.20202E-6 5.59489E-6 4.04469E-7 7.88702E-8 3.64087E-6 2.15411E-6 8.85527E-7 9.50238E-7 9.66945E-7 2.46211E-7 2.94108E-6 1.46312E-5 6.48661E-5 5.34644E-5 1.17416E-5 6.63805E-6 1.33521E-5 4.27147E-5 8.17278E-6 8.81594E-6 9.09345E-6 2.66706E-5 3.67007E-5 4.74266E-5 1.64337E-5 4.53903E-5 3.75794E-5 3.24193E-5 3.89314E-5 5.46015E-5 6.57861E-5 5.89867E-5 6.32988E-5 5.4341E-5 2.50047E-5 2.37075E-5 2.30151E-5 1.56394E-5 1.86912E-5 1.56713E-5 6.44329E-5 5.16543E-5 1.59129E-5 1.91179E-5 1.0514E-5 4.77335E-6 9.33827E-6 7.75435E-6 1.97762E-5 3.14977E-5 2.23896E-5 2.90476E-5 2.44007E-5 2.6698E-5 2.59721E-5 2.81386E-5 2.30988E-5 1.14783E-5 2.01976E-5 1.79157E-6 4.65729E-6
1.01784E-5 2.84086E-5 5.78475E-5 2.60986E-6 6.2009E-6 2.31571E-5 1.41474E-6 3.60572E-7 5.01762E-6 1.96105E-6 1.73275E-6 5.65894E-7 7.63582E-7 4.81135E-6 6.33071E-6 1.89028E-5 3.48875E-5 4.22516E-5 5.13991E-5 3.04696E-5 1.18057E-5 2.05287E-5 8.79496E-5 4.65254E-5 6.68977E-6 1.62373E-5 9.7589E-6 5.59555E-5 5.37566E-5 5.03429E-5 4.62046E-5 4.19021E-5 1.38984E-5 1.20157E-6 2.28696E-5 5.13253E-5 5.48297E-5 1.70969E-5 4.16472E-5 5.88699E-5 8.03136E-5 3.82007E-5 1.26676E-5 1.65871E-5 2.65232E-6 2.81724E-6 1.91152E-6 2.80697E-5 7.44083E-6 1.20638E-5 4.49718E-6 1.57166E-5 1.58318E-5 3.10633E-5 2.11706E-5 1.66119E-5 1.90672E-5 2.21905E-5 3.21757E-5 3.86174E-5 2.00067E-5 3.5188E-5 2.49931E-5 9.92291E-6 1.89109E-5 1.1221E-5
1.52552E-5 9.03348E-6 1.79392E-6 7.4155E-6 1.72855E-6 7.47854E-6 3.18353E-6 3.52603E-6 1.84761E-6 2.4277E-7 2.46653E-7 9.33339E-7 2.82184E-6 1.7616E-6 9.73117E-6 2.35675E-5 2.90167E-5 3.53672E-5 4.11377E-5 2.59183E-5 2.75014E-5 5.09748E-5 1.45536E-4 7.92676E-5 1.7501E-5 2.63681E-5 4.52957E-5 6.4907E-5 2.94689E-5 4.01707E-5 5.06264E-6 9.8251E-6 4.50845E-5 1.41602E-6 1.19262E-5 2.4028E-5 5.1815E-6 1.24835E-5 1.30884E-5 5.36335E-5 6.66316E-5 3.52466E-5 1.38486E-5 2.96579E-5 2.12078E-5 1.31456E-5 6.09047E-6 2.27684E-5 9.36403E-6 1.97377E-5 1.22924E-5 4.00814E-5 3.71382E-5 1.26986E-5 1.71915E-5 4.14376E-5 1.31353E-5 1.62527E-5 2.01423E-5 3.82259E-5 4.97096E-5 5.56959E-5 2.78517E-5 1.91497E-5 1.48714E-5 2.62743E-5
6.93286E-6 7.75449E-6 3.03487E-6 2.68394E-6 2.07753E-6 1.1895E-6 2.77608E-7 5.75302E-6 2.5464E-6 4.78681E-7 1.37686E-6 1.17069E-5 1.78902E-5 7.35893E-6 2.38493E-5 1.08906E-5 1.16796E-5 2.01264E-5 3.96588E-5 6.06969E-5 7.36307E-5 6.532E-5 1.32204E-4 9.77022E-5 5.49324E-5 3.98382E-5 5.30825E-5 6.90947E-5 5.46828E-5 2.87339E-5 8.79049E-7 1.84453E-8 1.35399E-5 2.45756E-6 2.45746E-6 3.12197E-5 1.84146E-6 4.28921E-6 2.99394E-5 5.37669E-5 6.32474E-5 4.84176E-5 5.26255E-5 6.72646E-5 5.60565E-5 3.54991E-5 3.61635E-5 2.488E-5 2.85768E-5 1.59713E-5 1.2461E-5 1.60649E-5 4.85118E-5 3.6894E-5 8.02591E-6 1.47113E-5 2.07731E-5 1.72842E-5 2.88858E-5 5.2465E-5 5.93605E-5 5.5684E-5 5.62565E-5 2.75032E-5 2.66666E-5 1.3647E-5
4.63028E-6 7.80923E-7 1.18062E-6 1.26878E-6 4.56096E-7 8.93123E-6 5.69304E-6 5.73449E-6 2.08859E-5 1.97774E-7 2.04336E-5 3.02459E-5 4.09087E-5 4.37043E-5 4.22094E-5 1.10841E-5 2.25493E-5 1.68475E-5 4.18107E-5 6.55394E-5 1.00568E-4 1.12083E-4 1.12439E-4 4.19131E-5 3.61601E-5 3.85611E-5 4.36401E-5 4.37721E-5 5.02433E-5 6.1652E-5 1.39226E-5 3.65854E-6 1.12163E-6 3.14512E-5 2.54257E-6 4.15939E-6 2.62986E-6 5.59743E-7 5.92747E-6 1.16687E-5 1.95983E-5 5.05424E-5 5.20755E-5 7.27064E-5 7.21445E-5 7.71131E-5 5.52103E-5 4.42578E-5 6.11341E-5 5.8275E-5 2.7936E-5 3.00417E-5 2.95643E-5 1.81112E-5 1.71408E-5 2.24241E-5 3.78415E-5 2.5603E-5 3.88874E-5 5.36198E-5 3.98916E-5 7.22446E-5 5.90311E-5 2.03668E-5 2.30591E-5 1.81216E-5
7.95229E-6 3.70663E-6 4.03644E-7 1.05743E-6 2.69745E-7 4.33681E-6 8.22305E-6 5.37199E-6 2.45787E-6 3.63027E-6 4.38766E-5 3.87528E-5 6.21855E-5 3.45805E-5 2.18014E-5 3.59118E-5 4.83406E-5 2.2249E-5 5.04986E-5 8.2619E-5 1.18188E-4 1.11593E-4 4.13958E-5 1.08679E-5 1.24075E-5 2.21837E-5 4.16038E-5 5.74998E-5 1.99519E-5 3.44278E-5 3.02752E-6 1.00006E-5 8.43444E-6 1.95777E-6 2.96825E-6 5.82618E-7 2.73468E-8 2.68182E-8 6.53861E-6 3.06527E-5 5.07662E-5 4.42556E-5 6.04344E-5 6.42459E-5 7.08495E-5 6.33823E-5 4.94326E-5 4.2268E-5 5.65724E-5 6.04192E-5 6.77291E-5 4.62462E-5 3.32264E-5 3.59758E-5 4.5138E-5 5.07904E-5 4.44438E-5 3.03324E-5 4.11312E-5 5.29223E-5 4.44111E-5 6.28046E-5 2.12088E-5 7.3295E-6 1.17436E-5 3.0293E-6
2.98579E-5 2.44379E-5 2.31849E-5 1.19001E-6 6.68104E-6 3.34659E-6 3.02137E-6 5.98896E-6 1.08995E-6 1.08772E-5 1.63815E-5 2.61828E-5 5.72935E-5 5.01385E-5 4.24463E-5 5.19016E-5 6.21587E-5 6.13084E-5 3.96164E-5 6.29859E-5 7.69867E-5 9.16362E-5 3.7108E-5 7.77349E-6 1.00646E-5 5.11626E-6 2.25989E-5 4.14007E-5 3.82848E-5 4.115E-5 2.71165E-5 1.73142E-5 2.24519E-6 1.00507E-6 1.19245E-7 2.13404E-7 1.10653E-6 4.87997E-7 7.01784E-6 1.68653E-5 3.15988E-5 1.29133E-5 4.31974E-5 4.43873E-5 4.92998E-5 5.41754E-5 4.00951E-5 3.49701E-5 4.07911E-5 4.25364E-5 4.79665E-5 4.62662E-5 4.75348E-5 2.57134E-5 5.30792E-5 3.45055E-5 1.5354E-5 3.97482E-5 4.57612E-5 7.42196E-5 2.30212E-5 7.88688E-5 5.47799E-5 4.6999E-5 2.82762E-5 3.97031E-5
2.19337E-5 5.86406E-5 3.02045E-5 1.01066E-5 7.4953E-6 5.24419E-6 1.28095E-5 8.35317E-6 9.91733E-6 1.44383E-5 1.60394E-5 1.18529E-5 3.423E-5 8.0374E-5 7.1303E-5 3.43844E-5 6.58661E-5 1.52842E-5 5.16534E-5 5.10476E-5 4.23909E-5 4.54391E-5 4.76532E-5 4.73498E-6 6.95791E-6 1.35133E-5 2.91389E-5 3.6751E-5 5.19679E-5 3.02251E-5 8.57044E-6 1.09213E-5 6.13912E-6 2.53019E-6 5.87008E-6 1.80544E-6 1.24926E-5 3.57284E-5 3.88064E-5 8.46615E-6 1.75035E-5 4.25163E-5 3.74281E-5 4.97314E-5 6.52191E-5 6.04729E-5 4.4741E-5 3.26044E-5 2.86901E-5 3.40923E-5 3.62766E-5 3.47094E-5 4.20204E-5 4.91294E-5 4.51369E-5 4.23021E-5 3.07697E-5 9.54708E-6 1.56066E-5 2.64862E-5 2.86678E-5 6.59597E-5 3.16049E-5 3.81883E-5 5.75232E-5 3.47583E-5
1.11372E-5 7.25012E-5 1.53007E-5 2.46005E-5 1.01493E-5 1.17759E-5 1.75448E-5 3.84022E-5 1.45815E-5 4.56318E-6 4.43107E-6 1.38364E-6 3.38792E-6 5.00205E-5 5.91572E-5 3.77493E-5 6.59638E-5 2.91582E-5 3.17432E-5 8.01412E-6 5.51612E-6 3.36892E-5 4.3363E-5 3.02144E-5 8.86058E-6 1.51043E-5 4.1292E-5 5.09351E-5 3.71312E-5 1.06562E-5 2.99428E-5 1.53671E-7 1.1861E-6 8.03024E-6 5.54087E-6 6.95473E-6 2.23909E-5 5.41924E-5 2.69813E-5 4.31182E-5 4.0093E-5 5.08474E-5 3.75048E-5 5.10761E-5 6.58954E-5 6.31165E-5 4.62674E-5 3.3983E-5 3.86671E-5 4.97165E-5 5.33225E-5 4.76777E-5 3.80929E-5 3.71174E-5 3.61242E-5 3.50157E-5 2.625E-5 3.16402E-5 1.34793E-5 1.69642E-5 7.12188E-6 4.49218E-5 3.68879E-5 3.17075E-5 6.13052E-5 2.58831E-5
4.19393E-5 4.92842E-5 2.30373E-5 4.08213E-5 2.86975E-5 3.41322E-5 3.31487E-5 3.55889E-5 7.96193E-6 5.82432E-6 1.93668E-6 5.05637E-6 1.49264E-5 3.95673E-5 1.28969E-5 3.89538E-5 3.9795E-5 3.65632E-6 2.22374E-5 1.26862E-5 3.22186E-5 1.66271E-5 2.79254E-5 1.64888E-5 2.42217E-5 2.90537E-5 3.26595E-5 2.09415E-5 3.99028E-6 1.60024E-6 9.45766E-7 3.37364E-6 1.7986E-5 1.38474E-5 4.63412E-5 1.68995E-5 1.38466E-5 3.08999E-6 4.62737E-6 5.4091E-5 6.38444E-5 4.94596E-5 3.25003E-5 3.24106E-5 2.34815E-5 3.5868E-5 3.59028E-5 1.88285E-5 4.1678E-5 3.44771E-5 6.51738E-5 4.40427E-5 3.33042E-5 3.1506E-5 2.553E-5 2.2345E-5 3.45599E-5 3.54785E-5 5.90555E-5 5.93838E-5 2.40482E-5 6.28493E-5 3.92561E-5 2.82358E-5 9.45864E-6 1.94001E-5
