catData/rasterBestHybridModels/Pbengalensis/RD_BM01_RM1_L/Pbengalensis_median.asc
ncols         409
nrows         350
xllcorner     60.897278365
yllcorner     5.843756025
cellsize      0.0892857
NODATA_value  -9999
[rows 116 to 144 of 350, columns 198 to 263 of 409]
4.41415E-5 5.13734E-5 5.82384E-5 5.51165E-5 6.66426E-5 7.60091E-5 7.71394E-5 6.97602E-5 6.13147E-5 6.18769E-5 6.60075E-5 5.38716E-5 5.50855E-5 5.5374E-5 4.76384E-5 4.87439E-5 5.78628E-5 5.7659E-5 7.72677E-5 8.2799E-5 8.03986E-5 8.51411E-5 8.80595E-5 7.95252E-5 6.99273E-5 5.90354E-5 6.41466E-5 8.01607E-5 9.76717E-5 8.71797E-5 7.23719E-5 7.1384E-5 5.93727E-5 4.91935E-5 4.69292E-5 3.97259E-5 4.29931E-5 5.7578E-5 7.78383E-5 9.49498E-5 9.41897E-5 8.48852E-5 8.88662E-5 9.50212E-5 8.79675E-5 8.58142E-5 9.50163E-5 8.77849E-5 8.06871E-5 9.35766E-5 1.05293E-4 1.088E-4 9.12662E-5 1.2205E-4 1.15966E-4 9.33434E-5 1.00951E-4 1.32598E-4 1.29056E-4 9.94174E-5 7.41296E-5 7.17681E-5 6.41899E-5 6.75836E-5 9.07378E-5 1.16635E-4
6.15773E-5 6.52739E-5 7.62951E-5 6.5113E-5 6.54966E-5 7.00974E-5 7.40491E-5 6.43518E-5 5.79278E-5 7.85036E-5 9.03902E-5 5.69183E-5 8.00428E-5 8.02658E-5 6.33853E-5 5.85367E-5 4.88239E-5 6.29504E-5 8.39862E-5 9.1457E-5 7.55939E-5 8.13057E-5 7.14421E-5 5.52635E-5 6.10112E-5 6.06738E-5 5.43647E-5 7.91612E-5 1.12392E-4 9.84751E-5 7.02578E-5 5.17557E-5 4.39955E-5 3.95829E-5 4.68536E-5 4.95355E-5 5.07703E-5 6.03372E-5 8.31841E-5 1.16958E-4 1.13623E-4 9.7488E-5 1.19826E-4 1.04405E-4 9.60507E-5 1.17438E-4 1.04654E-4 8.0131E-5 5.83819E-5 6.85254E-5 8.08276E-5 7.84258E-5 9.62237E-5 1.16729E-4 1.00612E-4 7.63162E-5 8.23018E-5 9.83754E-5 1.13299E-4 1.03174E-4 8.12624E-5 6.23732E-5 5.7789E-5 7.42559E-5 9.27079E-5 1.10306E-4
8.03686E-5 6.23159E-5 7.10188E-5 7.41795E-5 5.81853E-5 2.61964E-5 5.80256E-5 5.08956E-5 5.16975E-5 6.31988E-5 7.38647E-5 5.54471E-5 7.82189E-5 7.78054E-5 7.85054E-5 7.34773E-5 5.96363E-5 5.69937E-5 7.12633E-5 9.01636E-5 6.44015E-5 8.53976E-5 7.24552E-5 6.17868E-5 8.44398E-5 7.50962E-5 7.24521E-5 8.18668E-5 9.95188E-5 8.42194E-5 7.07798E-5 6.20479E-5 5.0215E-5 4.55316E-5 5.81596E-5 5.14419E-5 6.81171E-5 6.08448E-5 7.20788E-5 9.05462E-5 9.23787E-5 8.56144E-5 1.07398E-4 9.61105E-5 1.05793E-4 1.22513E-4 1.19507E-4 8.34695E-5 7.38054E-5 6.89515E-5 5.91032E-5 7.18369E-5 9.45475E-5 1.13756E-4 5.87672E-5 9.9526E-5 1.08382E-4 1.13312E-4 1.35879E-4 1.13936E-4 8.5578E-5 6.47555E-5 6.31263E-5 8.55337E-5 1.23142E-4 1.54018E-4
6.45628E-5 5.89044E-5 4.5494E-5 4.61254E-5 5.67559E-5 1.23234E-5 3.44852E-5 3.73553E-5 3.32265E-5 3.83805E-5 7.72791E-5 7.09903E-5 6.66727E-5 5.61655E-5 6.94994E-5 7.7494E-5 6.3253E-5 4.80546E-5 6.39509E-5 7.55379E-5 6.91208E-5 6.2173E-5 6.83793E-5 7.9994E-5 8.80651E-5 9.0301E-5 8.20151E-5 7.89386E-5 9.3735E-5 9.12703E-5 9.56502E-5 7.61003E-5 5.9526E-5 6.23911E-5 6.88696E-5 9.07711E-5 7.05934E-5 7.32897E-5 6.13029E-5 6.43045E-5 6.14451E-5 6.41533E-5 7.17463E-5 9.88643E-5 1.24762E-4 9.53908E-5 9.05577E-5 8.24603E-5 9.14868E-5 9.5363E-5 6.75101E-5 7.40453E-5 8.54972E-5 9.5407E-5 8.52914E-5 9.30766E-5 1.25239E-4 9.99203E-5 1.01983E-4 8.96496E-5 7.07269E-5 7.12305E-5 7.97501E-5 8.46232E-5 1.13133E-4 1.46379E-4
5.96625E-5 6.52002E-5 3.63081E-5 5.23369E-5 4.78357E-5 3.87419E-5 3.23262E-5 7.13258E-5 5.64798E-5 2.5847E-5 4.86048E-5 5.19996E-5 7.01043E-5 6.03935E-5 5.68456E-5 6.54842E-5 6.15889E-5 4.9671E-5 5.15335E-5 6.12089E-5 6.01021E-5 5.5592E-5 7.35246E-5 8.82231E-5 6.93671E-5 7.04682E-5 3.89481E-5 4.2893E-5 6.52112E-5 8.68186E-5 9.25576E-5 7.40619E-5 8.01975E-5 8.84503E-5 7.67611E-5 9.12408E-5 8.34435E-5 7.33156E-5 8.46195E-5 6.65092E-5 7.17043E-5 5.99433E-5 7.87791E-5 9.74237E-5 8.83258E-5 8.95997E-5 1.19679E-4 9.84224E-5 1.11633E-4 1.10039E-4 9.78887E-5 1.02438E-4 1.05278E-4 1.32704E-4 9.6866E-5 9.47693E-5 9.31109E-5 7.83252E-5 7.46093E-5 7.71907E-5 8.64559E-5 9.50033E-5 1.12326E-4 1.00451E-4 1.06133E-4 1.02797E-4
4.53926E-5 7.10547E-5 4.10871E-5 3.6724E-5 4.38345E-5 2.26642E-5 5.09768E-5 7.06919E-5 6.08956E-5 2.48074E-5 2.11351E-5 3.54894E-5 4.85927E-5 7.20323E-5 7.75744E-5 4.24401E-5 5.63477E-5 6.71452E-5 5.98405E-5 4.9271E-5 4.45887E-5 4.76278E-5 6.42228E-5 7.56732E-5 8.73777E-5 6.99712E-5 5.19085E-5 4.4652E-5 6.96649E-5 7.23194E-5 7.96468E-5 6.72009E-5 8.55845E-5 9.74198E-5 7.67973E-5 7.54032E-5 5.30716E-5 2.53334E-5 9.12636E-5 1.51685E-5 5.23851E-5 7.58984E-5 8.84086E-5 1.03632E-4 9.34796E-5 8.02066E-5 9.80118E-5 8.6803E-5 8.6621E-5 8.62473E-5 1.12761E-4 1.05546E-4 1.05938E-4 9.41154E-5 1.03417E-4 1.18971E-4 8.31315E-5 7.04477E-5 8.72291E-5 9.68028E-5 1.17545E-4 1.20098E-4 1.51292E-4 1.14976E-4 1.23508E-4 1.30093E-4
1.84971E-5 2.27526E-5 5.72882E-6 1.09441E-5 1.02896E-5 3.03782E-5 4.47566E-6 4.32819E-5 8.48866E-5 4.60789E-5 5.14204E-5 1.53576E-5 5.08899E-5 7.12878E-5 5.90195E-5 4.79214E-5 5.95608E-5 8.05796E-5 7.28919E-5 5.4766E-5 4.67816E-5 5.56215E-5 5.99456E-5 6.41541E-5 7.27921E-5 5.61027E-5 3.61902E-5 4.36223E-5 6.84835E-5 8.23408E-5 8.30467E-5 6.76529E-5 7.93407E-5 7.25628E-5 6.47567E-5 8.70225E-5 9.54584E-5 7.78367E-5 6.1485E-5 6.48429E-5 6.30128E-5 8.43322E-5 1.06111E-4 8.67656E-5 7.27596E-5 7.73111E-5 7.72354E-5 8.73184E-5 9.0231E-5 7.57987E-5 7.87554E-5 9.30869E-5 9.90985E-5 1.167E-4 9.01593E-5 1.07188E-4 9.29164E-5 7.40783E-5 9.71608E-5 1.20861E-4 1.21048E-4 7.88885E-5 1.07087E-4 9.88481E-5 1.11129E-4 1.12775E-4
5.95627E-6 2.7028E-5 1.45985E-5 1.49947E-6 1.10784E-5 1.01594E-5 8.58403E-6 2.09437E-5 1.70396E-5 2.27108E-5 6.21865E-5 4.18269E-5 2.56057E-5 2.25046E-5 6.8119E-5 5.88647E-5 6.41477E-5 6.3088E-5 6.07825E-5 4.92757E-5 5.01567E-5 6.85789E-5 8.27814E-5 6.56558E-5 5.31438E-5 5.85367E-5 6.53371E-5 1.00159E-4 7.78401E-5 6.28066E-5 6.36106E-5 8.46134E-5 9.81561E-5 8.12717E-5 6.10557E-5 7.19497E-5 6.48184E-5 9.69955E-5 6.57997E-5 6.07824E-5 6.63528E-5 6.77809E-5 7.63319E-5 6.88584E-5 7.26438E-5 9.77073E-5 9.71037E-5 9.61495E-5 9.98949E-5 9.5388E-5 1.00869E-4 1.03999E-4 9.70003E-5 9.83228E-5 9.67958E-5 1.07796E-4 9.44629E-5 7.20183E-5 8.44847E-5 1.04422E-4 1.02566E-4 1.2965E-4 1.04141E-4 7.38829E-5 7.58309E-5 1.05569E-4
4.37497E-5 5.12821E-5 4.65682E-5 1.07843E-5 1.94532E-5 4.06604E-5 2.67194E-5 2.52127E-5 5.68101E-5 2.77851E-5 2.06902E-5 5.31599E-5 1.72905E-5 7.16599E-5 7.67153E-5 7.80041E-5 6.13978E-5 3.62266E-5 6.5676E-5 2.21733E-5 5.03256E-5 4.55778E-5 7.41874E-5 6.3819E-5 7.31643E-5 6.7994E-5 6.11092E-5 7.3241E-5 6.90293E-5 5.58637E-5 6.00674E-5 4.5345E-5 7.98774E-5 7.00366E-5 8.2313E-5 8.84538E-5 5.78425E-5 5.92932E-5 6.6034E-5 7.39192E-5 8.78253E-5 7.81693E-5 5.7935E-5 5.23945E-5 6.42183E-5 8.32564E-5 8.38829E-5 8.16618E-5 9.33723E-5 8.138E-5 8.37169E-5 8.0469E-5 7.16305E-5 8.98002E-5 8.45005E-5 8.45335E-5 9.11175E-5 6.90426E-5 7.19454E-5 7.87936E-5 9.75908E-5 1.04613E-4 1.28118E-4 8.77956E-5 7.54357E-5 8.41824E-5
3.3587E-5 2.47546E-5 5.28934E-5 8.87658E-6 1.14699E-5 5.26534E-5 4.45065E-5 1.68564E-5 6.15338E-5 2.30776E-5 1.73613E-5 3.02225E-6 1.98914E-5 2.53081E-5 3.71808E-5 2.62716E-5 3.82137E-5 5.77124E-5 5.85671E-5 2.34029E-5 2.89862E-5 5.83292E-5 7.15779E-5 7.03643E-5 4.84947E-5 7.49986E-5 6.32875E-5 6.1275E-5 6.65723E-5 5.5443E-5 4.73628E-5 6.19705E-5 5.57392E-5 5.972E-5 7.44339E-5 8.39641E-5 2.78668E-5 7.65577E-5 7.13852E-5 5.61832E-5 9.16862E-5 8.32292E-5 5.8911E-5 4.8789E-5 5.34857E-5 6.43657E-5 6.90522E-5 6.18805E-5 6.53012E-5 7.35945E-5 9.56467E-5 8.87743E-5 6.56648E-5 6.12071E-5 7.25796E-5 8.82367E-5 8.65758E-5 6.89003E-5 9.6683E-5 1.04405E-4 8.76847E-5 7.86157E-5 1.09522E-4 1.27044E-4 1.16378E-4 1.15912E-4
3.77551E-5 4.50807E-5 3.01705E-5 3.19359E-6 5.57859E-5 2.33833E-5 1.89172E-5 1.68014E-5 2.20261E-5 8.11954E-6 1.37283E-5 3.3172E-6 2.60467E-5 4.43021E-5 4.81547E-6 3.31381E-5 3.0715E-5 3.16885E-5 3.57163E-5 3.15023E-5 2.62325E-5 5.27402E-5 6.22751E-5 7.05874E-5 5.46675E-5 4.75485E-5 5.27529E-5 7.07931E-5 6.38939E-5 1.92316E-5 4.73503E-5 6.25856E-5 7.95139E-5 6.55158E-5 3.27915E-5 2.98991E-5 6.44427E-5 7.39111E-5 6.80873E-5 5.90538E-5 5.74827E-5 6.15952E-5 6.85096E-5 7.15687E-5 6.57594E-5 8.59139E-5 8.7701E-5 6.85721E-5 5.82227E-5 6.5467E-5 8.16605E-5 7.55196E-5 6.46705E-5 6.41851E-5 5.41361E-5 6.26587E-5 6.12508E-5 6.41827E-5 8.624E-5 9.12279E-5 7.26558E-5 6.43882E-5 7.14194E-5 8.7142E-5 8.25951E-5 7.78125E-5
4.73915E-5 5.01991E-6 3.62853E-5 1.91689E-5 2.63324E-5 6.11594E-7 3.01705E-6 4.96061E-5 1.31397E-5 2.40229E-6 2.62202E-5 1.39535E-5 2.50677E-6 5.3539E-5 3.41456E-5 3.83481E-5 6.43774E-5 6.32993E-5 4.35883E-5 1.22443E-5 1.21021E-5 2.95159E-5 6.05398E-5 3.28286E-5 4.11489E-5 3.91482E-5 6.15752E-5 7.02371E-5 4.8685E-5 2.82804E-5 7.31649E-5 3.42406E-5 9.22149E-5 8.68194E-5 3.7768E-5 4.84754E-5 8.24232E-5 6.81384E-5 8.23238E-5 5.72825E-5 5.12667E-5 4.54049E-5 8.95163E-5 8.73739E-5 6.78459E-5 7.45909E-5 7.83504E-5 8.14425E-5 8.19588E-5 7.36483E-5 5.61265E-5 6.68454E-5 8.62044E-5 8.55562E-5 6.54313E-5 6.38998E-5 6.49081E-5 7.83411E-5 7.4961E-5 5.95162E-5 6.31894E-5 6.04172E-5 6.14106E-5 5.76954E-5 7.12776E-5 8.46538E-5
1.47487E-5 3.42617E-5 4.47545E-6 5.25814E-7 1.16017E-6 2.18069E-6 8.54116E-6 6.81065E-6 2.04527E-5 2.92198E-7 1.25655E-6 1.03465E-5 3.15623E-6 4.6087E-5 4.9996E-5 3.0703E-5 5.06547E-5 4.14969E-5 4.63882E-5 1.74664E-5 5.2716E-5 7.35074E-5 6.74736E-5 1.58274E-5 4.01123E-5 1.45307E-5 5.63562E-5 4.77531E-5 6.53753E-5 6.54251E-5 8.45559E-5 5.84671E-5 7.88619E-5 6.30409E-5 5.55428E-5 5.30855E-5 7.11364E-5 8.02429E-5 7.2982E-5 8.06444E-5 5.85481E-5 4.1695E-5 7.90949E-5 7.79378E-5 8.51917E-5 8.93818E-5 7.99062E-5 7.61558E-5 9.51687E-5 8.03476E-5 6.35014E-5 7.47438E-5 8.18564E-5 8.43833E-5 6.64771E-5 8.26399E-5 8.44474E-5 8.6036E-5 8.62306E-5 7.2175E-5 7.59035E-5 7.3566E-5 7.07203E-5 7.01865E-5 8.35786E-5 9.42442E-5
6.86867E-6 5.63621E-5 4.46827E-5 1.73383E-5 1.5056E-5 5.19804E-5 5.28067E-5 2.52352E-5 4.32132E-5 8.56466E-7 2.56492E-6 2.31116E-5 1.54844E-5 7.1529E-5 6.80877E-5 5.03382E-5 4.54973E-5 5.3063E-5 4.4157E-5 1.20767E-5 6.18874E-5 2.95204E-5 2.19406E-5 4.31377E-5 2.16297E-5 7.88326E-6 2.04684E-5 1.61066E-5 2.6337E-5 4.71491E-5 7.3651E-5 7.86883E-5 7.40873E-5 4.38395E-5 3.89388E-5 6.5877E-5 4.40151E-5 7.19975E-5 7.85551E-5 9.23157E-5 7.61913E-5 5.97867E-5 7.67508E-5 8.12437E-5 7.55526E-5 7.81348E-5 6.49389E-5 7.25724E-5 7.14587E-5 6.44722E-5 6.83323E-5 8.56435E-5 8.65534E-5 6.58985E-5 6.08473E-5 8.03922E-5 7.96091E-5 7.03003E-5 6.1657E-5 7.32525E-5 8.44074E-5 7.55287E-5 9.00172E-5 7.33111E-5 7.21427E-5 8.12995E-5
4.90155E-6 2.72773E-6 1.6397E-6 1.15676E-5 4.48417E-5 6.62417E-5 5.5409E-5 8.34021E-7 2.13344E-6 3.05271E-7 2.90724E-5 5.02162E-5 5.08765E-5 5.7321E-5 4.93491E-5 6.9882E-5 6.05867E-5 7.21747E-5 6.00159E-5 3.08483E-5 6.20154E-5 4.04218E-5 7.76246E-6 1.92949E-5 2.88688E-5 5.25107E-5 1.82159E-5 7.08237E-7 4.72553E-5 7.10059E-5 4.80644E-5 8.26684E-5 7.97167E-5 7.62377E-5 8.77268E-5 4.00782E-5 9.9047E-5 9.14469E-5 7.06228E-5 6.85007E-5 7.61798E-5 6.6544E-5 8.36737E-5 8.52498E-5 8.27007E-5 7.98562E-5 7.68706E-5 9.5661E-5 7.73493E-5 6.43497E-5 5.95215E-5 6.89978E-5 6.92311E-5 5.98331E-5 7.30017E-5 8.555E-5 7.84335E-5 5.87403E-5 4.89313E-5 5.46198E-5 6.04512E-5 6.02584E-5 6.64674E-5 6.48802E-5 7.83173E-5 8.85845E-5
1.6961E-7 3.71974E-6 9.12406E-6 1.88658E-5 2.09131E-5 5.24401E-5 6.99478E-8 3.1343E-7 2.72927E-5 1.12181E-5 4.79103E-6 1.46217E-5 4.61672E-6 5.76628E-6 5.5626E-5 3.23924E-5 5.83055E-5 5.8853E-5 5.08663E-5 3.48031E-5 3.84823E-5 4.53807E-5 5.2318E-5 6.79218E-5 6.77298E-5 5.0187E-5 1.68265E-5 4.8697E-5 4.96785E-5 6.97789E-5 5.79513E-5 6.80538E-5 8.09407E-5 7.67152E-5 7.7791E-5 4.97361E-5 4.18417E-5 2.45195E-5 5.20645E-5 5.67555E-5 9.35419E-5 7.35968E-5 7.27813E-5 9.04651E-5 8.34922E-5 7.60167E-5 6.75081E-5 7.68786E-5 7.01788E-5 8.45799E-5 7.55341E-5 7.70238E-5 7.07574E-5 6.64E-5 6.54811E-5 7.50451E-5 7.50377E-5 5.48598E-5 4.07644E-5 3.96944E-5 4.51954E-5 4.99572E-5 7.2655E-5 8.61784E-5 8.08576E-5 8.77473E-5
8.09203E-8 1.84358E-6 4.96449E-6 5.86987E-6 2.52987E-5 7.0425E-5 7.61275E-6 1.5653E-5 5.44944E-5 5.72711E-5 1.92437E-5 2.51522E-5 1.6435E-5 1.79895E-6 2.83756E-5 3.41274E-5 3.77312E-5 3.95867E-5 2.55424E-5 6.64897E-6 5.81967E-5 6.63991E-5 7.82959E-5 2.32307E-5 1.17524E-5 3.91188E-5 1.50994E-5 1.80057E-5 7.51087E-6 1.03313E-5 4.93895E-6 3.71091E-5 9.32758E-6 3.62039E-7 3.06063E-6 4.19534E-5 4.75845E-5 5.54424E-5 6.59175E-5 9.3844E-5 7.15062E-5 5.58967E-5 6.50808E-5 7.55796E-5 6.86171E-5 7.23948E-5 7.97755E-5 6.78058E-5 7.68227E-5 8.79107E-5 7.70858E-5 8.00981E-5 9.35906E-5 7.35701E-5 5.37989E-5 4.61781E-5 5.18643E-5 4.40217E-5 3.77673E-5 2.90774E-5 3.72589E-5 5.01367E-5 6.77175E-5 7.90679E-5 7.0616E-5 7.57156E-5
1.40705E-6 7.72496E-6 6.71868E-8 5.03982E-7 1.71488E-5 5.43953E-5 4.22784E-5 5.61445E-6 8.78655E-6 3.91153E-6 3.5019E-6 2.7902E-5 3.53362E-5 4.61552E-5 4.4167E-5 1.57288E-5 2.75267E-5 3.05695E-5 5.01319E-5 2.67763E-5 4.05588E-6 5.87967E-5 5.21958E-5 4.07808E-5 2.32127E-5 3.19249E-5 2.93792E-5 7.47556E-6 2.85796E-5 7.40751E-6 8.80661E-6 9.54793E-7 6.0446E-7 2.88338E-6 1.01543E-5 2.23577E-5 1.96726E-5 1.0969E-5 1.40485E-5 2.52377E-5 3.5008E-5 3.50682E-5 2.77189E-5 1.34684E-5 6.64639E-5 7.68039E-5 8.38313E-5 7.32867E-5 8.11104E-5 6.81232E-5 6.98211E-5 6.32892E-5 7.66314E-5 6.49066E-5 4.94236E-5 4.79583E-5 6.01204E-5 5.36725E-5 4.27782E-5 3.31383E-5 4.02741E-5 5.48184E-5 6.92403E-5 8.24958E-5 7.1274E-5 4.95546E-5
2.90577E-6 1.60447E-5 4.57496E-6 1.7434E-7 7.77566E-6 2.53779E-5 8.53899E-6 5.13125E-5 2.62011E-5 3.90618E-5 2.41455E-5 2.54206E-5 2.72827E-5 1.82014E-5 2.80812E-5 1.26705E-5 2.12737E-5 1.54602E-5 1.19786E-5 3.44207E-5 4.92443E-5 6.75612E-6 2.05044E-5 1.71886E-5 1.83504E-5 2.84604E-5 2.77798E-6 1.45355E-5 3.49336E-6 9.10011E-7 2.79347E-6 9.89577E-7 2.68639E-7 2.49548E-5 2.15835E-5 2.16101E-5 1.7778E-6 4.24315E-6 9.94964E-6 2.40964E-7 4.02882E-8 7.52879E-8 1.04839E-7 6.98008E-7 3.5258E-7 8.14007E-7 1.41697E-7 1.19823E-6 1.34251E-6 5.58951E-5 5.78702E-5 4.21619E-5 7.93427E-5 6.2388E-5 5.4389E-5 7.30387E-5 6.47817E-5 6.88032E-5 4.98749E-5 3.6872E-5 3.68166E-5 4.40288E-5 5.39405E-5 7.56944E-5 8.58691E-5 4.61407E-5
3.62331E-6 2.726E-6 6.85835E-6 3.72543E-6 7.15374E-7 5.94209E-6 1.09444E-5 1.05646E-5 3.73778E-5 2.86447E-5 1.54583E-5 4.66573E-5 7.09844E-6 1.98777E-5 5.05695E-6 2.76602E-6 2.95975E-6 2.15009E-5 5.24676E-5 2.03903E-5 2.11993E-5 2.67065E-5 1.6355E-5 2.06471E-6 2.45505E-6 3.99928E-6 6.1707E-6 5.63067E-6 2.89876E-5 8.73493E-6 2.63536E-5 2.2873E-5 4.18404E-5 5.02073E-5 7.10477E-5 4.99681E-5 3.64696E-5 1.02008E-5 3.09114E-5 1.33947E-5 5.70179E-7 5.29767E-7 3.08487E-6 5.46177E-6 6.93063E-7 2.3543E-6 3.59074E-6 1.10827E-7 2.05122E-7 1.38814E-5 4.75678E-5 4.02644E-5 1.80858E-5 4.01636E-5 4.78639E-5 5.57952E-5 8.11469E-5 6.83283E-5 4.99067E-5 3.68721E-5 4.45783E-5 5.77915E-5 7.13048E-5 7.42755E-5 6.36383E-5 8.14796E-5
1.17155E-5 9.4788E-6 1.09593E-5 2.66878E-6 1.29691E-6 1.38199E-5 5.12199E-5 4.22652E-6 2.54641E-5 4.05183E-6 2.26599E-5 8.98638E-6 7.77161E-7 7.50883E-6 3.08415E-5 5.89025E-7 2.09067E-6 8.87483E-6 2.43824E-5 2.63212E-5 2.20926E-5 1.75649E-5 1.05191E-5 3.24983E-6 3.93553E-6 2.15136E-5 1.30301E-5 2.22397E-5 1.34316E-5 1.32529E-5 4.77186E-5 1.16035E-5 1.65059E-5 4.71575E-6 1.56862E-6 2.35677E-6 1.21569E-5 2.47227E-5 2.05586E-5 3.42247E-6 6.40959E-6 1.9363E-6 1.53098E-7 2.60992E-7 2.58674E-7 1.88909E-6 3.14166E-5 7.87509E-6 4.15939E-5 1.91263E-5 3.73756E-5 1.68992E-5 3.28571E-5 4.37696E-5 3.9532E-5 4.38255E-5 4.01538E-5 5.76609E-5 1.83181E-5 3.58993E-5 4.28694E-5 2.94346E-5 9.4863E-5 7.53942E-5 5.86554E-5 6.19345E-5
7.54573E-6 4.49903E-5 3.60071E-5 8.75814E-7 2.30187E-6 3.78239E-5 3.79122E-5 3.2843E-6 1.77909E-5 3.23161E-7 1.18747E-6 1.84262E-6 8.89508E-7 1.90368E-7 7.14448E-6 1.40715E-5 2.69964E-7 1.74302E-5 1.92211E-5 1.5043E-5 1.75183E-6 5.22395E-6 1.13034E-5 2.27073E-6 1.95665E-6 1.07704E-6 5.63844E-6 1.81893E-5 6.36552E-6 4.13207E-6 7.89707E-6 1.1643E-5 2.40382E-6 7.26752E-6 1.42863E-7 1.85701E-6 1.83378E-6 8.68679E-7 4.56166E-7 2.85959E-7 3.77821E-6 5.81104E-6 1.13112E-7 3.47965E-7 5.32755E-6 4.03705E-6 1.20483E-5 2.8582E-5 6.20344E-5 3.96148E-5 4.17919E-5 4.22114E-5 2.3014E-5 1.24309E-5 2.7404E-5 3.83347E-5 3.53818E-5 2.3629E-5 3.07053E-5 1.44937E-5 2.69887E-5 6.34365E-5 6.0251E-5 6.68444E-5 7.62411E-5 7.02757E-5
3.00286E-5 3.34373E-5 4.27721E-5 5.73528E-6 1.59482E-6 4.0007E-6 3.55306E-7 6.58531E-7 7.03621E-6 3.63119E-6 5.07664E-6 2.44595E-7 1.7703E-6 8.89384E-8 1.83875E-6 4.24354E-6 1.36394E-5 1.54423E-5 7.05153E-6 2.2716E-6 6.20344E-6 2.16695E-7 3.87315E-7 3.1213E-6 2.85923E-5 3.95555E-5 3.36897E-5 3.14848E-5 6.89313E-5 5.01638E-5 4.33072E-5 5.74493E-5 2.25781E-5 5.36614E-7 1.56101E-6 2.13174E-6 2.2706E-5 6.40782E-5 1.04934E-6 3.15031E-8 8.73091E-8 9.89784E-7 4.03549E-8 3.52372E-8 5.82988E-6 2.653E-7 1.69085E-6 3.95174E-6 6.50359E-5 7.67146E-5 8.69602E-5 6.11489E-5 4.48009E-5 9.83134E-6 3.67266E-6 3.6856E-6 2.23258E-5 1.54185E-5 1.52966E-5 1.59988E-5 8.31667E-6 3.80211E-5 4.67473E-5 6.8689E-5 8.49684E-5 8.33654E-5
1.93593E-7 1.41753E-7 1.47491E-5 3.64216E-5 1.73877E-6 6.26804E-7 3.12067E-7 4.14551E-7 2.07039E-6 1.89202E-6 3.61455E-6 2.08314E-6 2.60573E-6 5.55719E-6 6.11082E-6 1.43679E-5 2.26362E-5 1.01476E-5 1.11322E-7 1.00657E-7 2.2354E-7 1.79267E-6 1.54534E-5 6.32727E-5 8.18857E-6 1.91653E-5 1.44406E-5 3.28586E-5 2.72851E-5 2.46137E-5 1.67049E-5 1.02453E-5 3.17038E-5 7.35147E-6 1.00982E-5 1.08465E-6 1.29743E-6 4.57323E-8 2.33982E-8 1.1013E-7 4.53172E-8 3.18124E-7 4.31127E-9 1.63359E-8 3.44245E-8 1.10286E-7 2.13204E-6 6.18979E-7 1.53866E-6 6.66981E-7 2.47346E-5 5.13562E-5 3.44618E-5 8.88366E-6 1.85388E-5 4.55122E-6 2.46753E-5 3.68291E-5 3.82928E-5 3.14939E-5 3.28893E-5 7.52489E-5 8.49171E-5 6.76497E-5 6.58534E-5 6.60708E-5
3.39103E-9 1.08817E-8 3.0322E-8 2.48474E-7 5.96265E-7 1.28354E-6 1.39256E-7 2.67413E-7 1.27745E-6 2.73462E-5 2.54579E-5 2.7824E-5 1.38332E-5 1.25301E-5 1.15741E-5 5.29049E-6 2.7265E-6 1.85825E-6 2.21723E-8 3.08662E-6 1.8447E-6 7.15064E-7 1.03663E-6 4.63842E-7 9.43585E-6 1.67867E-5 5.58526E-5 3.23098E-5 2.49463E-5 1.67341E-5 8.62158E-5 2.96071E-5 7.53202E-5 1.09563E-5 1.17595E-6 3.46146E-7 5.91521E-8 6.32762E-8 8.15298E-7 2.28792E-6 6.06172E-6 2.31993E-6 4.22849E-7 5.48315E-6 7.75186E-7 1.0869E-5 2.68998E-6 9.20558E-6 5.29927E-6 3.05312E-6 4.11624E-5 3.49691E-5 2.87756E-5 2.60909E-5 2.91257E-5 1.15127E-5 2.8323E-5 2.93285E-5 4.97253E-5 6.12549E-5 6.12483E-5 7.80011E-5 8.13796E-5 6.68693E-5 5.28996E-5 6.14711E-5
2.98534E-8 1.54849E-9 2.03977E-8 4.19339E-6 6.93713E-6 1.44046E-6 9.39551E-7 1.39334E-6 1.08188E-6 1.34954E-5 7.17474E-6 2.72297E-5 7.44343E-6 5.94284E-6 1.21309E-6 9.67054E-8 2.83876E-6 8.00595E-7 1.50455E-6 1.21606E-7 4.10566E-8 1.60743E-6 9.51775E-6 4.28829E-5 8.55172E-6 2.53837E-6 3.07665E-5 1.51638E-5 1.26878E-5 1.86632E-5 6.05691E-5 1.05111E-5 5.36957E-6 1.10978E-7 2.52977E-6 7.52307E-7 6.07735E-6 7.7188E-6 4.75948E-6 2.27116E-6 1.88144E-7 8.91113E-7 1.54042E-5 9.92987E-6 5.02545E-6 5.91085E-6 1.09252E-5 1.16891E-5 5.04375E-6 5.34863E-6 8.83502E-6 1.41094E-5 2.60712E-5 1.47233E-5 1.21127E-6 1.01404E-5 9.56763E-6 1.47322E-5 5.06608E-5 6.44386E-5 6.91275E-5 4.35868E-5 5.65126E-5 4.59725E-5 3.57379E-5 3.74704E-5
7.69899E-7 1.04692E-7 8.42975E-7 1.11799E-6 6.75444E-7 5.61406E-5 7.01744E-7 5.69327E-6 1.58946E-5 3.94591E-5 6.87588E-6 9.0879E-6 1.24164E-6 4.50161E-8 6.85966E-8 2.59887E-6 7.24801E-6 3.89517E-6 8.44014E-7 5.90388E-7 1.18356E-6 2.99292E-5 2.3681E-5 5.54537E-5 4.06619E-5 4.3014E-6 6.1216E-6 4.72284E-6 1.81266E-5 6.52021E-6 1.25164E-5 1.05854E-5 5.39055E-6 9.45343E-6 1.44224E-6 1.14298E-6 1.35892E-5 4.51666E-5 1.83012E-6 9.32424E-6 1.91792E-6 2.02631E-6 6.98394E-6 5.9075E-6 2.77574E-6 2.34084E-9 4.81974E-8 3.63598E-6 7.06107E-7 2.03171E-5 1.14184E-5 4.71629E-5 1.88097E-6 5.10066E-8 1.45788E-6 1.28851E-5 2.43361E-5 9.71988E-6 4.66725E-5 3.81381E-5 5.7417E-5 5.6064E-5 1.39325E-5 1.48052E-5 1.70599E-5 1.53911E-5
6.79765E-6 6.27719E-6 4.08567E-6 8.85077E-6 8.31929E-6 6.50976E-6 2.88451E-6 1.04709E-6 2.53351E-6 1.32751E-5 2.43589E-5 2.76175E-7 5.18897E-7 4.55406E-6 5.08207E-7 7.84433E-7 3.87371E-6 3.73659E-6 2.33289E-6 4.25952E-6 7.99835E-7 5.7249E-6 1.97092E-5 6.00439E-5 2.63259E-5 2.50259E-5 2.09515E-6 2.51602E-6 4.21702E-6 1.63223E-5 7.19148E-6 8.66191E-6 4.27726E-6 1.28712E-6 2.99877E-5 2.30377E-5 2.70644E-5 2.05196E-5 4.90396E-6 2.38222E-6 6.86081E-6 5.0637E-6 2.70595E-5 3.02175E-5 1.66063E-6 5.00391E-6 3.41143E-6 1.13871E-7 7.4425E-6 6.13122E-5 3.3891E-5 3.60221E-5 3.37315E-5 1.44327E-5 9.86762E-6 2.41124E-5 2.63498E-5 4.3126E-5 4.82681E-5 5.19823E-5 3.76035E-5 4.16983E-5 9.48812E-6 3.66567E-6 9.44442E-6 2.41985E-5
2.43658E-7 4.43656E-6 2.71474E-5 9.61561E-6 2.84266E-6 7.49758E-8 7.38498E-7 6.16498E-7 3.53488E-6 2.43063E-6 6.01425E-7 2.22087E-5 1.04535E-5 1.45568E-7 1.55799E-7 3.07833E-7 1.95645E-6 7.60098E-6 4.09019E-7 1.75125E-6 6.75914E-6 1.24731E-5 2.82805E-5 2.37698E-5 1.34535E-5 1.4597E-6 1.19593E-6 1.91777E-6 4.85689E-7 3.67061E-6 1.30328E-6 4.64136E-6 3.43837E-6 2.33463E-5 1.66615E-6 3.7081E-6 9.47344E-6 1.83424E-6 1.3502E-5 5.71023E-6 1.9452E-6 4.89897E-7 1.51343E-6 2.62079E-6 9.84738E-7 7.85363E-6 4.00058E-5 4.40004E-5 3.89173E-5 3.96605E-5 7.31219E-5 7.77645E-5 3.22939E-5 3.40966E-5 1.56122E-5 3.74444E-5 1.9158E-5 5.35055E-5 8.82299E-5 7.71463E-5 3.58371E-5 3.42499E-5 4.81887E-5 4.0835E-5 2.17096E-5 1.58274E-5
