catData/rasterBestHybridModels/Pbengalensis/RD_BM01_RM1_L/Pbengalensis_median.asc
ncols         409
nrows         350
xllcorner     60.897278365
yllcorner     5.843756025
cellsize      0.0892857
NODATA_value  -9999
[rows 87 to 115 of 350, columns 66 to 131 of 409]
6.82696E-5 5.42977E-5 3.49149E-5 1.77136E-5 2.60387E-5 4.58441E-5 3.69993E-5 2.49509E-5 2.38908E-5 2.37023E-5 2.15692E-5 1.9321E-5 1.82889E-5 1.65559E-5 1.43799E-5 1.16979E-5 9.94746E-6 9.21924E-6 8.8291E-6 9.02881E-6 1.40452E-5 2.11725E-5 2.48237E-5 2.69271E-5 3.54266E-5 4.24262E-5 4.50538E-5 4.13703E-5 3.21401E-5 2.4807E-5 1.78954E-5 1.35913E-5 1.1035E-5 1.2347E-5 1.36726E-5 1.60322E-5 1.81814E-5 2.30158E-5 2.85327E-5 3.01986E-5 3.72237E-5 3.2039E-5 2.76061E-5 4.06969E-5 4.94128E-5 5.46112E-5 6.18621E-5 5.04924E-5 4.42784E-5 5.35535E-5 5.49476E-5 4.76601E-5 3.93117E-5 4.85404E-5 5.4888E-5 5.02247E-5 3.86757E-5 3.43346E-5 2.18856E-5 2.08629E-5 2.27124E-5 2.3108E-5 2.06546E-5 1.8872E-5 2.44099E-5 3.32236E-5
1.07927E-4 1.14264E-4 8.23917E-5 3.98916E-5 2.72283E-5 3.6343E-5 2.1994E-5 1.68102E-5 1.81125E-5 2.14885E-5 2.48972E-5 2.9819E-5 2.54526E-5 2.09886E-5 1.73297E-5 1.32423E-5 9.95202E-6 9.33078E-6 9.97686E-6 1.17111E-5 1.42775E-5 1.91613E-5 2.6488E-5 3.63751E-5 4.81195E-5 6.03781E-5 6.13928E-5 5.58471E-5 4.81672E-5 3.18547E-5 2.10928E-5 1.72944E-5 1.35758E-5 1.25805E-5 1.37425E-5 1.6589E-5 2.13413E-5 2.94838E-5 4.1957E-5 5.16808E-5 4.95351E-5 4.30054E-5 3.35328E-5 2.8769E-5 3.47275E-5 4.20754E-5 4.14469E-5 4.06024E-5 5.67865E-5 7.19567E-5 7.04207E-5 5.55074E-5 4.13597E-5 4.81734E-5 5.94231E-5 6.70904E-5 5.27076E-5 4.02331E-5 2.79846E-5 1.98152E-5 1.53915E-5 1.63502E-5 1.60113E-5 1.86817E-5 2.63773E-5 3.59591E-5
1.7346E-4 1.25281E-4 8.1638E-5 4.71415E-5 2.74674E-5 2.29323E-5 1.58369E-5 1.62127E-5 1.8837E-5 2.41855E-5 3.27469E-5 3.95772E-5 3.40987E-5 2.57444E-5 1.95636E-5 1.51136E-5 1.09864E-5 8.82284E-6 7.32585E-6 7.54465E-6 1.02262E-5 1.38755E-5 2.08327E-5 3.05191E-5 4.63802E-5 6.93707E-5 8.76099E-5 6.9381E-5 5.14892E-5 3.73965E-5 2.65024E-5 2.00349E-5 1.65049E-5 1.43322E-5 1.39599E-5 1.68692E-5 2.36548E-5 3.17278E-5 5.01737E-5 7.34812E-5 6.42572E-5 4.8677E-5 3.51738E-5 2.68604E-5 2.64451E-5 2.82999E-5 2.96773E-5 4.05582E-5 4.98288E-5 6.38792E-5 7.0441E-5 5.4773E-5 4.05626E-5 4.68574E-5 6.17014E-5 7.65088E-5 5.60447E-5 4.01676E-5 2.88296E-5 2.04719E-5 1.61343E-5 1.30438E-5 1.4604E-5 1.79975E-5 2.47617E-5 3.36319E-5
1.96932E-4 1.02468E-4 4.91751E-5 2.71703E-5 2.59057E-5 2.12495E-5 1.55598E-5 1.43035E-5 1.81223E-5 2.46527E-5 3.45071E-5 4.46805E-5 3.62372E-5 2.64353E-5 1.96344E-5 1.52549E-5 1.10744E-5 8.33951E-6 8.05468E-6 8.84672E-6 1.21101E-5 1.83555E-5 2.36286E-5 3.02994E-5 4.44367E-5 6.06788E-5 7.6264E-5 5.87811E-5 4.65257E-5 3.21738E-5 2.2498E-5 1.81209E-5 1.88296E-5 1.7763E-5 1.72614E-5 1.61064E-5 2.35658E-5 3.02577E-5 4.23213E-5 5.57788E-5 5.82055E-5 4.69224E-5 3.96118E-5 3.45779E-5 2.82754E-5 2.25978E-5 2.64123E-5 3.00173E-5 3.90828E-5 4.42834E-5 4.60772E-5 4.35343E-5 3.3684E-5 3.96394E-5 4.85738E-5 5.13875E-5 3.88077E-5 3.08348E-5 2.56423E-5 1.81667E-5 1.36777E-5 1.14449E-5 1.28662E-5 1.66619E-5 2.23396E-5 2.77298E-5
1.66444E-4 8.80654E-5 3.68428E-5 2.13063E-5 2.87513E-5 2.41816E-5 1.97676E-5 1.52312E-5 1.66584E-5 2.27805E-5 2.73777E-5 3.30765E-5 3.0339E-5 2.27352E-5 1.88209E-5 1.38585E-5 1.18693E-5 1.07302E-5 1.07243E-5 1.2782E-5 1.60437E-5 2.14832E-5 2.97679E-5 3.68769E-5 4.46161E-5 5.38923E-5 5.43294E-5 4.39923E-5 3.60425E-5 2.73011E-5 2.01469E-5 1.62586E-5 1.86897E-5 2.04787E-5 2.18537E-5 2.32736E-5 2.38261E-5 2.66271E-5 3.61634E-5 4.1922E-5 5.1848E-5 6.70104E-5 5.56215E-5 4.59263E-5 3.49309E-5 2.603E-5 2.22436E-5 2.70337E-5 2.70711E-5 2.93265E-5 2.95087E-5 2.80653E-5 2.30348E-5 2.55881E-5 2.94754E-5 3.01235E-5 2.83127E-5 2.5771E-5 2.1403E-5 1.6097E-5 1.20799E-5 9.5295E-6 1.05354E-5 1.32345E-5 1.72156E-5 2.07021E-5
1.23421E-4 9.44769E-5 4.01544E-5 2.91893E-5 2.97062E-5 2.63085E-5 2.31354E-5 2.01028E-5 2.03808E-5 1.71106E-5 1.96884E-5 2.14155E-5 2.19995E-5 1.80722E-5 1.50246E-5 1.6107E-5 1.63076E-5 1.50784E-5 1.49045E-5 1.70863E-5 1.91284E-5 1.92215E-5 1.88155E-5 2.28764E-5 2.49443E-5 2.78482E-5 3.2674E-5 2.83699E-5 2.53732E-5 2.17171E-5 1.75061E-5 1.84373E-5 2.15188E-5 2.58966E-5 3.19636E-5 3.64897E-5 3.54764E-5 3.27673E-5 3.45399E-5 4.50635E-5 6.04251E-5 8.10741E-5 7.32757E-5 5.43629E-5 3.96515E-5 3.16421E-5 2.44065E-5 1.81605E-5 1.86086E-5 1.90923E-5 1.93466E-5 1.74819E-5 1.48941E-5 1.73133E-5 2.07263E-5 2.22936E-5 2.1468E-5 1.96719E-5 1.74481E-5 1.36363E-5 1.086E-5 8.20529E-6 8.17401E-6 1.03347E-5 1.36852E-5 1.61086E-5
1.0104E-4 7.88805E-5 3.89926E-5 3.72701E-5 4.3842E-5 3.37323E-5 2.66511E-5 2.75834E-5 2.6247E-5 2.21197E-5 1.7938E-5 1.56588E-5 1.52419E-5 1.66732E-5 1.93697E-5 2.1942E-5 2.3922E-5 2.01875E-5 1.93984E-5 2.19831E-5 2.37628E-5 2.23856E-5 1.76878E-5 1.39522E-5 1.56258E-5 1.77958E-5 1.91444E-5 1.8363E-5 1.7855E-5 1.82738E-5 2.17737E-5 2.1123E-5 2.4316E-5 2.95283E-5 4.11603E-5 5.58961E-5 5.10219E-5 4.38645E-5 3.2909E-5 4.22038E-5 5.66219E-5 7.00378E-5 6.67853E-5 6.59599E-5 5.1724E-5 3.86412E-5 2.92666E-5 1.48819E-5 1.39937E-5 1.40399E-5 1.31629E-5 1.19807E-5 1.13174E-5 1.31065E-5 1.46892E-5 1.61545E-5 1.5891E-5 1.47753E-5 1.35544E-5 1.12137E-5 8.96143E-6 7.21459E-6 7.05986E-6 8.3254E-6 9.86583E-6 1.12521E-5
7.35132E-5 5.07781E-5 3.51083E-5 4.01541E-5 4.09036E-5 3.13607E-5 3.14649E-5 3.8266E-5 3.52789E-5 2.69207E-5 2.14971E-5 1.6002E-5 1.54686E-5 1.96941E-5 2.55705E-5 3.14047E-5 3.52679E-5 2.93828E-5 2.9001E-5 3.37525E-5 3.19784E-5 2.74268E-5 2.00389E-5 1.44371E-5 1.1935E-5 1.23419E-5 1.3017E-5 1.27281E-5 1.68627E-5 2.26109E-5 2.81564E-5 3.04976E-5 2.72968E-5 3.52603E-5 4.76445E-5 6.44872E-5 6.86673E-5 5.07013E-5 3.54164E-5 4.79337E-5 5.81032E-5 6.07925E-5 7.13729E-5 8.29496E-5 5.5584E-5 3.96401E-5 2.99145E-5 2.18476E-5 1.43773E-5 1.00323E-5 9.25026E-6 8.72706E-6 8.13164E-6 9.14523E-6 1.04395E-5 1.10119E-5 1.1379E-5 1.12482E-5 1.0487E-5 8.9065E-6 7.45166E-6 6.23993E-6 5.7545E-6 6.80149E-6 7.74E-6 8.18127E-6
3.56489E-5 3.37646E-5 3.29203E-5 3.75441E-5 3.52329E-5 2.84983E-5 3.10818E-5 3.89976E-5 3.77392E-5 2.71135E-5 2.02297E-5 1.62078E-5 1.73886E-5 2.2574E-5 3.18165E-5 4.4045E-5 4.89122E-5 3.90581E-5 4.29607E-5 5.64934E-5 3.70675E-5 3.14397E-5 2.27921E-5 1.60459E-5 1.73426E-5 1.76022E-5 1.65122E-5 1.5842E-5 2.00071E-5 2.63641E-5 3.53497E-5 3.81664E-5 3.44285E-5 3.20988E-5 4.79619E-5 5.7124E-5 5.65433E-5 4.47616E-5 4.02644E-5 5.5132E-5 7.37361E-5 8.33804E-5 5.88655E-5 6.02792E-5 4.42564E-5 3.35078E-5 2.52204E-5 1.79041E-5 1.32268E-5 9.34501E-6 6.75415E-6 6.78125E-6 6.49356E-6 6.77108E-6 7.24632E-6 7.84846E-6 8.16595E-6 8.22411E-6 7.55148E-6 6.57694E-6 5.75411E-6 5.06309E-6 4.44778E-6 5.07258E-6 5.76537E-6 6.27681E-6
1.96955E-5 2.44884E-5 2.86187E-5 3.02182E-5 3.06134E-5 2.50386E-5 2.52587E-5 2.79269E-5 2.73464E-5 2.25726E-5 1.85645E-5 1.50499E-5 1.84159E-5 2.48795E-5 3.44768E-5 4.54219E-5 4.63305E-5 3.89473E-5 3.33342E-5 5.93199E-5 5.18194E-5 3.63001E-5 2.7181E-5 2.59543E-5 2.94632E-5 3.08626E-5 2.74554E-5 2.54807E-5 2.66605E-5 3.35863E-5 5.35573E-5 5.75482E-5 4.84939E-5 4.26464E-5 3.80663E-5 3.99977E-5 4.55153E-5 4.64091E-5 4.12821E-5 4.54001E-5 5.85572E-5 5.95311E-5 4.91402E-5 3.73641E-5 2.8439E-5 2.34321E-5 1.80359E-5 1.41707E-5 1.10736E-5 8.55481E-6 6.34484E-6 4.91888E-6 4.8622E-6 5.29931E-6 5.29885E-6 5.74267E-6 5.80211E-6 5.82277E-6 5.44112E-6 4.94868E-6 4.25781E-6 3.73007E-6 3.25419E-6 3.56134E-6 4.06394E-6 4.47924E-6
1.91467E-5 2.03382E-5 2.25993E-5 2.41366E-5 2.05512E-5 2.07859E-5 2.14801E-5 1.92505E-5 2.01821E-5 1.78298E-5 1.60185E-5 1.79572E-5 2.37777E-5 2.82967E-5 2.94116E-5 3.45944E-5 4.56606E-5 5.6418E-5 4.19631E-5 3.80714E-5 3.48862E-5 3.60691E-5 4.14212E-5 4.35192E-5 5.11613E-5 4.98831E-5 4.63973E-5 4.20384E-5 3.77154E-5 4.3501E-5 5.6306E-5 6.30969E-5 6.00893E-5 4.3992E-5 3.40351E-5 4.74459E-5 5.53352E-5 5.59785E-5 4.95623E-5 3.8705E-5 4.22412E-5 3.73986E-5 3.1638E-5 2.36621E-5 1.96236E-5 1.67317E-5 1.36572E-5 1.10949E-5 9.01565E-6 7.29868E-6 5.59225E-6 4.41727E-6 3.47031E-6 3.92234E-6 3.91858E-6 3.94507E-6 4.22454E-6 4.38327E-6 4.17459E-6 3.61011E-6 3.11516E-6 2.66528E-6 2.4141E-6 3.12671E-6 4.37917E-6 5.06652E-6
2.54355E-5 1.7971E-5 1.8818E-5 2.10229E-5 1.75977E-5 1.9364E-5 1.46714E-5 1.41348E-5 1.47821E-5 1.32314E-5 1.64951E-5 2.3092E-5 3.03442E-5 3.71409E-5 3.55823E-5 3.26886E-5 3.89472E-5 4.49363E-5 1.43974E-4 4.76904E-5 3.19068E-5 4.85597E-5 5.57772E-5 5.26507E-5 6.53036E-5 5.57831E-5 5.72894E-5 5.55406E-5 4.38222E-5 3.65819E-5 4.61182E-5 5.24262E-5 4.68246E-5 5.19446E-5 4.36884E-5 5.11386E-5 5.69489E-5 1.7769E-4 5.74857E-5 4.38017E-5 2.86186E-5 2.32777E-5 2.03738E-5 1.75614E-5 1.411E-5 1.21623E-5 1.12609E-5 9.77319E-6 8.07603E-6 6.5229E-6 5.13762E-6 3.85968E-6 3.11382E-6 2.79087E-6 3.10253E-6 2.9494E-6 3.04988E-6 2.99068E-6 2.92272E-6 2.69603E-6 2.4838E-6 2.25593E-6 2.95412E-6 3.79539E-6 4.89914E-6 5.93444E-6
2.62239E-5 1.6661E-5 1.4205E-5 1.46186E-5 1.35221E-5 1.70842E-5 1.12003E-5 1.03405E-5 1.14649E-5 1.49508E-5 1.91193E-5 2.50772E-5 3.56913E-5 4.66994E-5 4.94883E-5 3.92039E-5 2.81025E-5 4.03169E-5 4.64639E-5 4.25201E-5 3.58513E-5 4.81714E-5 5.413E-5 4.49865E-5 5.40259E-5 6.0627E-5 6.63599E-5 5.87265E-5 3.76202E-5 3.79674E-5 3.69881E-5 4.77146E-5 6.9563E-5 6.88069E-5 4.61712E-5 3.50318E-5 4.2942E-5 5.17804E-5 4.78329E-5 3.77464E-5 2.37552E-5 1.53022E-5 1.35362E-5 1.25971E-5 1.10827E-5 9.36142E-6 8.38532E-6 7.28926E-6 6.47358E-6 5.68238E-6 4.36009E-6 3.32534E-6 2.87051E-6 2.16329E-6 2.15546E-6 2.17296E-6 2.136E-6 2.08842E-6 2.01981E-6 1.87908E-6 1.74464E-6 2.31633E-6 3.00863E-6 4.01385E-6 5.18998E-6 6.80175E-6
1.97761E-5 2.2174E-5 1.90096E-5 1.12751E-5 1.19377E-5 1.13246E-5 9.36448E-6 1.03776E-5 1.34674E-5 1.80498E-5 2.28375E-5 3.39932E-5 4.10907E-5 5.3366E-5 4.96373E-5 4.00067E-5 3.12232E-5 3.27957E-5 3.55686E-5 3.35192E-5 3.52747E-5 3.96632E-5 4.44085E-5 4.0326E-5 5.47919E-5 7.33179E-5 6.74325E-5 4.71967E-5 4.93024E-5 4.57388E-5 5.25238E-5 5.49597E-5 6.53601E-5 6.45111E-5 4.54218E-5 3.09435E-5 3.18748E-5 3.4542E-5 3.44538E-5 2.75801E-5 1.8725E-5 1.33669E-5 9.93321E-6 9.42424E-6 8.70359E-6 7.17706E-6 6.83866E-6 5.6972E-6 5.22319E-6 4.45738E-6 3.64639E-6 2.86488E-6 2.35091E-6 2.00672E-6 1.58138E-6 1.71661E-6 1.72093E-6 1.70254E-6 1.64217E-6 1.7269E-6 1.90881E-6 2.41171E-6 3.48229E-6 4.52757E-6 5.96924E-6 7.60683E-6
3.07332E-5 2.74962E-5 1.8747E-5 1.19484E-5 1.18933E-5 9.9816E-6 1.2294E-5 1.2459E-5 1.49909E-5 2.0929E-5 2.76432E-5 3.89499E-5 5.35402E-5 5.11835E-5 4.32664E-5 3.61381E-5 2.85707E-5 3.31651E-5 3.84912E-5 3.79538E-5 4.56023E-5 4.74443E-5 5.94685E-5 5.79517E-5 4.95249E-5 5.63025E-5 5.12622E-5 6.69736E-5 7.25368E-5 5.57592E-5 7.01109E-5 6.43663E-5 6.62095E-5 5.93335E-5 3.79109E-5 2.58348E-5 2.02405E-5 2.13005E-5 2.25428E-5 1.86204E-5 1.37158E-5 1.05842E-5 9.20387E-6 7.20232E-6 6.75103E-6 5.57542E-6 5.13271E-6 4.43549E-6 3.89405E-6 3.34346E-6 3.04667E-6 2.41676E-6 1.98575E-6 1.70528E-6 1.22538E-6 1.41192E-6 1.74671E-6 2.06075E-6 2.29723E-6 2.42681E-6 2.58051E-6 2.45634E-6 3.53309E-6 4.7327E-6 6.37657E-6 8.09403E-6
4.71579E-5 3.25277E-5 2.51382E-5 1.83724E-5 1.36868E-5 1.0796E-5 1.35997E-5 1.58905E-5 1.65349E-5 2.32184E-5 2.98087E-5 3.84635E-5 4.32666E-5 3.98871E-5 3.43665E-5 3.57517E-5 4.26694E-5 3.53287E-5 2.96867E-5 5.37016E-5 5.94547E-5 5.68717E-5 7.16865E-5 6.13294E-5 4.74232E-5 5.57143E-5 4.9847E-5 6.12596E-5 7.53361E-5 5.41885E-5 5.50726E-5 5.78826E-5 4.92283E-5 4.16288E-5 3.01218E-5 2.12065E-5 1.54915E-5 1.43258E-5 1.3728E-5 1.23318E-5 1.08107E-5 8.78373E-6 7.37575E-6 5.99509E-6 4.89067E-6 4.3251E-6 3.97769E-6 3.59638E-6 3.19282E-6 2.64828E-6 2.4616E-6 1.98094E-6 1.76436E-6 1.40579E-6 1.47844E-6 1.87569E-6 2.3403E-6 2.81263E-6 3.04327E-6 3.16691E-6 3.28714E-6 3.43494E-6 3.56665E-6 4.38645E-6 6.01076E-6 7.85785E-6
5.21115E-5 3.82243E-5 3.22467E-5 2.29347E-5 1.32843E-5 1.15035E-5 1.42238E-5 1.86326E-5 1.79239E-5 2.33401E-5 2.90564E-5 4.10898E-5 5.90313E-5 4.80348E-5 4.70998E-5 4.35092E-5 5.50487E-5 5.18224E-5 4.81002E-5 5.50424E-5 5.24978E-5 7.20282E-5 6.9588E-5 6.67358E-5 5.66266E-5 1.66749E-4 6.31937E-5 5.16814E-5 5.59259E-5 6.97536E-5 5.29194E-5 3.91041E-5 2.96879E-5 2.52036E-5 2.06248E-5 1.69538E-5 1.23892E-5 9.72201E-6 9.37434E-6 8.79826E-6 7.90712E-6 6.98386E-6 5.98882E-6 5.01828E-6 4.10164E-6 3.38167E-6 3.1265E-6 2.8109E-6 2.48573E-6 2.10693E-6 1.87195E-6 1.55851E-6 1.73014E-6 1.9678E-6 1.94026E-6 2.46323E-6 3.02295E-6 3.5351E-6 3.97115E-6 4.35437E-6 4.49528E-6 5.08704E-6 5.13357E-6 4.88469E-6 5.63568E-6 7.31663E-6
5.41194E-5 3.95793E-5 2.68334E-5 2.02993E-5 1.36654E-5 1.21023E-5 1.4701E-5 1.45047E-5 1.55521E-5 2.14203E-5 2.93826E-5 3.89614E-5 4.50987E-5 4.62221E-5 6.65072E-5 4.74044E-5 5.52375E-5 5.31489E-5 6.75103E-5 5.20687E-5 4.80368E-5 7.03756E-5 6.63709E-5 6.35358E-5 5.43962E-5 4.8719E-5 4.81205E-5 3.88946E-5 4.53019E-5 5.20996E-5 4.28143E-5 3.19149E-5 2.16986E-5 1.59891E-5 1.41048E-5 1.26316E-5 1.04924E-5 8.48714E-6 7.5299E-6 6.70509E-6 6.10494E-6 5.83518E-6 4.81146E-6 4.3203E-6 3.38321E-6 2.81776E-6 2.72628E-6 2.87937E-6 2.83909E-6 2.7095E-6 2.49615E-6 2.03003E-6 2.10364E-6 2.45972E-6 2.56215E-6 2.9463E-6 3.82142E-6 4.5482E-6 5.01438E-6 5.59759E-6 6.11386E-6 6.41701E-6 6.73627E-6 6.81998E-6 6.5333E-6 7.35056E-6
4.7209E-5 3.91505E-5 2.92414E-5 1.96593E-5 1.71099E-5 1.48808E-5 1.23555E-5 1.20076E-5 1.43877E-5 1.88765E-5 2.49565E-5 3.12302E-5 4.23482E-5 4.55444E-5 4.63497E-5 4.24451E-5 4.95685E-5 7.46628E-5 5.92667E-5 4.96684E-5 5.22469E-5 6.53542E-5 6.48895E-5 1.68779E-4 5.31224E-5 3.6877E-5 3.16E-5 2.86468E-5 2.84875E-5 3.22184E-5 2.77368E-5 2.39748E-5 1.78493E-5 1.29758E-5 1.00991E-5 9.06441E-6 8.44512E-6 6.99519E-6 5.83565E-6 5.31442E-6 4.63366E-6 4.22188E-6 3.75042E-6 3.56359E-6 3.61344E-6 3.77265E-6 3.82427E-6 3.8357E-6 3.73483E-6 3.6779E-6 3.28923E-6 2.63456E-6 2.76743E-6 3.11047E-6 3.59023E-6 3.7493E-6 4.84413E-6 5.7028E-6 6.76673E-6 8.07196E-6 8.45384E-6 9.57695E-6 9.51723E-6 9.33891E-6 9.05526E-6 8.18694E-6
4.33669E-5 3.60006E-5 2.87447E-5 2.1412E-5 1.87648E-5 1.45523E-5 1.17268E-5 1.51321E-5 1.80267E-5 2.38241E-5 3.26815E-5 3.54812E-5 4.56576E-5 6.42807E-5 4.98277E-5 5.65255E-5 6.3738E-5 4.9598E-5 5.30381E-5 6.84353E-5 8.93725E-5 6.74425E-5 6.69453E-5 4.74796E-5 4.56729E-5 3.22372E-5 1.71426E-5 1.81899E-5 2.03922E-5 2.0953E-5 1.90992E-5 1.60924E-5 1.34416E-5 1.09608E-5 8.63102E-6 6.90955E-6 6.30751E-6 5.90141E-6 4.7159E-6 3.89367E-6 3.49038E-6 3.58484E-6 4.12649E-6 4.62148E-6 4.99293E-6 5.21409E-6 5.36948E-6 5.65692E-6 5.06446E-6 4.60307E-6 4.06324E-6 3.46692E-6 3.89219E-6 4.14689E-6 4.60174E-6 5.36989E-6 5.96575E-6 7.6889E-6 8.89444E-6 1.0842E-5 1.20192E-5 1.26216E-5 1.29871E-5 1.384E-5 1.2179E-5 1.07538E-5
3.2362E-5 2.77836E-5 2.4133E-5 1.86355E-5 1.64191E-5 1.38232E-5 1.23359E-5 1.61917E-5 2.0742E-5 3.82445E-5 4.64711E-5 4.86128E-5 4.05084E-5 4.57823E-5 5.31562E-5 5.28596E-5 6.12007E-5 4.4616E-5 4.33174E-5 5.59179E-5 6.02109E-5 6.38555E-5 6.35921E-5 4.54037E-5 3.52818E-5 2.68415E-5 1.76495E-5 1.26218E-5 1.30653E-5 1.34888E-5 1.27645E-5 1.12725E-5 9.64204E-6 8.75103E-6 7.48786E-6 5.9905E-6 4.90037E-6 4.36589E-6 4.00708E-6 3.29321E-6 4.0227E-6 4.91053E-6 6.44773E-6 6.73381E-6 7.63395E-6 6.59434E-6 6.758E-6 7.91808E-6 7.36302E-6 6.60263E-6 5.37288E-6 4.56451E-6 4.97546E-6 6.14695E-6 6.39165E-6 7.47443E-6 8.2082E-6 1.04452E-5 1.19333E-5 1.38054E-5 1.59446E-5 1.78636E-5 1.80339E-5 1.77305E-5 1.62546E-5 1.39807E-5
2.09412E-5 1.86234E-5 1.67447E-5 1.47452E-5 1.49942E-5 1.23957E-5 1.24664E-5 1.57412E-5 2.08912E-5 3.47287E-5 4.89117E-5 4.98087E-5 5.5961E-5 5.24455E-5 6.06037E-5 5.04839E-5 3.69644E-5 4.8016E-5 5.74165E-5 7.09561E-5 5.638E-5 5.76448E-5 5.22848E-5 3.86432E-5 3.01478E-5 2.07724E-5 1.30873E-5 9.9331E-6 9.15496E-6 9.85863E-6 9.63341E-6 9.0004E-6 8.10796E-6 7.26004E-6 6.50675E-6 5.21515E-6 4.22571E-6 3.41593E-6 3.35235E-6 4.52322E-6 5.50476E-6 7.01716E-6 9.08544E-6 9.93693E-6 1.07469E-5 1.10973E-5 7.58534E-6 9.73404E-6 1.00771E-5 9.06981E-6 7.00823E-6 6.28459E-6 6.61223E-6 7.83604E-6 9.384E-6 1.17511E-5 1.16441E-5 1.25482E-5 1.51309E-5 1.86167E-5 2.21764E-5 2.52552E-5 2.65525E-5 2.6884E-5 2.14629E-5 1.77698E-5
1.53057E-5 1.26712E-5 1.06511E-5 1.11396E-5 1.16178E-5 1.02005E-5 1.09946E-5 1.3764E-5 1.81516E-5 2.51659E-5 3.45131E-5 4.15133E-5 5.11189E-5 5.76653E-5 5.49647E-5 4.79257E-5 4.3898E-5 6.72708E-5 6.77738E-5 6.98836E-5 5.83787E-5 6.08239E-5 4.80955E-5 4.03985E-5 2.86972E-5 2.08713E-5 1.22278E-5 8.65815E-6 6.77236E-6 6.87516E-6 7.15577E-6 6.97604E-6 6.72578E-6 6.09201E-6 5.46802E-6 4.40099E-6 3.46961E-6 3.17662E-6 4.20254E-6 5.95953E-6 7.95214E-6 9.80304E-6 1.30407E-5 1.4364E-5 1.55647E-5 1.63146E-5 1.62215E-5 1.47624E-5 1.27924E-5 1.10826E-5 9.119E-6 7.8594E-6 8.26059E-6 1.06753E-5 1.40253E-5 1.67949E-5 1.74313E-5 1.76787E-5 1.92261E-5 2.65523E-5 3.18462E-5 3.75177E-5 3.98762E-5 3.77923E-5 3.06439E-5 2.49004E-5
1.3643E-5 1.04055E-5 9.17353E-6 1.31274E-5 1.39158E-5 1.1036E-5 1.32898E-5 1.67743E-5 2.10066E-5 2.80247E-5 4.12606E-5 5.49183E-5 5.56148E-5 5.80749E-5 4.28147E-5 3.79031E-5 4.69479E-5 6.48736E-5 7.01672E-5 6.24775E-5 6.52424E-5 4.93403E-5 3.67534E-5 3.01964E-5 2.33174E-5 1.82106E-5 1.158E-5 8.55595E-6 6.38994E-6 5.12354E-6 5.03406E-6 5.14741E-6 4.99398E-6 4.70932E-6 4.31847E-6 3.53922E-6 2.96876E-6 3.69574E-6 5.12921E-6 7.12747E-6 9.60892E-6 1.36321E-5 1.61417E-5 1.90707E-5 2.14984E-5 2.37902E-5 2.26009E-5 2.16325E-5 1.72077E-5 1.44983E-5 1.25927E-5 1.04768E-5 1.15414E-5 1.3787E-5 1.90377E-5 2.19936E-5 2.38072E-5 2.61994E-5 2.34784E-5 3.06383E-5 4.14339E-5 5.43542E-5 5.64969E-5 4.95821E-5 4.09869E-5 3.07868E-5
1.01456E-5 8.84943E-6 8.17191E-6 1.25858E-5 1.5323E-5 1.25543E-5 1.44199E-5 1.91218E-5 2.66781E-5 3.65349E-5 5.13544E-5 5.68065E-5 5.90476E-5 5.76163E-5 4.57604E-5 5.94091E-5 6.08054E-5 5.94638E-5 5.90077E-5 5.26301E-5 6.55228E-5 4.34405E-5 2.98731E-5 2.33269E-5 1.90669E-5 1.4185E-5 9.58158E-6 7.61055E-6 6.0923E-6 4.5807E-6 3.79057E-6 3.70456E-6 3.67557E-6 3.52359E-6 3.31498E-6 2.77992E-6 3.39154E-6 4.24854E-6 6.18617E-6 8.74715E-6 1.13417E-5 1.61301E-5 2.04943E-5 2.43459E-5 2.93425E-5 3.3873E-5 3.26682E-5 2.91248E-5 2.44769E-5 1.97288E-5 1.66921E-5 1.28043E-5 1.45953E-5 1.77723E-5 2.41855E-5 2.93803E-5 3.63781E-5 3.74842E-5 3.3143E-5 3.41839E-5 4.86617E-5 6.33968E-5 8.27284E-5 6.02784E-5 4.39683E-5 3.19695E-5
6.89244E-6 7.43933E-6 8.67708E-6 1.24284E-5 1.52066E-5 1.31877E-5 1.46553E-5 1.81841E-5 2.53786E-5 3.88027E-5 5.37658E-5 6.65312E-5 6.13809E-5 4.58032E-5 5.41349E-5 7.79752E-5 7.47228E-5 5.1267E-5 4.16117E-5 4.35284E-5 4.09784E-5 3.09218E-5 2.48657E-5 2.17133E-5 1.91479E-5 1.23719E-5 8.5521E-6 6.38266E-6 5.27773E-6 4.18174E-6 3.27139E-6 2.72054E-6 2.71251E-6 2.65668E-6 2.5259E-6 2.85149E-6 3.67801E-6 4.70135E-6 6.78628E-6 9.54551E-6 1.23041E-5 1.65101E-5 2.40303E-5 3.23941E-5 3.93048E-5 4.54582E-5 4.74438E-5 4.08356E-5 3.3371E-5 2.5682E-5 1.8487E-5 1.41347E-5 1.66375E-5 2.14879E-5 2.88201E-5 3.90321E-5 5.11678E-5 5.10869E-5 4.53401E-5 3.7514E-5 4.33378E-5 5.55905E-5 6.62789E-5 5.3991E-5 4.24177E-5 3.28625E-5
5.74399E-6 8.12121E-6 9.68901E-6 1.25928E-5 1.50149E-5 1.5296E-5 1.73705E-5 2.10521E-5 2.94454E-5 3.90878E-5 4.31191E-5 5.33899E-5 5.6557E-5 4.95158E-5 7.38393E-5 7.17632E-5 6.5896E-5 6.05675E-5 5.96781E-5 6.15976E-5 3.92865E-5 2.50635E-5 1.95339E-5 1.86587E-5 1.72355E-5 1.06997E-5 7.989E-6 5.81772E-6 4.57534E-6 3.54449E-6 2.94438E-6 2.17695E-6 2.05335E-6 2.04393E-6 2.24699E-6 2.84678E-6 3.83868E-6 4.97519E-6 7.14375E-6 1.01055E-5 1.38718E-5 1.76364E-5 2.66672E-5 3.74441E-5 5.10687E-5 6.5948E-5 6.81309E-5 5.14472E-5 3.92514E-5 2.9249E-5 2.05475E-5 1.56736E-5 1.93578E-5 2.71934E-5 3.68731E-5 4.5444E-5 6.22685E-5 7.45537E-5 6.43529E-5 4.75676E-5 3.50801E-5 4.21848E-5 4.73124E-5 4.28673E-5 3.46036E-5 2.64335E-5
6.42775E-6 8.88668E-6 1.14666E-5 1.47222E-5 1.51958E-5 1.65998E-5 1.90217E-5 2.38188E-5 3.27277E-5 4.5457E-5 5.191E-5 4.43661E-5 3.84079E-5 4.62157E-5 6.54739E-5 7.20155E-5 6.7634E-5 6.8928E-5 6.65394E-5 5.5568E-5 3.8203E-5 2.68446E-5 1.99605E-5 1.79323E-5 1.00674E-5 8.64243E-6 6.82899E-6 5.15041E-6 4.35732E-6 3.23339E-6 2.60435E-6 2.01299E-6 1.73383E-6 1.72251E-6 2.28234E-6 2.85827E-6 3.67614E-6 5.07709E-6 6.95407E-6 9.66431E-6 1.41426E-5 1.80166E-5 2.5431E-5 3.61948E-5 4.90613E-5 6.61819E-5 6.88597E-5 5.21505E-5 4.2977E-5 3.17769E-5 2.33636E-5 1.73582E-5 1.91048E-5 2.81004E-5 3.48059E-5 4.85513E-5 6.24473E-5 7.12832E-5 5.82552E-5 4.54872E-5 3.30952E-5 2.99003E-5 3.31818E-5 3.15426E-5 2.7123E-5 2.26387E-5
7.00227E-6 9.18847E-6 1.06557E-5 1.53538E-5 1.77175E-5 1.81809E-5 2.2717E-5 2.79298E-5 3.51621E-5 3.67196E-5 4.56153E-5 4.91486E-5 4.02244E-5 4.74414E-5 6.13709E-5 6.56561E-5 7.86441E-5 6.64373E-5 4.33079E-5 3.82849E-5 3.15857E-5 2.43444E-5 1.9281E-5 1.78814E-5 7.59342E-6 8.53116E-6 6.31948E-6 4.86119E-6 3.70113E-6 2.92988E-6 2.74853E-6 2.51816E-6 2.39447E-6 2.14546E-6 2.30371E-6 2.84888E-6 3.64241E-6 5.29237E-6 6.88111E-6 9.41065E-6 1.28567E-5 1.7153E-5 2.32097E-5 3.54708E-5 4.68708E-5 5.21517E-5 5.21205E-5 4.43417E-5 3.5582E-5 2.72837E-5 2.24755E-5 1.73052E-5 1.85955E-5 2.52934E-5 3.16118E-5 4.30748E-5 5.16505E-5 5.01926E-5 4.91357E-5 4.08169E-5 3.08468E-5 2.20467E-5 2.23679E-5 2.0936E-5 2.00929E-5 1.76581E-5
