catData/rasterBestHybridModels/Pbengalensis/RD_BM01_RM1_L/Pbengalensis_stddev.asc
ncols         409
nrows         350
xllcorner     60.897278365
yllcorner     5.843756025
cellsize      0.0892857
NODATA_value  -9999
[rows 116 to 144 of 350, columns 198 to 263 of 409]
3.25199E-6 3.80943E-6 4.71998E-6 4.56163E-6 5.71205E-6 6.90813E-6 6.77532E-6 5.6976E-6 4.86999E-6 4.66416E-6 5.2489E-6 3.72566E-6 3.72875E-6 3.68021E-6 3.09258E-6 3.08014E-6 3.61118E-6 3.31331E-6 4.9939E-6 5.2791E-6 4.57721E-6 5.11344E-6 5.28854E-6 4.03961E-6 3.51259E-6 3.09409E-6 3.1799E-6 3.58492E-6 3.99737E-6 3.69111E-6 3.44751E-6 3.48845E-6 3.47416E-6 3.00168E-6 3.09658E-6 3.79549E-6 3.83051E-6 3.7271E-6 3.77873E-6 4.10574E-6 4.30633E-6 4.31677E-6 4.20937E-6 4.47666E-6 4.74099E-6 4.76815E-6 4.56124E-6 4.78645E-6 3.9029E-6 4.56177E-6 4.58103E-6 3.76645E-6 4.7597E-6 6.04594E-6 6.83641E-6 6.27655E-6 6.64333E-6 7.24543E-6 7.57592E-6 7.73498E-6 7.72507E-6 8.01408E-6 8.18768E-6 8.44239E-6 9.05643E-6 7.84197E-6
5.29498E-6 5.3737E-6 6.7575E-6 5.53879E-6 5.55352E-6 6.02698E-6 6.32196E-6 5.02249E-6 4.27568E-6 6.71393E-6 7.67374E-6 4.04342E-6 6.80209E-6 6.81075E-6 4.6375E-6 3.85176E-6 3.12054E-6 3.80004E-6 6.01636E-6 6.82029E-6 4.92981E-6 5.23714E-6 3.85897E-6 3.0364E-6 3.23422E-6 3.14968E-6 3.007E-6 3.67916E-6 6.28711E-6 4.19875E-6 3.38184E-6 3.46203E-6 3.54535E-6 3.09529E-6 2.95569E-6 3.4905E-6 3.56668E-6 3.47942E-6 3.60719E-6 5.09758E-6 4.31384E-6 3.39174E-6 5.04022E-6 4.5959E-6 4.69193E-6 5.11635E-6 4.82694E-6 4.78514E-6 4.84103E-6 4.65302E-6 3.48361E-6 3.2572E-6 4.21915E-6 5.03988E-6 5.15408E-6 5.5455E-6 5.7689E-6 5.93732E-6 4.94338E-6 5.63288E-6 6.16277E-6 6.60307E-6 7.70832E-6 8.37067E-6 8.63662E-6 9.11617E-6
7.66652E-6 5.19676E-6 6.16109E-6 6.52896E-6 5.79867E-6 3.52185E-6 4.54083E-6 3.8091E-6 3.67448E-6 4.80228E-6 6.09591E-6 4.42903E-6 6.71274E-6 6.59396E-6 6.50007E-6 5.77387E-6 4.25006E-6 3.74442E-6 4.72266E-6 6.84239E-6 4.48908E-6 6.1921E-6 4.15654E-6 3.79891E-6 5.04972E-6 4.22891E-6 3.86432E-6 3.92855E-6 4.89386E-6 3.65235E-6 3.30765E-6 3.22254E-6 3.34733E-6 3.40824E-6 3.29337E-6 3.4756E-6 3.27211E-6 3.29439E-6 3.37504E-6 3.79558E-6 3.35064E-6 3.79429E-6 4.41719E-6 4.21405E-6 3.66493E-6 5.27135E-6 4.06378E-6 4.79658E-6 3.77484E-6 4.80877E-6 4.64565E-6 3.93465E-6 3.97289E-6 4.75701E-6 4.97888E-6 3.46782E-6 4.84078E-6 5.07362E-6 5.95093E-6 4.77407E-6 5.26731E-6 6.15606E-6 7.63853E-6 8.16437E-6 6.79028E-6 8.90087E-6
5.73548E-6 5.35916E-6 4.10704E-6 4.28499E-6 5.26736E-6 2.47616E-6 4.26143E-6 4.11588E-6 3.20564E-6 4.229E-6 6.5405E-6 5.70564E-6 5.16813E-6 4.01594E-6 5.447E-6 6.37457E-6 4.57631E-6 3.1364E-6 4.23861E-6 6.65838E-6 5.04016E-6 3.69859E-6 4.14612E-6 5.33161E-6 5.89151E-6 6.29072E-6 5.16551E-6 4.01089E-6 4.93028E-6 4.5659E-6 4.83982E-6 3.48262E-6 3.15526E-6 3.19782E-6 3.27118E-6 4.13834E-6 4.66439E-6 3.35477E-6 3.25684E-6 3.35725E-6 3.39593E-6 3.4535E-6 3.52705E-6 4.07397E-6 5.62776E-6 4.18897E-6 4.50798E-6 4.29218E-6 4.05025E-6 4.21009E-6 4.23921E-6 3.33566E-6 3.90928E-6 3.99485E-6 3.88904E-6 4.11835E-6 5.38712E-6 3.47666E-6 4.48043E-6 5.01924E-6 5.6194E-6 6.38198E-6 7.4422E-6 7.75395E-6 7.68037E-6 8.38955E-6
5.48062E-6 6.51797E-6 3.91763E-6 4.53697E-6 5.12175E-6 4.51445E-6 4.74887E-6 5.8933E-6 4.36481E-6 3.14206E-6 4.5821E-6 5.35561E-6 5.62889E-6 4.67769E-6 4.62769E-6 5.65934E-6 4.48564E-6 3.43994E-6 3.40192E-6 4.01745E-6 3.77312E-6 3.41655E-6 5.19022E-6 6.90817E-6 4.2364E-6 4.15798E-6 3.87657E-6 3.21376E-6 3.26458E-6 4.15318E-6 4.79874E-6 3.48615E-6 3.73823E-6 4.15019E-6 3.35192E-6 4.33141E-6 4.6954E-6 3.37975E-6 3.86799E-6 4.23621E-6 3.33524E-6 3.30248E-6 3.48346E-6 4.21568E-6 3.7264E-6 3.80946E-6 5.14824E-6 4.08787E-6 4.79174E-6 4.61342E-6 4.18024E-6 3.5266E-6 3.66042E-6 5.8092E-6 4.05367E-6 4.63713E-6 4.23603E-6 4.01878E-6 3.21473E-6 4.37819E-6 4.87154E-6 5.8048E-6 7.03841E-6 7.39579E-6 7.32154E-6 7.6907E-6
5.22326E-6 6.96845E-6 4.77759E-6 4.80588E-6 5.19586E-6 3.5451E-6 5.37431E-6 5.86187E-6 4.67019E-6 3.32152E-6 3.05031E-6 3.91686E-6 3.78306E-6 5.91417E-6 6.58706E-6 4.24971E-6 4.2573E-6 5.36935E-6 4.32883E-6 3.28157E-6 2.92933E-6 3.08304E-6 4.52292E-6 5.69083E-6 6.77464E-6 4.47247E-6 3.09623E-6 2.97633E-6 3.57655E-6 5.17986E-6 4.67909E-6 3.29192E-6 4.46152E-6 5.77545E-6 3.67934E-6 3.59349E-6 4.16571E-6 3.61185E-6 4.57142E-6 3.47371E-6 3.9907E-6 3.43278E-6 3.92753E-6 5.16541E-6 4.0524E-6 3.53338E-6 4.09572E-6 3.69272E-6 3.69305E-6 3.69905E-6 4.95098E-6 4.37043E-6 4.36298E-6 4.15104E-6 4.29233E-6 5.01082E-6 4.47342E-6 4.90335E-6 3.35085E-6 4.19316E-6 5.00859E-6 4.32598E-6 7.22978E-6 6.64824E-6 6.803E-6 7.37622E-6
3.04362E-6 3.934E-6 1.69021E-6 2.53083E-6 2.4707E-6 4.52219E-6 1.31021E-6 4.39998E-6 7.85439E-6 5.03974E-6 3.98414E-6 2.89358E-6 5.6397E-6 5.81352E-6 4.96414E-6 3.72748E-6 4.4204E-6 6.99525E-6 5.89453E-6 3.77732E-6 3.08995E-6 3.4915E-6 3.88106E-6 4.34078E-6 5.16893E-6 3.90508E-6 3.69031E-6 4.22478E-6 3.53865E-6 4.48732E-6 4.0819E-6 3.36647E-6 4.12439E-6 3.66601E-6 3.28521E-6 4.85953E-6 5.80404E-6 3.92393E-6 3.48409E-6 3.61466E-6 3.14717E-6 3.9541E-6 6.08586E-6 3.84408E-6 2.94865E-6 3.45045E-6 3.44599E-6 3.75256E-6 3.85872E-6 3.41707E-6 3.49208E-6 4.19739E-6 4.42362E-6 5.48691E-6 3.95587E-6 4.42276E-6 3.94705E-6 4.3019E-6 4.28364E-6 5.13118E-6 5.05761E-6 5.10776E-6 5.07467E-6 3.8013E-6 5.10756E-6 6.0928E-6
1.52215E-6 3.79124E-6 3.06539E-6 5.72986E-7 2.55998E-6 2.43656E-6 2.14837E-6 3.25373E-6 3.15956E-6 3.79234E-6 4.837E-6 3.67703E-6 3.94845E-6 3.6943E-6 5.801E-6 5.34677E-6 5.30206E-6 4.8527E-6 4.54198E-6 3.39665E-6 3.38591E-6 4.8782E-6 6.42069E-6 4.46831E-6 3.82488E-6 3.56725E-6 4.55979E-6 7.60259E-6 4.38099E-6 3.10671E-6 3.17607E-6 4.28276E-6 6.37965E-6 4.58945E-6 3.22326E-6 3.69271E-6 4.59376E-6 5.96883E-6 3.74178E-6 2.82887E-6 3.04302E-6 3.27463E-6 3.60325E-6 3.27256E-6 3.36192E-6 4.8986E-6 4.80217E-6 4.55902E-6 4.96952E-6 4.90255E-6 5.39142E-6 6.28321E-6 5.32113E-6 4.81554E-6 4.10913E-6 4.73486E-6 4.03082E-6 3.45958E-6 3.68734E-6 4.31189E-6 4.4231E-6 5.40203E-6 4.86167E-6 4.70394E-6 4.49603E-6 5.03443E-6
3.68763E-6 4.84821E-6 5.28905E-6 2.60063E-6 3.26403E-6 4.89376E-6 4.46097E-6 3.71033E-6 4.64228E-6 4.42406E-6 3.6187E-6 3.8912E-6 2.86888E-6 6.16628E-6 7.08704E-6 7.1712E-6 5.62271E-6 5.01222E-6 5.30724E-6 2.99052E-6 3.69094E-6 4.60311E-6 5.5086E-6 4.14374E-6 5.17555E-6 5.06031E-6 3.73778E-6 5.06117E-6 4.28781E-6 2.98113E-6 3.15377E-6 4.58076E-6 4.75385E-6 3.58123E-6 4.71234E-6 5.61816E-6 4.23209E-6 4.20133E-6 4.6807E-6 3.61313E-6 4.65392E-6 3.77923E-6 3.05557E-6 2.64744E-6 3.17872E-6 3.83686E-6 3.77991E-6 3.62282E-6 4.65456E-6 3.8352E-6 3.96253E-6 3.75995E-6 3.44706E-6 5.07154E-6 3.94892E-6 4.77767E-6 4.18254E-6 3.29045E-6 3.38448E-6 3.67731E-6 3.41035E-6 4.42357E-6 5.5691E-6 5.2653E-6 4.60761E-6 4.69209E-6
3.1288E-6 3.25509E-6 4.97178E-6 2.23268E-6 2.54547E-6 4.13098E-6 4.13217E-6 3.00827E-6 5.31793E-6 3.41267E-6 3.08986E-6 9.72379E-7 3.13917E-6 3.47471E-6 4.3049E-6 3.87723E-6 3.89882E-6 5.2047E-6 4.79187E-6 2.89932E-6 2.88048E-6 4.62137E-6 5.64145E-6 5.33512E-6 4.7629E-6 5.70044E-6 4.36603E-6 4.11571E-6 4.29218E-6 3.24335E-6 2.86205E-6 3.1284E-6 3.25838E-6 3.49867E-6 4.6691E-6 4.90272E-6 3.93147E-6 5.92186E-6 5.31436E-6 3.97657E-6 5.5366E-6 4.63242E-6 3.08259E-6 2.94511E-6 2.98867E-6 3.18526E-6 3.10953E-6 2.81739E-6 3.19841E-6 3.49355E-6 5.52168E-6 4.69929E-6 3.24949E-6 3.13758E-6 3.55307E-6 4.44567E-6 4.42678E-6 3.27683E-6 4.21965E-6 4.57234E-6 3.13536E-6 3.94515E-6 4.59603E-6 5.43395E-6 4.24122E-6 4.8056E-6
4.39129E-6 5.0989E-6 4.0482E-6 1.06004E-6 5.16777E-6 3.23745E-6 3.06776E-6 3.20966E-6 3.95283E-6 1.9829E-6 2.77806E-6 1.07868E-6 4.55745E-6 4.27847E-6 1.31214E-6 2.97348E-6 3.43507E-6 3.59241E-6 3.29265E-6 2.70269E-6 2.67849E-6 4.22937E-6 5.57171E-6 5.60209E-6 3.78368E-6 3.55213E-6 3.47745E-6 5.1604E-6 5.65308E-6 3.27751E-6 3.14072E-6 3.27478E-6 3.98711E-6 3.89196E-6 3.51155E-6 3.52968E-6 3.30727E-6 3.81856E-6 3.48216E-6 3.12413E-6 3.43498E-6 3.17174E-6 3.42528E-6 3.58524E-6 3.28395E-6 4.56134E-6 4.51559E-6 3.31259E-6 3.06825E-6 3.26217E-6 4.45993E-6 3.76962E-6 3.26244E-6 3.23781E-6 3.00231E-6 3.14416E-6 3.11693E-6 3.17783E-6 3.93944E-6 4.14235E-6 3.35226E-6 3.31369E-6 3.74331E-6 3.71386E-6 4.25093E-6 4.63048E-6
4.99966E-6 1.47531E-6 4.8073E-6 3.47552E-6 4.33077E-6 2.65332E-7 9.73228E-7 4.96172E-6 2.6999E-6 8.15382E-7 4.29437E-6 2.93541E-6 8.61379E-7 4.4512E-6 3.03204E-6 3.49098E-6 5.95306E-6 6.37608E-6 4.67561E-6 2.26015E-6 2.33015E-6 3.75035E-6 5.25669E-6 3.64879E-6 3.16698E-6 3.35194E-6 4.45658E-6 5.22712E-6 4.66558E-6 3.5683E-6 4.96034E-6 4.08083E-6 5.60581E-6 5.05827E-6 3.60897E-6 3.07197E-6 4.76796E-6 5.92308E-6 4.58672E-6 3.05419E-6 2.94043E-6 3.70442E-6 5.16423E-6 4.98673E-6 3.40393E-6 4.54476E-6 5.97519E-6 4.18072E-6 4.25309E-6 3.68037E-6 3.03991E-6 3.37064E-6 4.92504E-6 4.66509E-6 3.27047E-6 3.19914E-6 3.21828E-6 3.86513E-6 3.64343E-6 3.10015E-6 3.22007E-6 3.14439E-6 3.16237E-6 3.14401E-6 3.3166E-6 3.36689E-6
2.51301E-6 4.08137E-6 1.35084E-6 2.34195E-7 4.52234E-7 7.48336E-7 2.19681E-6 1.81428E-6 3.57159E-6 1.3794E-7 4.97569E-7 2.49229E-6 1.01158E-6 4.65109E-6 4.71668E-6 3.23039E-6 4.91144E-6 4.70915E-6 4.71583E-6 2.87977E-6 4.68728E-6 7.2336E-6 6.26445E-6 2.98634E-6 4.18448E-6 2.62299E-6 4.93132E-6 5.50918E-6 4.56673E-6 4.20678E-6 6.35898E-6 4.62415E-6 5.15713E-6 4.06118E-6 3.07393E-6 2.96953E-6 3.60892E-6 4.34611E-6 3.78228E-6 4.38356E-6 3.50702E-6 3.49047E-6 4.30913E-6 4.21626E-6 4.94936E-6 5.35772E-6 4.15688E-6 3.88153E-6 6.12017E-6 4.2966E-6 3.19605E-6 3.88826E-6 4.5931E-6 5.16809E-6 3.47863E-6 4.68887E-6 4.85433E-6 5.36917E-6 5.40981E-6 3.94651E-6 5.0078E-6 3.93006E-6 4.3755E-6 3.53978E-6 4.41006E-6 5.77312E-6
1.78043E-6 6.29012E-6 5.47283E-6 3.16635E-6 2.57461E-6 5.72479E-6 5.67799E-6 4.22894E-6 5.15449E-6 3.52924E-7 8.79185E-7 3.69917E-6 2.94435E-6 7.40602E-6 7.58291E-6 4.99218E-6 4.24902E-6 5.15972E-6 4.3361E-6 2.73632E-6 6.20749E-6 3.82365E-6 3.35642E-6 5.26909E-6 3.67916E-6 1.86989E-6 3.03629E-6 3.01569E-6 3.42704E-6 3.27966E-6 5.02437E-6 6.51923E-6 5.79402E-6 4.42394E-6 3.84366E-6 3.6637E-6 4.27512E-6 4.00141E-6 4.57197E-6 6.22164E-6 4.44487E-6 3.19837E-6 4.2262E-6 4.96586E-6 4.1673E-6 4.30692E-6 3.31111E-6 3.68895E-6 3.64197E-6 3.3317E-6 3.66553E-6 5.30631E-6 5.47734E-6 3.52619E-6 3.30542E-6 4.81645E-6 4.85097E-6 3.94628E-6 3.90707E-6 3.9379E-6 5.41085E-6 4.39375E-6 6.26279E-6 4.1035E-6 3.92922E-6 4.63413E-6
1.47286E-6 9.33595E-7 6.00913E-7 2.38232E-6 4.91609E-6 8.41382E-6 6.58661E-6 3.40823E-7 7.31404E-7 1.44094E-7 3.17796E-6 5.22883E-6 5.90948E-6 6.1549E-6 4.96999E-6 7.79583E-6 6.30479E-6 7.98899E-6 6.15693E-6 4.53214E-6 5.673E-6 3.87865E-6 2.0295E-6 3.42775E-6 3.98687E-6 4.17523E-6 2.52719E-6 3.02039E-7 4.74612E-6 4.9658E-6 3.75758E-6 6.03819E-6 5.60249E-6 5.08569E-6 6.32985E-6 4.85245E-6 7.90735E-6 6.60054E-6 3.99264E-6 3.7372E-6 4.32963E-6 3.57198E-6 5.15945E-6 5.44586E-6 5.18066E-6 4.9309E-6 4.17745E-6 6.4693E-6 4.12868E-6 3.36781E-6 3.19975E-6 3.72921E-6 3.77474E-6 3.25734E-6 4.37715E-6 5.82654E-6 4.85979E-6 3.28464E-6 2.91753E-6 3.11471E-6 3.36301E-6 3.36027E-6 3.72604E-6 3.60444E-6 4.97688E-6 6.0043E-6
8.73495E-8 1.16225E-6 1.98463E-6 2.6039E-6 3.10435E-6 6.22371E-6 3.91132E-8 1.46463E-7 4.04445E-6 2.36346E-6 1.34194E-6 3.01972E-6 1.3951E-6 1.62841E-6 5.81003E-6 4.38863E-6 6.00926E-6 6.46291E-6 4.99843E-6 4.09631E-6 3.54428E-6 4.29403E-6 5.13403E-6 5.79304E-6 6.58505E-6 4.36624E-6 2.54075E-6 4.07316E-6 5.18347E-6 5.46911E-6 4.05646E-6 4.73927E-6 5.93767E-6 5.37227E-6 5.49558E-6 3.88269E-6 4.59738E-6 3.80043E-6 4.05795E-6 4.34808E-6 6.83032E-6 4.21228E-6 4.09891E-6 6.26957E-6 5.3948E-6 4.39142E-6 3.62946E-6 4.32798E-6 3.819E-6 5.60003E-6 4.40747E-6 4.78623E-6 3.97508E-6 3.87643E-6 3.85729E-6 4.62609E-6 4.84231E-6 3.15607E-6 2.72267E-6 2.71384E-6 2.62397E-6 2.95968E-6 4.6177E-6 6.08424E-6 5.45837E-6 6.12759E-6
4.45987E-8 6.51158E-7 1.33888E-6 1.52377E-6 3.83864E-6 8.67715E-6 1.90316E-6 2.97656E-6 6.54339E-6 6.66244E-6 3.00018E-6 3.9353E-6 3.23895E-6 6.52868E-7 4.55189E-6 4.75532E-6 3.75556E-6 3.6247E-6 2.85482E-6 1.61265E-6 4.9474E-6 5.49613E-6 7.25011E-6 3.49372E-6 2.52011E-6 3.8512E-6 2.31604E-6 2.70434E-6 1.84323E-6 2.21405E-6 1.33499E-6 3.17886E-6 2.16142E-6 1.68367E-7 1.01839E-6 3.31501E-6 2.91328E-6 3.22781E-6 4.58419E-6 7.17873E-6 4.29678E-6 3.69283E-6 3.74737E-6 4.68472E-6 3.88502E-6 4.1261E-6 4.93424E-6 3.70873E-6 4.35856E-6 6.576E-6 6.12627E-6 5.22019E-6 6.98381E-6 4.49403E-6 3.1083E-6 3.08424E-6 3.03093E-6 2.78662E-6 2.45704E-6 2.63646E-6 2.69426E-6 2.95751E-6 3.9552E-6 5.33471E-6 4.2538E-6 4.7844E-6
5.14557E-7 1.70448E-6 3.72873E-8 2.16156E-7 2.96979E-6 6.25545E-6 4.60752E-6 1.47318E-6 2.02287E-6 1.14086E-6 1.02862E-6 3.24917E-6 3.51875E-6 4.2548E-6 4.43525E-6 2.66597E-6 3.11855E-6 4.11057E-6 5.03316E-6 3.20743E-6 1.25279E-6 6.22658E-6 5.1769E-6 3.69388E-6 2.67104E-6 2.72563E-6 2.96019E-6 1.83749E-6 3.5748E-6 1.79482E-6 1.99264E-6 3.82892E-7 2.62839E-7 9.80215E-7 2.50961E-6 3.32231E-6 2.7545E-6 2.22015E-6 2.77192E-6 3.70196E-6 3.59908E-6 2.83306E-6 2.9272E-6 2.77977E-6 5.45562E-6 4.86383E-6 5.89499E-6 4.55791E-6 5.48423E-6 3.99556E-6 4.34753E-6 3.6447E-6 5.09277E-6 3.76254E-6 2.94948E-6 3.16434E-6 3.36825E-6 3.05671E-6 2.7658E-6 2.66332E-6 2.50031E-6 3.07214E-6 4.0857E-6 5.80499E-6 4.45744E-6 3.29638E-6
8.93974E-7 2.27355E-6 1.16614E-6 8.75212E-8 1.89601E-6 3.84572E-6 2.0922E-6 5.89444E-6 3.5308E-6 3.5532E-6 2.85974E-6 3.00435E-6 2.85872E-6 2.36712E-6 2.93322E-6 2.16059E-6 3.08113E-6 3.10227E-6 2.70195E-6 3.87565E-6 4.5127E-6 1.73569E-6 3.14775E-6 2.41803E-6 2.18904E-6 2.66024E-6 8.98624E-7 3.09521E-6 1.15178E-6 3.69528E-7 9.51249E-7 4.02996E-7 1.2961E-7 3.71157E-6 3.34461E-6 3.28576E-6 6.3904E-7 1.16852E-6 2.04343E-6 1.18297E-7 2.38908E-8 4.1992E-8 5.66011E-8 3.00942E-7 1.68713E-7 3.46892E-7 7.46553E-8 4.82382E-7 5.35888E-7 4.3728E-6 4.82825E-6 4.7312E-6 5.37169E-6 3.59336E-6 3.13325E-6 4.40477E-6 5.09559E-6 3.91926E-6 2.94425E-6 2.68039E-6 2.68175E-6 2.79269E-6 3.18723E-6 5.28752E-6 6.29113E-6 4.77684E-6
1.05754E-6 8.08432E-7 1.52425E-6 1.09491E-6 3.03849E-7 1.69652E-6 2.44663E-6 2.51984E-6 4.91657E-6 3.1639E-6 2.88151E-6 5.03652E-6 1.76626E-6 2.83874E-6 1.40866E-6 8.98817E-7 9.21855E-7 3.40461E-6 5.98692E-6 3.18288E-6 2.99935E-6 2.81776E-6 2.46876E-6 6.77907E-7 7.77465E-7 1.10708E-6 1.60228E-6 1.59456E-6 4.21144E-6 2.11126E-6 4.49762E-6 3.67032E-6 3.54163E-6 4.89615E-6 6.92192E-6 5.2498E-6 3.58541E-6 1.99887E-6 2.47137E-6 2.05301E-6 2.43997E-7 2.2867E-7 9.40027E-7 1.45898E-6 2.96524E-7 8.01649E-7 1.07093E-6 5.85283E-8 1.0373E-7 3.10881E-6 5.00692E-6 4.54819E-6 3.4799E-6 3.57964E-6 3.19505E-6 4.27861E-6 5.45046E-6 3.91171E-6 2.94942E-6 2.68122E-6 2.80622E-6 3.424E-6 5.07986E-6 5.50052E-6 5.67378E-6 5.56876E-6
2.01778E-6 1.95914E-6 2.24844E-6 8.42738E-7 4.89478E-7 2.70096E-6 6.37144E-6 1.23949E-6 3.46351E-6 1.1743E-6 3.78944E-6 2.33945E-6 3.22384E-7 1.87157E-6 4.59567E-6 2.60085E-7 7.18288E-7 2.04096E-6 4.20302E-6 4.16547E-6 3.40331E-6 2.45643E-6 1.96777E-6 9.98216E-7 1.16405E-6 2.96528E-6 2.26314E-6 3.29053E-6 2.79143E-6 2.64736E-6 4.56471E-6 2.58108E-6 2.9865E-6 1.38354E-6 5.96437E-7 8.24121E-7 2.44967E-6 3.02142E-6 2.34522E-6 9.51886E-7 1.3445E-6 6.30793E-7 7.86593E-8 1.25987E-7 1.25526E-7 6.66546E-7 3.29237E-6 1.90969E-6 3.34286E-6 3.2627E-6 3.86562E-6 2.91721E-6 3.71521E-6 3.03716E-6 3.03225E-6 3.39016E-6 3.56144E-6 3.34521E-6 2.58746E-6 2.67688E-6 2.91539E-6 4.01402E-6 8.33851E-6 5.4601E-6 3.40052E-6 3.42107E-6
1.65769E-6 4.99542E-6 5.19938E-6 3.59305E-7 7.84877E-7 5.54494E-6 5.69916E-6 1.04141E-6 2.78598E-6 1.50529E-7 4.61221E-7 6.6629E-7 3.61213E-7 9.54615E-8 1.88587E-6 2.99101E-6 1.30507E-7 3.06444E-6 3.40205E-6 2.92477E-6 6.26981E-7 1.33057E-6 2.20028E-6 7.82587E-7 7.13114E-7 4.27257E-7 1.54262E-6 3.28294E-6 1.81651E-6 1.295E-6 2.05366E-6 2.77865E-6 8.2483E-7 1.80861E-6 7.48135E-8 6.96953E-7 6.77836E-7 3.53404E-7 2.04862E-7 1.35648E-7 1.01245E-6 1.25786E-6 6.0074E-8 1.60323E-7 1.39234E-6 1.21614E-6 2.72422E-6 4.21349E-6 4.03519E-6 3.60723E-6 3.81384E-6 3.35625E-6 2.74252E-6 2.14828E-6 2.53229E-6 2.80888E-6 2.8488E-6 2.70381E-6 2.54386E-6 2.23427E-6 3.0527E-6 4.23664E-6 4.30278E-6 4.01366E-6 4.67705E-6 4.94898E-6
3.50791E-6 4.26677E-6 5.72328E-6 1.62719E-6 5.91479E-7 1.26646E-6 1.66008E-7 2.78891E-7 1.65174E-6 1.10881E-6 1.44217E-6 1.19045E-7 6.04776E-7 4.74841E-8 6.56412E-7 1.24945E-6 2.62056E-6 3.23941E-6 1.955E-6 7.83806E-7 1.54253E-6 1.04894E-7 1.77711E-7 1.0174E-6 4.71003E-6 4.71781E-6 4.81321E-6 4.88249E-6 6.1024E-6 4.89985E-6 4.94481E-6 6.54449E-6 4.0369E-6 2.4186E-7 5.86581E-7 7.71811E-7 4.01189E-6 5.54776E-6 4.20873E-7 1.90392E-8 4.65322E-8 3.73119E-7 2.39204E-8 2.10946E-8 1.47298E-6 1.2734E-7 6.46967E-7 1.28618E-6 4.37462E-6 5.64619E-6 6.90904E-6 4.45407E-6 3.17206E-6 1.9409E-6 1.01847E-6 1.04072E-6 2.36894E-6 2.11218E-6 2.35079E-6 2.59837E-6 1.93913E-6 3.50453E-6 3.60762E-6 4.09552E-6 5.60813E-6 5.19782E-6
9.56373E-8 7.41156E-8 2.94687E-6 4.74252E-6 6.14103E-7 2.68629E-7 1.44706E-7 1.85515E-7 7.10762E-7 6.9179E-7 1.18843E-6 7.35319E-7 8.33712E-7 1.33181E-6 1.48479E-6 2.36086E-6 3.40729E-6 2.36325E-6 5.96419E-8 5.42037E-8 1.09665E-7 6.47022E-7 3.09457E-6 6.21302E-6 2.06758E-6 3.53728E-6 3.08907E-6 4.72477E-6 3.40197E-6 3.38899E-6 3.16787E-6 2.37152E-6 4.41701E-6 2.02437E-6 2.33237E-6 4.33517E-7 5.16533E-7 2.6864E-8 1.42526E-8 5.87546E-8 2.64397E-8 1.46526E-7 3.10641E-9 1.04857E-8 2.0621E-8 5.79325E-8 7.51777E-7 2.70712E-7 5.67614E-7 2.88471E-7 4.16381E-6 4.88823E-6 3.15415E-6 1.85134E-6 2.12242E-6 1.09876E-6 2.3982E-6 2.77525E-6 3.05578E-6 3.59034E-6 3.82575E-6 5.3131E-6 5.85237E-6 3.81038E-6 3.62356E-6 3.56614E-6
2.44838E-9 7.19629E-9 1.83734E-8 1.20008E-7 2.50592E-7 4.72881E-7 7.1689E-8 1.26827E-7 4.82003E-7 3.91548E-6 3.98671E-6 3.64879E-6 2.3302E-6 1.973E-6 2.25463E-6 1.45606E-6 8.98425E-7 6.52808E-7 1.37718E-8 9.35487E-7 6.48456E-7 3.05777E-7 4.27861E-7 2.11141E-7 2.34504E-6 3.37459E-6 7.04098E-6 4.25832E-6 3.13977E-6 3.17467E-6 8.97242E-6 4.12223E-6 7.13508E-6 2.52791E-6 4.61965E-7 1.62263E-7 3.37355E-8 3.52374E-8 3.30031E-7 7.43313E-7 1.34838E-6 6.99109E-7 1.8573E-7 1.25053E-6 3.12508E-7 2.01683E-6 8.59401E-7 1.98415E-6 1.52293E-6 1.0475E-6 4.92636E-6 4.52026E-6 3.66416E-6 2.78525E-6 2.50808E-6 1.81895E-6 2.5222E-6 2.57346E-6 3.08218E-6 4.29098E-6 5.89755E-6 5.16502E-6 5.16373E-6 3.70184E-6 2.87736E-6 3.32523E-6
1.80186E-8 1.18381E-9 1.27463E-8 1.15874E-6 1.68121E-6 5.37898E-7 3.7272E-7 5.09276E-7 4.153E-7 2.43981E-6 1.72676E-6 3.07164E-6 1.60612E-6 1.41768E-6 4.57147E-7 5.25541E-8 9.67216E-7 3.33683E-7 5.46082E-7 6.36282E-8 2.41035E-8 5.84205E-7 2.22223E-6 4.21583E-6 2.01202E-6 8.55427E-7 3.96425E-6 2.77721E-6 2.34908E-6 3.20693E-6 5.65936E-6 2.34639E-6 1.58632E-6 5.97262E-8 8.92784E-7 3.20758E-7 1.6952E-6 2.00538E-6 1.3534E-6 7.50075E-7 9.36338E-8 3.42949E-7 1.91174E-6 1.72044E-6 1.25246E-6 1.43968E-6 2.02167E-6 2.35922E-6 1.49112E-6 1.60906E-6 2.32191E-6 3.15685E-6 3.61302E-6 2.44933E-6 4.54986E-7 1.71405E-6 1.69853E-6 2.20586E-6 3.0358E-6 3.77312E-6 4.81699E-6 4.30658E-6 3.6361E-6 3.04118E-6 2.69562E-6 2.46932E-6
3.10318E-7 5.573E-8 3.33734E-7 4.26656E-7 2.8531E-7 6.57225E-6 3.00413E-7 1.52872E-6 3.01754E-6 4.06112E-6 1.56064E-6 1.84859E-6 4.52992E-7 2.60702E-8 3.82826E-8 8.75938E-7 1.92049E-6 1.18195E-6 3.47154E-7 2.4948E-7 4.39799E-7 3.02519E-6 2.98267E-6 5.14968E-6 4.43607E-6 1.26359E-6 1.71297E-6 1.40858E-6 2.96494E-6 1.76812E-6 2.9931E-6 2.45655E-6 1.48115E-6 2.20779E-6 5.58093E-7 4.54967E-7 2.99364E-6 5.4313E-6 6.61722E-7 1.94018E-6 6.36624E-7 6.41443E-7 1.46884E-6 1.43881E-6 8.78171E-7 1.73814E-9 2.74645E-8 1.10542E-6 3.05279E-7 3.94353E-6 2.5942E-6 4.52197E-6 6.80286E-7 2.95956E-8 5.35223E-7 2.00559E-6 2.45649E-6 1.99815E-6 3.00006E-6 2.99481E-6 3.36755E-6 3.27654E-6 2.48075E-6 2.34807E-6 2.26658E-6 2.02276E-6
1.45138E-6 1.3516E-6 1.09115E-6 1.90048E-6 2.0045E-6 1.79111E-6 9.50033E-7 4.23291E-7 8.82233E-7 2.67053E-6 3.45913E-6 1.29911E-7 2.25827E-7 1.20675E-6 2.20222E-7 3.21741E-7 1.17691E-6 1.20797E-6 8.17354E-7 1.22911E-6 3.17668E-7 1.40272E-6 3.2065E-6 6.15803E-6 4.63037E-6 3.86132E-6 7.60071E-7 8.75252E-7 1.24735E-6 2.9408E-6 1.87804E-6 2.03559E-6 1.20113E-6 4.81624E-7 3.77781E-6 3.14E-6 3.70794E-6 3.47108E-6 1.35693E-6 7.70003E-7 1.4655E-6 1.17107E-6 2.42531E-6 2.93266E-6 6.1267E-7 1.47874E-6 1.10232E-6 6.09624E-8 1.89246E-6 5.77457E-6 4.37668E-6 4.26322E-6 4.76309E-6 2.83356E-6 2.10064E-6 2.44196E-6 2.807E-6 3.41351E-6 3.847E-6 3.57404E-6 2.98319E-6 2.79632E-6 1.95923E-6 1.04542E-6 1.75013E-6 2.61034E-6
1.15108E-7 1.13035E-6 3.31047E-6 2.06063E-6 9.03881E-7 4.1476E-8 3.06522E-7 2.68342E-7 1.12707E-6 8.10772E-7 2.60529E-7 3.85264E-6 2.31771E-6 7.48307E-8 7.88975E-8 1.43917E-7 6.83761E-7 1.9531E-6 1.87699E-7 6.18468E-7 1.53436E-6 2.09575E-6 3.31452E-6 3.65387E-6 2.85359E-6 5.50597E-7 4.60572E-7 6.81004E-7 2.16385E-7 1.1186E-6 4.98716E-7 1.29951E-6 1.0303E-6 2.65571E-6 5.84332E-7 1.05689E-6 1.96866E-6 6.32128E-7 2.21476E-6 1.35839E-6 6.17522E-7 2.11247E-7 5.37851E-7 8.52092E-7 3.96326E-7 2.14545E-6 5.6423E-6 3.82799E-6 4.06238E-6 5.67802E-6 6.14615E-6 6.11373E-6 4.88357E-6 4.05269E-6 2.72327E-6 2.7078E-6 2.87277E-6 4.42305E-6 6.98967E-6 5.36072E-6 3.63628E-6 3.47154E-6 3.24469E-6 2.86086E-6 2.48849E-6 2.1421E-6
