catData/variables/futureClimate2070/rcp45/HadGEM2_ES_2070_rcp45/bio10.asc
NCOLS 409 
NROWS 350 
XLLCORNER 60.897278365 
YLLCORNER 5.843756025 
CELLSIZE 0.0892857 
NODATA_value -9999 
[rows 156 to 181 of 350, columns 116 to 173 of 409]
35.48929354 35.5044538116441 35.5851801490097 35.58929354 35.58929354 35.58929354 35.5920628696246 35.59464677 35.5321632269321 35.5 35.5 35.412553862 35.4 35.398268182 35.3 35.3 35.323160338 35.369696822 35.3 35.3023869441231 35.3025839132231 35.2968483105694 35.2321634540843 35.2078328694761 35.3670137686083 35.5662014858635 35.5842299873008 35.3931005827059 35.3048781619933 35.2974276780187 35.2351404873716 35.0191167178716 34.9675337673784 35.1362690892754 35.0477603077872 34.734083566 34.4892743317096 34.4920932842194 34.5031633063679 34.6702101488023 34.6895832301485 34.5877475670104 34.491125822 34.3528063738127 34.1260334870672 34.224949468 34.29464677 34.339235148 34.39464677 34.335772712 34.360663668 34.3985631790425 34.319697422 34.4655285273001 34.48929354 34.5035548656575 34.7310249593777 34.9937893550351
35.27500786 35.2770094477529 35.3077703459607 35.3787945963257 35.38750393 35.3930758148984 35.451731938 35.5 35.5 35.5 35.5 35.4234811926168 35.4006761650968 35.3984845911895 35.31249607 35.31249607 35.3298681439026 35.3609874583351 35.3 35.344588858 35.348268302 35.2484824654806 35.21249607 35.3496743539466 35.480303058 35.412554102 35.305411262 35.289451887199 35.391125582 35.251948226 34.9044655059418 34.648109806 34.8202704573691 34.964185096 35.0814722592037 34.9329519564702 34.8827597302235 34.8301939699371 34.559091546 34.5655911167287 34.480419362 34.3894516172084 34.4889079750104 34.342973824 34.1547420740676 34.117806628 34.1921831506404 34.2390165830733 34.28750393 34.228629872 34.253520828 34.360663668 34.3172360183587 34.2890727593549 34.2993237449315 34.5172567255644 34.796377868 34.8694856842094
35.0786181567692 35.0735942088501 35.1456317550689 35.191025598 35.268076216907 35.324950188 35.432093028 35.4919234546641 35.5 35.5 35.5 35.5 35.405411022 35.4 35.4 35.4 35.3813880999355 35.3136876961455 35.3 35.344588858 35.348268302 35.3115623175307 35.31963891 35.3784312586312 35.4645324127121 35.4100886132069 35.305411262 35.183484182955 35.353590600964 35.2417461606493 34.9325741116042 34.603454515673 34.66072218 34.7586561345593 34.932092548 34.9919233603974 35 34.8680478662355 34.578730456 34.3806731297794 34.2475575320074 34.2834837500884 34.4340996459999 34.1318337117497 33.9849094336687 34.0243515784122 34.117806628 34.18036109 34.1702016426551 34.1249725685279 34.153051898817 34.2391530528979 34.2764927310211 34.2100889989401 34.294588258 34.5627932467782 34.6874922833027 34.7349796652326
34.937561602 34.8507263305468 34.896378828 35.003521668 35.110664508 35.217807348 35.324950188 35.432093028 35.47321825 35.4928119009604 35.4784933714879 35.4966378560638 35.405411022 35.4 35.4 35.4 35.4 35.377812543374 35.32678175 35.3594289315226 35.348268302 35.358874538 35.4 35.4 35.4 35.3765804582124 35.278629512 35.101731578 35.1976232755573 35.1646388460112 35.0625798150922 34.7438908409022 34.4564651346495 34.606984104 34.8110951182471 34.905310798 34.9641170448563 34.900058272 34.632309796 34.2000161404885 33.9825919590631 34.1744859053852 34.224567286333 33.983982982 33.9169572427301 33.9813338428216 34.037445538 34.088058452075 34.021487032 34.032092308 34.0555377694199 34.0660299581318 34.153520828 34.1966376632352 34.2692558672131 34.3240441826773 34.5755948458903 34.591420853116
34.7262866947594 34.682093148 34.789235988 34.9066591383125 35.037446258 35.144589098 35.251731938 35.358874778 35.4 35.4483410725814 35.413014676603 35.4577803942127 35.4035753549717 35.4 35.4 35.4 35.3921429502909 35.36607541 35.36607541 35.36607541 35.3318934784465 35.3389015923691 35.3884715348153 35.3751806960004 35.36607541 35.3082951743683 35.205411262 35.100556716526 35.1262870119214 35.0394746831057 34.8689829337099 34.61456072 34.2908178613412 34.465916674 34.6146011349725 34.6770733922119 34.7757719146038 34.7498854745806 34.491242366 34.0245881109492 33.8393981518663 34.06607541 34.0541907034976 33.9215675096867 33.86607541 33.896378108 34.003520948 34.0366134564241 33.9307191783915 33.924949468 33.900058512 33.939235148 34.0191356676541 34.1492617375303 34.16607541 34.0724125341011 34.4440352050834 34.5449091065354
34.5215098325237 34.574950308 34.682093148 34.8070945710252 34.9706896137918 35.103521668 35.210664508 35.317807348 35.35893257 35.3889776898768 35.4 35.4 35.4 35.4 35.3963554060381 35.35893257 35.3452835875959 35.3 35.3 35.3 35.3 35.3 35.338905737502 35.315817373315 35.3 35.264088217051 35.203188995766 35.016133562 34.9215096354 34.9494931882171 34.8727023180681 34.6430648078511 34.2463121966595 34.2333195945149 34.3038214716978 34.4018351982383 34.51786514 34.51786514 34.3099349895701 33.9091499379999 33.669755574 33.91786514 33.9037611808382 33.75893257 33.75893257 33.789235268 33.896378108 33.95893257 33.8767148157403 33.8105179328854 33.7789596853743 33.8020474838087 33.8508433450083 34.0338234060001 34.1754674699271 34.2062649392438 34.2766804460001 34.5049763236539
34.316732970288 34.467807468 34.574950308 34.696702507637 34.8568395739133 34.996378828 35.103521668 35.210664508 35.2836170018854 35.337889603665 35.35178973 35.35178973 35.397391331684 35.4 35.391125342 35.3 35.3 35.2853907560676 35.25178973 35.25178973 35.2767297212814 35.3 35.2681728438193 35.25178973 35.25178973 35.2065017355297 35.1543985140206 34.946478692 34.8356927836063 34.7226028466568 34.7700828226658 34.5085186415445 34.0836154840644 34.019470672873 34.1248159218837 34.238210711868 34.3354065004761 34.35178973 34.2686125047508 34.0670587893003 33.9430770945495 33.8947511745512 33.7996823523482 33.79642054 33.79642054 33.7828962004307 33.789235268 33.8732859074224 33.848268782 33.7127425996782 33.6836166547714 33.7 33.8964448470123 34.2881523344819 34.7580404277103 35.0741645130197 34.8402032365306 35.0443102944854
34.162396686 34.360664628 34.467807468 34.605253726 34.782093148 34.889235988 35.0250140645463 35.158874778 35.2294748132891 35.2851434787932 35.3 35.3 35.3422310369598 35.34464689 35.3406846312049 35.3 35.2871800326305 35.2311174634518 35.2 35.2 35.2230965943012 35.24464689 35.2151721838634 35.2 35.1555497599719 34.9994348176687 35.0410722465782 34.8341260565501 34.8435350825018 34.8464210751206 34.8903916495661 34.6727486164175 34.3634203772533 34.258016827693 34.290701901446 34.394245076801 34.450887038984 34.5065556530983 34.5658625471807 34.625169441263 34.63211866 34.3849674434276 34.2615233250199 34.4269333472233 34.2233732616271 33.9165538524862 33.7581728078392 33.9246225419216 33.8730704879883 33.5617215298276 33.6095847865056 33.983473331756 34.4975820306664 35.0260429811692 35.6026437755022 35.8645135671603 35.7807274873376 35.8285634332552
33.9872114441834 34.1385403255316 34.3126431012466 34.498110886 34.674950308 34.8099595283916 34.9711335098935 35.096378828 35.13750405 35.210664508 35.23750405 35.23750405 35.23750405 35.3 35.2944536981736 35.23750405 35.2288179852563 35.2 35.2 35.2 35.1676697838838 35.1742982518312 35.2 35.2 35.1698831009761 35.0641086900734 34.9435906239695 34.9527975441211 35.1224645484918 35.2249919 35.210517776734 35.101890074 34.896962805392 34.698310614 34.5228277177481 34.617038597841 34.7662499375559 34.7692037814582 34.8929847769859 35.1217375474017 35.1499838 35.0743263781308 35.0474561784627 35.1119427335608 34.7966804599999 34.2344550810277 34.0402946442343 34.5170102864207 34.1968993489146 33.6005875217013 33.9165869922626 34.6038679427194 35.4073487449869 35.7482956878684 36.0114616682978 36.1249919 36.1194460481445 36.0725057875705
33.8454164795809 34.0208809170714 34.176682366 34.390968046 34.567807468 34.6884880976809 34.8484798536667 34.989235988 35.076335080362 35.1222124002903 35.1862834550573 35.2 35.2 35.23036121 35.2276667564478 35.2 35.2 35.2 35.2 35.2 35.148268302 35.1178750221187 35.1763349132289 35.2 35.2 35.2 35.1138451438584 35.2415348860329 35.3634587526852 35.2888457753376 35.207201112 35.0275501352847 34.7275610652947 34.5943695521058 34.6013601496022 34.815900474 35.005294718 34.966117602 35.1558051267912 35.471253344 35.50891637 35.50891637 35.5150962401817 35.5799832965879 35.5361852195077 35.2172151006736 35.0702008857113 35.4991022270802 35.4022494309421 35.2390244104605 35.4316791922982 35.6984412864482 36.097297686394 36.2051046469944 36.1717643912935 36.3380720642991 36.2669445550485 36.2441404676038
33.587404906 33.7979715283255 33.9749748266942 34.130261946 34.3646050625328 34.6020437042467 34.763743250773 34.9272981622073 35.0153282148124 35.0793921621679 35.1186451168518 35.12321837 35.1958453291087 35.2 35.1931858929307 35.1355168660496 35.2 35.1767327259898 35.12321837 35.12321837 35.1112071129511 35.1452048299314 35.1921097890883 35.2 35.2 35.2671423858526 35.27678163 35.3758541403738 35.314343952 35.207201112 35.117840972754 35.0253224274686 34.7211687465708 34.5342358676949 34.6405242893248 34.9218275396555 35.0921097333643 34.970666598384 35.3491002617891 35.7159002340001 35.8261898505569 35.75356326 35.7692511765175 35.946361908 36.0249675484781 36.0022502552919 36.0258116442454 36.1388492225811 36.1951153743993 36.2112473432409 36.2810337403599 36.380286258 36.4444164193592 36.45356326 36.358975002 36.475050532 36.3631545215168 36.22321837
33.1895001271095 33.507147669445 33.839236108 34.0021143489484 34.2809122004387 34.4678325618257 34.6272987527872 34.833825086 34.9714804660131 35.0117609313739 35.083469647239 35.1 35.194588978 -9999 35.1146488816908 35.1025748976962 35.11607553 35.1112041335297 35.1 35.1 35.1 35.158874538 35.2 35.2 35.2673939158203 35.2979818615668 35.3 35.3157971696591 35.2836777737279 35.113500670885 35.080563010502 34.9300380738891 34.582367948 34.3393189166632 34.7038655116485 35.2217851294373 35.2409643436486 34.9148062664228 35.2978924380001 35.8985774190436 35.9830545423725 36.05177341 36.0620741591467 36.183865958 36.2484121519207 36.214227168 36.28392447 36.2910922880819 36.3 36.349409741144 36.3945370362431 36.3503618932602 36.4669380859657 36.4266118964042 36.4008699662087 36.4157972468217 36.3896995294346 36.2704824739524
33.126624694 33.4494840288806 33.7531849833651 33.9633137463893 34.183825206 34.3941278801019 34.603463876 34.7641338794069 34.8148298391613 34.8844906410843 34.989235988 35.00893269 35.1896613058211 35.0492887889333 35.00893269 35.0235193945579 35.1 35.1 35.1 35.1 35.1 35.1052590799685 35.10893269 35.1755577325227 35.2071732232317 35.288567317014 35.3 35.2984230984948 35.191183854 34.9360002600182 34.5304360419999 34.4178794669751 34.0836450598004 33.6219231750212 34.220865420122 35.05703620347 35.2060711674312 35.240484207806 35.5908942255865 35.799703835738 35.81786538 36.00893269 36.017806868 36.1103634405652 36.094705522 36.020572226074 36.02679807 36.0674035064172 36.11786538 36.2303544589085 36.2488128768459 36.0780810366003 36.1142738283547 36.1279195318908 36.2990760342729 36.3105091543821 36.3749635487446 36.101848602
33.1179086433619 33.3341120194836 33.5726468943947 33.862396686 34.076682366 34.290968046 34.505253726 34.660664628 34.7666258516642 34.8013094624575 34.882093148 34.987670833299 -9999 35 35 35.000286689188 35.00178985 35.00178985 35.00178985 35.00178985 35.00178985 35.0596106220816 35.1 35.1013094581619 35.1806556037164 35.287445898 35.3 35.2948672512976 34.9509685470822 34.3621139562153 34.1522360029578 34.4500502771852 34.602481413485 34.5494162723453 34.3789235765232 33.9203236964909 33.5990903987223 33.8646298986687 34.8176724300722 35.2717356317806 34.7515762153887 35.1246103982341 35.6247489215251 35.8210998874033 35.9031651732816 35.8720295248401 35.8403550190381 35.8587976021672 35.9069801635893 36.119537966 36.135772952 36.0273206624294 35.9225720133846 35.817699423814 35.994546066 36.007100648 36.0961779516414 36.001503173699
33.015918714 33.321329496 33.535615176 33.749900856 33.964186536 34.178472216 34.343795163468 34.5092450050212 34.5928279364898 34.667807468 34.774950308 34.7993279930225 -9999 -9999 34.8995249404447 34.89464701 34.8958867805771 34.928681051912 34.9966514915989 35 35 35.0557229898683 35.0911131063574 35.0736289833859 35.0549862160067 35.0705469707014 35.0969372283923 35.0961932755633 34.6531109804595 34.4387534800289 34.2034896430291 33.6513291204817 33.7301257605106 33.8631083737973 33.6205727255094 32.3203195738366 31.9337869087954 32.8619248894048 34.1099418178276 34.6902277093282 34.7512437356782 34.97385741775 34.7562228886955 35.3274964833718 35.5827012851172 35.6072686376063 35.6772439618092 35.6911014642465 35.8496553201472 36.048168078 36.08929402 36.0239667489183 35.919697422 35.807873637519 35.6949954520081 35.7018237635028 35.8147019490138 35.9418821594754
32.8130198718333 33.107043816 33.321329496 33.535615176 33.745221635259 33.9461189281154 34.153480556 34.308891458 34.416034298 34.5323191444589 34.6528503716025 34.7515273572539 -9999 -9999 34.5244060496465 34.7770098593203 34.8077704315361 34.8787949736075 34.924950188 34.98750417 34.98750417 34.9801473078182 34.8924921233493 34.557375808 34.2492456404499 34.5170023197319 33.4392357470967 33.423968328525 34.0229011636808 33.331339912018 32.5299089212608 32.7352989763824 33.1686832590441 33.0909421046647 32.7353054766749 33.006097270959 33.3612056566648 33.296888876958 33.3804187251327 33.7403867923395 33.8820908627229 34.5661915310532 34.783882518 34.9290691152982 35.1777932660642 35.0625458699999 35.1514743383131 35.4616569335732 35.7207079730582 35.8191687935964 35.8582660393453 35.9265303315111 35.889783049265 35.7001175039999 35.5094709998393 35.6907500509368 35.8927562160001 36.091025118
32.698111126 32.9092511352927 33.1024953865165 33.2957396377402 33.458891578 33.5747911238122 33.7242289368231 33.860681428 33.967824268 34.1337598250828 34.3743155753867 34.4557918369391 -9999 -9999 34.4874931232017 34.576740158 34.66072266 34.691025838 34.798168678 34.86072266 34.86072266 34.801848122 34.5886003960161 34.2360945155686 34.188039492879 34.2530994753265 33.938095618339 33.4744864782215 33.1536043730037 33.0953839095084 32.0035179494864 31.7395536540119 32.2303491235409 32.9160945813605 33.748939785095 34.6677017390098 35.0512456001248 35.0641870333485 34.9628427865723 34.5363953784079 33.8552959230595 34.167723324 34.4766317995979 34.6117193606177 34.449471658085 34.0684592362773 34.2356654856375 34.8999165551726 35.43506707919 35.4706478500337 35.4356028550301 35.4572582395186 35.5901429628847 35.463727601071 35.4039322383052 35.5434950172472 35.6963664826002 35.876739438
32.590968286 32.789236228 32.896379068 33.003521908 33.110664748 33.262396686 33.3870730841487 33.4431072234425 33.5038750780671 33.592815928 33.9408686620001 34.2179671421931 -9999 -9999 -9999 34.3849462601714 34.44643698 34.476740158 34.5738543889447 34.6315970394642 34.64643698 34.6033299322819 34.507201112 34.326898054 34.1714090604914 34.0824104139174 33.978629752 33.5289596018818 33.2535454308647 33.340883206 33.6569137302289 34.208765506 34.5775260405425 35.1032190164345 35.3560985148052 35.4425489360063 35.4182022471696 35.326840022 35.0963817495341 34.8075192736418 34.1752442885073 33.9256447770808 34.1890519787891 34.4059846608905 34.3011580083137 33.8720354935243 33.863984168 34.4113096806968 34.8079613166436 34.908175849192 34.5194731388834 34.5354337632907 34.8836012160854 34.9112333587324 34.9188841842008 35.2784117840001 35.5868455771858 35.7385087529983
32.449901096 32.648169038 32.7631689535427 32.896379068 32.9908185083742 33.0759498109979 33.2347593591267 33.3720970715009 33.356378429792 33.407084808 33.7006527982499 34.0580795979166 -9999 -9999 -9999 34.2036607820827 34.2321513 34.262454478 34.3321513 34.376740158 34.4497009422904 34.446102845668 34.366133922 34.2106499924151 33.9782272435433 33.8728203950036 33.8659797056191 34.0081426371626 34.4079726627545 34.8283738153357 34.9984550705883 35.1503258012526 35.303521428 35.3955378691695 35.467250421744 35.558874298 35.5127574939102 35.4195077689967 35.1350461960764 34.9540611761595 34.9999704148788 35.0374397525116 35.017949044 34.8093810229836 34.5634523412874 34.0240402439869 33.7301401850361 33.7708890569397 33.7194348632785 33.8814583250097 33.3252655967565 33.5690884315782 33.926680806 34.1128516473226 34.5410116394858 35.1057692989775 35.566567015572 35.9072066378275
32.194548226 32.392816168 32.5136081874276 32.666034658 32.7511093659207 32.7505208215949 32.8823036654617 33.2018372298867 33.3720887812351 33.473160458 33.660606596 -9999 -9999 -9999 -9999 33.9273051816631 33.9863097300111 34.0357241343147 34.0921764573595 34.162454478 34.2483525632921 34.2421020103821 34.1789597240563 34.1158174377305 33.859090826 33.625108204 33.6726426657408 34.2093690004274 34.7531125475942 34.8862378502243 34.93573124 34.978478743124 35.0988662792017 35.13573124 35.239194156 35.4429615776417 35.5720883869901 35.6600894943384 35.5874849656868 35.6001802345176 35.5664911118082 35.5772496802679 35.2968291461608 35.2473970819281 35.1043377895543 34.8642131108139 34.6382686137631 34.1753516839999 33.565782651317 33.1791691457021 33.1148646872052 33.8819042870399 34.3123442460001 34.5422525920874 34.6253482283695 35.3206568460859 35.9099743581265 36.1241957647343
31.7242110250117 31.878547528 31.985690368 32.1220517818177 32.296396108 32.4234391025676 32.6569237816588 32.9787320157276 33.235615176 33.4120110767499 -9999 -9999 -9999 -9999 33.7003177074316 33.70357994 33.7155746721021 33.7699790812048 33.841025958 33.948168798 34.0285198071253 34.0801734024322 34.131826997739 34.1834805930459 34.0716532710581 33.9083160476595 33.8402727009664 34.3982208223604 34.6989838815801 34.65178997 34.6406244798062 34.6057495939973 34.5926871991925 34.5410336038856 34.6676621788425 35.0441293474562 35.371021038035 35.601689866 35.7327979352973 35.839235628 35.8484037585247 35.7894947079999 35.4184466598761 35.6114492547316 35.43747021 35.4531639682034 35.2866610404827 34.6575874544102 34.0054165480201 33.6077115301921 33.8885718623457 34.6768936376228 35.2118808037783 35.5031779847544 35.6250923251165 36.0964262605395 36.291126062 36.1513762749576
31.2624663310103 31.571370608 31.678513448 31.846263124 32.1135267065106 32.31979168855 32.6050103972208 32.862396686 33.0401397197314 33.1951187627918 -9999 -9999 -9999 -9999 33.4485748532829 33.4428075348452 33.48929426 33.5028237592758 33.5921148536637 33.733883118 33.8696609375427 34.003521668 34.110664508 34.217807348 34.2001970826992 34.2470598047208 34.3077104511798 34.6 34.5950877549412 34.54464713 34.4702079162487 34.0116678611041 33.5083413548167 33.5592294707817 33.9500074120876 34.5501957536354 34.9400975534251 35.2100517535143 35.5280939849078 35.7251435993934 35.839235628 35.9522608990896 35.7886505473643 35.9195716191514 35.96605861 35.96605861 35.8530389257295 35.5201089065473 35.294805781698 35.2716872036347 35.3740698708162 35.5580744946651 35.8684481299651 36.1366882463606 36.250520495028 36.2990417875745 36.2308612126349 36.0306634650864
31.08187878 31.5735428261781 31.785656288 31.9344676277666 32.1982948208056 32.451673906 32.6012991021003 32.755253846 32.903521908 -9999 -9999 -9999 -9999 -9999 33.2488910484728 33.253521788 33.33750429 33.33750429 33.412396326 33.582093148 33.740967686 33.896378828 34.003521668 34.0649425103233 34.0448914882488 34.1030962163581 34.0888738012137 34.1646943539306 34.2897392930749 34.2524522753422 33.7638418492726 33.0057277420317 32.6577274644784 33.0090949987967 33.5974603220592 34.1914604574574 34.6270629042296 35.0027060716869 35.2706538232227 35.487404186 35.7253288748068 35.8771726039512 36.0055459805478 36.0685027788801 36.1144739176921 36.1814335962643 36.2390351031636 36.2457731554086 36.2573212119808 36.228613072 36.18748713 36.2149251703028 36.2551083317306 36.2952914931584 36.2408863965863 35.9189671940563 35.5406575323256 35.1575208756511
31.1774712397188 31.617691764 31.9089278186908 32.0787810751044 32.2298232617991 32.419539646 32.5663868215101 32.717749556 -9999 -9999 -9999 -9999 -9999 -9999 -9999 33.193708791293 33.1768514235583 33.2514641437631 33.3488151720321 33.474950308 33.5977996416224 33.719597438 33.826740278 33.911670614992 33.93036145 33.93036145 33.7699024863935 33.4111699227547 33.3675704320646 33.5383472984533 32.5295179129804 32.2904415490448 32.581975884 32.9129667898391 33.313716602755 33.8978157048998 34.4247914520001 34.7514677162809 34.9576703360644 35.2877674425384 35.614126944 35.6653912546789 35.9330557791164 35.9718769190884 36.0373931187067 36.091025598 36.1607229 36.1917735999077 36.282092668 36.3124864323174 36.3 36.3 36.2440784490682 36.2912571711367 36.2712816333415 36.0431537946388 35.7312777552532 35.4994856058678
31.3054667119545 31.635754572117 31.869539766 32.053522028 32.1894166253954 32.389178196 -9999 -9999 -9999 -9999 -9999 -9999 -9999 -9999 -9999 -9999 33.1053775085549 33.153521788 33.260664628 33.367807468 33.514670624795 33.6136698493675 33.689235988 33.796378828 33.82321861 33.6217920820528 33.4763235118198 33.1157668650279 32.6895492195363 32.5332682693259 31.9354674698488 32.2515630970072 32.765900114 33.1454472980467 33.5113925169607 33.8616462385715 34.2872871620001 34.569538566 34.8454818658696 35.182640640293 35.4343577404554 35.528412624 35.82321861 35.826937538943 35.8642196808944 35.953521308 36.0519698145694 36.0761172251863 36.0187285415113 36.1284874002454 36.1218412261614 36.06965583 36.1126681231885 36.0092386057048 36.2107529778075 36.3527589062133 36.3030047498883 36.2718449596552
31.3191765041902 31.5346684827201 31.7173473695001 -9999 -9999 -9999 -9999 -9999 -9999 -9999 -9999 -9999 -9999 -9999 -9999 -9999 -9999 33.104871469198 33.153521788 33.2980854837423 33.4166325375751 33.4815615426826 33.582093148 33.6278368383772 33.4973640938141 33.2019653859999 33.069714342 33.01177752051 32.735204050053 32.236684649782 31.4304222100863 31.7274092332322 32.203795655708 32.6445564013518 33.0188995315886 33.5213069177933 34.1231046114692 34.462395726 34.8243777456749 35.0889488788551 35.2258700973849 35.3373455540001 35.63215154 35.63215154 35.6747481304956 35.8209471620343 35.9010229574358 35.971487392 35.864344552 35.992697944 36.0394461473164 35.9386012532135 35.8615917074867 35.9668880489072 36.1883065368031 36.31607577 36.31607577 36.3295177276073
