catData/variables/futureClimate2070/rcp45/HadGEM2_ES_2070_rcp45/bio15.asc
NCOLS 409 
NROWS 350 
XLLCORNER 60.897278365 
YLLCORNER 5.843756025 
CELLSIZE 0.0892857 
NODATA_value -9999 
[rows 54 to 80 of 350, columns 60 to 119 of 409]
-9999 -9999 -9999 -9999 -9999 -9999 -9999 -9999 -9999 -9999 -9999 -9999 -9999 -9999 -9999 -9999 -9999 -9999 -9999 -9999 -9999 -9999 -9999 -9999 -9999 -9999 -9999 -9999 -9999 -9999 -9999 -9999 -9999 57.8964788291842 57.8879398095876 58.58875258 60.1670913728689 62.061200534097 63.7688728306506 64.2743620034465 67.0737082288737 70.30671405703 74.9794279000003 80.213578178534 84.6942682200004 88.7472995760775 91.7489299600002 93.103520613621 93.6293825276072 94.1366868911647 94.5858030201272 95.1075418374164 96.0351998800002 96.9036088337483 98.6721817749764 101.01732058 102.109353342567 103.39234188 104.641605419889 106.070353778883
-9999 -9999 -9999 -9999 -9999 -9999 -9999 -9999 -9999 -9999 -9999 -9999 -9999 -9999 -9999 -9999 -9999 -9999 -9999 -9999 -9999 -9999 -9999 -9999 -9999 -9999 -9999 -9999 -9999 -9999 -9999 -9999 -9999 59.3043035686836 59.2734354088711 60.26728038 61.4448236960195 63.9164960015355 66.2846033600005 67.412435696645 69.40958086 72.6044066000006 77.8870627706911 82.1848138131362 85.3769358511629 88.0698458400001 90.5953911204719 91.6956944170831 92.67805788 93.1607361 93.2668506302527 93.3214722 94.1245075800002 95.9298418624117 98.05252046 100.17805668 101.24948508 102.32091348 103.62394766 105.1607361
-9999 -9999 -9999 -9999 -9999 -9999 -9999 -9999 -9999 -9999 -9999 -9999 -9999 -9999 -9999 -9999 -9999 -9999 -9999 -9999 -9999 -9999 -9999 -9999 -9999 -9999 -9999 -9999 -9999 -9999 -9999 -9999 -9999 61.2769442268971 62.2494010800001 62.7846570387889 62.279122109815 64.8610991689739 66.7854475371452 69.4672054134731 69.9903359387645 72.1759226000006 77.4443132200002 81.7157215322619 85.2522925738571 86.4464712799513 87.9834104539058 90.0305804477871 91.1355085183317 91.1786154 91.1786154 91.8448842433122 93.623661217194 94.9525601289252 96.98109206 99.1066282800002 100.258879692719 102.16017738 103.041368359037 103.730557188726
-9999 -9999 -9999 -9999 -9999 -9999 -9999 -9999 -9999 -9999 -9999 -9999 -9999 -9999 -9999 -9999 -9999 -9999 -9999 -9999 -9999 -9999 -9999 -9999 -9999 -9999 -9999 -9999 -9999 -9999 -9999 -9999 -9999 -9999 63.4994448800001 63.9821207 64.6186945324087 64.9986847543513 65.8209170800002 68.6412778400002 66.2309313588925 69.1572660572444 75.3907641200002 79.6764777200002 83.4948339678675 85.32091588 86.7668092600002 88.4717449415091 89.0357586 89.6139823389069 90.0178793 90.0309599206775 91.6418293600004 93.7690513597384 95.90966366 99.0173205800003 100.17749796 102.16017738 103.227464830778 104.290572919015
-9999 -9999 -9999 -9999 -9999 -9999 -9999 -9999 -9999 -9999 -9999 -9999 -9999 -9999 -9999 -9999 -9999 -9999 -9999 -9999 -9999 -9999 -9999 -9999 -9999 -9999 -9999 -9999 -9999 -9999 -9999 -9999 -9999 62.8690244822873 63.4397836127418 64.0315271707817 64.0535491 64.0927261238505 66.4302076392307 65.9850531892417 64.0995189503616 68.8572258799544 76.2127050400002 79.4269902400002 82.4096672600003 84.2494874800001 85.6753285973398 86.8929018000001 86.9483060314588 87.5887501800002 88 88.6924300846673 90.5525216600005 92.7890319568033 95.941877314936 99.1572049370597 102.093501408005 103.044971745461 103.23160578 104.286806972392
-9999 -9999 -9999 -9999 -9999 -9999 -9999 -9999 -9999 -9999 -9999 -9999 -9999 -9999 -9999 -9999 -9999 -9999 -9999 -9999 -9999 70.9837800599998 67.7694948599996 66.1098682312349 65.1723442740958 64.1255314199999 62.1082060399999 -9999 -9999 -9999 -9999 -9999 61.4851326290479 60.4578064192247 62.2545978372943 64.71373008 65.1249775 65.8565868800001 66.6269303175503 63.5800460710326 64.189087619872 63.9405977800014 75.049574916782 78.5854979715452 81.4342705486843 83.17805908 84.2962871770381 85 85.9699899772401 87.4637726800001 87.8750225 88.0578913226859 89.8314096142045 93.7478101200003 98.03352372 101.140133397213 102.166406334352 103.754882257018 103.29869225726 103.912894954231
-9999 -9999 -9999 -9999 -9999 -9999 -9999 -9999 -9999 -9999 -9999 -9999 -9999 -9999 -9999 -9999 -9999 -9999 -9999 73.3576959199999 71.7689409399999 69.0373291599999 66.0823717818275 65.1964059 65.0386840707109 63.9537806315233 62.0975798876641 62.0034028068518 -9999 -9999 60.2521805888287 60.2185913911842 60.0106972911578 60.0463128059318 63.9379791976708 65.6695239996478 66.2593268790796 66.693343983818 64.25119039251 63.6094441055124 65.8705359125801 60.8361254928673 73.3186710853353 78.9275477600002 80.8842855930404 82.1066306800001 83.5525240600003 85.0663223718089 85.8085285302095 86.7851560800001 87.4557318363312 88.9087397326468 91.9596388265414 96.0870728200001 100.001228810168 102.006803728207 102.446699133418 103.16017738 103.76839422 103.243516479146
-9999 -9999 -9999 -9999 -9999 -9999 -9999 -9999 -9999 -9999 -9999 -9999 -9999 -9999 -9999 -9999 -9999 76.1260829399998 73.98322614 72.1668406930883 70.2911204375742 67.9032984938193 66.3398166199999 65.8040492710319 64.7140438155177 63.1838195999924 62.0541030199999 62.2805193489756 62.9350175265386 62.0962251717888 61.3660744224333 61.0627817646479 59.2719276171902 62.011719155345 65.2402098607533 65.779707670275 67.4971810706518 66.6086654538342 60.0058598833578 62.0335333200003 65.5592178818758 56.6104637188908 72.4437569000003 77.3203595600001 79.4632163600002 81.3842001702787 82.9164696942074 85.2182545986933 86.8707222168211 87.9041251646706 89.8560257600001 91.26727558 94.5327297011233 98.5314780256085 100.89178436 102.030002114581 103.667186740934 103.117276383552 103.624623863924 103.186671352524
-9999 -9999 -9999 -9999 -9999 -9999 -9999 -9999 -9999 -9999 -9999 -9999 -9999 -9999 -9999 79.5560028131092 76.7796709950497 74.4789397767903 72.5725350399999 70.4296782399996 67.9450044723123 66.6607373 66.0005539199998 64.6809169321653 63.2602773993504 63 62.3750105833566 62.3273524551973 62.5704047588859 61.2195958355144 59.1571536614388 60.17640304976 62.0704093600002 64.3724736049659 65.6877276142463 66.6740768700774 68.6656693947099 66.3998112391874 61.0481294508883 63.7945384772859 64.6433437817477 60.5412614190347 72.4437569000003 77.3747025846483 79.7239030435113 81.6060731600001 83.3744649800001 84.7405117679892 86.5290750477033 88.9057722643082 91.3203571600002 92.73160698 95.6815460912151 98.6659810969452 100.89178436 102.01732058 103 103.054342210418 103.492293277742 103.69696582
-9999 -9999 -9999 -9999 -9999 -9999 -9999 -9999 -9999 -9999 -9999 -9999 -9999 -9999 -9999 76.4475575400002 74.3584519285912 72.5725022223021 70.6865779341351 68.469947854032 66.9795785843988 65.9270982392666 64.9291255199999 63.4265517867011 63.3298014548684 63.0515546369643 62.2230570575943 61.8173614418895 61.3594979475372 59.1315707914092 60.0943625522564 60.5725056079608 61.2609861812385 66.0998089716269 69.8898731965408 71.4004126352918 70.2871121356234 65.1996526199998 61.6963596568384 63.8087268131153 65.1750756477211 63.9729033617513 70.1618573093942 77.0698482400002 79.9160364982134 81.6060731600001 83.3744649800001 84.629017822715 86.7501969891179 89.1775003600003 91.3203571600002 93.3325359307677 96.3739247528984 98.3897930682818 100.869562759886 102.010207171947 102.5893089 102.74948628 103.5893089 103.535181601444
-9999 -9999 -9999 -9999 -9999 -9999 -9999 -9999 -9999 -9999 -9999 -9999 -9999 -9999 -9999 -9999 72.8883348658888 71.9117977399998 69.5750103430987 67.3391256124073 66.5178805 65.62422079658 64.0215293389259 63.1389930255677 63.4158788499385 62.6434119199999 61.082121919049 61.5273436435427 59.9866232241101 59.7252569074696 60.8883360229756 61.080610552145 64.6484234359532 70.0149665694947 73.2667994650006 73.0628740025334 68.4523309760123 65.0215314078472 63.2848779810755 63 67.6956467639247 66.5356990329121 66.4481830709506 76.4805393400002 79.3515535400627 81.1239536600001 83.2534192178504 85.1589323665812 87.2840544779128 89.3757719175937 91.3203571600002 93.8420989486059 96.5111102758885 98.2960598203818 100.407729910249 101.526231089369 102.042787613863 102.487847603286 102.629542162851 103.010836805311
-9999 -9999 -9999 -9999 -9999 -9999 93.8774310809763 92.0060853713083 89.9743697678709 88.3098544270506 -9999 -9999 -9999 77.9557526837689 75.3085651229488 73.4838652021287 70.9795344413079 69.3474735595119 67.7977037003324 66.2479338411526 65.1600870580267 64.3041492199999 62.9379805636137 61.6364877711313 60.4503138894905 60.3259124121499 60.4406578937907 60.0018554754314 60.0975906429279 60.0715136706436 60.7276717207073 62.975637807009 67.4978695200005 71.3376873400004 72.3164660792505 68.7349496999997 64.5448356954943 64.5046900240807 62.928310736739 65.8348645229206 69.9022630464786 65.5823151976025 67.9939442199163 76.4805393400002 79.2316081800001 80.6060731600001 83.1233949400003 85.6927167241231 87.5327884701135 89.3611037057639 91.3203571600002 93.8681934674044 96.5181354917758 98.7489275600001 99.94589218 100.473360450686 102.039622168494 102.374940572326 102.103400886853 102.311161853967
-9999 -9999 -9999 -9999 -9999 92.5828241146562 91.7283869963938 89.9475563399999 87.8046995399998 85.6618427399999 82.7159433599997 79.829605502462 77.8447260493696 76.6872346081678 72.8920882310212 70.1196526261257 67.6618451399998 65.6326360395806 64.8277292326987 64.9291255199999 63.8576971199999 62.78626872 62.1274392861539 60.9940164633007 60.0226581008953 60.74939748 61.82082588 61.8705983762229 61.4807535109644 59.8998899338176 59.7803531933418 62.7917567619052 68.1228458200005 70.84796646092 69.7024050838338 65.4312607999999 63.9526351186324 64.0670849332846 62.8958040205042 67.6531982846974 72.0402979443954 69.1660239880548 71.9547623327233 77.0054070737609 79.2316081800001 80.6060731600001 83.3574266776804 86.2380902651732 87.8406356319739 89.8024766600003 91.9453334600001 94.3625602165854 96.6060707600004 98.2024084222917 99.9120760748553 100.637967555996 101.3750237 101.3750237 101.3750237 101.3750237
-9999 -9999 -9999 -9999 -9999 91.0684182210654 88.5158576068819 86.0368664399998 83.8940096399996 81.7511528399997 79.923738714024 76.9837776599995 75.6612912200001 74.5499466274319 71.0991369809057 68.7911841343796 67.7170678435591 67.3905754813264 66.7093980304001 66.0222647434528 64.1790781199999 63.10764972 62.236649891306 62.2873839843348 61.8335684443591 62.5708732800001 62.3248474748244 62.9464781918156 59.9187039886043 60.1744726890248 61.8047087694457 65.2445122102243 68.4119316897142 68.8507709030976 65.7953365688728 63.7478793469439 64.5570135226775 64.26839062 62.63772293573 67.8938909154866 72.7671521687836 68.9574956646903 71.9003892418367 75.4542453632741 78.6964965051106 80.6060731600001 83.237080747943 85.7494886800001 87.33823886 89.8911040524783 92.7801086259515 95.15961866 97.3024754600005 97.9618877936283 99.89178436 99.6192527333189 100.3035953 100.3035953 100.142303946261 99.6071906
-9999 -9999 -9999 -9999 91.5226206096662 89.8944651599994 86.2829576455669 82.8347516357664 80.3761291399996 78.7950299238332 77.0446885463663 74.0730877599995 72.75060132 72.4256553030331 69.9183546743324 66.2903260747328 64.39244748 65.3231635244673 65.9840309920336 66.496140787335 66.8127805632677 65.5784462971323 63.3685721687659 62.3759333979321 61.4291267199999 62.7780814006342 61.3278120095659 63.7650465811704 63.4913081098977 62.6238636600002 65.0521033503663 67.9090608005659 67.9921866830626 66.4894562180685 65.2344205153373 64.1248133040968 63.646363363131 63.2944783182344 63.4758883041037 68.985485382166 72.0988330847308 69.5477316676962 70.7028597817044 75.9304026459308 78.4632163600002 80.6060731600001 82.8358683335654 84.6780602800001 86.664027246035 89.3141886641654 92.2127026400002 95.2571329154351 97.6060707600004 98 98.4392097103296 98.2494874800003 99.2321669 99.2321669 99.1783957040353 99
-9999 -9999 97.2715064887574 93.3149240547365 90.3714398330098 88.3580024496213 85.9597711714967 83.5671107618746 81.3581514399996 79.3328932058717 77.2331763399997 74.9497583863809 73.73262362 70.2431938240958 65.6721367142832 64.9164172671012 68.4615658370144 69.9235409168589 69.4672045721974 69.3379078553942 69.5718557354378 67.5671159476471 66.4662892275476 66.2394478199003 65.3932673199997 64.7435212235389 64.3744388765604 65.6958483800001 66.6499907010668 66.5429756233399 67.4350888688532 66.9551195821735 65.6730894150396 63.9472538388335 63.3990615872931 62.73272442 63.323489458639 64.4532730856728 66.8294781635995 70.402125686222 71.9371977559474 71.6494459796412 70.4580226636945 75.7499635048652 79.108098031441 80.3517462253144 81.9096684600002 83.9808530269391 86.1177970869346 88.3382388600004 91.1412742400003 93.7415498685548 95.2535910824285 96.2161192836986 97.1153278898251 97.1635225840484 97.3214770000001 97.5903384164098 99 98.7456750795419
-9999 97.85824624 95.2521586799992 92.0974255891114 91.16174554 88.6128115853894 85.9653420400001 83.8224852399998 81.0784039180299 79.2923553844227 77.3939148399997 75.2510580399997 73.1926796082179 67.2286321027057 65.4770493168207 70.8839952417165 73.5948202568104 72.9041395278556 70.5920862865012 69.5842613531367 69.086215222815 68.8948364677214 68.2201574636861 68.5769613587671 68.0183396199999 66.9469112199999 65.9599609738735 66.9122372314204 66.9191728289671 66.103615986514 65.7360842040605 64.2408658583922 64.1117327616909 63.1480314367011 62.0893101 64.1814126610249 65.7606812586839 66.5529891800001 68.4991747444361 70.7377209219826 71.94589458 71.9495781770757 69.4522420146232 74.1110875356607 79.2316081800001 80.3030365800001 81.4079084848104 82.9810968600002 85.12395366 87.2668104600003 89.4686278749978 90.9755670725444 92.802281889909 93.2567186476381 94.2138224799999 94.2679302999999 94.3487530997212 95.3531030378255 96.2679302999999 96.2408662870807
99.8387773856997 97.2076583465609 92.8096046897781 91.7023751579607 90.6367133208188 89.1002253795983 85.9313038232436 82.2621375428417 80.3519671318754 79.2683858199999 76.6052320265024 73.4101057877226 71.1439646400001 68.9465989698362 67.8687084996873 67.0801199178124 66.6702292076484 65.1446786148656 64.3650467962649 63.1171984825145 64.6315179038834 67.2100991801483 67.3576983199998 67.0309641623664 67.0214036764133 67.002244715193 66.0541030199999 66.9829844272474 65.9291279199999 64.860563849688 64.0274802181832 64 64.3677712666512 64.9661715508616 65.4544284442106 66.5488094710294 66.33374247823 67.4501363405497 70.3768719593302 70.9955104837818 73.8038553337777 72.9811890070056 73.1091500111037 75.6106842935443 79.0041415479923 79.32091828 80.3923466800001 81.4717484116532 83.07040696 85.2132637600003 87.3561205600001 88.0488457765342 89.6597158600004 90.0536450999999 90.9995372799999 91.0706559585848 92.0373503826356 92.5284487522881 94.7904174250761 94.3333788137035
97.817730110944 95.1712508524861 91.5331174421956 92.3403657399998 90.19750894 87.6087515599995 84.3667651003068 81.1896864895991 79.269112680188 76.7372395850119 74.3403681399998 72.150686304775 70.8963574296691 67.8935421145621 64.6361432610869 61.6796308400001 60.438421738488 62.2121748458626 62.5920351409687 62.4936509321501 64.0863442976376 65 64.3398166199999 64.6924363835 64.1004129683935 63.0652629267126 62.9464533 62.9473810169253 63.0887537800001 63.8569722742755 63.3387039800001 64.3776789052993 65.3744673800001 65.6018567151257 65.5967165773308 66.64229928 67.7490781928818 69.57031216 71.6701689369061 72.8811881017995 74.8411396266932 75.9990724115868 76.044709367039 77.3653291613743 79 79.30303658 80.3544136160555 80.9464533 81.4360742058429 83.1019325892638 84.6066318800001 85.6388851405241 86.7819417691647 89.4829173909347 89.8393599000001 89.9092997200992 90.8536165450222 91.3032008197728 93.3561181600002 94.9253595606524
97.6087491599995 94.5946897076884 92.8644135647228 91.3939124399997 89.2042559418572 86.4815966904238 82.810040362017 80.3376626075586 77.9769743438736 75.3539045293859 73.1439646399996 70.2359239581722 67.8650122703947 66.5665912851906 63.1390093950577 61.6596117560962 59.8460790446631 60.2803873064608 61.5468989982023 62.907043070365 64.6294054821362 64.897209225002 64.4223231039337 64.1249751 62.7196147935989 62.2656385017677 62.2499502000001 62.2694408210983 63.485863105062 64.7250013281091 65.4815607800002 65.9847835468294 65.6557944834757 66.515145010305 67.0646526411279 67.6401482674393 69.3203619600002 71.4632187600001 72.8030377800002 73.1092864982922 74.0708696800001 75.9870069023155 75.5051126274096 78.3051733640236 79.2499502000001 79.4772427262218 80 79.9442744302451 79.8750249 81.5676963273799 83.3277224959466 83.8079400109723 86.1837716130815 86.7500497999999 86.9864757395694 87.7500497999999 88.01629674 90.7900861681664 91.4632115600002 93.5681966330511
96.7685892515337 94.3298844329471 93.5367692399996 91.3343935809545 88.7537276068046 85.2163976799993 81.8637368176767 79.6260817399998 76.8349109507885 72.8951222799997 70.5309345867219 68.6371932011202 66.1304252066397 64.2069248067216 64.519895935601 61.2210216964742 58.9193009200824 58 58.37446978 59.8917963600003 61.9330484090451 63.8654729212857 64.7368553264739 64.8035965 64.9613164019926 64.469028799504 64.7643619550228 64.6170557294585 66.44523328697 68.6796356399998 67.2770997085492 68.0178497510747 67.3798190281356 67.1751509836545 67.91013118 68.624073134692 69.7169903946838 71.6596222600001 72.841721849376 74.0462143983837 75.14229808 76.2171287739026 77.4831543516909 78.8255286682639 81 80.6969634199999 79.9264537673006 79.3577031199999 78.8035965 79.8654642640227 80.8665157674741 82.1758336170072 84.0555448007446 84.7542849940305 86.5096043252254 86 86.2313857194133 88.9590071580529 91.3122962458124 93.4220681271433
96.8874690408771 95.4546973232087 93.4747352527049 90.9042015513802 88.1507600445334 84.9485657799993 81.3187383636386 78.507109224551 73.3734921754302 68.537324795896 66.4602617000883 64.3851884237267 65.391886840771 64.9965950167205 64.4246992436733 60.6214688808242 60.9182683624902 60.2481588028318 59.74781831665 60.1886086464883 61.655883140842 63.0142742449279 64.1958471800001 64.5356638 65.3387039800001 65.9417112174567 67.1317698039271 66.4736167788873 67.129965372941 68.1868737376154 67.3194546634034 68.6022054773622 67.4457949800001 68.7242689320814 69.9144320619547 71.1299636157374 71.4256221724345 72.9269989903033 73.5356638 74.8161762830498 76.4525760651222 77.2978382133531 78.7575163107328 77.0687308000003 81.205799841095 80.6969634199999 79.4249476858461 78.1378672911628 77.5936128247512 78.210772459335 79.8757083765794 80.6602838875067 81.3201249884076 83.2132637600001 84.6635684797645 85.7321681 85.8446868879365 87.3947309159552 90.2211849561087 93.8035950803887
96.8224828399997 94.7854679371091 92.9658935599994 90.1574628637157 87.622496371743 83.8404298090814 80.7898328550466 77.3057101799997 72.7960217542208 69.1266368599997 64.8511474332066 59.6276450999993 63.0876846851424 65.0581700713652 68.3047091272974 68.0877942599998 70.1479556836854 70.7014912305085 67.4462017500962 64.1267610987347 63.3564250356273 64.1172878777175 65.9928451146617 67.4231410958991 68.771781332379 69.6444555839569 68.465061026796 67.3977172327673 68.7264121340289 68.9297230744414 68.8298067708764 70.2364512047335 70.2474254643211 70.8120144360916 71.3510151130081 72.2777417307497 73.132509282671 74.310839251292 74.9331785381542 75.2966716585667 78.8187529979584 79.3508561824332 78.9128266994126 78.6013092391333 81.3505560593706 80.1212511010418 78.5373447599997 76.6607397 76.14341792 76.8382400600003 78.3209182800001 79.39234668 80.205615747859 81.7915170156582 83.5708806952455 84.3273555851671 84.7780196488411 86.3597637839681 89.3442580664049 93.8852690995489
96.4482462858338 94.6138390574269 91.9895869793117 89.6969562199999 87.1276390999999 83.1081988399997 79.3857072286577 75.3169149890226 70.6065628602525 66.5730913599998 64.0184071864494 60.6534977998552 61.9043536798908 65.5146553800011 72.302993940907 81.7187153630796 83.1071930209779 83.3720308231871 82.6214133428246 77.4203052412328 69.3717368156897 64.8444684132262 66.3696036659067 69.7841466400002 72.8549907151442 76.1902942913783 76.2513941442004 73.6427547999999 73.6221580564151 73.3449036887326 72.6318986880062 71.4810137742366 71.4889652785153 71.6779618800001 73.2667144600001 75.5147357765963 75.8684309631181 75.02748365554 75.6244151800002 78.1323770946328 82.0282004538083 82.7551797557268 79.1616497577509 80.9157731543855 80.8523534776462 78.7510926018147 77.2090161958315 75.5893113 74.8595313106901 75.5979160060494 77.2494898800001 78.9218437190543 80.3571643474679 81.8229074730054 82.5574249502556 83.0173205800003 84.0728964064451 85.6222643000001 90.789170546599 94.4816156465603
95.8684493908101 93.9600930777447 90.5725350399996 88.5866194316131 86.0423666829044 81.7661765619276 75.9496089551675 72.2487413206491 68.7112248274289 64.8051574599997 62.0354757404613 60.6791777199998 62.3777857639094 69.5289104942599 79.207398279458 88.9398936548257 90.0613748164805 92.5393479182497 94.096622917485 92.6955458041153 84.9828113440198 76.6043277950227 70.6847752871264 68.4309178927049 72.832329931061 76.170533415831 78.3739110600001 76.9558813380379 76.3473992550275 74.8040520199999 73.8442870411589 73.760228711551 74.2881868472901 73.9801820192883 75.2840591934216 76.7870219935129 76.6344916586582 77.1779606800001 79.4108638170528 83.0002482037513 84.8821085081847 83.9300885097614 80.2304883400002 82.8097833779755 81.4168377240776 78.7299448228564 76.431606010209 75.2671442767252 74.2147661163404 74.9645211105943 76.6601785800001 79.19482094 80 81.3273336183314 82.4299444894686 83.5077882278003 85.1417321600001 87.6878968460689 92.1769344400003 94.492955359875
95.7242190149088 92.3408318619377 88.9832237399996 86.8403669399997 84.3230379599999 80.0178772795054 74.4687563777974 71.1293790051275 67.8057113799994 63.8466302229245 60.5697798929344 59.6095884958595 60.1955529484892 72.6831630039345 86.8662710240372 94.8379754068567 96.3095544515386 97.565914248851 96.94990553037 98 96.4480202599998 90.8680642680339 81.4507753983463 73.6993298199996 74.9571677163348 78.2840422400003 79.5052364265149 78.5362201199998 77.3174039534188 74.6440586950807 73.3393635 73.3393635 73.5466482330959 74.1874840274641 76.1055180400002 77.8794468412724 79.863592611994 82.7142741201705 84.4179253727553 85.9255120411589 86.5293898917666 83.9767982328766 82.7795068589467 83.5909736435898 80.9832381399998 78.8728338303887 77.1790805199999 76.1076521199999 75.322584863371 75.958691347237 77.2137240800001 79.3433886884524 80.8890332418798 81.9815547800001 83.99887536 85.132144430884 86.7310434600001 89.1055895520993 92.5666130027072 94.6466499400556
94.4504896759006 90.8944651600001 87.9117953399996 85.9583329930572 83.6425481212238 79.4241994244941 74.6073669697867 69.8728379681349 65.8969340616507 62.2808352473696 59.267060286911 64.7617891268825 67.8711033116828 77.1189255668169 84.9512875998201 96.4204803416823 99.1460910148028 100.68552874688 99.87547802 98.9712730754424 97.396309770276 91.9079873880345 84.5838696068543 80.7287850245951 81.630506959454 80.2510366290393 79.4088390754112 79.5859926993845 77.1309485720524 74.3046095399998 72.7697244674639 73.4393392531826 74.2493890800001 75.2093668107598 76.8536323296612 79.3246625721154 83.7158634835533 86.5973860500193 87.702595179642 88.2028693410673 87.6587883753485 84.0216528207406 85.0835459117329 82.9945949418076 80.6815327075263 79.3219373199999 78.4845397589639 78.0827261446827 77.8749216999999 78.0957183838797 79.7353151436782 81.0486390248843 82.3541424067237 82.9529206410047 84.3006264352859 86.6531193904333 88.3719799638484 89.9052926762593 91.8382376600002 93.9810944600001
