catData/variables/futureClimate2070/rcp45/HadGEM2_ES_2070_rcp45/bio10.asc
NCOLS 409 
NROWS 350 
XLLCORNER 60.897278365 
YLLCORNER 5.843756025 
CELLSIZE 0.0892857 
NODATA_value -9999 
[rows 104 to 129 of 350, columns 232 to 289 of 409]
34.2177035643896 34.089338372 33.9480152071216 33.7890053011228 33.5582746446327 33.321534024 32.9480722624322 32.0872905210969 31.314528774966 31.3349910843563 31.4850367493324 31.3312401933775 31.1243651467112 31.0257117470339 30.6904329642685 30.3195431500001 30.3361737045995 30.4473725058088 29.5310185118069 28.7544597291644 28.3082248654456 28.3012189873893 26.8581842283619 26.1689723679691 27.3074641820384 27.8270928810018 27.5485501897695 27.7512043959519 28.1908028693741 28.757610941197 29.3415979670685 29.8850797054814 29.6098625472723 27.2433218092746 27.5650173590238 28.2243812134295 27.4800080796829 27.3125823830489 27.7939074325338 25.3653416804772 24.6141400188679 24.0618138138154 23.1808480045753 23.8848435704098 25.6978269657328 25.6375908923203 24.8426560437865 23.6447031157589 20.8810203367191 18.2748845617862 21.8298880544347 21.6207763637049 17.0283525584197 10.6323443357466 8.56777755917072 7.0133785264417 9.97052178117642 10.9980803272749
34.3815575007627 34.237549602 34.1091620764607 33.9475008089276 33.7501053839999 33.5658647377041 33.362602414 33.0967844484806 32.7078744156069 31.8964327319999 31.819078019418 32.0556264438648 32.1969107671559 32.341049787569 32.5084063796027 32.5638256424131 32.489338612 32.3128066087269 32.1064932532551 31.6845269297 31.3768056450565 30.7670354850818 29.4542748161819 29.1185459155241 29.7222135129768 30.2304055139999 30.1182632368579 30.3873762312614 30.6839420730965 30.9701614958635 31.1901351215338 31.3336624404014 31.2654252875627 30.0935585109412 28.1828478917129 26.6696841494842 25.1894974879986 24.3340774845851 23.9794436793793 23.2806827380001 23.3909293793454 24.8931036585435 24.5771584352111 23.9995318064208 25.6206688849192 26.6299707863516 24.8742836877896 23.0597368102931 20.1648984997998 21.3239781897077 23.4247140060549 20.3293636632872 17.6034266221861 14.2446120720482 13.5489025388101 10.2911858826562 12.9024995602828 13.5508146029425
34.558978122 34.4303392550639 34.269690871957 34.109166273022 33.9480068139988 33.823263922 33.635819704 33.4215340239999 33.2528499280826 33.042903792 32.9403560338755 32.8881281891454 32.8334687318336 32.7818138508127 32.74821123 32.703624292 32.596481452 32.517721825271 32.4327687314161 32.2889539193129 32.167910092 32.14821123 32.001255181127 31.3671428193965 30.940127494397 31.1749337812615 31.5176600841625 31.6010840310394 31.6229692534988 31.6537712030444 31.5233902474568 31.40357754 31.40357754 31.2520269064236 30.4980644448952 28.6340316209548 27.9873261613067 25.9298311585163 23.0872610766825 22.2905583566575 22.4978503419028 23.3028999191725 22.2180100984115 22.5314237179356 24.790124768475 25.9365402451426 24.8992450377548 23.4293095186269 20.3440181302014 22.8566716578238 23.2906231114646 19.989815058173 19.4989587442023 17.9403955024039 15.4940578045468 14.4364877926721 17.0933810450485 17.8499051018968
34.717909732 34.5661797139999 34.403624052 34.2701968770283 34.108150066318 33.982195532 33.794751314 33.6288695676426 33.516121082 33.364332312 33.257189472 33.157196935743 33.087549722 32.980406882 32.8899813077822 32.810767132 32.732258829525 32.6781197498214 32.5598653968321 32.437549842 32.330407002 32.2623043392071 32.25535407 32.1513077463002 31.8621590325217 31.3073123831129 31.5404956938783 31.3147370085711 31.147148880632 31.2805109681081 31.3341032459999 30.8959975440409 30.4353104601232 30.3441227026359 30.3403271924477 29.8875831936017 29.5157825803542 28.0255556645006 27.0418909239031 24.7971730081952 24.3349217850106 24.1533970898642 22.5007765704454 21.8948090602362 22.8648629466985 24.1882261867903 25.67078452352 24.5325003009307 22.4920531613504 23.8216065808262 24.6198250605061 20.9902030964115 21.04628126421 18.4416584394318 16.0439019377813 17.6487004480599 20.0743195223429 21.6563663765913
34.7859572162199 34.6733225539999 34.510766892 34.403624052 34.2304655139999 34.089338372 33.9520800339374 33.8375496019999 33.730406762 33.560767012 33.4536241719999 33.346481332 33.2538117876549 33.194692562 33.087549722 32.980406882 32.8926643072001 32.8404178590861 32.758978362 32.651835522 32.544692682 32.437549842 32.3658799814827 32.260767252 32.1436420292693 31.917956964 31.6949862516622 31.4973302957941 31.4016270777652 31.1495158401844 30.8396623788072 30.5631013089352 30.317940885038 30.323120978 30.3600079761432 30.1875847139999 29.6777539731784 29.0737085821098 28.9234457492359 28.059324173985 27.7917142816331 28.0313405533391 27.2470956884219 26.0724174126416 25.1826020328913 24.8349023376689 24.6863257486745 24.9969059932636 26.151405065274 26.3249885080326 25.3075283366961 24.4122573038057 21.9844629895568 19.1360343180719 19.5227557656946 19.558585544536 22.9986234640153 23.2280757501803
34.8435636066276 34.7418760432912 34.617909732 34.510766892 34.3835815210479 34.266120962 34.158978122 33.9909393471953 33.875052692 33.737549602 33.630406762 33.523263922 33.4231520356008 33.360440212318 33.301835402 33.194692562 33.1235742100748 33.0679205060063 32.973264042 32.866121202 32.758978362 32.651835522 32.544692682 32.437549842 32.330407002 32.2184018653449 32.0787301912637 31.9666569116347 31.9165434022031 31.756729303184 31.5739063158787 31.603468628 31.6646386352229 31.5443262032158 31.3042539127701 31.0822305239999 30.374731645811 29.8360478045134 29.8324035268377 29.6120176226284 29.7370313452298 29.6356465102836 29.7794499638646 29.2835397673101 28.6099638944316 27.8734056349513 26.6608239296415 26.4726791996657 26.3052105531747 27.1146191759695 25.7427708759041 26.4056781549057 23.8055736888442 22.2830323330742 23.8000396007955 23.5146403153809 25.9715661750155 24.6668647942559
34.9680889845248 34.908978002 34.801835162 34.6494882168206 34.510766892 34.403624052 34.296481212 34.1690360893856 34.058978122 33.875052692 33.767909852 33.6730641875919 33.630406762 33.530299089305 33.4680890402465 33.408978242 33.3138457166503 33.2631138929012 33.187549722 33.080406882 32.973264042 32.866121202 32.758978362 32.651835522 32.544692682 32.4498468333137 32.407189592 32.3233126584168 32.2783799960317 32.23034777 32.23034777 32.244016411377 32.2028769858254 32.0696537194522 31.9127592945553 31.7761670408292 31.4836801695231 31.119661662 31.0063390964516 30.8014096877165 30.4092838488259 29.9189902848915 29.9508467464505 30.3315719793833 30.2816552640339 29.854445595379 29.2297021513778 28.5512857156563 27.5848057659978 26.3712231761636 25.7723450892306 26.201295808195 25.4536819354327 26.3098517992256 25.9436222518669 26.4629287584694 26.1365064648215 24.979770611647
35.08392543 35.039338252 34.932195412 34.766179714 34.617909732 34.510766892 34.403624052 34.2964812119999 34.189338372 34.066120962 33.958978122 33.8544097172965 33.7802028138877 33.737549602 33.6364257397439 33.5767582714403 33.516121082 33.46785086 33.401835402 33.294692562 33.187549722 33.080406882 32.973264042 32.866121202 32.758978362 32.66785086 32.644692682 32.5424206003491 32.4779064908351 32.4304312819807 32.38392543 32.38392543 32.3733137675719 32.294692802 32.187549962 32.1537946551245 32.1213675186176 31.900371740507 31.7033088113227 31.5228299293071 31.3941228381825 31.1715477109193 31.0685715612735 30.8201419640172 30.5554740553474 30.2484368779999 29.6984471858489 29.049293287335 28.7677535606739 28.4581309740706 27.9904442513366 25.7263500306321 23.8216142625628 26.6526059238541 27.8546212083817 27.4931682412351 27.4752542538396 26.6060382378589
35.1569683591704 35.0960175936464 35.039338252 34.9269370472802 34.7560014879029 34.617909732 34.510766892 34.403624052 34.296481212 34.1909137601814 34.173263802 34.066120962 33.98213654 33.951835282 33.8787921342657 33.8326002569174 33.730406762 33.68213654 33.616121082 33.5756022383501 33.4197748148331 33.294692562 33.187549722 33.080406882 32.973264042 32.8675516487488 32.767910092 32.688361864885 32.6480370662981 32.5870859065187 32.58213654 32.5285224838475 32.4309493530306 32.3934657197862 32.3838960106031 32.30250304058 32.29106827 32.269745974 32.0554602939999 31.8586201373126 31.7569101975043 31.6456104156788 31.572103451414 31.4948255238195 31.3207761552282 31.0466714455886 30.7038806572164 30.2871194504447 29.8824420998431 29.8106827 29.5100272933459 29.131537402408 27.520140617413 27.7561532536755 26.5141576575359 24.7529139450962 25.0174528961151 27.3358557764289
35.260766772 35.1544215475685 35.099074606881 35.039338252 34.93101446378 34.7514138697704 34.617909732 34.5107668919999 34.403624052 34.3947232679723 34.289338372 34.182195532 34.09821111 34.067909852 33.99821111 33.9974134987248 33.944692442 33.89642222 33.830406762 33.79642222 33.635819944 33.508978242 33.401835402 33.294692562 33.187549722 33.080406882 32.973264042 32.8666632538809 32.7975412805686 32.79642222 32.7456180665323 32.639338732 32.532195892 32.49821111 32.49821111 32.410767372 32.39821111 32.2982396446143 32.1891801370638 32.0646785164866 31.8977968399629 31.866121442 31.759648427138 31.653624652 31.545556431761 31.4354437664211 31.25963354866 31.1139715933287 30.8433504155591 30.6980207599913 30.8664013282908 30.7796459903382 30.918721909214 30.5079226970336 29.1015143206684 26.4191380362342 25.4860857811671 26.76901795575
35.3033491988656 35.2577999972165 35.153623932 35.1022019266191 35.033984302 34.9307583335452 34.825052572 34.717909732 34.610766892 34.505261332126 34.4916023039561 34.389338372 34.2834354221205 34.2107079 34.2087031617151 34.20535395 34.1563937584492 34.1107079 34.1107079 34.037549602 33.930406762 33.7358199439999 33.616121082 33.508978242 33.401835402 33.2795346771889 33.114821972729 33.0787845806467 32.9699148174354 32.9083207504824 32.853624412 32.746481572 32.6428731537641 32.6067910541537 32.525053052 32.5006722559894 32.4104775400928 32.303624532 32.196481692 32.089338852 32.0041140855784 31.969699222 31.8645610945859 31.760767492 31.70535395 31.646481812 31.539338972 31.432196132 31.329352549079 31.3107079 31.4002301327566 31.1146842466509 30.6896636236307 30.221509784 29.9001145750044 29.445129123383 29.2152145673642 28.9607336034514
35.375052452 35.3069248239984 35.2547345737164 35.153623932 35.046481092 35.0033543211391 34.919698622 34.812555782 34.7172332880054 34.623263682 34.5238847725649 34.4984826451499 34.42499358 34.4212068954204 34.3797320022945 34.32499358 34.32499358 34.32499358 34.32499358 34.251835282 34.1346573774165 33.9485365242982 33.830406762 33.710767132 33.603624292 33.496481452 33.389338612 33.2556814085873 33.1203142996978 33.067910092 32.960767252 32.853624412 32.8042470068385 32.7359843508763 32.632195892 32.525053052 32.5006765039792 32.398270582 32.2922364894505 32.196481692 32.089338852 31.982196012 31.91249679 31.867910332 31.81249679 31.753624652 31.646481812 31.539338972 31.51249679 31.51249679 31.5006765339715 31.4969738274867 31.316121562 31.1969665503461 31.0441992222242 30.9530327201917 30.78750321 30.78750321
35.4699095914391 35.375052452 35.3094800458659 35.241127142 35.133984302 35.0412095281766 34.939338252 34.832195412 34.81963963 34.7986098475666 34.712509464914 34.6361338597384 34.61963963 34.5952894269565 34.531925377696 34.51963963 34.51963963 34.51963963 34.506674438306 34.4412097210415 34.274808200389 34.151835282 34.026115940916 33.837549602 33.730406762 33.623263922 33.511572901526 33.389338612 33.282195772 33.1838095945164 33.0773902321361 32.9723295692114 32.873264042 32.8249112880936 32.739338732 32.6150222653986 32.505413422 32.417910212 32.3178971513561 32.2871302079913 32.196481692 32.089338852 32.01963963 31.975053172 31.91963963 31.860767492 31.753624652 31.6608497367713 31.6235085078812 31.6024660505337 31.5239900688137 31.51963963 31.510767612 31.41963963 31.3778723202037 31.1115802242047 30.8104840391013 30.7894415817538
35.5167539514085 35.455412822 35.3621245585518 35.267909612 35.1784474065121 35.1339712765077 35.046481092 34.9627579734526 34.9282321895673 34.8531016305871 34.82678247 34.810766892 34.72678247 34.72678247 34.6993668263136 34.65356494 34.6397104277261 34.62678247 34.560767012 34.52678247 34.446481332 34.339338492 34.1629415201548 34.025052812 33.917909972 33.810767132 33.6866684460754 33.523263922 33.416121082 33.3416235209842 33.2371778419959 33.1377974630239 33.0430867460437 32.9464354769364 32.846481572 32.6753145868967 32.558978362 32.525053052 32.417910212 32.32678247 32.303624532 32.196481692 32.12678247 32.082196012 32.0129280862819 31.9568952746982 31.860767492 31.82678247 31.746481812 31.6627585006188 31.6282323824011 31.62678247 31.617910452 31.52678247 31.503624772 31.396481932 31.2993673534798 31.208978722
35.5752587697439 35.5044644703567 35.4503010510304 35.375052452 35.3115292798048 35.251660722808 35.153623932 35.1042595879664 35.0375018946464 35.032195412 34.93392531 34.9233430664848 34.8599940549024 34.83392531 34.83392531 34.83392531 34.782195532 34.73392531 34.6903058007744 34.6430314406128 34.553624172 34.446481332 34.339338492 34.1655341701615 34.0280628344512 33.951835282 33.8368359583231 33.703624292 33.596481452 33.489338612 33.382195772 33.275052932 33.1242907413536 33.0430315220335 32.953624412 32.846481572 32.739338732 32.632195892 32.525053052 32.43392531 32.410767372 32.303624532 32.23392531 32.189338852 32.082196012 32.03392531 31.967910332 31.93392531 31.853624652 31.83392531 31.739338972 31.73392531 31.725053292 31.63392531 31.610767612 31.5139043234482 31.455147837939 31.389339092
35.64106815 35.6227570208582 35.548269982 35.4653051356327 35.375052452 35.3110232918763 35.2526769123691 35.153623932 35.14106815 35.0989805391055 35.04106815 35.04106815 35.017909732 34.94106815 34.94106815 34.94106815 34.889338372 34.84106815 34.84106815 34.767909852 34.6937452038055 34.594692322 34.4487044257035 34.3383191725419 34.1784925292126 34.125052812 34.0042624292783 33.851835282 33.7293149422307 33.596481452 33.489338612 33.382195772 33.275052932 33.167910092 33.060767252 32.953624412 32.846481572 32.739338732 32.632195892 32.54106815 32.517910212 32.410767372 32.34106815 32.3147925254511 32.230407002 32.1579586020579 32.1021643021875 32.0821363 32.001835642 31.9821363 31.887549962 31.84106815 31.8358397056602 31.7755592940943 31.7274208901512 31.6696924296033 31.603624772 31.496481932
35.7301587039513 35.655412822 35.573209535805 35.5198278023169 35.4658111235612 35.375052452 35.34821099 35.260766772 35.24821099 35.14821099 35.14821099 35.140489721292 35.0880064845861 35.04821099 35.04821099 35.04821099 35.0214206500986 34.99642198 34.9645952741451 34.875052692 34.84821099 34.760767012 34.6046385953673 34.494692322 34.387549482 34.2726854889984 34.1362175988798 34.0515125412421 33.891375328636 33.751835282 33.644692442 33.537549602 33.3985801718515 33.3103231560266 33.1774072240953 33.060767252 32.953624412 32.847315341539 32.787549722 32.6887009427047 32.625053052 32.5325185170515 32.4783700410704 32.44821099 32.4214208986858 32.337549842 32.29642198 32.2611518716798 32.2066240741983 32.1542646039236 32.0992256619545 31.99642198 31.9921446922892 31.9399170535889 31.885257424533 31.817910452 31.710767612 31.603624772
35.7832825372011 35.710766652 35.6267192837773 35.5737155237335 35.5188116127557 35.467337514755 35.45535383 35.3679096119999 35.3029962707127 35.25535383 35.2504424296911 35.1928496578196 35.15535383 35.15535383 35.15535383 35.15535383 35.15535383 35.15535383 35.089338372 35.0226914519058 34.9662579045834 34.867909852 34.760767012 34.653624172 34.546481332 34.4321882569705 34.2978887215188 34.1947517939999 34.017909972 33.910767132 33.803624292 33.696481452 33.5598653455458 33.4702118729434 33.294752034 33.167910092 33.1131245455889 33.0097503609003 32.946481572 32.839338732 32.745014697632 32.6939350188572 32.6386366886536 32.5860273478356 32.55535383 32.496481692 32.45535383 32.4226916662074 32.41070766 32.323264162 32.2583504992603 32.2097504937495 32.1513928137613 32.1018428227279 32.032196132 31.9418258002936 31.873264282 31.7414412626848
35.8390952056464 35.755412822 35.6805995206404 35.6257030942162 35.5752419149272 35.56249667 35.5123109827859 35.4672055063575 35.367909612 35.36249667 35.353623932 35.26249667 35.26249667 35.26249667 35.26249667 35.26249667 35.26249667 35.26249667 35.196481212 35.16249667 35.082195532 34.9750526919999 34.867909852 34.760767012 34.653624172 34.546481332 34.439338492 34.3208317612261 34.187549482 34.080406642 33.973263802 33.8293276862002 33.696481452 33.589338612 33.4520802612301 33.337549602 33.265879878483 33.160767252 33.053624412 32.9564904749472 32.9105203999093 32.8511328692341 32.8015923256225 32.7457752635209 32.6926642513356 32.6404176578078 32.62499334 32.62499334 32.5748081027619 32.5297024463815 32.430407002 32.423264162 32.3194486241882 32.2564905649552 32.201835642 32.1060565127579 32.025053292 31.9011891355289
35.8886317155059 35.825052332 35.76963951 35.710766652 35.66963951 35.6186922626136 35.5756201081624 35.5087437850614 35.4712829057146 35.4684348175093 35.3973061932668 35.36963951 35.36963951 35.36963951 35.36963951 35.36963951 35.36963951 35.36963951 35.303624052 35.2186924297485 35.1756201810276 35.082195532 34.975052692 34.867909852 34.760767012 34.653624172 34.546481332 34.439338492 34.332195652 34.225052812 34.117909972 33.9928931895646 33.873263802 33.766120962 33.6030569701072 33.482195772 33.375052932 33.267910092 33.160767252 33.06963951 33.046481572 32.96963951 32.932195892 32.86963951 32.8539342416536 32.83927902 32.7933065127942 32.76963951 32.745259836758 32.73927902 32.644692682 32.637549842 32.530407002 32.43927902 32.416121322 32.308978482 32.1757602570333 32.025053292
35.9480317073417 35.8896479050671 35.8370628265242 35.7863311058846 35.7260939457067 35.683014306702 35.6151250648892 35.5796975075195 35.57678235 35.575052452 35.47678235 35.47678235 35.47678235 35.47678235 35.47678235 35.47678235 35.47678235 35.47678235 35.410766892 35.303624052 35.27678235 35.189338372 35.082195532 34.975052692 34.867909852 34.760767012 34.653624172 34.5697471656943 34.516120842 34.3747432874882 34.225052812 34.117909972 34.010767132 33.903624292 33.7778374705555 33.5989796050357 33.482195772 33.375052932 33.2747224201905 33.2412679314008 33.153624412 33.07678235 33.0680888218254 33.0535647 33.0535647 33.0083612889484 32.9614552234604 32.9535647 32.9535647 32.8864235273134 32.8548216250954 32.7763808755041 32.744692682 32.6412681156784 32.5714056767303 32.523264162 32.378677944 32.208978482
35.9939808938107 35.9465053161478 35.8916844978935 35.8345160320651 35.7893881019763 35.7225267479823 35.6870917060591 35.68392519 35.6045428218581 35.5997219221833 35.58392519 35.5704840857339 35.5 35.5 35.5 35.5374196724317 35.58392519 35.5345162334855 35.4893881405559 35.410766892 35.38392519 35.296481212 35.189338372 35.082195532 34.9750526919999 34.8813507548456 34.844692202 34.7424201930715 34.646481332 34.5321712650112 34.416120842 34.308978002 34.201835162 34.0332942828232 33.903624292 33.7824250372596 33.593881836699 33.482195772 33.3764791306162 33.2974256034252 33.2802025954666 33.26785038 33.2364257524506 33.18392519 33.18392519 33.1744616056736 33.16785038 33.1064525422436 33.08392519 33.0698688138391 33.06785038 32.96785038 32.958978362 32.8652760220047 32.8323404279539 32.737549842 32.592963624 32.423264162
36.09106803 36.046480852 35.9439585216887 35.841127142 35.8 35.7934655013334 35.79106803 35.7114343033185 35.6915515123556 35.69106803 35.6829878022963 35.5985694933777 35.59106803 35.59106803 35.59106803 35.5950505219261 35.6 35.594741515422 35.5309490529039 35.4934655227701 35.4179393655558 35.3921895301182 35.296481212 35.189338372 35.0902755411404 35.0675512071856 34.967909852 34.860767012 34.753624172 34.646481332 34.539338492 34.432195652 34.325052812 34.2113755162069 34.0287067161191 33.903624292 33.788033007229 33.5909135589031 33.573263802 33.4675514257488 33.39106803 33.39106803 33.3877235772733 33.38213606 33.38213606 33.38213606 33.38213606 33.308978242 33.28213606 33.28213606 33.28213606 33.18213606 33.173264042 33.0675516443121 32.967910332 32.860767492 32.7843791674201 32.6880140816158
36.1614364598845 36.0992022774223 36.046480852 35.939338012 35.8333762786576 35.8 35.8 35.7984355092625 35.7053160974308 35.7 35.6998412551826 35.69821087 35.69821087 35.69821087 35.69821087 35.69821087 35.6474066049771 35.6 35.5988188976363 35.59821087 35.517909732 35.49821087 35.403624052 35.296481212 35.19821087 35.182195532 35.09779654009 35.066120722 34.958977882 34.851835042 34.6938881726832 34.539338492 34.432195652 34.325052812 34.2164732845436 34.0230987461496 33.903624292 33.7947232635363 33.689338612 33.5979243390772 33.5736781276161 33.49821087 33.49821087 33.541999618304 33.59642174 33.5386029010826 33.49821087 33.5687509110617 33.5157686351625 33.49642174 33.49642174 33.39642174 33.387549722 33.280406882 33.173264042 33.0958796239845 33.0578591427088 32.9072493039999
36.267909372 36.160766532 36.053623692 35.946480852 35.9018194209746 35.9 35.9 35.9 35.8104768587829 35.80535371 35.8048786893384 35.8 35.7780814165403 35.70535371 35.70535371 35.70535371 35.70535371 35.70535371 35.7018194338235 35.6307583851159 35.60535371 35.5225912289945 35.5056435160661 35.4106148191267 35.396481212 35.30535371 35.282195532 35.175052692 35.067909852 34.960767012 34.853624172 34.746481332 34.639338492 34.532195652 34.425052812 34.2351477181456 34.021534264 33.908978002 33.801835162 33.71070742 33.71070742 33.71070742 33.71070742 33.71070742 33.71070742 33.71070742 33.71070742 33.71070742 33.71070742 33.71070742 33.71070742 33.61070742 33.6023103841148 33.500046272 33.4148213340064 33.380406882 33.273264042 33.1239220008116
36.3672349124203 36.2623375130076 36.148269982 36.041127142 35.9422339867084 35.91249655 35.91249655 35.91249655 35.91249655 35.9 35.8922360481405 35.81249655 35.81249655 35.8087099381434 35.8 35.8 35.8 35.8 35.7422341967167 35.71249655 35.71249655 35.7015690695672 35.6172332710048 35.5984864895768 35.5047328081488 35.4229917352792 35.389338372 35.282195532 35.175052692 35.0734816510089 34.973263562 34.866120722 34.758977882 34.651835042 34.544692202 34.4266219115589 34.2351434530131 34.123263682 34.016120842 33.9249931 33.9249931 33.9249931 33.9249931 33.9249931 33.9249931 33.9323500861613 33.93748965 33.9283474466947 33.9249931 33.9249931 33.9249931 33.8372735624067 33.8249931 33.808978242 33.701835402 33.594692562 33.487549722 33.380406882
