catData/variables/futureClimate2070/rcp45/HadGEM2_ES_2070_rcp45/bio16.asc
NCOLS 409 
NROWS 350 
XLLCORNER 60.897278365 
YLLCORNER 5.843756025 
CELLSIZE 0.0892857 
NODATA_value -9999 
[rows 150 to 174 of 350, columns 112 to 167 of 409]
502.60572471889 514.681123838281 531.022683411984 545.843633562589 559.436944788837 573.647195219742 586.971309363361 599.0303418 609.931800021904 620.791531294056 634.337195527895 657.822403943956 689.257951021064 716.759826936731 736.048979969438 749.852030111779 766.389727535093 784.3949427452 809.65875752866 845.738213963001 898.404699337957 964.618445770108 1041.54069200763 1101.94055149415 1124.68297572995 1117.69736752683 1088.46692498181 1071.27215567531 1051.65932272151 1038.52161231193 1004.73648359361 933.554443280281 869.27753701713 834.344385382108 842.785500894496 863.89316020366 897.42191784644 970.150583405091 1067.85854792786 1136.64878729368 1131.07917902008 1126.28371500355 1131.81115139161 1131.53127167732 1100.51496706572 1055.61511600853 1009.22783645418 975.024872300162 975.088523734537 987.302819308484 993.82367901725 999.251441617016 999.098996268376 1001.76034129703 999.916713119566 987.87392786544
512.554631489191 521.185246217721 533.731883944008 546.933619723906 561.484713411194 574.667150266289 587.547663580001 599.874462054082 613.279112160001 626.797041766651 644.142710754702 666.845383370588 694.952881631958 723.658079318843 748.957850411413 773.79239576481 798.265996670644 818.547975989742 835.161372582769 856.96525036438 891.207050839866 940.116738149427 1002.93586765203 1055.971829882 1082.52285776069 1081.15584134657 1066.13177856472 1059.69816054 1055.37466584849 1035.42684022012 991.364526163678 939.189403714738 895.100742092264 869.820009992355 855.045652145495 867.025638567622 917.459801846536 1004.48542357183 1107.21345091768 1181.58964002698 1181.73548741463 1168.59916925027 1166.86243782964 1144.36836965792 1113.91636820993 1065.78102358042 1012.85430826796 981.615553180598 984.292062930791 997.210056572449 1000.41968663117 1003.6257961034 999.784202575776 1000.53370967087 995.442618331933 981.446345718936
512.621396083053 524.846368216541 535.981996376012 549.532645154785 563.532482033551 575.68994726 588.848976026737 603.081078009857 617.659565174124 633.63764033261 653.118325993837 677.451155425207 705.930938740002 736.88454839259 767.105172013811 798.01026237997 828.718815987339 851.263718297552 865.209698594207 877.297576416092 895.117442127798 924.568681507189 969.229358350859 1012.07997481048 1037.19964101785 1040.44010113684 1032.31212486526 1033.84225732241 1043.90357737197 1034.62538989286 1016.07413590758 976.89831893782 941.65729783908 913.681740529888 879.982431408969 871.310268480025 920.34320420338 1006.66133654897 1091.91397886371 1155.58619865509 1165.58957118768 1169.80823408 1179.802572132 1155.20336021784 1122.27577036154 1083.05337620924 1037.02047881262 1011.00389472123 1010.49535823568 1015.79743551967 1008.38484594305 1003.74350738707 996.832891248916 996.51586882 991.912827896006 981.262851326174
513.67718536614 526.312632148581 538.885843437955 551.064414640003 564.889968204093 577.60062276 590.920975120001 606.126579653532 622.602460368648 640.543950991885 660.73843668 686.581633933996 717.700309773663 750.633099622111 784.893941118683 820.436598808909 858.557729283491 885.90575640766 898.0587839408 899.644355185764 899.297849704835 913.643811898834 943.785884419611 982.198182042319 1009.26572368672 1018.29301252561 1007.98584123783 1006.66500338833 1014.44623693262 1019.85540368854 1023.65375154947 1011.10376973928 995.285084417167 964.324774479587 931.967121114105 920.840858946479 951.007792200941 1003.7016401571 1080.63821589264 1147.58121265584 1158.32486863916 1152.82170307804 1154.79123596717 1140.95388211261 1114.97588265119 1094.21929810329 1063.89485490302 1039.64205444371 1033.99287592697 1029.56999049813 1011.28488735779 1000.16677512139 990.39743317942 984.194096100244 981.223637695799 978.774327516261
517.314314092401 529.339914619917 541.221331826032 552.120069612151 565.145809281736 578.68693444438 591.242480920001 606.5455127 622.683836065456 638.134547695375 657.341874150082 687.470437133557 725.495256489669 763.540838946775 800.801474761163 838.984520528926 885.37059454677 925.829258402235 937.311981702164 921.796475170016 904.185413705634 906.320618982232 933.172734916699 972.508713893222 1007.33696721478 1024.26973433983 1018.10996808875 1011.89880145142 1013.25011668522 1018.26054262232 1030.61577501908 1040.71469277558 1047.8228234453 1043.76118120816 1017.85983472433 993.772164122101 997.065052448634 1018.91963875984 1091.07784796822 1149.03908240317 1163.52085614037 1153.85035591639 1134.07322503594 1112.94466978068 1094.69100069683 1083.00536444284 1067.59811468385 1050.85817950124 1040.23174863775 1023.68924543305 1002.40374821673 987.911306871466 980.708538908176 973.324065977938 969.030676588107 974.669022528132
522.740383781467 533.670806791254 543.475300782085 553.155929641666 563.997311401242 575.97295030959 589.0508121802 602.706367849966 615.253270659112 621.844785953938 636.884281804503 679.984294293675 732.236568551719 776.582734433828 814.873505000008 854.1067723117 902.243456741908 959.738390248483 973.735062365059 941.548010222057 909.809977495977 901.263746063695 936.036982002212 980.238506153392 1019.37216468157 1047.94770403327 1051.7889094241 1047.89733931423 1037.92056905788 1043.4138189986 1064.26291481887 1088.62172163619 1115.8803101709 1130.14715369019 1083.05392014885 1034.64203331766 1025.18925644287 1052.85065998702 1137.11818963819 1176.32707747951 1160.87338712067 1140.80722865411 1113.06685071567 1087.3102648472 1074.86909068686 1059.25455051208 1049.61738660584 1040.75532548 1028.58560905673 1006.03538208454 983.339830756294 971.932727098567 968.652319507476 969.410665617063 968.353242430082 982.938029481536
530.662197430875 541.19977717036 548.948232092105 555.421692299033 564.945084908934 574.956427214238 587.286182829904 593.901043033856 590.208150244143 581.16661719825 601.078169455016 668.362600745578 739.214526093209 788.017654074436 825.849800229587 860.150312099608 895.203968355131 937.617491710043 961.767614293614 951.619410526883 932.924248609143 932.311918503686 960.133694118369 998.121939108927 1033.61826553785 1059.30875316556 1069.62250344084 1070.0725760831 1066.23304248701 1077.25762264501 1103.60728880699 1124.96857916941 1146.93817679967 1146.06774553925 1109.26884285482 1076.40781154642 1074.85621237027 1081.88322435566 1113.98588019262 1135.94315983497 1121.42448051236 1097.91028276793 1081.46950304336 1059.31466735175 1045.65682982515 1038.22715048948 1029.86988257795 1018.96875964 1007.54398298466 981.216116526393 960.027334175478 954.787282225657 958.771185426508 971.586037417612 985.452543774434 1006.19378365915
543.406756090374 550.746311080001 555.756191904251 560.730896817393 567.249302076005 574.73787580471 589.123143841964 590.977580846513 575.085507753878 565.704837306952 586.947643928151 652.943861817024 730.875363187883 792.003883606159 837.544922626263 865.923958264673 879.279478455494 904.116844505364 933.520696992834 950.066422366321 957.40208332926 971.169095383353 993.204990412994 1018.39516333304 1042.6183883528 1059.20472721039 1067.58658182136 1066.24145594588 1070.7215613234 1092.45633818243 1120.55955951262 1135.17041666403 1137.65027278632 1133.22177756456 1111.64095419941 1092.05376915176 1072.2717110875 1061.02482729744 1054.91652183148 1057.76924364079 1046.78966213317 1032.91195090817 1034.94507810794 1027.81882226713 1025.9162756322 1024.46287041625 1007.68185269958 1002.02409881781 990.836646297968 964.163304207076 941.738166200789 940.258401646338 951.846122456395 977.780143174978 1007.78655355645 1032.47867846289
557.25109384891 563.481024615791 563.991594796437 565.782154826883 565.820555575384 569.063082105505 576.026793881043 580.228273249155 566.554112925348 558.58596895652 581.251536014902 642.946239113445 720.794394794171 794.173361285286 856.679355344264 894.568700144661 894.28867036185 897.389019235031 913.681158143898 943.156154583625 981.343482991627 1010.17210083855 1027.04368602076 1029.80295053835 1029.64645003319 1037.24550357061 1051.37604828847 1061.61250444319 1070.95707701015 1088.0286699038 1112.54421677748 1136.80255955225 1136.89909072144 1123.76322162988 1096.70546816353 1069.77078292327 1033.84641718555 1003.52468216492 985.474743268692 978.977304783968 972.390972986321 970.824777524703 983.372731636991 997.132674536176 1008.47565763911 1005.25661047116 993.676082433226 995.221966842503 984.132941730058 957.139627690533 936.152558849591 933.718993914449 948.334558746552 978.132375232641 1017.02155503916 1048.74116830613
571.496387280001 575.0673696366 570.6808966 570.32176692 569.451605009951 570.744250696255 571.216252676059 568.596487166009 562.397940996248 561.270783350435 586.469344318628 644.565663894307 718.045488447306 798.066313079999 878.648468696347 938.553698253402 930.762436313052 910.906426268395 919.703382015027 959.144432538943 1016.54554732935 1055.52907758992 1067.6334533904 1044.42775421586 1013.1382139136 1008.58414878515 1029.61162078 1051.04076342211 1069.21183069652 1087.05769220726 1111.72533871375 1144.94439365128 1150.90464963771 1133.15575458062 1087.06366555261 1044.46910138707 1003.32115866958 951.831601951823 926.766945077529 923.514597406092 917.47924902862 916.50119866776 939.159273814767 974.084804251603 994.706279093687 988.017211763037 986.389880875005 990.218568125911 980.63380688159 960.386124012863 945.362201411199 937.668085223749 947.761432966166 977.471138470855 1020.38105240321 1056.76989003605
579.357916499341 582.681489964127 580.855397151257 577.369262484249 576.080172422029 575.393078141687 569.255680157437 565.162863972499 566.912971864654 578.899516440876 606.565562046723 655.061261475017 718.476160881262 792.357690275578 872.502864373388 936.840433585926 920.030256706885 905.259181202137 932.312402934041 986.504061575743 1050.94596534801 1099.79800212083 1115.51316315455 1074.71145673901 1021.98366275321 1004.28806339322 1020.01359429848 1046.71788618 1072.7250264192 1098.72266381684 1132.42453617527 1169.81820881371 1185.39907687293 1171.81123112 1115.22057292228 1057.7194399146 1007.39398676588 945.215992264696 912.180225156697 904.183864477624 894.403968343772 890.024968796776 916.920980601159 960.303695663047 978.560679014701 977.355593419541 981.750627550143 985.910231386266 981.208170693239 970.251657322771 960.035910454388 953.810564652725 961.773923992597 989.559535556931 1031.9248047616 1065.40577487031
585.007411747445 589.015272420001 590.801279404413 588.900563557068 586.853837408577 580.59330106 572.86554358631 570.069348179496 576.955704600002 595.439701466094 623.183630417227 663.665546520582 716.268832652824 775.888251858473 834.665946428178 872.871307813803 869.508887341964 884.845962963049 933.831268698095 996.101162804422 1063.10627910405 1118.96510889806 1138.63591905529 1097.97336910656 1044.93858008048 1023.94115507043 1033.36559218 1057.2235679537 1086.32285680265 1121.78398271593 1166.47387865894 1210.45370984835 1232.029650876 1222.0759245552 1166.00524083033 1097.12181427787 1038.31530063341 981.769893169101 942.774798169788 917.561925152128 901.346647442554 894.921693397406 912.044809911582 946.586624145157 969.591489623871 968.039798241274 977.155978820001 985.177066515866 984.815053171948 985.677950677357 982.350766529566 982.533774296934 995.110942317407 1018.09415564985 1046.11764676391 1073.71918041148
605.30949435915 603.215634529757 601.80354562 602.241664221616 599.900919334239 589.848495749508 583.839595152505 581.87622313637 589.739538979134 607.969772334641 634.110302490419 668.84584736822 710.349207072611 755.063490319795 796.278426325842 825.4700427 842.525992929446 873.028183717338 926.496777434167 990.74646784967 1055.88538163553 1104.87160715217 1114.94111070382 1084.46372008316 1042.30252339688 1033.11313519007 1052.87540394531 1080.98637081043 1114.84811350641 1158.79643510239 1210.94736301938 1257.53441025855 1274.79891832334 1258.14625877956 1209.76715607111 1141.84409001822 1079.19223669839 1020.68321725491 974.043443873114 938.216585542374 915.729598457151 904.324798222971 908.195446766181 923.28772512898 938.155595615271 950.196927196223 965.028274064778 972.932677773662 980.929015523672 993.495213556003 1005.52121803673 1015.19680799957 1030.50685478384 1050.23760698322 1061.60097464114 1080.00170357347
633.516350513238 629.00859071859 625.749891903371 621.562349424198 611.00554112 600.163744057307 595.126088030849 593.351293391021 599.18787260092 614.885129475365 639.62821656 671.111599421147 704.182741923128 736.049925424809 765.711874278714 792.916194799999 820.951601702411 857.29500943756 908.366275159756 969.184392828511 1030.89984809784 1072.64437526192 1077.3546973841 1058.84866311945 1033.61914467675 1039.79395877781 1071.56988677455 1110.38297081404 1159.20811246563 1216.55269043547 1268.00120020651 1308.95523662975 1317.33349203072 1298.10397011759 1256.61962278609 1190.48354486517 1119.2366575388 1050.1519727154 992.237194314455 947.965061699947 918.345234948876 897.664594848202 887.681339101934 884.36429010422 889.44438469928 909.589021977172 924.802331699203 929.077533162913 951.32872295587 986.762697273816 1018.66004589357 1036.95241171451 1061.34155334078 1085.64503271914 1084.99276547303 1070.39621324203
662.498784844328 656.173911592982 655.262487103201 640.483128381013 624.564547274499 614.887789218736 606.79410605767 603.170133321537 604.558864932939 618.211543335666 643.769117098935 672.322553808929 697.073963606354 717.568946327369 739.264286071682 765.237547 796.989101727926 834.982588313328 881.016134228682 936.36617671376 993.807845929757 1033.49391146627 1051.18088129216 1061.18491942445 1065.90359838673 1076.44610951376 1099.90588788992 1144.24049310089 1202.89624456001 1265.82599493928 1321.96136336873 1357.59088012668 1354.67275103508 1340.15983415266 1308.70994039265 1239.54750612266 1152.71284970344 1073.51168685122 1007.49547787118 954.314746729541 912.971837237726 885.463010025419 865.77337262141 851.991906182904 852.156509331683 862.189906513461 873.364859161495 882.020221068783 910.911513783461 961.936743937596 1001.44340404949 1003.93042788317 1053.65326150548 1095.4895045824 1074.53018836162 1035.42331861122
686.584376530478 672.885475987718 672.589731291144 658.142493234331 635.041116028381 625.437893646429 619.38068163381 616.958774632477 616.928593570856 629.625949306388 652.989960713325 671.567063108132 686.130108834659 698.16775463742 713.533756367138 739.060801324049 775.561510765152 811.336012887003 852.877082875521 905.703538499999 962.820574688596 1009.84047090833 1049.59196790283 1093.69317399884 1131.4777483414 1144.46438415069 1150.80337052651 1187.35888703387 1243.08776384304 1303.26704783457 1353.46270188708 1373.56837622066 1366.13083097092 1363.24394272611 1343.72458927969 1268.27753246278 1168.47278944 1085.83091836052 1015.58652616997 955.673151835104 907.088558497118 873.685871444524 845.776055964619 826.079199938609 821.63544900568 828.401574433362 840.561502590918 847.570990103557 857.606074736926 888.317251201619 924.166016363098 927.427879395611 958.101864694055 981.328209327693 970.778276283597 954.897362193107
699.42163095696 683.092814991912 677.730793976921 668.223057838242 645.626632413453 636.781869109767 635.886114957525 642.916652014335 653.703089049965 665.089209100797 669.858437639143 673.0027684972 677.010976944994 681.535850689927 690.257910051111 716.858314383853 759.767029706522 792.475386488023 839.612557457227 888.625734837022 943.007003921207 998.700109441427 1058.69281061791 1132.66621329155 1200.33920053973 1217.76387076687 1213.47866107442 1233.75751756161 1275.72210054662 1328.46514337033 1366.33939849672 1363.89315719813 1356.69113584826 1353.63564092942 1330.25988456031 1262.47956192155 1169.91221919141 1085.14215982304 1013.45802827324 950.012658210331 897.60960060092 860.775892843841 824.752212226324 799.652985761164 791.80070446886 798.792685016862 816.124620925875 822.457568750308 813.789787387409 822.803386835405 849.734964036503 873.828756732845 895.627183400037 908.070880882771 910.012558074392 910.872648447209
703.073727946575 687.420958012706 677.612933204654 666.540940709385 659.876202868904 650.0521142711 647.600422463355 658.743102297936 674.801023924388 684.233437154771 680.187020500638 675.314454009991 675.32035236 677.580818473739 685.932901484782 706.593641013324 752.340801893946 -9999 839.21093843546 883.734117929113 938.497491503343 992.038180023517 1052.97028639858 1133.73893402268 1212.09949275579 1246.68704893499 1253.32371719566 1266.60997922341 1293.66719248516 1327.40248043336 1344.89268707076 1336.55522541659 1330.17470387456 1323.1845058092 1292.45419022995 1231.22762384999 1150.27964109239 1071.19754416009 1000.22560214049 935.852979639995 882.703617399993 844.849344862116 804.838230707948 773.413007639125 760.374427838628 762.879955690387 778.156874500001 786.77455985062 785.308614385548 796.640773021535 824.320505533897 850.615717823279 871.014979109381 883.89649960288 894.363039490834 908.301939148086
694.256844439997 676.387260375887 660.479828697041 649.682109550259 653.329064434953 647.450112507167 648.662617712699 657.620306195574 669.140271690062 676.299772345093 677.391141444322 676.878962843723 679.254781036774 684.681585103371 693.495087166703 705.607476298206 751.461653158209 830.92887889333 830.758481235615 879.067467551158 936.038376256082 982.789917856739 1024.60040218821 1106.45334856324 1194.88235461645 1247.59062204599 1270.37813503049 1286.4554754 1304.04725430317 1315.21440417693 1308.65538663549 1292.92639020062 1297.89905880504 1295.38903058 1261.96582124063 1196.9304857795 1125.92883548464 1061.00011495829 988.124816340821 919.032512229394 866.632191399992 821.331579684271 781.126556848266 749.480407559995 729.53071297114 726.216434602256 737.524284255676 751.008348760872 765.218204735261 787.503989780002 814.712564234851 837.186727143313 855.044883660001 867.96050124 885.844754655407 915.05655648995
680.983134437494 665.068769030099 649.919564428816 645.004213859208 642.361673671051 644.682937280656 649.375881576054 656.142934689083 662.970716173952 667.48086094 672.191548834462 680.239687700738 689.10885528657 695.474234024576 702.470992031587 706.60540851608 -9999 821.933207035557 822.04803752 871.421869272481 932.110824406915 977.237778645885 1010.55223268872 1086.01036330376 1175.6710377522 1239.05735996898 1273.46959341639 1299.35110858543 1316.23193766851 1318.91267702837 1297.39308580852 1279.4189265081 1293.64906432147 1293.58527088277 1244.29781129153 1170.22293117136 1097.14792019545 1025.86053332412 966.680768064619 915.82924232754 890.892753804759 843.468259171916 774.879913796503 732.541370046577 737.271187975193 718.853647381232 707.636902639999 723.138505580329 747.846059351266 773.813778728403 797.663235787331 817.261621496656 834.050263152322 848.169011187101 872.71202726756 905.594905164296
670.863398817937 662.918843557394 654.942094084256 649.544353146743 638.135013500245 641.995635425198 651.1953719603 655.27438001324 656.715917068772 657.95110476086 668.071350006795 687.353368308523 702.902800789796 711.563346460027 714.321418358607 716.103702508874 -9999 -9999 814.565766826735 878.268042161253 925.268247983494 978.107042419119 1019.79080482412 1079.01503464013 1157.51684988483 1230.87940458766 1281.11331022708 1320.33931956448 1349.48367096618 1353.12249735791 1340.88115443215 1320.01518933845 1323.5859304 1287.46448596657 1228.28251371502 1158.10925632147 1072.38941230454 997.364636070727 952.968525696224 977.939852418592 973.718829131813 879.955013223112 787.928944763136 742.404902039685 732.072095649655 720.058265917003 740.919332068539 725.791425862165 747.889297502349 772.119863748192 787.754997430495 798.320729359366 806.951134790736 824.654491790615 854.483890000004 891.434624983269
670.28363082815 665.205078622082 665.570350080001 666.311055939969 663.579180404987 672.423402837248 673.188161265534 669.590063460001 665.673520386695 663.403839603849 678.340830160003 705.944763556571 724.78829536793 735.83326748329 729.917549091925 725.906284004765 -9999 -9999 804.160058849951 856.265880271642 920.554386500014 981.219878108224 1018.27914446743 1066.42255564423 1142.85550455573 1231.60838814364 1310.64234585642 1390.13841962689 1445.00150867751 1434.78981774633 1484.3843635942 1445.73426273035 1370.71400377541 1329.19107946589 1266.2457937412 1161.73062537061 1054.42171461735 985.658418966758 956.78836588613 902.314810225742 853.708214446575 837.151359483367 815.028441555814 789.686564424721 780.838155878432 752.734161331599 760.318703278036 773.032666914879 774.470480207114 798.114417020006 806.936213145791 800.468746707317 797.219510977673 818.125332480003 849.937001558922 880.783235490224
681.809774662169 677.724393915905 677.949077792428 691.019089967041 725.946006592417 717.599518152928 703.456350359341 692.571874007794 692.014988740002 700.134074720005 721.859224260002 748.085933239066 763.090522552682 767.964162587516 756.958012584533 754.822313408349 -9999 -9999 805.165087595441 850.414784934894 920.122020264565 982.520305517462 1019.65070114935 1065.24177061551 1149.28963557101 1252.50657511161 1360.93274160897 1458.19493357726 1503.6122094353 1510.19283775389 1513.07357591063 1488.73145602885 1428.35141916006 1342.19726350225 1296.3163120831 1228.05939437917 1111.17388425095 1005.0133920701 907.082637754932 822.118952355839 773.703143178746 746.06803707303 733.026891171384 744.383233269803 780.472093547816 784.064422007824 794.924214661414 807.861297440735 828.028385028946 862.646617880587 866.5372475745 837.021149621373 816.923892568602 835.108982101354 864.121125735921 891.406478593696
695.121406972219 685.260395296564 684.153155946328 697.595459187147 741.659049709139 740.378234316872 725.815990875393 718.58709714156 718.936022006764 725.549080158218 744.57288706216 769.405744955758 792.831106773287 804.334314061259 789.888497051364 777.328143826484 -9999 -9999 -9999 884.570244232014 942.105190400639 1004.49268946342 1049.30672230382 1114.05074364998 1215.08924770603 1324.79641308592 1426.36668237857 1515.02518765099 1570.61963782035 1587.83288493238 1568.76696165758 1526.49875817001 1450.06869406837 1345.56266144659 1232.3514072196 1123.41215982742 1020.55892167457 926.386645853592 850.399850604148 791.164674400122 748.787535179994 723.581033841205 716.707927423295 727.743152391349 766.131521048331 798.915226665963 815.998642836328 825.487710178831 844.421491536867 876.331535459983 891.080563195121 870.087831672968 858.161777708167 867.13535199656 913.554462758162 938.151202776748
709.67912177293 693.622169806599 694.283594133767 715.429252001475 753.790820961613 749.083027945035 733.803803773717 727.03695764 727.174073363874 736.78582139352 748.924369272776 764.740133962392 795.116572200802 816.269501811698 811.21660527751 792.394137230007 -9999 -9999 -9999 914.875013746899 974.541731448714 1030.39757285483 1097.10169007112 1186.98176046243 1309.80140469552 1428.49410774982 1529.76695811365 1614.03834910529 1669.18012915718 1674.06561527019 1636.16952208508 1557.83631989536 1449.90751796753 1334.58354661357 1219.04472064587 1103.07499497578 992.892494102757 891.899168171674 811.106197625672 755.721151231349 717.357036725952 697.107381149831 698.369050171145 718.54227820638 745.286644372124 774.41563126512 798.893682452046 821.637120998034 844.859753691261 876.300967021313 900.068910953378 908.441935634172 923.728476926899 927.238964714565 984.460833271681 989.033376802177
