catData/variables/futureClimate2070/rcp45/HadGEM2_ES_2070_rcp45/bio17.asc
NCOLS 409 
NROWS 350 
XLLCORNER 60.897278365 
YLLCORNER 5.843756025 
CELLSIZE 0.0892857 
NODATA_value -9999 
[rows 54 to 80 of 350, columns 122 to 182 of 409]
12.629380684802 13 13.8134456527417 14.96376908 16.0351974800002 17.3096447690571 19.1365065321712 19.2148463199998 18.2115606946276 18 17.7683966199998 17 16.9130636395404 16.0830973384625 15.2321645 15.2321645 15.7390693644533 16.1698520543186 16.2321645 16.9036051481379 17 16.4776246705944 17.3003054318225 18 18.0537695257213 18.302517164493 19.1263087567353 21.1239368600004 22.2321645 22.3688497195803 23.1245003800002 24.19592878 23.8477354558956 23.4934757253326 24.1906130665608 25.4856619322113 26.8739770600003 29.1770040399999 32.3912892400006 35.6759265472987 39.3395442739301 43.0341448400006 46.7657422200004 53.4064181400005 61.1644085588438 68.1936151598586 74.875957293505 81.945257232421 90.0659531287329 95.806126899742 100.790759463631 96.905991002797 85.9089650705987 77.7637672608256 73.5961164133748 65.3142277799952 55.8944053886503 53.3435483332833 50.3793757681123 70.4052996082061 102.589192412894
11.67805548 12.1607361 13.374974315514 14.1175952669313 14.9637690800002 16.03519748 17.258664514267 18.9972163432877 18.7647820991575 18 17.7683966199998 17 16.6857290889385 15.643177128616 15 15 15.1061137587195 15.1607361 15.8346906763902 16.1405571260552 16.9545852314995 15.1780518800002 16.1750004933909 16.4558992641638 17.3551104417188 18 18.4346466631719 20.0525084600004 21.5948995519378 22 22.1061133729528 22.8923358799999 22.3577079199999 22.1607361 23.1066210799999 24.163518985179 24.4989557600003 26.8019827399998 30.0162679400005 33.2305531400003 36.81929372 41.0333377001501 44.795823382296 50.0431794094822 56.710071267187 64.4212713207377 67.1275844603834 71.7987160545241 78.2739578569666 84.5297813170627 89.8572174381452 96.7215936182461 100.18022491829 100.016151795646 97.0238363698315 85.6534308340783 77.1635238434719 67.7564091605076 76.1749944574221 100.186347767056 104.982476151331
11.0462006039932 11.6254757698882 12.7191349962306 13.0893077 13.8923406800002 14.96376908 16.03519748 17.1943869331762 18.1622027741147 18.9106923 18.4681695051796 17 16.2845218174173 15.0494864164639 15 15 15 15 15.0717168141295 15.0893077 16.0351950799999 16.7913923374562 15.1701263413959 16.0143046447229 16.3209086800002 17.3652742230397 18.37445778 19.0796421383952 20.1670443846839 21.6254713985651 22 22.0653374936723 22.017591100209 21.2036391259095 22.0351926799999 23.1050748618531 24.1774835600003 26.1887790407687 28.0843261834976 31.9983886400003 35.2461155887404 38.5560875948595 42.2909718590225 46.6387358541931 51.1158230664308 57.056105038668 61.6396991781903 64.3404256347144 69.4390413976892 74.9045431723837 81.2463295600027 88.1628741041838 91.4869437043295 93.1339376717165 95.6325762927744 101.550643926465 101.935250699753 92.2130765324178 90.0717490296719 105.876333984998 97.2627408711387
11 11.5887477800001 12.66017618 13 13.0143576675593 13.89234068 14.96376908 16.0351974800002 17.0194660267278 17.0357586 17.0274767873759 16.7023862161042 15.6367240341037 15 15 15 14.3516296650646 14.0178793 14.0178793 14.0178793 14.0347911042332 16.0342662979241 16.7915130914521 15.1751881063904 16.0041408634017 16.32090868 17.7600998170141 19 19.5265638025703 20.6066222800001 21.6662472778457 22 22 21.1255434199999 21.9458849799999 23.0173133800002 24.0903284209073 25.3353559293006 27.4714788009831 30.2424486097169 34.14124544 37.3555306400004 40.5790650196601 43.8125066094521 47.6943138200005 52.7247052490365 56.4949520788286 59.6971244113807 62.0140175152375 68.2451446235918 76.4312345139921 80.1337461633668 80.6419853600003 83.3692198505084 86.5285934801571 89.0319005139158 97.3279206720097 101.688855848041 104.062674667334 103.84267379477 104.46193124164
9.48961739278846 11.0924195462543 11.9282536402805 12.67805548 12.9894525933493 13 13.8952382335818 14.9473782729527 15.0839942805129 15.9464509 15.7148475199998 14.9302238209097 14.8728497943753 14.4173410521592 13.4032866786938 12.9779776852282 13 13 13 13.8276324886343 13.9464509 14.0173157800002 15.0839920090309 15.8034325150074 15.2603460319239 16.2657072305725 17.354405902893 18.8382232600004 19.9741526301759 20.0315266567103 20.6430173135106 21.67805068 21.9894523363137 22.046826362848 22.9994340799999 24.0018542318339 24.19583998 25.258691411014 26.9675415244804 30.9090809400003 33.74891076 35.8678908848767 38.4706858383423 41.6591235400003 46.7478613158202 54.5066807774781 56.0801383667748 65.3313157083535 67.0332635260527 61.2914814260094 66.2808734042688 72.4902395214044 72.869154247003 74.620232527075 77.5347095600001 81.0152105000015 84.73731874058 91.2918533022799 98.1030868772563 94.9205573729213 96.756300327943
9 9.58874778000014 10.5776690114641 11.60662708 12.6780554800002 12.8750225 12.8750225 13.7651987971592 14.6250674999999 14.6250674999999 14.4224093314237 13.4848853742849 12.5473614171459 12 12 12.5151654542711 12.95752936859 13 13 13 13 13.8923382800002 14.8861135257559 15.140154611383 15.6723664314778 15.568186905661 16.9686200943999 17.9610241199394 19.5173145800001 20.5887429800001 20.4223351886438 20.67371025699 21.8787715887321 22.9994340800002 24.0708624799999 24.1596042600004 26.2137192800001 27.144995168671 27.9447507400006 31.1211643856074 33.8270897627461 35.4458837800002 36.9699719770242 39.5676649141632 42.6480456713024 47.7403521453234 53.3656240544204 59.1846891908782 66.0235243994312 64.1765609980168 60.2107660106812 62.8355984712752 65.7422716715863 68.9281066544485 73.2021977626919 76.7716948205082 79.4913435521197 80.4275373328727 87.4392709562431 94.4660882232264 91.6592213468432
9 9.58874778000014 10 10.73160458 11.8030329800002 12 12 12 12 12 12 12 12 12 12 12 12.5305117545829 12.9472850846049 13 13 13 13.0173157800002 14.0713142994575 14.8350529397302 15 15.30302938 16.6753698427072 18.3370549564807 19.4157109443321 20.3923370800001 20.9332556540432 20.4120907332307 22.2900514951639 23.849799111606 24.9458849799999 25.2276322100194 27.0887417800001 28.223086916712 30.0876075400004 32.9988657600002 34.6937219340812 35.5547154748938 36.4157090157062 37.8654431365187 39.9275261600003 42.6582902981437 47.7557799768685 50.9139688804645 53.3089164623231 57.4562637158209 58.8927785533826 57.8960658630183 60.0600839838312 63.7944606185737 67.6561162309111 72.2160081761278 78.1498900966429 76.7052657647503 78.7745305225915 85.2972843485538 88.4374372670296
9 9.43106093046726 9.908983525047 10.5356557794389 11.5351986800002 11.9663764515893 12 11.7321657 11.7559350781317 12 12 12 12 12 12 12 12 12.73160218 13 13 13 13.0173157800002 14 14.1172728691565 14.7941963863577 15.30302938 16.37445778 17.8917723600004 19 19.5887429800001 20.6601713800002 21 21.5879496895295 23.2468693940156 24.6635568214987 25.7541161970132 27.1362779650543 29.0590782080409 32.4982986400004 35.4095568600001 36.7032109054164 36.2968226598046 35.8614460543882 36.1632213588742 37.7846693600003 39.9275261600002 42.6583308923321 46.2258961736368 46.4749653160896 49.1944038200008 53.2614341794503 54.9496915557168 56.9275237600005 58.9080598074663 59.7547925235625 65.5554404635272 71.0928242112371 70.6893420166477 76.5301470138401 82.7101648374079 89.7930071859391
9 9 9.66017618000005 10 10.5305938430163 11.53519868 11.6607373 11 11.0586381756534 11.7150786961872 12 12 12 12 12.1755063553906 12.1395233527686 12 12.4833968490873 12.9331756227534 13 13 13.0114411817247 13.6908448901161 14 14.1530274062027 15.0665732456381 16.37445778 17.7404998106808 18.8362428411602 19.3890044469992 20.0969371551585 20.5696791166822 20.9331748085229 21.8744565800001 23.5708664677956 24.7012378440453 27.296332115886 31.0342831877261 35.4518938995676 38.5210363085926 39.4311087632484 37.5209335996435 34.7924156661404 34.1819496187703 35.6418125600002 37.7846693600001 39.9275261600002 41.7737132738675 44.1948797379735 43.3730996105571 46.6602225249669 50.9078067665045 54.4454042600004 56.2906267115318 57.37445298 61.8537301165682 66.8276550707969 69.3549527200008 76.729272432764 84.5384736871159 87.6550854799381
8.58930890000003 8.58930890000003 9.24948508000008 9.88977238972524 10 10.5153278739403 10.5893089 11 11 11.16017498 12 12 12 12 12.3048595004351 12.2423560077321 11.7288725041006 11.5893089 12.0625419677663 12.1786178000001 12.5670853285683 13 13.0887441800002 14 14 14.4816072905954 15.9637666800001 17.0351950800002 17.8941669860939 18.4204093020736 18.8604354102408 19.431138261592 20.0625405534249 21.0530743800002 22.12450278 23.2305579400006 26.5700303792448 31.5217207348225 37.2419699444219 40.1785764962542 40.5893089 38.0971267200795 33.4480634599997 32.3469500635852 33.9096468600003 35.7520431272508 37.7846693600003 39.0530719800005 41.6277999827488 42.4137831491634 43.0124117592454 48.0350773852588 52.1476157499206 55.0335232380883 57.9389285862544 60.7641924223143 64.7305471400007 68.5335705200009 74.6112872886149 77.4157925432752 78.0807890247427
8 8 8.34189237018652 9.24948507999999 9.5178805 9.5178805 9.5178805 10.5262299322826 11 11.0829514987299 11.629541005764 12 12 12 11.7505913962609 11.5178805 11.1759893727266 11 11 11 11.0338258785962 12.035761 12.1245051800002 13.1129833241833 13.6295398486772 14.1569330068291 14.89233828 15.9637666800002 16.7672879466524 17.3048985088539 17.8597703843602 18.3884795201337 18.9050360446276 19.4528640108788 20.4637654799999 21.5614735218916 24.4794699000006 30.1569522599996 36.6188985484101 38.8458319321683 39.3373482594221 36.5913728349275 32.5005175391309 31.5178805 32.8382184600003 34.2494778800001 36.1239320600002 36.9707432679657 38.4714977234716 42.5172614420442 42.662771668969 45.324447159981 50.4717441090079 54.7299788200013 58.6278486269821 61.1589141520155 63.053119075043 66.1068715630282 68.8739746600007 66.9799777859597 66.8100674609079
8 8 8 8.73160457999998 9 9 9 9.46377028000022 10.4955775829912 11 11.2316033800002 11.8322573945477 11.4464521 11.4464521 10.92913512 10.4464521 10.4464521 10.4464521 10.4464521 10.4464521 10.0241586928355 10.456037213656 11.0396200255238 11.6066246799999 12.6780530800002 13.6141933769373 14.1671774622423 14.8923382800002 15.9637666800001 16.4464521 16.8118885810392 17.3266242581405 18.2494802800001 18.4464521 19.3923370799999 20.4810788600003 22.7919153480779 27.2832238264364 32.9518594752044 35.7776703115777 35.9967950415145 32.9906820402516 30.3755920199999 30.5446964234076 32.3203379600003 33.7315973800001 35.1615383258353 35.9305043749854 36.4222912641943 39.8318667498782 42.5351914800004 43.9984626817336 47.9226855209139 52.7191932399087 57.3907161199998 60.5856022815485 62.5364733647374 64.3420780904338 65.8478035359912 66.5744085489773 66.9331547430504
7.69833605203071 8 8 8.27436905652856 8.8769002806185 9 9 9.00649472794096 9.40830577079398 9.85015296635303 10.4618804565002 10.6364033006469 10.3750237 10.0963539050593 9.55604127208763 9.37502370000003 9.37502370000003 9.37502370000003 9.37502370000003 8.82850756217778 8.75004740000006 9.39233948000025 10.4304867092631 11.0600685135901 11.6066246800002 12.67805308 13.6090509378507 14.1672178850025 14.8923382800001 15.7429741092914 16.2475799135618 16.8322562235852 17.8030281800001 18.5465146378791 18.3885498899481 19.4096504600004 21.5857875306805 24.3506931670664 28.1370018727733 30.5531691800003 30.5948275358152 28.8869940350543 28.2543746244028 29.5525048600001 31.6953616600003 33.1066210800001 34.1780494800001 35.7959910179366 36 37.4226297155409 40.3801905081313 43.3804022734766 46.0119241726596 49.6401940000017 54.8569072579643 59.1991407502235 62.2286229877423 63.7429711094053 64.2475781134481 63.8264314978062 63.3240131008461
7.51731938 8 8 8 8.24379703847304 8.9125743150005 9 9 9 9.16017498 10 10 9.73922417068511 9.16822562278826 9 9 8.54025187679109 8.30359529999999 8.86282957015584 8.73451836362917 8.03768428289736 8.3209110800002 9.33053761595039 9.83028047504619 11.0703129690035 11.81765576447 13.1136836220564 13.6141125314172 14.5173145800001 15.178739601636 16.2230882036752 16.918514954689 18.3622607787847 18.3529099354841 18.0164290657314 19.0225696407954 20.4810788600002 22.5610193076962 24.2126967203749 25.3063787669012 25.4042936065722 25.3895285400916 26.1245027800001 27.7846717600001 29.9275285600002 31.8482758339398 33.6658520074133 35.1399343591139 36.6210294487201 37.7189712121666 39.1695619560795 41.4542046495614 44.7667876600004 47.3966627165461 51.7830507999998 57.0048253086757 61.0020671221486 63.7123335512434 64.6964047 63.0111059425681 60.7151216318742
7.12010443676451 7.68422693303561 8 8 8 8.20302098776431 8.95845238203569 9 9 9.16017498 10 9.76732216896408 9.14522964083593 9 8.60278689956397 7.7801087097638 7.31106330003604 7.79391526983612 8.18643712036382 8.23216689999998 8.01256315923629 8.00402015096373 8.30030761883645 9.07437354272718 9.81999559687314 11.3733827717635 12.5196879780365 13.4458861800002 14.5173145800001 15.4520563474367 16.5812744227635 18.1234930540734 18.9085393263266 18.1255434199999 18.7262817964368 19.0173133800002 20.1093446839632 21.3923370799999 22.4637654800001 23.2321669 22.9446476647629 23.2525819050373 25.1466884948373 27.1774811600001 29.3203379600003 31.4631947600001 33.6060515600002 34.8744541800004 35.4392052527251 36.4949367234377 38.3209062800004 39.6268737739251 42.3375202728381 45.3734075400009 49.0490813075622 53.9259076000013 59.4400527561143 63.3141618781627 64.739064651638 64.6602957228756 62.1265960599998
7 7.09463443503557 7.71479895109112 8 8 8 8.15204090440255 8.17527298172431 9 9.02574628602273 9.16073850000003 9.11202962623049 9 8.25156576303234 7.23832424461032 6.57199311999992 6.71479693686364 7.11759663700995 7.16073850000003 7.89463825524342 7.20615313863021 8 8.08874418000015 9 9.46320196000039 11.30302938 12.37445778 13.4458861800002 14.9514767903829 15.9338951634907 16.6601713800002 17.8491960312375 18.8346891348892 18.8594411610156 18.9913016328577 19.0173133800002 20.0142642206046 20.186484014478 20.5530755800002 21.5757958777754 22.1005491039019 22.1433413799431 23.7902615561554 26.8323269622818 29.3203379600003 32.077196274535 34.4453130600002 34.979819953212 35.7938428329146 36.0200935209589 37.2494778800004 38.4810740600002 40.6611572825794 43.230550740001 46.5050249503257 50.7116224000015 56.5860741800014 62.6361130122174 64.9453756858194 65.6139995003074 69.4957108179049
7 7 7.0589604006534 7.75557500179972 8 8 8 8.00154668838764 8.08931009999997 8.23517983651868 9 8.72403201857498 7.74829299612172 7.09897549266261 6.52888465121551 6.03672919123764 6.05896018630917 6.75557281614393 7 7.87445898000017 7.05411262000006 7.10507940595679 8.00792575159023 8.38104520172582 10.1629751866841 11.30302938 12.37445778 13.4458861800002 15.0346291600002 16.536162285582 16.969649871965 17.7315997799999 18.0717185270586 19.6820276507894 19.9106899 19.9122361596992 19.9191837572459 19.0893101 19.3209086800001 20.3923370800001 21.0893101 21.4953719550199 23.0808255625272 25.8555318400001 29.0108572823797 32.1947921400002 34.6060515600002 36.5927131794784 35.1830452434243 34.1959311800001 35.2673595800003 36.3530925804486 37.7311226600003 40.1770040400009 43.3912892399998 47.091277530637 52.9322078718187 60.8726752085422 66.4941382468954 67.7974085208234 68.2516883902208
7 7 7 7.73160457999998 8 8 8 8 8.08715964028043 8.98498250093989 8.77253808215992 7.71484991999998 6.64342151999992 5.57996636582075 5.0265128929587 5.01788169999998 5.66625045051835 6.01308229070209 6.80655272807777 7.87445898000017 7.05411262000006 7.00030963558323 7.10503898319662 8.32034515999995 10.2316009800002 11.6006400795356 13.3565760800001 14.4280044800002 15.5086833441253 16.5887429800001 17 17.7315997799999 18.7886686709938 19.8722116502267 20 19.0178817 19.0162948461125 19 19.004141376328 19.3209086800001 20.3856411812314 21.4458837800002 22.5265626012092 24.7841034400001 27.9983886400004 31.2126738400002 34.4125995739101 32.4548210965512 29.2686747485309 31.0879575102492 33.2116553490294 35.1780494800001 36.4810740600004 38.6293494546328 40.7913652158524 43.837170620001 48.6586947565871 56.9557350209752 65.6393964578015 71.5925640902314 70.5445996295223
7 7 7 7 7.76003321393004 7.94645330000003 7.89580402371733 7.94645330000003 8.03519988000004 8.78627832000003 7.72725151670765 6.69696822000001 5.9799488930796 5.52444058202651 5 5 5 5.73160217999996 6.80303058000017 7.82763458733582 7.05121506777071 7 7.17273640201709 9.10662588 10.190455748196 11.319255603302 11.6790889199999 11.9453190600003 14.5777899513794 16.5887429800001 17 17.7707745339396 18.8135753709541 19.8276323158479 19.9971023192586 19.9291399199998 18.8529596905288 17.8929066000001 17.8929066000001 18.2121596747901 19.32090868 20.8382208600003 22.4914658401089 24.145956044785 26.8916103696791 29.3952759854278 32.2695318789325 31.2309239469199 28.1623522600003 28.0510059941477 31.2966591190426 34.8929066000001 35.099700357657 36.3918623600007 38.5547698813842 41.2008795164914 44.4725361715975 49.3212574464862 57.4081205691474 68.209111895424 76.1658418921319
7 7 7 7 7 6.89071410158832 6.04734778984451 6.87718924127731 7.07765546728985 7.73486780414296 7 6.69696822000001 5.62553981999994 5 5 5 5 5.73160217999996 6.80303058000017 7 7 7.00216404133711 7.20262846723025 8.18019016420273 9.5592327043648 11.5681876329315 12.5941629170025 12.9052981201321 14.8450026186332 16.33879278 16.8325547842326 18.3382244599998 18.8750249 18.8750249 19.8209098799999 18.980522878603 17.7086318528294 15.9799827157375 15.8460808443046 16.3561037600001 18.171302778561 19.7110680900063 21.7846741600001 23.4123682928596 25.1128581757078 27.9448419400001 29.55307558 30.5152189814093 28.1420622700715 28.1552701770871 30.1190626142222 32.6050577156776 32.2974471757548 32.2311238600005 34.7952309386206 38.533575320001 42.8192889200008 45.4123655929195 47.6080114869443 52.6153760126455 63.2596652239113
7 7 7 7 6.84228151211255 6.10088239564681 6 6.01731818000024 7 7 7 6.69696822000001 5.62553981999994 5 5 5.11563165324084 5.19640349999998 5.78431645124033 6.80303058000017 7 7 7.01731578000022 8.01742966755666 8.48529020468391 10.1861137369247 11.0471098491652 11.9816507800001 12.6947666063537 13.3209110800001 14.3923394800001 15.593427849632 17.1758220452175 17.7649105451507 17.9753428329101 18.5743347386611 18.7757705568574 17.0728033276234 15.6434263200001 14.6174846917069 14.4870228410673 16.35610376 18.1406499149854 19.7366189372556 21.7846741600001 23.2673619800002 25.8019851400002 27.4102187800001 27.607193 27.792967649301 28.6105929370605 28.8923358800004 29.6434287199999 28.8035965 29.4691607480987 32.350724168285 36.3907185200011 40.7780335713772 44.0967030991361 44.8703409731049 46.854693625346 52.9129234551729
7 7 7 7 6.19696701999981 6 6 6.01731818000024 6.9762308348601 6.77506806922587 7 6.69696822000001 5.7258322014837 5.26783189999999 5.26783189999999 5.69889248625846 6 6 6.80303058000017 7 7 7.28514768000021 8.33280755765676 9.11727325357068 9.73216810000001 9.81332903460122 10.2741660413128 11.1780542800002 12.2494826800001 13.3209110800001 14.8756959049693 15.660281959117 16.5351962800001 17.3724173127112 16.7717893913749 17.7414422509218 17.9778386804528 14.7969311363673 13.7321681 13.8944886836094 14.8161604682188 16.6239356600003 18.2494802800001 19.7519657518516 21.1245051800001 23.4631832236798 24.9995300800001 25.6649177489849 26.6780506799999 26.7448426473359 27.5768428167508 28.6148983608361 28.0620288449222 29.0957459909928 31.7489059599999 34.664104262821 39.1801649387351 43.2305507400006 44.1577969588757 45.2672454864764 49.3171344447807
7 7 7 7 6.19696701999981 6 6 6.01731818000024 6.91125341999999 6.16017498 7 6.69696822000001 6 6 6 6 6.223970754655 6.3392603 6.86985448452014 7.29666921589255 7.3392603 8.01731578000022 9 9 8.92142698204484 8.86096324163237 9.44851805878015 10.1066258800002 11.1780542800001 12.4492198000178 13.4362014395699 14.3923394799999 15.4637678800001 15.6607397 15.9816409220803 16.6894927175075 18.0568319687156 15.0189199400001 13.3392603 13.8425092358573 15 15.8917675600003 17.5173121800001 18.5887405800001 19.8841381062057 21.3060511667641 22.4637654800001 24.1129804725576 24.6255611642888 24.6664505130726 26.1172672626393 27.3758179690932 27.8923358800002 29.2667888600006 31.5366826903306 34.1863742892575 37.5544761488451 41.0876939400006 42.9816459800003 44.3012755123935 46.7973758871944
7 7 7 6.69953826612577 6.11607489061321 6 6 6.01731818000024 6.91125341999999 6.09439292569128 6.68442819104791 6.69696822000001 6 6 6 6.24179107474324 6.79973656851782 7 7.659591169921 8.33670595830056 8.02222344156142 8.01731578000022 9 9 8.6732831146048 7.713762042134 8.37445778000003 9.26276576438795 10.1066258800001 11.5250071709098 12.720872451659 13.4311400174315 14.0625448806925 14.5377520360467 15.5351962799999 16.0102029704753 16.5370147662638 15.7454397230031 14.4106887 14.5892659235189 15.1537845932202 15.9362174000816 17.1066234800001 18.1780518800001 20.1807732001769 21.3004587769156 21.5541272526907 22.1046370296065 20.8442767328673 20.4193796961287 24.0923335424448 25.68369998265 26.5053327140895 28.1953604600006 30.5588866324326 33.2535038043071 36.1412406400007 39.113737722216 40.8387891800004 42.6418125600003 44.7846693600002
7 6.71615462767489 6.51788289999999 6.13899739845632 6 6 6 6.00896878928125 6.4719225637845 6 6.11994343008432 6.36094792298144 6 6 6.24940736217835 6.78701826475606 7 7.35271792137526 8.70102348555934 9 8.05411262000006 8.49108464636228 9 8.92277806023089 8.16633973283445 7.30302937999996 8.19392528103397 8.73285225203176 9.26790837490274 10.1066258800001 11.5199457487716 12.0357658 12.4229194173599 13.3923394800001 14.4637678799999 15.5262299765569 16 15.9170506026881 15.3704594642462 15 15.193924038115 15.5178829 15.7857900319838 16.62450638 18.6979939858528 20.28524608 20.5249278405577 20.0962935866553 19.0560529728203 17.5698158400005 20.83005764746 24.1902050512141 25.3515358813277 27.1239320600006 29.2667888599999 31.8555270400008 35.0698122400007 37.4115185159994 38.6959323800003 40.146241309868 42.1596954600001
6.4464545 6.18360540425393 6 6 6 6 6 6 6 6 6 6 6 6.2468196169605 6.7845039936474 7 7.36543622513709 8.28514767999995 8.91206211607869 9 8.57770432270581 9 9 8.83982742000003 7.8966007002745 7.52109378066642 7.65373391905901 8.19906789154889 8.73281165784346 9.58874298000008 10.6601713800002 11 11.8030281800001 12.3904050751957 13.3923394799999 14.4541841364113 14.9420316129811 15.5351159823732 15.8966017717653 15.3858062788423 15 14.7531830400579 14.1600986706658 14.8075442787265 16.0359253237629 17.0709608800001 18.5869005869032 18.502504996295 18.4464545 18.1398591098411 20.2170968555292 22.6781299061361 24.2527042032565 26.0525036600006 28.1953604599999 30.7840986400008 33.7120293391756 35.4816471800002 36.5530755800003 38.0294750890018 39.6079912816063
6 6 6 6 6 6 6 6 6 6 6 6 6.23402783908933 6.79219375519201 7 7 8.07276516196464 8.89934381231688 9 9 9 8.98917808944172 8.37502610000002 8.31495720199569 8 7.69697062000004 7.14043144084807 7.65369332487082 8.19400646941059 8.9637690800001 10.0351974800002 10.8322568677457 11.3011565265356 11.9215386391834 12.9458849799999 14 14.0887417800001 15.0600679979417 15.5197691677772 15.8863569734958 15.3909490607854 14.2754504950664 12.8577139199999 13.1845597636292 14.1626405820897 15.1066234800001 16.479207506473 17.2965632392462 17.3750261 18.4031559906837 20.1220189635984 21.5351938800001 22.8382184600005 24.791692806442 26.7329814992772 29.4340060150047 31.4613666492856 33.0817624764339 34.8228056621528 36.3809882921292 37.5530755800001
