catData/variables/futureClimate2070/rcp45/HadGEM2_ES_2070_rcp45/bio11.asc
NCOLS 409 
NROWS 350 
XLLCORNER 60.897278365 
YLLCORNER 5.843756025 
CELLSIZE 0.0892857 
NODATA_value -9999 
[rows 104 to 129 of 350, columns 0 to 57 of 409]
-9999 -9999 -9999 -9999 -9999 -9999 -9999 -9999 -9999 -9999 -9999 -9999 -9999 -9999 -9999 -9999 -9999 -9999 -9999 -9999 -9999 17.528528448 17.635671288 17.742814128 17.849956968 17.918197512197 17.9321489 17.858986762 17.7790878274639 17.7082937852195 17.605409342 17.4988546007307 17.425049212 17.328490955758 17.2846958239976 17.2236444602468 17.2 17.1705370472644 17.1163747169799 17.1 17.1 17.026838102 16.8652076139148 16.8024818282018 16.6715426124462 16.0263611086905 15.6801557596098 15.350215007538 14.3844373979998 13.3395189923319 12.3402469702625 12.0166369502745 12.3112563612037 12.7966019333544 12.86673380867 12.7132457320594 12.5921767117274 13.1556454256233
-9999 -9999 -9999 -9999 -9999 -9999 -9999 -9999 -9999 -9999 -9999 -9999 -9999 -9999 -9999 -9999 -9999 -9999 -9999 -9999 -9999 17.207099928 17.314242768 17.4030728933869 17.487460058 17.594602898 17.6628395027779 17.6336792041662 17.61786322 17.61786322 17.523272562 17.45893161 17.450055272 17.3494912504958 17.2904877321159 17.2410724692724 17.1846208333393 17.15893161 17.0859521665628 16.969504190349 16.8001616189311 16.4769441103878 16.3079592509516 16.4173483962716 16.1300053186994 15.4774003199138 14.7376449703698 13.9484749215219 13.1242401132397 12.3949125742495 11.7953111026757 11.9897357110913 12.4904928757461 12.9828884982614 13.0746685685985 13.0978005188105 13.4630579572786 13.8197018712988
-9999 -9999 -9999 -9999 -9999 -9999 -9999 -9999 -9999 -9999 -9999 -9999 -9999 -9999 -9999 -9999 -9999 -9999 -9999 -9999 -9999 16.8710609475015 16.9265489064806 16.95894385 17.010677468 17.117820308 17.2567918636032 17.30715508 17.268439062355 17.3854228559979 17.3545902016869 17.25536631 17.246489972 17.15536631 17.132204292 17.0407559652084 16.969707382 16.8211644926663 16.4611956168739 15.9937505484988 15.661245569481 15.4843877350057 15.5349664421239 15.4866895644919 14.6846570321404 13.6324559320051 12.8243589343489 12.7048627443419 12.6241882078726 12.2887300572538 12.0644688212613 12.3416456181383 12.7483479808208 13.2313231595051 13.6897552147571 13.642944064 13.8775154368444 12.8910968352025
-9999 -9999 -9999 -9999 -9999 -9999 -9999 -9999 -9999 -9999 -9999 -9999 -9999 -9999 -9999 -9999 -9999 -9999 -9999 -9999 -9999 16.42322965 16.42322965 16.42322965 16.4176899417575 16.5039884837748 16.699914176 16.889370243246 16.8980848857356 17.1032293876108 17.13393779 17.0942426298217 16.7688260706999 16.7608491859929 16.644713562 16.5543456943107 16.485781952 16.2448674979999 15.7525452773574 15.3096946066253 15.0305934076853 14.8756845894452 14.2685840684839 13.5147233439999 12.9724467745092 12.3582009261593 12.5571691884991 12.9359712387698 12.8073528879999 12.3890662456171 12.3325257977181 12.8633263723188 12.8354234794697 13.0821817940754 13.8736641881868 13.9131787286175 13.6582395797835 11.9010306835169
-9999 -9999 -9999 -9999 -9999 -9999 -9999 -9999 -9999 -9999 -9999 -9999 -9999 -9999 -9999 -9999 -9999 -9999 -9999 -9999 -9999 15.675407309645 15.7391178258913 15.727892578395 15.710788012 15.7434785790326 15.9320633160001 16.0823389073802 16.363474639131 16.6545663601125 16.4510504964054 16.7146175519999 16.1283474410289 16.1505062565148 16.0354023409127 15.8246424303402 15.6532728037677 15.4735103800119 15.3021501686886 14.9078643301508 14.2008985304332 13.4528572164527 12.9839137235039 12.8468965651984 12.932068788 13.0920161871537 13.3344561141286 13.1009190867352 12.6198621579999 12.4829568272342 13.0902911947645 13.1991796143118 12.441318733304 12.9964503457875 13.9143139551204 13.7722943404453 13.373859349682 13.3764434634358
-9999 -9999 -9999 -9999 -9999 -9999 -9999 -9999 -9999 -9999 -9999 -9999 -9999 -9999 -9999 -9999 -9999 -9999 -9999 -9999 -9999 14.6220039070311 14.5747177611933 14.3454226527109 14.1226965575177 14.0250800398399 14.7672876090266 15.85618101997 16.5193633900001 16.5147913029861 16.121637368 15.7235617619999 15.13396275 15.1897413275563 15.4126754459999 15.2059686933962 15.122298922732 14.7493548528788 14.2896405184712 13.6949124760492 13.309862996379 13.2277245926246 13.3314432072187 13.4976641845995 13.612428918 13.6356583903858 13.3763119806291 12.819435148631 12.9420893981267 13.5153865036498 13.6841068869395 12.8109872415881 12.042379849585 13.4789588735573 13.8794820606857 13.7480612295435 14.2950158273975 15.0716661801759
-9999 -9999 -9999 -9999 -9999 -9999 -9999 -9999 -9999 -9999 -9999 -9999 -9999 -9999 -9999 -9999 -9999 -9999 -9999 -9999 -9999 -9999 13.544641969302 13.3806120814973 13.67195308221 14.3127642335267 15.2639716216707 16.109731181898 16.0849224699266 15.3669624486465 15.0383742422209 15.017665283958 15.1139458422136 15.1902092014094 15.1181625613666 14.6673799619224 14.2248766831604 13.6898939999712 13.450757911706 13.5137072105956 13.7280968832521 13.9213952136449 13.9176801625418 13.8602889074387 13.7302686795033 13.4644524559999 13.2097490130301 13.6903282224607 14.1232987126541 14.27465680505 13.7370853294337 12.753993020931 13.2905846848935 14.6148668600943 13.7418657542608 14.3780917584901 15.5627761865493 15.4635605459705
-9999 -9999 -9999 -9999 -9999 -9999 -9999 -9999 -9999 -9999 -9999 -9999 -9999 -9999 -9999 -9999 -9999 -9999 -9999 -9999 -9999 -9999 -9999 -9999 -9999 -9999 -9999 16.6141313654315 16.5711583204895 16.1352532944105 15.885774704 15.8196511500967 15.5838064589915 15.1193904078862 14.4967118999999 14.1135985943244 14.0171009482864 13.8979509425349 14.058795626 14.1837211666273 14.2907961973831 14.224659305522 13.9688284986462 13.6084547244167 13.2957320289547 13.5815614609838 14.3926437169314 14.7655731396082 14.8683984926535 14.630557818 13.9458737698494 13.9287063567046 15.0446435440631 14.4796245490454 12.9815890004369 15.1423786353608 16.0210948989299 15.0349726453595
-9999 -9999 -9999 -9999 -9999 -9999 -9999 -9999 -9999 -9999 -9999 -9999 -9999 -9999 -9999 -9999 -9999 -9999 -9999 -9999 -9999 -9999 -9999 -9999 -9999 -9999 16.5427389683357 16.5844909533716 16.755196438377 16.680188643016 16.3889496881778 16.0842891093608 15.6637018374559 15.2372875770913 14.9449975054485 14.9133894480935 14.9129249754469 14.8691085513791 14.7906748389285 14.6481062436519 14.3987342120364 14.0959806591922 13.6306849747506 13.5841215902075 14.2548574458421 14.7885925053982 15.0658030262158 15.189223748 15.226881254 14.8139968812865 14.453893713032 15.3299077352123 15.2311003815137 13.3114072709488 13.7311986213742 16.0575195896094 16.057700000696 14.9392004518775
-9999 -9999 -9999 -9999 -9999 -9999 -9999 -9999 -9999 -9999 -9999 -9999 -9999 -9999 -9999 -9999 -9999 -9999 -9999 -9999 -9999 -9999 -9999 -9999 -9999 -9999 16.50060787738 16.573162138 16.681741545721 16.7861080174572 16.7002362063562 16.5875265332552 16.3606899680772 16.037631346 15.7401935300476 15.4999784477228 15.2210777302495 15.0098277096752 14.7466507724514 14.4280023567761 14.0424714463266 13.9032292023686 14.288946945724 14.7289972790658 14.9778668671714 14.9965708702371 14.9037365636295 15.0157798689201 15.4118251383826 14.7707251217525 15.3216332915174 16.076383867492 14.3704850202561 13.6801009925491 16.0400974917674 16.9390564104273 15.7019106639396 15.3917367464678
-9999 -9999 -9999 -9999 -9999 -9999 -9999 -9999 -9999 -9999 -9999 -9999 -9999 -9999 -9999 -9999 -9999 -9999 -9999 -9999 -9999 -9999 -9999 -9999 -9999 -9999 16.1427841882053 16.2556634022875 16.6008585736304 16.8581617484518 16.709949843602 16.598266502 16.491123662 16.3510848072195 16.0032380608626 15.5246608797795 14.9421970341082 14.5138346962184 14.3969635404257 14.4311732434528 14.4821849259326 14.6452805416861 14.7706513124799 14.8673758787953 14.783993782 14.5936551741335 14.5859820195113 15.0956688583448 15.1559283299868 15.3963966579082 16.2344140958689 15.7518569701559 14.1534877367873 15.6508889676383 17.3769985793928 16.5205045521152 15.1552315787305 16.0481953572474
-9999 -9999 -9999 -9999 -9999 -9999 -9999 -9999 -9999 -9999 -9999 -9999 -9999 -9999 -9999 -9999 -9999 -9999 -9999 -9999 -9999 -9999 -9999 -9999 -9999 15.7014802706843 15.8612529929695 16.0530063385093 16.3208181650796 16.6045396834749 16.7202602321101 16.623260082 16.516117242 16.3649206340688 15.9833956147492 15.6942999650719 15.4860033914633 15.3219751466376 15.1150874923914 14.894770034 14.6969848800764 14.5734970407531 14.5700838689358 14.5421995429137 14.5729283768734 14.7230620247132 15.2916819626545 14.8778783158316 14.517335244597 15.3249861855083 16.8908378676268 16.4243200628171 16.4530156948488 17.6839217460269 17.6362939056323 15.5706298493256 15.2210071074269 16.2712769248575
-9999 -9999 -9999 -9999 -9999 -9999 -9999 -9999 -9999 -9999 -9999 -9999 -9999 -9999 -9999 -9999 -9999 -9999 -9999 -9999 -9999 17.589316884645 17.366214706 17.0535436498133 16.8261439496784 16.75891889 16.824938188 16.85891889 16.9076806668985 16.91963963 16.91963963 16.817906132 16.7090200120592 16.5616694294235 16.3007499000928 15.9686788940335 15.5127317979999 15.0029333240691 14.5556409680771 14.379342180866 14.3893410048828 14.3872984778637 14.5215945925844 14.9584304942895 15.8690540694467 16.2799201418326 16.3428513096113 16.0934132772251 15.8455186789991 17.0393619232151 17.332432292 17.2246588280001 17.8998607657659 18.6075845707143 17.742083202342 16.10016168013 16.1154016865973 16.6186977726038
-9999 -9999 -9999 -9999 -9999 -9999 -9999 -9999 -9999 -9999 -9999 -9999 -9999 -9999 -9999 -9999 -9999 18.5472179392986 18.2098309890816 18.391246926 18.0851257979991 17.8004053455606 17.446613956 17.169776214 16.9730346196038 16.9244072594018 17.0301359566811 17.0340282746776 16.8963322987173 16.912929021243 16.9703200192033 16.9241204248364 16.7578421565619 16.5445039510842 16.1625682920889 15.7275640090143 15.3016871034476 15.092973854388 15.08208446 15.2114075977311 15.424361006775 15.3803426207666 15.3783317832731 15.7654041225642 16.1912700787051 16.3649623833923 16.7529375956804 17.266783833585 17.6068902380457 18.2934329323266 18.132591903023 18.0608144852611 18.3440792515053 18.9149856242902 18.5243181890014 17.9659045017375 17.8816337875725 17.7406661278687
-9999 -9999 -9999 -9999 -9999 -9999 -9999 -9999 -9999 -9999 -9999 -9999 -9999 -9999 -9999 -9999 -9999 18.0571836379733 18.1131274336233 17.6779042926004 17.6760242789769 17.3313544808846 17.126909286 16.850071544 16.8778219165614 17.1448306568935 17.305875871481 17.1432878597617 16.8849749714638 17.0734826226895 17.1358341662123 17.1995275551406 16.9655374671831 16.8841585455919 16.7343008191825 16.5744847389353 16.5169211525375 16.5830517412585 16.63747717 16.6175032305272 16.3394756279999 16.1042702572065 15.851327725444 15.446880750228 15.8440295759047 16.1497876643465 16.7847326110888 18.2851379948744 18.73374866906 18.8144398164033 18.7702915906409 18.8000734886943 18.8375387286354 19.3670457096879 19.5187650413186 19.5024870976118 19.161772078219 18.6292838529804
-9999 -9999 -9999 -9999 -9999 -9999 -9999 -9999 -9999 -9999 -9999 -9999 -9999 -9999 -9999 -9999 18.5829323575079 17.5422918716327 17.7180820111037 17.8505070689332 18.4433982608588 18.4749541 18.424126987399 18.2683577515952 18.323491202478 18.5370018856555 18.5539114063316 18.271283734577 18.1935884284675 18.2606442134563 17.9081481093731 17.926811702 17.8285452 17.8153876399004 17.6769228459999 17.3679399705407 17.2690619904276 17.360750212 17.1991110436145 16.7993300467743 16.2981294622319 15.915695234027 15.6783549245894 15.5114268095485 16.8609820244991 17.6301053690329 18.4724516397961 18.9581039010275 19.1137688214634 19.0962592319772 19.2468936466642 19.2385575668085 19.5561885228542 20.026207990164 20.2691975287956 20.1167888551002 19.3283841601322 18.4383910658816
-9999 -9999 -9999 -9999 -9999 -9999 -9999 -9999 -9999 -9999 -9999 -9999 -9999 19.6935754905173 20.3820327237169 20.2845194830145 19.5269335706298 19.2724463032386 19.1266766153404 19.1301742519699 19.3789619818882 19.5074543477663 19.578502888 19.6179618275225 19.6160582685994 19.582178492 19.5728835071569 19.4755960991049 19.4783613912608 19.1816341267912 18.7557298253386 18.6866967054526 18.5239374682978 18.3316186426073 18.1528136396364 17.8314320901797 17.812237752062 17.7355498125516 17.1667448941403 16.4271175552959 16.0537193187028 16.1532347819573 16.7695220172404 17.2581939538304 18.281832662593 18.6964345086358 18.892076667685 18.8653674409864 19.2187881448525 19.4589180222324 19.4946404898531 19.6855465361099 20.1482355500971 20.463856351732 20.610651788 20.3872582976222 19.2101698924995 18.5854569682706
-9999 -9999 -9999 -9999 -9999 -9999 -9999 -9999 -9999 -9999 20.7070580078098 20.8828798313589 20.8453124998191 20.7992426213158 21.101850157913 20.6036749526363 20.0906920431256 19.9909600244592 19.4568684718959 19.2322232051866 19.269555366 19.4703109804283 19.636761485939 19.73393851 19.6766654320789 19.564354392 19.5527059380179 19.56787702 19.754283328022 19.4408451129711 18.8960821578992 18.6682482541439 18.6783539532337 18.56606149 18.5015356562731 18.2003573709466 17.8134413841915 17.3481359486005 16.9372785095593 17.1232058794659 17.6816524607976 18.0976377301378 18.5548988384554 18.8083622066695 18.811866139296 18.673787556566 18.410530479778 18.622714915125 19.3537484331237 19.6679107676493 19.8919337542407 20.2022611379887 20.2912110565244 20.6516345390919 20.8589924194325 20.5143755166165 19.7984487516632 19.7113073144481
-9999 -9999 -9999 -9999 -9999 -9999 -9999 -9999 -9999 -9999 21.6956824484624 21.74998668 21.8407657432006 21.8600516819428 21.8399405052587 21.6079051536076 21.3975796968654 21.3649576310329 20.77661935834 20.521403992 20.4403210061595 20.3969055334585 20.3030418275327 20.2942245372458 19.9921723099179 19.6425119106721 19.2199077775409 19.0042894200492 19.5396053512828 19.0191596730493 17.7899572829513 17.5285136160001 17.7727548676757 18.2825462156228 18.4222565918192 18.3935532361964 17.9829065946582 17.9112616356956 18.090903486 18.5259945892806 18.9357854462925 19.0524314880412 19.0123088828978 18.8141884567717 18.4801040912219 18.6239096497275 18.60685052 19.1866178663613 19.8548495660744 20.0602153353186 20.3765799217531 20.1201300818207 20.1798000157555 20.6052576505606 20.4564595807065 20.127178021834 20.3912806951022 20.5405713474927
-9999 -9999 -9999 -9999 -9999 -9999 -9999 -9999 -9999 -9999 21.6190270595694 21.55180245 21.4339192569301 21.4241943315435 21.3554166570411 21.2730669909042 21.3960711557436 21.923639569831 22.0586574485438 22.1834827246002 22.2679209649762 22.2077895450089 22.0709935689434 21.9257429133044 21.6872176243219 21.3144385691435 20.8641529041632 20.4846158587739 20.5408326153368 20.0315157058435 19.0616310758959 18.6699864379478 18.6143493976869 18.8342454448044 18.8317219806348 18.8113947364696 18.7494941992131 18.8726808254914 19.0099710541087 19.0750292365565 19.0080493030043 18.9097713927261 18.86670055805 18.7545229273043 18.8220234732151 19.1957712155131 19.7042338288457 20.1639056262784 20.550096557413 20.7123198631046 20.6634109617413 19.7605206066176 18.8567491772159 19.4398751611513 20.07254164363 20.3718138828345 20.7640101105091 20.4738916338525
-9999 -9999 -9999 -9999 -9999 -9999 -9999 -9999 -9999 -9999 21.6898194559181 21.5851401376732 21.5075801442066 21.3885467485672 21.192954264 20.8646826201147 21.012399446 21.4270168163378 22.086696324376 22.5443389215967 22.741213297989 22.5766797171716 22.4522638876459 22.4128647192317 22.2170881887191 21.7657227399508 21.1181392137103 20.3122146036667 19.7132242256229 19.3821120790522 18.9040169342785 18.5572512360064 18.703416315462 19.107198472 18.9467026068165 18.6463330357268 18.453046232364 18.4220247139081 18.6816898600883 18.8380771437715 18.7883058181802 18.841799675767 19.1850816749888 19.394982710813 19.5527725623696 19.8657703031043 20.1958843686327 20.678403864 20.9233181336495 20.6905826192697 19.7341911773232 19.2102246442922 20.1237887231287 21.045836811592 21.0342338411685 20.638921796575 20.3987458923994 20.0392718853864
-9999 -9999 -9999 -9999 -9999 -9999 -9999 -9999 -9999 -9999 22.0434594506208 22.0756488233245 22.1589581627036 22.2867582329801 22.2973592675728 22.308189982139 22.4204496251308 22.5608287156258 22.685985670192 22.8434260330198 22.837600674 22.5724477718476 22.2532183037648 22.14822443 21.8978724207996 21.4193291292417 20.8308836885662 20.0190170313246 19.6551506588298 19.8850747984442 19.7035852368975 19.3886751000394 19.2191909356215 18.7649846241353 18.0804402670852 17.1202870150328 17.164499071457 18.1226070164313 18.8098851855598 19.242812911464 19.4322705117254 19.4174467202877 19.6702830221091 19.9839864619869 20.0348311799717 20.1771354562789 20.7330330657778 21.0703136498475 21.1702980934183 20.9833233532938 21.2103699452567 21.4375577285013 21.7877262418891 21.7009596727931 21.2523119593267 20.9680353544183 20.4765253484248 20.3256793996993
-9999 -9999 -9999 -9999 -9999 -9999 -9999 -9999 -9999 22.0851991796496 22.2852940406472 22.432080788 22.5993463206717 22.7439693396543 22.77320409 22.860652148 22.7955108532642 22.801578881042 22.891860883284 22.9 22.8747688960641 22.7250441494763 22.5324113134122 22.3830562338274 22.164806330281 21.9806872093032 21.7127958743253 21.416215132695 21.2678515320001 21.1201257512165 20.9125670140001 20.5935453465639 20.0833697181528 19.5818506013072 19.2746857220068 18.8712964886997 19.0555587217554 19.6790290948622 19.6153810598325 19.5014741382578 19.657087088 19.5512790327808 19.8140461568933 20.153410764 20.5356345509655 20.6594259223384 20.917696324 21.223105906 21.4249787676255 21.6062058441651 21.8799592897144 21.9187396502416 20.643211868423 19.7131716831547 20.647950860656 20.9602114613441 21.1584222253 21.139975701996
-9999 -9999 -9999 -9999 -9999 -9999 -9999 -9999 22.3495372914129 22.2311861327197 22.499889456 22.655298438 22.7636224533602 22.7995198400535 22.8 22.887448058 22.805409102 22.8000310188267 22.79307136552 22.6721126404265 22.4839942619999 22.4358350252004 22.5011191377069 22.410818444 22.2473408003203 22.139334412 22.0298292298674 21.848308334 21.7931958495471 21.617947844 21.403662164 21.1874943104017 20.94130527 20.3749857335968 19.7929750155495 19.7869338966941 19.8639322959962 20.3911607558451 20.9291521662994 20.8578349723165 20.5851979330896 20.2675102274658 20.1932231146359 20.5428583711478 20.8783070795456 20.8998882560001 21.123050034 21.4441919543746 21.7182087823188 21.827268547012 21.7898883982319 21.5181694972027 21.180848949254 21.0891258760002 21.4484419792635 21.5165837348283 21.5738799735952 21.507185272
-9999 -9999 -9999 -9999 -9999 -9999 -9999 -9999 22.453509308 22.6450596364205 22.753619852 22.70535371 22.7643042587843 22.7868124869056 22.7624423275671 22.5635473422962 22.0087230709225 21.7421534107814 22.3200592242441 22.41606113 22.3734567343683 22.1444518601242 22.043144369991 22.1541803372957 22.1846364381198 22.2848893096392 22.2268077637589 22.1985631786983 22.1282936132754 21.853045668577 21.7012140339344 21.3870600805576 20.6278585127903 20.378548457331 20.499861136 20.7412068055735 21.0137153936948 21.3503004538162 21.526257049094 21.3659915041172 21.0897282047195 20.6845007338494 20.5828844427888 20.846281604 21.0781838026675 21.2790491280344 21.30535371 21.213528119428 20.3983357486743 19.4614838284497 20.5483558958004 21.9629724781599 21.5007085112836 21.2144392727822 21.455396022 21.2985927020031 21.1144244536993 22.1422142139324
-9999 -9999 -9999 -9999 -9999 -9999 -9999 -9999 22.7577615477122 22.8459428902802 22.8422345394319 22.7926424439961 22.7297340765759 22.562818017148 22.1410766051599 21.57993780346 21.7016507460001 22.2879377218955 22.332523438016 22.5615673449609 22.7135601911521 22.769694902 22.587656186 22.1658891852089 21.926712918 22.0706596379634 22.1292395154158 22.1890124948438 22.2727308245435 22.1235357743002 21.6861495543615 21.4775797862228 21.6183352340327 21.5439762449418 21.5530040796793 21.7139936462676 21.7749793 21.8920340773708 22.0762932531031 21.8475454440819 21.0022739487398 20.4795403086582 20.5128167314732 20.777921323383 21.0489304484778 21.069605257832 21.4727608879508 21.4259600036135 21.2247194270119 20.9560357772221 20.7018127874397 21.0745448796144 22.0719807185433 22.0668031920863 21.933953582 22.1651909824816 22.4732903687656 22.2954347869505
