catData/variables/futureClimate2070/rcp45/HadGEM2_ES_2070_rcp45/bio17.asc
NCOLS 409 
NROWS 350 
XLLCORNER 60.897278365 
YLLCORNER 5.843756025 
CELLSIZE 0.0892857 
NODATA_value -9999 
[rows 162 to 188 of 350, columns 122 to 182 of 409]
1.24997898986032 1 1 1 1.41588861215305 1.51789729999999 1.51789729999999 1 1 1 1 1 1 1 0.750600087186161 0.801733037310575 1 1 1.41588736919951 1.93947633529733 1.05411262000006 1 1 1 1 1.30302937999996 2.37445778000003 3 3 3 3.34190097523935 3.51789729999999 3.90503935375415 4 4 3.51789729999999 3.47193817174073 3 2.88834569926575 2.36096044523078 2 2 2.51731218000009 3.30490715678246 4.17806628000012 5.24949468000006 6.3209230800001 6.9707747587959 7.03579459999998 7.06207088980258 8.55369189999996 8.47074143919093 7.91585156368755 7.66398626818451 8.18052479268104 8.71302346282242 9 9.5887381800002 10.6601665800003 11 11
0.732821265462696 1 1 1 1 1 1 1 1 1 1 1 1 1 0.769034056988114 0.816387602188751 1 1 1 1.39041873889576 1.02415960192754 1.00958482275088 1.50440843642596 1 1 1.13529319395625 1.82092667999998 2.69328076769027 3 3 3 3 3.35852710819363 3.44646889999995 3.44646889999995 3 2.95087866490057 2.44646889999995 2.34306733674573 2 2 2 2.51731218000009 3 3.66016898000013 4.32663547749148 4.80499493666821 5.37697538415518 5.44646889999995 5.46377988000012 6.44646889999995 6.53512674744797 7 7.47075810909494 8.72071271008234 9 9 9.5887381800002 10.6601665800003 11 11
0.818975218934899 1 1 1 1 1 1 1 1.05546301826352 1.5248566245867 1 1 1 1 1 1 1 1 1 1 1.59114130406109 1.64227528000023 2.53621531999986 1.62495950000002 1.62495950000002 1.62495950000002 1.76539633304011 2.44588618000018 3 3 3 3 3 3 3 3 2.91125821999988 2 2 2 2 2 2.51731218000009 3 3.66016898000013 4 4 4.32795573289443 4.37504049999998 4.39235148000015 5.43049901855535 6.16016778000009 7.14473823285485 7.85225247999122 8.60905844715428 9 9 9.95667569860404 10.8725487042466 11.4572172329034 11.6249595
1.33613294333251 1 1 1.50948057709659 1.69638790000003 1.69638790000003 1.03768170247436 1.01206017100219 1.72333243552165 1.95136893795475 1.69638790000003 1.69638790000003 1.43561836161616 1 1 1 1 1 1 1.60896265271849 1.98357075380528 2.01731578000022 2.91125581999985 2 2 2 2 2.44588618000018 3 3 3 3 3 3 3 2.98794317165977 2.2766690218164 2 2 2 2 2 2.15706223732539 2.30361209999997 2.9637810800001 3.81308766310374 4 4 4 4.01731098000016 5.08873938000041 6.16016778000009 7.23159618000022 8 8.37445297999997 9 9 10.1774763600004 11.4597320182966 11.9185089882273 12
1.11207057226986 1.45205014207296 1.76781630000006 1.93768295832136 1.38341818851822 1.90360940128451 1.05411022000003 1.01731818000024 2 2 2 2 1.91305644990495 1.76781630000006 1.37061189048928 1 1 1 1 1.87445898000017 2 2.00402044186883 2.21157874793404 2 2 2 2 2.44588618000018 3 3 3 3 3 3 3 2.98268661999981 2 2 2 2 2 2 2 2.45204461379553 3.4279852800002 3.93768128659874 4 4 3.27373593718996 3.2627863326132 5.08873938000041 6.28314721221898 7.82158915797837 8 8.37445297999997 9 9.39719888123362 10.4932498889639 11.6601665800003 12.5617305506423 12.7678163000001
1 1.09464432599826 1.1607553 1.1607553 1.03166349239018 1.87446138000003 1.84794320464917 -9999 2 2 2 2 2 2 1.91683855368501 1.34514326018542 1 1 1 1.87445898000017 2 2 2 2 2 2 2.31426170723879 2.91092326663178 3 3 3 3 3 3 3 2.98268661999981 2 2 2 2 2 2 2 3.08283799144003 3.94537036243061 4 4 4 3.84794436208734 3.85933851178338 5.08873938000041 6.32033556000018 8.19436586660543 8.8392447 8.89944000113579 9 9.95145927112358 10.9338874827474 11.6601665800003 12.7315949800001 13.6739331156412
1 1 1 1 1.73130053329905 1.98878602424513 2 2 2 2 2 2 2 2 2 1.41125461999989 1 1 1 1.87445898000017 2 1.98423098494829 1.08932689999995 1.23519175996353 2 2 2.37445778000003 3 3 3 3 3 3 3.79634408452417 3.91067310000005 3.89335971999986 2.82985834810781 2 2 2 2.3410064417163 2.91067310000005 3.38177538662851 3.92652694183125 4 4 4.73129397645266 5.70701499890902 5.8213462000001 5.82289253617947 6.08022504627751 7.99582127126747 8.9313608688113 9 9 9.40605217855715 10.4741925589873 11 12.2613625259257 12.976024211619 14.5343151708373
1 1 1 1.71850995542491 1.99647458579255 2 -9999 2 2 2 2 2 2 2 1.49194221796651 1.00736084081603 1 1 1.7886575371641 1.99775300405354 2 1.98268421999978 1 1.00286684892312 1.2453541698596 2.29760560864206 2.98880373257538 3 3 3 3 3 3.78865518012047 3.99775296109714 3.07104494231454 3.01758861646799 2.99841165525068 2.82479812596685 2 2.2976032515986 3.35655688000008 4.42000462916394 4.97346211205385 4.98210150000008 4.98210150000008 6.41910726858848 6.96067745692351 6.97985441814083 7.91105420064193 7.9812041394248 9.03663218179359 9.96706976301049 9.98210150000008 9.68450060544488 9.36775083333747 9.99008210787998 10.5173097800002 11.5782006496855 12.6540840715325 14.4370010545013 16.5702497600003
1.02583784532053 1 1.66017618000005 2 2 2 -9999 -9999 2 2 2 2 1.97995518401062 1.52444989109835 1 1 1 1 1 1.87445898000017 1.94936674313735 1.93008123197163 1 1 1.01239757729931 1.3403381475915 2.37445778000003 2.97613175737321 2.94647010000001 2.42075782569013 2.67836237204589 3 3 3 3 3 3.00475033860923 3.04495600628161 3.01239744882755 3.34033587606339 4 4.44588378000015 5 5.03151522437334 5.67836010051762 6.77075971459173 7.81356979029928 8.04680944480999 8.94877948008076 10.0182376350285 11.1375190698629 11.8398322199999 10.5616022807111 9.10705979999998 9.08701536942588 9.47554329431699 10.0276915407924 11.788229344099 13.6248279289896 15.3704978538804 15.9359259612291
1.42236567028182 1.07356892171763 1.70263998684677 2 2 2 -9999 -9999 2 2 2 1.96213366392521 1.5473734275104 1 0.935356949618035 0.875041699999933 0.957535893253375 1 1 1.76518807243956 1.04735079899631 1 1 1 1.20266051526102 1.9129077361748 2.32766617238943 2.54058987809245 2.12495830000007 2.71370128000015 3.12495830000007 3.12495830000007 3.12495830000007 3.01568769233938 3 3.12712175053215 3.32756935803246 3.98480271340362 3.45257501516105 4.12495830000007 4.17174960771075 4.64008350085386 5.12495830000007 5.64013085798226 6.0824935934536 7.49673389511089 8.10034473632504 8.89014217223968 9.11819587919647 10.0324588093682 11.8750416999999 11.7348882135034 11 11 10.6723380278108 10.1249583000001 10.6422680800003 12.1552992157645 12.8750416999999 13.6980555449895 14.9033678164252
1 1.47312554635355 1.93326312140879 2 2 2 -9999 -9999 2 2 1.95451617649289 1.56009293126929 1 1 0.482683020000026 0 0.530524429919381 0.947290237842979 1 1 1 1 1 1 1.04548335217902 1.43990514005877 2 2.44588618000018 3.10159370322814 3.66950838900973 4 4 4 3.12554341999986 3 4.21029996243617 5 5 5 5 5.37445538 6 6 6.11562081966234 6.8565556800002 7.92798408000014 8.84170889705098 9.17173117071155 9.95651052152624 10.2102980337642 11 11 11 11 11 10.9124348271903 11.2193303194282 11.7228469483341 12.1925571082897 13.8559633600004 16.1565232716214
1.12926915851337 1 1.48337103033571 1.73218489999999 1.94724925784205 2 -9999 -9999 -9999 1.9571027217138 1.56260840237487 1 1 1.11941569464162 0.611952821269639 0 0.176804506908134 0.803483169003052 1 1 1 1 1 1.04289663552995 1.43738984038135 2 2 2.44588618000018 3.51731458000012 4 4 3.80406653175934 3.94724797232955 3.12554341999986 3 4.73682168459608 5 5 5 5.08115520095143 5.54198567495977 6.11941440912912 6.26781510000001 6.69888206269329 7.83697220139577 8.80347965451561 9.21506242957332 10.1422692800004 10.0144934622491 11 11 11 11 11 11 10.5541186199997 10 10.5887381800002 12.8036971613615 15.3913070427285 18.6241319268173
1.65817785708907 1.13951464249556 1 1 1.53060926124943 1.95741183916603 -9999 -9999 -9999 1.55491984082756 1 1 1 1.29462377751087 0.801618962904633 0.199728043320118 0.775457616264724 1 1 1 1 1 1.03010588622789 1.44507857335682 2 2 2.12703236788947 2.63386569169534 3.3418189712798 3.66075649999991 3.66075649999991 3.17734718996646 3.53060608961819 3.08295363079713 3 3.6780698800001 4.69086157204339 5 5 5.20022704671041 5.91481960741004 6.63386410587972 7 7.1997264149513 8.65958146000035 9.09105384421797 9.80302578000011 10.5778012833874 10.3566429540566 11 11 11 11 11 11 10.7053809799359 10.3392435000001 10.9279816800003 12.8835338811831 15.8732719400006 19.6181600579874
2 1.65303438943333 1.41067190000005 1.41067190000005 1.08088882034067 -9999 -9999 -9999 -9999 1 1 1 1 1 0.695130567078903 0.757636096179264 1 1 1 1 1 1.00711110427267 1.46297133898559 2 2.09511201449855 2.41067190000005 2.63135039201767 3.18311292472444 3.19822533853367 3 3 3 3 3 2.61155161808193 3.01731338000019 4.05229802459809 4.65510549214388 5 5.12444466562792 6.00580435763021 7 7.2124455758538 7.9994124800001 9.18878416132481 9.15817720607957 9.47324565717844 9.9484418595637 10.5574351836944 10.5893280999999 10.6257708697895 11 11 11 11 11.1831109534994 11.8355610804827 12.8207538800003 15.2125154400011 18.1263551395334 20.5708556655822
2 2 2 2 -9999 -9999 -9999 -9999 1 1 1 1 1 1 1 1 1 1 1 1 1 1.01731578000022 2 2 2.2316009800002 3 3.18052620807534 3.71302461885623 3.48268541999988 3 3 3 3 3 2.05411502000009 3.01731338000019 4 4.08295208817092 4.62955344489767 5.15693758203397 6.07288013103462 7 7.51731218000009 8.30490856975986 8.51789970000002 8.51789970000002 8.90503866944579 9.45287955748597 9.51789970000002 9.52624532865139 10.0887393800004 11 11 11.1460882409255 11.6626241939939 12.4100819800002 13.9988201600004 15.5529387800002 17.944700340001 19.7219862413271 21.1901611924051
2 2 2 2 -9999 -9999 -9999 -9999 1 1 1 1 1 1 1 1.3258874648225 1.55352870000006 1.55352870000006 1.10902822699227 1 1 1.55167491761426 1.49559375058799 2.08866011998304 2.65693189062201 3.1677354587732 3.72071335183177 4.24681079756349 4.03621411999995 3.22764256364645 3 3 3 3 2.57768950332902 3.01731338000019 4 4.08865879151414 4.65693081909088 5 5.74891076 7 7.23096504151044 7.12058649211523 7.25836507727972 7.85143144667483 8.80302578000011 9 9 9.00772885574495 9.53521068000035 10.5351287630453 11.256390264881 12.4100819800004 13.2742399087696 13.5057937987488 14.1947450499795 15.4816807800001 17.1426000423787 17.7858851999998 18.9474354723988
1.67669758050138 1.74298500522031 2 -9999 -9999 -9999 -9999 -9999 1 1 1 1 1 1 1.32330091960156 1.84576187467686 2 2 1.19696941999983 1 1.59113903393139 1.99350583965296 1.65823997462541 2.16017257999997 3 3.30302937999996 4.23402004826127 4.79218354601721 4.48268541999988 3.77919612542615 3.21237830885211 3 3 3.54649784831284 3.62495710000003 3.6314503602441 4.05545980547772 4.68502778880073 5 5.18937886264263 6.13984931163582 7 7 6.77919702552912 6.45997149749844 7.10664028000004 8.17806868000008 8.92153924841593 8.40886396586272 9.02163723971812 10.3386535800005 11.4100819800002 12.4236312059525 12.9242698545089 12.7500857999999 12.5828611541886 12.5690562600896 13.3388239800001 13.9976765886463 14.5823441770754 16.0549643427971
1.84293433510099 1.87513786285085 -9999 -9999 -9999 -9999 -9999 -9999 -9999 1 1 1.21102693763119 1.6963855 1.6963855 1.8534504362242 2 2 2 1.19696941999983 1 1.94588737999994 2 2.0618001601615 2.63347435558083 2.3036145 2.60664387999996 3.93883924835424 5 4.84293579245056 4.6963855 4.03621411999984 3.6963855 3.6963855 3.96188319730845 4.65870058473973 4.6963855 4.72332879116385 5 5.16128189293271 5.78838888501924 6.37445538 7 7 7 6.79956312522175 7.42798288000007 7.94019577068184 8.26549696863373 8.01643083341462 8.32618134453742 9.75776519751168 11.4637822800001 12.3036145 12.2116118436555 12 12 12 12.1787494481517 12.7633449338968 13.2221228440552 14.3504474220071
-9999 -9999 -9999 -9999 -9999 -9999 -9999 -9999 -9999 -9999 1.17782829445117 1.83817366717431 2 2 2 2 2 1.43826567692567 1.04573356144901 1.67142175982402 1.98743580180141 2.01329529657351 2.78841906505201 2.83982742000003 2 2.30302937999996 3.74891556000006 5.34235760682208 5.76781390000008 5.31576885642855 4.8467173819462 4.20608141967914 4 4.67141991707064 4.98743524455476 5 5.06813717219484 5.76781390000008 5.82158787105584 6 6.37445538 7 7 7 7 7.73159738000007 8 8.67141807431749 8.76781390000008 8.03060259106691 9.87715733055919 11.0371887321839 11.410008866191 12 12 12 12 12.4520413580649 12.9210954035606 13 13.186450866811
-9999 -9999 -9999 -9999 -9999 -9999 -9999 -9999 -9999 -9999 -9999 2 2 1.62579144257689 1.59491199212423 2 1.44595423847294 1.04314701622822 1.67393723092968 1.97981831436917 2 2.00278364496654 2.23523556973493 2.83982742000003 2 2.04871430616122 2.90967326000004 4.2324373367586 4.75566767794281 5.06611273264404 5 4.88238970204671 4.16530708325187 4.87445658000014 5 5 5.01426592444672 5.16075769999999 5.16075769999999 5.16075769999999 5.53521307999999 6.53496222906001 7 7 7.55404173316397 7.95685221213484 9.34786640513319 9.81905984273227 9.04541762803095 8.85933615332975 10.0887393800004 11.1344195760732 12.0708384800002 12.8392423 12.8392423 12.8392423 13.2733905495799 13.773128795719 13.8392423 13.2252568463162 12.3260688116149
-9999 -9999 -9999 -9999 -9999 -9999 -9999 -9999 -9999 -9999 -9999 1.08932929999998 1.08932929999998 1.04949838527058 1.0462115637015 1.08932929999998 1.03035643835422 1 1.80303058000017 2 2 2.91067070000002 2.91859815547851 2.83982742000003 2 2 2.40790783136698 3.49538477966108 4.04621134931119 4.62548028171675 5 5 4.92826605480033 4.98878529417181 5 5 5 5 5 5 5.37445538 6.44588378000015 7 7 7.66016898000013 9.33248859632569 10.6961009108095 10.9106707 10.8261756712465 9.91221707772575 10.1695517333029 11.92497837567 12.2315961800002 13 13.3410033574137 13.5046195915582 13.5173097800002 14 14.6011943615255 13.5128336074467 12.928266483581
-9999 -9999 -9999 -9999 -9999 -9999 -9999 -9999 -9999 -9999 -9999 1 1 1 1 1 1 1.71850584253607 1.99647407010954 2 2 2.03490671195391 3 2.99713276666269 2.75464398598276 2 2.37445778000003 3.00798176391952 3.52595508343494 4.01053902921063 4.66625461814388 5 5 5 5 5 5 5 5 5 5.00670308831181 5.46378468000005 6.52595272639708 7.57820159375159 8.64226808000023 9.72679273153974 11.5916766758151 11.9820991000001 11.9820991000001 11.9471971021219 10.985276129535 11.0179008999999 11.2494970800001 12.0179008999999 12.3923538799999 12.5720195199996 13.0432601493596 14.5781992367139 15.6422656800004 14.5189091399998 13.9820991000001
-9999 -9999 -9999 -9999 -9999 -9999 -9999 -9999 -9999 -9999 -9999 -9999 1 1 1 1 1 1 1.80303058000017 1.12554101999983 1.89525639326699 2.06991640958626 2.99524974590504 2.79487355777597 2 2.01622040513795 2.40794149118108 2.97613282750004 2.97416305618095 3 3.66017138000016 4.73159977999993 5 5 5 4.05260075805204 4.08399165437117 4.9464725 4.9464725 4.96269277667195 5.02004366035295 5.07739454403396 6.60361068457036 8.03151381139596 8.67835928492318 9.73159738000007 11.6060515600002 12.04680734612 12.1547889596019 12.1967990199999 11.2046100056741 10.9468872199999 10.094658235475 10.3403319317944 11.37445298 11.976133084432 12.4360919807513 13.4816831800002 14.5531115800003 14.2396709205838 14
-9999 -9999 -9999 -9999 -9999 -9999 -9999 -9999 -9999 -9999 -9999 -9999 1 1 1 1 1 1 1.80303058000017 1.12554101999983 1 3 2.92234492888153 2.10494139111081 2 2.30302937999996 3 2.55411381999982 2.51731458000012 3 3.57767907105797 4.69806158894961 5 5 5 4.98485002897978 4.11386709101252 4 4.02893960900265 4.39011787098994 5.37445538 6.44588378000015 7.45267097096719 8.39021807095956 8.91507221809597 9.64017997094449 11.4810956600002 12.8587664890711 14.8917651599998 15.9848521290856 14.9474771399992 12.9647881199999 11.8933597199998 11.1249559 11.4058286617528 11.4291627199997 10.8750441 11.4637822800002 12.5352106800003 13.6980561891615 14
-9999 -9999 -9999 -9999 -9999 -9999 -9999 -9999 -9999 -9999 -9999 1 1 1 1 1 1 1 1.64532798166817 1.27261674933199 1.19638430000008 3 3 2.87128280000253 2.19638430000008 2.43990346732929 3 2.72924391067791 2.70689825665396 3 3 4.31952484932435 4.96131782700959 5 5 5 4.92868571234596 4.19638430000008 4.38250055498591 5 5.37445538 6.44588378000015 7 7 8.06104431396208 8.75090563935304 10.2519656043128 12.1844106879791 14.3026122599996 15.6072313999998 15.4471796610228 13.6434479199998 12.6175013736917 12 11.7726203927205 10.9468872199999 10.2911770809716 10.7851224800003 11.8565508800004 13.5159004919694 14
-9999 -9999 -9999 -9999 -9999 -9999 -9999 -9999 -9999 -9999 -9999 1.18665694081238 1 1 1 1 0.823197077508957 0.928119655151679 1 1.87445898000017 2 2.73682468579448 3 3 3 3.08115511643711 3.26781269999998 3.59428489824163 3.62122883441907 3.11013985292012 3 3.53566806759876 4.53521548000016 4.96637787772261 5 5 4.97623382429536 4.77508290836529 5.06202504102601 5.26781269999998 5.54198417365266 6.32647044099211 6.73218730000002 6.73218730000002 6.73218730000002 7.26785361034936 8.26740038000015 9.33882878000045 11.3561397599998 13.2011980002935 13.3994007529539 12.6149144856148 12.0620243982755 12.2678127 12.64226568 12.9413440162573 12.156857748918 12.2345047184212 12.842189991521 13.7315949800001 13.7849401404391
-9999 -9999 -9999 -9999 -9999 -9999 -9999 -9999 -9999 -9999 1.15303399460522 1.46052795438212 1 1 1 0.80027336966881 0.224543199318214 0.731602179999955 1 1.87445898000017 2 2.01731578000022 3 3 3.07856857121636 3.64227048000002 4.21220963080927 4 4 3.41125701999992 3 3 3.80302818000014 4.57780496789861 5.30252502217735 5 4.94136307906308 4.39073866389923 4.97092523703782 6 6 6 6 6 6 5.75181210005162 6.19136533106441 7.1959719800003 9.21328295999968 10.6780698800001 11.6607588999999 11.7150943938717 12.1530292371411 12.7635572918463 13.37445298 14.1512612898208 14.163748361192 14 13.5637890567823 14.0708360800002 13.53621772
