catData/variables/futureClimate2070/rcp45/HadGEM2_ES_2070_rcp45/bio16.asc
NCOLS 409 
NROWS 350 
XLLCORNER 60.897278365 
YLLCORNER 5.843756025 
CELLSIZE 0.0892857 
NODATA_value -9999 
[rows 25 to 49 of 350, columns 168 to 223 of 409]
52.2500091280107 53.6157675647854 74.244757781139 95.8348592675191 47.6980115179183 34.1529908440225 31.2829214527604 30.7273385070086 29.98162918 32.2315475717562 32.9938406542268 35.6691764616553 34.8793786193494 36.3682879302617 33.656649935328 33.5708636800004 34.3551341133261 32.8581957691586 32.3084887242121 36.8933593038 40.4443156200009 42.424886104231 39.53631372 38.0985829857907 35.0200061799991 34.1616347611133 -9999 -9999 -9999 -9999 -9999 -9999 -9999 -9999 -9999 -9999 -9999 -9999 -9999 -9999 -9999 -9999 -9999 -9999 -9999 -9999 -9999 -9999 -9999 -9999 -9999 -9999 -9999 -9999 -9999 -9999
58.0378856501222 58.3180862800026 96.1461818997961 99.7273398192102 80.6965929751542 43.0814793750175 35.6663240576884 30.6974902044145 29.7600532260037 28.8066850925838 29.2321597 31.3243919517213 32.0667063035341 33.2773084353917 34.4020510700622 35.4101323800004 35.0289909376495 37.2342865799995 33.6315352919686 37.1601653800001 38.7485480824873 41.0211110847934 39.8737117743175 38.4254764502329 36.3279799338508 34.3157852420641 -9999 -9999 -9999 -9999 -9999 -9999 -9999 -9999 -9999 -9999 -9999 -9999 -9999 -9999 -9999 -9999 -9999 -9999 -9999 -9999 -9999 -9999 -9999 -9999 -9999 -9999 -9999 -9999 -9999 -9999
102.368770708939 103.204797511425 123.185048845189 67.3971118388877 75.4414971900368 81.8072118599979 68.570870462067 45.1658719827251 36.4909321369071 28.5367215077062 28.5948932065581 29.5887381800002 31.7682808747609 32.7961276122088 33.9004340635957 35.769083088614 33.4664245619512 40.4049921316927 33.9683142606138 34.6096213215461 39.790210507994 41.4323164554 43.9224382914906 43.1246767919017 40.6153702753729 35.7919089691036 37.4304398456773 38.4647509199997 -9999 -9999 -9999 -9999 -9999 -9999 -9999 -9999 -9999 -9999 -9999 -9999 -9999 -9999 -9999 -9999 -9999 -9999 -9999 -9999 -9999 -9999 -9999 -9999 -9999 -9999 -9999 -9999
105.276945304279 82.8439410502037 139.093192274959 116.580071027952 65.9505659274093 62.9312302134686 74.1964652113923 76.4139464085825 61.3393816759684 30.5726555011587 28.0461972635524 29.2142032331857 30.7780761601546 31.8448672266607 34.3549484067966 35.8632399598646 36.6080008074939 39.1047343608328 35.0643976510469 36.7429110303952 38.1115558352969 41.5979237383156 42.4631441627005 42.8921514761487 42.7952705307738 36.8053953649755 40.3658234970024 42.2449365790122 43.1229969531758 40.0444759455358 37.6617299399999 -9999 -9999 -9999 -9999 -9999 -9999 -9999 -9999 -9999 -9999 -9999 -9999 -9999 -9999 -9999 -9999 -9999 -9999 -9999 -9999 -9999 -9999 -9999 -9999 -9999
105.367710913971 111.300815989224 107.913511883215 92.6384815979434 93.2319726418938 53.1747321440671 71.1393049563243 79.5097064871464 82.654160670241 61.0466747492406 31.8264997419744 29.0031723011968 29.6780410800003 32.1865056510604 34.602525901406 36.7332731716592 36.9990326352774 39.0157616689341 40.0009506091495 40.2992919843391 37.6989209630212 40.3263130499567 41.3901202293235 42.8898231876565 43.9808880569448 40.9816508846009 37.0835363202594 38.9909052105731 44.0077931044801 40.625508945441 38.10824444 36.0685556827427 -9999 -9999 -9999 -9999 -9999 -9999 -9999 -9999 -9999 -9999 -9999 -9999 -9999 -9999 -9999 -9999 -9999 -9999 -9999 -9999 -9999 -9999 -9999 -9999
119.232841642631 104.147658191054 73.9093691866096 65.1138587737748 92.3349123997639 84.5652418961932 72.5656385320242 64.2569599902391 44.7284078587503 67.2296464379736 69.1960045441696 43.8344113298828 36.3216383350072 33.6484642384071 33.3263943758881 35.0368438504577 37.0075631422849 39.0336902180378 40.9511983113533 41.1601653800001 41.3424269104037 40.0210441814243 42.3543972910839 42.4766885616928 43.4725181676984 42.8437357567082 37.8619302011225 40.3255704723905 46.4529886484365 46.6502892453483 46.5686703440426 43.5939993268658 38.3611198312939 34.4547568833562 -9999 -9999 -9999 -9999 -9999 -9999 -9999 -9999 -9999 -9999 -9999 -9999 -9999 -9999 -9999 -9999 -9999 -9999 -9999 -9999 -9999 -9999
143.227454384232 92.6638419518351 65.1866377302169 58.8121253295211 54.8284619691202 51.0206104150609 52.3025674735034 48.8258301551767 47.9901764934116 51.5324965552113 64.5821742950523 63.3591594559784 61.7954186702061 51.8401231086442 44.0339207576953 42.8903019829243 39.6825653920044 39.6422200800001 40.6803768244338 41.4101299800001 42.2210194767099 42.2007271180149 42.4685462894495 41.8446075008836 42.2329086922474 45.9285954718767 40.858300145561 40.026905256557 40.8994949909713 39.5631401189833 40.32068308 38.4480106599997 35.5331873908774 35.8146818871542 35.4418979533347 -9999 -9999 -9999 -9999 -9999 -9999 -9999 -9999 -9999 -9999 -9999 -9999 -9999 -9999 -9999 -9999 -9999 -9999 -9999 -9999 -9999
124.73455538876 86.4390496292367 81.3723766234432 63.300426745097 55.2176995187131 47.517710907915 48.6069740991539 43.0358053903747 40.5990469357567 41.1637197765979 51.8452309560753 44.490201116602 36.4027578191507 40.7668968642772 51.879460678179 58.294699076419 44.4165154184776 45.988214760628 47.0225944087797 43.7179392855986 44.1612276199999 43.9988657600006 45.9210842584006 46.7160138974228 43.3924457584826 42.7583302666757 42.7955700132128 46.3799215324746 46.5660913688136 48.478509604522 50.1210281137685 43.3433510735687 42.266400690283 49.1402008830159 -9999 -9999 -9999 -9999 -9999 -9999 -9999 -9999 -9999 -9999 -9999 -9999 -9999 -9999 -9999 -9999 -9999 -9999 -9999 -9999 -9999 -9999
130.153586967397 80.4172589286573 66.2854293810676 60.1228777426957 54.5976047026933 50.0337218276457 43.9939936227552 39.9999589984287 36.9137850057776 34.0913481799988 40.0041767256612 41.7860867741328 34.8320719558222 37.6765613959699 45.7061485106729 42.8977881537691 44.784641339405 51.636737925511 53.9159158086364 49.2778633364658 46.5098936503989 45.9794001840579 47.1270119517084 46.7738926952875 44.2423239738342 42.693364661453 46.8471062812378 47.8573566363876 43.4492168999989 46.3681452301321 50.5263060999157 50.6172356949193 51.1251829298615 -9999 -9999 -9999 -9999 -9999 -9999 -9999 -9999 -9999 -9999 -9999 -9999 -9999 -9999 -9999 -9999 -9999 -9999 -9999 -9999 -9999 -9999 -9999
98.2443691355167 84.8912183489004 74.4706233489501 67.9135699374423 63.7785311819781 59.6168105292037 49.6032501479916 45.3429332335604 43.2282536960785 40.7248175410881 39.7125382452835 39.5042181628985 39.592229760721 48.9497652366845 63.656917935963 47.429214342382 43.4295509160318 46.3623259666743 47.5132575063821 55.4843386650644 50.5188237262185 47.5757294225467 49.0911476443008 50.823500046305 47.2792473446316 45.7460668637588 47.1259111818768 46.9517207430944 42.1185522593344 43.3266758849718 47.4105656416432 53.5801928909617 -9999 -9999 -9999 -9999 -9999 -9999 -9999 -9999 -9999 -9999 -9999 -9999 -9999 -9999 -9999 -9999 -9999 -9999 -9999 -9999 -9999 -9999 -9999 -9999
94.521497913366 91.3251306430411 78.4123495475393 68.4570658514891 67.5210432199977 60.7721372599994 53.4951715384179 52.0540535295796 52.4649570180607 48.7685170227798 48.0751737421679 49.1958538363059 47.2764446196004 60.957201672591 68.1796248413787 50.596227083803 47.2736469754518 49.3872044113631 48.1739147845431 50.1371779706726 53.371624815026 50.6633533522591 51.0680952800007 54.3197205628751 53.5114724200232 51.4047157317658 50.13608498563 51.5893753369174 46.8156095640988 42.9569603585165 43.7547084784414 54.7135692800003 -9999 -9999 -9999 -9999 -9999 -9999 -9999 -9999 -9999 -9999 -9999 -9999 -9999 -9999 -9999 -9999 -9999 -9999 -9999 -9999 -9999 -9999 -9999 -9999
118.337398223099 99.0265307646768 84.6716446070601 74.8420506435403 71.6029459658581 67.2291697905201 62.0500283445119 55.9615014064843 57.2019895165382 59.7497990396634 62.4825477309515 60.0481007483347 52.1583866821255 50.867963396688 51.3941992748984 49.7019578646318 49.9362212603337 50.0339983540333 51.9610761287332 51.8570037148498 52.0735284527999 53.3972066385012 53.0920103373978 56.3733883400007 60.0679919938701 60.3766444439921 55.9903967936635 54.5387664306815 57.1629666494892 49.8841843904328 43.834852276343 53.3092846295911 -9999 -9999 -9999 -9999 -9999 -9999 -9999 -9999 -9999 -9999 -9999 -9999 -9999 -9999 -9999 -9999 -9999 -9999 -9999 -9999 -9999 -9999 -9999 -9999
129.247685847201 99.9606686960124 90.9510775562525 84.5369124205616 78.1124386230214 74.1224087282882 74.4848270474854 67.4017914701694 61.3387059646735 60.5337171293284 67.7451902091106 67.3908690147905 56.9032374350565 52.9786732659417 53.0402629795136 52.7167087638386 53.1842526275155 52.9346637743073 62.0570475261788 57.664790947272 53.7640525177779 54.7456050717984 55.3850982816975 55.8312719665055 60.9245927830721 65.6456563206056 66.0696056342578 60.1661189238761 60.1896836389233 64.8163265121851 47.4557681890986 44.3856996840062 -9999 -9999 -9999 -9999 -9999 -9999 -9999 -9999 -9999 -9999 -9999 -9999 -9999 -9999 -9999 -9999 -9999 -9999 -9999 -9999 -9999 -9999 -9999 -9999
136.172405467199 112.382301197465 101.165995917447 91.7537664399987 84.4201489459749 79.789946708026 78.813091463338 74.5719782853667 73.7810797747405 68.6085136638413 65.9315777577535 75.0637536944086 69.9648806167526 60.0372253203851 61.3368776028646 57.7526276171069 57.4796284446352 57.6405602109547 65.747120490567 65.4782897985017 57.3551826646221 58.7309255169055 61.9700955507672 59.1352146753518 59.6899600292199 65.6947623969688 70.3578995953977 71.4327220740018 67.1835202554015 66.1251509502392 53.237354991149 47.3964997708261 -9999 -9999 -9999 -9999 -9999 -9999 -9999 -9999 -9999 -9999 -9999 -9999 -9999 -9999 -9999 -9999 -9999 -9999 -9999 -9999 -9999 -9999 -9999 -9999
192.227930374818 138.217874828377 114.05835304323 100.611660825558 96.9896124019477 87.5011804856561 82.5060173596621 79.0945748300359 79.0040387245481 83.9127288162074 85.9749471581201 94.1678172384398 80.8520059810488 65.7170389880181 66.4442219966756 63.6582449213021 63.8371769432139 61.8066568818262 64.0537397911177 73.6707507810153 66.641467894401 65.0036427410992 66.9905921047702 65.2924377125659 61.601393723035 65.5850303298181 73.7389601790725 78.0858512743174 76.4482274175135 69.8317466465011 57.4447631290145 51.4033269836787 -9999 -9999 -9999 -9999 -9999 -9999 -9999 -9999 -9999 -9999 -9999 -9999 -9999 -9999 -9999 -9999 -9999 -9999 -9999 -9999 -9999 -9999 -9999 -9999
218.051815357981 143.366012510932 117.28552110775 108.922017083257 126.351339472676 117.677937023926 94.0444967150054 85.3954632743107 84.2879315098119 85.0506133758247 100.192002370865 95.5217733020087 76.8417814579296 71.4122424599996 68.9436836369994 70.8153955504397 72.08858338 69.1028326488421 67.6726935217503 76.5009803103191 76.2728600532456 71.0718614143448 71.493376518997 70.8894488986291 67.5112193553715 67.2888075151497 73.9276794647494 80.7362319114145 80.6974717399995 74.3853820444021 69.7350373872741 63.4112617727335 57.3273323328706 -9999 -9999 -9999 -9999 -9999 -9999 -9999 -9999 -9999 -9999 -9999 -9999 -9999 -9999 -9999 -9999 -9999 -9999 -9999 -9999 -9999 -9999 -9999
301.988313981102 252.238392890832 193.721364461354 188.234773065852 194.112156606312 143.088971660196 113.315028700084 94.9116314477354 90.6178010318055 89.7279791082523 90.9183103493376 89.8260833278614 82.6188603442331 79.4575586078523 75.796425638107 74.7031816703547 75.6244127799999 74.3922985073691 76.2088713574654 74.6932861082789 76.150766543905 75.0751373838269 74.7255596087615 73.1226336053777 77.92633438163 77.4378336426589 72.2933172263642 72.4015442736565 80.7580406938999 80.9607623141382 86.9128427220544 85.1365907424721 66.3901901773602 67.8458606845942 -9999 -9999 -9999 -9999 -9999 -9999 -9999 -9999 -9999 -9999 -9999 -9999 -9999 -9999 -9999 -9999 -9999 -9999 -9999 -9999 -9999 -9999
276.221507214373 285.194476628494 316.25924216012 269.970767361573 140.686928504926 119.329841185631 114.285097053324 106.668130926143 98.5590756685708 96.1373451528368 93.5095788094247 91.0451174578632 87.667503489707 86.4401982091677 83.1803604361421 80.704052518548 80.5486403132392 79.5581107437887 79.78969066952 79.0551901465527 78.7882131999914 84.2438825934575 80.5919152999997 76.3654473964351 81.5402027769501 91.5114294327425 88.4492848604306 78.8845701431809 72.9368948514521 73.586283467353 85.6777993454688 88.0568490944679 84.016172047174 62.6220554246668 73.2813285676248 86.6864991840521 -9999 -9999 -9999 -9999 -9999 -9999 -9999 -9999 -9999 -9999 -9999 -9999 -9999 -9999 -9999 -9999 -9999 -9999 -9999 -9999
288.847702945546 191.650841871893 196.45325707077 305.363131540154 182.548576830211 150.930845188358 120.565864330499 112.607050218858 108.830017710869 104.74464647579 103.752610770411 98.9164666271391 95.5427268080653 92.7014358108935 91.0645254140141 89.9669005329737 87.9811663507796 85.9607352249853 89.4726284484695 85.8841488185548 85.8763695096112 88.0669842879055 93.1555174865584 90.6247004757485 94.0185326677012 96.8043213999822 86.7975511980556 83.6592354986726 88.5207212709129 77.6681666859363 69.6634120897056 71.439881693207 77.8108378094363 63.6489490806172 64.4549799312969 79.1271017737687 -9999 -9999 -9999 -9999 -9999 -9999 -9999 -9999 -9999 -9999 -9999 -9999 -9999 -9999 -9999 -9999 -9999 -9999 -9999 -9999
422.460338868497 329.272912551627 205.589975318386 195.642510915939 266.287251110147 259.220185800638 170.011073561322 125.704051453423 117.829750257108 112.018000769836 111.319455070632 110.647491507353 108.893872839999 103.942170145713 97.6857295396012 99.2056985444972 99.3864532901625 93.7605412770462 94.6268154448473 97.5774222417352 97.8732092343078 93.4608088322726 100.156138186478 106.806319382961 106.4851683292 107.352836684122 97.3663394537393 98.9160728601442 111.900139196023 89.5443841637465 81.9271500103209 71.3975067275924 70.4539338822287 80.4217316712944 83.8014667877881 66.9590107637905 70.3335639045994 78.8219445806551 87.869560444729 -9999 -9999 -9999 -9999 -9999 -9999 -9999 -9999 -9999 -9999 -9999 -9999 -9999 -9999 -9999 -9999 -9999
506.632173577182 391.274650881251 263.967605261121 201.451255811428 195.165837888294 234.574959045274 232.930962777983 158.347188024297 153.933286451893 121.285567369715 117.900566315426 115.623802501137 113.759576452607 111.420752729764 108.03956311481 110.654008227963 107.223082369692 107.40472101839 101.9998392 103.060944500473 107.409004224789 104.586867620002 106.62587774 109.833712094683 114.922279778568 114.279113051981 102.407039166395 105.062616292512 121.499612281344 107.042153807858 95.7504273592871 81.7711926121266 82.3674605695838 77.8569180280873 90.0448513852943 87.5151245599936 66.6424015908097 67.6075986777171 74.1469324753307 -9999 -9999 -9999 -9999 -9999 -9999 -9999 -9999 -9999 -9999 -9999 -9999 -9999 -9999 -9999 -9999 -9999
510.274273323283 415.803227960288 448.843521973381 387.379836828277 244.407728660027 214.17889884478 289.599738643964 199.295249571711 148.978198857562 132.857730084644 129.507089477514 124.040478639368 122.573189090138 123.66091950631 119.794783047704 120.344828672459 116.58498037263 113.505092544907 110.819960738167 111.808814259972 114.405884503102 116.134515735057 117.62595694 115.116788174804 118.763541958337 120.512966348775 106.998343874107 107.914791985627 130.339463218998 117.711930101611 107.021091681331 103.274078570426 97.292532324022 84.1004529096268 89.8111681138064 102.509349857117 79.820856078111 69.9621390491238 71.7464524448906 -9999 -9999 -9999 -9999 -9999 -9999 -9999 -9999 -9999 -9999 -9999 -9999 -9999 -9999 -9999 -9999 -9999
535.574758056707 623.037484956623 783.060562716204 682.841641750861 362.479525609872 217.344831704383 263.097833999412 164.918226985835 158.539847328429 156.903287543843 148.515793327879 136.83290023295 130.286514238236 129.161817034101 128.378374136366 127.846093984678 128.377678476039 126.348401676539 122.89713538087 123.443832573666 122.93780410357 125.907306725026 126.063972809358 124.795606050795 123.473053230813 126.885847147232 119.319896057724 113.965325548141 123.549773450979 116.300752385021 117.394575679191 117.90409555859 106.298182585829 93.8709814959742 92.7716004954912 105.707348000288 97.8676341230768 85.3097641307645 78.9592910703161 77.7583431511113 -9999 -9999 -9999 -9999 -9999 -9999 -9999 -9999 -9999 -9999 -9999 -9999 -9999 -9999 -9999 -9999
866.460957297417 915.93318296174 980.824658582976 758.684817465606 505.821493774697 259.924700133339 248.37136794084 192.651710593014 209.350738658688 191.759077568818 150.435466914842 144.222493167465 141.199927641559 137.379986971901 142.099554911724 135.551551121193 138.177134798433 136.777969642875 139.099492901965 135.980299452675 135.261545487724 135.552198907401 136.507775068156 134.937705323262 134.74050575998 133.175922993101 129.896261113087 125.331709810934 125.160929172327 116.059285309191 122.939781858097 138.865898305993 122.393787049163 103.167391177703 99.4993851511372 106.59221155193 112.866338617697 111.429554402523 100.917189456914 88.4666574488284 86.0369626907695 -9999 -9999 -9999 -9999 -9999 -9999 -9999 -9999 -9999 -9999 -9999 -9999 -9999 -9999 -9999
1161.35514590365 1234.99466141459 1188.60298045264 910.163079075332 625.590732183044 271.658382510815 231.56963071105 210.816066841416 218.779796491284 214.241056372674 192.884041122489 177.531330431236 156.702497016975 149.841034417511 163.758253754973 149.647036693664 150.164095885115 148.1344436387 149.878460004479 151.363599359509 149.707088999914 149.483536639044 147.878870980723 150.486949618872 149.338242518468 148.329306041936 145.213323314046 140.247183398033 139.555509445203 127.859835478665 134.014743155636 149.629771736358 142.564963883691 118.780438270347 115.856435223266 119.622399353845 124.676023592774 130.43864560567 127.45367671121 106.477303605983 92.8654125201898 88.1377383031796 -9999 -9999 -9999 -9999 -9999 -9999 -9999 -9999 -9999 -9999 -9999 -9999 -9999 -9999
