catData/variables/futureClimate2070/rcp45/HadGEM2_ES_2070_rcp45/bio15.asc
NCOLS 409 
NROWS 350 
XLLCORNER 60.897278365 
YLLCORNER 5.843756025 
CELLSIZE 0.0892857 
NODATA_value -9999 
[rows 81 to 107 of 350, columns 240 to 299 of 409]
80.5504476074142 79.2569526905398 76.9541898254867 81.1242756942008 84.1836397579779 -9999 -9999 -9999 -9999 -9999 -9999 -9999 -9999 -9999 -9999 -9999 -9999 -9999 -9999 -9999 -9999 -9999 -9999 -9999 -9999 -9999 -9999 -9999 -9999 -9999 -9999 -9999 -9999 -9999 -9999 -9999 -9999 -9999 -9999 -9999 -9999 -9999 -9999 -9999 -9999 -9999 -9999 -9999 -9999 -9999 -9999 -9999 -9999 -9999 -9999 -9999 -9999 -9999 -9999 -9999
80.1529055008983 77.4522897237679 76.9658852337064 79.1859162766677 80.9258830091158 83.7186126670513 -9999 -9999 -9999 -9999 -9999 -9999 -9999 -9999 -9999 -9999 -9999 -9999 -9999 -9999 -9999 -9999 -9999 -9999 -9999 -9999 -9999 -9999 -9999 -9999 -9999 -9999 -9999 -9999 -9999 -9999 -9999 -9999 -9999 -9999 -9999 -9999 -9999 -9999 -9999 -9999 -9999 -9999 -9999 -9999 -9999 -9999 -9999 -9999 -9999 -9999 -9999 -9999 -9999 -9999
81.1031299381894 81.9629629680705 77.7933180767473 77.0526574084349 76.5693003200011 79.4860705644615 79.064998319878 79.9437063128825 -9999 -9999 -9999 -9999 -9999 -9999 -9999 -9999 -9999 -9999 -9999 -9999 -9999 -9999 -9999 -9999 -9999 -9999 -9999 -9999 -9999 -9999 -9999 -9999 -9999 -9999 -9999 -9999 -9999 -9999 -9999 -9999 -9999 -9999 -9999 -9999 -9999 -9999 -9999 -9999 -9999 -9999 -9999 -9999 -9999 -9999 -9999 -9999 -9999 -9999 -9999 -9999
86.5917215752954 81.0921300999989 76.0898976199995 75.0041653068987 74.593847584153 75.4130253821014 73.4465624999998 73.9720752980026 75.6135819020239 78.1443117191462 -9999 -9999 -9999 -9999 -9999 -9999 -9999 -9999 -9999 -9999 -9999 -9999 -9999 -9999 -9999 -9999 -9999 -9999 -9999 -9999 -9999 -9999 -9999 -9999 -9999 -9999 -9999 -9999 -9999 -9999 -9999 -9999 -9999 -9999 -9999 -9999 -9999 -9999 -9999 -9999 -9999 -9999 -9999 -9999 -9999 -9999 -9999 -9999 -9999 -9999
79.2513316400002 80.0333268198709 81.0832738319909 82.2248968059555 77.7816503224335 73.7219174054357 74.1032333202087 74.6406354503145 72.0202941609087 72.8555990400002 77.3665808589535 -9999 -9999 -9999 -9999 -9999 -9999 -9999 -9999 -9999 -9999 -9999 -9999 -9999 -9999 -9999 -9999 -9999 -9999 -9999 -9999 -9999 -9999 -9999 -9999 -9999 -9999 -9999 -9999 -9999 -9999 -9999 -9999 -9999 -9999 -9999 -9999 -9999 -9999 -9999 -9999 -9999 -9999 -9999 -9999 -9999 -9999 -9999 -9999 -9999
81.0156408961937 79.0881422600004 81.2072448327361 83.1061343599999 84.1282702984269 80.7506299764859 77.3313147606616 76.5884252884696 75.5570476550426 76.4524917576007 75.4482734948764 79.0714810657759 82.6279242067026 -9999 -9999 -9999 -9999 84.0331904406257 -9999 -9999 -9999 -9999 -9999 -9999 -9999 -9999 -9999 -9999 -9999 -9999 -9999 -9999 -9999 -9999 -9999 -9999 -9999 -9999 -9999 -9999 -9999 -9999 -9999 -9999 -9999 -9999 -9999 -9999 -9999 -9999 -9999 -9999 -9999 -9999 -9999 -9999 -9999 -9999 -9999 -9999
92.0071723004666 80.2802195595247 81.7338178599987 79.2402511590111 80.5869343007557 80.0417261605122 78.6398801586938 78.7755349407972 77.5516738208117 78.2802483594495 77.1845388605589 78.5361222402847 83.0889114991326 -9999 -9999 84.4505929984839 88.361890079074 82.6334641203135 74.3974949196834 78.4356390412894 -9999 -9999 -9999 -9999 -9999 -9999 -9999 -9999 -9999 -9999 -9999 -9999 -9999 -9999 -9999 -9999 -9999 -9999 -9999 -9999 -9999 -9999 -9999 -9999 -9999 -9999 -9999 -9999 -9999 -9999 -9999 -9999 -9999 -9999 -9999 -9999 -9999 -9999 -9999 -9999
89.312997394218 82.9820055 82.7158233599987 79.5987843972734 78.1929890646114 79.7743645119478 77.9008978210712 77.1013792900654 78.5086117949025 78.7687470612984 78.7249737340923 80.5624667038938 82.8204183600002 84.6040581840279 85.9352366310071 87.3894051326617 86.4707721379798 77.5422779000036 70.5438271563327 75.1805827926655 82.5968507130176 -9999 -9999 -9999 -9999 -9999 -9999 -9999 -9999 -9999 -9999 -9999 -9999 -9999 -9999 -9999 -9999 -9999 -9999 -9999 -9999 -9999 -9999 -9999 -9999 -9999 -9999 -9999 -9999 -9999 -9999 -9999 -9999 -9999 -9999 -9999 -9999 -9999 -9999 -9999
85.968088839445 87.5680912401477 89.0254643108892 84.6451670923975 82.7040747551373 82.2011673054323 78.5026294786412 79.6640605468904 80.0417295542307 78.0752798321315 80.397025915665 79.3936570912257 79.9266116236004 83.531387850944 86.1450677617154 88.4377793512536 85.7277309259328 72.6894655181328 70.1124004170406 76.4710351350156 83.9041599246761 -9999 -9999 -9999 -9999 -9999 -9999 -9999 -9999 -9999 -9999 -9999 -9999 -9999 -9999 -9999 -9999 -9999 -9999 -9999 -9999 -9999 -9999 -9999 -9999 -9999 -9999 -9999 -9999 -9999 -9999 -9999 -9999 -9999 -9999 -9999 -9999 -9999 -9999 -9999
87.7552634534302 89.8172151068824 97.1369777830538 91.1180618712349 89.7488503471 88.3912922618996 82.8463215967076 79.9750446732685 78.9542825140692 79.2449643324983 81.2233751364867 79.9541515981178 81.4866353522748 84.0477718331225 86.2141826827292 85.8951285515512 79.8867100535261 69.2173331975067 72.0566700083627 80.6182070906214 -9999 -9999 -9999 -9999 -9999 -9999 -9999 -9999 -9999 -9999 -9999 -9999 -9999 -9999 -9999 -9999 -9999 -9999 -9999 -9999 -9999 -9999 -9999 -9999 -9999 -9999 -9999 -9999 -9999 -9999 -9999 -9999 -9999 -9999 -9999 -9999 -9999 -9999 -9999 -9999
95.2694578990119 97.623194880471 99.8858621271858 91.8688565635593 87.3050824100678 86.6608463586662 86.4716322864457 81.99343367191 79.5947175662004 79.452107030268 80.2749009343355 78.3802228359959 83.3967392975311 85.6958123800004 83.8790970843402 80.1623610168844 72.0665417587988 72.3020497171936 78.1684010824989 85.0500606303156 89.8634069850026 90.6779258800003 -9999 -9999 -9999 -9999 -9999 -9999 -9999 -9999 -9999 -9999 -9999 -9999 -9999 -9999 -9999 -9999 -9999 -9999 -9999 -9999 -9999 -9999 -9999 -9999 -9999 -9999 -9999 -9999 -9999 -9999 -9999 -9999 -9999 -9999 -9999 -9999 -9999 -9999
106.87527642 104.485013825105 97.5221826193284 86.7625741516559 85.2227873752065 83 82.8328704777788 82.5217578695115 82.6759994081076 82.5520249656526 80.724067038128 80.9508089267833 84.6946988143476 86.3923250800004 81.7885443999997 73.0171766238213 70.5495336600028 78.126744758752 85.00195367883 87.6136051837795 89.2878341436653 89.1754573787894 91.4598323747018 -9999 -9999 -9999 -9999 -9999 -9999 -9999 -9999 -9999 -9999 -9999 -9999 -9999 -9999 -9999 -9999 -9999 -9999 -9999 -9999 -9999 -9999 -9999 -9999 -9999 -9999 -9999 -9999 -9999 -9999 -9999 -9999 -9999 -9999 -9999 -9999 -9999
110.573277921688 106.866665806951 99.7587828469375 94.4251535347206 95.2319064950904 90.3637908228725 87.9280292316377 82.6250636471979 83.962104920001 86.5446844294568 88.3790458196172 90.8787603293437 88.9544139855178 86.2914577404919 77.6056074681594 74.9399702925637 78.9689134571418 82.4500122602712 83.8695420656195 86.0688087287372 84.9918239106686 84.8691362823751 88.9399564752188 92.9883149826505 93.5960914693226 91.3588013599996 -9999 -9999 -9999 -9999 -9999 -9999 -9999 -9999 -9999 -9999 -9999 -9999 -9999 -9999 -9999 -9999 -9999 -9999 -9999 -9999 -9999 -9999 -9999 -9999 -9999 -9999 -9999 -9999 -9999 -9999 -9999 -9999 -9999 -9999
114.175701871131 114.040522507394 109.027886435078 106.349266323277 103.786721838806 100.090862633658 92.5039132674565 85.784068669553 82.681031033407 83.6775663600001 86.2331514733397 87.2168239228448 87.2502159134054 82.3314721590314 80.3241724793667 78.1253992190961 85.615920899192 88.8743074943862 85.5261077385488 82.7463400465799 81.9218939650024 84.2293349000014 86.6768230737648 86.1544683038723 90.0435660308164 89.9303437599996 92.6380895872089 -9999 -9999 -9999 100.155269572188 102.050326394591 -9999 -9999 -9999 -9999 -9999 -9999 -9999 -9999 -9999 -9999 -9999 -9999 -9999 -9999 -9999 -9999 -9999 -9999 -9999 -9999 -9999 -9999 -9999 -9999 -9999 -9999 -9999 -9999
113.7229128107 112.478150567942 110.12567302 108.762504755059 105.172907181856 98.7551573224617 91.80583618 87.2493906032887 83.864998804524 83.4466743542413 89.6729104854583 96.6032844470233 88.6826739006506 86.017839322784 94.6455549357918 89.7121735351872 82.8031981112033 85.9697481290832 86.65193438747 86.5007580895626 88.5872857633179 84.9168189174319 87.5488856435384 87.7904886293625 91.9862768642767 91.4552397317375 90.6773241996601 95.0843073279197 95.4092349546054 99.0293378452228 100.72333608416 101.257394687086 -9999 -9999 -9999 -9999 -9999 -9999 -9999 -9999 -9999 -9999 -9999 -9999 -9999 -9999 -9999 -9999 -9999 -9999 -9999 -9999 -9999 -9999 -9999 -9999 -9999 -9999 -9999 -9999
111.419694598923 111.018532625621 111.573821459904 105.689326918537 101.550697332363 99.2527477858177 94.4754245856187 93.6183739642019 92.5581810950112 94.2542737878199 98.0168096132181 105.717878855842 99.1662821250734 102.759165118382 107.456908469939 95.6319226089364 87.8835280083172 87.9644596424952 88.7722512333088 87.2612839458258 89.7956917750066 85.8181009211179 93.3768982733431 93.6251167858309 91.0821101911157 95.306014269708 94.1522071200017 93.6852715575233 103.864190294399 102.012948834195 98.9690099310932 101.805010825283 -9999 -9999 -9999 -9999 -9999 -9999 -9999 -9999 -9999 -9999 -9999 -9999 -9999 -9999 -9999 -9999 -9999 -9999 -9999 -9999 -9999 -9999 -9999 -9999 -9999 -9999 -9999 -9999
108.780903595207 110.224377829737 113.66495532883 111.048274031409 107.37158053468 108.449443591796 103.456509169024 102.278947200411 106.34448272776 106.634036564848 102.781151645592 105.581545767287 108.855509030936 111.09018583122 110.073458330473 102.828018179782 109.288642153922 109.193647965615 107.879800159535 103.679541808801 100.77767674296 95.6167654027399 103.851661997473 105.377325478586 96.5623307186425 93.5016901365159 94.7643428931259 94.7188800997908 107.126810126835 102.117815169308 100.107864739708 -9999 -9999 -9999 -9999 -9999 -9999 -9999 -9999 -9999 -9999 -9999 -9999 -9999 -9999 -9999 -9999 -9999 -9999 -9999 -9999 -9999 -9999 -9999 -9999 -9999 -9999 -9999 -9999 -9999
113.690297407469 114.543851803344 114.072878025856 114.458145747575 112.404576991513 110.72569831828 107.732454730523 107.19801643179 108.07770806051 108.947417980106 106.69437479881 106.611714783502 109.480755021104 112.556433236988 112.74172485618 114.062943156192 116.481139365432 114.383822309358 112.15542705182 112.180038815703 110.855972555067 109.790557447321 109.574305335946 108.858103294462 106.793528728701 100.419675130756 100.801416873253 99.7821215143013 109.265523022663 106.455838931828 101.111903005082 103.470324022473 105.884950541667 -9999 -9999 110.891729160001 -9999 -9999 -9999 -9999 -9999 -9999 -9999 -9999 -9999 -9999 -9999 -9999 -9999 -9999 -9999 -9999 -9999 -9999 -9999 -9999 -9999 -9999 -9999 -9999
118.19813291413 116.912948896411 114.263008095437 116.801206593641 115.032430471306 111.680727916463 110.9463405 110.938365457335 110.438914160226 109.403917570819 109.61292316042 110.66003698 111.760191506097 113.728747227126 113.9821135 114.069466864722 116.822550039999 114.362251063432 110.794589095016 109.75064932 109.046962104339 108.597881019737 108.035154292371 107.439692927891 108.957190480163 109.123162007691 108.864224060362 111.419903519014 111.025596731014 109.995439048845 112.788535872854 111.725859004534 108.27305443252 115.615144709256 113.139008247267 110.45383953681 112.05247246 114.184799095037 -9999 -9999 -9999 -9999 -9999 -9999 -9999 -9999 -9999 -9999 -9999 -9999 -9999 -9999 -9999 -9999 -9999 -9999 -9999 -9999 -9999 -9999
132.155416836015 124.412473699484 117.311104024956 116.250089490486 116.561630554014 113.878809610742 111.033493618493 111 110.020798652013 109.1070838 109.731892449493 111.438367174486 113.55248086 114.82089788 114.9464581 116.805707231756 114.640992772019 111.884813603743 111.012399328507 110.734307979243 110.394486733007 109.739813525256 107.07249304 106.727328969756 106.429781915987 106.78512248 106.967552646987 109.616589278757 110.793935426981 113.791388179537 113.939139391012 112.525894772244 115.049745619983 117.345313603231 113.753141416048 110.737446516756 112.35583736 113.783887734977 114.802579253506 116.427931631221 116.175898616011 -9999 119.736898214989 -9999 -9999 -9999 -9999 -9999 125.612120112011 -9999 -9999 -9999 -9999 -9999 -9999 -9999 -9999 -9999 -9999 -9999
133.814135710144 133.73447189104 125.150906714591 118.759547756507 117.4419989111 115.848480419078 112.156822516794 111.263470039641 111.060323441244 111 111 111.091426144486 112.530287913876 113.74946948 113.8750297 113.859894678791 113 112.67969324 111.23158178 111.431846913097 110.733466354978 111.081205961002 109.086056722345 109.17744756 108.26704170794 107.649362257216 106.645802805666 109.544824314872 108.226473570286 109.974472262275 115.61400141256 115.66026978 116.760638724593 116.450852958519 114.49869416 116.530111299357 118.405174642203 117.557349147475 117.612711343949 116.146631604628 116.17791748 -9999 116.993234530358 117.846929016802 -9999 -9999 -9999 124.8750297 125.24946348 125.930749230393 126.387998662061 -9999 -9999 -9999 -9999 -9999 -9999 -9999 -9999 -9999
132.138039203159 132.186602234366 130.233269468344 125.686381660969 121.564307971892 119.512855763203 116.711591116602 113.522321006796 111.67910092 111.1963987 111.1963987 111.92798168 112.1963987 112.89909964398 113 113 113.01742547073 112.938999771265 111.775295519464 112.208808830877 111.264077719316 110.934260579021 109.842809500443 108.911347919796 109.670109959909 107.452004879428 108.367383360959 109.506300315337 109.218637248699 108.872778020001 112.749728718745 112.325096235724 113.372194981643 115.759723385919 119.45383137594 120.846129804448 120.512399568791 119.892256294777 119.793642062806 118.824205647001 118.880385083193 116.720170846612 117.15289444179 117.013895696888 118.017488255954 120.597608305838 122.83877958 123.428673011825 123.318901972372 124.179903227469 124.717489704606 124.919224942337 126.06099058552 125.431412104287 -9999 -9999 -9999 -9999 -9999 -9999
129.54629164325 128.995366864354 128.667209116876 127.722582498106 126.03624292 124.358789359999 120.495907641795 116.110424389072 113.960384084254 113.449285774517 112.80871363986 113.071299432057 113.2678271 113.2678271 113.014497968368 113.263194607139 113.041199071818 113.4643458 113.40232192345 113.41837454222 113.005945458019 110.930857620717 109.611985998531 108.768609536191 108.689620452504 108.536235794842 108.306539519162 108.970421182851 110.456382982307 109.121957719695 112.041197957388 112.593024117607 113.453896801296 115.061485434996 119.184615955102 119.887295692728 117.584529658684 119.216285920087 119.622153822286 119.660282262373 118.92916632 118.326132689664 117.761171407877 116.741435314583 117.220303762958 117.32987509025 120.69592278 120.636482712209 118.230755332803 118.109521248015 121.447908464102 124.163216982872 124.287540441642 123.608711241237 118.632273263268 109.532098191809 102.092785576383 102.678613732966 115.467299280153 121.923790799104
129.571446566893 128.988569794109 128.279052996669 127.554922449222 126.846982026778 125.738613813002 123.367382727562 121.419438259447 121.0532995 120.46457332 118.744718976345 117.574678900657 117.120128972773 116.163323985648 113.80610089064 114.333694839792 113.959141957452 113.302689084992 112.864750112565 112.459819870121 112.448869267677 112.48139998 112.351932845579 113.270027998617 111.952102131607 108.741499742709 108.261658394928 110.054828068289 111.26639300438 111.649010208634 111.074108659435 112.280891036819 113.805530591539 115.086798896369 118.058894960392 117.900325423261 114.461168585659 114.813113778398 116.751046667378 118.05306718 118.335755616404 118.323719850928 116.108872886086 116.373839060001 118.161815139999 116.656707380253 118.395938451723 118.242559723389 115.957434977003 115.597378095967 120.051395820001 121.582781196161 119.971699231572 117.339419767031 113.671351790823 104.530101975006 101.446571679101 101.155911591772 110.931889885939 119.889690458155
126.5893161 127.775052712573 128.037616346455 126.655089500338 127 127 127 127 127 126.653054183634 126.681798757517 125.9591005428 125.169508065283 123.14833683833 119.699257732193 117.460089699207 117.377803383256 118.71463392 117.969894208579 118.464039977538 118.8747873 118.771323109317 118.217845831779 117.579588422007 117.021645591876 113.934126148793 110.46576036 107.720083178854 109.082925697779 110.207965811608 112.136215524139 114.990073965276 114.282728319433 109.497761667283 112.5149165 116.144428087896 112.112311479998 109.881055427649 114.42216528494 116.130683419765 118.114427234 115.76309703635 114.073477707062 117.841748448704 118.895431539062 117.755597356586 116.89379210811 115.30307163118 115.21488232 114.66896144211 115.774896055862 115.53709084 113.158386882372 110.293220051048 106.510218365075 102.114016164482 101.200866223876 101.579565669982 111.326002129434 112.536558997725
126 126.491071228965 126.954049181245 126.565055008546 127 127 127 127 127 127.28383213271 127.823998237081 128 127.612858336662 127.065026093547 126.05413182 123.37596834 121.466033590773 122.107257763154 122.602045655406 122.853915065197 122.5178877 121.841111695221 119.716014774568 118.21299489564 118 117.621123416059 116.234506878805 112.368132985909 110.944871346626 109.062695101726 112.710762394212 113.998410148055 115.047142897816 112.768676397735 117.042773548228 117.411674061847 111.824048713445 109.041406365716 111.238763800978 113.527740453938 117.219073838398 113.627825099998 113.033838640765 118.052448559654 118.871680729891 117.625143320737 117.520276521819 116.085371959336 115.169307465632 112.804868861083 111.751204968708 110.142166101501 108.881357356578 105.98006166192 103.04262884787 100.773514764677 100.484049145096 103.019185412427 105.824654584832 102.885414047296
126 127 127 127 127 127 127 127 127 127.58872618 128 128 127.19698862 126.515961992071 126.024167654465 125.431014862001 124.336478647536 122.161433917782 122.318269359391 121.58990842 120.68565160632 120.387121960432 119.180917206751 117.022352280136 115.608535700352 115.63725612636 116.674833505791 116.112117198862 116.202569263869 113.409179534994 112.154908446726 110.42931010885 110.417970823668 112.026067561354 115.49965128 116.316190313747 114.826103954762 111.973678930419 107.959682983368 110.402227097862 112.796473729215 110.582100203734 109.810006997469 115.879643639972 115.399267095956 118.268513688768 118.5535407 117.882637459404 113.67824654663 110.219507952884 111.27090230927 110.192482503707 107.136990611514 103.293234290635 100.8193563518 99.5720267199997 100.39232028 102.867910215507 101.406850422043 101.177294857159
