catData/variables/futureClimate2070/rcp45/HadGEM2_ES_2070_rcp45/bio15.asc
NCOLS 409 
NROWS 350 
XLLCORNER 60.897278365 
YLLCORNER 5.843756025 
CELLSIZE 0.0892857 
NODATA_value -9999 
[rows 108 to 134 of 350, columns 240 to 299 of 409]
125.966170785099 126.385842227962 127 127 127 127 127 127 127 127.58872618 128 127.542783243414 127.073876819448 126.12556022 125.408861614827 124.3750309 124.308481681796 123.46481572 122.39338732 121.700702918971 121.50046872 120.206161939158 118.34044014 116.712662072806 115.754783267595 116.23145698 117.102182760955 117.796434542385 117.993228204258 117.008644952439 117.333507854861 115.364481506165 113.912903376697 113.889900522202 114.406290495156 113.525532252439 111.267338211853 109.705813744037 109.004807278718 108.567146112658 107.395964739597 107.343647404918 107.3750309 109.431471041841 113.168388426863 118.189561564364 115.973827683857 116.026795382196 109.501822399969 108.572467563925 110.26735238 109.940555011083 106.074293999999 101.905940036808 100.19699582 98.5790740774662 99.9120257653957 101.971905291741 100.319585028879 100.170440573983
125.94587058 126.005252013576 126.3036025 126.3036025 126.464877143992 127 127 127 127.360244880748 127.875136240063 128 127.26841702 126.440784882496 124.820205043307 123.66133682 123.3036025 123.36539035426 123.951377033449 123.626088692638 123.273774116347 123.147077602031 122.986696010613 121.807639949393 121.178385 120.258928344457 119.498228806079 119.392795 119.658276374662 119.409230284528 119.099693612567 119.634611317094 118.902755524189 118.231523698716 117.815417440945 118.236269159323 116.8736625577 114.043386636079 111.806378393857 109.088226088659 107.325974142426 106.756205194796 106.961878146016 107 106.060832698188 109.838044376898 112.43600167074 109.173151750352 109.208683402066 106.346450251692 106.977664294994 108.82089308 109.534848371749 107.315110570126 102.366062527242 100.19699582 98.2511348399993 98.5743315163609 102.001542083026 101.876909039604 99.9537852412269
125.17804468 126 126 126 126.053767848566 126.46483500695 127 127 127.51729778 128 127.493116215472 126.50059112 124.812589784441 123.386886151074 122.28630592 122.2321741 122.32089908 123.2321741 123.2321741 123.394482048335 124.14226448 124.7678259 124.647723310714 124.08361443377 122.954403481745 121.242344702739 120.7678259 120.7678259 120.041565656192 120 119.979400914839 119.644857829646 118.94623326587 118.605519237229 118.894112076901 120.031791749667 119.55401062 117.620489126895 114.319966697926 110.895708502084 108.221595850017 107.09641207449 106.273741598974 106.034583560001 107.925552279716 107.012141090289 106.2321741 106.161824098603 105.913066174119 106.078378851097 106.98163878 107.148999818669 105.45513251618 101.99223611509 100.19699582 98.2511348399993 99.4525131164868 102.732014344964 100.566608578548 99.6382490495801
124.152044628492 125.1607457 125.235210535193 126 126 126.048707969281 126.474996902561 127 127.083153393755 127.1607457 127.05462868993 126.26841702 124.39397724 122.391682874543 121.21487752 121.1607457 121.24947068 122.1607457 122.355101704667 123.30301018 124.37443858 125.374195780193 125.8392543 126.238708447754 125.30357516428 123.21534744 122.004579860596 121.105378968754 120.05413422 119.1607457 119.1607457 119.269409517228 119.8392543 120.044847684597 120.638140911719 120.536731348034 120.077593077825 118.82255724 116.573584201508 113.526921713351 111.617342310386 110.48258222 108.617333911122 106.873837860001 108.661813939999 106.8392543 106.8392543 106.8392543 106.8392543 106.465062548227 107.385567267229 106.60753481363 103.840450939999 101.579996479141 100.870920530983 100.55813174565 101.615666965333 100.459389333018 99.3698550334066 101.863798069806
123.950705273645 125 125.007924890018 125.235168398151 126 126 126.033444057343 126.0893173 126.560411438995 127 126.398808644668 125.35773432 123.48329454 121.340437739999 120.14344912 120.105068996175 121.007924675656 121.235166212512 122.23158178 123.30301018 124.37443858 125.44586698 126.471091953356 126.963265918475 126.280884809693 124.44752154 123.10767372 122.03624532 120.103433317632 118.0893173 118.170115418706 119.16015098 120 120.027063836789 120.43030985138 120.960176579549 121.381772467718 121.180061015886 120.012935524055 118.114231852223 116.019122719608 114.76829582 112.75100404 111.509260435508 108.903355573067 107.9106827 107.9106827 107.9106827 107.9106827 107.058781546089 105.667521411684 104.610801850743 103.370207338416 102.86931525317 102.8213654 100.432373531232 100.173799048909 100.9721190163 104.245487055429 102.174450004403
123.999031684219 125 125.087140144772 125.984976110733 126 126 126 126 126.009253888257 126.0178889 125.35773432 124.28630592 122.41186614 121.127806354219 120.05413182 120.00030941679 120.105026687706 121.16015338 122.23158178 123.30301018 124.37443858 125.44586698 126.51729538 127 126.33984782 125.255332248162 124.17910212 123.10767372 121.09037954 118.9821111 119.07083368 119.984976024866 120.227436679629 120.9821111 120.98880935138 121 121.51729298 121.989468422105 121.32196132 120.955936842192 119.34032014 118.07189832 116.983549464582 115.910533958153 114.80394642 113.263531807731 109.736787877437 108.684526152942 108 107.984048032096 106.938894799456 105.39339212 105.618639859068 108.101799382088 107.315387962951 105.163936603019 105.839496067515 105.91179265196 105.803088476505 104.281649721001
125.0535395 125.06991230126 126.004750419562 126.0535395 126.0535395 126.037316357973 126 126 125.972304135508 125.35773432 124.28630592 122.48329454 121.14344912 120.118837788601 119.05413182 119.01729658 120.08872498 121.168727911888 122.27272250729 123.286787166468 123.9464605 124.368455984825 124.892921 124.892921 124.892921 124.200508878463 123.14345152 122.118840060106 121.05413422 121.00092592175 121.0535395 121.21369048 122.065938144215 122.107079 122.066984748282 122 122 122 122.035344089146 122.0535395 122.0535395 120.304669539999 119.057035067566 117.019881733255 114.934388674076 113.009044194899 111.98258102 111.197935243457 110.806231717364 110.636148941814 111.705604559008 112.80287698 113.284845921303 113.399573402946 111.822307639999 108.758201576882 104.692614427877 104.428316 104.60575156 106.74860836
126.1249679 126.1249679 126.202607205649 127 127 126.734854265796 126.078174797055 126 125.48270222 124.41127382 123.257347288462 121.503290528686 120.297339265835 120.015690997017 119.05413182 119.01729658 120.099812754429 121.425260628423 123 123 122.953207196978 122.8750321 122.810386782682 122.7500642 122.7500642 122.7500642 122.047405565912 121.8750321 121.047369180208 121.01729418 122 122.180164711654 123.385487268802 124.174203308099 123.25112764 121.944281239753 121.939677117395 122 122.577652248308 122.96645588884 123 121.251130039999 119.10827324 117.98270822 116.933454169164 116.229922368269 115.89339092 114.746230627945 113.8750321 113.930750560324 114.969936442528 116.46375108 118.195326860001 120.246760171083 119.244405586065 115.705129789641 113.476416100363 112.627000117511 112.927242960001 115.030073496385
127.3927926 127.1963963 127.1963963 127.1963963 127.150914023909 127 126.62555902 126 125.48270222 124.41127382 122.809342756939 121.46481332 121.03868783611 120.12556022 119.23989683084 119.21369288 120.356421002211 122.16015338 123.045481804739 123.1963963 122.748419368311 121.824866749672 121.08991202 120.6072074 120.6072074 120.750887119064 120.961311692539 121 121.185764539489 121.210293967037 122 122.288848900087 124.221281126612 125.060701446863 122.981193459662 121.248908973813 121.32089668 121.8036037 121.8036037 122.53518188 122.8036037 121.226469534662 119.10827324 117.793104003225 117.28511648 118.004795131438 116.722942157963 114.954096695511 113 113.358296497538 114.32089428 115.39232268 116.994247957114 118.33878318 117.961910269836 117.100906443311 116.05413902 117.020684950262 118.356408016264 120
129.282321895673 128.5356494 128.51188601607 128.224931026268 127.76841582 127 126.725843563136 126.148409867062 125.48270222 124.41127382 123.33984542 122.26841702 121.412054901945 120.39338492 120.2678247 120.55294598 121.600611638849 122.42797808 123.437383159246 123.918846389444 122.98329814 120.840441339999 119.07633544004 118.306675830239 118.550136019126 119.46375588 120.53518428 120.7321753 121.67804108 121.7321753 121.7321753 121.89232628 122.901732002025 123.16134282 121.441325317578 119.7321753 120.24946828 120.889849426982 120.646391166433 120.999994073415 121.411590896387 120.58991562 118.825949415989 117.280485314209 118.064958724408 118.41187814 116.26902134 114.207316864996 112.899717385202 112.7321753 113.110922685599 114.05306958 115.12449798 116.19592638 116.4643506 116.698545243409 116.03963925321 117.029948236989 118.82089308 119.775066402615
130.714272046464 130.672637467408 130.25052572 129.124763975152 127.846981470976 127.236455142896 127 126.55413062 125.658197095488 124.75052692 123.67909852 122.60767012 122.3392531 121.761469726128 121.6785062 122.689934861616 123.3392531 123.445073949359 123.921435163231 123.35773672 122.038899189024 120.108266039999 117.96540924 116.41127622 117.096345686464 118.640518459665 119.80300898 120 120.624977881951 121 121 121.105819263567 121.6607469 121.35773912 120.038903174817 118.848739059055 119.002546632927 119.710489626799 118.661941139999 117.9822407 119.057669751585 118.743713597713 118.035770603841 117.99413371003 117.6607469 117.286118837774 114.85833984 113.121283934482 112.41334094061 112 111.824507567134 112.24946588 113.32089428 114.39232268 114.933168557378 115.87443258 116 117.01728938 118.08871778 119.16014618
132.3884515486 132.39338252 131.28551542649 129.67968844 128 127.821429080873 127.256905516672 126.737240925782 126.198236871763 125.653052770692 125.021640193146 124.08978002 123.821363 123.821363 123.821363 124.4106815 124.374243792126 124 123.76841822 122.69698982 121.62556142 120.474484680293 118.78677224 117.23263922 117.210402892489 118.573396050035 119.80300898 120.359115254875 120.4106815 120.992897600216 120.5893185 120.5893185 120.494213132852 120.000068909602 119.368656332057 118.55413542 117.787557343034 117.105764541159 115.98987854375 115.5893185 116.865551713216 117.537751269239 117.977767091693 117.57202672 116.552882763397 115.69819126 112.810587421512 111.5893185 111.5893185 111.5893185 111.28446959133 111.58871898 112.66014738 113.431131141306 114.39232268 115.46375108 115.977766106058 116.60660788 117.67803628 118.74946468
133.42798048 133.456470910482 131.822545239999 129.75690112708 128.370460874139 128 127.806080723424 127.267151857795 126.732096600986 126.4821099 126.4821099 126.10323031733 125.577080063889 125.4821099 125.4821099 125.4821099 125.39338492 124.4821099 124.25052812 123.17909972 122.10767132 121.267153014859 120.214802463922 118.89338612 118.800375801485 119.69580038 120.76722878 121.417082262172 121.4821099 120.98270582 119.957225965828 119.440679727047 118.915847531734 118.5178901 118.5178901 118.286981248077 117.48270702 116.106385645639 115.163845155579 114.647298916798 115.32089668 116.813898840765 117.489853280455 116.98270822 115.868506942892 114.114653575889 111.76842302 111 111.180518232232 111.4821099 111.4821099 112.07082888 113.14225728 113.129409973862 113.80300418 114.87443258 115.489852037518 116.008953998737 116.60660788 117.67803628
134.469446172873 133.96540204 131.871659243088 130.304730161804 128.896606533304 128.5535383 128.5535383 128.10766892 127.267194166265 127.325882488843 127.5535383 127.5535383 126.75052692 126.5535383 126.5535383 126.5535383 126.513925994597 126.1070766 125.87549482 124.80406642 123.73263802 122.414405169864 121.03624292 119.96481452 120.21369048 121.28511888 122.35654728 122.5535383 122.029965364111 120.98270582 119.91127742 118.83984902 117.87181194368 117.614188111428 118 118 117.769048496751 116.96481692 115.527970333033 114.26842182 114.80300658 116.264836707711 116.970033307397 116.42916992 115.318131357612 113.768351212721 112.32196132 111.5535383 111.720708641956 112 112 112.58871898 113.294730521525 113.119841133582 113.35851061131 113.836862356202 114.416493678906 114.902493734013 115.53517948 116.60660788
134.30060354499 133.351246626444 131.855820962121 130.154813769313 129 129.189372772181 129.390953556385 128.55413062 127.48270222 127.220791922082 127.787607929353 128 127.698843992221 127.6249667 127.6249667 128.2499334 128.2499334 128.2499334 128.01835162 126.94692322 125.87549482 124.358199439999 122.73263802 121.66120962 121.497512450568 122.35654728 122.926121807699 123 121.46299960483 120.35773912 119.28631072 118.314971349472 117.76842062 117.492377552341 118.6249667 118.6249667 118.301675813356 117.41127862 115.679700439999 114.725633820947 114.926120907619 115.87443498 116.94586338 115.98270822 114.91127982 113.83985142 112.913150920986 112.6249667 112.390958056145 112 112 112.220789221842 112.3750333 112.3750333 112.3750333 112.3750333 112.729762664671 112.76735598 113.83878438 114.91021278
132.590775842854 132.28630592 131.187939452667 129.83984422 129 129.30301258 129.62555902 128.55413062 127.48270222 127 127.200426165246 127.813075702515 128 128 128.658697965798 129.6963951 129.75818274132 130.3927902 130.16120842 128.878765215397 127.32195652 125.804661139999 124.17909972 123.10767132 122.236668356593 122.222111448833 122.3036049 122.3036049 121.07056963445 119.98270582 118.973063389971 118.6963951 118.46481572 118.091397526747 119.260755521015 119.385897191224 118.48270702 117.001295935702 115.902755484116 115.186927640181 115 115.265482744659 115.590773656899 115.28631312 114.21488472 113.254983006384 113 113 112.886320069666 112.6963951 112.336156474812 112 112 111.490534211529 111.3036049 111.3036049 111.3036049 111.32089428 112.39232268 113.352226064964
131.2321765 131.21487752 130.14344912 129.194992091545 129 129.07035240028 129.145240103807 128.55413062 127.879895611982 127.315785703931 127 127.73158298 128.616571008332 128.7678235 128.987431863494 130.013280720594 130.85654848 131.644853971232 130.76841822 129.393979639999 127.62556142 126.108266039999 124.48270462 123.41127622 122.33984782 122 121.383430834445 121.2321765 120.28631072 119.98270582 119.068123281905 119.7678235 119.53624412 118.838174785833 119.086935281746 118.78631192 117.71488352 116.506767850516 115.493121485396 115.062321238691 115 115 114.273743869047 113.460338255041 113.14345632 112.2321765 112.2321765 112.2321765 112.519675555478 113 112.48270942 112 111.493123328172 111.062321795915 110.383434519998 110.2321765 110.2321765 110.24946588 111.252774683648 111.587317000439
131 130.98270102 129.91127262 129 129 129 128.685749696097 128.089075444317 128 127.41127382 127.554035985559 127.956852474027 128.129082553613 128.894623346801 129 130.01729658 131.014262371958 131.00059472 129.92916632 128.554727739999 126.78630952 125.643208850112 124.48270462 123.41127622 122.33984782 122 121.19699102 120.266126767404 120.00870197301 119.157968093424 119.08872258 120 119.76842062 118.74570014492 118.1607481 117.71488352 116.64345512 115.57202672 115.05463027715 115 115.673924797978 115.105380681608 114.05413662 112.1607481 112.07202792 111.1607481 111.1607481 111.415045940875 112.060189518711 112.1607481 112.077594622117 111.505916477469 111.054630662945 110.386023636641 110.031666703773 109.266130795813 109.1607481 109.17803748 110.1607481 110.186491294157
131 130.087774560296 129.992074897037 129.764829586223 129 129 128.62555902 128 127.52890710252 127.03673485422 127.058964809039 127.755557907701 128 128.078104698818 128.0893197 129.090864625337 129.1786394 129.01848602 127.94705762 126.848564441625 125.71488112 124.64345272 124.043115031847 123.41127622 122.941035405328 122.244444277931 121.19699102 120.12556262 119.13861866771 119 119.007924674229 119.0893197 118.85774032 117.78631192 116.748328047267 115.73277482 114.66134642 114.126054982955 114.690505099696 115.666233836436 115.982404606824 115.921895729917 114.103437773343 111.984252716602 111.081395240138 111 111 111.02706434964 111.0893197 111.495357603841 112 111.947415797322 111.309497085937 110.26842422 109.268719912456 109.011215644284 109 109.001544282235 109.0893197 109.0893197
131.053160974308 130.965119221241 130 129.83984422 129 129 128.62555902 128 127.48270222 127 127 127.01308897057 127.0178913 127.0178913 127.0178913 127.0357826 127.0357826 126.87562922 125.80420082 124.73277242 123.66134402 123.465695300202 124 123.989466966235 123.9821087 122.532036467631 121.19699102 120.12556262 119.05413422 119 119 118.842714329228 117.78631192 116.71488352 115.64345512 114.57202672 113.50059832 113.0178913 113.67804108 115.467958775308 117.577279496751 117.105427198557 115.09038194 111.98270822 111 110.842716686289 110.0178913 110.315475519845 111 111.44586218 112 112 111.98818910518 110.532045981753 109.19699582 109 109 108.983019949484 108.0178913 108.0178913
132.10766652 131.106148062778 130.969559926615 130.098499923991 130.0535371 130.037314685203 129.62555902 128.55413062 127.510396842977 127.022018407629 127 127 127 127 126.05413182 126 126.004750078127 126.0535371 125.834353536914 125.090851913692 124.699144875701 124.083203774905 124.57083248 125.0535371 125.0535371 124.32195652 121.64451016 120.17909972 119.10767132 118.983631700244 118.048787150362 118 117.76842062 116.69699222 115.62556382 114.530265123394 112.939571305999 111.968481564607 113.266762460001 115.40961926 116.74946948 116.993277612968 116.05413662 114.018953539999 111.960067098851 110.83985142 109.987602040064 109.9464629 110.340942778723 111.44586218 112.51729058 113.620237286904 113.428732096298 112.336331974308 110.44752874 110.0535371 110.002898446128 109.052611476734 108.91128222 108
133.30406042 133.109828295685 132.238843138595 131.96480972 131.096025467154 130.734853538566 129.703732315714 128.609848910006 128.060321124273 127.484844281447 127.042468952833 127 127 127 126.172332710048 126.1249655 126.21369048 127.1249655 127.153905232929 126.984786638649 126.281312691262 125.67909852 125.577616804191 126.07357016153 126.1249655 125.39338492 122.81628697869 121.266219115589 120.17909972 119.1249655 119.03624292 118.104952152709 117.797360053011 116.82195772 115.75052932 114.288954030172 112.667994244108 111.53624412 112.362769112668 114.46315636 115.80300658 116.87443498 116.172336910213 115.09038194 112.936438178346 110.83985142 109.76842302 109 109.74886756 111.390144789746 112.456968555975 114.103868398305 114.8750345 113.41188294 111.369373958855 110.890726095424 110.047373510296 109.98271062 108.922368881736 108.104952752543
135.436286532102 134.3927878 134.30406042 133.201178401758 131.96480972 131.077374255329 130.128262064382 129 128.584296348475 128.080771669478 127.469495752569 127.1963939 127.1963939 127.1963939 127.1963939 127.199790842803 127.464087735151 128.1963939 128.42797568 129.1963939 128.300441833926 126.445304675083 126.10159365713 126.78511768 127.1963939 126.60849128327 124.629063774683 122.447519139999 121.25052812 120.192997428543 119.928701993504 119.03624292 118.1963939 117.952894999644 117.091888601691 116.055752036262 114.35820184 112.80406642 112.923288190122 114.515872768075 115.80300658 116.87443498 117 115.965416439999 113.733839459999 110.83985142 109.76842302 109.059508408299 109.871724949654 111 111.831395731121 113.080310363514 113.4108183 112.235020781159 111.00060192 110.100906744673 110 109.789712248767 109 108.83985382
137.282319365762 136.5356446 136.44691722 135.21533304 133.242037012268 131.580643613895 129.725842664478 129.2678223 129.129278418775 128.568947819598 128.091018182029 128 128 128.234194473091 128.2678223 128.280486470162 129 128.957107353416 128.96375948 129.651024816669 128.167167083408 126 126.51729538 127.58872378 128.176803475198 128.071888706429 125.806036771944 123.284753709682 122.05413422 120.987337587064 120.2678223 120.150563323811 119.5356446 119.5356446 119.5356446 118.643915439999 116.50105864 114.789250505949 114.444625132424 115.071289829203 115.855765810829 116.87443498 117 115.70222526429 113.757600702663 111.10767372 110.03624532 109.57082768 110.541974363843 110.880588165469 110.7321777 110.574505628723 110.4643554 110.4643554 110.091476072794 109.765807455229 109.7321777 109 109 108.882744538264
138.714267376375 138.6785014 138.58977402 137.35818984 135.21533304 132.872260889873 130.890722735427 130.527239900726 129.82195292 129.139524931327 128.563803323373 128.091060661927 128 128.577785472527 128.981635742173 128.994132123127 128.630649288427 128.215677366272 127.89233108 128.35773912 127.165929240744 126.3392507 126.681053260228 127.58872378 128.884109269172 128.60767012 127.005654098571 124.055189259999 122.411749992029 121.333383637329 121.030099197371 121.3392507 121.3392507 121.3392507 121.3392507 120.59878141087 118.292931428859 116.22200552054 116.11469490503 116.09106229033 116 116.577782300931 116.33986448623 114.64345752 113.513407323168 111.83985142 110.846985672569 110.64225608 111.212223778031 110.55413782 109.824508808631 109.07203032 108.436793839232 108.3214986 109.396922510168 109.082968584868 109 108.6607493 108.6607493 108.6607493
139.977770178511 140 139.947711100564 139.15614017159 137.35818984 135.464214907286 134.114500335331 132.603058684304 131.091617033277 129.82195292 129.139567411225 128.26841702 128 128 128.557419887119 128.57202432 127.537033414934 127 127.23158178 127.821429768013 127.25690500096 127 127.212442401093 127.757626327881 129.049193656855 129.158185174172 128.526770025198 126.146480116224 123.92962664 122.39338492 121.462965170696 122.065770660331 122.315574288643 122.124438962384 122.25690598659 121.371028155563 118.945031810925 117.168903533511 117 116.26842182 115.670221980431 115.230208729405 114.23277842 113.16135002 112.126357143674 111.560711669401 111.505782925727 112.12436358 112.29315229222 110.96481692 109.680948090167 108.41128102 107.33985262 107.300442882912 108.357133392123 108.948432084965 109 108.403578712982 108 108
139.46376308 139.5178925 139.5178925 139.434949022706 138.536831639999 137 136.431638844765 134.375411767881 131.96540444 130.41127382 129.33984542 128.26841702 128 128 128 127.98270342 127 127.077211145648 127.602041966999 128 127.806081067707 127.4821075 127.500618915173 127.801720649766 128.66015218 129 129 127.672698059178 125.59037594 123.46481332 122.4821075 122.487838502819 122.397959275943 122.156925456704 121.962937829351 120.359010498002 118.732697365355 117.695105612708 117.163844339938 116.26842182 115.19699342 113.703993357879 112.57202912 111.50060072 110.56066516418 111.16014858 112.23157698 113.30300538 113.25113244 111.55413782 110.214808508297 108.89338852 107.82196012 107.860985109644 108.387134337709 108.934969574938 109 108.508938459768 108 107.922792325526
