catData/variables/futureClimate2070/rcp45/HadGEM2_ES_2070_rcp45/bio11.asc
NCOLS 409 
NROWS 350 
XLLCORNER 60.897278365 
YLLCORNER 5.843756025 
CELLSIZE 0.0892857 
NODATA_value -9999 
[rows 52 to 77 of 350, columns 174 to 231 of 409]
7.8326476530022 4.03722743427054 -0.88191049038929 -2.45779330629942 -3.31817184113208 -2.51998350693287 -3.35302482337804 -1.31895351370255 -2.12937605792076 -3.09974134865857 -7.57337496250453 -10.0576947951853 -8.80320086399302 -6.45494653578945 -8.96597774098467 -9.00527366068462 -7.10392223312449 -7.49448795916736 -10.0251752970913 -11.7242541399423 -11.8296683416959 -11.1851875105063 -11.4591118331982 -9999 -9999 -9999 -9999 -12.4780465762628 -12.3847100425942 -9999 -9999 -9999 -9999 -9999 -9999 -9999 -9999 -9999 -9999 -9999 -9999 -9999 -9999 -9999 -9999 -9999 -9999 -9999 -9999 -9999 -9999 -9999 -9999 -9999 -9999 -9999 -9999 -9999
2.47105063777785 4.00593035887783 2.06694811444474 0.642677701566151 -0.952318245966903 -2.86657893637294 -5.69631504946819 -1.3718110083289 2.16938001820276 -1.82491904575948 -4.79826442497474 -6.32539223900451 -7.22004982710356 -7.52249844175528 -10.6275338651256 -9.19948994336999 -6.93879922750631 -5.05732390960775 -6.97024146677796 -10.4084733627105 -9.71024187870492 -8.33582650691347 -11.0245607245716 -11.912998179963 -9999 -9999 -9999 -9999 -9999 -9999 -9999 -9999 -9999 -9999 -9999 -9999 -9999 -9999 -9999 -9999 -9999 -9999 -9999 -9999 -9999 -9999 -9999 -9999 -9999 -9999 -9999 -9999 -9999 -9999 -9999 -9999 -9999 -9999
4.99889516191592 2.89923986614453 2.24243973267496 -0.0715995192955357 -2.54655698076298 -3.27241175261035 -4.42278041796266 0.765766385641435 6.66184350468706 -0.73229092111473 -6.26285439218181 -7.10585107621796 -8.51366008850478 -8.57807941229217 -11.2456979254853 -10.9257634901271 -8.8390712116799 -5.38573767185856 -5.03568776413805 -7.78342349559716 -7.51273442181767 -9.03339492107293 -11.9954299259163 -9.58808820864719 -9999 -9999 -9999 -9999 -9999 -9999 -9999 -9999 -9999 -9999 -9999 -9999 -9999 -9999 -9999 -9999 -9999 -9999 -9999 -9999 -9999 -9999 -9999 -9999 -9999 -9999 -9999 -9999 -9999 -9999 -9999 -9999 -9999 -9999
14.1354380517552 11.7854846588698 9.03545533673507 5.01323847495664 2.73668594495895 0.410365609485927 1.85686603463275 7.86098321057086 7.81613201552799 -0.18742075263834 -3.79884624720187 -5.32560292962547 -7.90166710855484 -9.34764421995081 -11.1516595792151 -11.4230174007968 -9.29609081073275 -7.53942504502873 -5.45326137858286 -3.95594555483065 -6.66905273060459 -6.87574840849661 -9.4379175969141 -6.52668805050421 -5.89541455619631 -9999 -9999 -9999 -9999 -9999 -9999 -9999 -9999 -9999 -9999 -9999 -9999 -9999 -9999 -9999 -9999 -9999 -9999 -9999 -9999 -9999 -9999 -9999 -9999 -9999 -9999 -9999 -9999 -9999 -9999 -9999 -9999 -9999
16.7654384687531 16.5125929636352 15.5180496307178 12.3912454133222 9.09430611790111 6.03261777738025 5.24034930937268 9.97887328900361 7.04321401578458 6.14502260428951 3.50113461468112 0.742813048091523 -5.45275826326496 -8.75295411490261 -9.20300419008725 -9.44093212691609 -6.46385660598078 -5.10610203047244 -4.18936773817713 -3.71153844279025 -3.41585488813668 -4.80966000351878 -3.64630417007314 -1.87863429989553 -1.16718094340765 -9999 -9999 -9999 -9999 -9999 -9999 -9999 -9999 -9999 -9999 -9999 -9999 -9999 -9999 -9999 -9999 -9999 -9999 -9999 -9999 -9999 -9999 -9999 -9999 -9999 -9999 -9999 -9999 -9999 -9999 -9999 -9999 -9999
17.2924342022419 17.1422569936864 16.7491647876694 16.3274110884318 14.4123168626992 10.8428991372702 9.9779915302001 11.902850442504 11.4545882731852 7.18242108111713 2.84044591305232 0.850892940116354 -2.57273775420815 -4.26484636980351 -7.00095869199447 -9.43598276593358 -8.65595241912734 -6.29119590847464 -5.45389641585757 -7.58423190146911 -8.3720614246306 -9.41082504689424 -9.30579198068372 -4.00699476115714 -2.32512827303678 -11.9803211827683 -9999 -9999 -9999 -9999 -9999 -9999 -9999 -9999 -9999 -9999 -9999 -9999 -9999 -9999 -9999 -9999 -9999 -9999 -9999 -9999 -9999 -9999 -9999 -9999 -9999 -9999 -9999 -9999 -9999 -9999 -9999 -9999
17.4632779704988 17.6061298565852 17.3474905640286 16.7321193793209 15.895710580512 14.6048775056092 11.678283291587 12.7994283260881 12.4441080869673 9.32873216355479 4.53995626627479 -1.9613184034414 -5.39451438087513 -7.06009582133604 -6.90667929833303 -7.50712639596268 -8.50857650639793 -6.6401763594107 -6.65709097829328 -7.82530565029834 -6.01914439737587 -4.93204436256188 -7.06310669483206 -3.03659532170738 0.131062952211879 -6.86487305885604 -9999 -9999 -9999 -9999 -9999 -9999 -9999 -9999 -9999 -9999 -9999 -9999 -9999 -9999 -9999 -9999 -9999 -9999 -9999 -9999 -9999 -9999 -9999 -9999 -9999 -9999 -9999 -9999 -9999 -9999 -9999 -9999
17.3132930828414 16.9681942519998 16.587454298 16.282158867966 15.883218997879 15.7167285886036 14.0110794625016 11.5023502538062 12.6416452992627 11.3916730184002 9.25828171752959 4.93316380447098 0.880195202530145 -2.46917854376242 -6.29951509955617 -6.93983365780052 -6.9476962575826 -6.54460622386639 -7.0672663211113 -5.75184299902754 -6.68627993404564 -4.88157689733413 -0.723183221471124 -1.36013987800589 0.896872761800376 -9999 -9999 -9999 -9999 -9999 -9999 -9999 -9999 -9999 -9999 -9999 -9999 -9999 -9999 -9999 -9999 -9999 -9999 -9999 -9999 -9999 -9999 -9999 -9999 -9999 -9999 -9999 -9999 -9999 -9999 -9999 -9999 -9999
16.9761480616169 16.5967588166069 16.2791493203634 15.862621993014 15.1253470586715 15.6149780786822 15.1354919137406 13.3190668620962 12.1744376915183 11.3415329223438 8.07251409457102 4.98713675659684 0.134314865924363 -3.75532133988683 -3.50293011336838 -2.38712526605188 -2.47293891702276 -2.25326141623612 -5.05934373925593 -5.98234028465986 -2.8956819823086 -1.73486879898115 1.48836379915851 1.40175008786804 -3.17553245465817 -8.61838273958584 -9999 -9999 -9999 -9999 -9999 -9999 -9999 -9999 -9999 -9999 -9999 -9999 -9999 -9999 -9999 -9999 -9999 -9999 -9999 -9999 -9999 -9999 -9999 -9999 -9999 -9999 -9999 -9999 -9999 -9999 -9999 -9999
16.673330474 16.4612064865068 16.476564622 15.9480814114586 15.5078250571574 15.9800316788382 14.7282916246266 12.651457134648 9.30546097800367 9.25144792248013 9.18583576394714 7.41886032582927 3.81448784245887 1.15446211697464 4.60977417209901 6.78262973806213 6.10407097701727 3.96103747734765 0.448171128034969 -2.39582886226282 1.47188251862027 2.44996343567429 3.16264722557214 -2.52921333103345 -6.1134034975265 -8.08263221741816 -7.76989627923587 -9999 -9999 -9999 -9999 -9999 -9999 -9999 -9999 -9999 -9999 -9999 -9999 -9999 -9999 -9999 -9999 -9999 -9999 -9999 -9999 -9999 -9999 -9999 -9999 -9999 -9999 -9999 -9999 -9999 -9999 -9999
16.6154549194663 16.466007538 16.6092635145893 16.2002623570299 15.6898546549513 15.3951364734599 12.863065013066 10.0386751898651 8.97153982204327 8.15328575880044 8.62597264249208 7.03887104176689 9.51601870936386 8.38864486967361 10.0433072460184 8.73096847450667 5.36930875780764 4.71240724389564 4.39229364448701 3.2735101835062 3.43607496957436 -1.6365928614092 -2.08879273249185 -4.24934471286662 -6.65973902419481 -7.8257210533837 -9999 -9999 -9999 -9999 -9999 -9999 -9999 -9999 -9999 -9999 -9999 -9999 -9999 -9999 -9999 -9999 -9999 -9999 -9999 -9999 -9999 -9999 -9999 -9999 -9999 -9999 -9999 -9999 -9999 -9999 -9999 -9999
16.949544043984 16.7999957281913 16.7815569646254 16.5587215223264 16.0219832517409 14.5498955510922 11.7732168966616 10.2180701994721 10.1754564706804 10.9041949507523 12.5219849577962 11.2025985864087 12.8540501431706 12.3389390914681 10.0901784857381 6.06520142312692 0.453957889999505 -1.43592655990736 -0.658308618018733 1.13610784764898 0.483035390893948 -3.23119796368985 -5.78305620599876 -4.36511520035465 -5.20497416731917 -6.65605774589915 -9999 -9999 -6.67614003689089 -7.59871109929185 -9999 -9999 -9999 -9999 -9999 -9999 -9999 -9999 -9999 -9999 -9999 -9999 -9999 -9999 -9999 -9999 -9999 -9999 -9999 -9999 -9999 -9999 -9999 -9999 -9999 -9999 -9999 -9999
17.1620716147482 16.8561717823008 16.7901312853964 16.6746429472089 16.0201519127519 14.5625406988529 13.4837224080526 12.9630475712717 13.319297678 13.2859895574319 13.3285076801223 11.9431083020647 12.1016012230419 11.2447315445534 9.1257260616079 6.35557614812503 3.58458333280825 1.21104300020349 0.219470693087687 -0.87453314749714 -2.374063109898 -3.22705205774664 -4.14616821516467 -5.56065539334823 -6.37758012482567 -6.93697385027295 -8.52781069740228 -9999 -7.6830170584289 -7.2263298552464 -6.89754214422571 -9999 -9999 -9999 -9999 -9999 -9999 -9999 -9999 -9999 -9999 -9999 -9999 -9999 -9999 -9999 -9999 -9999 -9999 -9999 -9999 -9999 -9999 -9999 -9999 -9999 -9999 -9999
17.5061367873609 17.2183832220184 16.7128203768356 16.1577434847739 15.1712915056312 14.2331190928698 14.4191648704057 14.1832263252443 13.8453680195251 12.6398577666476 11.0426325791033 9.52356348162211 9.32043167386256 9.29135645623034 9.78479297162912 8.65528067921504 7.04045203201668 4.87143848188604 4.5625597927708 2.19694045985882 -1.50525559656182 -4.40799797899791 -5.05270024797783 -6.53402715007107 -7.140026489959 -6.56857926036379 -8.37332967937475 -6.79864559220489 -6.97526888438827 -5.99722263894859 -7.05107815571394 -8.65775383251822 -9999 -9999 -9999 -9999 -9999 -9999 -9999 -9999 -9999 -9999 -9999 -9999 -9999 -9999 -9999 -9999 -9999 -9999 -9999 -9999 -9999 -9999 -9999 -9999 -9999 -9999
17.5271127827342 17.6242409823269 17.0802137649822 16.1225036283996 15.2020709463871 14.7006697090594 14.419181997551 13.4919352529719 12.3267746637462 11.1396804285802 10.6334422876816 10.1792146806279 9.62482814052892 9.10340455065821 10.9253962039999 9.56178933642545 6.82469915105292 6.14952958130308 7.34739698738909 6.3149482479555 3.74119364069458 0.125608583745917 -2.75461513162564 -6.49174325566105 -5.96940974176416 -3.80603421370339 -5.57922112080913 -5.40566592486581 -3.54222968465098 -4.09244298837318 -6.24938283553766 -8.07570348415322 -9999 -9999 -9999 -9999 -9999 -9999 -9999 -9999 -9999 -9999 -9999 -9999 -9999 -9999 -9999 -9999 -9999 -9999 -9999 -9999 -9999 -9999 -9999 -9999 -9999 -9999
17.3998383840001 17.6211598461727 17.4569001051206 16.7584246908672 15.6563281120666 15.2658452562486 14.6590720129092 13.0939476825135 11.9082659964167 11.0303467224843 12.21063527338 10.6895523051837 9.27007536993529 8.17655029113588 9.02549490402511 9.88721322721095 8.83745171229778 9.59060144957367 10.3653354162813 8.1199818817996 4.81543643250292 0.711179809999551 -1.87674867452746 -6.04268387763037 -4.57582426154416 1.75108757410922 0.601085846707755 -0.618737175507792 -2.60406849976377 -7.27294845840669 -9.09756453577089 -9.51285996952683 -10.024934030238 -9999 -9999 -9999 -9999 -9999 -9999 -9999 -9999 -9999 -9999 -9999 -9999 -9999 -9999 -9999 -9999 -9999 -9999 -9999 -9999 -9999 -9999 -9999 -9999 -9999
17.4874800314325 17.5767327697362 17.448326094 17.15122529579 16.3841427276111 15.2307597626918 14.3283260406549 13.4278833492939 12.3565214666286 12.7359656103875 11.7842704597319 10.2565754527017 9.6640026665338 11.0835630578334 10.4919249628819 11.2586608835313 12.5197655790362 12.330871855854 11.7004758032379 9.33592942303836 6.18186945218593 4.39374304455364 2.7736179626244 -2.95452045195059 -0.732284659961314 4.37046086080377 -2.86643937530608 -2.62436270106306 -2.77005942146423 -6.10236752052501 -10.1018084063615 -11.1234191026387 -10.1181959526149 -9.33977633577882 -11.0897447543063 -12.6539693023492 -11.1857633741577 -9.79528311164838 -9999 -9999 -9999 -9999 -9999 -9999 -9999 -9999 -9999 -9999 -9999 -9999 -9999 -9999 -9999 -9999 -9999 -9999 -9999 -9999
17.5037226422579 17.5112030783548 17.4565358009674 17.2573287664198 16.8866009473491 15.3102704919455 13.7859058837455 13.4141262642151 13.8484936448677 13.0302782620863 10.3696100850503 6.87787898444141 9.03789683143663 11.102852605494 12.4658881995128 12.7028899493797 11.9058589528298 11.1720667005176 11.8496282893997 11.6804803138008 10.7419648278962 7.73714880846494 6.01954677820599 3.49417075599662 5.66028617798632 4.97738383117481 -4.36284869857854 -7.88995376825874 -7.36980020227469 -6.9072558009174 -8.23615279121942 -10.3035330402037 -9.11195614395798 -6.61525480276189 -7.9303919385742 -11.3783398665192 -9.85153471080801 -6.9622508814308 -6.74184650869562 -7.0662180659999 -9999 -9999 -9999 -9999 -9999 -9999 -9999 -9999 -9999 -9999 -9999 -9999 -9999 -9999 -9999 -9999 -9999 -9999
17.5 17.5 17.4966557566911 17.3979105429364 17.1740559251817 16.5664457656866 15.3176953496378 14.1242220649055 13.5542385977181 13.7614102281662 12.3592593231507 10.2030187630321 10.208215619155 12.7779875461045 13.2813494791276 11.5411183548382 10.0901905550039 10.2226538220797 12.4707831332425 12.7440681365239 11.2980953271453 10.6701090948443 10.8047762215717 7.98853634035806 9.68475768773601 5.09137150833342 -1.46238245110805 -5.03942262422403 -4.23844314871442 -7.81785559142656 -7.6722663366011 -8.68232788155776 -6.71193520959485 -3.17794996533642 -3.80053253383646 -7.02045212806749 -6.42559199444523 -3.47026107472176 -5.29890695292678 -6.54629507162527 -5.78823407623632 -7.57810046658416 -9999 -9999 -9999 -9999 -9999 -9999 -9999 -9999 -9999 -9999 -9999 -9999 -9999 -9999 -9999 -9999
17.5 17.5 17.5 17.4984053765855 17.4437676441707 17.0981608720972 16.2910067776329 15.3210663856091 14.0460991045392 13.8006656621972 14.1496951398936 12.9246309275688 11.1735527856944 12.4142537856521 13.8744148342562 12.8375893733723 11.9254949011911 13.0261537251448 12.9814174869046 11.7768564999583 12.1405528672027 13.5303737888662 12.6694584844642 10.5236587980775 7.04292093538205 4.63229851572926 0.439088136137716 1.84096146407393 0.755229403489906 0.5407190499198 -1.92751530997981 -5.05652670641036 -5.68364820580055 -1.41208335409767 0.207296332196737 -0.216617500752787 -5.80704209312608 -3.17752806969812 1.1628812434353 -2.86075456129785 -2.79211130844462 -5.60520132883488 -7.41504384053799 -9999 -9999 -9999 -9999 -9999 -9999 -9999 -9999 -9999 -9999 -9999 -9999 -9999 -9999 -9999
17.5012401211172 17.50535467 17.5407948958616 17.6 17.6 17.6 17.4750366323618 16.8567729535323 16.2649347856065 15.1483629782764 14.7923031891062 15.2263232081492 13.4186968137766 13.9188642241807 14.4837940189363 14.604252817095 13.273021488415 13.4590098488304 12.514856230308 11.7344106767136 13.4202690293304 12.9285655475296 11.0904396675427 10.4030946658614 10.1609509067001 8.93808152671975 6.20312908780161 6.10213660086297 7.76060488146601 8.59821378083519 6.75723693271179 2.89595658802368 -3.0772820306768 -0.39091403735687 6.5865188875495 4.8835854897606 -1.87551242850355 0.51881138453351 -0.983309118387451 -8.48553015984161 -7.83540312284514 -6.87309466388364 -8.83338860577891 -9999 -9999 -9999 -9999 -9999 -9999 -9999 -9999 -9999 -9999 -9999 -9999 -9999 -9999 -9999
17.523159618 17.6 17.6 17.6055724070054 17.6060324258513 17.6 17.6082504384352 17.61249751 17.4619286267218 16.9440378314601 16.3783838340501 16.4159393060001 16.6146955725899 16.5253536535056 16.0358835065112 16.1730802765503 15.288146832111 14.2142524099771 12.6808856386282 11.212860054 12.1463248596472 13.6712129405207 12.3537510043769 11.3815991496106 12.8488489571577 10.7796561555869 10.0790661363267 7.52903960177685 8.87102816536423 11.6564056468467 9.66121426809449 4.45953165689999 4.67422552797083 9.61592771636488 10.7238105896407 8.18973850421822 3.34945473475693 1.79101227614874 -5.9609109205329 -8.19912614494433 -7.40534059228069 -6.95700804625681 -6.86149494071537 -8.58866325621462 -8.34727150279992 -7.87048141981508 -8.35223410416892 -9999 -9999 -9999 -9999 -9999 -9999 -9999 -9999 -9999 -9999 -9999
17.542799968 17.6136888411902 17.6 17.6358308716383 17.6387888171376 17.6115630239136 17.6726911053105 17.7 17.6354693222414 17.4790990720346 17.4774984677933 17.2806633297232 17.4107760946195 17.5120014876368 17.4621010864851 17.2599617877106 15.9864257318756 14.272784464124 13.4155755439959 12.4216037987957 11.4706464364731 13.0472969433998 14.3301325278819 12.1627816352501 13.6950958169945 12.7149500706204 10.1139819378747 10.3064461487321 11.8274455869552 12.74643265303 10.7927556457943 9.80294078382427 10.1523274073604 10.6449371856847 7.88150962070969 4.90309399267168 3.26496834277737 -1.03992236038488 -6.12248526866828 -6.86980439186281 -6.89740828471288 -2.28772102118833 -5.25182190685795 -7.23390878958222 -5.30821309109377 -6.3915590290499 -7.66062608817941 -7.70261717548488 -9999 -9999 -9999 -9999 -9999 -9999 -9999 -9999 -8.64694434989127 -6.13940990573706
17.6169567335078 17.6510303169008 17.6100290453094 17.62678319 17.62678319 17.6698887214648 17.7 17.7 17.7 17.7 17.794588018 17.6505682429867 17.4673554927907 17.2687073767841 16.9697981402996 17.1065631538635 16.9932319131487 16.6961998437533 16.0239882287753 14.1982884870221 12.1990515419995 12.542383160491 14.3118661037805 14.200729984899 13.4397211605074 13.162467321414 11.6954043855373 12.6080483886598 14.409338800134 13.3908970328785 12.3278754404991 13.0046450489372 12.6840435211343 10.8591403982409 9.08159548523031 5.64813311910273 -1.57004120355644 -7.09362523744826 -7.03280054401885 -6.68869083114492 -5.69355870657218 -1.85738396172467 -1.58835004709726 -4.74361556832925 -4.54610172023632 -3.33552578325835 -4.79191713621783 -5.42385426625282 -6.56276492285584 -6.78653358356356 -9999 -9999 -9999 -9999 -9999 -9.34433886938509 -8.0193376778562 -6.27334296134606
17.6 17.6102804209918 17.6586676249669 17.7 17.7 17.7 17.7 17.7 17.7 17.7 17.794588018 17.798269142 17.7 17.620486886921 17.118775725528 16.8364046085839 16.807852979947 16.8096765909556 16.7995525035448 15.8596126660153 14.0781262231214 13.7902970614652 13.9225826788378 14.3983695049938 13.9711363369904 14.9898958676735 14.1746160294913 13.8402215823908 13.900859612204 12.8624417234125 13.1385816136438 13.6603841713763 12.9482534791878 10.8536672621829 8.19369129881735 5.97966594101458 1.85084208681077 -5.90298852692702 -6.64106842718144 -4.38975381006905 -4.16470934762956 -2.94004984987824 1.23029210497963 -1.26457955779675 -5.28234913057955 -2.31174227614285 -2.06276491145615 -4.2393305064658 -3.00365852332778 -3.55676579570226 -4.68693243548727 -9999 -9999 -9999 -9999 -8.09307923532019 -5.45629569469216 -5.30645743166174
17.64106887 17.6589264509172 17.7 17.6816881555693 17.65893113 17.6831099417785 17.7 17.7 17.7 17.7 17.755741787852 17.7579111158219 17.7 17.683983462 17.5590557505309 17.3393320735525 17.0120112501914 16.7564400712118 16.9885209006179 17.091773259279 16.0078202653057 15.220036118073 14.2370015971742 14.1010751624624 14.9131213674963 14.3327351446905 14.2741668844712 13.2331085274399 12.0708804253394 10.2563874448115 10.480920128991 11.9942030483993 11.9546834159849 10.9065564125913 8.18361529765219 7.24943844202146 5.85049198403482 2.38389004773919 1.6754551170521 3.23291821624685 1.43546418222605 0.94748151066896 5.40911687943477 3.97162241776827 -1.78081844895683 -1.91031782722373 1.08586288669457 -1.80189704472613 -1.7707391273894 0.146582256633942 -1.76580735585305 -4.44582491633586 -9999 -9999 -3.34649260920381 -4.12930291548385 -1.65504424534033 -2.57885882775264
