catData/variables/futureClimate2070/rcp45/HadGEM2_ES_2070_rcp45/bio10.asc
NCOLS 409 
NROWS 350 
XLLCORNER 60.897278365 
YLLCORNER 5.843756025 
CELLSIZE 0.0892857 
NODATA_value -9999 
[rows 0 to 25 of 350, columns 116 to 173 of 409]
-9999 -9999 -9999 -9999 -9999 -9999 -9999 -9999 -9999 -9999 -9999 -9999 -9999 -9999 -9999 -9999 -9999 -9999 -9999 -9999 -9999 -9999 -9999 -9999 -9999 -9999 -9999 -9999 -9999 -9999 -9999 -9999 -9999 -9999 -9999 8.1244217194028 7.1445057897983 7.72192956721995 8.48565746350431 7.9999536762251 9.04093084284654 10.3569597370399 8.46490104464099 7.79388471507439 7.59235017132029 -9999 -9999 -9999 -9999 -9999 -9999 -9999 -9999 -9999 -9999 -9999 -9999 -9999
-9999 -9999 -9999 -9999 -9999 -9999 -9999 -9999 -9999 -9999 -9999 -9999 -9999 -9999 -9999 -9999 -9999 -9999 -9999 -9999 -9999 -9999 -9999 -9999 -9999 -9999 -9999 -9999 -9999 -9999 -9999 -9999 -9999 -9999 7.78180054164979 8.5026856309688 7.34582350676338 7.09456277457654 9.52619601686364 9.54338493432514 7.81594961848148 8.05915499629913 8.93464203298585 7.51047146432131 8.04105922914651 7.53249024955094 -9999 -9999 -9999 -9999 -9999 -9999 -9999 -9999 -9999 -9999 -9999 -9999
-9999 -9999 -9999 -9999 -9999 -9999 -9999 -9999 -9999 -9999 -9999 -9999 -9999 -9999 5.91297532523516 7.20501825882428 8.19182598708629 8.12058282859383 8.23223569074368 8.06661720434465 9.44019529879707 8.76513972526928 8.81913297868294 13.1937589164083 13.5933554177475 10.6744056123912 9.50900963679038 9.03852327560099 9.96267691083467 9.72920776112578 10.7122823602959 9.37731110196543 8.80998863480978 8.84967698637157 8.52313508207065 9.40802100315675 10.6029632118221 11.4081824698232 11.999843465384 8.8702464897354 8.69411612098747 11.6661967335855 12.4818308515668 11.257470881972 9.75315663067279 6.95252322400217 7.03838346524535 -9999 -9999 -9999 -9999 -9999 -9999 -9999 -9999 -9999 -9999 -9999
-9999 -9999 -9999 -9999 -9999 -9999 -9999 -9999 -9999 -9999 -9999 7.64898247142897 5.97602903160105 5.22821439073457 8.65817750800027 12.395450660139 10.3019827306613 10.8041571226453 11.3648216053421 14.2910614893253 13.2171286873326 12.1414260370936 12.6464321401355 11.6852429678904 10.8308594337027 11.4355290152813 10.3315285601105 9.23551322386413 8.32930138468984 8.28387658847138 12.2528743603586 10.8689168573951 9.93102339641496 10.8757824533072 12.7088137911485 12.3621873884609 12.0237010424529 13.3916646429174 15.2329787522477 14.4397356260556 14.2158783158401 13.5955289502917 10.2981179624701 8.14087051465177 7.93447501358542 8.64431748302489 8.00540628082297 6.96592248588003 7.02418927884207 8.35084775019735 8.34028072443242 -9999 -9999 -9999 -9999 -9999 -9999 -9999
-9999 -9999 -9999 -9999 -9999 -9999 -9999 -9999 -9999 -9999 5.87898683084213 7.43158582577513 11.9990620218583 9.20261014423657 13.2583509738209 15.2077509329331 11.3780920128422 11.4053556150276 14.1901005733789 11.6428447456691 8.33199629054146 7.68275587927395 7.90705106352048 11.0437009852368 12.6949232605643 10.0681939586409 8.57160049919414 9.30478142524137 9.49819525948134 9.04427425090399 11.8540034936069 13.2249010503749 9.59099500340721 8.94709071549559 8.66573432223008 8.08695090297057 8.9504444515848 10.0168340599867 12.5229376630677 16.6692177244454 15.0879326080907 9.60375621533933 9.32801988756435 10.3248155365582 9.22550431495301 8.66624453316058 7.23268532151671 6.37290427849584 6.62032013321488 8.44023548828805 9.99498341005843 9.51854531293533 -9999 -9999 -9999 -9999 -9999 -9999
-9999 -9999 -9999 -9999 -9999 -9999 -9999 -9999 7.97516205070359 4.98291999208742 7.10667025217204 10.3943995884466 14.7993567142994 16.2608195207974 15.9153532850692 11.9734777330374 10.9585469600594 13.3411631873188 14.6197598774912 12.2873799884647 12.0175957444431 13.3147650152701 12.5824079161825 13.1515608644043 16.7871375217411 12.5373109094838 11.4999017472799 14.1157155649778 15.2850217301801 14.4872550006507 12.9846212815295 15.9262614838035 12.3202726395041 8.97848895567297 7.11224169443894 7.76877774814656 9.85891710514522 11.458068601772 10.8235430003935 15.6336507033132 17.7033338222154 12.2110250671933 9.22994569997628 8.76513981900271 9.14765906123903 7.99498103749745 8.52198660548421 7.16964693962918 6.27196937219125 5.74921986557157 6.24440551172152 9.93019441031579 13.1383267424465 -9999 -9999 -9999 -9999 -9999
-9999 -9999 -9999 -9999 -9999 -9999 -9999 6.64660059723485 8.12283051481997 7.14933168206991 8.89833593838605 12.4358360633653 15.6527735933802 20.2959222876267 14.6526537353569 13.452572070961 15.3760428895244 15.6214389030261 11.4151687827605 10.433199945873 11.7230219680792 14.3940736131384 15.1479585025302 16.2180344223161 16.65941454604 11.7242360238596 12.0615418054041 14.0620400567612 18.4744852790649 17.9301525272755 15.7708032678317 13.2440743551847 10.2594421682769 11.7600301945328 11.4620535992398 8.91521882584032 6.60012167001058 9.24477521735383 12.4864123518175 17.2117047327048 19.1454304847404 14.3942626730375 15.0406380100069 11.4344887765122 10.741529010622 9.34898615367375 9.30558859336634 8.7065297048696 8.04334430637212 6.44768192172802 6.12040611600355 8.1899436601123 12.0932064239963 -9999 -9999 -9999 -9999 -9999
-9999 -9999 -9999 -9999 8.93855327484278 6.50264959880395 4.55889938621252 7.21144469477893 10.5014809028204 12.6023654596669 12.9658900583808 16.0261963047106 21.0099015739998 17.7363842089726 14.846142195103 17.7661653070982 15.1262798840662 11.1716145241759 9.37939599346267 10.6768442850952 11.8830014296157 13.6163363360313 16.9508371658603 20.5794212758916 16.7035600504062 12.9360071497043 12.0217624732615 12.4284032441552 18.6268662869463 19.9939330669476 13.7879720487405 10.2058207853409 11.2121476761678 14.9499579688658 14.5940223774189 11.6002949618042 11.4147617876816 8.86946660712504 8.68720371249487 13.7570583857997 20.3976682744699 12.595569721357 10.8351224006991 10.3205432164683 11.9685779067099 12.0555718946711 13.1648470840109 11.1804823184187 8.9046000348887 7.56192648446517 8.10057413459683 8.54160950222324 9.88635972817276 11.7983760346973 -9999 -9999 -9999 -9999
-9999 -9999 -9999 11.1893305949418 11.7908956967198 7.7546599353082 4.67531040656666 7.56676715691987 12.1700994272304 14.7731975636408 20.0852452006283 20.5318435763116 21.9079129321849 16.9987831507816 17.8155758367064 16.6158032642295 11.4936331183371 10.5840735558972 11.5587985544122 10.9131946356407 11.0694616880536 12.8091555801133 15.1774125529736 19.3885221579092 14.8555424159486 13.9686151093473 17.0932452671268 14.9752327188595 21.1960827469701 18.3111647802806 12.3523968372274 11.1688307990987 13.2500977168863 17.0211231199998 17.9170180367968 13.718391434606 15.5758277432713 18.173654815427 16.2913290179425 15.8451311559915 17.5245033449022 8.11452721509172 5.44482048830961 5.87545180892979 5.74195790719017 8.47988484068464 11.7116668380518 11.113424546221 8.50806250674469 8.10744067654313 10.4828865425583 10.4179433924273 7.99705726252931 8.05106865464141 -9999 -9999 -9999 -9999
-9999 -9999 9.7867437716564 11.8547128198333 13.8953223396251 11.5212019474721 6.58652904106704 10.0526347766056 14.2644122494562 19.3577354699624 22.0569019462063 19.3289855935238 17.0470084798111 17.166840424503 15.9351688507087 13.2296137581758 12.7847075888387 12.1427827230361 13.1061916927229 13.5639700571385 13.0423277491685 14.5201119327583 16.1949508463889 18.4292853159486 18.0337690993733 18.6710142523109 18.0957199597669 21.7457339909126 22.6666098176524 15.3349298879068 12.7709561042535 12.9579609809708 14.0921593355563 18.3784120019893 21.452113754134 18.5874267352624 18.7101289606835 18.159279281305 17.0377915243503 19.4218653747223 16.1408644658534 11.4941956709195 7.63100596854114 7.92162381631256 4.10392823911215 6.03585818776317 7.60959565154849 9.33663255339348 8.50845819500722 8.00684338556271 8.7577461113271 9.28046315872504 6.60603652424825 5.13222684866174 -9999 -9999 -9999 -9999
9.03375277302545 9.63945513200369 10.1797916020577 12.8427932062388 15.4304997746586 13.76685344666 10.9797173419947 13.914720234566 19.1498343364573 21.4212801479333 17.135683513006 11.4248068205944 10.9398964840894 17.2657002739008 11.9036941383465 13.2149788031443 13.4404260885419 14.1427720076527 14.7093691468155 15.3351355378871 14.7734196204942 15.1069714014541 17.3619680590344 15.645611377745 15.197658452133 16.6196403750456 13.0046923978177 19.1755134029288 21.3272446376918 20.8933698571201 18.6706845817665 17.8548516727356 15.5923969257556 20.2851710626333 20.6171832685042 14.4734507023302 13.0285163394759 11.5500270471612 10.9727718917238 13.6875007927609 14.6071005108915 11.353967024022 11.6204495176278 11.5809225945527 8.7598885293838 7.8412249103246 6.71131462240802 6.66246318867693 6.50898813648042 6.02000122124533 6.13728789088218 7.97901339758174 5.63868383219579 -9999 -9999 -9999 -9999 -9999
10.7347355181038 13.390417443422 12.4612261297157 15.2333613118548 18.2797194963186 19.7197790130362 17.7920286235867 18.123150952543 21.8288535509147 18.2978125235669 13.2669552527024 8.30123955996581 10.1105171235237 16.9546982628633 11.8692843611343 13.0450067626297 12.5645335661106 11.6409201176125 11.6323462099184 13.9103008885849 14.0256369487284 12.2583262090143 13.1615026724923 14.7422841865812 13.093293989426 12.2719084341018 11.3582077428647 13.0658514162356 17.3621527700283 18.9337891367916 19.2639011047887 21.287687123336 21.8649089892013 23.5509046461898 20.6361503084442 14.3293864051651 14.527833301052 14.1399976721981 10.9952746424407 8.7641727959477 8.74385930509114 7.49474572875249 9.99352683848061 9.71032351184246 10.2178352307546 9.74664443009978 8.74749190574711 7.53419495709883 7.1902931574891 6.21758528041486 5.64761536857349 7.26849299445307 6.26864821067387 -9999 -9999 -9999 -9999 -9999
12.0227753074473 12.0817354648228 15.3770755493724 17.9538486295518 16.7504374718099 20.6726139661311 22.647119036006 22.8646489239831 20.7885786231525 15.9518326813861 11.0180918882738 8.61229076355314 11.4537532187731 12.9796716238986 9.45303915496339 11.3810833498776 11.8029041195027 8.88141003240898 10.3395594486963 12.1266166977013 11.3316534733693 11.7144143278903 11.6082810864276 12.4038746983488 13.7527025591409 13.2705080862422 13.3112967539509 12.0287628561525 14.891431604595 13.9389857800431 14.03543418875 16.4934422709497 21.3722271340111 25.5839210358029 25.1245323960362 21.0188009720992 19.6505230120945 14.4620521309227 14.1418833827101 14.4508445931116 9.78383157764382 6.7396067059132 10.4728282138532 11.8058112422995 10.4579198602389 12.2524481510076 11.5665866110252 10.9755291173002 9.4908615995863 8.10483807703577 6.95326081038209 8.43354031427173 8.57226529985075 9.17808365287823 5.80933352121655 -9999 -9999 -9999
-9999 -9999 11.9305120370123 13.177743647931 15.5137627908383 22.6806309553898 22.578149302783 17.7152839358953 15.1455576567901 13.6778682198649 10.0740767009522 10.5302070096104 8.99315338155 10.3073550435313 9.49983879447361 9.61351466317722 10.360279471985 9.51183248419799 10.1845927407806 10.869833656225 10.305083767488 11.1629829374616 12.8970251503147 14.7871367242822 13.6765980614854 12.9149809220098 14.1613046946441 13.0927538714433 13.1842388489075 13.0846646464439 13.195102516774 14.4816621558773 16.8754816226429 20.7960456779055 23.3690248350521 25.8752130008211 24.6883978368751 17.8307928229691 20.6123878487119 18.8587314605852 12.6604251520005 7.98311524962057 9.48505142902535 11.3642696688241 14.4929547625185 15.3616975212869 14.537324077418 11.3373660822817 10.2372517176479 10.6826252146989 10.192172062351 8.35756029801221 11.2748615213997 8.57633252070915 5.34009642013014 -9999 -9999 -9999
-9999 -9999 10.671623638413 13.8101187734625 19.9196872174392 24.2441704254282 21.7403685447286 14.2010122098039 15.4981567429694 13.5277265919815 10.0830812300538 7.80135879339806 8.69003450468485 11.0907982775734 11.1892347013047 12.9804947106259 11.0401378133102 11.7595448612651 11.6859513291298 12.3129092360164 12.6354305824423 12.0221860071261 14.5093880176316 18.6527935929072 14.7705699495434 13.8426616426853 16.2587483220222 18.3125665798396 13.5185732906373 15.2938565136678 15.2356649329147 13.2527787064851 13.2502868637076 14.2075719471831 15.7079595567354 17.9993138060117 23.4216285039401 25.9964229435381 23.7656383368746 19.4297855469816 11.5706210109824 9.46256053803811 13.6371937220916 10.7051924775113 10.8585055235972 12.4400244041941 14.5566928307338 11.1226528573024 12.3492914946799 10.6844577364976 10.8631410360092 10.4499816472668 12.2901553224342 7.63386751704871 8.04746464992524 8.23509319608321 8.88030934699574 7.35584913858101
-9999 -9999 -9999 13.2317030610971 21.8816543605076 25.7090560991898 21.0485980194161 19.5194510560912 18.123670511772 13.9515461815288 13.4405887328344 10.7427379529834 13.4355069915466 13.1319083800401 11.6406339366971 15.0250962514798 13.7884458163026 13.3951133960362 15.8152838000867 15.1605639105169 12.9940388850378 12.2049083896942 15.7172445153686 19.9884447596604 19.2344027835527 17.0079850578407 22.8322966140074 16.8307274353709 16.6743797310847 19.4606139552658 20.2303699435599 14.6155642041793 12.864341432 13.165668184158 14.9462481117709 15.8125139056276 19.13917197495 26.8959927498881 22.9354756537549 21.1932021246819 20.8395490516766 14.376857527751 17.4789236211116 12.1101141398097 13.587787744385 13.8590521349213 17.1386204584229 17.8862335035537 17.4657749425327 16.2439949922323 14.2817300551507 15.1809911557061 15.3439769382409 9.3217583687824 11.5622916003009 13.1837715029137 11.4241564859066 9.91445691454175
-9999 -9999 -9999 15.326567972656 20.1878518354651 25.7017194120008 26.6157710266223 20.6191371558299 14.7542137794858 14.3303221263332 15.2989669288967 13.6892225879857 15.4303909593648 13.7315991310517 14.9004196449237 14.2637929296772 16.2599236502295 13.5185216516072 16.5393846472259 14.9566416507386 13.3453583967519 13.7084997471609 15.094289806524 16.4869252216654 23.2978918280915 23.8307410741703 24.0751593003947 22.5313808981785 23.6570890993565 25.7085521688956 22.3334785425994 19.4643763140067 16.4737901867969 14.0227359477929 12.6008864117321 13.2407458465279 16.2041837708452 24.9294347509707 20.4531718337115 12.2539344851473 13.9231262596454 20.2172108520003 21.2967898508214 18.2842821913167 18.458892298 17.4242443438632 15.5458755206532 18.6707735034347 16.0443591930374 10.1042137109262 10.7114636907501 12.3653611556926 11.9576149432092 14.1813859666408 10.3784348868775 6.89354927807617 6.07375415742968 8.43158752885344
-9999 -9999 -9999 -9999 21.262919470167 27.2480026242405 24.1571536332377 17.9099719802261 16.9698270679246 15.8108031861003 19.6338551056107 17.0490384558336 17.884727676334 17.7350909708606 20.4131222039029 19.4437103265163 15.2263176660553 16.4874915663221 20.6405943218959 16.6445016582429 18.1079121426346 19.340556507148 21.4585558471633 24.2863208372427 26.0245134291978 27.2854643140836 27.0940073198615 27.2715311785449 28.3721653848559 26.8891490030208 25.232298182796 24.5802497420754 22.687467736648 19.8187888250745 16.3581675613106 15.4802464481525 19.7038079671 24.9010674290313 22.0470905519601 16.6870223950856 12.290747415575 12.8184206614659 13.9757118310499 15.3197714969837 16.4574898527295 17.8049481383746 16.7695666139935 15.5260029144503 20.4057669227624 18.622109763891 14.2262337526387 10.5545492582819 8.32724974386539 9.68172801000615 9.23922206150357 8.78328915845459 10.3041161122566 13.2919478065874
-9999 -9999 -9999 -9999 25.74803322254 26.6700372401031 19.9092599698112 17.2951426042101 21.4828765578202 20.9098056245958 22.9458563593612 21.0329323910479 16.5662233335276 18.5461759946462 18.0359393741043 19.7965426709106 12.5220588310414 16.5781298033085 21.6923058085662 23.4896251819225 24.2355241535868 26.682725247022 26.7035044817224 24.7055589146587 19.7018622729398 18.4838952037256 21.721054798233 20.2961884688818 25.8755584379973 27.2381852114057 27.5841477142909 27.3492152898421 26.2147096753555 25.3975016597671 24.5950257766323 24.2265898220725 22.6523561190697 20.3300920604499 14.8573624662156 19.0544970070772 15.3561950056526 12.2376295564348 10.7511886711299 10.6727558292652 10.1651699367979 15.1793232997057 18.8802134019951 18.9523235469599 17.821637518657 21.1836886837249 19.2601479945933 14.3247220746055 10.1786629179804 11.0496648202878 10.9409709595748 8.09813943350888 11.9314278104525 13.9753714939615
-9999 -9999 -9999 29.535978835897 26.8172135801306 22.4042595064364 18.9186557414632 21.9184333707469 25.7783268348638 24.5449532899558 20.6301703554943 16.596913209447 14.1169431040396 14.2133964261182 15.8716815946539 20.7096729917132 13.3138966247261 12.1113011581359 16.5398505968765 17.73645643969 19.6423189963642 25.4193398883154 23.452356775259 16.5074382117076 13.1067475998508 12.7515133075109 14.9261616740529 15.2831474882904 21.8671322259996 20.3864657706237 21.7716743501309 24.2226646901546 24.5376706948133 23.370916768794 23.042515899994 20.0786067408054 14.37770704876 11.1849937157726 10.8102215866869 15.3987170041359 19.307036709935 14.4041729008405 12.4980811984033 10.1446621651399 9.67220799400033 12.0883454188048 15.461324950682 19.8578806079365 22.3751102441675 22.5306671336865 20.3908675337701 16.0925116054143 11.7313620246926 10.3010567533636 14.8101670414302 10.9324792075923 11.6489278709747 15.7303471215336
-9999 -9999 -9999 -9999 23.3332000584175 20.4672087449779 23.0265825252094 26.0813233564847 26.7856915857161 21.7964981678632 18.2421071609351 15.2147302737623 16.1450939468218 17.0699442383569 21.0914075554451 21.31675826806 14.292401228075 14.3843479950924 16.2241100733953 17.2163492087378 21.31053729565 26.08962177901 23.2501933610291 18.4763699472415 15.5489190474336 14.4429614675327 13.1695157218461 13.4438536353198 16.1392842770555 15.433436065842 16.995657577033 18.1702954802011 18.8609536838014 17.9685580247806 17.5382216370092 12.70090940312 8.72331491868619 7.59815423952358 11.6132713700008 15.9382741061635 18.3113480203464 12.6564816550261 11.9591407347256 11.2239643144775 10.6997320525544 11.6968441627981 12.1000461433943 15.3363023996544 20.4498863382054 19.4497348990274 17.2434207868798 19.3261382207692 17.0784903009771 13.2892430815239 16.3922040976894 17.6003732020322 14.712368455051 18.5627547602116
-9999 -9999 -9999 -9999 23.3645801061411 24.4983356113452 28.0006315652846 29.7744967646624 28.3080179907569 24.7730651697278 22.2681740289178 19.130624830144 20.671219862903 22.6470751621625 25.8115690129536 20.485319943977 15.411776771683 17.4196485974731 21.7695960185872 23.6120836742298 24.7735167509418 22.7793508450499 20.5927422444711 17.8636873223652 16.912981505892 14.8051664504457 13.8702460853277 13.4578284361409 13.4519161962781 12.9456127811563 13.1547798305838 14.4555117241489 14.343508364834 14.4265342189852 12.7768843682848 9.10573449573881 8.10407235564422 10.1851491969618 13.7965535006773 17.8383367380709 15.0732081095773 15.1299470747996 14.0868330936297 11.7431952688915 10.4947239790734 10.3816445946482 10.7982299172048 11.7792213372904 14.0762580171297 12.9235380496166 13.0615780997614 17.7490086590737 20.8122349235664 18.3828432731755 17.0814825855778 16.8431152481264 17.0016993312813 19.8104063993865
-9999 -9999 -9999 23.8201778030862 26.3758396732965 28.0392232298794 28.012418175556 29.1375285294939 29.9266987180132 27.4586543836742 23.3609136958075 24.4568094148336 25.6879215174437 27.1989820153697 25.715063014 21.1487020913508 19.4576928752852 20.6908114807477 25.9645158567624 26.6194239097842 24.6840126264221 20.6202883663968 17.4979808032613 14.6589415636339 14.3922801369398 11.8817781948431 13.565779511927 13.2978492079218 13.563748254918 12.5519948783369 13.3137808844527 12.663422287986 12.5708531304957 12.2230912547461 11.275338507766 10.2170410202674 9.86078897116659 10.7571942824694 12.9191982896458 16.2007300283111 13.8455425611115 12.8861628755116 14.089140176174 12.4220017954207 11.2529603907401 11.7661971615757 12.5201934236716 12.579808660739 12.3705460813096 11.5759378694017 12.0457492385759 14.0038223251235 18.412837469586 18.0396312002478 15.7774233138306 11.9747594104874 11.5442589895841 14.144590832758
-9999 -9999 -9999 26.6851197740935 29.6631819116329 29.8868078952047 28.7573879090152 28.6336063552136 30.3559136816051 28.3451793789808 25.5511511192601 27.166781351022 28.712482733284 29.9227924582332 25.9672862933097 23.1501861395644 23.8844259098294 25.7620788032444 27.583004614786 24.1893854047371 21.0212148871749 18.484542785989 17.9021383116733 16.0663066293125 14.0552940232414 12.0726837462992 13.2813583859347 15.0754384425104 14.1950790906262 13.3199127926521 13.7365091678217 12.8485302332493 13.9033956131026 13.6670434248532 12.9200953433775 13.7930379084992 12.4853836122904 12.2556273224977 12.8499791153795 13.9277615233815 15.6320373019154 13.3229133084866 12.9314342605294 13.0463840920153 12.2338726499555 13.1486885249785 13.7771475064036 12.9387150271472 11.4421768682123 10.4118444795723 9.89688742340729 10.6582952260001 13.9846063097934 15.4819977294172 17.2109290681846 16.4244679644575 12.0828351348826 9.99857750675605
-9999 29.1230237709757 29.655754340306 31.0116837022558 31.9547182278397 31.6826230401712 31.3348831428446 30.946005846816 30.0895909019941 27.265924042127 27.915875810806 29.0213980385578 29.8580629724264 29.8771682277244 27.0016447344544 25.4480971394967 26.2722418528958 27.6901375168011 28.0632293978792 25.7494266509315 22.1130092393539 18.0103709496976 17.0514177234329 15.6109551031913 13.2034176384914 14.698743798849 16.2045901797132 15.0636456434059 14.9819106418893 13.4904941559653 13.2331566961921 13.3723384772697 15.9825970619467 15.9600414264699 15.0415761982573 15.6889492488051 13.2637859020324 13.1480475811035 12.0647724394927 13.1350622638103 14.9928190935225 13.4256115298779 12.767741756 12.9279697359692 12.8356546651013 13.0829611262117 13.512457095189 12.9228872361262 11.3817793635753 10.3025927370317 9.68665682991347 9.75027779839952 10.2892473260785 11.340070843609 16.0507132701557 19.2473941042613 12.4696156653897 10.0891188929394
28.6668352400495 31.5832854391657 32.3233608104391 32.957184912 32.7604397746366 32.5195326094895 32.0848459784017 30.803121339864 29.7446396143305 28.9623510039407 29.5210889692152 30.9456384817959 30.8884071385598 29.349194382067 25.2784095997494 25.745833668 26.9223381790266 27.9966474850681 29.1404165890567 27.9589846756709 23.6484204705665 19.9855009473122 17.4663789756637 15.3971223419052 14.9644009647421 17.8261131862932 16.2795937590362 12.7711396441754 13.0363122278045 12.1623660587565 14.2988697125237 15.5645055397688 18.5289643115367 19.1140665675492 18.8298599282891 18.7966426034326 17.3361087171567 16.9327027150581 15.2177072057059 14.9491903001439 13.961372143249 13.8158579873365 14.8817221175426 14.3317990368097 13.5540702189946 13.3594089262565 12.1100524414933 11.3736518532045 11.7172700004846 12.2443226285173 11.1435939007389 10.9175598032967 9.72864869852212 11.1734384361749 15.7440679803419 19.2649301949661 12.5822713136299 10.0258194084079
