catData/variables/futureClimate2070/rcp45/HadGEM2_ES_2070_rcp45/bio16.asc
NCOLS 409 
NROWS 350 
XLLCORNER 60.897278365 
YLLCORNER 5.843756025 
CELLSIZE 0.0892857 
NODATA_value -9999 
[rows 25 to 49 of 350, columns 112 to 167 of 409]
-9999 -9999 -9999 -9999 403.133577797529 361.387339378745 347.653370715609 332.743832410589 367.416535711355 403.054518136377 440.291380591233 506.738290882544 546.331782247814 556.15405417062 571.143401256078 520.371175608063 534.177349189771 579.530806301357 574.28241282223 587.72913837077 601.01260742035 598.942435153009 597.45790200714 586.388441369012 528.829609902833 453.750415653116 395.520945006192 343.17615952327 326.231032975082 354.18890452506 319.437748077985 257.928267816003 251.423271684058 229.511914812159 244.834268982282 244.865080930901 260.261158213644 265.97362585167 266.060322353336 266.6593545794 247.410237601994 238.693561417751 207.803509912944 195.792207396401 170.53205669822 162.926583603561 173.65528597409 155.849422734326 133.883631129944 123.803924617884 102.728675434933 90.1383854824531 87.6240594431755 86.4641688533231 72.3299534473885 63.6287064428811
-9999 -9999 -9999 368.980894049845 352.247274311983 316.204219980098 316.190525803041 348.245298026801 408.054945025621 423.769939300748 459.231813209885 501.413860574301 468.955553969335 481.806110666785 511.601869944099 543.299342733644 591.061569428843 622.608685113049 606.811011389169 641.508232975479 642.933090538538 637.00648333146 644.903811335937 650.236794662738 602.598408415832 532.876758139994 486.98570159848 428.320902550965 419.997307388743 416.547328356201 375.866570371763 284.323009283882 295.954745329273 289.103508699206 286.648799506328 282.458871669857 284.273109156024 275.977397804958 276.755830216113 280.011052887227 251.746006833522 252.683845398538 269.095975222058 245.972951477341 216.102010596178 226.07109413407 180.211712255507 144.457537611867 136.109780193706 129.350677346318 118.114027643685 103.878770725789 93.8815358646371 97.3455341342776 93.8497955560394 81.9759175356617
-9999 -9999 -9999 291.694883725939 282.969700551407 288.376465140001 308.657687695241 380.218671600366 385.216998394573 409.351029572554 438.759134327893 451.839583267641 438.033904990292 460.42227628844 535.012325971644 598.886843027293 644.516814247951 607.597523667549 654.351183258086 682.106101125525 672.792805645842 651.40246713283 666.819136175297 701.044234683878 678.123695324054 607.765925582582 565.588329517927 538.490102163121 498.638725947222 459.308774010338 369.05213034743 330.154221688684 350.233633050628 325.698391995194 302.391748028699 310.50933381134 299.958187156901 299.183011219097 301.66433748876 295.886171310916 265.526505179342 249.923141090169 272.157854729928 268.445281075986 267.579328470394 275.800572717166 216.987670708238 152.078082690064 132.361426140841 123.166856645164 110.511514099981 113.874189617627 115.554654850366 109.742684850288 116.257633586 113.909891778322
-9999 353.434492328995 336.772656258066 302.582697951286 246.742966920001 257.429649534581 262.726786328058 329.829129142737 369.779809136996 409.371855127273 454.895910515699 483.585755916326 484.450128784308 495.943901750356 554.491034835573 556.382732956384 561.544722135204 569.401744874139 635.707520374737 683.155299900035 700.6192702045 669.257885482691 707.828816760238 724.9309958058 720.647934259472 702.944993162468 669.528153520321 647.733410193116 536.139338961166 477.302869651458 404.780474624567 389.430223208483 363.450590952636 326.474069349909 335.8987133888 321.657342932743 322.488263372509 340.222252522608 338.267857456617 330.415393509062 305.676056428877 285.731416767974 270.719453407017 221.942367974415 217.503354775342 243.211575211793 257.044679788128 231.00690069373 203.690589369039 154.393556836973 104.473528656773 98.5678154308063 90.2049752357583 80.7534829622833 76.8664536192733 70.2140110476664
-9999 276.803071037315 258.694732980455 255.398776391946 226.936213765501 234.647419047266 257.686526134918 319.454717313513 348.600608400596 396.762408134979 448.367250176906 482.803888716584 495.523745656542 494.16813983163 523.299913398033 565.594313983793 558.597618076835 572.115802084233 589.957567259999 639.356515227679 673.762729435356 694.182047666035 763.523085202272 787.514815402504 816.863969146252 871.447942774943 870.919561429625 815.892488452156 639.172413205285 578.32213581258 469.946552290882 435.879544447284 360.745489417896 376.287614719532 358.063331838971 314.089961473679 331.485124667944 356.032454282041 354.787834150281 340.112828100812 328.093657953357 323.833259336254 332.705592663901 284.063808334133 203.429105487083 191.882097676237 191.302068269889 175.628580945876 185.035036118717 135.254783362019 125.237002727723 126.782426971123 118.77220638 127.632299148092 130.348743723464 114.666488038951
-9999 -9999 -9999 210.264851086419 240.410031528002 239.189198483391 243.125247883314 273.197602882174 309.174365260004 357.200078116197 403.401242830345 435.44775165974 456.492114141749 472.2401037489 478.578530127447 481.918260405968 548.010451518516 605.767337355681 608.81924289183 689.328666578487 722.450680939354 714.09615181643 732.268974112813 794.513744303341 858.373058703661 919.483455259558 880.806905292845 859.159947800955 835.174366135131 582.550570442855 509.093184117149 397.827581313644 331.528480622817 381.565157150966 365.010494785185 354.158114714772 325.142622336314 351.275137548845 371.236011605861 362.155224445501 343.956747763458 319.300359840002 327.856085754909 308.324549145508 233.716804760828 281.312714596759 222.48093548419 173.574150673181 166.408724133673 146.737645288804 115.951927050624 116.369074565373 131.446282165958 124.253470637558 109.683791324765 95.8690783383641
-9999 -9999 -9999 205.068102188888 196.336591722069 212.385200489442 216.24968088308 242.379288708796 278.915595281954 324.773351159322 369.417255103788 402.939868454996 423.278014400001 434.411083586198 443.952998028818 463.786254820131 473.587839161254 541.192778800823 549.068858030329 677.456584481555 733.381935171596 686.163896109775 720.580504490689 792.243343308445 845.811277850368 860.158458179013 746.855604024662 654.050861862204 769.316541752846 636.509580213509 473.475520010864 475.110079355947 422.227724179598 400.176892755696 395.101479155803 351.231049853441 333.44876592161 330.211779138745 353.506259511747 361.623186910495 346.094118177196 319.704132655921 320.45506111736 318.549829973092 344.603162908394 340.886774186076 245.853618543906 280.273079345513 261.791779054484 229.084469756893 176.614650303516 145.977582554998 118.950205496155 91.0567992046238 80.6115380076171 91.6538092541727
-9999 -9999 -9999 214.265667594815 191.35673047284 186.36654686798 194.135376673132 220.269341613747 255.620636982541 298.083195619515 343.293628421549 381.07104684875 403.264612065638 415.457370264638 425.750774260552 436.918639636462 449.972493307625 474.985720240724 507.413843014481 568.325932561001 621.944224795664 622.349780987742 663.957970084306 739.537071894126 798.046146940326 802.857885109355 721.592917483808 683.033642697021 663.321876704767 555.872174451551 419.919102337399 369.609315984483 333.392054133544 351.586764757293 372.161143491319 338.877871243793 321.000706508848 317.911258239598 334.077567330999 341.168985800822 333.986443220058 314.802861989459 293.311516926951 286.490973207043 327.235231275632 360.394653129142 318.412062941763 234.593764854256 203.561801670965 187.861572578224 160.447279706091 137.183283432087 117.452730542177 98.1183813818386 90.5915261392792 84.9153990203865
-9999 -9999 239.540635443035 244.422943585668 212.058577441573 175.363203948203 184.218701019631 204.10855903592 237.305959500825 279.839815901229 325.76282504 368.02839113105 393.793409773893 404.978493327737 413.047866478734 421.451384323984 434.929153417876 447.834540705537 471.597195132346 497.757811347572 549.332013203056 577.087970615793 592.611736968137 683.085617207441 772.102009264475 771.761462679372 709.374478829489 705.856817886953 650.675866755314 519.217276155689 340.047492173312 315.491234635006 334.750925036377 300.331306533451 303.83368019756 286.87960745759 313.988066438252 321.226967678006 325.735903264759 328.832058239789 324.499287753879 311.202270579813 292.296742425003 273.272845413245 286.138021133012 342.566469473237 322.405001188071 244.004854751293 248.625315721533 241.723871763179 182.48692435186 155.09268755359 143.277715038055 114.623340516643 90.7813677927804 96.4834677206405
312.771600832949 276.824702579998 257.706728808931 232.073988509119 205.735836733741 183.870530342923 185.560260076203 196.636903288022 227.562179169923 269.746333523895 314.010115076229 354.920807227847 380.794715060001 391.69295206 397.300145913832 403.476985878718 415.279059401872 431.603286722537 452.908749393632 486.656744476385 556.235571334772 591.06630645506 564.624938371783 639.744037933083 736.135812560829 749.694557045586 684.245399166952 701.961373541903 603.411761124275 525.080942455411 388.440250560585 330.39464820001 301.081460061666 380.974288413682 395.847900052659 327.866233817067 350.709200401486 345.035518235913 335.971680427624 328.722729253427 326.478708377252 321.321184068695 305.094006396939 282.493614897956 281.794995201531 284.092650271505 354.217914691689 323.26551959407 286.693710876155 321.319081547208 223.309085826293 174.926639807887 170.148254917744 130.289397040326 104.614517857108 92.240666577642
329.950358904831 281.170517729674 246.628038795463 230.781886849736 204.392595322216 205.555091219717 205.046667335738 210.937894323572 235.850126855837 273.308020016011 313.340173543287 349.053155781244 371.060380557579 379.017963050009 380.082182897746 386.708202536526 401.122939603493 421.548803693135 448.773076235815 492.556498910199 550.909669222277 554.870825890401 588.410537563658 662.485850505211 714.348245471053 708.511345325493 645.975494213121 621.388035981264 530.301565376676 541.808498004216 447.428775888426 309.366957308383 232.715929601755 279.24297258764 358.635525723111 326.493639116457 324.636357371261 343.457219308453 334.092511266939 317.836306735083 325.658028067827 341.793404041738 332.513890109993 308.403107664936 282.352417798954 268.666362589524 312.75126874433 339.888546460792 363.059915738474 322.732908531002 214.781099985609 212.988226124528 201.485051515185 137.401061389194 121.211192841077 102.008146447497
370.470909164046 332.64058557916 293.707196228318 280.811518369892 238.773442100567 238.921551072792 239.468137574559 243.507510948549 262.083118082968 294.822574049835 329.096630776657 349.604839812876 359.108907550727 365.063514460093 367.820032193594 375.986382982838 392.697527128059 416.545708986236 448.946413734481 489.38889639055 522.281844344449 562.462817030636 624.538300480627 683.259243363923 699.951872531976 702.140840778426 680.889793429253 611.98938288812 514.080179345446 514.44054178529 431.543519196934 290.339800999993 255.668654544059 252.896725321695 248.460329067131 234.383720150337 263.728276984913 303.545117515385 324.479196179308 319.265607820849 319.745801222154 342.571982490059 352.842059770698 338.814965332562 310.898756578633 285.341162609079 273.386360991956 310.89753097721 344.252251555394 344.811770055652 269.425331663627 232.398771536537 233.606332089792 174.795205159773 152.282734837986 142.720075561717
395.233995807067 371.781092236459 334.017729026895 310.444748032418 297.182475302478 285.720740945864 278.963447726599 278.451317474125 295.214234055586 321.721616842313 341.280923587896 341.026187870285 341.272213074574 355.408062587096 367.274184057074 374.835671216442 390.693584676757 417.178348629411 449.92592274 490.637314673863 532.721900906963 585.24055897998 645.568565487366 688.726587534723 709.307065966906 717.229805015193 716.996780314505 662.875897068793 545.854042474811 505.771992415515 477.248519440911 321.919790177547 255.953111599722 247.964700575619 284.968078786206 242.599792077911 230.861496444226 261.086831640007 324.765931185227 341.921058581213 312.88633932175 327.00067116615 353.865351465573 356.104001319618 341.223434454823 315.970573690525 292.739279340781 293.398782982006 322.922808618852 359.504350130846 324.421410297826 237.649758031848 247.796363725793 250.769661589951 192.214782049136 190.262912870169
383.481618860002 366.276650507556 329.106619747067 306.539719538311 315.298494982887 308.754292196918 304.486458516356 303.738312993921 314.617862177485 326.150082932595 331.086645224837 330.278337222004 336.181913380682 352.187426278613 368.092953955887 379.510218826979 399.076375946281 431.507771432954 456.344856364052 494.652041989614 540.715644215992 598.181755599999 660.407843682434 714.230039973713 745.603790448743 746.7008648166 731.44680617741 696.144124209158 642.310608606079 594.36355760485 574.691352327398 439.622379198912 355.664733239364 312.838311900945 384.043578704662 287.385298210488 247.635705564128 245.034330429228 291.234112727798 342.878606093195 334.763372599907 334.647275578903 345.801259228851 357.447054706896 355.327847052739 343.619262654984 328.691676136399 326.771916807161 346.62890017529 373.472945433038 351.251303072918 253.53088803164 224.00822327022 287.661655904551 262.496980283055 196.938672535426
381.237320825064 368.770915092404 346.863633621789 330.653489705018 319.045884081638 318.21350088 318.337840323659 316.305048907563 319.710466560001 324.049442316691 323.796787118468 326.014705201288 336.538029586852 350.312699860489 365.426457587832 382.372999457246 403.226214273765 434.581587280903 463.41068464 499.554404566797 543.667798140012 601.941623168818 665.179074000175 725.822615536957 754.343193848633 747.755527302851 731.426750384297 711.654203227455 689.284629936484 682.710655762711 668.421735989212 606.597434549525 536.190521581908 486.321742906456 420.703742451933 309.785764190658 253.565751194204 242.624672213319 263.462194403989 338.533350745185 353.88764103887 328.309105686222 326.433889313279 331.917215184206 339.871623645771 351.714646090019 352.977912609112 357.354595194969 371.669315745331 382.10827124269 341.366612029172 270.625002457426 262.628267320884 260.063020302394 296.276947843538 249.825638046531
381.951955198051 384.447742581686 365.60358557953 335.205320344382 328.088805287848 322.682034753827 321.483574675743 319.395009205198 323.499804882112 325.654322570301 322.768036625474 328.519828236101 340.574747728319 353.85060656 368.313813320003 385.93719506 407.495837464613 433.234193080154 462.761409415239 500.896566881654 546.513663963622 595.013232719407 644.298751304575 691.120121280181 720.624349533841 726.820320501069 714.986610297738 705.95601849374 701.883447828757 709.483341547877 718.936531452939 684.575720313162 644.308232220762 608.51689342141 494.279522553669 342.847209065011 268.112823809132 263.536128244725 269.358846834615 309.590939402427 365.069463648944 362.955875717433 347.726854421186 334.330186683459 327.902452309621 328.150653306589 328.279091267918 359.814209651883 371.027134238348 354.071023419331 322.216219127212 298.420291581235 346.965395653164 338.093805570781 338.062599560966 315.053716666089
385.887908371434 384.370126387629 364.894521850108 341.961918873638 326.543080136514 325.492052997056 324.856626786039 324.565378985066 326.055912435919 323.01506350988 325.967165627883 333.840211649047 344.670494600127 358.525075997839 374.112751737905 390.433629326229 409.839190332394 432.654610074561 463.337770816995 495.514016997743 529.106342990208 567.640250420002 609.024837922813 649.726326744996 680.61420292722 688.688913903576 681.581134182791 679.061857708085 697.923857727927 726.779328932931 755.907500889324 767.770029932236 745.564273813179 651.130956760185 581.258585051687 478.398197512065 355.470155754964 339.468775756473 358.481268591094 317.647789363121 317.784115258752 325.542439008832 323.833276039065 343.253308745144 332.64309886305 353.426860754398 338.113760912881 362.149660028676 374.549991846638 339.216715940149 302.487427544989 297.253536350792 350.168082575219 376.143482852944 358.808056759461 347.049898830246
347.989446406255 343.442789129786 339.517131511753 334.817888966102 330.79594317715 332.847939526923 330.723028409006 329.765040661907 324.669741100863 326.912667054905 337.581117395147 345.476674374236 353.475922835424 363.862948065993 375.763001984757 388.727818667638 406.432515130569 430.633523095787 458.535251079705 483.737905213206 510.64995639867 545.321857076088 583.786301981288 619.43206573425 644.77300452381 656.486028003292 652.981590542522 655.693434227005 693.273624529742 743.44280123217 783.799028366339 806.228749906409 827.669735748077 707.732488481304 599.921932425021 538.496092797763 441.15023476785 467.263107392547 477.839438613194 402.987118798578 361.031921935968 334.194228203656 333.101654997385 374.164372537372 380.330051247628 366.375473774912 368.985223475865 393.728959227088 382.683124823337 371.941408957863 361.4191790291 344.599010999542 329.658840095427 349.971646198761 368.477260249285 315.051891483502
310.447432065862 319.362301721416 329.595667461048 340.044908160683 348.682975469922 348.565942169991 347.017836933474 342.651778351732 334.816553480385 331.704317907684 339.672017046351 348.496732880001 353.652158534209 360.196222325749 372.500101759442 388.982482145424 407.062249359999 426.385711602981 445.994213941208 468.2668011358 495.957178420934 528.576651288828 563.198929117536 592.592202311117 616.80189097608 633.438192464015 644.062716588991 664.367068755813 706.093903414759 759.33374304853 809.090480173065 837.934005032213 864.797117674384 852.207436579772 745.856716236384 637.117693318052 615.341703915711 611.390231072103 612.862237248933 581.873009993655 520.008089269713 415.34772028911 459.410174255503 599.254642333529 484.864597372663 421.017389519126 431.122982626229 519.234138082144 443.764413269669 438.039557270174 386.409117922765 384.588793910133 386.926148047557 373.971565392 378.043532926456 362.131306367061
274.322384814917 296.428208007117 321.458787090773 347.392277429606 363.845789022959 366.366590956897 359.982951293855 344.984123954013 339.273021904263 327.533889312448 333.377471473666 339.748543206964 347.94054289411 358.3695973 371.535983860631 386.209076164227 401.087597786892 417.094738996456 436.390566075043 457.847400638235 481.019498749582 508.083240528168 536.805135955674 565.278193582299 591.751570041273 615.566871867523 640.449025793263 673.07100641071 717.247338535798 769.975190489267 806.774841412119 847.563839732067 881.344853467242 885.071026732059 836.178158794716 733.426874219015 707.107541218459 746.833627696093 781.496718654238 755.492685866502 727.10160053672 705.810673947945 629.819116074402 790.27137290871 710.970104474542 585.262480554391 583.719000185505 516.902245060163 450.88362233286 470.185493056956 482.015158029128 463.901445169155 442.183848249438 430.473714993699 436.990970719998 419.05548253251
257.360061437026 281.362787540001 316.055650090336 343.451689348516 346.763967439679 336.866278291736 334.362248358921 325.701278567564 329.070544056041 323.121236860002 329.198586568761 336.695853097341 348.174507501124 359.4410257 373.066352675391 385.36911538 397.982500349884 412.50340002679 428.439344723918 447.163159901051 465.352091116371 485.890629733754 510.65826717585 539.206655390423 569.054260213284 599.455976456156 632.003230945041 670.551083839998 714.17639731525 757.353620500006 796.663640800325 828.073267255552 855.729936938745 881.52834589303 882.911660720254 826.771104134727 784.665018210835 765.10393324912 820.176707100643 851.403970327462 828.6315700672 878.540039066349 1000.12538886117 1120.04929282856 980.986454406299 581.716470796536 534.832565036893 575.004124737035 558.87773045577 526.423859861332 498.080322799206 485.777670259229 460.894259754862 480.541724010365 507.420299715171 510.746773974325
251.04109325383 274.56605689556 313.929979665171 296.551639082108 286.532895441443 290.114091033809 295.61085352512 304.151686544407 318.04899575126 323.6441399919 330.097112940034 339.164182329403 349.678433101215 359.97594428817 371.440546180002 383.22625858 394.826190376322 406.218973791417 418.904048905274 434.152527937903 448.170150087723 463.073967412977 485.182258860002 515.448491400006 547.905449682793 581.508296576097 618.556978589841 658.227271818648 699.113269306809 742.00087860337 781.900873646214 814.122114788745 841.505870605889 867.462969671711 886.050957679043 895.913175372893 895.966376499789 889.229416076969 901.379243470019 952.370135127843 1009.80124615392 1037.41421886258 1084.05605269404 1164.44215996442 1128.6045436611 1068.15265422351 1045.26536729471 1028.37956553844 793.287881470676 597.075218700808 567.435907312378 533.856668388632 485.865378645303 517.677431685793 527.056013299954 512.415786516114
242.68481392768 264.622982187583 300.964972779061 264.921949633012 269.282023261795 277.642925602622 286.218909392185 299.070500474759 318.846717312314 328.277561590355 329.782885757659 336.926279437474 347.353595590531 357.833109389236 369.512771083357 380.882812779407 391.402043702761 400.561523155821 411.237641242247 424.2625663 435.208453680003 447.82209838805 466.600757049968 494.403704293327 523.179270646674 556.978236799725 598.618626026611 637.393655859187 675.9111822011 717.726959892611 753.21880181443 787.895516234515 816.238943915058 838.320202655259 856.651883564405 874.996352594854 896.356696424762 923.401566176327 966.277454550285 1023.08674236927 1076.62740339928 1131.8291023784 1196.21087337655 1203.09515483446 1181.54536494868 1209.45910514987 1244.21547618464 1296.59565499678 1197.39671472406 886.15685732345 689.867683578732 663.904258826776 581.920574252393 473.951405718845 541.622933091484 576.372034173037
231.981359589008 249.779141714697 271.132942869927 256.688858576613 261.191164300001 271.9054483 282.313672256225 294.523451108952 315.840741196303 328.130741030457 326.660399467126 333.141411194458 342.923790320001 354.265043858012 366.395188131476 377.088645175064 386.495775129199 394.83405594442 406.770439233308 419.312245596964 428.676366492251 440.341145925711 455.28797822876 475.41802339264 498.835003511222 530.046128638462 573.487011500695 611.929642259999 649.126452789819 684.703989726711 718.414002357177 749.47616504034 774.049837016902 793.937646740001 813.380506199285 834.805553532909 862.05865167618 897.204001920562 940.298451003716 989.653980500166 1040.17721085047 1092.20012725235 1141.94252456317 1170.77022212684 1181.96984852053 1216.45141082799 1266.45139152536 1311.25149978561 1300.79964655194 1116.87171074117 861.928447628242 823.539550820157 787.289773097852 707.753979816238 780.225132150915 817.226044551377
221.379823947494 234.265895657412 250.315302989759 248.008121698491 255.4233288 266.269180417626 277.673283800001 288.549945331977 299.550785337203 310.143734975976 319.66820710716 329.728293572772 341.475848949905 352.848591545576 363.34330337483 373.055477656165 380.580318886913 390.142293024382 401.830324358681 408.850136192595 416.608452422746 427.421853444679 441.585463923871 461.132637266125 489.134312234371 521.00865769784 552.998557758107 585.584849220351 616.977613282469 648.507074645389 677.146001445206 702.692680746831 724.221907424225 742.627561265031 761.496417065845 783.381497423324 811.056284400001 846.137217104141 886.374668384544 926.34326834921 958.086209409748 995.167077986286 1050.73295621686 1091.22464959376 1122.76056967123 1179.04915790419 1238.3331804643 1296.01199246645 1313.33404124427 1212.09458808366 1156.58115757667 1139.65535499288 1062.55507359092 1039.19525204685 1054.07581074761 1118.88714356891
