catData/variables/futureClimate2070/rcp45/HadGEM2_ES_2070_rcp45/bio11.asc
NCOLS 409 
NROWS 350 
XLLCORNER 60.897278365 
YLLCORNER 5.843756025 
CELLSIZE 0.0892857 
NODATA_value -9999 
[rows 52 to 77 of 350, columns 58 to 115 of 409]
-9999 -9999 -9999 -9999 -9999 -9999 -9999 -9999 -9999 -9999 -9999 -9999 -9999 -9999 -9999 -9999 -9999 -9999 -9999 -9999 -9999 -9999 -9999 -9999 -9999 -9999 -9999 -9999 -9999 -9999 -9999 -9999 -9999 -9999 -9999 3.45262337347572 2.46032423903843 4.62085382358607 5.92613814583863 6.7220942080275 7.14787377145673 7.81985890945931 9.62689431856004 11.157839665296 12.4422880542097 13.8430629441342 14.3244728500755 15.0746152216538 16.0278639407209 16.32499574 16.221531384 16.0366882291515 15.8264668918607 15.4665154902186 15.1015318324306 14.9391364069264 14.9013533869979 15.2220322662861
-9999 -9999 -9999 -9999 -9999 -9999 -9999 -9999 -9999 -9999 -9999 -9999 -9999 -9999 -9999 -9999 -9999 -9999 -9999 -9999 -9999 -9999 -9999 -9999 -9999 -9999 -9999 -9999 -9999 -9999 -9999 -9999 -9999 -9999 -9999 5.13214364987274 5.54890541995378 7.55672236060388 8.64353801835143 8.99008587266587 8.7125805681276 8.83134966789195 11.304808084318 12.0337578217349 12.5573056508834 14.0300487388548 15.0497777080971 15.7061068196513 16.3065521078454 16.46964071 16.4022030100577 16.2036573465478 15.313189590506 15.2510842233942 15.3369684580916 15.083173275966 14.9080189710068 15.9397407076231
-9999 -9999 -9999 -9999 -9999 -9999 -9999 -9999 -9999 -9999 -9999 -9999 -9999 -9999 -9999 -9999 -9999 -9999 -9999 -9999 -9999 -9999 -9999 -9999 -9999 -9999 -9999 -9999 -9999 -9999 -9999 -9999 -9999 -9999 -9999 7.10830129275517 6.97277457788653 7.88672949349224 9.4037741721558 10.4172375064582 11.0271939320529 10.6364086260678 11.1015331033208 12.0953238062178 13.6691905359762 15.0094083811203 15.8176659114611 16.2261821260387 16.4229237954849 16.5 16.4879896247607 16.4494461717671 16.1344277470953 15.9664456084498 15.4244057654799 15.4802357549986 15.8043982219811 16.375051492
-9999 -9999 -9999 -9999 -9999 -9999 -9999 -9999 -9999 -9999 -9999 -9999 -9999 -9999 -9999 -9999 -9999 -9999 -9999 -9999 -9999 -9999 -9999 -9999 -9999 -9999 -9999 -9999 -9999 -9999 -9999 -9999 -9999 -9999 -9999 8.75155360652655 8.86369132909688 9.29663321293156 10.1325995704175 11.5692910652284 12.4441928243641 12.4569467116514 12.4917998762599 13.6173380857721 14.9926991422764 15.9297637232544 16.2894727551163 16.498156438 16.5738717840472 16.58392639 16.58392639 16.5345147127807 16.4893885469747 16.3872465614604 16.3030059328568 16.3472662290354 16.3519717040202 16.3157952057521
-9999 -9999 -9999 -9999 -9999 -9999 -9999 -9999 -9999 -9999 -9999 -9999 -9999 -9999 -9999 -9999 -9999 -9999 -9999 -9999 -9999 -9999 -9999 -9999 -9999 -9999 -9999 -9999 -9999 -9999 -9999 -9999 -9999 -9999 -9999 9.9404788413449 10.6763495133299 11.0778921670311 10.9049271144168 12.2412670717948 12.7822741085725 13.4281649233892 13.0112192905676 13.0211384091496 14.9066685520001 15.8331960409047 16.4162984873857 16.530303658 16.6 16.6 16.6 16.594742007555 16.59106923 16.517908532 16.4982409542806 16.5 16.405410782 16.3894918581162
-9999 -9999 -9999 -9999 -9999 -9999 -9999 -9999 -9999 -9999 -9999 -9999 -9999 -9999 -9999 -9999 -9999 -9999 -9999 -9999 -9999 -9999 -9999 -9999 -9999 -9999 -9999 -9999 -9999 -9999 -9999 -9999 -9999 -9999 -9999 -9999 11.1526211559481 11.8016003219964 12.0797599852409 12.1033981008169 12.191383512662 12.9103005240001 10.4923272732247 11.4784471949684 14.4434456782742 15.0540699181276 16.3704421855735 16.5987538781925 16.6 16.6 16.6 16.5421776261093 16.5666254349115 16.526839302 16.5 16.5 16.405410782 16.398267942
-9999 -9999 -9999 -9999 -9999 -9999 -9999 -9999 -9999 -9999 -9999 -9999 -9999 -9999 -9999 -9999 -9999 -9999 -9999 -9999 -9999 -9999 -9999 -9999 -9999 -9999 -9999 -9999 -9999 -9999 -9999 -9999 -9999 -9999 -9999 10.3562843289735 10.7693460134676 11.4517846169219 11.382471772 10.6598937965459 11.8505789084229 11.3132995518531 9.0237686852531 11.6937059679724 14.5461275766092 15.4388068920001 16.2885286029592 16.6016227336126 16.640796181734 16.6577983809195 16.60535491 16.60535491 16.60535491 16.532194212 16.50535491 16.50535491 16.410765692 16.4052621598529
-9999 -9999 -9999 -9999 -9999 -9999 -9999 -9999 -9999 -9999 -9999 -9999 -9999 -9999 -9999 -9999 -9999 -9999 -9999 -9999 -9999 -9999 -9999 3.72872236055131 3.96480259046348 4.245403110494 4.50321437222882 4.74674249539143 5.22429182203644 -9999 -9999 -9999 -9999 -9999 8.45172900633364 8.06457625550375 9.30066446037661 11.1099083908866 11.0573998767423 11.46364145184 11.7352648565301 9.50918803032058 9.04559252384636 8.83902369282052 14.0062230241534 15.3591478677726 16.1869945833948 16.630303658 16.7 16.7 16.7 16.7 16.7 16.6359827431343 16.6024616145796 16.6 16.5172323059926 16.4984844102787
-9999 -9999 -9999 -9999 -9999 -9999 -9999 -9999 -9999 -9999 -9999 -9999 -9999 -9999 -9999 -9999 -9999 -9999 -9999 -9999 -9999 3.89826547266488 4.11182886525388 4.32403104082735 4.14590960654829 4.41190569696956 4.94287262707112 5.3529214043047 5.64481609446717 6.16792474068525 -9999 -9999 6.74334030064863 7.12883731467272 7.17525666785784 7.27656572696594 9.78309808602017 10.9822281157182 11.3590016376319 11.3222977713999 9.71276926258683 8.92305107562542 9.86424146303206 7.0184677319814 13.1308491229332 15.3328798327706 15.8961814366082 16.5892373396684 16.7073547131415 16.71964059 16.71964059 16.71964059 16.71964059 16.71964059 16.639337052 16.61964059 16.6010627095084 16.51964059
-9999 -9999 -9999 -9999 -9999 -9999 -9999 -9999 -9999 -9999 -9999 -9999 -9999 -9999 -9999 -9999 -9999 -9999 -9999 4.170175963235 4.291013838 4.39815667800001 4.58105327351488 4.77464437579399 4.9281657186908 5.18023875110321 5.51025842065538 5.81837408999892 5.89748782689792 6.48935341869271 6.99651202792319 7.00733198809975 7.37217178073004 7.40887985924297 6.66523370773561 8.15214430167258 10.0360857563767 10.2730504916788 11.0237749042608 10.5560396647668 7.447258203343 7.94434902143889 9.29160510439629 4.52783957004539 12.2171192754947 14.688974148 15.4182711985237 16.3278792771394 16.737446498 16.8119425541307 16.82678343 16.82678343 16.82678343 16.8071884856637 16.7412045038877 16.7033622905608 16.6307450189906 16.6
-9999 -9999 -9999 -9999 -9999 -9999 -9999 -9999 -9999 -9999 -9999 -9999 -9999 -9999 -9999 -9999 -9999 4.39982560606725 4.23781441901002 4.24249303567903 4.29741117231559 4.5409188720944 4.63300604430623 4.72992419558468 5.01867376359943 5.3529323923504 5.56871860393508 6.09834801430327 6.13922316467134 6.57301924711846 7.04915452733157 6.77336380809369 6.44269785935975 6.97294383067199 7.71224103344019 8.74392448774496 9.40806594312316 10.0377240930232 10.9730089611786 10.0898157297562 7.62983376998864 8.56251623291434 8.54321781561167 6.62112945522716 11.6174307254387 14.326934872789 15.2023685703512 16.1200236603341 16.737446498 16.844589338 16.9175507983852 16.93392627 16.93392627 16.860765572 16.8066822748786 16.7422209163055 16.73392627 16.63392627
-9999 -9999 -9999 -9999 -9999 -9999 -9999 -9999 -9999 -9999 -9999 -9999 -9999 -9999 -9999 -9999 -9999 3.71358773309063 3.71603329257749 3.93565296976977 4.12744174565401 4.55208209540327 4.70134222065982 4.67479265192666 4.94621157200005 5.47799075467014 5.99603996594739 6.4482162518751 6.322659668158 6.59382661881888 6.8584903580298 6.01771876542282 6.83774502090258 7.09664276479607 7.46408390030969 9.06259654632541 10.3286341613837 10.998884241292 10.7960342669873 9.1710701045212 7.81687644749825 8.5233378895084 8.69070600797959 8.26458719110243 10.4361031005093 14.0131839500185 15.3442174340001 16.171056496 16.7117563314548 16.8629017822715 16.9715553429118 17.0241794459049 17.0139561632783 16.9568857495384 16.860765572 16.8051556608282 16.8 16.74106911
-9999 -9999 -9999 -9999 -9999 -9999 -9999 -9999 -9999 -9999 -9999 -9999 -9999 -9999 -9999 -9999 -9999 -9999 4.02271362671118 4.34214345627902 4.43758372430987 4.77120707200006 5.06952178120864 5.19572435463205 5.40249471767786 5.82242147632972 6.31318331096929 6.44573593545554 6.06666401361962 6.60737424799994 6.23379500966243 6.5566219087226 7.18883360229756 7.3666047614917 8.52602431098238 10.0435735556967 10.8872476715002 10.771486136456 9.74819121840505 8.94434804550607 8.44012318772771 8.30695007324055 9.75091483776611 9.25745572845597 8.62440891928532 13.6598637480001 15.1553637980188 15.9295057937726 16.6627884197851 16.9158932366581 17.0249410917913 17.0787021737594 17.06581063869 17.0129397508606 16.9584123635888 16.9029251760382 16.8508205935124 16.8473768910631
-9999 -9999 -9999 -9999 -9999 -9999 -9999 -9999 5.57891569602512 5.11730839626169 4.8903005679356 5.06150845352542 -9999 -9999 -9999 4.39627475875387 4.2885944440643 4.28598648749003 4.22533735786917 4.28789149785363 4.44627656399999 4.78761230188476 5.08204615600001 5.355207334 5.5080548656386 5.33772741956569 5.20802558337263 5.570787205645 6.01181275958489 6.20553740403046 6.56319901261041 7.01442997932179 7.21590665228296 8.22763974100299 9.47834606045487 10.2922199352639 10.5131076811585 9.67388463399994 8.72413843060875 8.76626371363228 8.24264143069566 9.19326076487619 10.6675724157816 8.61278162096099 9.1407999059708 13.6205091560842 15.1136930478339 15.7383714492554 16.6012617029908 16.9752617935877 17.051732178 17.1 17.1 17.0673372527404 17.05535479 17.0069490310955 16.9577704449865 16.953622732
-9999 -9999 -9999 -9999 -9999 -9999 -9999 4.83578291693139 5.4379734800984 5.36743147089499 4.93169455417086 4.70857065535123 4.45418318407816 4.3672242257538 4.25609618440543 4.53896330771776 3.88035216510214 3.53601039106277 3.45672736334555 3.34661466166457 3.55412638283611 4.41164651347138 4.74830411118604 5.01483544309932 5.2362867998462 5.29083577963087 5.44806674035815 6.04493076224055 6.85803198305167 7.32647384454492 7.3903005463858 7.10042817414527 7.02109482366968 8.35646624661917 9.85892433352472 10.464173390184 10.1740760483833 9.05670126309358 8.73554414696864 8.75518602432114 8.24317259199984 9.7755605371744 11.632322435238 10.2713189004164 11.0245651127248 13.7897225196326 15.0150275636932 15.7859878259467 16.5387223122321 16.9932369289654 17.114229808 17.16249763 17.16249763 17.16249763 17.16249763 17.075051252 17.06249763 16.9993504372002
-9999 -9999 -9999 -9999 -9999 -9999 -9999 4.65511461435529 4.41968513956999 4.19797797261417 4.04178888401949 3.79655340399997 3.86188903750608 4.01287573009714 4.1621052847918 4.32200481645945 3.8312429442718 3.77354018294155 4.50589342306782 4.96097077745919 5.44114477468007 5.85566172607183 5.58931116312655 5.4787902983898 5.52394687226125 6.12595553308374 6.56051203330779 7.14252396800008 7.55060715470612 7.98341746715082 7.05682156762782 7.29839150681325 8.08018333224105 9.33368274806283 10.3680354259429 10.4387365418586 9.46543043266183 8.87967519369825 9.17602546680326 8.88564011168154 8.19261293357287 9.91270098064601 11.9960397835134 9.95701987340706 10.7355901601838 12.935567177783 14.8974413194448 15.533563726 16.3243508596173 16.9505904305531 17.1877587099004 17.26964047 17.26964047 17.26964047 17.2137167087102 17.1734516906372 17.1037680940155 17.0684342566681
-9999 -9999 -9999 -9999 -9999 -9999 5.09123603559954 4.7726943690733 4.03174276511341 3.24777649976667 3.12611143161332 3.40942430268338 3.86423330872675 3.65844738159654 3.66000475535328 4.21402690308984 3.63628618901642 3.05567464057629 3.24249094400007 4.21813793201038 5.51165040042357 6.64800327785102 7.19332794981695 7.2410927544302 7.02501252238307 6.68817437634572 6.5756277867498 7.49719877038052 7.45638382078297 8.38707149442138 8.54018436096932 8.41426878404986 9.39235868310992 10.3170876483395 10.4071312296891 10.0558139074206 9.5721603566012 9.20467949736561 8.8679287955655 8.47770059311721 8.57065909964149 10.5583942862167 11.8138042463654 9.85952478856537 10.0385157672349 12.8455956615585 14.467510697367 15.1747968209905 16.1602351720001 16.8912218736235 17.203464356 17.3452061875835 17.3260926134365 17.3 17.2813561765235 17.2096390864965 17.1780395144835 17.0995978734635
-9999 -9999 -9999 -9999 10.4491868401301 7.33325664621032 5.79838532069899 5.72556612318899 4.96285189944896 4.65813305549983 4.66759875439965 4.92152696717436 5.21000317392358 5.18861167319056 5.57545146625382 4.41665946632102 2.4657634231417 3.36017410446172 6.10065154110433 7.15505070780135 7.86846540887893 8.46936012876361 8.89219976139168 8.92437803876468 8.91644549550948 8.93508084391035 8.8696281819999 8.94521434020019 9.15143610696811 9.67809106579655 9.86309980137341 10.0037467756699 10.379854571492 10.5267285164347 10.1446120609919 9.50743887365003 9.14900430472931 8.86922906334198 8.92771349150091 9.10283965826912 9.87775973589992 11.1754214682814 11.8542643927842 10.9049060968385 10.0745179469555 12.4904858589731 14.190550590856 15.0445431234686 16.1055910779189 16.8692754313878 17.2439736806935 17.358875018 17.3893883885319 17.38392615 17.3165304822428 17.2859440003698 17.2045410610175 17.18392615
-9999 -9999 -9999 11.178537870162 8.90172694399932 6.91041986081548 7.96827503070588 7.82218530622712 7.51228551541276 7.63220862780671 7.70289378560614 7.46072077734638 7.5551952860001 7.27603801426837 6.06656057761382 3.13198381816495 3.37273592007942 7.22466068805987 8.51957374688371 8.75592275714232 8.52292935134988 8.70016023152284 9.16089065512609 9.63038610077217 9.80653617363142 9.91717814012332 9.93924198012204 10.0093100127347 10.1311062387747 10.174939508 10.2828750088967 10.3718421166056 10.2355603700304 9.95710418167844 9.88379770859179 9.48195783301033 9.04795813715035 9.57034081066648 9.87830616160516 10.1081276506223 10.6480684822179 11.1598004853877 11.7769509740471 10.8828761673682 9.06116415184926 11.2862927153115 14.3442637060001 15.0498948063581 15.939908909114 16.9684598884715 17.251732178 17.358875018 17.4 17.4 17.319696462 17.3 17.2915522274815 17.2
-9999 -9999 11.9278050497297 9.58290710128046 6.85055224606002 7.7894521362042 9.43889186665517 9.86621824791977 9.81065355767572 9.65027837198939 9.5059783475938 9.18005185852825 8.20849830845349 6.61603452526743 6.11550616816235 5.45702852800008 5.58827104953572 5.96172383860413 5.98713096120673 5.72952490893737 6.08256781901196 5.91799464100589 7.11669692729451 8.85693236609644 9.70105848377081 9.94680227976337 10.0788680456413 10.185658688 10.1999032546027 10.2000309807248 10.1845135345403 9.94393910690639 9.6336074525458 9.82262439114856 10.1693083019953 10.3292700283447 10.3758287264211 10.5021912433088 10.264510207469 10.460920108055 11.232757809799 11.5672916043782 12.7177722941333 11.7628401061015 10.631684634107 11.8169353700318 14.6867330563977 15.1794918970788 15.9367901772165 16.8150978765041 17.3025392967127 17.457086848 17.49821183 17.4263593696534 17.3985640362245 17.3123291418975 17.3 17.2965107441415
-9999 -9999 11.5467209956217 7.89228408674018 7.01517928658595 9.65269552506303 10.3120536601038 10.216174554 9.99634862206134 9.71801811599998 9.38244928803759 8.61477388799993 7.53288009211833 7.27526581125276 6.69526737296697 5.59118485928112 4.3999324105435 3.44137194200002 3.20425636631963 4.45618568917262 5.4263770686781 6.16778523078516 7.3875222486457 8.03476551325751 8.18036688972123 8.63400624939999 8.93269863535747 9.15213067734257 9.27823598418191 9.29829594938509 9.54180667640634 9.89088935571022 9.82838454400001 10.2564245923847 10.823049554 10.7996995737814 10.6381774257331 10.7815455506673 10.7087731730172 11.292407508006 11.9827960041435 12.0852803743599 12.7106075226852 12.9536425606346 12.1890823672792 12.9437020705498 14.8113216612537 15.6429182982324 15.9545100375778 16.438039114095 17.255196534 17.4620275809264 17.50535467 17.5014371560524 17.5 17.412553622 17.4 17.3052619240099
-9999 -9999 10.956830929652 8.13306438407281 8.91517036897409 10.530304378 10.525105564 10.2941019431273 9.92324925749581 9.57489871470883 9.05012447916212 8.13911219140783 7.797162199326 6.90051658053796 6.01828439831572 5.66542836869925 4.3991468950347 4.15436535165768 3.62514594312954 4.1288406598765 5.38856935946065 6.52245878874481 7.57768788864093 8.28702771075071 8.4792386907537 8.64873739261005 8.60204956739979 8.90289521235362 9.11550680206701 9.33277134843933 9.82710820674702 10.4505694244146 10.9790662084604 11.1507339820488 11.1170534552165 11.2332722790915 11.2512993997744 11.1771099152561 11.405338634802 11.855151222 11.9725434426859 11.8328976934876 11.8243188369725 12.3449673057366 11.5030693443733 13.319281537586 14.7766182737282 15.4572056466889 15.8013841134966 16.4918351140491 17.2556294922375 17.522889634738 17.6 17.5359825675486 17.5024615673081 17.4234822418352 17.4006762130215 17.3984844061217
-9999 -9999 10.1036919138406 8.78651870542062 10.2046328092286 10.4755505216181 10.5177507993195 10.1136211427179 9.37752495139411 9.16612254595033 8.70689287317855 7.50411416687961 7.15284862002497 6.98898015267226 6.08602103175158 5.40221070404946 5.91005660472146 4.44103756615809 3.40381344601637 2.81952932600002 3.47515063417448 5.06047897072198 6.6425363616181 7.90486342025717 8.7242227453527 9.30161360142336 9.76085095499636 10.0656990229256 10.1725127410046 10.3889220713647 11.121195134697 11.5815193837631 11.7599688545647 11.9178034484299 11.7322872612542 11.5341664078272 11.4047098760827 11.3017338054692 11.3050698619157 11.5548078448541 11.6582949557503 11.8014886335151 11.9903388604572 11.9897363997318 12.4117227950145 12.5755512774375 14.1477468474363 15.239069865482 15.7836000380001 16.5602250920001 17.2972611783564 17.5669521084023 17.6 17.6 17.5354683579256 17.5024655752985 17.4239884354775 17.4
-9999 -9999 11.2957271868773 11.105766366 10.4062030701884 10.4008555768956 10.3873627505334 9.58626751999983 9.01552660963847 8.83494212168265 7.27781351316352 5.51140394799985 5.00953626205662 4.56173046420201 6.71284544053957 7.60829288080824 7.03041600804089 4.60299130057692 4.67960303569488 4.42573638741593 4.65399715638804 5.56256482156861 6.73396660258943 7.86854971498562 8.64383628070422 9.20163618876011 9.91182416084435 10.4439585537457 10.777022237857 11.0253120729444 11.3771809132941 11.6725588322384 11.7439220417016 12.0736202272086 11.6046927500254 12.0021577006447 12.071585936 11.8752777425081 11.5139192824869 11.4640026181819 11.2232055991221 11.3394058950674 11.9403676370245 11.5403944526825 12.1144096707329 10.6901752579278 14.1683113407667 15.3040093197009 16.0480426315385 16.8845519077675 17.4949073864751 17.62678319 17.62678319 17.6071884212493 17.6 17.5359745515679 17.5014491800235 17.4263192896149
-9999 -9999 12.1065670572391 11.4474744223127 10.9874287663483 10.7710453893988 9.82069950511005 8.65510321326548 8.60595010954183 8.64188453375619 8.22623062257778 6.94430914952343 4.98769028322581 2.18692925849156 6.34580481902811 8.55779461592076 9.43675648196657 7.80736505733376 8.73579641093488 9.17534779599991 8.0460353208941 7.05912642574697 7.40759073795949 8.23749355597288 9.20442958977703 9.953275901163 10.5086324500001 11.0474564176749 11.11066854 11.2473807606384 11.6429294964174 11.9949351403324 12.118425205263 12.7206084749467 12.4944817818889 12.3107433424366 12.1144031599024 11.8743928135332 11.5400321448012 11.4793182096134 11.1748784914461 10.92310546357 11.8778888235917 11.8999833669124 11.5114924616867 11.2742603419135 14.7813969981259 15.5121068755833 16.2222073777093 17.1648500338134 17.6198397117721 17.7 17.7 17.6516598223517 17.63392603 17.6042589455658 17.5375011484754 17.4988555605167
-9999 -9999 11.4342496351668 11.2554606147719 11.2948215237936 10.7542026287896 9.37408883423224 8.54115340914124 8.25571010483617 8.22334356051149 7.88816055837983 6.31613225894559 5.98221180641715 4.80819713184822 7.33824770318768 9.4685372149676 10.8536444521632 12.1919703575399 12.1382601835615 11.9067690145577 11.5580058909962 10.6768709917973 9.1350510571995 8.14983069343884 8.97920824563772 10.3978422349168 11.3021443737861 12.192177155569 12.5719284407351 12.5562436502211 12.8598216192831 13.353979693493 13.2400288108006 13.0443079627455 12.8050093561484 12.3195766967105 12.3412563750074 12.4190873169789 11.8258935284031 10.979049013108 10.7481052507676 11.1720289243898 12.2304773347617 12.5935723838634 10.9797117502007 12.21623619807 15.3000969882355 16.1460407755463 16.7194328812506 17.3996310289717 17.692801048 17.74106887 17.7139560817212 17.7 17.7 17.612553622 17.6 17.54106887
