catData/variables/futureClimate2070/rcp45/HadGEM2_ES_2070_rcp45/bio17.asc
NCOLS 409 
NROWS 350 
XLLCORNER 60.897278365 
YLLCORNER 5.843756025 
CELLSIZE 0.0892857 
NODATA_value -9999 
[rows 81 to 107 of 350, columns 122 to 182 of 409]
6 6 6 6 6 6 6 6 6 6 6 6.42206405713019 7.50648984938965 7.69640230000003 7.69640230000003 7.69640230000003 8.55700332120856 9 9 9 8.34128185302704 8.2983406690182 8 8 8 7.69697062000004 7 7.13537001870983 7.6638567633356 8.58874298000008 9.66017138000016 10.7315997799999 10.4407693284831 11.1780542800001 12.2494826799999 13.3156547776529 14.0269418003019 14.4151405817434 15.2315985800002 16 15.62554462 14.1082324399997 12.4826878199999 12.5887405800001 13.6601689800001 14.222111281894 15.1066234800001 16.7870237821973 17 18.0346219600003 20.0887393800004 20.9370853592442 21.0703877600004 23.121246994469 25.166186723486 27.4989581600005 29.4847609006048 31.0710754373504 32.4677870353052 33.6423880800001 34.1545891512141
6 6 6 6 6 6 6 6 6 6 6 6.60606355999998 8 8 8 8 8.153272084381 8.79391591399089 9 8.32856354926519 8.01256328910658 8 8 8 7.82216965740576 7.16181518096598 6.71247982066213 6.2321693 6.35227386391843 7.05308158000009 8.12450998000017 9.75768315119712 10.0457308095691 10.8744565800001 11.9458849799999 13.0173133800002 14.0681386630567 14.9280008799999 15.6437722803991 15.4648427181724 15.62554462 14.4505956949159 13.2505185199999 13.3565712800001 13.9211016699683 14 14.8030257800001 16.0774755948532 16.9584469835191 18.0213300581091 19.2527718597371 19.4271525586348 19.3397083459867 20.0698854846218 22.2526161475009 25.3561013600006 27.4989581600005 29.9571792777328 31.1532704127621 31.4020231943901 31.4643386
6 6 6 6 6 6 6 6 6 6 6 6.3517413810458 7.4750100136527 8 8 8 8 8.11759839285517 8.16074090000002 8.02017957654169 8 8 8 7.86557370466455 6.92913991999982 6.16074090000002 6.1005502194308 6 6 6.58874298000008 7.66017138000016 8.84919778707693 9.83468960762156 10.8744565800001 11.9458849799999 13.0173133800002 14.0887417800001 15.1601701799999 15.962772635812 15.8879679294895 15.939809705209 15.0191633000923 13.9168467746058 13.9338937906957 14 14 14.8030257800001 15.140560551902 15.3127829172035 16.3387927800002 17.3214818 17.1870595331082 16.6765919015905 17.8788225162893 20.0300266780257 23.1224054713722 26.1953604600005 27.9387476898354 29.0362735097812 29.3214818 28.6475371208222
6 5.4638347561011 5.08931249999995 5.75557564594872 6 6 6 6 6 6 6 6.02706452585124 6.46377268000001 7.49537765619891 8 8 8 8 8 8 8 7.98423073560105 7.08931249999995 7.07500708644871 6.7683990199998 6 6 6 6 6.05258210740123 6.74948388000011 7.82091227999988 8.89234068000009 9.96376908000009 11.8966031077236 12.1223929587491 14.0079257502263 14.2494826799999 15.3002264318239 16 16 15.5142932248986 14.9106875 14.3745288130512 14.6012076379739 14.9106875 14.9824077399763 15.7963544910492 15.0492840579263 15.9857811938024 15.1786249999999 15.1643200151487 15.3209086800002 16.6953616600006 18.8382184599999 21.060720821503 24.2447721605483 26.6780506800002 27.1482736276762 26.512370596651 24.7336107656259
5.0178841 5.0073548758277 5 5.73160457999998 6 6 6 6 6 6 6 6 6.00669688330514 6.46377268000021 7.0178841 7.59610029874965 8 8 8 7.14117993184405 7.0178841 7.0175744228589 7 6.84269196243801 6.01374212491358 5.70239002773489 5.0178841 5.0178841 5.0178841 5.59609794167146 6.01180657097706 6.74948387999993 7.82091228000014 9.75115839107791 10.9628012815707 12.0346267600004 14.0871547131324 14.9849803995161 15.0041419321646 15.3154917151871 16 15.5541162199998 15 14.9894709045932 14.9939224280552 15 16.577328773296 16.1210552720007 15.983083741351 15.0345758974053 15.9821159 15.9821159 15.9862577892427 16.6060491600006 18.7489059599999 20.8917627600005 23.5611809598372 25.6066222800002 26.0178841 24.5677780577816 23.2183834695697
5 5 5 5.6924313248871 5.98945353879103 6 6 6 6 6 6 6 6 6 6 6.55722142074978 6.98180424292847 7 7 6.95317770603719 6.051215197641 6 6 5.83982742000003 5 5 5 5.02387466338778 5.54315963293421 6 6 6.03917299810024 7.61660307822189 8.82763441454365 9.94298742913452 11.9646961128129 13.1727319435094 14.955031900169 15.2191977961531 15.9464557 15.9665056512033 16 16 15.9684762977623 15.9818039859158 16.7315973800001 17 17 16.0541174200001 15.9291447199998 14.9559586759691 15.2137120800001 16.2851404800002 17.6433682209817 19.394502802697 20.9214326536254 23.0069205699472 25.0608849125377 24.5897302548184 23.2148607199999 22.1004349952342
5 5 5 5 5.80303298000019 6 6 6 6 6 6 6 6 6 5.93534950025355 5.87502729999999 6.45269738024434 6.75005459999998 6.85041149976517 6.10985181976969 6 6 6 5.85984461978859 5.09602890020674 5 5.04679699980261 5.51513528019288 6 6 6.08250339982135 6.76514248017393 7.70267158016942 7.98431049983538 9.77356016015977 11.0324630601556 12.9637690800001 14.055214379854 15 15.0378700998635 15.4526313801319 16 16 15.4112594199999 15.5776658801133 16.6066246800001 16.9753835998962 17 16.0541174200001 15.1076617199998 14.3024514600008 16.2851404800001 17.3565688800002 18.4279972800003 19.87387866 21.5151310800619 22.5173097800002 23 22.9174972000476 22.0520029200428 20.3447198399233
5 5 5 5 5.80303298000019 6 6 6 6 6 6 6 6 5.91242699241052 5.3878835439207 5 5 5 5.6453144907545 5.97534360557691 6 6 6 6 5.81388570723292 5.1964011 5.57085888000003 6.10882856377316 6.10160115255806 6.1964011 6.72691409477961 7 7.15771561788302 7.89911344578588 9.13165783054537 11.0173133800002 12.0887417800001 13.3203403599999 15 15.3030269800001 16 16 15.8983993188046 15.2148583199999 14.9332568138579 15.7315973800001 16.8030257800001 16.8282562371483 16.2292610783657 16.1824900155139 15.5528524481554 17.3880260081767 18.6243983800002 19.6363124191612 20.8717640828297 22 22.3141093603346 22.722826626164 22.0137748775044 20.4313799576527 20
5 5 5 5 5.80303298000019 6 6 6 6 6 6 6 5.89970851722069 5.40570403543698 5 5 5 5 5 5.64025306861625 5.98550704404169 6 6 6 6 6.08116020733069 6.54199644001149 6.67353529264616 6.64659197469596 7 7 7.19594400327746 7.85578304406478 8.23420526859312 9.65292765749808 10.7494838800002 11.8209122800002 13.0525108599999 14.7321705 15.0351974800001 15.7321705 15.7321705 15.3534097825133 14.568941515171 14.7511857521712 15.9275407404868 17.0708552800001 16.1591706941972 16.9458825799999 17.004636391118 17.3565688800004 18.5452674035666 20.2936244690916 21.2678295 21.541992925593 21.8805798129352 21.2148607199998 21.1632272276199 20.3208199250376 19.928113217696 20
5 5 5 5 5.80303298000019 6 6 6 6 6 6 5.89719407468394 5.41332049430038 5 5 5 5 5 5 5.29666711719101 5.96424551382466 6 6 6 6.07857246211281 6.53948216890288 7 7 7 7 7.22396835601896 7.82265667499669 8 8.5777902770281 8.98164105195631 9.67805548000018 10.7494838800001 11.9267434610905 13.4000558478938 13.9637690800001 14.6607421 14.8120116948469 15 15 15.2239675418 16.5542524692158 17.8030257800001 16.8444226175055 17.3035002422626 17.0173109800002 18.0887393800004 19.1601677800001 20.4631923600004 22 21.8729638683565 21.0635919393717 19.8041744199998 19.3214842 19.1092510751619 19.7315949800001 20.2724320255497
4.8017696820905 5 5 5 5.47323833666594 5.5893137 5.5893137 5.5893137 5.5893137 5.5893137 5.5893137 5.41073292051062 5 5 5 5 5 5 5 5.87445898000017 6 6 6 6 6.2316009800002 7 7 7 7 7.24178867610721 7.799734338582 8 8 8 8.55742297733817 9.01020301202742 9.67805548000013 10.7494838799999 11.8209122800002 12.8923406800001 13.7430973945273 14.2627654201619 14.8017667251492 15.2417876904601 15.7997329242291 16.7315973800001 17.4732340936073 17.9484400517039 18 17.4208878976745 18.0522953323637 18.8152601929475 20.368078981742 21.4648656564306 20.4966090022397 18.4654920399995 17.0523970595019 16.7679411 17.6992290501243 19.210678415435 21.0519184814915
4.26791210230712 4.80172925933044 5 5 5 5 5 5 5 5 5 5 5 5 5 5 5 5 5.38715284716759 6.35657368000015 6.48211469999998 6.47376650791991 6 6.07722155535491 6.60205744300768 7 7 7 7 7.30490133482025 7.51788530000002 7.87060030845474 8 8 8 8.51788530000002 8.60662708000014 9.67805547999997 10.8611409599174 12.1569332184455 12.89234068 13.7328524248296 14.267908373533 14.8227853918955 15.3540477697421 15.8967688286206 16.422921133017 17.3923394800004 17.9739091962919 18 17.9572174404329 17.6837823775914 18.6735961571583 18.7685166199998 17.1287115461169 14.8768591077539 14.0357706 14.0357706 15.0378277473338 17.0168458600003 19.9627260400003
4 4.26285050874074 4.81189286922338 5 5 5 5 5 5 5 5 5 5 5 5 5 5.36543464072003 5.55354310000001 6.35657368000018 6.94395134538804 7 6.99226925054002 6.60266682850425 7.08993392706363 7 7 7 7 7 7 7 7.32662776981944 7.44645689999999 7.93050630610868 8 8 8.08874178000012 9.16017017999994 10.3349973640714 11.6141953938929 12.37445538 13.1990678901791 13.4464569 13.4464569 14.1066258800001 14.0414862183229 15.1404489596413 16.3209110800004 16.8687527044307 16.8833314264666 16.2997523914971 15.8042540305386 15.2111722325745 14.4828030199996 13.4514733667069 12.6938469813173 12.4464569 12.7723488572457 13.2947359247905 14.9096468600003 17.8555270400002
4 4 4.24758488252115 4.83226051176946 5 5 5 5 5 5 5 5 5 5 5 5.36794908325674 5.8725554824528 6.45723051183784 6.92613085387159 7 7.59115265470963 7.6249715 7.65825309670918 7.83982742000003 7 7 7 7.27866615474398 7.30166463096546 7 7 7 7 7.87445658000014 8 8 8.03328069664078 8.63530047764978 10.2315985800002 11.3030269800001 12.1404314394783 12.3750285 12.3750285 12.3750285 13.0351974800001 13.1006586319746 13.6023151074695 14.6245111800004 14.750057 14.7327460199998 13.750057 13.5898892199999 12.5184608199998 11.6364141462994 11.6090509405901 12 12 12.2207935965382 12.7876137977527 14.9204159720434 17.5321749136665
4 4 4 4.73160457999998 5 5 5 5 5 5 5 5 5 5 5.36025949314028 5.87514305624257 6 6.73160217999996 7.55923041560906 7.6963999 7.98357140315672 8.68434119253943 8 7.83982742000003 7 7.21102962992904 7.6963999 7.83177098883667 7.48268541999988 7 7 7 7 7.87445658000014 8 8 8 8.32034035999989 10.0703133520479 10.6066270800001 11.3036001 11.6141135198037 11.6397438495792 11.713598981038 12.2004273683449 12.8130844422723 13 13.2654843764935 13.9623126341237 13.2862891199998 12.3036001 12.1434323199999 11.0720039199998 10.5146263872098 11.1136839621733 11.3036001 11.6638545790612 12.4099972096783 13.8163064202959 15.5686193981752 17.0468213584704
4 4 4 4.16985787906637 4.84876314787748 5 5 5 5 5 5 5 5 5.34236587037098 5.88793466268547 6.45205536425835 6.76782830000001 6.9376856218543 7.80303058000017 8 8 8.98268421999978 8 7.96281245980802 7.76782830000001 7.83818314630455 8 8 7.87989419452659 7.31577477852961 7 7.56174301535773 7.76782830000001 8.64228488000015 8.04155104381114 8 8.06813845007647 8.96518546297985 10 10.0703542890925 10.5196891378512 11.1035215952051 11.1120664517387 11.1366889013176 11.7390681256262 12.1698562074302 12.8487576195137 13 13.219607166599 12.9826890199998 11.9318633927112 11.1949852742321 10.7684038199998 10.0703537318805 10.2321717 10.2321717 11.1466865689512 13.4928378517895 15.8559897600007 16.1437729204361 16.8030233800001
4 4 4 4 4.80303298000019 5 5 5 5 5.13442792513737 5.8392567 5.8392567 6.15352491494825 6.75018700178154 6.8392567 6.93389357524097 7 7 6.45513299086012 7.05538215784031 7.95458562111039 8.15795990438069 8.07447914765113 8.70483078907873 8 8 8 8 8.43415972727278 8.74462021054295 8.67851339999999 8.79611316291646 9.51320348035392 9.81907643637593 9.68721202689438 8.8392567 8.92799848000012 9.86500298329478 10 10 10.060191193484 10.1607433 10.1607433 10.6548477763269 11.1061177404029 11.7747413028675 12.8030257800001 13 13 12.9681606640511 11.1464790392188 11 10.9627724657594 10.3306258819401 9.1607433 9.1607433 10.1953628600005 13.4210603021116 16.3203331600007 16.8824010086513 16.9683373280784
4.91068510000002 4.91068510000002 4.91068510000002 4.91068510000002 4.98240791030542 5.79635894929148 5.91068510000002 5.91068510000002 5.91068510000002 6.07086008000002 6.91068510000002 6.91068510000002 6.9441299735307 7 7 7 7 7 6.19696941999983 6.0781022163528 7.03520227999992 8 7.92710817512443 7.16432400203453 7.51114602326315 8.91068510000002 8.91068510000002 8.91068510000002 8.95688899998126 9 9 9.66625701880923 9.9824074815939 10 10 9.91068510000002 9.99942688000014 10.6189559072195 9.3002282759873 10 10 10 10 10.5887405800001 11.6012060535683 11.976027646835 12.8030257800001 13 13 12.0704577915522 11 10.8541375892538 10.0893149 10.0351856798795 9.56967635046344 8.5939424708663 9.12393446000043 11.9081125316735 14.4989629600006 15.1786298 15.9099312271177
4.01788649999999 4.01788649999999 4.01788649999999 4.01788649999999 4.01788649999999 4.89234788000002 5.01788649999999 5.03489491837366 6 6.16017498 7 7 7 7 7 7 7 7 6.19696941999983 6 6.94588737999994 7.01788649999999 7.103456034449 7.98211350000001 7.99039856185755 8.31549574499459 9 9 9 9 9 9.01308575946496 9.80655131645856 10 10 10 10.001587279848 10.0121567321509 9.98625598800118 10 10 10 10.5080592756925 11.5708540800001 11.9939216124608 12.7185116634627 12.996476820614 13 13 11.9656876728434 10.0178865 10.015021659003 10.2274537349266 10.9821135 10.60766052 9.53623211999974 9.5086761413802 11.188006825457 13.3382196600006 14.7363958063904 15.0143632776864
4 4 4 4 4 4.8276410562382 4.99710283601178 5 5 5.16875105276166 6.27274479498859 7 7 6.97612627823849 6.9464581 6.9464581 6.98180505851139 7 7 7 7 7.06993056023902 8 8 8.2316009800002 9 9 9 9 9 9 9 9 9.82763651323943 9.9464581 9.99907300873937 9.95120950351059 10 10.2315985800002 11 11 11.0238734647604 11.0535419 11.6738047692604 12.0717370984897 12.7459681662398 13 12.9531800617398 12.0512198705102 11.9826890199998 10.9160118950096 10.0535419 10.04114180049 10.3030245800003 11 11.0238733362598 11.5708516800002 12.6107579192404 13 13.6532530094808 13.8499208024904
4 4 4 4 4 4 4.94588977999997 5 5.01109068672658 5.42530314469693 7 6.96213002754386 6.87502969999997 6.48486394960898 6 6 6.57767166466141 6.87502969999997 6.97538467249179 7 7 7.87719365822134 8 8 8.20265773604927 8.91289937252739 9 9 9 9 9 9 9.10035467256309 9.01568919886041 9 9.98485027829245 9.202621993131 10 10.2315985800002 11 11 11.3901615502484 11.9396783583283 13.1774811600001 13.5048340509625 13.0670847118844 13 12.1255458199996 12 11.9826890199998 11 11 10.8262891081868 10.5150961073303 11.1249703 11.5708516800003 12.6422800800003 13.0513955130239 12.9174987844474 12.0520070758707 11.0473900927055
4 4 4 4 4 4 4.94588977999997 5.00340126803841 5.26771556705853 6.16017498 7 6.69696822000001 6 6 6 6 6.1296572721661 6.19639869999997 6.84171511802788 7 7.18577105177836 7.01391498331869 7.80360130000003 7.83505898648767 8 8.24351480370617 8.80360130000003 8.80360130000003 8.90520121100308 9 9 9.14368524571225 9.84171318938474 9.29728555551831 9.19639869999997 10 10 10 10.2315985800002 11 11 11.0875709947431 11.5105120007077 12.9810824600001 14.3341139505478 13.4313773887107 13 12.1255458199996 12 11.9860888739676 11.1963987 11.1963987 11.3825096913232 12.0595136335801 12.1963987 12.6422800800002 13.7137084800002 13.6076605199998 12.4065762619041 10.6804943429983 10.1963987
4 4 4 4 4 4 4.94588977999997 5.28050700207352 6 6.16017498 7 6.77812834284525 6.16753651592512 6 6 6 6.48336135100669 6.92811579022306 7 7 7.69255310608794 7.26782710000002 7.26782710000002 7.34220256479817 7.73217289999998 7.73217289999998 7.83246284128983 8 8.37876371625096 8.88985422497877 9 9.5356575325619 9.94724560866771 10 10 10 10 10 10.2315985800002 11 11 11.4458837800002 11.621238040964 12.1299468956126 12.7321729 12.928114504653 13 12.359748347112 12.0144941116581 12 12 12 12 12.3030245800003 13.1002886557198 13.5942893630508 14.5173097800002 14.4112618199998 12.8564773406378 11.5362321199999 11.4828985230977
4.1755034449216 4.33925550000003 4.33925550000003 4.33925550000003 4.33925550000003 4.33925550000003 4.64334865948239 6 6 6.16017498 7 6.8971948019602 6.41332199559594 6.15127015315227 6.33925550000003 6.13952039173538 6 6.73160217999996 7 7 7 8 8 7.89416684871421 7.26068359372956 7 7.37445778000003 8 8 8.58874298000008 9.22396677160766 9.33925550000003 9.86985195328011 10 10 10 10 10.054338614501 10.4922829879429 11 11 11.2946152552743 11.6607445 11.6607445 11.8847104573944 12.7315973800001 13 13 12.0541174200001 11.6666173451754 12.0301053227317 12.2849176997122 12.0785702778441 12.5394773246 13.37445298 14 14.3418095919313 14.2717389856248 13.3398334199997 12.5166026407373 13.1422788800001
4.51731938 5 5 5 5 5 4.83103362764103 6 6 6.09439369453118 6.6844318793517 6.69696822000001 6 6.26276931900027 6.58931610000003 6.48414721753074 6.68180664264817 7.25251274346903 7.08089216958626 7 7 8 8 8 7.8635138137101 7.41068389999997 7.63135789852426 8 7.78754723075871 8.17805908000011 9.24948748000019 9.88977235088952 10 10 10 10.0071103264207 10.3742390796966 10.1601701799999 10.9048861919311 10.8382127039033 11.2569011041656 10.8168827102828 10.5893161 10.8311023774827 11.6601689800001 12.7315973800001 13 12.6408757469862 12.0318922668965 11.4137761984416 11.6780554800004 12.5607049770895 12.6422800800002 13.4106839 13.6313550698069 14 14 13.7582147081586 12.9291495199997 12.5893161 13.7221282534897
4.26791334387363 4.80173024633576 5 5 5 5.42158858717298 5.97197698261769 6 6 6 6.23160338000022 6.69696822000001 6 6 6 6.58874538000011 7.34189588052461 7.87060210968479 7.58412033989404 7.4821123 7.4821123 8 8 8 8 8 8 7.7850327882219 7.24997684198728 7.58874298000008 8.66017138000016 9.37888652738467 9.90503746282468 10 9.54397721675679 10.0089663865475 10.5147129273238 10.4878424522576 10.3979456440804 10.3138678914204 10.8418495644992 10.2869699747084 9.75059743508215 10.1066282800001 11.4963322653367 12.3788852844543 12.5178877 12.0650186359642 12 11.9993806927661 11.9673992868153 12.1601677800001 13.1199408129891 13.5178877 13.5178877 13.5178877 13.2684862921516 12.7308751380575 12.1759955482668 12 13.2188993113146
4 4.58874778000014 5 5 5.44451143787242 5.94395211559185 6 6 6 6 6.10340148291253 6.47890836724688 6.34626174984066 6 6.28635600323108 6.81639155023309 7 7.32663059716123 7.44645929999997 7.93050793591058 8 8 8 8 8 7.83226090487425 7.44645929999997 7.24738926819743 7 7.91463618126943 8.84828035219491 9 9.35851939912311 9.44645929999998 9.02416015394872 10 10.0396195929796 10.3749498335563 9.87180075990769 9.27872153337182 9.10019489316392 9.44645929999997 9.21550046623567 9.58874058000005 10.9549075606927 11.8514282258434 11.5554925476207 11.4464593 11.4464593 12.0077286480132 12.4559616370456 12.5363897098827 12.4464593 12.4464593 12.4464593 12.6932727912023 12.769042237738 12.227650155726 12 12.4049675973458 12.4675518322368
