catData/variables/futureClimate2070/rcp45/HadGEM2_ES_2070_rcp45/bio11.asc
NCOLS 409 
NROWS 350 
XLLCORNER 60.897278365 
YLLCORNER 5.843756025 
CELLSIZE 0.0892857 
NODATA_value -9999 
[rows 104 to 129 of 350, columns 232 to 289 of 409]
19.33392555 19.363386282634 19.3658196751216 19.3139526091228 19.2563804906328 19.160767012 18.9475067842881 18.3224402112976 17.8304985693107 17.9016524117672 18.0878892369993 17.9899868764553 17.9225884967112 17.8542363550339 17.6254351617014 17.3605767880001 17.4501700162998 17.5777447558088 16.8146449213839 16.2632974751644 15.9510471534456 16.1401816668245 15.038331580596 14.6648322719795 15.7729953757837 16.3555702570018 16.2524419892565 16.439757533976 16.7745465346064 17.230958695197 17.6690200565106 18.1019505555505 17.9916525176919 16.0802626383663 16.4500909428324 17.1201214324866 16.4441861133082 16.278673339344 16.6688541405339 14.3154010324771 13.4252192640218 12.7602139978615 12.2283644286537 13.1900284972259 14.9650133163023 15.0146590769336 14.4068348997866 13.3016712078834 10.5743372265992 7.88744106378615 11.365710183652 11.0225055417049 6.43139085925055 -1.06121775698764 -3.77114565579539 -5.6957344942361 -1.9823518368234 -0.672275811364461
19.44106839 19.4227571538489 19.4 19.3653052769276 19.3139568056841 19.226841462 19.1526771050924 19.0020918864806 18.7760663697379 18.23388907 18.2495756120635 18.4484368518648 18.683216386578 18.8767700267587 19.078512488 19.1673441904131 19.1787554130248 19.0548478650903 18.8772173497517 18.57759342056 18.3928332230565 18.0448023353322 17.1062980748771 16.9732472882966 17.6416616468141 18.1981626299999 18.2403421897159 18.4641710612614 18.707915455462 18.8350255788862 18.8634708755337 18.9104572704014 18.9471391663752 18.1780987892137 16.7022284276412 15.4236094081891 14.0777751045172 13.2710078677458 12.9827268068276 12.2665358487166 12.2056339864638 13.0822717855897 13.0579829829297 13.064013207045 14.7563178987661 15.7824688331165 14.2783994410366 12.6028498902814 9.80413076779985 10.8595546649194 12.7922496362315 9.64824591572239 6.97546696790477 3.55180238404822 2.58518355956593 -1.3036135708721 1.71743008717101 2.50109663746485
19.5301588540848 19.4769088489361 19.423271552043 19.4 19.333984302 19.2621120930198 19.24821123 19.160767012 19.0992257560826 19.04821123 19.04821123 19.04821123 19.0602046898337 19.1146086091873 19.1495508075836 19.15178877 19.100058992 19.05178877 19.0176001762919 18.926841702 18.8612858336662 18.9813905653548 19.0912029367513 18.775075444 18.6037314680671 18.947454495823 19.4176600841625 19.4718670440787 19.369711222 19.2394774795221 18.9484481579999 18.75536631 18.853208276585 18.9009602812118 18.4870043230147 16.9553066849549 16.4374727166442 14.5387825643785 12.0009364195248 11.2143014811945 11.3886508494271 11.9001715284927 11.1885507120285 11.6613766968594 13.7901842404749 14.9472011531426 14.1514404539988 12.8199461125258 9.90532419804121 12.2396270758829 12.5478255434646 9.2396936041384 8.84882194318425 7.35884202450215 4.98965178863781 3.96071726453931 6.70919496996117 7.40415862654636
19.617909732 19.5306732522788 19.4769046523747 19.4227655469717 19.3705266776819 19.35535407 19.3109039890109 19.2609597156427 19.25535407 19.15535407 19.15535407 19.15535407 19.15535407 19.1688823484358 19.162555902 19.1 19.048270222 19 19 18.9673377974857 18.875052932 19.0302420260001 19.244527706 19.4557244984003 19.4441305965219 19.1875469325202 19.5255658457565 19.154134972571 18.7889783232639 18.7359835021081 18.6556540426751 18.2611740586985 18.0145911461057 18.042847008 18.1671873131582 17.9568648096587 17.7002406951607 16.4158048277509 15.4993702139992 13.3864648681952 12.9242136450106 12.860647412135 11.5335209599271 11.0124558124391 11.8952075168731 13.1698642703113 14.7297305252548 13.6949499789307 11.788897948031 13.0277163421063 13.7668879702531 10.2907899412099 10.3919411565348 7.93803547201638 5.69677624905863 7.31011895907483 9.75359308867442 11.3702788109134
19.62346030622 19.555412822 19.5 19.441127142 19.4 19.4 19.3698845019374 19.3078469757763 19.3 19.2614157772038 19.2 19.2 19.2 19.2 19.1859573062274 19.1346314514864 19.0805997347998 19.06249691 19.06249691 19.06249691 19.0323815019448 19.145231991769 19.2925567074827 19.503459316 19.7077626132695 19.7674725472479 19.5901254569868 19.2552941498455 18.9251467959999 18.5535761512265 18.2021592888072 17.9697561407482 17.8297172148988 17.918854863666 18.0528181441432 18.0203318257615 17.7642210872773 17.3129410901099 17.2698210972359 16.496827263985 16.2292173716331 16.5218718774272 15.8970485764219 14.8629557395848 14.0636465253354 13.7834950518708 13.6863257486745 14.0243424355901 15.1387227253144 15.2999946880326 14.3416480552283 13.5273601270793 11.2713584973476 8.66953468329013 9.06999872040314 9.19457229264582 12.559587220265 12.8268862676445
19.6 19.555412822 19.5 19.4821260531291 19.423666582952 19.4 19.4 19.3734517168046 19.3037695592764 19.2994747986424 19.26963975 19.2584865415198 19.2 19.2211017203181 19.243563773763 19.1864632941558 19.16963975 19.16963975 19.16963975 19.16963975 19.2255612617504 19.2658277103308 19.364226568 19.571894536493 19.7115662105741 19.8206356566897 19.7394506912637 19.5575759108173 19.3094597942031 19.0560394881636 18.7986024949393 18.794549378 18.8097465524457 18.7389252612158 18.661917155385 18.4998594114661 18.1086491013583 17.8288579725134 17.9385351531283 17.8727381226284 18.0138789753582 17.9752061522363 18.1776140818646 17.7888467253101 17.1863895386277 16.5412322512284 15.3822649296415 15.296014042787 15.1974727501338 15.953723742571 14.6677174639041 15.3400217436695 12.9840382248442 11.6277379750742 13.1141062318026 12.9240187704689 15.2190826498463 14.095680954505
19.6 19.5896480120763 19.5370629423721 19.5 19.484672864731 19.4206095697175 19.4 19.4 19.3780393349372 19.37678259 19.3699698719597 19.2962815975919 19.27678259 19.283817757305 19.2913064502465 19.27678259 19.27678259 19.27678259 19.27678259 19.3329554260043 19.3722090244441 19.37678259 19.471369408 19.601729658 19.708872498 19.8 19.776841822 19.6556287588335 19.516121322 19.408978482 19.301835642 19.267233821377 19.210767372 19.0866391257261 18.973264282 18.8458192708292 18.6918400847615 18.4852408419323 18.5633880724517 18.5776045688228 18.4198752814129 18.0886908270301 18.1827575947604 18.5541239829 18.5539630936203 18.2597525533791 17.6761369713778 17.1440361716563 16.3115412439978 15.1644972632656 14.5943055871281 15.0266438665409 14.4042364610214 15.3235964494973 15.0598118169406 15.5579589359107 15.3026998382334 14.3321947147567
19.6525001083228 19.6 19.5916846220456 19.5345161307702 19.5 19.4882400795982 19.4165321532176 19.4 19.4 19.4 19.3985737455193 19.38392543 19.38392543 19.38392543 19.38392543 19.38392543 19.38392543 19.4333345278088 19.46785086 19.4796107418228 19.48392543 19.48392543 19.578512248 19.684203465086 19.7014262159018 19.71607457 19.7123519924667 19.669698982 19.562556142 19.455413302 19.3916846992035 19.3345165336123 19.2893883375719 19.210767372 19.103624532 19.0698692251246 19.0526464743088 18.935979716507 18.9532024673228 18.9761428835843 19.0047369941825 18.9661467689194 18.9957192761016 18.8825433992138 18.715518615565 18.5233835859999 18.0699251099998 17.5342109099999 17.2967361161546 16.9309489486635 16.6135065131122 14.5309816487761 12.8745733640504 15.5443140245329 16.7185576156309 16.464973206044 16.5872919778535 15.8201927710363
19.6966555728296 19.6504634983536 19.6 19.5947416352802 19.5309489159029 19.5 19.4928276977308 19.4114343334523 19.4 19.4 19.4 19.4145851098151 19.49106827 19.49106827 19.49106827 19.49106827 19.49106827 19.549940888 19.59106827 19.59106827 19.6641971271669 19.68213654 19.6905847791994 19.7 19.7 19.7 19.7 19.669698982 19.5966556157019 19.546481572 19.49106827 19.432195892 19.39106827 19.317910212 19.210767372 19.19106827 19.19106827 19.18213654 19.18213654 19.1835669653126 19.2121578035043 19.2848429236789 19.321823162276 19.3166713258646 19.24640962 19.1234070435886 18.8877590952164 18.5781407284447 18.2003055598431 18.2003692237122 17.926923686 17.5708771239183 16.1712940113331 16.5017552180462 15.4283836255359 13.8321774668535 14.1972923263926 16.393356045038
19.7 19.655412822 19.6 19.6 19.59881905178 19.5263612977704 19.5 19.4984357191286 19.49821111 19.49821111 19.49821111 19.4984976110733 19.5 19.5297592018258 19.59821111 19.59821111 19.6490154991744 19.6974753863761 19.69821111 19.7700606865229 19.7978587190276 19.79821111 19.79821111 19.79821111 19.79821111 19.78248226878 19.7 19.6994579481191 19.6614370814314 19.555413302 19.5 19.441127622 19.4 19.326841942 19.2985635052658 19.29821111 19.29821111 19.29821111 19.2894975669361 19.2 19.223157938 19.3 19.337443618 19.3992023973115 19.39821111 19.3382858142105 19.2940603493201 19.2170691962192 19.0257923631182 18.9013739179827 19.0699791082908 19.0797985016152 19.134749487214 18.8471079730337 17.7000578754372 15.3523115508227 14.5262165457883 15.8680266641452
19.6979952488657 19.6524460472165 19.6 19.6 19.6 19.6 19.6 19.6 19.5104770857918 19.50535395 19.5137516460439 19.6 19.6 19.6016223142027 19.6407933097151 19.702387162367 19.757083728 19.864226568 19.90535395 19.90535395 19.90535395 19.90535395 19.9002898190577 19.8983629470245 19.80535395 19.8044964968111 19.8 19.7713212833532 19.667910092 19.6029668004824 19.5510400355997 19.5022019523181 19.4375192037641 19.4014371041537 19.3239983719285 19.3006722559893 19.3 19.3 19.3 19.3 19.3 19.330300778 19.3645610945859 19.3475532713319 19.4 19.4 19.4 19.4039168329968 19.485654608 19.50535395 19.5898120775133 19.3040689259765 18.892706688223 18.5276741694899 18.3385963178603 18.059367811383 17.9386007951006 17.79699904527
19.6547382122867 19.6 19.6 19.6 19.6 19.6 19.6 19.6 19.6118203460054 19.6002161817203 19.61249679 19.61249679 19.61249679 19.642798048 19.71249679 19.757083728 19.8577620062759 19.958872618 20.0082498131538 20.0216392288686 20.0149585154165 20.01249679 19.917909972 19.91249679 19.9113880125572 19.8859860651577 19.81249679 19.8087101354127 19.7672354223021 19.667910092 19.61249679 19.553624412 19.5042470068385 19.4359843508763 19.4024617554088 19.323483922306 19.3006765039792 19.3002161217357 19.31249679 19.31249679 19.31249679 19.339010943405 19.4 19.4 19.4 19.4 19.4 19.464015439116 19.5577688634011 19.57500642 19.4922403380286 19.4859901237434 19.3922366994582 19.3144981331731 19.32499358 19.2871198527945 19.2655283153649 19.4641788560001
19.6122857005609 19.6 19.6 19.6 19.6 19.6 19.6 19.6 19.6760105097809 19.6210297824334 19.7 19.7 19.7045482276091 19.7439898330435 19.807353882304 19.8554698583485 19.910159536999 19.978512248 20.072689896306 20.173158298 20.135469708389 20.1024659562635 20.023989683084 20.0192999315685 19.9928700277789 19.91963963 19.91963963 19.889338612 19.8122857948311 19.7641699645164 19.71963963 19.660767252 19.553624412 19.51963963 19.439338732 19.4024660033986 19.3239898759489 19.3210293967037 19.4 19.4 19.4 19.4059509606863 19.41963963 19.41963963 19.41963963 19.4080773599237 19.4 19.3856320752287 19.38036037 19.38036037 19.3989367768138 19.4 19.4017424315087 19.4325092291438 19.5045480862037 19.4465907566536 19.27855852 19.3589743877539
19.6725841805915 19.62678247 19.6129278934482 19.6 19.6 19.6 19.6 19.6234197214526 19.62678247 19.7 19.702376338393 19.72678247 19.7437384916467 19.8081154253335 19.8541981136864 19.9119414832938 19.978512248 20.0698875467459 20.1 20.173158298 20.2 20.1359756791746 20.12678247 20.0987335871349 20.02678247 20.02678247 20.0205801379246 19.9778143430555 19.889338612 19.82678247 19.82678247 19.767910092 19.6784477579563 19.6339714050636 19.546481572 19.4627583248967 19.4282323181231 19.42678247 19.4291586798372 19.4492757011827 19.42678247 19.4489679512224 19.5 19.5 19.5 19.4568952746982 19.42678247 19.353624652 19.32678247 19.32678247 19.3960362504011 19.4004631165791 19.4332783424408 19.5042891745394 19.549940168 19.62678247 19.6368107314798 19.68620986754
19.7 19.7 19.6658195509695 19.63392531 19.6115292798048 19.624819260808 19.63392531 19.6917038059665 19.7 19.7005868732592 19.739787944128 19.8 19.8078565650976 19.8539467722896 19.9127030263232 19.963385991064 20.051729778 20.1 20.1223959487744 20.1822644286128 20.2 20.2296656406128 20.23392531 20.13392531 20.1309152875487 20.1 20.0846983056768 20.03392531 20.0091843969024 19.9527244444847 19.9163759038719 19.8611002587409 19.83392531 19.760767252 19.653624412 19.63392531 19.5714275218049 19.5672639095823 19.5397876269695 19.5948512452866 19.5599942177439 19.53392531 19.5466281734817 19.56785062 19.56785062 19.5478780646799 19.53392531 19.4855865085457 19.4406083728415 19.43392531 19.43392531 19.435654488 19.53392531 19.549940168 19.6492266871646 19.7102795514482 19.758665905939 19.8151260126738
19.7 19.7 19.7 19.7 19.6610957278782 19.6841818298764 19.7 19.7 19.73884515486 19.7420876108945 19.8 19.8 19.823158418 19.9124441660873 19.9631346496672 20.0183110305783 20.0715534651763 20.1241778950692 20.1799722806854 20.2 20.2329781918055 20.292600503949 20.3 20.24106815 20.2358394227874 20.1821363 20.1726256647217 20.14106815 20.1256906502308 20.0737242340147 20.0105829762601 19.9579585034944 19.94106815 19.867910092 19.793745345242 19.7462247745125 19.74106815 19.7400489719784 19.6784926277761 19.6505061435307 19.6863525987147 19.64106815 19.6631343667943 19.7183108334511 19.74106815 19.706373709942 19.6821363 19.652091737567 19.5937454866784 19.5821363 19.5821363 19.5831553365852 19.64106815 19.657083008 19.74106815 19.7589248176034 19.8 19.8262754831125
19.7 19.7 19.7 19.7 19.7 19.7 19.7 19.7421577231956 19.7971966909263 19.8 19.8 19.807721268708 19.8602045054139 19.930301258 20.0180521703424 20.0713021237795 20.1249394380986 20.1787005360233 20.2318267058548 20.24821099 20.2897981543889 20.3 20.3 20.3 20.3 20.3 20.2880066088797 20.2336025692421 20.180608196636 20.14821099 20.14821099 20.089338612 20.04821099 20.0103231560266 19.9577081220953 19.9029247437828 19.8508208543391 19.84821099 19.8436161354171 19.79642198 19.79642198 19.79642198 19.79642198 19.8195128651923 19.84821099 19.84821099 19.84821099 19.8103232803202 19.79642198 19.79642198 19.7508209700455 19.74821099 19.7524882777108 19.8047159164111 19.837046434533 19.8146081893451 19.84821099 19.84821099
19.7207268752011 19.7306731192881 19.7 19.7 19.7 19.7 19.7 19.787444218 19.8 19.8009575647981 19.85535383 19.8625041721804 19.9128190713304 19.9688821811588 20.037444098 20.1 20.151729778 20.2 20.266015458 20.3 20.3 20.3 20.3523574264381 20.4097502280511 20.35535383 20.35535383 20.35535383 20.341825585992 20.2899810504972 20.25535383 20.25535383 20.2290695680351 20.1741657084541 20.15535383 20.075052932 20.05535383 20.0131245455889 19.95535383 19.95535383 19.95535383 19.95535383 19.95535383 19.95535383 19.95535383 19.95535383 19.9879418131859 20.01070766 20.01070766 20.01070766 19.962304334771 19.9131246527397 19.8563109962505 19.9146686762387 19.95535383 19.932196132 19.8688818597064 19.9 19.9
19.7140428736465 19.748647154994 19.76249667 19.76249667 19.76249667 19.7167750199293 19.7 19.787444218 19.8 19.801729898 19.9 19.9100092029312 19.9711818479253 20.0189372772181 20.0765394536385 20.127865351505 20.1818970593516 20.2367934257918 20.2872546650648 20.3457215000787 20.36249667 20.36249667 20.397969876491 20.4993513206524 20.4569516542042 20.4100090529392 20.4480235799173 20.4 20.3859573063695 20.36249667 20.36249667 20.36249667 20.296481452 20.26249667 20.2323811592301 20.1703439156265 20.16249667 20.12499334 20.12499334 20.12499334 20.1105203999093 20.06249667 20.06249667 20.06249667 20.0948257586644 20.1470723521922 20.16249667 20.2082178700947 20.22499334 20.137549842 20.12499334 20.0256418393316 20.0569519541882 20.0100087529552 20.039338972 19.96249667 19.96249667 19.96249667
19.76963951 19.7521261034359 19.7663850210581 19.8 19.8 19.726841462 19.7 19.787444218 19.8 19.801729898 19.9 19.916015578 20.016127408819 20.078839120405 20.1 20.144586938 20.2 20.258872618 20.3459728414755 20.3918507277485 20.4 20.4 20.4658697965798 20.5 20.5034850302639 20.5329883521839 20.4929690636841 20.46963951 20.46963951 20.46963951 20.46963951 20.46963951 20.4495969663406 20.43927902 20.3833578681072 20.3430911626689 20.273409390555 20.26963951 20.26963951 20.26963951 20.2626086465493 20.23927902 20.23927902 20.23927902 20.2549842883464 20.26963951 20.26963951 20.2918505820181 20.3 20.2734517255341 20.26963951 20.2380748289138 20.1669459218623 20.1441412093616 20.1626087194145 20.1181778738094 20.06963951 20.06963951
19.8 19.7896479050671 19.7490733210483 19.7684216138846 19.8 19.726841462 19.7 19.787444218 19.8 19.877183991663 19.9068126967458 19.9805007908455 20.023158418 20.1 20.1287504583807 20.1871343892106 20.2397193391982 20.335654968 20.3921095879843 20.4 20.4616571008332 20.47678235 20.4987431863494 20.57678235 20.5788423355319 20.5962816148768 20.57678235 20.57678235 20.57678235 20.57678235 20.57678235 20.57678235 20.57678235 20.57678235 20.496481452 20.47678235 20.454821569373 20.37678235 20.37678235 20.37678235 20.37678235 20.37678235 20.37678235 20.37678235 20.37678235 20.37678235 20.37678235 20.37678235 20.37678235 20.37678235 20.37678235 20.3763808755041 20.3467525560872 20.27678235 20.27678235 20.246481812 20.17678235 20.17678235
19.8 19.8 19.7916844978935 19.7439797321301 19.7714786099764 19.7882399040177 19.78392519 19.7979816818995 19.8 19.9014518201833 19.9853514657753 20 20.023158418 20.1 20.137444098 20.2 20.251729778 20.358872618 20.4 20.4613982405973 20.4968334453613 20.5733875246801 20.58392519 20.6 20.6074462608043 20.68392519 20.68392519 20.68392519 20.68392519 20.68392519 20.68392519 20.68392519 20.68392519 20.68392519 20.6710169732182 20.5944630567404 20.58392519 20.56785038 20.56785038 20.5544096785748 20.48392519 20.48392519 20.48392519 20.48392519 20.48392519 20.48392519 20.48392519 20.48392519 20.48392519 20.48392519 20.48392519 20.401451215922 20.4824990299633 20.4544098799953 20.38392519 20.353624652 20.28392519 20.28392519
19.8569682090369 19.8 19.8 19.7947414939853 19.7368453366813 19.7755560093334 19.8 19.8 19.8861385703556 19.901729898 20 20.0145850713777 20.0931365329482 20.1 20.137444098 20.240604446074 20.295688518252 20.358872618 20.4 20.473158298 20.5 20.587443978 20.6 20.69106803 20.6918605188596 20.7 20.7210896964885 20.79106803 20.79106803 20.79106803 20.79106803 20.79106803 20.79106803 20.79106803 20.79106803 20.703624292 20.69106803 20.69106803 20.69106803 20.6896375662512 20.68213606 20.68213606 20.68213606 20.68213606 20.6350272073786 20.59106803 20.59106803 20.59106803 20.59106803 20.59106803 20.59106803 20.5822905096602 20.5829884579861 20.5131539733758 20.561046800638 20.488361595036 20.4480371132899 20.39106803
19.862555662 19.8 19.749195499271 19.70178913 19.7006080233424 19.773158538 19.8 19.8 19.894587058 19.901729898 20 20.016015578 20.1 20.1297591291028 20.1988807935906 20.244586938 20.3 20.358872618 20.4648343556363 20.499519767057 20.5788644462497 20.5997753564436 20.6928945368631 20.7016987121698 20.79821087 20.79821087 20.7986251999101 20.8297588933967 20.89821087 20.89821087 20.89821087 20.89821087 20.89821087 20.89821087 20.89821087 20.8966463878503 20.89642174 20.89642174 20.8877082182295 20.79821087 20.79821087 20.79821087 20.79821087 20.79821087 20.7972853656107 20.7386029010826 20.69821087 20.69821087 20.69821087 20.69821087 20.69821087 20.69821087 20.6980521380644 20.6809799352579 20.5995856786778 20.59821087 20.5975409592912 20.5526332274021
19.967909372 19.8583794637927 19.748269982 19.7 19.7035342890254 19.7745955520353 19.8 19.8046815098435 19.8948768512171 20 20.0004750206616 20.0205118603991 20.1012398345403 20.1340327265204 20.237444098 20.3 20.351729778 20.4031518692371 20.4678348918235 20.573158298 20.6042990900552 20.6881161910055 20.7050639039339 20.8000926008733 20.8137512001874 20.900857414752 20.90535371 20.9340324993693 21 21 21 21 21 21.003916670267 21.0010546327937 21 20.910477313085 21.0052611219756 21 21.0008574019031 20.982195772 20.90535371 20.90535371 20.90535371 20.90535371 20.90535371 20.90535371 20.90535371 20.90535371 20.90535371 20.90535371 20.898455972351 20.8102324378851 20.80535371 20.80535371 20.7766753749329 20.71070742 20.7083204031883
20.062555662 19.9108256439999 19.7547344495644 19.7051394738636 19.766015698 19.8 19.8100349018525 19.8890132575756 19.9 20 20.008872738 20.1020013947126 20.1327609647154 20.2 20.237444098 20.3055718290006 20.3577618904274 20.458872618 20.5 20.573158298 20.680301138 20.7109274804328 20.7952632789952 20.8140100604232 20.9011087561488 20.9265105232792 21.0028939732929 21.01249655 21.0078173595631 21.0055717990089 21.01249655 21.01249655 21.01249655 21.076512374703 21.029733943869 21.01249655 21.01249655 21.0984866995851 21.01249655 21.0265103132709 21.0797360053011 21.01249655 21.01249655 21.01249655 21.01249655 21.01249655 21.01249655 21.01249655 21.01249655 21.01249655 21.01249655 20.9265061904067 21.0047332281654 20.9249931 20.9249931 20.9212065781186 20.91249655 20.8734820710255
