catData/variables/futureClimate2070/rcp45/bcc_csm1_1_m_2070_rcp45/bio15.asc
NCOLS 409 
NROWS 350 
XLLCORNER 60.897278365 
YLLCORNER 5.843756025 
CELLSIZE 0.0892857 
NODATA_value -9999 
[rows 156 to 181 of 350, columns 240 to 299 of 409]
130.94876825235 131.01729898 132.004749780724 132.0535323 132.0535323 132.340323919664 132.979955313126 132.9464677 132.9464677 132.389257386486 131.33984542 130.96083668044 129.383431986097 127.251120439999 126.05413182 125 124.91127502 123.831273241216 122.495701245321 120.680768988141 119.217635098396 117.55413302 117 117 117 117 117 117.046810644157 117.948763709305 118.052606502768 117.916026943769 116.89338132 115.834349896844 115.090843896619 115.0535323 115.475528723544 116.027691882993 116.0535323 116.678342743932 117.692415117395 117.9464677 117.9464677 117.051238562217 115.98270822 114.832058430583 112.938342898171 111.59037834 109.447521539999 107.284620438559 105.55413782 104.972308245484 104.389264201053 103.33985262 102.26842422 102 102 101.94936588626 101.9464677 101.773781406814 99.9914270066484
130.993235949786 131.14009798735 132.08872738 133 133 132.962135335894 132.547388726969 132 131.935358107303 131.8750393 131.21488472 130.14345632 129.172372784153 127.360391047016 126.17909252 125.247760007256 125.025148584391 123.67969324 121.76841822 120.431844004199 118.75052212 117.67909372 117.060319107208 117 117 117 117.100344564247 117.99939808 118.1249607 118.984866912839 118.1249607 117.96480972 117.1249607 116.859816984294 116.2499214 116.2499214 116.637931794228 116.92643296425 116.8750393 116.966457821478 117 117 117 115.98270822 115 114.699715118661 112.66180674 110.481086175611 107.923488167252 105.623383269883 104.54735041298 104.1249607 103.46481332 102.484803141572 102.149577435564 102.0156909927 101.05413902 100.997839506973 100.797407755891 99.8198418412449
130.94587058 132.003397331113 132.267691389697 132.968547150506 132.849091508684 132.69698742 132 132 131.381110574553 130.687991495363 129.947067219999 129.019313743017 128.961313582208 128.12556022 127.05413182 126.789711179779 125.857399277939 124.07247144 122.115716282649 120.833871023459 119.699097075731 118.75052212 117.67909372 117.1963891 117.1963891 117.1963891 117.99939808 119.070826480001 119.1963891 119.199785488446 119.3927782 119.23262722 118.347298533983 118.136881674793 118 118 117.48270702 116.526897081969 116.066742878841 116.58790419965 116.8036109 116.8036109 116.617853642079 115.593325937111 114.8036109 114.64346232 113.385936134683 111.150490813873 108.44752154 106.392227212254 105.291187968555 105.1963891 104.665887469825 104.249104690984 103.235683651793 102.12556742 101.05413902 100.98271062 99.9825767950317 99.5147695041585
130.931373774059 132.01729898 133 132.88273674061 132.437379383873 132.778139491644 132.167535652839 131.880588377322 130.697586939999 129.14345632 128.07202792 127.7321825 128.53519388 128.09193299578 127.05413182 126 126 125.722585117848 123.866675593365 121.929614639999 120.435353795601 119.82195052 118.75052212 118.42548803095 118.535635 118.339704918016 119.07082648 120.14225488 120.2678175 120.548297495948 121.2678175 121.150557755086 120.30405562 119.23262722 118.335073876726 118.119410337154 117.889064632671 117.377965111812 116.60766772 116.071888060778 115.784940785261 115.7321825 114.78631912 114 113.976239183193 113.57203392 112.50060552 111.207321883358 109.351412358875 107.82195532 106.75052692 106.110148254574 105.823200979057 105.00060672 103.341232711977 102.12556742 101.05413902 100.719523518528 99.9350423940449 99.0647813704378
130.89174116 132.350676271961 133.030100399883 133.284913708274 133.07856398357 133.236450124586 132.498531452743 131.21488472 129.801649690944 129.010442648363 128.133628385368 127.430305273525 127.869838961682 128 127.375013722005 126.333378106151 126.030099585693 126.17909252 125.10766412 123.836020501223 122.30405322 121.38388336491 120.50044232 120.406739351403 120.6784918 119.94691122 120.209083275872 121.21368328 121.660126987815 122.011733959318 122.648393028498 122.3392459 122.02910416481 120.69699222 119.63220545663 119.46360228 119.666758654872 118.550803205592 117.115897113749 115.680991021905 114.790918309938 114.6607541 113.71489072 113.6607541 113.57203392 112.50060552 111.507738660999 110.69699462 109.62556622 108.55413782 107.48270942 106.41128102 105.115900327939 103.92917832 102.85774992 101.78632152 100.71489312 100 100 99.7883655099313
130.847282036664 132.199964139507 133.462963625328 133.905616082842 133.452047137975 133.410752599182 132.25111804 130.737237715523 130.318258327386 130.684151124411 129.950799360033 128.67909132 128.080898163626 128 128 126.989806680884 126.462962210946 126.905617497224 126.17909252 125.232102613564 124.44691002 123.8213486 123.30405322 122.8213486 122.550241065585 121.979535062585 121.8213486 122.336677021075 123.35654008 122.848834684735 124.32195172 123.4106743 122.94751554 121.232104027946 121.042013463884 121.673433755714 120.96541404 118.580784499373 115.997919591202 114.015935396967 113.5893257 113.5893257 113.031904101477 113 112.874844722182 111.42917712 110.5893257 110.28632032 109.368662250498 108.737241958668 107.680945773162 106.169509264992 104.269030939999 102.85774992 101.78632152 100.71489312 99.6434647199999 99.5893256999999 99.5893256999999 99.5893256999999
129.897564738594 131.525659755035 134 133.922788466041 133.174665761544 132.0357946 131.647950654897 131.429909663891 131.982721867116 131.695100300939 130.503685814564 129.26841702 128.19698862 128 127.543994396578 127.4821027 127.4821027 127.4821027 127.25052092 126.4821027 126.10766412 125.4821027 124.96480732 124.198277376108 123.658108968389 123.4821027 123.4821027 123.4821027 124.42796848 124.964824438255 124.954050815369 124.4821027 124.130588984362 122.818124531141 122.4821027 122.052197664295 120.48331134 117.751733159999 114.537447959999 112.78631912 112.5178973 112.5178973 112.5178973 112.991663586174 112.383229178322 110.83985142 110 109.69699462 109 108.785048639194 107.48331614 105.34045934 103.197602539999 101.78632152 100.71489312 99.6434647199997 98.57203632 98.5178973 98.5178973 98.4406903942273
130.05293278 132.578553536572 134 133.928495425075 133.346740831796 132.325139526557 131.5535311 132.198467291633 132.769042629191 132.227652849986 131.045106930837 129.82194812 128.75051972 128.069501486693 127.57769927413 128 128 128 127.76841822 127 126.62556142 126 125.769043700716 125.29068424154 124.741647437637 124.958483703186 125.1070622 125.1070622 125.529361854344 125.992278686479 125.504420392698 125 124.76842062 123.529267990228 122.239206829405 121.248008551418 119.698220692241 117.233835859999 114.019550659999 112.26842182 112 112 112 112.42917712 111.406858098827 110.83985142 110 109.69699462 108.792739257879 108.00060672 106.41188774 103.943156675409 101.938055145413 100.71489312 99.6434647199997 98.5720363199996 97.50060792 97.4464689 97.3973608496468 96.8214375111761
131.604658775258 133.01729898 134 134 134 133.772716020981 133.249919 133.41713807521 133.30166933806 132.41127382 131.33984542 130.725626753389 129.320098529461 128.672049667689 128.033830195161 128 128 128 127.76841822 127 126.62556142 126 126 126 125.752416196337 125.899331846514 126 126 126 126 125.91127742 125 124.623692886465 122.958392530685 121.62556382 120.55413542 119.159419857865 116.976803379284 114.432117536433 112.89338132 112.123112909266 112 111.408873694967 111.368555382183 110.944553480667 110.314978296482 109.855273766368 109.261401210782 108.62556622 107.275492014918 105.34045934 102.976809079381 100.927287243468 100.100669953681 99.6988409108307 98.7505269199997 97.67909852 97.6141543377197 96.9112822199997 96
132 133.01729898 134 134.111530547307 134.6963879 134.48537360574 134 134.310498041213 134.17909012 132.697679931835 131.799569081641 131.186922364882 129.953184648594 129.087438617929 128.05413182 128 128 127.888471124024 127.233301069452 127 126.62556142 126 126 126 126 126 126 126 126 125.987956542307 125.276674851169 124.77694559071 123.305334518121 122.00060432 120.92917592 119.85774752 118.629262712027 117.232535685503 115.376088339999 113.96480972 112.334177254068 112 111.05413662 110.987958213638 110.21489192 109.3036121 109.23330252679 109 108.62556622 107.108275639999 104.96541884 102.82256204 101.139423887648 100.186927378875 100 100.343455956156 99.4469148200001 97.9827106199998 96.9730642085068 96.5848640380168
131.2321837 133.01729898 134 134.16015578 135 134.69698742 134.287501887832 134.871339902365 134.879891887438 133.59036394 132.7678163 132.03623332 130.96480492 129.89337652 128.82194812 128 127.931875514138 127.194998695664 127 127 126.62556142 126.342343934876 126.370628475321 126 126 126 126 126 125.273748836504 125.21488952 124.164061056898 123.14406544 121.410598442708 120.92917592 120.145245722314 119.55413542 118.48270702 117.41127862 115.679700439999 114.26842182 113.010548381131 112.096410869066 111.05413662 110.22816883054 109.91127982 109 109 108.767347530248 107.85774992 106.682799589357 104.96541884 102.82256204 101.33985262 100.830140028569 100.151256601628 100.87443258 100.05413902 98.7505269199998 97.7678163000001 97.6076701200001
131.793816871151 133.00278090272 133.23521928341 134.025745890461 134.355111095669 134.69698742 134.37444098 135 135 134.316632966316 133.8392447 133.10766172 132.710156364705 131.80404962 129.938806363036 128.824728636907 127.91127502 127 127 127 126.939807013741 126.91092018013 126.48270462 126 125.445970781741 125.1607553 125.1607553 125.1607553 125.008702362776 124.128947071094 122.23278802 121.135614501165 119.966403532706 119.272800493424 118.846511720447 118.249835505683 117.64346232 116.57203392 115.394482944071 114.26842182 113.19699342 111.39170009754 111.008702748589 109.985487965281 109.07203512 108.1607553 108.1607553 108.112045579236 107.62556622 106.55413782 104.96541884 103.316641323754 101.625072130116 101 100.19699582 100.140569671728 100.008703134402 99.8219553199997 98.8392447 98.67909852
131.94587058 133 133.08872738 134 134.23158418 135.248878231136 135.854793851976 135.9106731 135.9106731 135.32194692 134.9106731 134.17909012 133.17939223724 132.12556022 130.969640347672 129.89337652 128.82194812 127.76482572496 127 127 127 127 126.48270462 125.463865090224 124.42917472 124.0893269 124.0893269 124.0893269 124.0893269 123.070487884512 121.91127742 120.694003830575 118.85774752 118.0893269 117.71489072 117.0893269 116.57203392 115.50060552 114.42917712 113.35774872 112.28632032 111.136781353985 110.138627663559 109.07203512 108.081401801353 107.854156996191 107.0893269 107.0893269 106.71489312 105.64346472 104.525828356089 103.41128102 101.679705239999 100.333773616542 100.017597025914 100 100 99.9984555932817 99.9106731 100.042208556388
131.999031164576 133 133.08872738 134 134.23158418 135.30301258 136 136 136 135.989462684467 135.33376269675 134.986905762033 134.17909012 133.10766172 131.10729476162 129.98270342 128.998411955945 128.82194812 127.9821015 127.684514747706 127 127 126.48270462 125.989462727424 125.32194932 123.545128730022 123.0178985 123.0178985 123.0178985 122.98270582 121.824142841097 119.69759654 117.78631912 117.0178985 116.64346232 116.0178985 115.50060552 114.42917712 113.35774872 112.28632032 111.21489192 110.14346352 109.07203512 108.00060672 106.930766278141 105.87564842 105.035797 105.333379038206 106.011196696989 105.55413782 104.48270942 102.833099226663 101.345935472119 100.26842422 100 100 100 100.9821015 100.9821015 101.14224768
132.94587058 133.069902867331 134.004749567779 134.0535299 134.272717402003 135 135.354397191785 135.9464701 135.9464701 135.9464701 135.9464701 135.9464701 135.18644383887 134.12556022 132.158895869088 130.98270342 129.916024459307 129.0535299 128.82194812 128.037309795366 127.645605079743 127.029662685147 126.510395389962 126.022015574929 124.71503352018 122.59036874 122.813553889602 123.827628834493 123.051236420617 122.91188174 120.680302359999 117.78631912 116.71489072 115.659682296162 114.979956468728 114.9464701 114.42917712 113.389262916599 112.33985022 111.26842182 110.19699342 109.12556502 108.003504647855 106.92917832 105.85774992 104.78632152 103.958866392582 104.286785532309 104.9264266972 104.44707802 103.37564962 102.30422122 100.643320686473 99.9608388216542 99.989454833455 100 100.94586098 101.07081928 102.137498626109 103
133.07082888 134.002161651133 134.202598457432 135 134.97106163456 134.8750417 134.8750417 134.8750417 134.8750417 134.8750417 134.957533494054 134.90858263451 134.8750417 134.000601919999 133.047367599797 131.10766172 130.1249583 130.104945805896 129.76841822 128.734853456975 128.078169091589 127.55413302 126.935359648717 126.28631792 125.21488952 123.50329760559 123 122.890731791539 122.8750417 121.84045334 119.619960582767 116.83984902 115.76842062 114.962136662924 114.547394428511 114 113.48270702 112.926434377181 112.21489192 111.14346352 110.07203512 109.00060672 106.98331494 105.85774992 104.78632152 103.734905014304 103.20263951426 103.837178662824 103.37564962 102.359935400047 101.293111368517 100.234929742918 99.7925508056456 99.1099240857898 99.6780458800001 99.9843093086615 100.94586098 102.019449831533 103.1249583 103.104946705596
134.14225728 134.210288390405 134.982575122642 134.8036133 134.617509172882 133.940492359355 133.8036133 133.8036133 133.8036133 133.8036133 134.334122300544 134.019316787218 133.8036133 132.92917352 132.8036133 131.986100238267 131.17896229397 130.871298613792 129.96480492 129.136879530683 128.62556142 127.55413302 126.48270462 125.41127622 124.33984782 123.26841942 122.842299716347 121.92917592 121.8036133 120.772421286939 118.822554839999 116.808397497536 115.617513030226 114.69699222 113.926465714249 113.8036133 113.28632032 112.21489192 111.14346352 110.07203512 109.00060672 107.92917832 106.097641527849 104.979312344388 103.732316583373 102.968548948864 102.8036133 102.50060792 101.42917952 100.716051897815 99.6742344299469 98.6879967222903 98.0767233854715 97.8036132999999 98.6066174800001 99.6780458800003 100.74947428 101.83819206 103.821036292046 103.83985382
134.96036725603 134.7321849 134.667220052147 133.957107863764 133.670163159675 133.242508564414 132.7321849 132.612774347408 132.602909956681 132.7321849 132.7321849 132.7321849 132.7321849 131.85774512 131.478867118786 131.469002085302 131.690983698782 131.22492360652 130.76841822 129.778140521658 128.793096214253 127.55413302 126.48270462 125.41127622 124.33984782 123.26841942 122.19699102 121.359750154368 121.014497961543 119.978074177454 118.554739739999 116.454773790724 114.937979545187 114.42917712 113.35774872 112.7321849 112.21489192 111.14346352 110.07203512 109.00060672 107.92917832 106.85774992 105.78632152 104.702232339789 102.976239396121 102.57203632 101.670165087944 101.16136442 100.08993602 99.0185076199996 97.9470792199998 96.8756508199998 96.4643698 96.6602968406783 97.5351890800002 98.6066174800003 99.9313617329448 101.03457876 -9999 -9999
135 134 133.969899813063 133.554932527352 132.76841582 131.897204951817 131.6607565 131.21488712 131.002564370571 131.321513 131.321513 131.321513 131.593929391091 131.082964731506 130.375011451922 130.350672327663 131.058625607248 131.554934113168 130.846980833583 130.236449266001 129.378148694414 127.74211904517 126.307215524755 125.27175343566 124.563800156076 123.60766292 122.53623452 122.042596302678 121.05413422 119.632035078153 117.852653398568 116.124762341016 114.76842062 113.69699222 112.62556382 111.848743339355 111.31895180106 110.211558718524 109.00060672 107.92917832 106.85774992 105.78632152 104.71489312 103.64346472 102.541938575616 101.215693784799 100.42917952 99.3577511199997 98.2863227199998 97.2148943199995 96.1434659199998 95.0720375199998 94.6607564999999 95.39233228 -9999 -9999 -9999 -9999 -9999 -9999
134.5893281 133.992895795015 133.537038561726 132.934228521531 132.35774392 131.410754271952 130.846227611306 130.14345872 129.5893281 129.5893281 129.5893281 129.5893281 130.39233948 130.5893281 130.5893281 131 131 131 130.904895870402 130.28631792 129.368660923082 128.108266039999 126.177847916565 124.685354960077 124.1786562 123.747515206792 122.78631912 121.71489072 120.64346232 118.98270582 117.874841549498 116.26902614 114.35774872 113.410757100727 112.471793402531 111.14346352 110.5893281 109.41188534 107.92917832 106.85774992 105.78632152 104.355787245336 103.23279282 102.16136442 101.037650724888 99.5893280999999 99.3577511199998 98.2863227199997 97.3686637518567 96.5541378199996 95.4827094199998 94.4112810199999 94 -9999 -9999 -9999 -9999 -9999 -9999 -9999
134 133.508940563448 133 132.83984422 131.76841582 130.853917544278 130.14345872 129.286984081859 129 128.716174932004 128.5178997 128.5178997 129.32091108 129.5178997 129.973903033339 130.5178997 130.560674039476 130.922790007456 130.397963565612 129.69698982 128.81948304825 127.841118344818 126.732092877886 125.28357678191 124.128041335976 123.611505382908 122.291960449839 121.12556262 120.05413422 118.50060552 117.383227722434 115.67969804 113.76842062 112.85391985836 111.949543134709 110.55413542 109.501225798308 108.142179393914 106.85774992 105.78632152 104.71489312 102.769029739999 101.57203632 100.50060792 99.4719515453939 98.9227923215374 98.2863227199998 97.3609733045995 96.8194853623318 96.0720375199996 95.2499950638051 94.4112810199998 -9999 -9999 -9999 -9999 -9999 -9999 -9999 -9999
133.4464713 133 132.950886848694 132.374966340701 131.76841582 130.69698742 129.62555902 129 128.713660832324 128.183621957071 128.365414506467 128.5535287 128.912050234743 129 129.94586818 130 130.039613157163 130.28631792 129.4464713 129.311185951022 128.62556142 127.55413302 126.713662160792 125.85774752 124.78631912 123.71489072 122.284941856788 121.12556262 119.530570364422 117.98270582 116.862166925631 115.214817503763 113.76842062 112.529268717446 111.07203512 110.00060672 108.698221850738 107.41127862 105.974438370471 104.71489312 103.198977531681 101.628097497713 100.50060792 99.4291795199996 98.4464713 98.3749695552942 97.7684230199998 97 96.6255662199999 95.5541378199996 95 -9999 -9999 -9999 -9999 -9999 -9999 -9999 -9999 -9999
133 132.3750429 132.341766326095 131.899909508183 131.288188897539 130.69698742 129.859568568982 129.346307865296 128.48270222 128 128.66015458 129 129 129 129.354741145245 130 130 129.93993561192 129.480228422358 129 128.62556142 127.55413302 126.805992040528 125.66830621375 124.33984782 122.811212942307 121.57203392 120.50060552 119.074436874858 117.97189769942 116.253045546301 114.739761527977 113.14346352 111.958394203466 110.391557270812 108.92917832 107.85774992 106.78632152 105.467308632074 103.811216842204 102.270874403518 101.12556502 100.05413662 98.9827082199997 98 97.8999140078741 97.2881915978475 96.8106346364306 96.2346141692908 95.8327825550123 95.3016726792658 -9999 -9999 -9999 -9999 -9999 -9999 -9999 -9999 -9999
132.3036145 132 132 131.83984422 131 130.69698742 130 129.864627591126 129.539326393174 128.982790624778 129.35654008 129.6963855 129.6963855 129.6963855 129.6963855 129.987954912488 129.3036145 129.3036145 129.394573107312 129.485373604295 128.62556142 127.864628319801 127.336148498151 125.82255244 123.880127414054 121.84045334 120.50060552 119.42917712 118.35774872 117.281069556186 115.849492301765 114.094839360283 112.607152097669 111.00060672 109.815494066427 108.55413542 107.122471689476 105.71489312 104.64346472 103.349918576668 101.637791281283 100.42917952 99.35775112 98.9827082199997 98 97.83985142 97 96.9080031730539 96.4356352448978 96 95.4827094199998 -9999 -9999 -9999 -9999 -9999 -9999 -9999 -9999 -9999
132 132 132 131.962814054049 131.590000347576 130.69698742 130 130 130 129.863305964298 129.921092617327 130 130 130 130 129.98270342 129 129 129.23158178 129.929645248045 129.39337532 128.425471035205 127.48270462 125.82255244 124.186569659919 122.30465274 120.348243463331 119.12556262 118.05413422 116.21489192 115.122863370167 113.716882871457 111.946837206917 110.69699222 109.338066516333 107.78632152 106.594784880416 105.41127862 103.832978042833 102.50060792 101.242732553915 100.12556502 99.7803836706651 98.9827082199997 98 97.83985142 97 97 96.6255662199999 96 95.4827094199998 -9999 -9999 -9999 -9999 -9999 -9999 -9999 -9999 -9999
131.1607577 132 132 132 131.574060580133 129.603444145431 128.950008818539 130 129.565861821328 129.654841613373 130 130 130.673921117478 130.8392423 130.04542971312 129.98270342 129 129 129.23158178 130 129.62556142 128.55413302 127.048568455509 125.477392039192 123.785820186106 122.311569908594 120.39398204 118.391697782002 117.21489192 115.9681918126 114.07203512 112.974861216802 111.76842062 110.442695273794 108.726128020906 107.55413542 106.48270702 104.917198734989 103.394483759711 102.26842182 101.19699342 100.859427843816 100.045433741483 98.9972202132183 98.7647845720801 97.9742548826209 97.6448931026776 97 96.9398068867249 96.4650558985735 95.9168415561275 95.8392423 -9999 -9999 -9999 -9999 -9999 -9999 -9999 -9999
