catData/variables/futureClimate2070/rcp45/bcc_csm1_1_m_2070_rcp45/bio17.asc
NCOLS 409 
NROWS 350 
XLLCORNER 60.897278365 
YLLCORNER 5.843756025 
CELLSIZE 0.0892857 
NODATA_value -9999 
[rows 54 to 80 of 350, columns 61 to 121 of 409]
-9999 -9999 -9999 -9999 -9999 -9999 -9999 -9999 -9999 -9999 -9999 -9999 -9999 -9999 -9999 -9999 -9999 -9999 -9999 -9999 -9999 -9999 -9999 -9999 -9999 -9999 -9999 -9999 -9999 -9999 -9999 -9999 18.8020163400004 21.6559886112373 23.35658808 24.5812870671313 25.3397074518061 26.826677374025 28.9097548600003 28.7890982266895 26.1789597039605 22.89456836 19.8890785443986 18.0011126399998 16.3939746639226 16.1452270251508 16 15.6027819723928 16.4096648600004 17.6919745898094 17.5889516625837 18.5110908375602 18.2994106125036 16.999187895071 15.2321645 15.2321645 15.3923418800001 16.2859351401109 16.6970094011175 17.6066270800001 18.2321645
-9999 -9999 -9999 -9999 -9999 -9999 -9999 -9999 -9999 -9999 -9999 -9999 -9999 -9999 -9999 -9999 -9999 -9999 -9999 -9999 -9999 -9999 -9999 -9999 -9999 -9999 -9999 -9999 -9999 -9999 -9999 -9999 17.9634631086839 19.8443656222579 21.5650796664259 23.5357192439808 22.9327094169292 23.2852460800003 24.4972327633552 24.7949838058004 21.7634656835086 19.2159541599998 16.4564616268639 16.2470166088374 16 16 15.6257777829169 15.0775838146377 15.6833835878077 16.7148001497473 17 17.2581535502865 15.7131025375884 15.1781302599326 15 15 15.0257462873694 15.3551144701854 16.30303418 17.0601896547052 17.5349563028498
-9999 -9999 -9999 -9999 -9999 -9999 -9999 -9999 -9999 -9999 -9999 -9999 -9999 -9999 -9999 -9999 -9999 -9999 -9999 -9999 -9999 -9999 -9999 -9999 -9999 -9999 -9999 -9999 -9999 -9999 -9999 -9999 16.9810992600002 18.1355087326702 19.35612056 22.1001990950927 22.2923599689737 22.0717174571449 20.5746650297906 22.0800686212355 22.7551868310014 18.8145710583802 16.6189433154765 15.3002314861431 16 16 15.5541066199999 15.4711209616683 15.9632722244504 16.0589590305691 16.0893077 15.3579895628062 15.0224227021498 14.1385832750438 14.0893077 14.0893077 14.0893077 14.3209134800001 15.39234188 16.0893077 16.5351986800002
-9999 -9999 -9999 -9999 -9999 -9999 -9999 -9999 -9999 -9999 -9999 -9999 -9999 -9999 -9999 -9999 -9999 -9999 -9999 -9999 -9999 -9999 -9999 -9999 -9999 -9999 -9999 -9999 -9999 -9999 -9999 -9999 -9999 17.5259540857886 18.5992790640036 20.9984222400003 22.7233273528244 22.9821207 21.2331883399998 26.5898404481434 24.8609229655119 18.9096618074515 17.5044452623404 15.0041409921327 15.3154977980752 15.6322301917168 15.447828156982 15.9913700513012 16 16 16 15.1969646199998 15 14.05410782 14 14 14 14.4590706107778 15.9875387390145 16.3677674511935 16.9900929185987
-9999 -9999 -9999 -9999 -9999 -9999 -9999 -9999 -9999 -9999 -9999 -9999 -9999 -9999 -9999 -9999 -9999 -9999 -9999 -9999 -9999 -9999 -9999 -9999 -9999 -9999 -9999 -9999 -9999 -9999 -9999 -9999 16.6007486154256 17.6484138472582 19.1995270892184 21.9805429400003 24.3456876884485 22.5592452111543 23.8894129907584 28.6875129861846 23.2464369000693 18.8224972399999 16.6710629569427 14.9464509 14.9464509 14.9865554253211 15.4755652908051 16 16 15.9646480312017 15.2540208153327 15 15 14.898696650128 12.9300578214703 12.0839965519951 12.9550282545394 13.2316057800001 14 14 14
-9999 -9999 -9999 -9999 -9999 -9999 -9999 -9999 -9999 -9999 -9999 -9999 -9999 -9999 -9999 -9999 -9999 -9999 -9999 -9999 10.073581125513 10.7851608800002 11.033542488765 11 11.8744685800001 12.8276811401821 -9999 -9999 -9999 -9999 -9999 17.0143122509522 19.5589626407756 19.9696819054118 19.7137300800001 21.8579971347164 22.2013050425779 22.2007233083 26.4037087059785 27.5912479603841 29.0745602172658 18.914198963218 16.3295622653647 14.0960316886841 14 14.6553305659243 15.8057716398989 15.9396760827599 15.926419474379 15.2973513884819 15 14.899638645796 14.765734202935 12.9764758799259 12 12 12.16017738 13.2316057800001 14 14 14
-9999 -9999 -9999 -9999 -9999 -9999 -9999 -9999 -9999 -9999 -9999 -9999 -9999 -9999 -9999 -9999 -9999 -9999 10.5541018199999 10 10.5887549800001 11.5305194690862 11.07198232 10.9613159292891 11.8744685800001 12 12.2103284731484 -9999 -9999 16.0352046800002 17.041668674408 19.3144593944215 21.0418846540684 19.8103992423294 20.7043870603522 21.0667424604602 21.8753017787274 24.74880960749 26.9677379373853 25.1188374637099 32.7428852006998 19.7700802946648 15.3298912922945 14.7683918199999 14 14 14.4458933800001 15.314111680419 15.134072028978 14.8035941 14.8035941 14.0005587199998 12.92913032 12.0434807249159 12 12 12.1287175975215 13.0806886216662 14 14 14
-9999 -9999 -9999 -9999 -9999 -9999 -9999 -9999 -9999 -9999 -9999 -9999 -9999 -9999 -9999 -9999 11 11 10.5541018199999 10.1385578024257 10.6989005020602 11 10.464338948968 11.0708744800001 11.9080902000038 12.2533436555104 13.0046403310246 13.3977992469228 14.8608725461584 15.7672791800001 17.5043318207572 20.554682214215 20.4157410046551 19.5703169600001 21.397797489725 21.1629999093483 22.3913345461658 28.9941401166422 27.8409328599998 25.3866766981242 38.5526231939978 20.8890581162634 16.7225420792503 15.0362261199999 14.1866707097213 14.1002945657928 14.4748765973862 14.353400436821 13.8423125076648 13.7321657 13.7321657 12.9291303199998 12.0919133143916 11.7466576300943 11.7321657 11.755935720934 12 12.4011795880379 13.8133286474764 14 14
-9999 -9999 -9999 -9999 -9999 -9999 -9999 -9999 -9999 -9999 -9999 -9999 -9999 -9999 11.0543446531092 11.3392627 11.2364520632095 11 10.7053784404718 10.6810796676875 11 11 11.2482085878346 11.8698613003248 12 12.94589698 13.3507102248028 14.0903325411141 15.3896469622429 17.4922964492807 18.5086586251202 19.5514825855993 19.7851584800001 20.8473846657538 20.9219910201544 20.2184863670537 22.4430359136043 27.8850486145566 26.0799277027142 26.3025507982524 32.1426759019323 21.5562430999997 16.7854771953517 15.4291291199999 14.4605097283295 14.3744649800001 14.4028316279889 13.6607373 13.2717280956922 13 13 12.1969646199998 12 11.05410782 11 11.058639761423 11.6607373 11.9709182822585 13.2002259859009 13.6607373 13.963285655561
-9999 -9999 -9999 -9999 -9999 -9999 -9999 -9999 -9999 -9999 -9999 -9999 -9999 -9999 11.8499940172735 11.9048786104695 11.4107239176977 11.1537914058649 11.4106911 11.1982296778005 11 11.271131438534 12.14230288 12.0808896451316 12.3591364630357 13.7450595512029 14.0071153793702 14.6769524400003 17.5050878842954 18.0951204038719 19.3198080400002 20.5748524593807 19.4413881516266 19.25060252 18.5576033188322 19.7310530600002 23.3371286200001 26.776877653952 25.6550482668848 25.7485983178231 27.6581658919605 23.8381426906058 17.0245471299539 14.7683918199999 14.1244544263804 14.3237877763569 13.6530799254298 13 13 13 12.6995355246161 12.116073003551 12 11.05410782 11 11 11 11.3680931274456 12.5893089 12.7430973488891 13.7086585029441
-9999 -9999 -9999 -9999 -9999 -9999 -9999 -9999 -9999 -9999 -9999 -9999 -9999 -9999 -9999 11.7683870199998 11 11.37446978 12 11.4826734199999 11 11.9784706610741 12.5082826688646 12.1020016500615 13.2960669345555 14.4618427019018 14.5161506870861 16.58425005589 18 18.4549385340489 20.1428509324095 19.5973860580354 18 17.4826758199999 18.4613542594934 21.1207675839874 23.1270607775955 24.7151220189245 25.4528689825315 22.7140228960753 24.5162699070883 27.5518169290494 17.5194606599998 14.8800546399374 14.4929563911374 13.9494874089249 13 13 13 13 12.26839302 12 11.5784039596183 11.0280213848755 11 11 11 11.2316057800001 12 12.3744625800001 13.4458909800002
-9999 -9999 -9999 -9999 -9999 4.78451050951184 6.17751476000016 7 7.40498349294929 -9999 -9999 -9999 11.4464521 11.4955828970511 12 11.8965958986917 11.5535479 11.7207307196676 12 11.7690384619732 11.8794519827936 13.0620194363863 13.6319004488686 14.1051649052548 14.5109480217751 14.5535479 15.5863431845689 17.4955815685361 18.0886685093565 18.8637569894698 19.6223194219942 18.8328182518175 18.0598985547241 18.074582773833 20.4269014400002 22.5448612547033 22.6733714559193 24.518141363261 23.0637643297596 20.5730239551411 26.0040234439963 25.5016360201049 17.5194606599998 14.8717937783381 14.3111607824821 13.6255350199999 13 13 13 13 12.26839302 11.5554814517752 11.056045909045 11 11 11 11 11.2316057800001 12 12.1671796052124 13.1391650956083
-9999 -9999 -9999 -9999 5 5.32331835180312 6.80249106000013 8.03757676609706 8.98156678000003 10.3541551796093 12.0459709175379 12.6046872853152 11.6358057518317 12.2832382710215 12.7250878661254 13.2499525999999 13.4393462804193 13.4068594248675 12.6249763 12.9482931518601 13.470749670993 13.8725607138461 14.7316117800001 14.7992780191046 14.4221009575946 14.3750237 14.7890286837774 17.0887537800001 18.3604023123649 20.2499525999999 19.8711682390475 18.5319335247537 17.69427872431 18.8536334880832 21.7662577400001 22.1748050675784 22.2072859233578 24.4829788405053 22.0486559176512 18.9055966356046 22.2371491438908 21.1339890472767 17.0947014924784 15.2486184966137 14 13.6255350199999 13 13 13 12.5874040337323 12.1006537434146 11.1969646199998 11 11 11 11 11 11.2316057800001 12 12 12.3344393702327
-9999 -9999 -9999 -9999 5.69640470000001 6.57400401311813 8.16031075340844 9.81634696006546 10.6149240264614 11.4994472800001 12.8363609595146 13 12.0052606325675 12.3035953 12.3522265856204 12.6071906 12.6991925386735 12.4226288547999 11.9177161882735 12.8209218800001 13.7136070352204 14.459754808694 14.4090207156652 14.0597960756408 14 14.6587271025879 14.7483808400005 17.7851584800001 18.8422963709753 19.4458959035181 18.7267834799103 17.8154413834285 17.4458957800001 20.1154493311272 22.2154315846035 21.4429864773225 21.73160938 24.4091133400008 21.7676191022566 18.1787424112165 22.0771502953099 21.1265552599998 17.8979797650889 15.0016719651103 14 13.6255350199999 13 13 13 12.3398214199999 11.4905054605752 11.0597975328982 11 11 11 11 11 11.2316057800001 12 12 12
-9999 -9999 -9999 5.85477314516686 6.34237722463334 7.80249105999991 9.80865788423346 11.3491252659669 11.7678331 11.9542730063666 12.8744709800001 13 12.0133048430337 12.8359830328337 13.6586612226336 14.1256591875663 13.3029809977663 12.39336332 12.2137312800002 12.8879392083662 13.1366894185662 13.8923502800001 14.6240666020679 14.7678331 14.7678331 15.7137300800001 15.7799002392979 16.55308758 17.5873269798342 18.0005563199998 17.2321669 17.720284867703 18.6391884409658 19.7655794846627 21.0118755572688 21.5858035368689 23.0611963782346 23.4783835878619 20.6379131578343 18.8470614952692 22.2414462348693 22.3652864655304 17.8374304540693 15.5362249199999 14.5351515833652 13.6255350199999 13 13 12.5479381241649 11.5719883199999 11.062311975435 11 11 11 11 11 11 11.0537711959647 11.4648465738354 12 12
-9999 3.17898326875849 5.19101608263166 6 6.82012776962198 8.43974516425165 9.68339335812524 10.2668557719986 10.3214770000001 10.9954397202548 11.3012996536188 12.1153339325078 12.8711318186348 14.6927895352389 14.4616990764494 12.4449863770143 12.01843562 11.2612852892675 11.6066366800002 12.5949107815208 13 13.1061168862262 13.2783366800996 13.3214770000001 14.0553848121538 14.3127805617198 15.175279024407 16.0142661494665 16.3209206800001 17.1235097627867 17.2543289489133 18.5881962600003 20.2134846611665 20.7616769127069 21.42801408 21.3913135209074 22.0099456743272 21.5184392199998 19.4319842579259 18.21484392 20.3533384901796 21.8659528326115 18.3844692175673 15.7683918199999 14.69696342 13.6255350199999 13 13 12.4112498199998 11.3398214199999 11 11 11 11 11 11 11 11 11.30303418 12 12
2.23106385999997 4.16299087274957 5.02706487029618 5.43033813215699 6.89180116000035 8.04620270293668 8.67806748000005 9.08931009999997 9.75558374442286 10.071719813124 10.8856819893292 11.9458993799999 13.9137849915292 13.9276513866226 12.0791335182835 11.0893101 11.3382221680962 11.9106899 12.3565880800002 12.9568923885925 12.4638267861392 12.0893101 12.7555815587671 13.7313205812203 13.9887887763267 14 15.0173253800002 16 16.3060584734862 18.3325407318786 19.7591341416078 19.8882672383091 20.4458957800001 21 19.9802394953851 20.4114097719745 21.0653401068887 19.554953924435 19.0224228760351 18.9155220604708 20.0819735487723 24.4658155599999 20.8139080365091 15.7683918199999 14.69696342 13.2845135448101 12.4953806976429 13 11.8750809774505 11.0303494850023 11 11 11 11 11 11 11 11 11.30303418 12 12
3.30249225999997 4.98625997674057 5.29762484203931 6.35659048000005 6.99806522080278 7.52595995837827 8.01052798284193 8.66626223593792 9.01308250528249 9.80656451349734 11.7333049322772 11.9990325889433 12.0357633999999 12.1197582458484 12.9792539273958 12.9642366000001 13.2672779800002 14.332010223735 14.9543283174854 14.4561606987055 13.39336332 13.630496478854 13.9773190623665 13.9964780235867 14 14 15.0173253800002 16.1743334230645 18.2846009600002 19.9725197818168 20 19.6322287333488 19.0258550745692 18.5276898557894 18.0325893059804 19.3382436600002 20.0178817 19.2004842393291 19 18.0710196231111 19.0534569529946 20.9796013688963 19.2320002132276 15.0137401520077 14.69696342 13.2510700399998 12.0079733316531 12.5259528871266 12.4007219659061 11.3337448353139 11 11 11 11 11 11 11 11 11.30303418 12 12
5.16018697999997 5.76838461999981 5.30304378000013 6.37447218000003 7 7.51732897999994 8.58875738000008 9 9.7316141800001 10.8030425800001 11 11.050649790331 12.0182556254375 13.1375502794565 14.3203691599999 15.780789130756 14.7505053199999 14.42801648 15.029670323925 15.0277011311813 15.0220208137124 15 15.0391753965001 15.1395470032128 15.9882837732874 17.0023407181811 17.0708720800001 18.0535467 18.3567566057245 19.9464533 19.3728288147006 18.0334952075433 18.4220195324372 18.4845311253384 18.6107735222245 19.6248304671183 19.21484392 18.1864155430941 18.0468247782006 18.0535467 18.0182505684133 18.955290632961 17.6260937399999 15.7272469737319 14.4101534488382 13.0334953360554 12.5541066199999 12.4896209058429 12.3577031199999 11.3216251043696 11 11 11 11 11 11 11 11 11.30303418 12 12
5.24512331231161 5.70130183055391 5.42801888000017 6.45264758185733 7.0557264695756 7.64230407999998 8.64015246755885 9 9.7316141800001 10.8030425800001 11 11.9458993799999 12.2802746779238 14 14.3203691599999 16.0578917106737 15.9847814467696 15.7025956817976 15.8040520199999 15.702623838932 15.53622012 15.1249751 15.8565868800001 17.5303354064011 17.7657381017676 17.8682633696652 17.8901850389021 18.7611418125308 18.8950436839637 18.9710544446034 18.8750249 18.5005575199998 17.9307507696951 18.5173241800001 19 19.0825061839936 18.39336572 18.1249751 18.890154781708 19 18.0303160776846 19.505979085181 16.6996589240234 15.0960298445437 14.69696342 13.6255350199999 12.5541066199999 12 11.4112498199998 11 11 11 11 11 11 11 11 11 11.30303418 12 12
5.50992858705291 5.2316153800002 6.30304378000013 7.07354764680463 7.5547276454361 8.51732897999994 9 9.2593255956845 10.1244211800001 11.1958495800001 11.392807 12.1529284311201 13.8069997366393 14.0174320243987 14.4853118478419 16.4632259600003 18.0595183876768 18.1228563245638 17.6416777831955 17.0947987490449 16.6425120974288 16.2631446735261 16.9280152800001 17.1964035 16.1501862302478 16.7601195024886 16.8069992652709 17.1061853330303 18.3251253392104 18.8138785485489 18.1964035 17.8954828240677 17.6635517963456 18.4157199004134 18.8035965 19.4637774800001 19.2156777628648 19.1577194306243 19.0246552816164 19 18.3860024121951 18.015835109971 17.8609418728936 15.9193066628192 14.6969634199999 13.6255350199999 12.5541066199999 12 11.5268824159775 11.066742116263 11 11 11 11 11 11 11 11 11.30303418 12 12
4.16018697999997 5.23161538000019 6.30304378000013 7.37447218000003 8.11942639955254 8.64660367636149 9 10.3203715600003 11.7316141800001 13.0181229999825 13.7362543481366 13.0434696155374 13.0173277800002 14.1125279163263 15.4280164799999 16.544957826506 17.7673775800001 18.39075127801 18.148406143244 17.6212299808418 17.6988995150722 17.6934529580276 18.0713266069003 18.2678319 16.7531053212715 16.7890051853576 16.8208210800001 17.933461072941 19.2249300023844 18.9379672982985 18.7321681 18.6318737901266 18.3767157618781 18.2678319 18.2678319 18.9280128800001 19.0718835696968 19.8030377800003 19.3597437584751 19.0144911574389 19.9746333332939 18.9081093478012 21.7710894199997 16.3309837989048 14.69696342 13.525241352923 12.4056991911628 12 11.8423139206652 11.2488064034207 11 11 11 11 11 11 11 11 11.30303418 12 12
4.16018697999997 5.2316153800002 6.30304378000013 7.50151572412849 8.78516088000017 9.3392603 9.3392603 10.4356570342217 11.7316141800001 13.3336446933967 15.7063549470164 13.1623018600003 13.0290850356826 14.8560329600002 16.9473937173322 18.2040053090786 17.9993428800001 18.9370701403851 18.8933621199998 18.3392603 18.5390014911413 19.1147299684463 19.3392603 19.0668206476211 18.4222038927913 18.9642519867961 19.0173253800002 19.969889365971 19.5005575199999 18.5077053948539 18.1028090952665 18.218876751358 18.6070229878171 19.1637527434959 18.8002596230834 19.3209206800001 19.4255423554832 19.869859241846 20.2966716585667 19.0724612410208 19.6666166993917 20.1473929401959 20.7540036602164 15.6898163593706 14.4605114010417 13.2510700399998 12 12 11.4112498199998 11 11 11 11 11 11 11 11 11 11.30303418 12 12
3.8152852625731 5.2316153800002 6.30304378000013 7.74894436000005 9.44590058000018 10.2124611662685 10.4106887 11.0708744800001 12.1423028800001 12.8839307667752 14.5460068901085 13.0956463201092 13.4626720400005 16.6975545405439 19.9917365461593 21.8213774 21.9999631096016 21.9693301542749 21.152418607753 20.8409833193842 20.5061247279358 20.4106887 20.4106887 19.9374480475719 19.4622430356889 19.0222194989499 19.4137834044216 19.5005575199999 18.4949141312673 18 18.1785842952545 19.1175682014848 19.8168756417763 19.07198712 18.4841467834037 19.0708696800001 20.14229808 20.4106887 20.5668881226837 18.69752214 19.0315516842729 20.7643320244983 19.4435077256142 15.2212138023534 13.8755463009073 12.9941698758316 11.8168766274292 11.8017695093099 11.4112498199998 11 11 11 11 11 11 11 11 11 11.30303418 12 12
3.72526217774461 5.34328111532129 6.78516088000014 8.05052201854777 9.66087687451818 10.99944608 11.1982670993508 11.6601857800002 12.3788904732196 13.2922040196924 13.4821171 13.4821171 15.5066886590437 19.0727131952395 20.7138332799999 21.5536487 21.8458515626113 22.3373446156288 21.8367385676893 21.570911901005 21.5115341142726 21.4821171 21.8348396496995 21.1899153944697 20.1255314199999 18.5980699111036 19.5089103819619 18.9112462199999 18 18 18.1461002742246 19.05051473271 19.7690782003558 19.2142037534215 19.55298678 20.3061306404473 20.8610050873816 21 20.1255338199999 18.5642427918153 19.5173826302384 21.2088402020532 17.5494975020243 14.7683918199999 13.5508643028564 12.3239538902091 11.5541066199999 11.2679121036596 11.212979249406 11 11 11 11 11 11 11 11 11 11.1569362199375 11.6984177131282 11.7850283338061
4.24885776193755 5.88856660867049 7.13529525927807 7.82092668000003 9.33825566000036 10.9637834799999 11.1836011182908 11.6601857800002 12.4049817370752 13.2705894470653 13.9305139758597 14.5235983452517 17.5940814760685 19.7153966399998 17.9644241265716 18.3393635 18.7776990677874 19.618634281605 18.9412170019943 18.6774172796107 19.7445162902185 21.0702465783477 22.1780662800001 21.284893417958 19.6414732726494 18.6018545734851 19 18.9603754755269 18.7308817498385 19.5324295056885 19.4101299800001 20.2742736469043 20.5535455 20.2671830281198 20.58875258 20.2691195786707 19.4879299199432 20.2283993988983 19.5719883199999 19.5477512964668 20.5516903647488 20.0423210529819 15.6612162364099 14.2148463199999 13.0081258751943 12 11.5541066199999 11 11.3259000127633 11.1881066178446 11 11 11 11 11 10.9508734014914 10.4464545 10.4464545 10.4464545 10.6136350039227 10.6938389654695
4.32037395999994 6.2316153800002 7 7.37447218000003 8.89180116000035 10.5173289799999 11.3679579959324 11.8725607983489 12.7316141800001 13.5018806530887 15.0459664188076 16.1958471799999 18.6423016800002 19.3365209480722 16.2749149183176 15.6053001325987 15.2387267268801 15.7341382388388 16.1250783000001 16.4483939102764 18.4426766679852 20.5327432782864 21.2743735125675 20.0701067668486 20.1871951954803 19.6587868754111 19 19.1109375920528 20.3700927965098 20.7683894199999 20.1136475268174 20.6090584389015 21.2786732246202 21.1076497199999 20.4778164878847 19.0546641399998 18.5578902549904 19.2272941535723 19.5935969978654 19.9797090553485 20.9610241992593 18.3617625960887 14.3149545018077 13.7683918199999 12.69696342 11.7659691610359 11.2078044446828 11 11.5887501800002 11.3398214199999 11 11 11 11 10.3750261 10.3417429161516 9.8998933181296 9.37502610000002 9.56441455330793 10 10
