catData/variables/futureClimate2070/rcp45/bcc_csm1_1_m_2070_rcp45/bio11.asc
NCOLS 409 
NROWS 350 
XLLCORNER 60.897278365 
YLLCORNER 5.843756025 
CELLSIZE 0.0892857 
NODATA_value -9999 
[rows 208 to 233 of 350, columns 177 to 235 of 409]
23.9664279501085 23.9258537666794 23.9862137475757 24.061766647236 24.215976266 24.4732733397354 24.7449466748391 24.7987433870286 24.82321909 24.832092788 24.9355167336269 24.976840622 24.8626618827306 24.6243332268702 24.1570706841656 23.9048877666139 23.9476292098759 24.0863616944898 24.1072527499167 24.055585527187 23.7841033659999 24.1028268706972 24.4043881864981 24.6603749418009 24.746359028 24.8588792090955 24.983863798 25.091006638 25.1639146684399 25.228511408 25.2904507633362 25.3353594664313 25.4097339797675 25.4059769540421 25.3328591651288 25.134044014 25.0477667799748 25.1211588095267 25.1 25.1177816126304 25.2141184358178 25.2652228389362 24.9395991319998 24.1932815759999 23.5548556177664 24.235616187239 24.7329528854933 24.673260202 24.4849021323878 24.3221735422977 23.9583115557959 22.9884244127275 22.856205270413 23.6461964520001 23.946526087908 24.0139256405401 24.1639145569883 24.0058945563093 23.9231746703462
24.1304274625352 24.0756073486493 24.0279030863324 24 24.0235226075945 24.3404522473873 24.6050245114283 24.6321525 24.6350577018816 24.8163208381253 24.9864986086902 24.9962768404943 24.953621532 24.7281237568632 24.2823278460477 24.0083568747677 23.8784943347497 23.8927056323988 24.0431872203573 24.0165312180297 24.1046005417739 24.4185882516607 24.5715869544763 24.7853502692917 24.8294577758928 24.9876468709227 25.030301978 25.1060197225537 25.1534958846308 25.251730498 25.3494087129998 25.3945366758157 25.4117612266312 25.335774392 25.3754052914756 25.194748674 24.9192588261068 25.1074467372913 25.18392375 25.207082648 25.314225488 25.38392375 25.2286575416412 24.5350249912033 23.4980456928343 23.9900458556985 24.7669778878071 24.803622132 24.7698659603208 24.673260202 24.4560759654487 23.7058686806284 23.0523130871763 24.0733821535135 24.25177125 24.2638105407755 24.28392375 24.1204174489812 24.085593216
24.2870833488211 24.28213318 24.223259362 24.18213318 24.18213318 24.2839567292794 24.2449237408279 24.3218717225412 24.6003092492833 24.6275332418245 24.72680023 24.7478906858098 24.8427549952539 24.8184196428882 24.5443862662612 24.2743596129215 23.9571577042088 23.866016418 24.046318516 24.1659546666941 24.2773899328358 24.4025541960373 24.5108186312015 24.61786682 24.649899416 24.83895705725 24.939235388 25.0430331288843 25.144587658 25.251730498 25.358873338 25.4 25.4666234229701 25.410764732 25.3192454787912 25.2920336248431 25.1703573410451 25.0097260909441 25.0616226536191 25.2720454506196 25.239235148 25.377132410649 25.4791170594249 25.0411817439175 24.0576685599999 24.1438959524415 24.8324170944103 24.9838929172274 24.9025004939554 24.796479292 24.5728078736053 23.5197267264644 23.5037675880604 24.3495402961305 24.5456052290525 24.3457360529413 24.2396788877456 24.471420352995 24.4496912391354
24.20179057 24.3033999672545 24.339335612 24.29820943 24.4419084819534 24.4960661595735 24.4948530928763 24.4034276013478 24.4052810057759 24.510664268 24.6332500713511 24.821368808 24.8987520124249 24.861884462025 24.7082352564747 24.492957384 24.2765633587488 24.0643510945273 23.9289800751779 24.0627474707239 24.189235508 24.110590112753 24.207102328 24.30537171 24.337404306 24.5967642202683 24.930301978 24.9638961333553 24.9919580827722 25.153521068 25.260663908 25.3666246821216 25.4013099634286 25.4003527090212 25.2266763625289 25.1088966880792 25.1982386383706 25.1243524404615 25.3622394976487 25.1558874502798 25.033882878 25.2152444026197 25.40179057 25.3943804381547 25.3191054357224 24.9554559289725 25.0880927502625 25.1175550986814 24.9248862682315 24.805412702 24.5996592273481 24.5888589542358 24.6793035598914 24.6940817359477 24.5488722181308 24.1659159707512 24.3651279741009 24.6456770585499 24.5400729822665
24.255292678 24.3596667363838 24.40535227 24.4678355382189 24.5039156938636 24.5770586121079 24.59464773 24.604772942222 24.51070454 24.5270271031722 24.69464773 24.717807108 24.7962695865234 24.8 24.755412102 24.6510380307707 24.546478692 24.3108363929356 23.991226766 23.9781126826981 24.164857316817 24.1943580532656 24.006897633304 24.1119197145696 24.321328056 24.5356137360001 24.7179755943221 24.7859473377604 24.7916819118428 24.9960322101495 25.2491186480156 25.3641972720903 25.3960843318273 25.3186438442552 25.3 25.1158875044201 25.0032755269949 25.180422242 25.0581205666675 24.7850508737498 24.5631867850054 25.001629194 25.2386557559948 25.3979230298403 25.4955975543247 25.0661552439582 25.1812024627092 25.0687453754097 24.9232600819999 24.8904542697013 24.8931027953142 24.8063020814792 24.8312154181779 24.91070454 24.880403042 24.8066962958611 24.7952271476961 24.5925744524838 23.4680424760205
24.432093028 24.4810410473948 24.47500978 24.4915074880709 24.5640181382495 24.5272702829313 24.5015687388192 24.6537194053122 24.675226052611 24.6808487486523 24.61249511 24.6298669084872 24.7102345170569 24.76251467 24.7290693858035 24.68750489 24.621274993668 24.4594745920943 24.1988048855245 23.964386024 23.9796561344224 24.082092668 24.085774272 23.9974870963379 24.132032596 24.3434245162319 24.48750489 24.5202709368016 24.6307399918271 24.8099247786287 25.0817588356563 25.3237835619412 25.323487171774 25.3 25.2890736887957 25.2165549858388 25.024557794731 24.9900180636503 24.8694876079352 24.7807972395598 24.77727073299 24.8092515067392 25.0782105670748 25.23752445 25.369983162711 25.5450281361413 25.4686111433573 25.264386984 25.137545762 24.7348222410689 24.7528306112313 24.9302410660001 25.1144963040765 25.1192028204168 25.0659122964932 24.8939013691125 24.6204940093149 23.6214732478252 22.8618174239603
24.3467136955073 24.328631072 24.3034852718839 24.4127783111309 24.4607241 24.5567961709853 24.5272617526661 24.4064747843192 24.4817530029714 24.5713404103764 24.68036205 24.6617506990719 24.569697782 24.5 24.544587898 24.5898411435369 24.462614894 24.38036205 24.307202792 24.1355275398541 23.9251101239999 23.9574375769005 23.998269382 23.9160043507548 24.112394646 24.303521188 24.38036205 24.3877154446364 24.5425190759843 24.8646706346681 25.117746676 25.2530519539725 25.2947289813753 25.3 25.2468999941418 25.3152883845813 25.2158373832335 24.9839960821142 24.784460608538 24.6281260647609 24.7874537789455 24.8490022085161 24.7610964214407 24.8087996133973 24.9811700333539 25.3583885446895 25.5822545964885 25.459034714 25.3150211930601 24.8642135225752 24.5261699461879 25.0212308979664 25.2490013613382 25.2582305696787 25.0530843609734 24.6312141697543 23.8175260076674 22.9726947714412 22.3086137263521
24.4238131763973 24.2879766374168 24.3129946788729 24.324882334544 24.3195926915244 24.4658798654951 24.587445178 24.4614868009315 24.42678079 24.4373988467202 24.5507277754071 24.5794214743875 24.5778129553679 24.5167527076516 24.5326469066712 24.5353423723092 24.382252844 24.2823202817299 24.1804673247494 24.087641858231 23.9217477792113 23.805412222 23.9460982215168 23.935654248 24.058813386 24.2561421281136 24.35356158 24.4010344160745 24.6348111478903 24.9163879499647 25.117746676 25.2176796539962 25.299939808 25.32678079 25.3908071070625 25.4 25.3215896559999 25.017907572 24.8744433891407 24.5350757964808 24.5317697960002 25.0697973990028 25.120915024781 24.9528591395229 24.8454770057744 25.2319776182778 25.6266646252973 25.5609021716832 25.3518918739999 25.1190125729322 25.08034237 25.1110817747903 25.410764972 25.2912179888684 25.0173948716299 24.0893061596799 22.713200476592 21.6277779178504 21.5970584333203
24.659873268959 24.4994833551442 24.3957502476296 24.36784726 24.3913700431773 24.4530608699755 24.553521548 24.56607637 24.5333364601363 24.491126302 24.4105831469101 24.489235748 24.5763559823161 24.5752576649292 24.5187977964577 24.5 24.4022248987685 24.2007217158552 23.9610159480053 23.9254704966078 23.8743722992208 23.8035761998339 23.802874147553 23.9839804251804 24.2053131656732 24.4402327457138 24.5781267908994 24.676660526 24.8758204538745 25.0020288952613 25.1316983326483 25.266016178 25.397977212578 25.43392363 25.4042592141959 25.4320875264172 25.4299065100606 25.1868774367131 24.9861590827695 24.6513253854783 24.521824509104 25.0169624697127 25.26607637 25.2845412372879 25.2039965859351 25.3985892023557 25.680241186 25.653622012 25.4886990483874 25.46784726 25.1309687756136 25.1971016171336 25.490742077801 25.1476919612825 24.4171678539336 23.0076304889395 21.9277831621235 21.6275394047579 21.6985345842202
24.837544802 24.8033770265611 24.7296291728068 24.6100444578948 24.5390174652983 24.4902220744559 24.4977568224204 24.5 24.557202672 24.450059832 24.35893353 24.3725821689814 24.4606133292643 24.55893353 24.5509669835116 24.5198224819984 24.441126422 24.1630449404929 23.821588696 23.7883913310155 23.8359105492303 23.879910331476 23.883863558 24.0103387400651 24.348048894 24.6421804189181 24.812434918 24.9416453110495 25.085654128 25.14106647 25.199939808 25.2799721340665 25.446318036 25.532977138425 25.453621772 25.4968102450835 25.4996908323245 25.4555132859999 25.1726941116538 25.100040512 25.0410572938548 25.157022096 25.3004434186368 25.4359026022351 25.5305475782565 25.6281208706261 25.7683630407605 25.7526754218655 25.6895323641112 25.643289275643 25.0891954280001 25.2167817663638 25.3494237099635 24.3337915147196 23.6057122075139 22.9123089974944 22.657262825691 22.1588678201985 22.626680250294
24.971689453015 25.048149598 25.0659274634285 24.9444207893068 24.7870281724442 24.7453333781273 24.7414961858842 24.74104655 24.6886030779033 24.4350576634227 24.2922785375443 24.25179069 24.2977866357875 24.4216333840909 24.4533875520614 24.4285803638477 24.3730903477261 24.217393555209 23.928731536 23.8094962226387 23.8452883367603 23.946378468 24.0033992559931 24.2098877031251 24.396258204 24.7176867240001 24.978511288 25.085654128 25.192796968 25.24820931 25.307082648 25.34820931 25.4592578882194 25.580301858 25.5968682730748 25.59641862 25.5491054847058 25.5904912146904 25.477394777898 25.3844244669294 25.3154114123844 25.323098466 25.5142920145647 25.623210077557 25.6219354650357 25.7014231461999 25.75179069 25.6356521221301 25.4806936504948 25.5959469505672 25.5964805828163 25.5736988410594 25.0699180507433 23.8326339012271 23.6110282519998 23.1941782640323 23.0347745700358 23.0140125287407 23.6572928855238
24.9644957829721 25.1250130365391 25.2325879240501 25.2258771315611 25.0722165161444 24.9239146556669 24.9390423919057 25.1017173548162 25.0009066666506 24.4318122366274 24.3017144582771 24.3107043 24.2739148013572 24.2060141133282 24.2140360121828 24.1892957 24.1892957 24.123279282 23.9508083704541 23.9085957774762 23.9107043 24.0576484467602 24.1712483040001 24.4749299080001 24.5963746134132 24.8120104831956 25.030301978 25.137444818 25.244587658 25.3572678856974 25.4044023212805 25.4365413738709 25.528511168 25.635654008 25.694394327596 25.7 25.65535215 25.664225368 25.7321852664483 25.5978853520407 25.494748674 25.3680621690557 25.5031506304926 25.64464785 25.526901654 25.5401384849744 25.5892957 25.2594935019043 24.9162580259998 25.4140089012097 25.641002374838 25.4033630220919 24.9502964816185 24.2470462302284 24.0999863201241 23.5907908504088 23.7061527849421 23.9191883905249 24.2224130846528
25.1042077556157 25.163793396944 25.258873818 25.3412571038155 25.3350565129591 25.1844528422057 25.0953311047534 25.1939107068291 25.216119072602 24.703601252 24.6084724203571 24.5730115190348 24.3962085897821 24.1 24.1 24.06767088046 24.0742980466837 24.1164974896549 24.0975515929712 24.1176022798851 24.1796386852586 24.3175479035977 24.429100284454 24.6769139146898 24.841006278 24.9713082560001 25.1363547398791 25.2233409432646 25.369577638 25.4637930368959 25.5147124353915 25.5497493541605 25.635654008 25.6926122098731 25.7546485552706 25.7033825175857 25.76249499 25.771368208 25.846478932 25.739336092 25.6397656502658 25.550040392 25.5097876143186 25.53750501 25.4565515507078 25.3422459764455 25.2210738880095 24.9365704244168 24.8859186724133 25.3722590887209 25.4019183681494 24.7346049790031 24.00651657743 23.8457104320075 24.3746130127542 24.509413524268 24.5058567015677 24.6245376088478 24.6345552212802
25.3778632782594 25.303251329483 25.2875131987067 25.4119892260698 25.46963783 25.389335492 25.3430875763988 25.33927566 25.3663303938547 25.163498171272 24.992896952 24.8534987354386 24.539228547057 24.1349719566662 23.9917743846098 24.0146555953862 24.0178752958374 24.142350988939 24.1490534802847 24.0744415315083 24.148169278 24.255312118 24.5022560711792 24.6481090860001 24.8575318703735 25.0301907548501 25.1514638099263 25.2488138772974 25.374949828 25.4663861662554 25.558873338 25.6 25.673159018 25.7559204713609 25.857082528 25.775050292 25.8 25.808873218 25.883983942 25.7929684560191 25.7907393027955 25.7757554904281 25.3145533085174 25.053378675623 25.3265673736039 25.2679681239999 25.1555748149074 24.978672424 25.0532701529936 25.1845128548687 25.2225452187959 24.7145373373421 24.036224072112 24.0152466126702 24.5697258586709 25.1241621757643 25.0442148763477 25.0595929659876 24.9555579776894
25.5664276030969 25.501830362 25.45356134 25.5855946560001 25.597388987267 25.5581350051421 25.4864203464489 25.47678067 25.398269142 25.2890658887781 25.1484665268128 24.9305218659999 24.6020573740052 24.227000438 24.021368568 24.07678067 24.07678067 24.1581256579496 24.0706685735405 23.942917232 24.010664268 24.1904322376865 24.2700598279044 24.344689738523 24.9211106869136 25.1589387366774 25.1838165862684 25.237444818 25.3788223605498 25.528511168 25.635654008 25.7274683337768 25.7143763896284 25.7186455534051 25.810664028 25.8738816828258 25.87678067 25.885653888 25.960764612 25.87678067 25.907082408 25.9593919097342 25.7479910764848 25.5814251365744 25.6332713476234 25.498310134 25.3741702100878 25.2546142243212 25.1835055865394 25.2494054311393 25.275575490645 25.1879484717867 24.9873072643665 25.0141240160001 25.2706245248936 25.4783726664066 25.4199891660025 25.3396967347654 25.1453650708205
25.76784702 25.672701589505 25.6827414590733 25.6621898596868 25.60431501062 25.5326074593383 25.5020183747033 25.420618415255 25.1450460152133 24.955432262 24.8725978066103 24.8660345189117 24.5836626610464 24.1977214649951 24.0071681689632 23.9726622389215 23.9815617531202 24.0266896128381 23.9472322812035 23.835774392 23.976908289287 24.0304127893428 23.94822947 24.0252375108242 24.8910082629073 25.3033594714954 25.36784702 25.405291838 25.4821832807592 25.551730498 25.658873338 25.766016178 25.7882385977871 25.7165313721712 25.787444698 25.894587538 25.98392351 25.9853500120045 26.0108664180745 26.0484112599211 26.014225248 26.0524987058377 25.9482444902039 25.88392351 25.825050412 25.651891634 25.510764732 25.4710138284124 25.4537890204541 25.4669768475042 25.5503185374625 25.4664205565791 25.4383294933792 25.3947287773375 25.5190964252959 25.5939802647459 25.58392351 25.480463474 25.3155859628709
25.8 25.7907570709678 25.7926518616835 25.7280856448326 25.5578189809861 25.428631312 25.40893365 25.314345632 25.005471934 24.8162218577573 24.8779115348941 24.762614894 24.5429150258032 24.278731176 24.09106635 24.0864449069247 24.033778240802 23.9398812577266 23.835774392 23.728631552 23.8041906127037 23.9040049369707 23.9973703925802 24.4028699347227 24.9565623820063 25.3442493196681 25.5186612553424 25.5854778889833 25.59106635 25.642796848 25.749939688 25.857082528 25.89106635 25.810764492 25.878511048 25.985653888 26.0015757920858 26.09106635 26.0924971685655 26.0979310651088 26.121368088 26.153621772 26.0870830661318 26.0350238421938 25.8785796705195 25.6679681239999 25.5934642508292 25.59106635 25.4318013976441 25.40893365 25.5103546590531 25.59106635 25.575050532 25.4931352634504 25.530301498 25.6 25.5593960844274 25.358364974753 25.2126078049213
25.6473712691659 25.7525953844729 25.8578194997799 25.7673581069131 25.4099823032122 25.223279282 25.20358162 25.0160994756851 24.6105009704874 24.808873698 24.9154428864717 24.9728442615428 24.8042635711501 24.4105342296863 24.1437894134639 24.2490135287709 24.2953640660778 24.228611152 24.121468312 23.9354614320012 23.8121053873884 23.894587778 24.2998504160803 24.6320711187734 25.0465449054662 25.3463182760001 25.530301978 25.6367742524548 25.7419983677618 25.7973447749312 25.857082528 25.8993914143172 25.9718488789898 25.917907332 25.8997751583963 25.994587538 26.0982401777823 26.1087143155248 26.19820919 26.19820919 26.1987518365543 26.1993294387527 26.1544202479403 25.8958581398998 25.8189014046948 25.766177314 25.69820919 25.7770727585947 25.7074079579017 25.69462757 25.5000309834843 25.50179081 25.532962007389 25.6736744495633 25.5987518322563 25.6 25.5992015283577 25.4938227676646 25.39641838
25.5974939654779 25.808813986 25.964225848 25.9428686033411 25.7722161005616 25.560803444 25.09354241432 24.8530609021995 24.7299439578818 24.9275016100419 25.1168737479187 25.1615122677167 24.9538298702019 24.6254828407376 24.3136697323227 24.359666153383 24.464225608 24.4428688304963 24.3336292965641 24.225049932 24.3021571266305 24.5947570577451 24.812434678 24.9279760658659 25.137384626 25.3504308219866 25.5606039560001 25.737444818 25.844587658 25.9027686317721 25.90535203 25.90535203 26.047754573409 26.0239959215307 26.092796728 26.010764492 26.1018229883497 26.20535203 26.204494845771 26.223158898 26.3 26.2979959549521 26.1584993840123 25.9486401577089 25.9664262521331 25.7412882779999 25.6824262877462 25.8627117626283 25.821915649251 25.81070406 25.8106114624952 25.7969539364444 25.7098468886159 25.70535203 25.7037302847366 25.7 25.655412822 25.6 25.596849106978
25.744588138 25.903461956 26.058873818 26.1 26.1091411841678 25.951890194 25.6720116586246 25.63748461 25.273238362 25.1705341918828 25.1530203247968 25.3057874683478 25.2378693087461 24.897061800637 24.617886452 24.5430832846106 24.5765071409646 24.6207435356078 24.4878123781801 24.3471488692476 24.5545461600261 24.800317925794 25.014225488 25.1224770550416 25.2550211203861 25.4327603038138 25.5568177632415 25.724949948 25.8376639579032 25.951730498 26 26.0082486356201 26.085653888 26.11249487 26.189013466663 26.1290496418186 26.1153070005552 26.2772276541078 26.2859851276262 26.235653768 26.3087087072292 26.2485194679705 26.0064502776617 25.9741492724878 26.1029213888198 25.8564358005294 25.8655199775906 25.922528452777 26.0015081266507 26.01249487 25.9984860404939 25.9113862029338 25.883984182 25.8 25.769698502 25.7 25.655412822 25.6 25.541127142
25.783863558 25.9427373760001 26.0865877683553 26.11963771 26.1784303579453 26.0709344045193 25.951830242 25.9207004993304 25.837544562 25.7090084012384 25.3950432687156 25.4157736530212 25.4846216456944 25.284023014 25.114325232 24.903720916 24.7242288624572 24.766016418 24.7555743478484 24.578671224 24.53927542 24.8619019113827 25.0827726154881 25.2356420820511 25.419161532154 25.5287335587179 25.5713632643083 25.6300915132311 25.7607816110262 25.9327724483576 26.0231227507675 26.0923275324113 26.1640632164126 26.18036229 26.18036229 26.274949828 26.2172277187729 26.0998512228186 26.3031451870235 26.3382487307716 26.3756488294334 26.1919191709151 25.9697948921567 26.1251996098069 26.1268656525065 26.0326017284582 26.03927542 26.119577038 26.1221033309269 26.1010629307219 26 25.991127022 25.883984182 25.8 25.769698502 25.7 25.655412822 25.6 25.541127142
25.998149238 26.1431692155713 26.2425472822664 26.2535611 26.2339685840584 26.22678055 26.139335372 26.032192532 26.025049692 25.9202832771297 25.837544562 25.7535611 25.723258882 25.578670984 25.3850914333643 25.1309540098445 24.8438987199792 24.7842183983386 24.873159258 24.7824064910118 24.7535611 24.848148878 25.0047283849812 25.2868456297129 25.4287883771417 25.485634976 25.6436330349542 25.6535611 25.6862079379555 25.8542646202358 26.0751995222803 26.1641183955574 26.100060432 26.07321945 26.07321945 26.167806988 26.2426379802364 26.051023907417 26.3117268695793 26.37321945 26.381334422096 26.3725832859336 26.2941338877712 26.2535611 26.2262210808929 26.255458706716 26.2607493268783 26.2908522880814 26.212555542 26.105412702 25.9995366595278 25.9667227043098 25.883984182 25.8 25.769698502 25.7 25.655412822 25.6 25.541127142
26.2312325000526 26.319577758 26.3867766082239 26.4 26.3764768656572 26.3406055047011 26.246478212 26.1714228342394 26.166115922 26.06784678 26.051830242 25.9599903338795 25.903621172 25.7717359070611 25.5189573594686 25.1445492580016 24.9279029530562 24.8563785889422 24.8822645475876 24.9 24.9 24.9625003971767 24.9666024245322 25.0020087896532 25.0386804235751 24.9941842254088 25.2892967444282 25.5709047998696 25.6831041848848 25.751134415171 25.891026558 25.998169398 25.9838122209963 25.96607661 25.96607661 26.060664148 26.0666636128774 26.1147363396524 26.26607661 26.2739328932882 26.3200223612415 26.3787790802288 26.4 26.4175486571694 26.4728247373604 26.4776051558901 26.392917832 26.285774992 26.2082962765207 26.105412702 25.998269862 25.8969899850684 25.8554939004018 25.7921437981279 25.7460544073424 25.7 25.655412822 25.6 25.5610988112235
26.4183106673038 26.4503092831865 26.400059952 26.3860443226126 26.4431156502845 26.4445857176369 26.353621052 26.34106623 26.3400461701273 26.2784883667698 26.225049692 26.117906852 26.023207990539 25.9139328547162 25.6582695454896 25.326940246 25.0402081450493 24.9139557759463 24.9 24.9 24.8640896606375 24.8200901355346 24.687344897295 24.254196301356 24.1531672286775 24.636728587123 24.9336253758202 25.1760470178341 25.4920332823718 25.5735926581336 25.717807108 25.7707292370106 25.6866703582071 25.7195565114011 25.73573508 25.8691661539064 25.9613747490094 26.1052293218877 26.1655109612152 26.2136484116819 26.2713775514211 26.337444578 26.4 26.4304865912701 26.45893377 26.392917832 26.3158185440387 26.219698382 26.1640898577554 26.064346472 25.9579141344504 25.891127022 25.8 25.776841342 25.7 25.6846230220349 25.632656865068 25.6 25.6
26.3214564546602 26.3767899053957 26.292917112 26.3496336048669 26.4 26.480302338 26.4547113290736 26.4026090661908 26.35179093 26.3471951592804 26.291704886016 26.2362146127516 26.1818097225128 26.035873896 25.7375378630416 25.4448077859999 25.2085264792886 25.1104366931651 25.0222974841986 24.99641814 24.8246604192562 24.6142124457851 23.9116971662152 23.5849393543147 23.9307250572569 24.4252694290499 24.8308232426439 25.261884744958 25.496378588 25.4769745540235 25.3808901918167 25.4556492593168 25.4604512169947 25.4890925891965 25.5843125513402 25.785593216 25.9508356268588 26.1042776958769 26.1565039353875 26.1776706213039 26.1484917840837 26.289235508 26.3732861095548 26.4 26.371617826974 26.3176006617616 26.2647308335028 26.171489312 26.064346472 25.957203632 25.85179093 25.8471955321751 25.8 25.776841342 25.7 25.662555662 25.6 -9999 -9999
26.0537920699836 26.1912124387694 26.2509498375059 26.3873852260001 26.4958470894894 26.5021084022847 26.5 26.3530557074058 26.2990419370376 26.2397363286693 26.1981616396989 26.24464809 26.2478915848707 26.1844698456072 25.932292036 25.610863516 25.4334680800917 25.41070382 25.3453753972897 25.2325101499739 24.7547592324745 24.039039853753 23.292355212589 23.5005997630281 23.9497353422914 24.5372846420001 24.9858721947725 25.344140612082 25.3458671766909 25.2093023220865 25.2224265163826 25.5042830465682 25.605746020799 25.5641467541685 25.7786436165368 25.947522887095 26.057082288 26.1593136323586 26.2088651940097 26.2090341139999 26.1159553860001 26.292796488 26.3505793530346 26.34464809 26.3183623762192 26.3 26.226841222 26.119698382 25.9641533643078 25.850060792 25.8 -9999 -9999 -9999 -9999 -9999 -9999 -9999 -9999
