catData/variables/futureClimate2070/rcp45/bcc_csm1_1_m_2070_rcp45/bio17.asc
NCOLS 409 
NROWS 350 
XLLCORNER 60.897278365 
YLLCORNER 5.843756025 
CELLSIZE 0.0892857 
NODATA_value -9999 
[rows 81 to 107 of 350, columns 0 to 60 of 409]
1 0.734508978582845 -9999 -9999 -9999 -9999 -9999 -9999 -9999 -9999 -9999 -9999 -9999 -9999 -9999 -9999 -9999 -9999 -9999 -9999 -9999 -9999 -9999 -9999 -9999 -9999 -9999 -9999 -9999 -9999 -9999 -9999 -9999 -9999 -9999 -9999 -9999 -9999 -9999 -9999 -9999 -9999 -9999 -9999 -9999 -9999 -9999 -9999 -9999 -9999 -9999 -9999 -9999 -9999 -9999 -9999 -9999 -9999 2.94590177999994 3.01206877721156 3.72334920074334
1.7678307 1.09637582132843 1 0.754516684584567 0 -9999 -9999 -9999 -9999 -9999 -9999 -9999 -9999 -9999 -9999 -9999 -9999 -9999 -9999 -9999 -9999 -9999 -9999 -9999 -9999 -9999 -9999 -9999 -9999 -9999 -9999 -9999 -9999 -9999 -9999 -9999 -9999 -9999 -9999 -9999 -9999 -9999 -9999 -9999 -9999 -9999 -9999 -9999 -9999 -9999 -9999 -9999 -9999 -9999 -9999 1.06231039075302 1 1.87447338000017 2.94590177999994 3.01733018000021 4
-9999 -9999 1.83925909999998 1.82191931999974 0.839259099999983 0.839259099999983 0.839259099999983 0.839259099999983 0.839259099999983 -9999 -9999 -9999 -9999 -9999 -9999 -9999 -9999 -9999 -9999 -9999 -9999 -9999 -9999 -9999 -9999 -9999 -9999 -9999 -9999 -9999 -9999 -9999 -9999 -9999 -9999 -9999 -9999 -9999 -9999 -9999 -9999 -9999 -9999 -9999 -9999 -9999 -9999 -9999 -9999 -9999 -9999 2 2 2 1.33981181999981 1 1 1.87447338000017 2.94590177999993 3.01733018000021 4.1489828919364
-9999 -9999 -9999 1.99845134089873 1.82984742807621 1 1 1 1 1 1 -9999 -9999 -9999 -9999 -9999 -9999 -9999 -9999 -9999 -9999 -9999 -9999 -9999 -9999 -9999 -9999 -9999 -9999 -9999 -9999 -9999 -9999 -9999 -9999 -9999 -9999 -9999 -9999 4 4 4 4 4 4 3 -9999 3 2.97931363702374 2.91068750000005 2.56965818092623 2 2 2 1.94103694317376 1.24441342580131 1 1.87447338000017 2.94590177999993 3.9438000582992 5.83722950135261
-9999 -9999 -9999 2 1.99841246099206 1.82478429165638 1 1 1 1 1 1 1 1 -9999 -9999 -9999 -9999 -9999 -9999 -9999 -9999 -9999 -9999 -9999 -9999 -9999 2 2 2.8588389247812 2.9821159 3.96454182051582 -9999 -9999 -9999 -9999 -9999 4 4 4 4 4 4 4 4 3.96509329759374 3 3 3 3 2.99330285916382 2.9821159 2.9821159 2.9821159 2.9821159 2.25049932000004 1.9821159 1.99775506937526 2.94590177999993 4.99975601467235 6
-9999 -9999 -9999 -9999 2.08401514993971 2.79483673373851 1.76837501999986 1 1 1 1 1 1 1 1 1 1 1.06995336212425 2 2 2 2 2 2 2 2 2 2 2.80304978000014 2.95317667798663 2.94645570000001 3.94738388936964 4 4 4 4 4 4 4 4 4 4 4 4 4 4 3.91123901999999 3 3 3 3 3 3 3 3 3 3 3.04682306500073 4.89470021132102 5.06994654764322 6.08875858000015
-9999 -9999 -9999 -9999 -9999 2 1.76837501999986 1 1 1 1 1 1 1 1 1.10928619918019 1.12497270000001 2 2 2 2 2 2 2 2 2 2 2 2.7026904807591 2.10983501924556 2 2.89236228000017 3.88612029925972 4 4 4 4 4 4 4 4 4 4 4 4 4 3.91123901999999 3 3 3 3 3 3 3 3.08250549936272 3.12497270000001 3.12497270000001 3.99944608000018 5.07087447999995 6 6.08875858000015
-9999 -9999 -9999 -9999 -9999 1.83506168452824 1.76837501999986 1 1 1 1 1 1 1 1 1.87448058000008 2 2 2 2 2.04549092949688 2.1964011 2.12285293784068 2 2 2 2 2 2 2 2 2.01393037085967 2.87492905452831 3.63865964180297 3.8035989 3.8035989 3.8771465907967 4 4 4 4 4 4 4 4 4 3.91123901999999 3 3 3 3.07354721943405 3.1964011 3.1964011 3.1964011 3.72692759524115 4 4.15771891742151 5.07087448000017 5.95652672991599 6.00340366641524 6.26772739725368
-9999 -9999 -9999 -9999 -9999 -9999 1.56258152258084 1 1 1 1 1 1 1 1 1.87448058000008 2 2 2 2 2.16958722021004 2.73217050000004 2.45798774510571 2 2 2 2 2 2 2 2 2 2 2.11728769565852 2.79420521699938 3 3.27418099768516 3.73217050000004 3.73217050000004 3.73217050000004 3.90898901294618 4 4 4 4 4 3.91123901999999 3 3.06203407420856 3.26782949999996 3.54200874047591 4 4 4 4 4 4.80304498000016 5.87447338000017 6 6.01733018000021 7
-9999 -9999 -9999 -9999 -9999 -9999 -9999 1 1 1 1 1 1 1 1 1.87448058000008 2 2 1.96988550788532 1.66074209999999 1.66074209999999 1.66074209999999 1.66074209999999 1.66074209999999 1.83625248602083 2 2 2 2 2 2 2 2 2 2.23162018000017 3 3 3 3 3 3.43621571022955 3.90894961875493 4 4 4 4 3.94135188367674 3.33925790000001 3.49229751835469 4 4 4 4 4 4 4.24820670453598 4.86986352647977 5.87447338000017 6 6.01733018000021 7
-9999 -9999 -9999 -9999 -9999 -9999 -9999 1 1 1 1 1 1 1 1 1.87448058000008 2 1.5893137 1.53700280975478 1 1 1 1 1 1.30487329837968 1.83111124693129 2 2 2 2 2 2 2 2 2.23162018000017 3 3 3 3 3 3 3.73161897999998 4 4 4 4.00711825314975 4.37423338153942 4 4 4 4 4 4 4.24179557563706 4.4106863 4.84183797374112 5.32979957156984 5.92602544311941 6 6.01733018000021 7
-9999 -9999 -9999 -9999 -9999 -9999 -9999 -9999 1 1 1 1 1 1 1 1.87448058000008 2 1 1 1 1 1 1 1 1 1.58876458000008 2 2 2 2 2 2 2 2 2.11995268640544 2.66398947523215 3 3 3 3 3 3.73161897999998 4 4 4.45603430996941 4.48273469678614 4.47191729324442 4.07722965488188 4.37044836348051 4 4 4 4.24941306306926 4.78702473529328 5 5 5.41588519038089 5.93948177125677 6 6.01733018000021 7
-9999 -9999 -9999 -9999 -9999 -9999 -9999 -9999 -9999 1 1 1 1 1 1 1.87448058000008 2 1 1 1 1 1 1 1 1 1.58876458000008 2 2 2 2 2 2 2 2 2 2.30304858000002 3 3 3.28636654431592 3.55354310000001 3.55354310000001 3.88017944179196 4 4.48406003413614 4.97584854789983 4.43871865006408 4 4.07151765400772 4.34304954395621 4 4.20728781988443 4.55354310000001 4.78450926418751 5 5 5 5 5.87447338000017 6 6.01733018000021 7
-9999 -9999 -9999 -9999 -9999 -9999 -9999 -9999 -9999 -9999 1 1 1 1.45724401122229 1.6249715 1.95292664019656 2 1 1 1 1 1 1 1 1.32332036841889 1.84577499729056 2 2 2 2 2 2 2 2 2.14475601132497 2.92802008000001 3.6249715 3.6249715 3.81898641151273 4 4 4 4.50188172564979 4.95292484005974 5 4.61413913147838 4 4 4 4.18939522568386 4.76541014002555 5 5 5 5 5 5 5.3279524399914 5.3750285 6.01733018000021 7
-9999 -9999 -9999 -9999 -9999 -9999 -9999 -9999 -9999 -9999 -9999 1 1 1.73162378000004 2 2 2 1.68432615030159 1 1 1 1 1 1.31053013340134 1.85346321598163 2 2 2 2 2 2 2 2 2.11155753957284 2.92802008000017 3.78840547919286 4 4.31052846204162 4.6963999 4.28638597672412 4 4 4.2438052648728 4.91258494574444 5 4.98266741999976 4 4 4.16129859883038 4.78840475055261 5 5 5 5 5 5 5 5 5 5.33299901561934 7
-9999 -9999 -9999 -9999 -9999 -9999 -9999 -9999 -9999 -9999 -9999 -9999 -9999 1.73162378000004 2 2 2 1.99597475101181 1.76782830000001 1.76782830000001 1.76782830000001 1.76782830000001 1.76782830000001 1.87135546732587 2 2 2 2 2 2 2 2 2 2.16019178000003 3.23162018000017 4 4 4.10352661011379 4.23217169999999 4.09547778377366 4 4 4 4.20302852845142 4.23217169999999 4.21483911999975 3.30032489237973 4 4.05377509373288 4.46485913321088 5 5 5 5 5 5 5 5 5 5.02135375735217 6.30032304959192
-9999 -9999 -9999 -9999 -9999 -9999 -9999 -9999 -9999 -9999 -9999 -9999 -9999 -9999 -9999 -9999 -9999 2 2 2 2 2 2 2 2 2 2 2 2 2 2 2 2 2.16019178000003 3.03723139207982 3.1607433 3.47502561446084 4 4 4 4 4 4 4 4 4.82192411999976 3.85352443283643 4 4 4.04871264302559 4.1607433 4.53497036351514 5 5 5 5 5 5 5 5.84204241032282 6.08875858000015
-9999 -9999 -9999 -9999 -9999 -9999 -9999 -9999 -9999 -9999 -9999 -9999 -9999 -9999 -9999 -9999 -9999 -9999 2 2 2 2 2 2 2 2 2 2 2 2 2 2 2 2.16019178000003 3 3 3.033446374021 3.49539428557604 4 4 4 4 4 4.79637206315692 4.91068510000002 4.98266741999976 4 4 4 4 4 4.4459029800002 5 5 5 5 5 5 5 5.10509723670649 6.00792746369685
-9999 -9999 -9999 -9999 -9999 -9999 -9999 -9999 -9999 -9999 -9999 -9999 -9999 -9999 -9999 -9999 -9999 -9999 -9999 2 2 2 2 2 2 2 2 2 2 2 2 2.98211350000001 2.98211350000001 2.98497877027298 3 3 3 3.44590538000023 4 4 4.64838208119105 4.98211350000001 4.98211350000001 4.99775481103897 5 4.99968998080783 4.89494014326877 4 4 4 4 4.4459029800002 5 5 5 5 5 5 5 5.98242347626458 6
-9999 -9999 -9999 -9999 -9999 -9999 -9999 -9999 -9999 -9999 -9999 -9999 -9999 -9999 -9999 -9999 -9999 -9999 -9999 -9999 2 2 2 2 2 2 2 2.03917239876582 2.81359486898435 3 3 3 3.00475256001562 3.0535419 3.0535419 3.0535419 3.42801888000008 4.4755726587348 5 5 5 5 5 5 5 5 4.91599145151506 4.04496505623498 4 4 4 4.42202848723533 4.97415700501482 5 5 5 5 5 5.94590177999994 6 6.00950460602902
-9999 -9999 -9999 -9999 -9999 -9999 -9999 -9999 -9999 -9999 -9999 -9999 -9999 -9999 -9999 -9999 -9999 -9999 -9999 -9999 -9999 2 2 2 2 2 2.08250451476853 2.765160736655 3.10035737192157 3.12497030000003 3.12497030000003 3.12497030000003 3.20264089377244 4 4 4.03787207195718 4.45264877946639 5 5 5 5 5 5 5 5 5 5 4.85982953487542 4.09602495654806 4 4 4 4.45268032224195 4.87502969999997 4.95753361491107 5 5 5 5.82769215078278 6 6.16642497363011
-9999 -9999 -9999 -9999 -9999 -9999 -9999 -9999 -9999 -9999 -9999 -9999 -9999 -9999 -9999 -9999 -9999 -9999 -9999 -9999 -9999 2.05951881850573 2.19639869999997 2.19639869999997 2.29800285321492 2.39279739999994 2.92332933697896 3.19639869999997 3.84173054717282 4 4 4 4 4.03146145734269 4.19639869999997 4.43992893285115 5 5 5 5 5 5 5 5 5 5 5 5 4.76838221999978 4 4 4 4 4 4.5305280796928 4.80360130000003 4.80360130000003 4.97534673501664 5 6 6.07132651027428
-9999 -9999 -9999 -9999 -9999 -9999 -9999 -9999 -9999 -9999 -9999 -9999 -9999 -9999 -9999 -9999 -9999 -9999 -9999 -9999 -9999 2.75753991487451 3.26782710000002 3.26782710000002 3.64660663118555 4 4 4 4 4 4 4 4.02377323865161 4.3851151801188 5 5 5 5 5 5 5 5 5 5 5 5 5 4.9570969429038 4.56258863832566 4 4 4 4 4 4 4 4 4.64026571060751 5.23884916124446 6.00464149185194 6.26782710000002
-9999 -9999 -9999 -9999 -9999 -9999 -9999 -9999 -9999 -9999 -9999 -9999 -9999 -9999 -9999 -9999 -9999 -9999 -9999 -9999 -9999 4 4 4 4 4 4 4 4 4 4 4.33925550000003 4.39790541513646 5 5 5 5 5 5 5 5 5 5 5 5 5 5 4.83981062 4 4 4 4 4 4 4 4 4 4.29666990376867 5.58925429735031 6.35070632111918 7
-9999 -9999 -9999 -9999 -9999 -9999 -9999 -9999 -9999 -9999 -9999 -9999 -9999 -9999 -9999 -9999 -9999 -9999 -9999 -9999 -9999 4.41068389999997 4.25689124775199 4 4 4 4.27113062777907 4.41068389999997 4.41068389999997 4.41068389999997 4.41068389999997 5 5 5 5 5 5 5 5 5 5 5 5 5 5 5 4.96354729456578 4.49491391931701 4 4 4 4 4 4 4 4 4 4.51534124185554 4.97778273202732 6.58931610000003 6.55286438020711
-9999 -9999 -9999 -9999 -9999 -9999 -9999 -9999 -9999 -9999 -9999 -9999 -9999 -9999 -9999 -9999 -9999 -9999 -9999 -9999 -9999 5 4.80606173519436 4.4821123 4.4821123 4.4821123 4.82401812396843 5 5 5 5 5 5 5 5 5 5 5 5 5 5 5 5 5 5 5 4.91123901999999 4 4 4 4 4 4 4 4 4 4 4 4.48987089727008 5.50953260706069 4.98980842314846
-9999 -9999 -9999 -9999 -9999 -9999 -9999 -9999 -9999 -9999 -9999 -9999 -9999 -9999 -9999 -9999 -9999 -9999 -9999 -9999 -9999 5.38578964839511 5 5 5 5 5 5 5 5 5 5 5 5 5 5 5 5 5 5 5 5 5 5 5 5 4.96037183500188 4.46486935846226 4 4 4 4 4 4 4 4 4 4 4.52359513343243 4.98266981999979 4
