catData/variables/futureClimate2070/rcp45/bcc_csm1_1_m_2070_rcp45/bio10.asc
NCOLS 409 
NROWS 350 
XLLCORNER 60.897278365 
YLLCORNER 5.843756025 
CELLSIZE 0.0892857 
NODATA_value -9999 
[rows 52 to 77 of 350, columns 58 to 115 of 409]
-9999 -9999 -9999 -9999 -9999 -9999 -9999 -9999 -9999 -9999 -9999 -9999 -9999 -9999 -9999 -9999 -9999 -9999 -9999 -9999 -9999 -9999 -9999 -9999 -9999 -9999 -9999 -9999 -9999 -9999 -9999 -9999 -9999 -9999 -9999 25.2355766809837 23.9749607743879 25.814795436758 26.8441104698386 27.3709070318715 27.5120823246771 27.9574720634593 29.4792756695491 30.956107367296 32.1422880542097 33.5270449661341 33.9244728500755 34.6935543624359 35.6903618107209 35.98749361 35.780564898 35.4623904669394 35.1604490338607 34.6750677343643 34.2765360924306 34.1469349212843 34.1020300804969 34.664946893072
-9999 -9999 -9999 -9999 -9999 -9999 -9999 -9999 -9999 -9999 -9999 -9999 -9999 -9999 -9999 -9999 -9999 -9999 -9999 -9999 -9999 -9999 -9999 -9999 -9999 -9999 -9999 -9999 -9999 -9999 -9999 -9999 -9999 -9999 -9999 26.7901459945779 26.903746227563 28.4944250882894 29.2262449301757 29.3348418666659 28.9305194675957 28.8564564318919 31.1815019384544 31.9016662337349 32.3269463608834 33.7948265044617 34.7890591280971 35.433484532477 35.980474100768 36.1 36.001151256173 35.7144230385478 34.578886527392 34.4183302959786 34.5625331221099 34.322454695966 34.1101444030095 35.4840637651568
-9999 -9999 -9999 -9999 -9999 -9999 -9999 -9999 -9999 -9999 -9999 -9999 -9999 -9999 -9999 -9999 -9999 -9999 -9999 -9999 -9999 -9999 -9999 -9999 -9999 -9999 -9999 -9999 -9999 -9999 -9999 -9999 -9999 -9999 -9999 28.6423385867551 28.268505329969 28.7828054983282 29.9057198781558 30.7270911958679 31.2423173905203 30.6615153900678 31.0069436453208 31.9194681980198 33.552788732 34.9506763089737 35.6944494614611 36.0726620180387 36.1622608474849 36.1425462733621 36.0879896247607 35.990571153767 35.5224288801144 35.3137815753206 34.6732966817238 34.8377410717482 35.2318504729763 35.9758557367591
-9999 -9999 -9999 -9999 -9999 -9999 -9999 -9999 -9999 -9999 -9999 -9999 -9999 -9999 -9999 -9999 -9999 -9999 -9999 -9999 -9999 -9999 -9999 -9999 -9999 -9999 -9999 -9999 -9999 -9999 -9999 -9999 -9999 -9999 -9999 30.1319440936582 30.0763001030969 30.2171542902167 30.7738782728156 32.0639829072284 32.8317418263641 32.6499062556514 32.5650631982599 33.6693956985966 35.0545298944146 35.9271890559408 36.2345230682325 36.28392639 36.2524988960472 36.1928328837083 36.1405094405362 36.041124982 35.9233706889747 35.7872465614604 35.6771905778281 35.7432305885531 35.8465609220202 35.914341552
-9999 -9999 -9999 -9999 -9999 -9999 -9999 -9999 -9999 -9999 -9999 -9999 -9999 -9999 -9999 -9999 -9999 -9999 -9999 -9999 -9999 -9999 -9999 -9999 -9999 -9999 -9999 -9999 -9999 -9999 -9999 -9999 -9999 -9999 -9999 31.2958892633449 31.8728846773299 32.0012663930311 31.5728909184168 32.8347332366922 33.2199075282869 33.8125456107365 33.126484510444 33.0316467695995 35.0058759338381 35.8950903724524 36.3 36.3 36.262553502 36.2 36.148267822 36.041124982 35.933982142 35.8934661863312 35.8982409542806 35.9 35.9 35.8087760838837
-9999 -9999 -9999 -9999 -9999 -9999 -9999 -9999 -9999 -9999 -9999 -9999 -9999 -9999 -9999 -9999 -9999 -9999 -9999 -9999 -9999 -9999 -9999 -9999 -9999 -9999 -9999 -9999 -9999 -9999 -9999 -9999 -9999 -9999 -9999 -9999 32.3017517285269 32.8406197671957 32.9441479292409 32.6842636258932 32.611431889324 33.2244173903173 30.5103468292247 31.4784781672441 34.4365171515291 34.9570729976595 36.2472813675735 36.39821207 36.360765572 36.2544199581509 36.148267822 36.041124982 35.933982142 35.8281473640678 35.80178793 35.80178793 35.80178793 35.8
-9999 -9999 -9999 -9999 -9999 -9999 -9999 -9999 -9999 -9999 -9999 -9999 -9999 -9999 -9999 -9999 -9999 -9999 -9999 -9999 -9999 -9999 -9999 -9999 -9999 -9999 -9999 -9999 -9999 -9999 -9999 -9999 -9999 -9999 -9999 31.6694929047448 31.9229685054676 32.4393890109219 32.2218085839999 31.3189268305459 32.3713298453844 31.638406315853 29.1345897692531 31.6884438209713 34.5456523209569 35.4182917523058 36.1653677849592 36.4 36.362553502 36.2577983809195 36.153622732 36.046479892 35.9358018551202 35.826839302 35.719696462 35.7046826748402 35.7948789605064 35.8
-9999 -9999 -9999 -9999 -9999 -9999 -9999 -9999 -9999 -9999 -9999 -9999 -9999 -9999 -9999 -9999 -9999 -9999 -9999 -9999 -9999 -9999 -9999 26.8323536125513 26.9612910024635 27.0707310056175 27.1979148542288 27.2468532793914 27.5219385100182 -9999 -9999 -9999 -9999 -9999 29.9596577806352 29.4061365654727 30.5553974306472 32.2046556248866 31.9956287518995 32.21731957584 32.27465730053 29.8233659346195 29.1557374118336 28.7282582408205 33.9859593287128 35.2591478677726 36.0638337653948 36.4 36.3672334717038 36.3069250860101 36.248267822 36.141124982 35.9762150308482 35.839337052 35.7422303474204 35.8015130482935 35.8006762260074 35.8
-9999 -9999 -9999 -9999 -9999 -9999 -9999 -9999 -9999 -9999 -9999 -9999 -9999 -9999 -9999 -9999 -9999 -9999 -9999 -9999 -9999 26.9859961813298 27.0501223877616 27.1258743628274 26.8276436974569 26.9941920359797 27.4232874290711 27.6387465083047 27.8109452164672 28.1482841506852 -9999 -9999 28.3819265630901 28.6169335859523 28.5236352738578 28.4993894373614 31.0729375339037 32.1564004577535 32.3399317855858 32.0956164853999 30.2087137534208 29.1361395150459 29.9871672702901 26.7429986041725 33.0308491229332 35.2297338073853 35.7579289499122 36.3648854988911 36.41964059 36.375051252 36.267908412 36.160765572 36.053622732 35.9608490847353 35.9235090913459 35.9024656054272 35.8239886624916 35.81964059
-9999 -9999 -9999 -9999 -9999 -9999 -9999 -9999 -9999 -9999 -9999 -9999 -9999 -9999 -9999 -9999 -9999 -9999 -9999 27.159521535235 27.17321657 27.1405694346911 27.2136306332723 27.335418587794 27.3334607280362 27.5070768182064 27.7496041126554 27.8865513519985 27.8493312688979 28.3357865586927 28.827571542577 28.6559498836892 28.8748637584867 28.8109380498592 27.8829820563141 29.3304354704398 31.2843533383767 31.4299440471925 32.0845402362608 31.3973112015337 27.7816683176788 28.0836858334389 29.4623093898547 23.989139982401 32.1171192754947 34.57295617 35.2182711985237 36.1278792771394 36.5 36.4673532161307 36.375051252 36.267908412 36.160765572 36.12678343 36.046479892 35.939337052 35.92678343 35.92678343
-9999 -9999 -9999 -9999 -9999 -9999 -9999 -9999 -9999 -9999 -9999 -9999 -9999 -9999 -9999 -9999 -9999 27.2820283380673 27.01287431101 26.910410087679 26.8581853843156 27.0096779061416 27.0134208463062 26.9832218971693 27.1732741751988 27.3870978155669 27.4866357759351 27.9387898034549 27.908871683007 28.2045789215987 28.6354892546278 28.2004728418694 27.6827030024317 28.21845559616 28.9231665048803 29.9911995283691 30.6575090147396 31.2716503630232 32.1185196550022 30.8723512003958 27.9474483114441 28.7665518263714 28.616537682699 26.2269140533239 31.5483459921579 34.210916894789 35.0023685703512 35.9200236603341 36.5 36.5 36.4658186203852 36.3950253495692 36.301834682 36.2430318440626 36.153622732 36.0761471863055 36.0357619465104 36.03392627
-9999 -9999 -9999 -9999 -9999 -9999 -9999 -9999 -9999 -9999 -9999 -9999 -9999 -9999 -9999 -9999 -9999 26.2332928350907 26.1476198324836 26.310764972 26.3821665782405 26.751631234 26.8264022326598 26.6580139689633 26.8369602081467 27.2685543580104 27.6746668379474 28.0712334955715 27.9016743010377 28.0496018949448 28.1211773107835 27.1327194065637 27.9418819981282 28.1538967487961 28.4655295443716 30.2482552343254 31.6001896457296 32.298884241292 31.9368850256997 29.8341497584169 28.0651395251821 28.6851820842953 28.7381520790884 28.0301013081332 30.2738863430729 33.8626753030231 35.1442174340001 35.971056496 36.4896887769095 36.54106911 36.54106911 36.54106911 36.475051252 36.367908412 36.260765572 36.24106911 36.146479892 36.14106911
-9999 -9999 -9999 -9999 -9999 -9999 -9999 -9999 -9999 -9999 -9999 -9999 -9999 -9999 -9999 -9999 -9999 -9999 26.1641634344778 26.417907812 26.423105906 26.681981404 26.8731532732086 26.892213006632 27.0236692577852 27.3907251457729 27.7882434429693 27.8136532274555 27.3730420035245 27.8109994147085 27.2327747244661 27.5167054814696 28.1692486442975 28.2826235662508 29.5482319025776 31.2614486887473 32.1872476715002 32.0147163165573 30.6582271872089 29.4759565565946 28.6918833078352 28.3356329372405 29.8456977821586 29.1549378111015 28.1982261223803 33.4521411684557 34.9071518480188 35.6812938437726 36.414576469785 36.6214973893419 36.64821195 36.64821195 36.582194092 36.475051252 36.4066243135888 36.3542642959618 36.253622732 36.24821195
-9999 -9999 -9999 -9999 -9999 -9999 -9999 -9999 27.9395694789763 27.4512440262617 27.2242361979356 27.3954440835254 -9999 -9999 -9999 26.5284776107538 26.3096919177694 26.1735613979158 26.0832373776075 26.0604071259024 26.142765216 26.3769581138847 26.564249128 26.7628578742793 26.8608009732772 26.5985018715657 26.3616571953726 26.617275977645 26.9933884608953 27.1484500760304 27.4078442226104 27.8502083383861 28.0076775243183 29.0850021168036 30.4883650436366 31.3766793667363 31.6184069398126 30.5695344071442 29.2420778206483 29.1150560500403 28.2998139363695 29.2980932994122 30.7687313084295 28.2997518767212 28.7178672959687 33.4133578961684 34.8562272156677 35.4383714492554 36.3012617029908 36.6752617935877 36.7 36.7 36.6705261886584 36.582194092 36.5109029351775 36.4609593809045 36.360765572 36.35535479
-9999 -9999 -9999 -9999 -9999 -9999 -9999 27.0107876569314 27.5935771572787 27.504933840895 27.0691969241709 26.8003488730268 26.4789996660391 26.325078972 26.1706321958739 26.3497376397178 25.589530708 25.1949966730628 25.0172568410183 24.8288176336646 24.9291865148361 25.6795638054714 25.941410248372 26.1898401830993 26.3040133052308 26.275905713961 26.3427674623581 26.8324886442405 27.5975633445258 28.1008288417338 28.1222560154823 27.7594146961453 27.6047855093368 29.0371556907144 30.7104701177624 31.339178130184 30.9973483703833 29.5962049710936 29.0610321842108 28.9363012339854 28.1899515860502 29.9160428816441 31.7363805981977 30.0577291452218 30.7562171469063 33.5897225196326 34.8063417080318 35.5295463878934 36.2387223122321 36.6653696494827 36.7323313851974 36.76249763 36.76249763 36.689336932 36.582194092 36.56249763 36.467908412 36.46249763
-9999 -9999 -9999 -9999 -9999 -9999 -9999 26.6158336743553 26.38040419957 26.117695691955 25.9328674740195 25.614470576 25.6285876322073 25.6861476920971 25.7569514673959 25.8125573432027 25.2857809821812 25.1486003149415 25.7738107150678 26.1428491735918 26.5644168566801 26.8717909680718 26.5500302231265 26.3985081848678 26.3289642671306 26.8866745930837 27.2409270753078 27.7766945729115 28.0492212641885 28.5417234319385 27.4755651645813 27.6957622034149 28.5266723318892 29.8823868880718 31.0548325702857 31.1069912884782 29.8966965075491 29.1313363736228 29.4063849968033 28.9696777656815 28.0064409791458 29.9092115124203 32.0922718566351 29.647572545876 30.3963092201838 32.6074412329466 34.6278008494448 35.2547232078584 36.0243508596173 36.6060010925531 36.7877587099004 36.86964047 36.8236653234049 36.7777887559425 36.7452606932898 36.6783828713628 36.575051252 36.5684342566681
-9999 -9999 -9999 -9999 -9999 -9999 26.8856995121162 26.5191277490733 25.7781761451134 24.9353341417666 24.72185356221 24.9620887130667 25.3490064213634 25.0406503535965 25.0076941726766 25.4604602830898 24.867028957733 24.1093062525763 24.188979716 25.0877880020104 26.3438534924236 27.4073010680344 27.9000392826536 27.8970738825736 27.6054275643831 27.2346077563457 26.9800970656664 27.8668488403805 27.7094835958264 28.6572473884916 28.8333695519659 28.6412043740664 29.6797369480734 30.7473399003961 30.8335056578422 30.4279762192274 29.8308296532515 29.3499253216387 28.8897637238786 28.3572041769406 28.2995009432484 30.5207341402168 31.7631358708385 29.4568645570784 29.5053930214053 32.526097815855 34.1497270546835 34.7980135109905 35.7834518620001 36.5383235648705 36.8405259873965 36.9452061875835 36.910765452 36.87678331 36.8151235954765 36.7796978455035 36.682194092 36.675051252
-9999 -9999 -9999 -9999 31.8760713290059 28.8590726567366 27.3405876610485 27.257713823189 26.494999599449 26.1314050174998 26.0891347271998 26.2761992557615 26.4618466159236 26.3333122751906 26.7075991662538 25.364881016321 23.4036827016178 24.1763033464617 26.8096379431043 27.7871984078014 28.4631661308789 29.0015078287636 29.3726148033917 29.3071138 29.2540553568869 29.2058271839203 29.0920338372053 29.0145066277694 29.2638389426242 29.7944434013559 30.0012696494801 30.1903033020039 30.5033741689347 30.700382961326 30.3078854174879 29.5182381075334 29.1049843134586 28.758575355342 28.7547117414102 28.9071537288364 29.6648518270799 31.0749063126962 31.6757487847842 30.4999876498205 29.4097686493249 32.0360768312164 33.783463622856 34.6114823604058 35.7580898238376 36.4764426546939 36.8951490033065 36.9933896320808 36.9893883885319 36.98392615 36.903622612 36.8105357716301 36.7847958709825 36.6997215915952
-9999 -9999 -9999 32.494556568162 30.3037955032743 28.3193508708155 29.3772060407059 29.1905086007661 28.8301475354128 28.8911949098067 28.8606333534091 28.5809797537886 28.5927530480001 28.2860901252013 26.9032073852574 23.9393368047414 24.0736393864105 27.7354352600599 28.9442982390432 29.1461871047375 28.846377988 29.0180222515228 29.4270200171261 29.8429899441582 29.95534495 29.9618789821233 29.957104000122 29.931915287102 29.9623431815494 30.092801528 30.2015296897934 30.2972045579542 30.1534223900304 29.8776726458392 29.7697996286763 29.2552302750103 28.7658201571503 29.3365617783075 29.6783061616052 29.8415007233112 30.4301313317744 30.8879735997842 31.4863652000941 30.3850326970758 28.1886939493115 30.5728659556606 33.9421952110284 34.6187794065371 35.4885287261519 36.5684598884715 36.903464356 37.0536168842549 37.09106899 37.0244422812544 36.9928280829909 36.903622612 36.8049275445185 36.79106899
-9999 -9999 33.3189291917297 30.8831935428325 28.15234041606 29.0614778220003 30.6424682066552 31.0252045299198 30.9650377235135 30.7931908039894 30.5417479395938 30.1818400285282 29.0511139391037 27.3337274700397 26.8174878203737 25.9623620529837 26.0828130603973 26.3474935506041 26.2661719965892 25.9027971109374 26.1493667966385 25.9233591510059 27.1211363694239 28.802686002089 29.5404046557708 29.6790056117634 29.7842325556413 29.80357634 29.80357634 29.8053954907247 29.7898780445403 29.5493036169064 29.2389719625458 29.4577509139357 29.8722150306604 30.0740531014308 30.123233202 30.2032440330098 29.836623213115 30.0368290721649 30.914849757799 31.2675160801891 32.3248742564445 31.1611017272352 29.838771602107 31.1477560133862 34.2112678895985 34.7491882390788 35.4742366752165 36.4588898813388 36.9508690672873 37.058875018 37.1 37.0986917623466 37.0193442557754 36.9984363101025 36.903622612 36.8
-9999 -9999 32.8378451376217 29.091426338324 28.1879033025128 30.7240138465005 31.3508451982077 31.3084322335413 31.0856392820613 30.748433038 30.3057213700376 29.3577417119999 28.1418664941183 27.7771093732527 27.1794930539339 25.8788355258248 24.5941024804891 23.599483421565 23.197661485244 24.4151722111726 25.280225912775 25.9600429231777 27.1740427955276 27.7041030958863 27.7696575497212 28.1501357314 28.3459852925181 28.4546466586713 28.5675266441819 28.5875866093851 28.8315725836095 29.186392408424 29.151545602 29.6834831429146 30.3497869520001 30.3913778585377 30.2300526554662 30.3151135284449 30.2034185030172 30.787052838006 31.5577451121436 31.6705607487198 32.2050190080159 32.4394686246346 31.4788482616312 32.2552230884124 34.2344824792537 35.1429182982324 35.4170635395778 35.9670319042849 36.9472572814157 37.0977978929264 37.103535038437 37.1014371560524 37.0239964514582 37.00535467 37.0002897295205 36.90535467
-9999 -9999 32.2343483004108 29.2940526044572 30.0026728589741 31.614019575329 31.5720232656285 31.2439392381697 30.804286423395 30.3983859579529 29.7716083911621 28.6802918454078 28.204360431326 27.1896432627207 26.1986994403157 25.7527143045954 24.4652762570347 24.1133518736577 23.4769896251295 23.8773287645535 25.0667119698201 26.1459490577083 27.1009602106409 27.7105151640008 27.8584905323603 27.9414378690734 27.8645570373998 28.0014376461768 28.1786904251005 28.3954953425491 28.9132069672532 29.6645857640182 30.2897297564604 30.5117198067318 30.4545001932165 30.6667166831525 30.6810372258872 30.557254464 30.7885942332013 31.242653712 31.4202777653141 31.142369227146 31.1118213269725 31.6171571720839 30.6222236498551 32.5368181351836 34.1747840717282 34.9359978293778 35.2561199853288 35.9364244520491 36.8073616702376 37.071372528 37.1702647795947 37.1359825675486 37.1024615673081 37.1 37.0172320789785 37
-9999 -9999 31.2876834474173 29.803012927068 31.2000838021 31.4375095654272 31.4527740732781 30.9939179701743 30.1061517033941 29.834918794942 29.2756610356101 27.8935990894398 27.4293953493611 27.0919801727843 26.0717907437516 25.3804972523855 25.7619002867215 24.1857384081581 23.0413714480164 22.3742967872323 22.9486903457181 24.421198270722 25.9616834787136 27.1736597163857 27.9189237073527 28.3303796568467 28.7254386147971 28.9217965959504 28.9375797407557 29.1903143328376 30.026437763394 30.7453847178421 30.9589406497099 31.1785227484299 31.0230986288475 30.8569284273754 30.694549448124 30.5347815042038 30.5451555888946 30.8155271448541 30.8387104777503 30.9793827553535 31.1521208098429 31.052528227122 31.5762348743498 31.605951453206 33.3558161811543 34.563421778988 35.17131431127 36.0048144300001 36.8388329755345 37.158875018 37.2 37.2 37.119696462 37.1 37.1 37
-9999 -9999 32.4868513288773 32.1854573496792 31.3624617409178 31.3149269966195 31.2689314940801 30.3029516320446 29.6379387723662 29.3602975829102 27.5883383515256 25.6258357968206 25.0397369880601 24.4470915513883 26.5603421609858 27.4789723212562 26.7435692327756 24.1644799066181 24.1564417376949 23.7873158345575 23.889766988388 24.723839055893 25.8804002225894 26.9718765734784 27.6333529358028 28.0749086307601 28.6994617405629 29.0657027058729 29.3263539607854 29.7722097218888 30.1657713699412 30.6350106702385 30.8027622020419 31.1817365777874 30.7314759400253 31.1822925124569 31.266287138 31.0217113625081 30.5943348044868 30.5496259042426 30.2213939076831 30.3532273353724 30.9160967575367 30.4424671546883 31.0944385008795 29.3477720834097 33.3084297708762 34.585342416 35.3854891295385 36.3291412457675 36.9949073864751 37.185658208 37.22678319 37.2071884212493 37.1412043111592 37.1033622604321 37.1 37.02678319
-9999 -9999 33.2637651692391 32.4869455046018 31.8795709760179 31.6068149813988 30.5239175482844 29.1944002801737 29.1062060590465 29.0762551982928 28.5038885319999 26.9817936001425 24.7931557372258 21.6906619344915 26.0010586650281 28.3244564487049 29.222174207268 27.4322003236005 28.2804871729349 28.592872570949 27.2849578869134 26.1333350827153 26.3724890638137 27.1496673768587 28.0378070272432 28.7049354063596 29.24255848 29.7829373315123 29.657193264 29.9163775772768 30.3917530312232 30.9072971028883 31.1168841262922 31.8303505538934 31.613925530321 31.3946306216549 31.1287447119024 30.8604408212249 30.4740140468012 30.4511782802909 30.0397367292615 29.6974739514266 30.7706426994896 30.8304139990949 30.2260479336279 29.9042942399136 33.930626300063 34.7424105335833 35.5596538757093 36.6245667640001 37.1537657417721 37.2728270917308 37.3 37.226839302 37.2 37.112553622 37.1320903664754 37.1
-9999 -9999 32.4843049071668 32.1983730467719 32.1305911157936 31.4828293807896 29.9206783102322 28.9183971720942 28.5707256383288 28.448551543113 27.9468725784051 26.1466028129456 25.6643567830621 24.3484411078338 26.9729401518471 29.1695583606234 30.6250963161814 32.0730906409239 31.8972366255615 31.5586026165577 31.0739398491374 29.9380981026342 28.0924774631379 26.8836650619679 27.6770447282283 29.1157044949168 30.0529865865433 31.126002001569 31.4582209350501 31.439092924 31.7987193109246 32.4474011923663 32.3084719256013 32.1264495332201 31.8086314881483 31.2686102730658 31.2697010065037 31.3296037686385 30.6777376904031 29.723750335108 29.4186435869595 29.8668733922556 31.0808094292219 31.5448628866498 29.5048638479758 30.9123440660701 34.5096088744708 35.4174133035463 36.0979482492506 36.8932539004576 37.251732178 37.3 37.3 37.226839302 37.2 37.1484668613005 37.1968113650256 37.1007113366484
