catData/variables/futureClimate2070/rcp45/bcc_csm1_1_m_2070_rcp45/bio15.asc
NCOLS 409 
NROWS 350 
XLLCORNER 60.897278365 
YLLCORNER 5.843756025 
CELLSIZE 0.0892857 
NODATA_value -9999 
[rows 104 to 129 of 350, columns 180 to 239 of 409]
139.223387223182 140.658303600738 140.745336401706 140.0851858483 140 137.614690790962 134.852630548518 133.01892474 131.10766172 130.03623332 129.3392555 129.187988603701 129 128.41126422 127.33983582 126.26840742 124.39395804 122.251101239999 120.429138679193 120.98269382 119.91126542 118.83983702 117.76840862 116.897198873026 116.28629632 115.366134002086 115 115 114.563801734754 114.3392555 113.53623692 113.3392555 113.3392555 114.005870402536 114.42798768 115.445080722352 116.153021144796 116.46052743276 116 116 115.48269742 114.610999242985 114.115292799458 113.516607398098 113.3392555 113.04259536679 113 113 113.058627714121 113.715079043435 113.846980440991 113.539470981453 114.127031976104 114.3392555 114.681058748784 115.199729408772 115.99941248 116.822646516116 117.80301378 120.60779076301
140.320333160001 142.46318996 142.52676539349 141.020903607372 140.04445227749 137.37606674 135.32194692 134.156130482903 132.58977402 131.51834562 130.667586975448 129.96480492 129.198234087683 128.1694799138 126.92915192 125.85772352 124.313061927848 122.61022352173 121.46480612 120.98269382 119.91126542 118.83983702 117.76840862 116.69698022 115.62555182 115 115 115 115 115 114.526768222207 114.4106839 114.799139689972 114.831565196145 115.462975202262 116 116 116.124444359386 116.256905046731 116 115.695145261034 115.4106839 114.75052452 114.110232577317 114 113.484675730448 113.4106839 113.007105398214 113.4106839 113.505067694021 114 114.124443373745 114.631349412372 115.18311236151 115.4106839 115.99941248 116.799725036842 117.300450337041 117.883912849076 118.87444218
140.320333160001 142.46318996 143.387147448686 143.029244478895 141.07246424 138.921262760686 136.39337532 135.244729220268 133.76840622 132.69697782 131.80607665036 131.03623332 129.715404669221 127.82252844 126.021562548802 125.139004901407 124.19697902 123.12555062 122.05412222 120.991037342244 120.39337772 119.32194932 118.138867867128 116.69698022 115.62555182 115 115 115 115.318272114128 115.4821123 115.4821123 115.4821123 115.971969525035 116 116 116 116.111651895803 116.639041273988 116.806079136221 116.4821123 116.23271436336 116 115.33984062 114.26841222 114 114 114 113.491072471895 114 114 114.111650738733 114.78512728 115.4821123 115.713023810639 116.24939677957 116.787007590221 117.318269799989 117.860991369802 118.387142820408 118.934975149383
140.873873860001 142.611763062655 144.247529503882 145.037585350418 143.21532104 140.511195963489 137.920105359949 135.768327296561 134.193750336903 132.864712929633 132.346267063831 131.55412102 129.96538524 127.82252844 125.679671639999 125 124.641483815384 123.67909132 123.131244768456 122.097501725008 121.46480612 120.39337772 119.218553194599 117.636327838865 116.17909252 115.5535407 115.5535407 115.5535407 116.21370248 116.5535407 116.5535407 116.5535407 116.5535407 116 116 116 116.23158898 117 117 117 116.48269742 115.674113441219 114.78629992 114.119835131853 114 114 114 114 114.049115544532 114.5535407 114.656934682396 115.30301498 116.207269650676 116.5535407 117.07084088 117.879425930283 118.401814623181 118.5535407 118.912053670109 119
141.945302260001 142.899339823785 144.104181960923 145.24948268 144.665562309605 142.204503712335 139.358758159999 136.36470530661 134.681551396252 133.24621010177 132.234600361977 131.55412102 129.96538524 128.190470110564 126.717222953426 125.792715443711 125.6249691 125.297023562014 125.2499382 124.23263202 123.16120362 122.08977522 120.873609363673 119.018929539999 117.25052092 116.6249691 116.6249691 116.6249691 116.872550166499 117 117 117 117 116 115.944545129324 115.475126313538 116.23158898 117 117.234017042125 117.346311515012 116.48269742 115.41126902 114.33984062 114 114 114 114 114.6249691 114.65824550925 115.100093913612 115.6249691 115.92798408 116.7653969378 117.278656085062 118.14226928 118.845760509213 119 119 119 119
142.793651448209 143 143.80302338 144.265485746538 144.962311092652 142.94807426 139.733789059999 136.568130469781 134.07200872 132.908582028596 131.478467104429 130.16132602 129.293093372327 128.41126422 127.799572504541 127.474284163731 127.95201680292 128.0891925 127.430485578702 126.37548882 125.30406042 124.23263202 122.929612239999 120.78675544 119.01834682 118.082287664379 117.6963975 117.6963975 117.6963975 117.6963975 117.6963975 117.6963975 117.037692250056 116 115.973060688321 115.745022652489 116.23158898 117 117.37444578 117.55412582 116.48269742 115.41126902 114.33984062 114 114 114 114.65870357859 115.012048637779 115.6963975 115.745021923843 116 116.30301498 117.260761433724 118.14226928 119.21369768 119.6963975 119.6963975 119.6963975 119.6963975 119.087438151953
143 143 143.18644123053 143.2321741 144.17805428 142.193538336016 139.733789059999 136.51950386 133.76840622 132.464309541921 130.48327294 128.78629512 128.2321741 128.547531480281 128.7678259 129.329561631172 130.33867278 130.5356518 129.58977402 129.28617152 128.21474312 127.020337435735 125.072469039999 122.92961224 120.873692609188 119.664304906327 119.138451638157 119.219870637359 119.5356518 118.97391791161 118.7678259 118.096402860579 117.780392234936 116.754539609548 116.068130865968 116.7678259 116.821594863001 117.232664592514 117.85476251197 117.55412582 116.48269742 115.41126902 114.33984062 114 114 114.671421196639 114.987433107846 115.77184283233 116 116.122973598701 116.7678259 117.07084088 118.14226928 119.21369768 120.28512608 120.7678259 120.7678259 120.7678259 120.151251121659 119.796977173856
143 143 143 143 143.15204617165 141.979909140192 140.647516252033 138.332431943876 135.897436968563 133.233209939999 131.09035314 129.39337532 128.8392543 129.42799008 130.393299926771 131.41010118 131.807590769545 131.8392543 131.687208514139 131.675726705981 131.42902832 130.19743694 127.860216078491 125.072469039999 122.92961224 120.930100925931 120.350995877753 120.773144959281 120.8392543 120.10766412 119.8392543 118.96480732 118.8392543 117.836472791771 117.692771916387 117.8392543 117.8392543 117.88796304086 118 117.928327642824 117.32195172 116.25052332 115.17909492 114.8392543 115.513189082035 115.085190432246 115 116 116 116.16015818 117.194360033088 118.14226928 119.21369768 120.28512608 121.35655448 122.333347292298 122.12446901586 121.225268124018 120.870918987824 120.105374940333
143.9106827 143.9106827 143.9106827 143.114334591969 143 141.998454044368 141.814019972536 140.50103464 138.126584059999 135.215321039999 133.07246424 131.37548642 130.8213654 130.873949690283 131.57084688 132.64227528 133.641980014223 133.8213654 133.8213654 133.805604961271 132.902757166898 132.50103944 130.126591259999 126.939370968596 124.502789819572 123.335664327741 122.30715168818 121.9106827 121.9106827 121.17909252 120.9106827 120.03623572 119.9106827 118.9106827 118.9106827 118.9106827 118.699778622403 118.275952685766 118.569681406066 118 117.48269742 116.94741613844 116.851719046609 116.8213654 116.893088637054 116.03623812 115.049292540717 115.105073367452 116.080804675621 117.07084088 118.14226928 119.21369768 120.28512608 121.35655448 122.899079204633 123.873949047198 123.85171926097 122.423537870861 121.179391942692 120.921897185476
144.9821111 143.545095998875 143.0178889 143.002245919553 142.071040575952 142 141.91126302 140.67966924 138.532669482029 136.376066739999 134.600962011019 133.51834322 132.9642222 132.9642222 133.62438638 133.977309586504 134.78513208 134.9821111 134.9821111 134.96480492 133.894963884028 132.67967404 130.532674324962 128.370650849457 126.58977402 125.51834562 124.44691722 123.9642222 123.315869988066 122.969023756429 122.175568739076 121.96646820542 121.035267490085 120.9642222 120.877077341095 119.9821111 119.75052212 118.987531747609 118.993301576886 118.544213118618 117.990746025877 117.9821111 117.9821111 118.700611579362 118.175571096142 117.10766652 115.107285767152 115.01730138 116.175872281839 118.14226928 119.44114143083 121.26723718 122.33866558 123.41009398 124.49077631119 124.9821111 124.9821111 124.237438462296 122.372559673209 121.9821111
145.35802793139 144.26840502 143.19697662 142.12554822 142 141.98269142 140.995249066459 140.634704914362 138.756006804815 137.356639796006 135.62554942 134.577993157649 134.57084688 135.085060119293 135.107079 135.83867158 136.107079 136.107079 136.056437176598 135.03623332 133.960054114954 132.67967404 130.549216526689 129.069763027511 128.752678588333 127.71474192 126.615617270023 125.51834562 124.44691722 124.067910027558 123.25052092 123.0535395 122.10766412 122.0535395 122.0535395 121.884804002627 120.76841102 119.69698262 119 118.57799770066 118.0535395 118.64227048 119.71369888 120.824296123947 121.064085915231 119.304650339999 116.266562126413 115.12438038 116.368517791944 119.382430648878 121.33866558 122.393870709479 123.42798288 124.0535395 124.543143687013 125 125 125 124.239979176274 123.225914517096
145.679666839999 144.26840502 143.19697662 142.12554822 142 141.98269142 140.900173745957 139.71486672 138.440786328339 136.69697782 135.672343722636 135.180688459785 135.702596363067 136.71370368 137.20746723123 137.98152838 138.149583954473 138.1249679 137.17909012 135.98269382 134.822530839999 132.699689271268 130.922318008416 130.590823325565 131.421697702713 130.942554500276 129.21532584 127.587629645841 126.382307088693 125.359835108455 124.32194932 124.1249679 123.17909252 123.122805482951 123 122.67967884 120.76841102 119.69698262 119 119 119.064646217087 119.71369888 120.78512728 122.496718471468 122.19698382 120.360388342828 118.351425699977 117.390042962874 118.416306985726 120.585427808577 123.23158658 124.037867145719 124.452617877133 125.055719660016 125.1249679 125.051395725687 125 125 125.100350945758 125.1249679
145.612924813695 144.26840502 143.19697662 142.12554822 142 141.78629512 140.643557354544 138.83983462 137.76840622 136.75649025497 136.1963963 136.55470629808 137.101597255395 137.78513208 138.85656048 139.92798888 139.551085669294 139.3927926 138.261147923756 136.17909012 135.036354283193 133.23262962 132.3927926 132.939320196382 134.497304242906 133.749938770568 131.060189555956 128.82253324 126.809329770993 126.052714695532 125.354691297943 125.024658148582 124.239891044893 123.986094618368 123.161542956314 122.514737485318 120.722927801207 119.560097812267 119 119 119.51730258 120.704355566168 121.85655568 122.784302946883 122.354693226592 121.32195172 120.436289273542 120.3927926 120.48152238 121.681654486033 123.42798288 124.439900259084 125.073539294392 125.554700512134 126 125.526895534816 125.326048688291 125.3927926 126.038097444759 126.024659091284
145.07200872 144.19651952604 143.19697662 142.12554822 141.746669924556 140.719502385246 139.91126302 138.882730864849 138.03623092 137.186667875548 137 137 137.51730738 138.746413763658 140.10479715346 141.071303416739 141.482893553062 141.301450257136 139.629398572665 137.513708197533 136.17909012 135.10766172 134.2678247 134.489688298328 134.899713528526 133.84042214 131.318807411077 128.664855899121 127.07201352 126.196523040481 126 125.359751520084 125.014495910114 124.263190320313 123.846300309488 122.06476916071 120.598847289091 119.186669161107 119 119 119.655848988298 121.287609961901 122.836966367901 123.2678247 123.2678247 122.627577977305 122.282321252893 122.272458436908 122.600615153291 123.42798288 124.437386673688 125.081154896114 125.541982894085 126 126 126.15767605532 126.92798168 127.2678247 127.052757775276 126.359755034526
144.224543878781 143.751804135091 143.130151691037 142.12554822 141.05411982 140 139.971471611099 139.624169598322 139.10765932 138.03623092 137.212219579938 137.15126582619 137.681062347682 139.17747156 141.320328360001 142.496390101404 143.20909982317 142.761463382958 141.411736450914 139.64389384 137.58977162 136.51834322 135.599938106402 135.236452700274 134.62555182 133.10824684 130.96539004 128.433529484238 126.67909132 126.3392531 126.3392531 126.3392531 125.39337772 125.32194932 124.25052092 123.01893194 121.10766412 120.03623572 119.3392531 119.3392531 120.37385826 121.92798408 123.435610743841 124.248193422287 124.066827371585 124 123.695907701342 123.69580758 124.648404347073 124.49941128 125.3392531 125.539469308689 126 126 126.175495689696 126.92798168 127.775449778049 128 127.469411134208 127.042595879664
143.5893185 142.85772352 142.5893185 142.073987888688 141.442575311143 140.814254686403 140.462975843948 140.83983462 139.76840622 138.821423423416 138.03623092 137.673446231675 138.21244857078 139.346370166766 141.320328360001 143.46318516 144.329785860598 144.051561316947 142.885153451014 141.78675064 139.73262842 138.595424047129 137.083979824674 135.69698022 134.62555182 133.10824684 130.96539004 129.064315147598 127.75051972 127.110230947492 127.329784874962 127.4106815 126.46480612 126.39337772 125.32194932 124.156135327235 122.58977402 121.51834562 120.821363 120.821363 121.643521560492 122.99941248 124.07084088 124.841819713128 124.526767709327 124.4106815 125.35655448 125.83155902331 126.358391399145 125.9157471784 126.4106815 126.4106815 126.4106815 126.4106815 126.715536066127 127.58872858 128 128 128 127.484675046145
142.5178901 142.491713485297 142.4821099 142.4821099 142.4821099 141.991036057773 141.439328923446 140.917051935335 140.25051612 139.336019907102 138.62554942 138 138.51730738 139.58873578 141.320328360001 143.110477134416 144.32091108 144.486602126294 144.026092858072 143.455841020709 141.832705400509 140.16178394 138.018927139999 136.033001284166 134.62555182 133.323208353396 131.44749994 129.89337652 128.82194812 128.103226588521 127.992951965396 128 127.510140504864 127.473148443645 126.918266282426 126.28616912 125.21474072 124.14331232 123.4463297 123.4463297 123.714235584887 124.269117746105 124.823999907324 125.352705711457 125.4821099 125.4821099 126.42798288 127.4821099 127.4821099 127.4821099 127.370459717075 127 127 127.214959199269 127.4821099 128.07083848 128.4821099 128.4821099 128.094969006826 128
142.36542748641 142.880167438482 143 143 143 142 141.91126302 140.911342327836 140.343063947272 139.69697782 138.832822157487 138.5535383 138.784496232297 139.26284797719 140.766790060001 142.583018793026 143.80302098 144.390408156759 144.547743076698 144.53623212 143.376069139999 141.144555996328 138.536817239999 136.561693493887 134.971818711005 133.55412342 132.25173815921 130.638918445681 129.705263049426 129.148575115466 128.641482959642 128.5535383 128.5535383 128.5535383 128.602654960073 129.03557103518 128.300832549712 126.80405922 126.1070766 126.1070766 125.820729809281 125.5535383 125.5535383 125.880164223958 126 126.484038566258 127.49941128 128.009576976473 128.504422968419 128 127.896605461796 127.5535383 127.5535383 127.752602972881 128.286345462227 128.816383062665 129 129 128.19698622 128.484037237766
142.872551151047 142.542777499613 142.3750333 142.3750333 142.3750333 141.989182713876 141.28629632 140.314965948993 139.855261599573 139.261389891861 139 139 139 139.367940257598 140.120133801935 141.83821846 142.676192908099 143.296568343336 144.32091108 144.368542906204 143.822530839999 141.619607589073 139.161783939999 137.132569648058 135.485121283375 133.90043210519 132.48269502 131.190471997678 130.6249667 129.89337652 129.6249667 129.6249667 129.6249667 129.6249667 129.658244222282 130 129.826292841174 128.94691602 128.2499334 127.97127688511 127.430961006324 126.881996142242 126.6249667 126.167748699373 126 126.87444458 127.94587298 128.631455293636 128.966723377798 128.6249667 128.480232799333 128 128 128.27865501497 128.818971493596 129 129 129 128.19698622 128.87444218
142.3036049 142.081489079257 140.881556905965 141.216173734779 141.3036049 141.28629632 140.21486792 139.3036049 139.233291893582 139 139 139 139.360250324626 139.875138167613 140.459735100148 141.140625284183 142.422044651339 142.96188221657 143.94587778 143.987948061048 143.187930066712 141.67967404 139.698096342234 138.09035554 136.061183042244 134.418753105516 133.17909012 132.10766172 131.6963951 131.47428073656 131.3927902 131.3927902 130.734087220157 130.6963951 130.6963951 130.6963951 130.6963951 130.39337772 129.6963951 129.25052092 128.6963951 128.10766412 127.6963951 126.96480732 126.6963951 126.961880759267 127.94587298 129 129 129 128.929689179538 128.6963951 128.6963951 128.83176395718 129 129 129 129 128.19698622 128.265484930615
142 141.438264181874 140.242709962213 140.87445178 140.273730969612 140.21486792 139.211573858563 139 139 139 139 139.342356359 139.887930116913 140.452045167175 140.921098108738 141.56173397535 142.757287080563 143.671422783525 143.987434092388 143.98269382 142.91126542 141.67967404 139.76840862 138.393960439999 136.538613752136 135.32194692 134.25051852 133.17909012 132.7678235 133.329555632573 133.535647 133.535647 132.58977162 131.7678235 131.69969284699 131 131 130.929646485272 130.7678235 130.32194932 129.370626422465 128.863310501622 128.26093761429 127.830142509797 127.7678235 127.7678235 127.987432977941 129 129 129.122973214321 129.590005881591 129 129 129 129.397195234758 129.315783861154 129 128.438271552979 128.045735571108 128
141.445953943418 141.043145596995 140.870915517409 140.245933044353 139.21486792 139.157965778651 138.925527320934 138.1607481 138.355113619893 138.745688059693 138.475006460721 139.44587898 140.434151201549 140.933890058037 141.554044042377 141.956854017209 142.80302098 143.87444938 144 143.14344192 142.146484184861 141.814091125275 140.413297014311 138.648270366102 137.46480372 136.019172553069 134.916844207344 134.744614127758 134.6785038 135.41009398 136.352438669 135.783874410585 133.938800710172 132.824729669758 131.91126782 131 131.194361491484 131.8392519 131.524997567688 130.928326572726 130.32194932 129.8392519 129.17909252 128.8392519 128.8392519 128.8392519 128.8392519 129.8392519 129.8392519 129.864997023134 129.76841342 129 129 129 129.083155021065 129.066111099349 128.445962000236 128.043147140177 128 128.733877261006
141.33983342 141 141 140.12554822 139.05411982 138.0893197 138.081393739567 138 138.23159378 138.972934149789 139.28513088 140.35655928 140.956886039989 141.536150076751 141.969645966508 142.666246950232 143.71370128 143.988785856287 144 142.087773917194 141.919191166065 140.92915672 139.837042647415 138.69698022 137.62555182 136.514297857637 135.9106803 135.9106803 135.9106803 136.64227048 138.44499208134 137.150571981919 135.01892954 133.877618308438 131.992074468302 131.9106803 131.931365758217 132 131.966554615264 131.504631467995 130.953794688745 130.374534594514 129.941034762226 129.9106803 129.9106803 129.9106803 129.9106803 130.894924274071 130 130 129.97931475615 129.634730527109 129.340998209631 129.9106803 129.439585216887 129 128.33984302 128 128 128.87444218
141.006080061667 140.281494205265 140.806547547801 140.12554822 139.05411982 138.965109792997 137.91285063993 137.175191113137 138.004143513796 138.315492019271 139.37445058 140.007977354595 140.525943378472 141.010533248461 141.666244284607 142.73159258 143.80302098 144 142.14209040625 141.000894750058 140.034195023009 140.015025776076 139.76840862 138.69698022 137.62555182 136.55412342 136 136 136 136.73159018 137.81738562632 137.127799326746 136.037201679814 133.982386632881 132.894964054052 132 132 132.297596005149 132.614362241784 131.992022731283 131.474061335649 130.989466837418 130.9821087 131.700607423552 131.9642174 131.9642174 131.9642174 131.98179915582 131.877075111113 130.824815958046 130 129.994578668088 129.988807978845 130 129.48269982 129 128.33984302 128 128.788646819558 128.997753607375
141.33983342 140.307572493604 140.813568937003 140.12554822 139.05411982 137.999073348822 137.85772592 136.955037689966 137.23159378 138.30302218 139.37445058 140 140.51730738 140.968480793673 140.9464629 140.907295554885 141.652955365492 140.96493932 139.89351092 138.8929258 138.98166038 139.901500461477 139.95886163087 139.713203020264 138.67908892 137.60766052 136.53623212 136.0535371 136.018193952768 136 135.957008713981 135.9464629 135.051226944807 134.03623332 133.048786636406 132.83983942 131.987601397619 131.9464629 131.9464629 131.970333710562 132 132.031518949349 132.71369648 133.824291968137 134.1070742 134.1070742 133.16120122 133.03623572 132.048786764895 131.83984182 130.76841342 130 130 130 129.455005068533 128.9464629 128.321648810254 128.73158538 129.042991029041 129.92797928
141.46479892 141.033541367527 141 140.234824523913 139.17908532 138.10765692 137.03622852 136.265115733206 137.23159378 138.30302218 139.327657176045 139.930753989675 140.452661804605 140.359870381116 139.917502253164 139.14344192 138.774684581724 137.766343616003 136.67922572 136.629428850873 136.96376908 138.055212326877 139.260532312598 140.1249655 139.75051732 138.623369730242 137.547340295478 137.051394138802 136.422335666918 136.033541967361 135.19698142 135 135 134.859893095519 133.91126782 132.83983942 131.79735165268 131.0870987816 131.046792804121 131.51512079016 132 132.58873098 133.742656527002 135.58814106 136.1249655 136.015690095838 135.05412702 133.98269862 132.91127022 131.83984182 130.797353752763 130.087099081517 130 129.888562820153 128.780113315643 127.8750345 128.040028194168 128.85655088 129.92797928 130.999407680001
