catData/variables/futureClimate2070/rcp45/bcc_csm1_1_m_2070_rcp45/bio11.asc
NCOLS 409 
NROWS 350 
XLLCORNER 60.897278365 
YLLCORNER 5.843756025 
CELLSIZE 0.0892857 
NODATA_value -9999 
[rows 78 to 103 of 350, columns 59 to 117 of 409]
11.6075416497982 10.0111149107569 10.1069943506766 10.39642342 9.95863572948382 8.61074533887134 7.83246145186766 6.55798031930859 6.78192728638968 6.47296175948567 5.42771156556091 5.41631139841551 5.87233392663241 7.91005198772523 9.84170428904333 11.4371401651024 12.7930105084477 12.4882545816481 12.6348647416499 12.6093568448084 12.4779973950795 11.2125556799547 9.56479985843181 8.89064531811835 8.8041237718115 10.2021917118713 11.4200016563324 12.2523663268897 12.5919000498038 12.7413759849945 12.719748446428 12.566109202 12.5239095306204 12.452450315458 11.914154697822 11.610673868 11.3382861120538 10.5106986776421 9.97528386704735 10.3660531214106 11.1910728387503 11.863766655637 11.7274503008807 10.1561187329201 12.7295083192793 14.8762433100001 15.8410669897144 16.4814186339582 16.9086941516725 17.075002920366 17.1 17.1 17.1 17.1 17.0547130161669 17.04821171 17.04821171 17.04821171 17.0565070226069
-9999 9.97890217474548 10.1996696681937 10.653242684867 10.0922893478554 8.88260408211419 8.2046020620491 6.8854662237885 7.10942497741852 7.23097420506099 6.7666985900947 6.59145376693476 6.64965498910172 7.79414192131648 10.9482421743936 13.1940567816146 14.3641488193999 14.2526763274359 14.2287370785489 13.7674434499135 14.0917380107009 14.1040186001168 13.0975341457378 11.3258308858345 9.90386871599611 10.5904880606963 11.9298954107352 12.634760627303 12.955169010773 12.8964666675784 12.3220077375727 11.9189191402934 11.878770056 11.5987984826191 11.3012258902391 11.158950465188 10.8869898122545 10.7530832127975 10.9787265600341 11.2303398126613 11.5203831124635 11.87122313353 10.885840379726 10.8911374368073 14.2154183827181 15.4913374302594 16.2771550919223 16.7397667515414 17.044533226 17.15535455 17.15535455 17.15535455 17.15535455 17.15535455 17.15535455 17.15535455 17.15535455 17.15535455 17.15535455
-9999 10.1880147867704 10.516067943514 10.7959097817984 10.1999814237514 9.41706000036716 9.21555015939369 8.44429861693593 7.70036049050813 7.66832465049541 7.43417763389586 8.14316544523559 10.1207130728995 10.292102529884 12.0752359983878 12.9941724755604 15.043555100673 15.4127547394803 15.60565229656 15.3392191421161 15.2295131784558 15.0775087778342 13.6813692444079 12.0252675630281 11.5841255436623 12.1997705638362 12.3390648723729 12.6567453095411 13.1781800947846 12.5923195564105 11.8458250698254 11.1272498962392 11.4666571032278 11.4548200703295 10.9684437929178 10.6263150639322 10.9200744740865 11.685884570533 11.8503155357553 11.810027492607 11.7906298602135 11.8584392010697 10.4238184645185 12.0667347799557 15.2246597914577 16.1936853457421 16.678403144 16.9764285801036 17.1863062835317 17.2301661289598 17.2 17.2 17.2 17.2 17.2 17.2 17.2 17.2 17.2
11.1079694122788 10.5713422461487 10.8346658677396 10.6511776013134 9.3641456850784 9.0539529892066 9.31872152494828 8.88529685345863 7.71161180792768 7.32922122087619 7.40737557353291 9.13766738559423 11.8240653089472 13.9098865599811 14.2274127934154 14.081952883796 15.355547107019 15.7087747731983 16.1751595870136 16.4506005992508 16.3906728295057 16.0505003380979 15.3781798533003 14.4951076217015 13.2570849316223 13.3412759653245 13.4794046024677 12.1867134061558 12.4613158270323 12.2590640873051 11.8928839524281 11.7315605196919 11.8005871078707 11.5934483469414 11.5919723901799 11.8648577497596 12.1928307193257 12.3455168706676 12.1461413694668 12.5747108901875 12.5480576560976 11.6704219606096 11.6972951888037 14.3318021576798 16.009333498559 16.7085859281499 16.9576245897408 17.1184553986659 17.244589338 17.2842942297432 17.26964023 17.26964023 17.26964023 17.26964023 17.26964023 17.26964023 17.268434020825 17.2061804993795 17.26964023
12.2030147454555 11.1648198234775 11.1616527375079 10.4351726862571 8.79010305818243 8.56987697624011 8.55501612847191 8.05487679801893 6.89515519145863 7.32105129358761 7.68391535 8.84692493850339 11.6337670508223 15.2291648696896 16.0412257954211 15.5019887700363 16.2091807927334 16.80206396475 16.7959799075197 17.0387504053387 16.7362129641608 16.38130008203 16.4934631968422 15.8190233572824 14.839204708265 12.9964275333872 13.2873294329548 11.980382774225 12.3427241149226 13.017987636 12.637639192603 12.2012694696382 12.5395854944281 12.3504427341025 12.5961063855578 13.0012245872744 13.0428302443115 12.9030216096 12.9328461947116 13.116983275405 12.5086635186189 11.8400799037388 12.6404003635161 15.9217964777306 16.7648949296984 17.0588872589025 17.1606017190653 17.214229568 17.321372408 17.3370615155537 17.3 17.3 17.3 17.3 17.3 17.3 17.2995978693066 17.2788435488562 17.3
13.1477021617458 11.7737588816127 11.2827824854002 9.90015745168214 8.66418545802542 8.73112991295234 8.09366231286347 7.02705054507946 6.76878366240008 7.66868942222233 8.21345736330164 9.38909053588591 13.3796077214769 15.0324855589518 16.729391192819 16.447007817524 17.2866893121332 17.6667756366859 17.8329272388317 17.829924733892 17.6409624741907 17.4487337620315 17.0439647202917 16.4294955385336 16.0123296688064 14.5637270584765 14.0632402245422 13.762216203753 13.492089189174 13.4804591454853 12.7653795306674 12.9591462099237 13.268380486162 12.9360612449454 12.6641775617967 12.986788493143 13.2548452161654 13.3411659215112 13.2978225670569 12.8795518512946 12.8740353270487 13.3823592352962 13.5055082408379 16.422778834 17.1569272183998 17.207086728 17.3093585307398 17.3738710037904 17.3910932403205 17.3916845231493 17.38392591 17.38392591 17.38392591 17.38392591 17.38392591 17.38392591 17.38392591 17.38392591 17.38392591
12.9083062723399 11.3504165997295 11.0658553418954 9.64621102792316 8.80879300224279 7.9208261421356 7.88084910222029 6.69991444218955 6.19896599485134 7.02700384276204 7.87948754970978 8.72119210825582 12.9040688890605 13.8840851935128 16.0899219549733 17.2011959832654 17.8888113145301 18.0915734848553 18.1545399003251 18.0877242667774 18.0741726437598 18.012542342 17.7613569164244 16.7543246461261 15.0900431616517 14.4621858454932 13.6698912655255 12.7787958072209 12.5317295196987 13.4188110560237 13.4620170630952 13.6668480239779 13.7063737208901 13.546450555699 13.4324891274256 13.0776011562436 13.1642704085596 13.8809748529791 14.1220158137249 13.8571910224821 13.8162552282104 12.67277477832 15.4462156119772 16.8940149450506 17.29106875 17.2931373005576 17.330303658 17.4 17.4 17.4 17.4 17.4 17.4 17.4 17.4 17.4 17.4 17.4 17.4
11.9968775246637 10.8810022761961 10.2146297399722 8.51407624076541 9.00872629768579 7.24817012633148 6.56562878928109 5.61936259678879 5.60967752041404 6.85621093489544 7.07494419538779 9.37607261224896 9.96459587633107 12.0131231796165 16.4119379071752 17.5480472104399 18.1127281137047 18.1986258089696 18.2292202135312 18.2596459074993 18.1544192207641 18.048267342 17.823373506 17.2296068840895 16.0298437068826 16.386913591117 15.7736332579999 13.8803672341799 13.2910203712971 13.6947934981477 13.728459616 13.9423310813226 14.0935508541156 13.9439498028282 13.3462796328314 13.208234305159 14.0141996589952 14.4563987178651 14.4227822495313 14.5498499320194 13.4710058487926 12.9154561547418 16.1050712369534 16.935500552 17.3157315108797 17.39821159 17.428515248 17.49821159 17.49821159 17.49821159 17.49821159 17.49821159 17.49821159 17.49821159 17.49821159 17.4053140150336 17.49821159 17.49821159 17.49821159
10.4099967245859 10.5209125091892 8.9648839497419 9.14764250257399 9.50171129141386 8.88334202262621 7.82345306317892 7.07157345600001 8.23993214168367 9.28681167182812 9.09223764331048 9.63742119164915 9.42612800340218 12.8291131381722 17.1226822100002 18.1147052867529 18.226727318 18.3326300025115 18.40535443 18.367907452 18.30535443 18.253621772 18.0350328306551 17.4020562087814 17.0290635554313 16.870288720121 16.3304669643964 14.8687075249997 14.0869666673968 14.5411203409247 14.25820253227 13.9437324948107 13.9632056979773 13.7368155654939 13.7229478900001 14.1524272778909 14.1895047919077 13.7376291662236 14.0353752499373 14.5200791636786 14.360399323689 14.894308898 16.0351833493163 16.8594885538968 17.321372408 17.428515248 17.50535443 17.50535443 17.5475562631093 17.5510377852585 17.50535443 17.50535443 17.5014370916381 17.5 17.5 17.5 17.5052616881668 17.5 17.5008576585688
10.5932630464297 10.0327616301215 8.33367291193952 8.87417879835973 8.05304596417852 7.3679433979409 7.01837517770728 7.43619229663929 7.64456482132592 9.23320659171437 10.2841648314329 9.91305683836886 9.07697560605567 13.4916170072253 17.2541699401647 18.2188604459457 18.428515728 18.5096027400534 18.5 18.4672328719475 18.41249727 18.360764612 18.253621772 17.9731753878481 17.1549498997993 15.9865440705465 15.4236683263445 14.7246792271711 13.8517001563863 14.0110094844304 14.5994681957632 14.3131447679062 13.8924108497679 13.58748089 13.7769939002729 14.0901015461801 14.3244055057327 14.3879746319118 14.4448063863053 14.5352201397412 14.8341858139147 15.4306992680422 16.4741794560836 17.1618989240826 17.428515248 17.535658088 17.6087101400399 17.6 17.6 17.6 17.6 17.6 17.5359823919629 17.51249727 17.51249727 17.51249727 17.5984844019648 17.5136063899653 17.5370087180685
11.1228260068676 9.82535392949261 8.3261630603689 8.78441959078598 7.55619981412984 6.67453041042139 6.37518799411307 6.39606297910088 5.50184872572786 6.38055470511302 7.8861962011908 9.78236305121203 9.99558422260425 15.3866729697896 17.5321098755054 18.2641638928617 18.5325125252285 18.5813876064046 18.51964011 18.51964011 18.510882620696 18.4584276929371 18.360764612 18.253621772 17.7663041061635 16.1659643815137 15.1286944301301 15.6198028673772 15.2634474067379 14.6965943959915 14.5250203627419 14.4049451803898 14.1309611854926 14.0772283910692 14.1185119671742 14.0866169030043 14.4391038413961 14.8245562892013 14.5271246387002 14.7065339643332 15.3567893257319 16.0422698251972 17.0058413643019 17.448155358 17.552152249501 17.6382521178679 17.6756480137652 17.61964011 17.61964011 17.6094798533354 17.6 17.6 17.6 17.6 17.6 17.6 17.6003401780965 17.6267719682704 17.6871281633627
9.93175421596638 8.12329363264521 8.57999233924008 8.64884777343278 7.71370912126034 6.75149519130667 5.56846281199984 5.21852029107334 6.75596393600016 7.27044607399241 7.83643589402898 9.13739819069178 12.1935496341424 16.2128085498121 17.852124239608 18.4933457813377 18.62678295 18.62678295 18.62678295 18.62678295 18.582193132 18.52678295 18.467907452 18.360764612 17.9126283126157 17.3591776099999 17.2076194684717 16.9787407443975 16.794925947145 16.4722632622082 15.9809647151782 15.1340239235015 14.4993875878493 14.1742618381937 14.3660337373333 14.7220987687065 14.9430285350875 15.278335992 15.0628358756677 14.51088813929 15.6376209699026 16.8733355542758 17.4565665354928 17.635658088 17.72678295 17.72678295 17.7186667364297 17.7 17.7 17.6621232253676 17.6110144833666 17.6 17.6 17.6 17.6 17.6253337829623 17.6280511117719 17.7 17.7
8.34025020299389 7.11780561697625 8.46939259893473 7.7317274224557 6.84377945615343 5.91121577260472 4.4991737558174 5.11723036570022 7.66450607452269 9.70981625839905 10.7340465858271 10.4033217493013 14.0880803662006 16.3400032571809 18.537391346 18.73392579 18.73392579 18.7260681366792 18.7 18.7 18.6705376300161 18.63392579 18.575050292 18.467907452 18.3124239416098 17.8935752625082 17.45354419222 16.5151135289488 16.0214701616106 16.1397082009179 16.2999294779991 16.0654971826068 15.7370027659729 15.6598834203487 15.6176972583767 15.689212948 15.816329684391 16.0010957442632 15.7542884235033 15.4571158339498 16.513363668198 17.3622603375839 17.6689961822184 17.7397899673199 17.8 17.8 17.7799770973754 17.73392579 17.7187985048277 17.7 17.6610987969691 17.63392579 17.609105445234 17.6272436096645 17.63392579 17.6964248685387 17.7 17.7030108792582 17.73392579
8.26498624675026 8.32626580887465 8.40719628924977 7.49978903759512 6.53809093737601 5.22660950908565 4.31212408530494 5.61929359651352 8.27597681702145 11.4305142033013 11.9309575234681 11.9041346329613 14.8522287602735 16.6952549301465 18.6848911878145 18.84106863 18.8344900687523 18.7863507297788 18.74106863 18.74106863 18.74106863 18.74106863 18.682193132 18.575050292 18.4979537454965 18.2268807080551 17.9534675774413 16.9147777321665 15.6048007389292 15.398578894025 15.6653770655132 15.6836305297128 15.3538512390576 15.6291607568949 16.1163555828074 16.3358297726615 16.5062042978696 16.5275324108013 16.560641348 16.8900603156116 17.2781478640061 17.662717127475 17.84106863 17.84106863 17.84106863 17.84106863 17.8286233328195 17.8 17.7737228922427 17.7198229332262 17.7 17.7 17.656885398367 17.6883926051019 17.7 17.7 17.74106863 17.749943528 17.84106863
8.45519257490637 8.64393228838308 8.49616496221936 7.61718898216649 6.30529763697332 5.68457093071902 6.06414534504979 7.03065516840955 7.64873802902654 10.0917144225854 11.8372007763627 13.5236775478688 15.685279307237 17.3854019077282 18.801732778 18.9 18.8917042760731 18.84821147 18.84821147 18.84821147 18.84821147 18.84821147 18.789335972 18.7140215432194 18.69642294 18.535814904 18.2762417817106 17.960865316 17.4794609783429 16.8959109608074 16.6823827270752 17.0191598834706 16.8733410854655 16.6813513954295 16.849409496897 16.9125393308156 16.9239714572595 16.9800397655118 17.1048558416756 17.305241966 17.606974264 17.8371968476663 17.9473763036694 17.9 17.9 17.9 17.8843061809856 17.84821147 17.84821147 17.796479292 17.7198269583594 17.7 17.7 17.7 17.7421591842956 17.74821147 17.8008350506231 17.8528076492132 17.9
8.57222128415616 8.9076282120475 8.57412868626008 7.23575226063558 6.05655353465827 6.28914566248575 7.53075619465523 7.67638886269102 7.82598408960087 10.0245567590293 10.6714336768769 13.0612264901674 16.0853594099718 18.5029752189811 18.9114822306943 18.95535431 18.95535431 18.95535431 18.95535431 18.95535431 18.95535431 18.95535431 18.896478812 18.85535431 18.85535431 18.7391980090662 18.5842205088626 18.334653310659 18.0187256675446 17.857187552 17.76606293 17.742901872 17.618984518359 17.5314370034374 17.5461556052338 17.3837764529093 17.2027837796532 17.158993302754 17.3421739184194 17.571316176 17.873048474 17.9529387361914 17.999226603605 17.95535431 17.95535431 17.95535431 17.95535431 17.95535431 17.9306721896165 17.8769038121799 17.7638894320237 17.7 17.7 17.7444514693655 17.7943953488381 17.8523592089583 17.8561275992453 17.9049126385511 17.95535431
9.01725164828208 9.22536246769552 8.32120385228294 6.66734300943829 5.7973529063009 6.52080118000863 8.14421191400014 7.68217163255047 8.40505427262342 10.1602081367075 11.0486811713852 13.8096343577364 17.1811095799311 18.7928405973219 19 19 19 19 19 19 19 19 18.9779200102983 19.0037567297274 18.9792706488436 18.9323808545855 18.8921992360145 18.698312054 18.4454407371273 18.1841629303017 18.1399776702692 18.0932803943197 18.0329388814111 17.8406290499641 17.852861515447 17.7452243517522 17.61248575 17.5877270817342 17.7030187116735 17.8604085834077 18.0405280159572 18.06249715 18.0614145131205 18 18 18 18 18 17.9832777274539 17.96249715 17.844747114 17.76249715 17.76249715 17.842800688 17.86249715 17.957086368 17.96249715 17.971372048 18.06249715
9.4784053753143 9.31288879713998 7.48705933242669 6.10405497725275 5.73454375417544 7.71782087122294 9.64952026400014 9.50616937293308 9.82308855277634 11.4122851103471 12.6407558211352 14.4928067164256 17.7569658561179 18.8604870706357 19.0012067064259 19.06963999 19.06963999 19.06963999 19.06963999 19.06963999 19.06963999 19.06963999 19.06963999 19.0896831640186 19.0777882590431 19.06963999 19.06963999 19.0122051064565 18.8049288952899 18.57855996 18.5736968274134 18.5391022910498 18.4602155390736 18.310753212 18.2306851726795 18.1775080354439 18.14819995 18.1022249531546 18.1007716280929 18.0773766620623 18.0961887919695 18.1 18.099474074154 18.06963999 18.06963999 18.06963999 18.06963999 18.06963999 18.06963999 18.06963999 17.9928905106477 17.8933051502906 17.86963999 17.949943528 17.96963999 17.9983572860437 18.001206205018 18.0723344099203 18.1111547511414
9.89342235961655 8.93650796695887 7.01134079088199 6.86265976243801 8.49359666512724 10.2949844476366 10.7423408834138 10.7548172047525 10.6099867958022 11.604079847887 13.5982697641708 14.7755916867769 17.5209864238195 18.7002559085832 19.001732778 19.1 19.1 19.1 19.1 19.1 19.1342373241523 19.17678283 19.17678283 19.17678283 19.17678283 19.17678283 19.17678283 19.17678283 19.0514308757072 18.9235337235984 18.85356566 18.830404602 18.723261762 18.6448715871791 18.5515217721265 18.45356566 18.4083595707378 18.3614552959566 18.2973906213491 18.196479052 18.17678283 18.1041543672659 18.1 18.1 18.1 18.1 18.1 18.1287524809003 18.17678283 18.137061399711 18.0863308869834 18.010764972 17.97678283 17.9954270389335 18.0671438037609 18.07678283 18.078514888 18.17678283 18.1805016954616
10.2417190648385 9.60562504942112 8.96289711373065 9.53503670010272 10.9574693551042 10.9986734181914 10.8426769509299 11.1570372915415 10.5434483954086 11.535640230932 12.9206395952401 15.9817965277765 17.4390491974828 18.3201471927808 19.0842042024539 19.1 19.1134435982002 19.18392567 19.18392567 19.18392567 19.1910931844917 19.2 19.2 19.2554063324894 19.28392567 19.28392567 19.28392567 19.2045406322025 19.182193132 19.0824990124515 19.0544079432214 18.960764612 18.853621772 18.7524982442403 18.6482429460867 18.58392567 18.525050412 18.4285195389322 18.326839062 18.219696222 18.2 18.1847953783759 18.1 18.1 18.1 18.119437871684 18.18392567 18.189944943662 18.2 18.1916843989921 18.18392567 18.117907812 18.08392567 18.1513209523002 18.1819077593728 18.18392567 18.185657728 18.28392567 18.28392567
9.57067799835314 9.56324629630322 9.97094767441001 10.2448570603045 10.761929506075 10.6717376753094 9.72004756685627 10.0293534595536 10.8019244963546 11.7724009150756 12.8923636396049 15.4418336308202 15.7187509573184 18.5888904826628 19.19106851 19.19106851 19.1924991969744 19.2 19.2 19.2 19.2 19.2 19.2536170387837 19.2969649312566 19.3 19.3731316726627 19.3114319593776 19.2915517305821 19.1998452585418 19.1829858354985 19.0985693344612 19.0468150215791 18.8972934103805 18.853621772 18.746478932 18.6439565677404 18.541124742 18.433981902 18.3934656381386 18.310764732 18.211432177942 18.2 18.1 18.108082455937 18.19106851 18.1931371161436 18.2 18.2341019677758 18.29106851 18.29106851 18.29106851 18.225050652 18.19106851 18.271372048 18.29106851 18.29106851 18.292800568 18.39106851 18.39106851
10.0841620388793 9.81286204010239 10.0477695755582 10.3904432231506 10.6704546360568 10.8581268333754 10.6128990109412 10.5641502766394 11.9854631133369 11.8389977546124 13.1058884772666 15.3860643406646 14.8508194296285 18.1144713192215 19.1034904346663 19.2 19.2 19.2 19.2 19.2 19.2437922622204 19.29821135 19.299264426595 19.3 19.3718525805897 19.399647707818 19.312553142 19.3 19.2965098010409 19.1998412505514 19.1824796418563 19.0764246717361 18.9684494826716 18.862553262 18.755410422 18.6990746881054 18.5815139063022 18.4988191672901 18.4263590051175 18.319696222 18.212553382 18.2 18.19821135 18.1983700951558 18.2 18.2227465520289 18.29821135 18.2988811367865 18.3 18.3 18.3 18.2988191715829 18.29821135 18.2996476992324 18.3858822683599 18.39821135 18.4964536804554 18.49821135 18.5139425867293
10.600030442153 10.8909290861101 10.7731555729471 10.9991295284972 11.2549662459529 11.5327485055828 12.3957932467209 12.8725794745143 11.7328375138877 11.6865914631158 13.9447070614097 14.2635305871774 15.5076738326586 17.7945361739774 18.977158487132 19.2004752174514 19.2044965313236 19.2 19.2 19.2 19.244589818 19.3 19.3 19.3 19.3692439895236 19.3186414217013 19.3 19.3 19.3 19.2915998266013 19.189335972 19.1041141029487 19.069696102 18.962553262 18.8577978327263 18.753621772 18.646478932 18.539336092 18.432193252 18.325050412 18.3006721319237 18.205410542 18.2000927505263 18.20535419 18.221372168 18.30535419 18.3340353325737 18.4020049566513 18.40535419 18.40535419 18.40535419 18.40535419 18.40535419 18.485657728 18.50535419 18.50535419 18.507086248 18.60535419 18.60535419
10.570500512662 11.063827256815 11.4665126329893 11.5251370297616 11.6916683402704 11.5534838418647 11.5304085944484 12.3690637116122 12.4673857565769 13.352042043555 14.9883194087971 14.0223208631247 15.4364419474308 16.266886005498 18.4141021180786 19.2202634593559 19.283981542 19.2 19.2037871172171 19.2078172699253 19.2390174150676 19.2939680157901 19.3 19.3 19.3 19.3 19.3 19.311820902936 19.3122805142064 19.3 19.2859835835089 19.189335972 19.082193132 18.975050292 18.9069246570605 18.848267582 18.7484824006548 18.646478932 18.539336092 18.4221576647722 18.3234816120854 18.217907572 18.214229328 18.31249703 18.326513236484 18.4028944143737 18.41249703 18.445263827911 18.5055723429467 18.51249703 18.51249703 18.51249703 18.51249703 18.5827650107651 18.6109282000926 18.6243178729502 18.6265096621922 18.71249703 18.7144987715232
11.0779411662127 11.0498538678904 11.1786463277031 11.5811375403745 11.713624587096 10.891973186397 10.4078222468794 11.4092594099143 13.3253496987385 13.3318251462098 13.3562299643026 14.1911676251404 15.3239869203404 15.5368302734251 17.3027939302788 19.2821032898369 19.2871275463272 19.2150910211825 19.2243524446922 19.2502676897981 19.2 19.2415724312213 19.28036013 19.2933260457594 19.3 19.3 19.3 19.394589698 19.3986077302109 19.31963987 19.3164939128085 19.2813877436818 19.189335972 19.082193132 18.975050292 18.867907452 18.8080768458666 18.733981902 18.626839062 18.4709355592085 18.4221053379054 18.3436276585849 18.321372168 18.41963987 18.41963987 18.442800688 18.51963987 18.51963987 18.5554719199829 18.6 18.6 18.612965821488 18.61963987 18.61963987 18.707086248 18.814229088 18.8199800439395 18.83927974 18.8521516150799
11.5489358702221 10.9057062354593 11.2869110028444 11.9803451791081 12.025304366969 11.9534823362001 11.2109977995379 11.884868759219 12.8787713086488 12.6504047704209 12.3108984379259 14.2926193102358 14.7921925347317 15.1965626607837 15.8531535771204 19.1844700390297 19.2957098228474 19.2562592152756 19.2 19.2 19.2 19.2 19.2 19.266018338 19.3 19.3 19.3 19.394589698 19.4004640206282 19.42678271 19.410764492 19.3205795510029 19.269696102 19.162553262 19.067352719366 18.975050292 18.867907452 18.760764612 18.653621772 18.62678271 18.539336092 18.52678271 18.4548337616503 18.52678271 18.52678271 18.5437404332814 18.6081161408415 18.62678271 18.62678271 18.62678271 18.62678271 18.692800568 18.72678271 18.7482901737023 18.8175912881748 18.921371928 18.928514768 19.02678271 19.02678271
