catData/variables/futureClimate2070/rcp45/bcc_csm1_1_m_2070_rcp45/bio16.asc
NCOLS 409 
NROWS 350 
XLLCORNER 60.897278365 
YLLCORNER 5.843756025 
CELLSIZE 0.0892857 
NODATA_value -9999 
[rows 25 to 49 of 350, columns 168 to 223 of 409]
63.729421443204 60.1129676739123 69.8187907905695 92.1872907926837 47.7612183997678 44.0095705240226 41.5368076399996 40.1190352670091 40.3928237999999 40.0425181639181 38.461670047113 38.6964976018551 39.3478470554114 38.9269644798956 43.7829855868619 48.7632802744335 49.9623103133262 48.3130583804855 46.4585244730553 53.9181148706002 60.3741157930756 64.4254520242307 60.579129980126 58.5703956334226 55.5268049307788 54.6267772348178 -9999 -9999 -9999 -9999 -9999 -9999 -9999 -9999 -9999 -9999 -9999 -9999 -9999 -9999 -9999 -9999 -9999 -9999 -9999 -9999 -9999 -9999 -9999 -9999 -9999 -9999 -9999 -9999 -9999 -9999
68.2521339367072 64.3224528399993 92.413642863789 95.7313587311337 77.5372632378689 46.8230175599998 43.4846707793392 40.6055159111707 39.9446396115009 39.5996537177509 39.6477418166681 40.1244187800002 42.4100265441869 42.64328712 41.3999445839253 43.3157269858193 48.2024226858764 53.3440510589594 43.5354955373817 54.7702138731425 57.3192691274611 61.4150809463911 60.3064573856823 58.5085890506988 55.6802375599994 54.5475340358719 -9999 -9999 -9999 -9999 -9999 -9999 -9999 -9999 -9999 -9999 -9999 -9999 -9999 -9999 -9999 -9999 -9999 -9999 -9999 -9999 -9999 -9999 -9999 -9999 -9999 -9999 -9999 -9999 -9999 -9999
100.937969857128 101.65208105429 117.721053884805 65.8858608115267 72.2031295013966 77.9003195374857 65.682185207327 44.6389998746746 41.4112884913214 38.6066126800003 39.1607313 40.7376885339385 45.0339921673816 45.9469424199998 46.5101582092131 47.7291531513869 46.4055333187807 43.9680239804033 46.2328116923021 48.3805398630922 58.2533980679944 61.94095051756 65.6611616199997 65.5690366195096 62.0750742061201 55.3263266909314 59.6282871582192 61.2941059135458 -9999 -9999 -9999 -9999 -9999 -9999 -9999 -9999 -9999 -9999 -9999 -9999 -9999 -9999 -9999 -9999 -9999 -9999 -9999 -9999 -9999 -9999 -9999 -9999 -9999 -9999 -9999 -9999
106.170618917496 82.2330297076314 132.541985744773 111.949955845805 62.3472782435415 61.9012583824304 69.9169305523979 71.638554177409 61.9169023738022 40.4644182611593 39.4711125164478 41.6769116400006 44.407894630232 45.7795336733212 49.0686688867967 51.4922066801365 52.3400921074939 51.9150565166656 46.0734539606975 47.2635363045685 55.6640462952973 61.5692324188781 64.1221331054011 64.8732123361492 64.7575645723226 56.5911967174633 62.0654347927537 65.2689061399998 67.5139026063516 63.1057593510722 60.4831241399999 -9999 -9999 -9999 -9999 -9999 -9999 -9999 -9999 -9999 -9999 -9999 -9999 -9999 -9999 -9999 -9999 -9999 -9999 -9999 -9999 -9999 -9999 -9999 -9999 -9999
101.076136550661 107.365581782945 103.866659635982 88.6039149681673 89.3891835334688 59.132626135935 66.907708776324 74.2120983200013 76.765739407315 61.8994041617959 40.871495395637 39.8019635400005 41.7077157275345 45.6592908221206 49.4055492814061 51.7489035600008 52.94588018 55.9952084178684 58.5933297982976 56.0397709891025 53.4253116800011 58.9556482799136 61.7869335755391 64.781581147657 66.9623948354172 62.1902179023005 55.8161340880712 59.2358248958597 66.6495840644805 62.7711782199978 60.1261189399999 57.1031176841139 -9999 -9999 -9999 -9999 -9999 -9999 -9999 -9999 -9999 -9999 -9999 -9999 -9999 -9999 -9999 -9999 -9999 -9999 -9999 -9999 -9999 -9999 -9999 -9999
117.95802429799 101.530523651578 80.9066321855073 73.1686374501662 88.2846255801156 80.5115629576461 69.0302430520236 63.6003735652552 48.6625102578805 63.266187016445 64.7442258592616 47.4138109824705 45.1966958199992 44.5434242848043 46.7514912724197 50.5849790040967 51.99943408 55.0673804360756 58.8184118540594 58.222296760744 58.2055381802687 56.6319583828483 60.9761373621679 62.3160268616928 64.3741750553967 64.8312152479739 57.2041186481627 61.1592072565209 69.8229080926546 70.3356895706969 69.4534354961697 65.3634043602989 58.9437585569407 52.6957968867125 -9999 -9999 -9999 -9999 -9999 -9999 -9999 -9999 -9999 -9999 -9999 -9999 -9999 -9999 -9999 -9999 -9999 -9999 -9999 -9999 -9999 -9999
141.947153443243 99.8124763598068 80.5647411837845 72.1805815312341 67.5955163845581 61.1953532600002 61.1670081702555 55.537943508965 53.3783352200002 54.5298114168065 60.4311577505844 59.4407058298234 58.7101891453092 53.5039262461499 52.7291676069586 52.7812941882208 53.3411191387376 55.1617627261384 57.4163480081452 59.4453130600001 60.6617947399996 58.935577347022 59.0615785588991 59.2752813813257 60.7675259029728 67.1948736118767 59.8099300535294 59.52953754318 60.471420910971 58.282219028475 60.83735014 56.8164686614578 53.4999040703669 53.2994479447694 52.3365486633372 -9999 -9999 -9999 -9999 -9999 -9999 -9999 -9999 -9999 -9999 -9999 -9999 -9999 -9999 -9999 -9999 -9999 -9999 -9999 -9999 -9999
127.041828946595 100.918294240586 92.0805224413779 80.2305473050967 69.1823236549697 60.8543090337021 59.0803472713224 52.0649555005 50.3353721795945 47.9290257324472 52.1279835320811 49.0671941541496 46.9195016791514 48.8801049928299 52.5662266041826 56.9063218688712 56.2621314930797 56.2381376690589 58.7307733647159 60.3203307600001 61.7642499222271 61.5880978600007 64.2659375957348 66.6814960748459 61.7247002815867 60.3391889733515 61.3241535854653 67.7649608679594 68.3315602016098 70.9601375845223 74.4341817568842 64.501439709281 61.5336788263963 71.3366115830159 -9999 -9999 -9999 -9999 -9999 -9999 -9999 -9999 -9999 -9999 -9999 -9999 -9999 -9999 -9999 -9999 -9999 -9999 -9999 -9999 -9999 -9999
137.143809775889 105.039107717982 90.7484718874707 81.3387839026952 72.7291686713452 66.4884463616898 58.3612355951692 52.3489599292138 50.1983691657775 46.9629253275237 48.8770106915567 50.8970216855998 46.3344464705481 49.1409161569775 55.4111193375131 55.4359727112565 56.652912067762 57.544950028979 58.242498408561 60.3632293112305 62.776530831198 65.1515273479719 66.511441717075 65.4579861705753 62.5008918876689 59.831266024359 65.7995164821217 67.7141449527754 62.7512169668702 66.4390773101325 72.1753526865261 72.8838398882167 73.2978990398154 -9999 -9999 -9999 -9999 -9999 -9999 -9999 -9999 -9999 -9999 -9999 -9999 -9999 -9999 -9999 -9999 -9999 -9999 -9999 -9999 -9999 -9999 -9999
126.004510741309 117.235059406746 100.884644645371 90.8735664445345 83.2510608171855 76.7593730269024 65.2364333449893 59.3861894633892 57.0445452032942 54.9377417676228 51.8391439052828 50.9607500619325 51.592229760721 56.7302564387723 64.3110942471298 58.7074284765565 57.3754310960318 61.7076514893439 61.3408472400865 61.6745494158227 63.4178397427562 64.2791848076411 68.4155916286014 71.2263488194575 66.0808706661755 63.7460668637588 65.349883432815 65.7743752374594 58.9676324586695 60.8192625200014 66.6253091227386 75.5339575486541 -9999 -9999 -9999 -9999 -9999 -9999 -9999 -9999 -9999 -9999 -9999 -9999 -9999 -9999 -9999 -9999 -9999 -9999 -9999 -9999 -9999 -9999 -9999 -9999
130.292579602485 125.069118203649 107.491768460002 93.7985178314885 88.8429997399973 80.9282778505574 72.1800827599995 68.7710183295781 65.0818995035456 61.5123436081282 59.4271105681111 58.8774560631039 58.9892995582162 65.7381918525353 70.0180285809194 62.5496253095209 61.2417539436346 65.752455028408 64.9065696045428 65.1663084351121 65.0529855800002 65.9458417669352 69.8228081820425 74.7942039408392 73.0280128600289 70.1532206897072 68.3935648994713 70.6693697561468 64.0036138163982 58.8347132926513 60.1306155030298 75.5451596828298 -9999 -9999 -9999 -9999 -9999 -9999 -9999 -9999 -9999 -9999 -9999 -9999 -9999 -9999 -9999 -9999 -9999 -9999 -9999 -9999 -9999 -9999 -9999 -9999
156.037837894711 135.295914024676 116.358643736767 103.200120311769 96.7179430399972 89.438154131705 82.9026187983467 75.2206938335136 72.3310833774037 71.8502970139386 70.6441158199098 68.984806299999 65.879242631329 64.7121458990718 65.2564384699324 64.1190637923157 64.8743773800001 65.5162260259676 69.5185616118332 69.5009215548497 67.5663096909333 67.9750820671661 70.4673966011653 76.141984531118 80.6025563108049 81.0507043614444 75.1164413336629 73.0636057075754 77.2365083366966 67.2230902760853 59.9169861157985 71.967789449264 -9999 -9999 -9999 -9999 -9999 -9999 -9999 -9999 -9999 -9999 -9999 -9999 -9999 -9999 -9999 -9999 -9999 -9999 -9999 -9999 -9999 -9999 -9999 -9999
169.065172799335 140.58340401128 127.477270900421 116.638143479717 109.387383299624 99.8389613541439 96.8475335044899 87.2243127022962 80.0832845827756 76.3067338582211 77.2562462436438 75.484730699999 71.8959662231466 69.8789887589124 69.2564053193515 68.3397590199996 70.207280035031 70.5361225302685 82.4084759015724 77.7391383516352 70.7888574622223 71.917621095394 72.5459917650929 73.9104980862629 81.5127602430725 87.46204852 87.4801486028221 79.4834216318348 80.1983600491098 86.7951463593721 63.3698104921315 58.3094994733436 -9999 -9999 -9999 -9999 -9999 -9999 -9999 -9999 -9999 -9999 -9999 -9999 -9999 -9999 -9999 -9999 -9999 -9999 -9999 -9999 -9999 -9999 -9999 -9999
185.827403819693 158.54182552683 141.693304780851 126.602744578708 117.540033742602 109.549098152696 104.253770039998 98.2309530686887 94.0349088320313 86.2670662665779 82.4438901618933 82.9928423181353 80.7741613707013 76.5735038971601 80.9201197350133 75.3635338310215 75.439036533906 76.3196316048515 87.630257052052 87.9274250985013 75.8367386446222 78.5869320769059 82.1903045015348 77.7466593830281 79.1513052538298 86.9236653031502 92.7704897307948 93.5089810848021 88.2554425754011 87.0002264669858 69.5012059281987 61.0322969062393 -9999 -9999 -9999 -9999 -9999 -9999 -9999 -9999 -9999 -9999 -9999 -9999 -9999 -9999 -9999 -9999 -9999 -9999 -9999 -9999 -9999 -9999 -9999 -9999
239.50762637288 189.788820438913 159.615631983231 140.041775385557 133.197523680178 120.427787676414 112.66549329983 107.274729590035 103.695690937726 100.696363666861 96.5990728242946 96.4975047200012 91.5645894810519 85.6047406111213 87.585987733351 84.5089109357216 83.9640950000003 81.5135758227393 84.747135782866 97.9009554576245 88.1748473488021 85.884041551374 88.3275942683477 85.7934987525654 80.4307467814785 85.6548281698181 96.6222040720967 101.272772751476 99.2044378766847 89.9048080065001 73.6448210171835 65.408580975518 -9999 -9999 -9999 -9999 -9999 -9999 -9999 -9999 -9999 -9999 -9999 -9999 -9999 -9999 -9999 -9999 -9999 -9999 -9999 -9999 -9999 -9999 -9999 -9999
270.579348057621 199.86005059267 166.241572253876 152.120429737135 162.955994215927 148.625257990512 128.474827630506 117.255250748621 115.040187219624 112.114330377784 109.707431371247 104.283466952158 98.4430957461226 94.5299499807182 90.9084981569993 94.8005596672537 96.1724995510628 91.3797659814035 88.8160807053763 101.426611648383 100.167521811557 93.0723712286896 94.115985551996 92.7655288386286 87.2444424953711 86.4666918202395 95.3724962047503 103.030708041697 102.92963384 94.6656313799968 88.1303686920296 79.6881987909169 72.0951702328706 -9999 -9999 -9999 -9999 -9999 -9999 -9999 -9999 -9999 -9999 -9999 -9999 -9999 -9999 -9999 -9999 -9999 -9999 -9999 -9999 -9999 -9999 -9999
352.999712726288 312.481957853357 252.11371956026 234.457052840242 223.817032490833 175.895094219697 148.752828205498 130.965672067735 125.346334697708 123.49405226841 119.361140549738 111.098224667967 107.515139928078 107.354176583742 101.681099136214 99.7480105706385 101.418258138912 99.0797934710537 101.313307036198 98.7195984024182 98.9718214587483 97.0475258714807 97.6220346503329 94.674976650755 100.467620524731 99.1518468433841 91.0739675251755 90.8192137713809 102.096769280729 101.211863554137 108.348494976073 107.079478207848 82.9197788920821 83.4607690162159 -9999 -9999 -9999 -9999 -9999 -9999 -9999 -9999 -9999 -9999 -9999 -9999 -9999 -9999 -9999 -9999 -9999 -9999 -9999 -9999 -9999 -9999
367.333556071045 367.803644434592 395.541350147693 334.071178183475 192.66879402531 164.816446752204 158.011582758659 148.001385909215 137.565290841427 134.423147494458 129.111554629041 122.838868299145 117.525237054476 116.993182589168 112.323988832284 108.561684838548 107.503788459717 106.381045891718 106.6037237069 104.570552403863 103.501187707986 110.872047873606 104.379258259999 97.9099018285801 104.606341015425 117.336709565474 111.671588320574 98.5046062825194 90.6718317686028 90.8766240389214 106.560282567656 108.315491792887 103.166736428608 75.8578796365779 87.8303409039479 103.937031779334 -9999 -9999 -9999 -9999 -9999 -9999 -9999 -9999 -9999 -9999 -9999 -9999 -9999 -9999 -9999 -9999 -9999 -9999 -9999 -9999
417.911859975906 274.338011639162 279.10150581612 409.016470799924 248.188374015318 204.328066851744 170.767954612249 159.603174838742 152.626173604782 147.122890148422 146.118791695205 139.014588973568 133.091180179999 125.996794512681 124.595272999367 122.144244959999 118.96377857078 114.941980581232 119.155959492704 112.860545397591 112.611845923839 114.681696961858 121.081804739838 117.195744003623 120.508195060003 123.03710721331 109.180846589025 104.637876576492 109.456256419398 94.3025744065411 83.8909896046173 86.5632597915087 94.4176230110081 75.3522264557715 74.984213799121 92.7115426936344 -9999 -9999 -9999 -9999 -9999 -9999 -9999 -9999 -9999 -9999 -9999 -9999 -9999 -9999 -9999 -9999 -9999 -9999 -9999 -9999
610.208497657689 474.208807206502 293.552413130527 278.659534288595 361.512870484294 338.51941938727 217.113370207824 178.169411035913 167.377773211037 160.321228419672 159.995565421265 158.608645959999 155.35900784939 147.162071234284 135.917273352669 138.175531400001 135.813672052621 127.11531249578 126.920254428078 130.541514054429 129.161040114307 122.248604607728 130.951985175774 137.51064089575 135.590417656879 135.291971992368 120.495303309567 122.125224220097 137.549184134034 109.57044615569 98.2501711703207 84.4337520475923 82.5867162225072 93.697083099118 97.4863309025026 76.4859765612984 81.0223034794658 91.1071666606555 101.226210924729 -9999 -9999 -9999 -9999 -9999 -9999 -9999 -9999 -9999 -9999 -9999 -9999 -9999 -9999 -9999 -9999 -9999
729.079010144092 562.369231881807 378.64875953012 288.507885617613 279.757714504309 331.768760831079 316.953267595222 212.70705783841 199.439669943957 175.864981260568 170.249462337133 166.73354426 163.35413779891 158.408676324646 151.77993019308 154.434701315926 148.851533278767 147.714752847584 138.513821042227 138.596049580473 142.886513372254 137.048915538248 138.579568063957 141.306647233353 145.896317317055 144.308332435249 127.248267585992 128.592892517534 148.20975966668 129.826269415722 115.037773919287 96.376623007481 95.7342854338437 90.2773555084151 104.785688755347 101.162876941795 76.4243162186265 76.9977496473366 84.5392575553308 -9999 -9999 -9999 -9999 -9999 -9999 -9999 -9999 -9999 -9999 -9999 -9999 -9999 -9999 -9999 -9999 -9999
731.101345091373 595.28096200607 645.546361263773 559.359869294331 352.527238455424 309.377008040631 411.150671871953 261.088792294325 209.404631171708 193.852650015389 186.769289053219 180.803992690157 179.625806707359 179.858649052621 172.722451484629 171.477077104917 163.209178408945 157.638726538587 152.195260736333 151.021598199954 153.285867525583 152.890911212584 152.662688979999 147.652358767271 150.170577439838 151.12851367727 133.223832725476 131.876536020836 158.488020842361 141.492147706257 127.369236588108 122.432475433033 113.883715840038 96.3988974937526 102.586611803048 117.416301936829 91.0903281381107 79.2673817880362 81.256959741484 -9999 -9999 -9999 -9999 -9999 -9999 -9999 -9999 -9999 -9999 -9999 -9999 -9999 -9999 -9999 -9999 -9999
761.48359240576 891.689703635531 1125.63547815753 987.467657607808 525.52978285426 316.537236024781 384.871882651076 243.432509263465 231.563870373441 219.082048008034 206.932312901761 200.074636728704 193.965358356471 190.396659423022 187.202972360609 183.49953280842 182.074581766072 176.356384941283 169.212597601305 168.302519933666 165.198434814691 167.322882027898 165.185835234037 161.320098736192 156.948768213902 158.920718516309 147.956133870299 138.574057908141 148.471875555096 138.87389414502 138.459332368787 138.641781428167 123.031978845828 107.476287604025 105.155087440654 120.622437611927 111.212708212781 96.7868197625587 88.9591198553686 86.4849785824694 -9999 -9999 -9999 -9999 -9999 -9999 -9999 -9999 -9999 -9999 -9999 -9999 -9999 -9999 -9999 -9999
1227.74780452478 1303.66218722232 1405.57386434508 1097.15707131752 735.6171580852 380.166129021603 366.122680580677 284.141901281887 290.618255380329 259.184197115188 225.609048608783 218.469607269953 213.363696363119 204.117068147851 198.976301334137 194.080402458801 197.83866452301 192.141080948626 193.501081202751 186.820320489012 182.449332654654 179.818857386601 179.027768048155 173.920406036736 171.226712159973 166.377777776376 160.484481099998 153.154727370934 150.042098525408 137.199657256488 144.564189838097 162.78572790888 140.424434616847 117.631420688277 112.917221123832 120.773977275967 127.831155537697 126.071360227526 113.348459856913 98.2742393726722 95.4854755153851 -9999 -9999 -9999 -9999 -9999 -9999 -9999 -9999 -9999 -9999 -9999 -9999 -9999 -9999 -9999
1628.83754077636 1740.95425475461 1697.54269774633 1314.23450005364 910.263429170814 397.59121375699 342.370379446577 311.507833126372 308.769311989416 292.663891905635 259.881644579997 243.788569770529 232.304450403442 222.172414451673 212.495069062513 213.379777089454 216.468976891934 210.1604025 210.092259642687 208.365711839508 202.845309780086 199.789732619679 194.485195918555 194.366566342254 190.854003935403 186.54367978581 179.333354498727 171.474713292542 167.602854994653 151.616543431554 157.415769723555 174.736068907629 163.194176414152 135.281499310346 130.909413603267 135.622357879828 140.866052346387 146.968667152462 142.490299104013 118.016068410781 102.812727540217 96.9954546231795 -9999 -9999 -9999 -9999 -9999 -9999 -9999 -9999 -9999 -9999 -9999 -9999 -9999 -9999
