catData/variables/futureClimate2070/rcp45/bcc_csm1_1_m_2070_rcp45/bio10.asc
NCOLS 409 
NROWS 350 
XLLCORNER 60.897278365 
YLLCORNER 5.843756025 
CELLSIZE 0.0892857 
NODATA_value -9999 
[rows 104 to 129 of 350, columns 174 to 231 of 409]
34.79822335 34.8490863590801 34.9413326752956 35.0337644140001 35.1833690596138 35.3633998388751 35.5223965143181 35.607085048 35.6066825401706 35.6 35.6 35.5988563450962 35.5309150991481 35.5 35.4846975683631 35.4236453558813 35.3752583838743 35.33392555 35.282194812 35.23392555 35.23392555 35.23392555 35.206682621592 35.1422212381636 35.13392555 35.1333384283251 35.1 35.1 35.0846977269417 35.03392555 34.996480732 34.889337892 34.83392555 34.775052212 34.667909372 34.560766532 34.453623692 34.43392555 34.339338012 34.232195172 34.125052332 34.0124759562352 33.8615389875204 33.703623812 33.5837776929683 33.4848734732127 33.46607445 33.46607445 33.5096941179459 33.5569684178098 33.5130155975654 33.5 33.4375019630766 33.43392555 33.4280627785879 33.3624176456565 33.3186235940991 33.2678511
34.5273745022428 34.6871731788932 35.0128931420386 35.1431030827773 35.3140444477959 35.4273488284476 35.5520602465724 35.6431140700393 35.611608149349 35.6 35.6 35.6 35.594770586902 35.54106839 35.5315572063214 35.4821424150669 35.44106839 35.4227568581565 35.3695142432317 35.34106839 35.3139565099917 35.3 35.2526766807848 35.24106839 35.24106839 35.239337772 35.14106839 35.1344907542738 35.1 35.1 35.077933165891 34.996480732 34.9198235073324 34.8653049940558 34.7750522119999 34.667909372 34.560766532 34.505156260391 34.4442580409972 34.3386273736144 34.191126782 34.0745454211621 33.917909492 33.7983222160614 33.625110844 33.455412582 33.3575104317931 33.31786322 33.34497490288 33.432090388 33.4919101916566 33.5359120310448 33.54106839 33.54106839 33.54106839 33.5316300105979 33.48213678 33.4696924426255
34.2749768448045 34.7110331234443 35.253260217257 35.34821123 35.4267330452152 35.4695099738058 35.5484171031733 35.6 35.5612852551314 35.636105561779 35.64821123 35.6473767620686 35.6 35.6 35.5880060429941 35.5336021579849 35.5 35.4769084760569 35.44821123 35.4198275539012 35.3658109091197 35.34821123 35.34821123 35.34821123 35.3026092987965 35.2991037342244 35.24821123 35.232194932 35.14821123 35.1336022736919 35.1 35.055412342 34.9732094113709 34.9198276696081 34.8658110334128 34.775052212 34.667909372 34.6029246964756 34.5508206445035 34.4455847105174 34.2832713544616 34.132195172 34.025052332 33.887607754 33.673322074 33.4606315267138 33.248328254 33.1801722146849 33.266015938 33.373158778 33.480301618 33.587444458 33.6 33.64821123 33.64821123 33.64821123 33.64821123 33.6325184568942
34.307499882319 34.935321794935 35.337445298 35.4 35.451730978 35.5 35.566016658 35.6 35.6085988867763 35.6887895659165 35.7 35.698269142 35.6 35.6 35.6 35.5864712929633 35.55535407 35.55535407 35.526719001076 35.4737153435776 35.45535407 35.45535407 35.4109035904616 35.4 35.3577704068456 35.35535407 35.35535407 35.339337772 35.25535407 35.225052092 35.1346268392329 35.0800934254207 35.0267191339257 34.941126662 34.9 34.867337476035 34.775052212 34.7069498706578 34.6577705139958 34.5526658573506 34.3871652513029 34.239338012 34.1193757793898 33.9561697692637 33.780464914 33.5462727665708 33.307247624 33.2369925821219 33.321370008 33.428512848 33.4912054741612 33.6358485244925 33.65535407 33.75535407 33.75535407 33.75535407 33.75535407 33.75535407
34.0970091840893 35.0037897538082 35.3140431438097 35.3653692984766 35.4840612407628 35.56249691 35.5872551966647 35.6 35.680302338 35.7 35.7 35.6993508747665 35.66249691 35.66249691 35.66249691 35.6435589600885 35.6 35.6 35.5805993747702 35.5257027429436 35.5 35.5 35.4698842319152 35.46249691 35.46249691 35.4 35.4 35.3939933933464 35.36249691 35.332194932 35.225052092 35.1346310015086 35.0805994647776 35.003623572 34.9212388386499 34.9 34.8698843219226 34.775052212 34.7033826215049 34.5976206767813 34.453623692 34.346480852 34.23065270964 34.0757544320737 33.887607754 33.6733220739999 33.491366206785 33.42499382 33.4497518366425 33.535655688 33.61268293993 33.6905825675675 33.7591141385025 33.8010812827888 33.86249691 33.86249691 33.86249691 33.8435594100663
34.0597046155432 34.8333353459952 35.2564370619139 35.344588138 35.4314113084965 35.5427196593413 35.6 35.6 35.680302338 35.7 35.7 35.7 35.7 35.7 35.7 35.6908001708596 35.66963975 35.6385888493025 35.6 35.5821258345353 35.56963975 35.56963975 35.56963975 35.56963975 35.5037690578703 35.46963975 35.46963975 35.4584860401135 35.4 35.3908002437243 35.332194932 35.225052092 35.133614760519 35.0821259073999 35.003623572 34.9186919927623 34.9 34.8734515710754 34.775052212 34.667909372 34.560766532 34.453623692 34.346480852 34.209036274 34.0208269045078 33.8811552304266 33.757188992 33.6679201717355 33.6392795 33.712438278 33.7636592719789 33.8305358519401 33.867996440141 33.871369888 33.96963975 33.96963975 33.9535121184654 33.8908003894535
34.5107404753275 34.7655292896558 35.0933519369128 35.3103522108108 35.4026581794815 35.5041205414154 35.5739067098439 35.6 35.680302338 35.7 35.7 35.7013289976016 35.77678259 35.7644846772953 35.7 35.7 35.7 35.689647844911 35.67678259 35.67678259 35.6260934744343 35.6 35.6 35.6 35.5780391677718 35.5754537766766 35.5 35.4962814304265 35.47678259 35.4535159464704 35.362555182 35.2896479006327 35.225052092 35.17678259 35.110766412 35.003623572 34.97678259 34.9096402860579 34.805412462 34.7737235829548 34.5979398685967 34.560766532 34.453623692 34.316179114 34.139338012 34.032195172 33.9647721639061 33.9398963714576 33.93034777 33.9473333434393 33.95356518 33.9738675183361 33.97678259 33.978512728 34.07678259 34.0644852301299 33.9946231594216 33.97678259
34.7203436629644 35.1293691296459 35.2387052272774 35.38392543 35.4439719402703 35.5 35.566016658 35.6 35.680302338 35.7 35.7 35.7842036579808 35.8 35.7974254103876 35.78392543 35.78392543 35.78392543 35.7465048448755 35.7 35.7494099034929 35.7733135746771 35.76785086 35.7004569789544 35.68392543 35.68392543 35.682194812 35.58392543 35.58392543 35.5644890238492 35.469698022 35.362555182 35.3 35.248269502 35.2 35.133983822 35.0882400024403 34.949138070751 34.9020182108087 34.8847954599929 34.7979914711771 34.6764785436386 34.5974254875455 34.5413303272702 34.3648273879139 34.246480852 34.1767581942824 34.1244360185334 34.08392543 34.139329589835 34.16785086 34.16785086 34.0944627226123 34.1633082265719 34.1666769464878 34.1074466849403 34.1813509561245 34.1484148566912 34.058494767507
35.1099348041952 35.29106827 35.3318580809151 35.4 35.451730978 35.5536153675356 35.5969646996476 35.6 35.680302338 35.7 35.7861396716199 35.8 35.8 35.8145859840705 35.89106827 35.89106827 35.89106827 35.846480372 35.79106827 35.7963266990283 35.8 35.8 35.7928276334223 35.79106827 35.704928816944 35.6998454258729 35.69106827 35.6764825044934 35.576840862 35.4972935091404 35.453623452 35.39106827 35.339337772 35.2374533395921 35.1941036132247 35.1244436179584 35.0125257968584 34.9114338963247 34.9 34.889337892 34.782195052 34.6764827230572 34.5747726117596 34.460766532 34.3877238213934 34.3415315497897 34.2864478630271 34.28213654 34.2880329053391 34.3576927034778 34.3090072457054 34.2832579671115 34.2905848220717 34.2909137387452 34.2748485828758 34.2 34.1979315311958 34.160766772
35.2217850280905 35.3 35.337445298 35.4 35.5025365457077 35.5414436676856 35.50178889 35.3580873798875 35.385669008 35.7488901898213 35.7999031855952 35.8 35.8087149573039 35.8984976282466 35.9 35.9 35.9 35.8992023715515 35.89821111 35.89821111 35.89821111 35.89821111 35.89821111 35.89821111 35.8965190386981 35.7965114508523 35.7 35.6997134860467 35.675051972 35.5684512010542 35.4993301533953 35.4544210761552 35.348269502 35.2989468207439 35.2333758888066 35.126840982 35.019698142 34.998435710542 34.9053156390085 34.899969045441 34.889337892 34.782195052 34.675052212 34.5976690452391 34.5596474843114 34.4974134901382 34.49642222 34.49642222 34.49642222 34.569580998 34.516120602 34.49642222 34.4035269847152 34.3965119222656 34.2998412721839 34.29821111 34.2754667349171 34.1994579395324
35.1868121912642 35.1834513353503 35.2006604575968 35.2529088113856 35.4605468840001 35.6610756932212 35.7 35.7 35.6153983149746 35.5806007366774 35.6833006083794 35.6140769467281 35.813752554646 35.9008575174363 35.9272733864816 36.0016223656006 36.0033491603172 36.002387213765 36.0081235878472 36.0107079 36.0071734139885 36.00535395 36.00535395 35.917909012 35.90535395 35.9052612935776 35.8832032450091 35.7098503954132 35.704114021331 35.6713203747511 35.567909132 35.5029667490845 35.448269502 35.341126662 35.237518295162 35.132194932 35.1010546286736 35.0172370474085 35.0002897805092 34.8983622655729 34.80535395 34.8044964582627 34.7780810178194 34.7037316100984 34.6665649499677 34.6107079 34.6107079 34.6107079 34.6731893776875 34.70535395 34.70535395 34.617909492 34.60535395 34.5037164427234 34.4102328451944 34.4044964711122 34.37808124497 34.275052452
34.8893569046101 34.9071909985412 35.237329474 35.42499358 35.5607923789432 35.68750321 35.68750321 35.68750321 35.516863319455 35.2345265665195 35.483764054 35.801730858 35.9011089274043 35.9265117748809 36 36.030302218 36.0719138025273 36.069581478 36.1702596363067 36.1977821751837 36.129736725123 36.1 36.1 36.0234828722675 36.01249679 35.998269382 35.9 35.8859852251268 35.789337652 35.7087100154435 35.662555182 35.555412342 35.454734153701 35.353623452 35.3042468868693 35.2359835108455 35.132194932 35.1015690097248 35.005412462 34.9122805482951 34.9 34.8859854351345 34.81249679 34.782195052 34.749941368 34.81249679 34.81249679 34.81249679 34.8042469168616 34.8091424988532 34.8024616654319 34.7234832922829 34.7006764140023 34.61249679 34.603623812 34.496480972 34.4096027011429 34.3734852165719
34.5371558580001 35.1015541101038 35.4295528000612 35.5891173153271 35.6 35.6 35.5870345726304 35.5516238605659 35.3317162601291 35.2616108296482 35.5241062072405 35.801390923893 35.889234068 35.977214781198 35.969817572299 36.042204704994 36.162016176311 36.235830999808 36.28036037 36.1857383197739 36.11963963 36.11963963 36.1038685950706 36.1 36.1 36.017909012 35.91963963 35.91963963 35.896480492 35.789337652 35.682194812 35.575051972 35.5094799515956 35.441126662 35.333983822 35.3 35.219698142 35.112555302 35.0239891044893 34.998269622 34.8982573328157 34.8835058645318 34.9 34.8816005604535 34.8693698614257 34.9108828260782 34.9101596312693 34.91963963 34.8665889779642 34.8837018113766 34.8354693226592 34.8024658619933 34.7239892973542 34.7 34.691127022 34.5871296293967 34.496480972 34.41963963
35.0131024002572 35.4757516512769 35.52678247 35.5474869986332 35.57321753 35.57321753 35.507200872 35.346492454604 35.219697662 35.4623355340001 35.689176036 35.74643506 35.755308758 35.8518666444244 35.926666166 36.1387913342193 36.2458011834253 36.2 36.2 36.2157677983658 36.22678247 36.2071886136739 36.1412047873062 36.12678247 36.1014495267335 36.0987328842467 36.0244059387732 35.995710439793 35.9562609811871 35.8778136401672 35.789337652 35.682194812 35.575051972 35.467909132 35.360766292 35.3071886779519 35.219698142 35.1359751520084 35.1014495910114 34.9987330599687 34.917909252 34.838509032071 34.9062025249092 34.957084208 35.02678247 34.982195052 34.9646580871702 35 35 34.9464349497702 34.9052757132496 34.8359753277305 34.82678247 34.72678247 34.717909492 34.6224930383489 34.5830438026312 34.5186669803886
35.3461397789935 35.6 35.5745931331462 35.5026879060397 35.46607469 35.46607469 35.400058032 35.292915192 35.2675008033112 35.4411880108504 35.6873400043294 35.6690250178843 35.747585367555 35.9173917214967 36.1905987036583 36.2460525933934 36.2 36.215126582619 36.23392531 36.2728258441554 36.3 36.2516602470702 36.23392531 36.2042593437042 36.1375014189086 36.13392531 36.125051852 36.017909012 35.9260685006402 35.9 35.8752584525854 35.789337652 35.6646450801889 35.5610996244238 35.4455129389633 35.3516604056494 35.253623452 35.2042594251249 35.1375015774879 35.0333382738993 34.991126782 34.9 34.923158898 35.0405816965519 35.13392531 35.089337892 35.03392531 35.03392531 35.03392531 35.03392531 34.953623692 34.93392531 34.9018362759329 34.8333383553201 34.7941372072927 34.717909492 34.6260686634816 34.5799783791311
35.64106815 35.6286234910949 35.525109404 35.4183115233961 35.4198231943585 35.3274648363391 35.2650025322649 35.185772352 35.2865578413767 35.5333364012129 35.8868822031143 36.0066699719208 36.0925951687897 36.2094388421494 36.2452836000961 36.2 36.2 36.2262764731675 36.25893185 36.25893185 36.3131552931378 36.34106815 36.3080895639402 36.2484670803052 36.24106815 36.2403574172038 36.1947707070416 36.1184742547129 35.9863518915325 35.94106815 35.9103123619531 35.8326555182689 35.7177837625144 35.6168899592401 35.5221908900105 35.4220461894985 35.3526766294962 35.253623452 35.2022227980128 35.0989802562326 35.032194932 34.94106815 34.964227048 35.0892272627856 35.2153777954599 35.2147919597053 35.1608916400492 35.14106815 35.14106815 35.1110231933128 35.0526767709326 35.04106815 34.946480852 34.898980397669 34.8374241820855 34.79056158216 34.717909492 34.6286238853491
35.74821099 35.7325176469961 35.6395841328743 35.5247319597429 35.4233290053695 35.1467839054913 35.1014219623868 35.290255021589 35.4987863922859 35.935673439937 36.1431869325041 36.2035160895546 36.2 36.2 36.1888346345883 36.15178901 36.1337363768321 36.125074287046 36.1767289109241 36.2283835348022 36.3165894886394 36.3870598125585 36.319697902 36.3 36.3 36.2991037300709 36.2439330080509 36.167967404 36 36 35.925110364 35.7785038486604 35.7249982972177 35.641126662 35.6 35.4889526508521 35.4094966692698 35.312555302 35.2510140504864 35.14821099 35.139337772 35.04821099 35.071369888 35.178512728 35.2676031662449 35.3 35.2732094115114 35.24821099 35.2163840527324 35.1621117931457 35.1094967849762 35.1 35.0510141747801 34.94821099 34.939338012 34.84821099 34.825052332 34.717909492
35.8 35.8 35.7003724822063 35.3953997497825 35.2056741268584 35.2145083730418 35.3641562960001 35.7574238858483 35.9843249050124 36.0794261733068 35.8899881406318 35.9385436565846 36.1950880682943 36.1269146355672 36.0364183374544 35.9943258552861 35.9033214432462 35.989234068 36.096376908 36.203519748 36.2811887857918 36.3326628066974 36.264344072 36.24464617 36.2970041278349 36.24464617 36.235772712 36.1303448427344 36.05535383 36.0385805246112 35.925110364 35.7800933184103 35.7267190180789 35.6737153094318 35.6188113470574 35.5673373004534 35.5195021259641 35.423262962 35.3583498350143 35.3097498295035 35.246480612 35.15535383 35.178512728 35.2688823954604 35.3207270080503 35.35535383 35.35535383 35.3227653154173 35.2705264120934 35.25535383 35.175052212 35.15535383 35.1029961378635 35.0543961323527 34.996038555158 34.9464884613312 34.876841342 34.7864715416904
35.7230293399653 35.67500666 35.5018234036784 35.0898896409299 35.1508850010423 35.6590703035038 35.8832386973141 35.9972390018452 35.8367581812714 35.8093721206512 35.765203381876 35.986841341713 35.9300480904882 35.7130065097986 35.673172698 35.7159202975584 35.6889915316704 35.791728606527 35.8965707166165 36.0706742637598 36.1210036221934 36.11250999 36.0823940291901 35.9657063113328 36.162829520954 36.2614150913796 36.1966721577638 36.1524870170927 36.1 36.069698022 35.9485121283375 35.834630868519 35.7805993406244 35.7257027942321 35.6752417349113 35.6167747199453 35.6 35.5672053263415 35.467909132 35.460766292 35.3591689177718 35.32499334 35.3336786979413 35.36249667 35.3765396336544 35.4 35.4 35.3779206277758 35.3212389070807 35.3 35.2698842192061 35.2078467956504 35.164526613493 35.0993511406364 35.0569513542201 34.9939935349233 34.939338012 34.8435592427899
35.3073880554792 35.4965938863459 35.7085128622715 35.6300417256427 35.7626801696105 35.9430844610121 35.894704322 35.7588251481487 35.2883882985965 35.5131936919115 35.9187915270157 35.8846835349699 35.501000465806 35.3022353085822 35.3677522806418 35.4332861022687 35.5156524381792 35.6463354384326 35.8706904310748 35.9767478847613 36.0562910920295 36.06963951 36.1814834851339 36.155821106686 36.3002199537618 36.2994745758952 36.2634600773287 36.1951373734473 36.1535115997766 36.069698022 35.962555182 35.855412342 35.8 35.7821257661038 35.72366616712 35.626840982 35.6 35.6 35.505412462 35.4994746487603 35.46963951 35.46963951 35.46963951 35.46963951 35.46963951 35.46963951 35.4336148118071 35.4 35.3799572377451 35.36963951 35.36963951 35.282195052 35.2037693791506 35.1 35.0973061204016 35.0584861728223 34.9929689179538 34.939338012
35.2053190870486 35.4747792293604 35.8854762682311 35.9342358201777 35.9610835242408 35.8286876639999 35.6297295005961 35.5918546994378 35.1181859719999 35.6386532778906 35.6948988187282 35.4104938114475 35.1023769394252 35.203718663735 35.2587822793476 35.3675865207524 35.3664926329825 35.6914107618002 36.0932847763088 36.1440161112825 36.219581118 36.2535647 36.3525110580563 36.37678235 36.3987434092388 36.3 36.291126542 36.2 36.176840862 36.069698022 35.962555182 35.8896477936224 35.8370624579689 35.8 35.733983822 35.6830141952573 35.6151246963339 35.6 35.5780389964836 35.5013286248923 35.5835954153011 35.6412671942903 35.57678235 35.57678235 35.57678235 35.57678235 35.525052092 35.47678235 35.426093761429 35.4 35.4 35.3796974517972 35.282195052 35.17678235 35.1699694689766 35.0962815034321 35.07678235 35.046480852
35.8751243845902 35.916702705293 35.98392519 35.9536719689321 35.7775131888492 35.530476794 35.2607865083418 35.2988579856996 35.4729554096685 35.6160043097413 35.3635904101763 34.9649171694605 35.0177473960001 35.2134419099479 35.330243946 35.4281917779692 35.4002967301442 35.8051247097731 36.1951458581549 36.28392519 36.349941608 36.38392519 36.464227288 36.4105368596381 36.4 36.3824727655553 36.2985736084861 36.2704834814725 36.176840862 36.069698022 35.9939808166517 35.9465049133069 35.848269502 35.8 35.7893880248172 35.7225263451414 35.7544851158001 35.76785038 35.6884676090172 35.6681285349758 35.6853515429344 35.697425449107 35.68392519 35.68392519 35.68392519 35.68392519 35.632194932 35.58392519 35.517909252 35.48392519 35.48392519 35.410537262479 35.3847952715624 35.28392519 35.275052212 35.1704838843134 35.1 35.069698502
36.0699770221319 35.9724041484578 35.90893197 35.8237382931097 35.5626710059999 35.2465010777616 34.9287459359999 34.973114906 35.5602219530422 35.4521642271961 35.134099886 34.8122390862827 35.0015851920865 35.0484664236308 35.255250726 35.4587100659157 35.719639740653 36.065395649019 36.2003091779979 36.3161619853502 36.457084448 36.49106803 36.4982405893027 36.412555062 36.4 36.4877613722806 36.3 36.283983702 36.1979314327416 36.160766052 36.0569677719103 35.9960174437637 35.939337532 35.89106803 35.8309483972141 35.726840982 35.707172537866 35.70893197 35.7866224469642 35.7 35.7080806648302 35.79106803 35.79106803 35.79106803 35.8251680695264 35.8415311767995 35.739337772 35.6374534594514 35.5941034762226 35.59106803 35.5179389284293 35.4921894872448 35.4049292410812 35.3894924274071 35.2992074682669 35.275052212 35.19106803 35.160766532
36.076840382 35.9399372343668 35.80178913 35.6688224557533 35.3483853259999 35.0269568059999 34.7055282859999 34.6061960970531 35.4058697603405 35.253572925913 34.919814206 34.8999726952998 34.991285063993 34.933822206 35.1253628593796 35.3534629117814 35.8479911020001 36.099806340919 36.2033995456945 36.3581377728461 36.4011811195394 36.40178913 36.40178913 36.4002246263808 36.4 36.4017272039883 36.3894961696991 36.283983702 36.2 36.1399381857789 35.964344312 35.90178913 35.9008636041411 35.8421799825521 35.8006080147545 35.726840982 35.7 35.7858801986747 35.7999031640186 35.79821087 35.807084088 35.89821087 35.89821087 35.89821087 35.8988808021784 35.8992022731283 35.846480612 35.7971575537418 35.7315869129515 35.69821087 35.617909252 35.5123309070314 35.4983077102753 35.496480732 35.39821087 35.382195052 35.2754665504979 35.1994578668088
36.076840382 35.9410173897241 35.8033489973364 35.6686227056028 35.3473912494577 34.9645047279999 34.6019500259999 34.6502357433604 35.4237755977003 35.1627741099998 34.816235946 34.7962844828822 34.8813690261144 34.8623511940069 35.235611336 35.4801992340001 35.8036324538147 36.081434979246 36.241023318 36.2924445006327 36.29464629 36.2254037665115 36.2042991414508 36.292798648 36.3948775326704 36.3983620342689 36.3048786507917 36.283983702 36.1756009889129 36.0659665920264 35.9645598689657 35.9029666160949 35.9 35.841126662 35.7964656852768 35.7254039936626 35.7760027293981 35.7118831275413 35.794587538 35.9 35.9 35.916016058 36.0012398602381 36.00535371 36.00535371 35.960766292 35.9025842220044 35.841126902 35.7375183638743 35.70535371 35.701054594247 35.6172370646923 35.60535371 35.5052610834289 35.4916020555105 35.4044962695502 35.4 35.3713207563285
36.076840382 35.9734843038152 35.8703718816128 35.7108237239999 35.3930760879999 34.9645047279999 34.6019500259999 34.7011936675054 35.4274606258194 35.1612051903912 34.816235946 34.6997837024646 34.6952682418926 34.8090414906794 35.033822206 35.2746233721766 35.6201077916045 35.9126701969675 36.0332021955395 36.1390198618884 36.1750069 36.1750069 36.2653439898276 36.374948388 36.3993236589717 36.3997837324563 36.3775211158842 36.258990602 36.1344768105194 36 36 35.9498404230242 35.88750345 35.828630112 35.7297370166918 35.7 35.7 35.7 35.794587538 35.9 35.9 35.916016058 36.0260529612681 36.10870987816 36.1 36.055412582 35.948269742 35.8484840081281 35.8042468352999 35.8 35.7297333138442 35.7015690095838 35.7 35.610766412 35.5113877338677 35.4859856067043 35.4096025167237 35.4
