catData/variables/futureClimate2070/rcp45/bcc_csm1_1_m_2070_rcp45/bio15.asc
NCOLS 409 
NROWS 350 
XLLCORNER 60.897278365 
YLLCORNER 5.843756025 
CELLSIZE 0.0892857 
NODATA_value -9999 
[rows 156 to 181 of 350, columns 300 to 359 of 409]
99.7148931199997 98.6434647199998 97.57203632 96.5006079199998 95.9464677 95.3892664725754 95 94.26842662 93.1969982199998 92.2191903374493 92.1070646 92.0362453199997 90.9648169199995 89.73324474 87.8219601199997 86.4475311399996 84.6791033199999 84.0296645289766 83.5104057175604 83.0535323 83.0181933493646 82.3075916971726 82.0535323 82.0067221697527 81.1047776767847 81.0535323 81.0487832901407 81.0085727363966 81.0535323 81.3565304800003 82.42795888 83.4993872800003 85.060407690917 86.5887117800001 87.6954790021582 88.7851008800002 90.6595262600002 91.9279576800004 92.104166028307 92.1061394451555 91.9695706013813 91.0984919920809 90.8219649199997 90.0535323 89.67910812 89.0535323 89.0535323 89.0535323 88.4287332136799 88.7994683597825 89.0535323 88.2259191932918 89.0022823801704 89.0362525199998 88.0535323 88.0535323 88.0535323 88.0535323 88.0535323 88.4993824800002
98.6434647199996 97.5720363199997 96.5006079199999 95.4291795199998 94.9396799930745 95 94.9175078211976 94.2348838416661 93.2973418845299 93.8901214726063 94.1181951502578 93.1076737199998 92.0362453199996 90.8046731400001 88.8933885199998 87.5189595399997 85.75053172 84.6791033199997 84.1249607000001 84.0513945639673 83.4223492988963 83.1249607000001 83.0246173353756 82.2348413274879 82.1249607 82.1249607 82.0473333560796 81.3900514010563 82.1249607000001 82.4279588800004 83.4993872800001 84.5708156800004 85.6422440800002 86.7136724800001 88.3627494810098 89.822985901855 91.7309546600003 93.1086548875831 94.19577518 94.1076785199999 93.1249607000001 92.9648217199999 91.9223301419018 91.2120588352342 90.7973248276298 90.2499214000001 90.1852816066426 90.1249607000001 90.1249607 90.1249607000001 90.1249607000001 90.1249607000001 90.1249607000001 90.1098402134046 89.2499214000001 89.2299106208677 89.1249607 89.1249607000001 89.1249607 89.5150971294123
97.7229466966505 96.5006079199997 95.4291795199998 94.4453131209202 94.5172881800002 95 94.4695002984915 94.0527160623179 94 94 94.9458585799999 93.9827130199998 92.928707353634 91.8761015400001 89.9648169199998 88.5903879399997 86.8219601200001 85.7505317199998 85.1963891000001 84.60767492 84.1963891000001 84.0527165336517 83.3547009455387 83.1963891000001 83.1963891000001 83.19299459689 83.0174222623006 83.1963891000001 83.1963891000001 83.4993872800004 84.5708156800001 85.5546830217476 86.5172833800001 87.7043283566337 88.8565292800005 90.6595262600004 92.6446832057953 94.7488507600008 95.9458537799999 94.9861118517761 94.1963891000001 94.03625012 93.1963891000001 92.9528983885379 92.3192453722717 92.1963891000001 91.7806964661093 91.2771620947004 91.3260329644904 91.2491065763195 91.1963891000001 91.0246619579384 91.1857549012521 91.1963891000001 91.1789677803672 90.8713124988234 90.1963891000001 90.1368845027959 90.0735323563947 90.1963891000001
97.5368508399994 95.6969970199998 94.6255686199999 94.1194090516302 94.6465668528529 95.1576686026642 95.2678175 94.5362441199999 94.0527595707848 94 94.6925410997508 93.987342775766 93.2440579687167 92.7226017468002 91.0362453199997 89.6618163399996 87.89338852 86.8219601199997 86.2678175 85.6791033199999 85.0910197645807 84.4643565309361 84.2678175 84.2678175 84.2678175 84.255162033004 83.6005890914792 84.2678175 84.2678175 84.5708156800003 85.5419660894108 86.1194077661062 86.6465633383769 -9999 89.7459168653149 91.5350277918261 92.8029969800001 94.5146643407926 95.6780362799999 95.0046284702422 95.2678175 95.1076785199999 94.2678175 94.2678175 93.9936706678272 93.535635 93.3970981011388 92.67910812 92.9279552800003 92.732177545412 92.3205789990708 91.6275802964458 91.9748552760737 92.2631896725198 91.9350494229969 91.2249301214859 91 90.7781535495479 90.5419625749349 91
98.1367819131901 95.9334504013469 94.7525929304963 94.6338495776602 95 95.5887165800001 96 95.26842662 94.1969982199998 94 94 94 93.9413809489316 93.17910212 92.0291138073806 90.4967905444623 88.96481692 87.8933885199997 87.1637588200066 86.6110046918368 85.6791033199996 85.3392459 85.3392459 85.3392459 85.3392459 85.3392459 85.3392459 85.3392459 85.3392459 85.6422440800004 86.3392459 -9999 87 87.7884298376468 89.8717667410203 91.640504321334 92.8029969800001 93.8744253800004 94.9458537799999 95.3506651712921 96 95.8941875123951 95.3392459 95.3392459 95.3392459 95.3392459 94.9974503716129 94.08978242 94.1146805447001 94.3392459 93.5362513199999 93.0426014891691 92.05414862 92.6493364145178 92 91.8941890982051 91.3392459 91.3392459 91.3392459 91.3392459
98.9897036885384 96.5184295767091 95.2569049551205 95.1831031530498 95.4106743000001 95.5158493412202 95.5893256999999 94.8577523199999 94.1160961139001 94 94 94 94 93.83985622 92.6319563829205 91.1076737199999 90.03624532 88.9648169199997 87.8933885199998 87.4106743000001 86.7505317199997 86.4106743000001 86.4106743000001 86.4106743000001 86.4106743000001 86.4106743000001 86.4106743000001 86.4106743000001 86.5057740573029 86.9999132145276 87.4106743000001 87.4106743000001 87.4106743000001 88.3463290618469 -9999 91.4631371600003 92.8029969800001 93.8744253800004 94.9458537799999 96.007097347174 -9999 -9999 -9999 96.5351068798547 96.8213486000002 96.8213486000002 96.8213486000001 96.2326392200001 95.8213486000002 95.2204777422496 94.8565438940907 93.5878225747841 92.46482292 92 92 92 92 92 92 92
97.6842881702689 96.3609728747659 95.8060829992627 95.7130122762407 96 95.4112834199999 94.6817423227504 94.1390174217461 94 94 94 94 94 93.83985622 92.7684278199997 91.6969994199998 90.62557102 89.7690916667128 88.9648169199997 88.4821027 87.8219601199996 87.4821027 87.4821027 87.4821027 87.4821027 87.4821027 87.4821027 87.4821027 87.7136724800003 88.4821027 88.4821027 88.4821027 88.7314864141632 89.2690976413403 90.460498243157 -9999 93.2850996800001 94.3565280800004 95.4279564799999 96.4910530943602 97.0427676101368 97.5650382453668 -9999 -9999 98.4821027 98.6970494326201 98.7148228428833 97.89339332 97.4821027 96.0189703399997 96.2850972800001 94.7332567399992 93.0802538159032 92.0083306285935 92.4821027 92.4049004224133 92.1116381020835 92.4821027 92.4821027 92.4821027
96.3430780519993 96.1677215728228 96.3462716863541 96 96 95.4112834199999 94.3398550199996 94 94 94 94 94 94 93.83985622 92.7684278199997 91.864719664348 91.17910212 90.3067351740053 89.7690479868177 89.5535311 88.8933885199996 88.5535311 88.5535311 88.5535311 88.5535311 88.5535311 88.5535311000001 88.5535311 88.7851008800003 89.5535311 89.5535311 89.5535311 90.0708144800001 90.8794013791665 91.6965263200211 92.7315685800002 -9999 -9999 95.9458537799999 -9999 -9999 98.5535311000001 98.7850984800003 99.3858135126011 -9999 100.306121510955 100.03625012 98.96482172 98.1881243084849 96.941812272338 96.4675607336771 94.6976229399992 93.6018824496158 92.5708108800002 93.5044283635454 92.9285039972777 92.6569176618992 93 93 93
96 96.3030029800002 96.8595730680291 96.6249595 96.3016753376712 95.7792074394785 94.9648145199996 94.6249595 94.6249595 94.0784760519221 94 94 94 93.83985622 92.9131510538266 92.4355964090234 91.8595739681263 91.1791021199997 90.6249595 90.2570369804242 89.7524197967254 89.6249595 89.6249595 89.6249595 89.6249595 89.6249595 89.6249595 89.7250413767741 90.3367670460762 90.6249595 90.6249595 90.9036008053735 91.4439212174769 92.2136712800001 92.6249595 93.3565280800002 -9999 -9999 96.5708132799999 -9999 -9999 -9999 99.711806645979 -9999 -9999 101.903599305471 101.409358357379 99.6683306002298 97.9273028430795 96.6434743199999 95.5720459199999 94.1726734883688 94 93.6314401173312 93.9667308398186 93.6249595 93.6249595 93.6249595 93.6249595 93.6249595
96.1612657354598 96.7883832710642 97 97 96.842945049365 96.6963879 96.0362429199996 95.6963879 95.1371871767294 94.7345124167468 94.6963879 94 94 93.83985622 93 92.9080053576049 92.4356400889187 91.8646323045576 91.3361563419658 90.8212592515104 90.6963879 90.6963879 90.6963879 90.6963879 90.6963879 90.6963879 90.6963879 90.85652928 91.6963879 91.6963879 91.6963879 92.1422428800003 92.6963879 93.2850996800001 93.6963879 94.4279564800002 -9999 -9999 96.9835605524387 -9999 -9999 -9999 -9999 -9999 -9999 102.44585258 101.605209824627 98.7162232511514 96.2869486399993 95.3851118558011 94.5006175199999 94.6470642855081 94.0377084437697 94 94.0617753031833 94.6963879 94.6963879 94.6963879 94.4356451029115 94
96.9993908800004 97.7678163000001 97.7678163000001 97.7678163 97.7678163000001 97.7678163000001 97.1076713199997 96.2061023341899 95.813556075613 95.0964145545838 95 94.7545430749781 94 93.9628172246276 93.5900114055693 93 92.9130636940364 92.4254797361605 91.8798946736422 91.7678163000001 91.7678163000001 91.7678163 91.151260287146 91 91.7262437924597 91.7678163000001 91.7678163000001 91.8049985181316 92.1778030516716 92.7678163000001 92.7678163000001 92.8713365589199 93.3971786108832 93.904505579314 94.5068663904893 94.9376745997082 95.8029969800001 -9999 97.7262419497006 -9999 -9999 -9999 -9999 -9999 -9999 -9999 99.1447081599991 95.9304229599997 93.8831400877292 94.0260758375328 94.0457414473356 94.8744229800004 94.7803887269416 94.0132676967445 94.8565244800004 95.6448608236499 95 95 94.913065365759 94.7678163000001
98.0708192800003 99.0935383450494 99.3642498488213 98.8392447 98.8392447 98.3451674304328 97.8938781956965 97.1076713199999 96.1653297120443 95.859430714085 95.0454378997855 94.997221026344 94.7647907875261 94 93.9627735447324 93.8392447 93.5250071630086 92.9283260631208 92.8392447 92.3451694446201 92 92 91.8709135937683 91.8392447 91.9912960939727 92.0145059921569 92.8392447 92.8392447 92.8764707694549 93.254289616675 93.8392447 93.8392447 94.3565280800001 94.8392447 95.4993848800004 95.2252796465483 -9999 97.7136700800004 97.99129570816 -9999 -9999 -9999 -9999 -9999 -9999 -9999 94.6570529391233 91.5317195870052 91.6449348194048 93.5062845192645 94 94.8744229800004 95.7938007576527 94.8565244800001 95.8535050100884 96.1086509720822 96.6784894 96.4242038116997 95.8392447 95.8392447
100.96359388 101.483148953788 100.53624172 99.9106731 99.439592669526 -9999 98 97.26842662 96.1969982199998 96 95.9155093852103 95 94.9920753301222 94.7648344674217 94 94 93.9665534199465 93.5046427775972 93 92.9474119873146 92.9106731 92.9106731000001 92.9106731 92.9106731 92.9106731000001 92.9122170779493 93.0807885245073 93.9106731 93.9106731000001 93.9377389881251 94.340980214331 94.9106731000001 95.4279564800001 95.9106731000001 95.9696413758449 -9999 -9999 -9999 -9999 -9999 -9999 -9999 -9999 -9999 -9999 -9999 93.9308760799991 91.8948248321674 92.5404520414607 94.3738054600003 94.9106731000001 95.7850960800004 96.8565244800001 96.8071535183602 96.0807841532763 97.0708096799999 -9999 96.9729345406441 96.9106731000001 96.5046493344436
102.21367608 102.67909852 101.60767012 100.544221941272 -9999 98.4112834199999 98 97.2684266199999 96.1969982199998 96 96 95.9651239310114 95 94.9971336665537 94.7546741146635 94 94 93.9920198216841 93.9821015000001 93.9821015000001 93.9821015000001 93.9821015000001 93.9821015000001 93.9821015000001 93.9821015000001 93.9821015000001 93.9836893292726 94.15727508951 94.9821015000001 94.9821015000001 95.3565280800001 95.9821015000001 95.991360096577 96.5781747222058 -9999 -9999 -9999 -9999 -9999 -9999 -9999 -9999 -9999 -9999 -9999 -9999 -9999 94.9463045000002 94.9581199760555 95.708863117273 96.7707236815101 96.9798538597076 97.9279528800001 97.9648217199999 97.0708096800005 -9999 -9999 -9999 97.9821015000001 -9999
102.98760383589 102.659686839219 101.62556862 100.530273390562 -9999 98.4112834199999 97.9646625052351 97.254057769874 97 96.1723779800921 96.0028981847985 96 95.9160335454194 95.044957419471 95 -9999 95 94.5780093209654 94.0535299 94.0535299 -9999 -9999 94.0535299 94.0067218683794 -9999 -9999 95 95.0085723520572 95.0535299 -9999 -9999 -9999 -9999 -9999 -9999 -9999 -9999 -9999 -9999 -9999 -9999 -9999 -9999 -9999 -9999 -9999 99.5380990182624 98.5498639742404 98.1605897 98.1605897 98.9206000604321 99.1070598 99.0564284702137 100.03625012 99.0487813599954 99.1687086751136 -9999 -9999 -9999 -9999
102.76842542 101.962137262724 101.547398628711 -9999 98.8750416999999 98.3598901430185 97.3398550199996 97 -9999 97 96.1723343001973 -9999 96 95.8598675145044 95.1249583000001 -9999 -9999 95 95 95 -9999 95 -9999 -9999 -9999 -9999 -9999 -9999 -9999 -9999 -9999 -9999 -9999 -9999 -9999 -9999 -9999 -9999 -9999 -9999 -9999 -9999 -9999 -9999 -9999 -9999 -9999 101.301310776681 101.2499166 101.2499166 101.2499166 101.2499166 100.422257200498 101.109837771933 100.16120842 -9999 -9999 -9999 -9999 -9999
102.76842542 101.69699702 -9999 -9999 97.9052018186192 97.8843838936184 97.2731120141434 97 -9999 97 97 96 -9999 96 96 95.7565047040041 -9999 -9999 -9999 -9999 -9999 -9999 -9999 -9999 -9999 -9999 -9999 -9999 -9999 -9999 -9999 -9999 -9999 -9999 -9999 -9999 -9999 -9999 -9999 -9999 -9999 -9999 -9999 -9999 -9999 -9999 103.72045518927 103.919678712397 103.5891601 103.445490232078 103.3927734 103.221048356554 103.382139331209 102.199780218971 102.30406522 -9999 -9999 -9999 -9999 -9999
-9999 -9999 -9999 -9999 -9999 97.4112834199999 -9999 -9999 -9999 97 -9999 -9999 -9999 -9999 96 -9999 -9999 -9999 -9999 -9999 -9999 -9999 -9999 -9999 -9999 -9999 -9999 -9999 -9999 -9999 -9999 -9999 -9999 -9999 -9999 -9999 -9999 -9999 -9999 -9999 -9999 -9999 -9999 -9999 -9999 -9999 -9999 106.5356302 106.5356302 105.80406402 105.320576126258 104.627575797831 105.22816829808 103.548282193991 104.202864310097 -9999 -9999 -9999 -9999 -9999
-9999 -9999 -9999 -9999 -9999 -9999 -9999 -9999 -9999 -9999 -9999 -9999 -9999 -9999 -9999 -9999 -9999 -9999 -9999 -9999 -9999 -9999 -9999 -9999 -9999 -9999 -9999 -9999 -9999 -9999 -9999 -9999 -9999 -9999 -9999 -9999 -9999 -9999 -9999 -9999 -9999 -9999 -9999 -9999 -9999 -9999 -9999 108.538959330554 108.454539549031 107.60767732 106.8086596118 106.678487 106.357613067369 105.672624946954 105.3392435 -9999 -9999 -9999 -9999 -9999
-9999 -9999 -9999 -9999 -9999 -9999 -9999 -9999 -9999 -9999 -9999 -9999 -9999 -9999 -9999 -9999 -9999 -9999 -9999 -9999 -9999 -9999 -9999 -9999 -9999 -9999 -9999 -9999 -9999 -9999 -9999 -9999 -9999 -9999 -9999 -9999 -9999 -9999 -9999 -9999 -9999 -9999 -9999 -9999 -9999 -9999 -9999 109.58870938 109.33986222 108.568867493116 108.4106719 108.4106719 -9999 107.39339212 106.4106719 106.476435493568 -9999 -9999 -9999 -9999
-9999 -9999 -9999 -9999 -9999 -9999 -9999 -9999 -9999 -9999 -9999 -9999 -9999 -9999 -9999 -9999 -9999 -9999 -9999 -9999 -9999 -9999 -9999 -9999 -9999 -9999 -9999 -9999 -9999 -9999 -9999 -9999 -9999 -9999 -9999 -9999 -9999 -9999 -9999 -9999 -9999 -9999 -9999 -9999 -9999 -9999 -9999 -9999 109.658114841779 109.4821003 109.4821003 -9999 -9999 107.999381394244 107.9642006 108.047135286741 -9999 -9999 -9999 -9999
-9999 -9999 -9999 -9999 -9999 -9999 -9999 -9999 -9999 -9999 -9999 -9999 -9999 -9999 -9999 -9999 -9999 -9999 -9999 -9999 -9999 -9999 -9999 -9999 -9999 -9999 -9999 -9999 -9999 -9999 -9999 -9999 -9999 -9999 -9999 -9999 -9999 -9999 -9999 -9999 -9999 -9999 -9999 -9999 -9999 -9999 -9999 -9999 -9999 110 110.444480545975 -9999 -9999 -9999 -9999 -9999 -9999 -9999 -9999 -9999
-9999 -9999 -9999 -9999 -9999 -9999 -9999 -9999 -9999 -9999 -9999 -9999 -9999 -9999 -9999 -9999 -9999 -9999 -9999 -9999 -9999 -9999 -9999 -9999 -9999 -9999 -9999 -9999 -9999 -9999 -9999 -9999 -9999 -9999 -9999 -9999 -9999 -9999 -9999 -9999 -9999 -9999 -9999 -9999 -9999 -9999 -9999 -9999 -9999 110.6249571 110.926114515968 -9999 -9999 -9999 -9999 -9999 -9999 -9999 -9999 -9999
-9999 -9999 -9999 -9999 -9999 -9999 -9999 -9999 -9999 -9999 -9999 -9999 -9999 -9999 -9999 -9999 -9999 -9999 -9999 -9999 -9999 -9999 -9999 -9999 -9999 -9999 -9999 -9999 -9999 -9999 -9999 -9999 -9999 -9999 -9999 -9999 -9999 -9999 -9999 -9999 -9999 -9999 -9999 -9999 -9999 -9999 -9999 -9999 -9999 -9999 111.559193782091 111.961872995861 -9999 -9999 -9999 -9999 -9999 -9999 -9999 -9999
-9999 -9999 -9999 -9999 -9999 -9999 -9999 -9999 -9999 -9999 -9999 -9999 -9999 -9999 -9999 -9999 -9999 -9999 -9999 -9999 -9999 -9999 -9999 -9999 -9999 -9999 -9999 -9999 -9999 -9999 -9999 -9999 -9999 -9999 -9999 -9999 -9999 -9999 -9999 -9999 -9999 -9999 -9999 -9999 -9999 -9999 -9999 -9999 -9999 -9999 111.80299458 112.671394118524 -9999 -9999 -9999 -9999 -9999 -9999 -9999 -9999
-9999 -9999 -9999 -9999 -9999 -9999 -9999 -9999 -9999 -9999 -9999 -9999 -9999 -9999 -9999 -9999 -9999 -9999 -9999 -9999 -9999 -9999 -9999 -9999 -9999 -9999 -9999 -9999 -9999 -9999 -9999 -9999 -9999 -9999 -9999 -9999 -9999 -9999 -9999 -9999 -9999 -9999 -9999 -9999 -9999 -9999 -9999 -9999 -9999 -9999 -9999 112.140570227092 -9999 -9999 -9999 -9999 -9999 -9999 -9999 -9999
