catData/variables/futureClimate2070/rcp45/bcc_csm1_1_m_2070_rcp45/bio16.asc
NCOLS 409 
NROWS 350 
XLLCORNER 60.897278365 
YLLCORNER 5.843756025 
CELLSIZE 0.0892857 
NODATA_value -9999 
[rows 25 to 49 of 350, columns 112 to 167 of 409]
-9999 -9999 -9999 -9999 337.876440620669 307.191425672287 302.700347175609 291.199807156236 301.873721357719 311.73268376159 331.679990610261 386.760866962453 427.303294996936 445.984552288194 470.430494919444 439.43801197041 461.715972514249 511.355694454466 519.181960541456 541.377046855079 564.045720410089 572.455368773009 580.125549392568 578.504542315386 532.394979982832 467.156525901819 416.454124693273 369.346324675924 358.947822602986 395.768881745594 364.479967120526 299.793692265504 297.789153807066 276.702318307519 298.675147676377 299.964495436676 301.307290325564 292.05024196291 279.355221781999 270.962774157014 252.90088269128 240.041255934729 221.160119084107 208.660760709782 187.330319384697 175.668125346333 171.777745727044 155.607924128097 138.614056721403 127.156756031495 110.339033661443 99.3834828112258 92.9121896016689 86.6642003059242 77.8605188852671 70.7074032785586
-9999 -9999 -9999 303.902677309189 292.919303871984 268.969690172586 274.430107882699 293.012815221808 317.56597162398 317.363873523102 345.110319952716 385.745163774693 369.810482766482 390.967952765277 426.023089327008 463.760661033062 515.499232243959 555.390840816526 554.17947436978 596.73146600487 609.729923327321 616.503690902919 635.235004242039 649.51645114274 614.458210946068 556.853471167604 520.681551978344 467.934764313594 467.787915470201 469.031935622956 434.080763149516 335.904994472433 355.649038276041 352.83871801478 350.717367106329 343.848968019137 332.832295577856 330.55191485248 318.512090931507 304.99923423698 283.36835153529 273.505499869217 260.789299373197 246.700529608172 225.952176315325 219.35518525516 188.311720200353 159.70018048781 147.630190293705 136.964207239543 124.287882699211 111.662889715194 100.969451401545 95.2536980399998 87.8008096906149 79.3714091647844
-9999 -9999 -9999 237.8672476466 235.274823241768 245.989213461483 264.235129387087 304.852610457141 295.896502611855 305.369494229428 334.515697223266 352.380074007899 349.210806069259 378.492340412293 451.484229919826 516.892223724072 568.851368931966 549.955657036231 604.713662098564 643.172497799999 647.86932820879 641.573835972829 669.554943789179 713.041158248353 701.514939713346 643.819233592879 612.315912428044 591.48773528312 558.589308705349 526.119909227079 435.32383578984 397.738362908685 426.747516055141 401.509393844248 373.983190829752 393.889866609071 374.360054039008 348.132037688716 328.538495635428 330.301945661927 316.533423367604 297.279105850664 284.047042630074 271.291895039998 261.643845915141 254.826189639246 221.536871188276 175.00599249879 154.59612024084 141.922068003011 127.853812319981 122.264101587049 115.432604355182 104.973594175144 108.388378114124 107.596436226107
-9999 284.447432037496 272.312891405214 245.39595065303 205.643522798715 221.029378099129 225.695986683084 262.37156359493 280.109291638956 312.279736690456 356.636428512258 390.026489392817 399.415549669539 419.577253389061 476.671372341662 489.141060667493 507.727012872597 527.150338837837 599.183103068655 656.020068950256 687.532830057536 673.036360922691 725.435540260213 754.435508339259 760.398443485604 753.046037652265 728.766516926439 716.008826931514 614.52565948242 559.745491125684 485.55398877846 477.563465769028 446.115066711588 403.207524309496 429.600966631094 394.452597576605 323.530690622497 302.441990562244 299.759990288825 293.808897482967 329.21857313295 334.771427961994 305.504858590366 268.372182781465 257.271834140001 259.030243873844 253.665542050842 229.446686316865 204.075206741422 167.410401718946 131.624722362709 122.225556866168 110.980883797878 100.310605497716 93.8128586124846 86.6890667953326
-9999 218.476229488658 205.173466560456 205.465175335485 189.237586185501 201.400408628424 221.960363689945 255.054708189008 269.774040492279 317.992609106725 370.045637237938 408.404839472198 428.483066053931 434.98550539163 463.572594145032 508.926724103161 515.680171689962 541.142708367577 571.450833679256 630.64225012304 676.959067724591 712.275987329139 794.544340433786 833.922955389968 877.713663841534 944.527730396355 953.789838169627 908.065794572157 732.327483786511 672.874434272581 557.284277334726 534.495735383648 448.173976258228 480.233015006469 465.678897978157 368.102835859588 290.122305920569 308.174496407089 307.901469230821 298.029151082436 306.684603779919 291.820673581874 300.190020285425 315.375983964764 262.088864175906 243.149651236074 233.113344509676 210.871140301644 207.145353081083 165.62243077587 151.521426846551 144.684164919999 131.882321553122 126.108141645029 122.48487662 108.84494791895
-9999 -9999 -9999 169.137680470948 195.778201236002 202.626871419311 206.741142050069 217.341270800001 253.583157248441 300.105809158104 346.292743990345 382.83710073974 409.685212450875 430.233659482966 443.324392887448 457.287320947581 522.476855918785 584.204368399604 602.634836529947 692.481532598486 741.066751319357 749.281470103715 784.006727649779 863.791791840617 944.319783605475 1020.13784023956 988.378302048668 978.427947051117 970.384010442698 698.820451054081 632.200753706835 494.109612314044 417.301143365168 497.398124061621 488.115789997899 457.905466134543 337.619005926674 305.903636859032 321.260006766003 313.247627022824 298.490325483459 278.080471138544 289.65959508783 337.132414183471 292.750145895612 309.808524996632 266.250163507886 219.655895449012 204.963797704028 182.344757274647 154.211919142324 146.088377040491 145.519079475356 132.677401391705 118.613142487075 105.68768114686
-9999 -9999 -9999 162.982681872594 163.630924528641 179.394265401523 178.766544112312 202.879076308796 238.760060110979 283.523103359322 329.201646063788 367.148524283333 394.028862054764 413.047217103099 430.223616180003 454.471577638266 473.225546281254 543.171857125017 564.479019908756 699.263605389346 770.308324328479 740.137103689775 792.07102665069 882.115332809265 954.622629490367 984.355051614134 873.749675584661 782.577344323042 922.405453745077 772.757956328081 591.814332589692 612.004586909935 552.925769654894 531.494513950149 537.315619969476 486.121091195681 427.831440941907 326.488766626641 304.928205979363 311.314729586997 298.65229395973 275.773949695921 297.205395825932 291.867784628513 306.559461702501 336.869063028171 286.974063860951 285.977814772952 270.454018879227 240.943626198445 199.718993762478 173.02820051714 148.467840571114 125.071886832832 112.01577123758 109.457211198699
-9999 -9999 -9999 168.516522293091 158.47214977999 160.154087813299 166.903072973133 193.096557069165 228.658292440003 271.331291079021 317.786802643099 359.452488485158 388.773284240001 408.739120024638 425.887214110278 444.568551268232 466.667274679999 498.877416956582 540.193584290283 611.426839241002 677.666278631692 693.965893915646 752.754269530383 848.446069034729 927.99485177049 949.138308376112 871.42506563231 844.247086363679 825.364851378053 693.263987047333 532.213647568861 476.605622631782 439.438194835692 474.600078225939 511.114820479265 465.79252998173 440.394737694687 380.031462378197 313.386121108634 295.908942908768 286.237768499998 269.657556604549 250.367028559997 248.211250266992 308.40798279335 343.489356455002 333.933415327898 288.634918356032 256.021863231746 231.858890623437 202.037787079655 177.619222765345 156.180270527392 135.30373472902 123.418063405199 114.153855104575
-9999 -9999 184.8218057936 190.605427642788 170.618044542361 155.108557738802 166.279673970641 187.008819813879 221.191269701236 265.08352492001 313.399571637152 359.59745145105 391.451891240001 410.2419078 425.883166538736 442.895359512989 464.032290177876 486.476951111284 520.299385108231 558.044545550057 622.278701865628 664.337157178113 694.600292220152 807.121089191316 920.69005561315 934.962079317498 875.712229200567 892.051584809791 829.175974928541 663.242913094253 443.271610202435 418.76144880863 451.372140457887 409.0264896987 414.741501271943 370.935019333116 397.02559537306 423.505757043734 419.109988058786 335.223733568432 286.853864790028 264.293281280001 247.586747375039 245.800455249614 257.350619759999 322.64327156493 360.186668778505 308.149139775647 298.800827188935 272.572595845571 226.618539114267 199.297153868832 181.192389472896 152.945033869563 128.938988169133 126.539209015034
251.84396188236 227.092800799517 209.489189045535 183.09621987775 173.864165486871 169.601187842193 175.629949916204 189.114585436685 221.152287313283 265.842799301953 313.296557943475 358.528948835299 390.148447140001 408.9384637 422.858937756918 438.121671972479 457.953140022808 483.84767852254 515.897534023962 561.098006066439 644.715935915879 694.034184423902 680.411566888256 776.988527741643 899.398196463804 927.044802320286 862.568887095796 903.83442577587 781.093954215068 683.263766323241 511.278950387364 443.274510002971 411.513329955556 530.354386233353 558.234826710919 465.357077784346 511.603761732229 513.390732678659 508.834059327841 453.681816705347 353.821874833266 295.035985463417 268.536558902136 250.958908667343 251.41860235134 247.156029924357 324.781796202772 341.220105907895 326.607183269391 319.532620913755 262.467564325366 222.466902289274 208.137820988673 173.474715002525 146.996567238841 130.749383081165
276.366762677987 240.636869966253 215.299241576303 198.48031100425 190.051466386647 198.165065226478 202.300779620001 211.240254698858 238.259081795838 278.931260156012 321.540316038218 360.324985283104 388.65622438879 405.825680194291 416.595046917748 432.34859848 455.774793997991 486.239640393137 524.303391372361 580.661516222631 653.301683240872 670.808919779248 721.167113208773 818.243087003577 891.048722789562 894.731275035174 827.333933928386 808.484956774009 695.89724969365 713.287984850092 594.072935074361 415.04497376466 317.861560778259 391.025288060445 507.910415565318 454.024963616727 459.490505772337 513.78596667474 508.715475005491 491.440357274486 464.446539140435 398.886427668705 331.113922777796 282.140545589449 250.755532691591 233.289980987713 276.949477555559 315.341958460344 357.194800055795 324.638440756184 274.243924264207 257.84983960065 237.525129925956 188.602576538673 167.175832460717 142.758125398414
321.576347266795 295.241734776697 267.199934998003 260.938273387419 230.644363841277 236.912636228834 243.881093569118 252.262773992366 273.666673804451 307.297442376964 342.094279752493 368.968576742513 388.529141849387 403.637304764037 415.409907500237 432.28095314142 457.60182955194 493.022258086239 536.357526877241 590.25666273055 637.301503119373 693.196330885066 775.193236319826 855.656723105885 887.249942625115 901.212613097903 883.448654795787 801.707245545545 679.996662978915 684.769400573628 578.762017307322 394.512990418303 352.554040985904 351.565864592543 345.863611329921 305.845991854659 339.072113091537 428.060600055599 486.311185796716 492.338008227048 503.149715728771 498.261504487582 420.754215627524 344.076255784604 290.669907042964 257.506641846651 238.102655312071 280.756818300863 322.143158788448 341.21936621884 314.714025705161 284.403102016238 270.587431866554 224.443009439872 197.989930467442 178.277185792716
355.506576450301 342.304621928816 317.422103467782 301.4021166727 294.109380342478 286.734328844687 288.869612050872 294.699596151469 312.073947718962 338.40685080116 362.336720184825 375.239937483811 387.52738575383 406.940220115322 425.682348422807 441.799890692332 467.391186803242 504.90623048001 549.771386588975 605.093105099166 662.371037430638 731.10938069997 810.285834600003 873.431380198876 912.200701077254 934.172044752214 942.039175139341 875.492489389443 724.867840452029 676.842056854021 643.987685289468 437.676785088568 352.337872448687 342.882199993617 397.195645182931 332.383691303478 291.15397263876 341.735622755205 479.62413189032 526.557429083468 488.192269089493 519.524695318147 496.862444459985 411.389989474637 350.092850081731 305.381856761052 269.088618973875 261.731362753202 302.692659397404 351.153001136752 355.179901731541 308.26065639558 296.651409930769 283.100739808487 233.851604407889 219.12943744506
361.301335075134 355.894818967556 333.23727607679 317.071816643733 327.994773658029 325.734934131474 327.769125535149 330.181251843612 341.084049469057 358.618834673237 371.785111729017 381.033482275836 395.102705670341 415.897144644132 436.958278910357 457.255163346979 486.58246592073 530.601205228143 569.087081684051 622.45433355442 683.832883635994 756.5262779096 835.304895752029 909.525911724128 964.22158661916 979.181755750964 967.436965556547 924.870678655689 858.448123718846 800.023579039801 779.308785736226 598.309000890294 487.641625505192 433.206245557133 536.490805567479 402.301389671604 341.345056487885 332.540627110137 421.197405714247 525.730585846598 518.445371155643 527.870565286769 537.700257054812 489.106876739872 408.817951130144 361.076533349148 327.44747428831 305.093036555458 333.470973298856 372.832557081231 391.356629455278 338.921863984606 300.436534035108 316.868324611061 285.86933985224 236.047093859926
379.963750289876 380.801655336203 368.832461661023 357.794961594392 351.852460165576 358.527438230884 362.72924188366 362.590351658224 367.465800517043 376.280377207821 382.986579767702 391.654401347098 407.736071523427 427.140723640245 447.554743303919 472.078508952416 502.112563642509 545.455167575831 587.679035721405 639.457358786798 698.086877577823 768.700173036848 844.477332500004 921.904405575586 971.128771989866 979.071600205704 967.323956760426 947.503513871183 921.744269643566 920.231403234068 908.518100464368 827.918630856906 735.370576332711 673.860560089417 586.137719311925 435.403781402525 361.114100958294 346.494920273466 384.277163459963 513.167511546439 543.021973827645 510.205529394383 514.763321979919 513.154296964578 501.626102421645 461.487937307749 457.214857523552 406.633494201381 399.052078681049 415.720423315066 415.546536789383 374.74200394562 350.080880144265 326.903666749985 327.231256376407 288.751929124104
401.434045938638 414.718906091842 401.563523744177 377.045675026609 375.801293977418 378.41380881074 380.748674527229 382.286004445198 388.394761563168 393.525290030303 395.912711846368 406.498531816101 423.154761056638 441.91861304 462.623956376998 486.83319703035 516.960934462306 553.598011995121 596.730577264762 647.732229261103 706.009147137759 764.508356639407 824.071997389842 883.349182156579 928.377583816053 947.67281202107 942.534727635479 937.632185516793 937.089566818953 954.067120847879 975.754661689912 931.871037227593 882.924176266337 840.779394165918 686.119712421356 479.997913414459 379.844630793698 378.603996012817 392.38853430267 460.289027306522 552.635253634922 555.458710837433 538.447396184721 522.40102999109 517.507835992719 503.87901201186 501.949870919797 491.678646303158 452.666931043172 475.547005580903 445.963941604427 412.284349985895 405.082682197799 367.585773550717 363.95854748682 344.605577213043
418.984885703578 428.206137688754 415.336997030322 397.13425395273 387.940081792293 392.768542568225 397.693511806038 401.130617050043 405.069929507933 405.228409777928 411.667902409854 422.961545416185 437.758483460063 456.693355408919 477.810387800003 501.128433973114 528.165851856525 559.871740520009 601.831782096995 645.416197806474 688.15713019841 735.434679479219 785.623097203282 836.50643894625 878.73335958083 896.422312566863 895.971541182793 899.919831692127 930.741030237237 974.514905896166 1019.30953853258 1042.10936903591 1017.22878596694 892.341629968856 803.074455481924 666.057874860817 498.671836537844 482.87110226471 516.608634770134 464.02182463211 471.19395743792 487.94360277369 490.758396203886 524.910030663735 509.78320297132 547.539762919784 522.550293143249 505.241285666781 475.824802116616 499.076739583157 457.615902327644 443.019306899462 439.58101445477 400.142582312923 385.207767859463 385.537090858471
392.109157221779 395.905265340423 400.290185481948 401.971001666919 405.997895951434 412.591467515897 415.456171072672 417.754027643552 415.810770540863 421.267981694906 435.150717235148 445.724389931354 457.824793503617 472.20607583899 488.243101305947 507.338238583518 531.567189681139 563.31286367157 599.090389739558 632.962739847848 667.470474068003 709.738057780111 756.139204621289 800.069787847865 833.201064079997 852.552876746077 855.866034505048 866.373968714839 919.513747429176 990.07734352444 1048.79947361386 1085.52991468972 1120.78663101369 961.03343762964 820.041535540032 742.997586781489 614.047102498346 659.288933804638 681.953470609702 581.144178124771 525.689137414525 490.542172213317 492.919053484862 559.999381492451 571.61337112668 551.450535165558 555.188010511595 586.954407526462 557.238663955982 538.02403820787 545.125030878579 517.086333597991 485.796381977144 474.943168316431 452.207025695478 414.295130011504
360.388401365864 379.970656916771 400.877754821223 419.934928117238 435.033527236641 440.83767846 442.761350660105 442.959468728267 438.972004820578 437.845344947685 449.027329286351 460.477582540001 467.811270704866 477.248020865749 492.780541239723 513.386454682712 537.648203539999 561.454176478354 587.424829482416 615.4237797958 650.159229821864 688.471766837656 729.54846307192 765.838560671118 797.04017918 819.545984448583 837.499272107697 869.236994999766 927.816930874761 1001.03560388427 1072.04688367075 1116.22986306962 1159.50718752697 1149.42435495265 1012.04864340631 871.199363737425 850.255701627137 854.562888516946 866.547309436446 831.506617641725 749.691694973598 600.967743413396 672.393301538783 886.993542783129 716.938459530193 620.714664758251 635.038668217453 767.985825720072 651.375142338823 642.944726037334 568.608348622765 565.698415936214 563.926783150552 542.00948776949 527.444833254196 517.121635537518
329.466535244071 365.211203841346 402.393320960927 438.997074749606 459.661808885966 465.560448074826 463.833467303072 456.822650739123 454.570907498557 444.907634772448 453.383689884888 461.734174660223 470.350756818813 482.914465994668 499.137380938746 515.337849481409 534.037606773785 554.233953981941 578.647300790085 603.67561468691 632.446551389583 663.011382341801 696.336074951345 730.1327759823 762.942522200764 794.237654225741 827.997531109444 872.47537207071 932.634960331591 1004.920633249 1057.32109523212 1115.97968219409 1169.26901898307 1182.88807966658 1124.62167233268 992.667247557445 966.988836522037 1034.21765018726 1094.73231204751 1067.91543073006 1036.44206422657 1013.90157958259 909.176963868329 1154.27655927616 1037.38682822935 850.520168507792 848.728480760542 748.558182910062 651.536538170647 677.52448203465 693.87207337282 665.914801997333 634.38645067812 617.463331152303 627.96777209913 602.382841888932
319.221668378518 358.620252844224 407.71350255047 445.40016041723 453.421280419679 449.791984291737 452.876702138921 449.735200207564 455.242163451844 450.207090409911 458.293389904381 466.622110658671 478.544525475207 490.79752978 504.691252175392 519.398818828348 534.131002399769 550.691159373577 570.278131503918 590.333669082102 611.393055989099 634.974099910631 663.15626869585 696.436259090424 731.705660137713 769.217498857438 811.687637998049 862.364015132701 920.117898190496 978.986436504134 1033.1698715 1078.5984370111 1123.20858361623 1165.32621424606 1176.37199474718 1109.61535991082 1062.68513617291 1045.63074777481 1133.28728221111 1187.89862500921 1164.3246138633 1244.24793041257 1429.27109565093 1613.40826306526 1411.38546106923 824.425912841553 756.144273367152 815.629813955964 793.009215246287 746.086794584539 708.971024494622 694.549818140023 658.724918675868 687.01894184444 729.301078048274 734.131074304754
323.090505080007 361.379816215561 416.689628765171 405.451401479128 402.457678457732 412.549164667617 423.873592610081 437.691573912543 454.264680590012 460.966537282533 468.077289560086 476.753884349403 486.196706721215 496.59861224451 508.068457037556 520.346441913877 532.782707852645 545.036482237124 558.582548320366 574.563303037903 588.953154295443 605.394957692977 629.62451099263 664.41190828202 702.431282765587 743.093108494535 790.184704850175 841.363528358198 893.824800815745 951.082813023373 1003.71947064162 1049.63893721457 1093.62276187883 1137.18163707928 1171.99991865381 1195.30847063052 1204.48182580371 1204.53504482912 1231.84990323336 1313.85399025649 1402.4892199432 1447.99601074584 1520.04658135279 1640.71318071723 1592.0527776512 1508.6548919695 1477.37528790347 1450.50268587619 1109.92292218024 832.448579709123 794.987023420097 752.561927807268 687.715494953581 734.738772676818 750.066460971499 731.551456873017
323.411177733844 359.773955214479 411.774867739013 378.961969926993 393.313796421795 409.174697562622 424.679927867817 441.985349870483 464.236861963811 474.439349596284 475.493824313244 480.739323769891 489.764766210531 498.976901052824 509.298166500002 519.544024799407 529.431029108283 538.552246267459 548.65442866 561.105418023869 571.601433480003 584.4369469361 604.648692332183 635.299027009989 666.796766157235 707.866336938043 760.871388846584 810.566984059187 860.013875461648 915.157679882659 961.984815268861 1009.75616518765 1054.77285491843 1092.11705899526 1124.77847982221 1158.84786479314 1196.43076394085 1242.36253916239 1311.26883115047 1398.59279823236 1478.54562971543 1558.73041922124 1650.25095471953 1659.56858096594 1631.21666978816 1673.17585440127 1726.6160928345 1799.91721515027 1654.24765851465 1217.43906786204 949.837361574055 921.052353430056 811.705825654885 663.838854150335 762.676556662587 816.007095657422
320.590056572012 351.88608641293 388.071758889926 378.915142051698 393.968435486299 413.528026149687 431.617336620001 448.013518446189 468.685558425603 480.255963978782 478.652145453563 482.003956948914 489.396699802275 498.323214196023 508.128387271476 517.256774667532 524.603995569199 532.103263022211 540.896620573308 551.349911917571 559.240731148374 570.542012318566 585.372765267933 606.006451460005 630.52906073159 669.454498196481 726.591218383252 776.622601273241 825.245668369822 871.734458726713 917.104642737177 960.940289020676 997.762957253802 1031.16149694726 1064.03753006001 1100.44444452 1144.97839703618 1199.81902756167 1266.22921449014 1341.93018857623 1416.40316266421 1485.52918855965 1546.19924340106 1581.75479992496 1598.12634447916 1647.29794753121 1718.63132155155 1781.39940003056 1764.97312983691 1513.89187500831 1168.37653666607 1123.38601855444 1082.83014982134 979.996544872269 1088.61361364428 1148.44556800164
317.16895971666 341.91604233655 371.445845699678 378.625074237738 395.685115580001 417.996324837627 437.98037390841 451.818698483973 461.000502714405 469.385062441586 475.83101008716 481.710540960001 490.295060023924 498.222638471152 506.14793091483 512.998977186631 518.277845826913 525.255652516255 533.099972342234 538.511348212595 545.388472048234 555.637142482339 568.443084243871 588.256494926126 621.264810207617 660.309049477841 701.097085977793 742.925566320528 785.346788662471 827.428368826289 867.287438326508 902.75179206854 934.65986911056 964.508186970062 994.609415808767 1029.69624422997 1073.31131540746 1126.80136846828 1187.68570298455 1250.3655140591 1302.1813507751 1348.34883253231 1402.31237999538 1449.29926505407 1491.71598728427 1569.20468122208 1649.40514889869 1730.46204579466 1754.48307056844 1619.3141877436 1549.57060417364 1534.6298854573 1439.90022464844 1420.84558061116 1453.71199542534 1554.33447966325
