catData/variables/futureClimate2070/rcp45/bcc_csm1_1_m_2070_rcp45/bio16.asc
NCOLS 409 
NROWS 350 
XLLCORNER 60.897278365 
YLLCORNER 5.843756025 
CELLSIZE 0.0892857 
NODATA_value -9999 
[rows 175 to 199 of 350, columns 168 to 223 of 409]
856.834487525889 857.739178819124 867.470108687384 847.973340873132 834.828490214104 848.361827949006 885.708188817813 920.454220979566 966.072538481083 1027.94001579852 1105.63853103593 1163.10311719174 1225.53662372021 1303.1787316274 1398.73380783253 1502.01683550467 1476.8209965212 1313.9498205268 1178.19789535671 974.888663259497 896.799178404897 858.198656485658 843.657619403191 830.812077986184 835.229960312574 854.802815584111 878.067591725668 893.473259594855 900.880851651597 909.457573131664 925.400083019356 940.220585658178 948.540824754256 947.66998540245 952.451175131811 966.313359128794 988.82096056426 1043.6244746855 1112.08144323115 1148.9893400297 1159.2689028525 1162.02150559697 1168.66681788771 1199.68164983181 1287.83866864426 1404.41950067203 1457.48790962459 1499.19048137031 1594.28818439984 1704.72800275834 1783.65664678298 1781.01617054996 1659.43799830889 1507.39743909537 1408.03589961177 1311.96553814355
794.788584212193 788.152350144799 790.140891937425 773.776824285955 777.202666391411 805.052476004238 850.67218068 891.649729281092 948.376042900059 1013.58584250127 1108.8213522574 1186.80924029961 1284.13025808956 1349.56363935053 1429.27163998584 1355.31764561431 1197.74781164269 976.798852351536 917.591261939724 834.85499447639 803.185865772643 790.920118191656 796.533004511252 806.417387440307 826.895053592366 853.845066303841 876.471520620006 892.060213162297 901.777174001459 907.805063889405 918.85095648 936.438061708872 940.295649850555 944.548629184242 956.289218937759 973.5378754416 1002.14834683957 1061.50537504847 1132.32709550791 1172.30701172942 1187.47746104624 1198.00065819781 1219.47893722156 1268.05661236533 1350.63380318877 1447.24101254519 1492.59042778495 1537.03854963934 1615.56283477798 1691.82025820631 1733.99398554534 1706.36131238117 1598.90420221529 1485.74740200439 1401.004589346 1323.60813702036
749.866861978163 738.510023425458 727.006558621678 728.851638161274 736.588944461909 764.953659471772 818.135228825189 899.046416780221 974.024498333241 990.68080280678 1023.12912054874 1080.08210492116 1126.51270577404 1114.61406008888 1079.77315247393 956.177494774396 849.7085634267 776.293203293579 756.808445587352 752.318975998643 753.838466083686 764.988742307135 781.639413099333 803.598084960789 830.698721440006 860.624948576629 885.728194581033 900.235317891317 911.011968100003 920.055018173803 925.715954102856 942.759916787318 943.010430783565 952.791518082754 972.236306577522 998.34547597919 1033.63885799713 1085.07323891576 1143.93189866076 1188.87618769983 1216.54613281061 1238.65801057015 1269.65115597333 1328.75007438049 1407.07514868219 1485.73180192389 1543.04636014475 1597.56306173779 1652.14922075714 1697.70356811715 1712.96616144352 1661.17087836124 1555.85914251997 1457.20804407179 1396.18562928382 1368.03832346956
708.861327483835 694.417584935835 680.664668324824 706.789034174786 741.233726536276 785.497567781821 814.903084623569 837.459538408576 848.839094982183 834.008832425502 824.3450953234 837.766512038391 829.889350309244 794.875155999134 758.307948684323 718.322166745545 705.226115564167 709.185250019428 713.089049431154 720.487193345621 731.44690112851 752.079674128492 780.251064499994 809.011338037174 839.380767480033 872.118228985735 901.298351425835 915.019797362823 924.025816074203 936.024254642761 941.637416440403 948.825451940455 953.845422182644 964.352735608493 986.269663722779 1015.45378721181 1056.11551074072 1107.33842079441 1162.23510913978 1209.8720283892 1247.25137470405 1280.12891629282 1320.56935155004 1382.82290037385 1459.67180064 1540.62833913951 1601.58540347756 1647.40476216711 1687.51217654935 1717.26765218917 1720.6002250357 1653.85429371595 1554.31245990284 1465.06434011663 1428.01852485494 1439.46988518507
690.073700696136 669.454692797258 651.914956892685 671.014946867046 698.209365367037 719.63264069146 715.415206500894 708.372143927944 703.460787228445 701.926492169768 703.201564618801 701.540563383696 694.623747647791 682.945624447557 668.725287449894 660.933031880657 667.274598430447 682.77026194069 696.047105092376 708.253643496469 722.796767791415 749.449381161662 782.862322956867 813.558386889288 849.907216984757 888.228890202093 915.561648816863 926.879147095381 929.96234233999 941.140465417437 955.904485667642 952.730846170625 972.857819434307 984.225847174004 999.630143877922 1030.68393582303 1076.13419037527 1131.03420875491 1185.72505420716 1236.0799955168 1280.36281884749 1322.62692346636 1370.81785050138 1430.33023779306 1501.98985094393 1578.65136705406 1635.05236562587 1671.50664038183 1700.75728255817 1726.56088076576 1723.16405406765 1666.0091317555 1586.65527424396 1521.99988483107 1494.66520420071 1508.60355610819
701.826930232749 686.229593151802 660.936546625777 652.122926883334 649.987821567818 649.438175202525 644.308265527614 640.244196338905 638.137158868235 638.863843082628 645.829543858138 652.149463160645 652.082285698634 647.885176463697 641.882801632754 641.854774514691 656.341420519508 680.559051588316 695.795431926563 705.400125070126 724.406142844695 760.820500183636 794.295687318881 819.549801810074 854.598541103071 894.73011588 919.237769158946 928.621741580001 925.729741097385 933.978901473572 948.496750831259 954.293483878923 985.479852735745 1002.09375035002 1024.28363786412 1061.01597911437 1109.73039359027 1162.49639015259 1215.50247204583 1267.25241392512 1316.40327083469 1363.49153817862 1413.10525121233 1466.67825735762 1526.02086064239 1587.35972556037 1637.17782462001 1670.24596808577 1690.20705431311 1719.70118995542 1708.29954398276 1669.15415909941 1616.18064476002 1571.76263458785 1549.98331265636 1550.38599586237
732.496284927698 706.760815686437 679.637454183941 660.845251119975 647.09897108765 637.270608912146 634.030950246126 621.937782197858 606.738498518584 605.136595289273 617.607117898321 631.045483269969 638.039124414913 639.386460774735 637.488949765155 639.482780483087 659.888318648939 686.338660777469 703.87645225124 709.572944381893 733.482642625496 777.080352571533 795.603483004028 815.737320199309 850.602730426202 888.378875089303 911.118708629606 923.292308538009 923.552287511017 924.405744710953 935.316346852788 957.100572816619 992.658542162132 1022.78759730481 1056.36563828966 1098.44166338558 1148.81844582912 1196.79455134698 1249.23274376244 1303.43646800776 1354.0261289894 1401.56344842 1447.7457179599 1491.68644207278 1536.59659895748 1584.36639435938 1628.53818121884 1664.84476513763 1694.20022545895 1710.0080596912 1696.60399810816 1669.404903545 1636.65498211959 1604.46317226521 1582.30610513781 1566.8217735795
754.116987210808 728.296374960646 698.031469995017 671.817059473175 654.067385280088 639.753214498349 633.195183210714 619.773425648064 597.874320990346 597.273789555979 619.8639962147 640.279413871495 652.997222289155 655.612524754894 655.248605567162 661.818457413048 677.546433900544 697.234357640014 710.62766611693 723.916683281281 739.77785090957 756.585422216898 771.107533207217 800.559928253816 848.942329850888 889.269205295112 907.77681522451 920.005722853888 926.6916303858 929.146024357999 937.195200939919 965.863247575279 1006.97708307459 1046.41614592489 1089.01216088485 1135.74851226485 1187.39462229098 1238.28445003446 1291.24895819176 1344.37994590145 1392.5091967291 1435.73225371334 1474.92790291348 1506.49285939934 1538.37720196141 1575.43462845278 1614.43704229648 1652.4322730075 1684.49282990148 1699.22068330601 1694.22193022468 1677.62469582773 1654.58886516792 1626.927294341 1603.15678340121 1578.04828963848
765.384911054888 745.235738915839 713.425089918957 684.388895952729 660.212900439063 640.587485826716 629.229392059239 633.952809364287 630.039074830703 624.841601183968 647.542159405524 674.177679926862 692.865228324417 696.097470577159 692.935919283673 691.62199708482 709.420670693947 716.901583341684 731.254770790836 738.558117340059 744.087875133869 751.98214230052 769.964496805678 807.586470399749 861.632657300011 897.626315102594 911.863790652973 926.581493017541 931.717312973044 935.394887058189 949.033291138689 982.524497690426 1032.37643476696 1078.34137995554 1124.81844531762 1173.9059413668 1226.81125906288 1283.32139135966 1339.5677532553 1390.13352160682 1430.80610354008 1462.31935863184 1489.05464932829 1509.7019171315 1530.1230515259 1558.87536242648 1595.95229365061 1639.46177220884 1678.34504355063 1701.66586124946 1705.17755394122 1694.02741070178 1674.79528979298 1649.31707562 1621.53084190227 1591.55472911907
764.869975974633 752.250893505674 728.771159027017 705.309108153033 684.902256179852 661.745564375188 628.870505170678 636.788274055887 651.337316686982 659.177487468867 679.467504025264 703.450777474653 718.438959393393 733.96932697825 729.860153827675 733.300681768272 746.535906644006 755.470811149905 762.7486907087 770.018986480977 768.877794707587 767.815990919742 780.993728966319 816.296873640011 863.698695613745 901.034501334464 923.00751299815 939.737640878176 948.022392133043 953.72363943513 967.735264865738 1011.33960572071 1065.77644450071 1110.33183112 1157.93786348002 1209.37714812256 1267.83547763478 1330.1570039891 1391.35432192781 1439.22941672602 1466.70931759675 1483.66716807304 1496.9565800748 1506.81001159495 1516.89602570037 1535.34198099234 1575.54978341532 1630.9593173608 1681.14462819215 1714.39377951124 1724.47939980702 1714.52494770948 1696.32301839385 1670.75616415506 1641.46035673999 1610.21954640532
780.590992152504 783.278354779557 776.181635452628 772.674346983542 752.151636900019 727.178970669211 702.926833551081 680.93272664652 682.0699253649 693.511540313053 710.2024321057 733.928299241713 750.217604189159 761.314185800003 765.804684471691 775.4296929433 792.000247589187 802.392575089193 804.152545700415 809.792445952068 801.980888155286 796.577467152338 809.157080643069 842.684028421539 885.965790730765 919.481566976733 941.346215865929 957.000173582934 969.256267461454 980.883484870723 997.501090889291 1039.77772580563 1087.88144010141 1134.79655372 1182.43152478934 1234.57829050934 1296.16829205067 1364.63663954133 1435.83119568936 1484.01322011193 1494.79684422937 1497.15158199188 1503.34436552248 1506.04587153184 1507.0775944706 1513.58197796583 1560.1269806459 1635.75415995419 1699.43982904714 1740.89964118944 1753.00224784 1740.15191618441 1719.53659454652 1695.47933350517 1667.50704094947 1634.04858014104
775.754551008625 796.74925781203 803.545253017243 797.469386041243 792.681299090234 780.171558681506 768.374000596919 748.145726070648 728.543858114565 733.047236371926 754.334939531668 779.161015053635 795.986257708312 807.026123063944 818.59571056437 826.063655956511 839.555569753406 845.34039239337 847.178665579404 844.117497861896 844.60340789185 843.550416932227 857.555817874741 895.682405950594 940.596325527898 969.455354327683 982.554333639258 993.422487393422 1001.23136243741 1009.83327216499 1026.78569571429 1064.57172619183 1104.7992968465 1149.27796874115 1196.41038834897 1249.16527279787 1310.112125974 1375.86744583972 1444.16493516148 1490.07481467087 1502.88351735389 1506.61741541002 1510.29553062344 1508.54384709751 1510.42544519266 1526.9102979858 1581.4923168118 1663.51274585357 1736.26583863974 1781.20613657971 1792.49889881607 1775.21123763127 1746.09037824555 1721.41361904744 1696.40135588227 1661.8931881
758.027085487738 778.401631075205 806.093032738162 813.790600842347 808.61470191409 803.883788945614 800.199120723784 798.178373638722 797.91645902071 802.353134292396 812.329338292719 833.571125630531 853.393970751201 867.162634851105 878.16132016439 879.170332545561 877.599053870234 877.224172882457 879.850420391017 878.873496405677 877.140663679999 880.311656767259 894.523785157463 932.331835130914 985.17393282899 1014.92844158828 1025.60061539149 1039.73651245395 1042.24242588491 1044.99184975683 1057.28560471229 1085.37196020166 1119.88369130784 1158.99548889943 1201.93150874169 1252.47752720371 1308.47600825143 1366.4826377232 1422.87431183951 1463.46436999608 1487.6079932037 1506.43372011679 1517.43479751466 1510.02134219328 1524.38908832948 1565.35295743227 1627.42768399651 1705.77056824264 1782.05279706035 1827.73223160899 1828.86655205723 1804.972687308 1779.15779771933 1754.21555245331 1726.49242507197 1692.67689729459
742.336486373194 759.759381260006 787.382197377805 811.624477930767 816.28588103419 812.82778632323 814.792772811426 830.401110348778 853.622724884168 866.618080770897 864.126117285697 876.725500056621 900.995055378876 929.368626703086 941.037591872816 935.052832131233 928.004216632689 914.755173425628 910.229071147884 912.052478554477 913.551872110208 919.334323489333 927.958494306836 954.128291698452 989.158455669083 1015.85968029447 1032.60010662344 1056.22695135796 1069.30020776232 1080.71146213566 1089.47174839974 1106.17618340198 1129.87226123127 1160.51027447589 1197.26948038201 1243.90535308257 1295.41862682753 1346.16539334684 1393.8882038573 1431.8062862 1458.44388995158 1482.59271926329 1503.7795063312 1511.78935852319 1543.04931836374 1599.87579918002 1665.73207780358 1737.80562778397 1810.54242339226 1854.14084628655 1847.36256506254 1825.40471770913 1800.36871864 1777.99562431155 1754.84850985972 1725.2248424497
723.596802211082 738.626553916511 757.310574670498 782.858719331501 797.07348285719 808.524027450644 814.323077400461 828.595180366933 857.906391217367 869.36639760338 874.25930120005 898.188351618201 939.850723062475 981.658201815677 997.826283210333 991.666294593132 974.759653894776 954.618373848212 935.321090933421 928.154985585217 936.789113967153 948.919896220096 956.860315289856 971.319852940012 992.676820181459 1015.51102623479 1037.29986032744 1065.34336014097 1082.30489447304 1101.33478240899 1119.05240895005 1129.77086151684 1139.58512814719 1158.69774765451 1187.86050073887 1229.63763513693 1277.56702911943 1323.37957180699 1363.54108623007 1397.78548652881 1424.93795372868 1440.54188818519 1456.67770312269 1503.27983901377 1556.48989022354 1618.7053147147 1684.40898426004 1748.77728232161 1805.96185522068 1834.51339461155 1840.09876050124 1834.2449539525 1813.55623169938 1795.71720760595 1778.64072730501 1752.91914423564
707.514595566897 714.463333877937 730.006163967321 750.214942981317 767.70424732252 793.483158143858 805.272081920131 812.708933966677 824.593878658558 827.955448961682 843.784827688707 889.112262445705 953.78626354244 1009.35148365404 1026.94539833089 1022.83720289505 1001.24308354 981.022344811889 972.806565303939 958.980711500052 959.765105295134 964.646784103583 976.868326980001 990.222597980091 1006.54419078 1025.49541094723 1047.17869222967 1073.05036699469 1094.62614634926 1114.48705443124 1134.65719123116 1145.83299264875 1144.89570032792 1152.19778243474 1175.97728240206 1214.17823704162 1258.55797289506 1299.6217997485 1335.28653017549 1366.20486822769 1392.09778860542 1403.67974839551 1414.83420460403 1476.32276386186 1549.47826714052 1618.66234486002 1684.65042174474 1744.49038638432 1791.75404078001 1815.9315734405 1830.4707123716 1833.88776122089 1821.20098003986 1808.38074242 1793.29423312 1773.06786410884
696.647021050464 698.390190873225 715.074105155256 732.24547538104 746.969107054602 769.130331311856 789.298672743048 798.384160138307 801.971338387803 804.066478273574 825.908093360009 878.251080308459 945.050287973855 999.801662410492 1024.74209536379 1033.62598306312 1023.06136175302 982.769234664698 965.24287646974 972.335399110897 976.872757142197 981.234223786117 992.351139500404 1006.95897337796 1020.10977601988 1036.08848013596 1054.77011083647 1076.24360732609 1101.71699675189 1120.54471638001 1142.73801055655 1152.0700977453 1143.84383047625 1145.70757407313 1164.87048800223 1198.39748554941 1239.22172071562 1279.15264012076 1312.0309608476 1340.27790192952 1364.31001711498 1384.14162800178 1413.3775777918 1472.28315376616 1543.78917626518 1613.8491510627 1679.00490819887 1735.11969070024 1778.50718847123 1804.36552354 1821.40456006 1826.77730378048 1820.04227384617 1811.05984004422 1795.05684572489 1773.17222327915
688.557116867407 688.781828080548 704.239323095979 726.966474713253 740.425730304369 754.842743816507 769.760277738809 781.568961237435 792.791248387139 806.103698280739 832.170213924907 879.297765244048 935.77668749134 986.830587703748 1019.75354336433 1034.49383368 1035.63813696477 1018.92722811946 964.827474296837 962.622662330083 977.137055211719 990.723132248812 1002.11598278 1016.24927525491 1026.93595903086 1040.73522097062 1055.33222494 1072.82747367322 1099.20639680695 1114.11944128046 1129.68905308611 1143.90769702677 1138.53658252 1139.80753044712 1156.25850883013 1181.39817120726 1214.71537053002 1251.11429203426 1281.45588495717 1309.58078338576 1340.67605096041 1376.91381800637 1425.01984156487 1485.10795653018 1549.95469849827 1615.11541960818 1675.65639710242 1725.91166339665 1765.41795660305 1792.57981114 1809.38483600989 1816.2775257176 1813.34911637608 1804.17859828909 1768.7218386215 1729.00964784583
687.118427164113 686.51831202 693.622527760442 716.685871502667 742.307102775468 753.026354984844 762.386278314226 773.51786946721 786.641335652983 807.966383531647 838.71861416698 878.123842712364 924.196525385046 972.305385999889 1015.02253705958 1040.05344881765 1043.14543521605 1054.51173230985 1022.23432075026 985.851708847096 992.379109367718 1006.71114868539 1023.91943641546 1041.09968996946 1046.45502423838 1056.54806681733 1062.31027176734 1070.80803020962 1087.14445740932 1096.85174746996 1109.11925446 1121.34860709022 1125.26348191518 1130.89047337238 1142.14810810432 1160.28972345122 1184.45330739185 1210.93074532002 1236.60589316877 1268.14205046991 1310.81997236231 1365.28176659713 1431.79908249768 1503.47083780464 1569.05169267868 1625.87213754047 1676.10369693654 1719.47121033281 1753.42970011637 1780.51974800488 1797.37279944083 1803.70339312368 1802.9344332543 1791.45762296032 1751.89940097968 1702.12893945994
681.475175703402 684.436529222509 688.480095819999 703.146092565759 725.277539197608 745.912284191203 766.753262824326 785.478081329232 798.767666678735 814.332862483208 840.916489798154 880.852102010567 922.400209327774 959.825407054196 1001.51229128814 1043.8979528776 1053.92286125878 1056.64879391545 1057.15576400712 1047.74034413668 1041.40171144969 1034.69354621058 1035.49654182688 1047.64186711298 1058.16932504779 1066.27684730358 1076.07823447655 1076.0979171077 1073.69020612585 1079.60397316 1096.19089588247 1112.59478984805 1120.68927349097 1128.52002742625 1134.81756369568 1146.75406081732 1159.4003403836 1169.81391127725 1188.75172578735 1220.6021145404 1271.43723450547 1341.38673356888 1431.11705321052 1525.39238842248 1592.67336619134 1637.29333486596 1675.23643899422 1710.93170134483 1742.21915409577 1767.61394937094 1783.43900918798 1790.42865979774 1789.75745267067 1772.40565185889 1730.51298853341 1685.7497664304
673.92450656122 681.523430494314 689.280340127403 698.618589774879 717.434546660009 741.166139240002 765.188666750117 786.31769621109 806.515600377878 827.327585214294 846.244702543388 871.826426407747 909.930462872926 949.000004269283 988.545988316617 1029.2678757492 1053.3767293628 1057.6506232819 1066.132654968 1077.71979602238 1086.43892738461 1075.16227480362 1059.24764220834 1053.8994373106 1052.29598341823 1052.2673614886 1063.83126908041 1064.41970105104 1061.09200558781 1066.88950676 1096.70143674249 1131.68787576514 1154.80075984032 1166.87519075013 1161.69950263497 1156.28393173094 1161.73669996686 1155.004096262 1147.91222252631 1167.45919117634 1218.07849685249 1296.67744569604 1412.42709743779 1544.78282098996 1606.74412890812 1635.28769310443 1665.3843881024 1697.0554588 1728.42908332484 1752.90632149018 1768.07211464755 1779.44714172659 1772.87786874144 1745.15662013461 1698.03022691204 1664.58765562993
671.922615280001 684.988537169176 697.565943264512 708.311637960003 726.646369098697 746.62095788022 768.485504099532 790.034853640879 807.470614172734 821.977486228372 839.580473709634 860.678904677324 898.573939185641 944.049515020356 979.771512905728 1008.60267496891 1031.90844364895 1047.32078566587 1062.91555203362 1079.54164333974 1086.65756944785 1079.29081426818 1068.06695104561 1061.79797681455 1051.24734528446 1042.71335067231 1053.88932172305 1068.82893726243 1075.42338142433 1086.40551001161 1122.51552957968 1152.5777503048 1167.9108780176 1162.43156961536 1144.77852359008 1132.65761921584 1134.78432147729 1116.81141609728 1110.47949316093 1135.62969208 1161.28360635739 1227.57779249449 1356.54950870655 1497.46579788004 1570.42868850043 1604.49393817959 1638.55935432111 1675.35352745246 1710.49357528815 1740.01161560547 1759.02838772277 1764.42888653394 1764.6174073234 1735.87013966857 1689.87943226407 1628.30098890441
678.707960480002 693.101379804486 711.781053522433 728.953221716337 748.22133954001 767.198185307266 784.421914459452 801.346804519895 815.229058952111 823.193831832997 827.753824074948 840.536728476259 870.933740483657 907.534015335244 946.309456380645 984.88095838193 1014.81312790024 1032.6462644944 1056.18020698387 1067.69463737309 1069.83287595416 1066.41244074103 1058.80669068534 1049.22781478514 1041.59001722627 1037.89832730013 1036.64174718464 1043.06640410575 1062.92334962631 1082.8430919625 1114.51333368195 1151.34729528454 1167.5742304 1158.25029069644 1121.79961094854 1077.59413463275 1056.633912241 1039.10799652302 1046.11863195626 1097.91289385744 1128.47268464715 1183.37008488776 1295.36870565088 1412.89245133222 1497.20745063032 1547.7763182533 1596.97252815511 1647.04780435961 1689.6882953381 1725.42831871577 1748.6701742146 1758.75461052635 1758.9887987528 1744.64531687731 1695.30547797711 1634.32530657647
686.195418935179 703.339063169726 723.498330099046 746.059356880003 768.213895328384 786.19682020356 801.49131693392 813.602802479056 823.4907895736 824.383832850945 813.658508903594 816.803642309712 843.321903508855 878.150449728933 913.407374019853 947.764819622073 980.044071437557 1027.20428147561 1044.0128918402 1047.47926638 1053.23784760047 1055.03549923249 1051.37201840578 1043.08335001699 1035.68760990906 1030.82825839251 1017.72176427 1017.86449680799 1036.71751834524 1063.37091171797 1093.78566200619 1131.9704999 1155.08160233994 1138.27324765617 1123.27780436709 1097.60360780402 1058.10021520465 1010.64676743412 1006.2338864298 1047.6986769314 1099.16889552764 1167.71813993966 1258.86705260287 1353.80550469954 1433.80953961709 1495.04766519934 1555.64844321525 1617.50765148636 1668.96219907989 1711.75772062897 1740.44551733128 1753.17704724 1752.60408234605 1727.44171316866 1666.26484473561 1618.719893622
689.049094243604 709.95752282077 733.545613437918 759.238205080004 781.560722720008 801.036969321209 814.285593600336 823.238768774431 831.075893986072 821.362446664912 791.145343055945 790.261096572353 821.776241800995 858.923551593337 892.441692981914 924.172094658042 954.005862422785 987.294269721748 1019.70146512723 1036.85679600481 1043.07189753983 1046.24713395606 1042.28665474329 1033.27992909738 1020.93486540312 1007.91449610371 998.13894667946 999.09134415933 1014.25255366583 1035.98964577518 1060.85455926327 1083.89107914475 1105.32605646755 1097.63749195539 1090.39497830602 1072.62274432864 1047.54600259868 1021.31554314173 1014.87901091037 1040.92846161404 1090.19832937025 1154.855582418 1231.82570429438 1314.27105889144 1389.85819328211 1456.94504452427 1523.23892963293 1589.92551790039 1648.6948986664 1698.40935583727 1734.65982797077 1749.89352207935 1746.06428109242 1726.23070799651 1681.25890137668 1621.12577046864
