catData/variables/futureClimate2070/rcp45/bcc_csm1_1_m_2070_rcp45/bio10.asc
NCOLS 409 
NROWS 350 
XLLCORNER 60.897278365 
YLLCORNER 5.843756025 
CELLSIZE 0.0892857 
NODATA_value -9999 
[rows 286 to 311 of 350, columns 174 to 231 of 409]
25.4827117493533 23.3919771315859 23.0529806409784 24.075107695605 24.279582261201 25.986259574497 29.1702553459042 30.7164696569846 31.331215714018 31.2061085350679 31.142731820389 32.037384146 32.2369326039925 32.2890115382171 32.3305218659999 32.0594185333105 32.040967686 32.2409160649751 32.1611818926134 31.5541850585688 31.0871649692618 31.0972881985793 31.6150387798956 31.7058043877632 32.2642790369745 32.7028680813592 32.9779611205787 33.1 33.1153029956234 33.16607757 33.1413349441747 33.1151252170737 33.082191932 33.03392243 33.03392243 33.0574468146605 33.0130160535687 33 -9999 -9999 -9999 -9999 -9999 -9999 -9999 -9999 -9999 -9999 -9999 -9999 -9999 -9999 -9999 -9999 -9999 -9999 -9999 -9999
23.7765839289865 18.9805012767203 18.5276622149179 19.2256722935462 20.7633356129422 24.0070928208163 28.9776790216314 31.2028020387723 31.570385237916 31.7568502175524 31.8325493830206 31.939911417511 32.185677888 32.296535893723 32.359053249318 32.1501476863623 32.0416437418307 32.256518823299 32.2780505169307 32.2441754389426 31.481941144671 29.9687159980673 31.063564620547 31.2664910087626 31.359483859268 32.627986233137 32.914103006514 33.0655118660177 33.1 33.1 33.1 33.1079675737112 33.087382230676 33.0831112252077 33.1 33.056883930271 33.0080890951973 33 33 -9999 -9999 -9999 -9999 -9999 -9999 -9999 -9999 -9999 -9999 -9999 -9999 -9999 -9999 -9999 -9999 -9999 -9999 -9999
23.3207676915782 18.3157799648536 18.9625081365437 20.6274801141225 24.4111393418927 28.5215632930083 30.6153602923263 31.05537567 31.2188582051288 31.346404628 31.4501576415285 31.5597338300714 31.8245969421859 32.051633394 32.3259131768431 32.3529177257576 32.2459662784996 32.337383906 32.4232696989211 32.3695082612432 31.1162579026669 28.1672035125632 30.3879657940431 30.8693042334027 30.2020729427041 31.6622562408116 32.772804580787 32.9600870334422 33.00358378 33.0181917908864 33.0337404509493 32.958996122 32.9285220753794 33.010665228 33.05179189 33.05179189 33.0102020400367 33 32.9544011356347 -9999 -9999 -9999 -9999 -9999 -9999 -9999 -9999 -9999 -9999 -9999 -9999 -9999 -9999 -9999 -9999 -9999 -9999 -9999
21.4844024831341 19.1956327395278 22.0688030960668 25.7221443604466 28.57989666624 30.2792537079217 30.6409759947225 30.7595851543165 30.9140485449552 31.0804959647522 31.2368206694508 31.4578546196539 31.6167977417138 31.837347714 32.1484357917371 32.3614216155341 32.3832811373311 32.419846920872 32.448269262 32.465174169444 31.4768499044426 28.8438244775827 31.2780406427588 32.11261300391 31.2445433958967 31.3074042664345 32.5712694240001 32.8535142230978 32.9 32.8967571126164 32.8725793444888 32.8247410842857 32.851730498 32.958873338 33 33 33 32.9515985289323 32.9024166128646 -9999 -9999 -9999 -9999 -9999 -9999 -9999 -9999 -9999 -9999 -9999 -9999 -9999 -9999 -9999 -9999 -9999 -9999 -9999
22.0397460957924 23.5795278188053 26.7047364733563 28.3075615968344 28.6535621759499 29.5890102973465 30.3895583592312 30.646318996 30.9107886504748 31.1373841460001 31.257081808 31.5028125367637 31.671367488 31.800534062377 32.0550049609474 32.3056824369646 32.46249379 32.507081688 32.5430915507712 32.6059424057992 32.2003132700869 31.4684876610814 32.4417898718398 32.812432518 32.600335733349 32.5635264985497 32.6405172335835 32.816016298 32.9144730230676 32.932191812 32.86249379 32.86249379 32.914224288 32.9845749477843 33 33 32.9498163254954 32.9047090179342 32.9 -9999 -9999 -9999 -9999 -9999 -9999 -9999 -9999 -9999 -9999 -9999 -9999 -9999 -9999 -9999 -9999 -9999 -9999 -9999
27.5888047275748 27.688040740965 27.2987592960695 27.0943514336103 28.1780372566504 29.5800168243099 30.3180948561303 30.6276281749322 30.7731474880168 30.9659804660001 31.085678128 31.294551826 31.499963808 31.6454299406118 31.976682126 32.2001685805696 32.4128776929855 32.544587898 32.6720470852347 32.7571492623204 32.657648603258 32.7018912836084 32.8439577811335 32.957081568 32.780461074 32.9673805380534 32.848146718 32.9329831376441 32.9070318947598 32.9422639446051 32.96963663 32.96963663 32.9853437525106 33 33 33 32.919698142 32.9 32.8341324261368 -9999 -9999 -9999 -9999 -9999 -9999 -9999 -9999 -9999 -9999 -9999 -9999 -9999 -9999 -9999 -9999 -9999 -9999 -9999
30.9965098680002 29.1502996214261 26.1303233330511 27.9097706624327 29.3623889667844 30.0097291602835 30.2995471936277 30.3741845995428 30.454537829514 30.644551946 30.764249608 31.1280111895989 31.408873698 31.5394713260225 31.792759816 32.007045496 32.221331176 32.4594976615371 32.703461476 32.8452028211584 32.8461207457068 32.9204856354517 32.9722055127567 32.9970846480618 32.8834484386332 32.9995981413281 32.9788399339769 32.996280930718 32.97677947 32.9838157498921 33 33 32.9602815978072 32.92322053 32.92322053 32.92322053 32.9045740129725 32.9 32.805412462 -9999 -9999 -9999 -9999 -9999 -9999 -9999 -9999 -9999 -9999 -9999 -9999 -9999 -9999 -9999 -9999 -9999 -9999 -9999
31.5073615279999 30.470493062576 28.6107795058245 28.4719487999016 29.5617655170178 30.5336004558477 30.4694811268647 30.38392231 30.464224648 30.5854266526388 30.8533489173776 31.105192574 31.4237677226881 31.699877696 31.8947274910008 32.0190964246732 32.2063148736545 32.4054284220539 32.535616856 32.691028958 32.7875578829649 32.889236948 32.9834690656201 33.0733858119477 33.0687147802753 33.08392231 33.08392231 33.0704810627419 33 33 32.9685754437591 32.91607769 32.9077606208961 32.9 32.9 32.9 32.8326088257935 32.81607769 32.8008701988617 -9999 -9999 -9999 -9999 -9999 -9999 -9999 -9999 -9999 -9999 -9999 -9999 -9999 -9999 -9999 -9999 -9999 -9999 -9999
31.6339035732268 31.7555537117964 31.709072321125 31.4744023357444 31.3212435703324 31.0620392712929 30.7441984946326 30.4733270302211 30.5534297825532 30.7581424105135 31.065894354 31.196257724 31.5015245512116 31.6263824416455 31.741029078 31.9033614385501 32.1782357757647 32.2683308138044 32.2742225018442 32.4392914401161 32.583886118 32.691028958 32.8712990239969 32.9167479240429 33.0040062019174 33.00893485 33.00893485 33.0075038177981 32.9789100962416 32.90893485 32.9055892116789 32.9 32.9 32.9 32.83988226848 32.80893485 32.8017599994405 32.7203683545992 32.70893485 -9999 -9999 -9999 -9999 -9999 -9999 -9999 -9999 -9999 -9999 -9999 -9999 -9999 -9999 -9999 -9999 -9999 -9999 -9999
31.6235746406705 31.7623969260001 31.864346712 31.6680275959999 31.3983300539999 31.1230605065881 30.8013410411129 30.4086730335201 30.5412599980728 30.6890122043343 30.7997700814827 31.1052847431485 31.3037430375555 31.3056630479626 31.3758161372606 31.6944906740001 31.978474136 32.102785000409 32.102719029998 32.221331176 32.3047670408122 32.378535288 32.6448433023737 32.7894619359666 32.896379788 32.90179201 32.8930775652547 32.7878547356618 32.7049610159311 32.70358402 32.7403578231169 32.80179201 32.80179201 32.80179201 32.8006089934886 32.7281519989184 32.70179201 32.7002249922674 32.6071074801397 -9999 -9999 -9999 -9999 -9999 -9999 -9999 -9999 -9999 -9999 -9999 -9999 -9999 -9999 -9999 -9999 -9999 -9999 -9999
31.4179319513635 31.5883070397856 31.5007799048308 31.2446041188972 31.0372453498727 30.9118701394941 30.6858975359999 30.3069680794673 30.3530649812228 30.486101603636 30.8732908279565 31.08929834 31.098172038 31.1749958374405 31.1913982930542 31.524951388 31.744429402 31.9922633473774 31.578220459848 31.4269932569263 31.9818644217009 32.3341806535249 32.549902536 32.676743278 32.783886118 32.69464917 32.6862505156527 32.583983702 32.523159138 32.630301978 32.735441209445 32.7524473217805 32.7489624869939 32.7389260442317 32.6964675865427 32.69464917 32.614347312 32.59464917 32.500061632 -9999 -9999 -9999 -9999 -9999 -9999 -9999 -9999 -9999 -9999 -9999 -9999 -9999 -9999 -9999 -9999 -9999 -9999 -9999
30.7186585450458 30.4687612652243 28.3249847603185 27.3282907730752 28.9226349126648 30.0048479889252 30.0268962961863 29.9559641825074 29.9927283722319 30.4153883815834 30.7469591991715 30.8752289076867 30.8930540763653 30.952034484178 31.0523019578296 31.3954709744784 31.6451019700222 31.842918432 31.451243434777 31.2405470384748 31.6508742734109 32.0719365828069 32.3431885442544 32.4858763499855 32.5827702931563 32.6 32.6 32.5859847254183 32.5327593817235 32.6265161488652 32.68750633 32.68750633 32.68750633 32.68750633 32.6297379954259 32.5908597537158 32.507204472 32.48750633 32.392918792 -9999 -9999 -9999 -9999 -9999 -9999 -9999 -9999 -9999 -9999 -9999 -9999 -9999 -9999 -9999 -9999 -9999 -9999 -9999
29.4887703669545 27.9552785931029 26.411600737333 27.3476956022283 27.3606967286721 26.9136470655492 26.5257106117032 26.3959267267331 27.9778565249486 29.7822451815106 30.0449753767062 30.4234209169573 30.2674142491211 29.582597940118 29.5974425172305 30.877786851356 31.6049822714414 31.735775592 31.5251712759999 30.9798091600313 31.1090618285224 31.7585920580001 32.2093078429921 32.4552533660001 32.5175109669715 32.6 32.596515125065 32.5638720219584 32.58036349 32.5863137409402 32.6 32.6 32.5898419355872 32.58036349 32.5674002166054 32.5019338398855 32.400061632 32.38036349 32.285775952 -9999 -9999 -9999 -9999 -9999 -9999 -9999 -9999 -9999 -9999 -9999 -9999 -9999 -9999 -9999 -9999 -9999 -9999 -9999
30.2136917811172 28.8415838619997 27.9024093615402 27.3937139751313 26.8674964784006 25.3495533593666 22.8420827368621 21.4612447879446 25.9753193478493 27.8474833090549 26.413375741272 27.5488631657399 26.797496406587 25.4062471104537 27.142242508893 29.8614283908888 31.4779179640233 31.4650580005261 31.353397462933 30.7938514899188 31.1332459876045 31.8605188767284 32.160604196 32.3983070620044 32.5652949217443 32.6 32.5870055927498 32.4609968770031 32.5 32.530301978 32.6 32.5880597150074 32.5353432431162 32.4842341027603 32.4248831753632 32.3804084905132 32.292918792 32.27322065 32.178633112 -9999 -9999 -9999 -9999 -9999 -9999 -9999 -9999 -9999 -9999 -9999 -9999 -9999 -9999 -9999 -9999 -9999 -9999 -9999
30.6144871561061 30.1041282919997 29.1528748296036 28.4010032720083 27.1394804528937 25.4317195583687 22.341730025781 20.8654972906337 23.765487542081 23.9148148728642 20.443958361045 22.123975842606 24.2973982190434 25.8432803912238 28.526892952881 30.5812933526095 30.878333572109 30.0552673439061 30.587648302957 30.6775371667019 31.374448306078 32.0551665340001 32.241812495485 32.5005159559864 32.5018359442301 32.56607781 32.56607781 32.560927670077 32.5260661032053 32.5200228834491 32.56607781 32.5366152620633 -9999 -9999 -9999 32.326840982 -9999 32.2 -9999 -9999 -9999 -9999 -9999 -9999 -9999 -9999 -9999 -9999 -9999 -9999 -9999 -9999 -9999 -9999 -9999 -9999 -9999 -9999
30.8136491139204 30.6749324936211 30.2717896868563 30.0720422012614 28.8019962301746 26.1044497158087 22.0508439224748 20.7268830285799 20.4975965668095 20.274150721585 20.325816604852 23.4129145821479 28.3345551963387 29.6528582766536 30.8440342162886 31.5373195078248 30.7909255798315 29.3901000867896 30.275303707369 31.3156728546445 31.8732520151399 32.3685413577365 32.48213006 32.5852013559537 32.544254721412 32.4992893211991 32.4625788581897 32.516016298 32.576840862 32.5 32.4846232742548 32.477244905134 -9999 -9999 -9999 -9999 -9999 -9999 -9999 -9999 -9999 -9999 -9999 -9999 -9999 -9999 -9999 -9999 -9999 -9999 -9999 -9999 -9999 -9999 -9999 -9999 -9999 -9999
30.7147490185379 30.782094588 30.8116625583238 30.4110116523973 28.9692128710078 26.3191327273906 23.3584360446738 21.580471223738 21.1365082815501 23.7923332124562 25.666286262211 28.2045270129609 30.7128334623882 30.8557892880071 31.0508030310344 31.6090989678607 31.7869007094668 31.5861223516143 31.7909811687494 31.8474223616796 32.0816915481916 32.5165916480624 32.6 32.6421553420326 32.64820787 32.5473115460756 32.5010114929029 32.5565030518814 32.576840862 32.4853920618383 32.414347312 32.3286992322047 -9999 -9999 -9999 -9999 -9999 -9999 -9999 -9999 -9999 -9999 -9999 -9999 -9999 -9999 -9999 -9999 -9999 -9999 -9999 -9999 -9999 -9999 -9999 -9999 -9999 -9999
30.5549898950037 30.6363736636505 30.782094588 30.6607031427114 29.1619273243866 27.300684003075 26.1965093393702 24.635340359151 23.6844035930154 27.2773303332102 29.2902552564553 29.9215933156951 30.6418004549224 30.5501928750008 30.5214130130823 31.6486827848089 32.0910991036113 32.3493594362342 32.4910654887713 32.5397654954254 32.6098304257614 32.65535071 32.6109029286121 32.687444938 32.6476449933038 32.6 32.6 32.5911348653413 32.521490152 32.414347312 32.3279304446212 -9999 -9999 -9999 -9999 -9999 -9999 -9999 -9999 -9999 -9999 -9999 -9999 -9999 -9999 -9999 -9999 -9999 -9999 -9999 -9999 -9999 -9999 -9999 -9999 -9999 -9999 -9999
30.43750645 30.4602372025171 30.5733655440283 30.6025600516849 29.5102016214168 27.9200394404462 27.1077013551754 26.2116864066237 25.3376326162444 28.3791554861455 29.8188576525118 30.2040826452937 29.7483786060684 30.1096407901161 30.975741473299 31.8575612582432 32.237383666 32.4516693460001 32.6336266513826 32.7367921889042 32.76249355 32.76249355 32.6320078202353 32.6327974919485 32.6020299323383 32.6 32.594454661088 32.521490152 32.4288202794856 32.369698022 -9999 -9999 -9999 -9999 -9999 -9999 -9999 -9999 -9999 -9999 -9999 -9999 -9999 -9999 -9999 -9999 -9999 -9999 -9999 -9999 -9999 -9999 -9999 -9999 -9999 -9999 -9999 -9999
30.383872478087 30.33036361 30.3270275447442 29.8907328976141 28.7078764299541 27.20265261351 26.4270756697193 26.1166435953972 25.908450166344 28.7752066676833 29.569442902 29.4061379834084 29.5643482003199 29.9880551585986 31.4621016932145 31.969743891295 32.3009655026246 32.527762783456 32.651730738 32.717876143617 32.7763350603025 32.8 32.639395804 32.6 32.6 32.6 32.591126542 32.483983702 32.3838728123417 32.3211628355778 -9999 -9999 -9999 -9999 -9999 -9999 -9999 -9999 -9999 31.198269622 31.1 31.1 31.1 -9999 -9999 -9999 -9999 -9999 -9999 -9999 -9999 -9999 -9999 -9999 -9999 -9999 -9999 -9999
30.3946221583713 30.37677923 30.3968343549512 30.1930361862773 28.534716300402 26.3342352558676 25.974559073789 25.3590174824009 26.1267930254029 28.7589979962984 27.0091377076492 28.7992814096656 29.1693585469969 29.4378215187057 30.8078252352145 31.9909066540001 32.2835851467946 32.5020429127576 32.651730738 32.7 32.715329520586 32.72322077 32.6242719065182 32.6 32.6 32.5986712448254 32.514347312 32.4195016622789 32.376840862 -9999 -9999 -9999 -9999 -9999 -9999 -9999 -9999 -9999 31.1273764166476 31.121490392 31.0164079815433 30.94644154 30.9642227635609 31.016184473113 -9999 -9999 -9999 -9999 -9999 -9999 -9999 -9999 -9999 -9999 -9999 -9999 -9999 -9999
30.4 30.3745695499855 30.2906734896015 30.2641465295362 29.41829478067 26.4334130031585 25.3640480039386 25.259363757232 26.7030021789242 26.5723685852739 24.2958170714204 27.2338147542841 29.8535362205662 30.9713383368404 31.664360934166 32.1333205453985 32.3273875182137 32.4517567090289 32.6112221741559 32.7 32.7 32.7 32.619697902 32.6 32.6 32.5157996824494 32.491126542 32.386558791181 -9999 -9999 -9999 -9999 -9999 -9999 -9999 -9999 -9999 -9999 -9999 30.930425482 30.8307292302212 30.81607793 30.839236828 30.91607793 30.9100576169604 -9999 -9999 -9999 -9999 -9999 -9999 -9999 -9999 -9999 -9999 -9999 -9999 -9999
30.3300253752881 30.369697542 30.262554702 30.2851922857404 30.2321364406938 28.742285079505 26.8244263913746 25.8336151719593 25.7256990216204 24.8528830492896 24.0223387593997 26.4039600757204 29.4344694796823 31.296099228 31.8694781340001 32.1606044360001 32.3715443663672 32.4950488788154 32.556352925998 32.6625482608195 32.7 32.7 32.619697902 32.6 32.5138637250933 32.4984240142758 32.400061632 32.307504019359 -9999 -9999 -9999 -9999 -9999 -9999 -9999 -9999 -9999 -9999 -9999 -9999 -9999 -9999 -9999 30.8365293404381 30.9 30.9 -9999 -9999 -9999 -9999 -9999 -9999 -9999 -9999 -9999 -9999 -9999 -9999
30.3004150782536 30.3012491541965 30.2993288866466 30.2560170047099 30.1001225439999 29.6923327539503 28.4174587884466 26.3551236074404 24.4560955024446 24.7123569805543 25.6222788557111 30.5340318879581 31.2021944136388 31.641741783207 31.9449415799522 32.1606044360001 32.374890116 32.5 32.5009271441518 32.560665828 32.6666254887484 32.7 32.619697902 32.5141222939013 32.5000970005488 32.4017612329989 32.391126542 32.2842707541009 -9999 -9999 -9999 -9999 -9999 -9999 -9999 -9999 -9999 -9999 -9999 -9999 -9999 -9999 30.7245360826506 30.8005430828993 30.8385657275508 30.9 -9999 -9999 -9999 -9999 -9999 -9999 -9999 -9999 -9999 -9999 -9999 -9999
30.2219204417953 30.2962707702875 30.2645582463703 30.242781542641 30.0906786456072 29.4375101426184 29.0022971535846 27.0404326872156 24.3005458595345 23.8233941647478 28.8652229891618 31.0069234320001 31.4266210940001 31.732033076 31.946318756 32.1606044360001 32.374890116 32.5023857156116 32.50535059 32.5610740842229 32.6035322678599 32.6745953960574 32.619697902 32.512555062 32.4949389958091 32.398269382 32.2906517596436 32.162616814 31.971490272 -9999 -9999 -9999 -9999 -9999 -9999 -9999 -9999 -9999 -9999 -9999 30.691601551515 30.6196527408045 30.69464941 30.69464941 30.69464941 30.739236828 30.8436117939885 30.9513219760943 31.060665348 -9999 -9999 -9999 -9999 -9999 -9999 -9999 -9999 -9999
30.18750657 30.217809028 30.2921847720939 30.2163943118093 30.060762452 29.6003767039999 28.4625246209552 26.1228014593675 24.1200740661359 24.4120243236292 29.8323751823764 30.9944300020001 31.4141276640001 31.719539646 31.933825326 32.1481110060001 32.362396686 32.5376650258251 32.6064629435405 32.61249343 32.6702621330287 32.6908598993133 32.6172369584021 32.512555062 32.405412222 32.385775952 32.2708682532637 32.067967404 31.8739474913053 31.76099034841 -9999 -9999 31.3422389855563 -9999 -9999 -9999 -9999 -9999 -9999 -9999 30.6988914307204 30.671490512 30.58750657 30.58750657 30.5921846821412 30.6390169201434 30.6939694535721 30.8103909267126 30.953522508 30.9966466107183 -9999 -9999 -9999 -9999 -9999 -9999 -9999 -9999
