catData/variables/futureClimate2070/rcp45/bcc_csm1_1_m_2070_rcp45/bio11.asc
NCOLS 409 
NROWS 350 
XLLCORNER 60.897278365 
YLLCORNER 5.843756025 
CELLSIZE 0.0892857 
NODATA_value -9999 
[rows 156 to 181 of 350, columns 118 to 176 of 409]
23.517807348 23.624950188 23.6966513543171 23.7422021410292 23.7974160996246 23.8 23.8 23.873160458 23.9 23.9 23.905063565547 23.90535323 23.9137528071455 24.0008574535082 24.00535323 24.0037310311843 24.0020045714694 24.0029662858769 24 23.9442771514306 23.8428699140843 23.814622894738 23.9723669986083 24.088789997909 24.0949364473008 23.9984538127059 23.9097563239866 23.8991425593396 23.8458469473716 23.6282009919037 23.537445778 23.644588618 23.6020756918582 23.3898061874172 23.1839211017096 23.1174964981097 23.1031633063679 23.1827644908023 23.1895832301485 22.9930081145052 22.882251644 22.6528063738127 22.4028736290672 22.39464677 22.357201232 22.250058392 22.1456848430813 22.041125942 22.0624828616112 22.0254034410425 21.919697422 21.98276426365 21.99464677 22.0018237676575 22.1310249593777 22.378629992 22.29464677 22.2930246097276 22.2558573078523
23.410664508 23.517807348 23.624950188 23.6930758148984 23.751731938 23.8 23.8082496077576 23.876514345956 23.9 23.9109273306168 23.9952651430968 24.0002164091896 24.01249607 24.0265120102377 24.1 24.0734835283351 24.0452628073785 24.0609829969079 24.01249607 24.01249607 24.01249607 24.085656288 24.1827644016602 24.1234814026262 24.0060874570874 24.001731578 24.0833601174853 23.8944772842282 23.7073596079999 23.430302938 23.5327665273691 23.632092548 23.6939683292037 23.5454480264703 23.4870062524471 23.4301939699371 23.1691262423492 23.0906415287287 22.992915432 22.8877202792084 22.8811427205052 22.6534683962188 22.4344762881351 22.296213353646 22.2547376126404 22.155411622 22.0935356307869 22.028629872 21.98750393 21.98750393 21.9172360183587 21.8890727593549 21.8993237449315 22.0157419467822 22.2077650444958 22.2694856842094 22.17500786 22.1484920183634 22.124949228
23.303521668 23.410664508 23.517807348 23.624950188 23.7422526167451 23.8 23.866017618 23.9143679165022 23.91963891 23.9899115796597 24 24.001731818 24.1 24.1 24.1045484379355 24.11963891 24.11963891 24.11963891 24.1094793683883 24.1115623175307 24.11963891 24.192799128 24.2038682647121 24.2 24.029398721126 24.001731578 24.091125582 23.9742567137662 23.7557342096042 23.4850539111153 23.5 23.5533453365593 23.6612108735217 23.7 23.6469479083164 23.473318954 23.259033274 23.0104008458529 22.8671964420074 22.8013913220884 22.853738556 22.5354556037497 22.3 22.269697302 22.1926461044932 22.135772712 22.028629872 21.921487032 21.88036109 21.88036109 21.88036109 21.7929156719999 21.874949348 22.0627932467782 22.18036109 22.1514730546163 21.9954517034646 21.9863121624544 22.0300914496265
23.223160578 23.330303418 23.437446258 23.544589098 23.703463876 23.8 23.866017618 23.973160458 24 24 24.0253325836155 24.0280497568328 24.1023767887189 24.12678175 24.1437393441777 24.2 24.2 24.2 24.1621229560291 24.1698886564192 24.2176806091325 24.2803483813158 24.2412035062359 24.2033622082124 24.105411262 24.028049581109 24.091125582 23.9957102980056 23.9331007335461 23.7009755289022 23.47321825 23.562395486 23.67321825 23.67321825 23.67321825 23.546491816408 23.3178878640403 22.9000161404885 22.7079244141262 22.7727545673852 22.7221906261665 22.4454738517182 22.2937973847301 22.2510311448216 22.162554462 22.043470074075 21.921487032 21.814344192 21.7555377694199 21.7660299581318 21.77321825 21.7326116584704 21.7960376172131 21.8503623143387 22.0755948458903 22.079693648558 21.9562611829937 21.9384179865455 22.0568672682913
23.223160578 23.330303418 23.437446258 23.544589098 23.6859140281344 23.8060214640998 23.8775460017657 23.973160458 24 24 24.094588978 24.1005875121561 24.1397885566596 24.2 24.2 24.2 24.2 24.2 24.2175497664465 24.23392459 24.2775458431848 24.3 24.3 24.2422197643683 24.139335852 24.099412569263 24.0632222118428 24.017907332 23.9029075237099 23.678788248 23.3872966733412 23.455252646 23.5485257249725 23.5521236842119 23.5436793666038 23.4838100645806 23.225166956 22.7585127009492 22.6358224797327 22.664344072 22.548327054 22.3554920996867 22.2689832551289 22.16607541 22.128629872 21.9920250784241 21.8307191783915 21.7271741347929 21.6115871400228 21.6144160068384 21.6593931403459 21.753520828 21.7981640887146 21.671268704 21.974949348 22.0449091065354 21.9574950063562 22.1168632452729 22.4031802701792
23.223160578 23.330303418 23.437446258 23.544589098 23.651731938 23.7935711977572 23.8860443090598 23.973160458 24 24 24.094588978 24.101731818 24.2 24.2 24.2 24.2124447364129 24.24106743 24.24106743 24.271554249136 24.3 24.327111640498 24.34106743 24.308089027868 24.3 24.244256425766 24.098268422 24.0052299225999 24.0494931882171 23.9727023180681 23.7733677458511 23.4396224559957 23.3525544370298 23.366133682 23.4009175991191 23.392915432 23.3288876472468 23.1099349895701 22.7091499379999 22.469755574 22.557201232 22.441184214 22.25893257 22.2221240124722 22.1 22.062554462 21.955411622 21.796537564 21.6758219374427 21.5540102173743 21.5 21.5473243729917 21.6822895738254 21.8722781912847 21.8062649392438 21.8714508062764 22.0328883954671 22.2748160040001 22.6016581005453 22.898092886
23.223160578 23.330303418 23.437446258 23.544589098 23.651731938 23.758874778 23.866017618 23.937889603665 23.9905041667847 24 24.094588978 24.101731818 24.2 24.2 24.2 24.2156939340676 24.25178973 24.25178973 24.2767297212814 24.3283835737311 24.3824004918193 24.4 24.35841126308 24.34821027 24.34821027 24.146478692 24.0353751273638 23.9190233866568 23.9665033626658 23.7352421195445 23.3813763807096 23.2732860231271 23.2981482931535 23.3290187619208 23.285772592 23.2139003749257 23.0781085693754 22.8670587893003 22.6974757242748 22.5938545192756 22.4390184443481 22.3369089623763 22.273260682 22.1672025149538 22.062554462 21.9769077994224 21.844747834 21.6325695273565 21.5494266815428 21.5129397627789 21.6161422690123 21.9459946623614 22.3642289031402 22.5777439730197 22.3437826965306 22.5312996623236 22.8252445308937 22.9906268291816 23.1532586567319
23.223160578 23.330303418 23.437446258 23.544589098 23.651731938 23.758874778 23.8294748132891 23.8851434787932 23.980303298 24 24.094588978 24.1561263128775 24.2 24.2 24.2128199673695 24.25535311 24.25535311 24.25535311 24.2784497043012 24.358874538 24.4 24.4404964559458 24.4109028699719 24.3031919517791 24.3416515881927 24.1448322765501 24.1483789214296 24.0910679651206 24.1222187050441 23.8923453344175 23.6359957819399 23.502663717693 23.4891558171487 23.4844206769337 23.400042192 23.4065556530983 23.341109622 23.32141244 23.2791816173453 22.9742612234276 22.8419429270199 22.9090760268155 22.6576799953016 22.3165538524862 22.0832817318392 22.0800341639216 21.9499741079922 21.5907892039138 21.5472061941685 21.810313593756 22.1728294783332 22.5832444531692 23.0527024075022 23.2645135671603 23.1758154866751 23.1732103232552 23.1978866511729 23.1688822150906 23.2581724349918
23.223160578 23.330303418 23.437446258 23.544589098 23.651731938 23.758874778 23.8 23.873160458 23.980303298 24 24.094588978 24.2 24.2055463018264 24.26249595 24.2711820147437 24.3 24.3 24.3278662304013 24.3301657338838 24.358874538 24.4412581875462 24.535656168 24.5323790509761 24.4594003933823 24.3672301467817 24.351715378 24.4533120661639 24.477477712449 24.401831802 24.275750853019 24.096962805392 23.898310614 23.7228277177481 23.6992900018409 23.7414908371118 23.6859777081873 23.6825651499717 23.7421378447009 23.6908698195842 23.573244362 23.4760860504626 23.4494467835608 23.1341845099999 22.5908970900185 22.3654035682343 22.6166900475793 22.2688971973216 21.7262895698506 21.8845531962626 22.3849863314388 22.9842476389869 23.1983543198683 23.4134912907233 23.5249919 23.516117962 23.4249919 23.3873584587145 23.2814337590005 23.3530789065691
23.223160578 23.330303418 23.437446258 23.544589098 23.651731938 23.758874778 23.845973870362 23.8918511902903 23.980303298 24 24.094588978 24.2012060171002 24.2723332435522 24.3111543917955 24.36963879 24.3907415564907 24.43927758 24.421764155628 24.3842936305337 24.3875138121187 24.5579647844579 24.6614899074234 24.66963879 24.66963879 24.612202219239 24.6398033080329 24.66963879 24.653621532 24.53035027999 24.2971889252847 23.9971998552947 23.8640083421058 23.8349737782017 23.9391512267482 23.9829864358083 23.8742665574435 23.9755023087911 24.096362028 24.014327872 23.938751924834 23.9062220621816 23.8688292390586 23.7504181846307 23.4082402186736 23.2299556101391 23.4185223369199 23.2797293121397 23.0605960108453 23.1893715531864 23.3637917867586 23.622975484052 23.67855516 23.5755330629402 23.66963879 23.6669445550485 23.6281236896038 23.5394476317438 23.469580038 23.53927758
23.146378948 23.253521788 23.3894164752664 23.544589098 23.651731938 23.758874778 23.8153282148124 23.8793921621679 23.980303298 24 24.094588978 24.201731818 24.3068141070693 24.392799128 24.4945645150299 24.5605991639898 24.57678163 24.5664288239708 24.55356326 24.5987680899314 24.7270185861767 24.77678163 24.8384396268723 24.85356326 24.85356326 24.8522337261869 24.7699677072066 24.683982742 24.571462504754 24.4021040574686 24.0979503765708 23.87678163 23.8887928313248 24.0629532416555 24.110764492 23.947448228384 24.1222634485964 24.3313694895767 24.3316013525569 24.2290155404628 24.1603769985175 24.2180467625022 24.1250260604781 24.0092375123751 23.9693840235614 23.9942608445811 23.955395302 23.90712652 23.9224545676402 23.93034489 23.9489898396796 23.95356326 23.764386744 23.8522340947387 23.7699680757584 23.683983222 23.5946227142022 23.607084088 23.67678163
23.123160578 23.230303418 23.3434659424387 23.460664628 23.6112232227872 23.758874778 23.8 23.873160458 23.912909180761 23.989464237852 24.1739722764649 -9999 24.392799128 24.499941968 24.607084808 24.68392447 24.7153508421426 24.76784894 24.76784894 24.826723478 24.8784615834056 24.88392447 24.964227528 24.98392447 24.98392447 24.8997216396591 24.8676022437279 24.683982742 24.576839902 24.4139625438891 24.066292418 23.7786547686632 23.9926431716987 24.3629108314373 24.2749472056486 23.9762053902114 24.140908454 24.5216679260291 24.4884660443725 24.466117602 24.3692755111466 24.3813496494663 24.344689082 24.26784894 24.2364229706949 24.18392447 24.132193252 24.133334211144 24.112444608243 23.9611266252602 23.9834690429828 23.9266118964042 23.8856644024175 23.8997217168217 23.8676031265653 23.683983222 23.6 23.6557336352735 23.7524987021136
23.214227888 23.321370728 23.428513568 23.535656408 23.6474203016525 23.7052591014069 23.7690531588387 23.8065351969157 23.8820627433299 23.987446138 24.189177956 24.4 24.4169565703123 24.607084808 24.714227648 24.8186635990491 24.919580638 24.98213462 24.98213462 24.9873936999685 25.0511875602772 25.08213462 25.0893078432317 25.09106731 25.09106731 24.9894904084948 24.882251164 24.6256367980146 24.212570662 24.0724180164876 23.7088132325336 23.2594691770212 23.6524266768976 24.28922921547 24.3311213394312 24.2714618478836 24.4320480777932 24.5044469281904 24.414344192 24.498268662 24.4 24.3854137325652 24.285772832 24.181336838074 24.1145204861716 24.10893269 24.057201472 24.067806748 24.042915792 23.862613214 23.8161058703547 23.7304199619999 23.8040043621364 23.80893269 23.7911848139999 23.592915912 23.5300235311189 23.6606049160001 23.762554702
23.2459066163947 23.428513568 23.4988803818488 23.544589098 23.651731938 23.7 23.7011816163358 23.7736408455425 23.880303298 23.987446138 -9999 24.4508349120555 24.5072436510662 24.631748306812 24.8441162906904 25.026723478 25.133866318 25.1964203 25.1964203 25.1964203 25.1976019120401 25.19821015 25.19821015 25.19821015 25.19821015 25.0930774012976 24.7578942763116 24.2428036831077 23.9504461529579 24.188196928321 24.2031516367425 24.0628269557245 23.8813366150182 23.4560798484909 23.0925392409778 23.2124599965349 23.8728317260602 24.1807102737806 23.6463035231573 23.8175990105872 24.1140848935251 24.2032930194033 24.2013753232816 24.1399369768401 24.00178985 23.9579995370836 23.9534590955893 24.058874058 24.033983102 23.853680524 23.6422694353846 23.6020145581859 23.696378108 23.7000897360575 23.5945469318207 23.5172332753979 23.621369768 23.7290549765446 23.762554702
23.423160578 23.5016221389352 23.5407947535539 23.644589098 23.7 23.7 23.7 23.7 23.780303298 23.887446138 -9999 -9999 24.5270990335553 24.821370488 24.9529134365771 25.141009158 25.285598016 25.41070598 25.41070598 25.4075544318683 25.4018190863574 25.3150910045395 25.2710451860067 25.2772440003507 25.1333660451374 25.0244117299718 24.6554175891676 24.3556698522479 24.1455821855692 23.6014292244817 23.5388272717588 23.5864446005853 23.3399092419622 22.2361680086985 21.8570637907954 22.4703277363238 23.3829835574621 23.7313953633282 23.6727142076782 23.7791177294 23.5389495665564 23.9016728267437 23.9921675202345 23.98394103 23.9505044038092 23.8970338214155 23.9489620510736 24.0503695455627 24.0268109999482 23.9254035054592 23.739394844 23.612554582 23.5003484420081 23.5000926655028 23.5058280110138 23.5418821594754 23.7272728759644 23.7983779124535 23.79464701
23.423160578 23.5265167544025 23.58750417 23.632093268 23.68750417 23.68750417 23.68750417 23.68750417 23.7778420316025 23.8983732587461 -9999 -9999 24.717749316 24.9180190173203 25.0790827675362 25.337876445215 25.499883696 25.62499166 25.6185273549618 25.5462644298182 25.4174837833493 25.082367468 24.7642027668374 24.8655334444879 23.9297655872975 23.8334337526113 24.2581707893073 23.5618544893483 22.8375285762086 22.9246764203824 23.1765416402831 23.0563030589508 22.7159126515302 22.8435043527672 23.0452051986648 22.8828875254369 22.8626284171326 23.0498621078716 23.0986457705422 23.4769560230532 23.58750417 23.6275493866386 23.7825190845482 23.5962467863725 23.6390204603131 23.7919001496585 23.8814725850582 23.8801473677982 23.87500834 23.87500834 23.734472131265 23.6016275512239 23.4101472419197 23.5140106129368 23.608873938 23.716016778 23.8 23.769697542 23.6953208992189
23.4382508185165 23.5 23.5 23.5358323921878 23.58036133 23.58036133 23.5673963478591 23.5750904009171 23.7567384256934 23.974892276 -9999 -9999 24.7212350455965 24.9681667124255 25.1659593460001 25.4045970628731 25.674892036 25.8 25.748268302 25.5938131002318 25.334551471008 24.9610041617843 24.8431455574395 24.8049309173265 24.458796988226 23.9941251482215 23.6572370246691 23.4572590361834 22.4888460366148 22.186705522006 22.4769028875409 22.9483626653605 23.5253501014177 24.1668492223068 24.3852284621248 24.349819386697 24.1629012985723 23.7167567084078 23.1488216740397 23.2245679842436 23.4070349615979 23.4478511713089 23.269110328085 22.8577952082773 22.910504812 23.3836645500001 23.712453878 23.6902865200337 23.6151543085151 23.60180665 23.6491177248847 23.4858318239999 23.366134402 23.5614025892472 23.6071312146002 23.696378108 23.7849095709523 23.769697542 23.662554702
23.5205787574869 23.5 23.5100286733309 23.52678151 23.5406361041487 23.5377954654424 23.460763892 23.499941968 23.7676914040001 24.001673786 -9999 -9999 -9999 25.1203072258286 25.2668994977625 25.460606356 25.6648634269447 25.77321849 25.735341321873 25.641125462 25.4856456946908 25.207300856 25.0034657089828 24.8217460259174 24.610822524 24.1280321164113 23.7887312897206 23.744521418 23.9194941541526 24.2435654736292 24.4591000093221 24.799201775623 24.8664900644026 24.8377955939937 24.7430839855848 24.5732733908241 24.264366748767 23.937663026 23.4152061103551 23.1686190810808 23.2289914196576 23.3674757321679 23.2073605679999 22.7847453457145 22.669437622 23.0590072736097 23.3116249206436 23.315301889192 23.010296399023 22.9765882927422 23.2104246780854 23.1309139807324 23.1699341546506 23.403462196 23.6047531491858 23.6652902629983 23.7437386325894 23.7778129978195 23.7093930444568
23.6186208475427 23.5678487 23.5925915583742 23.6036712266653 23.6353573117089 23.7010438792513 23.658151479792 23.6840386481665 23.915440572125 24.0834099081668 -9999 -9999 -9999 25.132034996 25.323160338 25.460606356 25.637446018 25.7 25.7 25.641125462 25.5115866556264 25.2714141244151 24.9318485355433 24.7489642995018 24.6071510530794 24.6052669077438 24.8211375881317 25.0123565573357 25.0831518852942 25.1236442752526 25.0872967632111 25.06607565 25.049443313744 24.975050052 24.8466818439102 24.7037940250034 24.4011218460764 24.1326911681595 24.0714575668788 24.0673030668372 23.917949044 23.7039473537377 23.444831018 22.9762142486579 22.678882369777 22.6672173417638 22.5674462567321 22.6692796665048 22.2142808356832 22.3566933055782 22.580302578 22.6593305793226 23.0124361831887 23.3712996372331 23.6916174275719 23.9356974 23.9356974 23.9254174880895 23.939218348
23.65893281 23.65893281 23.6743109359208 23.6291332935949 23.6232862127309 23.8419277729434 23.9681787706175 24.0121793242917 24.1508298580341 -9999 -9999 -9999 -9999 25.1665242496631 25.323160338 25.4481616923147 25.596378828 25.6772442010337 25.6787552452921 25.600058272 25.4540095360562 25.2837244097305 24.9528331674046 24.6713310109211 24.5245323797408 24.8479935020001 25.2337782417971 25.1523549722243 25.1083544185501 25.058940057124 24.980419842 24.8995543275275 24.9072852318534 24.9493910014625 24.986044193495 24.9137695383384 24.7874849656868 24.676823102 24.569680262 24.477249680268 24.1931847706206 24.1034683523568 23.9358938766657 23.6393241776883 23.371512064 23.0051500560888 22.5168952836585 22.2201775837021 22.1427764973377 22.645450865216 22.9418181102822 23.1085841700438 23.1842810383695 23.6761274600859 24.0636775071054 24.2147566273874 24.0958204386547 24.1535190880031 24.1323792929728
23.45536991 23.4699791969088 23.541026198 23.6019836770451 23.7016119036588 23.9162772977276 24.0978447314431 24.221370488 -9999 -9999 -9999 -9999 25.2 25.216017498 25.323160338 25.430303178 25.537446018 25.6230925561816 25.6499380062506 25.589335492 25.514019649739 25.423259842 25.2329391427054 25.0148178133191 24.7510952249664 25.0964272549069 25.282251164 25.083982742 24.9656744118061 24.807962803498 24.6516614811925 24.4713688597712 24.4373490442637 24.6532917927281 24.853213930035 24.9388503873418 24.95178997 24.9065018899555 24.8510126452624 24.6894947079999 24.3095724818761 24.4120226543658 24.2290556664897 24.158957482 23.9241065784827 23.4236719028205 22.9340013248686 22.6133991261441 22.7955247126766 23.3075461841737 23.7213769368337 23.9188630602515 24.0286722651165 24.3464231602698 24.439336092 24.2995863049576 24.0462882908573 23.9944394834447 23.8056915833994
23.46605861 23.5131358395711 23.658857738 23.766000578 23.9193370692208 24.069580518 24.2061983297314 24.328513328 -9999 -9999 -9999 -9999 25.2 25.216017498 25.323160338 25.430303178 25.537446018 25.6 25.651731698 25.641125462 25.6 25.526839782 25.419696942 25.3609579162403 25.2185329751798 25.2990415218807 25.226898294 25.028629872 24.8598675971865 24.3702648848587 23.8369541868168 23.7361108447816 23.9070648706959 24.2878000276354 24.5294332854251 24.6922446455143 24.8228412189078 24.8930508113934 24.9 24.8522608990896 24.6797763693643 24.7035546011514 24.6532389639091 24.5971764550304 24.4283029238197 24.0938651587284 23.889406717849 23.8458728872116 23.9231837405441 24.0593521613326 24.2774398119651 24.4478987674536 24.602877810514 24.5543946575745 24.4862140826349 24.3037478276954 24.0045164842678 23.5717233599998 23.2272444462461
23.84998284 23.8727130035333 23.9858399828056 24.132076228 24.2068888260501 24.247071987478 24.328513328 -9999 -9999 -9999 -9999 -9999 25.2 25.216017498 25.323160338 25.430303178 25.537446018 25.6 25.6194016060398 25.6154238125323 25.6 25.526839782 25.419696942 25.290700130358 25.1213059386069 25.0493677439653 25.0003101645374 24.8189509255615 24.3368549115908 23.5420840637777 23.1593753916522 23.3199177627966 23.6745958900296 24.0362075714574 24.3235414762296 24.546319956 24.6602340034818 24.762454238 24.8932360868069 24.9 24.8966718025478 24.86249571 24.839335852 24.76249571 24.725050172 24.6457731554086 24.6055899939808 24.58748713 24.58748713 24.6149251703028 24.6751770862694 24.7202829131585 24.7013524711725 24.4075361860423 24.0961862028837 23.7820133833906 23.6875135016191 23.6874767301964 23.7482998128467
24.1554057906908 24.20891565 24.2577311348996 24.3528149966947 24.36963855 24.3286390082851 -9999 -9999 -9999 -9999 -9999 -9999 -9999 25.285656048 25.3766703644417 25.430303178 25.5113691540321 25.5614124841728 25.6 25.6 25.5540264552128 25.457201232 25.4059802771969 25.225108204 24.9449522983935 24.5469838667547 24.2890986960646 24.2936416564533 23.3617632714061 23.036049619153 23.1331610248354 23.2934281038391 23.479892236755 23.8087064514499 24.158774314 24.3560953081405 24.4470060680643 24.6699603345384 24.823306937526 24.8315671286788 24.9 24.8888459809116 24.8233297812933 24.8 24.762554462 24.7 24.7 24.7409990403174 24.76963855 24.76963855 24.7940195770682 24.8 24.8371515246829 24.6436793810925 24.3705131432532 24.2075393519559 24.2871188375178 24.3847091969034 24.4709306208592
24.3589403442796 24.37678139 24.3854758906046 24.4 -9999 -9999 -9999 -9999 -9999 -9999 -9999 -9999 -9999 -9999 25.4 25.430303178 25.5 25.544588858 25.6 25.5547953113675 25.5078902924699 25.426839782 25.2766843917101 25.0715454239999 24.762671006 24.3149627683425 23.8321770650311 23.5673314239937 22.9534649595093 23.0606542830072 23.328454336 23.5220343013644 23.6708683434804 23.8754323532857 24.1241439278054 24.273159978 24.380302818 24.595194982293 24.717807108 24.724949948 24.82321861 24.807201592 24.7410010708944 24.7767331672681 24.7145242765694 24.7 24.6602800517557 24.7272969880818 24.7493113080807 24.72321861 24.7848760455942 24.7328581925683 24.8904330472692 24.9527589062133 24.9050651549442 24.8753279184368 24.83034417 24.83034417 24.801593149706
24.4 -9999 -9999 -9999 -9999 -9999 -9999 -9999 -9999 -9999 -9999 -9999 -9999 -9999 -9999 25.488795699198 25.5 25.5071680022577 25.51607577 25.5066112346826 25.4445954238473 25.342915552 25.088075930907 24.7104831508738 24.5393026060664 24.2942485370066 23.9337774190265 23.4340512402256 22.6519504740863 22.7297803866161 22.955270406 23.1321354316759 23.3350165335886 23.6808712785288 24.0195901907346 24.189235748 24.3637721096748 24.574891316 24.5358231607699 24.6192601200852 24.7925524144447 24.700058752 24.639235628 24.7112043779657 24.7314258794359 24.746503777094 24.648268782 24.717748116 24.7893872753164 24.7225254832135 24.7129092577434 24.8487940331804 24.9776425088031 25 25 24.9974251796073 24.98392423 24.98392423 24.946478932
