catData/variables/futureClimate2070/rcp45/MPI_ESM_LR_2070_rcp45/bio16.asc
NCOLS 409 
NROWS 350 
XLLCORNER 60.897278365 
YLLCORNER 5.843756025 
CELLSIZE 0.0892857 
NODATA_value -9999 
[rows 150 to 174 of 350, columns 168 to 223 of 409]
675.100530046089 677.85761702898 692.31981906312 708.986021828858 730.497854063064 742.271084919571 753.752537693947 769.389785894531 783.773414108317 802.295560028845 825.423439628997 844.845694114729 857.811102959697 852.619740931267 824.706042966544 790.751301762326 760.029000199626 770.058414296523 813.033811894881 863.677323700799 915.294398431231 958.585959393235 989.549982536271 1008.79581714 1026.08680547236 1041.31311598167 1056.26683564294 1060.59407451648 1060.3251987548 1049.88076940782 1045.30038129443 1031.33050670119 1020.99523619315 1012.04842105884 1004.38898674623 998.548063496587 993.579348009878 999.737465892731 1019.65208600368 1021.26751645176 1005.69466000907 998.959925933485 1016.7926170775 1040.15946335752 1052.92475907746 1062.9351467671 1067.06238741083 1074.2645780842 1075.20169948688 1076.82084288769 1080.7773126567 1083.41424849184 1080.67099802691 1079.45559861185 1080.45407539829 1071.02209725497
674.028099987684 685.15827528747 702.453118033649 723.523086360004 746.392509090386 760.066600786542 767.204357020196 779.543910829136 791.481855416922 810.054628475972 837.473684150216 861.274386675587 873.400933511914 867.4798000876 843.954264942524 811.897776472218 781.498188423142 792.908682111131 837.669132540018 889.578191880003 943.174688349671 986.597222925313 1009.20196068259 1022.22159295007 1040.21171120466 1056.06656984 1069.08254399777 1072.53434067385 1072.76692398 1068.74760697644 1063.49720067293 1049.8020002253 1029.71819350157 1020.87940906276 1017.89753395656 1024.4494859115 1020.60700348121 1016.57984861505 1013.97046907701 1010.03588832094 1006.81141816016 1010.89653951942 1026.09679149152 1047.83414240422 1052.12066858323 1065.07798869 1075.4584442 1086.15266522048 1096.19924301407 1104.79817398498 1112.25187670559 1112.98985681397 1111.49150771102 1110.82200538487 1107.99985466526 1093.70166796564
675.898981009534 691.666716915099 715.729228023425 741.486926236643 767.250876133836 779.092468270137 782.353542968593 789.7772192855 797.620041260315 818.465727007738 851.433989933893 879.82725717203 895.59088425144 895.080048865293 876.763942750806 851.10786280252 829.453051031147 836.084706483275 870.052320839015 915.503056063009 963.870305829484 1003.71800234737 1021.56016232735 1031.17587491878 1048.36633187997 1061.28876803378 1067.88065174516 1076.01039243705 1078.87429578 1082.49069393551 1078.4718693326 1058.57393144629 1042.12608316139 1028.14506377983 1029.73720647051 1029.11210201421 1024.54497609129 1015.35506568797 1007.79852711449 1008.95588522326 1008.05872028203 1026.85970844351 1049.98591769521 1054.24054444473 1055.5363631339 1073.45205970587 1088.07335558129 1101.57594902498 1116.08226344956 1127.45690276922 1138.41307874424 1142.88357974025 1140.73913957104 1139.78582424 1132.62119299833 1110.9623919546
676.40907734 694.207941509304 726.676192397641 757.243129449294 786.332073260005 797.024107445364 796.981899815129 801.217101440019 805.792595484897 827.373785065336 865.585907916008 902.321161662249 930.499023988954 939.327437872037 922.197028914203 894.145075857715 876.880102452049 885.002849786582 910.598057428118 945.650809414237 973.78703686109 1005.44790303741 1025.71742741343 1036.35249899817 1052.38119628 1065.27213823206 1072.81934320077 1076.27604613739 1063.80661910591 1066.67789208626 1073.92072747347 1059.83311630551 1049.65340882721 1040.38027919015 1027.5504717157 1020.05020074839 1017.53783649332 1011.09516885327 1003.92478010856 1005.14964231081 1004.72029327758 1027.1283549461 1035.14494830271 1036.34155184862 1063.03683281842 1088.90357015592 1108.31080146371 1126.7868291069 1143.85203720015 1154.6898455 1167.47022444492 1174.19964487494 1171.36720818017 1168.03540643413 1152.33980876797 1119.85676011239
679.693020147429 698.928129597607 737.07446309741 771.325035234638 799.750540222251 808.021604813136 808.264735900001 812.106755 817.248753244364 840.146813791337 880.033801227679 926.469696933737 974.288393216837 997.748745702093 974.287815522881 934.557338728235 918.264775291724 925.996969761274 944.857777435558 965.553239104973 985.866157741825 1009.57747719755 1035.45438094167 1046.42714350916 1063.32046182307 1077.03340390164 1059.92885929774 1028.96083926236 1017.07144436708 1024.52976703907 1033.40314129976 1039.96698652125 1039.78191174402 1035.55402133704 1026.89499079577 1019.85654131932 1018.98313014 1010.83696743542 998.360573703428 1003.50327030238 1010.06698929633 1003.04919212354 1002.22955287481 1032.378548925 1073.02490274772 1105.96261233402 1130.37633279672 1155.90869188882 1175.84705721016 1187.2611143 1199.19907718623 1205.59593481543 1202.85226130292 1194.03606600296 1167.64773781192 1136.70039781345
698.704819303389 721.705329401111 757.745062827719 792.041779535152 815.268759046459 820.153174815824 817.314561465192 818.595021778186 823.15286122 845.740821817774 883.648580282671 935.835544689238 1002.78011951738 1041.39148739079 1017.57961170013 977.91603768699 960.986745126293 958.58737462079 966.977896837611 984.840001830404 1012.78207940555 1035.35608439136 1040.67053689517 1050.85374364149 1067.63053244143 1068.46605097589 1045.43415474326 1023.31288211043 1013.36827767128 1013.01529248194 1023.51493790998 1032.93682201128 1024.69941037666 1027.84683515271 1019.74118677251 1017.76785266944 1020.23754309659 1009.56494188882 1000.33381519835 988.441927974693 979.271167827381 983.891648966532 1002.80157106543 1036.65287219181 1079.67545121922 1114.28970834983 1140.24942414008 1169.28547149171 1197.51768948456 1217.14216820134 1227.40685095299 1229.27857995109 1224.54875881351 1211.70841161698 1187.49652895031 1158.87131184
723.322175753928 750.94688931051 783.553602879996 815.326857946853 832.732570339999 830.546842791753 827.372825814319 822.235301557275 823.671186436648 840.230950796813 872.357757083657 917.728554080292 974.207568964272 1014.85295111559 1018.11919657516 1002.9598115104 989.612093049636 979.31179297571 991.995031350739 1016.4401733082 1037.90275195709 1047.53482500246 1049.49593267295 1054.53381556143 1071.81913442441 1074.14494063881 1056.13147544932 1036.72701419347 1020.40983001995 1016.10585919491 1015.38658526918 1011.04057255962 1005.26199924922 1005.29727597269 999.484971596923 991.067244733849 992.734815167714 990.859736330747 975.03415656071 965.230662299591 968.479179980003 979.375618869987 1001.13768867153 1033.52067608581 1070.32003829237 1099.75976790914 1131.63546836609 1167.00784680108 1199.38815490604 1228.46720270271 1250.55470638766 1250.90712642744 1239.44903301858 1219.65866559656 1192.48019751002 1161.65209492697
743.251347462069 774.045867845816 806.480819033424 833.533386656538 849.425146869915 846.313751673718 837.652119783848 825.935272398195 822.812088854009 831.87543535192 858.010798431104 889.323828119289 928.647774604572 969.545774197552 992.926938325768 998.436581658541 1004.66206977882 1001.77562069364 1012.22632684487 1035.99384611001 1066.20029301384 1086.60063833052 1089.69132503363 1085.71189024 1089.89630974912 1083.19749359739 1070.7676293239 1055.09568051909 1034.13775620867 1017.3356815468 1005.09517020397 995.392000376328 988.895611879998 984.750047181904 980.562329481915 972.913487096175 964.254964759999 957.522760929549 953.370933772413 953.193103204722 958.336481580002 970.61777342 993.647956820004 1023.62520181328 1054.4445417208 1085.26783445247 1125.25530016131 1167.15611312732 1205.9411069779 1240.28379541217 1262.24623836 1260.43873631248 1242.21025128254 1219.64381964611 1191.77044453647 1159.32077882
754.592359690214 786.594090223605 814.624831294222 835.29491174218 851.803143608807 848.833071992326 844.265040864242 836.01101285091 828.011835378674 833.891599645381 854.79524015039 878.854672698698 906.860684654549 940.386196382508 966.298169928982 984.29129201295 993.464127425482 1017.54386096673 1036.18025240768 1061.27522231893 1091.33033929058 1106.86660447667 1100.57317502362 1100.94672677182 1104.85913075251 1103.15094532986 1094.51827247084 1077.25731834329 1053.53566852491 1031.28284981959 1010.60908684446 991.716616084196 975.183205458472 970.034133143494 965.636280977311 958.916152779996 949.794820442132 943.610913959741 940.084618841103 939.508787641361 944.081874702173 956.009073345961 979.249239412422 1008.19521522921 1037.75729940377 1073.11807843513 1115.03055580704 1160.63992981054 1202.36108360054 1234.01037252217 1255.22702319027 1251.61634504707 1234.37561932491 1215.87808303808 1190.38630645948 1159.01896325137
763.326225303167 788.875226536489 813.937353247867 835.118709352912 842.099912181098 844.784055753042 846.250139000252 844.095887539996 835.277667728346 838.435971022145 849.650824472008 867.462858617438 889.679475752164 915.861666980004 933.810229629636 958.706147122469 969.596072200858 999.815782401252 1031.46589301474 1059.71981317176 1061.29323395723 1049.59045841231 1072.09439240538 1098.85625823373 1119.4442487247 1128.47429323808 1121.31432677916 1101.15580362523 1074.85069935737 1046.78851626585 1019.26062504593 992.958351539997 970.397888239721 960.165904662208 956.055096117651 949.784101479788 941.924864695447 935.242032119393 927.975310141112 923.955865462017 927.207050032548 937.566501853937 960.876945794358 989.044203388141 1022.2720257775 1059.49904599471 1103.70948906001 1147.38530341387 1181.50464450001 1209.64313468567 1232.32567654732 1232.94153860101 1224.69650630884 1208.28338323618 1184.64957381901 1156.22921041081
769.420993069624 787.332739674098 810.115107097119 834.00544595899 835.529091430834 838.990750586615 844.318703438626 834.502204515445 822.009163682077 820.296050980823 830.906273749478 848.797014253742 871.735326208844 896.696698800598 912.883977424885 932.201724674444 950.755574976607 980.103248137606 1007.94263001693 1026.96817190915 1038.77552254562 1059.78714100262 1086.08187359206 1112.58406303587 1137.29457043853 1153.86470711819 1146.87795325164 1122.06728142 1093.67954361507 1064.27102656845 1038.84402547532 1003.8268976839 1004.36785577829 983.229927108285 967.467244311399 951.860373119998 945.679220890172 935.197311794983 919.227204671881 907.098772418566 905.844365513581 915.240075307136 938.301296205337 967.420682587276 1005.58685616915 1047.30586936569 1090.69127616001 1134.24982374 1167.28285542831 1192.28276439827 1212.0858067651 1216.02747192244 1210.64266305459 1197.2337634535 1177.68152286301 1151.23415325543
774.501622489585 787.730360570483 801.15469217649 819.509884723221 833.335540591709 834.037270835713 825.724764671932 810.074364489109 802.509283838999 812.687898774463 831.775621840005 852.133630499914 874.537945711883 895.644324252593 914.677247224467 933.534430970549 957.893133020807 983.068102828979 1002.37072624859 1018.60107051748 1044.47276001212 1069.61611405504 1091.4950567407 1121.43405390795 1149.52388279217 1166.33890347699 1161.38189055759 1137.31735882 1110.77934073538 1085.15089958596 1063.7670397107 1013.75145879665 1061.57444975094 1045.17847398968 996.188113612778 954.326808775848 945.369324722129 931.827483017129 912.919603440544 896.398272602562 886.586852441778 892.859896284824 920.954971186148 952.477541367002 992.068544339999 1038.27291052227 1083.77915140819 1126.78655194224 1160.03125246225 1179.35127525749 1194.65792835718 1205.1350219676 1206.07120943493 1196.3373381969 1176.78320411492 1148.85237577944
773.560632489387 771.574662431095 769.015630214485 770.631993558818 798.680625946944 801.717964918965 794.860568704817 796.530017534582 802.719008883405 818.559488582828 839.933277148377 862.148734180004 884.966998670675 907.604642530332 930.008799777969 953.29949455664 979.209703208656 1003.82181065425 1021.24448601647 1035.32928304713 1054.39020289985 1077.30561705773 1092.06502848477 1114.05645441791 1150.71682024364 1172.18184545438 1194.89389770798 1215.23165134379 1188.93835739632 1109.53737825372 1072.99789170769 1013.28281426361 1044.98317486226 1071.36546123137 1008.7070108897 952.91654090499 935.55070462847 918.529630512336 903.221837797905 888.589922788311 877.31829884972 883.50370060643 913.879699694438 948.464406060011 987.969358065438 1032.81503235813 1078.71341587068 1122.01624203585 1156.00252321765 1175.96137937705 1189.40037077846 1202.9408445 1207.44749754 1198.21879559006 1176.94437774047 1147.42164622792
747.445644203357 734.595158909078 724.137630024978 726.819861941987 747.227951953002 761.974606427032 774.778529710987 794.154049990949 810.22412162 828.193953752229 852.685886346263 878.197654057167 901.675332926797 926.273531082106 954.119206294289 981.346723831372 1008.1458753 1031.54790118406 1041.0121868074 1049.27805424 1062.47491120631 1070.75637450698 1072.86691668577 1083.29253870641 1124.73636149383 1168.82895128434 1246.89749601946 1421.61563677649 1421.35781463873 1175.75687166745 1094.80740587052 1052.03812489901 1077.91528529554 1110.35617630756 1025.5022712837 944.386396880721 922.15725191625 900.605502558622 888.583072927687 879.979117512627 877.797771480182 887.364537477494 915.044789850467 950.918437754936 991.782227778663 1036.85978660039 1084.35962489761 1127.55464855393 1159.20126424001 1181.34957397836 1196.67734673551 1208.80716822405 1212.39364364 1202.14534152518 1179.45134943221 1146.40305807695
701.827714700966 695.704373586585 699.652338169365 711.385110200002 727.833671377118 747.817910171411 767.052021217134 794.056775919997 815.409696533005 840.730932185832 870.906502028731 900.982637875817 924.6623309285 948.292291301293 979.794296380215 1009.28127122721 1033.90644478259 1051.91169603052 1061.06872123213 1059.97914516914 1052.56103682325 1033.74420519939 1029.01332987076 1045.44215577282 1077.13334880261 1113.31445328598 1181.22621392292 1398.45727096899 1368.73823765779 1161.83719062495 1128.64735652724 1218.15752731762 1223.27003058006 1158.86353671273 1032.61194173924 942.235243559047 895.799390385299 873.420774424983 870.677673226373 875.289529761972 884.844004119745 901.884322330272 928.731775149758 963.96475893782 1004.90201859091 1053.0603835851 1102.70671486117 1143.90363189601 1171.89169734057 1193.27576896 1209.75825519255 1219.50602004162 1219.34860503127 1202.96632368994 1177.98397712813 1142.87353595361
663.28732627346 667.969252720229 688.985948345924 701.004228757011 718.080090339036 738.044961095849 761.092119554883 790.668890840006 814.889266006345 851.53505040802 893.87254802479 933.084703363388 959.309517320007 980.333020184686 1012.17696014 1038.02468318893 1052.76156293358 1057.71123508915 1057.82846142507 1049.96676264946 1038.61595171449 998.8574291704 979.060184622459 998.011844318835 1031.37335752011 1084.13881064283 1157.55678225933 1269.29923160844 1259.80625459204 1306.65677805521 1322.07699182953 1288.10099457919 1202.74411241644 1101.00031832339 979.665528855359 917.761302085037 865.592901174809 847.457451052876 860.702763950229 879.845125297267 900.759114147624 926.881378036446 954.924762537419 987.13597285182 1028.27757847908 1076.61619189811 1131.44092420001 1170.71740540037 1188.715279929 1204.62980419693 1221.9787473808 1231.38377595613 1225.43671626649 1197.88082987007 1170.65513475721 1135.30601130444
648.738895245633 659.248300646019 681.438559348757 695.973526780003 713.43013102484 734.804477596658 759.879770427876 787.08117887548 816.464243056275 864.84915094575 921.281541776048 975.313153945557 1016.52230731512 1043.26137207193 1061.91445855021 1070.49087175554 1066.70687435908 1059.25376132234 1042.363202 1032.83303702324 1020.45354767999 973.732838945593 937.511004567153 938.624340672589 965.537621967629 1041.18312103176 1131.01315357538 1207.30994686789 1237.06466099752 1282.90889155888 1239.81270641331 1164.23394283282 1071.24339094274 991.314145421924 913.992852126974 869.760367909182 845.01291459884 842.060354723652 862.513158811435 891.90152383174 926.407333603869 958.910877590252 981.899467885664 1011.89318430001 1052.76853156547 1103.11652549568 1158.36370827277 1189.65272748453 1199.04346554873 1215.20230708936 1232.5347936134 1243.76319449685 1233.26867532226 1195.3582008524 1159.71611946694 1122.54878562236
651.077707479657 664.89131676788 681.814530127474 697.751125335352 712.700313545661 734.651134002857 763.828992446795 789.135562052742 819.829941582271 874.620730524936 947.021719817987 1018.4536638388 1075.12587399722 1103.86210141244 1105.34318549846 1096.74279607698 1072.8223683778 1055.37044809582 1029.35963421888 1010.89248522279 982.832173218682 956.68842703899 933.805659878395 904.049074574194 910.254207921452 944.827271302509 978.302003041875 1017.20327710833 1085.72880351015 1097.53572876767 1091.79725784103 1096.75047317952 1014.14545060567 948.093866112605 886.397524216446 846.734515886157 835.440250414407 843.2740252031 868.109344668251 906.643277486543 956.682194285135 991.680519114317 1007.27190854914 1034.22904281322 1072.29257112142 1123.19878234567 1179.3783782625 1213.24426472834 1216.58032396361 1226.09036271896 1238.20423405849 1249.90450167703 1242.68428515712 1207.99143317221 1155.39221769374 1107.3299331461
662.580630238717 678.751904898916 687.185153707718 703.657552052361 717.217678849055 747.721520165072 774.364804008817 799.877097094588 835.830029628806 897.127017195691 974.001541541031 1049.07036850348 1104.66899386446 1126.89754268133 1124.12825974 1109.94509496682 1075.67686505401 1055.57098722743 1032.0293031975 983.969419986232 958.455531820317 953.897091704533 938.759957370284 895.950104323531 912.181569007957 981.366340582628 1015.71496371381 1013.36985318385 1010.06957429438 988.090651214111 976.071135027721 1000.05561613768 946.30254751576 900.208518190048 866.716873518813 845.531010825511 833.00642841948 843.570232505352 870.446649968916 916.836110337912 972.857681334718 1010.39563311145 1025.6009554 1048.86994367176 1085.11820761548 1133.26706318094 1193.03567501546 1236.35905059452 1246.02093795355 1241.99449777522 1236.26424666162 1233.47308644856 1229.56587622 1196.95227413324 1147.7118776817 1094.45539971618
668.591391206153 688.706881641867 695.585256279358 710.168035477125 728.029542508976 754.739502483013 781.601925374641 814.657764525561 860.546583353363 924.95893551154 998.835258298213 1069.5824871619 1117.90216624074 1138.5918643545 1138.5479042381 1115.18583984702 1068.62204442042 1021.80372007333 972.978500558597 938.543748319294 925.41195569364 928.432702642583 942.074680962807 946.542453821538 957.196460414936 938.851698836579 914.732831374319 903.927571259576 899.519908720896 914.807469269744 885.321349229235 926.031363448147 913.469888337065 877.844041351607 850.331424039993 834.773812466077 831.643530138501 841.828317627871 865.643871326374 911.721526760007 966.150927716879 1007.94349205215 1029.79785731168 1053.05633782928 1088.12299717049 1131.12498130148 1196.65589132955 1245.82281005313 1248.22790431215 1238.78105156342 1236.12564290427 1225.53426381032 1202.50004948136 1172.92921504554 1124.44204139596 1070.30506041224
659.469502620602 685.51689678482 704.946871959271 719.968217634804 734.679231479731 751.674121136728 777.892322164633 820.872758232806 878.420764931721 944.605397002968 1017.9094264816 1084.90784725542 1133.72388173958 1149.58164647716 1129.84802786491 1093.83533478562 1038.97480060881 984.297425667209 920.962522029989 876.432266149026 867.007956018554 885.983676023928 914.565530963184 924.067758327886 910.210380370713 876.961314601167 854.168644672692 854.544588001186 866.709247840003 861.540358243597 832.424804937366 849.198644902984 859.205830223879 855.416955209819 843.651999415068 838.847935309649 837.264126377325 844.213796988742 867.465561430725 904.050725441886 943.290669040874 977.842971200003 1012.52383545286 1036.76391524848 1061.33087800809 1111.48934044653 1186.15429392502 1259.1024708168 1294.05639185494 1268.29693032039 1230.7653892142 1217.37615329598 1192.7019635216 1158.05509023146 1099.70718442486 1043.5102892807
647.856149376753 674.330732835531 701.495372063211 714.018183666322 723.322925128277 740.109489340003 774.625648680254 828.435224796393 891.512667450295 959.300965674744 1031.97841635456 1099.66150583106 1123.49651439289 1121.83088945497 1105.16563375922 1066.81827920506 1022.9754251407 957.067957580954 885.507983283828 835.631029179188 812.873831638579 813.979085432728 842.953032768798 843.46372535215 824.850244269546 802.678110284394 791.218083740956 798.777670654909 812.138354447798 811.113057155331 807.90639034974 812.610315070832 813.081494903716 825.770039195924 824.389132910283 838.125551769177 838.940806152043 841.240846360556 855.488367691178 871.324658213047 891.614147980008 919.327182022158 954.279887430626 970.073404477647 1015.47711807748 1080.47498674002 1164.84505076214 1254.25615585718 1304.8573604529 1286.31053263022 1255.01022100489 1229.44580228855 1190.72152183929 1154.13451385713 1085.32620175539 1024.24930954413
644.936306946918 670.521355480011 695.337998593893 707.056035936351 724.023972763997 745.073857940003 778.551979972396 828.885102253592 894.616388944855 967.679712005395 1036.71272997486 1079.56710533501 1092.52639801947 1097.46267057718 1096.23651142783 1084.86981119287 1046.37756934719 986.212778318887 894.872983289202 845.437909394918 803.614412899991 766.628379210642 759.39221387305 758.235212173332 758.955422770924 755.534516444073 750.346369705692 756.664600967224 764.640813341758 776.163676892224 789.179650775817 800.680745339377 802.840069005974 803.371722595522 808.365031540006 825.594587841487 832.809016824782 837.504389180617 846.769317728338 856.341527834324 875.081682999688 892.41722087519 911.834292528284 945.049163906555 998.808598491424 1072.75481361426 1154.30511297984 1227.82193944777 1282.68540056155 1303.56943696446 1300.66508178 1250.43401405987 1191.58515692166 1154.19601457299 1077.63372465476 1015.7183066605
664.021486307014 684.316259276064 702.397020283213 708.556946916322 719.684593226651 742.931841140002 775.541419274115 821.04487011626 878.986152265182 937.562883741775 991.306577288627 1034.85547736911 1067.27934344178 1091.95734803455 1117.05414795719 1157.2635709489 1146.67747504479 1080.68090837632 995.23557650493 888.681362431455 799.584400788047 761.626983626631 724.48122930897 715.869729687019 732.641519185104 740.709396348732 737.660809726479 740.423185399804 750.618169635942 765.146353355556 779.478471092239 790.105203011019 799.924060679583 798.31514158396 804.883603240006 820.408737185857 825.60829989803 836.71143129291 850.398881554239 860.358487427116 875.739016208738 887.817872696706 899.057833029566 925.197626268321 985.277708006375 1065.10169741716 1136.65866811746 1196.87939102 1261.78479144099 1332.82292446774 1378.20463037667 1324.83294675673 1231.58264768043 1155.36115538308 1071.06179366369 1006.28575425419
697.040876907605 707.265228657262 705.209124494622 702.985686678796 704.000560709975 716.534606692078 746.612295211795 788.129847281798 833.790201442391 880.774875218985 932.025230276141 972.176681374633 1002.53918249193 1037.68689871989 1095.5693576274 1199.54673384389 1228.28918979697 1185.43186766029 1079.49357271867 897.992026800849 798.913057559777 765.980109308722 705.298705914705 690.2082825102 713.045580573323 724.715901770383 729.267732004971 739.999171797762 749.07417891303 759.949813487027 774.849223808659 785.097117430925 792.298886501018 788.411985310094 789.147682877436 801.618572127364 808.916053006912 835.622683806055 868.384363163711 887.921977672404 897.27223481187 900.7587019074 903.026680397204 917.120171108126 981.854080497901 1069.3727463171 1124.3199101139 1167.84533502716 1238.78344516389 1332.44074084829 1402.90342508787 1393.56871308857 1290.09163129502 1155.54592156604 1062.45517388901 988.508918433373
