catData/variables/futureClimate2070/rcp45/MPI_ESM_LR_2070_rcp45/bio16.asc
NCOLS 409 
NROWS 350 
XLLCORNER 60.897278365 
YLLCORNER 5.843756025 
CELLSIZE 0.0892857 
NODATA_value -9999 
[rows 50 to 74 of 350, columns 56 to 111 of 409]
-9999 -9999 -9999 -9999 -9999 -9999 -9999 -9999 -9999 -9999 -9999 -9999 -9999 -9999 -9999 -9999 -9999 -9999 -9999 -9999 -9999 -9999 -9999 -9999 -9999 -9999 -9999 -9999 -9999 -9999 -9999 -9999 -9999 -9999 -9999 -9999 -9999 -9999 -9999 104.340591002502 112.930173893687 123.306497171314 134.030377800002 145.619127980001 156.948803887891 165.188500163782 168.169139416047 173.2585831205 178.167360962029 172.287202210943 155.473472448768 145.061362077815 140.94809770103 140 140.318286551329 141.94533586
-9999 -9999 -9999 -9999 -9999 -9999 -9999 -9999 -9999 -9999 -9999 -9999 -9999 -9999 -9999 -9999 -9999 -9999 -9999 -9999 -9999 -9999 -9999 -9999 -9999 -9999 -9999 -9999 -9999 -9999 -9999 -9999 -9999 -9999 -9999 -9999 -9999 -9999 96.849361449928 104.399055165431 113.261990780001 123.58448442 133.585855995972 144.581516663722 153.257444285891 155.44717402 154.377347342781 154.123263420001 156.733929107608 151.49051118046 142.976616168074 139.007013917068 139.310541272124 139.674097161236 140.472070331013 142.868195223261
-9999 -9999 -9999 -9999 -9999 -9999 -9999 -9999 -9999 -9999 -9999 -9999 -9999 -9999 -9999 -9999 -9999 -9999 -9999 -9999 -9999 -9999 -9999 -9999 -9999 -9999 -9999 -9999 -9999 -9999 -9999 -9999 -9999 -9999 -9999 -9999 -9999 85.3762208150814 95.6516725130106 102.74523770621 111.599434329356 121.70954832 131.854285427798 139.762090718149 145.709352615055 147.23280482 145.8063709 141.590520067988 143.14358352 139.723608715641 132.361321816396 130.974695044971 134.138400306454 137.501159230606 140.520573561393 145.648754757085
-9999 -9999 -9999 -9999 -9999 -9999 -9999 -9999 -9999 -9999 -9999 -9999 -9999 -9999 -9999 -9999 -9999 -9999 -9999 -9999 -9999 -9999 -9999 -9999 -9999 -9999 -9999 -9999 -9999 -9999 -9999 -9999 -9999 -9999 -9999 -9999 -9999 83.4520257129491 92.3855110080467 99.8533056568555 108.289486156487 117.289358053342 128.107583511563 136.413655869386 136.763244189092 140.180210397591 142.859836 137.682920327521 133.87454785806 130.87785731523 127.87331687232 127.263809712975 127.842592477693 130.373734114522 142.18885227646 143.01207604965
-9999 -9999 -9999 -9999 -9999 -9999 -9999 -9999 -9999 -9999 -9999 -9999 -9999 -9999 -9999 -9999 -9999 -9999 -9999 -9999 -9999 -9999 -9999 -9999 -9999 -9999 -9999 -9999 -9999 -9999 -9999 -9999 -9999 -9999 -9999 -9999 -9999 83.0130620200011 92.4157090008252 100.65693906 107.296387661394 113.399772577709 120.062468088051 129.660266793108 136.008838075598 137.913699312872 132.438088679524 126.136347427331 123.982494425389 122.949289571768 123.735877510302 124.25060012 122.902057444786 122.570883173494 126.075986628666 127.379793909377
-9999 -9999 -9999 -9999 -9999 -9999 -9999 -9999 -9999 -9999 -9999 -9999 -9999 -9999 -9999 -9999 -9999 -9999 -9999 -9999 -9999 -9999 -9999 -9999 -9999 -9999 -9999 -9999 -9999 -9999 -9999 -9999 -9999 -9999 -9999 -9999 -9999 81.7995738886846 90.5432183111294 99.0975951464261 106.176443163981 109.976742975394 113.310212061821 120.507354710066 126.632216017401 126.155337215263 120.370294927927 116.260142126864 116.282305288838 117.361044741974 118.763324480944 118.892745437083 118.637375929275 116.999857983422 115.9644166 116.317203558094
-9999 -9999 -9999 -9999 -9999 -9999 -9999 -9999 -9999 -9999 -9999 -9999 -9999 -9999 -9999 -9999 -9999 -9999 -9999 -9999 -9999 -9999 -9999 -9999 -9999 -9999 -9999 -9999 -9999 -9999 -9999 -9999 -9999 -9999 -9999 -9999 -9999 81.567166240001 88.7252239980108 95.9779437400001 103.830230715093 106.309292102052 112.422945754277 114.457368242845 123.572413653089 129.298659377504 119.474861581619 114.562376523215 112.710455066143 114.232742399951 114.698253173906 114.049708096639 112.5358462 111.305765915549 109.845318950569 109.5358462
-9999 -9999 -9999 -9999 -9999 -9999 -9999 -9999 -9999 -9999 -9999 -9999 -9999 -9999 -9999 -9999 -9999 -9999 -9999 -9999 -9999 -9999 -9999 -9999 -9999 -9999 -9999 -9999 -9999 -9999 -9999 -9999 -9999 -9999 -9999 -9999 -9999 -9999 89.0946956857889 94.3792369560145 101.323282166205 109.065459614885 115.757545686761 118.664024773656 135.801410476287 136.61654881378 121.956307337258 119.978462661064 109.816573396398 109.0893965 109.096091671717 109.083359015473 108.545565471301 106.89401684 105.41133862 105.0715172
-9999 -9999 -9999 -9999 -9999 -9999 -9999 -9999 -9999 -9999 -9999 -9999 -9999 -9999 -9999 -9999 -9999 -9999 -9999 -9999 -9999 -9999 -9999 -9999 -9999 -9999 -9999 -9999 -9999 -9999 -9999 -9999 -9999 -9999 -9999 -9999 -9999 84.9076539331389 91.8317548830113 98.0508611 105.459250234633 115.216874009196 117.197775571925 125.251532858437 140.160945268915 133.356420320091 119.786631553909 114.82519244 108.458429720817 106.552543456126 105.87284953734 105.39345932 103.832411255729 102.272624577736 100.51899554 99.0685688246674
-9999 -9999 -9999 -9999 -9999 -9999 -9999 -9999 -9999 -9999 -9999 -9999 -9999 -9999 -9999 -9999 -9999 -9999 -9999 -9999 -9999 -9999 -9999 -9999 -9999 82.0573611855128 79.0594884967475 75.7472721375299 73.1685801859038 70.0173503630426 66.7873765599998 -9999 -9999 -9999 -9999 -9999 81.136604150953 89.4842923207764 95.6769500400002 100.142321225567 108.521733726289 113.579002605156 118.064276044901 132.226258700925 139.327482820512 144.01331490273 122.712255480842 113.583884513819 107.140653157368 103.837149745823 103.37558002 102.30415162 101.23272322 99.4989641143786 97.3047103399998 95.1618535399999
-9999 -9999 -9999 -9999 -9999 -9999 -9999 -9999 -9999 -9999 -9999 -9999 -9999 -9999 -9999 -9999 -9999 -9999 -9999 -9999 -9999 -9999 -9999 86.2694936599996 82.953602467461 80.23327234 78.75059892 74.7527233999998 71.0016617599998 67.0846587684763 63.9552770076641 62.8035941 -9999 -9999 70.1547170711722 77.8127881180103 85.5060604916326 93.0012417960462 96.8567891034942 102.353002140704 108.554125061381 115.069852877455 125.604608189577 134.435596500283 137.28460096 148.603990058087 126.829733405334 112.470029906147 108.304996093919 102.851702531089 101.306270351415 100.182548538794 98.8934605200001 96.8757997779557 94.3535739718343 92.14397424
-9999 -9999 -9999 -9999 -9999 -9999 -9999 -9999 -9999 -9999 -9999 -9999 -9999 -9999 -9999 -9999 -9999 -9999 -9999 -9999 -9999 91.0449180641165 88.0667481313975 84.5138979869112 80.9306936799996 77.6648012620601 75.718342813092 71.9303396579358 68.3230451599997 64.8745472800034 63.0792247510208 62 62.2012788665389 65.3147319441061 72.1931663800008 79.5092357676766 88.353437360001 94.2210881805466 99.1752822800002 106.308293434588 111.24837724 118.512609512332 131.773664291604 136.447475797194 139.383983898124 155.02363956222 132.651315119999 117.43061808 112.156439145234 103.963665638885 99.6318711342072 98.3655023426137 96.3441217031789 95.1434155199998 92.5748114921505 90.3930163267268
-9999 -9999 -9999 -9999 -9999 -9999 -9999 -9999 -9999 -9999 -9999 -9999 -9999 -9999 -9999 -9999 -9999 -9999 -9999 95.9496101662184 93.3837387049494 90.4301385599997 87.0888097313688 83.9569270195278 80.7669405923122 77.4334776641531 74.1347369640056 70.3087474843305 67.184795639675 62.5695138369675 62.3031194633566 62.3275069896053 62.1076637222285 67.8147394233646 74.9896120492815 81.3631162251206 88.5120169456003 95.497244247518 102.10394508 108.143504689923 113.215704767054 121.515991752792 131.775725134558 136.005250182715 141.389642349126 150.090706961932 135.640197985614 120.766091156759 113.976314296488 104.902572404988 98.7107137196593 97.2148439199999 95.6260937399999 93.6725051686151 91.0134194825987 89.7517930406263
-9999 -9999 -9999 -9999 -9999 -9999 -9999 -9999 -9999 -9999 -9999 -9999 -9999 -9999 -9999 -9999 -9999 -9999 -9999 95.1847201386368 93.4416526504691 90.6801847599997 87.245221185865 83.4791790459673 80.0373291599998 77.4117989399999 73.9485753799995 68.9312499999997 64.9938241753946 60.5469699721421 61.3343684512029 61.7830835955911 63.3321972573885 71.2116020000004 76.7589848077444 83.6563851400005 91.0175063193816 96.4126043283742 102.51463618 109.426797469416 116.582209707125 124.67425724 132.729520343163 137.004956592131 141.532176637823 145.641768920518 140.019936966848 123.003793149861 112.652945078212 104.629799440858 98.4659139599997 95.960291077285 94.3564336908822 92.064852819049 90.0686919527833 89.1581663953839
-9999 -9999 -9999 -9999 -9999 -9999 -9999 -9999 -9999 -9999 -9999 -9999 -9999 -9999 -9999 -9999 -9999 -9999 -9999 -9999 92.0821328282219 89.4626542013947 86.0928908430987 82.7342877799994 78.7164875279134 75.5744007834198 71.9129079799995 67.2483069055674 62.7948827601226 60.2510628399998 61.8917939600001 61.5413383035438 67.3326308958903 72.360257352531 78.4738490829766 85.4681283354462 91.7007772180364 97.3724692305065 104.567008229999 112.354649540507 119.725730503988 126.370460446077 133.176669418926 138.397092202532 139.943959716075 143.980570874176 147.143248790949 126.524201139999 114.936764059937 107.055048935568 98.7813529532242 95.1082132399998 93.2332673020873 91.3403801399997 89.8340932738005 89.1293975086059
-9999 -9999 -9999 -9999 -9999 -9999 -9999 -9999 -9999 -9999 102.461925219024 103.155756168691 102.67917052 101.686094925898 -9999 -9999 -9999 97.4099408075383 95.1713493541017 93.0545681978715 90.640178141308 88.4020344995117 85.0437734796675 81.9096853811523 78.2170587219729 74.4613788772063 71.0901527272275 67.9906130088684 66.1386346757639 62.6737174017748 62.0115884124186 64.1822767968536 68.8601018456086 74.0681888800006 80.368551729824 86.2364893909976 92.7684713436361 99.8418127147251 107.245689240001 115.554266614279 122.551026969803 128.289947091839 135.195906186522 139.08329478488 139.97005005838 147.586338641599 147.769680780041 128.454056178316 116.185009241661 109.137379462482 100.099473716697 95.1082132399998 92.96535644 91.1484010657634 89.8226669668319 88.71484512
-9999 -9999 -9999 -9999 -9999 -9999 -9999 -9999 -9999 101.92912312 101.3750237 101.3750237 101.127438386097 101 100.19695742 98.579005382462 98.0202890146847 96.3446992636629 94.4807496110213 92.7797424061255 91.0169977167272 88.4696632208384 85.8925085224337 82.2872817599995 78.7496797081396 74.6449800799998 71.2670342738458 67.5400800700974 64.492570478209 61.2674131127838 60.1656509294832 64.4594836956663 69.837944289036 76.9361320461828 83.6579581000006 88.9393547190479 95.0116584023779 102.411803789541 109.690206988083 117.95997324 124.963454966211 131.26458518 137.191275999497 139.452364322349 138.797385795605 144.870788576109 143.360446114553 128.633049611195 117.618116183068 108.837085160533 100.378745139999 95.1082132399998 92.3187287360523 90.5292521291207 89.4672625062676 88.26839302
-9999 -9999 -9999 -9999 -9999 -9999 -9999 -9999 -9999 100.471817279645 100.663865633118 101 100.540243519935 100.3035953 99.5005527199999 98.1636390404854 97.341271226041 94.5898628199998 93.4296782399997 91.3354527256205 89.0546505921463 85.4892609373467 82.3236926799999 78.794402848273 75.8089388417466 72.6793847504406 69.6266404599996 64.4396338178322 60.2578661356405 57.8582534399997 60.2420990103514 64.8244879321237 72.586873460931 78.4830250909757 83.7652435000007 89.6634975998213 97.014081060001 104.824603776903 113.070750350376 120.675619312302 127.353895280001 133.272969469204 139.830072168541 141.354697922257 139.50102024 147.86957372469 146.69164167449 134.991784211993 119.490383325551 112.05773086 102.817651951769 94.873051203407 91.9789647560174 90.5727926150441 88.8800699540485 88.0814828594248
-9999 -9999 -9999 -9999 -9999 -9999 -9999 -9999 98.7964863355006 99.5745441246333 100.120106665567 100.2321669 100.078893614033 99.4382424161666 98.4291243199998 97.3576959199998 95.5599746667666 93.2148391199998 92.1228044728334 90.9256208852672 89.6092142799994 85.393856857766 81.26995398 76.5065352126642 71.3500800167319 67.079193417132 64.1515288112334 61.2503536841354 59.9050157525018 58.6903418606339 63.0455451304343 65.0986940392987 71.2765657800688 78.1188819796688 84.103724269635 90.9599780400007 99.156937860001 107.102832440001 115.277041011166 122.752412298635 130.003660888435 136.523300098235 141.842799895898 143.439277177835 143.096455375269 151.548967357435 151.232151891061 138.012501996277 125.038954373165 117.019298376826 104.936244926434 95.6214559075297 91.2055664279301 89.7388953158347 88.4187167056349 88
-9999 -9999 -9999 -9999 -9999 -9999 89.0345679087591 94.0552637478951 96.4822155000001 96.9281160800003 97.9163897957483 97.8273555981251 97.4822155000001 96.75060132 95.67917292 93.8738346936186 92.5450121725081 92.1579532586345 91.9112438199999 90.1933794946743 85.2323629370139 81.5915269799997 76.9915353107327 70.9148167446051 64.9727088815205 60.1152916923527 55.1426032586781 53.3721886398012 53.9598687060274 56.9202399807688 60.4632520634398 63.4226444244078 69.7075273294671 76.5514395533208 84.5840453227876 92.2635733400006 101.089085270081 109.710727578834 118.168132794587 126.47831406 132.870183900908 138.454167694327 143.725371311801 145.55298918 146.472375904053 151.236215520718 154.661959025223 143.549374972702 129.578637262881 119.230393590628 105.255350199999 95.5045251930604 89.6919266869345 87.7327268199999 86.66129842 85.7074674285548
-9999 -9999 -9999 -9999 -9999 84.6366210152024 90.068766800001 93.4399266914807 92.3572403999999 92.3970638253897 92.4927532029365 91.9471032199997 91.5358605999998 91.4705200644226 90.6435079199997 90.2903523186581 91.0448729435644 91.9842197657644 90.5964071365564 85.0123885574252 81.7840189615945 79.5184081280959 76.4686769465012 71.1954776089535 63.3964530229615 55.2518089722781 52.7529676178832 52.9106899 53.7137300800001 56.612194516327 60.6991097661267 64.925332080001 71.4347296510335 78.8676508465147 86.6535792759403 95.1563815400007 103.761252459156 112.754795826598 121.827555314249 128.78099570359 136.015255251975 141.634537226889 146.015940204437 149.288581016036 150.58865418 154.729374500001 159.248122106885 151.480645429527 129.936211329716 120.475567869155 107.991317798481 94.0175437576422 88.5373447599999 85.9643910774504 84.5184416199998 82.7807461325444
-9999 -9999 -9999 -9999 78.6197229057011 85.9403757644796 91.2124186869624 91.4296758399997 88.9324354575432 86.6514813804011 86.1072901999999 86.0967622171579 86.0894084999999 86.0894084999999 88.4410971739892 89.8767156522771 90.0169142889433 89.0363173199997 87.8697842944641 85.6588847673959 83.7284819861754 82.0426496550445 78.834131103735 75.5847401075437 69.7448464812939 59.440635079703 54.9581601011462 55.6827659176337 55.1720341671733 56.7466924448072 60.7835879200002 66.086070580001 72.6905614715329 81.2428297103126 89.7992395400012 98.3706667400007 106.942093940001 115.083572109139 123.120711740001 131.660555248971 138.913169396461 144.60920108055 149.947184119331 152.693042501891 150.176327972445 155.086614900001 159.64499448 151.841054293543 128.406223044015 119.682854047637 107.519888917401 95.0734210466116 86.9578451728733 83.8582630399996 81.7272113553138 80.3089557434657
-9999 -9999 -9999 -9999 78.7940744909457 87.561468767514 89.8593516799993 86.1959526343744 84.5049912189616 83.922576795413 83.9206078596934 83.9464533 84.6419898499061 86.4632283600002 88.5200845997633 88.9397316352248 88.9464533 87.9300533654372 86.9952473994564 86.9378759443501 86.2104697707557 82.7342877799996 78.8029923390313 74.6634156999993 68.7889471199995 63.0437093588624 60.4640646027875 60.8530764834999 61.2360938548191 62.9698457532874 66.05187774 70.3172113630756 76.688410307969 83.3885508400006 91.7531714244891 99.9253108826502 109.550898012458 118.781353040001 127.35278024 135.33545486 142.870804172882 148.9257804 153.479884620001 156.110315416401 156.425476433307 154.53388924 157.088896031844 149.849951099999 129.82343403373 116.109180817676 108.365000020277 98.9442485790492 85.8406675716856 81.7154062399997 78.9123708599998 77.1221244805241
-9999 -9999 -9999 -9999 79.0517161027672 86.060090060779 85.5355014458302 82.5227518734196 82.2808727837146 82.415602159151 82.6466354620168 83.1027901751175 84.1553579922521 86.3047117153071 86.8750249 87.6402087818275 87.8682636696054 86.9956689179234 86.6723859324709 85.734859403904 84.5946657506733 82.0756573067693 77.8770461800001 73.1454343999994 67.2063128789314 62.9988605274989 62.867664963934 63.3413834553668 65.4829657596017 66.8744685800001 69.8376909400002 74.0866269000008 79.4770449375931 85.6764015239645 94.5843956200014 103.96208456683 113.322750201739 123.067066640001 131.638493840001 139.768327285122 147.866286072014 154.249380255427 159.03774607372 163.154117423416 164.688983349725 163.788829893054 165.001533715543 151.706402872187 132.565073527261 119.461892079332 110.722827850067 98.3505630097533 84.7967734188121 79.5503663147585 76.727044844053 74.2868358399999
-9999 -9999 -9999 -9999 80.7499874253985 83.8433108482116 81.6629612625716 81.3208907028644 81.3798161136093 81.5334770145642 83.4435747730296 83.6609462601655 83.7779767870535 86.0858803687969 86.6278936266389 86.2457121777591 86.3991910844807 85.9901334132783 84.463085573196 84.968539187842 84.7581069000826 83.8171056353534 80.4285737045638 75.5741055999993 69.2839151909545 64.6962692148576 65.1059807600002 66.51722578 66.7856139999999 67.66008258 70.2517499849772 74.4862394305425 80.5130757930309 89.4236571200007 99.0665127200012 108.590332487384 118.032963624069 127.615506715483 136.51341794 145.67359772 153.206248524895 159.56807728 165.681208818753 168.878042796767 171.07021016 170.316050972195 166.623820036618 160.740756315208 144.595910951275 125.821334840239 112.5920557946 97.0800919199986 83.660093788218 77.171421375977 74.2868358399999 72.2876692114964
