catData/variables/futureClimate2070/rcp45/MPI_ESM_LR_2070_rcp45/bio16.asc
NCOLS 409 
NROWS 350 
XLLCORNER 60.897278365 
YLLCORNER 5.843756025 
CELLSIZE 0.0892857 
NODATA_value -9999 
[rows 200 to 224 of 350, columns 224 to 279 of 409]
1287.37245186738 1243.88203552064 1217.54014738652 1187.32575119274 1171.93984264051 1153.88072857693 1134.27769150519 1119.7580188525 1105.31571478481 1092.43246144731 1080.69080944778 1069.40009563725 1066.15584079797 1072.41206322162 1081.01681951921 1090.45912532 1096.30138732827 1097.33928382 1095.71806668853 1087.68444988549 1079.33774436895 1078.05640263053 1072.20054121801 1046.396251652 1014.60137087187 972.194286240654 928.299216624272 891.36918465066 868.931884617894 860.909679509133 839.034848931012 822.359084529509 805.689390279692 787.054289189889 769.250368849957 754.82329628973 743.863082479772 731.227663095314 706.919337864965 688.634144475339 686.650594718796 687.646714257214 690.485788761582 694.178960397655 -9999 -9999 -9999 -9999 -9999 -9999 -9999 -9999 -9999 -9999 -9999 -9999
1307.70661498336 1272.44054554408 1233.83122579307 1192.02271059008 1169.078315838 1146.33812222187 1126.94393081146 1114.83904561809 1104.04110749145 1093.50359891451 1081.34633886 1067.61737896814 1062.58708953886 1071.79686073982 1084.56359239868 1094.51046709745 1104.11969702 1109.96104423516 1109.99195582872 1101.33553520228 1100.70649648151 1097.99998922111 1079.67284297763 1046.80934052757 1009.92727861364 968.416071149299 927.319356613779 887.554777181441 861.744534418579 850.799703220742 831.375539282091 814.55421133544 795.588599452969 774.743362180002 755.775713259997 741.39822420628 729.332271091558 718.464842165104 692.888266832683 679.958718339306 685.118731406745 689.390666554604 691.658774184164 692.640254042931 -9999 -9999 -9999 -9999 -9999 -9999 -9999 -9999 -9999 -9999 -9999 -9999
1299.46924969999 1258.01788217457 1222.3380926407 1182.74861166701 1152.6389499513 1134.35215089667 1122.07060664134 1112.44223027579 1105.84146518 1098.59380519205 1087.02422060344 1077.43166607066 1074.86402538431 1082.143291387 1091.93029717515 1101.58166482511 1110.26411710222 1117.06260384605 1121.34476623032 1121.14291796465 1132.9411865422 1115.53978884787 1079.7089656359 1042.05854516926 999.960418265586 956.352469488322 909.002068235163 873.383083785236 851.810679589906 837.166317649016 820.150929018771 804.951474618623 785.023429226245 761.89947873341 741.065255956014 722.871049261791 702.315758134452 694.826114519996 683.44589921563 678.725186057008 685.299542660002 690.356619275096 692.14224768 -9999 -9999 -9999 -9999 -9999 -9999 -9999 -9999 -9999 -9999 -9999 -9999 -9999
1284.64464475536 1236.46423202086 1203.34667093267 1168.16051045775 1138.61819988574 1126.40492463661 1119.88466602921 1113.12768260309 1107.58045620302 1101.98677944346 1095.90509216375 1092.12950961454 1091.1600065 1094.47847588156 1099.05153011942 1108.77532441165 1114.56324519581 1114.22036788195 1119.10209345507 1147.83229468391 1157.98672339311 1127.22374475754 1078.37489624347 1029.09007975262 968.038692207211 911.662142902481 871.575347489189 850.336361528059 837.923281421606 823.46580946288 807.476192147684 791.489126549208 770.02409218327 750.102852427642 723.932546973957 703.081839490794 683.518456454659 675.869669719323 671.475704067739 676.361312520531 685.389063960002 690.864048665615 -9999 -9999 -9999 -9999 -9999 -9999 -9999 -9999 -9999 -9999 -9999 -9999 -9999 -9999
1267.42867266888 1227.83419452033 1188.58836920602 1154.91515463395 1136.96249897234 1126.6983683464 1121.46302467192 1115.40526707487 1111.41720003701 1111.19318867559 1112.26962287322 1106.63257341205 1103.53850529065 1104.81164191913 1105.81225419112 1110.84740914009 1112.5673254392 1110.7748556066 1125.55561026252 1169.98367611079 1164.74794277901 1117.83196456611 1059.40257595705 1002.08090663493 940.750948970577 878.838752478708 834.927341758376 820.594217570138 817.034781790986 808.918687834791 792.638553432683 769.626054430447 748.737625747975 738.32567308381 710.231699374015 690.298734570783 680.429387445555 674.356730221372 670.822232225131 672.986580839676 678.963949364709 689.095445535055 -9999 -9999 -9999 -9999 -9999 -9999 -9999 -9999 -9999 -9999 -9999 -9999 -9999 -9999
1241.62958128031 1214.62646395424 1179.8064559743 1140.15843419733 1140.17131458161 1130.96557676123 1126.4691695817 1123.70716097395 1123.76936906014 1132.28648409253 1143.61541034415 1126.44837103035 1108.31282859345 1114.41833431625 1108.14253529333 1103.17856694781 1100.81119477533 1098.98580211213 1123.83839553261 1147.17010090046 1131.3841829849 1080.71324945028 1021.57603928843 965.528987457281 911.768928426633 835.74334022576 786.301902163098 778.521961132785 779.850271374006 781.244136745427 777.57622006983 746.876446390414 730.998461801296 720.11887400447 697.37215672041 684.321207270278 676.810443010662 669.685339208252 665.12326759524 664.749256359999 669.167311870734 -9999 -9999 -9999 -9999 -9999 -9999 -9999 -9999 -9999 -9999 -9999 -9999 -9999 -9999 -9999
1223.12725587765 1197.672865657 1171.53580808872 1124.44314152612 1135.27556174098 1134.57015984364 1137.32051151238 1142.61634311212 1148.77674976931 1158.72749191818 1170.69785399185 1160.2215354644 1142.40809341506 1133.80143353315 1112.5511871388 1091.79189481105 1078.97834873185 1075.52325693452 1083.92194257755 1081.41531024317 1057.9178672934 1018.24629868798 969.451731511647 918.36732516374 842.636091597159 761.165607413056 730.978284589376 723.122275888097 728.604514890858 742.509730428952 757.493245233406 749.523597350933 720.137994012028 694.675080163676 686.435920846047 677.955033977827 671.050370238898 664.922864381418 659.288761599999 657.684761779624 -9999 -9999 -9999 -9999 -9999 -9999 -9999 -9999 -9999 -9999 -9999 -9999 -9999 -9999 -9999 -9999
1215.48507759816 1198.5046806735 1177.41302479962 1140.42717253231 1131.75517775892 1137.97426975849 1148.12011894 1155.21444965282 1162.4743495846 1178.08161804267 1192.30379134292 1191.3068207426 1173.60851970236 1148.52746158386 1115.71966645419 1079.52628425355 1046.9430205878 1033.11504238198 1023.14814612508 1007.34670927163 979.358938513235 945.301494575956 911.653056956414 868.50477404903 788.47879230258 706.932787114587 676.601133817351 669.236791129483 677.60262436 696.924289812215 716.959244109408 723.517692558338 696.061064893588 675.835523177128 674.043092288253 668.429142361254 663.234819379999 658.232491159277 653.619561756493 -9999 -9999 -9999 -9999 -9999 -9999 -9999 -9999 -9999 -9999 -9999 -9999 -9999 -9999 -9999 -9999 -9999
1203.30294442271 1201.66323703551 1192.76052133786 1178.54248396884 1141.48258193192 1134.13210534848 1152.97830565644 1159.07129083908 1165.14451724161 1187.18126528189 1207.42712398055 1209.36422719154 1188.26164300661 1152.47797408589 1107.72797314748 1036.24787367794 1006.25600511743 980.295698725875 960.413701221721 935.197735834695 907.69263676819 881.054521669004 853.679520179996 809.479071358849 731.403681048911 668.994561121249 640.008081638891 634.105048356693 643.824349615032 656.811730795143 668.848283875958 672.209316884361 661.992062337449 655.316948087678 656.018731774233 653.200003499997 648.792294778229 647.0753820478 -9999 -9999 -9999 -9999 -9999 -9999 -9999 -9999 -9999 -9999 -9999 -9999 -9999 -9999 -9999 -9999 -9999 -9999
1187.31037514591 1193.83482220246 1192.74068499526 1183.41111377864 1158.10856156514 1132.61809214705 1160.45863192054 1160.52160035717 1164.65408306 1191.50819797969 1221.96371531813 1228.53424108 1189.98544886139 1139.79062151325 1072.12157507859 1003.40894112784 969.779193890291 928.239958825445 898.721887966269 869.347290983584 841.86878461652 820.04149528064 797.290113903905 765.349135345316 720.20567944134 661.315145587974 620.962207399324 615.33776942 625.244562680001 633.9542473354 638.643690339724 636.529301142883 628.242167278386 621.753434593486 628.596643404557 630.945379117813 630.66607312448 -9999 -9999 -9999 -9999 -9999 -9999 -9999 -9999 -9999 -9999 -9999 -9999 -9999 -9999 -9999 -9999 -9999 -9999 -9999
1172.09758904137 1180.40801078 1181.07684458862 1175.11809837458 1140.69765892865 1139.19717287555 1161.00157162652 1163.70492812948 1166.43102007177 1186.68712171601 1218.0250880599 1216.90015576812 1175.09037663497 1112.59903225289 1019.63389193311 972.414702450566 927.971858534713 868.669141235946 842.403409558073 816.074103692736 792.623389525759 768.240595835501 753.935653420727 731.482194099108 682.190087128932 641.148073551598 613.668902376315 608.550353638719 617.727911417845 621.675470613753 621.374800050315 616.317301437627 603.431100769879 589.434377274191 596.281961880645 605.648253507952 -9999 -9999 -9999 -9999 -9999 -9999 -9999 -9999 -9999 -9999 -9999 -9999 -9999 -9999 -9999 -9999 -9999 -9999 -9999 -9999
1150.03082189319 1157.76390014232 1163.96754417309 1161.29050200052 1163.63473220472 1164.23497969242 1162.28055019878 1157.09572995327 1151.03308991414 1163.12096748332 1176.74156822399 1165.72099269065 1125.52968727998 1051.27862750506 976.70132108093 915.888005683532 862.77555455422 819.526494817224 800.921494475072 770.667846050547 754.983894862029 736.472862542933 720.559420214264 689.223167556773 660.057839413605 642.519299874361 623.921654101637 619.978561461461 624.086975224335 622.347533741843 618.249430875612 608.88288836737 595.139833022749 584.717672548634 584.553469449391 -9999 -9999 -9999 -9999 -9999 -9999 -9999 -9999 -9999 -9999 -9999 -9999 -9999 -9999 -9999 -9999 -9999 -9999 -9999 -9999 -9999
1117.0780305482 1129.51990594446 1142.51134123104 1149.77476747257 1153.16738208698 1153.55426428356 1153.10908658286 1147.56368918052 1142.96020581236 1139.66908129873 1127.67236621716 1061.17081328201 1002.625165992 976.234332368452 934.108336593782 872.885079549324 804.755517822523 779.653129999997 762.168317118817 730.771381130235 712.159716612908 702.001573722644 683.838450416168 667.567012768544 660.718480674992 646.478463945285 633.041464968919 632.716184034545 632.169343077188 627.694524568076 622.529580756513 611.143323042361 -9999 -9999 -9999 -9999 -9999 -9999 -9999 -9999 -9999 -9999 -9999 -9999 -9999 -9999 -9999 -9999 -9999 -9999 -9999 -9999 -9999 -9999 -9999 -9999
1085.73594765005 1104.60114097217 1107.93352011862 1122.48108625633 1136.01114820168 1141.01047865694 1137.81137656625 1128.38385769452 1115.41714034231 1096.67000129133 1040.73864202692 987.316908043718 961.101291793987 918.616275386813 849.087599904527 800.352496655031 768.182958794286 738.882161886054 723.81449261895 709.003870832646 691.428536740668 679.165522045557 682.885664240943 681.87081249256 666.339736713441 647.263009063788 631.82606001529 626.778494922891 625.974364140973 627.733630991553 -9999 -9999 -9999 -9999 -9999 -9999 -9999 -9999 -9999 -9999 -9999 -9999 -9999 -9999 -9999 -9999 -9999 -9999 -9999 -9999 -9999 -9999 -9999 -9999 -9999 -9999
1054.90731125224 1074.25379751422 1081.03631906876 1086.71505302011 1114.17108833899 1124.43654681669 1117.29756333606 1102.76622537787 1074.59259061263 1029.40209057448 978.318767761831 924.382427812319 892.088236937409 835.353313271671 786.896032579916 753.629656136159 730.251825533738 705.756857834782 695.551729323778 684.898790839955 702.560682084999 699.944093805101 695.916475979455 682.350763434085 662.272594041219 641.485051501402 623.92555635171 609.324387740895 607.618079746804 -9999 -9999 -9999 -9999 -9999 -9999 -9999 -9999 -9999 -9999 -9999 -9999 -9999 -9999 -9999 -9999 -9999 -9999 -9999 -9999 -9999 -9999 -9999 -9999 -9999 -9999 -9999
1016.80753797584 1030.96466961328 1047.2425000044 1067.28645473249 1087.00978506 1101.58332134585 1092.56763569473 1068.75757020519 1020.5018844388 952.417145408178 888.574023419138 859.015837979606 836.824798817289 789.976254065683 752.361992962695 722.522969031679 701.220252940331 676.726459838803 678.632901520076 697.092706406068 721.422429499995 698.938922384588 681.549565712528 672.770028198652 652.463793907858 629.982485907762 616.646140160939 601.56308934 596.19698862 -9999 -9999 -9999 -9999 -9999 -9999 -9999 -9999 -9999 -9999 -9999 -9999 -9999 -9999 -9999 -9999 -9999 -9999 -9999 -9999 -9999 -9999 -9999 -9999 -9999 -9999 -9999
954.856723348716 975.840215017492 1003.60899209005 1027.70574 1049.16912228267 1066.67962715801 1054.08368963847 1013.672420578 945.753772055344 887.221270415383 854.461685081787 830.608381070319 823.801598094741 778.936087783418 736.780467209401 710.59009730794 707.833059837572 678.372287380938 705.965931161304 708.383009789229 703.873293984697 682.71667439193 658.953395450646 650.51416393626 636.095759048391 616.878329957966 608.700152799968 599.022405782616 -9999 -9999 -9999 -9999 -9999 -9999 -9999 -9999 -9999 -9999 -9999 -9999 -9999 -9999 -9999 -9999 -9999 -9999 -9999 -9999 -9999 -9999 -9999 -9999 -9999 -9999 -9999 -9999
872.451343149239 913.111779641151 954.278818655694 981.06161193014 1004.54607554425 1019.25916961702 991.345352841581 951.38074045298 907.409555098089 876.931196768405 838.501048033033 822.388147446067 814.099683057101 768.142538781664 743.173027737535 720.341013598268 723.373449578228 704.631864950928 702.432728979765 684.702645179999 675.618061387802 662.730524259466 638.829194918157 627.49221627659 622.492730443439 611.493212161193 601.642623237449 -9999 -9999 -9999 -9999 -9999 -9999 -9999 -9999 -9999 -9999 -9999 -9999 -9999 -9999 -9999 -9999 -9999 -9999 -9999 -9999 -9999 -9999 -9999 -9999 -9999 -9999 -9999 -9999 -9999
813.76574113827 867.634050551777 912.891998660056 948.944718872249 972.938627235894 975.595697602298 939.707486459994 915.091882815259 882.490250621612 853.501400126574 824.636198677778 808.730088120946 785.382540345064 753.271163710064 735.419488214568 705.561657578658 702.098707499888 696.227443092263 685.329899432141 668.880688690611 658.271355779009 643.267327969834 619.873130146598 614.852799802003 614.588295501533 613.008109424171 -9999 -9999 -9999 -9999 -9999 -9999 -9999 -9999 -9999 -9999 -9999 -9999 -9999 -9999 -9999 -9999 -9999 -9999 -9999 -9999 -9999 -9999 -9999 -9999 -9999 -9999 -9999 -9999 -9999 -9999
803.61770378144 851.289145423841 886.887039453007 921.727948802574 942.032411512637 941.280425564276 916.485011513418 893.762350353734 860.847783081361 832.397432707043 804.703129407325 778.749937333135 750.836796407208 724.005726424572 701.183251387837 676.942479994178 675.607292106741 673.873652906788 670.153691287277 662.561308972421 648.292409650407 629.755370973802 614.350035988356 610.755029071977 -9999 -9999 -9999 -9999 -9999 -9999 -9999 -9999 -9999 -9999 -9999 -9999 -9999 -9999 -9999 -9999 -9999 -9999 -9999 -9999 -9999 -9999 -9999 -9999 -9999 -9999 -9999 -9999 -9999 -9999 -9999 -9999
813.313608383333 843.609898694788 873.255244784262 904.656327488788 911.6160461173 889.49032945145 874.568337110257 866.422258627531 839.299633571132 805.985078407017 773.616201256952 742.524327192798 715.485474015896 692.44608316014 667.905292578486 656.911183861251 653.518317820544 655.586830528357 653.109669559998 648.594094576086 636.26890425172 623.799382446276 -9999 -9999 -9999 -9999 -9999 -9999 -9999 -9999 -9999 -9999 -9999 -9999 -9999 -9999 -9999 -9999 -9999 -9999 -9999 -9999 -9999 -9999 -9999 -9999 -9999 -9999 -9999 -9999 -9999 -9999 -9999 -9999 -9999 -9999
813.1422140308 835.53800079988 862.633739086514 892.512225895922 899.657546140126 870.19104948112 856.019808164567 840.725500536991 807.870980822355 769.966105939988 737.998880419686 710.512610233909 686.526807935456 664.655213199995 642.251395563968 632.669894287456 628.194991959561 630.473603928567 628.998708992286 629.809224317738 -9999 -9999 -9999 -9999 -9999 -9999 -9999 -9999 -9999 -9999 -9999 -9999 -9999 -9999 -9999 -9999 -9999 -9999 -9999 -9999 -9999 -9999 -9999 -9999 -9999 -9999 -9999 -9999 -9999 -9999 -9999 -9999 -9999 -9999 -9999 -9999
798.345310173577 817.654157778099 842.796636188604 874.041477441286 895.503465651466 880.632537867027 857.943331697961 827.277125998628 775.235264625368 728.195938340112 702.318839772917 682.041725681024 661.216215572286 638.585305987222 616.127997539519 603.69868323086 602.568783734626 606.71954292923 -9999 -9999 -9999 -9999 -9999 -9999 -9999 -9999 -9999 -9999 -9999 -9999 -9999 -9999 -9999 -9999 -9999 -9999 -9999 -9999 -9999 -9999 -9999 -9999 -9999 -9999 -9999 -9999 -9999 -9999 -9999 -9999 -9999 -9999 -9999 -9999 -9999 -9999
751.468973740623 778.97631328996 804.176972815041 833.290126953132 854.528132980537 850.520647154497 836.436371219495 813.936878964487 760.252023343035 700.861700156985 673.736757096582 659.308543560963 640.421809881739 610.819933444565 588.494562119836 581.411738692634 583.427254361586 -9999 -9999 -9999 -9999 -9999 -9999 -9999 -9999 -9999 -9999 -9999 -9999 -9999 -9999 -9999 -9999 -9999 -9999 -9999 -9999 -9999 -9999 -9999 -9999 -9999 -9999 -9999 -9999 -9999 -9999 -9999 -9999 -9999 -9999 -9999 -9999 -9999 -9999 -9999
677.525230345038 721.250521952039 754.608853529653 778.898536833143 793.505335608036 795.172718981266 788.087318149003 766.807160104464 719.045688287789 669.483071568704 651.164877867284 639.559167441573 621.977482537861 604.67698579129 585.618205561111 573.713078926691 571.066781675351 -9999 -9999 -9999 -9999 -9999 -9999 -9999 -9999 -9999 -9999 -9999 -9999 -9999 -9999 -9999 -9999 -9999 -9999 -9999 -9999 -9999 -9999 -9999 -9999 -9999 -9999 -9999 -9999 -9999 -9999 -9999 -9999 -9999 -9999 -9999 -9999 -9999 -9999 -9999
