catData/variables/futureClimate2070/rcp45/MPI_ESM_LR_2070_rcp45/bio15.asc
NCOLS 409 
NROWS 350 
XLLCORNER 60.897278365 
YLLCORNER 5.843756025 
CELLSIZE 0.0892857 
NODATA_value -9999 
[rows 78 to 103 of 350, columns 120 to 179 of 409]
80.4607358268721 82.911600112388 85.3025496207406 86.8017282723251 87.3182822253907 88.2398881030873 89.3209158800002 90.8139370645876 92.4357499223467 95.0436051492817 97.8269088837845 101.16017498 102.583150190085 105.42697824 108.253410392094 110.604812330888 112.498814724357 113.248078415244 113.12807023169 111.50102984 110.16120362 109.08977522 109.454093099428 109 109.08874418 110.326073860462 112.962169720001 116.33879518 117.590756078966 118.5178829 118.767289105097 119.58874298 119.658108531229 119.103234084294 117.77405240264 117.029250990425 116.01834922 117.016174340001 120.187675610378 122.885406857312 125.351539524247 125.91182894 125.26679366 126.947819289901 126.179585608016 122.914170558918 119.819888914147 121.511741947213 124.884149499443 125.4821171 122.15461294641 120.51673906 122.748335240001 125.565065254393 126 125.69697542 124.62554702 124 123.732094110935 123.4821171
81.4095616600002 83.5046675490613 85.3018244451382 86.9146464642542 87.8482841263538 87.5950235769616 88.2494874800002 89.2272689363545 91.3324393424299 93.9467181612152 97.35498632 101.337503258783 103.313891742433 104.90909534 108.12338054 111.138596776961 113.58817946 115.468188235745 115.812353445137 113.792457045471 112.30406042 110.748579186686 110.029953797294 108.990414927902 108.53519868 109.695289890882 111.670000559451 114.531419479334 116.541636140941 118.186909365354 119.338048422157 119.816392452764 120.365434896628 120.5535455 119.392001775412 118.623039495196 118.131250894197 119.149447396412 121.632783834038 122.678133377627 123.996307228235 124.068787982315 124.19536526 126.585039019942 127.538087298668 125.078023378726 122.705732108118 123.925654207468 125.715085753097 126 124.209530351375 122.685676044921 124.324187855529 126.464885346136 126 125.69697542 124.62554702 124 124 124.325893370217
83.9988729600001 85.6958387800002 86.4439560695358 87.0665654676342 87.3750261 87.1006552876205 86.7992836733215 87.296567739058 90.2126954399999 93.0584493095053 96.7300124200001 100.85555104 103.664518235304 105.53406924 108.280298761821 110.712691840001 113.732969670527 116.17749076 117 115.262425727683 114.323816473402 113.04754387912 110.155569545482 109.60765812 108.602792487446 108.69537126 110.83822806 113.473499693433 116.842510458304 119.030271890259 120.32330811059 120.6249739 120.872555397973 121 120.698843473464 119.75051732 119.6249739 120.012985938759 120.80551349634 121.334991915883 121.269821367777 121.939436153496 123.12393686 125.71267744 128.021639321304 126.85875216 124.55221653791 124.274368112192 125.17805188 125.921537139246 125.05411742 125.26725878 126.316506967196 126.939932902121 126.33549076432 125.07200152 124.234596459277 124 124.323305110715 125.21371208
86.1417297600002 87.2176565719574 87.3602624060666 87.286396991888 86.5402517898427 85.7941065877974 85.3633964342478 86.7870359962932 88.5202297033229 93.0640149603847 96.9895852975709 100.48052494 103.62449588652 106.394465611435 108.37446018 110.337665740001 112.831429470598 114.374682523254 114.9107931 114.976057062511 115.559232342882 114.212968075072 111.533886773946 110.667027770981 108.973057471064 108.905202906891 110.785776870309 114.182861405601 117.12337334 119.756402341291 120.853457816665 121.410001965381 121.6964023 120.677426761057 120.862828371517 119.516569846438 119.3035977 119.3035977 119.268739520604 118.75062292 117.981105896211 118.728446465834 120.920475447879 123.634332250076 125.58516006803 125.26816964803 123.28685744 122.097709301894 123.273047880151 125.090621482197 125.675144728484 126.701657873713 127 126.776917579244 125.305287152423 124.00057312 123.3035977 123.924623337119 125.21371208 126.69513910265
87.9970626950749 88.664308503297 88.2585533766621 86.9591935999589 86.0788966584127 85.8301438767846 86.3844240751566 85.5988309858865 87.8627948038004 93.0559752897287 96.6346937372881 101.24835564 104.462640840001 107.14121715624 108.661982202132 110.07839561849 110.98165558 112.505140757247 113.2321693 113.402024866009 114.26736918 114.058293541469 112.834506609107 111.746494727478 110.5356614 110.818819404222 112.874235334812 115.606564720966 118.65903474 121.42743376 122.932871416082 122.988125211093 122.260930847175 121.660289982395 120.488920511292 119.826125355882 119.7678307 118.2321693 118.075288856943 116.30416842 115.286510100199 115.069888441828 117.05204334 120.162808014916 121.816611906712 121.79198971166 120.883067950032 119.73274122 121.686978006776 124.652510425148 127.398437947038 127.754538798109 126.931863179737 125.66587026273 122.46491172 121.626154895379 121.75185509375 123.123932060001 125.543891740989 127.94530706
90.89223988 91.1435592374268 90.16119882 88.9951345719696 88.5177772999999 87.9037714986333 87.1336457078696 88.1866759230542 90.4008591345379 93.9057480801614 98.0477697251412 102.454212349557 105.984577851489 107.557353958954 108.959641232695 109.534956948351 110.51731698 111.189270924504 111.3214818 111.3214818 111.450561658157 111.4822227 111.33017991124 111.997216645939 111.913738460637 112.864437064664 114.496834290034 117.841926504732 121.64115064 124.40954966 125.600930911172 124.595667316474 123.17908772 122.225257327077 121.067892347621 120.10536345768 120 117.970939176566 116.14399824 114.295735901114 114.123513535812 114.04870882949 114.969841954791 117.284921120093 118.916381654606 119.815587689304 119.50057192 119.043143278701 122.0830240334 126.930408896198 129.561584477203 128.807419722505 126.762309955612 123.68081068 119.895516418409 118.990854972578 120.849456950987 122.891762760001 125.117772399616 127.832321135083
94.6761941891764 93.8801041781509 92.3040556200001 91.7687924638989 91.7320625000001 91.0004579200001 91.3916537139479 91.7096381640027 93.62384206 96.8013352200011 101.006228418926 104.316205567901 107.14229088 108.51675106 109.9106875 109.950510923801 110.046202872776 110.0893125 109.488100490726 109.844885960299 110.0893125 110.0893125 110.0893125 110.210163528798 112.08874418 113.306039746449 115.605490440001 118.570874883002 121.553699859524 124.89177236 126.471111921574 125.73320154 124.25051612 122.512828945351 121.19697182 120.12554342 119.138594372276 117.070452818748 115.903332469774 114.618957538403 113.0893125 113.365275382849 114.407898926126 115.575019275101 117.167046915924 118.141894393051 118.720871295948 120.332513177998 123.302172579977 127.486603908953 129.89176516 129.87606554 127.563655515875 123.505191675148 120.44749514 119.240775962802 120.407896311776 121.981075260001 124.12393206 126.855527040001
98.5606979462269 97.0545657399995 95.9370959084761 95.3502450441722 94.2979781768207 94.6696682010616 95.7314965800002 95.9284636 97.8202431599999 100.997736320001 105.020384485423 106.44475674 109.423296541992 110.957186601313 110.9821159 110.544201635953 109.491934768602 108.43966790125 108.023961586101 108.030968146547 108.824437300804 109.876704168156 110.928971035507 110.999741357141 112.175901250211 114.30246106 116.449459835087 118.60605876 120.762309240767 123.803364373937 125.50118883136 125.014709923343 124.33982862 123.255316216375 121.390420976274 119.266725708922 118.07199912 116.00057072 114.92914232 114.012155100968 113.754659252164 113.005419364813 113.760098062539 115.44588378 116.526563842758 117.596095584593 119.308531431945 121.44531066 124.39119324 127.621117266002 129.89176516 130.964495328702 129.696426636053 126.46584436 123.48315534 121.654161763782 121.35656888 122.435971467188 123.526561399837 125.784098640001
100.37446258 100.601858860801 99.5620697159214 98.4963206077565 98.1424372714347 98.853064224887 99.150086438791 99.2074553224691 101.055309753853 105.142652249826 107.42687264 110.329384337182 111.67738396 113.181725950924 112.712578211784 111.559906136212 109.91182174 107.80048889925 107.624825237072 107.985628826607 108.760032869715 109.040100287926 110.894672182359 112.01731578 113.093495924997 114.53406204 117.504345347647 119.319254876031 120.762359700581 122.368467216612 123.92754056 124.367216081488 123.304480205578 122.2540289181 121.153974238221 119.244364705456 118.05411502 116.03623092 114.96480252 114.044968099831 114 114.016225367525 114.42799968 115.49942808 116.59855559856 118.253046057762 119.678364994084 120.770770249594 123.376626733456 126.569818240001 129.78410344 132.071782184307 132.845621947983 129.68012956 126.465844359999 123.841383080981 123.1070886 123.1070886 123.1070886 124.28456496
100.62440798 101.640112180324 101.219635539362 100.448495499686 100.995058980619 101.43280659939 102.30292378 103.155784580591 104.19583518 107.301899940001 110.51618514 113.590312859723 115.83812486 116.806725239732 114.610578540789 111.787306959999 109.025688240254 107.41125462 107.165007399512 107.98154758 108.2499454 109.780296360461 111.064097479774 112.144452479779 113.416343160216 115.585473240211 118.260544779793 119.655290660404 120.8750273 120.930750899807 122.03462916 123.441589380367 122.512215239821 121.8750273 120.36932753983 119.234826619835 118.06087792016 116.98268662 115.922348519849 114.984819419854 114.221001900141 114.465869779864 115.577604080132 116.57085648 118.15959706 119.71371328 120.1249727 121.405308060217 122.67805308 125.3891069401 128.705911839905 132.78467656 134.583665839914 132.414540559919 129.334154659924 126.556793339928 125.2499454 125.305668399938 125.439567699943 126.603790960053
102.693719917379 103.371548057904 103.5892033 104.062320368386 103.991944675892 105.105125615723 106.234519719392 105.69008599694 106.720866873271 109.634355220797 112.46264084 115.67692604 118.65960786 119.89336932 117.397644591258 112.96756345241 109.746051783921 107.80405682 108.453832046834 109.73160218 110.315432178491 110.3928022 112.098803638092 113.23103266 115.28514528 116.51674626 118.523142998301 119.666713103564 119.8035989 120.24948508 121.736626907442 122.01845482 121.07668480522 120.947285901552 120.039256202117 119.975343134214 118.10823004 117.17908772 116.1964011 116.164943500461 115.859373851741 115.879826495597 117.147086897066 117.83868598 119.325825878805 120.78514168 121.1964011 121.052714569811 121.487595486959 123.527849922852 127.58712922 130.64181976 132.535886931845 131.514720468176 129.582293384507 127.952890880839 127.3928022 127.926255173502 129.10651308 130.17794148
104.30087637671 105.456424943544 106.406382890886 106.535659 107.19583518 108.26726358 108.750734921517 108.8034885 110.441930873167 112.562253818981 114.313788787852 117.155314685582 119.339146325073 120.242470070122 118.334621262779 114.455289910873 111.50102504 109.789230239247 109.621457526821 110.339146033932 112.14172016 112.535659 113.228209835958 114.565652883301 116.35657368 117.545275717985 118.830428594673 118.57085888 119.2678295 119.71371568 120.508039869392 120.301110257962 120.17681337062 120.607541273445 119.55626341187 119.673875542814 118.347072342502 117.991960687817 117.511891333433 117.150557619224 116.705228648118 117.34898906454 118.184279562802 119.71371328 120.923693142513 121.966717484829 122.091016772171 121.464345980487 120.46480372 122.656987414199 126.78353032 129.029985568882 130.7321705 130.614900376433 129.830432109091 129.2678295 129.468408608814 130.69525126 132.32079828 133.54990813238
105.887082662961 107.3392579 108.032081966488 108.478778464528 108.99943408 110.319065113441 111.48154878 111.97518373141 112.96366348 114.385337110622 117.17749316 119.054340627347 119.260684623668 119 118.0036580343 115.44748074 113.30462394 111.561240182507 111.890182919525 112.3392579 113.94531906 114.3392579 114.3392579 115.68393239516 117.08874418 118.214512393128 119.260685437887 119.30302938 120 120.143345361868 120.1551757361 120 120.66017138 120.26840022 120 119.12554342 119 118.684081778119 118.97147091985 118.624176801091 118.417829547894 118.98154278 120.05297118 121.12439958 122.71314016 123.6785158 123.01834682 122.430315609216 122.081097799537 123.470016571248 127.141147982262 129.01731098 130 130 130 130.102803482659 131.215199991643 133.721547340629 135.710584909613 137.334773881404
108.349621831469 109.2320589 110.05424167791 110.716206114803 111.031796067288 112.394808081977 112.964816293332 113.87446138 115.334353753956 116.252470581466 117.515285450844 118.74948868 119.4528266552 118.875548999489 117.994179005821 116.291343171132 114.588507336443 113.579582938246 113.4106863 113.110227307624 114.276267502313 115.307570345996 115.799149288309 116.259579106381 117.91011678 119.075937075758 120.17908532 119.589265665136 120 119.55411382 119.51731458 120 120.389048038582 120.158171926729 120 119.484670757351 119.4106863 120.400483287973 119.873669346716 120.316295818595 119.957856816095 120.71371328 121.78514168 123.039688439838 124.643543934851 125.4106863 125.021639675771 124.390232241082 124.705292993607 126.054953131704 128.681245622985 129.831574197675 130.4106863 130.344907587053 129.904886621742 130.01678632357 132.58470706664 136.752820414192 139.67736476 141.23148338
110.532620645582 111.697085296055 112.48154878 113.55297718 113.9642294 114.343116657395 114.066235724243 114.41710009412 115.917866892482 117.991650650845 117.560671330793 118.08295226757 118.629544694068 118.69696822 117.62553982 116.33914198102 115.499380561235 115.177212122255 114.327670432215 113.97383015106 114.76725998 116.291557831195 117.884028290442 118.97319698792 119.57085888 120.565065724645 120.76839902 120 120.180531600267 120.03622852 119.99942928 120.19827305482 120.318278326817 120.129399691545 120 120 120.456025053367 121.490461735005 121.9642294 121.88700900172 121.4821147 121.78514168 122.85657008 124.158915135171 125.51731218 126.283840488105 126.800391869742 126.9642294 127.351379933017 128.773665245346 130.85599456 131.972575277929 132.403561540433 131.726842378795 130.362174442842 130.71637116448 134.512532693883 140.17768685551 143.464273061217 144.836806911029
111.581743757367 112.752614204669 113.51731938 114.58874778 115 115 115.889026730303 116.1070862 117.05297598 117.992268179043 117.64228968 118.5535431 118.656944027064 118.69696822 117.62553982 116.355041386828 115.784502835208 115.674104057244 114.49154398072 115.136575518684 116.35657368 117.42800208 118.921728427424 120.54395806946 120.039620451496 120.535119326468 120.896600144432 120.5535431 120.513443839279 120.494205156649 120.498145847423 120.183608534252 120.294738067784 120.524801140361 120.109032391855 120.484049406109 121.49942808 122.57085648 123.5535431 123.39337292 122.5535431 122.85657008 123.720721288143 124.44588378 125.803666767785 127.14228368 128.21371208 128.958513781677 129.91011198 130.98154038 132.99885136 134.12439718 135.067467891497 134.428953509461 133.2141724 133.955508974611 137.5328942 142.595473896049 144.713646740718 144.972149345509
112.37389666 113.6249715 114.465600748898 115.102789613623 115.412591297479 115.167739488231 116.60606596 117.546513440351 118.57086128 118.614148131068 118.08874658 118.899895202487 118.230282988196 117.636411446094 117.234595260385 116.832779074675 116.301663131034 115.043305536743 114.540034315095 115.630945348162 116.80303058 117.87445898 119.53704003471 121.004327958001 121.249943 121.310012282418 121.769715511872 122.249943 121.87548522 121.138496870512 120.48268542 120 120 120.274370768094 120.575739772394 120.406407199025 121.32091348 123.01731338 124.055461083359 124.46480132 123.6249715 123.738615253769 124.468047881043 125.69582678 126.961261990897 128.21371208 129.28514048 130.35656888 131.42799728 132.49942568 135.107886314846 136.89222548 137.819454916572 137.289975815437 137.499886 138.105935160001 140.90410601882 143.751597675358 143.534414850828 141.646223249614
113.44532506 114.6963999 115.3707774955 115.821256115117 116.35657608 115.455305963648 116.046833873032 116.569086662414 118.211807528203 118.29834229882 118.026943470563 118.254970960054 117.76839662 117 117 116.689483237477 115.78628312 114.946113787515 114.896828725625 115.73160218 116.80303058 117.87445898 121.209206513686 122.41011558 123.3927998 123.3927998 123.463113880688 123.485370270071 122.62554222 121.864628911163 121.17908532 120.286399347602 120 120 120.80302818 120.12554342 120.94588498 122.32091348 123.454141646718 124.83982982 124.161285227952 124.6963999 125.44531066 127.452797099804 128.91011198 129.571541498962 129.896827268345 130.73159738 131.80302578 133.483423983507 135.875335105876 138.029366344741 139.669458615358 139.441426754025 139.857683456593 140.998848960001 143.255389722173 144.075376403112 141.908726060938 138.840985659999
113.74892516 114.657632286841 115.146703540102 116 117.16707813399 117.428112541867 116.873334984245 116.096392105179 117.89177956 117.245469088709 118 118 117.76839662 117 116.712478876573 115.78628312 115.112065337315 115 115 115.73160218 116.80303058 118.545893332033 121.098819622046 123.78514408 124.631547714271 123.2321717 123.410001486752 123.929645153695 123.39337052 122.7678283 122.25051372 121.17908532 120.260930031586 120.561743015358 120.337680955397 119.35771512 119.451779423811 121.276072486266 123.877173409924 125.08579621404 125.589427236036 126.000500990908 127.28456736 129.085061975205 129.887933548261 130.452051678682 130.7678283 131.49942568 132.57085408 133.845305993543 135.165489746599 137.26679366 139.2321717 139.355153054232 140.23159618 141.606049160001 143.461390364937 143.682769282007 141.448070659999 137.781735624105
113.74892516 115.302543004869 115.84482464859 116.494110518975 118.15960906 118.8392567 118.710174528786 118.537949592056 118.821860989347 117.827506082806 117.235224461867 118 117.962771308408 117.584935248322 116.62553982 115.179896441781 114.1607433 113.666634795241 113.87554186803 114.89234548 116.63772267457 118.74891796 120.09793243889 122.33880238 123.292956535302 123.134425910921 123.876485005808 124 123.62554222 123 122.916845147273 122.25051372 121.17908532 120.956856462916 120.870918600354 119.230906576376 119 120.227213810165 124.163218913435 125.99942688 127.033627359976 127.98154038 129.113159973484 130.659351429787 131.6785134 131.773149503673 131.8392567 131.956856077133 132.80302578 133.87445418 134.94588258 135.35610856 137.470436838438 139.16016778 140.23159618 141.351733750971 142.53519628 143.08907085557 141.448070659999 137.645047279999
115.229277867887 115.95050980829 116.942230102615 117.873954149096 118.028612238998 118.755576290098 119 119.796358949291 119.9106851 118.89336692 117.918611491918 117.854131032321 117.300232647276 117.421001693128 115.71485472 114.603601826066 113.528887134337 113.57289281052 113.969648455143 114.73160218 115.87475317595 117.83823286 119.896607823244 121.138169125682 123.9106851 123.924990897965 124 124 123.966555340825 123.9106851 124.381795780019 124.23262722 123.762407059212 123.065798281191 122.090064401594 120.958126518003 119.098563484801 120.085020557198 125.168984476794 127.98154038 129.05296878 129.848435024416 129.944129544819 130.89176756 132 131.463842726029 131.0893149 131.755569733165 132.80302578 133.87445418 134.94588258 135.018857108448 136.266793660001 138.541207501492 141.14228128 141.93774971006 142.37445298 142.593942470866 141.00849186873 138.717357456654
116.35657608 117.420029050986 117.982733066181 118.578217142833 118.9821135 119.71371808 119.9821135 119.997754553473 120 119.96479532 118.894954285703 117.83982502 117.004142573856 116.41182294 115.01118871799 114.992024613914 114.46479652 113.414429308479 113.666252081684 114.013085802393 114.82091708 116.76680446 119.838630025377 122.017054778699 124 124 124 124.297609244995 124.9821135 125.420024336842 125.973479947235 125.971582948688 125.964227 126.66965526107 125.336761003541 124.930699532382 123.965650448305 124.980130695772 129.107524839848 130.949205383925 130.968369488001 130.684506612078 130 130.453859080231 131.0178865 130.42914592 130.666247367539 131.013085716537 132.609574739386 133.87445418 135.874846631233 135.982423132844 136.264630903081 139.46261684 142.441163414927 144.26183153085 144.585282826454 143.098325997303 140.457323521379 138.418617854543
118.0535419 118.49943288 119.0535419 120.167992110476 120.392323181036 119.336307720738 119.813578968488 120 120 120.000927248262 120.0535419 119.89336692 118.809538034988 117.123354454523 114.73262362 114.059336356477 113.972301865989 113.977980646261 113.375173178511 114.51674626 115.85657248 117.849280055262 120.894101332489 123.01731578 124.004751532011 124.062117844261 124.326284423489 125.340346511239 126.394506961011 127.49942808 128.081239905511 128.1070838 128.802602010011 129.853054237739 130.150079454511 130.254265833521 131.264238959011 132.461107977479 134.311748592979 134.197015968479 133.64388664 132.09085915974 131.67908652 131.0535419 130.53622972 130.02201961074 130.62482227849 131.67805548 133.59550518601 134.968094056521 136.99884896 138.19524766 140.338104460001 142.62397766548 145.50433416049 147.28680006824 146.84314808401 143.662355859999 140.993078188509 138.84454337924
119.2499406 119.640108450462 120.1249703 120.1249703 121.362820244733 120.811077371532 120.27455562758 120.2499406 120.131732470426 120.1379599637 120.8750297 120.71485472 119.440766483879 117.69696822 116.672336221033 115.288915969609 113.73262362 113.691534606476 114 115.371775816085 116.878770224984 119.748347240001 122.01674506 123.14228608 124.224804866798 125.41011318 126.278883843951 126.3749109 127.030234257792 128.57085648 129.64228488 130.198545686834 131.48778154459 132.307826787973 133.077584407437 134.99885376 137.259918089716 140.3749109 140.186337253131 137.92960024 135.78674344 133.984782992599 133.00045552 132.319188670248 131.667979761672 130.53622972 130.1249703 130.85656768 133.433693267366 136.623362540001 139.128179619575 141.28456256 143.41632957306 145.245105648966 146.01979794772 146.46224972733 145.766629043739 143.579581049468 141.5430121616 139.307360246975
121.073543963911 121.283971108814 121.189595692566 121.11562929862 121.85657488 122.784317091574 122.512396286658 122.221054321768 121.064737396865 120.789684388038 120 119.83982502 118.813883222747 117.89336692 117.122855207446 116.641683357457 115.78068210236 114.80405202 114.522454672166 115.32079828 117.99828784 120.86908782625 123.273944511778 124.41011318 125.552856518416 127.388028966488 128.62439838 129.3927974 129.466340421197 130.03508228 131.004910768997 131.98154038 133.05296878 134.712311714288 135.354112390615 137.14171056 140.044681759578 143 142.73377466 139.67965964 137.582288500034 136.255912804937 136.09188456984 135.055741325257 133.459772479646 131.884827635451 131.263141070548 131.92799608 133.80245026 136.819761240001 140.60838880187 143.038021813968 145.267709781129 145.808375476226 144.249438562646 142.04826568642 141.662400258483 142.585944946773 141.972179676578 140.134549753192
121.64228968 122.594296391911 122.242465538638 121.651354148354 122.569162151779 123.195943533008 123.640712091525 123.091915975467 121.361555356697 120.531015922073 120.244058360844 119.882724220386 119.2678271 118.96479532 117.89336692 117.506669190609 117.526378286932 116.836763687764 117.372640408994 118.53508348 120.997499688548 122.41011318 125.119982066088 126.28514288 127.380339376371 128.813100802399 130.49942808 131.34898658006 131.80982203871 132.71371328 133.2678271 133.85657008 134.751186693792 135.927542027438 136.855782571332 138.74891316 140.89176996 142.727535907643 142.221887913586 139.454730454816 137.830429796045 137.652012917275 138.5356542 137.763306399734 136.147618899036 134.35817304 132.698674076576 132.99942448 134.87387866 137.656987112889 139.89176516 143.051932940001 145.976233189199 145.41183734 142.86781591326 139.312792645509 138.38079020428 140.236689443051 141.473617856358 141.458794798817
