catData/variables/futureClimate2070/rcp45/MPI_ESM_LR_2070_rcp45/bio11.asc
NCOLS 409 
NROWS 350 
XLLCORNER 60.897278365 
YLLCORNER 5.843756025 
CELLSIZE 0.0892857 
NODATA_value -9999 
[rows 78 to 103 of 350, columns 0 to 58 of 409]
-9999 -9999 -9999 -9999 -9999 -9999 -9999 -9999 -9999 -9999 -9999 -9999 -9999 -9999 -9999 -9999 -9999 -9999 -9999 -9999 -9999 -9999 -9999 -9999 -9999 -9999 -9999 -9999 -9999 -9999 -9999 -9999 -9999 -9999 -9999 -9999 -9999 -9999 -9999 -9999 -9999 -9999 -9999 -9999 -9999 -9999 -9999 -9999 -9999 -9999 -9999 -9999 -9999 -9999 -9999 -9999 -9999 -9999 -9999
-9999 -9999 -9999 -9999 -9999 -9999 -9999 -9999 -9999 -9999 -9999 -9999 -9999 -9999 -9999 -9999 -9999 -9999 -9999 -9999 -9999 -9999 -9999 -9999 -9999 -9999 -9999 -9999 -9999 -9999 -9999 -9999 -9999 -9999 -9999 -9999 -9999 -9999 -9999 -9999 -9999 -9999 -9999 -9999 -9999 -9999 -9999 -9999 -9999 -9999 -9999 -9999 -9999 -9999 -9999 -9999 -9999 -9999 -9999
-9999 -9999 -9999 -9999 -9999 -9999 -9999 -9999 -9999 -9999 -9999 -9999 -9999 -9999 -9999 -9999 -9999 -9999 -9999 -9999 -9999 -9999 -9999 -9999 -9999 -9999 -9999 -9999 -9999 -9999 -9999 -9999 -9999 -9999 -9999 -9999 -9999 -9999 -9999 -9999 -9999 -9999 -9999 -9999 -9999 -9999 -9999 -9999 -9999 -9999 -9999 -9999 -9999 -9999 -9999 -9999 -9999 -9999 -9999
12.475462984424 13.5365941351498 -9999 -9999 -9999 -9999 -9999 -9999 -9999 -9999 -9999 -9999 -9999 -9999 -9999 -9999 -9999 -9999 -9999 -9999 -9999 -9999 -9999 -9999 -9999 -9999 -9999 -9999 -9999 -9999 -9999 -9999 -9999 -9999 -9999 -9999 -9999 -9999 -9999 -9999 -9999 -9999 -9999 -9999 -9999 -9999 -9999 -9999 -9999 -9999 -9999 -9999 -9999 -9999 -9999 -9999 -9999 -9999 11.8298357280002
11.35621374227 12.3351562086643 13.021291511113 14.0003298806247 14.432093748 -9999 -9999 -9999 -9999 -9999 -9999 -9999 -9999 -9999 -9999 -9999 -9999 -9999 -9999 -9999 -9999 -9999 -9999 -9999 -9999 -9999 -9999 -9999 -9999 -9999 -9999 -9999 -9999 -9999 -9999 -9999 -9999 -9999 -9999 -9999 -9999 -9999 -9999 -9999 -9999 -9999 -9999 -9999 -9999 -9999 -9999 -9999 -9999 -9999 -9999 15.1329588370753 15.073261642 14.2196979345005 12.8466451242162
-9999 -9999 10.4666857258498 12.5789526413416 13.8437452988567 14.2206499492662 14.539236588 14.6415081206951 14.7 -9999 -9999 -9999 -9999 -9999 -9999 -9999 -9999 -9999 -9999 -9999 -9999 -9999 -9999 -9999 -9999 -9999 -9999 -9999 -9999 -9999 -9999 -9999 -9999 -9999 -9999 -9999 -9999 -9999 -9999 -9999 -9999 -9999 -9999 -9999 -9999 -9999 -9999 -9999 -9999 -9999 -9999 14.8659390213682 15.0279005891619 15.142801888 15.18392591 15.1956859807524 15.1870917827174 14.5296254525617 13.9661158659427
-9999 -9999 -9999 9.70538951125876 12.4422320867314 13.6614328388846 14.3132376401922 14.6027066455001 14.5748276623976 14.5138799647049 14.4100840141926 -9999 -9999 -9999 -9999 -9999 -9999 -9999 -9999 -9999 -9999 -9999 -9999 -9999 -9999 -9999 -9999 -9999 -9999 -9999 -9999 -9999 -9999 -9999 -9999 -9999 -9999 -9999 -9999 9.48402378199991 10.1160426939415 11.1549320979092 12.1832897623497 13.5506113711393 14.0625267509534 14.2752491112103 -9999 14.507087688 14.614230528 14.721373368 14.8626191399074 15.0307102689902 15.142801888 15.249944728 15.29106875 15.29106875 15.2179364474776 14.9064174244995 14.1413459170906
-9999 -9999 -9999 10.2813666730785 10.287827500397 12.0841390235093 13.5979503022782 14.296443702914 14.5011186830398 14.41241290445 14.200109104 13.9868763807547 13.9041845299805 13.8317228852844 -9999 -9999 -9999 -9999 -9999 -9999 -9999 -9999 -9999 -9999 -9999 -9999 -9999 10.3279956120156 9.71676122102812 9.34547617360943 9.21604306078674 9.10727055610315 -9999 -9999 -9999 -9999 -9999 8.95254163964067 9.61771492222863 10.300286311489 10.782345295176 12.2238627630998 13.3220609299299 13.9316406710674 14.1872956804945 14.301733258 14.408876098 14.5317513917109 14.721373368 14.828516208 14.973106506 15.0990090473485 15.2025410753867 15.2992645338781 15.364838130857 15.3263583624078 15.2985638263273 14.864102733875 13.5805743970119
-9999 -9999 -9999 -9999 8.89588883792756 9.48574527688765 11.8674948742586 13.522449098219 14.2400814619092 14.3363788568451 14.1259650827871 13.8051046975807 13.6214521419485 13.58929114 13.5132858086841 13.4852808798961 13.3842810085802 13.2558300857875 12.5362956675338 12.1402873934768 12.053050336891 12.1226427517765 12.3207014061333 12.3179811899834 12.060862436 11.6279859974601 11.0341913190978 10.0390953083971 9.11004991983341 9.40951271880541 9.47496201999998 8.76388188425213 8.74378599460954 8.80074409832741 9.07135188800001 9.11950766440819 9.31768329677607 9.68404306886294 10.1924356534185 11.3854202686029 12.0979182704946 12.9495129769246 13.6079326890172 13.9630148446493 14.189180836 14.3018260640864 14.4226313615459 14.616018938 14.746323556 14.930304618 15.0354423600746 15.139235868 15.249148722661 15.3063049460577 15.3731927466034 15.3936022607067 15.1268784053386 14.3395287534995 12.1699572186038
-9999 -9999 -9999 -9999 -9999 9.60871886451999 11.0225702362588 12.618209358343 13.5512999884263 13.915387869576 13.743075488 13.4543314637484 13.3710014501668 13.3533648900829 13.3600468799175 13.198540693918 12.9740023840815 12.5900527518378 11.9628803339999 11.2809656044806 11.073195018 11.324282109525 11.9777838275278 12.4724539276088 12.4202160758445 12.1034935660773 11.6531377399231 10.9204703258473 10.2205920934686 10.8104865525281 10.8770116802249 10.030969257851 9.6768892862221 9.85300713614713 10.0289294178538 10.1211854200726 10.3886573143608 11.0227786320718 11.4896934400712 12.0856097679293 12.7253555780704 13.2816607900698 13.7236803220694 13.974895156 14.189180836 14.3034665160001 14.508876098 14.616018938 14.7434289660666 14.917807348 15.0015424598032 15.0751574079349 15.2344928560647 15.405957046321 15.4377565401912 15.1963881960633 14.4600472560627 13.053921146623 11.3142595567629
-9999 -9999 -9999 -9999 -9999 10.7472697831322 11.2590060519142 12.531777476 13.0423785612956 13.2595263550735 13.3463480143291 13.2900802562516 13.1813085242306 13.026837622 13.096077251151 12.9806673676478 12.6583693295828 11.8358472582515 11.489347761784 10.8297282581006 9.99564982195596 10.1548260454969 11.5338771343753 12.7047001336982 13.0275077909644 12.7742581191153 12.3667297307484 11.8559844395262 11.7002692239853 11.8025973454088 11.5526463952809 11.153653884 10.948244542 10.8602670641803 10.9416979981866 11.1327679294465 11.1743945458407 11.4537371225745 11.805134062 12.3640806600839 12.9497354000001 13.3979186247547 13.7409142140001 13.974895156 14.189180836 14.2838264060001 14.4927225388218 14.638805185044 14.762441998 14.8755366983103 15.0639079820566 15.3021880652704 15.3711303567421 15.081821534415 14.7654987968554 14.4684283884361 13.5963312910313 11.7358051935051 11.4423703579328
-9999 -9999 -9999 -9999 -9999 -9999 11.9652250196125 12.8182843024761 13.2600621987896 13.1903780198891 13.2881875673576 13.493347362826 13.360215667411 13.2071303651185 13.3265829796157 13.0109054679999 12.582334108 12.0293322456366 12.0654516622101 11.7778814297057 10.4334113517688 9.70260962430727 11.4230397238731 12.9935384724474 13.4727212070421 13.3730542283079 13.0803217215736 12.8607513528394 12.6909425377895 12.4858020639999 12.2968505526368 11.9840136539999 11.778604312 11.703499828 11.8213977426001 11.9420312849657 11.978086201537 12.0636649994973 12.2992810877108 12.6144257659712 13.0038326861163 13.4051096231208 13.6978982583477 13.921329256 14.1609490403577 14.257032416 14.4778169131107 14.7545304818449 14.923161778 15.0443762946267 15.1410927443807 15.0398098131272 14.7356513124199 14.1047412939959 13.9324917429534 13.9091575485935 12.8937823166411 12.1804350946841 11.3997200238428
-9999 -9999 -9999 -9999 -9999 -9999 -9999 13.7066909053707 13.9229985697729 13.8579788993766 13.837737477976 13.8896033349224 13.90355474 13.90355474 13.9566157783823 13.7088390515485 13.3893148562438 13.503598372 13.3758486964229 12.9988060384396 12.5017568970583 12.3076354801865 12.9888070475584 13.7141430531855 14.0222204401938 13.951876034 13.7599879223989 13.5807509354052 13.294788226 13.0904748870942 12.975038292 12.6994996411088 12.4637639797896 12.408704652624 12.43570316 12.4454456930302 12.4431083093833 12.490958446 12.653510748 12.819529806 13.0562129729771 13.451871146249 13.675400334774 13.876672526 14.1534580774292 14.403466516 14.6117296232647 14.7372982554678 14.7403117210127 14.5476502083072 14.215325813537 14.0683753411781 14.0883557872749 14.3130620200299 14.3685109433345 13.8936554886392 12.6839080218315 11.3477810537493 10.4378503134468
-9999 -9999 -9999 -9999 -9999 -9999 -9999 14.3767272854004 14.1934809900126 14.0946368087826 14.326054176907 14.4400399947422 14.4913878397889 14.50534315 14.4723628971489 14.4127401813822 14.3495994379133 14.344678042 14.2395950909264 14.1507367450131 14.0612673520377 14.1891521748625 14.4922714038003 14.6627921311072 14.653609532 14.487590234 14.3122106307758 14.044788106 13.7563397402864 13.5819817111825 13.3919896873028 13.220141167639 13.0391209991785 12.9548341989419 12.895830826527 12.821523871996 12.7539644030703 12.8578987798676 12.9536930784027 13.099889696 13.325968188681 13.5894391048094 13.8525209017217 14.0389816337472 14.0538772620806 13.9070838294252 13.836218036771 13.2057878373944 13.4400656538072 13.3318880750293 13.3401655858226 14.079839057988 14.5387602260652 14.7095431953089 14.4748305219051 13.6234056528706 11.6299230150578 10.3217550118163 9.74365645265751
-9999 -9999 -9999 -9999 -9999 -9999 -9999 -9999 14.454714432408 14.2529454536712 14.553475065141 14.7851559647798 14.910653948 14.94463441 14.9030455180845 14.89284588 14.847242217588 14.8919480025757 14.849933928 14.9487805469032 15.023597943067 15.1834799527693 15.3086625566055 15.296466572 15.189323732 15.023304434 14.809018754 14.521570936 14.280447394 14.066161714 13.8028889227045 13.7358088002635 13.627584087032 13.4815457388043 13.417895332 13.2950580515232 13.2100019589391 13.2231366561493 13.1714815179855 13.2091937256436 13.317807588 13.4628398994943 13.5896268953222 13.487379943834 13.0490922830092 12.2804535543214 11.9420317326222 10.5414923471654 11.2002949145145 13.3058857945254 14.1920018462057 14.6195597118568 14.7766876510792 14.830459514 14.4204789127311 13.2301423544037 11.0413330348092 9.77662138212017 9.46637874657885
-9999 -9999 -9999 -9999 -9999 -9999 -9999 -9999 -9999 14.8074428096641 14.6511439049418 14.7757487438574 15.1202992071753 15.2512071495215 15.3105153293179 15.2730109708857 15.171472032 15.2670226287071 15.3352073865035 15.4839235297001 15.5420991398074 15.6577888958927 15.76606293 15.7461550694855 15.6410468347181 15.448310014 15.234024334 14.9870749126712 14.760807284 14.546521604 14.3845959300604 14.373304554 14.167895212 14.0518850665504 13.846970521016 13.5529200969576 13.3864690771612 13.1706524880944 12.9428584175684 12.835283615772 12.9150832820244 12.7575481912544 12.7334456328516 12.2514485777591 11.7699310816301 11.1446764410836 11.7708130016763 11.96726908579 12.5686119141534 14.4565255620796 15.0309376840116 15.1015095937848 15.1229647828375 15.0157205826223 14.5145957119999 12.9297968332069 10.9060424915334 9.54233928768961 8.83417215876298
-9999 -9999 -9999 -9999 -9999 -9999 -9999 -9999 -9999 -9999 15.0689141993402 14.863194365623 15.0603206723069 15.2938924791222 15.4679965405513 15.576509573941 15.5520171674094 15.5903087248385 15.7621941477325 15.8774797703034 15.8249943 15.885604496 16.0483981939838 16.0596234845872 15.9538591008419 15.769738534 15.555452854 15.3868914251291 15.189378644 15.0297453579872 14.8587786265838 14.846521604 14.6300173454513 14.3629213548897 13.8927415577349 13.3329591614384 13.0049047720281 12.4726865363212 11.9444008203025 11.8758446651112 12.1933438551206 12.1146662176795 12.1479241534351 12.2733518259224 12.0628137114231 12.0767512248873 13.0006394054376 14.2846182957103 14.9915649123034 15.2655205588632 15.424938908 15.5153591154265 15.4853251262889 15.1747747494307 14.4388475731451 12.8147986308566 11.080265426287 9.7365532379972 8.87805433171975
-9999 -9999 -9999 -9999 -9999 -9999 -9999 -9999 -9999 -9999 -9999 15.3660583477986 15.3476105450163 15.4229841705541 15.599890416 15.814176096 15.83927998 15.842747456 16.048156558 16.123260562 16.055410174155 16.169530166 16.3202891677216 16.3257422153401 16.2211590655982 16.021527064 15.8991930490505 15.805397822 15.617950004 15.4302134902896 15.2856115787721 15.135812984 14.9064694851044 14.4449210841709 13.6450759310189 12.9431796455157 12.1774058705727 11.5325000370206 11.2913892635952 11.7226370079656 12.5318378915573 12.570388186647 12.6796330910255 13.1905468934256 13.067939084 13.7598275607917 14.6740411621637 15.2353067094295 15.462441758 15.569584598 15.676727438 15.7528175989318 15.666173714 15.1522564244251 13.8787033522265 11.8969549341099 10.2870612223765 9.55810623782304 9.45051968600146
-9999 -9999 -9999 -9999 -9999 -9999 -9999 -9999 -9999 -9999 -9999 -9999 -9999 15.7659179486474 15.906081136982 16.0380995122876 16.1261952284068 16.1311535397976 16.1788437202044 16.2085809069799 16.2945125551843 16.4676895741213 16.55356566 16.5193275987326 16.4130381299618 16.2810197546562 16.1796570046495 16.080403522 15.892955704 15.7458149334336 15.563128447872 15.3487676351776 15.0344619744832 14.4312274415777 13.3896777790944 12.6667145707996 12.3604728527081 12.5974672969659 12.702062877683 13.1847152564906 13.7692402966414 13.8766666410645 13.9693361630791 14.43541468 14.8174003529446 15.2022009245641 15.4433461455241 15.57678283 15.599944608 15.707087448 15.7854770699845 15.7657623072901 15.5800287265958 15.0206331580985 13.4995150304138 11.3724462169747 9.71759862981808 9.54011782750428 9.81537503157042
-9999 -9999 -9999 -9999 -9999 -9999 -9999 -9999 -9999 -9999 -9999 -9999 -9999 -9999 -9999 -9999 -9999 16.3663962887674 16.2913753975596 16.383870758 16.4947367757864 16.614230768 16.68392567 16.639334892 16.532192052 16.4744616738488 16.401832042 16.2332873874972 16.0907122048298 15.980403522 15.8580558674839 15.7305021859999 15.4136695684139 15.0650455418599 14.3776815167521 14.2738092380714 14.3987949209853 14.4641592977731 14.5790270257997 14.7395427682914 14.8495565249833 15.0556101992436 15.203487108 15.3668563970589 15.4635035696885 15.58392567 15.5853524432836 15.6134440010434 15.707087448 15.814230288 15.8524976399755 15.755409702 15.544800586 14.8396319769832 12.9722385066693 11.1176956199577 9.92879179793302 10.2775511775684 10.5597161233593
-9999 -9999 -9999 -9999 -9999 -9999 -9999 -9999 -9999 -9999 -9999 -9999 -9999 -9999 -9999 -9999 -9999 -9999 16.5739983406764 16.598156438 16.705299278 16.7848437167974 16.7569652308377 16.696017379122 16.639334892 16.59106851 16.525049212 16.344744234 16.210763532 16.103620692 16.0826201548398 15.9785151967994 15.7716199515183 15.7307388643131 15.578591592 15.4822754534472 15.4341349325979 15.3919227408848 15.3510316214827 15.3606010735231 15.36427404 15.4505048332074 15.489309429644 15.578516088 15.59106851 15.6015784522351 15.69106851 15.6924992398456 15.723161778 15.8027066539262 15.771484032 15.664341192 15.0297186944244 13.8469376440873 12.4810371147219 10.7847865825044 10.490570795499 10.9017684827463 10.7999554431562
-9999 -9999 -9999 -9999 -9999 -9999 -9999 -9999 -9999 -9999 -9999 -9999 -9999 -9999 -9999 -9999 -9999 -9999 -9999 16.812442118 16.8968369917277 16.89821135 16.860763412 16.79821135 16.746477732 16.640387985766 16.533980702 16.4255292474187 16.239037768989 16.112552182 16.1 15.998235495788 15.89821135 15.882192172 15.775049332 15.667906492 15.59821135 15.553620812 15.49821135 15.49821135 15.49821135 15.571373248 15.59821135 15.5997754811039 15.6 15.699944608 15.79821135 15.7824789347345 15.7004142831422 15.6720260755499 15.566129842 15.1962306001909 13.9394724778642 13.1116685130145 12.8288744177065 11.6592904200126 10.8920819412277 11.0603288408112 10.7232344124376
-9999 -9999 -9999 -9999 -9999 -9999 -9999 -9999 -9999 -9999 -9999 -9999 -9999 -9999 -9999 -9999 -9999 -9999 -9999 -9999 17.0012401513016 17.0037315974734 16.9645570957516 16.9029667150234 16.848266382 16.7442758994266 16.639334892 16.4629471538766 16.3261037208984 16.2132242496734 16.105409342 16.0052613752234 15.991123662 15.9 15.8780781204515 15.8037316103234 15.7645573229015 15.70535419 15.6563907153515 15.61070838 15.61070838 15.6799530509735 15.70535419 15.70535419 15.70535419 15.7 15.7084008548485 15.778626872 15.669003780797 15.5487651115205 15.3160800199485 14.4501937443821 12.9428685639882 12.0424775052647 12.0426419548545 11.4994315925883 10.452985448394 10.882672042506 11.0137453528117
-9999 -9999 -9999 -9999 -9999 -9999 -9999 -9999 -9999 -9999 -9999 -9999 -9999 -9999 -9999 -9999 -9999 -9999 -9999 -9999 -9999 17.0609851091886 17 16.9609817449039 16.860763412 16.8051392213808 16.733980702 16.626837862 16.4494257811921 16.2485297740498 16.1185823790925 16.098266502 15.9922329406228 15.91249703 15.9096024656619 15.8734823491957 15.81249703 15.81249703 15.81249703 15.81249703 15.81249703 15.81249703 15.8024613228007 15.8 15.8 15.7 15.7 15.6799772790249 15.5026260716547 15.1223545519858 14.594067189758 13.8542954209179 12.2761244802065 11.6231225266335 12.2298512044734 11.2967687080926 9.78328759241262 10.3760391074236 11.2212585352348
-9999 -9999 -9999 -9999 -9999 -9999 -9999 -9999 -9999 -9999 -9999 -9999 -9999 -9999 -9999 -9999 -9999 -9999 -9999 -9999 -9999 16.96072026 16.9680749863409 16.98036013 16.9387869273215 16.8526868018118 16.753620572 16.646477732 16.539334892 16.432192052 16.2490360362633 16.1372057852463 16.01963987 16.01963987 16.0010268422246 15.9333279052851 15.91963987 15.91963987 15.91963987 15.91963987 15.91963987 15.9052709683433 15.819695262 15.8 15.8 15.719299460382 15.6947702376752 15.5993157731972 15.2376746440221 14.4856282104209 13.5150092000695 12.6163566525597 11.6019419927017 11.4247987938384 12.2085106740002 11.7774812590421 10.6348443890566 10.644257526505 11.0754001680321
-9999 -9999 -9999 -9999 -9999 -9999 -9999 -9999 -9999 -9999 -9999 -9999 -9999 -9999 -9999 -9999 -9999 -9999 -9999 -9999 -9999 16.7277683965126 16.7738529453645 16.8315944887585 16.8602902448814 16.8889860010044 16.833980702 16.726837862 16.6412028713733 16.539334892 16.4068581103808 16.3237799917422 16.1511880961348 16.1224923400119 16.1 16.077811604234 16.02678271 16.01484015552 16 16.0157686467259 16.0091010171511 15.9464328409718 15.846477972 15.8033618787822 15.7746661226593 15.6093951316089 15.4150536443466 15.1932526620326 14.6354148591626 13.28269214 12.306217544157 11.5629991246043 11.3166406242711 11.583758774 12.0938283554372 11.7859545947734 11.1238993972651 11.4912090638786 11.7312878771867
