catData/variables/futureClimate2070/rcp45/MPI_ESM_LR_2070_rcp45/bio15.asc
NCOLS 409 
NROWS 350 
XLLCORNER 60.897278365 
YLLCORNER 5.843756025 
CELLSIZE 0.0892857 
NODATA_value -9999 
[rows 104 to 129 of 350, columns 180 to 239 of 409]
143.223387223182 144.174906241475 144.887615281707 145.595555704151 147.249376306594 145.96538284 143.941367528518 143.127598712149 141.78617272 140.817546261187 139.98257142 138.608609227401 137.503011626144 137.3392555 137.3392555 137.3392555 135.73321354 133.887018501636 132.107649679193 134.029201463251 134.58977642 133.624174828139 133.10766412 132.3392555 132.3392555 132.3392555 132.681061920358 132.610997657198 132.3392555 131.855861312311 130.87549242 129.507403072576 128.39338012 128.005870402536 128.3392555 128.445080722352 129 128.897199687239 128.413331510317 127.848734732127 127.318939665429 127 127 126.26841222 125.469411475654 124.46481092 123.39338252 122.32195412 121.25052572 120.233431863435 119.599943979009 119.64227048 120.3392555 120.78512728 121.85655568 122.92798408 123.775450593672 124.73158538 125.80301378 127.73334858301
144.591452945725 146.87387386 148.070261446979 148.2320517 148.40101635749 146.78675064 144.8213678 144.8213678 144.684885856786 144.107605369331 143.293136395448 141.256162278434 139.30406042 138.3377991876 138 138 136.723745827848 135.895356801731 134.87549002 136.403576530503 135.91126542 134.83983702 133.76840862 133 133 133 133 133.241783320559 133.139566085558 133 132.526768222207 130.661789939999 129.46480852 128.420881296145 128.963559122262 128.655091471621 128.904890134496 128.410743079386 128 127.55412582 127 127 127 126.568863542683 126.4106839 125.536239319999 124.46481092 123.39338252 122.32195412 121.4106839 121.274206199862 120.999939406255 121.564461767628 122.08412721849 122.715537224607 123.58872858 124.271115843159 124.841818942959 125.80301378 126
144.980499740001 147.815900898477 150.08815906 150.903696258895 150.01834442 148.937952119313 147.403555710477 146.9642246 146.852570390058 146.17909012 144.91373837036 143.07246664 141.197516969221 139.30464074 138.163839028802 137.647290218593 137.102013011616 137 136.510141532035 136.508925042244 135.91126542 134.83983702 133.76840862 132.853910436919 132.5178877 132.7328502835 133.249399093709 133.787010076081 133.658110334128 133.4821123 133.094967165453 131.672687684755 130.53623692 129.473769934825 128.954046695384 128.565057494407 128.76841102 128 128 127.76908724643 127.23271436336 127 127 127 127.387143977477 126.60766772 125.53623932 124.46481092 123.436160238314 122.887010371476 122.4821123 122.4821123 122.85655568 123.4821123 123.4821123 124.07084088 124.823999480011 125 125.80301378 126
146.087581140001 148.896898742655 151.15958746 152.912037130418 152.16120122 150.526651116511 148.91126302 148 147.76840622 146.864712929633 146.17909012 144.908594902704 143.07246664 140.92960984 138.716061735375 137.26840742 137 137 137 136.543961025008 135.91126542 134.83983702 133.896603874599 133.25052092 132.5535407 132.99941728 133.784496319257 134.325887887279 134.5535407 134.14857575965 133.19698142 132.12555302 131.05412462 130.53623692 129.50442382697 128.911344600434 128.471258172203 128.5535407 128.5535407 128.5535407 128.03623812 127.5535407 127.5535407 127.5535407 127.912054741612 127.12555542 126.05412702 125.53623932 124.5535407 124.39338252 123.5535407 123.5535407 123.720714429324 124.246808177212 124.5535407 124.816384049717 125 125.404962283355 125.912053670109 126
148.230437940001 150.255903903785 152.23101586 153.28086197612 153.020296604802 151.59035194 149.480774249472 147.79980317322 146.663206976252 146.3750309 146.234600361977 145.55412102 143.96538524 141.82252844 139.432089673426 137.89337652 137.123105800848 137 137 136.98269382 135.91126542 134.83983702 134 133.886358219189 133.6249691 134.07084568 134.948268727776 135.470731409361 135.6249691 134.89337892 133.82195052 132.75052212 131.67909372 130.98269622 129.91126782 128.939934833538 128.7118221236 129.189376499263 129.6249691 129.6249691 129.10766652 128.6249691 128.6249691 128.6249691 128.1231088007 127.672056262162 126.67909612 125.98269862 125 124.939935733612 124.6249691 124.6249691 124.6249691 124.792184794938 125 125 125.41257771365 125.899336223488 126 126
150.609953884105 151.614909064916 152.743220785727 153 153 152.66178034 150.457127328969 147.568130469781 145.3036025 145.3036025 145.3036025 144.85772352 143.629239306163 141.82252844 140.139408324541 138.96480492 137.89337652 137.6963975 137.037690578702 136.98269382 135.91126542 134.951374118865 134.535117841946 134.211022217243 135.217927052863 136.53506908 137.246247585191 137.392795 137.392795 136.66120482 135.030556288434 133.82195052 132.091816870056 130.98269622 129.973060688321 129.584862072489 129.1612779867 129.99941488 130.6963975 130.6963975 130.17909492 129.6963975 129.6963975 129.186921598977 128.19698382 128 127.05412702 126.67909612 125.6963975 125.6963975 125.6963975 125.6963975 125.6963975 125.6963975 125.6963975 125.6963975 125.896822809521 125.490525770331 125.862819288858 126
150.813440161562 152.355649247908 153.57084928 153.7678259 153.7678259 154.50103464 152.201306308467 148.041371505905 144.409997802563 145 144.712487146406 143.78629512 143.112068724625 142.274575020141 140.600770564343 139.26840742 138.19697902 138 137.780391677719 136.995981953234 136.67909132 135.644848615735 134.946230479781 135.303512115297 137.28454816 138.98152838 139.5356518 139.5356518 139.028762487126 138.03623572 136.778367203905 134.989781780579 132.87607514 131.75052212 130.699695034032 129.962814861483 129.99941488 130.838178687486 131.28750916803 131.7678259 131.25052332 130.7678259 130.260938429908 129.26841222 128.813560441123 128.096404703361 127.05412702 126.99598306767 126.7678259 126.7678259 126.7678259 126.7678259 126.7678259 126.7678259 126.7678259 126.315784848206 126 125.26841462 125.186439001659 125.903593453857
150.66016658 151.849195727177 152.96376908 153.1607457 153.95457970835 154.994435440384 154.398033572033 151.120194451628 148.684021352845 147.009137564879 145.150544460597 143.55412102 143 142.41126422 141.233717266771 140.10766172 139.03623332 138.8392543 138.8392543 137.8392543 137.824990597824 137.51834562 136.872872661508 137.86949180665 139.42740496 141.12438518 141.6785086 141.6785086 141.018346819999 139.94691842 138.201553223755 136.090360339999 133.94750354 132.82195052 131.824990983613 131.6785086 131.715735532702 132.09356293914 132.738699149018 132.8392543 132.32195172 131.8392543 131.17909492 130.10766652 129.165319517965 128.12555542 127.05412702 126.1607457 126.235212549403 127 127.194360033088 127.8392543 127.8392543 127.8392543 127.8392543 127.25052572 126.28521471586 125.882400795982 125.165321532176 125.140562820334
150.66016658 151.73159498 152.071723880138 152.885665408031 153.94588018 155 154.976222757609 154.265857499295 151.35817784 148.939363982957 146.502787205211 145.37548642 144.350262518452 142.785795430283 141.33983582 140.934656126054 140.10766172 140.707028622392 139.95997086944 139.8213654 139.740556353102 138.896377375066 139.05295678 140.12438518 141.57026176 143.26724198 143.8213654 143.285216095921 142.25052092 140.512845999584 139.125257968584 137.161788739999 135.880324284922 134.80406162 133.74055853874 132.9106827 132.9106827 132.937747394235 133.341001293934 133.504632797897 132.953795930271 132.9106827 132.25052332 131.17909492 129.376373577054 128.12555542 127.05412702 126 126.08872978 127.145853283789 127.931367388042 128.275950500127 128.9106827 128.9106827 128.9106827 128.858099052802 128.16120842 126.488881101722 125.19698622 125
151.64227768 151.276690978875 151.806547075058 152.015642980447 152.034809655952 154.034887848543 155 154.51950386 151.30936161797 148.704025253048 147.60766052 146.974134815515 145.93886149999 144.96104742901 143.637814550999 142.245717006504 141.967745937991 141.979865137514 141.965190386981 141.947225608523 140.980523735972 140.9642222 141.19581358 142.26724198 143.71311856 145.41009878 145.456171237057 143.815176132561 141.691486008065 140.273211376429 139.19698142 138.109910125419 137.03623572 135.96480732 134.89337892 133.9821111 133.9821111 133.9821111 133.988809523114 133.55412582 133 133 132.33984062 131.26841222 130.182618743857 128.248864791646 126.125174667152 125.034880777343 126.08872978 127.16015818 128.227443750829 129.28512608 129.9821111 129.9821111 129.9821111 129.9821111 129.32195412 127.51894034 126.17909732 125.9821111
154.07173401139 153.32194452 152.25051612 151.17908772 151.948777728103 152.01730858 153 152.83983462 151.549211855184 149.75051732 148.699136816828 148.08320686235 148.0535395 146.907588559293 145.44691482 144.37548642 144.107079 144.107079 144.107079 144.03623332 142.969555725046 142.258666934132 143.04114021331 143.30301978 144.334352643334 145.760802150846 145.832467789976 143.158241350798 140.626136939999 139.254039292442 138.957006786736 138.118830974085 137.05412462 135.983622655729 135.0535395 135.044964582627 134.780810178194 134.037316100983 133.62555422 132.97612811934 132.9464605 132.9464605 132.981805103126 132.307581063947 131.207530235231 129.29792816559 127.16179354 125.12438038 126.279788011944 128.21369768 129.28512608 130.0535395 130.407935368656 131 130.510395812987 130.0535395 130.0535395 129.361122835452 128.30406522 127.232636819999
155.422333051152 154.39337292 153.32194452 152.25051612 152.1249679 152.015145563106 152.8750321 152.734882251191 151.797348008339 150.859813765488 150.2499358 149.80405682 149.185288983067 148.53623212 147.46480372 146.484800908378 146.149583954473 146.1249679 146.1249679 144.984856536972 144.11387892588 144 143.76840862 143.22728428887 143.422410022713 143.265188420138 143.23275922 141.57259744 139.594738702613 138.908574711545 138.172365065603 138 137.05412462 136.122805482951 136 135.859854351345 135.096026711506 134.69698262 133.62555422 132.609845779938 132.060321682913 132.073572474236 132.702628548616 133 131.49431888568 130.14124581717 128.344661559955 127.26723718 128.327577205726 129.28512608 130.35655448 131.1249679 131.1249679 131.1249679 131.1249679 131.1249679 131.1249679 131.033543211391 130.297337165758 129.25052572
156.066742026304 155.41208756717 154.39337292 153.32194452 153.1963963 152.19299695893 152 151.96854411198 151.849087861495 152 152 151.55412102 150.48269262 149.41126422 148.469489622344 148.1963963 147.39337532 147.1963963 147.1963963 145.192997430281 144.91126542 143.968544583331 143.617496010144 142.69698022 141.926459762906 141.716035189431 141.08990242 139.660990755037 138.870346669006 138.215695124468 138 138 137.05412462 136.986094618368 136.178969628157 136 135.76841102 134.756494112268 133.82195052 133.108828260782 132.584293732692 132.78512728 133.1963963 133.1963963 132.39338012 130.619244820066 130.207026646458 129.41009398 130.3927926 130.521496306033 131.382500132559 132 132 132 132 132 132.129652388291 131.608491581766 131.235083664759 130.32195412
156.516642336238 156.2678247 155.249731824158 154.359748005643 154.2678247 153.25051612 152.244058744952 151.882730864849 151.43739194535 152 152 151.55412102 150.344144926143 149.14343952 148.7321753 148.7321753 148.359292026124 148.2678247 148.2678247 146.245883497533 144.91126542 143.83983702 142.937974108129 142.42915552 141.458013591474 140.55412342 139.48269502 138.842322659121 138.24882115068 138 138.215068210283 138.033626199915 137.307453409886 137.263190320313 136.91126782 135.95710504071 135.562611569092 135 134.62555422 133.673541938496 133.2678247 133.85655568 134.2678247 134.071887422298 133.412051387504 132.39338012 131.575279867107 131.548317043092 132.2678247 132.2678247 132.2678247 132.2678247 132.167539514084 132 132 132.15767605532 132.751175334879 133.195936634923 132.46481092 131.39338252
156.884710458782 156.751804135091 155.599556482075 155.042592622834 155 153.98269142 152.941367315549 152.3392531 152.260684192194 151.897198786066 151.533713379938 150.87561482 149.462377172318 148.07201112 147.6607469 147.6607469 148.46376788 148.957406562958 149 146.96538764 144.91126542 143.78550123253 142.507723613598 141.69698022 140.872967294146 140.366135331982 139.48269502 138.41126662 138 138.248194236495 139.14227168 138.76146496875 138.357615045121 137.98269622 136.91126782 135.83983942 135 135 134.752586111647 134.3392531 134.3392531 134.728255269969 135.223961116159 134.855858742287 134.406080471585 133.761466554543 133.6785062 133.6785062 133.648404347073 133.3392531 133.3392531 133.236454328688 132.752587697439 132.3392531 132.163757410304 132.58872858 133 133.48339277192 133.130158034208 132.12555782
156.24948508 155.85772352 155.5893185 155.073987888688 155 154.39337292 153.374238863948 152.934223041494 152.35772472 151.28629632 150.21486792 148.960325271675 147.66132962 146.58990122 146.178637 146.479088538143 147.39233948 148.104647696948 148.567091505507 146.96538764 144.91126542 143.67967404 141.904889704674 141.41074333778 140.779330760235 140.227568237311 139.695142605144 138.82194812 138.681797730053 139.252502627492 140.21370008 140.4106815 139.46480612 138.400484062326 137.73263082 136.595427432765 135.4106815 135.4106815 135.564459454599 135.821363 135.608916400492 135.4106815 135.799725635583 136 135.526767709327 135.4106815 135.4106815 135.814257643309 135.358391399145 134.7555889984 134.4106815 134.10766652 133.4106815 133.227570208582 132.695145433873 132.757630143673 133 133 133 132.484675046145
154.69594678 155.009603585297 155 155.421581860211 155.026091701008 154.508926157773 153.91126302 152.83983462 151.656752565883 150.21486792 148.962913188321 147.35898491046 145.751183710759 144.44704442 144.0357802 144.76737278 145.83880118 146.457360903147 147.46376788 146.491621220709 144.868485600509 143.274780298271 141.76840862 141 140.819474825385 140.501936546792 140.4821099 140.177210710958 140.62438158 140.9642198 141.380095172698 141.4821099 140.992250404864 139.955877476354 139.436156382426 138.721113641208 137.4463297 137.4463297 137.640251462449 137.749259443667 137.214204015113 136.680386766105 136.4821099 136.4821099 136.4821099 136.4821099 136.4821099 137.46480852 136.439332394637 135.917055664144 135.370459717075 134.843071541706 134.4821099 134.251197319268 133.71482426195 133.198278023169 132.681731784388 132.5178901 132.905030993174 133.421577231956
153.66016658 154.73159498 155 155.390409228267 154.50058152 153.4464617 153.35772472 152.197638647836 150.557931867271 148.97570513762 147.351294977487 146.00058272 144.41184694 142.85772592 142.4464617 143.583018793026 144.80302098 145.87444938 146.422298201651 145.98269382 144.871648828564 143.304718976328 141.89660331878 141.5535383 141.17909012 140.752605115897 141.286348119211 141.5535383 141.848275250574 142.809926369068 143.1070766 143.1070766 143.1070766 142.08977282 141.1070766 141.03557103518 140.532421529712 140.1070766 140.1070766 139.66120242 138.820729809281 137.96480732 137.5535383 137.148576443958 137 137 137.523576921365 137.992275596473 137.46480852 136.464884613312 135.896605461796 135.5535383 135.5535383 135.5535383 135.03623812 133.96480972 132.89338132 132.5535383 132.912053197342 133.87444218
153.872551151047 154.274372479613 154.3750333 154.3750333 153.42915312 152.989182713876 152.230838662441 150.529833868993 149.14343952 147.958367711861 146.62554942 145.55412102 144.288685126164 143.03623092 142.6249667 143.630930859533 144.301159608099 145.24948268 145.3750333 145.368542906204 144.91126542 143.779770569073 142.480229799493 142 141.859569463376 141.6249667 142.14227168 142.6249667 143.037545829113 144.255894259453 144.6249667 144.6249667 144.6249667 143.60766292 142.6249667 142.6249667 142.538113120587 142.2499334 142.2499334 141.80405922 140.409333933676 139.03623572 138.212389070807 137.26841222 137 137.546498743496 137.97970056507 138 137.966723377798 137.46480852 136.480232799333 136 136.234014643535 136.6249667 136.10766652 135.03623812 133.96480972 133.6249667 133.6249667 133.952911636425
153.3036049 153.3036049 152.744383352982 152.6072098 152.978742265078 152.2742427097 150.49153183806 149.254977905822 148.607125446417 147.00058272 145.92915432 145.168233856865 144.48269262 143.821256932387 143.6963951 144.42798768 144.6963951 144.96188221657 144.341295348809 144.3036049 144.276664646712 143.83983702 142.929687722234 142.907416589995 143.3927902 143.3927902 143.549846526722 144.106386141039 144.593218551201 145.42798528 145.6963951 145.6963951 145.6963951 144.67909132 143.6963951 143.6963951 143.6963951 143.6963951 143.6963951 143.25052092 141.66178994 140.10766412 139.03623572 137.96480732 137.6963951 137.961880759267 138 138.684346503745 138 137.83984182 136.929689179538 136.6963951 136.810077944941 137 136.842945130581 136.10766652 135.03623812 134.186922626136 134 134
152.493108585961 152.2321765 151.42915312 151.903601126301 152.219611149612 150.443025774475 149.14343952 148.2321765 147.946812086738 146.69697782 145.62554942 145 144.879893383087 144.7678235 144.7678235 145.49941608 145.7678235 145.096400716475 144.05412222 144 144 143.962813919874 143.7678235 144.07084328 144.7678235 144.7678235 144.7678235 145.35655688 146.274711228486 147.26723718 147.535647 147.535647 146.809381655165 144.995982468923 144.7678235 144.7678235 144.7678235 144.7678235 144.7678235 144.32194932 142.73321834 140.727051038378 139.33984062 138.26841222 138.616574693884 138.7678235 138.7678235 138.995983026146 138.699694689766 137.83984182 137 137 137.287506426583 137.7678235 137.370628265242 136.863311058846 136.10766652 135.03623812 134.7678235 134.096406244804
151.215375676581 151.1607481 151.031663617409 151.140566462177 150.366916361763 149.14343952 148.146483799065 147.865580900521 147.123519839893 146.69697782 145.62554942 145 145 145 145 145.73159258 145.326063116795 145.020182023619 144.05412222 143.985475755553 143.235218764861 144 144.194363505689 144.887961753897 145.314256346517 145.8392519 146.273401087345 147.26723718 147.784623551828 148.57084208 149.513186769 148.944622510585 147.89337652 145.824729669758 145 145 145.194361491484 145.8392519 145.8392519 145.39337772 143.80464674 141.66178994 140.17909252 139.10766412 139.64226808 139.8392519 139.8392519 139.824731683962 138.91127022 137.974254876866 137.8392519 137.8392519 137.899442961893 138 137.48269982 137 136.893881019763 136.10766652 135.165321059409 134.859435081005
150.398799300875 150.0893197 150.820617272605 150.203653990654 149.14343952 148.087773702827 147.919188980432 146.92915432 146.0893197 146.062253849789 145.96655418653 145.50462709673 145 145 145 145.065345629768 144.28629872 144.0893197 143.14344192 143.087773917194 143.08873458 144 144.23159138 145.275954144157 145.944125899103 146.406051017638 147.42798528 148.49941368 149.511876627859 150.55295078 150.89308597866 150.03623332 148.96480492 146.89337652 145.9106803 145.9106803 145.931365758217 146 146 145.55412582 144.436492108745 142.73321834 141.25052092 140.845335098967 141.62437678 141.8213606 140.959972710812 140.89337892 139.82195052 138.76482740059 138.210901336151 138.9106803 138.9106803 138.9106803 138.864475203113 138.285217080147 137.309488343406 136.26841462 135.928275050075 135.114343033185
150.006080061667 149.281494205266 149.82091468 149.14343952 148.07201112 147.983001092997 147.01630368007 146.83983462 146 145.702399280729 145.0178913 145.009913945405 144.491947921528 144.0178913 144.0178913 143.299387862326 143.02141551074 142.159086956192 142.018859616875 142.034887849942 143.08873458 144 144.23159138 145.30301978 146.367748815277 146.990086011656 147.51730498 149.166933554479 150.642270480001 151.71369888 151.9821087 151.10766172 149.107280880186 146.98269622 146 146.157295099015 146.9821087 146.9821087 146.9821087 146.53623452 145.46480612 144.382844557418 143.952406290485 143.9463261 143.960693103381 143.105417770314 142.965185802753 140.98269862 139.91127022 138.83984182 138.23158658 139 139.367744101155 139.9821087 139.9821087 138.815184659643 137.988188933424 137.25052332 136.9821087 136.10766652
149.30449001579 148.9464629 149.74948628 148.24437495239 147.949360318215 146.999073348822 146.85772592 145.9464629 145.727267979359 145 145 144.55412102 143.972304863066 143.389246326327 142.33983582 141.960832654885 141.14344192 140.9464629 141.89234068 142.07084328 143.14227168 144.21370008 145.28512848 146.340334079736 147.020046869658 147.49941368 148.57084208 150.23100386 151.71369888 152.0535371 152.0535371 151.132274764587 149.158888664807 147.03623332 146.14226928 147.0535371 147.28512608 148.0535371 148.033490358832 147.577996630562 146.53623452 146.0535371 146.088880118743 146.146241288137 146.11762014247 145.232629619999 144.110561923682 142.035309454289 140.91127022 139.83984182 138.76841342 138.270569893429 139.26736918 140.314926897927 139.80478834 138.28217894086 137.928268690254 137.985629859648 137.239977249041 137.0535371
148.679666839999 148 148.702673161807 148.00058272 147.047356709634 146.859888895354 145.91126302 145.020015146794 145.1249655 145.087098181765 145 144.55412102 143.48269262 142.926428338884 142.21487032 141.14344192 140.07201352 139.8750345 140.82091228 143.14227168 144.21370008 145.265113633123 146.260532312598 147.1249655 147.49941368 148.57084208 149.64227048 151.228860898802 152.742659226919 153.1249655 153.024615881641 151.360381744079 150.060888330201 148.10766172 147.21369768 148.1249655 148.32761384732 149 148.672347024121 148.069246610159 147.547342395561 147.1249655 147.78512488 148.765130047278 148.297333138442 147.141245515837 145.226455529882 143.09036274 141.03623572 139.944793072957 138.76841342 137.659118601516 137.10910036739 137.444419410076 136.405216815643 135.647279522728 136.575219674169 137.823008312805 138.1249655 138.1249655
