catData/variables/futureClimate2070/rcp45/MPI_ESM_LR_2070_rcp45/bio17.asc
NCOLS 409 
NROWS 350 
XLLCORNER 60.897278365 
YLLCORNER 5.843756025 
CELLSIZE 0.0892857 
NODATA_value -9999 
[rows 189 to 215 of 350, columns 122 to 182 of 409]
-9999 -9999 -9999 -9999 -9999 -9999 -9999 -9999 -9999 -9999 1 1 1 1 1 0.411254619999889 0 0.431155478540417 0.589330499999936 1.46378948000011 1.97777759740088 2.01731578000022 3 3.06577799334231 3.64227048000026 4.58925395603011 4.62554221999997 4 4 3.6530358052251 3.13955724946105 3.30044571585273 3.88391849883358 4 5.50332384820568 4.99288992289201 4.58933049999994 4.56071433547099 4.68364571390161 5.71377443836311 6 6 6 6 6 4.96795788975394 4.58933049999994 5.46378468000035 7.0926505338124 9.19597198000004 10.3038429368154 11.74949828 12.5893304999999 12.8923550800003 14.11755989807 15.4458813800003 16.3048664313024 16.2423691340114 16 16.7315949800001 16.1969766199999
-9999 -9999 -9999 -9999 -9999 -9999 -9999 -9999 -9999 -9999 1.4820979 1.33600691522874 1 1 0.750602570307672 0.212989631332645 0 0 0 0.874458980000171 1.94588737999994 2.01731578000022 3 3.16017257999997 4.11994663390416 4.66399192773629 4.62554221999997 4 4 4 3.65809585593802 3.8609949624215 4 4 4.48987581750041 4.9910333641398 4.52488012578032 5.04714827257935 5.4820979 5.7851248800001 6.4820979 6.4820979 6.4820979 6.19826730273719 6 4.8895068005434 4.4820979 4.93497955617599 5.9458825799999 8.00896539289514 8.73816192874631 11.1601677800001 12 12.3030245800003 13.5683829646932 14.9637834800003 15.5179021 15.5179021 15.5179021 15.8967966764915 16.0070525902978
-9999 -9999 -9999 -9999 -9999 -9999 -9999 -9999 -9999 -9999 2.42532773800104 1.86470427996584 1.34625274206728 1 0.769031573866625 0.227640248166475 0 0 0.444498545734407 0.943949236298912 1.42231383833181 2.01731578000022 3 3.07151284443112 3.57467093353582 4.13529464849727 4.27928814946955 4 3.71365277459644 3.44647369999992 3.44647369999992 3.85143341930415 4 4 4 4.45605711117192 5.03962087086123 5.53513210710564 6.25639181014553 7.2423461769606 7.55352630000008 7.55352630000008 7.26718040305965 6.73714281490727 6.55352630000008 5.82192892000001 5.55352630000008 5.06949291322485 6.46945346474177 8.00958208270887 8.72150527864945 10.60664148 11.7028628532193 12.8565508800004 13.7207097074567 14.4458813800003 15 15.3258820664443 15.1881067355888 15 15.3585288196551
-9999 -9999 -9999 -9999 -9999 -9999 -9999 -9999 -9999 2.16017498 2.76839661999978 2 1.62553981999994 1 0.676700321959187 0.154239112334225 0 0 0.803030580000166 1 1 1.40318265809547 3 3 3.08686085902446 3.37504529999995 3.37504529999995 3.37504529999995 3.18102889814946 3 3 3.73159977999993 4.50185623532357 3.53196320076594 3.37504529999995 4.01731338000019 5 5.16017017999995 6.46319716000034 8.18937813537789 8.62495470000005 8.62495470000005 8.43093919825828 7.8819732074483 7.21237899315473 6.72561784113869 6.12309996456777 5.67204006972553 6.33445233196163 8.64226568000021 9.65823598739411 10.2602653868997 11.7986728176141 12.6780698800003 13.84307759956 14.7921804159266 15.3232951783671 15.8457581873396 15.7524076269538 15.6249547 15.1231014644591
-9999 -9999 -9999 -9999 -9999 -9999 -9999 -9999 -9999 2.04863183088516 2.2332981997348 2 1.62553981999994 0.68949072840485 0.146550722215038 0 0 0.509475394075139 0.940196755304856 1 1 1.02257314344496 2.30361689999998 2.30361689999998 2.30361689999998 2.51464143903544 3 3 3 3 3 3.22212605724425 3.54742982662425 3.07623420799151 3 4.00525663476418 4.36541517585599 5.16017017999995 6.46319716000034 8.30302698000011 9 9 8.63975254042377 7.71487631999993 7.10317844081619 7.50947205143634 6.89335731999991 6.69638310000002 7.35507974329636 8.32092788000015 9.42721010907351 10.793642389687 11.4648965657767 12.3030245800003 13.7489059599999 15.3105042576369 16.2136928800002 16.6963831 16.6963831 16.6963831 15.8933597199999
-9999 -9999 -9999 -9999 -9999 -9999 -9999 -9999 -9999 -9999 2 2 1.62553981999994 0.554111419999793 0 0 0.506889020282677 0.937681112770945 1 1 1 1.01731578000022 2.0681388019622 2.76781150000009 2.58998560414465 2.30302937999996 3 3 3 3 3 3 3 3 3.72626136532129 3.23218849999991 3.3890672392146 5.0371896738389 5.69538566000024 7.53521548000001 8.23218849999991 8.23218849999991 7.71487631999982 7.09548970784062 6.49311466521257 6.96378587999998 7.04573514868043 7 7.21962305742622 8.00401941047977 8.40966726000072 10.3551671634135 11.2315961800002 12.5356903373073 14.2292081557468 15.4458813800003 16.5173097800002 17.9040798901866 18.5356230000002 17.9738959610137 16.96478812
-9999 -9999 -9999 -9999 -9999 -9999 -9999 -9999 -9999 -9999 2.83923989999999 2.58492353925597 1.62553981999994 0.554111419999793 0 0.494098613836747 0.945369502890203 1 1 1 1.7938264302024 1.8420235865244 2.01426652325124 2.29518332002193 2.7683990199998 2.04871503343174 2.47502000984146 3 3 3 3 3 3 3 3.94588497999991 2.98546992069998 2.26376801742714 3.45594140584616 4.62395726000035 6.46378708000012 7.16076010000002 6.78655664106107 6.23835704221199 6.16076010000002 5.50059111999988 5.89235748000008 6.83469137530472 7 7 7.17528816512425 8.17747876000081 10.1601677800001 11.2315961800002 12.3517388417836 13.8494689614899 15.8200828247636 17.3565496800002 19.0167162600004 19.8392399 19.1076449199999 17.362287258871
-9999 -9999 -9999 -9999 -9999 -9999 -9999 -9999 -9999 -9999 3 2.69696822000001 1.9665488355383 1.46477971999983 0.910668300000035 0.96326192566257 1 1 1 1 1.08449772766391 2 2 2.01430848886478 2.06864239073489 2.27595925033463 2.94411925006565 3 3 3 3 3.66624472793293 3.91066830000003 3.11432841286746 3.08449751326782 2.99845336633184 2.91859575406847 3.16017017999995 4.04137818973799 4.48169038000004 5.5196680443304 6.04950014393014 5.52890019647001 5.62547908312965 5.33983101999987 5.73159738000007 6.80302578000011 7 7 7.9279792800002 9.00733491967282 10.1601677800001 11.2315961800002 12.3030245800003 13.7489059599999 15.8917627600006 17.9884073979264 19.5519994624745 20.6011927771257 20.1790733199999 18.3046215399999
-9999 -9999 -9999 -9999 -9999 -9999 -9999 -9999 -9999 -9999 2.01790329999989 2.01247803113305 2 1.55411141999979 1 1 1 1 1 1 1.92895287446969 2 2.08715536632237 2.98209670000011 2.98209670000011 3.28512608000008 3.98209670000011 3.98209670000011 3.47404375812005 3 3.64835213373268 3.9951947503413 4 3.98434434151138 3.05314618256253 3 3 3.16017017999995 4.22745220114288 4.98752188293111 5.00670398700471 5.01790329999989 5.00864170484775 5.58874058000006 5.98818079670044 6.71369408000018 6.9964735114471 7 7.92894816040549 8.98240662366835 9.0887393800004 10.1601677800001 11.2315961800002 12.6006240200375 14.7310026600001 16.8738594600007 19.0167162600006 20.5708348800003 20.9939158603318 20.2684050199999 18.3939532399998
-9999 -9999 -9999 -9999 -9999 -9999 -9999 -9999 -9999 -9999 1 1 1 1 1 1.03151265533903 1.0181892324081 1.0391590798447 1.85655568000014 2.88117857564976 3 3.00092682885609 3.1375192388912 4 4 4 4 4 4 3.44276954687871 3.67836074086851 4.03915895138446 4.05352509999998 4.05352509999998 4.00289651185701 3.98268661999981 3 3.16874330490146 4.27272734284578 5 5.02004276166003 5.07739107391285 5.59667319383433 6.61075328158148 6.41050224134265 6.7994887570758 7.05352509999998 7.92797928000039 8.94877922031715 9.01638440806456 9.94647490000002 10.1066426800001 11.1904672886944 12.3030245800003 14.1233589399999 16.9156286054532 19.0604556022949 20 20 19.960841305536 18.3834100467167
-9999 -9999 -9999 -9999 -9999 -9999 -9999 -9999 -9999 -9999 1 1 1 1 1 1.51517958416024 1.37985476883834 1.85655568000001 2.82764259842213 3 3 3.01731578000022 4 4 4 4 4 4 4 4 4 4.73159977999993 5 5 4.17230665884856 3.98268661999981 3 3.30032653541326 4.87504649999995 4.95077506349087 5.49940888000005 6.51512254109593 7.06463996748367 7.12495350000005 7.78512248000019 8.12495350000005 8.12495350000005 8.89014156961974 9 9.1227904324606 8.98891170388111 9.03521428000003 10.3382388600004 12.2159350618573 14.0765697295635 17.1569762009849 19.3320424475954 19.8014816038253 19.7500929999999 19.1099133733332 18.1723637019128
-9999 -9999 -9999 -9999 -9999 -9999 -9999 -9999 -9999 -9999 -9999 1 1 1 1 1 1.66017378000019 2.73160217999996 2.84229932894139 2.97534601596448 3 3.01731578000022 4 4 4 4 3.92646326969378 3.8036180999999 3.8036180999999 3.8036180999999 3.8036180999999 4.67889083483587 5 5 5.18575468955394 4.17906851999991 3.21380917936591 3.52147945572839 4.1963819000001 4.7429268459166 6.37445538 7 7.51731218000009 8 8.66016898000013 9 9 9 9 9.97928945685654 8.7323055280488 8.16016778000009 9.41771106213923 11.3501587172333 13.3561421599998 15.4989989600004 17.5402654825152 17.9377336423905 17.6072361999998 17.6072361999998 17.7649354571087
-9999 -9999 -9999 -9999 -9999 -9999 -9999 -9999 -9999 -9999 -9999 1 1 0.880586445623573 0.732189700000005 0.732189700000005 1.39236348000019 2.26786128069352 2.09146854107787 2.64026985822864 2.985508083004 3.01267843576362 3.7559563054691 4 4 4 3.62554221999997 3 3 3 3 4.26726960343814 4.94724891779429 5.23418847902681 5.96037753974064 4.98732332149168 4.35655208000012 5.26781029999999 5.26781029999999 5.5708372800001 6.54198267234558 7.11941226888697 7.78512248000008 8.42548109135198 9.0189895274156 9.07188098618296 9 9 8.74668290248546 9.70683985749395 8.24404498002027 8.11727319878793 8.96378588000023 10.0352142800003 11.3808132950903 13.2367305338583 14.7138788800002 15.1965691 15.3733685098399 15.6603080710723 16.5352130800001
-9999 -9999 -9999 -9999 -9999 -9999 -9999 -9999 -9999 -9999 -9999 -9999 0.872968615334988 0.366135382223869 0 0 0.436217285098791 0.660761299999928 1.73621093001965 2 2.94588737999994 3 3.08874418000015 4 4 3.89720070706698 3.2863035199999 2.66076129999993 2.66076129999993 2.86048570316933 3 3.48341282171241 4.46378948000007 5.53521788000007 5.66076129999993 4.99412663147613 4.74950308000005 5.71509722364189 6 6.30302698000011 7.12702975631923 7.63386144612185 8.51731218000009 9.58874058000006 10 9.26840261999993 9 8.70335130076703 8.03575869679191 8.99412744564902 8.60212575190967 8 8.15302979297196 8.96378588000024 9.90818533785356 10.7674039800001 11.8388323800001 12.3215225999999 12.9816891800002 14.05311758 15.1245459799999
-9999 -9999 -9999 -9999 -9999 -9999 -9999 -9999 -9999 -9999 -9999 -9999 0.368651196186022 0 0 0 0 0 1.60606116000033 2 2.55744255272873 3 3.01585554991506 3.24444340892804 3.58933289999996 3.41074771669939 2.62554221999997 2 2 2.58874298000008 3 3 4.1328054338991 4.92601313221557 4.61155615832984 4.57201951999978 3.67807468000009 4.81527970332697 6.0951099172128 6.71369408000014 7.78512248000004 8.41066710000004 8.71553618724479 9.34696419335909 9.8604425805266 9.26840261999993 9 8.48465538218327 8.41066710000004 8.98979806995466 8.37422475615947 8 8 8.17858235450286 8.74310841938292 9.26277256673155 9.89420057284584 10.1786657999999 11.1099410749259 12.0204858911889 12.98168918
-9999 -9999 -9999 -9999 -9999 -9999 -9999 -9999 -9999 -9999 -9999 -9999 0 0 0 0 0 0 1.21892373101985 1.51790449999999 1.51790449999999 2.51790449999999 2.4719434898291 2.08295409995859 2.62955829025368 3 2.80606663067798 2.26713577910973 2 2.30491263868545 2.83617015152686 3 4.60605636000028 5 4.51012191237565 3.99103332258769 3.52805526720009 4.32034035999989 6.11994594677569 6.82093148000009 8.07288313364878 9 9 9 9.66016898000013 9.62110242470976 9.09496038507796 9.4215704251344 9.48209550000001 9.48209550000001 9.35057526422862 8 8 7.85391321359245 7.71183538338038 8.2507664068319 8.26851178295588 8.31963702725627 9.51997432253209 10.3885076476806 11.3209278800001
-9999 -9999 -9999 -9999 -9999 -9999 -9999 -9999 -9999 -9999 -9999 0 0 0 0 0 0 0 0.803030580000166 1 1 2 2 2 2.10340430230665 2.44647609999991 2.6537474307709 2.80092247730966 2.26717791615152 2.32588331038732 2.84827464307412 3.40495796346477 4.71508496999672 5 5 4.5439405303802 4 4.2316823373026 5.57467144923609 6.30302698000011 7.54164075768639 8.69328342885238 9 9 8.92933036306262 8.89295219999982 8.53442038154598 8.83689899191511 9.41652081462351 9.44647609999991 9.31811670770051 8 8 7.86470676731735 7.34625522614385 7.1990753796051 7.2155096469336 7.26285752652753 8.10664268000024 9.17807108000004 10.6939921130889
-9999 -9999 -9999 -9999 -9999 -9999 -9999 -9999 -9999 -9999 -9999 -9999 0 0 0 0 0 0 0.803030580000166 1 1 2 2 2 2 2 2.14043952913611 2.65370529372932 2.8059823565945 2.84575900054018 3 3.73159977999993 5.30488248805605 5.62495230000002 5.0338193062136 5.00432669330359 5.19444522048286 4.68502375761758 5.37633664524801 6.738601871887 7.37445538 8.16722768615636 8.37504769999998 8.37504769999998 8.1274528424396 7.54278653469497 7.87690050817036 8 8.9458825799999 9 8.91126061999959 8 8 8 7.62554702000003 7 6.67670606317636 6.74298097968893 7.66016658000033 8.73159498000013 10.1041954517153
-9999 -9999 -9999 -9999 -9999 -9999 -9999 -9999 -9999 -9999 -9999 -9999 0 0 0 0 0 0 0.803030580000166 1 1.65869771580555 2 2 1.88845890661881 1.4649017525732 2 2 2.44588618000018 3 3 3 3.73159977999993 5.04684303389203 5.9125739853001 5.71281106449194 6.38596137263246 5.97305628287561 5.69638070000003 5.99829707874084 7 7.11369188035682 7.61412415883513 8 8 8 7.77787291560257 7.94019482520559 8 8.9458825799999 9 8.97305701156185 8.58484294924612 8 8 7.62554702000003 7 7.20317931342661 7.57151367409498 7.89682001490311 8.73159498000013 9.24381339651923
-9999 -9999 -9999 -9999 -9999 -9999 -9999 -9999 -9999 -9999 -9999 -9999 0 0 0 0 0 0 0.803030580000166 1.67141756242091 1.98743554206083 2 2 1.96280938449449 1.82158473998718 2 2.28751209104984 2.87133981343184 3 3 3 3.16987081135794 4.65179142416067 5.2030408603211 5.95844999519724 6.22817089071565 6 6 6.05377508272895 6.23219089999993 6.51970114830792 7.10353015617361 7.62938789934487 8 8 8 8.61657050141874 8.76780910000006 8.9874344275445 9.75451757202602 9 8.83983221999991 8 8 7.91305542556615 7.76780910000007 8.28511888000029 8.76780910000006 9.27469100764024 9.7054878968418 9.76780910000007
-9999 -9999 -9999 -9999 -9999 -9999 -9999 -9999 -9999 -9999 -9999 -9999 0 0 0 0 0 0 0.803030580000166 1.14058021177228 1.1607625 2.01453205191793 2.8392375 2.8392375 2.8392375 2.8392375 3.21369528000003 3.8392375 3.40508770516715 3 3 3.61398597036769 4.09743113557454 4.89463925405787 5.94588497999991 6 6 6 5.80563378671711 5.1607625 5.53521788 6.53496488881788 7.08316439933726 7.6548556725078 8 8.61398395619781 9.64226328000011 9.8392375 9.8392375 9.99721704357772 9.76476408457691 8.97425102726774 8.64487330088707 8 8 8.37420037464798 8.92240151350729 9 10.2142031301834 10.2252555579721 10.6739273338728
-9999 -9999 -9999 -9999 -9999 -9999 -9999 -9999 -9999 -9999 -9999 -9999 -9999 0 0 0 0 0 0.803030580000166 1.79633997403498 1.91066590000005 2.00154688962212 2.17015039854956 3.14586370672101 3.91066590000005 3.91066590000005 3.94411774876433 4 3.95378616757884 3.91066590000005 3.91066590000005 4.64226567999998 4.91066590000005 4.9887846915634 5.08449978339176 5.08933409999995 5.08933409999995 5.08933409999995 5.06864444929437 5 5.37445538 6.44588378000015 7 7.58874058000006 8 8.73159738000007 10.5343139746672 11.7070015028389 10.9599487889901 10.8949013808183 9.91126061999959 9 8.76840381999978 8 8 8.44588138000027 9 9 9.7191419672747 10.6902163217945 11.7136892800001
-9999 -9999 -9999 -9999 -9999 -9999 -9999 -9999 -9999 -9999 -9999 -9999 -9999 -9999 0 0 0 0 0.0143788246562413 0.892364680000086 1.01790569999992 2 2.00158902666382 2.17807827999989 3.24535970233254 4 4 4 4 4 4.64835054932135 4.99519410618077 5 5 5 5 5 5 5.22745164530628 5.68449323019574 5.37445538 6.00798386119951 7.03400438659732 7.99263611220334 8 8.73159738000007 9.81740451870899 11.75115634579 11.0541174200001 10.9826890199998 9.99841105928353 9.82479443621833 8.99585310827979 8.68449558722186 8.36774813727602 8.99007811822592 9 9 9.66016658000033 10.0130997202333 10.82092908
-9999 -9999 -9999 -9999 -9999 -9999 -9999 -9999 -9999 -9999 -9999 -9999 -9999 0 0 0 0 0 0.0429803648241676 0.881178274351314 1.94588737999994 3.08972961999977 2.19578958000013 3.10704539999998 3.10704539999998 3.39385582940302 4.05352269999999 4.05352269999999 4.57083728000011 5.02201158610435 4.96466584527967 4.94647730000001 4.94647730000001 4.94647730000001 4.94647730000001 4.94647730000001 4.94647730000001 4.95505004049309 5.2192027986824 5.65966914214235 5 5.44588378000015 6.51731218000009 7.55722959455889 7.98181132626586 8.73159738000007 9 10.7021052112609 10.9971034895646 10.9826890199998 10 10 10 9.98378130631202 9.96651903451265 10 10 10 10 10.039156938636 10.0535227
-9999 -9999 -9999 -9999 -9999 -9999 -9999 -9999 -9999 -9999 -9999 -9999 -9999 0 0 0 0 0 0.803030580000166 1 2.18226671721429 5.10763531999985 4.19151791418097 4.89506264006078 5.02893879721212 5.12495110000007 5.12495110000007 5.06923713133422 5.45267555418303 5.35987000296818 4.33982861999984 3.9085858027292 3.87504889999993 3.87504889999993 3.87504889999993 3.87504889999993 3.87504889999993 4.03521907999988 4.87504889999993 4.87504889999993 4.92183751163187 5.44588378000015 6.51731218000009 7.07356378308569 7.70263123976326 8.73159738000007 9 9.7651901683097 10.8209314799998 10.8599009459929 10 10 10.0289381974468 9.85978977459785 9.57756686825081 10.0692377310995 10 10 10 10.6401813824946 10.8750488999999
-9999 -9999 -9999 -9999 -9999 -9999 -9999 -9999 -9999 -9999 -9999 -9999 -9999 -9999 0 0 0 0.143671670307352 0.841711336215037 1.171725817263 3.84828874925912 5.98948514843689 5.30401481999999 4.49002235765188 5.27708266465216 6.19637950000007 6.19637950000007 5.75049331999989 5.19637950000007 5.0807624479591 4.46947274551863 3.46477972000014 3.03868122752568 3 3 3 3 3.16017017999995 4 4 4.30092001970326 5.33706671377465 6.51731218000009 7.58874058000005 8 8.73159738000007 9 9 9.76013063188075 10 10 10.0314536685525 10.3824949379699 11 10.9264651110141 10.5328630449272 10.1963795000001 10.1963795000001 10.1963795000001 10.1963795000001 10.0386821701473
-9999 -9999 -9999 -9999 -9999 -9999 -9999 -9999 -9999 -9999 -9999 -9999 -9999 -9999 0 0 0 0.731602179999955 1 1.64027195693017 3.87728297287416 5.48633728267892 6.6672143124829 5.8827229022874 5.60696071581681 6.81334576189609 7 6.67352566150469 6.26780790000001 5.67906491999993 5.09100878908206 4.26840022000007 3.41202911052653 3.03362151966898 3 3 3 3.11727534045154 3.79421602935282 4 4 4.77235636123439 6.24950428000008 7.47860205837465 8 8.73159738000007 9 9 9 9.73682811720078 10.0237651070052 10.3850814831906 11 11 10.62554702 10.3264708239733 10.8707317458313 11 11 11 10.1969766199999
