catData/variables/futureClimate2070/rcp45/MPI_ESM_LR_2070_rcp45/bio10.asc
NCOLS 409 
NROWS 350 
XLLCORNER 60.897278365 
YLLCORNER 5.843756025 
CELLSIZE 0.0892857 
NODATA_value -9999 
[rows 130 to 155 of 350, columns 290 to 347 of 409]
33.8459799354439 33.6884841903514 33.4412345659999 33.178595921942 32.959038554 32.7447528739999 32.606477159328 32.4192998371233 32.3928705850813 32.316494216714 32.3 32.3059507936954 32.31963939 32.275053412 32.21963939 32.21963939 32.153624892 32.1052717350766 32.0354702871281 31.932196372 31.91963939 31.8192998842579 31.7928707779468 31.71963939 31.7150914536438 31.7 31.7 31.655414262 31.5584305991749 31.5080774026205 31.433985742 31.3412105097889 31.3038689720064 31.212557222 30.9922527255971 30.7972220012152 30.6357942423754 30.5485237640679 29.7529551849836 27.626278533984 27.0104207555354 27.4787788283288 28.0851696591934 29.0454225297949 29.4737226502485 28.676248039926 28.3101592137181 27.5970800133183 26.0573318170738 24.3184653319999 23.2038936692889 22.8206003102352 22.6055783361742 22.5345692442918 22.4264082170071 22.3734999763102 22.7661055261525 23.4680757417735
34.101835402 33.935820664 33.6378400270348 33.307309496 33.066181394 32.8284764595229 32.610827804 32.4719518801517 32.4 32.3882744538264 32.32678223 32.348967432499 32.4 32.3673551411757 32.32678223 32.3110150871496 32.2516656566877 32.153624892 32.12678223 32.039339212 32.001450027963 31.925053532 31.8244062342883 31.8 31.7830448013863 31.7186671987763 31.7 31.655414262 31.6 31.541128582 31.4516658324103 31.4071891277523 31.319700062 31.2359763479223 30.9683575137597 30.853101540403 30.8114155654343 30.6492755167283 30.603625252 30.3633733056779 29.8704581714857 29.6064837407579 29.3320150822916 29.0449288099303 29.045665937606 28.5540511160296 28.6543201260767 28.4941073862249 27.553657505341 25.6576742719997 24.5122113968426 23.8244467589488 23.6148689946933 23.4273460513519 23.2637991258735 23.3604225135607 24.5219479856565 25.6096938160183
34.316121082 34.150106344 33.8037911879999 33.448377406 33.1800073309832 32.8715952959999 32.6126644740432 32.3976538262929 32.2582802062065 32.2073155207334 32.3035806391836 32.43392507 32.43392507 32.43392507 32.43392507 32.375053412 32.33392507 32.260767732 32.2066831784034 32.1422220870666 32.0072508934634 31.998271302 31.8941381374766 31.8284921810534 31.8 31.769699942 31.7 31.6705400048265 31.6163761137035 31.541128582 31.5 31.426842902 31.3469418721765 31.3042600463535 31.1750052382329 31.0667080625864 30.9898943179436 30.8572688095264 30.7707622110036 30.6272710875336 30.5834054901273 30.5323184359999 30.418721554629 30.1356402473853 29.3577305239792 28.5659268718589 29.0166225191936 29.2606183080001 28.9573314803038 28.5308589369976 27.6210666729075 27.3234315384069 27.0550411553384 26.3904326718157 26.1447051641947 25.9350970403326 26.6992657338247 26.9275419724433
34.4680948090167 34.282256204 33.9630519211885 33.621595176 33.3331443593938 33.0198060459999 32.698377526 32.4745100292981 32.0306112616088 31.9486560970929 32.1884128259904 32.54106791 32.54106791 32.5593784393177 32.5608918755797 32.482196252 32.44106791 32.3378663822718 32.2526774268309 32.2051568900665 32.0496727190362 32.039339212 31.9374245547585 31.8905623923441 31.8315577245532 31.7821435425494 31.725690894348 31.7 31.648271422 31.56530584296 31.5139572339374 31.4568869931652 31.4080904037321 31.3484681433705 31.3022235735268 31.2403580684242 31.1895439173569 31.0755591482189 31.0137741277675 30.8874910979728 30.80533955 30.726514052575 30.719997052117 30.677080340794 30.5485719294996 30.3129789530113 30.3285274105902 30.4032787251925 30.1488703017307 30.3645188150642 30.1063181393073 30.3275934589632 29.7435674712831 29.6338508083065 29.5554328757868 29.307551626228 29.3205873243881 29.3927585991622
34.496541884 34.282256204 34.0337819863003 33.728738016 33.487609914 33.1858809759999 32.8188517887585 32.4982679459073 32.2006986507121 32.2452053331051 32.3520049661829 32.6964215 32.6783698823467 32.6713014936114 32.6732100331239 32.6177215598592 32.5327693308109 32.3889550253298 32.3094974319349 32.212556982 32.1510146935357 32.098271302 31.9954054970063 31.9404900982584 31.8880070504769 31.8336028647878 31.7806086039475 31.7267156313171 31.6732101574181 31.6198283978466 31.5658117108887 31.512941164376 31.4584132643593 31.4060539309053 31.3510148178299 31.298271542 31.2 31.1917063980358 31.14821075 31.1336029804935 31.1 31.1 31.1 31.041128822 31 31 31 31 30.9510149421241 30.9 30.9 30.89170652233 30.8370467129346 30.8 30.8 30.8 30.8 30.8
34.4144685946761 34.2594903230441 34.0679705239999 33.82102261178 33.594752754 33.2930238159999 32.877009198 32.3467455890075 32.4651108527604 32.4482036379878 32.5008575012886 32.8167723027237 32.8386365730917 32.7860272405404 32.75535359 32.7227660138045 32.6045123985634 32.482196252 32.375053412 32.2195077223326 32.2 32.0992281984033 32.0504428752288 31.983985622 31.9 31.869699942 31.8 31.780094068611 31.726719965021 31.6737160253469 31.6188123282851 31.5673379820828 31.5109046915492 31.412557222 31.4 31.2992283055546 31.2504430080774 31.2 31.2 31.169700182 31.1 31.1 31.1286334921303 31.096482412 31.0188124611337 31 31 31 31 30.954396959294 30.9 30.9 30.876843262 30.8 30.8 30.8 30.7713666407183 30.74464641
34.2879357110453 34.241128102 34.0679705239999 33.853684844 33.639399164 33.3376702259999 32.921655608 32.0638452902155 32.841113942 32.74998572 32.7905129249426 32.9363565534706 32.96249643 32.917910452 32.86249643 32.803624772 32.696481932 32.543618367467 32.3695150774663 32.2172662985342 32.2 32.1 32.091128462 31.9939940365367 31.9480239954627 31.8886363965379 31.8390959554615 31.8 31.7805999365398 31.7257038954596 31.675242296541 31.6167758554584 31.519700062 31.4672058365428 31.4033837954566 31.3 31.291128702 31.2 31.2 31.1886364865465 31.1390961054529 31.1 31.1193999734517 31.1154247765489 31.0752423865495 31.0167760054498 31 31 31 30.9993518565526 30.9569523354467 30.8899918854462 30.8288189665544 30.8 30.8 30.7721358054437 30.7181036865569 30.7
34.2853445896309 34.2001301419976 34.0443034356356 33.853684844 33.639399164 33.3985650725353 32.8595567416626 32.4652962997825 32.9091324691295 32.735692042274 32.992796728 33.06963927 33.06963927 33.025053292 32.9336156987652 32.841128342 32.733985502 32.553685324 32.339399644 32.2734516614012 32.2037703689656 32.1 32.091128462 32 31.976842782 31.9 31.888632062834 31.8385900875327 31.8 31.7821262077338 31.7236674226329 31.626842902 31.5756203526336 31.5087447577331 31.405414382 31.3 31.2973066091667 31.2584871412 31.2 31.2 31.1886321356998 31.16963927 31.16963927 31.1286418114004 31.1 31.0777890438661 31.0137191465006 31 31 31 30.991128942 30.8951380636657 30.853513086701 30.8 30.8 30.7864635901988 30.7336162001679 30.7409972914654
34.1861544422155 34.105474094 33.957203152 33.776902734 33.562617054 33.2811905954548 32.8967947974332 32.469129000769 32.4944352661152 33.0755656855647 33.1589408931253 33.17678211 33.1480324785934 33.0896480766725 32.9853348140615 32.841128342 32.733985502 32.553685324 32.339399644 32.3 32.205414142 32.1 32.091128462 32 31.9946233825977 31.9535170861364 31.9 31.8896481323955 31.87678211 31.8315793930727 31.733985742 31.6830144654592 31.6151261232749 31.512557222 31.405414382 31.3754549634771 31.3 31.2962818550547 31.27678211 31.27678211 31.27678211 31.2425484238816 31.2 31.141128822 31.1 31.1 31.081356104448 31.07678211 31.0041574610201 31 30.991128942 30.9 30.8946234940436 30.8535174546905 30.8 30.8 30.7879898271073 30.7904506996268
34.064901885876 33.9638145149605 33.7946574761408 33.585834944 33.371549264 33.2165937471097 32.8368603705465 31.9946074258725 32.8461675257471 33.2704846898508 33.2 33.2254295099464 33.246481812 33.1465061902565 33.0399557486421 32.925053292 32.7625078175607 32.553685324 32.4067915282364 32.310538440865 32.205414142 32.1 32.0911284619999 32 32 31.9951292505265 31.9525010165749 31.9 31.9 31.841128582 31.7893881750194 31.722527892082 31.619700062 31.5859435297151 31.489339332 31.3997221495123 31.3690344851782 31.2295149073094 31.280565517792 31.2415041571066 31.3 31.2928328589038 31.2405119681977 31.1905364287009 31.1285227184005 31.1 31.1 31.1 31.005414622 31 30.998573972991 30.9704852941104 30.9 30.8951293276867 30.88392495 30.88392495 30.8405121696175 30.750592594719
33.9100946420916 33.8126058584396 33.7370208969709 33.6203078335021 33.3573391379666 33.2921893845646 33.1711358052875 33.0870000993564 33.2755202755251 33.3604690133105 33.2421779704416 33.384842066248 33.353624652 33.246481812 33.139338972 32.978583014123 32.8280889484082 32.5781303430606 32.419699822 32.312556982 32.1192768914669 32.00893221 32.0081397855956 32 32 32 31.9966555217206 31.99106779 31.9439597172169 31.841128582 31.8 31.726842902 31.619700062 31.6 31.505414382 31.4 31.3903362990329 31.2924982064359 31.2979315700954 31.2937742333734 31.3 31.3 31.248271662 31.2 31.1941034892828 31.1244454561859 31.1 31.1 31.005414622 31 31 30.983986102 30.9 30.9 30.9 30.9 30.848271902 30.741129062
33.798331254 33.7596078319188 33.7988187520827 33.7969015702466 33.4766564595895 33.3123320554256 33.1125202992618 32.9121910507064 33.3175848070661 33.4976375084598 33.4954606352125 33.49821063 33.460767492 33.353624652 33.246481812 33.080467314 32.8673628776228 32.652376268541 32.439047141295 32.312556982 32.110828284 32 32 32 32 32 32 32 31.9990743843438 31.939339212 31.8333776113283 31.726842902 31.6985631369994 31.6123325268367 31.505414382 31.3983024705089 31.301630629655 31.3 31.3 31.3 31.3 31.3 31.248271662 31.2 31.2 31.19869095313 31.1193477907061 31.1 31.0983075176217 31 31 30.9997134521134 30.99821063 30.9684532235588 30.936772434605 30.9544231672311 30.8990743929328 30.839339692
34.0529355956013 33.8423799738064 33.8017146883888 33.878511048 33.8293519107875 33.5483771659999 33.4211844803806 33.3229577016457 33.4279755480264 33.5901961897702 33.5313849428664 33.5713218193633 33.467910332 33.360767492 33.253624652 33.146481812 32.976858540346 32.764392264 32.5458077380608 32.3304674339999 32.116181754 31.9122505473424 32 32.0008573249219 32.0272709732816 32.101622104515 32.10535347 32.1029665858919 32.0510406959046 31.946482052 31.9018194165022 31.826842902 31.719700062 31.6172384448874 31.5057042393161 31.4983640744805 31.396482172 31.3044961579264 31.3 31.3 31.3 31.3 31.3 31.2442804728529 31.2018194293506 31.2 31.1239991222425 31.1006722599609 31.1 31 31 31 30.9987603109782 30.9659690308183 30.937442418 30.9108294839999 30.848958849792 30.835775592
34.2025739705522 33.8718692228769 33.8362763796939 33.973157578 34.0100345891646 33.7720208971875 33.7020296139311 33.6855586985478 33.5860964477628 33.7 33.6797363697398 33.608709890831 33.5672358725982 33.467910332 33.360767492 33.253624652 33.146481812 32.966181634 32.6816303351734 32.4501065839999 32.235820904 32.123263922 32.02499262 32.0390057916806 32.1153901077487 32.1515062888222 32.21249631 32.167910572 32.1060321465345 32.041128582 31.933985742 31.826842902 31.719700062 31.7 31.5226484760407 31.5 31.491128702 31.3859870383283 31.31249631 31.3087099508133 31.3 31.3 31.3 31.3 31.233985982 31.2 31.2 31.112557462 31.1 31 30.998891445092 30.98750369 30.9672406897663 30.9 30.9280845767504 30.8914083760539 30.78750369 30.7212760570876
34.2549719732942 33.954585396356 33.8923283045821 33.992796728 34.0210879702918 33.9855194798105 33.7151784616654 33.6361599727272 33.4820481004219 33.71963915 33.71963915 33.689338852 33.6122856359635 33.5641703290984 33.467910332 33.360767492 33.253624652 33.073324474 32.859038794 32.6447531139999 32.430467434 32.3182499535933 32.2392783 32.2392783 32.2578876372212 32.31963915 32.31963915 32.275053412 32.167910572 32.060767732 31.9406602528499 31.8412103342119 31.739339212 31.7024661316644 31.605414382 31.5 31.4928709495211 31.416494109417 31.4 31.3756508087067 31.31963915 31.31963915 31.3094801441077 31.3 31.233985982 31.2 31.2 31.112557462 31.1 31 30.991128942 30.8905650196528 30.8547259095328 30.8940494204272 30.8282116867307 30.7052534576965 30.6505627412416 30.5695876812809
34.3371779451406 34.135820184 34.0358839194703 34.099939568 33.8916045176748 33.9385393321603 33.8150558626155 33.851835042 33.7600597193032 33.8224929566087 33.8 33.769699702 33.6725848794748 33.6148409778306 33.548271182 33.4568953435584 33.360767492 33.180467314 32.966181634 32.7518959539999 32.562942249031 32.4531010002745 32.42678199 32.42678199 32.42678199 32.42678199 32.42678199 32.382196252 32.275053412 32.1521436347184 31.9856514159761 31.9071890633293 31.819700062 31.712557222 31.605414382 31.5 31.5 31.4882747668377 31.4205800904677 31.4 31.4100278889213 31.4148411063842 31.3621255403103 31.3110151169952 31.2516658496993 31.2071891276061 31.2 31.112557462 31.1 31 30.991128942 30.847669465439 30.6364863887446 30.8323661019 30.687672746 30.4761183613219 30.394707922 30.4957115134561
34.4658199369871 34.3361532253143 34.201834922 34.2161886540314 34.2066830497042 34.112556742 34.1 33.9988576012773 33.9309150943955 33.883985382 33.8 33.769699702 33.7 33.6705397392403 33.582196012 33.5139527201053 33.433985502 33.253685324 33.0666413428762 32.8887036892033 32.7411757104695 32.632196132 32.53392483 32.53392483 32.53392483 32.5236455868336 32.5 32.455414262 32.348271422 32.182257164 32.033985742 31.9020244808706 31.785775232 31.678632392 31.603577562111 31.5 31.5 31.5 31.4846989874196 31.43392483 31.471367488 31.489339332 31.43392483 31.375053652 31.3115296866173 31.2516614817098 31.206683293963 31.112557462 31.1 30.9994137049815 30.957204112 30.8128849533457 30.5566706539999 30.6727289983273 30.653747916 30.3769046539999 30.2494444106175 30.3895211194564
34.5608914211664 34.5063730887934 34.416120602 34.352091227287 34.260767252 34.153624412 34.1022233634075 34.0403576354476 33.991128222 33.890562212472 33.8315574415682 33.769699702 33.7 33.6816895776887 33.6284473322711 33.541128342 33.433985502 33.2837293381506 33.160767492 33.0177138419297 32.8496724920301 32.739338972 32.64106767 32.6344909380904 32.6 32.569699942 32.5 32.455414262 32.348271422 32.182257164 32.0068752243716 31.8426620495882 31.719700062 31.612557222 31.5611558905323 31.5 31.5036432353874 31.54106767 31.54106767 31.5535110992669 31.5888243435467 31.5737247271865 31.54106767 31.482196492 31.375053652 31.3110238529742 31.219700302 31.112557462 31.1 30.998271782 30.891128942 30.7745487387848 30.5893811337661 30.503350477409 30.587672746 30.3108294839999 30.251728098 30.2274692323688
34.67154260932 34.6 34.533985262 34.4621120634574 34.367910092 34.260767252 34.153624412 34.098271062 33.991128222 33.9 33.876842542 33.769699702 33.7 33.655414022 33.5750612730252 33.492917832 33.4176009181597 33.326842662 33.219699822 33.0672706889371 32.953624652 32.846481812 32.7439334962853 32.6917062353071 32.6370462971004 32.569699942 32.4819485879154 32.407203752 32.300060912 32.134046654 31.9515867844545 31.826842902 31.6809870523605 31.564346712 31.5028040808245 31.4526227884169 31.508871298 31.6 31.6111640971944 31.6639026312131 31.6986599347587 31.69642102 31.6714825244357 31.589339332 31.482196492 31.3397843576582 31.219700302 31.1547139555267 31.1026104168808 30.998271782 30.891128942 30.783986102 30.6073730479999 30.3919831498368 30.491251726 30.2788928047998 30.2500618482818 30.1035586554516
34.807248584 34.6781191322484 34.589338612 34.5148581797981 34.419699582 34.312556742 34.205413902 34.098271062 33.991128222 33.8911353724473 33.821489192 33.731118582003 33.6792739687719 33.600060672 33.5215514656784 33.4737157769035 33.4188121138713 33.326842662 33.264148660579 33.167910332 33.060767492 32.953624652 32.846481812 32.7464888552953 32.676842782 32.569699942 32.462557102 32.355414262 32.2196379211696 32.0594911160555 31.933985742 31.7863479974942 31.584046774 31.4572038719999 31.44464665 31.401728458 31.508871298 31.6088643618566 31.6656921649183 31.7167719643069 31.792796008 31.85535335 31.803625012 31.696482172 31.5527983615673 31.3941810556577 31.275053652 31.206950975892 31.105414622 30.9438750585583 30.891128942 30.7751218729914 30.5648377282336 30.3605991560001 30.366947113316 30.1645524740909 30.1661984371343 30.026904774
34.8383680754916 34.803624292 34.696481452 34.589338612 34.4320110701959 34.2579080373381 34.2020304195197 34.098271062 33.9855836987647 33.831497718093 33.776842542 33.6810634681913 33.6234612066664 33.555414022 33.5 33.4632074567602 33.4127458580976 33.3725632109554 33.3123116381868 33.212556982 33.105414142 32.998271302 32.8911284619999 32.783985622 32.676842782 32.569699942 32.462557102 32.355414262 32.1965428439999 32.041128582 31.8927293458932 31.7369100129646 31.539400124 31.412557222 31.340887592462 31.401728458 31.508871298 31.616014138 31.7144722289692 31.792796008 31.899938848 31.96249619 31.910767852 31.7668327687419 31.5679719639999 31.426843142 31.319700302 31.212557462 31.105414622 30.9 30.8855848687372 30.7154840901205 30.5594739439565 30.4477193723279 30.3736304126939 30.16249619 30.1301680995905 30.0190502172673
34.765026303342 34.7428478607098 34.7103182552002 34.626842422 34.4953195961811 34.2947525139999 34.203770188838 34.0970670463475 33.9187956341429 33.7888475753666 33.707203512 33.600060672 33.5042859318952 33.4471852045952 33.4663844170857 33.441128342 33.4 33.4 33.319699822 33.2734514515379 33.175053172 33.067910332 32.9545894389906 32.783985622 32.676842782 32.569699942 32.462557102 32.3243651865384 32.162927093952 32.0001310975575 31.8443041429328 31.6758970085766 31.5256811919138 31.412557222 31.305414382 31.401728458 31.508871298 31.616014138 31.723156978 31.830299818 31.937442658 32 31.9122485491817 31.7536159313088 31.5679719639999 31.426843142 31.2637803712198 31.142918432 31.035775592 30.8291574557485 30.7615129802258 30.753625132 30.6626084197228 30.5970773955734 30.4658963561112 30.3157708664174 30.2203177933693 30.1394099718249
34.748270942 34.6547970558111 34.62321813 34.550060552 34.442917712 34.3154721826813 34.205413902 34.0197602539999 33.814346352 33.707203512 33.600060672 33.492917832 33.4145245335431 33.4 33.4120104642107 33.4095492319124 33.4 33.4 33.3813558002817 33.3096414855951 33.205414142 33.098271302 32.9822569239999 32.783985622 32.676842782 32.569699942 32.4338077447334 32.2682804173896 32.148271422 31.982257164 31.833985742 31.653685804 31.519700062 31.4796974221283 31.382196252 31.401728458 31.508871298 31.616014138 31.7053766172561 31.776782714867 31.9086934850099 31.92321813 31.8594794392363 31.741128822 31.5679719639999 31.426843142 31.239400604 31.112557462 31.005414622 30.875053652 30.7720301995576 30.7195000023443 30.6822198235326 30.5626189739999 30.4807161074272 30.4430260959999 30.328509968 30.2138377869171
34.8756091139122 34.759569452332 34.6285220325762 34.526842422 34.419699582 34.312556742 34.205413902 33.996542124 33.791128222 33.6705451602859 33.492917832 33.385774992 33.31607529 33.31607529 33.31607529 33.31607529 33.3714777660045 33.4 33.4 33.312556982 33.205414142 33.0968204972167 32.905777626539 32.783985622 32.676842782 32.5442707061936 32.3726133375621 32.255414262 32.148271422 32.0316648308294 31.8625081774148 31.7150826863409 31.603624772 31.5105386121475 31.4847950876082 31.484202564636 31.508871298 31.6025743191245 31.6355097166313 31.709741567226 31.7635742221428 31.81607529 31.764346952 31.657204112 31.5394493271658 31.3654464610784 31.2228671826774 31.112557462 30.9260341178111 30.898271782 30.7836839322995 30.61607529 30.612352777212 30.5394008439999 30.4434613952765 30.4197375644792 30.351728098 30.3222017139815
34.9 34.782256204 34.6941032665355 34.5512871580761 34.3465719586876 34.221489192 34.114346352 33.9070490754776 33.7830489111339 33.5914873342544 33.4557536123571 33.278632152 33.20893245 33.20893245 33.2560406171966 33.3 33.3058967120266 33.30893245 33.30893245 33.221489432 33.114346592 33.0070493369155 32.8911284619999 32.783985622 32.6557540709192 32.4759258544692 32.362557102 32.255414262 32.1011634733655 31.950061032 31.8370215014112 31.726842902 31.619700062 31.5921892175765 31.5049307450351 31.59106755 31.5918599742582 31.6 31.623156978 31.7 31.7033445467045 31.6683295293161 31.6132442920723 31.550061272 31.442918432 31.3292408922376 31.219700302 31.112557462 30.910829244 30.898271782 30.7903365391796 30.69106755 30.69106755 30.6580614773449 30.5172838397999 30.4415700403654 30.4867556864898 30.3785842911014
34.8491966903949 34.7996824552524 34.7333770583527 34.6255331866684 34.437609554 34.2248887672894 34.0125205262684 33.8017586687526 33.7822564439999 33.5682573632052 33.3554746939999 33.171489312 33.10178961 33.10178961 33.153518428 33.20178961 33.20178961 33.20178961 33.20178961 33.2002247210056 33.105414142 32.998271302 32.8911284619999 32.7682578389101 32.5782179681109 32.469699942 32.3257842858469 32.2009916991742 32.0965428439999 31.941128582 31.833985742 31.7986907732585 31.717910452 31.6123324966993 31.5983072863217 31.6 31.6 31.6 31.600414419594 31.60178961 31.60178961 31.6009917034692 31.5491973975097 31.442918432 31.335775592 31.228632752 31.121489912 31.0143470719999 30.9984041912336 30.8999690716378 30.889339332 30.79821039 30.7754680672989 30.6994577557222 30.5865532092568 30.4883726137644 30.4966056564292 30.5153172452259
