catData/variables/futureClimate2070/rcp45/MPI_ESM_LR_2070_rcp45/bio16.asc
NCOLS 409 
NROWS 350 
XLLCORNER 60.897278365 
YLLCORNER 5.843756025 
CELLSIZE 0.0892857 
NODATA_value -9999 
[rows 100 to 124 of 350, columns 56 to 111 of 409]
83.0754340340157 81.5506474274702 80.0627877844563 82.071495549235 80.2072975449278 81.482611870529 79.4296854399996 77.2868286399997 74.5353771441003 68.7243792242629 64.6723877209144 70.1412004761796 69.7358282189848 61.2900810463199 60.7245289620567 58.4435710844714 50.7902183600849 45.1405146332078 43.9112438199999 42.688207426764 40.8219289199998 41.2170311862089 45.7652651 51.9903292242373 60.4122175759596 70.4717292192095 82.2635860974334 93.3314998914191 101.292465477919 99.063215570736 88.2001470415128 74.6525349350521 64.3452237440528 56.1634439730528 49.1617236135923 44.5850111682897 44.7489347600003 46.4936439945265 48.6590563400002 51.8102956764739 54.3557093040133 57.2091982837371 60.4521095085137 62.021649241526 63.10652028 62.1596981947371 61.9295810399999 59.9469040199999 59.3262912379874 59.7667304742627 59.4614992134874 60.4994352800001 61.5985620710126 63.8733343400005 66.3920937444876 68.4775842322375
87.2464039600011 84.6898550025617 80.5777824384346 83.8273706755867 80.88087893274 78.3548922850534 77.6998747094299 75.534042444698 75.8732383400002 74.8514150570101 68.339804310854 67.1705319695362 64.2064030448753 59.6556637977941 62.9659384471885 59.7369280007112 57.5877995278655 48.4219082485395 43.9223357064413 42.9848040350181 42.0183276199999 41.4772396356581 43.6383608962623 48.9948135506767 55.2894872220998 62.0257621005688 69.0415673997861 73.9025736891094 75.3774765633796 71.0189684992157 60.916653899999 52.4072299096799 46.8034675395377 43.0996443203567 41.2316105800001 42.6060779600002 44.7957320608191 47.406933910605 50.4873223820283 52.6845120396452 55.2304835400004 57.8045888037016 61.2859944031671 64.8419631417092 66.1958351800001 65.1098121780074 64.0724378399999 62.08976082 61.2499406 61.2499406 61.2499406 61.6958339800001 63.2845841600001 65.9426148533809 67.8676515951963 68.9815475800001
84.3058808797741 84.5609837849833 82.7047742199199 82.8066928689367 82.8758028502738 81.4681052468553 78.8729691976592 76.7056396556495 80.2392077373529 81.5322237427233 74.8199034217119 66.0291931921417 64.0410955447524 64.8190289322928 64.1934109062166 61.0173509709786 61.1635486628743 53.6051439857368 44.3753658016309 44.1963987 44.010274208175 43.0302390869216 42.1228533220187 43.7040479626945 48.1034338966383 52.3561701946195 55.5608461248135 57.0347410775038 55.4866217926005 50.3224414969083 42.4135210464707 42.1756706378908 40.928677347012 40.3565808800001 41.4280092800001 42.8024766600001 45.246255933376 47.9793649115277 50.3326488564307 53.6321774786664 57.1769416400003 60.3912268400001 62.314867632086 66.2745509162165 67.9352683458491 66.1929964892478 65.8573585513103 64.2011585194416 63.2418862454613 63.3332814096355 63.2699431352675 63.83869078 65.42744096 67.5702977600003 69.5834963451203 71.0716923397829
82.6378203755118 81.481191370607 79.9972787893778 81.5231477488894 84.7274099461627 82.5177203486223 77.8666587244591 76.3079722735402 75.2160611719996 78.2312833223105 72.963674244594 66.4246866433777 67.593666328326 68.3930235241481 64.6114589307552 63.5603229998227 62.5897548200001 60.2229924962647 46.4468980199999 45.4927524284739 45.2678271 44.7429070339852 43.2614775752151 42.4770067364446 42.6902993269772 43.9722834432882 44.9477141798664 45.0005732386367 43.1647988277784 40.8113863114673 42.174111314948 42.7114427588452 41.5118835324886 41.4280092800001 42.4994376800002 43.8739050600002 46.1170543724303 48.8733415400004 51.9490733051109 55.0340848400001 58.2483700400003 61.4626552400001 64.6769404400008 66.1422932800001 67.9062800577329 67.2505041199999 66.2440570752736 65.7225409259559 64.4994352800001 65.0459519284153 64.9101191800002 65.9815475800001 67.5702977600001 69.5554713066664 71.1048193945636 72.9988681600001
80.1770847551504 77.6803023599994 76.0537237026496 77.6137606788807 77.2053616914978 79.5268619059406 78.3430415369008 75.3216940071531 70.824435453366 68.6267652599993 66.8073425488719 65.6829689193304 65.4362141231133 65.4125403655569 64.0021077079966 64.8341147808894 63.4122974857769 56.8208897773406 48.619865842224 47.8575819200001 46.9391905226636 46.4782780748926 45.8907255675513 45.527237589995 44.9974348075612 44.2894943851174 44.0177665000001 43.28615472 42.745330702214 42.6785110000001 43.3035072271017 42.6899586495456 43.2505017199999 42.4450949944331 43.3101857431234 45.0481411006796 47.8019131400005 51.0161983400004 53.7131593600002 56.4447687400001 59.6590539400004 62.6251366339835 65.7483688400008 66.9170542188711 67.94589458 68.3219325199999 67.2806135137976 66.6270149627076 66.4314814821801 66.5757041735338 66.7137204800001 67.7851488800001 69.3738990600001 71.1277424166912 72.9988681600002 75.3899266518035
75.8320606957379 74.5295049507227 74.0222172679727 71.803534429551 74.5314364400011 82.4907302726486 84.9246710297656 78.5216036257634 70.3683257012954 65.7556612923792 66.4498816216255 67.9713342890831 66.2400364874349 64.4888292905244 65.4626358972411 64.7439743424902 60.5862210208426 53.3658168002682 50.7849170658484 50.3162845480343 49.5897548199998 48.8213677999999 48.6006867296825 47.9692767235651 47.4302779025518 47.4738438913307 47.3716089147863 46.5004399199998 45.4290115199998 45.2320516999999 45.2320516999999 44.8213677999999 44.76906376851 44.2320516999999 44.6952728600002 47.0167154098417 49.9447699400004 53.1590551400003 55.8560161600001 58.3458343343106 61.3912268400003 64.174362853455 66.9006864526629 67.7698130812205 68.76726238 69.4004751889859 68.8213677999999 68.8499810664969 68.8635095706342 68.1076473199999 67.7851488800001 68.8565772800001 70.44532746 72.8299744800484 75.1417249600001 77.7157295321864
73.6931596092448 80.2901915302482 76.6733110581611 70.1451365505763 78.8281051211095 83.9626732399999 85.9774508756713 81.0131197697866 72.1557796080425 67.7545448283894 68.3916397491684 69.5182561546135 66.4092771448227 64.7697013401295 68.0527101557258 64.6186633981951 57.8685739943402 54.9295690399996 52.8754684199999 51.9642246 51.9559385529953 51.9284492 51.7479127130837 51.6613098971257 51.4111226199999 50.9495121449115 50.9406062755071 49.844118382037 48.6432967199999 48.4463369 47.9903083314091 48.4272670576005 49.3747861 49.3747861 49.3913580222874 50.0524148600001 52.3892037101536 55.5168837800565 58.4809852600001 60.3399971995253 63.2630489106844 66.2884471591067 68.1831457688977 69.3565784800001 70.8840342915214 70.9642246 71.00701273194 71.2089324778506 69.7409022952827 68.8430610825679 68.8565772800001 70.1429763629867 71.9988681600001 74.7304751400005 77.2845817600002 79.7801552838239
75.6901399210826 86.5205636924157 75.8217180459735 69.6352355400656 80.5660265465045 83.55081956608 87.3102205212723 85.6389389272291 74.8612519955793 65.9423424183666 65.0322769028413 64.8901871767659 63.0190063399996 63.4759703053272 67.3776238244114 64.0472207535948 57.8723512498701 57.0724258399997 55.0674553780065 54.5719534154577 54.3386943800002 55.1070814 54.9398958841501 54.8596974893142 55.1624774544437 54.62540782 54.5089078097066 53.6023754368294 51.9666071966346 51.6606221000001 51.2383175964372 53.8119445629735 56.419501859018 57.2509908879106 55.8580230399999 54.5918333417672 55.9630975600004 58.7509244578123 61.6952704600002 63.2493746800001 66.3013460200005 69.1238408600002 70.0191457851325 71.4656002014037 72.5052289641212 73.1070814000001 73.1467052789889 73.321847167547 71.7720695940828 70.4928790193812 70.4815463800002 71.505227892619 73.607360880453 77.199229126763 80.3464149732985 83.004009500166
78.4621181200006 78.7038516983668 68.8114694772159 71.6623473730044 80.8083548208405 80.6256918618331 84.6977099558489 87.7195222846575 76.8844698599995 65.0118420241718 61.6634211837242 59.9860957397942 61.2427306037972 62.6309612043783 64.9072509415161 62.7516179599996 58.8278497684186 58.6011428670713 57.1944683300658 56.6650053455929 57.1065202800001 57.8749072999999 57.8749072999999 57.8749072999999 58.39223388 58.654105989971 58.0872821871663 57.6005302756959 55.8937960399996 55.4998763999999 55.4998763999999 58.5626803671462 62.30235306 63.704372227129 61.0366552399996 59.4998763999999 60.0147806185421 62.2125946400003 64.5862440328172 66.2066429500452 69.1030385070926 71.71315696 72.7518119986327 74.6238396600001 75.4660621843574 75.2607645272199 75.8194404299175 75.0897584199999 74.0183300199998 72.9469016199999 72.8584322215322 74.4322464687891 77.517442747257 82.1048153200005 85.73035034 88.6702603158441
72.9233972554039 68.0452570669447 65.418572983863 71.7752453140286 81.0373267599995 78.847084084809 83.5286621852209 86.4307038860858 74.470970179772 64.6978766741964 59.1565779850489 58.3011355950774 61.2172031132728 63.2411084659167 64.7432458148946 63.5945458685889 60.5550968600003 59.7032037653452 60.1240554837232 60.5306199389495 60.8559082797605 61.0891925 61.3499723186176 61.7855900000001 62.3029165800001 62.7855900000001 62.1254066199999 61.7855900000001 60.7387448137515 60.4819875000001 59.8232672078705 62.1584940200007 66.2048921494926 67.0237989296964 64.6259713399998 63.3002280880746 64.1600573800002 65.8127566335478 67.9667799456417 69.9630951600001 72.3063845559807 74.5524112600001 76.451463782398 77.9255462984136 79.0350870800001 78.7787856200709 78.3658498591536 77.92901272 76.6962929624683 75.7228601701618 77.2309174600003 79.9948123301975 84.4613914000003 88.8197790665241 92.6186674526659 96.0696034400001
63.2712970199988 65.306106480246 67.2204016710802 74.9059788115557 78.5665488331421 77.8729220199998 81.9642803219889 82.8506830080604 76.4213442159003 70.3010479765958 64.8999583310069 60.565368663739 61.8272793006962 64.2310542600002 65.5708684800001 64.8933549199999 62.6564138027582 61.5529795800002 62.556258686211 62.8908197693046 63.7134902448204 64.3034777000001 64.3904198841488 65.220396142734 66.1914134331177 66.7555390223981 66.41112022 66.0713036000001 65.8848584689448 65.1676898755398 64.8516908199759 66.1273022445093 69.3240840289932 69.3382794665224 68.0180931420379 67.3743425800002 68.4457709800002 69.9630951600003 72.1059519600002 74.2488087600002 76.3916655600003 77.9727737293532 79.9095532600006 81.1779438800002 82.2493722800001 82.2861547199999 81.3034777000001 81.14329792 80.0180960992558 79.6773767600002 82.1077574702874 85.9650715058031 91.1935643000003 96.7293788505021 101.551147420001 104.543507252135
59.8593673404675 68.9163680020042 71.2942229237571 77.6840801038305 77.4642953004377 72.2019092846931 74.104326263612 75.8854958509066 71.7146141654092 65.7683884191375 64.4599526278371 61.5788649971779 62.5346210946644 65.3024826600002 67.9902107566965 66.1754848596192 64.7413056620324 63.6958363800001 64.7529976057166 65.6779474799998 66.7493758800001 68.0264204624859 69.1962714999998 69.3396239301456 69.9519314567693 70.9457721799999 71.2508955604534 71.1962714999998 71.1962714999998 71.0557044359797 70.2416776921778 71.2191668406718 72.5177628999999 72.2231471366514 70.835658370381 71.6600561799999 73.0457579388748 74.7138431092831 76.39166556 78.0404092255988 79.8381248600001 81.8633785980853 83.2891398500727 85.1261285817696 86.3029117799999 85.5004399199998 84.4432779227039 83.5183288199999 82.8356567419603 84.2174151128223 87.6339377846647 91.8907747634937 96.7828804 103.222883700192 108.122182407967 112.501498371625
59.6199550130403 69.7335221012252 64.1931542974933 66.2716009657981 71.833762836716 64.7854080799997 64.8435704026596 62.2233751477881 61.1780526317006 58.6839292758735 59.0385887568836 61.2192666427801 65.0633282886329 67.5290080831995 69.499176155031 68.880000946276 66.9247345186935 67.6600585800003 68.650658262356 68.89223268 69.9636610800003 71.3381308600003 72.7320481000001 73.5441916169754 75.0707400800003 76.1421684800002 77.1546310829938 77.4640962000002 76.7327814006692 76.5534135000002 75.6075165200001 75.6758341038374 77.4725869679945 76.6141167203487 76.4847830316572 76.8564524800002 78.3023482600005 79.5932397071512 80.2062609789825 81.8569674691865 83.9630927600003 85.4396855544764 86.5350858800003 88.4809804600003 88.8165328499703 88.6989493818014 86.73261402 85.9529315290717 86.8743389800002 87.7239300273806 89.4085426200005 94.5063909944217 100.789772995379 106.691652852905 112.004327563434 118.633289339771
62.776032414631 65.9437080816274 61.3091721729435 74.6700996657104 66.0946310531057 65.6524449465996 61.4991231305968 56.4169604613648 62.8296156553808 59.6344971308851 60.0421725736095 62.5635118018952 66.2830400000008 69.4322516870956 71.5703073600003 71.9485788760859 70.0545345400003 69.9815499800003 71.0513906295718 72.2638369340668 74.3875270585625 76.2190179569429 76.9284444000001 77.3823192079524 79.4798042330864 81.4993104800002 83.2191123055339 84.611190650029 83.283062845476 82.8926666000001 81.9467696200001 80.9111753639807 80.944745592505 80.9284444000001 80.9284444000001 81.2314833800002 82.3096105895143 83.3842524949814 84.9538383994766 85.9316197720568 87.2666952600003 87.9594209870379 89.5559322974579 90.8364427180475 90.9642222 89.9474651399998 87.9805234354383 87.9670876400665 87.7587893511423 87.6131200778482 90.4799710200005 95.219554542086 102.12006560482 110.064409273811 119.471180857002 133.708403447164
65.9858249062277 59.1882854350554 57.7438880665989 76.3172983950297 61.4586322799871 57.766629576737 61.4218158130998 60.7553463101629 61.5854297134378 60.6141334787202 62.7435522603008 65.7999057587325 68.9266341034322 72.38419952522 74.006655578212 73.292868280966 73.1099755201444 73.1779462800001 74.3333788985011 76.4274481599998 78.3634928662855 79.51719938 80.6086767047862 82.1356206943921 84.2488111600001 87.0434662345035 89.7122955361471 91.0815875222093 90.4752024502826 88.5655789505385 87.3246971686391 87.1977602121822 86.2676974999999 86.1075153199998 85.49930808 86.5545119245302 87.2342067962914 88.1356160228868 89.241855277935 90.3821596224861 91.1606184999999 91.9313978804005 92.9312072975555 93.1070789999999 93.0564362771341 92.1080064636877 91.9831157399998 90.1520425546686 90.107079 90.3938911530251 91.4480531477968 94.758566371382 102.247508038881 112.60534908974 125.689400540001 140.846164468566
64.5209867857313 57.8008110695213 53.327839698106 68.0985524124006 59.3225884467964 57.7000950409958 59.8211103158916 62.9205559191785 60.985600569715 62.1752750800011 66.0818500962397 70.0102322332242 74.3554610400005 76.1979461676849 77.9052476703339 76.6102746419813 75.54721137913 76.3922314800002 77.4747515534268 78.8202407599999 81.1947105400005 83.8407834248718 85.37377906 87.0707376800001 88.6594926600002 92.4950389265351 96.9756016587735 97.7011799955237 95.8937912399998 94.6254030199999 92.7262843992068 91.6226743836447 91.4887802264963 91.254756781304 90.8275061921997 91.5377417449487 91.952510477903 92.8900447207546 93.8922278800001 94.3749037 94.4574051306906 95.7802349843222 95.4468980199997 95.2499358 94.5404541385679 94.5107001307031 94.9585562135806 93.109773350729 92.3749037 92.3749037 93.1706297621744 96.7293385000005 104.608440783529 115.262405500002 127.709721847698 138.218753268336
58.7701474568328 56.2779680051216 55.0370544887773 62.5097212226111 57.4780699701167 63.0202712098199 64.3531624109646 61.3319838514803 62.7802322587903 66.5485619040811 71.01663946 74.105751477941 77.5697462400006 80.0524172600003 80.7469034914546 79.91111422 79.4140429231915 79.8063160918795 81.1420624746462 83.10595436 85.4349362076966 88.2547878657792 90.5345247600001 92.319056132729 93.9150336337966 97.0249758203217 99.9095556600004 101.177114833372 100.102140480207 98.7393742264217 97.8290625870532 96.9612534794718 95.7142623340031 95.1107044925223 95.831072660953 96.2255047455724 96.7855852000001 96.7855852000001 97.3029093800002 97.9012140283276 98.3828482763954 98.5891889000001 98.1015784175044 97.6384976555458 98.5350834800001 98.3615488091768 96.50043752 95.5891889000001 95.5891889000001 95.6487041630768 96.9089801400004 101.015052100001 108.136680969496 117.737013029073 127.949679939098 134.8724497
56.2130381600003 57.4814215800001 59.6846459586259 63.1518805005189 64.2932286797573 70.8844201301375 71.7518281006717 69.3597117589305 68.3391235 71.2215811818645 76.2537924966092 78.6267791913288 81.1428667815276 83.3385828117259 84.8215913180759 84.4310327478771 82.1939895223215 83.8381296600003 85.8922302800001 87.1238432599999 89.328731736885 91.9804229400003 94.9205306164875 97.2309198600003 98.8564500800001 100.790022188216 102.947027444307 103.5356494 103.5356494 102.255120810196 101.564629650201 101.778103669402 100.315353045498 100.0712988 100.30290938 101.0712988 101.171590413708 101.3391235 101.85644768 102.612511113775 102.320105892914 102.267241862716 102.712014574966 101.522949024637 101.52501628364 100.78615112 99.7622623434461 99.2962233984754 99.133329191326 99.64216008 101.362227469071 105.18134443927 110.491750128404 116.963569419668 124.483167549596 130.390793680064
61.6906668610958 62.8922326800002 63.9804596334815 71.076058277289 73.6996943965839 77.0870177209107 76.6662795870174 73.7579204491954 72.8474164917151 75.6232220918872 80.6044041999997 83.806254446313 85.4534138875593 86.9975758585691 89.2355322446973 89.1029315183498 86.5009604569533 87.0465363569192 88.7973731892093 90.3381284599999 92.7911736614658 96.163328812407 99.0141286062787 101.419030220151 102.85657968 104.127745032106 105.114720321767 105.3392531 105.61168697049 105.085173846765 104.391799970983 104.684383888874 104.92900552 104.12644390226 104.849301472742 105.459819313386 105.943693660486 106.3570124 106.87433658 106.76825982 106.580980844026 106.931473379692 106.21472152 106.0177593 104.767765477076 104.345566294666 103.724798518411 103.911921006922 103.58862058 104.66004898 106.10594236 108.838044497131 112.23047154 116.81153663262 121.852957640363 125.751521848107
64.6244079800001 65.6958363800001 69.8244614255889 77.5160795400005 80.693913233228 82.8932205199999 81.8217921199997 79.6085082424075 77.3219743302279 80.3911092400004 84.215137517 87.4095592600001 88.8922302800001 90.6952728600001 93.311377508682 93.1498082013184 91.5500721162275 92.2671987865893 91.4460073811369 93.9630951599998 96.2838204218628 99.1412177485007 101.57030256 103.26726118 104.33868958 105.757082181681 106.4106815 106.711140923228 107.62440318 106.790681976274 107.369132788224 107.645820953907 107.841957826503 108.242204144089 109.32716268041 109.821312477135 110.385831325319 110.642726 111.16005018 111.05397342 111.031782864862 110.800893557592 110.169480980047 109.694280417498 109.642726 108.642726 108.55397462 107.642726 107.969451374775 109.231992562771 110.237870120316 112.12383126 114.571555355407 117.934574912953 121.120094110498 123.46321396
67.6365306150036 69.6460975275693 75.1120414674341 83.4792501426945 87.4667036797443 88.2503625200001 87.1789341199998 85.6475185664711 83.9060580894949 85.4811144240344 88.713127017185 91.1059543600002 92.2703432796229 93.5568396208418 95.5703049600003 97.6818730134417 96.9825402200001 100.770860291433 96.1161377069362 98.499238944464 99.3074956906268 101.647652338816 104.617882295434 105.19514605303 106.248844745751 107.836819384532 108.4463297 108.472506915811 109.28515008 109.903699859657 109.930375416876 110.971952631658 111.502478907999 112.4463297 112.67794028 113.738525884688 114.78501688 115.4105495 115.429059462625 115.141420567469 115.24671938625 115.057833374969 114.9284396 113.632384617407 113.902354841374 112.920088019844 112.443154157873 112.4105495 112.650444667002 113.4463297 114.001327954062 115.82022636 117.713677208376 119.928737949596 122.602855589186 125.262258627967
71.602198866106 75.3216278481611 79.9736075367315 87.7472658000011 92.7097461734837 93.05396622 92.110745803699 91.1616039399997 89.39321932 90.0576477219561 92.6952728599999 95.1640294192378 96.5795913143455 96.2843762716407 98.1576765845612 101.28402784 102.285490124329 104.943991269419 102.387373364926 107.791336919106 103.23091746 106.282898400001 108.771371623732 107.35389832053 108.122547908724 109.405149829254 110.365436785854 111.036851942884 111.128166387862 111.497493328823 112.49943528 113.685675398608 115.205333833 116.302820171608 117.127507406715 118.424076714531 119.242364316931 120.2141532 119.983187767146 119.7676915 120.062437022639 119.887517632469 118.878667164846 118.363834108054 118.219946624415 117.7599574529 117.262599315976 116.749280543116 117.2141532 117.381895553331 118.309340751561 120.10593996 122.017832398654 123.94519186 126.74822724 130.367484923977
74.9639896911029 78.8262768774641 82.442383406029 89.0758201145959 93.5192630368395 95.0400360765471 95.2499334 95.0226303822841 94.3594272625763 94.7379616459895 96.2112113745549 97.9052647262416 99.6977466083138 100.615643038991 101.653303326454 103.405282554767 107.290232302152 109.303292692575 106.503599664598 117.7729211 109.403741660637 111.393855242445 113.549827652031 110.042126765909 110.2499334 110.83868838 111.497524151607 113.08819026 113.323799891262 113.796447142696 114.82079708 116.89222548 117.996939503001 119.510224108434 121.33812126 122.950639662604 123.639738617264 124.778536814171 125.1248335 125.1248335 124.712242371526 124.4998668 123.897534982684 123.531241894448 123.14512483421 123.114007214355 122.433297354158 121.809872951487 121.980086100052 121.992291151382 123.49929848 125.01662026 127.15947706 128.934384602881 131.892992168553 135.594031420012
77.4080151000009 80.407231363088 83.5341004399998 88.3729256200008 92.4193110198052 93.7673967799999 94.9298014314335 96.2110382034776 97.2179562824767 98.8456088589995 100.66317474676 101.250717370958 101.490056575437 105.197593580171 108.718915171214 106.488163046614 110.159962506675 114.729881644343 112.496784729228 121.067464739646 115.785463475631 116.392228627872 118.16429194 113.164537784698 112.3927902 112.98154518 113.3927902 114.346522901306 115.255628346455 116.26725878 117.997405201977 120.130641299476 122.57072928 123.80233986 125.94519666 127.78501448 129.117220128542 130.313746743698 130.121713475937 130.195584811825 130.281541319585 129.668881412654 128.922743924893 127.91111422 127.7855804 127.095989596779 127.4819755 127.4819755 127.411658121672 127.362377381135 128.420820957194 130.37376226 132.156358707285 133.784333320477 136.662944691763 139.98040134
78.1664515927997 82.0918291825776 85.3733523399999 88.7972246616107 90.55311158 91.8705306352759 94.2853910282748 95.767904415813 97.4614158200998 99.8087235479759 103.199698808075 104.398951372163 103.2896581875 104.348755778314 108.14087632 107.242108574048 114.415016382997 115.303958353495 119.471472213032 120.56157558917 121.141581706847 122.029601314818 121.489411934248 116.837126538789 114.906254994701 114.672342070614 115.781632126947 116.473333562439 117.955280301649 117.835064028529 120.385899389823 122.600925973911 126.528518755996 129.282473502086 132.070162160001 134.142660430261 135.548649551306 135.8391175 135.719006982523 135.291577446781 135.071294 134.901431494785 134.03607972 133.63608700296 132.880660912954 133.365485497732 132.770972104779 132.071294 132.426962406793 133.606941 134.068347948429 135.388536844342 136.985827599746 138.564561636167 140.54492911208 144.060036472008
