catData/variables/futureClimate2070/rcp45/MPI_ESM_LR_2070_rcp45/bio15.asc
NCOLS 409 
NROWS 350 
XLLCORNER 60.897278365 
YLLCORNER 5.843756025 
CELLSIZE 0.0892857 
NODATA_value -9999 
[rows 156 to 181 of 350, columns 180 to 239 of 409]
139.17792832459 139.917731023896 139.9464677 139.118827335022 139 140.01730858 141.08873698 142.16016538 143.23159378 144.286800705754 144.592062320784 143.976131072679 143.9464677 143.389248300396 143 143 143 143 143 143.015453300761 143.808950986157 142.937893807306 142.673741639231 141.356649485768 139.62555182 138.55412342 137.972307474619 137.9464677 137.9464677 137.9464677 138.74948628 138.9464677 140.83821846 143.03460756 145.256696464642 148.05309598 148.8929354 148.319343074582 146.605509276171 145.50059352 143.939554936903 142.968483876559 141.661488789978 139.53682444 138.19698382 137.07874439041 136.00059472 134.930092502664 134.079229961596 134.724203584261 133.8394031 133.8394031 133.8394031 133.8394031 133.349795188426 132.8929354 133.55309238 133.932098848038 135.55249526 135.993278601112
136.53520588 138.246808639183 138.850424963681 138.984311406545 139 140.01730858 141.08873698 142.16016538 143.202653659136 143.8750393 143.8750393 143.484877669456 143 143 143 143 143 143 142.881802450497 142.85773312 141.8750393 141.71487632 140.846099479041 140.484924383822 139.50059112 138.42916272 137.35773432 136.801470764722 136.7500786 136.7500786 137.55309718 137.859350106734 139.76679006 142.78468616 144.849898815326 146.015186101811 146.7500786 146.7500786 146.047978046781 144.484881869644 143.48269742 142.337700784627 141.21487992 139.5032834611 138.096638356036 136.235421346827 135.05412702 133.995676014888 133.66134882 132.469789196567 130.971060778853 130.837174335989 130.703287893125 130.680834349739 130.7500786 130.7500786 131.41023558 132.573083401195 134.48106686 135.74948148
135.66016658 136.73159498 137.645318341123 138.67806268 138.989371457258 140.01730858 141.071310004361 141.96377628 142.8036109 142.86312115321 143 143 143 143.115621289972 143.066740050838 143 143 142.828267673266 142.043493205924 141.78630472 140.786184395695 140.478513083495 139.57201952 138.744101118123 138.23277362 137.16134522 136.08991682 135.01848842 134.6072218 134.6072218 135.25253628379 136.4570115354 138.49897256 140.64182936 142.78468616 144.638675592162 144.849092451352 144.940490689457 144.502702189733 143.912435171076 143.184715731886 141.545380187304 140.14345152 139.07202312 137.355282164875 135.953824035933 134.85773792 133.772405942446 131.91127022 130.937093358344 130.421116300018 129.50059592 128.42916752 128.074353964821 128.4108327 128.4108327 129.200637315161 131.07039256 133.21324936 134.653394892733
135.66016658 136.73159498 137 137.87445178 138.94588018 140.01730858 141 141.16016538 142 142.221867537308 142.832466918209 143 143.138543969243 143.69887953524 143.516639340277 143.071884204206 142.784936928689 142.091925966828 141.746677377655 140.71487632 139.64344792 138.689288051104 138.294797844413 137.34800872007 135.989633044553 134.870084470964 133.94706002 132.87563162 132.464365 132.464365 132.464365 134.213258960001 136.35611576 138.498972560001 140.641829360001 142.667419386134 143.901747898349 144.16134762 143.464365 143.01849082 141.706845207438 140.41126902 139.163038385247 138.00059472 136.92916632 135.217484901303 133.800805683179 132.71488112 131.64345272 130.454759303372 128.937977061111 128.42916752 127.35773912 126.28631072 125.455098418086 125.511891132948 127.052496460001 129.19535326 131.33821006 133.481066860001
135.66016658 136.73159498 137.272422389269 137.917043498888 138.94588018 140.01730858 141 141.16016538 142 142 142.247419755982 142.812016715861 143.51730738 144.199726199548 144.115287908608 143.26840742 142.19697902 141.703346633077 140.71487632 139.64931897061 138.881162577546 137.50059112 136.582187673859 135.715468639999 133.699641849827 132.509492298329 131.80420322 130.73277482 130.097551022798 129.9822623 130.254683060889 131.773749607268 133.87401306 136.01686986 138.159726660001 140.30258346 141.9822623 141.782042323794 141.3215082 141.026895007481 140.485261320675 139.932501791168 138.340435339999 136.92916632 135.85773792 134.786309519999 133.089891670386 131.64345272 130.57202432 129.50059592 128.42916752 127.35773912 126.28631072 125.21488232 123.801645705134 123.977733403022 125.981068060001 128.12392486 130.26678166 132.706289384353
135.799727431875 136.73159498 137.80302338 138.359114872635 139.35655448 140.420874691025 141.036441997146 141.505063874684 142 142 142 142.44587898 143.304862533834 144.17806148 143.92916152 142.85773312 141.78630472 140.71487632 139.64344792 138.582218496643 138.037623251527 136.42916272 135.262625692132 133.572611839999 131.80420322 130.549664767622 129.25067212 128.421021388718 127.518489619999 127.1786514 127.98166998 129.412211281399 131.48107646 133.220365177739 135.766790060001 137.778099191842 138.863084742249 139.1786514 139.1786514 139.1786514 138.87379169493 138.5893257 137.54011743127 136.26841222 134.86720571239 134.07399303578 132.66568129605 130.975593387879 129.50059592 128.42916752 127.35773912 126.28631072 125.368656592971 124.55412822 123.907583598623 124.41007718 125.599443548697 127.162727446179 129.19535326 131.494430379677
136 136.73159498 137.80302338 138.87445178 139.94588018 141.008344513151 141.528059342352 142 142 142 142 142.230919519869 142.5178973 142.822801970875 142.37563042 141.656904778118 140.71487632 139.64344792 138.57201952 137.50059112 136.42916272 135.280519314902 133.572611839999 131.429755039999 129.66134642 128.14404144 126.51848962 126.0357946 125.693898596575 125.5178973 126.32091588 128.266791260001 129.953638985438 132.043569140942 134.695361660001 136.595111148052 137.119939307452 137.5178973 137.5178973 137.732854446038 138 137.716171204968 137.176002539528 136.26841222 134.781103908521 133.638958513963 132.082159257515 130.491635582011 128.868493353491 127.434951811005 126.76841342 125.69698502 125.180520164495 125.03623092 124.99940288 126.354658917985 127.600732324964 128.65999618 129.76016813705 129.995505708056
136.365422733211 137.28512608 137.912056065143 139.358488035681 140.49941128 141.561258842673 142 141.911343481027 141.574663259797 142 141.792729958557 141.4464689 141.4464689 141.120585336087 140.598195024736 140.4464689 140.087945006382 138.641515692794 137.50059112 136.42916272 135.35773432 134.037487749501 131.429755039999 129.286898239999 127.311220907031 125.694460093791 124.661977214615 124.4464689 124.4464689 125.256384734169 126.35654968 127.818391461269 129.469446819554 132.044185740378 134.6818794388 136.16016058 137 137 137 137.44587418 137.71365693386 137.183618826963 137 135.86345563139 134.64345272 133.181612010256 131.53055690892 129.98269862 128.822540439999 127 127.024794168745 127.139503650392 127.174035667962 126.66119042 126.051678904669 126.851577581511 129.497617698625 130.880161219865 131 131.093619703564
136.872548704247 137.73159498 138.501857090053 139.827366112798 140.94588018 141.989182838497 141.3750405 141.314971995802 141.086857047048 141.3750405 141.234606367251 140.721343695599 140.3750405 139.78630472 139.3750405 138.917824766999 138.750081 137.5476776873 136.42916272 135.9718781584 134.23085040125 132.26959206 129.286898239999 126.9546663498 124.610240087349 123.30420442 123.073375661648 123.742975018798 124.412574375948 125.630925626902 126.80301858 128.420940927398 130.51671026 132.676870840001 135.71369168 136.685026204004 137.144733733147 137.6249595 137.6249595 137.513527070808 137.181031081745 137 136.587427123955 135.369077673195 134.19698382 132.579062972505 131.074426844644 129.98269862 128.877992958944 127.6249595 127.85654608 128.738602389607 128.391544672457 126.92916872 126.504323643685 127.21368808 129.853016043859 131.457211233292 132.628661680884 133.74932068
137.459732018297 137.918508988227 138.80302338 139.87445178 140.94588018 141.28630352 140.3036121 140.3036121 140.3036121 140.3036121 140.3036121 139.85773312 138.943365499987 138.01848842 137.6072242 137.385103840442 136.744398006082 136.341730787394 136.016432160871 134.57261184 132.429755039999 130.12673526 127.144041439999 124.698164859999 122.23277602 121.471850675205 121.82091708 123.302332282158 124.66016178 125.73159018 127.362231002588 129.445281860001 132.24683482954 133.748299240001 136.846912096493 138.281241910031 137.766701116555 138 138 137.864627203874 137.336144642649 136.590014869173 136.103179724303 135.26841222 133.637773068743 132.163675564732 130.395432521791 129.98269862 128.91127022 127.888467781362 127.373924587886 127.6072242 127.379853118134 126.864627932543 127.21368808 128.28511648 130.217133507028 131.73158538 133.60602756 134.87444218
138.42798288 138.7678163 138.954265239555 139.203033449752 139.451801659949 139.460348629854 139.2321837 139.10920611054 138.4643674 138.697032769066 138.944674441131 138.360841568671 137.71487632 136.64344792 135.72529888192 135.4643674 134.66134642 134.4643674 133.738107022708 132.42975504 130.286898239999 128.1068542067 125.769000939999 123.555787886306 121.913059236109 121.425464994088 121.51730498 123.17746676 124.66016178 126.293317045124 128.990424214928 131.284526560001 133.647000205467 135.560971691329 137.109334345862 138.194997023941 138 138.232661683548 138.7678163 138.425466836847 137.48269742 136.41126902 136 135.26841222 133.39396764 131.454142618028 130.066694431774 129.21488232 128.14345392 127.07202552 126.2321837 126.2321837 126.2321837 126.2321837 127.146675390197 128.58872858 129.813434670198 131.525492259606 132.989460490592 134.10662588
139.49941128 139.8392447 139.165311584359 138.266120978229 138.1607553 138.14622916597 137.3215106 137.295763166288 137.1607553 136.955157962905 136.422070984677 136.3215106 135.80420322 134.73277482 133.66134642 132.707525404676 132.353176021454 131.587633592416 130.53638812 130.28689824 128.144041439999 126.00118464 124.05268967823 123.06333122872 122.52499104951 121.928322976619 122.35654968 123.522620091122 124.66016178 126.46318036 130.082984827267 132.588138660001 133.937174560475 136.01730378 137.163200191785 138.8392447 138.8392447 138.887956349827 139 138.928323362432 138.32194212 137.744603074691 136.570418878359 134.65443105305 133.228650013079 131.251110839999 130.05412702 128.14345392 126.997559522402 125.295764323727 124.966397490144 124.3215106 124.3215106 125.06990165649 126.600458925626 128.243571220504 129.66015698 130.849191607238 132.637694138892 133.87444218
139.058970634075 139.0893269 138.28630352 137.21487512 137.0893269 136.16134522 135.1786538 135.1786538 134.967747574426 134.240912668029 134.1786538 133.772603807058 132.75067332 131.67924492 130.60781652 130.202629802766 129.447364194778 129.189868847678 128.23277602 127.249128612589 126.081992835045 124.76900094 122.85773552 122.0893269 122.05587860487 122.406047807326 123.42797808 124.49940648 125.57083488 128.04009295715 131.302133100394 133.659567060001 134.85654848 136.92797688 138.00733145057 139.145853931886 139.9106731 139.634723323201 138.659002300745 138.495372521711 138.953790964167 138.374531633377 137.280870629078 135.44749754 133.376371686009 131.251110839999 129.192745941097 127.056269618641 125.16280188763 124.854148253729 124.068639988727 124 124 124.891743560001 126.51730018 128.17745716 129.66015698 130.73158538 131.874744511625 132.96376908
138.0178985 137.299397972749 136.23277362 136.020145624816 135.088948156402 134.035487202381 133.930749778836 132.878498340054 132.049550318728 132.035797 132.035797 131.152019604923 129.53638812 128.46495972 127.393531319999 127.0536955 127.039322628989 126.176998952227 126.036765706555 125.035487245337 124.92916392 123.854868842902 122.76840862 122.297596180468 122.9821015 123.42797808 124.49940648 125.57083488 127.290609154382 129.440477726837 132.391157240001 133.872199769272 135.874821009511 138.016399348294 139.965791172924 139.984968134141 140 139.994576443424 139.975399482207 139.534289778021 139 138.989462598555 137.673598602662 136.25531789612 133.587425745097 131.251110839999 128.179310767533 126.00028745125 124.912858349967 124.015031908815 124 124 124.367741405163 125.873845060001 127.49940168 129.15955866 130.64225848 130.995195780924 131.80301378 132.87444218
136.981808751011 137 136.957014238771 136.07201832 134.949957048553 132.928234993443 131.799453138334 130.67924492 129.60781652 129.126211733007 129.7858804 128.917990297211 127.32210292 125.69345370743 124.23277602 123.8929402 123.935925832757 123.9464701 124.841715137024 123.931016716169 123.048779946806 123 122.76840862 122.30301978 123.37444818 124.44587658 125.51730498 126.620248218958 128.338515065934 130.46318036 133.32308473143 134.76738718 135.940080809008 138.050985070388 140.951219924722 141.16016058 141.793204889881 140.80404242 140.087015754841 140.0535299 140.025838744623 139.41126902 138.33984062 136.53682444 133.547966084186 130.276327429076 127.105953746032 124.92916872 123.95121979625 124.00857325136 124.28511648 125.35654488 126.42797328 127.523269151797 128.62435998 130.253002377986 131.0535299 131.745953587767 132.80301378 133.87444218
136.702631586447 136.908581135011 136.07201832 134.891319912139 132.85832304 131.588345089267 129.322692839999 127.34000142 126.297512585039 125.587259963525 125.5001668 125.110004099346 124.172459570782 123.16134762 122.08991922 121.841501965089 122.67806268 122.8750417 122.993236979397 123.015143629168 123.808483364536 123.1249583 122.89336692 122.390113243425 123.421238588011 124.57083488 125.64226328 127.228857937682 128.66016178 130.371762094811 131.778404116625 132.87444698 135.83762614 138.03460756 140.08873218 141.16016058 142.26052794524 142.89766999335 142.00042912 141.152012181813 140.422380370982 139.41126902 138.257348226146 136.32044817471 132.538018679999 128.252305079998 125.85833744 123.859902271032 123.08872978 124.180171273904 125.35654488 126.42797328 127.546191488211 129.085944780354 130.706899431083 131.765078657482 132.1249583 132.1249583 132.827628843175 133.87444218
136.740704127807 135.87563162 134.80420322 133.030053739383 130.91185294 128.755086734907 125.822526039999 123.808380269567 122.758131361805 122.30420442 121.6072266 121.6072266 121.6072266 121.134110697006 120.402744049537 120.784304227469 121.80302098 122 122.760119964182 123 123.08873458 123.968546120896 123.617503386866 123.059509054629 123.871746417609 125.44587658 126.51730498 127.58873338 128.66016178 129.73159018 131.60603716 132.87444698 135.65186879551 138.031209327749 139.89234548 140.96377388 142.312272255539 144.362525963301 144.82194092 142.325326221173 139.898408653412 139.09926338565 137.286907839999 134.41246326 130.237460182362 126.084790865397 123.901237513161 123.003397760924 123.28511648 124.51670306 126.42797328 127.49940168 128.94527346 130.64225848 132.129396184741 133.115618463022 133.1963867 133.1963867 133.354087926309 134.095486765929
135.320839218639 133.804657737272 132.876408206817 131.85773312 130.347066529989 128.773463639083 126.822491130482 123.904589632739 121.76840622 120.615823904561 119.932751939056 120.148401976383 120 120.315344663589 121.19579438 121.5356302 121.908528891879 122 121.746679647762 122.7321849 122.82091948 123.65781004901 123.2678151 123.57083488 124.64226328 125.71369168 126.78512008 127.85654848 128.92797688 129.99940528 131.658791758696 132.87444698 135.145070469482 138.01730378 139.06496836234 139.849452058251 141.159136740001 144.07040456 145.190206254015 142.861049514311 139.741244735614 137.507195947436 135.14405104 132.07367620554 127.396533658547 123.841036059999 122.771815886726 123.01730138 124.08872978 125.32031636 127.23158658 128.30301498 129.74888676 131.326460584652 132.388025879437 133.58872858 134.176800007614 134.463744711703 135.33864398 135.301441380119
133.546060141182 132.106511881597 131.388336037987 131.337017467285 131.3392435 130.970947773481 128.877828099998 123.94968698818 121.76840622 120.49675394492 119.961114734664 120.856644111503 120.853980166167 121.995477273418 123.114694773002 123.091055472587 122.19697902 121.703348731756 121.035761608659 121.666627509075 122.08873458 123.16016298 124 124.30301978 125.37444818 126.44587658 127.692797331983 128.92797688 129.775449687187 130.73159018 131.80301858 133.17109743406 135.855987565525 138.35067708511 138.969898184694 138.606423064279 138.937714883864 141.58830426 143.109297796967 142.429764639999 139.769605259999 136.166312238213 133.11648296137 129.39516188 125.109448279999 122.291478539749 122 123.01730138 124.08872978 125.265983738463 126.970907321953 128.30301498 129.621859277217 130.812015603199 131.859109636386 133.24948508 134.32091348 135.64052746486 136.80301378 136.12555782
131.449768063725 131.158178620467 131.186314031627 132.262693712099 131.245332667921 128.498259154869 126.022952852529 122.494938140919 121.863515277661 121.232092414403 121.349570711145 122.861004647887 123.947551375372 124.337196997259 124.139561021887 123.26840742 122.19697902 121.12555062 120.61155457492 121.010199018178 121.714503478565 123.094388544694 123.684436172048 124.30301978 125.37444818 126.44587658 128.03460996 129.58873338 130 130.73159018 131.80301858 133.748893960001 136.280195199468 138.59643427621 138.874828007048 137.42916752 136.957398973565 138.78469096 140.39932762008 140.059343936661 137.626748459999 134.41246326 131.469286966887 127.963419523629 124.117711460371 122.53622732 122.4106719 123.420868089403 124.08872978 125.16015818 126.463173160001 128.30301498 129.37444338 130.44587178 131.51730018 132.58872858 133.66015698 135.162729201983 136.39234188 135.71488592
130.66016658 131 131.444633322785 129.867405238105 126.78765736 123.062634691611 122.461785389358 121.5178997 121.629551130816 122.146087083885 123.23100146 125.37385826 126.23270625691 125.41126422 124.33983582 122.915706417704 121.71487872 120.64345032 120.028029881501 120.52624301457 121.091911224724 122.113014020707 122.637840806225 123.33881918 124.590769159913 125.96377628 127.55250966 129.10663308 129.836163892187 130.73159018 131.80301858 133.748893960001 136.381619335539 137.526861322471 137.943890661195 136.83983942 136.23158898 137.313865220394 138.0357994 137.58992522 135.48389166 132.553433842077 130.19758094 127.675835048214 124.978085801282 123.60765572 123.4821003 124.008341000489 124.528053426443 125.16015818 126.463173160001 128.156931367238 129.072862345831 130.44587178 131.51730018 132.58872858 133.341895101895 134.24948508 134.933780295758 134.58292605731
127.715209482378 126.868910163588 125.324250532398 122.488502893991 120.858374039173 119.902523395786 120.4464713 120.535127434576 121.23159378 122.30302218 123.74890116 125.644951147844 126.215508401552 125.41126422 123.974415999658 122.388243629737 121.19697902 120.12555062 120 120.007726712683 120.4464713 120.517979473892 121.021135075503 121.74949108 123.19536766 124.89234788 126.48108126 128.03520468 129.10663308 130.17806148 131.24948988 133.195365260001 135.33822206 137 137.049115808244 137.39336812 136.656926532966 137 136.792733514176 135.75379296478 133.627376684614 131.26900934 129.491569703404 127.941779272799 126.391988842194 125.23261282 125.1070574 125.114781969621 125.5535287 125.71368688 126.888512041436 128.16772748796 129.095150302645 130.44587178 131.803640676145 132.81637911446 132.634584165064 133.17805668 133.4464713 133.4464713
122.84000502 121.494197117075 119.51908194 118.469214837037 118.3750429 119.006491460038 119.3750429 119.53520828 120.60663668 121.67806508 123.12394406 124.82092188 125.698337820014 125.779198825735 123.892054448543 122.26840742 121.19697902 120.12555062 119.408866965657 119.385858520065 120 120 119.94212202554 120.242479942952 122.12393926 124.099573214395 126.03460996 127.58873338 128.66016178 130.188802657281 131.42797568 133.373851060001 135.51670786 137.6249571 137.658235474111 137.939932911611 137.480223922667 137 136.62555422 135.108251639999 132.96539484 131.190469645941 129.96479772 128.89336932 128.323791583106 127.37546962 127.2499142 126.6249571 126.6249571 126.685023288286 127.376318257436 128.92797208 129.99940048 130.7921781454 131.711309939678 132.3750429 132.127455711765 132.274375902513 132.3750429 132.3750429
120.64344792 119.57201952 118.815995415986 118.6963855 118.6963855 119 119 119.16016538 120.070315229718 120.60663668 122.05251566 124.059997136427 125.51730738 126.409987060523 124.715892959999 122.96479292 121.89336452 120.82193612 119.75050772 119.701639907188 120 120 119.929685498957 120.302425060001 122.44528186 124.58813866 126.37075177285 127.998718769198 129.35654728 130.650097066706 132.362229075343 134.445279460001 135.929442360561 138.012050101487 138.6963855 138.584851994416 137.76841102 137 136.62555422 135.108251639999 133.325636855824 132.10765452 130.576500700079 129.777879341969 129.6963855 128.82194092 128.037693271886 127.6963855 127.6963855 127.6963855 128.159558660001 129.99940048 130.810071939597 131.310498642451 131.493204991001 131.3036145 131.3036145 131.3036145 131.3036145 131.3036145
120.078904596439 119.26840502 119 119.671416231564 119.7678139 119.7678139 119.699680413312 119.037188174937 119.410007023438 120.30302218 121.461392799813 123.12394406 125.146689276937 126.136696264689 125.265460027372 123.474494367939 122.19697902 121.12555062 120.05412222 120.75452597444 120.068131643935 120.89078926231 121.5356278 121.909004560942 123.51671026 125.659567060001 127.682312834184 129.261056887442 130.427975680001 131.49940408 133.37385106 134.845295313943 136.672131644432 138.004017697194 138.2321861 138.07202552 137.356231595862 137.535152943694 136.62555422 135.108251639999 133.48269742 132.41126902 131.186560788179 130.206090633446 130 129.12555542 128.05412702 128 128.068127958428 128.7678139 129.053171664823 130.30301498 131.287502831927 132.21368568 131.853323451323 130.547966012949 130.739063805426 130.438278576199 130.2321861 130.2321861
119.1607577 119.043148173684 119.673931188385 120.71369408 120.8392423 120 119.91126302 119 119.037230483407 119.46377988 120.53520828 122.05251566 124.19537246 125.1607577 125.054631224801 123.53681484 122.19697902 121.12555062 120.847942863606 121.011741976615 121.692749366991 121.99940528 123.033603582412 123.98150438 125.42738096 127.57023776 129.278950338784 130.42797568 131.49940408 132.57083248 133.771352299978 135.608319874724 136.937174430575 138.014522064126 138.8392423 138.813495253529 138.52135504354 137.69698262 136.62555422 135.482448112333 134.32193972 132.756423378263 131.893874296438 131.10765452 129.491392008319 129.020184000542 128.05412702 128 128.08872978 129 129.037229325952 129.46377268 130.53520108 131.980823938153 132.399539832853 131.25051372 130.391335955487 130.043149716958 130 130
