catData/variables/futureClimate2070/rcp45/MPI_ESM_LR_2070_rcp45/bio10.asc
NCOLS 409 
NROWS 350 
XLLCORNER 60.897278365 
YLLCORNER 5.843756025 
CELLSIZE 0.0892857 
NODATA_value -9999 
[rows 130 to 155 of 350, columns 174 to 231 of 409]
36.1 36.069697542 35.9699087301109 35.8217062756844 35.5032357365202 35.131455477275 34.7488986369295 34.7372222277315 35.518852541339 35.3673929875435 35.035875336 34.898269142 34.8017427401576 34.8613979032754 35.149838744 35.4409650460001 35.692695784 35.9782931971811 36.2348730112287 36.36072122 36.36072122 36.3894572839995 36.5448333537956 36.667805548 36.869536166 36.876899374 36.671487152 36.564344312 36.48036061 36.48036061 36.48036061 36.435772952 36.38036061 36.321487272 36.28036061 36.28036061 36.28036061 36.28036061 36.374948148 36.4807004456839 36.508873218 36.616016058 36.7417695297021 36.8560099485026 36.8 36.755412582 36.7 36.6526892193213 36.61963939 36.6052714522693 36.6 36.52972910014 36.51963939 36.517909252 36.417896791246 36.3871295909587 36.31963939 36.289337892
36.1 36.069697542 36 35.8662355859999 35.5448070659999 35.1802724493465 34.811051522816 34.7 35.5030233800001 35.4610842346958 35.1176853954668 34.9245878096294 34.808873698 34.9203061240452 35.0900577661175 35.3524888262802 35.5755243224428 35.8682576006056 36.0852386932319 36.14643554 36.1641162089065 36.319536286 36.4750265605812 36.587444938 36.7385101234883 36.7434378020932 36.5619678020694 36.4347087637679 36.37321777 36.37321777 36.37321777 36.3405716811172 36.272290838091 36.2033297947918 36.17321777 36.1536241535335 36.14643554 36.1698551801412 36.2424726560215 36.374948148 36.4844674336532 36.616016058 36.723158898 36.8 36.8 36.755412582 36.7 36.7 36.7 36.626841222 36.6 36.6 36.5746674122989 36.598269862 36.4935034033758 36.42678223 36.4205798249495 36.369698502
36.1 36.0799776720882 36.0085183828836 35.8474370730281 35.5623568364981 35.257303616 34.8922546354381 34.6933919072755 35.4146130612438 35.5123319475443 35.121647928 34.9637876035762 34.8427987680001 34.9605245242719 35.138461920802 35.296377148 35.428261783862 35.621325656 35.818061646922 35.938170595096 36.054487464018 36.221499186512 36.426679126 36.553519868 36.533985960102 36.496494172 36.3834882008378 36.2375834003079 36.2739316837779 36.3 36.2872968192821 36.26607493 36.162613934 36.06607493 36.06607493 35.992915912 35.9388324684622 36.019594558 36.0963276369556 36.301730378 36.4147361905823 36.582090988 36.689233828 36.7763548158277 36.8 36.755412582 36.7 36.6800272602923 36.66607493 36.6177353186476 36.5455152397647 36.5618154535876 36.5035764390576 36.564344792 36.4630647660024 36.4267164825324 36.3750661319999 36.2884829008151
36.1 36.0875554138208 35.984041494 35.7697558139999 35.5554701339999 35.3064888825898 35.0019500259999 34.7105665827951 35.1515726464091 35.5078890760016 35.240406482206 35.0217820755887 34.9462973656917 35.016016538 35.1136483054864 35.189234308 35.2809992452811 35.4253512938216 35.6319075609242 35.8419253040268 36.0459891828706 36.173159258 36.360604196 36.4156213211252 36.36212162554 36.216133562 36.1126348657453 36.074948388 36.182091228 36.25893209 36.2368650761559 36.1816887807414 36.0767157283612 35.9516439010723 35.8907527154335 35.8637270113382 35.8445868215435 35.928512608 36.0913978610229 36.260662468 36.367805308 36.481525608285 36.6136480226124 36.689233828 36.7743097955929 36.755412582 36.6787554642018 36.5758810410991 36.51786418 36.4878193988938 36.316193034 36.364240728 36.37679627 36.3339982219999 36.2341432752387 36.215003085444 36.1958628956493 36.1999931260727
36.05178925 36.0360958342702 35.9431620630055 35.7375381982591 35.496538044 35.282252364 35.0019500259999 34.788951746682 34.953277023748 35.4829623661528 35.362613214 35.1491619936232 35 35.0082948449062 35.05178925 35.082091468 35.15178925 35.264056783965 35.5569195295407 35.8482373404944 36.049632678241 36.173159258 36.283175708577 36.2582914224468 36.25178925 36.098269382 35.9957220393472 35.967805548 36.074948388 36.15178925 36.15178925 36.107201592 36.0249984130645 35.882253324 35.733983822 35.7378885067296 35.832091108 35.939233948 36.046376788 36.201730378 36.308873218 36.432032116 36.6111650784176 36.6639037928472 36.7013399542237 36.6159992247531 36.355668560565 36.124950966094 36.0943515288294 36.0728471175646 36.0144850508998 36.0488653289648 36.1009689957705 36.0999380870117 36.1095722072412 36.2529267220236 36.3084151952883 36.34821075
35.9871803200067 35.9614199083613 35.962554702 35.7662355859999 35.496538044 35.282252364 35.0384926162009 34.882194092 34.8023052471892 35.2655598426953 35.2494789213457 35.042915552 34.9495583204088 34.9822685424466 34.9021123671447 34.974948628 35.0653735938806 35.1398137915029 35.4534854132331 35.817747156 36.0320328360001 36.0921667065593 36.08929282 36.1376967324563 36.14464641 35.9885201611922 35.935772952 35.8517971120719 35.9380907865922 36.1 36.058545897936 35.9693860313999 35.94464641 35.826899734 35.6786302319999 35.64464641 35.724948268 35.8804948876077 36.0469451359756 36.2580417943436 36.4146687532885 36.4785202429205 36.5975203351051 36.5725197201846 36.4757677338166 36.2941848591025 35.9020069750806 35.5424777587127 35.5811437696552 35.5934432199768 35.6144374296089 35.671635696759 35.720815472873 35.7734393719799 36.1168617997259 36.4088653302309 36.4297152928023 36.3278734430332
35.9913143164516 35.9549229790955 35.9234602464529 35.7941015804534 35.5267044595459 35.282252364 35.0679666839999 34.926840502 34.739395324 34.8093252032572 34.9432496889155 34.8754397309167 34.903327953541 34.9254900229192 34.8567082390796 34.8488679835392 34.9592558469229 35.1835975333862 35.5332139890748 35.8434497015367 35.9495170270723 35.9475698064645 35.93750357 35.9702985435343 36.0341211244663 35.9614148555331 35.8855809475324 35.7675324134045 35.9510493705937 36.0185659155306 35.92351917847 35.8653692644706 35.9 35.7454595895281 35.571487392 35.53750357 35.6679912224737 35.8748893960001 36.0300612415251 36.240964326 36.43750357 36.4234912345698 36.326855382 36.1250250196101 35.762642974 35.6765413454375 35.4792990009595 35.2058552529608 35.224523807038 35.2225771264816 35.2626963544822 35.3078019335172 35.31251071 35.3836578300001 35.8883178740613 36.0310279235147 35.9727876705421 35.6068594930268
35.87684964891 35.9211606825432 35.8739233678235 35.8032861616196 35.650471411443 35.421530904 35.2072452239999 35.066119042 34.878673864 34.6300409947811 34.6574352255147 34.732091588 34.83036073 34.83036073 34.8233293737757 34.821102243409 34.9298215139155 35.1641244240001 35.4652338653824 35.7319540278842 35.83036073 35.7794131567914 35.8725650496838 35.9 35.994587778 35.928630112 35.8187932253749 35.7368952609918 35.9142328753585 35.830419482 35.7754292378161 35.844587658 35.8639752588254 35.6947396788078 35.4880106375588 35.4813081360744 35.660603716 35.8139935466591 35.9908183389742 36.1326164633926 36.2421837272778 35.9416972728822 35.3895529245218 35.3969456877025 35.2247821563213 35.2263845087788 35.1586201841613 35.1819975913472 35.3312245746137 35.4295043189401 35.4725765074266 35.47855708 35.47855708 35.5115442226341 35.648363305787 35.52144292 35.4701597114919 35.2301972480062
35.669595398 35.7231689133657 35.6897109518004 35.72321789 35.659476070432 35.482252364 35.3186556669638 35.1474492057702 34.8160796650085 34.6855270042849 34.5315287579448 34.6262777372935 34.7931865874405 34.72321789 34.7410001490913 34.8535689003573 35.014227168 35.2105458040001 35.3213637773801 35.5366831548418 35.7739066886868 35.726840742 35.7989465507814 35.82321789 35.8451791762495 35.8228160770164 35.791126542 35.7074372929034 35.723276642 35.616133802 35.6126315193461 35.767805548 35.771487392 35.5602670228561 35.4157806528195 35.473159018 35.660603716 35.8545865822076 35.9933308785265 35.9428516750424 35.6854355099785 35.0987115834409 34.9339719049257 34.962618245803 35.012631095069 35.2155711133397 35.3700659136009 35.4796706291333 35.5610013457346 35.649940888 35.67678211 35.67678211 35.67678211 35.6754536735377 35.5822540439999 35.4122972829942 35.4358417457399 35.262663133526
35.6487744745199 35.5272789647253 35.553520348 35.6534956225224 35.648269022 35.482252364 35.2785788947818 35.1311551261167 34.778790648 34.6266116780861 34.585664907625 34.6844814225779 34.707201352 34.6295169215082 34.723159378 34.8606044360001 35.068870804204 35.2054275306924 35.2589336120034 35.4300639773009 35.6535707637983 35.7043146626969 35.7129086024046 35.71607505 35.7954577953926 35.71607505 35.707201592 35.6026333799116 35.5672998469608 35.704484811771 35.7638133964318 35.7536722686346 35.664344552 35.3900456165201 35.2875541443785 35.327835398723 35.3579672276489 35.5391895960001 35.658887738 35.3073342159999 34.9876470428494 34.7724745060054 35.0422332307012 35.2611305184657 35.3630885626358 35.4946221174745 35.5761655648386 35.642798048 35.6285211070414 35.6117603101429 35.6834681427557 35.7 35.7 35.6157969294514 35.5822540439999 35.4025745507514 35.3891936261471 35.269698502
35.6469767831402 35.6628202547348 35.4122769026525 35.462452558 35.466133442 35.4073469538824 35.3280865954724 35.217908292 34.9429880025349 34.7150560109338 34.5187893548052 34.7 34.691126302 34.6306024451911 34.814227168 34.9516722260001 35.0977571324304 35.1901426366322 35.342798528 35.4552000796215 35.5719131430903 35.60893221 35.60893221 35.60893221 35.703519988 35.60893221 35.600058752 35.5220872892568 35.6162955508404 35.7027066363091 35.70893221 35.664344552 35.4629820694308 35.1985325736316 35.0547094393058 35.0934209308783 35.2641226748191 35.3156214881185 35.326313177528 34.8399926080195 35.1047923616725 35.3563517638686 35.4615447542092 35.4572470717436 35.4033446283406 35.453519628 35.50893221 35.567805308 35.6631547835688 35.69106779 35.6982404991532 35.7 35.6138614380907 35.6 35.5822540439999 35.385414748497 35.3068636300343 35.2145086928689
35.646319236 35.7978311076292 35.6825167307865 35.4114278942947 35.3534584007979 35.2843593048742 35.2023974577267 35.2004802758906 34.959092986 34.6392291837815 34.5055088223823 34.6983001134538 34.6016305867101 34.632033076 34.823159378 34.9308444367983 35.00178937 35.090965166 35.3043251916935 35.458873578 35.5011812779788 35.3580890336297 35.384233306349 35.5753391890259 35.6016925253232 35.5983003491593 35.5103452700092 35.5984972208315 35.6004144026676 35.5720296065037 35.4668039483398 35.404570271824 35.197582398012 34.8298015578481 34.7059762063157 34.9940769254389 34.7874139521388 34.7107362199999 35.1752113048564 35.4892667137297 35.5828150308037 35.498497216537 35.4772555003731 35.4012471597907 35.3632254440454 35.2150080356443 34.9547436431526 34.8135790475536 35.3341735782716 35.6736390667741 35.3056763753099 35.4665861093058 35.5018862232658 35.5034885494297 35.5909682515935 35.4507363404851 35.1790451060786 35.1019521222557
35.6397259227983 35.7876708270017 35.7899534583845 35.6710096111827 35.4017061792241 35.182252364 35.166016658 35.273159498 35.0633919475741 34.6508914066292 34.505411982 34.6016381970362 34.685772832 34.6115205085569 34.746318756 34.96222665615 35.1782389760535 35.344587898 35.451730738 35.4968482206638 35.4321642811327 35.4 35.2479937014516 35.1966629244329 35.3686309010433 35.4876550901154 35.4114433701761 35.5847970177085 35.5648941044949 35.48393959 35.409049954 35.194764274 34.9342868493825 34.8472163350244 34.8249917245687 34.7410702424046 34.7386096235099 35.2440893196301 35.4900443395883 35.5931014225342 35.5048784449363 35.4991425851398 35.4934067253432 35.4508803497334 35.1833211569994 34.7127508401391 34.445500378157 34.6301389220001 35.3227740340002 35.59464653 35.4383422170291 35.3078742291743 35.4483752076443 35.3770412268376 35.2664742237226 35.0624376519762 35.2859306867663 35.5238127715801
35.523159618 35.569697542 35.6076566134815 35.7540592958954 35.5185013247537 35.2050271843877 35.1702633217647 35.273159498 35.1494301530937 34.6861978405228 34.5067645780957 34.6 34.5922351868105 34.5465308622398 34.771311376 35.0083259558038 35.237445058 35.3501597399566 35.4512981812285 35.428630112 35.38750369 35.3966458976734 35.4 35.1485925765317 35.029728513961 35.2502310233902 35.2636199248194 35.2870207855028 35.3065905216777 35.158724440893 35.0844835650724 34.885832064 34.7297412853946 34.6580583312953 34.7282538667592 35.0493295766356 35.4310535955543 35.5765173374594 35.5047361039698 35.4883691344038 35.528645232 35.421502392 35.32304157506 35.119703145811 34.6922826381845 34.5248481800257 34.3978367944209 34.5876952516654 35.2246126039051 35.4350846269267 35.3647900002406 35.2188351661979 34.7979830418723 35.051715378 35.1899149506517 35.5979986137337 35.5614510543044 35.3916760242493
35.503520468 35.5560095371803 35.574890596 35.727074675392 35.6775787927317 35.3876293628554 35.2133480790208 35.2587915944485 35.2158292086133 34.8502192879998 34.534812228737 34.6 34.6017427188608 34.667688764 34.9614096010155 35.130302218 35.237445058 35.38041911183 35.4387895892319 35.3526886922938 35.3066740866443 35.3587914015825 35.38036085 35.2226444165412 35.1814237643969 34.901730618 35.0071307862732 35.064344552 34.9617499698505 34.8816001238248 34.8245706120515 34.7370945951083 34.6893957402939 34.8944549140001 35.2300395471134 35.4568607174329 35.5 35.5 35.4256952461235 35.2783332921239 35.0570763557785 35.003623092 34.9614087352835 35.130301738 34.9298585633611 34.3543554043913 34.4373991808921 34.9543451578707 35.1736866690877 35.0327233267479 35.058858218 35.2362721677268 35.3349286066648 35.4203499348089 35.4678521005411 35.5282121025207 35.4235007111652 35.2637475453555
35.396377628 35.4813336112713 35.574890596 35.655411862 35.5722908292903 35.4602235440987 35.2856472587438 35.1875948511232 35.1947245741329 34.8502192879998 34.610823964 34.574145126433 34.633279135089 34.739470518789 34.9820004826001 35.130302218 35.237445058 35.344587898 35.3861454789219 35.37321801 35.3248821024671 35.3 35.2784935001438 35.1389340828986 35.0503987412452 34.9548311040603 35.0244055013658 34.9882731853287 34.92678199 34.9651994407178 35.0087597462368 34.978497608 35.1613925303974 35.4096636295126 35.4823195538096 35.4928114508849 35.5 35.4297417091783 34.9906390280632 34.801730378 34.9153700116426 35.057201952 35.008781735493 35.148968319559 35.050221688 34.60412387898 34.667386175902 35.012437078 35.119579918 35.299881536 35.4123592266974 35.4908070820029 35.4746676393084 35.3644832355446 35.27321801 35.27321801 35.27321801 35.2126150139999
35.289234788 35.396377628 35.5282625123105 35.6178151020333 35.496538044 35.380027157329 35.3224545509982 35.1785002393253 35.1869847363475 34.8502192879998 34.6429127883069 34.537386546 34.73392483 34.749941368 34.8955461843845 35.130302218 35.237445058 35.3294615294029 35.3318939969242 35.2800272387486 35.26607517 35.2412560160942 35.0973635415341 34.9206280522404 34.9320887428873 35.0654880607855 35.0262871875416 34.96607517 34.9896452645879 35.1284536160001 35.2925913871497 35.3633862008225 35.4341810144954 35.46607517 35.422454868159 35.4483399455138 35.4388329011866 35.229147176281 34.6645634334677 34.801730378 34.905862993878 34.9609259528984 34.9876882904473 35.16607517 35.0671088957229 34.9169006957579 35.0557912898299 35.226722758 35.3114698032606 35.4306044038669 35.4388329826062 35.4618157237209 35.371487872 35.0356242668742 35.1351604827024 35.1715085090296 35.1921434646432 35.1157519056839
35.2136485025065 35.2767902745467 35.355309958 35.499075416746 35.496538044 35.3169480767073 35.1775978202425 35.1226596244246 35.1508429591721 34.8809750122638 34.6687894618164 34.603461716 34.8036442210115 34.8636618269713 35.0189430790689 35.171369888 35.2631349151493 35.2816887891894 35.25893233 35.200058752 35.1860437346901 35.0967959393501 34.8839824372194 34.8926010094305 34.9557427814706 34.916134042 34.8251529048981 34.9 34.9599664956314 35.2070919696715 35.3486200885767 35.4 35.4 35.3758220918322 35.35893233 35.298842921825 35.2954294381419 35.212555302 34.8047521059339 34.7592414561464 34.7731529661134 34.7583227998464 34.9094667078063 35.0427530955322 35.1 35.1262764043143 35.210662588 35.2936276183946 35.31786466 35.3479092655251 35.278630712 35.2745539851106 35.2598992908091 35.180405202 35.0800765420274 35.0617935014319 35.0726597744877 35.028630832
35.15178949 35.1663984595443 35.237445298 35.3692759078121 35.4017860506436 35.2624252219142 35.0337769935067 34.9508288738015 35.0708059946917 34.8829518777157 34.6136268018767 34.7464243350617 34.8528061529384 34.9243114213459 35.0861141222467 35.2156933641609 35.25178949 35.2286976450241 35.1750603473834 35.092915912 35.117805908 35.005470974 34.871487392 34.85178949 34.85178949 34.7035170415279 34.7134689766436 34.8595110289489 34.9463182760001 35.1595194542678 35.3171536428209 35.35178949 35.3268499530887 35.2730887785038 35.2836162260963 35.2242226353776 35.2408829301562 35.164344792 34.685622338135 34.6483906638825 34.4251061337438 34.1926765754622 34.6722268216725 34.9459948535714 35.05178949 35.0302936683863 35.0802486592061 35.1801725107986 35.1681733796089 35.1896780480164 35.0845635424239 34.9679240119999 35.141157805522 35.2492252436465 35.0858330239999 34.887563162 34.826737638 34.8878859887234
35.0871803755898 35.074949108 35.182091948 35.24464665 35.2160118206892 35.1630081125359 35.0126133339999 34.9119833849862 35.0161546417887 34.8307149514364 34.6631816006616 34.8456047378867 34.9049118891119 34.971369888 35.0760331228757 35.14464665 35.14464665 35.14464665 35.092915912 34.985773072 34.974120769087 34.842974784 34.6645413006367 34.7307473551769 34.5875741385593 34.601730618 34.708873458 34.816016298 34.9591376347142 35.2127129641215 35.3279287931644 35.2506384752209 35.1661973656147 35.1772350148398 35.266016178 35.2595040327099 35.2087945605152 34.8705374532979 34.3705499678621 34.4879334547626 34.3918487559106 34.2642506415135 34.6520653885357 34.819595038 34.8892933 34.8447058819999 34.892753816 35.0807546299918 35.1151727452169 35.0190083311159 34.828690064 34.6534454051076 35.0224163202349 35.1421440633426 34.9871655345677 34.8304722402071 34.710339564982 34.74464665
35.0288180708685 35.0113645762737 35.074949108 35.109637922558 35.023276642 34.97500762 34.8842322000153 34.8832257088731 34.8799305345382 34.7001172639999 34.698647416893 34.7381529476957 34.7894270411622 34.953520348 35.0519775388777 35.1 35.0765982654067 35.03750381 34.9211135913822 34.8640190815 34.7762267619265 34.6576364117645 34.476899614 34.5030941768043 34.406089368367 34.539234428 34.6519228411713 34.8360354500581 35.0655226362264 35.2113643962554 35.2141022253976 35.1136978914602 35.069833400318 35.158873338 35.2247585819664 35.2100663908914 34.9490719912539 34.5267996758209 34.4276994358592 34.4038932186453 34.6283201748196 34.6584933959236 34.63750381 34.6299306844924 34.5423071261653 34.4918971918776 34.7431270166544 34.9441593096301 34.97500762 34.9201329618011 34.6892113122416 34.5172643486161 34.913823032526 35.0971885916682 34.9341761051895 34.867968364 34.6710534421897 34.556070338237
34.93036097 34.93036097 34.967806268 34.985772832 34.878629992 34.83036097 34.8103176722696 34.8222119332399 34.750058632 34.6163665877409 34.6287178397686 34.6315663227219 34.7115678387877 34.8575312697028 35.0070314118068 35.03036097 35.0450686623483 35.0385884503354 34.8087830018449 34.666110148709 34.5849800422718 34.53036097 34.369756774 34.2694651633927 34.26072194 34.3660681147646 34.6873859460001 34.8953807348618 35.0212645098809 35.01218491355 35.0493533300405 35.0168237245309 35.051730498 35.1178745164882 35.0843879439977 34.9588274790145 34.6876988949495 34.3680268759999 34.6884278838563 34.6789271801819 34.7 34.6951373694354 34.6535113980741 34.5274945891673 34.3526923696272 34.4730403140001 34.6660768425615 34.7320815643782 34.76072194 34.8116690033591 34.6453773838495 34.5734510143399 34.8162488683392 34.9608762179626 34.951101862566 34.728690304 34.4982771592077 34.260781412
34.8054357422147 34.7697030539084 34.8319122279685 34.8360837281546 34.7317671397223 34.6916406784008 34.7739069545239 34.743826769353 34.5812581552299 34.4589910819999 34.5190627090163 34.601730858 34.708873698 34.8197352786143 34.92321813 34.92321813 34.960663188 34.9443948101218 34.6395133079999 34.44643626 34.4817971224948 34.3876539072589 34.2474895164936 34.0686313333832 34.1190625247398 34.3055936711371 34.6477782529861 34.8791234586725 34.7820592904646 34.853520108 34.9519689614785 35.0342352376016 35.0887927242753 34.9191838006086 34.8282332539419 34.4192539135297 33.9786086575656 34.1837624707221 34.7687819004634 34.7995982385865 34.7699688472904 34.7 34.6946229369558 34.6324091381578 34.4240369519899 34.3801985140001 34.494706002 34.4149016268573 34.291495976611 34.3686402358175 34.625429917644 34.7439233600638 34.7974865436262 34.748166398 34.8470686797323 34.8092348594438 34.5428691973586 34.4233101688024
34.692915672 34.646377748 34.71607529 34.71607529 34.6560284072666 34.658873818 34.6552080804436 34.558991082 34.4389394082897 34.328630112 34.410663308 34.516353530443 34.5261298273744 34.5206431972057 34.81607529 34.81607529 34.853520348 34.9017400221832 34.6335868861525 34.3505905203969 34.3266876206411 34.3086294542293 34.4892711134817 34.4341968746261 34.1966812544722 34.3876641478623 34.6042793023196 34.6699598005969 34.8265200874051 34.9472897036785 34.9060193630835 34.9232428853277 34.93215058 34.7460665061838 34.682091468 34.1425636703046 34.1500879596089 34.6407717500002 34.7153972692615 34.7146230752816 34.6307241844742 34.6026338597701 34.5515866179857 34.585773552 34.3034464710055 34.0819881240001 34.1096666739825 33.8720942752355 33.7752272330406 34.2176101773802 34.5703453819364 34.703519748 34.5573110589133 34.4528600345983 34.724948268 34.7949102936213 34.6413302154336 34.4491391113556
34.585772832 34.539234908 34.60893245 34.5683271251327 34.5132440562556 34.567806268 34.542915792 34.435772952 34.328630112 34.221487272 34.2173814774138 34.40893245 34.416220870726 34.5259619644972 34.70893245 34.6813369624717 34.6894102549167 34.80893245 34.644498591387 34.432193972 34.691665222352 35.1129026754352 35.3053234875057 35.1614614993643 35.0259870600481 34.8556469231751 34.87320265 34.8760639456214 34.8952049068446 34.8510352030338 34.6837648216454 34.708007125486 34.80893245 34.5250834229603 34.2725748961835 34.4588796095599 34.7124224126299 34.714758775559 34.7004834654619 34.607202072 34.4766099610448 34.128646192 34.0889113890156 34.1778330115959 33.8881945015848 33.7199549348192 33.6334295474307 33.2196874780845 33.6035990261153 33.7280074786546 33.4664192553851 34.1406345120914 33.5386576446012 33.865087491153 34.5186574743234 34.5399519581301 34.604795178907 34.5580593858419
34.478629992 34.432092068 34.50178961 34.457201472 34.40178961 34.460663428 34.435772952 34.2567798836921 34.123276882 34.1878945427 34.1071047386289 34.4033997647843 34.6052944780001 34.6812641426971 34.5562997790892 34.4941063179059 34.8098754434976 34.9526308314814 34.8446280950794 34.9092175036823 35.2545094484183 35.4681390041913 35.497857874376 35.409200528645 35.2089379763339 35.0016096833745 35.19463117 35.1789015012707 35.0509314204991 34.7501169716853 34.4046987137926 34.4051751103726 34.40715844 34.6331693637024 34.8547052637539 34.8208600175102 34.7204301922428 34.7002246909401 34.6071052100388 34.401848842 34.2855151920066 34.0525250759512 33.7589192398179 33.6096530941331 33.5677035262629 33.5033854917825 33.4508612623894 33.2223271071509 32.7198361794204 32.3774277271929 32.2400891404281 32.7490472022946 33.6475635783564 33.0264278460001 33.7666019977906 34.3353242353195 34.4790454016594 34.4327961607233
