catData/variables/futureClimate2070/rcp45/MPI_ESM_LR_2070_rcp45/bio11.asc
NCOLS 409 
NROWS 350 
XLLCORNER 60.897278365 
YLLCORNER 5.843756025 
CELLSIZE 0.0892857 
NODATA_value -9999 
[rows 182 to 207 of 350, columns 118 to 176 of 409]
-9999 -9999 -9999 -9999 -9999 -9999 -9999 -9999 -9999 -9999 -9999 -9999 -9999 -9999 -9999 25.9 25.9 25.9 25.9 25.9 25.8398799081646 25.735772712 25.614283040082 25.2412834779999 24.8296112095069 24.1412014939999 23.9334119953564 23.5847610422253 22.4258041779732 22.751529591521 23.1268581888633 23.3168990700678 23.3831513829311 23.5639987156567 23.9117688672745 24.2576092543772 24.416034538 24.6902572345829 24.8044882393712 24.9122409467884 25.1 25.098569210994 25.0931359239032 25.1248888603991 25.1888241073953 25.155411622 25.1424889910158 25.1926524967786 25.2 25.126840262 25.0928266269191 25.1863239259782 25.294588258 25.4 25.4 25.383983222 25.3 25.3 25.262554702
-9999 -9999 -9999 -9999 -9999 -9999 -9999 -9999 -9999 -9999 -9999 -9999 -9999 -9999 -9999 25.9 25.9 25.9 25.9 25.8421793692173 25.6061014969636 25.432210052 25.1673360900218 24.9309279334489 24.6199108324599 24.3792625056322 23.4024148047607 22.2596283613288 22.0221316768035 22.5843129082743 23.0020109393822 23.2243224780403 23.649762114687 23.8527678409211 23.9641921665569 24.219479934 24.4591681432853 24.7605468840001 24.892798408 24.9982718950168 25.00179009 25.0175203889625 25.1227452756979 25.228512608 25.2614346808312 25.155411622 25.151731218 25.2 25.2648351361106 25.296900284846 25.138689640837 25.1015653516831 25.2892733910524 25.30179009 25.30179009 25.3015033752587 25.3 25.2702399832704 25.201119785465
-9999 -9999 -9999 -9999 -9999 -9999 -9999 -9999 -9999 -9999 -9999 -9999 -9999 -9999 -9999 -9999 25.8979956082715 25.8970339800966 25.8972309315353 25.7800495808328 25.4948803755982 25.096653628 24.752683747937 24.3542251786103 24.2800372566335 23.9398895780826 23.2135594706854 22.7275801217776 22.8648578502914 23.1414873399448 23.4488116646457 23.56838633525 23.8253824151458 24.1253027020138 24.2088864823543 24.2799494072776 24.465958386 24.6849248134586 24.805293998 24.9140755018052 25.1137519154371 25.215159667069 25.2934075607009 25.2909165276672 25.2926428839647 25.2375460087898 25.1131979036855 25.0603293811396 25.1320813675077 25.2332111222484 25.1094680327317 25.068555515388 25.162471758 25.1679761613482 25.1653123114326 25.099958528 25.1851814264525 25.1909165148206 25.19464725
-9999 -9999 -9999 -9999 -9999 -9999 -9999 -9999 -9999 -9999 -9999 -9999 -9999 -9999 -9999 -9999 25.8672330828806 25.8515128071187 25.848268302 25.7337687411171 25.3491682591163 24.8915097488844 24.626898294 24.3689050904563 23.90003662266 23.0547208235495 22.6380099331119 22.9360374177778 23.2060556084414 23.4825818817809 23.649783112 23.9780340142161 24.1332044288927 24.246378708 24.3617707788942 24.4182835417899 24.5755625051043 24.8529788622071 24.982092908 25.089235748 25.1886132908987 25.1979985791005 25.1527687083989 25.0526787443959 25.0313779883929 24.7759185607075 24.4004398325164 24.303752768904 24.482051436 24.5042831247167 24.5577727070937 24.4657097601858 24.5564252589078 24.5890191970914 24.683882758 24.7890242070899 24.885672848 25.0003886298232 25.0968624318247
-9999 -9999 -9999 -9999 -9999 -9999 -9999 -9999 -9999 -9999 -9999 -9999 -9999 -9999 -9999 25.88036157 25.8877153800327 25.9 25.8381090087005 25.6163643542681 25.1705274648317 24.8236219005994 24.5825389141668 24.0317744734665 23.6768590984999 22.8575237667334 22.7893313705327 22.9483413419987 23.1972595703663 23.2546773385341 23.5197530516966 23.7365162972033 23.9255892583346 24.1115209958007 24.292757416 24.5214105670675 24.660664388 24.767807228 24.874950068 24.9814128927976 25.0464733895308 25.0574814141878 24.7274556200055 24.348413450809 24.0856946003778 23.8230833694017 23.820125738965 23.9651014653315 24.1583459736981 24.3515904820647 24.4315403311375 24.194113513202 24.2923648594933 24.5 24.508873938 24.5968545562642 24.603521188 24.7653180169975 25.028260067364
-9999 -9999 -9999 -9999 -9999 -9999 -9999 -9999 -9999 -9999 -9999 -9999 -9999 -9999 -9999 25.8 25.837446018 25.8880585375491 25.7420465225661 25.282176310983 24.9273792052527 24.8073139434545 24.5878530235624 24.1723402561418 23.5081991546268 23.1277087471589 23.167348337691 23.0221787171116 22.937527522 22.9575528370688 23.0980918407293 23.156570938945 23.5792171491162 23.895720625416 24.132034276 24.3802935915197 24.5482463925062 24.6138262724555 24.6129166838467 24.5773570963044 24.5012850871409 24.3288253158558 23.6356826102052 23.690908094 23.974891076 24.1119413339008 24.1544898243337 24.2234506475671 24.301899274301 24.399941008 24.5658803757689 24.4953661444916 24.385755552 24.4995363899707 24.482092668 24.5614914485615 24.5169571781725 24.6257082629064 24.7638261052806
-9999 -9999 -9999 -9999 -9999 -9999 -9999 -9999 -9999 -9999 -9999 -9999 -9999 -9999 25.8 25.7897199165618 25.803521908 25.8366134052356 25.6281722442688 25.17347553 24.7933619397273 24.5337019116612 24.3366056265414 24.098987621372 23.5325000849466 23.237387266 23.4399452446484 23.50177233 23.4864690891216 23.4557193759797 23.5144754769191 23.53569644 23.604060482567 23.823455085539 24.0193946029721 24.1871012808254 24.392757416 24.344706122 24.1125628982178 23.80177233 23.8136569939063 23.9039462784152 23.7134879737774 23.7145522833975 23.974891076 24.1597145884 24.3198371907014 24.4399450003948 24.46784822 24.541007958 24.6209088631065 24.721369528 24.671424076691 24.532193012 24.4397876435116 24.5 24.5078566942859 24.5436668896308 24.528630592
-9999 -9999 -9999 -9999 -9999 -9999 -9999 -9999 -9999 -9999 -9999 -9999 -9999 -9999 25.7809775111474 25.7124521039153 25.7220680805109 25.75893305 25.6342250234482 25.3202053183327 25.1007999291563 24.8655941514162 24.6856681427093 24.2888612663738 23.6124557437401 23.3020409434571 23.4429038416057 23.7131555986685 23.7916450458656 23.82320085 23.8452687890716 23.9004450854598 23.92320085 23.8990229714775 23.8821339 23.9814355476589 24.178471736 24.2022429712961 24.1831007243588 24.1649788077108 24.2157943975157 24.2968900469058 24.0811779492197 23.883806246 24.098091926 24.294066519101 24.4126206845696 24.5346372860382 24.6271111264932 24.6841822149754 24.7 24.787445418 24.8388445126187 24.680402802 24.574845388637 24.5 24.523159618 24.569697542 24.477932343807
-9999 -9999 -9999 -9999 -9999 -9999 -9999 -9999 -9999 -9999 -9999 -9999 -9999 -9999 25.7313482233738 25.5631017949542 25.6638947067177 25.5605880303896 25.351965746 25.1199030108667 25.0518599517838 24.6471383125387 24.2705915729969 23.6896462919999 23.4571985395811 23.49283916 23.5155018171555 23.7879661924455 24.019579678 24.09641958 24.09641958 24.141008198 24.19641958 24.1659284574298 24.14462937 24.071469392 24.0890935462344 24.187445658 24.3401894142499 24.497316243586 24.543931567422 24.4127666157738 23.9768720476244 24.0795974518597 24.1725240402975 24.251749218 24.3819793746867 24.510664268 24.5859805001097 24.6388505760544 24.65179021 24.739235628 24.846378468 24.7991034607105 24.7304619139999 24.5404881349614 24.5119944147974 24.5360965033666 24.5
-9999 -9999 -9999 -9999 -9999 -9999 -9999 -9999 -9999 -9999 -9999 -9999 -9999 -9999 25.8011708465996 25.6452256300137 25.6665626755865 25.5462086495899 25.310862796 24.8853657880832 24.887346874 24.6718217463302 23.8598816602796 23.21302295637 23.3236988756663 23.593128635854 23.8244919017602 23.9875117433294 24.0975206512928 24.1228416863005 24.2414544458939 24.355293878 24.41070526 24.41070526 24.41070526 24.3780412539304 24.285755072 24.353503548 24.5028776646795 24.65535263 24.646478452 24.4786968668423 24.094964361971 24.172125970304 24.1318055417987 24.1186308976921 24.4212515440001 24.5923436085093 24.61070526 24.683864998 24.6218060822384 24.687445418 24.7422311695258 24.8009582082709 24.8425167120675 24.6858227741357 24.542533172339 24.5 24.4792730427457
-9999 -9999 -9999 -9999 -9999 -9999 -9999 -9999 -9999 -9999 -9999 -9999 -9999 25.9 25.8913138240867 25.851130405516 25.82499094 25.780402082 25.6021258138041 25.0753646439999 24.8205070613489 24.6637456980921 23.7467836464783 23.2642242148524 23.3786933543802 23.629752936381 23.9122027267612 24.0074743479954 23.8558060461951 23.9545528995269 24.212396086 24.382093148 24.5021641656299 24.56249547 24.56249547 24.56249547 24.5323782755323 24.5577870230383 24.657083968 24.82499094 24.8216627212497 24.7694650880373 24.6662868241085 24.6298953609245 24.5469442659343 24.5043589364141 24.6780207283484 24.8360827085104 24.8462288393155 24.8524291558861 24.8022612610864 24.8749318280001 24.8283730335981 24.7381537701687 24.7716809312606 24.7355002560699 24.701831322 24.6060532764513 24.525050172
-9999 -9999 -9999 -9999 -9999 -9999 -9999 -9999 -9999 -9999 -9999 -9999 -9999 25.922308629823 26.0231481520265 25.9485356889645 25.8739232259025 25.909976540638 25.9414766142215 25.630428407134 25.2531689429634 24.9509235745925 24.1629846794084 23.6907846829369 23.7714990274065 23.909966402689 23.9414327596947 23.6260649715591 23.5465017696831 23.821270504 24.105253246 24.3060010680276 24.4674380029105 24.5713607561516 24.6459732192136 24.7205856822756 24.73927662 24.73927662 24.7679952865384 24.9012056745236 24.96963831 24.9807922906476 25.0070203525808 24.8063904416852 24.6579452913344 24.8006889028956 24.891007838 25.0160258369804 25.003621412 24.96963831 25.0255596682056 25.0658265267324 25.0409197163296 24.835660097825 24.63036169 24.646378468 24.7394580051553 24.7604379716397 24.701831322
-9999 -9999 -9999 -9999 -9999 -9999 -9999 -9999 -9999 -9999 -9999 -9999 -9999 -9999 26.1358380381397 26.0394982076648 26.092897432 26.0956383481115 26.1647696446389 26.0673477806672 25.743055088 25.2752974325542 24.7577682816702 24.1766193757755 23.9112080547725 23.8437786489969 23.5939922684301 22.6363983513451 23.0621411627566 23.5838323082801 23.921329256 24.135614936 24.3378891663642 24.5272975110588 24.666017138 24.7169869055518 24.7848762771428 24.8671417818375 24.87678115 24.978512488 25.0835948459215 25.1572812673839 25.1482438393108 25.0021517880163 24.8524867904996 24.8103529086053 24.874950068 24.982092908 25.0585790189575 25.1329540381734 25.172207635132 25.1096395524373 25.1 25.051027319904 24.9003110883533 24.809466628976 24.687595175928 24.6464377 24.6664942628506
-9999 -9999 -9999 -9999 -9999 -9999 -9999 -9999 -9999 -9999 -9999 -9999 -9999 -9999 26.2376033139999 26.1190987099256 26.162553982 26.1820096067291 26.28392399 26.225049452 25.9198544779999 25.6023198221149 25.3492707887312 24.8522566386928 23.4717273567369 23.1222385053048 22.7422136197734 22.6184159379978 23.1262454463296 23.772983722 24.0638115440317 24.1356806786886 24.2600478123612 24.433824606 24.582093148 24.6774747826207 24.780302818 24.887445658 24.9793824416027 25.08420232007 25.108874178 25.2134421205846 25.260764132 25.1790525252392 25.1243826935666 25.05177197 25.0600882857788 25.027903120903 25.0106128831242 25.089235748 25.11607601 25.1020182758578 25.1 25.0997217085124 25.075050052 24.965332353167 24.844688362 24.7424169481783 24.658518111702
-9999 -9999 -9999 -9999 -9999 -9999 -9999 -9999 -9999 -9999 -9999 -9999 -9999 -9999 26.3869289252678 26.3759075244062 26.2423849373385 26.098110886 26.2560435874738 26.2947406374337 26.0269973179999 25.8779957767074 25.8588532726273 25.5773730745472 24.4547428281681 23.1830918139679 23.2617127634607 23.574737332 23.9462419835591 24.1302872219331 24.3162343429934 24.417789108 24.4778217490866 24.5462672991267 24.657083968 24.764226808 24.7982404172467 24.887445658 24.994588498 25.00893317 25.0258887805932 25.216017018 25.2979310905131 25.29106683 25.253621292 25.19106683 25.19106683 25.185807510313 25.18213366 25.1886691437671 25.1179378178071 25.0203662298471 24.9227946418872 25.0105096260728 25.0992072760328 25.075050052 24.967907212 24.860764372 24.8218220237453
-9999 -9999 -9999 -9999 -9999 -9999 -9999 -9999 -9999 -9999 -9999 -9999 -9999 -9999 26.49820967 26.4386883677734 26.2991087008238 26.2962255854029 26.4007468978912 26.3229578715485 26.1322271652293 26.3838209746764 26.2526619152149 26.0181716438543 25.9742107239168 23.3862468787227 22.8530059772645 23.3537095257751 23.6075759621825 23.5505158643595 23.5271094980054 23.8447015971907 24.0597569441879 24.2238558717806 24.5010585547465 24.674950308 24.859520595117 24.8997752358489 24.9016934462562 24.90179033 24.919538686 25.117807348 25.20179033 25.2315505097069 25.3361047405991 25.3526292411078 25.29820967 25.29820967 25.29820967 25.29820967 25.217907092 25.1966441084479 25.0089362659595 25.0000309923668 25.00179033 25.0015035768184 24.9995853664111 24.967907212 24.8988800644037
-9999 -9999 -9999 -9999 -9999 -9999 -9999 -9999 -9999 -9999 -9999 -9999 -9999 -9999 26.7396594904075 26.675049332 26.4281439292902 26.2611083878334 26.5193355473827 26.6664282924661 26.6358015452408 26.5307556899845 26.5010542807902 26.417234652435 26.2111121623397 25.5792942623981 23.4721781896632 22.3774168093191 23.0462241043855 23.4531447915735 23.6100214450601 23.8377725888135 24.151731458 24.258874298 24.3695507119132 24.6170006537231 24.7706520916363 24.784614442411 24.7890053288143 24.801731338 24.9172733647352 25.0955048024902 25.0987603662846 25.1536309310593 25.291299256166 25.29464749 25.346378708 25.39464749 25.39464749 25.39464749 25.3186431155177 25.3 25.2104745879683 25.1037140691935 25.0102300415811 25.0036379107117 24.99464749 24.964345032 24.89264322668
-9999 -9999 -9999 -9999 -9999 -9999 -9999 -9999 -9999 -9999 -9999 -9999 -9999 -9999 26.8413137962943 26.7708327075433 26.6796883110102 26.7432365757362 26.806031293274 26.8 26.6762143464419 26.6033537247001 26.519696942 26.412586631874 25.927163884021 23.9284685382425 23.4235875471791 23.5715219784475 23.6428627159163 23.3859604530197 23.7576134108081 24.022323215517 24.101750058 24.2162494475951 24.394548226 24.535673928 24.552479831831 24.4407196599461 24.5077972341151 24.7769569747428 24.8952699683993 24.991026318 25.0547433473166 25.0064480634764 25.0921430890325 25.1680854238904 25.2202765212516 25.26251395 25.2707629924642 25.2841508653222 25.2774705618199 25.2750093 25.286828433896 25.2 25.191126062 25.0719691489396 24.9220968246722 24.8784064938143 24.7672336230436
-9999 -9999 -9999 -9999 -9999 -9999 -9999 -9999 -9999 -9999 -9999 -9999 -9999 -9999 -9999 26.8162784650151 26.615998778 26.7685371107357 26.8489484502869 26.7387049345615 26.6939411907479 26.626839782 26.519696942 25.5256681504565 23.7000560345223 22.8886335025343 23.4908324241365 23.8449062744412 24.0476862861482 23.8965233496201 23.6410541649694 23.4868560518303 23.6630195759882 23.819557646 24.059772467986 24.214245408 24.1923226519484 23.9351975804647 23.807122655223 24.466335349446 24.6821708599999 24.7013333304271 24.8154535807533 24.8120200268167 24.774891076 24.9358320276105 24.9905208848802 25.0115617993708 25.0726905641387 25.173159738 25.1354673948425 25.11963819 25.1956510261763 25.2 25.1928687428049 25.1164927847045 25.0813885117861 24.9649841282767 24.8319228012327
-9999 -9999 -9999 -9999 -9999 -9999 -9999 -9999 -9999 -9999 -9999 -9999 -9999 -9999 -9999 26.9778123251911 26.9541986186856 26.910822284 26.851731698 26.5351798570524 26.4689889095409 26.6104929915839 26.5034659998922 24.4681930667082 23.0266850109013 23.2557573724237 23.4223385194532 23.8813069893298 24.049941128 24.1489685290833 24.0729413002395 23.6942729991631 23.4181961235679 23.424009225771 23.6842473134013 23.9052218493123 24.0697526015589 23.995365227708 23.5580641480519 23.8507046137017 24.1000056688173 24.1923844388129 24.368557902519 24.6358876592844 24.748110046 24.8851601968887 24.9378770649881 25.032093028 25.0908989752585 25.1535668066183 25.17321897 25.17321897 25.17321897 25.1736825758747 25.2 25.1882726801212 25.1205786457555 25.0778128523677 24.999363968491
-9999 -9999 -9999 -9999 -9999 -9999 -9999 -9999 -9999 -9999 -9999 -9999 -9999 -9999 -9999 -9999 27 26.9259485502224 26.8505567800434 26.6106054562657 26.2117044765098 26.5384858117381 26.2411555859843 24.4093561127575 23.4733508141101 23.5058221842697 23.7471087837954 23.8911891255629 24.0631691595374 24.1866359885866 24.271369648 24.2455365704153 23.912136815122 23.6047240413662 23.5793170499272 23.7716141523425 24.0475905004154 24.2171106093406 24.014334534193 23.8380141548524 23.9902209547835 24.1748874072716 24.0872797013995 24.335189763876 24.5477135147361 24.6900951313878 24.7994029822875 24.891026318 24.9757736713444 24.9734097755885 24.9370627778326 24.9897103898466 25.0624043853584 25.033883358 25.135162643191 25.1715096409469 25.176840382 25.1 25.1
-9999 -9999 -9999 -9999 -9999 -9999 -9999 -9999 -9999 -9999 -9999 -9999 -9999 -9999 -9999 -9999 27 26.955411142 26.8270237956043 26.6096276147058 26.2954863683457 26.4122147792628 25.2155989245998 23.9227057814324 23.6318004267271 23.7866170518844 24.0274356270255 23.8828966568575 23.8862313054373 24.0498501656699 24.286067856117 24.4366221568942 24.3481834538356 24.0707549732242 23.96426684 23.9773380259974 24.0438058798303 24.233824606 24.2808779445011 24.226662806 24.4247856421117 24.393015656 24.0608409016723 23.8606859017803 24.0279106804984 24.142776496 24.357062176 24.5366514366641 24.5675554819473 24.5104842994412 24.4473414988298 24.6106239960001 24.786065390393 24.696397548 24.8144730911522 25.033883358 25.1042178551612 25.05893329 25.0435557380617
-9999 -9999 -9999 -9999 -9999 -9999 -9999 -9999 -9999 -9999 -9999 -9999 -9999 -9999 -9999 -9999 26.8914764635414 26.9501937675839 26.8198065351868 26.6453419386625 26.634260448278 26.0028665592318 24.3449948878781 24.0385763739193 24.041241521881 23.9990474700383 24.165958386 24.2990106520166 24.0298823709746 24.0399202838603 24.2244420018644 24.419471713911 24.499875996441 24.4070535381314 24.2809755196946 24.2455897643478 24.0868985776097 24.1387865495673 24.3865681352375 24.4508375557413 24.59540402328 24.5156019606025 24.2383359606121 23.8429351262817 23.7640218626351 23.8211082868417 23.9053741111854 24.0447365475715 24.1047978008995 24.1035809 24.1035809 24.1941576509732 24.2105489109307 24.2097274525559 24.3865890164231 24.7154569614017 24.7701173976195 24.8071618 24.8058209213239
-9999 -9999 -9999 -9999 -9999 -9999 -9999 -9999 -9999 -9999 -9999 -9999 -9999 -9999 -9999 26.683226466731 26.6780851141543 26.8032126865767 26.6768306635388 26.3997322176533 26.5061575474617 25.5245562388078 24.3481047813842 24.242798288 24.2975840008462 24.3221826681923 24.3690693986153 24.4017146122309 24.4003643497694 24.36605717 24.403502948 24.4612840565381 24.5015461092303 24.5835383051162 24.5152125676926 24.4582255553071 24.3033429940007 24.26605717 24.2880376924595 24.502689674962 24.6602644596159 24.694687762 24.5772045989236 24.378392913155 24.17676195 24.0828121062295 23.9374227044609 23.969578838 24.076721678 24.0702091164993 24.0998017861546 24.0623016511915 24.0131209934624 24.1122505677675 24.2118860036897 24.33394283 24.357102448 24.43394283 24.5128418627712
-9999 -9999 -9999 -9999 -9999 -9999 -9999 -9999 -9999 -9999 -9999 -9999 -9999 -9999 -9999 -9999 26.5765980249251 26.5709506672771 26.547834881888 26.2299292444582 26.4708578215476 25.3157525409545 24.220275426794 24.0531564078387 24.2273594281016 24.5010821536537 24.553620812 24.478512488 24.56249523 24.5814331207999 24.6390344129136 24.6457723713729 24.62499046 24.669151800108 24.716497986465 24.651830482 24.5948730728056 24.5328363249079 24.3949267633787 24.4398854423348 24.5894296559517 24.7415074964765 24.739335372 24.6208275748113 24.52499046 24.3633597166156 24.110764012 24.0845758100426 24.124759485756 24.155787725061 24.242797808 24.2296990271035 24.22499046 24.2635770836766 24.3194446720368 24.26249523 24.2711811914638 24.3189375908228 24.4280280737814
-9999 -9999 -9999 -9999 -9999 -9999 -9999 -9999 -9999 -9999 -9999 -9999 -9999 -9999 -9999 -9999 26.7279068062271 26.5226092891225 26.4869173122617 26.5445099478923 26.6375019108658 25.1939973520001 24.2919265229687 24.2432595833228 24.3343472492583 24.5701638105003 24.6034855288379 24.6441392886619 24.66963807 24.6788386268235 24.7260765170957 24.8006887230149 24.83927614 24.83927614 24.8593202172276 24.8474252886916 24.83927614 24.751830482 24.644687642 24.5398018076316 24.5812066197125 24.7271709602067 24.846478212 24.7604375860451 24.7131997900357 24.5844360156505 24.3907964401973 24.1859179368344 24.1 24.173159738 24.280302578 24.3 24.3658694373178 24.370163664763 24.4034853403124 24.43927614 24.43927614 24.4484765510863 24.4549310023341
