catData/variables/futureClimate2070/rcp45/MPI_ESM_LR_2070_rcp45/bio17.asc
NCOLS 409 
NROWS 350 
XLLCORNER 60.897278365 
YLLCORNER 5.843756025 
CELLSIZE 0.0892857 
NODATA_value -9999 
[rows 216 to 242 of 350, columns 183 to 243 of 409]
10 9.05411981999996 8.98269141999986 7.91126301999962 6.89416853089926 6.10764251999985 5.2364401768388 5 4.55412101999975 4.17548944155398 4.7282515323152 5.6601641800003 6.97977533994683 8.41467114607795 9.55292198000044 9.67847260000009 9.66703730447035 9.07634148939911 9.6241395032679 9.33923630000004 9.43666546201207 9.66076369999996 10.4012593387444 12.5316259873871 14.4492168135179 15.4362109403517 15.1773554657795 15.5306055280896 15.9574078580415 15.6791247358277 14.9771325806061 13.5881690706973 12.554935402565 11.8428732226078 10.9210816296534 10 9.70538252708852 8.8219337199999 8.33923630000004 8.33923630000004 8.82264294838763 8.46939605774326 7.76143506387402 7.67847260000009 7.67847260000009 7.64837223773297 7.39356776839798 8.06308318547169 9.94526626000079 11.8340734864187 12.8120195929217 13.5173001800001 14 14 14 14.2724114235763 14.6358788297074 15.9452168158381 15.0637373980317 17.8844556438013 20.2659809057691
10.0515582221017 9.44255942035567 8.98269141999986 7.91126301999962 7 6.76840621999981 5.82141833264289 5.25689106489946 4.73722777755788 4.92797208000025 5.41066470000005 6.34193500493096 8.28451456000031 10.097598990155 11.2851140800004 11.4106647000001 11.4106647000001 11.4106647000001 11.25050172 10.4106647 10.1076449199998 9.25689205049475 9.62898235196306 11.53770185116 13.5250300431225 14.4497757393353 14.8897735617927 15 15.5153424732925 15.4203351783302 15.3964525967547 14.3960171081593 12.3448924034625 11.5368220399994 10 10 10 9.69513532882487 9.65243573128253 9.55022524626008 9.41066470000005 9.41066470000005 9.41066470000005 9.02222805643022 9 8.9477084084846 8.57082288000003 9.64225128000033 10.8922571041434 12.1537706783147 12.6734326792281 13.5173001800001 14 14 14.3004362906022 14.8839090669405 15.8744421800004 17.5033055020253 17.0274938795683 18.6416254771107 19.3388263799998
9.64345511999959 9.06190459179517 8.50059831999984 7.42916991999959 6.59512152455688 6.88005598334083 6.33600819787492 5.80606946090895 5.6970482796932 6.23210326152306 6.76591855726116 7.96625396395534 9.94527826000024 11.6722449536136 12.8386355800004 12.9641862000001 12.9641862000001 12.9641862000001 12.80402322 11.8525375936824 11.3251570651014 10.58973802 10.4260313146611 11.5173049800002 12.3049090797624 13.4963281190224 14.3788956021943 14.5179069 14.939471755374 15.94587538 15.9737344729415 14.3505837482736 12.76262710949 11.2780238385877 10.3360105119218 10 10 10.2493880044303 10.7870009367858 10.6580989019982 10.1293996792177 10 10 9.51012585713449 9.96418620000006 9.96418620000005 10.12434438 11.0841264877296 11.7851080800004 12.6760199101614 13.2149517086229 13.7500064325933 14 14 14.7315853800002 15 15.8744421800004 16.4898728998889 16.526866161105 17.0785886576792 17.6780626799999
9.12554821999962 8.05411981999996 7.98269141999986 6.91126301999962 6.07151039861435 6.57467063649633 6.86470711160676 6.3462550532825 6.44587898000025 7 7.58873578 9.02557924716038 11.4216588822708 14.6020637147631 15.1204823150168 15.1070430000001 14.563100842713 15.1070430000001 14.9468800200001 13.8754516199998 12.7715870736893 11.8328169382659 11.5535215000001 11.784487051513 12.3258765835978 13.5084313212924 14 14 14.39042177596 15.3923538799999 15.4387527342611 14.8716508093714 13.2332003400001 11.4253320204068 10.8647092547036 10.7607852898144 11.1070430000001 11.3380074799647 11.5535215000001 11.1881090897432 10.6733617853673 10.5535215000001 10.5535215000001 10.5535215000001 11 11.0491138409204 11.71367968 12.5535215000001 12.6888111737481 13.2072624613627 13.9993932800004 14.5535215000001 14.2276475733055 14 14.3266371430844 15.3354492840527 15.9439411328633 16 15.4560538573581 16.0396148675315 16.6066342799999
8.42213697246564 7.42916991999993 6.74360861534003 6.34176928677713 6 6.08685927034844 6.56442378108894 6.85956227252591 6.79217685603701 7.3232911954004 8.21368568000003 9.94527826000064 12.3625189302885 16.2120839200009 16.672037672586 16.0338236759768 15.6422560800001 16.6804045668978 16.9896429816653 15.1038925004555 13.1477549024178 12.3909385473538 12 12 12.5887333800001 13.6601617800004 14 14.5018463812693 14.0784643472935 14.94587538 14.9891860044192 14.3417710870176 13.7797711784549 12.3933609199997 11.6249499 11.7653858272336 12 12 12 11.752407158515 12.0821556099523 12.2498998000001 12.2498998000001 11.6587765757364 11.635762395701 12.3386295800004 13.3099671414249 13.6249499 13.8143190814498 14.6243431800001 15.4171240556764 15.6249499 15.0362213199999 14.6249499 14.6249499 15.7291340784906 16 15.4088782756161 15.6206268883578 15.3750501 15.6352952186953
7.39105075601132 7.01643195175208 5.30362169999995 5.24182719272015 4.71877909504321 5.30362169999995 5.81766195057115 7 7 7.15706574613818 7.89235747999995 9.62395006000056 11.257341662847 14.2601209350839 15.5198126726806 15.3200543804441 15.332979528208 17.1505274159722 18.2645183162646 15.4665010714983 13.4853619007371 12.8863094070265 12.6963783 12.6963783 12.8751305296824 13.6601617800004 14 14.2438138663912 14.6470665227452 14.9835665908637 14.9826962199997 14 13.9513717724274 13.4647893199997 12.6963783 12.6963783 13.0068754034826 13.3927566000001 13.3927566000001 12.9330359332264 13.4279660800001 13.6963783 13.6963783 13.4091907378284 13.3980096744081 13.7851080800003 14.6963783 14.6963783 15.2104063366476 16.7671999800001 17.0822611678255 16.3361416800618 15.8212492277018 15.2366593045342 15 15.243812409007 15.912564258757 15.7128131665205 15.9947476542841 15.6345904779519 15.2087825501884
7.12554821999962 6.27374686039869 5 4.91126301999962 4.16016538000006 5 5.14071943989487 5.75189226414284 6.23219329999992 6.23219329999992 7.27296435641369 8.81344987949631 9.96378588000003 12.0246913513158 13.3388359800002 13.4643865999998 14.2535178590446 15.6418557600005 17.2298460782718 15.7146346532259 14.6974475373166 14.5356134000002 14.1932663745029 13.7678067000001 13.7678067000001 13.9210918422322 14 14 14.2030407299612 14.958442754129 14.9826962199997 14 14 13.9462265904901 13.7678067000001 13.7678067000001 14.2136808800004 14.7678067000001 14.3157751090584 13.8467154150318 14.4993944800001 14.7678067000001 14.7678067000001 14.7678067000001 14.7678067000001 14.7884091604266 15.1229705236638 15.9456204277544 16.9089864281562 18.7172503518695 19.1728616399495 16.8533199758846 16 15.8467159722957 15.2060905436138 15.6165593604765 16.6422488800005 17.494052468657 17.5223311272528 -9999 -9999
7.12554821999962 6.84793566745033 6.67847020000003 6.58973321999965 5.56980276259831 5 5 5.06019851004866 5.5349621903684 6 6.68338382879811 7.82092908000029 8.89235748000009 10.7668068600004 12.0352142800003 12.1607649 13.1780710800001 14.2637648858806 15.2957812145366 15.1235331349534 15.2543048353705 15.8392351 15.7675537962039 15.6784702 15.1843844829623 14.2852041625452 14 14.6739213782883 14.1053685012947 14.94587538 14.1579830595386 13.9255328400442 13.2951772803724 14 14 14.3142480416229 14.9109160179603 15 14.9053527228734 14.8392351 14.9568487362929 15 15 15.7938098049576 15.8392351 15.8392351 15.8649829137919 16.2315865800003 17.3030149800004 18.4948380850828 18.7322969557505 16.9653996399998 15.5059183112908 15.7147918091263 16.4963588790858 17.4814839800002 19.2867749503774 19.6697680892067 -9999 -9999 -9999
7.92187953855601 7.04928494470053 7 6.91126301999962 5.83983461999994 5 5.2759512390167 5.91066350000002 5.54445105499334 5.5604294492468 6.05259559400996 7.350688102734 8.73159258000011 9.87476006378 10.9637858800003 11.0893365 12.1066426800001 13.1780710800003 14.0893365 14.3002383166809 15.027070726576 15.771329080335 16.9106635 16.9106635 16.3219301199999 15.2505017199996 14.9106635 14.2511226587442 14.0112164673712 14.0845011958853 13.9842420791417 13.0814094776014 13.0143081856552 13.3002361310885 14.2759468678318 15.2851092800001 15.9106635 15.9106635 15.9106635 14.7082973969023 14.0893365 14.8206140250356 15.7963247617793 15.9951644814778 16.0157557352658 16.9106635 16.9106635 16.9313526345042 17.0270702977608 17.46377988 17.6434647199996 16.0547361399998 14.5006079199999 14.7494934800004 17.1533780853998 20.1762279588865 21.6845522838141 21.821327 -9999 -9999 -9999
8.12329988992105 7.98306108314863 7.96509328378146 6.91126301999962 5.99713174235844 5.7546455245715 5.30302218000029 6 5.9920151546383 5.99135589229183 6.57819264077824 7.6540783661522 8.73159258000011 9.80302098000022 10.0156597269419 10.0179080999999 11.03521428 12.019497167732 12.1931109653377 13.0220554615921 13.6310027429559 15.7488963600002 17 17 16.4112666199999 15.9881777568276 15.2636031101024 14.9856194629676 14.1233046039622 14 13.9826962199997 13 13.1572924083173 14.2136808800004 15.2851092800003 15.9887975124729 16 16 14.8436241465255 13.3638346198066 11.5809352342457 13.4340118518942 14.8923526800004 15.9468422920868 16.9824017348433 17 17.1572900512967 17.7546525956331 17 16.6389677589867 15.5899444199995 14.5092521566463 13.4291795199998 13.6780650800003 16.9311483158572 19.6204080110738 21.7511328619972 -9999 -9999 -9999 -9999
8.12554821999962 7.94937620900234 7 6.91126301999962 5.84840671918716 5.04112533141626 5.30302218000029 6 6.02386357677331 6.05352030000001 6.05352030000001 6.67835229503743 7.7315925800001 8.76004305624432 9.82092908000035 9.94647969999999 9.94740593194545 10.0792363773164 10.9015313707385 11.1780710800003 12.536301550469 14.2874481589281 15.3923562800002 16.4637846800002 16.3892555071175 16.0353320565142 16.0535203 16.0105425046928 15.1255530199997 15 14.0535203 14.1375035071071 15.0085718422898 15.0411255883137 14.6807650389169 13.9264392495207 13.9168227198759 13.4568633092722 12.4112690199999 12 12.8098973749239 13.8241014462832 14.9212451162555 15.9487698743485 16.0154494299042 16.8929594 16.7413729338411 15.9340851167624 16.2121918326345 16.2577139060918 14.6611688199997 14.1070406 13.5183120199999 15.0521797403845 16.745951010987 19.3230862631809 20.8142019878067 -9999 -9999 -9999 -9999
8.12554821999962 7.17230631884677 6.99783731543014 6.79740189029256 6 5.79734356173893 5.39010865253811 6.04678711318528 6.51511568109191 7 7 7 7.7315925800001 8 8.87444938000036 9 9.01298141061415 9.67245529041566 9.03521427999999 10.1355797218626 11.3408817075856 12.8270582466918 14.4458765800002 15.5173049800002 16.1471229409553 16.8275728237998 17.1249487 16.4222662476467 15.3754504199998 15.131711500907 15.1249487 15.1249487 15.2450855674755 15.6434623199997 14.2690165399995 12.5473920334314 12.3901627808457 12.8750513 12.2863203199998 11.9575373563238 14.1033523979532 14.2727067755398 15.873837860001 16.0067631007839 15.8577499199997 14.8639646293376 14.7701141563853 14.6724011621082 14.6060299600007 16.37444338 16.5541282199997 15.9353640149992 15.3598835907238 16.2378282035538 16.96646194217 17.8030137800001 19.6396239463846 20.8209218799999 -9999 -9999 -9999
8.10089342464592 8 6.78971332874533 6 6 6 6 6.30091706100634 6.80362289999992 6.905210223093 7 7 7.73159258000011 8 8.87444938000036 9 8.97929528255939 7.82104833949011 8.12871063846026 9.26680566000059 11.4691686056395 13.4479812276888 14.6422536800003 15.7136820800003 17.142616352325 17.5443415882252 17.4108686999997 17.5685631599864 17.2479629061084 16.436249984086 16.1963771000001 16.1963771000001 16.0047646497653 14.7229322477153 13.3165994886676 12.1228445236164 12 12 11.6424955850651 11.7936332108358 13.3195084733682 14.7643330686817 16.5771682692697 15.85774992 14.7795263303388 13.3395634168796 12.7988553789295 13.8036228999999 14.3501476569716 15.9816891799999 16.2489330271278 15.2863227199998 14.8036228999999 15.4637798800003 16.5352082800001 17.6066366800001 18.6780650800004 19.9352408014756 -9999 -9999 -9999
7.73219449999998 7.47888258545495 6 6 6.04289316967361 6.20578341195018 6 5.89972007519777 5.73219449999998 6.24950188000017 6.88986117993078 7 7.7315925800001 8 8.64026702656465 8.73219449999998 8.7068515203758 7.33277647143609 8.0857850538808 8.93677231468403 11.0145641126151 13.5813701420692 15.4458765800002 16.5173049800002 16.8423339628024 15.7654608511469 15.2678055 15.855771287674 17.5147122492982 17.9855051290786 17.2678055 17.2440425341689 16.67967884 14.5988428425829 13.1866557790404 12.7258328593358 12.2678055 12.2678055 12.5412056910713 12.0720351199997 12.46378228 14.3382268600003 15.3724580120311 14.51851602 13.1493127647209 10.4881513230978 11.0096196185259 12.5264091598502 12.9540604017739 13.83883238 14.5837959149788 14.3534301533549 14 14.4833633098929 15.4637798800002 16.75025978686 17.8744421800004 -9999 -9999 -9999 -9999
6.32153219999988 6.01740126478818 6 6 6.16016538000006 6.84697068120503 6.23643850409204 5.62554941999989 4.84874273468647 5.00258527998386 5.91026797999988 6.54548226942173 7.14417767587551 7.59394413882723 7.66076609999994 7.66076609999994 7.66663694293548 8.06020355527677 8.8901283353181 10.2315913800003 11.4058143617469 13.335552923551 15.4458765800002 16.3418175941453 16.2717510405575 16.2239492552605 16.3392339000001 16.3392339000001 17.2136808800004 17.9642362859286 17.9941299712258 17.6021348834766 16.7340107381797 15.1076449199997 14.0362165199998 13.2122091977121 13.1512556369908 12.988260756613 11.8723176136035 10.6613728199996 11.3012993558017 12.9943881494957 13.0248909547924 12.3572974999099 10.6379017692252 9.3978635306847 10.16015818 11.2315865800003 12.102792953424 12.5866533918735 13.4458717800003 14.1754857575322 14.3392339000001 14.3392339000001 14.8226407183598 16.6060275600003 -9999 -9999 -9999 -9999 -9999
4.58933769999993 5.53521787999998 6 6 6.16016538000006 7 6.69697781999971 5.62554941999989 4.55412101999975 4 4.34696419049287 5.24950188000024 5.58933769999993 6.39235868000016 6.58933769999993 6.9777740446537 7.42796848000017 8.55169151328828 10.0657728977417 10.6422536800004 11.8922630602002 13.5951246091705 15.2183189818592 16.2124376528884 16.6524329039177 17.2103828250535 17.1102257940238 17.3297694570057 18.2851092800004 18.4106623000001 18.4004645300934 17.7848856388772 17.1847298078479 15.8635158831813 15.2320827342107 14.4468788200001 13.9009913474613 12.7529581727009 10.6536453583278 9.61094318935727 10.5734023396134 11.473247708584 11.073994542445 11 10.807114550992 10 10.2259291065626 11.6422488800003 12.7136772800004 13.7182018593013 14.3116532186404 14.7155267982909 15 15 -9999 -9999 -9999 -9999 -9999 -9999 -9999
4 4.94588018000004 6 6.04277927280427 6.56504183984006 7 6.84306199487158 6.10764011999989 4.82125761041615 4 4 4.34190516834903 4.87060327900706 5.41589203363723 5.93947321371894 6.94587778000001 8.49939688000011 9.52804716421378 10.16016298 11.2315913800003 12.3030197800003 13.5549661652101 15.1588909074345 16.5173049800002 17.5887333800001 18.3182578546337 18.1031933419893 17.9929444013096 18.8744469800003 19.455997724057 19.473748708587 18.9112678199997 17.67967884 16 15.8539181391635 15.3239803481922 14.3391740244513 12.4647750858077 10.6095379897399 10.3182566976159 11.21367848 11.4820907 12.3252138993673 12.9022686670393 12.9295786399996 10.8786297964976 10.32031636 12.2315865800003 13.3030149800004 14.9294024311746 16.0362189199997 -9999 -9999 -9999 -9999 -9999 -9999 -9999 -9999 -9999 -9999
4.96805152451856 6.05291838000019 6.54393847037612 6.08873698000038 7.0886545969888 7.55351910000008 7.55351910000008 6.97180297196379 5.3550445717182 4.26717958459897 4 3.63458651723394 4.17807348000003 4.44648089999992 5.8049547138137 7.46943919749569 9.01730618000011 10 10.16016298 11.2315913800003 12.4707470159082 14.0951512404099 15.4458765800002 16.5173049800002 17.9146085506378 18.8482687256802 19 19.0859536633699 19.4974620746329 19.9758343909502 19.9826962199997 18.8621528635848 17.214811680097 15.8718110762203 15.1434635199997 14.4464808999999 14.0483322896533 12.7498796614905 11.1484118821916 10.848267654126 11.3266399704434 11.8909656932391 14.2329109369227 16.546509601208 15.5972246071403 -9999 -9999 -9999 -9999 -9999 -9999 -9999 -9999 -9999 -9999 -9999 -9999 -9999 -9999 -9999 -9999
5.12395606000072 6.91205813379062 7.61845587379955 7.28317602619168 7.68501792618251 8 7.81062704616426 6.86016329384436 5.55412101999975 4.4826926199998 4 3.3398358199997 3.73159258000011 4 5.74889876000071 7.30063160608342 8.38154322607444 8.80555945393468 9.73540238788714 11.7118064260476 12.6060395600005 14.3744481800001 15.7245260339799 17.4655409339889 19.0594343060027 19.6249475 20.0821529540157 20.5510691259756 20.0784640459662 19.4088775459574 18.1078537199996 17.00314609406 15.5899444199999 14.6632469740784 14.0720351199997 13.3750525 13.0964045458942 12.0387867941143 11.1542474741235 11 11 10.7993302716988 12.8269567858414 15.9627764399997 -9999 -9999 -9999 -9999 -9999 -9999 -9999 -9999 -9999 -9999 -9999 -9999 -9999 -9999 -9999 -9999 -9999
4.74890356000077 6.23307219836038 7.3156773779753 7.87641141137791 6.71878351064635 7.30362409999998 7.21161926331736 6.62554941999989 5.55412101999975 4.4826926199998 4 3.3398358199997 3.2221291386692 3.86282855766654 5.13995328599851 5.59081538966247 6.6192998066731 7.51594392601807 10.0653312006559 12.16127465568 13.091399787985 14.635204868351 16.5881290600005 18.7309858600004 19.8751295426425 20.4597207536934 21.4279660800001 21.6963759 20.2129851172997 17.7367549819293 15.5778944846286 13.945722023413 14.14346352 13.3036241 12.7895927192864 11.6072482 11.7823660867686 11.8429344697198 11.2863978339445 11 10.4905399012735 8.94140680493762 9.74719522860294 12.0898080922667 -9999 -9999 -9999 -9999 -9999 -9999 -9999 -9999 -9999 -9999 -9999 -9999 -9999 -9999 -9999 -9999 -9999
5.51670786000086 6.71368448000014 7.00401897784914 7.12285437481246 6.03718971252487 6.2321956999999 6.2321956999999 5.85774511999979 5.1286645181235 4.87988345078574 4.7678043000001 4.10764011999979 3.76780430000009 3.33769935713139 4.10664508000026 4.95844472675846 6.79839823942086 8.73368154791827 10.9651564352553 12.2315913800003 13.5356796700695 15.229197737269 16.8917531600004 19.0346099600003 20.9040640414354 21.6888953266206 21.9376763939583 22.6165611187041 20.3475061886331 17.8886210440283 14.9786783566899 13.7884075306478 13.83983942 13 12.1613071926606 10.5196967800008 11.1035300673371 10.8350085546747 9.8756604199997 9.46439139999981 8.1710873766882 6.09055473999938 6.57103168000019 8.58833305999963 -9999 -9999 -9999 -9999 -9999 -9999 -9999 -9999 -9999 -9999 -9999 -9999 -9999 -9999 -9999 -9999 -9999
5.01503503165122 5.31283390266206 5.32153459999994 5.30726859531513 5.29518332430395 6 5.74569387771846 5.10056789126993 5 5 5 4.89386718722466 4.22525628378655 3.87090048520203 3.97981556580934 4.15206621682057 5.38519478433652 9.1774691600007 11.16016298 12.2315913800003 13.6060395600005 15.6886973371117 17.3567916539001 19.0346099600003 21.1774667600003 22.5540293530666 22.8392327 22.9683318289565 21.8443880600641 19.7867146400001 17.5149162180097 17.2824638530016 16.3575375200001 15.1289840100483 13.1844826539639 11.424416894094 10.625807808058 9.20932747906933 7.23872133008067 5.92827456109196 4.79386602789625 4.22410441377008 4.30134939412626 -9999 -9999 -9999 -9999 -9999 -9999 -9999 -9999 -9999 -9999 -9999 -9999 -9999 -9999 -9999 -9999 -9999 -9999
3.16746146012821 3.17867779999993 4.08933889999996 4.17014821581779 5.01430899886728 5.30024234644811 5.69697781999971 5 5 4.52890829229089 4.08933889999996 4.08933889999996 4.02397922365462 4 4 4 5.97988582000047 10.0073231297696 11.16016298 12.2315913800003 13.6060395600005 16.0898917514921 17.950495223193 18.5635204378779 20.2668056600003 22.3506843327536 23 23 22.9218778686985 21.8802822540138 21.626886520671 20.6432511199998 19.5718227200001 18.0579062647245 14.9393412994095 11.8542289081895 10.0495049912203 8.96539483999972 -9999 -9999 4.02397965248134 3.26872440220322 3.88566156311226 -9999 -9999 -9999 -9999 -9999 -9999 -9999 -9999 -9999 -9999 -9999 -9999 -9999 -9999 -9999 -9999 -9999 -9999
2.87670041139467 3 4 4.08873698000038 4.84270326203841 4.24950428000008 5.01248322124503 4.63225601711293 4.01791049999989 3.50060311999969 2.43971927218751 2.68416130945425 3.01791049999989 3.80654897273791 4.85878755437996 4.98208950000011 8.01640750233744 10.9836787806952 11.16016298 12.2315913800003 13.3084470157699 15.5089966658724 18 19.0253447691561 20.5813673892027 21.6719856075611 24.1733716022437 24.9641790000002 24.9641790000002 24.0183036200002 23.94687522 22.8754468199999 21.8040184200002 20.2694120599993 17.0551268599995 -9999 -9999 -9999 -9999 -9999 -9999 4.17907331999995 -9999 -9999 -9999 -9999 -9999 -9999 -9999 -9999 -9999 -9999 -9999 -9999 -9999 -9999 -9999 -9999 -9999 -9999 -9999
2.87445178000038 3.94588018000004 4.06990016114653 5 5 4.76840621999981 4.28680506927326 4.61211113739067 4.05351789999998 4.02583269536788 3.44277212260045 3.05351789999998 3.74595718146291 4.04297599650554 4.92796728000033 5.99939567999999 10 10 10.3031827873054 11.9177527686315 12.3030197800003 14.0832651794954 16.7847173600005 18.9829443123787 20.6202411541576 22.9986727678754 25.4631803600002 25.9570241319374 25.1188336860306 25 24.9128006019672 22.724305940127 19.73280362 18.9177525117456 -9999 -9999 -9999 -9999 -9999 -9999 -9999 -9999 -9999 -9999 -9999 -9999 -9999 -9999 -9999 -9999 -9999 -9999 -9999 -9999 -9999 -9999 -9999 -9999 -9999 -9999 -9999
2.99939808000044 4.0708264800001 5.00216264302927 5.12494630000005 5.10493422838094 4.76840621999981 4.03786150020899 4.45261066549628 5.05571092879883 4.60763891999986 4.12494630000005 4.12494630000005 4.12494630000005 4.92796728000028 5.99939568000041 7.07082408000007 9.87505369999995 9.87505369999995 9.89506547174793 10.4342462739577 12.2159346803381 13.3744481800001 14.9474637889281 18.1295308767781 21.1774667600003 23.3203235600009 25.2803613877854 25.1477572208043 24.8907410853027 24.7568700710078 23.7306415767126 22.1925869575802 17.6099582918768 16.7881953961716 -9999 -9999 -9999 -9999 -9999 -9999 -9999 -9999 -9999 -9999 -9999 -9999 -9999 -9999 -9999 -9999 -9999 -9999 -9999 -9999 -9999 -9999 -9999 -9999 -9999 -9999 -9999
3.89910627403836 4.94588018000004 5.21028431279528 6 5.87128704844785 5.01026007906933 4.63626569030955 5.1963747000001 5.55469432906645 5.58427870155518 5.08076188782328 5.12963954279837 5.1963747000001 5.84170267595899 6.87444938000036 8.13162424528428 8.8036252999999 8.8036252999999 8.93233632285131 9.88432066777031 11.4096648600004 13.17807348 15.1412550400006 18.3555402400004 21.2123167417553 23.2574201170028 23.9472911021204 24.4876335145161 23.904522883363 22.8577499199999 21.7690177399994 19.4835460904544 16.1649232141508 -9999 -9999 -9999 -9999 -9999 -9999 -9999 -9999 -9999 -9999 -9999 -9999 -9999 -9999 -9999 -9999 -9999 -9999 -9999 -9999 -9999 -9999 -9999 -9999 -9999 -9999 -9999 -9999
