catData/variables/futureClimate2070/rcp45/MPI_ESM_LR_2070_rcp45/bio10.asc
NCOLS 409 
NROWS 350 
XLLCORNER 60.897278365 
YLLCORNER 5.843756025 
CELLSIZE 0.0892857 
NODATA_value -9999 
[rows 208 to 233 of 350, columns 174 to 231 of 409]
33.5177821654529 33.607083368 33.639335612 33.5425457318915 33.5120114623397 33.6094328375757 33.715642671708 33.9248190946317 34.2767947677354 34.6556109428392 34.794588018 34.8468400694768 34.8853442740751 35.0747523616269 35.2178416931787 35.1393955639999 34.8562467185878 34.3589209661656 34.0633373532277 34.2076938177518 34.4402376075102 34.5330823639583 34.582325805187 34.2899337082905 34.71937707 35.1293378944981 35.4835940318009 35.5732969566473 35.7230991860001 35.9141187315436 36.074889636 36.244587658 36.3637418488881 36.4368889433362 36.4664692906469 36.4937677682325 36.5186453606807 36.4560782551288 36.257263104 36.0959353379749 36.2675969895267 36.230422122 36.1820014052608 36.3373375258178 36.3797476386703 35.9846589212857 35.0786132651621 34.2917886122081 35.0145395230633 35.573158778 35.5010530770451 35.2206767643878 34.9288430244465 34.5303037740952 33.2836718842224 33.1309563592173 34.0694155420001 34.3627094458161
33.3747485379113 33.546378708 33.6414819485606 33.639335612 33.58392375 33.5439793363324 33.51607625 33.6127583555945 34.0368308353873 34.2617713942847 34.374969268 34.4686628028224 34.7412707861254 35.0185913966902 35.11607625 35.1063333293575 34.8966984599999 34.3538161980477 34.0678475 33.9974236619161 34.0802615860001 34.3324227283574 34.4129095660297 34.5206767917739 35.00863389 35.2718651729525 35.5014265192917 35.5589755037856 35.8108060089228 35.930301978 36.0120394451075 36.076740158 36.183882998 36.2815612129998 36.3266891758157 36.3321525 36.2647601694467 36.3075577914756 36.126901174 35.8356132560001 36.0470459745826 36.1974252184758 36.2108057303398 36.3048713831552 36.3475011440293 36.2001463736412 35.3476407252033 34.0963757468343 34.6381539816986 35.4830541378071 35.519698382 35.3984977523207 35.2741303615053 34.9698657948283 34.073472916754 33.2843447231763 34.4539465392702 34.5678475
33.4162951516304 33.5027070428132 33.5804788640039 33.6960167588211 33.7381762276383 33.6696449835446 33.59106659 33.664226088 33.7269352754656 33.6639121345519 33.8343265605412 34.1304165706417 34.3542737598246 34.5460978730073 34.5957813716196 34.818519229881 34.8899079948882 34.5493364565225 34.3260903509216 34.0571577042088 34.0320328360001 34.2528541324701 34.4551901746942 34.6659564660001 34.9055918880559 35.1197520412015 35.22680023 35.274849124 35.549959368 35.6846971860672 35.81786682 35.862454478 35.969597318 36.076740158 36.11786682 36.1844902429701 36.128631552 36.1167452033956 36.1009670348431 35.9792907510451 35.8194521818883 35.8940747514921 36.1598888419294 36.0543949895073 36.1894108983245 36.2930007025666 35.7937636198763 34.6399223639999 34.7158093648484 35.4413505044103 35.5928263272274 35.503622132 35.3103418651383 34.9784355679264 33.7360082274565 33.7212141647472 34.6564048482608 34.8180106881049
33.279460330344 33.2648914525556 33.4399063522724 33.50358114 33.6569215152545 33.740072005077 33.69820943 33.8432184539767 33.89641886 33.808973682 33.7069118360217 33.808833426 34.023119106 34.2368312113511 34.4708540191254 34.7313873828497 34.8015697000749 34.7082352564747 34.544688122 34.3765633587488 34.1006988168788 34.0044105054519 34.2448401387239 34.5643501911737 34.4193896555061 34.5141736680732 34.70895285 34.757001744 35.123089817691 35.5326351261275 35.5668067976776 35.5937486527722 35.755311638 35.862454478 35.9684152521216 36.0031005334286 36.0021432790212 35.9159116305289 35.7177933761583 35.8035191727413 35.8261430104615 36.0643168463784 35.8363096922798 35.6672231821699 35.9170349726197 36.1473701890695 36.1426501801546 35.9591781736915 35.4900135441346 35.5898833202625 35.6193456686814 35.3407981344631 35.2073001902182 34.9013878386842 34.8870683842358 34.9777997643237 34.9713377499302 34.7203612901307
33.40535227 33.4069741393688 33.448149838 33.51070454 33.5596667363838 33.7199488203014 33.8589498784378 33.8239673497272 33.7957020020539 33.872732303943 33.894068402222 33.8069904878065 33.9167975074482 34.1204712876416 34.3315014984409 34.5212195345234 34.6675336853942 34.7470940266883 34.6456857607707 34.6 34.3430010818713 33.991226766 34.0584147806982 34.352302254817 34.3943580532656 34.299907372652 34.3207931725696 34.636487118487 34.9302614660001 35.1126233243221 35.1805950677604 35.1863296418428 35.3906799401495 35.6437663780156 35.7517782739098 35.7186155083454 35.7706516157448 35.7939757363377 35.605472654 35.4995610204923 35.769717702 35.646558804 35.3263948479997 34.991866692173 35.496276924 35.7755044649975 35.9899872329202 36.0902452843247 35.5947870359582 35.6758501927092 35.4787935279999 35.2297913474921 35.1800394321267 35.0877505253142 35.0004749057396 35.00535227 34.982193612 34.8463710919869
33.4779035997447 33.5140210225402 33.6077762468251 33.66808600689 33.6685459373948 33.721388488 33.7129957200708 33.7515230282495 33.7147751729313 33.612554822 33.7419005284163 33.8504521052221 33.8772273366523 33.916016538 34.0579029749744 34.3068377005285 34.4796483091866 34.5555908669018 34.5689784826169 34.5676534616679 34.4552283061414 34.1988048855246 34.0346542865226 34.1436796212299 34.257102448 34.2855580293772 34.193865444338 34.419537486 34.6309294062319 34.77500978 34.8077758268016 34.9182448818271 35.0974296686287 35.3619074373125 35.4832585740589 35.551522608226 35.5850435854891 35.6640232767958 35.5094723378388 35.4122788973655 35.387800626951 35.2324837780647 35.1010624077799 35.16477562299 35.1967563967392 35.4657154570748 35.6638320927192 35.8398540910665 35.9622707422119 35.8469747635715 35.4988610790017 35.3266194807839 34.83955862 34.8403355012313 35.0099816663614 35.11249511 35.0864427522083 34.9621260909865
33.342797568 33.4255887315508 33.4319224111014 33.4379574992609 33.408993122 33.4311595289419 33.5204500714206 33.5554531756375 33.641026438 33.6076238026661 33.410823964 33.4828040509142 33.6409382083764 33.8602480077242 33.9512088032158 33.9439894335803 34.060183232465 34.2228242962306 34.3314130250739 34.2902889581891 34.3200668391587 34.287564842 34.1316592757083 33.9251101239999 33.9574375769005 34.1576027218975 34.0034972935095 34.2762640185931 34.483883238 34.5607241 34.5680774946364 34.7228811259843 35.0551914940001 35.258873338 35.3530519539725 35.3947289813753 35.480301858 35.5 35.5185750534187 35.4972501897006 35.3125633504568 34.994186215614 34.8888501647609 35.054128519103 35.129364258516 35.0414584714407 35.0374314053972 35.2088437118053 35.6191126446895 35.7841868027327 35.639396764 35.4079387850601 34.9445755725752 34.5065319961879 35.0015929479664 35.2164927716691 35.1536826839999 34.9031449129734
33.449940408 33.557083248 33.6093917852445 33.4792250383972 33.2879766374168 33.3129946788729 33.324882334544 33.373159498 33.480302338 33.587445178 33.4614868009315 33.3987326794462 33.3462725447202 33.574182140593 33.7721786503875 33.9626687667359 34 34.1098817113425 34.2224154826185 34.082252844 34.0789936811897 34.046498372 34.041163166231 33.9183854344228 33.7800808678082 33.9456347483446 33.9112498401528 34.074829684 34.3561421281136 34.45356158 34.5010344160745 34.7348111478903 35.0542646119294 35.2478592930158 35.3176796539962 35.399939808 35.4855771760429 35.5 35.594587538 35.5203226868983 35.1488089442423 35.035935768 34.6288736606411 34.6352907440002 35.2430166090028 35.294134234781 35.0882018632843 34.9297103250325 35.3405560077225 35.7338529165945 35.639396764 35.3610849426635 35.0936813472881 34.9798790253755 34.9843009847903 35.2796950194146 35.1144977508683 34.7254168130836
33.5492266648803 33.630302458 33.737445298 33.696487415918 33.4994833551442 33.3957502476296 33.36784726 33.3913700431773 33.4530608699755 33.553521548 33.56607637 33.4672600901363 33.4309133495232 33.4105831469101 33.535554504 33.8266808060001 33.9914818158584 34.0633856944577 34.151730738 34.1022248987685 33.9007217158552 33.7093569300106 33.744607578 33.7939699772208 33.7053163775018 33.767806988 33.8928538831805 34.2213294636732 34.5480891660001 34.70177089 34.776660526 34.9758204538745 35.1020288952613 35.2316983326483 35.366016178 35.497977212578 35.53392363 35.5042592141958 35.594587538 35.5959828800606 35.3440805887131 35.057668681026 34.7360228263479 34.5757704276213 35.1169624697127 35.36607637 35.3669924559659 35.2311717498701 35.5082260758075 35.773158778 35.639396764 35.4547754183873 35.339336332 34.9619783032272 34.9631779871336 35.2462357766408 34.8166770458296 33.9226412279335
33.7136885724219 33.6875470983523 33.7682002221392 33.837544802 33.8246211131222 33.7706956428068 33.6240002168423 33.5690614885967 33.4983112089119 33.4977568224204 33.4611560399644 33.5564918697187 33.412637476527 33.35893353 33.4093901859629 33.6622931285287 33.933823646 34.0772442057558 34.1304867499985 34.1242372522473 33.8630449404929 33.521588696 33.4883913310155 33.6233554872303 33.774498109476 33.8242193242782 33.9192121980651 34.364065192 34.7653395569182 34.98213294 35.057022576 35.226720598 35.260889050558 35.299939808 35.3799721340665 35.5162742098207 35.62488780685 35.5895322226708 35.599032952167 35.5996908323245 35.5502839854079 35.2166221803463 35.158974042 35.0875469697095 35.190266322391 35.3593769486368 35.443105874235 35.4894811082565 35.6259599232521 35.7431150503803 35.6313073338655 35.512555542 35.444256366357 34.7891954280001 34.9131379475154 34.9952029777751 33.8737852320595 32.9629762715139
33.9103356581093 33.8997168660851 33.836546034827 33.9449757766866 34.0998805760001 34.1659274634284 34.0102303066137 33.8731272912589 33.803744243191 33.7897054958842 33.7402680728205 33.6877066546022 33.3878627228454 33.2922785375443 33.2861150443341 33.4919918915751 33.7604194919091 33.899959968 33.95537207 33.9837546157261 33.869184245209 33.6157917994829 33.54820931 33.6387859835206 33.840966246 34.0033372759862 34.2109019482502 34.460483812 34.8667254507366 35.1146083745102 35.223098946 35.392796968 35.4214177281454 35.4269095279762 35.4800352539022 35.5343081802194 35.670100054341 35.7 35.6510124614158 35.6008961747058 35.6422819046903 35.520890640949 35.373259722 35.266116882 35.2726488086276 35.444587418 35.524938800443 35.4935531507143 35.5532138361999 35.5683120379218 35.3976447400867 35.1450398824947 35.3423249385672 35.2482712728163 35.2123389515891 34.549188910092 33.161265933227 32.8168240891052
33.9591385824948 34.0947472339999 33.8971800744831 33.9090839209721 34.148109806 34.3098236981002 34.3258771315611 34.1722165161444 33.9794655850837 33.9836902419057 34.1987217064216 34.0553007495341 33.4318122366274 33.3105799564157 33.3995559923504 33.4874440901965 33.471388608 33.578531448 33.6625776256939 33.748169278 33.759820788716 33.638824556227 33.6888978754763 33.7591069532492 34.0075883747603 34.2273731377288 34.5749299080001 34.7123909114132 35.0016704260001 35.185654128 35.3095152741734 35.444587658 35.5286339428487 35.55535215 35.5848269541292 35.6404950893819 35.6912052031071 35.7 35.7 35.7097464985739 35.6593138510628 35.6768331164482 35.532193252 35.4082777485296 35.2545390620743 35.32189919597 35.4658288279893 35.2899117815146 35.2482450939487 35.2459275785367 34.8596926798565 34.4665116555587 35.0532440492097 35.184692556257 34.8847355342759 34.3254155640155 33.4941730524566 33.3250369721241
34.0799952330469 34.2208275920968 34.0735008192406 34.0209305412315 34.133627676472 34.317747636 34.4412571038155 34.4350565129592 34.2041505042057 34.0953311047534 34.2884987248291 34.315469914136 33.766096242 33.6869839483571 33.7586658870349 33.6397662116732 33.337445058 33.4167226956037 33.45690662846 33.6074696713675 33.7412569538275 33.8264983449135 34.0105841560001 34.137424898 34.3155180491954 34.467686844 34.7824593813796 35.0095081821665 35.1568349550229 35.292796968 35.399939808 35.507082648 35.614225488 35.66249499 35.66249499 35.6899332870168 35.7501846381269 35.76249499 35.7033825175856 35.7993510215581 35.76249499 35.746478932 35.639336092 35.5208285821329 35.3594582165533 35.2778627330575 35.2737121531281 35.119758814 34.9137350484454 34.7585788980095 34.3937738164167 34.2687752771306 34.8418564067209 34.8376932401494 34.0610196555755 33.1970090552876 32.9438791100076 33.5571953710441
34.253339185177 34.269697542 34.2407829808927 34.2778632782594 34.218957976966 34.2767491867067 34.4883239641395 34.56963783 34.4649539596225 34.351830482 34.3679946348248 34.4675357258063 34.333136001272 34.1673977504957 34.0766581134386 33.8089263290569 33.3724170146662 33.2917743846098 33.3663863333862 33.5356224518374 33.742350988939 33.8953719962847 33.9791250890167 34.078531448 34.2515431640444 34.5027815243584 34.6873447140001 34.9878940403735 35.153521308 35.260664148 35.367806988 35.5059997054791 35.651730498 35.7409981150318 35.7236655961918 35.7 35.780301858 35.8608945901373 35.775050292 35.79879500231 35.7365412864664 35.783983942 35.676841102 35.611901207591 35.5757554904281 35.0078664698208 34.6501268447476 34.8980564456039 34.7323143559999 34.5859369849074 34.328732976 34.3570822880001 34.5132316110858 34.5511772507959 33.9271535513421 33.0617234922239 33.0384052706702 33.6789260510063
34.3177821098699 34.3697446422789 34.3997011853121 34.4664276030969 34.401830362 34.412435158 34.6009232816761 34.620608317267 34.5813543351421 34.5564764855511 34.55356134 34.4245482943691 34.4890658887781 34.3484665268128 34.1358993184037 33.8182407320104 33.4356949295857 33.2788227848234 33.428511408 33.5493242983586 33.7320328360001 33.7608149210811 33.6847821711315 33.8242437372775 34.035614216 34.1932791579044 34.276782526523 34.9566274378272 35.2767204780001 35.3605972562684 35.414225488 35.565955986 35.6887921450413 35.758873338 35.8353591495536 35.7412173716284 35.7186455534052 35.810664028 35.8738816828258 35.7995982178219 35.785653888 35.84846737536 35.694622659049 35.683816530542 35.6538610418671 35.3633710373131 35.1304983872042 35.0976175796234 34.8555135259999 34.6973895400878 34.4975319363212 34.4067249165394 34.4726247611393 34.4970646826449 34.3070473097014 34.0517908820001 34.0372826740002 34.3706245248936
34.3876467636718 34.4 34.437445298 34.5374199304533 34.532192532 34.542797328 34.6051498328434 34.542916992 34.51607649 34.51607649 34.436694905255 34.1456025376398 33.9950323608284 33.9886742966102 34.0015471718235 33.7836626610464 33.3662962579999 33.1678325569632 33.2404694669215 33.4059205942404 33.5927060308382 33.558993722 33.451850882 33.680429717287 33.7464892793428 33.7628535646297 33.7886047010603 34.9775066314537 35.4265186094954 35.56784702 35.5738668324213 35.6356792983796 35.7434140496621 35.842796848 35.8945365942546 35.8764771955743 35.8004548821712 35.7979815481295 35.894587538 35.8824713160461 35.808873218 35.8814091220372 35.7644877499211 35.7 35.662555422 35.5108251639999 35.348269742 35.182253804 34.9019521859999 34.726841222 34.6741806368248 34.580402562 34.5830533375042 34.666116882 34.5664205565791 34.535754712 34.4823753866751 34.5936663445917
34.2389579187866 34.3365289924609 34.4033452318648 34.453521788 34.5043121854839 34.558873818 34.5398810391674 34.369150467493 34.2447388918187 34.3064340818556 34.223279282 33.914405584 33.7340292057573 33.901430861447 33.8646838717727 33.6518486758032 33.3843196155759 33.2762588192504 33.3821327 33.397911378203 33.3547125834533 33.3202651579477 33.237565202 33.4005692007037 33.5990762239414 33.7972157852253 34.213268648084 34.98008149 35.4463182760001 35.6551898106849 35.7821327 35.7861160053089 35.842796848 35.8963258879602 35.9601185237141 35.99106635 35.8376365209372 35.8796326947371 35.8995164695885 35.8998454140858 35.8918590522399 35.883983942 35.776841102 35.7 35.6284560115425 35.5009670822637 35.3922272341938 35.1286402225195 34.8710041411548 34.7934642508292 34.7179385974964 34.4532905896441 34.4178673 34.5192883090531 34.6 34.5693991611248 34.3899128189008 34.3819898864479
34.1022055547551 34.1041242794481 34.10537243 34.149960568 34.3069815789458 34.5184841277799 34.4691489169131 34.1117731132122 33.925070092 33.992817608 33.8178902856851 33.4139916421093 33.7090326090712 33.8489799467075 34.0728442615428 33.9042635711501 33.5105342296863 33.289175796 33.5016086775417 33.6542376440778 33.6934453413849 33.69283676 33.4548065820023 33.3995503253884 33.589175556 34.1015500420001 34.5480272247734 35.1450409169325 35.4463182760001 35.6606039560001 35.8367742524548 35.89820919 35.8991355849312 35.9578190283758 36.0642253680001 36.09820919 35.937605474 35.8997751583963 35.9 35.9 35.8912856844752 35.8015039928317 35.776841102 35.7 35.6618848607527 35.5106313058805 35.1459186918998 34.9618191166948 34.8679681239999 34.8 34.7985619505947 34.6217543099016 34.59641838 34.3036126034843 34.30537243 34.3362568145187 34.4977944624367 34.467744808769
33.8958874797032 33.869697542 33.8020040835825 33.9367300734779 34.2524242765382 34.5155465504015 34.5410498046823 34.4414600802808 34.2597492192204 33.70609723632 33.5476489201995 33.438572431803 33.822624503021 34.0328902859187 34.1846716457167 34.0538298702019 33.7254828407376 33.4558712726454 33.6550069547661 33.8629743426699 33.9142372784963 33.8389813265641 33.8064062676244 33.9849219853153 34.389055172 34.621062697611 34.9230989460001 35.1525437269262 35.4463182760001 35.6606039560001 35.874889636 36.044587658 36.1027686317721 36.10535203 36.10535203 36.1745955554089 36.1239959215307 36.1006719635296 35.82129973941 35.8948331906994 35.9048771327107 35.867967884 35.7 35.6983782418917 35.6551993469521 35.3639725180122 35.0432881277089 35.0022011241331 34.6734535028064 34.578510808 34.7573597326283 34.6291191612509 34.60535203 34.5122490029904 34.591127022 34.4848413533841 34.4260317713525 34.464346472
33.7885687721616 33.8484940547339 33.824950428 33.9711101761215 34.1849359344509 34.4567703769769 34.6492756135955 34.6966463141678 34.6297313347401 34.2845664806246 34.332072628 34.073238362 33.9782991328536 34.0565419927968 34.3164519763478 34.3291606614924 34.0017405119556 33.7415237217817 33.7258349441475 33.9560490838582 34.1742650836078 34.07531750818 33.944687642 34.1654722913507 34.578351112 34.9021630949386 35.0416279289585 35.244527466 35.4559194418138 35.6568177632415 35.862394766 36.032092788 36.139235628 36.1948612770478 36.2082486356201 36.21249487 36.2024612572353 36.112555302 35.9344621038186 35.8150907920736 35.9558595661078 35.8574741996262 35.7 35.6659120992291 35.4939013686274 35.0978568415771 34.9616544024878 35.0315534208198 34.7439409305294 34.6798663295906 34.7 34.7109260713493 34.7006763100784 34.6859911704939 34.591127022 34.4979988443615 34.464346472 34.357203632
33.4965021432399 33.6863129988249 33.737445298 33.8533442272349 34.0748306440001 34.3258238763553 34.5190691561503 34.653521788 34.6961318302597 34.5422818744646 34.614225728 34.637544562 34.510750992318 34.2275522354311 34.3434810025106 34.528610912 34.421468072 34.3947449858957 34.284083206 34.1045911524572 34.2123951260001 34.2503034407726 34.158973322 34.2095481746659 34.5608390749218 34.885554144 35.1927208358981 35.351670306 35.547344772359 35.6576761688722 35.7601830264623 35.905312238 36.0327724483576 36.1819960887675 36.2923275324113 36.2909041984126 36.1842909860013 36.073279882 36.0792994064086 35.8958596307728 35.673082791637 35.783983942 35.6954521227716 35.6257093814333 35.3047455625534 34.9164515263133 35.0055618998069 34.9483548445065 34.8129640184582 34.746478932 34.71963771 34.7727379898538 34.685774992 34.580022530517 34.5518516019999 34.444708762 34.3421137520979 34.250060792
33.2988407450784 33.665198172916 33.7809783412465 33.9159568260001 34.1681196435713 34.3746405502664 34.475117583896 34.573159498 34.680302338 34.6359731216169 34.721368568 34.825049692 34.72678055 34.7150533289674 34.6936776471951 34.8045934326426 34.716116042 34.6177384470465 34.4041734598445 34.1328848379723 34.1502348163387 34.3267260643317 34.3574333825178 34.3535611 34.5174055288188 34.778411304 35.1022161848565 35.4020078271417 35.4588544260001 35.6552694993235 35.7535611 35.7862079379555 35.9542646202358 36.2183062565605 36.3373378455574 36.200120864 36.0073404632326 35.885774752 35.9171448621843 35.8404441974909 35.5218670608339 35.7347120304207 35.650060552 35.542917712 35.4083581579336 35.2020600133135 35.0664880023912 34.9515814434464 34.9109987254319 34.853621772 34.7837701200814 34.6857749919999 34.578632152 34.444708762 34.3399421543098 34.257203632 34.17321945 34.142917952
33.3000850349268 33.7133173780139 33.9254054289544 34.0418972480526 34.2198364445823 34.377803646224 34.4545483083583 34.5640542898286 34.680302338 34.7296643687691 34.7964239457606 34.8988563077097 34.83392339 34.83392339 34.8492263218795 34.9 34.8752575750611 34.7001596959999 34.3270004379999 34.1528531410562 34.1884716169422 34.273159258 34.4333630021173 34.495740897353 34.5625003971767 34.6338225682387 34.7370151121255 34.8192866772773 34.8602608354088 35.1954183940789 35.5945397331594 35.7340551497695 35.8008363737565 35.9770750000558 36.0533795469479 35.9676244419926 35.851851362 35.7150443160631 35.6678168908143 35.5959430797548 35.474949828 35.5552102303641 35.4829272152882 35.401851482 35.3074111122288 35.2509510463009 35.1979716191693 35.107203512 35.000060672 34.8680998944198 34.6987910150504 34.5489680274792 34.437565922 34.264346472 34.16607661 34.150060792 34.06607661 34.035775112
33.2379234059951 33.6087657549022 33.9030696215983 34.021389448 34.1072883255933 34.13573508 34.2559728432252 34.464186536 34.6311470208185 34.746378948 34.8366212360487 34.9 34.9036440932302 34.94106623 34.94106623 34.953510208539 34.9513779127162 34.7845468747448 34.4553871418477 34.1990817230493 34.1799721939464 34.2431155088434 34.339235868 34.3745580292751 34.37680131 34.205212437295 33.7668343780272 33.6535726029033 34.3641067120001 34.7050030258003 35.0355594787512 35.4246898645577 35.5040793908447 35.7114371556083 35.6836747765052 35.5155604776095 35.4571221934011 35.3146234648034 35.389256388 35.3185781410093 35.3641630918877 35.3924126152152 35.2494232836818 35.200009583421 35.15893377 35.114346352 35.0376901032701 34.958994442 34.851851602 34.671549984 34.537565922 34.3788887662445 34.2255030346525 34.157203632 34.0552899724467 34.0084288146563 33.95893377 33.928632272
33.2667265390934 33.5324732412443 33.5710596601509 33.5983247713203 33.7321027433957 33.7269902698687 33.937039710867 34.201691786 34.4546904763381 34.6331835450737 34.7953669621908 34.80358186 34.8081776307196 34.863094214016 34.9259117015032 35.030302218 35.025109884 34.7893287930416 34.5215376236939 34.3674000572886 34.3764531111651 34.3575668820993 34.424929308 34.2307130978843 34.0632003356776 33.1679042710583 32.897076837472 33.3627576532569 34.04842856705 34.5465169188585 35.0330686944371 35.299960448 35.2556176220313 35.107880693089 35.1286225867801 35.1132035533925 35.0605816611964 35.0486587833402 35.142796608 35.2008961788587 35.25179093 35.2434960646125 35.1433470339558 34.9699809760836 35.0216335428192 35.007203512 34.900060672 34.792917832 34.6539493222384 34.4925334704972 34.3327766487672 34.2161374019999 34.0600069207039 34.0026858054395 33.9471955321751 33.9 33.9 33.869698502
33.1418056332649 33.1543590712799 33.048349854 33.0323244779836 33.2482536023847 33.3621299802588 33.6533628120001 33.935615176 34.1857543161423 34.457237202226 34.5315279234058 34.47859236 34.4736805986693 34.4569879073977 34.6930821840672 34.9531441108708 35.0665629936072 34.9016203791718 34.6912282055401 34.6476935680917 34.6955307997234 34.7185346552897 34.6683635029608 34.1119623844745 33.2789756602539 32.3396918507068 32.7134350505421 33.3264160282914 34.1050918700002 34.6472930083632 35.0234141901229 34.9658351463636 34.775501822782 34.7407887854463 35.0408242620002 35.1127722073983 35.017589688337 35.1842493190735 35.2005793401901 35.2 35.2 35.1911348059903 35.0648313903778 34.8470743287462 34.9513439097711 34.900060672 34.792917832 34.685774992 34.5126162139999 34.371489312 34.184044854 34.0572036319999 33.8977049159396 33.8456057544286 -9999 -9999 -9999 -9999
