catData/variables/futureClimate2070/rcp45/MPI_ESM_LR_2070_rcp45/bio11.asc
NCOLS 409 
NROWS 350 
XLLCORNER 60.897278365 
YLLCORNER 5.843756025 
CELLSIZE 0.0892857 
NODATA_value -9999 
[rows 104 to 129 of 350, columns 177 to 235 of 409]
18.7891762760001 18.8316380816137 18.9244992874376 19.0775456936819 19.173159498 19.1469406718294 19.13392555 19.1018360446594 19.132194692 19.0397887971482 19.1 19.1 19.1 19.1 19.1 19.1 19.1 19.1 19.1 19.180302098 19.2 19.2 19.3 19.308873458 19.4 19.423159138 19.5 19.512703360453 19.5633865997914 19.6 19.6 19.6223963514755 19.6091059507689 19.6530590110133 19.6957405447423 19.637501804498 19.63392555 19.6397884799908 19.7 19.7 19.7 19.7127032790317 19.7633864412127 19.8 19.8389000757015 19.8884707200542 19.9 19.9 19.812555542 19.7375019630766 19.7327823708322 19.6648408934121 19.63392555 19.63392555 19.63392555 19.63392555 19.63392555 19.582195532 19.5139526091228
18.9168265751849 19.0033818597959 19.0684172184476 19.1271119785724 19.1841824600393 19.2 19.2 19.105411982 19.1989799775138 19.1374241050979 19.1 19.1 19.1 19.1 19.1 19.1 19.1 19.1 19.1300453293965 19.1883917092152 19.2 19.2388456775614 19.3007107369497 19.3462976616621 19.4065776357262 19.4547164428855 19.5 19.537444818 19.6 19.6212448826676 19.6168900579441 19.666016178 19.6568862128324 19.64106839 19.6926009583911 19.7 19.7 19.7 19.7 19.7095109865504 19.74106839 19.7631350826731 19.8 19.8 19.8 19.83890425512 19.8889767422683 19.9 19.8484675730448 19.84106839 19.8403578501786 19.7947710112096 19.74106839 19.74106839 19.74106839 19.7256906032372 19.7 19.6695146675393 19.582195532
19.14821123 19.199942208 19.189337412 19.214227888 19.2129401361524 19.2 19.2421583958895 19.153623212 19.2 19.1954044209523 19.14821123 19.1370458090058 19.1 19.1 19.1 19.1 19.1283836760988 19.14821123 19.1860995098593 19.2 19.2421582801826 19.2971970767965 19.3491074957756 19.4042780032453 19.4565058737337 19.5 19.5 19.537444818 19.6 19.6267905886291 19.6496825527837 19.6824001965872 19.7 19.7 19.7 19.7456018154965 19.7473769934825 19.7042778875384 19.74821123 19.7602049384198 19.8 19.8 19.8 19.8 19.8283834446849 19.84821123 19.8860992612732 19.9 19.9 19.9 19.8991039828105 19.84821123 19.84821123 19.8593763038733 19.8818137351058 19.810766892 19.7267152030639 19.7 19.6695104709779
19.25535407 19.2784498462262 19.2737152364274 19.284827820919 19.2673372617346 19.25535407 19.2943947829583 19.2577702996953 19.2 19.2 19.2 19.176840622 19.1 19.1 19.1246812162705 19.15535407 19.1816387264224 19.2 19.2404966268848 19.25535407 19.294394675808 19.3523581848456 19.4 19.408873458 19.5 19.5 19.5167733781135 19.5720716572329 19.6 19.6286349360743 19.6816386192721 19.7 19.740496494035 19.75535407 19.75535407 19.7975835560042 19.7992274566494 19.759315600697 19.8 19.8128193926102 19.85535407 19.85535407 19.85535407 19.85535407 19.8816385121219 19.9 19.9 19.9 19.9484040664925 19.95535407 19.95535407 19.95535407 19.95535407 19.9656934682396 19.986471614414 19.917909732 19.810766892 19.7267193996253 19.7
19.3 19.3323302627628 19.325702592951 19.3412583713353 19.36249691 19.3123104300922 19.3 19.3 19.2614151772335 19.2 19.2 19.176840622 19.1 19.1234020041977 19.1792187495161 19.2 19.2 19.2412582213427 19.2899338923711 19.3501863299152 19.36249691 19.3979702495123 19.4 19.408873458 19.5100096913464 19.56249691 19.5738610880811 19.6234018542051 19.66249691 19.6818974452224 19.7 19.7 19.7274368923637 19.7876892699226 19.8 19.8 19.8 19.8055454870676 19.86249691 19.87118221236 19.9 19.9 19.9 19.9 19.9367938670713 19.96249691 19.96249691 19.96249691 19.9952912837838 20 20 20 20 20 19.9810625000663 19.92346030622 19.855412822 19.7805996447924 19.7257031929213
19.3310510678329 19.3493200804965 19.3534855913413 19.3896825724105 19.4 19.319697662 19.3 19.3 19.2994745071841 19.263460128897 19.2 19.1929687549407 19.16963975 19.1810081632215 19.2 19.2360251566164 19.26963975 19.2896824995459 19.3509479243731 19.3940196677081 19.4 19.4 19.46963975 19.478513208 19.5745023381136 19.6 19.6211022217243 19.6810080903568 19.7 19.7 19.7 19.7 19.7509477572377 19.7940195948434 19.8608962690755 19.86963975 19.86963975 19.8723336811679 19.9 19.9 19.9 19.9260763105078 19.96963975 19.96963975 19.9875137697355 20 20 20 20.0608961019401 20.06963975 20.06963975 20.06963975 20.0584863743843 20 19.9908003894534 19.96963975 19.925052572 19.8336150947898 19.7821260531291
19.3528988736216 19.3509272014815 19.3904515657077 19.4 19.4 19.381355876947 19.37678259 19.37678259 19.3754535923984 19.2979397571532 19.2644846772953 19.2 19.2 19.2 19.234235742911 19.2887931275375 19.3 19.3 19.373159258 19.4 19.4 19.4726269457719 19.5 19.508873458 19.6 19.6 19.630301978 19.7 19.7 19.7 19.7 19.7506889312874 19.793768219161 19.8 19.8203023940579 19.8958441714936 19.9 19.9 19.9 19.9 19.9 19.937444578 20 20 20.0452042894576 20.07678259 20.07678259 20.07678259 20.0970849283361 20.1 20.1 20.1 20.0962815418701 20.07678259 20.0535163150268 20 19.955412822 19.8879896296279 19.8315784848206
19.439337292 19.435656408 19.4345153250861 19.4 19.4 19.4 19.4 19.4 19.3997217720192 19.38392543 19.367908892 19.2644888224282 19.2 19.2 19.2071673128755 19.2594898143087 19.3494099034929 19.38392543 19.3956854661387 19.4 19.4 19.494587778 19.58392543 19.5853518002176 19.6 19.6194364061508 19.688796342665 19.7 19.7 19.7 19.7 19.766016178 19.7386009795597 19.7834682496245 19.8 19.894587538 19.9 19.9 19.9 19.9 19.925430863914 19.9899444849018 20 20 20.058873098 20.1554041598351 20.1225266109807 20.1 20.1 20.1793827965719 20.1 20.1 20.1 20.1 20.0951291644929 20.0525001083228 19.9928328028614 19.9405107899544 19.841127142
19.4960175079018 19.4956887412813 19.4947415495356 19.49106827 19.49106827 19.49106827 19.49106827 19.49106827 19.4894920075632 19.4 19.383983462 19.2979314668874 19.29106827 19.29106827 19.29106827 19.2956887198452 19.358873578 19.4 19.4666248706055 19.49106827 19.49106827 19.585656048 19.6 19.6080809046898 19.69106827 19.6931367816765 19.7 19.7 19.7 19.7 19.7536149304079 19.7969646567753 19.7934656340416 19.7982406151415 19.8 19.8084483035078 19.9 19.9 19.9 19.9210904077597 19.9937747394235 20 20 20.0471098510272 20.096326656156 20.166015938 20.1934656554777 20.19106827 20.19106827 20.1995165520717 20.1894926632548 20.1 20.1 20.1 20.1 20.0966555728296 20.0098587267071 19.9043113444633 19.8947416352802
19.5544206047418 19.5508055677077 19.5403904798428 19.5 19.2844477348313 19.2842324875058 19.4753395399106 19.5 19.4017579268543 19.4 19.3997134817534 19.39821111 19.3684509653476 19.3 19.3437902695515 19.39821111 19.3992642935495 19.4648354569001 19.4995198486504 19.5 19.5858806442487 19.5999031813019 19.6016996591477 19.6983698464028 19.7 19.7 19.7 19.7367749713953 19.79821111 19.79821111 19.7992642892562 19.8 19.8 19.8 19.8 19.8 19.9 19.9087144858905 19.98248156166 19.9004142872104 19.9315485632391 20 20 20.051730258 20.1 20.166015938 20.2718500479362 20.29821111 20.2123309371647 20.2 20.1999690497343 20.1894968598161 20.1 20.1 20.1 20.1 20.0546152064314 19.947406485119 19.9
19.5083206733855 19.608815906 19.7022018752212 19.637517840861 19.6014370270568 19.5153983149746 19.4852825077849 19.3994785223794 19.307084808 19.40535395 19.40535395 19.40535395 19.4037315843994 19.4 19.402387213765 19.4081235878472 19.4107079 19.4731898319885 19.50535395 19.50535395 19.592798888 19.60535395 19.7000926564224 19.70535395 19.70535395 19.7272731593311 19.8 19.8 19.8 19.8 19.8 19.8 19.8 19.8 19.8 19.8050641694907 19.9 19.9 19.916016058 19.9780810178194 19.9340333480984 20 20.044587418 20.1 20.158873098 20.2 20.273158778 20.3 20.3 20.3 20.2052613192765 20.2 20.1848416608878 20.10411404703 20.1 20.062555662 20 20 19.9442791653809
19.6734807379707 19.7155261126288 19.741126182 19.6917500368847 19.6234863008301 19.429360109455 19.2235406942597 19.294588018 19.4140113463105 19.5 19.5 19.497105821166 19.4647746010976 19.41249679 19.457084688 19.5577628463067 19.5926426925919 19.595753143123 19.6 19.6 19.687444938 19.7 19.701730618 19.8 19.8020015231268 19.81249679 19.8087100154435 19.8 19.8 19.8 19.8 19.8 19.8091425288455 19.81249679 19.81249679 19.89526392201 19.9 19.9 19.9140145648655 19.9903973288494 20 20 20.044587418 20.1 20.158873098 20.2 20.273158778 20.3 20.3 20.3 20.2984860737125 20.2113879525726 20.2 20.1797354308571 20.1087100754281 20.062555662 20 20 20
19.8 19.8 19.741126182 19.633983342 19.5712634905659 19.3513558901291 19.2469026408241 19.333867278 19.5 19.5 19.493708822396 19.4512066104485 19.455893091497 19.5319251891555 19.555470629808 19.6 19.552688974887 19.5726906677656 19.6143682075819 19.61963963 19.6899107057231 19.7 19.7210303610281 19.8 19.816016298 19.9 19.8756492183619 19.81963963 19.81963963 19.81963963 19.81963963 19.81963963 19.8784304875532 19.9 19.9 19.9 19.9 19.9 19.9 19.923158898 20 20 20.044587418 20.1 20.158873098 20.2 20.273158778 20.3 20.3 20.3 20.28036037 20.2732300120492 20.2 20.2 20.169698502 20.0699095914391 20.01963963 20.0094800458659 20
19.8148406653166 19.7861451663364 19.7301115746437 19.633983342 19.473274924604 19.3249731824158 19.4108651565643 19.4960374804556 19.47321753 19.47321753 19.4583429519395 19.420463512535 19.5898223286645 19.6458011834253 19.6 19.6 19.6 19.6176808273459 19.6803478716739 19.7 19.7 19.7253329432665 19.8 19.8023765312268 19.838509207793 19.9062025891871 19.92678247 19.92678247 19.9148407938724 19.9 19.9 19.9 19.9 19.9 19.9 19.9 19.9 19.9 19.9 19.923158898 20 20 20.044587418 20.1 20.158873098 20.2 20.2535650502298 20.2947242867504 20.3 20.3 20.2263190963092 20.2 20.2 20.2 20.169698502 20.1 20.1 20.048269982 20
19.8366132160397 19.748269022 19.7 19.633983342 19.502020915509 19.3871984653112 19.4537428328504 19.4981639683294 19.4684378189422 19.504786359555 19.5568669956645 19.6752962164389 19.6799779033934 19.63392531 19.63392531 19.63392531 19.63392531 19.6775454535426 19.7 19.727242735683 19.73392531 19.7964238910914 19.8345124275214 19.8737137298658 19.93392531 19.9492276386402 20 20.0127032705854 19.989337652 19.93392531 19.93392531 19.93392531 19.93392531 19.9066826557377 19.9 19.9 19.9 19.9 19.8945665026737 19.889233588 19.9763546485519 20.0127031891647 20.0633863082225 20.1 20.158873098 20.2 20.2 20.280301618 20.3 20.3 20.298269862 20.2 20.2 20.1921433534816 20.1460530691311 20.1 20.1 20.0658195509696 20.03392531
19.84106815 19.789337172 19.6685329863391 19.5789588621324 19.412612854 19.439234188 19.5510472563441 19.6977061671143 19.7645817952805 19.7837214707896 19.8 19.7863517500961 19.7286235896584 19.684622007413 19.65893185 19.680176707078 19.6758217106766 19.6860435715689 19.7300451538143 19.7883916619402 19.8359120183053 19.84106815 19.901730618 20.0036441650416 20.0344905527129 20.0095110295326 20.04106815 20.0631350739765 20.0737236682689 20.04106815 20.04106815 20.04106815 20.0110230947492 19.9526766294962 19.94106815 19.94106815 19.9403575157674 19.9 19.8905614407235 19.854716117031 19.930301738 20.037444578 20.1183112277054 20.14106815 20.1757631558037 20.2 20.2 20.280301618 20.3 20.3 20.298269862 20.2 20.19342259984 20.1452840244054 20.1 20.1 20.1 20.1 20.1
19.9534292144952 19.8233290053695 19.5751675559999 19.4836162943867 19.5300355953242 19.660071840143 19.9125720939369 19.9970035463025 19.9508926157773 19.8954043996554 19.84821099 19.8258802591767 19.7360957912897 19.6445023088321 19.573285277046 19.651730738 19.6695099568022 19.6824002393197 19.773159258 19.8 19.887444938 19.9456017041928 19.949941608 20.052806466051 20.0917053178271 20.0602048782947 20.1 20.1 20.1 20.1 20.1 20.131827052974 20.075051972 20.0094966692698 20 20 19.9991038543645 19.94821099 19.94821099 19.94821099 19.963903960123 20.037444578 20.144587418 20.2 20.2 20.2 20.2352705711457 20.2897984029762 20.3 20.3 20.298269862 20.2 20.1917055664144 20.14821099 20.1336023378294 20.1 20.1 20.1 20.1
19.8754348218912 19.6877467092389 19.6635581947814 19.742785808 19.9557510598483 20.0931191566749 20.1013443276534 19.9006958006318 19.7921666285846 19.9504418982943 19.8822684655672 19.7686127894543 19.6496796852861 19.5212302152462 19.544587898 19.6230957932297 19.677234950281 19.7 19.773159258 19.8 19.887444938 19.994587778 20.001730618 20.1 20.1 20.112819469878 20.15535383 20.15535383 20.15535383 20.15535383 20.15535383 20.1848275250574 20.1673373004534 20.1195021259641 20.062303670525 20.05535383 20.05535383 20.0504421639927 20 20.0128193370288 20.05535383 20.092798408 20.1752604044389 20.2286346790719 20.25535383 20.25535383 20.2880164223958 20.3 20.3 20.3 20.2992275596473 20.2504422968419 20.2 20.2 20.1864715416904 20.15535383 20.1306731192881 20.1 20.1
19.6691083474649 19.6668238844338 20.0009056397519 20.1747451251047 20.1509200058451 19.9869444684536 19.9718687906512 19.868585690407 19.8872739409379 19.8550414304882 19.6379998497986 19.57500666 19.5219757603722 19.437445058 19.488855995054 19.5396666372329 19.658873578 19.6587419370967 19.710662588 19.73750333 19.7156479193329 19.925326190954 20.064227288 20.16249667 20.16249667 20.1711821179493 20.2 20.2 20.2 20.2 20.2 20.2 20.2 20.2 20.2218553506831 20.165879278515 20.16249667 20.1591689177718 20.12499334 20.1336786979413 20.16249667 20.1765396336544 20.227865651489 20.2818972393676 20.3 20.3 20.3 20.3 20.3 20.3 20.3 20.2966723377798 20.2524873170767 20.2 20.2 20.2 20.183278323497 20.16249667 20.16249667
20.1604022156427 20.2256039032078 20.3073357017591 20.2540263228504 20.084041494 19.6776091665965 19.8003194349557 20.0279723867618 19.92448805194 19.5768195756121 19.43036049 19.4142324126417 19.393725710403 19.4549314581792 19.509975766746 19.6403299410748 19.6875138167613 19.7259306020295 19.812438278 19.8952010075669 19.943266044686 20.1002199537618 20.1701649341048 20.2 20.2111536714473 20.26963951 20.26963951 20.26963951 20.26963951 20.26963951 20.26963951 20.26963951 20.26963951 20.26963951 20.2352920895836 20.2675135479685 20.26963951 20.26963951 20.26963951 20.26963951 20.26963951 20.26963951 20.2831764685832 20.3 20.3 20.3459731757451 20.3186920954788 20.3 20.3608958920734 20.3037693791506 20.3 20.3 20.2951375191777 20.26963951 20.26963951 20.2435634564941 20.2 20.2 20.2
20.47678235 20.4490728068272 20.305470014 20.1065118505961 20.0124634676252 19.59848831 19.8966204592604 19.9468211418447 19.6640585114475 19.3511884697126 19.4 19.4124052513476 19.4443688707524 19.4432749829825 19.6447816799001 19.8932847763088 19.93034705 19.996363468 20.0473329104651 20.133866798 20.241009638 20.2755257592388 20.27678235 20.27678235 20.2805009580126 20.3 20.3 20.3 20.3 20.3 20.3 20.3 20.3 20.3 20.2796973960748 20.2987433535165 20.3013286248923 20.3835954153011 20.4412671942902 20.37678235 20.37678235 20.37678235 20.37678235 20.37678235 20.37678235 20.3921096994291 20.3830142509797 20.37678235 20.3970848982028 20.3780390522059 20.37678235 20.37678235 20.37678235 20.3590005881591 20.3 20.2913063046583 20.2425472669329 20.2 20.2
20.509083830932 20.3209285104246 20.114401984 19.8447116983418 19.8096236776996 19.9023951581866 19.9899091810883 19.7466456343525 19.4313149235954 19.392798888 19.4973670999479 19.591009758 19.6121169679692 19.5527960840721 19.8462019720001 20.119581118 20.16785038 20.1784623937623 20.2453242362791 20.348152478 20.3819069876381 20.38392519 20.38392519 20.38392519 20.38392519 20.3644888394311 20.3254309926103 20.38392519 20.38392519 20.3405102712655 20.3494095607759 20.38392519 20.38392519 20.38392519 20.4573133189415 20.46785038 20.385655568 20.4853515429344 20.497425449107 20.48392519 20.48392519 20.48392519 20.5213452652726 20.524435662686 20.48392519 20.48392519 20.4225265465618 20.4673932854796 20.48392519 20.4045426204376 20.4 20.4 20.4 20.3962772897279 20.3584946002306 20.3 20.2928326958521 20.2405106741065 20.2
20.5108237239999 20.2494276614356 19.991184334 19.7108819959999 19.682091468 20.0889259177817 20.0228668581307 19.6300965013913 19.4015762582827 19.4918606260433 19.516016538 19.623159378 19.7221824629367 19.848094206 20.070345041346 20.242798768 20.3446830376751 20.38213606 20.455295318 20.4893086193027 20.49106803 20.49106803 20.49106803 20.49106803 20.4764823029325 20.3979314327416 20.3937745935844 20.4341002580897 20.49106803 20.4864474774378 20.4873946088882 20.4309483972141 20.4 20.4 20.407810534192 20.4950709774821 20.4912225868439 20.5080806648302 20.59106803 20.59106803 20.6186632258524 20.68213606 20.6861185947995 20.639337772 20.59106803 20.5309486157774 20.4934654798967 20.4982405464293 20.5 20.4915514909188 20.49106803 20.482987583733 20.4 20.4 20.369698502 20.3 20.3 20.248269982 20.2
20.4126128539999 20.1465961959999 19.884041494 19.6037391559999 19.5030980485266 20.0628211995603 19.939228973913 19.6163327733935 19.499941728 19.589495933993 19.516016538 19.623159378 19.7898223618543 20.071311856 20.2418073734595 20.349941608 20.457084448 20.49821087 20.4995197842327 20.5 20.5858804343808 20.59821087 20.59821087 20.59821087 20.582194572 20.49821087 20.49821087 20.4621059249446 20.40178913 20.4525941021411 20.4421799825521 20.4006080147545 20.4 20.478865153368 20.49821087 20.4999031640186 20.5016994192881 20.5983696234052 20.6157295099015 20.69821087 20.6987530074851 20.7 20.7 20.699074478435 20.69821087 20.632194932 20.59821087 20.59821087 20.59821087 20.5053158617247 20.5 20.4998412508887 20.4824815958046 20.4 20.3994578668088 20.3614364598845 20.2562105445777 20.200863612729 20.2
20.5161774339999 20.2501607759999 19.8698584379999 19.5733203939999 19.578513208 20.087167738 19.8555729979998 19.6111137058215 19.6 19.591126302 19.5471921350035 19.8190455539359 19.9606044360001 20.1768948158147 20.349941608 20.4543149343066 20.5031519206327 20.5678358004279 20.5307574765115 20.5096528514508 20.598152358 20.7002312426704 20.70535371 20.7048786507917 20.683983702 20.576840862 20.4713203020264 20.4407938410343 20.5 20.5 20.441126662 20.4 20.4039167216626 20.4813564393981 20.5 20.5050639424807 20.601730378 20.7004750463594 20.7205123147012 20.8012398602381 20.80535371 20.80535371 20.80535371 20.8025842220044 20.7442787969349 20.70535371 20.70535371 20.70535371 20.70535371 20.610766412 20.6 20.5916020555105 20.5044962695501 20.5 20.4713207563285 20.367909372 20.260766532 20.153623692 20.102201827914
20.623320274 20.3573036159999 19.9843584741032 19.6847099793246 19.6765136347527 20.1918490498194 19.9627158379999 19.628732496 19.6122802524646 19.591126302 19.532033076 19.746318756 19.9568177041766 20.1951592836045 20.4251667469675 20.5004325650791 20.5640129618884 20.6 20.6 20.680302098 20.7983725383997 20.81249655 20.8122802824563 20.791126542 20.683983702 20.5797349552597 20.51249655 20.5078172395962 20.5 20.5 20.4484837981198 20.4042468053081 20.4640166647361 20.48750345 20.4984310204079 20.594587538 20.6140106904481 20.708873218 20.802001454696 20.835655448 20.91249655 20.91249655 20.91249655 20.860766292 20.81249655 20.81249655 20.8033542267278 20.8 20.8 20.7172328509882 20.61249655 20.6113877338677 20.5859856067043 20.51249655 20.5087099081517 20.462555662 20.355412822 20.248269982 20.1484842181364
