catData/variables/futureClimate2070/rcp85/HadGEM2_ES_2070_rcp85/bio16.asc
NCOLS 409 
NROWS 350 
XLLCORNER 60.897278365 
YLLCORNER 5.843756025 
CELLSIZE 0.0892857 
NODATA_value -9999 
[rows 50 to 74 of 350, columns 112 to 167 of 409]
238.913447646347 247.47783214 260.221220375083 266.962756634369 273.555392138254 281.624500282783 294.423326400001 304.22850786 312.116358598904 324.261337112945 344.053910205456 363.929294611574 377.787084526455 390.983384639683 404.147231067842 411.405584229989 416.938181772455 429.028945415388 440.642944338145 451.62447032569 465.118112540003 479.977447609864 499.624218959634 526.23323882125 559.9112603788 596.28933273756 632.026669688575 666.161060607736 699.451961424055 730.993944280367 758.814471797504 782.045867606497 799.986269407327 814.232312622806 827.247704706445 842.819230678676 867.333593294548 901.602840570866 941.516424031798 977.160937408262 974.891578717079 972.530680169129 1035.53021116223 1095.05729453797 1139.40193143852 1191.51314780544 1247.84000055474 1292.47379021611 1383.12390728352 1452.5820766734 1475.13141050646 1456.35380853275 1416.27647157376 1350.12165724776 1346.8165642955 1399.6865329094
239.671838895512 250.001439603275 266.97338060002 267.807362438044 274.744201290459 273.011687003248 285.652349351 295.19993062125 303.293018933499 313.376786188287 331.204836314089 355.419159401951 372.881721999871 384.070281921039 392.862993398069 396.514769480763 403.949648674859 416.486144291207 432.086225824017 446.42162384 460.093784799043 472.803720089086 487.223450720185 509.875458317232 541.641933601052 574.572346033114 606.485696784122 636.609219601341 665.901374664601 693.444611767855 717.756247891104 738.115870169577 753.806313005079 766.22835802058 776.571485812166 787.770561814754 807.69698082709 839.547853577418 876.940979394286 907.105485708379 872.21728322193 834.406999323016 898.486210569858 983.731966779542 1050.66106962555 1106.46559269993 1154.23195470435 1207.55959257265 1274.98080816191 1339.49286756906 1398.96838251995 1457.48380392996 1504.27571362649 1487.97943437575 1489.9847518829 1543.53048321494
244.660887323542 254.979367470736 263.692353300055 262.419986740708 258.075268878641 261.947255409279 273.729456299298 283.54950774 292.120934940001 300.971034505024 311.376116352014 327.002187227418 345.143602217011 359.346984515935 370.028910855285 380.729126634144 395.71549162019 412.402154780004 429.334234162198 443.83231734 457.152932600654 468.1553817 479.759016603503 498.034269384492 524.898876024461 552.763440751109 580.49755078761 607.025481841878 632.371883448209 656.348142410433 677.807061549801 696.482408326329 710.7129431245 723.117132418352 730.957546201203 737.118356780258 750.72155893655 782.802967480007 816.718646810408 833.136733259059 804.142747044172 781.598607965042 834.860172000017 917.145661441113 991.321030639994 1046.55551087766 1087.9658383816 1121.5309775895 1158.11719864771 1222.64946294345 1293.2626204102 1373.93293186685 1448.77303670254 1489.7937287107 1525.50808270333 1578.63713464988
230.567383378353 241.934039565425 252.513221589851 238.041445427539 240.20006813979 250.686331515309 261.332995880815 270.79305144899 280.335222540001 289.352540720002 299.3556612092 310.6908942259 324.322661841995 339.698666443904 356.63493777284 375.374402554832 391.423973562781 409.211990587026 427.669652516826 443.77868184 456.851150661786 466.819284316882 477.275561603962 491.100799069557 510.650220430887 533.043756769106 556.433610769501 578.771515029889 600.185972467716 620.644487253011 640.331703232766 657.874974304271 673.234042117038 687.393907469686 698.161456034196 706.762325242184 720.246695553432 748.02550286611 774.394320294884 785.497037268083 780.732592438716 785.471663516105 824.866298171069 889.396677755703 954.449698365586 999.610689634707 1033.50595499737 1061.6356489928 1095.18305546724 1149.75911721964 1215.54067117686 1297.09933765085 1389.25080156165 1473.59886779947 1533.0575792259 1582.77745999592
217.418543825364 222.225022133778 223.813379915355 220.460209640002 229.140990182568 239.03259342134 248.638820240001 257.583635398883 267.301364802347 277.141363743576 287.7270033 299.482096526032 312.903935340001 328.857465668487 348.777268599434 369.239917720001 387.046471676513 406.802651266804 427.624373603883 446.508769275856 459.977939122918 467.867399728439 474.058835521839 483.608319877697 497.932431410016 514.764912583877 532.740250557738 551.910639294319 570.211907359275 587.22654569559 605.496786430634 623.496723211787 642.015588247293 660.354922311354 679.041120842792 697.911859790576 717.73436920653 739.493292718333 757.433436864044 768.53791994168 776.266174836481 791.194912548627 823.02755634717 868.532094418688 917.128801861585 955.011558244429 985.06533982197 1010.68619883951 1042.90771670264 1094.90346386162 1163.82535993642 1243.13888471938 1341.77374818749 1450.65747594367 1537.28641134298 1609.86686706142
191.620523577437 196.531968816881 202.271296579697 208.921198277524 218.40610182 227.91452632737 236.815321710186 246.08034297226 255.138260320001 264.852786697153 275.102027 286.993806560002 301.619247611029 318.31303428 338.668020600004 359.222127220001 380.069040697198 402.193647669869 426.231102622528 448.350571776794 462.204360604289 464.93136451948 467.582635857877 473.693790425537 483.000443589145 495.57546891255 510.508646337442 526.088268144658 542.192937203613 557.562121446058 573.832261897 592.870424876222 615.901940359658 640.877518269146 668.149485775473 698.433919231279 726.567525703172 743.585596944939 755.178711956126 766.447644378986 778.997038348191 795.751110255397 820.66233686275 851.080509683755 883.34582321827 915.271274240005 944.827560540003 969.816499230068 1001.25749304246 1052.56987767465 1114.48602769924 1178.58455911612 1249.63048540495 1350.88433290104 1480.09717304885 1629.74410415245
178.087628062807 184.061763331075 191.42501456 199.854573101165 208.440864094562 216.26380374 224.855915119519 233.771936734363 243.011527731756 252.084711220002 262.2448862 274.136665760001 288.373117736231 305.53294003765 325.401036048471 346.572131565414 369.712317078588 393.202087440005 418.079477368229 443.571727817184 454.96674894518 455.830832371299 456.708881714835 459.974710570609 466.995468319999 477.384807787321 489.046325985678 503.117892219999 516.72697910239 532.182173579754 547.380975446365 568.393024602548 595.149981185587 625.233442256385 658.45317433664 694.612618975197 728.227052970764 746.280246400002 757.936759209369 770.118941980001 784.427423124895 801.235087773671 820.438268338748 840.53238749319 859.90234459231 887.549323630739 912.469351328534 936.210390448845 970.133466743504 1020.14604143836 1071.69615201363 1115.56949667148 1165.78070932587 1252.25403832774 1350.69476933398 1503.51389350534
170.337296620001 175.513108800262 182.76427966 190.282467439848 197.887198070362 206.44233274 215.013759940001 223.292989038029 231.192372940001 239.7717723586 248.879675328391 260.875625641819 276.105390812026 292.915426157767 312.472178220004 333.7037792 357.024126759999 378.648628340005 402.947602307095 422.30042887652 433.534797874753 437.619441183896 439.420633554104 443.069623120001 448.925786190961 458.209281200001 468.935368645066 480.42657228457 494.607057470704 510.474470700002 528.386936047299 550.718963300005 577.94522083237 610.53027779278 646.084844056605 682.51592507958 715.959432308057 740.578881225001 758.749850332291 774.753280850552 790.795294900003 807.598320679999 824.769890243479 841.951057423064 857.257366403968 873.476728708923 890.046853101816 913.293867683704 953.521219022955 996.206520112555 1034.47364142129 1067.05690528027 1115.31797605898 1195.69477645672 1299.06630245286 1400.48981472483
161.847845098134 167.825112231599 174.297611954936 181.692851260002 189.192850060001 196.844448885461 204.920095061075 211.99588064 220.547255705858 228.663172020679 237.22748162 248.605053646256 263.385348959721 280.82343332637 299.769002746655 319.965454539885 341.173903307163 362.5412723541 383.504858280514 399.798040980001 410.657339860002 416.961438619091 419.838585660001 423.693365983524 430.088323597388 438.95509678523 449.066581031765 461.614866101703 475.529062840003 491.253376491369 510.2704900758 534.665216804441 563.912638000005 596.544584837503 632.434700048084 669.762639671717 704.885548108429 735.02846531457 759.457098520706 779.811570040001 797.812290063247 815.051694999557 832.983321323688 849.578622388546 860.839489121234 869.004199007337 877.852037837941 908.584419317098 940.350456922404 972.763812283566 1003.38084444 1026.8215333034 1061.45306865514 1129.12770808362 1313.09695975499 1624.08769232651
154.909196140001 159.763120602935 166.759927280148 173.371379060002 180.860286234352 188.24639916 195.74639796 203.511558485769 211.62141806 219.511581500049 228.595730202814 239.476405580001 253.160139351464 268.757837088603 286.301424605745 306.895899105762 326.401308539999 346.559877857163 365.445444874298 380.782303048563 391.775506371425 398.424569965715 401.827458762854 404.449477820014 410.388850839999 420.726514180001 431.687039062822 443.779586159999 457.439757540002 473.991703680002 494.918107599998 518.610179340006 548.809844951516 581.821160219999 618.973473671485 658.863844477354 698.1061348976 733.376505140493 762.544675285847 784.55283013687 802.477739048139 821.077362528494 839.225275651832 858.567990631684 868.914779700351 868.106410905258 882.969336970953 904.208893296644 928.616476830812 954.409347856823 979.207065256476 996.748313180116 1017.22252019703 1075.4717943891 1175.15166949038 1370.18398022982
151.016294340001 154.933293474272 159.954464395084 167.135812695899 174.371489303291 181.107752377522 188.397316318335 195.74639796 203.246396760001 210.746395560002 219.696747921584 230.904978380002 243.881380643209 258.331119564021 274.726748264837 293.236341191293 312.47273934 331.744533752734 349.885581320001 364.596688271105 376.737850410294 384.00455356948 386.680353268667 389.483045404292 396.479289161127 406.985724813772 416.710143040002 428.064287975395 441.356304552418 457.659129877023 478.375098937832 502.928164218651 533.090131160005 567.75910279946 605.625917635679 648.031507654315 693.260017281052 737.766347224811 773.213464422675 794.037998335434 805.777869447656 819.694939601231 839.85787259033 863.061865438032 878.472626095552 874.142218620078 883.475785463328 899.217440934931 918.148933464916 938.453192159616 958.192757884488 972.715825955746 993.780852871416 1040.12687745475 1110.64059759062 1210.00961915461
148.873437540001 152.321934134392 156.262392050094 162.300420580002 168.770199918132 175.62189278 182.050463180001 188.619741865048 195.746397960001 203.365821658506 211.910312745981 222.286011780936 234.511605460001 247.708453238878 262.884237623928 280.01158123159 298.826497012896 318.365549940005 337.367582954395 352.982500693646 366.333652978322 375.116442534022 379.413838320376 382.81536276281 390.34615828635 400.524543273079 409.124252975512 418.924659848965 429.992669413456 445.40491750879 465.293517219999 489.784545300191 518.893636460005 553.734236158312 593.121333887293 638.315778219999 687.531501994773 740.549617076109 784.556536907317 805.75908216036 810.474964063904 814.123429470087 827.467586626708 850.840593320157 870.726926754004 869.274823734027 875.714578872529 888.470836336082 905.331269872893 922.122085104655 935.962907169167 950.313123080003 973.109507857556 1009.80464202424 1058.03451371041 1117.97534295692
147.342283391215 151.201182176945 154.49841384 159.747032099792 165.0866941 170.549671269582 176.69332118 182.716049205901 188.458620674061 196.041014762221 204.248946270379 213.445105881463 224.984039406698 236.99428608 251.189097420002 268.219134902351 286.348236559999 306.930851065016 326.824698664347 345.030635008562 360.426309544086 372.193189279474 380.023790306838 386.647332323552 394.677131084609 400.708875096613 404.956471345569 410.432080436349 419.173910920001 434.344636750814 453.919066213564 478.03392058173 505.999813189656 539.624061238042 576.843016304817 619.663900188722 668.192804635128 722.430292136133 771.602214281164 794.439429412003 795.944240304206 797.852590073363 807.142626408524 822.280463578911 837.386945923385 845.972681580226 855.733867739429 870.991978827725 889.106560159569 904.334764205631 917.372319626496 932.911716344913 952.601039404564 977.341897199675 1007.842059569 1047.53937806323
146.88234203645 149.853565748282 153.793233339771 158.230579540001 161.6223627 166.847937851226 171.651751847446 177.15868122 182.039531531112 188.290843345889 195.548165325224 204.770846626611 215.434152216885 226.94073938 240.80575222211 256.599318600001 274.950992674227 296.664368544794 318.868390462246 339.622466237457 358.117108560691 373.528089145189 385.356711866461 394.441946340001 402.07114160087 404.086285549071 402.597308612302 402.871111819667 409.033247471066 422.724823620003 441.896838268568 464.49748986327 491.125257585296 521.45151172772 555.648230973821 593.588796174168 636.170620124285 680.510166431141 721.660927787037 745.885048814517 755.093605702891 763.470361965672 775.956925386304 790.174260774745 802.82003801709 811.862013864311 826.995858915468 847.878907609645 868.841987984633 888.27674487124 904.663705191913 922.457000800646 938.954204205773 945.639951111141 951.655611880869 972.525630774263
146.409106140001 149.170523600382 153.755547335124 156.569842240001 159.876050172274 164.03417364 167.488347074299 171.509341845311 175.4974764 180.854618400001 187.264899018348 195.675807734682 205.12039062 216.579176214307 230.100353240003 245.7778452 264.686940539999 287.540742824571 312.188067130329 336.90586004508 358.754358477296 377.463117980515 391.637318800001 401.029882481511 406.268019881304 405.16289898 401.219076507273 397.867117285559 400.312361496572 413.349708720002 431.711050967893 452.087219394418 476.429319780935 503.062861699083 532.01470463662 563.420030814632 596.607039221019 629.028083656262 658.222383613437 680.401066131148 698.400908909482 718.440566161603 738.893648057023 756.958291965609 769.879298873614 777.769320961894 795.102379582606 820.410503795481 846.692933803185 871.31913959217 889.83101558 910.739964235219 926.909648101738 909.698347461982 884.342196691829 890.796073460001
146.962654040001 150.17693924 153.813519990135 154.944865940001 158.060897516988 160.177674687673 162.92707784 166.006072793967 169.243555350425 173.908167500001 179.496267823572 186.183346745503 194.95965452 206.39234568111 219.903949740002 236.06549796053 255.56768024135 280.123108246519 307.705397248974 336.127347159058 362.912621358533 384.83043958 399.519251253728 407.116431931629 408.641472144173 405.426215511266 400.181977160891 396.329997080749 397.962639640001 407.891644027911 422.795676661492 441.34335982538 461.648496822098 484.079174838813 507.627906163302 532.229552298375 557.017859355696 579.3379780928 598.162533485415 615.188005679125 638.537822610394 671.501785264169 703.770940229481 729.019655441004 745.790529181601 756.59795832972 772.085395164235 794.721665659308 819.860112234391 842.205280077889 858.266339844543 874.334966159119 882.849778460281 854.591934337034 812.364099549704 819.978337940202
148.412862301124 150.780305664583 153.246516345145 154.041136787998 156.408306670851 156.970295093704 158.675140316557 161.03041897882 163.37352994 166.922254510234 171.5867865 177.532676280001 185.529180753676 195.965628156529 209.691542320621 226.913113017766 247.563254114912 273.125227116185 304.262321586031 337.710509138118 370.657048337505 396.537611760646 410.558718568825 414.401884680237 411.79700413165 406.313297490765 399.626364353617 395.91181934 396.78036527865 404.120742940001 415.648135455092 430.387163103655 446.770082192214 465.37864636718 485.323234529334 504.288435115074 521.820248930748 537.045757025016 547.570533794991 558.021690282837 585.444466665075 632.974130897361 678.447333827327 710.9693905894 731.171484755025 744.96449048783 758.389843684083 774.038258714732 791.474591411094 806.296212716199 815.748224796741 822.276004294622 824.949197777612 807.825503935009 780.948498615367 795.61237995815
149.426678161306 151.483444466372 152.929465300155 153.302050060044 153.276186406792 154.07096328 155.212706106261 156.728449807213 158.512618638628 160.545128865841 163.687641404734 168.141235637787 175.31736244 185.861491668053 199.974819420003 217.59820116 237.991431211525 264.960368261955 298.362821917105 338.05705940005 379.881648378951 411.808643515841 424.450121124111 421.89863752048 413.544264314953 404.951112920529 397.289569439999 392.938090343318 393.01741178 398.383121009113 407.925320482897 419.266315129427 433.635851451903 449.272120652384 464.756780016016 479.710476835529 493.703552504113 506.048744300001 515.617496619563 526.492941235093 559.569028074706 617.330878051861 670.784551515144 703.797794710972 721.605435857073 735.588294483182 745.337243803931 754.037838323088 764.742897480751 774.987632380704 780.813946946572 785.661633980138 792.832210201673 793.460228499854 793.117383030723 812.471811650304
150.071431950471 151.845318424965 152.219604855165 151.460312534635 151.252771475565 151.62451118 152.518104995965 152.837209712329 153.53529708 154.710246606565 156.547744596764 159.528099386965 165.124934394329 175.931069592635 191.565154424874 209.49101176 228.144503155928 253.349461323679 289.034751848179 334.663296897179 384.703317954841 425.66856924 434.676784890804 423.042995826817 409.961071599128 398.778921979527 390.743022020035 386.992110129836 386.579438520364 390.326024650564 397.917754341527 407.765645410966 420.892139882329 434.209594331363 447.315485341566 460.188700363526 472.384976481963 485.239497571348 500.316024781094 521.607615904115 560.068740925534 621.713738188142 679.922217007354 703.317587487087 711.938020452068 719.27762988129 725.271677827926 730.498216174162 738.887991400001 749.553538207186 759.834691121896 770.147999115113 782.10198247935 794.530802815647 809.646281969938 832.611499820002
146.855095520001 148.51741778 148.642954 148.4822155 148.556699102078 149.21279296359 148.837331814332 149.4822155 149.542406053415 149.714625847289 149.969998782324 151.397299495036 154.584783726727 166.389401131653 185.156299670037 202.93563419053 220.250708384402 242.164350458284 277.50974485215 323.482832346023 373.660662919595 413.93280363377 422.028310864714 410.077810116965 397.476699464611 386.696258030736 379.521877756863 376.30491914 376.442076149117 380.105220920001 388.02244352137 397.62537092501 408.684094512756 419.87724478025 431.64080318825 442.90513918 455.633655574389 471.454652332772 492.440868332682 521.848822542549 563.619948762643 623.615756084946 680.570302590229 692.902819308828 691.629005122863 693.222176540195 696.016383620001 701.051457091045 711.627784158247 727.649775924429 746.358480535117 765.488644210202 782.432640232311 798.748367224564 817.079349140002 837.070635532792
142.017439400183 144.913744944724 146.129344754815 145.2679303 145.275856480279 145.488806864349 146.199304935372 146.543900467081 147.1786202 147.1786202 147.1786202 146.747615789319 146.62343170196 159.021079303599 180.987429292763 198.462949233294 215.491476879999 236.848336193557 267.876092861541 306.555047931331 346.823649333372 377.180045978574 388.059353038781 383.774284745323 375.337417015137 368.632151464949 363.72930629369 362.875235288431 365.337375457194 369.39093692 376.598789956496 387.066258800002 397.780542800001 408.363264278274 418.176814326685 428.494354479999 441.744455138223 460.276042422706 486.014483372518 519.805502616749 562.535639411972 614.477340944625 658.805414811766 663.214725303026 659.069550262152 659.013394300601 663.204396462753 669.412565350413 683.029233938304 705.440363210796 732.646171060533 759.770698115102 780.969834954947 797.436839180149 811.543716605726 821.643701946843
138.65971586 140.818209558975 141.088440960195 142.0536451 142.140807097364 143.353253916144 145.0178817 145.023300466297 145.403529952483 146.0178817 146.0178817 146.585573857645 148.927231622807 160.210184320854 177.705476934196 195.047272023942 211.258905917278 231.523292035504 258.639066418037 288.781766949398 317.811193399446 339.86126016676 351.114797981596 352.632597765073 348.859838285917 345.798304346953 345.310413882072 346.736229269297 349.67731724 357.20135008743 365.746883665636 376.368980944419 388.135534383198 399.58460682 409.227462420002 418.881155380928 430.7956837 450.418252734194 478.643990071753 513.135079245348 552.270709272835 591.016806416787 615.998812482115 618.024489799546 620.488169819871 625.62358622 630.172351452225 638.752359474675 655.779267411019 682.474995312261 715.645418646157 749.553163380082 776.933844295165 792.965279929718 800.490769705548 800.887007183829
134.391883960001 135.707101629689 137.680494855205 139.735048879703 139.986407795007 141.26680806 143.19046080522 144.622294840326 146.073597935432 146.99887536 148.16249489129 149.948904639249 154.461521 163.437510889036 176.460522607862 191.148810277648 206.979954747434 225.968754705838 247.397949414019 270.722734710391 292.829118669881 309.388580908186 319.941589173081 324.154972804054 324.306510154267 323.938570044479 325.302960260001 328.255769004904 333.95088921756 343.060208012666 353.807620743312 366.746893651511 380.984188935969 395.475392552358 405.918756008197 414.515102216698 424.506938103184 442.599970152975 471.358797300004 505.204827752549 540.376522044672 568.8806006503 584.843684850956 590.600977291696 593.826063001483 594.813876519447 597.907042362117 605.573388315423 624.19703393874 655.346380148744 696.174409879171 739.343672605039 773.395208040764 788.96657300785 789.467916808393 782.465485934572
130.23114546 132.264716061648 133.564204749785 134.679201081218 137.92754776 140.110440928166 142.521101471032 145.196924466949 147.796186378382 149.391682360001 151.53453916 153.750974772681 157.843250815887 165.901476908908 176.782235599066 189.259275561589 202.928404270155 218.538065436172 236.428298089159 254.878069727571 271.156011753275 284.883079825982 294.247823799999 298.71318864 301.022143362614 302.80296386 305.110831228346 309.442002144393 316.472021087039 326.947869895415 340.901521649711 357.298895542678 375.714419531082 393.132589009419 407.738228675638 416.757442878795 425.072705201499 440.947996820136 468.260831634536 500.677553767203 532.355084551539 555.934138364333 569.733150652903 573.733422558531 574.473235900143 570.538909648824 565.714431757362 568.788184882948 587.16076066709 623.493125349901 671.958023712804 725.907843489989 770.412200480002 783.609301159999 777.754208534338 770.070987660153
127.055544800745 128.28525328 130.30257386 131.673073497467 135.623148680587 138.507224816106 143.304779363249 148.134637246428 151.608084921331 153.87379946 156.01665626 158.74826084 162.62272222 168.528490759488 176.462948852114 187.275580628707 199.586318233187 212.057230817672 226.618933703225 240.827459459947 253.707012751115 264.465797015594 272.337037900001 276.889976817723 280.21309144 282.954262913241 286.238918238001 290.678524177519 298.281788640002 311.912497957116 329.148907264075 348.375167459396 369.434918435116 391.444523590632 411.817773786153 420.89668195833 426.854454338594 441.43734299365 465.75936618589 495.76104421813 525.842609760004 548.33046729739 561.402385345152 566.03415924 563.015809197992 551.794200355709 537.278041377176 530.475915428419 545.60678358537 587.587211936271 642.844151672775 699.790267905141 744.160136543536 757.482212023025 757.381367991318 764.39052890648
