catData/variables/futureClimate2070/rcp85/HadGEM2_ES_2070_rcp85/bio15.asc
NCOLS 409 
NROWS 350 
XLLCORNER 60.897278365 
YLLCORNER 5.843756025 
CELLSIZE 0.0892857 
NODATA_value -9999 
[rows 81 to 107 of 350, columns 0 to 60 of 409]
90.9870679269252 92.4435717014172 -9999 -9999 -9999 -9999 -9999 -9999 -9999 -9999 -9999 -9999 -9999 -9999 -9999 -9999 -9999 -9999 -9999 -9999 -9999 -9999 -9999 -9999 -9999 -9999 -9999 -9999 -9999 -9999 -9999 -9999 -9999 -9999 -9999 -9999 -9999 -9999 -9999 -9999 -9999 -9999 -9999 -9999 -9999 -9999 -9999 -9999 -9999 -9999 -9999 -9999 -9999 -9999 -9999 -9999 -9999 -9999 99.8071641848341 98.2222082027876 93.4027313392563
89.7327824005997 91.1066522800001 89.7795697059133 91.2495090800002 92.2115600537871 -9999 -9999 -9999 -9999 -9999 -9999 -9999 -9999 -9999 -9999 -9999 -9999 -9999 -9999 -9999 -9999 -9999 -9999 -9999 -9999 -9999 -9999 -9999 -9999 -9999 -9999 -9999 -9999 -9999 -9999 -9999 -9999 -9999 -9999 -9999 -9999 -9999 -9999 -9999 -9999 -9999 -9999 -9999 -9999 -9999 -9999 -9999 -9999 -9999 -9999 105.69540246 105.42912432 102.608749159999 99.1748546058689 97.913349099999 92.7543312773872
-9999 -9999 88.9719941403757 89.3533741481575 91.2352404028555 91.8913037048923 91.9791251322527 94.6694215139017 95.5851663967016 -9999 -9999 -9999 -9999 -9999 -9999 -9999 -9999 -9999 -9999 -9999 -9999 -9999 -9999 -9999 -9999 -9999 -9999 -9999 -9999 -9999 -9999 -9999 -9999 -9999 -9999 -9999 -9999 -9999 -9999 -9999 -9999 -9999 -9999 -9999 -9999 -9999 -9999 -9999 -9999 -9999 -9999 99.6957099336823 100.243897211619 100.815603803079 103.035186197778 104.849217287524 104.35769592 103.005140243745 98.4138404068579 96.2639199225386 92.5847413680631
-9999 -9999 -9999 87.2133045600004 89.4290733238477 92.1315814658975 93.5162499400005 95.8755079100026 95.6255182199999 94.9601746470488 94.9106875000001 -9999 -9999 -9999 -9999 -9999 -9999 -9999 -9999 -9999 -9999 -9999 -9999 -9999 -9999 -9999 -9999 -9999 -9999 -9999 -9999 -9999 -9999 -9999 -9999 -9999 -9999 -9999 -9999 89.9632713222013 90.0589632711762 90.0893124999999 88.626662078252 86.6751891762022 87.3079856129235 87.406151707898 -9999 91.4281268799999 92.4995552800001 93.8740298599998 95.6424120799999 97.119918750099 98.1786249999999 99.3035609521489 100.867426793653 102.665828154199 103.838226070448 103.12552662 97.4090701727266 94.0950697034014 89.0751197586468
-9999 -9999 -9999 88.964852012719 88.9175819760317 88.3890645883436 91.203492391391 95.3155176430468 95.6255182199999 95 95 94.4217625875469 93.3694957201954 92.9965149014683 -9999 -9999 -9999 -9999 -9999 -9999 -9999 -9999 -9999 -9999 -9999 -9999 -9999 85.754305190078 86.0322459225705 85.1612900199999 85.0526848878674 86.0011691610315 -9999 -9999 -9999 -9999 -9999 86.4816735800002 87.55310198 87.4575355017032 87.0536523 85.6165830340005 83.4833257399996 83.0581420754058 84.9285440150544 87.0009299327819 87.14241328 88.21384168 89.5127455844611 91.3442340881877 92.4281268800001 93.0696014469693 93.5974998738669 94.6708256187816 96.3979899885704 99.2533018359215 99.2793307934535 98.2149471199999 94.2719801759529 89.0368100906551 85.9617189853587
-9999 -9999 -9999 -9999 85.1023355699396 85.677175392523 89.6289284425838 92.7858447589055 94.5450907790914 94.4517025830982 94.9187551678709 94.3356695358071 93.2509106205146 92.1221133368365 91.0793137868414 90.8460879494803 89.8428100858022 86.8765023378758 85.9369498968919 85.8393671 85.8393671 85.8393671 85.8594183362666 85.4708794399445 85.4360914763773 84.7153822399999 83.8929114 84.62453278 82.5267607983349 82.8677572020135 83.0506479056915 82.8929114 82.8929114 83.0531031800001 84.1121296395962 84.5687715681642 84.6553074444797 85.8393671 85.8116668248836 85.1655357612053 84.6969290575274 82.6405733646033 81.935910009829 82.774108286493 82.9435591771852 83.9811208600005 86.03521668 87.0980678517805 87.9053132118977 88.55254806 90.3008793007462 91.3388143800002 91.4032801666102 92.1239752600002 94.1607841181012 94.8249966976445 95.6854105613228 94.8311457599969 88.2600123347159 86.8056346723566 84.6266356599996
-9999 -9999 -9999 -9999 -9999 86.3003729608666 88.3382772600003 90.4053872617147 92.6081272425579 93.8042536199998 92.8621316183134 92.5736889991614 91.4697039383321 89.5032127391707 89 88.0162332208197 86.1014221391848 84.7500546 84.5947096383883 82.9599602016022 82.7500546 82.7879276992082 83.2027069807871 83.8057808992176 83.8750273 82.7710776392268 82 82.5487559815273 81.3446736384818 82.5303845615089 83.69596118 81.122806300745 80.9889070007403 81.0151994807356 81.7790007992691 82.1402030807262 82.7500546 82.7500546 82.23272082 80.6461094392922 79.297342519297 79.5487541813963 80.352383981387 80.7186803986224 81.6959587799999 82.7825536606799 84.7249355793252 85.7700738993299 86.1066450800002 87.4053746613214 88.6718809993439 89.1402318806515 89.7543864987066 90.8318101619261 91.0049320187252 91.5731032793673 93.079682462512 89.1120548993759 85.7806157593816 83.6099175193859 82.4948712593903
-9999 -9999 -9999 -9999 -9999 86.623548741887 87.3123402608598 89 89 88.5540898199999 88.3141268476312 89.1959647800001 89.4775347011531 88.8228646351781 88.6071978 86.5147387443185 84.8969314916562 82.8001938194968 82.6071978 82.3182717531655 80.7126170410063 80.71384768 81.5578930243186 81.8991995660378 82.2212052896436 81.937666131153 81.7368604274843 81.359360007631 81.3541209601468 81.0493052470439 81.7601294871908 81.9860696291403 81.0902044945282 80 80.2316201800002 81 80.9264523092033 80.7160225928721 80.2930738669183 79.6425048995807 79.3928022 78.66118322 77.4320354312156 78.6018566497693 79.5637264585534 80.8209314800002 81.9462553517819 83.5395247095597 84.4460133800002 85.2143956 85.6624173994341 86.5859483715306 87.6350527558069 88.0533030568554 88.4637870800002 89.9794514578195 88.4892689051566 84.8635960475048 82.7047692900841 80.7967915671695 80.2681441054926
-9999 -9999 -9999 -9999 -9999 -9999 87.2502194296765 88.6510038647613 88.4643410000001 87.8990029194456 86.9562899864243 87.4786266458701 87.3398046199999 87 86.5698378723133 82.9664186799997 80.1332987183178 80.9206315436335 80.4643410000001 80.3470515471323 79.3309606997898 78.3030509800001 79.4480688846829 78.9782154177631 78.2218975791575 78.9286820000002 79.5888749800003 80.8562531683948 81.9995612800002 81.3843993548411 81.0144878136319 81.1872258619482 80.5308726433675 79.1965115000001 79.4901663969996 80.4643410000001 80.3907519669447 79.8219241199997 79.78516328 80.8565916800001 80.9141924741077 80.00055152 78.5562352965231 78.2678295 78.0144884564227 80.0126904037651 80.7083976911071 80.4643410000001 80.6339247057917 81.2776762068664 82.3135854995243 84.5045504878185 85.7414542096794 86.2733853050051 86.7708934396896 86.3408364915609 83.7733301218833 81.9159842762572 80.7862687200001 79.6975101399996 77.7321705
-9999 -9999 -9999 -9999 -9999 -9999 -9999 87.6969466199999 86.8729540977289 86.2227573937662 85.8448319795205 86.977790110776 86.7765702217913 86.3214842 84.7153798399996 80.8235618799997 79.37557522 77.6780794800002 78.6607421 78.6607421 78.4291195199998 77.8609806409323 78.0740499080521 77.0714820140727 75.9882371279583 75.6607421 76.3209350800002 77.8757765270261 79.1245339800001 80.4770932981149 80.6597806597809 79.2869448532654 76.2913705221043 76.03657262688 76.6275666082714 77.7457800248488 78.7311802600001 80.1414286112701 80.85659168 81.7282778592139 81.1275685795409 79.4504817824902 79 78.1099815498289 77.6781330514161 78.9881065146924 79.23272322 78.3758297126611 78.8178984232911 79.7451148906298 81.2937657015434 82.464834962803 83.3266136448341 83.3756928199998 82.7522125311031 80.6963253645361 80.7995443605612 80.7033279974952 79.7148403200001 78.9712190404731 77.3091458505422
-9999 -9999 -9999 -9999 -9999 -9999 -9999 87.8214064913347 86.8824099833543 86.4459101800001 86.4826614199999 86.3469684474217 85.5400561378891 84.6995321367998 82.9832093399997 79.4505285738217 78.05409102 77.4137832311122 77.5528588102452 77.0470482898685 76.3158806607533 76.4275451713752 77 77 75.7528647583796 74.3475161530687 74.5676881677579 76.1004962351062 77.3923634800001 77.948449908175 79.1148714130283 79.5239965163896 75.6961553158923 74.4393009411628 74.5893137 75.0168201800405 76.5951613946488 78.7439026093383 80.2710373880536 81.0826444838526 81.5893137 79.694922651906 78.3403988855661 75.9143352825277 76.1467479921613 77.0173325800002 77.9841448569211 77.9157743962285 78.7787996109179 80.23272161682 80.3934665199999 79.3220381199998 78.5554801896739 78.010290595637 77.8858687981042 77.9856598712943 80.0793353684306 79.7148403199998 79.0318808221917 78.9755525524972 77.4641031871863
-9999 -9999 -9999 -9999 -9999 -9999 -9999 -9999 86.9494649110201 85.800970622027 85.5351503885903 85.8017385159327 85.3398046199999 83.9156496407924 82.2989442008448 79.3765582599997 77.59805439588 77.9743040142422 76.386324232605 74.8698461780649 74.5666285320102 76.7602353953852 77.3015726860551 77 75.6974068372198 73.3256460022852 72.8361740404949 74.4894132957355 76.22598248377 76.9707646945929 77.4918060670447 78.4832153399996 76.4259468006394 75.2446921080428 74.1116674935947 74.5037951590715 75.1086737368698 76.9275813600005 78.0172652602892 79.1985847364362 79.7174830165804 78.4431422050571 76.8168367866942 76.0337266249958 75.9642294 77.4994472800002 78.4852897335112 78.5951149548819 79.0082851069613 78.5866214018432 77.17918132 76.3227293014317 75.5184392200001 74.7519208552932 74.5300405726885 76.7127350399999 79.1239752600003 78.6434119199998 78.5178853 78.0094653745314 76.4259517723381
-9999 -9999 -9999 -9999 -9999 -9999 -9999 -9999 -9999 84.8014670433586 83.6582309760316 84.254045579287 84.2327184199999 82.8346515352149 80.7543567336417 78.1999916511428 77.0482986182141 76.8774330141419 75.871604125035 74.4648687170008 74.7982772390375 77.4464569 77.2792679968912 76.2595124754337 74.0183304671805 72.3231601431335 72.6601929800001 73.3266374132885 74.6080337953247 74.8929138 76.3624204406036 76.8774351571351 76 75.6796164399999 74.2316201800002 74.5616532904238 74.3024970600002 76.1985260136485 77.2309672356841 77.7093138377201 77.2327232199998 76.9712600964161 76.641473956172 76.9439588458639 77.5235987321002 77.9981439198716 77.8532858480282 77.3406311020231 76.5542098199997 75.3474843619203 74.1721839398843 73.6460872821514 72.82203932 72.402418747553 72.7412024682595 75.0877635399998 77.943523767669 78.0560422256326 78 78.0609770153172 75.4955885995249
-9999 -9999 -9999 -9999 -9999 -9999 -9999 -9999 -9999 -9999 84.2369380767009 83.2126355467945 82.0898616199999 80.5611892087777 77.7159289599995 76.4691752196069 75.7838623459059 75.3858638683848 75.8557581373246 74.2148343199999 73.7803812174874 75.1250855 75.1250855 74.0660418141279 71.5213688284188 71.3317541627096 72.6601929800001 73 72.7992833288374 73.8431048797439 75.3006485058375 75.9674983946404 74.1805600827437 74.5297887370342 73.6066486800002 74.2613766456155 74.514916520094 75.5422557258034 75.750057 76.118016582778 76.1274382170684 76.2743779686409 76.3750285 75.8285060600597 76.69596118 77.9718350514782 76.2640823343759 74.80470674 72.8934677199998 71.6326440943162 70.7341499399745 70.6791825199998 70.2543888571113 70.2278721143074 70.950283094274 73.1126387285724 76.6610721657187 78.4680703800175 79.2161331542992 78.3165386485892 75.0887585800002
-9999 -9999 -9999 -9999 -9999 -9999 -9999 -9999 -9999 -9999 -9999 82.9473164259951 80.8800446233874 78.8403525399999 76.4536890178464 76 75.05409102 74.2967899806034 73.9187181809463 73.83980582 72.9090186969004 72.3961555278331 71.6500128972159 70.633114973401 70.3172193960735 71.0538978707289 71.0442764294945 71.4203013558699 71.363394206487 73.0525564600003 74.24950668 74.5672673383381 72.3305486710444 72.5585659595728 72.5352202800002 73.5146431008071 74.1136912485757 74.3036001 74.6638712926586 74.7687343334484 75.5267135077862 76 76 75.12552422 75.94590418 74.4833353399995 72.4641048151918 71.59042154 69.6791825199998 68.9378319283421 68.8529064598709 68.1612972199998 68.12453158 68.8384649238321 70.7801313425337 74.1786284863005 77.1828987324654 78.2273803112308 78.5907759749982 76.5672783956185 74.5159816124726
-9999 -9999 -9999 -9999 -9999 -9999 -9999 -9999 -9999 -9999 -9999 -9999 -9999 77.9749909967629 75.6260673399997 75.9036226371245 74.3277953359318 73.9959747510118 73.7884372020445 73.8398058199999 72.7683774199998 71.6969490199999 70.9130564857304 70.6643011326741 69.9814275215284 69.4643434 70.3248949805162 70.9376900795509 71 72.7489563600003 73.2196127387198 72.4562940164478 71.795534894497 69.9425146642228 71.8194809381106 73.8381876040012 74 74.3423787698864 74.88793856317 74.8633060837737 74.5674704278477 74.4643434 74.4643434 73.5898676199999 72.9576635830154 71.4296782399995 69.5324965923797 69.91179294 67.8227112337324 66.76738958 67.0898688199999 66.7031942741968 67.1201097059579 68.272997900986 70.9805645400006 73.8029544902534 76.6870340218174 77.2321717 77.2321717 76.0052594479444 76.3653065912247
-9999 -9999 -9999 -9999 -9999 -9999 -9999 -9999 -9999 -9999 -9999 -9999 -9999 -9999 -9999 -9999 -9999 73.9708989753488 72.2469893244042 71.456479758866 71.2842548221362 71.1120298854066 70.3714313426463 69.3214866 69.1551699504348 69.4941246184877 70.0514998964841 70.1607433 71.5086731165973 72.8543013884314 71.4122831303219 71.1607433 70.9689484213796 68.9170574860502 68.7883128641598 69.8037165 70.1179988144608 70.714649502269 71.2378923410013 71.6429732 72.0909213550839 72.3214866 72.3214866 71.44701082 70.37558242 69.3159144077865 68.9397744856729 68.4044278713015 68.5704079137039 67.4728925060512 67.2540860204894 67.3759622529699 67.4341738267852 68.5226556699446 70.9805645400006 74.0772472765959 76.574430760134 76.2660923568632 76.1607433 76.0027857103228 76.2352345329476
-9999 -9999 -9999 -9999 -9999 -9999 -9999 -9999 -9999 -9999 -9999 -9999 -9999 -9999 -9999 -9999 -9999 -9999 72.741081646764 70.8541135471672 70.0893149 69.8133308879735 69.1117366232464 68.5939184287798 68.5604452508169 69.5887645800001 70 71.3325533792149 72.6961442907959 71.3960405335964 69.28681664 70.0893149 69.8309526524082 67.1643222871884 67.1100020332147 67.1786298 67.55310678 68.584709185576 69.1355205148273 69.7148067447696 70.7495054800002 71.7555894039632 70.5373534328795 67.7114098936861 67.2727762627537 68.0893149 67.9197206180526 66.4847012615442 68.068627981141 68.2489131014758 68.5137879393305 67.9601742199316 68.42801648 69.4994448800001 71.2900261012783 74.1948497399999 75.1434477641684 75.1005262975126 75.9507335571094 77.8055878632935 76.9994436800002
-9999 -9999 -9999 -9999 -9999 -9999 -9999 -9999 -9999 -9999 -9999 -9999 -9999 -9999 -9999 -9999 -9999 -9999 -9999 70.8398058199999 70 70.2922099372925 70.964227 71.3941833209863 71.9377073335836 71.9568714376602 71.964227 71.9903992916268 70.4369916896696 69.1635399660333 69.0019350839137 67.9846982463588 64.9974937876072 64.3683125194541 66.0178865 66.3155146015738 67.3744769800001 68.4459053800002 69 69.0105308947326 69.6780770800002 69.3124397257715 67.4475647399996 65.289066628961 65.035773 65.070682060808 66.1197711101937 66.9878439546907 67.2453614485782 68.0054204354986 68.3789650008497 68.9821135 70.0075230122716 70.974757851805 71.0057304117632 73.2127362399998 75.5952491319308 75.9821135 76.92801528 76.0695034312067 77.9837010803412
-9999 -9999 -9999 -9999 -9999 -9999 -9999 -9999 -9999 -9999 -9999 -9999 -9999 -9999 -9999 -9999 -9999 -9999 -9999 -9999 71.8393743 71.552549245266 70.8929162 70.869041450234 70.8116751379841 70.7543088257341 70.036749533484 68.21550584 64.6385367240626 63.1589016897971 63.0535419 63.0164068322345 64.03522148 65.0980729077344 65.8929162 65.8929162 66.2874433890156 66.9703327212654 67 66.9684765542347 66.9464581 67.6389048097347 66.3298181225148 65.1188034147652 64.1047413270152 65.0872790407354 67 67.008576843765 67.2851596800002 68.340362411735 69.0200500805149 69.9214733672355 71.5727291900296 72.1070838 72.7319242504854 74.4776029182352 75.0859931080293 75.9347362137355 76.9487983014853 76.0717999707648 77.2846009600003
-9999 -9999 -9999 -9999 -9999 -9999 -9999 -9999 -9999 -9999 -9999 -9999 -9999 -9999 -9999 -9999 -9999 -9999 -9999 -9999 -9999 68.712187028114 68.6250890999999 68.1791813199997 67.1724045776154 66.0877167338079 64.3872076547681 62.378247583345 61.9753870719215 63.5303887590041 63.6318491709254 62.7543921153022 63.08876338 64 64 64.0378720719572 64.8271257594665 66.39018045089 66.8750297 66.3598453062631 65.8349915703204 65.7500594 65.2480832359783 65.0156867994307 65.1182099291459 66.0173325800003 67.0110924862989 67.28515968 68.3276427365483 69.0378717720285 69.5462430806051 70.6401189508187 72.6123133822419 74 74 74.6401862365124 76.5814764320644 77 77 77.1574649022068 79.1664249736301
-9999 -9999 -9999 -9999 -9999 -9999 -9999 -9999 -9999 -9999 -9999 -9999 -9999 -9999 -9999 -9999 -9999 -9999 -9999 -9999 -9999 66.2446328014943 65.3372566365913 64.76849742 64.1128010467852 63.0717425362361 61.8802719630211 61.1629601958484 61.6453318471728 61.8036013 61.2292443652669 61.2310686600003 63.2677290675604 64 64.0454899022458 64.3804105857023 65.251625072052 66.087575236955 66.1963987 66.1963987 64.7463569683353 64.1436890165673 65.6447759985299 65.4690160327469 66.1529272287234 66.2171353761799 67.4815583799999 68.5215257940141 69.1963987 69.5589627557919 71.068200239305 72.2839734655981 73.2242537389975 74 74.1296601003074 74.1963987 76.4478166498869 77 77 78.2103252551774 79.0887585800001
-9999 -9999 -9999 -9999 -9999 -9999 -9999 -9999 -9999 -9999 -9999 -9999 -9999 -9999 -9999 -9999 -9999 -9999 -9999 -9999 -9999 63.752747270251 62.4579892463552 61.5540922199998 60.6212204688145 60.2678271 60.2678271 60.8035004474966 61 61.2342089549627 62.21373368 62.5656813825784 64.2678271 64.2249234001188 64.1695860188892 64.5102889423405 64.8492490435704 66.5943069352004 67 66.6846270654817 64.8374079169769 65.1235137594367 66.1236237290522 66.9080945678224 67.2533387734073 68.0966892907266 69.6006425841335 70.3107301570962 70.5356542 71.14174656 72.8098343392149 73.5943051779854 73.8614446367556 73.8898587244741 74.6601881800002 75.1959467469333 76.6588398518373 77 77 79.0046414918519 79.3803576330817
-9999 -9999 -9999 -9999 -9999 -9999 -9999 -9999 -9999 -9999 -9999 -9999 -9999 -9999 -9999 -9999 -9999 -9999 -9999 -9999 -9999 62.2364437882546 61.8729558106984 61.3661133868577 61 61 61 61.2482065770826 61.3392555 62.2137336800002 63.28516208 64.0114539926927 64.6607445 64.5548986624197 64 64.2056217950644 65.5478551898235 67 66.6489833395984 65.5434462555138 65.2357025612529 66.8072616513918 67.3392555 67.9325969359637 68.96367068 70.6725048461885 71.3994808013008 72.0149204953803 72.2357328172886 73.4182386933621 74.3392555 74.3392555 73.9974316359877 74.2672707800002 74.8907542378001 75.73161658 76.5306075537877 76.6607445 77.3025492626496 79.3565856800002 80.4264371506886
-9999 -9999 -9999 -9999 -9999 -9999 -9999 -9999 -9999 -9999 -9999 -9999 -9999 -9999 -9999 -9999 -9999 -9999 -9999 -9999 -9999 62.8214071783652 62.1899971722479 61.8213677999999 61.8213677999999 61.8213677999999 62.092498427779 62.3627428366764 62.4106839 62.9260279705728 63.1689693733799 63.1786322000001 63.2150858910757 63.7208924699167 64.5058065788411 65.3030077872761 66.6313692133934 66.8168738395105 66.1920305031164 66.3049580965098 68.0810480557251 69.1218319360203 69.2320516999999 70.621870136214 71.3788043623312 71.6631643368972 72.9259843491315 73.8769828379509 73.6415399604011 75.1244561870825 75.4106839 75.4106839 75.1982242312692 75.5887597800001 75.6109404764962 76.1423004799999 76.4106839 76.7698160381446 77.9362380959452 80.0030957281798 80.0898736199999
-9999 -9999 -9999 -9999 -9999 -9999 -9999 -9999 -9999 -9999 -9999 -9999 -9999 -9999 -9999 -9999 -9999 -9999 -9999 -9999 -9999 63 63 63.2149776254038 63.4821123 63.4821123 63.8240181239684 63.621102286241 63.8692724764503 63.9642246 63.4743512168689 63.9368066070783 64.4565309627124 65.1716023325031 66.4546232045876 66.78516088 67.3015723418751 67.1990240250026 68.2130836585435 69.8221240712474 70.788241481038 71.69584358 71.9642246 72.4171048504099 73.3941763795988 74.4737560499912 74 74.3146479208548 75.9642246 75.975066198308 76.1805388010553 76.2671369887352 75.981492262948 76.5529843800001 76.9642246 77.3431198278981 77.0949544376887 77.8744733800002 78 79.4838473341212 77.5504877262971
-9999 -9999 -9999 -9999 -9999 -9999 -9999 -9999 -9999 -9999 -9999 -9999 -9999 -9999 -9999 -9999 -9999 -9999 -9999 -9999 -9999 62.6142103516049 63 63.1990796753234 63.4464593 63.4464593 63.8119029842844 64.4049822108202 65.3565904800002 66.037599963892 66.6306791904279 66.5708756800002 67.6026748434996 68.1786005099646 68.4501317165713 68.5778797031073 69.7007216192863 70.1658607076424 71.9816549627149 73.4770211507494 73.2951797442133 73.83870038 74.1070814 74.5911393353943 75.5052375361397 75.5458024084659 75.156214215002 76.0525188984623 77.9788715319263 77.4182429146096 77.2742690588547 77.3544631676812 77.62441278 78.369938679247 78.5535407 78.1485611461752 77.1969550199998 78.3585299868969 78.5535407 79.5015501599994 76.5931677934959
