catData/variables/futureClimate2070/rcp85/HadGEM2_ES_2070_rcp85/bio11.asc
NCOLS 409 
NROWS 350 
XLLCORNER 60.897278365 
YLLCORNER 5.843756025 
CELLSIZE 0.0892857 
NODATA_value -9999 
[rows 208 to 233 of 350, columns 118 to 176 of 409]
-9999 -9999 -9999 -9999 -9999 -9999 -9999 -9999 -9999 -9999 -9999 -9999 -9999 -9999 -9999 -9999 27.7944676966208 27.7973797374481 27.9604636760686 27.9631530079306 27.9860488527597 27.2973884247991 25.6160944308854 25.0885361430316 25.3530380051756 25.4227430567288 25.7884328413072 25.6979727244494 25.84643818 25.876741118 25.955132748895 25.9800103413432 26.1240475864173 26.2916424017605 26.389236228 26.4793919868642 26.5616572344161 26.5564768239679 26.458973322 26.3754515729284 26.3156878526234 26.4965169338247 26.5946224917271 26.600047597279 26.6248107951692 26.5664278943826 26.4898190839345 26.2989245934863 26.0550585148855 25.93759522282 26.003521668 26.0903604776937 26.1219625327544 26.2004019452026 26.2300325803493 26.3122978279011 26.37678091 26.37678091 26.3680864525566
-9999 -9999 -9999 -9999 -9999 -9999 -9999 -9999 -9999 -9999 -9999 -9999 -9999 -9999 -9999 -9999 28.0353967769374 27.7770902237053 27.8462822407008 27.9971466141695 28.115958506 27.8559986193613 25.8342410487231 25.3256734364683 25.3804440379709 25.3780495880822 25.0194896696237 24.792797016 24.9996361454906 25.2097756618595 25.4593093022286 25.6391458805976 25.887346874 26.0416172793322 26.1696499458523 26.3667110750368 26.5637722042213 26.6733876754058 26.589335252 26.3997216657748 26.3867770200815 26.432093268 26.5549494926566 26.714226448 26.746478212 26.68392375 26.6756073100663 26.5995087012508 26.4091244124352 26.2011368663802 26.0972879583914 26.0979816940112 26.1793820131733 26.1175290523578 26.208873938 26.3025748972732 26.3355126699113 26.4254309590958 26.48392375
-9999 -9999 -9999 -9999 -9999 -9999 -9999 -9999 -9999 -9999 -9999 -9999 -9999 -9999 -9999 -9999 -9999 28.1612498535016 28.2119954520469 28.27319977 28.4653543009521 27.6720048460775 26.4412032502084 25.0250893489476 25.0258779364412 25.3081599651889 25.2699696254198 25.2438762706232 24.846320196 25.090908814 25.4430927422472 25.771310416 25.9902174792421 26.09106659 26.1629813096078 26.346319956 26.4874765979735 26.6760128468437 26.605411502 26.58213318 26.5740517687049 26.4924974558877 26.5252288230706 26.6668317417466 26.7966548365638 26.79106659 26.8381764461981 26.823259122 26.7703380596648 26.6845709626495 26.3556439135999 26.2024996197161 26.371793149101 26.2822878260819 26.299940528 26.39106659 26.414226208 26.4937736328132 26.5341001560039
-9999 -9999 -9999 -9999 -9999 -9999 -9999 -9999 -9999 -9999 -9999 -9999 -9999 -9999 -9999 -9999 -9999 -9999 28.2923329593244 28.1614014881849 28.5943485759044 28.5638383568457 27.9120781066031 26.9767336879051 25.9368347807922 25.4981194328838 25.6209337386673 25.8578654331338 25.6619688653003 25.6206447086339 25.7690702617343 25.985596096 26.098271435935 26.2156402249646 26.362435998 26.3271888238542 26.382093388 26.4908020037184 26.5947822914627 26.69820943 26.698050531631 26.6806886379192 26.5986241234694 26.660605396 26.8735500988605 26.99641886 26.9465402093403 26.9567656955594 26.99641886 26.923259122 26.8118026603873 26.3600831456841 26.3015967679425 26.4947187585215 26.3983683240717 26.4 26.400414689172 26.4315504412778 26.5006704842724
-9999 -9999 -9999 -9999 -9999 -9999 -9999 -9999 -9999 -9999 -9999 -9999 -9999 -9999 -9999 -9999 -9999 28.4738544680701 28.3613709215424 28.08245861494 28.4336998040953 28.6332347091998 28.6867095615176 28.5898243286107 26.6713386007054 25.2393564161896 25.7445773687508 25.7782637153685 26.0853003019089 26.2121376481194 26.3307496362843 26.4023865032246 26.4543149206929 26.5031511113896 26.508885685472 26.5799487984455 26.60535227 26.5225869397194 26.51070454 26.6071762738844 26.7191037480332 26.8044949959507 26.7780797201318 26.7340330857858 26.874891076 27.0469748683792 27.10535227 27.0496293105441 27.1392049333734 27.132192532 27.025049692 26.6602509128738 26.5009284251306 26.5016384449611 26.5951226871214 26.5856977444077 26.51070454 26.51070454 26.51070454
-9999 -9999 -9999 -9999 -9999 -9999 -9999 -9999 -9999 -9999 -9999 -9999 -9999 -9999 -9999 -9999 -9999 28.8 28.6124650057099 28.4154160151447 28.5237858119998 28.733825326 28.7674369791391 28.1613198451455 25.8522299416715 23.9149735568793 24.7425411540734 24.6635891659453 25.4089580330668 25.7973847511816 26.1670357851514 26.4126746848666 26.4814736825817 26.5390227797032 26.641026918 26.67500978 26.6950776308844 26.7109264311573 26.7243140468725 26.7282365634125 26.91249511 26.8984794360178 26.8220963702671 26.81249511 26.8827073248368 27.089176756 27.2064638725934 27.2198514883086 27.2745093499526 27.226840262 27.119697422 26.859516548338 26.4702750017684 26.5247739174007 26.5202602396856 26.6140154639705 26.68750489 26.68750489 26.68750489
-9999 -9999 -9999 -9999 -9999 -9999 -9999 -9999 -9999 -9999 -9999 -9999 -9999 -9999 -9999 -9999 -9999 -9999 28.7658658320757 28.4956622383351 28.4852728070489 28.6137605008463 28.4016306621073 27.6980129399157 24.6680429941113 23.2394280926254 24.4547640375394 25.4301194000567 25.4395912119999 25.1852700491222 25.7737392961962 26.0429552954914 26.2352638494252 26.2867630843877 26.3155870754481 26.4003648795986 26.5978236632474 26.7628768771904 26.874950548 26.901731338 27.0017427066386 27.01963795 26.996478092 26.9255887786819 26.9693679019703 27.1000584626226 27.2618901687252 27.366950349927 27.3469474674208 27.2608452847686 27.1747431021164 27.0542959445358 26.8872497736239 26.7568427998403 26.6392759 26.6361305331448 26.624186024203 26.6392759 26.6319224111014
-9999 -9999 -9999 -9999 -9999 -9999 -9999 -9999 -9999 -9999 -9999 -9999 -9999 -9999 -9999 -9999 -9999 -9999 28.8655864288096 28.435812504 28.5822711412687 28.5980766520767 28.0630807139796 26.9447426498418 24.7258781038384 23.8123918670535 24.104102861262 25.1623570155425 25.7900807368825 25.534275365052 25.542896592 25.4532838830971 25.5674821749527 25.6233904286681 25.6368156943672 25.9266734818555 26.2175546258947 26.5752703000662 26.7395776750135 26.875414213994 27.008874178 27.1042894839548 27.1098233249353 27.0757489760843 27.1368090008962 27.1742677182468 27.303462436 27.4157669378375 27.42678079 27.42678079 27.42678079 27.2753085277591 27.25356158 27.076880174 26.875589348599 26.8150534316809 26.7705188693386 26.8348960276418 26.8261444286223
-9999 -9999 -9999 -9999 -9999 -9999 -9999 -9999 -9999 -9999 -9999 -9999 -9999 -9999 -9999 -9999 -9999 -9999 28.7 28.5423061631293 28.5865829870485 28.9600128289845 28.8283601648238 28.1871616868876 25.458407241005 25.1866734614304 24.486796038908 25.178197176 25.8591269018595 26.0872183025663 25.864325112 25.5637017222075 25.1653004512166 25.1863241469442 25.5319158120001 25.8389857362448 25.982073708 26.2906754726451 26.521329736 26.803462676 27.008874178 27.116017018 27.2078566645365 27.2442034051495 27.305292798 27.323258882 27.3362114820224 27.4788462756019 27.556318958215 27.5430288211719 27.53392363 27.446478212 27.43392363 27.3310486852804 27.1500993839999 26.9569803149867 26.9 26.930302458 27.0127028043459
-9999 -9999 -9999 -9999 -9999 -9999 -9999 -9999 -9999 -9999 -9999 -9999 -9999 -9999 -9999 -9999 -9999 -9999 -9999 28.5539237069708 28.5670295305377 28.9298061831154 28.9884086932226 28.6316799193419 27.2054211094256 25.6262839303607 24.2182697795323 24.7738110529653 25.8514939539087 26.2194829187144 26.1703759728114 25.7962902605655 25.4835550373603 25.5473770059259 25.7198907993135 25.9894357135826 26.2051914133263 26.2769773149089 26.4324657788454 26.7220407354004 26.9714520196461 27.116017018 27.223159858 27.330302698 27.437445538 27.4920333677497 27.4608887548794 27.5346370886337 27.666016898 27.6568843838578 27.64106647 27.553621052 27.5022224114049 27.480401842 27.3607408509133 27.1221879646647 27.02319941 27.0161694185285 27.0528227600696
-9999 -9999 -9999 -9999 -9999 -9999 -9999 -9999 -9999 -9999 -9999 -9999 -9999 -9999 -9999 -9999 -9999 -9999 -9999 28.787226251071 28.7151657407583 28.8437002905846 28.9738457203414 28.9897054700982 28.7578653882175 26.5064149899996 24.4930318175783 24.2497015961864 25.7177563315291 26.3063190693609 26.373317754 25.9575848490762 25.6500027780905 25.8156400836663 25.8645922132884 25.8181796630502 26.0867846484684 26.3271316246935 26.5375801124503 26.6517339917929 26.869539046 27.067807708 27.1861157557388 27.330302698 27.437445538 27.544588378 27.5981473085048 27.5985271237384 27.666016898 27.7352698048876 27.74820931 27.660763892 27.553621052 27.5991034524012 27.5258655602795 27.29641862 27.29641862 27.2358137039999 27.1171528566203
-9999 -9999 -9999 -9999 -9999 -9999 -9999 -9999 -9999 -9999 -9999 -9999 -9999 -9999 -9999 -9999 -9999 -9999 -9999 28.9 28.7314232059033 28.7831369967846 29.0389991351188 29.0799352287404 28.8573071484226 26.2214315965189 24.7584777429779 24.4516782872595 25.3589917023704 26.3699186210885 26.3975524211711 25.9651348768731 25.7839866242294 25.9547390042596 26.0258769172515 25.791224366 25.8096688906321 26.1930866275693 26.5807701112957 26.757083488 26.8681884576822 27.0248827818289 27.1760329073201 27.274950548 27.4028202983621 27.544588378 27.651731218 27.7063020557905 27.7401794255937 27.7880164000826 27.8 27.7609575009395 27.660763892 27.6019163999232 27.6929564239999 27.4929730380325 27.4256386929896 27.4333263219941 27.1971800744831
-9999 -9999 -9999 -9999 -9999 -9999 -9999 -9999 -9999 -9999 -9999 -9999 -9999 -9999 -9999 -9999 -9999 -9999 -9999 -9999 28.6819277484412 28.610665228 28.878414184 28.959357722421 28.2176608061035 25.4217822234732 25.2474464272083 25.3279217675024 25.4556606202839 26.383706742 26.5080255276496 26.1050714192795 26.009051007504 26.1684400793523 26.1837325762086 25.8972937350649 25.719697182 26.1372282900001 26.578353992 26.80281333751 26.971369168 27.0845191922026 27.2 27.2113650299152 27.312396086 27.482093388 27.621565647516 27.758874058 27.8 27.8457211709471 27.8123099019092 27.8546490052346 27.8270196543783 27.664875336478 27.7877978906656 27.6404711178094 27.5568356150469 27.6094626521937 27.412594374
-9999 -9999 -9999 -9999 -9999 -9999 -9999 -9999 -9999 -9999 -9999 -9999 -9999 -9999 -9999 -9999 -9999 -9999 -9999 29.1846850450572 28.8788265999999 28.6801793315231 28.8546256969852 29.1092367495825 28.5311671605408 25.0538607405603 24.7342289588424 25.4881284560703 25.8386076329809 26.490849582 26.7355297776775 26.4070452099933 26.2091254107786 26.3571511744451 26.2116748873373 25.7867752368923 25.580421522 26.0588478886605 26.508716162 26.8022570097869 26.9330565630105 26.9878952617659 27.1142341474577 27.1029286226373 27.248814815905 27.4060009268714 27.5674379383522 27.6482376115759 27.7066970752005 27.803521908 27.8619015375065 27.8961881564704 27.9 27.771368928 27.8545842741412 27.7062906952702 27.7463074225885 27.7182333978121 27.6033376828927
-9999 -9999 -9999 -9999 -9999 -9999 -9999 -9999 -9999 -9999 -9999 -9999 -9999 -9999 -9999 -9999 -9999 -9999 -9999 -9999 29.0712902802896 28.880401122 28.8908530040742 28.9609130548842 28.8818065051238 25.67092788086 24.544133976411 24.8396298780481 25.7498342911659 26.2606226696521 26.7326920177053 26.598895783644 26.3293161938937 26.4904081609244 26.4061983268712 26.0207148412803 25.7035057786214 25.7753871154101 26.0259799469853 26.4972673238327 26.7600659666508 26.8951401147967 26.8820627202869 26.983824726 27.160664868 27.312396086 27.5146701237796 27.5547961038114 27.589236228 27.696379068 27.803521908 27.8903605078247 27.9 27.878511768 27.9658462630517 27.8572803285392 27.8945627798699 27.892956424 27.7622558873121
-9999 -9999 -9999 -9999 -9999 -9999 -9999 -9999 -9999 -9999 -9999 -9999 -9999 -9999 -9999 -9999 -9999 -9999 -9999 -9999 29.1573519668275 28.765168800523 28.7830157598219 28.81607649 28.8954586789943 26.2898410308197 24.6581550896991 25.2567522414484 25.4152566534832 26.0724628287973 26.6073419364888 26.8569902917165 26.7250279520167 26.6707003712611 26.6626970328223 26.4205290394529 26.1621785294945 25.9728426189276 25.8234195756885 26.3198175043805 26.549901336 26.716135962 26.6358762722554 26.708834866 26.9799518374839 27.289176756 27.4166331281773 27.3238697460469 27.3696500659947 27.5667109380364 27.696379068 27.803521908 27.8954582761614 27.9827490115937 27.9220971924897 27.98392351 27.9876467636718 27.9648259703698 27.88392351
-9999 -9999 -9999 -9999 -9999 -9999 -9999 -9999 -9999 -9999 -9999 -9999 -9999 -9999 -9999 -9999 -9999 -9999 -9999 -9999 -9999 28.8918896001847 28.723351624423 28.7885674375333 28.894588738 28.3817526052918 26.9945681044222 25.5284151385375 26.1740310328548 26.1232642716825 26.3709956867463 26.7080114038561 26.8468005858072 26.8821327 26.8220133020489 26.6382105376254 26.3483982187002 26.2754421719482 26.2562986392969 26.3929523596773 26.4935041860087 26.4253700456714 26.4178673 26.5336638180403 26.9156818673055 27.198110406 27.30893365 27.191185534 27.240967446 27.455253126 27.6623648547405 27.787445418 27.8084501839108 27.8177126497635 27.8258887594379 28 28 27.9972928844609 27.9569662838648
-9999 -9999 -9999 -9999 -9999 -9999 -9999 -9999 -9999 -9999 -9999 -9999 -9999 -9999 -9999 -9999 -9999 -9999 -9999 -9999 -9999 29.0510592430001 28.837250339193 28.885655088 29.085692761421 28.4674073241754 26.4693613405251 26.007567107264 26.2164788365431 26.591588618044 26.595519090948 26.64538711543 26.753522268 26.859610781184 26.898817758491 26.751889234 26.457300736 26.226449845176 26.4804746031569 26.6946585749741 26.678828943667 26.4667488227201 26.324535918947 26.4914507577461 26.814127424 27.0471776811321 27.10358162 27.1592927104458 27.330242986 27.544528666 27.6799498345971 27.7015659812901 27.7946851720169 27.7034909073239 27.8003178307382 27.8350415158758 27.9772551267551 27.8720310114481 27.8029110458589
-9999 -9999 -9999 -9999 -9999 -9999 -9999 -9999 -9999 -9999 -9999 -9999 -9999 -9999 -9999 -9999 -9999 -9999 -9999 -9999 29.2205245808758 28.9897869328154 28.7543957877551 28.8815876246106 29.094529506 28.0802209462956 25.7058936834589 25.4034174461866 25.9600355036422 26.533845726 26.748131406 26.8827854348478 26.8891106036968 26.8870948800913 26.8963624540618 26.8307555659706 26.6490442249102 26.435812744 26.420828869579 26.712435398 26.8008799846624 26.6705376708254 26.5148165674519 26.5361413295367 26.6340976044274 26.744588378 26.851731218 27.0703202595073 27.321329736 27.462455678 27.48929594 27.48929594 27.5889465899446 27.596379068 27.703996843824 27.816016778 27.9 27.8393950839999 27.7020040835825
-9999 -9999 -9999 -9999 -9999 -9999 -9999 -9999 -9999 -9999 -9999 -9999 -9999 -9999 -9999 -9999 -9999 -9999 -9999 -9999 -9999 29.166174434 29.0020905238906 28.9640840087246 29.1989678253909 28.5679237010402 26.6644906871604 25.8075250591293 25.9443364404109 26.1181579814186 26.3451819747184 26.6241149524384 26.7344543808524 26.694141244003 26.8487752604292 26.91249487 26.832192052 26.6485297752877 26.814166736 26.9262884211353 26.9755951000093 26.743008063577 26.8114309578507 26.6681706267216 26.6030181434122 26.757083248 26.864226088 26.971368928 27.1280312148338 27.260664868 27.2975388327278 27.3 27.4773578361276 27.5015147995553 27.6052530060001 27.803521908 27.8903988941616 27.8431813367338 27.749940168
-9999 -9999 -9999 -9999 -9999 -9999 -9999 -9999 -9999 -9999 -9999 -9999 -9999 -9999 -9999 -9999 -9999 -9999 -9999 -9999 -9999 29.292954984 28.9338328696511 28.771467232 29.2707203718167 29.326102880532 28.3335526009417 25.8501509206201 26.0849894247143 26.4468264143436 26.7810406015456 26.8530309084875 26.9715634911024 26.9526872659058 26.985654848 27.0052707656843 26.9354668165207 26.8665367014513 27.0109400961388 27.0986086571355 27.0125062173405 26.9681640804545 27.0824141255009 26.9345611879554 26.8711973938397 26.8947453716347 26.9706889848594 27.0473125412247 27.08036229 27.153522028 27.2448952806098 27.2435523024048 27.3914000314003 27.51963771 27.53215767137 27.676741358 27.7975282538599 27.8952859608249 27.8693673189701
-9999 -9999 -9999 -9999 -9999 -9999 -9999 -9999 -9999 -9999 -9999 -9999 -9999 -9999 -9999 -9999 -9999 -9999 -9999 -9999 -9999 29.4660844315232 29.1643657754007 29.012554102 29.3090975982744 29.4891468058878 28.6329781102008 26.1469312633619 26.0435355153746 26.2357497866872 26.6003578145009 26.5764339905867 26.8949015050246 27.02678055 27.0751179353494 27.0464326664883 27.02678055 27.0908077798365 27.0746686799989 27.0741467736775 27.12678055 27.134218676972 27.1794217873516 27.2 27.1826107040537 27.1416200871355 27.0889032367021 27.0535611 27.0358814116227 27.080347707785 27.1 27.0593913097804 27.3559203648165 27.5741466451309 27.6155301225969 27.5245955404814 27.7399972989218 28.0430108798319 28.0703135932465
-9999 -9999 -9999 -9999 -9999 -9999 -9999 -9999 -9999 -9999 -9999 -9999 -9999 -9999 -9999 -9999 -9999 -9999 -9999 -9999 -9999 29.475181573923 29.1993474170945 28.9278190399298 29.2444970755121 29.3884584238322 28.5646803465712 25.7942828704054 25.9115336914758 26.490908814 26.712040023381 26.8221197503393 27.01983724175 27.0800278422797 26.9988908564282 26.9891247846608 27.0254712681311 27.0024886883986 26.9357289570717 27.0022880189161 27.13215322 27.116136202 27.0474564690472 27.1290689372692 27.237445538 27.2856634007272 27.26784678 27.26784678 27.201829882 27.1926650432447 27.174528813285 27.2552921980001 27.3303474943444 27.537385586 27.719185854596 27.6104636799337 27.8955457164634 28.170884537007 28.3218835209544
-9999 -9999 -9999 -9999 -9999 -9999 -9999 -9999 -9999 -9999 -9999 -9999 -9999 -9999 -9999 -9999 -9999 -9999 -9999 -9999 -9999 29.4 29.2723713224953 28.8756582071964 29.0292768465976 29.2358714959999 28.6696036609066 25.8143476339701 25.6388417146614 26.3515324424316 26.5957993313188 26.7006665131566 26.8435561299014 26.7778395466275 26.5555512059999 26.5868506876668 26.7490152379364 26.7252662870393 26.7955554002844 27 27.0036442903481 27.031626797451 26.98213246 27.0481522026863 27.2066905964804 27.262455918 27.3603556619314 27.4241773560686 27.4292706343431 27.4663144817255 27.4348071233774 27.4388230350393 27.4022223984167 27.603462196 27.7984144455783 27.807588529108 27.9968962479951 28.2605957569022 28.4477567835983
-9999 -9999 -9999 -9999 -9999 -9999 -9999 -9999 -9999 -9999 -9999 -9999 -9999 -9999 -9999 -9999 -9999 -9999 -9999 -9999 -9999 29.4486897517078 29.3291926545566 29.0798191601789 29.0971974570854 29.3912234059999 28.8729683438567 26.4129093519083 25.583100387288 25.9060865637774 26.3373205286719 26.3748451979364 26.3785780403977 26.3319646115348 26.2492182608112 26.310088838982 26.5898230494832 26.7325225469544 26.8882039707872 27.04820907 27.0528050893161 27.1077216554195 27.1593742221551 27.1975035402186 27.1806066076263 27.1713018056381 27.2785232969025 27.4390476238331 27.566016898 27.5647303706958 27.6292171820797 27.6450768975508 27.550038952 27.603462196 27.8174300239644 28.0201564577178 28.1917759910933 28.3503798532442 28.317927492
-9999 -9999 -9999 -9999 -9999 -9999 -9999 -9999 -9999 -9999 -9999 -9999 -9999 -9999 -9999 -9999 -9999 -9999 -9999 -9999 -9999 -9999 29.3838431603914 29.2288630887596 29.1583471468721 29.3860183689922 29.0912818781012 27.6105458547434 25.6946174890044 25.7179039943706 25.837271712012 26.0465842365281 26.2839862600739 26.369578118 26.4837873136207 26.4809121948214 26.6983687149064 26.8818403840849 27.0993015785666 27.1515185953937 26.93394427 26.949961288 27.0699235517563 27.2093128483736 27.2760787304928 27.31070382 27.3338008207708 27.4405121104025 27.4929336700685 27.497127066668 27.660605156 27.787445418 27.8101245568775 27.7676015343861 27.8770618298249 28.1143023709131 28.1996365070883 28.1901123432799 28.051850882
