catData/variables/futureClimate2070/rcp85/HadGEM2_ES_2070_rcp85/bio16.asc
NCOLS 409 
NROWS 350 
XLLCORNER 60.897278365 
YLLCORNER 5.843756025 
CELLSIZE 0.0892857 
NODATA_value -9999 
[rows 75 to 99 of 350, columns 168 to 223 of 409]
745.958018104064 725.091681217529 723.276767265591 763.709936011286 815.460555024031 861.266733371007 863.010922765856 880.666050870525 944.577752366459 999.704560385392 1037.65032427874 1071.55822033719 1116.07302568901 1175.13882340134 1255.58122827561 1381.07777970578 1554.87120498986 1725.50157908477 1805.99613396187 1840.61009631573 1874.44160445612 1826.55337605413 1832.01081417538 1946.11711805185 2134.57480694249 2073.56381738692 1820.30491133389 1684.25506636562 1466.71873938741 1329.82173646638 1228.91835738418 1116.35645632305 1058.53347037849 975.514691815449 911.584951408586 889.455745961464 860.512225247489 842.934619494612 839.440415168754 831.264645453971 847.567612016941 836.835675128275 654.601780321543 514.630437105078 503.298980139812 498.958994895725 505.219351783146 576.001678165079 574.565936351919 493.943445563926 484.763435154115 497.553660407816 466.242733757282 448.471541891396 431.790880059826 421.697140467351
721.779090501092 699.354175339989 676.591337043613 705.734033900011 777.241984746077 864.023903865495 908.563256133687 915.098749080005 938.955124676031 974.86953322332 1007.09325356001 1036.40035475373 1067.75086058822 1101.60516657214 1140.85348117338 1220.64396308659 1410.24885292078 1595.19404539618 1648.2505620099 1657.0274731579 1743.33572233372 1811.7106434984 1814.66937095394 1821.35608473407 1904.17766727945 2012.1580100044 1958.37318768219 1809.48607441565 1589.02421928995 1399.05301126184 1259.48513606098 1069.79110331378 1031.90252510472 998.822172733516 972.556281291687 968.413085071527 933.724415382863 897.654805459356 878.050415265539 871.856272618171 888.226898303504 878.964349470426 772.056909463139 576.875401194682 541.497508252743 574.772959624209 561.122026133344 567.387042931083 646.410463020575 580.230755773672 490.394783456852 528.023728823823 522.477535171506 475.377086148565 488.012581314243 473.635024799606
719.508716081369 699.855752590383 645.981388754692 630.573278038732 706.329366800648 797.248232329407 858.617431865434 888.20120078829 911.95098428 940.070885615702 968.771882160006 996.522972600005 1021.71722648548 1042.39276064621 1058.59044512401 1102.89892428846 1280.79000289269 1458.22191155111 1515.58451364975 1505.28247487097 1491.61024363667 1538.24031258153 1673.23065229363 1809.76082445897 1810.66225871706 1756.87592419245 1816.96051763571 1768.42182932221 1642.4806599246 1464.38505747571 1256.32776293872 1178.59794834052 1095.3979696042 1070.4607146224 1046.11960270434 1048.14709740519 995.91428872616 939.913382124003 923.666688830405 916.840687235213 921.014258660692 919.354249700215 872.78591726523 776.860921953401 733.815479052261 755.427169947153 705.18947707547 672.58500873651 759.335503168348 714.74186688157 569.178998870254 549.326418446948 586.719155692153 526.735664444652 515.052364744027 535.863128989509
712.185462360561 702.463571920159 636.394862068209 590.850042954689 658.413841314287 741.567063603935 802.939038321335 841.475556243485 870.004742179999 898.291814655746 928.447582414682 958.78144262001 985.851145048274 1008.86278803119 1032.20323322157 1083.7159842176 1204.90115305623 1332.31254676085 1389.43654110368 1384.16369541115 1349.14279202089 1334.32367542043 1406.72031323782 1591.78516234242 1703.24387619302 1617.6695559789 1603.28818755959 1693.45468132311 1608.0277300118 1517.78078808287 1330.36868096682 1364.39463850301 1238.95041453514 1156.20700465039 1149.89857748289 1123.05217009028 1080.38658129888 1021.78633274934 988.676455981881 967.336038736285 955.836103750952 949.1803818 933.355277658068 912.344902595791 906.712469482516 911.788373435158 872.642500072205 852.226801177233 873.460151279641 897.897575094705 704.814504416578 633.338923991722 690.203604770482 641.925643916488 587.082853250113 592.560138633328
675.726719889555 680.454227869609 650.039834995936 620.395677013175 659.094252583757 718.123747536588 764.39882719442 796.225462169415 824.14059774204 854.22303016574 889.523665465783 926.783488491527 960.802696996885 991.05303093601 1024.31219189037 1077.6181853733 1157.14026694184 1239.99315754087 1289.00896197963 1294.64933233639 1271.73069741493 1247.20736394271 1247.8380915769 1317.20319096994 1462.45897987129 1487.1398070616 1548.93628652967 1754.2394678807 1703.13351298154 1590.86027191515 1458.32435373672 1369.88509009254 1264.30187720409 1242.56481949879 1252.88425514789 1185.18081525814 1135.65570214924 1069.42111457476 1032.1693863829 1015.65231512317 1000.90401665813 995.020047455949 993.807633281261 989.404047452258 1041.73345051038 1062.75565646657 1036.86957170153 1093.05891836322 1032.30537623115 1017.57019155348 760.537585012213 750.900682830581 849.740195792063 793.493263650752 674.834890841784 627.125042898312
618.005263312949 637.787887107189 645.918937163975 648.800890930687 676.327336943189 714.183854869099 736.395595143209 752.137339198656 777.297524417109 812.248614159979 854.865799484299 900.59555742791 942.634094030774 977.838303123617 1013.22736809282 1059.00728468693 1113.93007374448 1170.84052153553 1213.11813888819 1230.64103097057 1226.92716824595 1215.1559649081 1179.62752319564 1148.88498671143 1214.9385179425 1329.73896027501 1470.45273261614 1711.76600684151 1773.01699937421 1684.95911539116 1552.85236689347 1414.92507030492 1336.81142084834 1308.45728646246 1306.32811416741 1234.94208087262 1172.2269982209 1096.90631452387 1069.50153069907 1060.39091798773 1047.15012060077 1036.41425793601 1050.33022332344 1087.77335227227 1142.87356571722 1152.06196200439 1136.25062093776 1292.90343992165 1223.523079535 1104.56357087745 928.662737583421 915.34194904744 965.807459438487 799.605629504178 671.36970664888 659.91827679248
551.661991661665 594.214083657129 631.515078661803 655.080955174855 679.221209556685 702.289047550174 697.256461288803 697.666940654473 724.392075212108 768.209475285603 821.47486792666 878.485481329158 928.139428218794 965.750614060004 998.043209596073 1031.18450294838 1067.13312897398 1110.32469318032 1148.20040138788 1173.18222549111 1181.61062396423 1180.07690374172 1135.15066697128 1064.43860721612 1098.26341426469 1211.20187512092 1343.68591090667 1545.09075274852 1700.85231791625 1692.19949691723 1570.93820422115 1482.58638357918 1457.2046718911 1375.91976848412 1371.65175958706 1325.01408580262 1246.27060627677 1148.88009512932 1114.00079267787 1107.09963066008 1099.56911459927 1069.05054143962 1072.30581259946 1116.58556212661 1155.99517100029 1207.46388516516 1232.79089922249 1354.51309266192 1249.49676392112 1311.82875056605 1266.86296431623 1117.66202505329 976.232396029656 833.179505606892 803.338609315078 780.517778142501
498.583777488412 571.930520199598 630.270766349264 653.522155436505 656.256039070005 646.490981244571 622.915692425032 625.892407450689 665.791224432506 722.972001633362 788.299505784957 858.019093046407 916.678910143444 954.583170503174 981.339000916111 1001.49990509176 1022.44812483129 1055.96880594091 1092.00436346001 1118.40746966416 1127.3444109063 1120.34106957415 1082.79058869688 1035.3483255159 1061.94064521049 1148.38232141499 1261.6605248067 1404.36429218259 1556.01608459865 1648.3290390503 1617.65820807318 1533.31288223787 1475.55930667246 1416.30734751648 1400.07858293437 1354.89824926082 1295.27325997468 1224.86259708968 1171.56449657583 1135.52877795311 1111.85466553339 1071.78624549993 1063.79308811285 1095.83382587235 1172.81250900232 1234.593971376 1201.70141469533 1338.17742560853 1237.52865275082 1326.5879637429 1331.8324712863 1181.95630874993 1125.0678215111 1108.55987675358 981.640322886292 803.468723155903
504.787691506804 586.95821201623 652.66260435118 654.309743097613 629.884683566377 585.602610393918 540.727722047952 554.979767790946 616.018464920857 684.017227508446 755.588625101168 830.272628270179 896.674624008047 943.249568064798 968.256662843291 979.174534588994 991.531749768553 1017.65956860364 1049.04541848812 1071.54567456398 1074.65661124316 1066.36710915307 1051.18805479325 1035.59998172049 1061.99120426606 1123.40674291504 1197.74181143542 1294.048826281 1392.11990045754 1522.81406338795 1618.7272738054 1532.68613685533 1478.98419697623 1441.41317528931 1420.55146701775 1382.90053996275 1340.47444416323 1323.73164608901 1319.13316834656 1297.36099985924 1230.41062190763 1094.94993141589 1037.80671439651 1066.56452555261 1109.48051095241 1239.0831145272 1169.16809559026 1262.90135380363 1113.99016620665 1114.91051292671 1244.13649891481 1210.43411447703 1163.39888520344 1114.75953299583 1024.10620912324 950.633908170154
539.978852639864 605.490436299053 658.358452473037 656.341305820699 624.861524403486 573.046313015739 528.53680764 541.815818668028 597.812057830655 661.420819484523 727.361496968097 799.390473280013 875.296600472555 939.198216576936 969.738402548749 965.429570962818 970.348050697881 995.120072782759 1021.10363888153 1042.4712212285 1049.41144570628 1052.16466288394 1050.91004617346 1045.01912079201 1062.54086211527 1100.72294796878 1149.48925525323 1209.00752566745 1270.64002418191 1349.79429625585 1418.2873068644 1470.53828967216 1451.39301967966 1462.61953939313 1461.40991284672 1450.72401488747 1428.13171126154 1415.32338100898 1409.82460824308 1341.2887760701 1247.40787474556 1159.53592844824 1145.2812245491 1120.08470379439 1129.13272096265 1239.99276244158 1283.46216442915 1215.98111210211 1027.75312768176 1120.36512001441 1147.27272039835 1030.81092322159 995.452858746204 951.919175365196 924.273738942135 1035.14702388777
564.504412820172 608.572263086029 648.238819566486 660.698776990537 644.707997200799 608.737372537894 577.487447086212 579.579985045396 611.705210581712 657.112738507833 707.157117217722 769.356467642438 857.035718657363 949.26646962212 1002.72313236183 977.53136780311 962.704052687361 980.681897283252 1008.58468865489 1036.43354020226 1057.75391971151 1071.84194189897 1072.73658154191 1062.12446358105 1060.28302395064 1087.22744454869 1121.89829239761 1152.65587115608 1185.27559956021 1250.13279836081 1277.18732525941 1306.7584835037 1362.0519771063 1431.75720428199 1460.26686296104 1490.06163475415 1519.09065879216 1534.93202338957 1528.57491984417 1469.28822028678 1451.34246716312 1385.97168638201 1295.03416418654 1185.59588238365 1183.42053136 1284.68162533217 1200.30320416458 1195.36563368696 1251.1362956777 1184.63630106331 996.004550326269 981.605181087277 970.295859641051 951.046590925678 972.426714305339 1043.66532385147
575.969009847282 607.607957464412 644.778829141253 675.693638279049 685.700920787898 660.415545994985 633.416162139997 627.128210665889 642.285970813029 669.078172269006 701.325671109741 745.396131698815 832.383263560339 936.68990170956 1004.69710905039 972.67969053641 952.773232415171 971.113772234805 1005.20468781688 1045.25178352103 1083.80008009569 1107.21724232846 1103.55118408324 1083.66833544212 1071.07915752763 1085.9658060973 1109.29541654207 1130.23686894451 1151.00981902619 1184.73214952101 1213.35845136192 1251.91946236165 1292.44574546321 1336.3359327107 1384.7573347233 1447.23561505607 1534.83079884296 1650.90770952939 1642.15199889141 1554.85429789328 1527.70450333856 1472.20345189957 1337.61980844437 1246.03375289421 1185.6501390435 1126.75960200845 1076.94714887917 1050.77287245151 1147.46425457775 1208.13739153048 1098.75780300797 1018.62548069188 957.624353009877 999.864556782521 1052.37102139568 1030.51028177341
576.428295381454 598.800150920406 637.220984859618 683.084574120185 714.985792738122 698.175701518631 675.547765739468 668.173354920073 675.554856840265 692.514879880253 717.777086560063 757.242746080428 821.219041561213 892.728189521125 934.968666880117 924.823065639052 933.141221399711 963.513281660029 1003.61010353994 1051.21818180003 1102.81381804006 1135.52654831993 1129.83672173999 1107.82233074 1090.47778857994 1094.15939247992 1105.22421157991 1117.52932533982 1130.78812293989 1149.20922661981 1170.18189037963 1198.24870399959 1229.37423311941 1265.44345668 1314.23549063958 1385.39892813984 1476.99368860007 1592.0174969603 1712.41335726291 1725.72947509826 1658.88808984748 1540.4852026318 1415.68702411274 1312.65822807695 1284.79806148562 1192.33061962267 1197.42361929079 1128.80897269907 1175.82597945528 1237.69854455505 1052.8976356744 996.346916863766 983.81552363372 1017.84428482702 1062.48212781569 1053.10343883444
563.323533201755 579.242231411453 621.574995855093 669.411533760005 701.527849953992 707.441143602648 701.653689745077 700.408441022518 706.28010432 719.2272961795 741.466077850507 775.063012304531 819.046978622586 863.752345934088 897.30355061516 910.852185743827 931.846463139102 963.408713280005 1002.81681813616 1051.87087718319 1100.63661704743 1132.92271741686 1138.18108844065 1121.98891438855 1102.67762814306 1099.19705866159 1104.1792119666 1109.38858622507 1117.37923850862 1129.02988837899 1139.75480716126 1154.25529028327 1174.59715241089 1200.02706632365 1246.52113609289 1310.370807737 1397.83430262555 1509.56680760286 1640.97151232597 1783.73972853812 1855.59115023173 1735.84354855243 1569.80479617186 1445.47471497949 1447.57475772807 1376.76774333593 1393.64493989831 1394.9349267133 1386.51594856672 1315.89575126545 1122.79062421992 1040.12023339974 996.139833352743 957.105112296986 945.095202625116 965.620429071375
550.38881325201 562.669209560007 607.739958209235 654.415951751124 687.841337458887 706.811426587902 715.591042001823 723.428055166998 731.526087711185 742.585589571744 760.816433021669 787.742998862864 819.226793464743 850.576243638437 881.824456370356 909.169513490124 937.941510925355 969.569233380004 1008.35933395804 1050.6379592645 1095.9136263496 1125.30092522313 1135.56647167162 1124.85216405282 1106.93585656 1098.73696435041 1098.84308121326 1101.78431224 1107.19258767244 1111.5229351989 1114.43194064409 1116.91639649232 1131.20412681459 1156.20492336915 1199.45684936598 1257.09136575451 1329.7098458082 1409.95564081328 1489.72142919601 1578.74603025177 1649.17815652656 1675.73690114298 1677.61282409791 1641.35050194924 1611.92462667535 1591.62840728157 1545.45262579207 1497.72508277969 1453.77704098131 1443.52934155415 1380.07497232775 1257.49168286541 1131.20141924854 1068.86726658793 1029.85643929329 960.060729664197
556.474452276992 570.92977084876 608.678846602623 649.220413706396 682.023232040009 705.710772108144 723.731545222052 739.289173865322 748.717827101782 755.889286077491 768.41977348233 789.751756608425 815.439685317265 840.912730593134 872.448592602201 910.167627754422 948.156616704631 982.711977380005 1021.25171787407 1059.59507839529 1095.57499598545 1116.46937074092 1123.82297244 1115.15112382563 1099.0284086446 1090.03497091562 1088.02642348664 1090.35410780235 1095.53792551133 1095.69965571905 1088.9002938963 1083.6035331703 1092.57866476181 1120.39126166 1162.03574943907 1213.3523087178 1270.1469941823 1317.25950672745 1342.80180870947 1347.9749762054 1372.07078316944 1447.28693902877 1515.94046450535 1548.24684811145 1569.88470191016 1578.95968225902 1548.44824220521 1436.95260546476 1378.5148650758 1380.89385040026 1384.2772417932 1341.23555192027 1258.91064405054 1201.42517129624 1187.69186634469 1154.19766836983
571.770950331965 589.977848795119 620.160869311938 654.145337228376 681.392198558916 702.26032718937 722.304601056521 741.815670216434 750.026912124479 753.475032202575 761.685694003488 774.964543151874 796.837812470379 827.229101496091 867.402315430443 917.299190880584 961.951049162737 999.987028693291 1036.3863840441 1067.4139687451 1091.26002202434 1103.40889218624 1106.52633631677 1099.32537634563 1084.37073531843 1073.10751112334 1068.90206236657 1070.46898902042 1076.14028208 1073.98055929918 1059.2620772314 1049.08858434 1054.41664903269 1084.84984540165 1125.84670841216 1170.49900236499 1213.08720781139 1241.80006395131 1250.47268493745 1245.92258481315 1259.4556175964 1312.71731545845 1373.72106432263 1420.50050753097 1452.88996572139 1470.2832696246 1437.28188530029 1351.19181968042 1304.20290939318 1351.00001138781 1429.37197472031 1470.86206079023 1422.42003177896 1351.96529469236 1335.90862093448 1351.89935322588
587.07934383112 608.498960194663 636.734779559997 666.579797772427 687.071167166067 694.978513631095 698.875767897589 706.90969173521 715.522114451271 730.597731839582 740.467494524866 742.734029496621 760.773232400009 807.324514866221 874.930112701731 936.152206335179 979.587675885485 1018.24267559744 1050.0153201726 1069.99207810284 1082.2712063054 1088.50632327779 1089.16281306 1082.81142564136 1067.95736575536 1052.00067556232 1042.04278119086 1039.23618647386 1041.23407384794 1036.53576589899 1022.40932581713 1015.12899718645 1023.87804484001 1055.32523598589 1095.01469658525 1133.24077815738 1164.67080982821 1185.5635274128 1195.60437412573 1203.04846107122 1214.13388987633 1228.88704743801 1259.59953074777 1317.50546877488 1370.92055095119 1400.15365819396 1386.60039209524 1356.46900771897 1368.38627898011 1427.04008951279 1492.40256528642 1541.10008120333 1561.37891394498 1547.79422092643 1519.88156453077 1500.6299463246
600.748786858208 626.300749548036 656.519822686705 686.443487739403 700.82012113604 689.576477955081 661.027715140702 636.320196456883 652.164812277489 695.158417882642 707.518425542872 699.493771187542 710.295054868749 777.286626268872 896.583955730546 962.189693143493 993.429972794015 1030.35758842994 1058.61707527605 1068.26605997617 1073.66698200323 1075.59985534311 1074.78767416 1069.14492831281 1055.20843264155 1034.54475769006 1014.86178182623 1005.64465448599 1000.92364568419 990.078939375209 981.279662274249 986.459020614844 1005.8911694545 1037.32226473018 1073.16157274792 1105.91048831486 1131.30282765461 1148.15804335569 1157.83557745773 1163.36522884048 1169.01530698 1175.6921576515 1196.66615292 1262.88591921259 1327.62290322012 1364.47508477232 1370.2281130856 1375.82098360371 1418.45581118982 1504.79052585772 1572.30733299393 1600.37334341774 1615.03242886721 1622.00769888744 1631.3904124267 1650.12929950578
612.295047112533 642.670985122236 675.93334920969 710.089096542237 727.100212881719 696.662222382813 649.22274610807 616.033565060793 641.340343635278 685.531056338225 685.201957937456 668.028274492302 691.322573621124 789.153883969264 892.225453070976 955.815882411257 983.066760564746 1017.26134213683 1047.33762971497 1059.54139871115 1065.37656129208 1066.81457972637 1066.12681926 1060.96180081495 1049.6974288862 1029.23828436353 1005.10135953999 990.034844435219 975.606641423172 954.168712893066 944.643238010033 966.109996594194 996.531241821398 1031.30004926429 1063.34913683928 1090.62882886782 1111.53893123782 1125.62643822498 1135.77251785723 1145.02668690159 1156.29941086101 1170.7662390827 1201.92678104353 1270.81917571774 1325.26990985402 1353.86037303592 1361.40084111637 1380.46627795923 1431.69573050567 1521.01846970944 1583.56516176239 1605.70233741052 1614.06971965561 1608.21653024333 1608.04497367881 1645.97448272
622.55075358445 657.50795779404 691.359128625873 721.783709122076 736.503726807495 705.212954419749 664.318542795249 645.708417920003 664.686237878238 685.25000431778 685.361405474648 696.827940061982 740.303607756474 784.155077034117 782.477175527033 858.786637366642 928.771464354786 977.723960907198 1018.06194123998 1044.55791628616 1058.39479768616 1062.69919776415 1062.30898325293 1059.42448754834 1052.6827751785 1038.31024056655 1017.9980012468 998.154527563129 975.862505259315 949.709964699991 940.321595342809 966.828194724046 1001.70431444737 1037.7688884 1067.94738243064 1088.85421154408 1103.11001211957 1114.27345809428 1124.96210173634 1139.47122494871 1161.41926587092 1193.15923030748 1240.72340490573 1303.54354213747 1342.73070495951 1355.71700743338 1351.58081716931 1353.10926310639 1391.95215186243 1470.10598859558 1524.59501739874 1547.82290705072 1559.06283959465 1554.9393874888 1545.1902368627 1570.107609797
634.059576476113 671.587664200015 698.041373745987 716.91766039483 718.802830672877 699.514464898874 677.825771451756 666.988751290684 667.649264383163 666.427772917992 685.798455546991 750.837436838318 799.731506529187 760.847605697436 704.254334819641 770.180020375637 868.091032220426 934.887976800461 985.902055783023 1028.42862938878 1053.54984326 1059.16135580533 1060.4721195291 1062.48434235532 1062.53406916314 1057.43903943107 1044.41922348025 1023.51169412601 998.028717092119 974.6916079044 967.812125775651 988.766811440004 1024.07641737659 1057.72707428806 1082.4401517908 1095.91851738474 1103.09072354308 1109.10780599428 1118.08338498 1137.15455409223 1169.66110533264 1215.42563022627 1273.96525149806 1332.42479800764 1363.94061947481 1365.98652248415 1351.23015629505 1332.74509092263 1349.66701590784 1413.7664334027 1459.4593941132 1480.83965025365 1486.03098036826 1483.70253323296 1481.29298557579 1493.56962795447
654.171032626142 690.762503941198 709.252543431251 713.059976192923 697.25615089609 687.376734889782 687.332659026391 687.179084839999 681.6528430862 671.843441473287 701.561113661463 778.634296912575 818.860365016955 787.369393403351 752.329606901882 785.483708011572 851.655676398439 905.650636491344 955.027085325032 1006.16716466273 1042.03776244926 1052.60622215926 1058.33762573042 1066.79634208948 1075.187283077 1080.91953322684 1078.40405728048 1059.50421046556 1029.92875631147 1006.68871339999 1001.18802414425 1018.04124288497 1051.95806512316 1087.0806875416 1102.98121663207 1105.26976271582 1105.9120450884 1107.94602487859 1113.70938636878 1134.9925431684 1174.19621184476 1226.50017016088 1296.69260992538 1366.3498486679 1390.87637874973 1381.22763760689 1359.10576481599 1342.13411350016 1346.64787888801 1380.77516507705 1412.65072187453 1423.73492287662 1421.19581585523 1410.13851714752 1401.12281811814 1401.32371238796
686.463743688957 712.531997331705 717.347157784578 705.919485371183 666.10207383609 673.026456630146 703.007378959951 728.863424219161 734.931268185831 735.115426847871 758.827948498102 807.712588706851 832.737459740383 820.191295580497 807.284647266765 832.225204513011 860.782230319105 887.89793227729 923.542112426986 971.276242980409 1014.94311611048 1040.53160049585 1057.30958872336 1071.40901113047 1085.42919437852 1099.21370619878 1108.21661618736 1090.07335645061 1057.12458471705 1031.77475875785 1025.33604205933 1037.06017173921 1068.35658821946 1106.1834110838 1113.86209464662 1109.15307992135 1107.5138096235 1109.51596579138 1119.13668992721 1142.8581673 1176.30976619702 1217.95793002522 1293.64941986248 1383.88333772397 1401.09102152977 1383.71386660771 1366.11727768843 1351.22157564475 1346.9827832518 1357.34343867888 1373.46161507917 1375.67147924679 1365.29058164562 1344.79216654884 1317.17818488719 1297.75273173059
722.263258547984 737.93855023753 730.31588851644 689.218786264021 632.641375029363 681.668583741062 735.8598258681 790.551101169558 808.018823658403 799.172167414609 813.990247999325 839.017233776419 849.379363427666 840.17342589195 831.813289664627 842.258151629976 856.394081198396 870.669759069248 896.264439834009 944.56009808317 1000.32719648498 1034.06761560889 1056.3813400291 1073.65434777125 1090.2047529431 1104.98592728253 1110.01111018624 1096.03562980386 1067.56198287572 1043.45994368116 1032.39282719456 1036.28239317784 1052.61550319492 1078.92471592429 1092.5595534486 1097.42997034023 1101.60739688314 1108.48052461421 1124.26344367133 1153.2535184012 1173.65283395724 1185.61892461264 1248.23937726283 1322.60023526227 1358.22177182036 1361.38944315908 1359.33497973117 1348.65628199771 1334.14841429178 1330.78252012257 1335.63479410221 1330.30923130592 1319.40641933039 1292.19878895671 1253.62391570749 1212.59170839102
