catData/variables/futureClimate2070/rcp85/HadGEM2_ES_2070_rcp85/bio10.asc
NCOLS 409 
NROWS 350 
XLLCORNER 60.897278365 
YLLCORNER 5.843756025 
CELLSIZE 0.0892857 
NODATA_value -9999 
[rows 130 to 155 of 350, columns 232 to 289 of 409]
37.1122855504273 37.0195822937774 36.816179354 36.71963939 36.6665887723914 36.6249108894039 36.61963939 36.61963939 36.6010630687899 36.51963939 36.51963939 36.5067691738242 36.43927878 36.4333277977665 36.41963939 36.41963939 36.41963939 36.41963939 36.4066743567431 36.3412095454616 36.31963939 36.31963939 36.2436288460756 36.21963939 36.210766892 36.11963939 36.096481212 36.01963939 35.944751674 35.81963939 35.767909852 35.660767012 35.553624172 35.446481332 35.339338492 35.232195652 35.1436290389411 35.037549362 34.9321489793504 34.8557729024449 34.83927878 34.8636286700356 34.9269930881691 34.93927878 34.93927878 34.9277166512168 34.9326043289878 34.93927878 34.8747486813972 34.85891817 34.8403419901935 34.837549602 34.73927878 34.723263922 34.6347307493748 34.5709399956598 34.4515645189654 34.3588628052392
37.1725840907251 37.082195052 36.9371766463998 36.8377969957629 36.82678223 36.753623692 36.72678223 36.72678223 36.632195172 36.62678223 36.62678223 36.6224929010642 36.6 36.5778140946104 36.52678223 36.5148408537149 36.5 36.5 36.4516649537971 36.42678223 36.42678223 36.42678223 36.42678223 36.32678223 36.317909732 36.22678223 36.203624052 36.1186669416669 36.0451688843408 35.9416231479922 35.875052692 35.767909852 35.6784473595197 35.580406402 35.473263562 35.366120722 35.35356446 35.251835042 35.15356446 35.137549362 35.05356446 35.05356446 35.0809798421069 35.12678223 35.12678223 35.0836773634051 35.119579438 35.1339711649203 35.1482885369171 35.1301451412456 35.0575282225917 35.051835282 34.95356446 34.937549602 34.8242046140589 34.7348973897784 34.716121082 34.5970370585469
37.2 37.1705390533475 37.082195052 36.9950248702875 36.9454542682425 36.860766532 36.83392507 36.83392507 36.7714267376375 36.7672632708926 36.73392507 36.7233427880474 36.6599936304826 36.63392507 36.63392507 36.6044642819273 36.5503007766027 36.53392507 36.53392507 36.53392507 36.53392507 36.5042596392527 36.5 36.4333382823127 36.3941375031572 36.33392507 36.3186233200972 36.237549122 36.1551472849628 36.089338372 35.982195532 35.8950251874472 35.8454544310828 35.760767012 35.6808663078571 35.580406402 35.5357615772029 35.466120722 35.36785014 35.351835042 35.26785014 35.26785014 35.26785014 35.26785014 35.26785014 35.26785014 35.3114694905031 35.285586092967 35.3209087435631 35.2761468399069 35.26785014 35.2655343371531 35.1248955550492 34.9998358466393 34.7997717845137 34.7696432429076 34.896481692 34.7598785396668
37.2667582129701 37.24106791 37.189337892 37.1168900576621 37.033984302 36.926841462 36.9329780976458 36.9051563972515 36.8611550721489 36.8586230579075 36.8374240619436 36.8 36.7863522602616 36.74106791 36.7256904015331 36.7 36.6695145606722 36.64106791 36.6139567411225 36.6300445839802 36.64106791 36.553623932 36.54106791 36.539338252 36.44106791 36.434490745404 36.4 36.3821429768013 36.303624052 36.2147920370066 36.130406282 36.0579581647881 35.975052692 35.8979543374172 35.8491579194802 35.7895354876225 35.687549242 35.680406402 35.5784921690696 35.5316298780331 35.48213582 35.48213582 35.466758508659 35.44106791 35.44106791 35.44106791 35.44106791 35.44106791 35.4740457119569 35.4462246029405 35.44106791 35.3512129104112 34.8859085759999 34.6010809377605 34.5886198228636 34.8356911616233 35.003624532 34.896481692
37.410766412 37.34821075 37.296480732 37.189337892 37.082195052 36.9397819321411 36.9028735848117 36.816134282 36.7545925720647 36.7518511543999 36.7507726255353 36.7190209605413 36.7776703059881 36.7035785 36.7202906434296 36.7267150527882 36.7 36.7 36.633984542 36.673158298 36.7 36.6547134196236 36.6026097356411 36.5991042230942 36.54821075 36.532195412 36.44821075 36.44821075 36.4288188567707 36.3749259184939 36.296481212 36.2177211869766 36.130406282 36.0611514515528 36.0066235171825 35.9542642180821 35.8992250706531 35.846481332 35.7436158741237 35.6964215 35.6852568844057 35.64821075 35.610767132 35.54821075 35.54821075 35.54821075 35.54821075 35.5834806827414 35.6380086085233 35.602924418212 35.5508207170527 35.3360446253651 34.6222934624178 34.456902432 34.886302490223 35.1672052667523 35.062556622 34.955413782
37.2896681259958 37.2219544648108 37.3501852361413 37.296480732 37.189337892 37.009036514 36.875052212 36.767909372 36.7029962577216 36.5866053613536 36.43393923 36.4393747938532 36.4600186712506 36.4507120641182 36.4812744060555 36.447971992854 36.3945977607779 36.33529035241 36.3561351898738 36.3707524493482 36.4123280226938 36.5684421931855 36.6517776002893 36.6009574277977 36.65535359 36.639338252 36.55535359 36.55535359 36.55535359 36.510766892 36.4322582083734 36.3781192052586 36.289338372 36.182195532 36.15535359 36.1163131002132 36.0583501134189 36.008977762 35.91070718 35.901842248315 35.832195652 35.7050358847372 35.6140283623667 35.6800337951569 35.6820731564752 35.65535359 35.65535359 35.6880159293713 35.7444492969966 35.75535359 35.660767252 35.5604715125024 35.225084684 35.0448345601452 35.0991894495913 35.2008177695723 35.0418303680597 34.8753801196917
36.5329660414614 36.5505118775123 37.0802268783953 37.304333707511 37.2127453264896 36.9165185005293 36.9329513099632 36.875052212 36.767909372 36.496540204 36.2944548555067 36.221487992 36.1172424345165 36.0613783335049 36.012629654 35.9153830944963 35.9306137664969 35.853638092 35.8207697125055 35.8433057709975 35.7295740400025 35.9077111295001 36.1858191505006 36.4164023170025 36.6430485645018 36.6639666329952 36.4315880364908 36.4011401770221 36.66249643 36.617909732 36.56249643 36.503624052 36.396481212 36.3350595465073 36.2748076654921 36.2078472154914 36.1645266565092 36.160767012 36.06249643 36.046481332 35.939338492 35.8284048095367 35.7780711069743 35.8138494289731 35.780599666514 35.76249643 35.7212394254847 35.6542789754841 35.5170640499339 35.48751785 35.3338184274822 35.6993514965183 35.6392076994809 35.351955426 35.0942122289596 35.0636433565208 34.9158152649572 34.651203068522
36.2757582383605 36.2413004334544 36.4874168409394 36.516222314 36.3879951798274 36.2023243572234 36.5515538543175 36.8688370073622 36.7395432052943 36.496540204 36.2849483520277 36.114345152 36.0001712472387 35.9 35.8511876005053 35.7521261717229 35.73036073 35.7124865734051 35.633984542 35.5712644886568 35.3757391723049 35.2007719463091 35.3341856948572 35.7420522079765 35.6850257594861 35.5711845594137 35.6993771197767 36.475957557049 36.7 36.655413302 36.6 36.541127622 36.4799572979041 36.4186925324626 36.319699102 36.2734514428039 36.26963927 36.2691142060704 36.2330999642963 36.153624172 36.046481332 35.96963927 35.9435638077632 35.8864632258701 35.8336153644967 35.7180037457268 35.4567894356903 35.278645832 35.2345848441456 35.23036073 35.3705342305147 35.63036073 35.6099230845694 35.3296501655945 34.921436910164 34.79108219 34.7195345633076 34.5864632987358
36.478675544 36.3296814458843 36.2602806006762 36.1506759965897 35.9832960561443 35.7938866828784 35.8583014936751 36.6383690859208 36.7025135418387 36.4224145983705 36.3522239585487 36.083984422 35.994623103983 35.953516164751 35.862555902 35.755413062 35.7 35.7 35.633984542 35.414496732311 35.2474904121104 34.9608859559999 34.7273016894309 34.9617220498163 34.9187819275223 34.9833265233201 35.5187779397063 36.6676347340563 36.6712498157622 36.6128657995037 36.5602809692303 36.5547524200712 36.5260942326985 36.3706696414325 36.3662304396667 36.37678211 36.37678211 36.3754542263689 36.291127742 36.183984902 36.076842062 36 35.962556382 35.8657655767733 35.4934566665517 35.1132021137584 35.25465455522 35.1118900531289 34.8568923897748 34.81608945 35.0272230779118 35.4477634793541 35.4918496087599 35.1141724717718 34.7591215248481 34.54643578 34.508992402 34.44643578
36.525111324 36.355412822 36.248269982 36.0423091087198 35.9109259870773 35.9378777233117 36.0191677413358 36.3964293663594 36.527607291133 36.3956445519053 36.1364998178602 36.0672648011435 36.3356998 36.2799682263741 36.0829058114756 35.960682527423 35.8649464693567 35.7345161347798 35.5231776617624 35.1512771409826 34.967924012 34.6858932159999 34.364464696 34.2154285792234 34.4339251850617 35.179820472497 36.3212461983112 36.674569885794 36.6100559311046 36.5625806359968 36.5077595009017 36.4600551503994 36.366134882 36.2472318475974 36.296375948 36.3894621633947 36.3206182617068 36.3157970451918 36.291127742 36.170544239011 36.0123523998875 35.9745700872139 35.8472068943153 35.6501444794167 35.2212183409636 34.8077944996195 35.0068219527211 35.2853775132432 35.094797826 34.8155390640757 34.49680840476 34.8171569515439 35.0597788513409 34.7732996528618 34.3692074154029 34.3321501 34.3575553945296 34.4
36.434043534 36.264345032 36.2043115761592 36.2914524794522 36.5356960616651 36.701700858 36.808843698 36.8519744235539 36.7776493213068 36.4874534758778 36.3055836676365 36.5375438872984 36.4699779305284 36.3669921700028 36.4207766692042 36.63747453 35.827377490052 35.012585062 35.194243036613 35.2827935987609 35.2660307037215 35.3204724190108 35.3893343651357 35.5715700852063 36.4081867289217 36.5681797607132 36.6372296994556 36.487563402 36.3837651260286 36.3634181730052 36.2676053688985 35.8624013677398 35.6054424619999 35.9646636083927 36.2623613611588 36.30781065831 36.3004835382212 36.2984250572475 36.200059952 36.076902014 35.8878427876538 35.6495923976128 35.2217373094086 35.0644203439999 34.7845436574133 34.5626659090023 34.7819243320001 34.9374682498055 34.9962712143842 34.7466017159999 34.2444491703415 34.3393416498103 34.534996564721 34.4285764362612 34.3699785862165 34.3 34.303344521154 34.30893221
36.7071935552457 36.9760446472392 37.0330912934232 36.9877919465184 36.9279731423812 36.8258808758628 36.880301378 36.8141204826036 36.5214132208795 36.398329574 36.1848377245596 36.0261786421038 36.1294871184317 36.3220727638988 36.5973119438255 36.6455784827075 36.6334600279425 36.5703166310355 36.5743057532034 36.504888964637 36.4785275600001 36.3942129746183 36.2909044982906 36.5841742198323 36.6001587618175 36.5703318413071 36.3817955465103 36.2435189013257 36.1414719496762 36.158798313996 35.9501794959999 35.8579198199787 36.0231185564811 36.1689671797122 36.1222203725356 36.1894577859854 36.20178937 36.101849322 36.003419982477 35.9068450594363 35.3403017983903 35.019996676906 34.7329402488674 34.5635625752964 34.4535769249207 34.4025252996243 34.4065143788473 34.3370980960479 34.3910368779999 34.3201633465596 34.2986949822187 34.3000618827848 34.3034199867715 34.3175176629354 34.4223289441986 34.49642126 34.4596478825729 34.354422224409
37.0404815377954 36.9256789631981 36.8187332810054 36.7247650259559 36.6392332237631 36.6799489576157 36.7641602970959 36.5490225658414 36.137712178 35.8962838184296 36.0070385360001 36.2061660271635 36.3165651690399 36.38929306 36.4661858145532 36.5524465403497 36.4944613237074 36.4398756258285 36.3358038942606 36.2960834924641 36.1383431513325 36.187443978 36.1206042127767 36.3156181238337 36.5689790090372 36.2581648323153 35.9850692297764 35.8664546701833 35.8187187351805 35.8304532885042 35.7784009394041 35.8447118883781 36.023142861109 36.0814600706248 35.9136854395158 36.0668452231229 35.7855684756137 35.2662423458738 35.1648353656703 35.0322555529338 34.7466964437903 34.60535347 34.6033489371435 34.6 34.651729298 34.6442795642462 34.5464066760855 34.51606041 34.5117615383642 34.51070694 34.321534264 34.4037168630254 34.309757018356 34.3311723653814 34.517804228 34.5675902524233 34.50535347 34.50535347
36.6720772791079 36.4263454260337 36.3348936476493 36.4759021774754 36.7240259109171 36.7292967915002 36.4414938636457 36.6920023503251 36.3946298939627 35.8497690665832 35.8519081114622 36.032031156 36.2057878954088 36.22499262 36.3232875223116 36.48750369 36.384044134 36.4126058308504 36.3927175728387 36.2460464565824 36.122160492862 36.1655894368656 36.3760008779964 36.4627272134256 36.4694610865644 36.378464307716 36.1334193837132 35.8291662742848 35.5298364565716 35.4168718679967 35.40300520743 35.5700738257037 35.8077805117116 35.691202334 35.4267197034406 35.8341063645438 35.190616224021 34.68750369 34.68750369 34.6694872957071 34.6010592057221 34.6799307316974 34.615709310839 34.5542334360291 34.6396651848778 34.7 34.766014978 34.8091420277265 34.7422302711557 34.72499262 34.5476397460141 34.5002160834433 34.4958609488725 34.3390062116983 34.435654008 34.542796848 34.61249631 34.61249631
36.8128259237063 36.6283387295363 36.642738336 36.7750269002162 36.6679686039999 36.2485750250155 36.199940528 36.2899100668607 36.1868368477988 36.2192682010523 36.187580481675 36.1074424326132 36.3097824024487 36.4785566 36.4638491948553 36.4042523174631 36.2775807213921 36.3650557722421 36.546376308 36.3752536238817 36.1078568021129 36.0076242300107 36.2651844069328 36.2210291178709 36.3142600296181 36.4221115147585 36.1824189326293 36.028616432 35.884029734 35.6785005025002 35.526827062 35.455432530752 35.4133486446283 35.2680515047477 35.1723279085713 35.1263752862571 34.7616730879333 34.54108255 34.542824986057 34.5318367331189 34.3993885929156 34.4078752092425 34.1771878543044 34.1268072226337 34.4271937995719 34.6087738999601 34.707097528 34.8429755152275 34.88036085 34.88036085 34.8043504647993 34.5992457362777 34.6483030430769 34.5329879360302 34.5186097229533 34.610661388 34.6877144111705 34.7087563542324
36.7157169942825 36.5838300293402 36.6843310807433 36.8080831408268 36.6679686039999 36.3465524726626 36.2908527439484 36.2531613965593 36.1079264968297 36.3855356640001 36.6697293814116 36.5724182275016 36.6785760632284 36.8186667101126 36.7150835294181 36.3948702579999 36.159363746029 36.264181256 36.43013173136 36.326901414 35.973519700749 35.9171862656693 36.0581632017238 36.1402345336652 36.1976245030542 36.2507252462216 36.27321801 36.242916992 36.1183867146103 35.982195292 35.8611982523058 35.7137896327774 35.5392137330832 35.328815176889 35.0108091375277 34.7247101976663 34.409112306 34.2187276848883 34.1725861407497 34.2190038000551 34.038500787918 33.7788015646677 33.6916050760568 33.6772317752771 33.8351141997477 34.0968263317761 34.3937236620324 34.692691464 34.816230238391 34.77994377222 34.6972216992464 34.9460961668371 34.9137901599471 34.7568944493362 34.6215057652748 34.6025314209429 34.6709511944968 34.7565272944462
36.587666986 36.2662384659999 36.3060021280036 36.5959987090074 36.3978950040809 36.3129859011759 36.3335752799225 36.1590363939999 35.941393838229 36.6051896940001 36.9058626767172 36.96064191239 36.8932790141256 36.7339994219999 36.577374079183 36.2689286309186 36.0318946312459 36.097772800427 36.2085235583991 36.1088780822274 35.8233972659999 35.6784083866452 35.4735446667465 35.5016706866083 35.8189804858633 36.0372993256191 36.0564443074824 36.0514726762238 36.0872972348281 36.0063625105008 35.8111421061736 35.6183360933861 35.5413020729612 35.2390418004233 34.783704804865 34.4077808369242 34.082315436 34.065564228233 33.9236597262253 33.767969804 33.568985770902 33.496375948 33.5787778537523 33.644586458 33.7009179312201 33.8594633114678 34.276132141756 34.6037609532236 34.826676486 34.8395134642128 34.0706164904541 34.6671724153031 34.83037585 34.8412418767025 34.891191162392 34.8781290660056 34.864331112 34.8455695300203
36.618422020327 36.3117519757532 36.1184827836673 36.170424466957 35.6936471750025 35.7845470271121 36.2380185906125 36.2147988297646 35.632477652 36.2412640944159 36.8480008497145 36.7394454161649 36.6989676986814 36.4323666800761 36.2239754733989 36.0019685059999 35.8569735345208 35.9114919955194 35.7765873935595 35.5914589435997 35.4775795978004 35.546376308 35.1856344333987 35.1475849692814 35.5335509694019 35.6852234381592 35.6506132384762 35.8087601499212 36.0061111519613 35.865312699997 35.6448113859999 35.264510488 35.0575715704879 34.9194575138378 34.574225623393 34.2892014182424 34.0528616034347 34.2835558033543 34.3469997961849 34.1573099167905 33.9989440362167 33.6804429974506 33.7170915194763 33.7583717108193 33.7397265438121 33.9881081266443 34.5117565958407 34.778496168 34.7350964013531 35.0520171683903 34.1743340190985 34.6474250648853 34.7016948189254 34.6897234669656 34.8736554500116 35.0589244830459 35.0933108678278 35.037549122
36.6445035556841 36.3718450118167 36.044750474 35.8346788896265 35.3569115933715 35.4418053125568 35.9167516366459 36.0493152634633 35.487846122 35.5627214509242 36.0051342228893 36.3064209896665 36.5313812168514 36.3598012400363 36.073322314 35.8574408764063 35.7464829284087 35.7198277206118 35.5337800149805 35.301893914 35.3313856096688 35.4813906557581 35.4510139693506 35.2973787051708 35.35178949 35.3903948706401 35.639987222559 35.8142826974351 35.8165845038109 35.75178949 35.6714180982713 35.4176968553658 35.1266226592753 34.9326246191321 34.6160998266188 34.2858792959999 34.3360266185814 34.451669346 34.6356959638484 34.523173058 34.5455334341375 34.2804509939999 34.2339915452002 34.3613847395491 34.3248852487704 34.1875659262452 34.8190067980003 35.265999858 35.0074788202654 35.1639062782619 35.3399931400599 35.19284204 35.1796927768749 35.0452046985649 35.071368208 35.1628185539026 35.233864398 35.251834802
36.5558580149366 36.3909189626934 36.151893314 35.8850381162875 35.6186910618444 35.5846538772478 35.5383552419041 35.7074840760887 35.3234889178084 35.2316229254837 35.1552978534017 35.8138910388345 36.30211226017 36.2672713726048 36.0351316666203 35.8506989843091 35.7681126672117 35.7085394157043 35.5126157339999 35.298330054 35.0223998001443 35.3363805407852 35.4940072448428 35.3963554947069 35.1991157497434 35.38007669 35.7847016960341 35.6565652854528 35.4371337404555 35.3678799 35.1674416744422 35.2537156953719 35.3491578486728 35.113188448102 34.5542436857538 34.4136239277411 34.6421095944267 34.6685615952015 34.7948620360945 34.648135198 34.7399798925783 34.7725484767963 34.796172819379 34.870425779552 34.996375948 34.9321342525959 35.2508247415773 35.4475205619002 35.3729435425501 35.4037562555002 35.5576497447253 35.5651028920495 35.5027845823512 35.3965337815993 35.289217748 35.379588225149 35.4274239139239 35.4354470973013
36.3048037661378 36.1262099814785 35.9788844943363 35.6843858344176 35.4425082678961 35.1348335670902 34.99737136307 35.1952023993748 35.0594883009662 34.7271851006818 34.8855061920002 35.3120786557176 35.7330583525715 35.9591114659999 35.6189666034805 35.433460490926 35.578467176 35.5940555272033 35.3642157479389 35.1744121729188 34.7861832717766 35.0060672494624 35.239188876 35.2105653670501 35.0789301835451 34.9025674557375 35.1241174696937 35.1663085249061 34.9597139961659 34.6557604549936 34.5245610457729 34.374332691814 34.4578167302106 34.359517353856 34.0515456347147 34.3810025445745 34.5084509509972 34.4881676476408 34.502843567132 34.3010620240748 34.5735774702583 35.0287834406289 35.0562199125926 35.115353407506 35.1693852176363 35.2905192975569 35.3294987616826 35.1936327630628 35.2503849435899 35.4717488273055 35.6300598184895 35.6993514923683 35.6680408632261 35.7129800161678 35.6441971001166 35.6060556982005 35.56249619 35.4789021274546
36.0830533910925 35.9319016172092 35.6009190737379 35.2394375344889 34.821133438795 34.4914254604507 34.4458241572842 34.6266932860001 34.8206958307869 34.2897239692512 34.2665544080332 34.8980874086723 35.4712051033173 35.9272727838509 35.5345699532789 35.3184782594804 35.2536999478982 35.0822948818892 34.8604529406012 34.6580607929083 34.4031641051643 34.3440073917821 34.3344533683108 34.7578274352676 35.0432800669118 34.2313729052428 33.1394881580996 33.7999361211689 34.0693957079767 33.7012142139738 34.2668983318935 33.9809235580914 33.5169182311944 33.1659434541678 33.5991591729334 33.8896535723664 33.8466576145706 33.7440921099198 33.8017519756411 33.6896548292977 33.8169834196529 34.234030862 34.0827666417673 34.1773813791754 34.8245694535302 35.219594078 35.082719793666 34.6919280895268 34.9105289339445 35.3752030116107 35.5908163162957 35.7012041827862 35.778511048 35.8584864382329 35.7607155057424 35.621161432748 35.5739247947616 35.4587011354577
36.2583204292235 35.9984331579999 35.6890196235152 35.4757125872949 35.2058951222538 34.911765390459 34.4675316920149 34.2831050828508 34.4807898520896 34.5049959320335 34.4323932076871 35.0510331985594 35.7802693619861 35.9787949679999 35.5014168700529 35.2962408758608 35.3778125877905 35.189382244 34.975096564 34.5361216469417 34.4243678701631 34.1414782674675 32.7707792122235 33.842157653757 34.2991683948386 32.9704336180354 32.2506338213899 33.6382760127531 33.8562056683724 33.3152025185305 33.7470300647625 33.5230821334837 33.0027174968648 33.2011477298571 33.7473247533329 33.7864228027657 33.6095699486426 33.575855529039 33.5164058443963 33.430421162 33.4035058163003 33.6091027499459 33.6404113384803 33.7370449186851 34.228072480631 34.9378209472577 35.2553927389425 35.198979963558 35.0144148684877 35.2797178540845 35.5850159650809 35.701729178 35.8020599166729 35.807203272 35.6946836475733 35.6 35.5913063478196 35.532195652
36.2201120081558 35.9842316281662 35.664345272 35.5971473246904 35.6181037633029 35.4776213168567 35.20738607645 35.0538212603682 34.9108935595039 34.7646677101202 34.613395560729 34.9904358044347 35.4887229742943 35.8287418096114 35.6849595246345 35.5108740099281 35.4916842881701 35.4155881479259 35.2912217856816 35.0584158997497 34.7982041192272 34.4753853229488 33.0506629668188 33.341184492474 32.8541454690809 31.9081261277762 31.9286624373614 33.2057952569674 33.4056447135212 32.6268619120099 33.3291482742595 33.0122495764273 32.8114689191487 33.7480736000545 33.9877903731305 33.7497071649406 33.6062836452854 33.5157972810412 33.491127742 33.3705442774473 33.2818263983085 33.5557306180643 33.75279277582 34.0246930447274 34.2695173580108 34.5400110385636 35.2163018479017 35.6681171697965 35.5492803967092 35.4723319455586 35.5928458142678 35.701729178 35.8 35.783985142 35.676842302 35.625429638645 35.68392471 35.639338492
36.3139358175394 36.0988774618561 35.921472632 35.8195885806044 35.848150798 35.8024417121724 35.7588568891217 35.7475268389493 35.4710930676624 35.4403145569045 35.5879603384274 35.4812976229941 35.6957030744346 35.8 35.7592112266682 35.6058763799433 35.5 35.441127382 35.333984542 35.0204364647794 34.7500897649987 34.5262336043871 34.0371635257556 33.3869902306559 33.1401250004191 32.9518474740001 32.8087012620492 33.0561057564119 33.0512572583181 32.40893245 33.0906578742345 33.5785262946128 33.8286088953612 34.1426468205664 34.0376385915634 33.8173016558249 33.6103432927866 33.5 33.4830479940097 33.3206559261361 33.4305195472329 33.5964807536889 33.649720700456 34.0992297066621 34.9500714845666 35.5319728777093 35.805999617219 35.8838745565418 35.584210550251 34.9436930444223 35.215525869954 35.7033038980398 35.89106755 35.8896370308166 35.858977402 35.7296537652197 35.60893245 35.6049498083703
36.3618855543827 36.2090360339999 36.0972846244249 36.037547922 35.997602203533 35.8532025665119 36.194321482546 36.0334140274091 35.3410823317947 35.9911138668553 35.9768856939999 35.7952044027709 35.7986248353644 35.7702410163433 35.7011195066778 35.6108261239999 35.44919598328 35.400736019741 35.1394824257136 34.9282827873495 34.6605336631957 33.6539900075716 32.8608665794606 32.9105848456024 32.9947067219999 32.9344634476384 33.0509333061386 33.1407813338556 33.7247039387014 33.3370577600606 33.1605028679102 33.7338008021804 34.159873456943 34.2977300239218 34.3742000692979 34.1320752478795 33.9983518611415 33.7997265744877 34.0540908656327 33.6931281677954 33.7409470460001 33.9243896822469 34.067058701268 34.5923300720003 35.40327924338 35.7566640530066 35.9956821127045 36.1682693583733 36.0311557167888 35.3789474639998 34.2759931304521 35.1209889458305 35.7122924634787 35.80178961 35.8013751775208 35.7691572005419 35.661437102437 35.6
