catData/variables/futureClimate2070/rcp85/HadGEM2_ES_2070_rcp85/bio10.asc
NCOLS 409 
NROWS 350 
XLLCORNER 60.897278365 
YLLCORNER 5.843756025 
CELLSIZE 0.0892857 
NODATA_value -9999 
[rows 104 to 129 of 350, columns 58 to 115 of 409]
33.2928297696026 32.9076637462238 32.8823583966316 32.2968003690099 32.2665900614648 32.435705384927 32.9393596186592 32.9302122660001 32.9514405740482 32.9687667054645 33.5190910354247 33.7007119659974 34.8928478996028 34.7023155864219 35.5543607839562 37.9865575652646 40.283825686 40.450055992 40.3582168522664 40.3121256074893 40.2533703567551 40.2026864230005 40.114341792 40.007198952 39.9436773657326 39.883808054023 39.785770432 39.678627592 39.571484752 39.564341912 39.457199072 39.36607445 39.36607445 39.36607445 39.36607445 39.36607445 39.36607445 39.36607445 39.36607445 39.36607445 39.36607445 39.36607445 39.36607445 39.264342152 39.157199312 39.050056472 38.942913632 38.835770792 38.728627952 38.621485112 38.56607445 38.5271731056691 38.4563790634247 38.4091053808197 38.4 38.4296666646916 38.4964248555528 38.5
33.6156414932027 33.8172018164539 33.3509473039584 31.9119018727352 31.2498385648026 31.9959897868472 33.0653720466761 33.5338826716827 33.0364258066017 32.6993870452112 32.9739261241711 33.56624323621 33.4233833654482 34.5336461005086 37.0075561123015 39.4938641319195 40.1730377725849 40.3084232848034 40.2452822841917 40.18755457842 40.121484632 40.05893161 40.007198952 39.900056112 39.8200259405213 39.7699538820904 39.678627592 39.571484752 39.464341912 39.457199072 39.350056232 39.25893161 39.25893161 39.2713769330158 39.3 39.2816877782076 39.25893161 39.25893161 39.25893161 39.25893161 39.25893161 39.25893161 39.25893161 39.157199312 39.050056472 38.942913632 38.835770792 38.728627952 38.63686378584 38.555410662 38.5 38.4758209779952 38.4860440813931 38.426839302 38.4 38.487446378 38.5 38.4992886716655
32.9629231851867 33.8847623396484 32.7452931491484 31.871850416 31.1971196705089 31.6199306679096 32.7212930571887 33.081550686322 32.5717899172854 32.0055476190773 32.1576477990354 32.1654250374773 31.3365913950889 34.8522022452635 38.3669648834337 39.5596172664131 40.0167322026079 40.15178877 40.1406224233502 40.0878833996707 40.014341792 39.9302914702874 39.8767858327335 39.792913272 39.7199605172246 39.6656882657963 39.571484752 39.464341912 39.357199072 39.350056232 39.2471923209009 39.1845548401562 39.1147437709428 39.1674827860363 39.20357754 39.1804851460056 39.15178877 39.15178877 39.1836169070684 39.1647282119107 39.15178877 39.15178877 39.15178877 39.050056472 38.942913632 38.835770792 38.7397940672358 38.669696342 38.5819465827223 38.507199432 38.45178877 38.4212981223405 38.4341898366386 38.4138997443824 38.4 38.4452874035758 38.45178877 38.450056712
32.8570500667755 33.7768826179902 32.4345214873495 31.964824553392 31.0477899136607 30.7766315393317 32.032493709825 33.2719397121633 33.0793706834317 32.7494658518723 32.7864022596374 32.550186888 31.1393100339313 35.5620598568013 38.7038862135585 39.4515770420001 39.862397166 40.0357790615458 39.9789512831078 39.94464593 39.907198952 39.800056112 39.74464593 39.685770432 39.578627592 39.54464593 39.464341912 39.357199072 39.3024154796437 39.298267462 39.1852613511473 39.0196348252089 38.9806275762581 39.1 39.1 39.1 39.1 39.067410148474 39.110664028 39.071484992 39.04464593 39.04464593 38.9922868152061 38.942913632 38.835770792 38.7374945547547 38.6871795445917 38.614342272 38.507199432 38.4247386053691 38.3713641339774 38.34464593 38.34464593 38.34464593 38.389097206637 38.4 38.3476410180558 38.287559802
33.6225424144894 33.4053054066995 32.2963891138879 32.2973820889056 31.4659795748302 30.4113893641367 31.6939463713452 33.31250927 33.7586783399586 33.9762493049896 34.0767689552759 33.5872395090646 32.7400893764841 36.6974765129233 39.0137499154743 39.5297590665857 39.8122042490066 39.921484632 39.83750309 39.8185639401479 39.7609624061384 39.692913272 39.6051717772891 39.5529260489971 39.471484752 39.43750309 39.4073866018558 39.312553142 39.2408843615717 39.2346877692854 39.0539268830008 38.8575248725741 38.9798691348534 39.03750309 39.03750309 39.03750309 39.03750309 39.0154230490045 39.0247588267092 38.964342152 38.93750309 38.93750309 38.9020291204357 38.835770792 38.7341746390082 38.679978517411 38.5663201575807 38.507199432 38.400056592 38.3096361315605 38.223274002 38.17500618 38.17500618 38.2207293555844 38.2676193981293 38.27500618 38.2395323004432 38.1368535147294
33.9565002661299 33.2481628131944 32.0658636820001 32.3711487747596 31.6731718604339 30.7446332243132 32.125754545037 33.2159825245803 33.8606727724854 34.5975452870463 35.1738631573456 33.6862021159416 34.3738120688063 37.2616105629819 39.2096714543482 39.533825806 39.7330549098138 39.755857256105 39.73036025 39.700056112 39.63036025 39.585770432 39.478627592 39.43036025 39.364341912 39.33036025 39.2744367326248 39.234171415294 39.201642581213 39.1256886388681 38.8491505350507 38.762396686 38.93036025 38.93036025 38.93036025 38.93036025 38.93036025 38.93036025 38.93036025 38.857199312 38.83036025 38.83036025 38.83036025 38.7970613340035 38.6241796260846 38.5398394238342 38.43036025 38.3789532003279 38.223274002 38.116131162 38.008988322 37.9607205 38.0066951712665 38.0525720208145 38.1166436831044 38.13036025 38.13036025 38.1
33.470829472892 32.5256127392667 32.1686232710287 32.2468430467913 31.6644455180817 31.1754306182586 31.7362120825466 32.2839373829255 32.7381022559328 34.2645964032523 35.1687494135826 32.7743407246518 33.8862153700003 37.5984868150368 39.1603242560693 39.5021350841727 39.62321741 39.62321741 39.605433565518 39.5393989840336 39.4944646504149 39.4360822191367 39.4112064266882 39.3547938677602 39.257199072 39.22321741 39.2045728968945 39.132856037554 39.12321741 38.9425674935491 38.7211567771007 38.732036436 38.9 38.9 38.9 38.8657629671415 38.82321741 38.82321741 38.82321741 38.750056472 38.72321741 38.72321741 38.72321741 38.7210829172709 38.591124862 38.471683003626 38.3054339340744 38.2090954374771 38.0570185209713 37.8676086334197 37.7576413581318 37.7012290563166 37.7863603092349 37.84643482 37.9883974943381 38.0903610038896 38.1 38.0986700810073
32.6348759876243 31.797623287617 31.9253178519489 32.5254578447076 32.267947202361 31.7999754998187 32.0235432009182 32.6339810420862 32.5237535659224 33.3737348074606 34.8954714174624 33.7735432144093 33.1803188049557 37.642835524229 39.1504397977967 39.417807348 39.51607457 39.51607457 39.492913272 39.41607457 39.378627592 39.31607457 39.2726577143231 39.2226851568611 39.2054624060454 39.2 39.1326045075862 39.028627712 39.0954593807822 38.896534924 38.7 38.7185930776652 38.81607457 38.81607457 38.81607457 38.771484992 38.71607457 38.71607457 38.6606685973757 38.6203888338085 38.61607457 38.61607457 38.61607457 38.614342272 38.507199432 38.384038614 38.192913752 38.0603384367178 37.857256144 37.7178140513013 37.6565835471651 37.6066106640191 37.732035716 37.8 37.960607076 37.9406668804882 37.93214914 37.9318707191244
33.2609780450287 33.051974772886 32.3344313043284 33.1158029708549 33.029368967658 33.2116403187789 33.1710206456385 33.3424269564126 33.6062894930652 34.0379472594441 35.2806923048635 34.2653938949596 33.8656688379755 37.5897401822349 39.0553143221306 39.3090864970524 39.31786346 39.31786346 39.3157947553981 39.281334275785 39.2145187970319 39.20893173 39.157199072 39.10893173 39.10893173 39.0423051108838 39.0106909219331 39.00112121275 39.0084484964332 38.8070444463837 38.7 38.7014307039826 38.70893173 38.70893173 38.674829633532 38.6138808392849 38.60893173 38.60893173 38.542913632 38.50893173 38.50893173 38.50893173 38.50893173 38.507199432 38.400056592 38.2914830694536 38.1557470257295 37.9759214310873 37.825107004 37.6593932612789 37.6043111515379 37.6 37.7921570371717 37.89106827 37.7591511747784 37.7189847156222 37.71786346 37.80893173
33.2634362571761 31.2593270109291 32.5960623440256 32.6416245084534 33.123695967629 33.6786461338138 32.6241939944619 33.1610724672917 33.805204701278 33.3660587704635 34.3697592873004 35.3010759417385 35.6893693471592 37.4637101546113 39.0246462522323 39.20178889 39.20178889 39.20178889 39.20178889 39.171484752 39.10178889 39.0579967347952 39.0026523396543 39.00178889 39.00178889 39.0004801170029 38.9211325325476 38.90178889 38.90178889 38.798267462 38.7 38.7 38.6772532678504 38.60178889 38.6011190090486 38.5562080805019 38.50178889 38.50178889 38.5006078988467 38.5 38.4211327682542 38.40178889 38.40178889 38.400056592 38.292913752 38.185770912 38.0782137504429 37.969696342 37.825107004 37.655410662 37.549193253759 37.617432507381 37.6369171994399 37.4616628028209 37.4060713660781 37.40536667 37.4982637909381 37.6052788533877
33.4990193385051 30.5765947846628 32.8553514290019 33.3507109465499 32.7187924349062 32.7046734974755 32.4240510393125 32.6926842084618 33.3072103351054 33.5498890926423 34.117468071716 33.8080558456538 35.9694596405369 37.9110117351306 38.8519448580288 38.9962860559323 39.0897672961499 39.0794852122321 38.9987599556857 38.99464605 38.957199072 38.89464605 38.89464605 38.89464605 38.960664388 38.921484872 38.89464605 38.89464605 38.800056352 38.69464605 38.685770672 38.610664268 38.671484992 38.564342152 38.49464605 38.4524437757113 38.3972302722065 38.39464605 38.39464605 38.39464605 38.3186416961222 38.2953181517956 38.29464605 38.19464605 38.185770912 38.078628072 37.971485232 37.8627199493025 37.7164039707797 37.550056712 37.491876335056 37.4892921 37.4197396788916 37.2415337411906 37.1892921 37.3595030206451 37.38393815 37.3840308835193
33.6945641995264 31.2766321448607 32.8307453433448 33.4191274556016 33.6683213527642 32.0064206845616 32.2091450488342 32.9710579331824 33.2382904322562 34.0237782346613 35.1630937022147 33.7404359639998 35.3182021260004 37.8940771110096 38.7550428379999 38.88750321 38.8952696606573 38.97500642 38.9547395407723 38.88750321 38.854735902202 38.7944277040832 38.78750321 38.7948607573465 38.8577681649387 38.8234848307762 38.789964575509 38.78750321 38.692913512 38.58750321 38.578627832 38.503521428 38.564342152 38.457199312 38.38750321 38.38750321 38.335770792 38.28750321 38.28750321 38.28750321 38.28750321 38.200056592 38.18750321 38.08750321 38.078628072 37.9734869650729 37.876839182 37.739392684 37.562553502 37.455410662 37.3418029603529 37.2801457226381 37.142970704 37.001845722 36.9850417845064 37.0640215977787 37.0868270359361 37.1015156063491
33.9472873370733 32.1532957342475 33.5722419990349 34.7740049820361 34.5158555641927 32.848860496018 32.4068456113951 33.1036818716323 33.7417676200877 33.9808561424991 35.287004146559 34.2681433837773 35.7304044754004 37.8296116325214 38.6468374818404 38.7610610511879 38.78036037 38.78036037 38.7758115767696 38.76072074 38.76072074 38.7248881972729 38.68036037 38.739235868 38.78036037 38.7659917853372 38.6961881340103 38.6631861306422 38.5847081087053 38.48036037 38.4732280834003 38.4097263805044 38.4421084280953 38.350056472 38.28036037 38.28036037 38.228627952 38.18036037 38.18036037 38.18036037 38.1645890051248 38.0904483142227 38.08036037 37.98036037 37.9732282762652 37.8968541283873 37.857199552 37.719753054 37.542913872 37.435771032 37.2870560223501 37.141124982 36.967964284 36.826839302 36.880303538 36.9171741450876 36.9956518755649 37.08036037
34.2752857413588 34.6396305821037 34.3114245839454 35.9525933340825 35.7627192462349 34.029915167679 32.6349216518533 32.9103801927457 34.4531387645307 33.9353214594684 34.7809188953603 35.0409106592387 35.6939062080411 37.4379394747266 38.498421988375 38.574486227252 38.64643506 38.64643506 38.6294769296884 38.57321753 38.57321753 38.57321753 38.57321753 38.6163247154108 38.64643506 38.5928682525495 38.57321753 38.485770672 38.47321753 38.37321753 38.37321753 38.3614893864304 38.2937968965895 38.242913632 38.17321753 38.17321753 38.121485112 38.07321753 38.07321753 38.0536232237284 38.0091459525034 37.9765796357681 37.97321753 37.87321753 37.87321753 37.857199552 37.750056712 37.6207262821127 37.462553502 37.355410662 37.248267822 37.141124982 36.9856454970135 36.8732160139936 36.9123612070262 36.9908085480461 37 37
34.1570523040445 35.7679243091865 35.7509699439502 36.5032068662732 35.7333211596723 33.7640484338581 32.3641019551003 32.7065656783775 34.3770831880369 34.943313903257 34.6237852613859 35.2509930121397 34.7478654798938 36.4863589860003 38.1509618213905 38.4327372303081 38.46607469 38.46607469 38.46607469 38.46607469 38.46607469 38.46607469 38.46607469 38.46607469 38.46607469 38.46607469 38.46607469 38.4082944496618 38.3679101517254 38.2994122311126 38.2690856895002 38.289131539774 38.2168457827258 38.135770792 38.06607469 38.06607469 38.014342272 37.96607469 37.9436778455974 37.8838085170154 37.9191351623718 37.874369298241 37.86607469 37.7994123125334 37.76607469 37.750056712 37.642913872 37.5460516419178 37.462553502 37.355410662 37.248267822 37.161098514369 37.067907452 37.03392531 37.03392531 37.03392531 37.03392531 37
34.5678605402356 36.3913452232953 36.6331898859367 36.716387267232 35.7011777546724 34.0297507501357 32.0494695434093 32.4676452046685 33.70957706465 35.1715654031637 35.1238445054589 35.5251653653864 34.7930315298454 35.8650664145863 37.4116447575089 37.5321122260233 38.2430175042274 38.3244421843591 38.35893185 38.34648650115 38.3332424810955 38.35893185 38.35893185 38.35893185 38.35893185 38.35893185 38.35893185 38.35893185 38.3031883910592 38.298267462 38.2052304244499 38.2334737997956 38.090488181959 38.0410732022865 37.9846213174681 37.95893185 37.907199432 37.85893185 37.8200261635138 37.7699541562408 37.75893185 37.75893185 37.75893185 37.7168428247411 37.65893185 37.642913872 37.535771032 37.45893185 37.4368639359684 37.355410662 37.2695132704593 37.2168892692952 37.1610944549502 37.14106815 37.1080889725588 37.1 37.0611539580679 37.0007113241775
34.8855141257171 37.093691496596 37.335757112 37.0607045191091 35.955795303076 34.7922652459997 32.7492784066464 32.4291427044373 33.362198180874 34.4120616420848 35.5829263825283 35.8345422677475 35.5877733613818 35.4688030799351 36.5940243059999 35.6638671128551 37.680274306 37.9094321567381 38.15536703 38.0666231922369 37.9902378420944 38.225075212697 38.25178901 38.25178901 38.25178901 38.25178901 38.25178901 38.25178901 38.25178901 38.2026807557219 38.15178901 38.135770792 38.0397941273563 37.9853901907656 37.914342272 37.85178901 37.800056592 37.75178901 37.75178901 37.7138996845031 37.6612847536188 37.65178901 37.65178901 37.55178901 37.55178901 37.535771032 37.4397942516499 37.385390306472 37.35178901 37.307199672 37.2767296051624 37.241124982 37.2 37.1647285032033 37.1102006026748 37.1 37.005410782 37.0025671003092
35.0889701550586 37.1841548653504 37.4960372693484 37.2985973054366 36.37130219963 35.4753863309259 33.3630033622598 32.5022446303913 33.6070134692389 33.9778380566861 34.5091304781785 35.7136616197422 35.9305980895439 35.2878703139999 35.7591285677461 35.4368650361859 36.9181572235206 36.1322813102385 37.66787702 37.4995818289685 37.4615750772535 38.064553815947 38.08929234 38.1218821830746 38.14464617 38.14464617 38.14464617 38.14464617 38.0922871493716 38.04464617 38.04464617 38.0374946491607 37.9871794673285 37.914342272 37.8279276356931 37.7753179607962 37.692913752 37.64464617 37.64464617 37.6041487887531 37.5534397787577 37.54464617 37.54464617 37.44464617 37.44464617 37.428628192 37.34464617 37.314342512 37.24464617 37.2247387383546 37.2230964361346 37.185771152 37.14464617 37.071485472 37.0001950860915 36.98929234 36.9994206318601 37.1132130155592
35.1442652472059 36.2706189139458 37.43750333 37.3694206629641 36.8822004700291 36.0825430693425 34.3808653432881 33.1617776639894 33.7935954063665 34.380340261943 34.54996004 34.998139504681 35.4536288180639 35.514057060878 35.1932643581646 35.0558026216792 36.5403911290804 34.3295575791645 36.7849118298939 36.8242560748777 36.8820963887969 37.8336147742272 37.93750333 37.996378828 38.03750333 37.9917800300172 37.97500666 38.0296580342696 38.0020290434131 37.93750333 37.93750333 37.9274924771567 37.8663204919868 37.807199432 37.73750333 37.692913752 37.585770912 37.53750333 37.53750333 37.464342392 37.43750333 37.43750333 37.43750333 37.33750333 37.33750333 37.3314960548513 37.2855252600052 37.2261384491382 37.1765971857184 37.13750333 37.13750333 37.1154232377119 37.0587410371447 36.964342632 36.9073868291422 36.8453489257144 36.932092548 37.264228728
34.3598545281307 35.6188097580003 37.203443678039 37.3206337795912 37.1629294451432 36.5599856533909 35.4357875241145 34.155142345301 33.623024014564 34.5237740919731 35.3468435726845 34.4628510989446 33.8358008592949 35.2138783220158 35.0515182399975 34.3860944966972 35.6743130143472 34.3856344277671 35.9232080677475 36.3304166472128 36.45278614 37.524850924 37.7271078395412 37.819596478 37.9066958270933 37.9081483978694 37.9 37.8656517311568 37.9265927821977 37.83036049 37.83036049 37.814342272 37.73036049 37.700056592 37.63036049 37.6168228756303 37.548267582 37.4589995588176 37.3843858100415 37.3385089607346 37.33036049 37.33036049 37.33036049 37.23036049 37.23036049 37.23036049 37.2233287521672 37.2 37.162553502 37.1 37.1 37.0589997259524 36.964342632 36.9590972951996 36.9137165196241 36.8734508511519 36.964228728 37.301732058
33.7087143781503 35.979107824376 37.0341542736449 37.1587348327638 37.2017073906902 36.9880216447438 36.3550917539501 35.2068132708035 33.7980986967326 34.0842891834864 35.441393705875 35.4292287845059 34.762967228885 35.5523241032321 34.6738581634006 35.1370570546263 34.7224262911613 34.9385023501107 35.4481842486306 35.7900622064291 36.2179413214381 37.1525690343634 37.5378895085299 37.682093148 37.7385455566527 37.7464353 37.8080946121648 37.735770792 37.817807348 37.7986697166089 37.7164029262002 37.6427162462085 37.62321765 37.616181797026 37.5712475145652 37.52321765 37.471485232 37.409548198661 37.333981902 37.2438253125215 37.22321765 37.1560740817041 37.2190633087047 37.12321765 37.12321765 37.12321765 37.12321765 37.12321765 37.1145234531571 37.1 37.1 37.041124982 36.9846722047921 36.9937685447992 36.9813554056095 36.97678235 36.998743743573 37.2276095376716
34.7358300666862 35.9477467820002 36.841025478 36.961612040732 37.11607481 37.0711563184444 36.7685751517124 35.9539613444879 34.6744830709391 33.8164049943919 34.9174454941311 35.417976404 35.3542421997321 35.5969545402701 35.1963282778739 35.2325512275166 35.1879716109473 34.6923829684272 35.6530427005292 35.5690563121831 36.1641126276927 36.8622664385229 37.2082730144815 37.4714088586799 37.61607481 37.6774754676427 37.7129087183159 37.628627952 37.6312799242331 37.6318711178083 37.6146481098497 37.5865566801089 37.51607481 37.51607481 37.478628072 37.3786529219433 37.3238337320981 37.2666636378605 37.2215373361809 37.142913872 37.11607481 37.028628192 37.0312798856535 37.01607481 37.0235232864293 37.0865568815293 37.01607481 37.01607481 37.01607481 37.01607481 37.01607481 37.006610762719 36.9445943872396 36.9774750648018 37 37.0733895388846 37.004541009074 37.0387994269675
35.4165049886438 35.3755018834088 36.6348228670262 36.8263814532997 36.9389566963743 36.978627592 36.7899007674448 36.1857747373963 35.1038326481411 34.152141954 34.1625727668836 34.1697927739999 35.1471294429675 35.1767124487961 35.2915960015741 35.021329496 35.1291077599999 34.4421223519999 35.567403823622 35.4687285455448 35.9230269811591 36.6002059611669 36.8314166554928 37.071229872 37.3559710797107 37.5576515615294 37.60893197 37.6011212428775 37.6 37.50893197 37.50893197 37.492913752 37.40893197 37.3813348070782 37.3145192085959 37.264342392 37.20893197 37.150056712 37.10893197 37.035771032 37.00893197 36.921485352 36.90893197 36.90893197 36.9097246946636 36.9164332190104 36.9300240706845 36.9724030556415 36.9430337580326 37 36.9528885246193 36.9625482890548 36.9941033047288 36.9309767151943 36.9820628200769 37.007810684249 37.08662382685 37.0932642087029
34.8065333555098 36.0911960734496 36.4126129186382 36.521386088 36.6512760759752 36.773273882 36.591236606 36.1336445896858 35.3815709796061 34.6963580630174 33.6499222369529 34.2212079059543 35.0037172381405 34.7571435402644 34.5247459918309 34.319393018698 34.7683754381465 35.4297383154138 35.7428759230764 35.7730908805452 35.801364954 36.480148402 36.7525962234959 36.7463912979868 37.1003310624374 37.448111486 37.50178913 37.50178913 37.50178913 37.40178913 37.40178913 37.385770912 37.30178913 37.271485232 37.20178913 37.157199552 37.10178913 37.042913872 37.00178913 36.928628192 36.8229220909833 36.8020137263234 36.80178913 36.8982986950632 36.8105054802435 36.8842686044498 36.8022035071431 36.8327975743272 36.9006699665297 36.90178913 36.9008635740837 36.9010533506095 36.90178913 36.9004801900039 36.9014367346894 36.90178913 36.996378348 36.9121145949229
34.9458573143675 35.9925730544841 36.187461018 36.2963190472734 36.3880525784239 36.38393887 36.309044434 35.9633758023941 35.3844344506671 35.0936959274542 34.1791702608487 34.0909231757259 34.2360826538194 35.3181082756361 34.8364222388486 33.9203921045458 34.8180847148485 35.2811579053634 35.2921663125457 35.4100226089996 35.9601240433941 36.483825926 36.6380700985462 36.6911932536959 37.0300916900001 37.3424055186973 37.39464629 37.39464629 37.39464629 37.392913752 37.29464629 37.2937887210611 37.2673714978782 37.164342392 37.09464629 37.050056712 36.99464629 36.935771032 36.89464629 36.821485352 36.7186417433931 36.6953183616675 36.6051208772719 36.7877457664225 36.7083999888494 36.79464629 36.79464629 36.7962686599687 36.8 36.8422021541526 36.8456837027868 36.8 36.8624834533345 36.8985631016049 36.9 36.9046816254836 36.825956589269 36.8261752899131
35.2922093442223 35.7627269174609 35.783882758 35.9170576401852 36.1172501051769 36.0500138 35.9797989743209 35.6952945557859 35.280571858 34.9476796658888 34.2310782430451 33.4003262388973 34.5876933257038 34.9359451057241 34.748337374 34.0045487215926 34.3168732040412 34.9250640286132 35.1527583067409 35.2458316442428 35.9262770663537 36.3628343638026 36.3969677289466 36.5406411359547 37.0218416753827 37.260664628 37.2975386817614 37.3 37.2881795510946 37.2734908694774 37.18750345 37.171485232 37.08750345 37.057199552 36.98750345 36.9484860309095 36.8935352325184 36.8359855680536 36.7917500153744 36.7234851051976 36.7 36.612553382 36.6 36.6015158205143 36.68750345 36.6895051446297 36.7 36.7265167462262 36.78750345 36.78750345 36.7939681874899 36.8 36.8 36.8640181347941 36.877468278222 36.95152549765 37.1753295638439 37.1176927240001
