catData/variables/futureClimate2070/rcp85/HadGEM2_ES_2070_rcp85/bio17.asc
NCOLS 409 
NROWS 350 
XLLCORNER 60.897278365 
YLLCORNER 5.843756025 
CELLSIZE 0.0892857 
NODATA_value -9999 
[rows 81 to 107 of 350, columns 122 to 182 of 409]
5 5 5 5 5.24379896575218 5.91257461629319 5.3412801816615 5.29833994038371 5 5 5.23160338000023 5.90800024856511 5.69640230000003 5.69640230000003 5.69640230000003 5.69640230000003 6.55700332120856 7 7 7.87445898000017 6.68256370605409 6.2983406690182 6 6 6.0703135248458 6.51462805719953 7 7.13537001870983 7.6638567633356 8 8.66017138000016 9.73159977999993 10.8030281800001 11.8744565800001 13.2330534843924 14 14.0887417800001 15.1115428817434 15.6260895037887 15.3928046000001 15.1320330121207 13.9400040300751 12.4826878199999 12.5887405800001 13.2004257839394 14.2573063618941 14.9226276203026 15.6089719021969 16.9294526557579 18.0105111474256 18.7307920166657 20.2087943496222 21.605505947577 23.121246994469 25.0525036599999 27.6412418400008 30.8555270400006 34.6585504200008 38.4845224953059 40.5609009332596 41.71381648
5 5 5 5 4.38340662484337 5.10663068000003 5.01256273190025 5 5 5.12298726701589 5.82160189461228 6 6 6 6 6 6.66017378000019 7 6.38340846763707 6.43519182926536 6.02512657821316 6 6 6 6 6.07035411903403 6.2321693 6.2321693 6.35227386391843 6.91639353445355 7.38544082717468 8.75768315119712 9.41860779043091 11.0102297879413 11.4517747536871 13.2454630446849 14.0887417800001 15.1601701799999 16 16 15.62554462 14.4505956949159 13.2505185199999 12.9045181883402 13 13.1698544515965 14.0351950800001 15.7780562451481 16.9458825799999 18 18.0412051194743 18.747488118635 20.4637654800002 21.8382184600006 23.98107526 26.5698134400008 29.7840986400007 33.5871220200008 37.212669040001 38.4020231943902 38.0341899720364
5 5 5 4.38599419863335 4.03166065606509 4.87446138000003 5 5 5 5.16017498 6 6 6 6 6 5.50589008225196 5.26685782755366 5.93548558714482 6.03166104184325 6 6 6 6 6 5.80562676996592 5.16074090000002 5.16074090000002 5.5349549341294 6 6.58874298000008 7 7.84919778707693 8.83468960762156 9.28112187536032 10.9091669540365 12.1780542800002 13.3239600264154 15.1601701799999 16 16 15.62554462 14.9283282399074 14.3219469199999 13.3451532106957 13 13 14.4769724733998 15.8542738319024 17.7397231427963 18 18.0744753321937 18.8907501262164 19.3923370800002 20.7667900600006 22.90964686 25.4983850400008 28.7126702400007 32.5156936200008 35.0331390204387 34.8682249555206 33.83994022
5 4.46383475610109 4.08931249999995 4.02397106594874 4 4.87446138000003 5 5 5.08082040107376 5.92499312790129 6 6 5.65898379482618 5.08931249999995 5.08931249999995 5.03673017824872 5 5.06534121970121 5.82062241132389 6 6 5.98423073560105 5.08931249999995 5.08931249999995 5.0686276374737 5 5 5.03982320945125 5.56042442157383 6.05258210740123 6.69052232362388 7.06534100535121 7.89234068000009 8.88566917669887 9.1689587045524 10.211705458749 12.1859800302263 13.4846601607986 15.3002264318239 16 15.9665564538738 15.9106875 15.39337532 14.32194692 13.9106875 13.9106875 14.7854335199764 15.8744541800004 17.0303617179261 18 18.0079255358763 18.0893125 18.3209086800002 19.6953616600006 22.1792281082236 24.9315855407518 27.6412418400006 31.4442652200007 32.5470681753521 31.5363425199997 29.7336107656259
4.0178841 4.0073548758277 4 4 4 4.87446138000003 5 5 5.08874658000001 6 5.77253863800804 5.0178841 5.01118721669486 5 5 5 5 5.71851813345261 5.99647737919578 5.14117993184405 5.0178841 5.0175744228589 5 5 5 4.70239002773489 4.0178841 4.0178841 4.53519868000012 5.0178841 5.67805548000016 6.0178841 6.82091228000014 7.89234068000015 8.0178841 10.0176230142194 11.1066258800001 12.3382244599999 14.2494826800002 15.0178841 15.0178841 15.0178841 14.5005719199999 14.0073550045932 14 14.7185134192964 15.7851416800001 16.8565700800004 17.9279984799999 17.0348854887027 18 18.1573033234058 19.2137120800002 20.5881650600006 22.7377186145396 24.8917627600005 27.043871179837 29.7946276924855 30.3756016199997 29.3041732199999 28.2183834695697
4 4 4 4 4 4.87446138000003 5 4.96377388000026 5.8624609935035 5 5 5 5 5 5 5 5 5 5 4.95317770603719 4.05121519764099 4 4 4 4 4 4 4.44588618000018 5 5 5.66017138000016 6 6 6.82763441454365 7.94298742913452 8.96469611281294 10.1727319435094 12.1152020801689 13.2191977961531 13.9464557 13.9464557 13.9703302348815 14 13.9684762977623 13.9818039859158 14.7315973800001 15.0859949065441 16.8091749230506 17.8981336387433 17 17.0047514879846 17.3738798600002 19.5167366600004 21.6595934600006 23.42799728 24.9214326536254 26.5450087700535 28.7567116925378 29.9111075425905 27.7372992010872 26.1004349952342
4 4 4 4 4 4.87446138000003 4.88178960029099 4.14012658028654 5 5 5 5 5 5 4.93534950025355 4.87502729999999 4.87502729999999 4.87502729999999 4.87502729999999 4.1098518197697 4 4 4 4 4 4 4.04679699980261 4.51513528019288 5 5 5.66017138000016 6 6 6 7.77356016015977 8.15743576015564 10.0887417800001 11.3003234601458 12.9039707998588 13.0378700998635 13.1249727 13.5151331801273 14 13.4112594199999 13.6601689800001 14.7315973800001 16.6060515600002 17.8744541800004 17.0541174200001 17.1249727 17.2248020799154 18.5502643600806 20.5881650600005 22.6931520600716 24.37445298 25.3901583800619 26.8449972600574 28.2652165800525 28.0474181199521 26.2868646399997 24.3447198399233
4 4 4 4 4 4.70271620306051 4.04348291327079 5 5 5 5 5 5 4.91242699241052 4.3878835439207 4 4 4 4 4 4 4 4 4 4 4.05951530356431 4.49731496010446 5 5 5.11562976888929 5.72691409477961 6 6 6 7.13165783054537 9.01731338000019 10.1061707632081 11.3880288795391 12.5789145641297 13.4399132477984 14 14 14 13.4112594199999 13.6601689800001 14.7315973800001 16.6060515600002 17.7027104171487 17.2292610783657 18.1998009955141 18.5528524481554 20.3880260081767 21.7650230709848 23.3030245800003 24.3009100028297 24.8035989 25.2193084701674 25.722826626164 25.5442840150094 24.3786649164792 24
4 4 4 4 3.78492407848307 3.96637705417472 4.25333718683247 5 5 5 5 5 4.89970851722069 4.40570403543698 4 4 4 4 4 4 4 4 4 4.0428989420151 4.26782949999996 4.48969867266924 5 5 5.13855210530412 5.69888974203814 6 6 6 6.23420526859312 7.90626355874893 9.01731338000019 10.1774835600002 12.3203403599999 14 14 14 14 14 13.568941515171 13.9279984800001 14.8034835195133 16.6060515600002 17.2342046258024 17.9603768215398 19.0173109800002 20.1125064037762 21.5452674035666 23 23.2218656582511 23.7321705 23.6127503129353 23.3257901802775 23.7852496800003 23.406614595114 23.5356522623042 23.9472438503537
4 4 4 4 3.46940230242542 3.91705134859012 4.94588977999997 5 5 5 5 4.89719407468394 4.41332049430038 4 4 4 4 4 4 4 4 4.33925790000001 4.33925790000001 4.44509066687161 5 5 5 5.15127040906589 5.6810694219499 6 6.22396835601896 6.33925790000001 6.33925790000001 6.91704817702811 7.94588497999991 8.67805548000018 9.80811931007513 11.6418245599999 13.4000558478938 13.7635463968782 14 14 14 14 14.6601689800001 15.2482001907843 16.6728766202315 17.8744541800004 18.3208981377374 19.0173109800002 20.1473732242946 21.8752480646906 23 22.8971965173407 22.4066698367129 21.5363449199997 20.6404179496121 20.7104883014035 21.6423928800003 22.7268244296962 24.0754554055498
3.8017696820905 4 4 4 4 4 4.55742580604397 4.5893137 4.5893137 4.5893137 4.5893137 4.41073292051062 4 4 4 4 4.27112432706529 4.4106863 4.4106863 4.4106863 4.4106863 5 5 5 5 5 5.15378468017443 5.67345313451477 6 6 6.66017138000016 7 7 7 7.55742297733817 8.01020301202742 8.67805548000013 9.90965405999989 11.8209122800002 12.8923406800001 13.7430973945273 14 14 14.2417876904601 15.0708552800001 15.8418266589181 16.8030257800001 17.5153278282965 18.5351962799999 19.0102015976745 19.6416090323637 20.4331842470527 21.9581678565169 22.2862891199997 20.8404077400001 18.9603149458085 17.9661753604979 18.009727804813 18.8387939800003 21.0729563045656 23.7037785607459
3.26791210230712 3.80172925933044 4 4.3527173226053 4.48211469999998 4.0605240141197 4 4 4 4 4 4 4 4.21496943898022 4.48211469999998 4.48211469999998 4.82400899610752 5 5 5.42158952880507 5.48211469999998 5.47376650791991 5 5 5.1116582369925 5.48211469999998 5.67604087973264 6 6 6.28384164517984 6.82400775318279 7 7.3871516900923 7.0605263282702 7 7.51788530000002 7.60662708000014 8.83822565999991 10.8611409599174 12.1569332184455 12.89234068 13.7328524248296 14 14.3049000918955 14.8597771102581 15.3884844513795 16.3209110800001 16.9394725146546 17.489858683708 18.0357706 18.0357706 18.1959383800001 19.1639951914746 19.4324945244792 18.5031645261169 16.6618931399995 15.0363461199998 15.1423940800003 16.2138224800004 18.0168458600003 21.349875415942
3.55354310000001 3.81639360874075 4.36543596922339 4.8801730128126 5 4.60959068311548 4.0299523389205 4 4 4 4 4.16774115089972 4.55354310000001 4.7526131331723 5 5 5 5 5.4445120366481 5.94395134538804 6 5.99226925054002 5.55354310000001 5.55354310000001 5.65694295556786 6 6 6 6.28635591628847 6.8163914657476 7 7 7.35851747185549 7.54009913221722 7.02995499592741 7 7.08874178000012 8.32034035999989 10.3349973640714 11.6141953938929 12.37445538 13.1990678901791 13.4464569 13.4464569 13.8118888837131 14.3266266983229 15.2494826800001 16.3209110800004 16.4464569 16.4464569 16.3973358285025 15.9644218105387 16.1077745199997 15.1716335346104 14.8259263467068 14.2479656013171 13.2155003792814 13.2628462227545 13.7411928247905 15.3561037600002 19.549515371138
4 4 4.24758488252115 4.83226051176946 5 5 4.64526437464128 4.61414813106798 4 4 4.14474551180381 4.73861705390572 5 5 5 5 5 5.45723051183784 5.92613085387159 6 6.59115265470963 6.6249715 6.6249715 6.52486820241854 6 6 6 6.27866615474398 6.81897921096557 7 7 7.45722901190622 7.6249715 7.95291763951258 7.6452661747781 7.6249715 7.65825219664077 8.22023856235006 9.75136959194075 11.3030269800001 12.1404314394783 12.3750285 12.3750285 12.3750285 13.0351974800001 13.8322560119747 14.3011575537348 15.2494826800004 15.3750285 15.3642096308628 14.6613176199996 13.750057 13.5184608199998 12.825795872599 13.37445298 13.5541186199997 13 13 13 14.9204159720434 19.1382216736667
4 4 4 4.73160457999998 5 5 5 4.99474219882011 4.6963999 4.5848540599455 4.23160338000022 5 5 5 5.36025949314028 5.6963999 5.6963999 6.42800207999996 7.25563031560906 7.3927998 7.67997130315672 7.68434119253943 7 6.83982742000003 6 6.21102962992904 6.6963999 6.83177098883667 7 7 7.45974328301497 7.91851366636796 8 8 8 8 8 8.27171267733489 9.83702660409582 10.6066270800001 11.3036001 11.6141135198037 11.6397438495792 11.713598981038 12.2004273683449 13.0351974800001 13.3036001 14.1780542800004 14.9623126341237 14.2742337552588 12.5802589153579 12.3036001 12.2332874765923 12.3030245800003 13.1136839621733 12.8577187199997 12.6638545790612 13.8199944193566 14.3927998 15.5686193981752 17.5344173154112
4 4 4 4.16985787906637 4.84876314787748 5 5 5 5 4.96281190259594 4.82160005046041 5 5 5.34236587037098 5.88793466268547 6.45205536425835 6.76782830000001 6.9376856218543 7.80303058000017 8 8 8.7505125199998 7.76782830000001 7.60765572000004 6.76782830000001 6.83818314630455 7 7 7.39720877452671 7.76782830000001 7.92110141158599 8 8.61658776230161 8.76782830000001 8.76782830000001 8.76782830000001 8.83596675007648 9.73301376297986 10.7678283 10.8381825890925 11 11.1035215952051 11.1120664517387 11.1366889013176 11.2321717 11.4020279074301 12.6975152390273 13.8744541800004 14.219607166599 13.2108416003445 11.9318633927112 11.2321717 11.2321717 11.3025254318804 11.4643434 11.360822362007 12.1466865689512 14.629526195895 16.2747228828385 16.1437729204361 16.8030233800001
4 4 4 4 4.80303298000019 5 5 5 5 5 5 5 5.31426821494825 5.91093030178155 6.43416174148874 6.93389357524097 7 7 6.45513299086012 7.05538215784031 7.95458562111039 8.15795990438069 8.07447914765113 8.67908412000002 7.8392567 7.58493726253818 7 7.37421296400256 8.35657128000011 8.8392567 8.8392567 8.8392567 8.96833809964622 9.7338935436242 9.8392567 9.8392567 9.92799848000012 10.8650029832948 11 11 11 11 11 11 10.4459487604027 10.7747413028675 11.9321067938624 13.0351974800004 13.1607433 12.9681606640511 11.0720039199996 10.1607433 10.1607433 10.1607433 10.1607433 10.1607433 11.1953628600004 14.4210603021116 17.2142158053817 17.7216577086513 17.8075940280784
4 4 4 4 4.0717228103054 4.88567384929146 5 5 5 5 5 5.27596652687248 5.9441299735307 6.40606408606635 6.95688921433701 7 7 7 6.19696941999983 6.0781022163528 7.03520227999992 8 8.00792617756229 8.07500910203454 8 7.97293496122825 8.25169822082513 8.86119447957813 8.95688899998126 9 9 9.66625701880923 9.91068510000002 9.98878710199706 10 10 10.0887417800001 10.8541354036097 10.0893149 10.3652770555841 11 11 11 11.5361572739714 11.8517221735682 11.886712746835 12.7137108800001 13.7851392800004 12.1878827560891 12.0704577915522 10.9920742511492 10.7648226892539 10 10.2759599699401 10.5696763504634 9.18788494173261 9.21324936000041 12.5335825200008 15.4989629600006 16.1786298 16.9099312271177
3.01788649999999 3.01788649999999 3.01788649999999 3.01788649999999 3.01788649999999 3.89234788000002 4.01788649999999 4.03489491837366 5 5 5 5.30303177999999 6.36776239799049 6.99008888608618 7 7 7 7.7185163776074 7.17908291999984 6.98211350000001 7.92800087999995 8 8 8 8 8.2976092449946 8.98881123908198 9 9 9 9 9.01308575946496 9.80655131645856 10 10 10 10.001587279848 10.0150216160754 10 10.3030269800001 11 11.4379084797692 11.9821135 11.9926440083842 12.6483608675394 12.9821135 12.996476820614 13.0156409246906 12.9840494424657 11.9826890199998 11 10.997135159003 11.2095672349267 12.2672515800003 12.5897740200001 11.0724642399995 10.4907896413802 12.1806507909135 14.3382196600006 15.7363958063904 16.0143632776864
3.0535419 3.0535419 3.0535419 3.0535419 3.0535419 3.8811829562382 4 4 4.08874658000001 5.16017498 6.01240048501163 6.34034878273841 7 7 7.02769813401146 7.61076473373868 8 8 8 8 8 8.01731578000022 9 9 9.2316009800002 9.71319538876106 9.0535419 9.02966830673905 9 9 9 9 9 9.82763651323943 9.9464581 9.99907300873937 9.95120950351059 10 10.2315985800002 11 11.37445538 12.0238734647604 12.5431562029897 13.0630445785206 13.7319060784899 14.0535419 14.0105463739898 13.9531800617398 13.0512198705102 12.0362309199998 10.9648025199996 10.2051339927401 11.01240009951 11.3403419682404 12.37445298 13.0238733362598 13.0812396485098 14.2215158384809 15 14.9216580294807 14.8499208024904
4 4 4 4 4 4 4.11820812957355 4.12713455815011 4.32759649327348 5.28514528000003 6.3276301361206 7 7 7 7.51731697999997 8 8 8 8 8 8 8.14012212177888 9 9 9.20265773604927 9.87502969999997 9.92182580110392 9.60983634968031 9.12497030000003 9.12497030000003 9.04246848458997 9 9 9 9 9.98485027829245 9.19153190626185 9.89504621544563 10.202655635978 10.9128990725987 11.37445538 12.3901615502484 12.9396783583283 14.1039060730953 14.9575312154813 14.9085720559422 14.1723582926342 13.2348266212105 13.0067630702126 12.9848523783637 12.0473207069401 11.2299243844831 11.3565664800002 12.16283937267 12.5775980787535 13.5708516800003 14.6422800800003 15.0513955130239 14.9174987844474 13.3204120958706 12.0473900927055
4 4 4 4 4 4 4.94588977999997 5.2103156119618 6 6.16017498 7 7 7 7 7.31411621528016 7.72283142726307 7.93325857216613 8 8 8 8 9 9 9 9 9 9.30091475880315 9.80360130000003 9.80360130000003 9.80360130000003 9.27308672080909 9.14368524571225 9.19639869999997 9.19639869999997 9.19639869999997 10 9.92868699022758 9.29365444973842 9.8490869600339 10.2435128750632 11.17805668 11.8911722947431 12.4157127403539 13.5079697645493 14.4008563210955 14.0192899943554 13.8036013 13.8036013 13.0434888290647 12.9966001460322 12.8384578977418 13.0676876637738 12.5789083913232 13.4994232800003 14.1963987 14.554709556614 15.6189087482895 15.6076605199998 14.4065762619041 11.9488993629981 11.1963987
4 4 4 4 4 4 4.94588977999997 6 6 6.16017498 7 7 7 6.88057895469542 6.35340742653417 6.43106341223627 7.21553425100667 7.85623158044612 8 8 8 9 9 9 9 9 9 9 9 9 9 9.73159977999993 10 10 10 10.2678271 10.2440596464137 9.88272773481592 9.43739730395462 10 10.37445538 11.4458837800002 12.1385502209641 13.1299468956126 13.2488150634233 13.195941604653 13.2678271 13.0336245728876 12.7466670116581 12.724134619143 12.4215390491995 14 14 14.3030245800003 15.1002886557198 15.2678271 16.1638970818214 16.4112618199998 14.8564773406378 13.0005781018678 12.7507256230977
4.1755034449216 4.33925550000003 4.33925550000003 4.33925550000003 4.33925550000003 4.33925550000003 4.96424696974119 6 6 6.16017498 7 7 7 6.55411141999979 6 6 6 7.46320435999991 8 8 8 9 9 9 9 9 9 8.84873066106094 8.66074449999997 8.86047879405141 9 9.73159977999993 10 10 10 10.6666181593886 10.9112582199999 10 10 10 10.37445538 11.2946152552743 12.002555677718 12.5212224798382 12.8847104573944 13.7315973800001 13.7275690874932 13.0829537100627 12.0541174200001 12.3565664800002 13.4279948800004 14.3392555 14.4178257778441 14.8787328246001 15.71370848 16.3392555 16.6810650919314 16.4112618199998 15.3398334199997 14.5166026407373 15.4147089782937
4.51731938 5 5 5 5 5.35912720993777 5.41068389999997 6 6 6.09439369453118 6.6844318793517 7 7 6.55411141999979 6 6 6.5422454852964 7.68365768693813 8 8 8 9 9.03644580594476 9.41068389999997 9.41068389999997 9.28623461240701 8.84621621852426 8.32654819535841 7.78754723075871 8.17805908000011 8.86043785700686 9.43114352911044 9.91910684477237 10 10 10.0173133800002 10.9477030403033 10.3449045858139 10 10.1244483019517 10.6313564841656 10.8168827102828 10.5893161 11.1780566800001 12.2494850800002 13.3209134800001 13.1160800791309 13 12.4425761668965 13.0102016392209 13.7144993146626 15 15.2315961800002 16 16.37445298 17 17 16.4112618199998 15.0687136342755 14.5893161 16.1953628600002
4.26791334387363 4.80173024633576 5 5 5.38715207696374 5.93498509282704 6 6 6 6 6.23160338000022 7 7 6.76907978884743 6.4821123 6.76595368926622 7.6480163610492 8 8 8 8.45602394031274 9 9.04595951926867 9.5178877 9.5178877 9.21485832000004 8.32396062156868 7.7850327882219 7.24997684198728 7.87258321219677 8.82400693759411 9 9.41587841717546 9.939473973034 10 10.4910786865475 11 10.9170498338712 10.3704557759194 10.0108409114203 10.0357754 9.80485767470842 9.76729026491786 10.5887405800001 11.9784445653366 12.8609975844543 13 13 13 13.0083458363831 13.5740263668157 14.5951065568017 15.1199408129891 15.5178877 15.7118122925703 16.0357754 16.0357754 15.7308751380575 14.8341033965335 14.4821123 15.7010116113146
4 4.58874778000014 5 5.40497291133642 5.91206224212781 6 6 6 6 6 6.10340148291253 6.61419972362342 7 7 7.28635600323108 7.81639155023309 8 8 8 8.4840486359106 9.49942807999996 9 8.95087648448179 8.44645929999997 8.44645929999997 8.14342992000001 7.44645929999997 7.24738926819743 7 8.17748596000017 9 9 9 10.3585038874131 10.5535407 11 11 11 10.7684014199998 9.69697301999989 9.20727629316398 9.55354070000003 9.78449953376433 10.5887405800001 11.9549075606927 12.8514282258434 12.5554925476207 12.4464593 12.4464593 13.0077286480132 13.544701017046 14.5363897098827 14.4464593 14.4464593 14.4464593 14.6932727912023 15 15 15 14.5950324026542 15.2494826800001
