catData/variables/futureClimate2070/rcp85/HadGEM2_ES_2070_rcp85/bio16.asc
NCOLS 409 
NROWS 350 
XLLCORNER 60.897278365 
YLLCORNER 5.843756025 
CELLSIZE 0.0892857 
NODATA_value -9999 
[rows 100 to 124 of 350, columns 224 to 279 of 409]
1180.43324485193 1199.22096047188 1220.03342215238 1232.46450725112 1235.06102901798 1203.1520327 1154.58617780956 1114.13880419981 1100.11330186006 1085.84922828578 1078.07456684591 1195.20101292939 1344.61847127255 1374.92621368574 1379.59904092455 1391.14853955455 1365.76384874823 1238.14339593555 1160.89619822685 1151.26104149709 1123.68250936475 1103.34618552216 1116.31662269231 1196.3666498302 1239.71649089469 1198.24792834046 1209.68337593292 1388.38316363159 1608.0093411051 1714.40332545896 1577.40871406775 1956.34736339997 1820.84373124149 1749.50880412887 1899.39324533487 1902.71909551295 1844.1951141492 1762.29389552498 1682.1132673953 1622.24340821806 1523.10941746591 1422.28689532214 1342.76535928914 1154.30481385361 1214.63163083318 892.881202405036 1022.19762660334 585.048294766548 786.76483875729 876.377396297606 532.60708834524 319.627289923112 315.952173963282 320.135623675718 344.822923312661 295.336745371116
1177.35238494832 1179.91962156355 1183.9294549692 1181.79982442675 1167.91382115225 1135.79896910024 1091.57618633691 1061.23867152931 1055.42241032153 1062.23186110044 1072.79653383845 1123.5761303381 1267.04951786656 1386.6805215156 1421.74319768103 1438.5061420459 1442.50912815129 1425.45367146048 1265.52770196673 1176.97798886601 1143.43808697119 1104.93056328921 1097.13820356565 1124.47103571047 1220.36047873868 1275.53147307406 1311.13632234001 1282.26816802982 1413.85654744106 1484.53024975996 1518.35241521462 1644.30012382157 1677.26662092637 1774.53223054478 1776.62974336466 1730.17221075485 1725.62362489691 1683.267948084 1647.38386943165 1637.64977696288 1564.74133863347 1469.73970622736 1369.77253598305 1479.21508106032 1325.01178942459 1282.91219883416 1162.68948376608 1026.34149286488 1117.49666544927 873.231299519015 610.283962569618 672.402011941316 847.092271034441 759.545058832028 748.131472606086 532.717508731385
1177.0864854185 1169.57267950633 1162.03176057818 1151.17339278854 1134.02705543377 1113.64215602016 1088.49624663574 1066.9418177726 1058.09927626528 1067.80614167592 1107.47490854853 1185.09214519695 1301.974472184 1408.53546870844 1450.4569896336 1460.87506909574 1463.38803550423 1446.14209958986 1385.55302118723 1280.89065917474 1196.97883126324 1159.23696868661 1127.88944662186 1116.67833544602 1152.59196565895 1173.92012904904 1173.07992579342 1251.13879520678 1269.49761715563 1333.66303360626 1410.48920313136 1481.0624773903 1562.36350923866 1621.37757905678 1674.07757114286 1647.42181248649 1622.95964461308 1604.02367321789 1561.53606426147 1539.26657923408 1543.9132732378 1416.70725786571 1422.67789381117 1415.05747926279 1310.74729606193 1227.27273916084 1272.86138674548 1234.47765328593 1213.89600738241 1225.37376235901 1250.16950958838 1273.71696805464 1387.86655525364 1197.35979420786 1277.12883874694 1088.76892680165
1177.02560058 1165.05498138805 1151.8750363056 1138.87959093529 1123.66903761898 1108.57574778178 1094.52181627696 1083.11069471015 1080.29482120748 1094.71469574325 1131.01787306593 1192.12469811252 1276.23227053509 1370.82010985382 1445.43831580848 1474.12830737761 1460.63628438176 1443.06169651918 1410.12763544687 1358.2313783878 1294.76800631661 1244.67768084788 1173.87947971615 1144.27680597093 1174.77618162941 1216.48837918196 1261.4946598189 1332.8716367152 1373.64991288055 1374.82765693432 1401.27375840049 1520.75679238872 1479.01251927318 1491.62886541275 1547.06985898005 1569.77200564429 1561.44857208198 1535.71407825879 1482.48073256677 1428.2297805054 1405.10521733579 1379.15859192252 1353.68455759434 1328.13172061786 1327.8222775892 1247.67107382001 1252.61379381295 1241.05016058313 1220.45088197724 1230.31066386003 1372.22153761489 1433.19506761353 1423.56529472974 1448.86036703938 1535.59939273774 1633.26615283898
1179.18162332434 1166.1603471732 1151.45405578 1134.78080199838 1120.31693577175 1108.24110547031 1097.86394808297 1094.96611200257 1102.49579594104 1123.24308473367 1159.02014503906 1210.14561556351 1270.9439179251 1333.08323611786 1388.88816111984 1444.96134399312 1478.44705296553 1469.46574886465 1432.88991769499 1392.63395124444 1342.96910206266 1291.67115030735 1241.57304284537 1219.29896720332 1239.18516167304 1263.36074570649 1296.84836371559 1335.83152032001 1414.41886271764 1385.69249748731 1440.91130064221 1531.08678207553 1529.29224563478 1520.79378725459 1556.29307292721 1563.86333498027 1537.45406046768 1512.86253994036 1463.60503672089 1450.51764679303 1401.3167617208 1333.19447742238 1314.86114640554 1336.38998581922 1348.02064523464 1321.02877214895 1198.74889343601 1208.61193064615 1212.07179905166 1219.58355424473 1314.52553049174 1337.30861083456 1234.45868354332 1308.84294740129 1450.23621765629 1583.07339413097
1185.32732006626 1172.3590240991 1158.02102038433 1140.84113713285 1124.89871669209 1115.17925558185 1110.1011570989 1114.27589864873 1130.77591387712 1154.63108577548 1185.74065826764 1225.14230549014 1269.70599362948 1315.20477185255 1357.22276096354 1389.68589413117 1419.77055448228 1445.70002945203 1424.88584173364 1393.87006876676 1366.3498493911 1334.62694765516 1302.7583461061 1284.82409412544 1302.02414389125 1356.9174987091 1425.42874464761 1480.1829597078 1544.25197427774 1517.44431876902 1484.01221246107 1460.41319008948 1469.11379278211 1545.70487251182 1561.86987932602 1610.1130061092 1600.22003033757 1552.38544213291 1492.07155258159 1440.10773619218 1415.85817125563 1369.05860239165 1311.90284652206 1236.2781415005 1267.70342732674 1287.48733048616 1293.30223260208 1360.90215976772 1272.43095178632 1019.37857805531 1107.05385323717 1242.98640660465 1077.26596612013 1011.14640149075 1266.47961359767 1430.27437025949
1194.12595942991 1181.81439213537 1167.09485256421 1152.59379449242 1141.08633965326 1134.70800078262 1136.65734335493 1146.82949638001 1164.54071378085 1185.55518631192 1211.80752882215 1241.49472753155 1272.18821204011 1303.32763453723 1332.67420321389 1357.27877101631 1376.16815745835 1387.08905634414 1386.21067410746 1375.90660503145 1359.70728946498 1330.80792997123 1296.48591492416 1271.74930826937 1280.92978949501 1329.20473483477 1384.89875521492 1417.82747107658 1429.70117189616 1477.29351766833 1519.35034078307 1515.39769980209 1511.63296866235 1582.32520861668 1636.6070701479 1660.21678641511 1612.73186699027 1534.9566738223 1442.03376901627 1366.6677015182 1337.6384590083 1352.05808656454 1371.89619264148 1317.81817777277 1249.16813980595 1172.60981343247 1309.20294296297 1359.66576263803 1314.33014543933 1157.06086599647 1283.58522424373 1281.55603276061 1055.0379666343 942.194547218642 1088.16457910844 1242.50245876822
1196.17307183194 1188.14069084462 1174.48972427438 1163.86446195198 1156.94884237813 1155.06797458214 1160.72974511761 1172.75132255587 1190.29735006135 1210.7408539028 1233.34063150501 1256.29366908802 1277.90224376546 1297.00375850981 1313.27292974087 1327.91735685574 1339.50609245037 1350.679824839 1353.3481352681 1347.56056238257 1333.51822244374 1311.24129536077 1285.43240234613 1266.62929949328 1274.38795657801 1311.499370995 1345.27516069679 1341.72729212914 1297.01387361721 1336.41024675221 1411.62126063963 1476.02949935003 1509.21830874899 1498.75754228016 1540.24208169452 1524.38019670856 1474.77054831575 1427.49411943166 1367.42213834177 1303.20045067288 1280.48320551823 1295.79231605641 1346.88719672842 1379.78350582352 1393.3288266425 1285.28235515726 1219.79153592846 1148.46613126912 1087.89850461348 1119.22592684575 1228.95480717109 1231.22635977552 1174.85275670036 1061.27059527391 920.741022560046 1045.95793806416
1182.4058710358 1182.96889714163 1176.97004390522 1172.33152811155 1169.84138369075 1170.40051401361 1177.58519855648 1190.48416709934 1208.48896072 1229.84928427013 1251.00058841623 1268.50699598607 1281.06145644351 1289.31345827488 1295.44176228563 1301.63810090882 1307.4598560949 1311.95615054796 1316.4567377433 1314.73973728843 1304.99941924619 1290.15618151411 1276.31807354728 1272.04684819191 1285.69915211201 1314.89743147484 1342.43821320745 1351.18800999465 1313.68154371668 1297.81711776135 1329.62770831686 1380.72515892001 1431.19544323043 1454.12045179487 1447.59107142675 1435.03962284147 1404.46243168939 1353.34171132132 1297.37428496988 1254.03718567496 1235.26509455443 1247.64819088998 1300.12689691666 1372.17964265927 1429.11545160615 1387.50294510307 1415.02319798469 1317.49026253698 1234.93443545575 1214.74968735864 1198.35999447537 1118.60159114887 1022.19447757715 975.726812108122 970.127907489662 965.33980323813
1165.75786240169 1174.18581341701 1178.8746343459 1179.16108362 1178.30196739394 1180.64366283616 1188.97630619535 1203.02323355454 1222.55708102117 1245.55874416001 1266.9039146121 1280.63949937226 1282.71173933424 1276.46345019497 1270.47870467142 1271.17176067586 1276.79973230723 1279.19943363503 1279.47300190561 1280.50407615921 1275.83183555996 1267.21942483908 1263.2002377237 1271.23616531403 1293.23841794449 1322.94784172 1347.29995784525 1349.51646888045 1310.72891516499 1266.22250394959 1260.09765292708 1295.1887890348 1344.79443486872 1381.99293903621 1386.93827884319 1378.88894198538 1361.1802475064 1326.35969926981 1277.20907303545 1223.09653174528 1167.82598446032 1152.96688631206 1205.0454965646 1301.25969049876 1412.78647586898 1479.79345543667 1529.01993858376 1483.72491016506 1462.56151802373 1429.38401280617 1434.81007458548 1310.00594365259 1134.57875699844 1024.95145912153 944.491784912915 889.202057504451
1162.99743766989 1169.18431643345 1176.54980726 1183.23303852932 1179.54589170637 1184.2578539561 1195.38379708265 1211.99136145947 1234.01070943574 1259.70779376153 1282.85535879256 1295.95427340821 1284.92561970111 1257.91506778349 1236.74917081991 1232.21845171843 1239.18254123874 1248.79142917421 1252.08090341879 1251.23809742816 1247.00324410287 1241.52195050695 1242.16941619479 1258.94358310385 1289.58644127448 1325.48181677407 1349.00545420642 1336.06349585935 1282.49248260661 1220.87275272279 1196.45204994092 1224.11075230737 1267.81876135191 1301.47397991313 1314.32365154595 1310.33613271334 1301.33414285651 1290.07965990397 1260.46957469785 1205.30852376361 1120.33567100411 1058.59488467146 1091.54017669391 1170.81935807614 1281.39978884388 1413.97920700955 1476.52983781485 1485.72652582299 1465.28204845479 1427.58876118006 1458.70856402474 1516.11610148565 1446.99810878439 1296.82374466961 1122.90527468557 974.649240417119
1171.26766285558 1165.44042651348 1162.69273173709 1165.59510107561 1169.80513546582 1181.21179094747 1198.67357323162 1221.2342388948 1245.5928818 1271.55852021139 1294.7385466 1309.40719345689 1283.10943138062 1231.46376084437 1191.97459528263 1186.007801619 1202.37186090659 1220.35299256011 1230.42404596077 1231.39366237186 1223.27956102449 1216.15445570144 1218.65525618 1236.7548114856 1269.6708621725 1311.43971284662 1341.37086690952 1322.72902316583 1259.58089541831 1193.03483311998 1162.33713217081 1178.52332426688 1213.71470391412 1241.2228471287 1250.443295692 1242.15860086095 1232.84051656505 1227.20325078019 1211.93773383681 1197.92918659264 1143.28090907296 1055.88931544777 1036.895817514 1066.91701972271 1120.78651453635 1211.92070199834 1309.67037131123 1379.80259875746 1418.69007961377 1444.00833839791 1464.04976697344 1459.56190694395 1410.19871746683 1331.086035209 1202.90663862937 1061.26393080063
1184.95677507938 1162.26927397104 1140.1580717129 1132.17578240707 1147.41251758994 1174.88145540168 1202.8814623198 1230.77964266039 1257.03759509171 1281.14373479061 1300.83639720147 1309.20530092479 1278.99179240289 1206.50538873323 1140.02305852461 1143.2353455931 1175.33571275103 1201.68238110726 1216.33798974 1217.79056136 1207.72215174208 1193.79409972409 1189.39511904406 1200.35047832257 1226.44655646503 1265.22666711851 1293.43621981401 1280.6361519185 1228.56398689169 1175.30877833771 1149.04928085202 1154.19807129443 1179.74337524698 1203.77999416 1211.39349105727 1196.79277530034 1176.49647502174 1157.16626770218 1132.09292653979 1132.31359469049 1123.63875457373 1063.77349471509 1016.87001406099 1000.05061771782 1010.95804173949 1044.09605973377 1153.5650708032 1243.71055876812 1300.06404103487 1333.41426495752 1348.81286125414 1346.99404983518 1333.36252506206 1310.82410280082 1271.19774511709 1217.05099997343
1208.32375418914 1165.46162861292 1115.9490967188 1093.1759786575 1126.25279349127 1172.59793022867 1213.98372366332 1244.72974114936 1267.9332493209 1287.91642205138 1304.15517338476 1311.13850484661 1287.41423970019 1216.25850279998 1141.88697895245 1140.35651788357 1171.35582914843 1200.24249517973 1214.02265060568 1212.47572782147 1200.17868791247 1182.32743329045 1167.97425250146 1164.38008007302 1176.1564704756 1201.56618194138 1223.74887065854 1220.96792251321 1191.13270637393 1155.47904443906 1132.36982715871 1133.66976178716 1154.71511979542 1181.7131031698 1195.98495010991 1173.84067496093 1136.41517462039 1104.03895660872 1070.94958909193 1061.47298129076 1066.96714292801 1045.39604837017 1006.64665886 977.456492828461 983.7985469 1021.28020257427 1090.24752538086 1151.87083094759 1191.11126144445 1212.03417265876 1218.4133979969 1212.81540998819 1202.11499328566 1194.73378488947 1192.54872182422 1191.72177067041
1245.05380051507 1179.84917931288 1114.64451034902 1084.12296715872 1129.32439845556 1184.75026817112 1231.51424538181 1261.13244566427 1278.01517637194 1290.77943482351 1301.87575582104 1307.83420089381 1301.80582544093 1265.78983148357 1201.63499384372 1176.39088369161 1190.07828760498 1212.73628971134 1220.53196094394 1212.52604903923 1195.88573077276 1169.87593615391 1146.21616182861 1129.67885158329 1126.65855767957 1145.82656778126 1170.36350748455 1177.62488236958 1165.26435204223 1141.25716984859 1120.02574503288 1115.01074362 1130.96296454468 1157.04722922978 1171.92655474729 1145.89559942297 1102.8263135287 1072.4497054807 1052.29486515597 1054.39867531547 1061.30315542472 1040.53478138768 1007.19743913642 986.315109740526 996.409130778144 1036.9654529355 1075.21788121057 1094.13948501285 1108.39067293579 1123.35510913497 1127.59825884485 1116.80145308646 1100.46277646997 1094.65529896995 1098.92357346976 1111.73650554007
1266.15683221999 1189.54172112786 1141.93446581934 1131.84724775438 1162.619648183 1209.42117547724 1252.04860731716 1272.88253552285 1279.88726504566 1287.27510415995 1295.12148646 1300.41371528863 1300.67784139101 1288.23752284278 1235.99479125363 1208.39992895709 1208.96229503913 1221.59724947636 1218.61441932824 1201.853508211 1181.99694457512 1152.12236550636 1126.04357065767 1103.77709954064 1091.78443759172 1108.36764908733 1136.09660072539 1152.35555518686 1148.95106946 1126.82593794806 1100.70163993947 1090.62431077184 1106.45855075344 1124.94171777581 1125.85234817382 1103.18357311174 1070.93916538302 1043.56857178016 1031.03108175732 1045.06510669193 1055.83140372646 1033.04745014403 1004.04822124503 988.725561446116 996.354484717707 1038.15318441586 1060.46892573604 1055.84180956331 1064.10087355443 1079.48893916975 1081.10083220141 1060.151765359 1029.86586657823 1020.09912634367 1033.80156978185 1049.8439513842
1243.69210931776 1191.41026992186 1173.3618153425 1177.24019203194 1201.93024351558 1235.57271944257 1260.61489940326 1270.08727183175 1272.09797398243 1274.91188296427 1281.59394706671 1289.7779803778 1288.6297441619 1276.32983495709 1257.0905969247 1234.26595925797 1218.34407478714 1208.79179674767 1191.99716849601 1169.06128871215 1147.16638564526 1129.75519007391 1113.09962332736 1098.74232884863 1092.58285614999 1103.30554392881 1123.08917152755 1142.82008359585 1142.02571417945 1119.09421118837 1091.55910607924 1075.59880911686 1091.33811969537 1100.4717771023 1091.80576769526 1067.5587036582 1036.33675969479 1008.36014567417 995.301687432246 1001.62978725943 1010.92091187589 1005.87975938408 992.488549023003 982.125684496078 981.761076657955 1004.53900738444 1020.26180907658 1025.98521397723 1044.445227441 1072.49755612628 1073.66912257425 1044.91088724186 1008.32701171271 984.795947033894 992.853942957963 1013.90616042628
1236.65367203506 1213.72752559418 1208.95710650132 1218.14840637237 1237.69999247949 1259.07745012536 1266.68263931687 1263.3098926272 1256.86682546676 1255.20664098857 1263.19544665656 1280.9608277132 1305.03890102147 1316.83413728446 1289.29135543889 1252.65471281641 1221.79116718538 1193.60632112109 1165.78351613999 1137.63567239612 1118.20612721767 1114.52722292668 1110.61655434195 1105.77814956469 1104.78414136 1110.69075512476 1121.00361834595 1130.47992725499 1131.11210748778 1120.19174088921 1105.63841027858 1097.1280223519 1101.70379979352 1090.80461697 1066.91196212944 1039.08506071777 1005.46985344178 971.656867829518 950.661367720439 950.656801738569 966.913393713449 978.705975011102 979.882536134161 976.163126979998 977.41772986985 983.20235806286 990.276913660468 1015.70479495876 1070.55089353292 1117.59389677335 1109.40428552845 1062.65856078503 1016.14968603946 984.901579303193 972.836417971873 987.865805980492
1249.5538878589 1242.94907195634 1243.44339506268 1252.40189641921 1265.87413559902 1272.9035235685 1267.70500862371 1254.71150901213 1239.92086807792 1230.18490227719 1236.94463935878 1261.5347499433 1293.6385972283 1311.72570650808 1293.99480657257 1260.74779234368 1224.53666578 1183.74399118963 1149.76179011103 1124.97917895394 1113.0105281039 1115.37350746842 1119.04544161616 1120.40908093872 1121.46866780902 1123.86227897515 1128.37784551677 1132.51397793387 1134.75814988 1132.77766300451 1128.03735671226 1124.72005217777 1119.39599095681 1085.5453121804 1040.75621417493 999.322361668403 966.504388571464 939.698276366672 916.089229865118 916.237231169635 943.676605334768 968.996849417991 977.58680762 973.393744220394 965.044388303413 961.992114428355 969.224438991536 1009.15807365504 1098.44977205843 1175.1428795033 1164.77501921037 1097.65614183541 1029.45338813974 981.138190196364 937.135380396754 932.143646658141
1270.39377204135 1269.51966663178 1274.00607148847 1281.96943627986 1287.97558010769 1281.7942918688 1267.83065274783 1248.63727827396 1227.59150378415 1210.21616562858 1212.87210596451 1238.05036536204 1265.71280864854 1283.46128158619 1283.73816478275 1267.54964807061 1235.8984206202 1187.73707210261 1148.63363281946 1127.74966721596 1121.38332892735 1130.22264850786 1140.01125184998 1144.43528164843 1144.02617735881 1142.65660337723 1144.37273074 1149.2199417068 1154.02269139417 1154.856356 1148.74217990221 1138.16326226245 1117.50223465636 1072.38025767935 1015.69084288164 964.624647571416 939.458257413845 930.532334221318 917.340412036418 922.853737354944 953.72233590499 983.536099529968 991.98131269032 982.780161805623 963.539267478695 954.107455781515 959.559931306436 995.131948101676 1074.263190537 1157.67955268649 1174.67240782993 1111.28107007569 1030.79723033819 964.505823685786 908.978901130612 889.182401177736
1293.80295655857 1292.22061961098 1297.83532598 1304.18938427393 1302.76269117855 1289.09848698757 1269.93453449707 1248.73614980511 1227.43645516341 1211.50965343634 1212.20960223365 1229.41716285486 1246.90181111266 1263.7906419344 1278.83987727762 1283.33520184716 1267.64419712547 1221.79674782578 1172.1984676838 1143.18384955752 1137.4263157962 1157.62626656179 1175.15885734685 1179.04684156236 1172.32798275211 1164.5835846414 1163.5040177229 1172.49127973597 1183.45004356889 1184.12700837532 1169.92660096327 1143.81784017809 1106.16002049257 1056.83381347005 1001.74615910075 959.388012459148 948.878009645441 950.896361159998 944.662017636077 953.294385577297 983.580783122981 1014.8109182208 1020.36107238381 1006.05276410868 985.945924612873 965.460579330629 953.378351980683 959.982931858271 990.983819648517 1046.93259920744 1094.00295292988 1077.15152328424 1023.4678979726 966.310201220983 924.457143428833 900.440870403988
1314.94627210195 1310.08359082123 1315.94835100136 1321.16683014469 1311.98962815367 1294.17114778 1273.83880568359 1254.57032756142 1239.26942141207 1230.57023668983 1231.25878616664 1239.15235728132 1246.54306627779 1259.54329967735 1281.85740092798 1303.10702005096 1310.83709167034 1270.21870720018 1208.18474252454 1170.34106862377 1168.48612757983 1200.17213005778 1225.91348490592 1223.76175565921 1204.58711052144 1187.58462694694 1183.54280312395 1202.66040006399 1225.61254951583 1224.52633951363 1197.03116933428 1151.65388546919 1096.77265513941 1039.40360094971 989.799272567363 965.406943538878 970.105070045195 979.298477561895 975.658791753783 980.770894258246 1007.46642665634 1036.65546478717 1044.21673651107 1023.82993245217 1002.49819791288 973.927950281022 942.18166249958 915.027097071497 894.380438967666 913.340893445722 987.80283002796 1024.95318999752 1014.97077865928 989.615168376467 963.481870556625 938.777673793775
1329.62877465526 1320.40895779301 1327.55318928986 1330.92370553363 1317.8472776022 1297.73180115077 1277.66031056266 1262.9468510926 1254.76771248475 1252.43167732994 1254.15890106 1256.81699339081 1259.15478588146 1266.79121361505 1283.62852889859 1306.25366818213 1319.05036179493 1284.63702253087 1224.9951234715 1188.63935109588 1196.24436179196 1245.43704755763 1286.49750943108 1271.1837314089 1234.69128655515 1209.92547374208 1213.89628500576 1250.70627975259 1285.83634070555 1278.06936833613 1228.83058203785 1163.30614559561 1089.32270669468 1016.76703447669 964.514099207437 955.117613517487 978.702170626519 1006.36231744311 1013.34300958 1010.54436199003 1022.26953908079 1036.80352402527 1039.12187247699 1017.6704181224 997.008528866186 972.183681053203 936.584192487833 894.433497872636 851.469994663622 858.99432244939 948.19411197357 1000.46852780959 1009.49147979973 1005.79094043501 998.257944011219 985.83862879609
1345.77630162594 1334.07052647853 1339.02037318602 1337.65510054374 1323.43071379598 1302.05574515645 1281.16952469907 1270.62697952379 1269.73678308542 1273.04786120564 1276.32274767058 1276.57307488663 1273.28076307728 1271.4808514475 1276.39443434213 1286.60670090861 1289.53239530568 1262.75274820869 1216.94061747265 1182.166141797 1190.7305694301 1253.52129174812 1302.9376017134 1289.40447084618 1252.44605401616 1229.37984265497 1252.02815560363 1312.37476157031 1347.13306099614 1321.23928736121 1255.81604665361 1177.34388061796 1089.62669947621 996.054666705754 924.903764836837 927.56391962268 979.166619634903 1025.20295788075 1042.72884089096 1037.18380002613 1033.27697536891 1029.53302691249 1018.73249381072 1005.66343523364 996.237041058946 977.774360051049 946.818487899701 911.242519401446 879.897167398874 890.220493549864 952.766448731585 989.934783653676 1001.51363220268 1007.81637439438 1010.41542053617 1001.07932600163
1365.27963834049 1358.48583234986 1357.60893138559 1349.71693434156 1332.83551058976 1310.50990475432 1290.25483127682 1282.84151510999 1286.73240575317 1293.97371344269 1300.23840800952 1298.40138006577 1286.05198014773 1270.91377666873 1260.93790392449 1260.62950304883 1257.67975694215 1237.57933097706 1204.74791721219 1174.68464416846 1179.28115985679 1231.20018812674 1270.67253653045 1272.73903615736 1258.18880533558 1254.76633473746 1287.85402269939 1348.66448807756 1370.32993321503 1333.06924837031 1269.24629765554 1193.92522832414 1107.84291650719 1002.2937080074 920.026694367141 925.879966770849 988.38300938207 1036.71961597395 1054.03069214762 1051.20018183988 1042.45762399048 1030.54364023413 1015.2583358 1007.99362573857 1003.37169357373 989.11190441817 968.552588610469 949.732574055874 933.593920859684 932.770488513335 954.21226972888 971.522902435318 984.914481558576 999.67200415465 1010.26150816223 1000.50084970131
