catData/variables/futureClimate2070/rcp85/HadGEM2_ES_2070_rcp85/bio15.asc
NCOLS 409 
NROWS 350 
XLLCORNER 60.897278365 
YLLCORNER 5.843756025 
CELLSIZE 0.0892857 
NODATA_value -9999 
[rows 162 to 188 of 350, columns 244 to 304 of 409]
132.054728939999 130.5178973 130.14345632 129.501937583891 129.4821027 128.609550039061 127.33984542 125.889532169932 125.094968745571 124.12556022 123.05413182 123 122.91127502 122 121.760128842817 120.818123374094 120.10766412 119.4821027 118.96480732 118.4821027 118.140211668389 117.611508427114 117.869235497382 117.542636778121 118.42796848 118.955867829128 118.436153515369 117.886996180134 117.362168364362 116.515116751141 115.4821027 115.052197664295 113.48331134 110.751733159999 107.537447959999 105.78631912 106.32090388 106.939464764833 107.489860090671 107.991663586174 107.5178973 107.35774872 106.5178973 106.360971631812 105.819484463691 105.286986480806 104.233322234697 102.624282349799 101.021593785704 99.7863215199999 99.1020236032892 98.5784336922138 98.0280384522826 98 98 97.9227930942273 97.2780336005384 96.4821027 96.4821027 96.7130122762407 97
132.772082885898 131.325139526557 130.17909012 129.99940048 130.267190690809 129.148425890014 127.527960429162 126.26841702 125.19698862 124.12556022 123.05413182 123 122.960387055777 122.4648812234 121.871812282577 121.311184278246 120.62556142 120 119.769043700716 119.5535311 119.5535311 119.226903123186 119.465580735991 119.163122004832 119.529361854344 119.992278686479 119.5535311 119.39338012 118.425344711051 117.393984439999 115.58547585881 114.248008551418 112.41188294 110.006180353064 107.384964093887 105.82195292 105.912048564465 106.390408023642 106.970033697181 107.42917712 106.4464689 106.374967539651 105.871814939526 105.4464689 105.07203512 104.4464689 103.41188774 101.531875655409 99.9380551454131 99.1198430662367 98.5555122129398 98.0560619478831 97.4764365312935 98 97.9508919496469 97.3749686111761 97 97 97.207259413646 97.5535311 97.5535311
133.913146553341 133.20830493049 131.87547802 131.41713807521 131.10766172 129.66830330091 128.092260716239 126.89337652 125.320098529461 124.12556022 123.645261124839 123 122.944550480861 122.314976496288 121.913147453438 121.435590409412 120.62556142 120 120 120 120 120.457208233487 120.123111409364 120 120 120 119.944551980764 119.314977396385 118.623692886465 116.958392530684 115.25112764 113.55413542 111.96541404 109.82255724 108.092267316433 106.436174586416 106 106 106.354737074967 106.368555382183 106 105.899913623517 105.288189753632 105 104.62556622 103.721354194918 102.34045934 100.565528059381 99.3398526199997 99 98.6988409108307 98.0784745520193 97.6452638251303 97.9891948377197 97.3417677394298 97 97.1447247337297 97.6249595 97.7653864319709 98 98
134.535115479216 133.69698742 132.886315187736 132.6963879 131.818850205311 129.82254764 128.799569081641 127.96480492 126.649572548594 124.909386737929 124.037696744453 123 122.91127502 122 122 121.69698982 120.886315916405 120.6963879 120.336149656642 120.409980116834 120.6963879 120.918504616213 120.19699102 120.60894761074 120.037698415784 120 119.91127742 118.665418386064 116.608946618121 115.30421642 114.119104665074 112.85774752 111.629262712027 110.232535685503 109.03623812 107.23323154 106.6963879 106.087441960591 106 105.987958213638 105.3036121 105.254989053314 105 104.788990719733 104.189929473743 103.24364479278 101.629265840696 100.41128102 99.3398526199997 98.4905394788749 98.8628144946015 98.7345116880777 98.6963879 97.9947507350304 97.6963879 97.5848640380168 97.2315745800003 98.2110076089361 98.6963879 98.3858965441112 98
134.946229928226 134.23214572197 133.287501887832 133.425470522365 132.362594107438 130.59036394 129.7678163 129.03623332 127.34823969335 125.922529556452 124.095695113745 123 122.91127502 121.877031624336 121.2321837 121.16182967527 121 121 120.879892444679 120.904508365518 121 121 120.19699102 120.203030106307 120.012569083496 119.218904946701 118.37564482 117.106880992905 115.178414742708 114.464337907489 113.145245722314 112.211793327883 110.71489072 110.095492191722 109.33985022 108.098561291328 107.151254758869 106.12556502 106 105.22816883054 104.931879199657 104.2321837 104.2321837 104.161830789752 103.712503640445 102.682799589357 101.48270942 100.41128102 99.3398526199997 98.2684242199999 98.1864444816279 98.9035872881753 99 98.754541232219 98 97.9628166673867 97.9993908800004 98.8381686530075 99 98.8964786265984 98.7678163000001
135 134.648276541798 133.899438072072 133.928324134057 133.32194692 132.155877666316 131.124458167554 130.10766172 128.907144984705 127.070180669165 124.94750834 123.824728636907 122.91127502 121.83984662 121.194353781482 121.584945012389 121 121 121 120.505916687871 120.1607553 120.1607553 119.35774632 119.894622236647 120 118.14346112 116.997572764964 115.135614501165 113.772051765411 112.384845686847 111.846511720447 110.803970925682 110.077597711812 109.505918702058 108.50060552 108.043150230201 107.19699342 106.12556502 105.206189171411 104.985487965281 104.146493060848 104 104 103.745704340763 103.100563085366 102.55413782 101.48270942 100.41128102 99.3398526199997 98.2684242199999 98 98.1405696717277 98.9545641144018 98.9972206405312 98.7647887733389 98 98.2315745800003 99.2542936450494 99.8392447 99.4650592426917 99
135.9106731 135.883605925568 135.8213462 135.41530494952 134.39337532 133.32194692 132.25051852 131.17909012 129.37638085724 128.047449225216 126.01893674 124.89337652 123.82194812 122.75051972 121.931359582504 121.972933039952 121.569681957592 121 120.528913012679 119.50060312 118.488144067767 118.1786538 118.106923497144 118.167437680399 119.040028322057 117.98270582 116.822554839999 114.548158641151 111.92638815188 111.0893269 110.71489072 110.049499199249 109.528915198295 108.50060552 108.030357766617 107.333771430927 106.28632032 106.011216333985 105.05413662 104.07203512 103.0893269 103.0893269 103.0893269 103.062260368721 103 102.55413782 101.48270942 100.41128102 99.3398526199997 98.2684242199999 98 98 98.94586098 99 99.0728680114757 99.8213462000001 100.05292078 100.848412516894 100.569688514438 99.9601727280179 99.439592669526
136 136 136.36773904812 136.53623212 134.956764794315 133.989462684467 132.673608116749 131.986905762033 131.164717420815 129.230974600402 127.09036514 124.98270342 123.998411955945 123.82194812 122.9821015 122.684514747707 121.62556142 121 120.48270462 119.989462727424 119.32194932 116.826642345033 117.613069647543 118 118.016929578663 117.00060432 115.840453339999 113.53744556 110.78631912 109.72031410475 109.029095154032 109.0178985 108.50060552 107.42917712 107.0178985 106.28632032 106.003525886728 105.141216094489 104.07203512 103.00060672 102.0178985 101.860616339359 101.263229099423 102.315480538206 103 102.55413782 101.48270942 100.41128102 99.3398526199997 98.9869058909018 98.1934698903156 98.8587815484673 98.9990309927506 99.9821015000001 100.07081928 100.9821015 101.21367608 101.9821015 101.60767012 100.544221941272 -9999
136.727282597997 135.983779766894 135.926426311785 135.470938163324 134.42917232 133.35774392 132.9464701 132.21488712 131.18644383887 129.251120439999 127.158895869088 126.03623332 124.96480492 124.044956905584 123.780814769525 122.75051972 122.033486240256 121.578000234852 121.025839130038 120.41127622 118.71503352018 116.59036874 116.813553889602 117.827628834493 117.9464701 116.912807495726 114.724333638329 111.57263824 109.66136082 108.606152396162 107.9464701 107.9464701 107.42917712 106.35774872 105.9464701 105.21489192 104.9464701 104.07203512 103.00060672 101.930103947254 100.995250817637 100.9464701 100.958866392582 101.286785532309 101.9464701 101.9464701 101.42917952 100.35775112 99.3216603432364 99 99 99.8744325800003 100.050631843673 101.07081928 102.058278953892 102.098487190999 102.0535299 102.037310180781 101.645611894328 101.029663070563 -9999
135.97106163456 135.57202912 134.50060072 133.819326620253 133.23278562 132.234923442618 131.8750417 131.14345872 130.8750417 129.23543064836 128.05413182 126.98270342 125.922361942668 124.96480492 124.09602023446 123.69698982 122.672350628411 122.069243520153 121.48270462 120.41127622 119.257356325845 117.50329760559 117 116.890731791539 116.8750417 115.855586468667 114.339730368303 109.784644145796 107.76842062 107 106.953211091489 106.8750417 106.35774872 105.359885942818 104.917508805746 104.23488028569 103.899657662874 103.109874628561 102.05413662 100.997839248567 100.797407842868 100 100.20263951426 100.8750417 100.8750417 100.819327519953 100.297432571483 99.2863227199998 98.8750416999999 98.96645816579 99 99.8744325800003 100.94586098 102.14224768 103.21367608 103.96481212 103.09602113416 102.734859757276 102.078169991289 -9999 101.060318848417
135.421122472882 134.50060072 133.355637091593 132.16135722 131.08992882 130.6072266 130.6072266 130.019316787218 129.8036133 128.757445177256 127.847114350505 126.986100238267 126.17896229397 125.871298613792 124.96480492 123.833869350683 122.926465242921 122.445308664841 121.48270462 120.295658699634 118.612954048127 117.26841942 116.842299716347 115.92917592 115.8036133 114.76902494 112.626168139999 110.32316036 107.617513030226 106.940493302011 106.42917712 105.8036133 105.28632032 104.8036133 104.14346352 103.8036133 103.00060672 102.8036133 101.85774992 100.98270822 100 100 100 99.9404937733395 99.8036132999999 99.3577511199995 98.8036132999999 98.2148943199998 97.9332574654719 98.5879040267659 98.9613126409964 99.8744325800003 101.131615496521 103.020684784284 104.267681487955 104.871304399808 103.91933395243 103 -9999 -9999 101.584300338619
133.670163159675 133.16135722 131.815768788503 130.166904967408 129.08561217668 128.574515139231 128.641169164858 128.536255931053 128.4643698 126.949678417124 126.478867118786 126.469002085302 126.667221809391 126 125.76841822 124.475130341657 122.89337652 122.028995280329 121.21488952 119.712406458013 118.33984782 117.26841942 115.98193308972 115.091935054368 115 113.702228182546 111.798793593364 109.337513661447 107.205794645187 106.615842161098 105.35774872 104.7321849 104.21489192 103.7321849 103.248833199345 102.804072316565 102.144235607523 102 101.05413662 100.71952411979 99.9762393961212 99.7321849 99.7321849 99.510328936145 98.8997209797659 98.4057313443226 97.8614617715882 97.1434659199998 97.3923322800003 97.9281119406783 98.8030041800002 100.108618828856 101.906221207055 103.03457876 -9999 -9999 -9999 -9999 -9999 -9999 -9999
132.350608892232 131.121295468183 130.28631552 128.769017739999 127.6607565 127.07203032 127.09695792974 126.838114790676 126.6607565 126.082964731506 125.375011451922 125.350672327663 126 126 125.846980833583 125.03623332 123.837779065586 122.108266039999 120.131726429509 118.93250993566 118.224556656076 117.516603376491 115.73322554 115.042596302678 114.679121182262 112.98270582 111.763930818567 109.124762341016 107.76842062 106.496777859814 104.83778227977 103.848743339355 103.31895180106 102.800280098524 102.6607565 102.177361462307 102 101.703353616862 100.71489312 99.9941338760315 99.6021340643835 99 98.9214390147853 98.6607564999999 98.4133469460453 98 97.4827094199998 96.4112810199999 96.6601473800003 97.7315757800001 -9999 -9999 -9999 -9999 -9999 -9999 -9999 -9999 -9999 -9999 -9999
131.22126485521 129.875561248047 129.21488712 128.063801390872 126.985792575643 126.00060192 125.5893281 125.288887527596 125.508430409146 125.5893281 125.5893281 126 126 126 125.809791740804 125.00008378634 123.994222343082 122.108266039999 119.660552536565 117.685354960077 117.1786562 117.479095786792 116.313083363534 114.766455759724 114.031902817018 112.97560358624 111.448318810501 109.67969804 107.673317476014 106.410757100727 105.25112764 103.55413542 102.787562309047 102.242378047695 101.728895035563 101.5893281 101.5893281 100.71489312 100.031904231405 99.5791375681468 98.9635651151109 98.5893281 98.4528532783727 98 98 98 97.4827094199998 96.6530513620826 96.7997153011756 -9999 -9999 -9999 -9999 -9999 -9999 -9999 -9999 -9999 -9999 -9999 -9999
130.397962322653 129.69698742 128.62555902 127.785046238141 126.732693554927 125.127448752004 124.5178997 123.78631672 123.933779052799 124.45736708027 124.973903033338 125.5178997 125.5178997 125.5178997 125.166381785612 123.853918701319 123.14346112 121.841118344818 120.214797497886 118.28357678191 117.128041335976 116.990390745816 116.19699102 114.251125239999 113.543997823702 112.48331134 110.42917712 109.274806575503 107.53684124 105.85391985836 104.949543134709 103.55413542 102.48270702 101.716177246085 101.176008326983 100.647305939949 100.5178997 99.6434647199997 99.5178997 98.5178997 98.4719515453939 98 98 98 98 98 97.7320953638051 97.1982787031262 -9999 -9999 -9999 -9999 -9999 -9999 -9999 -9999 -9999 -9999 -9999 -9999 -9999
129.871811509904 129.14345872 128.07203032 127.00060192 125.92917352 124.594895777071 124 123.26841702 123 123.87443978 124.422302995953 124.456045453442 125 124.911350507768 124.343076681627 123.69698982 122.62556142 121.307332850187 119.92917592 119.183623028602 117.974434642002 116.71489072 115.64346232 114.181622726182 113.05413422 111.421455764973 109.91127742 108.751200856237 107.111498373158 105.69699222 104.62556382 103.55413542 102.48270702 101.41127862 101 100.26842182 100 99.1255650199996 99 98 98.0491091658994 98.5535287000001 98.5535287000001 98.5535287000001 98.3462688565205 98.2467975128748 98.2671935177303 -9999 -9999 -9999 -9999 -9999 -9999 -9999 -9999 -9999 -9999 -9999 -9999 -9999 -9999
129.14345872 128.26140018326 127.62555902 126.55413062 125.159413299574 124.154245326147 124 123.26841702 123 123.327952430967 123.3750429 124.006486959523 124.3750429 124.31497851192 123.855271322358 123.261401083363 122.62556142 121.386913774806 120.10766172 118.8891028875 117.054738539999 115.64346232 114.57203392 113.50060552 112.42917712 110.98270582 109.855829613698 108.154828432023 106.76842062 105.507625356533 104.00060672 103.207824554909 102.48270702 101.41127862 100.587434707925 100.100669697796 100 99.1255650199996 99 98.6249571 98.6582309735959 99 99 99 98.8595712692908 98.7921745449877 98.8059938407341 -9999 -9999 -9999 -9999 -9999 -9999 -9999 -9999 -9999 -9999 -9999 -9999 -9999 -9999
128.76841582 127.78898643297 127.189928789078 126.55413062 125.325643113174 124.286405124778 124 123.777880799319 123.137180018633 123 123 123.315659587512 124 123.888471508392 123.233302913656 122.788988104295 122.189929517753 121.243637720199 119.78631912 118.536145643897 116.219975234054 114.57203392 113.50060552 112.42917712 111.35774872 110.28632032 109.187954458234 107.728322199717 106.07203512 104.908609164379 103.62556382 103 102.48270702 101.41127862 100.33985022 100 100 99.1255650199996 99 99 99 99 99.1612668510059 99.6963855 99.6963855 99.6963855 99.6963855 -9999 -9999 -9999 -9999 -9999 -9999 -9999 -9999 -9999 -9999 -9999 -9999 -9999 -9999
128.178415472424 127.4643301492 126.2321861 126.128661427548 125.48270222 124.41127382 124 123.438280418953 123.045738019422 123 123 123.004016025454 123.2321861 123.195000711296 123 122.929645248045 122.192815607159 120.682795004795 119.48270462 118.41127622 116.526417479919 114.474515581706 112.580429563331 111.35774872 110.28632032 109.21489192 108.14346352 107.034850288542 105.76842062 104.69699222 103.62556382 102.657658977958 102.112077860416 101.41127862 100.846722397166 100.206098004459 100 99.7969683522902 99.7678139000001 99.7678139000001 99.7678139000001 99.7678139000001 99.8215828558361 100 100 100 100.397182897663 -9999 -9999 -9999 -9999 -9999 -9999 -9999 -9999 -9999 -9999 -9999 -9999 -9999 -9999
127.611289520266 125.715490239999 124.635762109269 125.1607577 124.64345992 124.066115433373 123.445970351925 123.043150102776 123 123 123 123 123 123 123 122.745701039613 121.726125235088 120.55413302 119.048568455509 117.57203392 115.840453339999 113.69759654 112.228658843296 110.391697782002 109.21489192 108.98270582 107.91127742 106.83984902 105.76842062 104.69699222 103.62556382 102.928323835608 102.405108149691 101.41127862 101 100.882393174413 100.8392423 100.8392423 100.8392423 100.014511993219 100.8392423 100.8392423 100.8392423 100.8392423 100.8392423 100.8392423 100.922400743873 101 -9999 -9999 -9999 -9999 -9999 -9999 -9999 -9999 -9999 -9999 -9999 -9999 -9999
127.747728567309 126.580590218337 125.854789950635 125.504630519607 124.48270222 124 123.33984542 123 123 123 123 123 122.919200760356 122.235176290672 123 122.69698982 121.284571176244 119.64346232 118.525824285811 116.875142723161 114.167843692132 112.381726438895 111.28632032 109.340454539999 108.14346352 107.177113723006 107.00060672 105.92917832 104.85774992 104.062261827118 103.62556382 103 102.48270702 101.94740993123 101.309491637742 101 101 101 101 100.912215362603 101 101 101.210890370481 101.9106707 101.9106707 101.9106707 101.9106707 101.9106707 -9999 -9999 -9999 -9999 -9999 -9999 -9999 -9999 -9999 -9999 -9999 -9999 -9999
127.76841582 126.69698742 125.632261850539 125.009919436815 124.48270222 124 123.33984542 123 123 123 123 122.983013044349 122.016312643005 122.00286688964 122.0179009 121.41730469493 119.654660432423 118.134148360222 116.51850642 115.436539334486 114.334114083682 111.813549261609 109.42625752345 108.145711203904 107.07203512 106.0179009 105.92917832 104.85774992 104.013755420676 103.702416331969 103.011198155385 103 102.990739990094 102.403916362551 101.988182724803 101.9820991 101.9820991 101.9820991 101.9820991 101.9820991 101.9820991 101.9820991 101.986244536361 102 102.367731078348 102.9820991 102.474068486943 102 102 -9999 -9999 -9999 -9999 -9999 -9999 -9999 -9999 -9999 -9999 -9999 -9999
128.401041384389 126.659679425876 125.979957110443 125.524469393238 124.48270222 123.41127382 123 123 122.19698862 122.827633204676 122.9464725 122.92917592 121.848249067266 120.536255960096 118.921680512542 118.233397139999 116.8394175 115.501816559999 113.867107028453 113.892945 112.572640639999 111.16136442 109.329910103177 108.025228673142 106.102473101078 104.98270582 103.995250902099 103.937900018418 103.673761485263 102.962691748944 103 103.023866016306 103.0535275 103.0535275 103.0535275 103.0535275 103.010544565289 102.172371338392 102.948761177927 102.0535275 102.0535275 102.205103726884 102.780818756797 102.0535275 102.407918775841 102.97613411216 102.456871191521 -9999 -9999 -9999 -9999 -9999 -9999 -9999 -9999 -9999 -9999 -9999 -9999 -9999 -9999
125.971062190362 125.8750441 125.547391729653 125 124.48270222 123.484838629675 123.042465690317 123 122.19698862 122 121.881808190287 121.853424900558 120.370044069727 117.730076090264 117.219843759487 115.269023739999 113.828255790241 112.523914679532 111.388017160453 111.676523690219 110.387317849788 109.01850762 107.846738510196 106.204055869434 105.881808490181 104.859910929826 103.91127742 102.859860829842 102.1249559 102.390101070143 103.046788009864 103.515107070128 104.06463880988 104.1249559 104.1249559 104.1249559 103.32194932 103.1249559 103.1249559 103.1249559 103.11386979006 103 103 103 103 102.55413782 -9999 -9999 -9999 -9999 -9999 -9999 -9999 -9999 -9999 -9999 -9999 -9999 -9999 -9999 -9999
125.76841582 125 125 124.912438253917 124.387907082417 124 123.469489415085 123.052712888581 122.039289792246 121.8036157 120.85774752 120.558738436755 117.626165739999 115.580559101152 114.365368074242 113.667948882091 112.109942378426 111.16136442 110.08993602 109.01850762 108.206366267525 107.26841942 105.39398204 105.702711607235 104.85774992 103.8036157 103.732316841767 103 103 103 103.37443618 104.087560803438 104.612089060228 105 105.129643052441 105.1963843 104.39337772 104.1963843 104.010631582223 104 103.928703070445 103.164933633221 103 103 102.926467084218 102.445313852115 -9999 -9999 -9999 -9999 -9999 -9999 -9999 -9999 -9999 -9999 -9999 -9999 -9999 -9999 -9999
125.76841582 125 125 124.55413062 124 124 124 123.072489806852 121.341221185808 120.765813921531 119.27968809774 117.89415604 115.798822592902 114.026805569112 111.50060552 110.42917712 109.631907892906 109.137916459754 108.21489192 107.301131225076 107.306557904527 106.73279402 105.073412643058 104.498001864281 103.771823688379 102.72755569896 102.4643746 102.507265066361 102.7321873 102.813336631683 103.37443618 104.44586458 105 105.157667062326 105.92796248 106.2678127 105.46480612 105.033627907032 104.307450845629 104.26318174171 104 103.83985142 103 103 102.62556622 102 -9999 -9999 -9999 -9999 -9999 -9999 -9999 -9999 -9999 -9999 -9999 -9999 -9999 -9999 -9999
125.42917472 124.763553220953 124.87297423006 124.366146738927 124 124 123.552096868221 122.106534854876 120.85774752 119.489673207148 116.804790621838 114.292792350825 112.630659740187 112.1098722576 110.689856162213 109.254955213225 108.074104175761 107.509502495251 106.80422242 106.3215178 105.88531637171 104.92917832 103.85774992 102.78632152 102.33988235234 101.64346472 100.6607589 100.82090988 101.739320143609 102.30300778 103.37443618 104.44586458 105.175487039558 105.728243991455 106.66014978 107 106.19699342 105.422209304493 105.018365366519 104.98270822 104 103.83985142 103 102.897208121583 102.413348447404 102 -9999 -9999 -9999 -9999 -9999 -9999 -9999 -9999 -9999 -9999 -9999 -9999 -9999 -9999 -9999
