catData/variables/futureClimate2070/rcp85/HadGEM2_ES_2070_rcp85/bio17.asc
NCOLS 409 
NROWS 350 
XLLCORNER 60.897278365 
YLLCORNER 5.843756025 
CELLSIZE 0.0892857 
NODATA_value -9999 
[rows 135 to 161 of 350, columns 61 to 121 of 409]
-9999 -9999 -9999 -9999 8.30671392113911 8.28636016254038 8.55353590000006 8.18809937010043 8 8 8 6.63179050461793 6 6 6 6 6 6 6 6 5.67410298226615 5.15171592141326 5 5 5 5 6 6 6 6 6 6 6 6 5.73714310924765 5.18810202707278 5 5 5 5 5 5 5 5 5 4.62553501999989 4 4 4 4 4 4 3.12553621999994 3 3 3 2.751158689802 1.34306043387742 1 1 1
-9999 -9999 -9999 9.2340317438432 9.17906371999985 8.81898113614458 9 8.75240676386762 8.16773155612617 8 8 7.05410062000009 6 6.05546944390445 6.52485465608957 6 6 6 6 5.67668935605884 5.15423156394718 5 5 5 5 5 5.385863443984 6 6 6 6 6 6 6 6 5.752408564039 5.62496430000003 5.62496430000003 5.62496430000003 5.03381395593649 5 5 5 5 5 4.62553501999989 4 4 4 4 4 3.4981315558629 3.04708056414303 3 3 2.94453505583856 2.15478608416747 1 1.1893855441798 1.85899004418599 1.97126265580789
-9999 -9999 -9999 -9999 9.55409941999982 9 9 9 8.2683858199999 8 8 7.05410062000009 6.01206693949934 6.66153056833618 6.25497409216458 6 6 6 5.68947976250461 5.14654317382794 5 5 5 5 5 5 5.01732538000016 6 6 6 6 6 6 6 6 6 6 6 6 5.71281950048156 5 5 5 5 5 4.62553501999989 4 4 4 4 4 3.19696461999978 3 3 3 2.84944687819549 1.25497627813712 1.16128857446986 1.78839608919752 2.37446258000008 2.86462424346778
-9999 -9999 -9999 -9999 -9999 -9999 -9999 -9999 -9999 8 8 7.05410062000009 6.77184424489996 6.91124381999988 6 6 6 5.71247420160361 5.12865075105552 5 5 5 5 5 5 5 5.01732538000016 6 6 6 6 6 6 6 6 6 6 6 6 6 5.7545201504411 5 5 5 4.7673221198041 4.145236032855 4 4 4 4 4 3.19696461999978 3 3 2.98670089321155 2.12282427944736 1.12298757210675 1.82159507523412 2 2.37446258000008 3
-9999 -9999 -9999 -9999 -9999 -9999 -9999 -9999 -9999 -9999 8 7.05410062000009 7.82470716929875 6.91124381999988 6 6 6 5.62553022 5 5 5 5 5 5 5 5 5.01732538000016 6 5.86556718552601 5.16075049999999 5.16075049999999 5.47502206143142 6 6 6 6 6 6 6 5.20615844668226 5.15796582230348 5 5 5 4.95128671824671 4.5249799527674 4 4 4 4 4 3.19696461999978 3 3 2.96814313189479 1.14648405709049 1.16017738000003 2 2 2.0601950469663 2.16075049999999
-9999 -9999 -9999 -9999 -9999 -9999 -9999 -9999 -9999 -9999 8 7.05410062000009 7.98267221999982 6.91124381999988 6 6 6 5.62553022 5 5 5 5 5 5 5 5 5.01732538000016 5.91917389401245 4.9291399199999 4.08932209999998 4.08932209999998 4.46378948000012 5.08932209999998 5.56043779786167 6 6 6 6 5.20364297557648 5.00483280973578 4.08932209999998 4.08932209999998 4.08932209999998 4.30024255098531 5 4.96655200160994 4.91067790000002 4.91067790000002 4.37451612245283 4 4 3.19696461999978 3 3 2.96535883999946 1 1.16017738000003 2 2 1.65898520401693 1.08932209999998
-9999 -9999 -9999 -9999 -9999 -9999 -9999 -9999 -9999 -9999 -9999 7.98307436026419 7.98267221999981 6.91124381999988 6 6 6 5.62553022 5 5 5 5 5 5 5 5.92897138320911 5.96540095030415 4.92913991999981 4.01502744812565 4 4 4.00670060695747 4.45581075468148 5.00925684367962 5.0178936999999 5.0178936999999 5.0178936999999 4.22922523712357 4.02013996451482 4.0178936999999 4 4 4 4.00414432729045 4.31550783434843 5 5 5 4.98946508090419 4.9821063000001 4.26359047581804 3.19696461999978 3 3 2.96535883999946 1 1.00286616598449 1.24535519565442 2 1.62553741999992 1
-9999 -9999 -9999 -9999 -9999 -9999 -9999 -9999 -9999 -9999 -9999 7.94589937999991 7.98359985750379 6.96002698453043 6 6 6 5.62553022 5 5 5 5 5 4.95700948487575 4.9464653 4.9464653 3.9464653 3.86246292698607 3 3 3.28681587911747 3.9464653 3.9464653 3.97416009477905 4 4 4 4 4 4 4 4 4 4 4 4.37446498000011 5 5 5 5 4.26839301999999 3.19696461999978 3 3 1.98267941999973 1 1 1 1 1 1
-9999 -9999 -9999 -9999 -9999 -9999 -9999 -9999 -9999 -9999 -9999 7.94589937999991 8 7.83357888739673 6.10494593831104 6 6 5.62553022 5 5 5 5 4.90857552397465 4.17234711031726 4 3.88179778109852 3 2.98890905251447 2.87503689999996 2.87503689999996 2.91290559036162 3 3 3.45267774676227 3.87503689999996 3.87503689999996 3.87503689999996 3.87503689999996 3.87503689999996 3.87503689999996 3.87503689999996 3.87503689999996 3.87503689999996 3.90397937615814 4 4.32767067525785 4.93075711903427 5 5 4.91750203808957 4.14342991999995 3.17235131049428 3 3 1.98267941999973 1 1 1 1 1 0.944280080877116
-9999 -9999 -9999 -9999 -9999 -9999 -9999 -9999 -9999 -9999 -9999 -9999 7.80020547129405 7.5358917793243 6.67488280994308 6 6 5.62553022 5.08757061241752 5.09479295696393 5 4.87034559572668 4.2156790548918 4 3.82826180387087 2.85771151999991 2.80360849999996 2.73228520798476 2 2 2.24352470015938 2.87715071045927 3 3 3 3 3 3 3 3 3 3 3 3.18612230211761 3.80360849999996 3.80360849999996 4.16193221026175 4.60721699999992 4.60721699999992 4.07669188159396 3.21568291221265 2.84229067716866 2.80360849999996 2.61784331593146 1.78968953468681 1 1 1 1 0.926458732219899 0.44528671839846
-9999 -9999 -9999 -9999 -9999 -9999 -9999 -9999 -9999 -9999 -9999 7.43923802527659 6.71949304430666 6 6 6 6 5.62553022 5.32647777402232 5.35340387292287 4.84231970013187 4.24880696681316 4 3.78492985929637 2.85771151999987 2.03961315459386 2 1.97622997151575 1.73218009999998 1.79421002237456 2 2.27417756373523 2.73218009999998 2.73218009999998 2.73218009999998 2.73218009999998 2.53624054900929 2.46436019999996 2.69855964488098 2.73218009999998 2.73218009999998 2.73218009999998 2.73218009999998 2.73218009999998 2.73218009999998 2.73218009999998 2.73218009999998 2.87072916738742 3 2.82319103872222 2.73218009999998 2.14421357516789 1.76580119788674 1.03961666905839 1 1 1 1 0.918841416215806 0.458006050729267 0
-9999 -9999 -9999 -9999 -9999 -9999 -9999 -9999 -9999 -9999 -9999 -9999 6 6 6 5.921425690277 5.66075169999994 5.41332015626634 5 4.82449783719013 4.27173084608148 4 3.75180194737496 2.85771151999984 1.78628311999983 1.66075169999994 1.66075169999994 1.57199791999985 0.660751699999944 0.813788784473009 1.32150339999989 1.32150339999989 1.32150339999989 1.49700474861383 1.66075169999994 1.66075169999994 1.17733955842901 1 1.87446618000008 2 2 2 2 2 2 2 2 2.51732178000003 2.80026750231022 2.22453758096135 2 1.72757161249503 1.08294827077653 1 1 1 1 1 0.69696581999998 0 0
-9999 -9999 -9999 -9999 -9999 -9999 -9999 -9999 -9999 -9999 -9999 -9999 -9999 5.96354990489294 5.58932329999998 5.45282837430345 5 5 4.81688000690152 4.28445069269663 4 4 2.96793230850836 1.78628311999987 1.07397859068802 1 0.589323299999979 0.537018629482852 0 0 0 0 0 0.304871192927417 0.589323299999979 0.589323299999979 0.589323299999979 0.589323299999979 1.82291236506412 2 2 2 2 2 2 2 2 2.51732178000003 2.65303580104672 1.86843677870976 1.58932329999998 1.11607583984151 1 1 0.596436458636577 1 1 1 0.8214148970296 0.410676700000021 0.410676700000021
-9999 -9999 -9999 -9999 -9999 -9999 -9999 -9999 -9999 -9999 -9999 -9999 -9999 -9999 5 -9999 5 4.81946620926612 4.28696650665864 4 4 3.3634444511334 1.92528001035798 1.10200448628286 1 1 0 0 0 0 0 0 0 0 0 0 0 0 1.32734775484461 1.97391550108037 2 2 2 2 2 1.81946852337055 1.5178949 1.78581321152094 2.03578980000001 1.35198356065744 1 1 1 1 0.0089702400471826 0.560681235877819 1 1 1 1 1
-9999 -9999 -9999 -9999 -9999 -9999 -9999 -9999 -9999 -9999 -9999 -9999 -9999 -9999 -9999 -9999 -9999 -9999 -9999 -9999 3.34820879055619 1.93799985697294 1.11982634922458 1 1 0.476414334021072 0 0 0 0 0 0 0 0 0 0.365432288492936 0.553533500000074 0.553533500000075 1.42799968000016 1.97584374250158 2 2 2 1.87179711349589 1.44646649999993 1.27928043100673 1 1 1 1 1 1 1 1 0.553533500000075 0.593156946479255 1 1 1 1 1
-9999 -9999 -9999 -9999 -9999 -9999 -9999 -9999 -9999 -9999 -9999 -9999 -9999 -9999 -9999 -9999 -9999 -9999 -9999 -9999 2.4545406090646 1.12744417951317 1 -9999 1 0.0541030199999507 0 0 0 0 0 0 0 0 0.367947931026719 0.872554920395377 1.45722798818265 1.6249619 1.95292003466149 2 2 2 2 1.76839181999989 1 1 1 1 1 1 1 1 1 1 1 1 1 1 1 1.23402484547576 1.6249619
-9999 -9999 -9999 -9999 -9999 -9999 -9999 -9999 -9999 -9999 -9999 -9999 -9999 -9999 -9999 -9999 -9999 -9999 -9999 -9999 -9999 1 -9999 1 1 0.0541030199999507 0 0 0 0 0 0 0 0 0.588752580000025 1.45974363071658 1.918514004379 2.55922772052572 2.69639030000002 2.03767848966541 2 2 1.88845235495182 1.23329120995261 1 1 1 1 1 1 1 1 1 1 1 1 1 1.161288018616 1.69639030000002 1.81008077157506 2
-9999 -9999 -9999 -9999 -9999 -9999 -9999 -9999 -9999 -9999 -9999 -9999 -9999 -9999 -9999 -9999 -9999 -9999 -9999 -9999 -9999 -9999 -9999 1 1 0.0541030199999507 0 0 0 0 0 0 0 0 1.04080782059735 1.92110037817173 2 2.80303778000025 3 2.05410541999998 2 1.93185503078514 1.07200151999985 0.41001439167698 1 1 1 1 1 1 1 1 1 1 1 1.06814312644996 1.76781870000009 1.821593231088 2 2 2
-9999 -9999 -9999 -9999 -9999 -9999 -9999 -9999 -9999 -9999 -9999 -9999 -9999 -9999 -9999 -9999 -9999 -9999 -9999 -9999 -9999 -9999 -9999 -9999 1 0.0541030199999507 0 0 0 0 0 0 0 0.868325635649836 1.86778156923496 2.55405497294023 3.4532481504978 3.80758485194458 3.83924709999998 2.89335251999996 2.82470883927152 1.91124861999993 0.839820219999942 0.0372316865987435 0.160752900000016 0.475021548516662 1 1 1 1 1 1.67394511386257 1.83924709999998 1.83924709999998 1.83924709999998 1.85351375590703 2 2 2.25432055676589 2.83924709999998 2.83924709999998
-9999 -9999 -9999 -9999 -9999 -9999 -9999 -9999 -9999 -9999 -9999 -9999 -9999 -9999 -9999 -9999 -9999 -9999 -9999 -9999 -9999 -9999 -9999 -9999 -9999 -9999 0 0 0 0 0 0.341018268515331 1.31674186239955 1.91377044743286 2 3.26139162405221 3.97602614206382 4.73130683182065 4.91067550000003 3.10337790041117 2.98267701999987 1.99207232735719 1.60462391875853 0 0 0.374464980000113 1 1 1 1 1 1.80303538000022 2 2 2 2.08082152173603 2.91067550000003 3.12159320950451 3.84841937661147 3.91067550000003 3.50461350884281
-9999 -9999 -9999 -9999 -9999 -9999 -9999 -9999 -9999 -9999 -9999 -9999 -9999 -9999 -9999 -9999 -9999 -9999 -9999 -9999 -9999 -9999 -9999 -9999 -9999 0.983072133056326 0 0 0.157315543688604 0.982103900000111 0.982103900000111 0.98880540567929 1.44589578000012 2 2.57821620495315 3.65409954483632 4.7185164253747 4.99647514441468 4.14118335420372 3.05507369600683 2.98267701999987 2 1.67964043999988 0 0 0.374464980000113 1 1 1 1 1 1.01437120146393 1.87671038874678 2 2 2.08874898000004 3 3.23160578000008 4 4 3.55410901999976
-9999 -9999 -9999 -9999 -9999 -9999 -9999 -9999 -9999 -9999 -9999 -9999 -9999 -9999 -9999 -9999 -9999 -9999 -9999 -9999 -9999 -9999 -9999 -9999 -9999 -9999 1 1 1 1 1 1 1.42202595333643 1.97416125320103 2.58875258000003 3.62483997372446 3.98563243281298 4 3.9531878141124 3.05120903242492 1.93007205896216 0.995248934500425 0.79486271203686 0 0 0.374464980000113 1 1 1 1 1 1 1.87446378000006 2 2.07085288000025 3.05353229999998 3.0449576364406 3.21920738990339 3.94646770000003 3.59205096317127 3
-9999 -9999 -9999 -9999 -9999 -9999 -9999 -9999 -9999 -9999 -9999 -9999 -9999 -9999 -9999 -9999 -9999 -9999 -9999 -9999 -9999 -9999 -9999 -9999 -9999 -9999 -9999 -9999 1 1 1 1 1.05571944879588 1.57763968834035 2.51518164547639 2.87503929999995 3.51522625974858 3.7500785999999 2.98488632597899 2.75683965115689 0.997835308293097 0.797378354570661 0 0 0 0.374464980000113 1 1 1.07357063461798 1.12496070000005 1.12496070000005 1.12496070000005 1.89015087392661 2.11819934893737 3.01732058000027 4 3.85983849752895 3.09601907960718 3 3 2.94428115101546
-9999 -9999 -9999 -9999 -9999 -9999 -9999 -9999 -9999 -9999 -9999 -9999 -9999 -9999 -9999 -9999 -9999 -9999 -9999 -9999 -9999 -9999 -9999 -9999 -9999 -9999 -9999 -9999 -9999 -9999 1 1.07354131173762 1.55471580907215 2 2 2 2 2 1.82826437392926 1.04347970526106 0.982677019999871 0 -9999 0 0.0595130812133165 0.497313239596433 1 1 1.58875018000017 2 2 2 2 2.94589217999999 3.01732058000027 4 4 3.81387907068895 3.1963891000001 3.12284873093017 2.55410901999976
-9999 -9999 -9999 -9999 -9999 -9999 -9999 -9999 -9999 -9999 -9999 -9999 -9999 -9999 -9999 -9999 -9999 -9999 -9999 -9999 -9999 -9999 -9999 -9999 -9999 -9999 -9999 -9999 -9999 -9999 -9999 -9999 2 2 2 2 2 2 1.35973116616208 1.01449037832084 -9999 -9999 -9999 -9999 1 1 1 1 1.58875018000017 2 2 1.7849330721168 1.73218250000001 2.67807468 2.74950308000028 3.75595102995117 4 4 3.91884214349785 3.45800755201909 2.55410901999976
-9999 -9999 -9999 -9999 -9999 -9999 -9999 -9999 -9999 -9999 -9999 -9999 -9999 -9999 -9999 -9999 -9999 -9999 -9999 -9999 -9999 -9999 -9999 -9999 -9999 -9999 -9999 -9999 -9999 -9999 -9999 -9999 -9999 -9999 2 2 2 2 -9999 -9999 -9999 -9999 -9999 -9999 1 1 1 1 1.38901909531083 1.66075409999997 1.66075409999997 1.13014518021979 1 1.94589217999999 2.01144464424956 2.74950308000001 3.66075409999997 3.66075409999997 3.35771991999995 2.66075409999997 2.36612980681181
-9999 -9999 -9999 -9999 -9999 -9999 -9999 -9999 -9999 -9999 -9999 -9999 -9999 -9999 -9999 -9999 -9999 -9999 -9999 -9999 -9999 -9999 -9999 -9999 -9999 -9999 -9999 -9999 -9999 -9999 -9999 -9999 -9999 -9999 -9999 -9999 -9999 -9999 -9999 -9999 -9999 -9999 -9999 1.09511552719584 1.41067430000008 1.25689115646399 1 1 1 1 1 1 1 1.94589217999999 2 2.0523020547628 2.58932569999992 2.58932569999992 2.41073986974751 2 2
