catData/variables/futureClimate2070/rcp85/HadGEM2_ES_2070_rcp85/bio11.asc
NCOLS 409 
NROWS 350 
XLLCORNER 60.897278365 
YLLCORNER 5.843756025 
CELLSIZE 0.0892857 
NODATA_value -9999 
[rows 78 to 103 of 350, columns 59 to 117 of 409]
14.3558153425733 12.7671824036759 12.9069943506766 13.1844284555321 12.7225415586452 11.4107453388713 10.6324614518677 9.35798031930859 9.55354228632475 9.25657873485716 8.22771156556091 8.21631139841551 8.67233392663241 10.7100519877252 12.690813375139 14.3282645471024 15.6090289664477 15.3882545816481 15.5191707467805 15.4589078759341 15.3066933808231 14.0393471389045 12.4165881484318 11.7082438397817 11.5688515168416 12.9511078644243 14.1713409731663 15.0041546168897 15.3410090116076 15.5413759849945 15.5120257896186 15.317897492 15.2756978206204 15.184845580187 14.614154697822 14.2838825333421 14.0169883114051 13.1765090335974 12.5882234377855 12.9660531214106 13.7910728387503 14.4181634604554 14.2266151303926 12.6033107407147 15.1295083192793 17.2650770835923 18.2074651914287 18.8439721359582 19.2086941516725 19.375002920366 19.4 19.333982142 19.2621113255537 19.24821171 19.160765332 19.14821171 19.04910871322 19.0954038420866 19.04821171
-9999 12.7382193914909 12.9996696681937 13.453242684867 12.8922893478554 11.6826040821142 11.0046020620491 9.6854662237885 9.88313963924759 10.0158030462927 9.5666985900947 9.39145376693476 9.44965498910172 10.5941419213165 13.7928876243936 16.0347396720182 17.171300332057 17.0973217774359 17.0733825285489 16.595370528074 16.8917380107009 16.9040186001168 15.8975341457378 14.1258308858345 12.6712055788527 13.3816947009005 14.6908543674702 15.390115177303 15.7542099721596 15.6460250431311 15.1059895195727 14.6189191402934 14.578770056 14.2780700093095 13.970553700488 13.858950465188 13.5869898122545 13.4165391917311 13.5907089800398 13.8303398126613 14.1203831124635 14.37663367553 13.384108081726 13.2911374368073 16.6065517030771 17.8256426288396 18.6074587499223 19.1023202535414 19.344533226 19.45535455 19.4227645487237 19.3705260302155 19.3148567748452 19.3 19.2609591710332 19.2029951140276 19.15535455 19.1504418901491 19.1088665467901
-9999 12.9880147867704 13.3060566753521 13.5478877485322 12.9999814237514 12.1936564664896 11.9530527693937 11.1818012269359 10.4378631005081 10.4470871486605 10.2341776338959 10.8929773799267 12.9128678367803 13.1512187723366 14.9366504473632 15.7941724755604 17.843555100673 18.2127547394803 18.40565229656 18.1392191421161 18.0295131784558 17.8775087778342 16.4813692444079 14.8252675630281 14.3841255436623 14.9997705638362 15.1390648723729 15.4567453095411 15.9775303478154 15.3581454448079 14.6298068518254 13.8272498962392 14.1477179579096 14.1016824101098 13.6197961159937 13.2638176739322 13.5207815844807 14.2773908688883 14.4503155357553 14.3598397272856 14.3827843241067 14.3638497430697 12.8606714175555 14.4667347799557 17.6186526316385 18.5417078289894 19.008706802 19.3389820821036 19.4584391110634 19.5 19.441124982 19.4 19.3725628287558 19.3123097746723 19.3 19.2645265744714 19.2614148989567 19.1966716816152 19.168504459813
13.9079694122788 13.3713422461487 13.6298026278698 13.4278496209787 12.1430416465391 11.7729438699504 12.0187215249483 11.5852968534586 10.4526130072851 10.1189045393143 10.1564257937664 11.8995710375362 14.6202542767717 16.738603847601 17.057246496 16.881952883796 18.155547107019 18.5249043543965 19.0236959456109 19.2506005992508 19.1906728295057 18.8505003380979 18.1781798533003 17.2951076217015 16.0570849316223 16.1412759653245 16.2185064094287 14.9829456593993 15.1928821404803 15.0528832536525 14.6183806282852 14.4154311056302 14.442850388403 14.2744573204707 14.2784350968551 14.4984714048798 14.8159571914943 14.95886511809 14.6951919239734 15.1366143535833 15.0833484522927 14.1720645887165 14.0972951888037 16.7318021576798 18.409333498559 19.0854251101499 19.2668247106112 19.437446498 19.5310521175387 19.5336138222568 19.4821256799477 19.46964023 19.4186909516432 19.3756200305613 19.3087423712341 19.3 19.298267942 19.2061804993795 19.258485440416
15.0030147454555 13.9648198234775 13.9616527375079 13.2351726862571 11.5830673119552 11.3179069226301 11.2892537439191 10.7919377607346 9.60882433033707 10.0949593145464 10.4669295147959 11.6423521918703 14.4337670508223 18.0291648696896 18.8412257954211 18.3019887700363 19.0091807927334 19.6074413070937 19.6121611470132 19.8099974660081 19.4594298941608 19.144238935035 19.248256782 18.5422402872824 17.562421638265 15.781304353741 15.9998825749548 14.774972472225 15.118579131192 15.7391439757025 15.337639192603 14.8958921830151 15.200135936 14.9736596641025 15.2193233155578 15.612430838 15.6564992717487 15.510911164 15.4596852567116 15.6356273473306 15.0115780285305 14.3400799037388 15.0404003635161 18.3149818743075 19.0881118596984 19.376726958 19.4606017190653 19.514229568 19.5871353453909 19.548267822 19.5 19.4493094618794 19.4624062919157 19.415123548205 19.3796976356322 19.37678307 19.2995978693066 19.2788435488562 19.296281172981
15.9477021617458 14.5737588816127 14.0827824854002 12.7001574516821 11.4387522330191 11.4411847034285 10.8008297589174 9.73480904249533 9.46878366240008 10.4347080002223 11.0134573633016 12.1890905358859 16.1796077214769 17.8324855589518 19.529391192819 19.2395588743493 20.0027634021332 20.3828497266859 20.5744343524158 20.592477755892 20.3783848847145 20.1975581220442 19.7999869072188 19.2134214485336 18.7348543944032 17.2766351986035 16.7652580278851 16.4774206369402 16.2078847894566 16.1804591454853 15.4653795306674 15.6591462099237 15.9635094103239 15.6199871549454 15.3106812626951 15.586788493143 15.8548452161654 15.885759632 15.8021367020379 15.3795518512946 15.300644957128 15.7984333252962 15.9055082408379 18.813903696 19.4703704521999 19.5715747107301 19.6093585307398 19.6424436895807 19.6 19.5916845231493 19.58392591 19.517908052 19.4956858264412 19.419696462 19.4 19.4 19.38392591 19.3764775710919 19.3
15.6188157601698 14.1504165997295 13.8658553418954 12.4251181047858 11.5426155107225 10.7118948921356 10.6719178522203 9.44387068864218 8.89896599485134 9.73290012700966 10.6550459885647 11.4480600242984 15.6130001390605 16.6791583176751 18.7988532049733 19.9093345296327 20.5888113145301 20.7915734848553 20.8848440383251 20.8843797835548 20.828616432 20.7168532189824 20.4666152343395 19.4632558961261 17.7924402039416 17.1621858454932 16.3698912655255 15.4787958072209 15.2301517189988 16.0358250018261 16.1620170630952 16.3668480239779 16.3787763397802 16.155381805699 16.0374379707405 15.6776011562436 15.7642704085596 16.4750786116015 16.646457812 16.3571910224821 16.3084451521403 15.0777020912877 17.8462156119772 19.2851398070505 19.607086728 19.6699764825576 19.630303658 19.6966555596474 19.6504617972501 19.6 19.6 19.533982142 19.5 19.4928278902624 19.4114324266351 19.4 19.4 19.3992073606724 19.39106875
14.6986105426637 13.6810022761961 13.0146297399722 11.2909147027654 11.7092682642124 9.94995853633148 9.26741719928109 8.32022581046767 8.30967752041403 9.62104883004465 9.80261121961909 12.155292941488 12.7628074663311 14.7201281434368 19.2101494971752 20.3462588004399 20.8952077214094 20.921372888 20.99821159 20.99821159 20.953621772 20.7956714660289 20.5811960687062 20.0278184740895 18.756202540706 19.086913591117 18.4736332579999 16.5803672341799 15.8944793495315 16.3931638162954 16.428459616 16.6423310813226 16.7632469561155 16.5439498028282 15.9462796328314 15.808234305159 16.6141996589952 16.9915612941315 16.923262242 17.0498499320194 15.8851231348535 15.4084507280902 18.5033699195441 19.2371302381445 19.616017978 19.6995857896148 19.69875354365 19.7 19.6992025598203 19.6474045954446 19.6 19.5988193300257 19.5263593052391 19.5 19.412553622 19.4 19.4 19.4 19.4
13.2083564998216 13.2341922939822 11.7452262416845 11.8736781338957 12.2963568614139 11.6779875926262 10.5758961186215 9.82053635218962 10.98200689404 11.9886311832821 11.7922376433105 12.3374211916491 12.1261280034022 15.5291131381722 19.8226822100002 20.8226304272471 21.0017153942414 21.0326300025115 21.10535443 21.067907452 21.00535443 20.953621772 20.7350328306551 20.1020562087814 19.7290635554313 19.570288720121 19.0257846835976 17.5684178341663 16.7869666673968 17.2406451150224 16.95284810227 16.6164571494485 16.5632056979773 16.3348105061204 16.2777789174827 16.7039741736727 16.7841503619077 16.3322747362236 16.5607772331498 16.9397753856786 16.7650815916372 17.384123333368 18.4282821306839 19.1643677708452 19.621372408 19.7272751182128 19.8 19.7645585485228 19.70535443 19.7025844667415 19.6442774036263 19.6018195500059 19.6 19.519696462 19.5 19.5 19.4983606838331 19.404879229799 19.4008576585688
13.3930464664911 12.8124977420606 11.0496916099395 11.6539118202997 10.761756014238 10.0679433979409 9.71837517770728 10.1361922966393 10.3960826993836 11.9546907437144 12.9808107413762 12.6130568383689 11.7769756060557 16.1916170072253 19.9418892201099 20.9110940378913 21.0530277161078 21.2 21.2 21.1672328719475 21.106924760052 21.0547325119484 20.953621772 20.6649248978987 19.8515957797491 18.6865440705465 18.0471499382953 17.4081239352686 16.5392028863863 16.6918551963348 17.2099636258106 16.9160392678593 16.5011209598143 16.154713971954 16.3229357883639 16.632336998135 16.8244055057327 16.8879746319118 16.9448063863053 16.964952141698 17.312272822 17.83543364 18.787976044167 19.5416356660413 19.728515248 19.81249727 19.8087101400399 19.8 19.7944275500389 19.7422356619615 19.7 19.6422325719625 19.6033541800371 19.519696462 19.5 19.5 19.5 19.4922342219653 19.4265132280342
13.9214333555091 12.543250811218 11.0390356684611 11.5693284323269 10.3258954361298 9.37453041042138 9.07518799411307 9.09606297910088 8.20184872572786 9.02750224845264 10.5502597632453 12.4784947858179 12.6784095163652 18.0670328597896 20.1531424440001 20.9641638928617 21.21964011 21.21964011 21.2136883439622 21.2 21.164167671304 21.1094797590629 21.0526877145702 20.887603434 20.4394652841635 18.8659643815137 17.8115197710273 18.2241505801131 17.8634474067379 17.3037266399894 17.1925080303771 17.0235573811214 16.786968896394 16.6772283910692 16.6739223891741 16.5866169030043 16.9391038413961 17.3115902621342 17.0218534174004 17.2065339643332 17.7693427077319 18.4422698251972 19.3848091815346 19.7464122711342 19.835658088 19.9150912998679 19.8756480137652 19.8122855766016 19.7641680570315 19.7094798533354 19.7 19.6870340200692 19.621568033564 19.5354681651971 19.5024655451698 19.5 19.5 19.5 19.5
12.7312900626219 10.8900120412554 11.2842826191161 11.3863855751492 10.4647381996679 9.45149519130667 8.26846281199984 7.91852029107334 9.45596393600016 9.97044607399241 10.4828692620312 11.8229775494238 14.8061025361424 18.8128085498121 20.525341289608 21.1689399836689 21.32678295 21.3205796711373 21.2778122041285 21.22678295 21.22678295 21.175050292 21.12678295 20.994746274 20.5661947688926 20.0539024449889 19.8201726104717 19.5787407443975 19.394925947145 19.0722632622081 18.5766745638604 17.7134441880851 17.0912713099999 16.7575082293089 16.9333865637143 17.2350262510598 17.4430285350875 17.712317894 17.5164021562237 16.98410518929 18.0233914019026 19.2465526042758 19.7828855249856 19.92678295 19.9385108409612 19.9830423323045 19.9186667364297 19.862553502 19.8 19.748267822 19.7 19.633982142 19.6 19.6 19.5359743416965 19.52678295 19.5004638962281 19.52678295 19.5224929272403
11.1385171849939 9.82081682192203 11.2139026170905 10.5085658844557 9.54377945615343 8.61121577260472 7.1991737558174 7.81723036570022 10.3445320152879 12.3758904683991 13.4249413848588 13.1033217493013 16.7303003870292 18.9418386634539 21.1379792046255 21.3707049509522 21.4 21.3846963553207 21.33392579 21.3212216068824 21.3 21.2658180549145 21.2139518121871 21.0903605667113 20.9124239416098 20.5738792805082 20.06609733422 19.1151135289488 18.6208823844071 18.7057824109179 18.860854084 18.6068688868091 18.2933347515675 18.2058477449573 18.1837714683767 18.2211053714926 18.3163296843911 18.4350776462632 18.1542884235033 17.8571158339498 18.8259170501979 19.6622603375839 20.03392579 20.03392579 20.0284915644215 20 19.9799770973754 19.896479292 19.8187985048277 19.748267822 19.7 19.633982142 19.6 19.6272436096645 19.6042589154371 19.6 19.5350702336403 19.6 19.5894164061566
11.0639649555005 11.068919910312 11.1661276592498 10.2450709959386 9.23809093737601 7.91123044967994 6.97105545530493 8.27822496651352 10.9002119080204 14.0576271288314 14.5850947873457 14.5630660029613 17.5111601302735 19.2984431538009 21.285912337629 21.4947694767166 21.4344900687523 21.4 21.4 21.377931982841 21.34106863 21.34106863 21.282193132 21.175050292 21.0979537454965 20.8742049660275 20.560865316 19.4759310390768 18.2030682009292 17.898578894025 18.1748168208302 18.2289127709269 17.8717097413124 18.1814031134475 18.639111884 18.8358297726615 19.0062042978696 18.9615143128013 18.960641348 19.2900603156116 19.626614374 19.96493916295 20.1403571989439 20.1 20.0905603861183 20.0315567993506 20 19.962553502 19.855410662 19.748267822 19.7 19.6610947718359 19.611022533633 19.6473239751019 19.6073980214292 19.6 19.6 19.6036447990225 19.64106863
11.2543570614532 11.3954033236169 11.2443764322194 10.3542339342221 9.00529763697332 8.36517756699092 8.69085929261412 9.65559635900894 10.2685646402634 12.7259044736585 14.486372278544 16.1718890178688 18.333490777237 19.9880101781463 21.4491088502544 21.5 21.4917042760731 21.44821147 21.44821147 21.44821147 21.44821147 21.44821147 21.389335972 21.3140215432194 21.2611508606169 21.1263191815468 20.8762417817106 20.5118787018743 20.0777284403429 19.3959109608074 19.1823827270752 19.5191598834706 19.3733410854655 19.2007445105726 19.3781057399176 19.4125393308156 19.3955868299114 19.4294667885355 19.517795348 19.6665263341607 19.958762794 20.1399988878332 20.246479172 20.1439326355057 20.1 20.0880053528218 20.0336016310144 19.9806070091493 19.903622132 19.796479292 19.7198269583594 19.7 19.6621111499681 19.6094959538682 19.6421591842956 19.64821147 19.64821147 19.6528076492132 19.7
11.3704882661561 11.611590900095 11.3187743762601 9.97005732218086 8.75655353465827 8.98914566248576 10.1861661366552 10.2994853719601 10.4443443001282 12.6245567590293 13.3040970967568 15.7058721801674 18.7300050999718 21.1053905784905 21.5 21.5 21.5 21.5 21.5 21.5 21.5 21.5 21.473714627677 21.45535431 21.382193132 21.275050292 21.1288661988626 20.879299000659 20.562597854 20.3621004562518 20.3125504659518 20.242901872 20.118984518359 20.0314370034374 20.021473352 19.8570582659396 19.6439085216532 19.5884675381309 19.7541564028389 19.891012398 20.173048474 20.2529387361914 20.298267702 20.191124862 20.1 20.1 20.0864707227907 20.0346260594129 19.9800927823835 19.903622132 19.7638894320237 19.7 19.7 19.6641479313655 19.6943953488381 19.7 19.7 19.7049126385511 19.75535431
11.8155186302821 11.9253624676955 11.0212038522829 9.36734300943829 8.4973529063009 9.22080118000863 10.8274893714335 10.3123371956881 11.0050542726234 12.801467866428 13.6654545202356 16.4096343577364 19.7264576359234 21.3894594627587 21.5010829368658 21.56249715 21.56249715 21.56249715 21.56249715 21.56249715 21.56249715 21.56249715 21.56249715 21.56249715 21.5350596231564 21.4948780045855 21.400044592 21.2574279194436 20.946523524 20.7444417416983 20.671473232 20.5932803943197 20.5329388814111 20.3406290499641 20.308271937447 20.1969567697522 20.0168151336948 19.9664893614684 20.0572952105102 20.167795228 20.3405280159572 20.3033814345495 20.2993503388795 20.253622012 20.1524863702624 20.1 20.1 20.0859564960248 20.06249715 20.010764972 19.807951905688 19.7 19.7 19.7 19.7546514940282 19.76249715 19.76249715 19.7658254896846 19.8
12.2778792308762 12.0763476405164 10.1870593324267 8.80405497725274 8.43454375417544 10.4178208712229 12.3184677520679 12.120823269927 12.4230885527763 14.0323283572297 15.2489040173142 17.0928067164256 20.2695187581179 21.4550770086357 21.501732778 21.6 21.6 21.6 21.6 21.6 21.6 21.6 21.6410008909197 21.66963999 21.66963999 21.66963999 21.6430911151665 21.544690282 21.305454894 21.1062254043517 21.0736968274134 21.0229729325747 20.8905755490736 20.741113222 20.6475077823398 20.593214002722 20.5428108915673 20.4919080443092 20.4276106900929 20.3773766620623 20.3961887919695 20.305410542 20.3 20.291124862 20.1951369402774 20.16963999 20.16963999 20.1435622525374 20.1 20.048267822 19.9053760592954 19.7933051502906 19.76963999 19.76963999 19.857086368 19.86963999 19.801206205018 19.86963999 19.86963999
12.6166395296166 11.657664413918 9.71134079088199 9.56265976243801 11.1935966651272 12.9949844476366 13.4319883338449 13.3918780516271 13.2099867958022 14.204079847887 16.1982697641708 17.3755916867769 20.1006836824168 21.2989998452916 21.577185132014 21.6068149506804 21.67678283 21.67678283 21.6535144552365 21.6287528494579 21.67678283 21.67678283 21.690452054459 21.7 21.7 21.7616596976241 21.7096386576815 21.6780389490129 21.5514308757072 21.4235337235984 21.341266418904 21.2660281455807 21.200044592 21.092901752 20.9515217721265 20.85356566 20.8083595707378 20.710764732 20.603621892 20.496479052 20.4096388419603 20.3780390047341 20.3 20.2979394441228 20.2644837731828 20.2 20.2 20.1913059829003 20.1425458744053 20.087989252289 20.017907812 19.910764972 19.87678283 19.87678283 19.8970854042391 19.9 19.878514888 19.97678283 19.97678283
12.9417190648385 12.3130741727159 11.7199351844871 12.1705495060515 13.6574693551042 13.6672455895885 13.4587512809299 13.7647959047984 13.0940365378247 14.107121094843 15.5206395952401 18.5817965277765 20.0390491974828 20.9201471927808 21.68392567 21.6853523661269 21.7 21.7 21.6951288128542 21.6899450208187 21.7 21.7 21.7494116561623 21.78392567 21.78392567 21.7968340028566 21.7859435034704 21.78392567 21.5997215061245 21.575050292 21.467907452 21.3644875968944 21.269696102 21.162553262 21.0482429460867 20.98392567 20.8756389572593 20.733981902 20.626839062 20.519696222 20.4859435420488 20.4045408336241 20.3 20.3 20.283982022 20.2 20.2 20.2 20.1928325626651 20.1405090930079 20.0905362353191 20.0733137416461 20.0064507340268 19.98392567 19.98392567 19.98392567 19.985657728 20.08392567 20.08392567
12.2706779983531 12.2640390426729 12.662429758 12.8680185983045 13.461929506075 13.3342904573094 12.3200475668563 12.6293534595536 13.3966660157027 14.3693658677678 15.4923636396049 17.968701739593 18.3073192165052 21.1888904826628 21.7 21.7 21.7 21.7 21.727597526945 21.7569661050954 21.7 21.747112160824 21.7963269692163 21.8 21.8 21.8 21.8 21.7138585714179 21.6894907134582 21.5992072965015 21.575050292 21.467907452 21.360764612 21.253621772 21.146478932 21.0439565677404 20.882249484 20.7941036001789 20.6512809958614 20.519696222 20.420363667942 20.314342032 20.3 20.3 20.2985693558967 20.29106851 20.2634714201839 20.2341019677758 20.2504616642645 20.1953795456951 20.19106851 20.1309470303855 20.0934656595742 20.09106851 20.09106851 20.09106851 20.0912232085871 20.1080822373726 20.19106851
12.7841620388793 12.5128620401024 12.7317508775582 13.0136047611507 13.3704546360568 13.5574570337106 13.2673178630136 13.1641502766394 14.5854631133369 14.3741600179078 15.6795299435635 17.9846279785539 17.4505949021469 20.7144713192216 21.7 21.7087168642587 21.782479406149 21.7227470234433 21.7689912819287 21.701118854628 21.7437922622204 21.7991366661873 21.8 21.8 21.8 21.8 21.8 21.705410302 21.698267462 21.6 21.583981782 21.476838942 21.369696102 21.262553262 21.155410422 21.048267582 20.9400716696978 20.8333740847099 20.653678124 20.5985636464748 20.4248822279328 20.3983081256595 20.3965100367482 20.3 20.3 20.3 20.2994579736212 20.2988811367865 20.2992024528059 20.29821135 20.2403894000094 20.1988191715829 20.19821135 20.19821135 20.19821135 20.19821135 20.19821135 20.1983700908631 20.2157312367293
13.300030442153 13.5904538558087 13.4526403564736 13.6003696412486 13.8586978819765 14.1681907283814 15.0482364351473 15.5215424948628 14.3717599047641 14.2865914631158 16.5447070614097 16.8635305871774 18.1076738326587 20.3050107609788 21.5755184853584 21.7137545905486 21.8 21.7987599000986 21.7659642131264 21.7020049823514 21.7475565844236 21.8 21.8 21.8 21.8 21.8 21.8 21.7949354878487 21.7052614266237 21.6915998266013 21.589335972 21.5041141029487 21.469696102 21.362553262 21.2132082547263 21.053621772 20.9433266388237 20.833981902 20.726839062 20.5436920608512 20.417907572 20.3057002326987 20.3000927505263 20.3137541362487 20.3848396549763 20.3272749337987 20.4 20.4 20.3577980598763 20.30535419 20.30535419 20.30535419 20.30535419 20.30535419 20.30535419 20.30535419 20.30535419 20.30535419 20.321371928
13.258003482662 13.743563587452 14.0665126329893 14.1482985677617 14.3651511094803 14.1659808718647 14.1373331915232 14.9690637116122 15.0673857565769 15.952042043555 17.597462413153 16.6147465986976 18.0239449174308 18.8662099084269 21.0138855722921 21.8 21.8 21.776838702 21.7037871172171 21.7405844878505 21.78750297 21.78750297 21.78750297 21.7957533015054 21.8 21.8 21.8 21.717231204936 21.798267462 21.7 21.683981782 21.5797333863666 21.482193132 21.3703705619181 21.255410422 21.148267582 20.9896071426548 20.846478932 20.739336092 20.6221576647722 20.512553382 20.3226419569431 20.314229328 20.4113879013416 20.4020017715161 20.41249703 20.41249703 20.41249703 20.41249703 20.41249703 20.405139401338 20.4 20.4 20.4100355572349 20.41249703 20.41249703 20.4127134858079 20.42499406 20.4390100564768
13.6782815286949 13.6677505309178 13.7786463277031 14.1997501824213 14.393984717096 13.572333316397 13.0611071777276 14.0187390059999 15.9253496987385 15.9318251462098 16.0150225749173 16.7424625428917 17.8436267903404 18.1324827405688 19.8817615976254 21.7821032898369 21.8 21.7813875508175 21.7380406213844 21.7502676897981 21.7 21.7 21.7 21.7530524222406 21.7947288902497 21.8 21.8 21.8 21.7986077302109 21.71963987 21.703621652 21.6150910683182 21.569696102 21.4324610146624 21.275050292 21.167907452 21.060764612 20.953621772 20.832110218886 20.6551640016042 20.532193252 20.4436276585849 20.4406718169248 20.510764732 20.4325119379442 20.5 20.5 20.5 20.5 20.5 20.4526879589977 20.41963987 20.41963987 20.499943408 20.51963987 20.51963987 20.5406716240605 20.61963987 20.61963987
14.1502047390369 13.5724248627675 13.8869110028444 14.5803451791081 14.633420700646 14.5702356664001 13.8436454316149 14.520208623265 15.4945398268178 15.259505916129 14.9108984379259 16.8926193102358 17.3921925347317 17.7965626607837 18.3536176620271 21.708875618 21.8 21.7937967767244 21.7510294213985 21.7 21.6880576383555 21.6870726977674 21.7 21.7 21.7535666318637 21.77321729 21.7966379283823 21.8 21.8 21.8 21.7882718948741 21.6974184930029 21.57781230712 21.479306720757 21.355410422 21.248267582 21.141124742 21.033981902 20.8732726058578 20.746478932 20.6627566661037 20.6282317997733 20.6263187536503 20.5935018644726 20.52678271 20.52678271 20.52678271 20.52678271 20.52678271 20.52678271 20.52678271 20.52678271 20.5463771275793 20.5908540305954 20.6234205098252 20.62678271 20.72678271 20.72678271 20.7310726943171
