catData/variables/futureClimate2070/rcp85/HadGEM2_ES_2070_rcp85/bio15.asc
NCOLS 409 
NROWS 350 
XLLCORNER 60.897278365 
YLLCORNER 5.843756025 
CELLSIZE 0.0892857 
NODATA_value -9999 
[rows 243 to 269 of 350, columns 183 to 243 of 409]
119.569228402515 119.974867091135 120.70221503138 118.71002502167 115.25170076 112.26900934 110.510324999173 109.826107472242 110.42736416 112.468523140051 115.809698599105 117.182018172174 116.072484659139 114.12615494 112.217478394756 108.909057658295 103.69758454 101.578491135601 99.67967404 97.5368172399993 95.6969802199997 95 95.4458765800002 96.5173049800002 97.7463980042376 99.4113332888152 100.927512298134 102.87384026 105.016697060001 106.906245501022 109.01730378 110.08873218 111 -9999 -9999 -9999 -9999 -9999 -9999 -9999 -9999 -9999 -9999 -9999 -9999 -9999 -9999 -9999 -9999 -9999 -9999 -9999 -9999 -9999 -9999 -9999 -9999 -9999 -9999 -9999 -9999
121.80401122 120.73258282 120.32192292 119.01438595883 115.089300575789 111.69394025076 110.575668331345 110.586656648071 112.194270350408 115.923179478479 118.396295172988 117.340440139999 114.949404091697 113.260315063153 111.828909845148 108.198128918126 102.959516838599 100.602135484675 99.62534171205 97.2761488312239 95.6969802199997 95 95.4458765800002 96.5173049800002 98.1774667600003 99.8841094508727 101.554233425853 103.60603716 105.748893960001 106.94587538 109.01730378 110.08873218 -9999 -9999 -9999 -9999 -9999 -9999 -9999 -9999 -9999 -9999 -9999 -9999 -9999 -9999 -9999 -9999 -9999 -9999 -9999 -9999 -9999 -9999 -9999 -9999 -9999 -9999 -9999 -9999 -9999
123.53620812 122.076344659869 120.989799359732 120.180889679332 117.217813396803 113.958193221465 113.215178361863 112.078207862262 113.238626485323 117.161662106121 118.242978816541 115.997908783857 113.284338195743 112.259571584655 110.788882734945 107.75170676 102.94808146 100.036439733749 99.9301709599999 97.0839632270479 95.6969802199997 95 95.4458765800002 96.5173049800002 98.1774667600003 100.320323560001 102.03202493016 104.01669706 105.800453550638 107.334308468963 109.01730378 110.08873218 -9999 -9999 -9999 -9999 -9999 -9999 -9999 -9999 -9999 -9999 -9999 -9999 -9999 -9999 -9999 -9999 -9999 -9999 -9999 -9999 -9999 -9999 -9999 -9999 -9999 -9999 -9999 -9999 -9999
124.12554822 122.56423740798 121.4820883 121.39017245967 120.12593414 118.326319771691 117.760559182855 116.819649276454 115.70952256263 116.285846933795 116.44708762 114.373588287256 112.05472654 110.327763700887 109.16137402 106.654186670968 102.956424566895 100.528044977177 100.596723758751 97.9072580453203 95.6969802199997 95 95.4458765800002 96.5173049800002 98.4612882343178 100.484155589755 102.46318036 104.60603716 106.296007638029 107.917843606044 109.01730378 110 -9999 -9999 -9999 -9999 -9999 -9999 -9999 -9999 -9999 -9999 -9999 -9999 -9999 -9999 -9999 -9999 -9999 -9999 -9999 -9999 -9999 -9999 -9999 -9999 -9999 -9999 -9999 -9999 -9999
123.57203152 123.024163595829 122.5535167 122.5535167 122.321840152592 120.978842375154 120.6888110429 120.458363489355 118.215879759999 115.980840152273 114.531872433882 112.938050138371 110.578349429374 108.286924639999 107.018517219999 105.524770187389 102.96538764 101 100.67967404 98.305225859999 95.6969802199997 95 95.4458765800002 96.8036419254235 98.9938430823229 101.025572349932 103.01669706 105.15955386 106.818389653306 107.94587538 109.01730378 110 -9999 -9999 -9999 -9999 -9999 -9999 -9999 -9999 -9999 -9999 -9999 -9999 -9999 -9999 -9999 -9999 -9999 -9999 -9999 -9999 -9999 -9999 -9999 -9999 -9999 -9999 -9999 -9999 -9999
123.047087475097 123.591123183678 123 122.94454425916 122.114794950579 120.807982816003 120.810627773417 119.766593264837 117.969772627488 116.288673952325 113.711618458189 111.71489072 109.637482358067 106.892114013351 105.50060552 105.02029880381 104.21527784 102.138981718056 100.67967404 98.305225859999 95.5076094932855 94.3750549 94.8209314800002 96.4096648600003 98.9204477010378 101.320323560001 103.46318036 105.60603716 107.420928335361 108.57082048 109.631434967478 110.08873218 -9999 -9999 -9999 -9999 -9999 -9999 -9999 -9999 -9999 -9999 -9999 -9999 -9999 -9999 -9999 -9999 -9999 -9999 -9999 -9999 -9999 -9999 -9999 -9999 -9999 -9999 -9999 -9999 -9999
122.21619804662 121.932134896945 121.619306236435 122.276683601342 121.791204166249 120.605415737686 120.00060432 118.815482800971 117.864619325879 117.17906612 114.751410375694 111.813141138797 109.53681484 106.590937059999 105.12555062 105 105.673812705138 104.153485429953 101.264514285047 98.305225859999 95.3939604399995 94 94.4458765800002 96.0346099600003 98.7662001400004 101.320323560001 103.972640374212 106.30241066 108.445267460001 109.64224888 110.6963735 110.723314941251 -9999 -9999 -9999 -9999 -9999 -9999 -9999 -9999 -9999 -9999 -9999 -9999 -9999 -9999 -9999 -9999 -9999 -9999 -9999 -9999 -9999 -9999 -9999 -9999 -9999 -9999 -9999 -9999 -9999
120.33884798 120.244764619376 121.00401901939 121.2321981 121.07203272 120.00060432 118.696514914453 117.66495335356 118.342346728014 117.853304930752 114.781760209518 111.758580871715 108.97509666705 106.439696194183 105.12555062 105 105.969406102114 103.965994359999 100.75170916 97.7152402615868 95.1613012771777 93.2321980999999 94.0204195652898 96.0346099600003 98.7662001400004 101.827197028993 104.400856109775 107.22259635146 109.516695860001 110.71367728 111.754516024839 111 111 -9999 -9999 -9999 -9999 -9999 -9999 -9999 -9999 -9999 -9999 -9999 -9999 -9999 -9999 -9999 -9999 -9999 -9999 -9999 -9999 -9999 -9999 -9999 -9999 -9999 -9999 -9999 -9999
118.090627309666 118.3215394 119.336065284786 120.086298937653 119.16137402 118.284306137468 117.809030735028 117.060200307411 117.232453529851 116.721064667709 114.29991148527 111.125641857168 108.579966620391 106.39395804 105.12555062 104.206190706927 104.301450910633 102.820097211805 98.9754640857542 96.6975869399993 94.7603171217503 93.5249820415641 93.8917531600004 96.0346099600004 98.7662001400004 101.980485340001 105.077153006239 108.248286040001 110.588124260001 112.57891295892 112.807404663519 111 111 -9999 -9999 -9999 -9999 -9999 -9999 -9999 -9999 -9999 -9999 -9999 -9999 -9999 -9999 -9999 -9999 -9999 -9999 -9999 -9999 -9999 -9999 -9999 -9999 -9999 -9999 -9999 -9999
116.156249317625 117.040056615075 118.090887671038 118.08994562 117.164373216736 116.878438409377 116.15161020451 115.748344621603 114.772639027716 113.75071652 112.037953920058 109.799374313945 107.62615614 105.483299339999 104.21489192 104.004835349494 103.07203512 101.815209897267 98.533820228845 95.8370592450416 94.4210326210704 93.0558876128161 93.485711773297 95.5950395405908 98.2300649655229 101.069826640001 104.28411184 108.229672896139 110.748893960001 112.89175076 112.965392439999 110.919195268313 110.0893413 -9999 -9999 -9999 -9999 -9999 -9999 -9999 -9999 -9999 -9999 -9999 -9999 -9999 -9999 -9999 -9999 -9999 -9999 -9999 -9999 -9999 -9999 -9999 -9999 -9999 -9999 -9999 -9999
116 116.016943457076 117.0179129 116.92917592 115.860616546435 114.80423202 114.0358258 113.66137522 112.58994682 111.51851842 109.85835424 107.715497439999 105.57264064 104.218420385487 104.002248975701 103.071065634085 102.00060672 100.838854246341 98.6768050565555 96.5230528132302 94.3939604399995 93 93.4458765800002 95.0438763923765 97.1953796600002 99.9983982400013 103.21268344 106.441353031522 109.643502858693 110.980731651094 111.018212059119 109.92918072 109.0179129 -9999 -9999 -9999 -9999 -9999 -9999 -9999 -9999 -9999 -9999 -9999 -9999 -9999 -9999 -9999 -9999 -9999 -9999 -9999 -9999 -9999 -9999 -9999 -9999 -9999 -9999 -9999 -9999
117.239297995767 117.107031 117.035280642687 115.906514216146 114.78631912 113.702496863066 112.58994682 111.538557330014 110.50060552 109.42917712 107.76901294 106.28632032 104.522450882715 103.19697902 103 102.05412222 101.981767671124 100.764266664583 98.5812142419561 96.4956954684958 94.3939604399995 92.6255518199999 92.4220152718832 93.436105645343 95.6591691400004 98.908783227739 102.14125504 105.312566299183 106.76741598 108.734100766102 108.893895020439 108.862500866978 108 -9999 -9999 -9999 -9999 -9999 -9999 -9999 -9999 -9999 -9999 -9999 -9999 -9999 -9999 -9999 -9999 -9999 -9999 -9999 -9999 -9999 -9999 -9999 -9999 -9999 -9999 -9999 -9999
119.110466055754 119.111420017244 118.088164138511 115.822526039999 113.819822932778 112.41186854 110.609894692955 109.953214684177 109.42917712 108.35774872 106.771143484423 105.33983582 104.26840742 103.19697902 102.89074288411 102.047359978757 101.96538764 99.7337962599989 96.83983702 95.739472689776 94.3068770130898 92.5787668040428 91.8750560999999 91.9396902016906 93.6190828508855 97.4732425074259 100.978418909709 103.35614936 104.733815996025 105.82093148 106.890197878242 107.761198744625 107.814986897491 -9999 -9999 -9999 -9999 -9999 -9999 -9999 -9999 -9999 -9999 -9999 -9999 -9999 -9999 -9999 -9999 -9999 -9999 -9999 -9999 -9999 -9999 -9999 -9999 -9999 -9999 -9999 -9999
117.536431319999 119.30264346 118.362356285664 115.447206924857 113.514748984051 111.53681244 110 109.62554942 108.55412102 107.48269262 106.41126422 105.210197861595 104.07203512 103.00060672 101.92917832 101.617883504822 101.57604149437 99.5548489735631 96.8083854472425 95.3859230719501 93.6969802199997 92.2511036399998 90.9124421904692 91.3209326800001 92.2767501520826 95.9080643000021 99.2140998063041 101.251974254503 103.356149360001 104.55313078 105.610653383077 105.87493533773 106.509997022928 -9999 -9999 -9999 -9999 -9999 -9999 -9999 -9999 -9999 -9999 -9999 -9999 -9999 -9999 -9999 -9999 -9999 -9999 -9999 -9999 -9999 -9999 -9999 -9999 -9999 -9999 -9999 -9999
114.355768021199 115.58174351136 115.17125123968 113.64346232 112.57203392 111.331032716399 110 109.725827547439 108.82192172 107.75049332 106.67906492 104.947472339999 103.340287114961 101.981929439441 100.85774992 99.78632152 99.4470924199999 98.3106926226376 96.4118733399999 94.5006079199997 93.4291795199997 91.9833029399998 90.2863227199998 90.1109696442426 90.6220618112774 93.8562164132048 97.6591691400002 99.2674171800002 100.979115046644 102.395779368877 103.48170238 104.488161139917 104.695010125436 -9999 -9999 -9999 -9999 -9999 -9999 -9999 -9999 -9999 -9999 -9999 -9999 -9999 -9999 -9999 -9999 -9999 -9999 -9999 -9999 -9999 -9999 -9999 -9999 -9999 -9999 -9999 -9999
111.615227849676 111.3215418 112.3215418 112.262906985862 111.554938277708 110.846969569555 110.3392291 110.3392291 110.044605245094 109.16115082 107.890006111213 105.794953839366 103.28863734752 101.054728939999 99.7863215199996 98.3940238519804 97.3101063798656 96.5720363199996 95.3404449399999 93.4291795199996 92.3577511199996 90.9118745399997 89.0636400090551 88.3215417999998 88.91027518 91.9621889200016 95.2681356616697 97.0577385501768 98.1959887800001 100.21329256 101.33884558 102.41027398 103.270043478818 -9999 -9999 -9999 -9999 -9999 -9999 -9999 -9999 -9999 -9999 -9999 -9999 -9999 -9999 -9999 -9999 -9999 -9999 -9999 -9999 -9999 -9999 -9999 -9999 -9999 -9999 -9999 -9999
110.735744841844 110.4106575 111 111 110.934226885463 110.68444822271 111 111.307541878113 112.00441854723 111.71466512 110.05450094 106.709277216502 102.915445780078 100.39395804 98.7664514237321 97.0860187444403 95.9928930873866 95.5006079199996 94.3347886689592 92.6733038828672 91.4107600653052 90.4048735934782 88.3358017783482 86.7875648301756 87.1780758800001 89.6877888476606 92.23120786 94.3740646600002 96.0015726906897 98.0704357599999 99.2030947070356 100.67807468 101.74950308 -9999 -9999 -9999 -9999 -9999 -9999 -9999 -9999 -9999 -9999 -9999 -9999 -9999 -9999 -9999 -9999 -9999 -9999 -9999 -9999 -9999 -9999 -9999 -9999 -9999 -9999 -9999 -9999
112.997864960104 112.9283436 111.947483355266 111 110.83983462 110.119945684134 110.663996820365 111.929418504865 114.357868818729 115.178336913864 113.183229603273 108.663350899999 103.685111012637 100.101793756275 97.7690153399992 96.57203632 95.9826938199999 94.9112654199997 93.76262470564 92.2780252177187 91.3360043366408 90.6255518199999 89.092271884716 87.197481383142 86.5031791572853 87.5199829741437 89.4990085600001 91.6418653600003 93.7847221600006 95.9275789599999 97.5441797516457 99.1673369128547 100.67807468 101.629559881853 -9999 -9999 -9999 -9999 -9999 -9999 -9999 -9999 -9999 -9999 -9999 -9999 -9999 -9999 -9999 -9999 -9999 -9999 -9999 -9999 -9999 -9999 -9999 -9999 -9999 -9999 -9999
114.251444744891 114.970043905717 112.96538284 110.950882812631 110.28632032 109.574676169021 110.135295070153 111.155309938654 114.170694823 117.305496796977 115.426211806848 109.887283086021 103.937090145195 98.7899181843688 96.1440726399992 95.4706504972822 95.9731146018915 94.3577511199996 93.2148122397605 92 91.6969802199997 90.6255518199999 89.3073243569345 87.9845471477823 86.313036230565 86.1066474800004 87.5047204336304 89.9434908271961 92.1953796600006 94.3382364599999 96.4733673696744 98.1283498295003 99.6066462799999 100.806262492153 -9999 -9999 -9999 -9999 -9999 -9999 -9999 -9999 -9999 -9999 -9999 -9999 -9999 -9999 -9999 -9999 -9999 -9999 -9999 -9999 -9999 -9999 -9999 -9999 -9999 -9999 -9999
112.655939047174 112.513752952868 111.101371610718 109.66137762 108.58994922 107.98170838 108.939486099329 109.983518036482 112.672097272732 115.655461798426 114.29240255588 109.201694305091 103.89990870449 98.1079957006009 94.1581397268977 93.1589951862967 94.1121902817116 93.2863227199996 92.3149870051612 92 91.6969802199997 90.3915431633806 88.2046568262274 86.4268286290752 85.4627456442318 85.6601617800004 86.7315901800001 88.9072151404651 91.1239512600006 93.2668080599999 96.0346075600005 98.0887321800003 99.16016058 -9999 -9999 -9999 -9999 -9999 -9999 -9999 -9999 -9999 -9999 -9999 -9999 -9999 -9999 -9999 -9999 -9999 -9999 -9999 -9999 -9999 -9999 -9999 -9999 -9999 -9999 -9999 -9999
112 109.73675257717 107.905631314894 107.51852082 106.44709242 105.677576364668 106.21390888 107.65978786 109.627529168461 111.03545188 110.571894325456 107.989223568621 104.07362968 98.1818741199987 92.8932612033533 91.3577511199999 91.6072577999999 91.5803154170824 91.3036288999999 91.1423553559586 90.5152522375202 89.5547325399998 87.2764947244783 85.4826950199998 85 85.6601617800005 87.241048438396 89.3024082600004 90.8363254546462 92.89175076 96.0346075600005 98.0887321800003 -9999 -9999 -9999 -9999 -9999 -9999 -9999 -9999 -9999 -9999 -9999 -9999 -9999 -9999 -9999 -9999 -9999 -9999 -9999 -9999 -9999 -9999 -9999 -9999 -9999 -9999 -9999 -9999 -9999
111.135804639458 109.120806289264 106.21891098093 105.375664019999 104.427210518681 104.2322005 104.53522268 105.406095723802 105.800134822095 106.44610938 107.244128295032 107.664693821966 105.403145597128 100.334032226933 94.2597498032588 91.863476733455 91 90.931869633843 90.2322004999999 90.0006091199996 89.2322004999999 88.7708052653797 87.4505906551855 86.2504945199999 86.2198286947975 86.6888888953971 87.6692652855912 89.6060371600004 90.8744469800003 92.89175076 95.2668080600004 97.3890612034384 99.16016058 100.23158898 101 -9999 -9999 -9999 -9999 -9999 -9999 -9999 -9999 -9999 -9999 -9999 -9999 -9999 -9999 -9999 -9999 -9999 -9999 -9999 -9999 -9999 -9999 -9999 -9999 -9999 -9999
110.140587449019 108.26901174 105.968165576754 104.07203512 103.1607721 103.1607721 103.46379428 104.1607721 104.1607721 104.243940693828 105.404363472304 106.82093628 104.96599436 100.145667199999 95.3818004536659 92.94747234 90.9854761709015 90.1465060552307 89.8655867586368 89.1235386674954 89 88.6255518199999 87.5541234199998 86.9168317920249 86.9338798018427 87.5540261842901 88.5708180800001 90.4452650600004 91.7136748800004 92.9371736511809 95.0346075600005 97.1029978389166 98.4553439072162 100.425944913349 102.190962020519 -9999 -9999 -9999 -9999 -9999 -9999 -9999 -9999 -9999 -9999 -9999 -9999 -9999 -9999 -9999 -9999 -9999 -9999 -9999 -9999 -9999 -9999 -9999 -9999 -9999 -9999
109.0893437 107.19758334 105.05472654 103.00060672 102.0893437 102.0893437 102.39236588 103.430339479716 104 103.528910775366 103.194543365815 103.327012610448 101.162597059999 97.8048221289375 95.2735355538554 93.10824444 90.9669338381539 89.0893436999999 89.0750341467637 89 89 88.6255518199999 87.9601637365995 87.9106563000001 87.9106563000001 88.5708180800005 89.6422464800002 90.7854195311062 91.8744469800003 92.94587538 95.0188497637294 96.2588803987303 98.1744699188113 99.7634196236484 102.30301738 -9999 -9999 -9999 -9999 -9999 -9999 -9999 -9999 -9999 -9999 -9999 -9999 -9999 -9999 -9999 -9999 -9999 -9999 -9999 -9999 -9999 -9999 -9999 -9999 -9999 -9999
107.282428571948 106.073004692811 103.018211931596 101.92917832 100.860619330832 100.263275307953 101.618530926739 103.37445058 104 103.48269262 101.843623196239 99.739156318667 97.595369339451 95.4333175782363 94.145715197022 92.1261597399999 90.0002990745932 88.9128551266207 88.0179152999999 88.2453576509501 89 88.6255518199999 88 88 88 88.6601617800005 89.7315901800001 90.8030185800002 91.8744469800003 92.94587538 94.0522128575906 96.1774643600007 98.3174518351611 100.449411646054 102.30301738 -9999 -9999 -9999 -9999 -9999 -9999 -9999 -9999 -9999 -9999 -9999 -9999 -9999 -9999 -9999 -9999 -9999 -9999 -9999 -9999 -9999 -9999 -9999 -9999 -9999 -9999
108.01852202 105.05533326 101.92917832 100.85774992 99.7948924659964 99.2315937800002 101.195873063781 104.69538806 105.078589306444 102.96538524 100.82252844 98.6796716399994 97.2684074199999 95.4369301820044 94.0854747257658 92.05473134 88.9826938199999 88 88 88 88.2868042522111 88.5920766029011 87.577983658013 88.0604404668751 89.0315049482373 89.0535131 89.7851032800001 91.616578246427 92 92.0506167237975 94.03553353891 96.2309774600007 98.37383426 100.504298015755 102 -9999 -9999 -9999 -9999 -9999 -9999 -9999 -9999 -9999 -9999 -9999 -9999 -9999 -9999 -9999 -9999 -9999 -9999 -9999 -9999 -9999 -9999 -9999 -9999 -9999 -9999
105.641468402929 102.898952837019 100.734970979948 99.7863215199996 98.8950698028252 99.2605294542641 100.996147994298 103.702116742859 104.42917952 102.84044374 100.771144471457 98.7621535428949 97.3019426456658 96.096648374227 93.3609653772102 91.10824444 88.9826938199999 88 88 88 88 88 88.0557084887201 88.6422464800002 89.6401176484029 90 90.7315901800001 91.7026882340871 91.9843132173517 92.94587538 94.1746908797719 97.1774643600007 99.3003104568939 101.10664748 -9999 -9999 -9999 -9999 -9999 -9999 -9999 -9999 -9999 -9999 -9999 -9999 -9999 -9999 -9999 -9999 -9999 -9999 -9999 -9999 -9999 -9999 -9999 -9999 -9999 -9999 -9999
