catData/variables/futureClimate2070/rcp85/HadGEM2_ES_2070_rcp85/bio11.asc
NCOLS 409 
NROWS 350 
XLLCORNER 60.897278365 
YLLCORNER 5.843756025 
CELLSIZE 0.0892857 
NODATA_value -9999 
[rows 156 to 181 of 350, columns 236 to 294 of 409]
21.939337532 21.9131859196075 22.228667767085 22.2319522823337 22.032238804 21.9193342751626 22.0806349282896 21.8090358705477 21.692901272 21.5251559159999 21.3474903819379 21.313212965341 21.0557023239896 20.9129081033514 20.5806291699998 20.406790128044 20.3924571161707 19.6069788152631 18.7582060256688 19.1001135217129 19.4023089272246 19.3775490283647 19.676841822 19.6860368044424 20.1126123696793 20.4596073859734 20.1684888045882 20.1477495315935 20.8227685140003 21.2448792051083 21.308597383524 21.223262722 21.3897527418611 21.4193333665536 21.5890335711307 21.4196982699387 21.4545429406312 21.719581041662 22.1009642950244 22.5484926436458 23.0502049571974 23.323097506 23.471368208 23.578511048 23.6813552090857 23.6219186051359 23.3320108702217 23.4103556302492 23.7039937275292 23.816014858 23.9012396848366 23.9340317105096 24.0020044301441 24.0029664272022 24.051729058 24.1031515481053 24.10535323 24.1745945145872 24.2
22.0254908976661 22.146317076 22.3706372724059 22.5764574153078 22.4462848789359 22.249768110735 22.2452522044487 22.2749440881622 21.989337652 21.8178058295893 21.5297908446969 21.3623375170166 21.2418060327302 21.1359880755561 20.7864213856848 20.5335500177422 20.3293379909069 19.6425559695081 19.2188841079523 19.234226511628 19.7546879150742 19.6829866066112 19.7134094105344 19.67876285642 19.9542702790555 20.5281885090073 20.6616310291166 20.4167121651311 20.7493555547406 21.2286160561384 21.473097866 21.4359793627111 21.401352930005 21.7252082492839 21.7452517844298 21.7949632018566 21.6317005457139 21.7033984040001 21.9405699542949 22.2884345859958 22.9599441431142 23.3184804081251 23.4493035558613 23.597260596591 23.6776573557366 23.7858744287206 23.610827324 23.4769531172933 23.6041393124204 23.791022718 23.9010593601525 23.9912903064389 24.037443378 24.0665568320232 24.070257098702 24.1640112944156 24.2082492478708 24.21249607 24.21249607
21.9726898444839 22.146317076 22.4093635032917 22.5653394892733 22.6935240151923 22.6578662982226 22.5912245138786 22.4492860281012 22.0662987937369 21.9043847147874 21.5944801092935 21.430465034 21.1450652021875 20.9243568376816 20.6470314668516 20.4205203044139 20.8295332377664 20.6769458859999 20.6950052801767 20.8427059078897 20.9893045791756 20.4433923981842 20.1852950954443 20.2439891383459 20.3521509891463 20.5196948745079 20.7849866414113 20.8330949573303 20.9051037070028 21.272993322 21.5567331070874 21.6343459940129 21.5058319827765 21.901729418 22.0034848295272 22.0264079126826 21.9035049207966 21.7867382739172 22.1583914595602 22.700595178206 22.7985391268334 22.6442922803627 22.6850403054204 23.0135910098251 23.442646992 23.7478502056193 23.6283398655842 23.2651993111335 23.5232838251094 23.5830273250985 23.7372195570634 23.8969734133874 24.0030975253872 24.0944257352254 24.1810402262889 24.2 24.266014738 24.3 24.3157701268207
22.02678175 22.1339125524984 22.2750257423025 22.4280502522916 22.7116068242177 22.8486296949576 22.9424798470185 22.5435560381831 22.1116787291619 22.0683388046576 21.8289359998517 21.5524484617321 20.9335054683607 20.1000195731439 19.5139371316915 19.7318210624746 20.8798440060528 20.98154495389 21.1431229334812 21.061625284593 21.5451607196319 21.7516440235697 21.2601195466824 20.5459083926707 20.55626844444 20.7933361000084 20.9992646753701 21.1735263874751 21.1568170932934 21.2769239164127 21.5461784582499 21.7748874760001 21.9199185188535 21.982074668 22.0933374740862 22.2482273675431 22.2742608490602 21.9409413147759 21.9409023906903 22.1913009522925 22.3634693176027 22.8762830590872 23.0707001478525 23.0338469439222 23.2762146961044 23.6774506438977 23.72678175 23.293802619355 23.6381955456807 23.5198117055352 23.7205797132159 23.7443710473284 23.8190211138875 23.8743316554393 24.103458116 24.2315338490852 24.2665385317171 24.292811129646 24.3587945608023
22.0891334802357 22.06607541 22.226678166 22.3847357797409 22.8105325167609 22.8373975735883 22.9221991939765 22.753727036 22.4868825274279 22.4060959227519 22.0704875596458 21.51174217191 20.9181178876606 20.3724103584117 20.0156355832212 20.1933483247627 21.1879082955136 21.4894404629515 21.5034515226017 21.4374414498453 21.5006584268618 22.1412516417536 21.9016955138759 21.4289348264892 21.2042860407733 21.4452522224553 21.5558773706492 21.7669418062805 21.9247719739118 21.593428985543 21.5739674751744 21.8045524055973 22.0551858547815 22.1713250157954 22.4605933185492 22.44792467 22.7590941884051 22.3176033107032 22.1468459048767 22.4540412410722 23.0455012889746 23.4062951011186 23.611408415375 23.7161885081906 23.7611662589938 23.8256278298219 23.8018365626375 23.8011732330938 23.8649967534624 23.8245483434221 23.7350615579 23.6424301532843 23.704182947406 23.8864821423471 24.1198338351627 24.317743796 24.290365753206 24.2822637596096 24.3272415875748
22.1098380423044 21.9098670058534 22.0044227538008 22.1700405939028 22.7449981908324 22.8986163492018 23.12320229 23.0817327422843 22.8154808849874 22.6016407133461 22.1317590969412 21.5304735422092 21.5161960916932 21.8756756238327 21.8390762940299 21.6457905267187 21.8321794481759 21.8665128709088 22.053443356 22.1040088122652 22.0635558934732 22.4137640397224 22.2472428433028 21.8729936301386 21.936091610347 22.1554736670288 22.3337841738075 22.3505497881266 22.316119642 21.903274780517 21.7312922049245 21.9855335040001 22.2681177472905 22.2742449634204 22.8144506559999 22.6145659308395 22.8432676059327 22.2999319863838 22.4470013795535 23.0759295535715 23.5020382395087 23.4969183376867 23.6551636723984 23.7889766056967 23.8143458249726 23.81786514 23.7621229801477 23.8423953991059 23.926737158 23.9932670515925 23.8369748668315 23.7393741613017 23.7894013248507 24.0074828498669 24.192796488 24.3346340504992 24.3610958183178 24.3110234928652 24.380300418
22.698351477489 22.4777977533957 22.2324608499673 21.8421653496111 22.3739062516251 22.898034952014 23.4006981109462 23.3662727336249 22.7366076384632 22.0870338357049 22.0906789277243 22.1936901007237 22.8891456454233 22.9069569841877 22.6253345441952 22.325155916 22.1256162765571 22.0152366064298 22.192753096 22.449939928 22.5613602232416 22.69642054 22.5781428368452 22.2338452190473 22.4014667409598 22.5855939360001 22.6465426401209 22.541127622 22.4976370116778 22.3095973998656 22.1994637317382 22.3251222474364 22.4882035213624 22.7920105065639 22.9387028541475 22.8819489760403 23.0364533721811 22.8385564942282 22.9172788653289 23.1831780472887 23.2805526872953 23.2023091614766 23.5288584097317 23.7378882364161 23.671489072 23.6096329835167 23.6491797889329 23.8467259864696 23.5592662203355 23.6486034699734 24.1111643887316 24.0876091939999 23.94821027 24.0604737879195 24.251729058 24.358871898 24.4 24.326842422 24.380300418
23.2815840834499 23.2714142139594 22.8959889723834 22.587165697069 22.637991459479 23.4809976916572 23.7253738415749 23.7088556700598 23.2438739441285 22.5724589206066 22.2747629922634 22.8188405669798 23.596237955081 23.5809019190014 23.1618613010836 22.7977860491661 22.349270497758 22.0898270986614 22.1505194751739 22.6133932974954 22.7788931224224 22.91070622 22.8515710922576 22.6082795361753 22.558170197907 22.7938867539787 22.9771358862866 22.8960116998461 22.8250509255275 22.8292449026372 22.83211866 22.7837158315168 23.0284219656968 23.319683022 23.2204625565396 23.2355861728126 23.3404220522102 23.1579626400911 22.9506580809405 22.97858756 22.9665685421208 23.1908416620001 23.5463303352225 23.64464689 23.6532440551069 23.5195069163642 23.4375168988457 23.5155457138003 23.1188249208277 23.6141993282445 24.0806230940474 24.1729435042594 24.0899801457879 24.1445255460001 24.307082168 24.3490501550819 24.3811881005414 24.4078324112474 24.402109080588
23.5253272439291 23.6152422413168 23.5649282711326 23.56246355 23.56246355 23.765955746 23.9680410519041 24.0249919 23.9613043746681 23.6098318913432 23.324899548 23.6104045861681 23.906888611806 23.792533278182 23.4524366852478 23.2701172506779 22.6878758339999 22.407890877231 22.4466007804839 22.7681171983978 23.096360348 23.1974967876288 23.2094551126876 23.0143736639999 22.8328589421312 22.8851129810226 23.1086342597963 23.2780204555122 23.3252254196337 23.3399169846514 23.2997989909364 23.3093417015572 23.4543749400256 23.623262482 23.5050300381528 23.3420389836385 23.4727617539394 23.1181880053424 22.9640871052165 22.8971271695015 22.9012971135732 23.0994071981432 23.3857987936435 23.5207287733584 23.617804708 23.5719143435766 23.4324359045033 23.2327486704365 23.0146208523339 23.5920545536483 23.8443549226368 24.0446992453911 24.225052572 24.2238038054919 24.351729058 24.341128102 24.3247582003469 24.410661628 24.4575726501661
23.8743391421083 23.93927758 24.019578958 23.9783824846598 23.8379002246244 24.0099668059292 24.078511528 24.1807918447307 24.192960744 23.9575736345739 23.8331585047736 24.0595012601213 24.1368683870622 23.6470318631008 23.5675109714775 23.5766620529764 23.2567733182971 22.8907937175857 22.7451734213359 22.9413781603907 23.0819523185 23.316015338 23.4252230468358 23.4694155962929 23.2401481363594 23.0980897660001 23.2246220836642 23.4337690803166 23.6156109890311 23.63927758 23.6148972557263 23.635465346926 23.63927758 23.767909372 23.6492005491168 23.3646429488903 22.9058419234364 22.7243694503196 22.8361517870148 22.7850864921449 22.7631309444054 22.825111952349 22.8815736783061 23.1385249457368 23.4135863111865 23.5216170139409 23.567512434577 23.3970287635468 22.7445761800325 23.0859746006571 23.7180258707163 24.09711627592 24.2886317373743 24.314225008 24.3853443579304 24.4231234568345 24.3933057152351 24.3918503158875 24.4243801785399
24.0688910290197 24.1329539479606 24.1722079310591 24.1564785079212 23.8917636590986 24.25356326 24.2624359980001 24.3449847943154 24.2714645748226 24.062612056197 23.9323885735664 24.2188549184731 24.2759783774876 23.8141164094481 23.8525315232958 23.9963725613693 23.6999928286701 23.4819917129357 22.7631390396212 23.0781096896058 23.1529309596555 23.1870457531328 23.446316356 23.592964597527 23.4845062070145 23.3852838925125 23.45356326 23.4945708796555 23.6399211484285 23.7 23.7 23.7671407273694 23.7041565136504 23.6407236960102 23.2847228053794 22.8835944191619 22.5300254876248 22.6513538584934 22.5933481886941 22.7450612932116 22.6610844314241 22.6779705763445 22.6493126238474 22.7473343466015 22.8488069916606 23.2185342603738 23.5094913121474 23.4182772964319 23.1143429657942 22.9680110869563 23.5977869459899 24.1606010760001 24.3287496359555 24.421367848 24.47678163 24.535653528 24.510766892 24.47678163 24.47678163
24.2393277946633 24.2796095627238 24.3513169758892 24.36784894 24.3222328273453 24.3853762777281 24.476721678 24.551833362 24.4252549424331 24.1627194379999 24.0022761012072 24.3194256408115 24.46784894 24.3027832771581 24.2405329637772 24.26784894 24.2162136058819 23.9693290518331 23.2431794893927 23.4403307506187 23.694674322 23.6247112589296 23.7625788578519 23.7754835037166 23.6193859621222 23.621521808026 23.5405107294 23.4011833375742 23.2979727305225 23.3417751624388 23.2969100169483 23.6613681626589 23.8596328048329 23.4223305782188 22.8288130879998 22.4271229002329 22.1693013981645 22.1192796287663 22.3508797204021 22.3085314734097 22.6106623795437 22.742796608 22.7733122124071 22.7182121359599 22.834783803266 23.3050664300002 23.3340836225644 23.2318730854719 23.1954790461695 23.0774391446978 23.7299528260001 24.3030204500764 24.3585195349268 24.360661748 24.41607553 24.4255394996246 24.4769413599768 24.5613971096013 24.58392447
24.3880315976537 24.39106731 24.471368688 24.49106731 24.49106731 24.492797208 24.599940048 24.6896366880656 24.6779972806223 24.6534423702271 24.6385727755929 24.5860767387601 24.5 24.4358684735392 24.3309488082152 24.3666232940304 24.171683051172 24.0944320815648 23.7735102670688 23.8647327549616 23.8983547025168 23.974632530496 23.9631137385008 23.8918799119856 23.8424475595184 23.746480612 23.4980116758038 23.1465071330223 22.7203097191069 22.635686888 22.9478672705722 23.29581875008 23.6971788204113 23.3974981642563 23.2198475179999 22.7066302024602 21.9396128739403 22.028675445398 22.2213038354342 22.5059941541503 22.7855932160001 22.8873934855839 22.8309492453383 22.726842182 22.860601316 23.018687724406 22.5104582537794 22.8199836011026 22.0365857541654 23.2490551672382 23.719925700747 24.2033536877443 24.3966552991177 24.3950500586367 24.4 24.4 24.4058968918999 24.482090268 24.5820601205914
24.4 24.4 24.480301378 24.5858790976642 24.59821015 24.599940048 24.6983689587011 24.7157289231772 24.79821015 24.79821015 24.79821015 24.7966140713804 24.7438265574315 24.7531854548935 24.5323235010249 24.471368448 24.4938983402445 24.2352040141206 24.007343551838 23.7086757991489 24.007082648 24.09821015 24.075051972 23.9684514747706 23.862556142 23.755413302 23.543885504864 23.4528676189695 23.2258083046205 22.2283866575143 22.6280507038858 23.237668166511 23.678346312 23.7877142539761 23.4435043522194 22.7241205682315 21.824947788 21.902332188475 22.0526839874032 22.4355492240001 22.7560518671598 22.9 22.9636518398326 22.9951108847945 22.9186415759816 22.9015651074489 22.7058453597173 21.9039115549224 21.2565283523277 21.6965378856153 21.9035506493659 23.4766239483857 24.4121094430966 24.5088439168457 24.4508031854554 24.49821015 24.49821015 24.4995195609098 24.580300418
24.5624818842877 24.5985631792233 24.6 24.6 24.694587058 24.607082888 24.70535299 24.7365268337112 24.8780812497997 24.8340322246894 24.9 24.8577997963324 24.80535299 24.8610741626457 24.9 24.9 24.743696235887 24.617909012 24.3317189818177 24.1106133915802 24.1058279339307 24.1258640185584 24.159036634 23.975051972 23.90535299 23.860766292 23.753623452 23.5907596665071 22.9377717461078 22.1346336575288 22.7167978976813 23.590860330348 23.9831801741234 24.0883569518629 23.3174482674984 22.0791121776222 21.4525563962107 21.4223517960814 21.8042418646184 22.4753795506382 22.7 22.758872138 22.9355637311709 22.932195172 22.825052332 22.8006721482964 21.8794526060725 21.4667614821761 20.7754782192909 20.633490803978 21.2079817408074 22.7822183098478 24.35981946116 24.555413782 24.5 24.558871898 24.6 24.6 24.680300418
24.5082492093954 24.5765126014611 24.6100343236825 24.61249583 24.6952634500303 24.7140095628868 24.8 24.8140142985996 24.890398006544 24.9 24.9 24.9055715079747 24.91249583 24.91249583 24.9042466505946 24.9 24.819698862 24.712556022 24.605413182 24.3355416968767 24.2316467734664 24.2979987505896 24.2440816205539 24.069698982 23.9953210791589 23.9484889499847 23.848270462 23.7190578451845 23.4644668559999 22.9327058685589 22.9657129271077 23.4278608783079 23.9840758159794 24.0961089537334 23.7252856564909 22.0093035125796 21.106814247692 21.3753354694624 21.9091280648932 22.3979406300001 22.6814723451383 22.7537328702819 22.9980449340001 23.035983858569 22.932195172 22.825052332 22.3159254440006 21.0555957979999 20.6214783168604 20.3941741428738 21.8582462251484 23.6897117831071 24.537443378 24.5609852000047 24.51249583 24.571367728 24.61249583 24.61249583 24.6827620442774
24.5530510929216 24.58036133 24.660662708 24.68036133 24.6989369701833 24.78036133 24.7786188422642 24.763867906512 24.7989717427118 24.8666734240645 24.88036133 24.9161919863831 24.9708817003931 24.9456759324918 24.9072880937824 24.8856326832782 24.8158302674981 24.661037519177 24.546497172 24.5772416958267 24.391127502 24.283984662 24.176841822 24.0637482650683 23.9355639962921 23.8694788944841 23.828631792 23.544871818 23.1823156759999 22.8007746575341 23.0208476981738 23.3451584268586 23.9867407382469 24.0737832926939 23.6271192518804 22.6769380472608 21.7077225109775 22.0243501082012 22.042917712 22.1507564958922 22.4650533386377 22.6900286409038 22.9784062640001 23.1090957749124 23.0708779744649 22.971472512 22.4082646367095 20.987092875072 20.4446566666747 20.6310709304545 22.8312246407717 24.393927793334 24.5497286665577 24.6 24.6101588989947 24.6553872524581 24.6933257465472 24.7 24.7
24.4908984907615 24.5195929611703 24.5855769664208 24.6 24.643923373206 24.59287396 24.5863774752147 24.535671048 24.6134532959675 24.6394054868828 24.74643698 24.7344959247408 24.7852392636681 24.7013530781538 24.7803664375143 24.800060192 24.7517126326964 24.3966610679998 24.2011866057573 24.2614058087721 24.3935036909391 24.310766172 24.2098254417569 24.1010760541657 23.8854007528507 23.7236042440658 23.6956338347848 23.4850297134039 23.1731972382101 23.0947240901428 23.1 23.3685624897475 23.785472352 24.0229827487638 23.7556363760093 23.0594694862304 22.1957225846687 22.1517685252083 21.919021328299 21.7928092518762 22.0171036351169 22.5278055790514 22.8712634240001 23.1391268943435 23.3018063867523 23.2627567011612 23.1336450324299 22.1018940620207 21.0159811534909 21.585674625626 23.6711621175325 24.5221855963855 24.5832463920234 24.6 24.651729058 24.65689488525 24.6751165043411 24.7 24.7
24.466015698 24.548339979514 24.5933173705275 24.5703351174309 24.4073125027787 24.2309775866956 24.1823627121623 24.3729979165295 24.3689852392232 24.3364204143634 24.5109296168598 24.4724385330985 24.519235496943 24.573278682 24.641786900974 24.6498871290675 24.6335750793273 24.4028076426025 24.1179492591922 23.9144622121304 24.4309144127247 24.3894177613168 24.33392435 24.303623332 24.1095540888828 23.6923842185851 23.3434895618039 23.3017444798302 23.3999049164683 23.4134732622457 23.4053191500001 23.8113226990714 24.1837922984526 24.2011863561847 24.1179396269976 23.6101842565083 23.5438868516394 22.97789033587 22.2242839017243 21.7307732537418 21.8135782641062 22.3823214294096 22.7749865383784 23.1442917682307 23.4217671422723 23.4975133383138 23.2805125736447 23.1214000003651 22.3736645398085 23.2411518632009 24.3227471004356 24.3776684288739 24.3551192053954 24.4872074078766 24.651729058 24.7 24.7 24.7 -9999
24.466015698 24.5300441558017 24.5883910485241 24.4048231325497 24.1707257496485 24.1383178144984 24.0244394554822 24.4494943798469 24.3727041870421 24.2999917628048 24.378511288 24.4068251216309 24.4344822291287 24.416950052108 24.424948268 24.5190209244808 24.6686920450854 24.7 24.588514660526 24.54106719 24.532194692 24.44106719 24.393515125201 24.230317775268 24.1737321846164 23.8348589359118 23.1644730516565 22.7917658760307 23.1072610059802 23.7491539434334 23.9838202647067 24.0312447318897 24.2637484457018 24.3989808053759 24.332194932 24.1798679945513 23.8304018668043 23.7514085868001 23.4304091644817 22.4405609951576 22.1743795521422 22.4651836507696 22.8261659635564 23.2146779317642 23.5738791977921 23.836242450399 23.5416657948595 23.5646699564441 23.6047409595556 23.8453392671846 24.153640732 24.0286409335114 23.9947503359284 24.3540982642805 24.6715525774659 24.7 24.7 -9999 -9999
24.4823995401895 24.5378887848826 24.5130766515758 24.1959599517309 24.1028033610379 24.2473141163448 24.2144831746968 24.4 24.4 24.4146082455722 24.485654128 24.5498062156282 24.5249991334927 24.382254764 24.3978415301065 24.5592569885867 24.6415879352799 24.693946738027 24.7 24.6473761613593 24.5954049359475 24.5404890307456 24.4065382391224 24.0975048182638 24.0277932193001 23.8378855674454 23.6658621740979 23.3133779536686 23.2575441911953 23.7787738109079 24.0278057119679 23.9154792063229 24.1345795763702 24.3526237229366 24.391127742 24.2585289277516 23.9827407848571 23.8991095268519 23.9632314209418 23.3098211738885 22.712837331577 22.6091897552171 22.9476757226984 23.2815850420052 23.669412662 24.140140558619 24.0004751157028 23.9455875343024 24.0039595896182 24.0838072515388 24.2772668151531 24.2217775704599 24.3006912749328 24.5852048757054 24.7 24.7 -9999 -9999 -9999
24.5 24.5 24.3752495046274 24.179120244624 24.1029962187484 24.3 24.3039614228694 24.34464713 24.3574659790096 24.430301258 24.537444098 24.5800932118281 24.4408172029294 24.2813715214143 24.4497609472934 24.628511168 24.6109038854743 24.687443978 24.7 24.6992277573442 24.65535287 24.6038777351072 24.2901042883254 24.1478910782044 24.0055774379999 23.7059928360375 23.7139343922378 23.8826538963012 23.9117441346007 24.0029474027393 24.1335448333576 24.1647143692366 24.2505189948844 24.357082288 24.4513916614368 24.41070574 24.364389864 24.1939333897447 24.0677567495845 23.8465584948061 23.4431529119999 22.5017803397326 22.7784992244819 23.4558162277848 23.9317099608319 24.3618239984574 24.4630619927109 24.3206394516504 24.2895974694102 24.4588768614118 24.65535287 24.65535287 24.6720702636521 24.7 24.7 -9999 -9999 -9999 -9999
24.5 24.4085581045025 24.2645907403209 24.204708956893 24.105412942 24.2385854020374 24.3 24.3 24.323158418 24.4492382443261 24.5531378982036 24.53750429 24.3305851779999 24.13750429 24.4840797803739 24.735654008 24.682194572 24.6952909530967 24.7 24.7 24.6944550693801 24.587454297576 24.3163061097642 24.2799144753273 24.206323497634 24.023305154 23.9448072920529 23.9161220870001 23.7842348231971 23.7009378149227 24.0488617113659 24.2795966129137 24.4182251069716 24.525640025942 24.56249571 24.5524869607977 24.4681568417744 24.332194932 24.2718534018376 24.2763443410181 24.0167771061261 23.0147625369879 22.7885620622662 23.5901292366777 24.1763102436483 24.4701777690762 24.594586338 24.62499142 24.6283188073596 24.6685019687874 24.7 24.7 24.7234005049291 24.76249571 24.76249571 -9999 -9999 -9999 -9999
24.4540276251404 24.3349909190644 24.219698622 24.0782102290519 24.0320048976789 24.132091348 24.2365402960885 24.3 24.3392856044982 24.4247342824852 24.4143793365389 24.6006882471126 24.5764534572696 24.5178313 24.6840630093648 24.7918504700681 24.7756194101367 24.76963855 24.76963855 24.7012045087512 24.760766052 24.637607874 24.4857655693656 24.4878748924295 24.3957139097753 24.38115323398 24.3246214878151 24.1447854583897 23.7130402290272 23.414406784 23.5629263829791 23.9092067284181 24.3385865702415 24.4631315832373 24.6 24.583984902 24.4929689142331 24.3971357271241 24.2417298753573 24.3403338933903 24.3404305071571 24.0463251340575 23.7732711939999 23.8477385803311 24.1093622042567 24.5182930482296 24.664224888 24.7 24.7 24.7 24.7161266851006 24.76963855 24.7810069024898 24.8 24.7639766340801 -9999 -9999 -9999 -9999
24.357202912 24.250060072 24.142917232 24.015471060055 24 24.101729898 24.2020601264325 24.2355155934049 24.346316836 24.4090962259999 24.2635260952479 24.4827117095097 24.6629374525923 24.7452032144298 24.7921092617327 24.8 24.8 24.8 24.8 24.7771829925454 24.791127502 24.6925629222592 24.6589397870329 24.6859759824137 24.6583196740739 24.600663264959 24.590625511683 24.4673517063089 24.2644712619596 23.9885446201706 23.7479274353325 23.855478959487 24.1318396119745 24.4021309648207 24.5300308530168 24.6085781317085 24.65356278 24.6091911630584 24.50712556 24.5381826273875 24.6044890400833 24.6166748778791 24.5764700394332 24.5267158831082 24.4898845518254 24.5854227738549 24.7672110430665 24.778109076904 24.8467507212585 24.77678139 24.799939088 24.8535162157461 24.8 24.8 24.7879892317663 -9999 -9999 -9999 -9999
24.250060072 24.142917232 24.1031667051659 24.012555782 23.9206185398938 24.1002780944237 24.1235221470465 24.2294565285165 24.2747568741064 23.6690460312588 23.4606758172694 24.2194073683972 24.3102260465311 24.403552412012 24.4928243451925 24.6484956948328 24.71607577 24.7894624552179 24.720618741312 24.8 24.8060198532566 24.8544077109016 24.78392423 24.814225248 24.8718854530176 24.8215213020421 24.6887810755509 24.541127622 24.2677764918319 24.1129451465784 23.9938811266592 23.6149732952015 24.0710004650794 24.31925658874 24.5163182322102 24.699939328 24.8033593511504 24.837547682 24.6735756557281 24.5909134531216 24.735653528 24.78392423 24.7285216680288 24.7613971354413 24.7710152809114 24.6944621776184 24.873096906 24.885653408 24.975052212 24.88392423 24.8876470082678 24.869699462 24.8 24.8 24.8 24.8 -9999 -9999 -9999
