catData/variables/futureClimate2070/rcp85/HadGEM2_ES_2070_rcp85/bio10.asc
NCOLS 409 
NROWS 350 
XLLCORNER 60.897278365 
YLLCORNER 5.843756025 
CELLSIZE 0.0892857 
NODATA_value -9999 
[rows 234 to 259 of 350, columns 174 to 231 of 409]
34.4933137227401 34.5011507373709 34.5311705834874 34.6584352852545 34.803461956 35.017747636 35.2815527412492 35.5670503413764 35.7479251806227 35.9499008560001 35.9750105 35.9118665873799 35.8805560953809 35.9655358732365 36.1733079013827 36.4848544493837 36.7983515033845 36.8386892993853 36.710764012 36.6992876453872 36.7249895 36.798148758 36.5640161132202 35.3086040374827 35.0074046356582 34.633168117215 35.1520881681806 35.6594255004791 35.4835789860474 35.5049963690193 35.9248580451764 36.3589461581735 36.6844707861966 36.8412102778008 37.0277790257981 36.9445255642047 36.8372998045975 36.8905822051933 36.805412462 36.735774872 36.634177327406 36.589990804593 36.4882889442235 36.3287819897737 36.300060672 36.1650530365894 36.0038786794114 35.8418395565876 35.6429786239999 35.428692944 35.214407264 35.0001215839999 34.8094727968337 -9999 -9999 -9999 -9999 -9999
34.2161400376569 34.442203802924 34.6255350709045 34.8006876947291 34.9067129296374 35.0463869180038 35.1860609063703 35.3479478814734 35.471389568 35.6050828714696 35.7531872723279 35.73036241 35.7454155374311 35.916016538 36.0533505013018 36.3093678133366 36.5920531819653 36.8092867347966 36.8539308912324 36.898148758 36.93927518 36.8086490614677 36.4954368737666 35.7354275802023 35.9109840228988 35.6996828899981 35.8754261883896 35.5839311443279 34.6684657378398 34.802330110814 35.7449667613404 36.6031407896569 36.9920565197956 37.06963759 37.135653768 37.096478572 36.989335732 36.90874320973 36.7395439800965 36.5601994355371 36.53036241 36.514346352 36.407203512 36.2789592719286 36.1493557437049 36.0411875739999 35.842608447028 35.6839764306055 35.4983305339999 35.284044854 35.069759174 34.9163677071397 34.7395443872267 -9999 -9999 -9999 -9999 -9999
34.1694788540001 34.4606049160001 34.6461399351808 34.8020426720854 34.9120117106484 34.9368898173822 34.9617679241159 35.042818208 35.149961048 35.257103888 35.3862096590511 35.5477681002151 35.6341537025187 35.7747532447475 35.969538326 36.1838240060001 36.4068042674539 36.635614936 36.8258773061572 36.958873578 37 37.0052101975089 36.8895280182869 36.6451840268193 36.367669579945 35.6071982604634 35.0574871199997 34.667903865964 35.1742786116666 35.8291951669381 36.3536346843614 36.8976768964608 37.128510928 37.1315772279282 37.064641167324 36.973280122 36.866137282 36.7589944419999 36.6298887824028 36.4218909783309 36.34643914 36.330423082 36.2410617434676 36.1858818987338 36.0424997839998 35.8914987152662 35.719759054 35.564346472 35.391187694 35.176902014 35.0242722615973 34.8454153111363 34.7066695081298 -9999 -9999 -9999 -9999 -9999
34.2534021240001 34.5190973723561 34.6060199794572 34.6678331825583 34.73215346 34.73215346 34.73215346 34.6825172719256 34.6098245621279 34.6105187051651 34.8658878434676 35.0835671006327 35.2880748130631 35.5776281384304 35.8818315933293 36.160604436 36.374890116 36.589175796 36.7600473490753 36.874950308 36.8606735932775 36.905312718 36.9866356550404 36.898496775419 36.7437156269538 36.3198564179159 35.1975897483469 35.1289742430146 35.9499467069525 36.1962007024985 36.8650640471554 37.02677067278 37.1083165724911 36.9583865311845 36.8376169473066 36.6975970017945 36.567928332 36.6075583920065 36.521489192 36.396817432199 36.2086300353001 36.1295786015987 36.0966410255024 36.001851722 35.8886890182953 35.7340700928058 35.572106668093 35.457203632 35.2840448539999 35.1311564127896 34.9523066383115 34.8145740625873 -9999 -9999 -9999 -9999 -9999 -9999
34.2905694172035 34.621368568 34.69106611 34.6544448824039 34.60893389 34.60893389 34.4886962852147 34.2203951541517 33.9912388965443 33.95360334 34.237367394 34.4602175061005 34.8623566540001 35.183785174 35.505213694 35.8239350471764 36.1357915437079 36.4476480402394 36.6135554572291 36.5695136033952 36.6500748935019 36.782093148 36.889235988 36.9011216554285 36.89154963196 36.1086641180336 34.6345313342311 35.2964410044539 35.2197022135691 35.2399190109417 36.6526119637459 37.044587658 37.0057820955755 36.8484750834875 36.8 36.5870588921932 36.5017598103383 36.5078122131302 36.414346352 36.3054731339999 36.1081411664644 36.0854147990041 35.985774992 35.878632152 35.771489312 35.660363081122 35.548269742 -9999 -9999 35.035775112 34.848330654 34.8011216983112 -9999 -9999 -9999 -9999 -9999 -9999
34.3453577866764 34.532093508 34.60179105 34.6009924541543 34.6 34.4843612830345 34.206714517353 33.8140454811888 33.3099672750741 33.2125373499999 33.4963014039999 33.8193695894678 34.3442911096321 34.7709434877961 35.174851284 35.5260392941246 35.915917274 36.1059778746413 36.1089552499999 36.2813581631249 36.5986579169455 36.8450081971096 36.8996472007262 37.071757510876 37.0035242363979 35.5897634708314 34.631989373514 36.0346509642841 36.2109529190354 36.1334905965008 36.6861036954128 36.9570095164972 36.8509250829155 36.8007365990797 36.8 36.6523716494081 36.5193453384277 36.4141214802635 36.307203512 36.1983302939999 35.9930767557709 35.9032952443932 35.878632152 35.8012483307215 -9999 -9999 -9999 -9999 -9999 -9999 34.8200511898708 -9999 -9999 -9999 -9999 -9999 -9999 -9999
34.4297508621202 34.539384314083 34.60535179 34.60535179 34.548083745385 34.376900574 34.0341146509011 33.6766061633019 33.2017317449897 32.7649308425832 32.989695119823 33.6031172362294 34.1012171243179 34.342658992 34.8175491080001 35.3727429161455 35.664186536 35.6953481226672 35.7337850540001 35.9994907862601 36.1676263482844 36.4419273435612 36.9153766410484 37.0887887791053 36.8905758870231 34.6336981347946 34.1805440201897 35.0804873140958 36.3887997934107 36.6871758422285 36.8899801598738 36.7442505516441 36.5432881624756 36.5579235731685 36.5911151627874 36.5853811029906 36.5122379456125 36.1589089878092 36.0110539156001 36.092917832 35.9773766499935 35.7991428542096 35.7727287275872 -9999 -9999 -9999 -9999 -9999 -9999 -9999 -9999 -9999 -9999 -9999 -9999 -9999 -9999 -9999
34.5617075745786 34.72498926 34.72498926 34.713847014266 34.5512706602964 34.294746994 34.0144446559999 33.60157462083 33.2566318360144 33.0469615468878 33.1077588551266 33.5172546753942 33.796379068 33.9555739363238 34.4456635408173 35.0352303099792 35.4452222345496 35.3841645179999 35.3241718883094 35.6736995812166 36.2250901523369 36.8581574808044 37.1530319259454 37.1109863534568 36.567928510659 35.4951454899999 34.6144983430192 35.8426616629513 36.7209216046042 36.6098495518987 36.6799706114632 36.3694205222494 36.4982740410333 36.5514039104965 36.4422322991812 36.339335612 36.3827630679598 36.312555302 36.1226432868992 35.998269622 35.891126782 35.783983942 35.7 -9999 -9999 -9999 -9999 -9999 -9999 -9999 -9999 -9999 -9999 -9999 -9999 -9999 -9999 -9999
34.6543893470369 34.9 34.9 34.8108237239999 34.596538044 34.4053750206952 34.1541889674097 33.6486887709438 33.321813326466 33.2442058388076 33.2578496336584 33.620688534559 33.6909787977827 33.8835182566209 34.414087632 34.836708403031 35.1319044459687 35.0826270038404 35.1556767538446 35.7503228140884 36.5007738626011 37.0031787173161 37.1 37.1 36.8533859590568 36.2072025863149 35.4674324913476 36.2589216894257 36.6294963852229 36.4612743288042 36.3568777274078 36.4478884780001 36.7905210910256 36.6465024541755 36.5263110328501 36.446478452 36.41963747 36.3150208456636 36.205412462 36.0175672895393 35.891126782 35.783983942 -9999 -9999 -9999 -9999 -9999 -9999 -9999 -9999 -9999 -9999 -9999 -9999 -9999 -9999 -9999 -9999
34.5822054770288 34.7823286343801 34.8497429706545 34.8227645655796 34.6371720702744 34.5377940290308 34.412426459664 34.1001073087176 33.766214226 33.5322308839999 33.5510473291135 33.7264400394142 33.7201158283343 33.872725860417 34.0534528955551 34.4430258356692 34.7668919204483 35.0329594853863 35.5048014040085 36.267252677821 36.8339304726088 37.0535065499139 37.1 37.1234180254757 36.981530731659 35.791148142 35.7668746638009 36.5385073937451 36.5305225859999 36.1057574151991 35.794033876036 36.2991257310343 36.712023465729 36.7301128144237 36.633983822 36.5464331938133 36.4837701369837 36.3217482552029 36.205412462 36.0965392439999 35.8935030572873 35.8304991890178 -9999 -9999 -9999 -9999 -9999 -9999 -9999 -9999 -9999 -9999 -9999 -9999 -9999 -9999 -9999 -9999
34.2433778896285 34.3999536591242 34.720853794783 34.8366144129359 34.7833665765268 34.708972482 34.601829642 34.421527304 34.1541803685732 33.9268790939999 33.807181432 33.9397414775557 34.1726259878831 34.1766557335789 34.0898677465381 34.3789366073454 34.7928670251929 35.3039504306428 36.0507127456959 36.6840965512988 36.9659559860001 37.107082408 37.13392315 37.221368088 36.950159816 35.5625932011596 35.3858396783381 36.6067569860251 36.4105426042448 35.8793455277993 35.4309171528869 36.2588224273712 36.6198355315677 36.6800283092402 36.5776659049127 36.5073358565853 36.4193495932264 36.312555302 36.205412462 36.0971262427245 35.930913074948 -9999 -9999 -9999 -9999 -9999 -9999 -9999 -9999 -9999 -9999 -9999 -9999 -9999 -9999 -9999 -9999 -9999
33.5187828223524 34.0229748036281 34.4961152149964 34.6174254797077 34.752620219262 34.8653032982125 34.775049332 34.5647033218672 34.3723722740928 34.2020858620529 34.087543962 34.2880353479732 34.6357157399334 34.7425237455737 34.6884954261465 34.7965552759999 34.6824241173574 35.2320135847985 36.2139316603062 36.8082066609624 37.0320328360001 37.173159258 37.2329768515345 37.2926007985054 37.0550800734547 35.7685962631703 35.1508487860006 36.6528047666752 36.3251076362289 35.8982104732974 35.8461626166307 36.4946311407021 36.692796488 36.682192652 36.5361438310558 36.378929486984 36.3883910950239 36.3484653329362 36.246478452 36.098269622 35.991126782 -9999 -9999 -9999 -9999 -9999 -9999 -9999 -9999 -9999 -9999 -9999 -9999 -9999 -9999 -9999 -9999 -9999
33.4498347090378 33.3418092862957 33.7337426925023 34.2322807916486 34.4640904095174 34.7923118165024 34.8494262288538 34.6639996740196 34.4386896867751 34.3547111192052 34.299220588798 34.5041755183908 34.9666517919836 35.208851858 35.339154076 35.4895787345711 35.4807468907093 35.5756682065261 36.0871779513797 36.6589032188671 36.9356151760001 37.147280042637 37.280302098 37.342156181504 37.1134336129032 35.9351362000686 35.3351285254359 36.8118601997502 36.7530508529356 36.2162118346967 36.0328399227328 36.316083722985 36.751730498 36.7695088094317 36.682192652 36.5724290072346 36.4672013175799 36.44820883 36.2624222012088 36.098269622 36 -9999 -9999 -9999 -9999 -9999 -9999 -9999 -9999 -9999 -9999 -9999 -9999 -9999 -9999 -9999 -9999 -9999
33.5016158933144 33.1533417991081 33.3423827717642 34.0513552730344 34.4729789220001 34.7775011810885 34.8848270053188 34.7941760079066 34.558893341132 34.413898607285 34.5047120951658 34.8834965223834 35.2926761040001 35.582071548 35.6995546635154 35.9016099940001 36.1688748629355 36.1569714621609 36.1027204889094 36.3878015626117 36.7756013955116 37.119477774 37.3247506502881 37.3943943744866 37.2209484954778 35.9944059218216 35.7902137912415 36.9962495544152 37.0949076499999 36.4921028465357 36.0634991948232 36.4406705320988 36.7784484734577 36.8 36.733983822 36.6595052617814 36.528493033444 36.4515978993305 36.2132414978949 36.0992274151203 36.0548768046543 -9999 -9999 -9999 -9999 -9999 -9999 -9999 -9999 -9999 -9999 -9999 -9999 -9999 -9999 -9999 -9999 -9999
33.4826277435739 33.4136239346451 33.5981112755031 34.2063647292777 34.6672548895614 34.8220809139226 34.83750549 34.764345992 34.6270853666516 34.5890549505292 34.8948842027356 35.2290999027741 35.4724788817481 35.5810180610579 35.6935692072007 36.0155267186836 36.2357967115163 36.4222841574976 36.411174306465 36.2057410770038 36.5826360877948 37.1027037838068 37.3104197933352 37.3921537755229 37.423636558762 36.6210513995219 36.453200725223 37.0580582009553 37.2611720098132 36.4818375639569 35.7574102045885 36.3280552572249 36.5866765462283 36.73750549 36.671489312 36.564346472 36.457203632 36.4047089275361 36.3290489607883 36.1614131187477 36.091126782 -9999 -9999 -9999 -9999 -9999 -9999 -9999 -9999 -9999 -9999 -9999 -9999 -9999 -9999 -9999 -9999 -9999
33.4948736269814 33.7722175362083 34.0642681483196 34.4076527491299 34.5978005237917 34.701723466699 34.7763349011898 34.726840502 34.5637772418287 34.7395968373241 34.8845150653891 35.096960313287 35.4489008744027 35.6392747 35.706688858653 35.9184615447871 36.0294988700972 36.380950926588 36.6024104801573 36.5445083009857 36.4076373851583 36.8785976062035 37.2528679040833 37.4483392755324 37.4983567059769 37.3417897394861 36.9804528099818 37.0417585410094 37.2648532079163 36.8175197739068 35.9637242671625 36.4466486983749 36.696357850255 36.76963735 36.6576492550694 36.5777869834212 36.489335492 36.4087431795973 36.4 36.198269622 36.091126782 -9999 -9999 -9999 -9999 -9999 -9999 -9999 -9999 -9999 -9999 -9999 -9999 -9999 -9999 -9999 -9999 -9999
33.5694186620001 33.944421279173 34.0973336101981 34.0347628067783 34.1731462207891 34.4737366773207 34.6631439934441 34.650060312 34.5242714216908 34.6951949601858 34.72321981 35.0837036220001 35.4965880418157 35.7 35.746318756 35.8231655808907 35.824970238678 36.2912181768015 36.603461476 36.5191870198072 36.4176098682012 36.7347555475251 37.1490020174185 37.4652500755419 37.5726246756652 37.5725152615771 37.273775706616 36.7495065240707 37.1461027864764 37.2386798282571 36.6395495651612 36.6634420349422 36.8397187746524 36.87678019 36.7954351808991 36.6973887469775 36.596478332 36.4221952867306 36.3273755086073 36.1995982095161 36.1610940983604 36 -9999 -9999 -9999 -9999 -9999 -9999 -9999 -9999 -9999 -9999 -9999 -9999 -9999 -9999 -9999 -9999
33.573202218838 33.8766818860001 34.0414821293483 34.1444256197208 34.3480274274414 34.5361850040577 34.6051499866033 34.542917472 34.5031667872104 34.6015037130336 34.61607697 35.1054708435214 35.4338243660001 35.5891938420186 35.5139857177468 35.7429694440112 35.8607962682235 36.1944285620001 36.519538446 36.6276251106351 36.4907100645846 36.7583496760783 37.2051314220001 37.4728714024489 37.594587778 37.680461794 37.3235728681668 35.7140291368492 36.2774623543098 37.369048808175 36.7669626509384 36.5031604503987 36.8951442993557 36.98392303 36.917906852 36.810764012 36.703621172 36.5090336339999 36.389335492 36.2824708443519 36.1897002374041 36.0544658108398 -9999 -9999 -9999 -9999 -9999 -9999 -9999 -9999 -9999 -9999 -9999 -9999 -9999 -9999 -9999 -9999
33.6394542163797 33.8330097189909 34.0145792007956 34.2802421460001 34.4474185608248 34.5052598634361 34.3886968420947 34.253642892 34.3730584354601 34.496379308 34.5950715315075 35.0125504831039 35.2356156560001 35.4295919830207 35.5605440040001 35.8489630664511 35.9888225203206 36.0159341630864 36.2334160892343 36.6375830460175 36.8334903175782 36.8880100660838 37.2212083920001 37.3952573824394 37.5896590909494 37.7012667710142 37.6846160589943 36.5444179159211 35.7947811450091 37.0862813084282 36.5234964615345 36.3346821712967 36.6899793585315 37.0749047051045 36.933983822 36.826840982 36.719698142 36.6047428790025 36.4103413676087 36.298269622 36.191126782 36.0825530465574 -9999 -9999 -9999 -9999 -9999 -9999 -9999 -9999 -9999 -9999 -9999 -9999 -9999 -9999 -9999 -9999
33.5708552880788 33.8898217642003 34.1352042257571 34.2891762760001 34.4009266518358 34.3439720728144 34.1715492639999 34.030423082 34.164187256 34.3769065392711 34.4034856357076 34.807044296 35.0300447203352 35.3492670987129 35.6449423176222 35.8308450186008 35.9385655984206 35.7810540027903 35.8174875829266 36.3986871634846 36.7344328705061 37.0173375805822 37.1810348483538 37.2033576824299 37.392758136 37.603521908 37.674217219805 37.3549943771778 37.1970067271387 37.176620902793 36.8560607672804 36.747642389223 36.8518568999011 36.8280171582162 36.7690249656102 36.728632272 36.621489432 36.6002249018692 36.410824924 36.394778950088 36.191126782 36.083983942 -9999 -9999 -9999 -9999 -9999 -9999 -9999 -9999 -9999 -9999 -9999 -9999 -9999 -9999 -9999 -9999
33.4368555345371 33.6855558240001 33.969539046 34.139236588 34.246379428 34.2326239701928 34.0572635839999 33.9853817328848 34.0685451077693 34.2548279111536 34.1991915572318 34.4875923214626 34.7385420596149 35.221329976 35.3624193649199 35.27324225 35.385577424 35.5310404956554 35.3779007203094 35.6708552042923 36.2712150400002 36.660610724 36.9189267737021 36.3551042435793 35.5956524295329 36.3681905473491 36.8982101672492 36.0220332081957 36.6573798956469 36.9081333105255 36.628389104 36.5134855672466 35.9435119874799 36.2860979197606 36.6836320489639 36.6960848585722 36.6229413801636 36.517906852 36.410764012 36.3965392439999 36.191126782 36.083983942 -9999 -9999 -9999 -9999 -9999 -9999 -9999 -9999 -9999 -9999 -9999 -9999 -9999 -9999 -9999 -9999
33.2406766429863 33.587121266718 33.862396206 34.032093748 34.1327731178579 34.0646195084288 33.8472239152844 33.6652883899913 33.8057049105777 33.8827996647265 34.0884998418622 34.1815021317023 34.5855172320001 34.9840566847222 35.0814538100355 34.7746336170443 34.799885664 35.0209764052135 34.9978592116887 34.8639426831154 35.1921114523739 35.6344057930469 36.1967681106978 35.8315276083557 34.9348182797513 35.6421893906493 35.1500444077548 34.749597256 35.650136729911 36.7291657299271 36.9139307260215 36.9343248118823 35.9731536760285 35.526719299164 36.3729152457125 36.626840982 36.6702686306842 36.6109865936024 36.505412462 36.3965392439999 36.191126782 36.1 -9999 -9999 -9999 -9999 -9999 -9999 -9999 -9999 -9999 -9999 -9999 -9999 -9999 -9999 -9999 -9999
32.9800460180001 33.5076437893732 33.735616136 33.9140695532118 33.9702042388689 33.901851722 33.6756394089697 33.2145652799999 33.401572122 33.7255264932723 34.044489594 33.9824649157343 34.1407937389717 34.589137924 34.8365404496755 34.536280448731 33.9779915996738 34.3823482137528 34.5980937940123 34.3083330762367 34.8220871587982 35.601494938 36.1798189876792 36.1072867439999 35.5129342715887 35.9799915337483 35.8823746194946 35.1613090268639 35.7288574168052 36.6212359393433 36.8809049240675 36.6649201111407 36.3339076481068 35.6532417076247 36.2371902407117 36.646478212 36.6038681694503 36.5828282835309 36.5043496043884 36.3772418123077 36.191126782 36.1 -9999 -9999 -9999 -9999 -9999 -9999 -9999 -9999 -9999 -9999 -9999 -9999 -9999 -9999 -9999 -9999
32.7121776380001 33.2641273040001 33.5581384030161 33.7533540722957 33.7956359962402 33.714346112 33.558865921224 33.173386839552 33.2887494026879 33.5213302160001 33.855534651432 33.896538284 33.7366075102482 34.156299883912 34.362600062 34.0817588691917 33.7001236317197 33.9802035540001 34.3118022284563 34.1443909527998 34.2627205691445 34.8978672285039 35.569417196056 35.5179898439999 35.2783734908401 35.8243881832882 36.0686356642637 35.7043969334474 35.2526139416901 35.97920810692 36.5258704338871 36.4415850661425 36.246193427394 35.5601802197444 36.1997563607588 36.7196529482317 36.619698142 36.4657197993286 36.44643986 36.271489552 36.1667229659916 36.1 -9999 -9999 -9999 -9999 -9999 -9999 -9999 -9999 -9999 -9999 -9999 -9999 -9999 -9999 -9999 -9999
32.6989471116296 33.214550808445 33.4996333592602 33.621488952 33.6002594148909 33.5932520742937 33.500060432 33.221780765337 33.0776724003047 33.3281905630969 33.7123421537831 33.8292796214015 33.6481727422413 33.4909081602291 33.6150824069554 33.4030538402801 33.2568245280001 33.7205413364717 33.8645676163059 33.8407129059085 33.9550286038734 34.5212199667521 35.1531514522695 35.0300907487653 34.7447861328019 35.467769596 35.6646222550273 35.6203634961352 35.2613957304327 35.0052472985729 35.5068629572784 36.0924390967556 36.0755907333954 35.1424355249273 35.976074512759 36.66607709 36.5585345049823 36.3291476584045 36.3 36.198269622 36.0969899462437 36.0394780869409 -9999 -9999 -9999 -9999 -9999 -9999 -9999 -9999 -9999 -9999 -9999 -9999 -9999 -9999 -9999 -9999
32.8598869066847 33.1784734160001 33.3773819035365 33.4871459718422 33.4575125718039 33.3936915250846 33.3378963277326 33.0252305079999 32.8561940961017 33.2423816218156 33.5449207749982 33.657203392 33.5270835086363 33.2028619150925 33.2178685 33.0842157949115 32.9707189101888 33.3679126688918 33.4801778655402 33.7701910136425 34.0791709423497 34.5199345020158 34.6360272735245 34.4960880157603 34.2099408331119 34.9188437510453 35.3086526299215 35.645176085104 35.4845690025585 34.4990692801639 34.008288899739 34.8626347274864 35.7480934388068 35.3669688931988 35.9959663715325 36.5479117994343 36.4313070942516 36.312555302 36.2611569181138 36.1579144647035 36.091126782 35.983983942 -9999 -9999 -9999 -9999 -9999 -9999 -9999 -9999 -9999 -9999 -9999 -9999 -9999 -9999 -9999 -9999
