catData/rasterBestHybridModels/Pbengalensis/RDbal_BM01_RM1.5_L/Pbengalensis_avg.asc
ncols         409
nrows         350
xllcorner     60.897278365
yllcorner     5.843756025
cellsize      0.0892857
NODATA_value  -9999
[rows 174 to 202 of 350, columns 198 to 263 of 409]
3.61769E-5 2.01227E-5 1.8775E-5 2.83749E-5 5.84094E-5 7.53573E-5 5.54062E-5 2.91453E-5 1.89869E-5 1.15705E-5 1.04204E-5 1.29762E-5 2.59696E-5 1.91451E-5 2.27042E-5 7.76619E-6 3.20497E-5 8.05495E-5 8.71915E-5 7.35511E-5 5.55072E-5 3.70704E-5 9.58655E-6 3.53634E-5 6.25717E-5 6.46208E-5 1.07933E-5 1.29084E-5 3.52928E-5 1.59088E-6 3.37075E-6 1.16532E-5 1.85177E-5 3.98267E-5 4.26569E-5 1.7303E-5 1.52248E-6 3.72609E-6 1.90085E-5 5.93423E-5 6.06014E-5 5.43149E-5 1.14629E-5 3.42907E-5 4.05872E-5 3.05556E-5 9.03614E-6 8.77179E-6 3.38336E-5 4.55046E-5 7.00639E-5 3.4318E-5 5.17747E-5 3.86214E-5 4.19713E-5 4.66839E-5 1.00663E-5 2.40859E-5 6.17437E-5 4.9677E-5 7.64118E-5 7.93245E-5 6.54891E-5 6.10472E-5 4.78502E-5 1.83948E-5
5.42145E-5 4.24204E-5 2.92435E-5 6.37328E-5 7.58604E-5 4.66717E-5 7.64034E-5 6.32353E-5 5.05165E-5 3.59642E-5 2.24252E-5 3.87703E-5 4.57537E-5 1.85273E-5 1.36027E-5 3.53491E-5 5.95928E-5 6.84495E-5 7.08506E-5 7.16976E-5 5.56683E-5 4.06094E-5 3.28723E-5 5.60106E-5 4.92182E-5 3.26659E-5 2.97509E-5 1.62394E-5 8.01349E-6 5.76575E-6 1.56632E-5 3.20336E-5 2.70396E-5 5.7869E-5 2.70541E-5 3.89022E-5 7.40315E-6 7.59677E-7 2.90721E-5 4.34915E-5 3.51336E-5 4.99132E-6 9.06842E-6 4.74689E-5 7.61293E-5 4.58326E-5 2.87234E-5 1.87132E-5 3.89949E-5 5.54703E-5 2.33415E-5 3.90503E-5 2.2339E-5 3.93791E-5 5.23612E-5 6.8812E-5 8.2316E-5 7.51592E-5 9.48463E-5 6.92963E-5 1.06866E-4 5.03762E-5 5.44149E-5 1.31436E-5 6.46554E-5 7.34102E-5
3.49684E-5 1.07838E-5 2.20314E-5 6.85586E-5 8.07263E-5 8.24424E-5 7.48217E-5 8.57625E-5 8.70975E-5 7.29494E-5 5.49345E-5 6.57747E-5 8.32944E-5 2.14214E-5 6.34891E-5 4.04203E-5 3.2013E-5 4.77637E-5 6.08995E-5 4.21891E-5 4.34633E-5 3.28923E-5 2.23867E-5 5.96468E-5 7.24415E-5 4.5734E-5 3.02321E-5 3.28553E-5 1.69767E-5 2.12935E-6 4.33095E-5 2.18303E-5 7.9492E-5 8.32463E-5 3.72462E-5 5.82487E-5 4.05746E-5 5.17873E-5 6.40663E-5 5.39592E-5 9.1881E-6 2.13812E-5 3.12075E-5 2.29878E-5 4.56673E-5 6.92748E-5 5.87945E-5 8.83966E-5 6.65015E-5 8.55782E-5 3.18994E-5 3.72304E-5 4.31723E-5 4.20444E-5 5.79838E-5 8.22971E-5 1.21752E-4 1.02055E-4 7.66841E-5 7.69111E-5 7.20633E-5 1.9936E-5 8.3089E-6 3.79573E-5 2.11546E-5 1.61267E-5
3.15253E-5 5.11362E-5 3.52293E-5 9.77289E-5 1.34837E-5 3.11498E-5 1.72306E-5 3.59605E-5 6.76158E-5 5.65155E-5 6.17936E-5 7.80448E-5 4.82532E-5 4.38851E-5 4.01375E-5 4.22033E-5 5.03855E-5 2.97734E-5 1.24432E-5 1.38487E-5 2.4801E-5 3.04806E-6 6.34057E-6 6.05197E-5 5.33348E-5 1.23505E-5 5.283E-5 1.9895E-5 3.60622E-5 3.14005E-5 9.27244E-5 7.60855E-5 6.5985E-5 1.23997E-5 4.56424E-5 3.897E-5 2.26909E-5 8.85526E-5 8.71869E-5 6.59769E-5 4.27529E-5 3.55483E-5 4.32673E-5 5.05738E-5 5.38921E-5 6.88466E-5 5.43619E-5 8.4102E-5 4.28264E-5 4.56733E-5 7.37341E-5 5.03021E-5 4.30102E-5 4.64141E-5 6.39498E-5 8.73374E-5 1.06554E-4 8.76777E-5 6.83934E-5 3.52297E-5 6.49772E-5 2.07966E-5 2.67668E-5 6.35401E-5 4.22213E-5 2.71324E-5
4.62708E-5 1.26481E-5 1.02162E-5 2.3356E-5 2.68497E-5 1.0407E-4 8.29842E-5 8.03537E-5 5.59671E-5 4.88276E-5 6.59308E-5 8.88452E-5 5.14619E-5 1.66503E-5 7.92108E-6 1.44902E-5 2.18861E-5 3.64131E-5 9.86074E-6 1.38585E-5 7.78959E-6 8.65413E-6 1.16494E-5 5.82649E-5 6.80835E-5 7.61343E-5 8.25387E-5 7.61862E-5 4.16853E-5 3.88262E-5 3.23152E-5 2.28739E-5 8.7145E-5 7.82715E-5 9.66719E-5 5.34367E-5 5.51128E-5 8.98409E-5 8.77237E-5 9.28462E-5 5.4847E-5 5.82268E-5 6.11994E-5 7.22656E-5 5.86117E-5 5.01803E-5 3.85528E-5 4.70555E-5 1.94659E-5 2.11799E-5 5.76531E-5 5.21819E-5 4.1701E-5 4.63763E-5 6.41191E-5 8.80576E-5 1.07996E-4 8.72899E-5 8.29513E-5 6.93389E-5 1.03607E-4 2.38785E-5 1.42258E-5 5.75842E-5 5.96235E-5 2.88001E-5
1.93376E-5 2.118E-5 1.50496E-5 1.64187E-5 1.85742E-5 2.78012E-5 3.72155E-5 6.03446E-5 2.97438E-5 2.04962E-5 2.64373E-5 4.47293E-5 2.3785E-5 3.80515E-5 2.90276E-5 1.17182E-5 2.6051E-5 1.30939E-5 4.78052E-6 6.33601E-6 2.83756E-5 1.36893E-5 2.68458E-5 6.33177E-5 6.76577E-5 7.13705E-5 9.64561E-5 7.65682E-5 7.88044E-5 5.44182E-5 7.12004E-5 6.8023E-5 9.10698E-5 9.61019E-5 8.19192E-5 6.3727E-5 6.4234E-5 6.73957E-5 8.28975E-5 9.33515E-5 7.77875E-5 2.58092E-5 2.14031E-5 2.72552E-5 2.73659E-5 4.27459E-5 1.31649E-5 3.488E-5 5.75506E-5 4.98531E-5 6.8261E-5 5.2325E-5 4.9556E-5 4.08477E-5 5.43063E-5 6.99299E-5 7.87508E-5 8.68326E-5 7.72575E-5 3.88062E-5 4.9117E-5 2.60762E-5 3.39713E-5 3.23849E-5 3.46999E-5 3.23398E-5
4.44574E-5 2.32424E-5 4.19834E-5 1.58231E-5 1.35549E-6 1.84805E-6 1.8287E-6 4.43611E-6 4.67762E-5 4.71237E-5 3.76793E-5 3.3389E-5 2.64038E-5 1.21823E-5 2.38704E-5 2.35533E-5 6.72268E-6 6.63625E-6 1.85648E-5 8.31597E-6 9.36812E-6 2.32054E-5 2.51293E-5 5.84816E-5 8.11261E-5 2.78716E-5 6.35092E-5 7.00327E-5 4.05332E-5 2.92167E-5 5.16025E-5 6.44224E-5 8.43146E-5 9.08229E-5 7.325E-5 6.76919E-5 6.01863E-5 5.37448E-5 6.48112E-5 3.45941E-5 1.92019E-5 1.53964E-5 3.52941E-6 5.26846E-5 7.43151E-6 1.64335E-5 4.69571E-6 4.57307E-5 1.89318E-5 4.33441E-5 9.78868E-5 7.20264E-5 5.27122E-5 3.88845E-5 3.66955E-5 4.75829E-5 5.27043E-5 8.00908E-5 8.21187E-5 3.15573E-5 3.00466E-5 4.38536E-5 2.80571E-5 4.34319E-5 2.05249E-5 3.71426E-5
1.15282E-5 1.95885E-5 5.40025E-5 5.25114E-6 3.01416E-6 1.117E-5 2.40384E-6 8.35694E-6 7.33069E-5 3.39424E-5 3.13441E-5 3.33776E-5 6.33684E-5 5.11983E-5 4.45336E-5 1.10119E-5 2.49973E-5 7.48049E-6 4.35215E-6 5.98826E-6 1.2289E-5 3.12257E-5 4.44889E-5 6.97496E-5 7.18136E-5 4.5681E-5 9.75629E-6 3.54823E-5 5.89266E-5 4.5562E-5 5.74616E-5 5.39064E-5 6.53389E-5 6.86687E-5 8.69917E-5 9.53876E-5 7.67955E-5 5.76234E-5 3.88586E-5 4.35261E-5 2.55766E-5 3.02086E-6 3.41989E-6 9.73421E-6 1.8971E-5 1.57381E-5 2.95659E-5 4.19223E-5 4.64434E-5 1.76208E-5 1.44875E-5 1.25424E-5 2.56662E-5 4.25156E-5 4.19176E-5 5.28907E-5 4.36434E-5 5.40389E-5 6.92024E-5 7.99848E-5 8.37004E-5 6.37109E-5 5.67487E-5 6.226E-5 2.35102E-5 3.69164E-5
4.04297E-5 3.2875E-5 5.8953E-5 1.73572E-6 1.00017E-5 1.05574E-5 3.16954E-5 1.53781E-5 1.0588E-5 7.41962E-5 4.55119E-5 3.43527E-5 4.54229E-5 6.78685E-5 1.85235E-5 5.19605E-6 1.06667E-5 1.80478E-5 1.64207E-5 1.73708E-5 4.1638E-6 1.97648E-5 5.11338E-5 6.88929E-5 6.37122E-5 3.09174E-5 4.22114E-5 2.38033E-5 3.50908E-5 9.23668E-5 7.80128E-5 6.03164E-5 7.82876E-5 8.90857E-5 9.68022E-5 1.05625E-4 7.99482E-5 5.74658E-5 2.20744E-5 3.117E-5 6.27466E-6 7.97418E-6 1.22062E-5 1.26625E-5 1.21397E-5 1.9816E-5 2.07844E-5 9.44654E-6 1.93152E-5 4.81566E-5 2.72537E-5 5.95404E-5 5.04529E-5 4.23057E-5 6.43912E-5 6.488E-5 8.05255E-5 8.16076E-5 6.34751E-5 9.32592E-5 8.63799E-5 5.79627E-5 5.07751E-5 8.93938E-5 9.07351E-5 5.37177E-5
2.25863E-5 5.23509E-5 6.17994E-5 6.18763E-6 7.35325E-7 2.96004E-7 1.22442E-5 5.05581E-5 3.97481E-5 2.30582E-5 6.13463E-5 1.28722E-5 2.0468E-5 3.30008E-5 1.5561E-5 2.9357E-5 1.39416E-5 3.84842E-6 9.52343E-6 4.63952E-6 2.03876E-5 2.48348E-5 3.22511E-5 1.91491E-5 5.48016E-5 4.09645E-5 2.42259E-5 2.3516E-5 3.20926E-5 1.01672E-4 3.00507E-5 5.29393E-5 9.40918E-5 1.16843E-4 8.70005E-5 6.68877E-5 4.90367E-5 2.61962E-5 3.73912E-5 6.82714E-5 1.17703E-5 4.05702E-6 2.06554E-6 1.60166E-5 1.40886E-5 2.32323E-5 1.32491E-5 7.31823E-6 2.57744E-5 5.37605E-5 7.31198E-5 9.29999E-5 6.88401E-5 6.82032E-5 3.38153E-5 9.29753E-5 6.95789E-5 9.28627E-5 5.06346E-5 3.93292E-5 2.75799E-5 1.08327E-5 4.6958E-6 1.41913E-5 8.68803E-5 8.11474E-5
1.77294E-8 5.21485E-7 6.929E-7 1.98192E-6 2.21037E-8 3.77153E-7 2.54063E-6 1.37311E-5 2.23798E-5 2.09363E-5 9.17882E-6 9.22193E-6 5.36814E-5 4.63813E-5 3.05583E-5 1.75728E-5 2.10364E-5 1.38157E-5 1.33439E-5 2.06637E-5 3.24839E-5 4.42283E-5 3.39517E-5 1.63604E-5 2.09676E-5 4.57479E-5 7.26732E-6 1.82888E-5 6.22144E-5 7.97147E-5 6.0717E-5 4.79177E-5 7.78648E-5 8.93131E-5 4.4443E-5 5.31176E-5 5.20703E-5 7.21932E-5 7.87777E-5 1.02571E-4 7.62921E-5 5.60078E-5 2.85815E-5 3.01627E-5 2.88015E-5 2.5556E-5 4.09289E-5 2.09875E-5 5.57432E-5 6.12022E-5 7.58844E-5 1.51216E-5 6.29568E-5 4.4657E-5 3.70186E-6 3.98041E-5 5.6705E-5 5.0531E-5 2.62801E-5 3.67112E-5 2.06692E-5 4.36502E-5 1.02895E-4 1.12553E-4 1.08879E-4 6.74629E-5
6.73127E-9 1.45932E-7 1.57219E-7 1.47538E-6 3.89358E-7 2.96298E-7 6.28806E-7 5.85832E-6 1.62993E-5 5.90038E-6 6.92278E-6 1.17723E-5 2.52602E-5 1.6693E-5 1.00793E-5 1.16822E-6 1.62177E-5 1.35221E-5 1.53553E-5 1.59783E-5 2.16938E-5 3.64925E-5 4.20661E-5 3.81151E-5 3.327E-5 4.43121E-6 7.96633E-7 1.69712E-5 2.21699E-6 5.69876E-5 4.69955E-5 3.60031E-5 5.73916E-5 4.66715E-5 7.66765E-5 6.99167E-5 4.34337E-5 6.79087E-5 8.26028E-5 8.3693E-5 6.88981E-5 5.32214E-5 4.57165E-5 1.64201E-5 2.25829E-5 7.90684E-6 4.54209E-5 7.27301E-5 5.48421E-5 7.64548E-5 3.03082E-5 7.88016E-6 1.07933E-5 4.51094E-6 5.68645E-5 4.57158E-5 3.66567E-5 6.58215E-6 2.66235E-5 4.87836E-5 5.88165E-5 1.12527E-4 1.76128E-4 3.23628E-4 1.72228E-4 1.29178E-4
1.53163E-8 3.49969E-8 1.41239E-8 1.77612E-7 1.34769E-7 5.46053E-7 1.20055E-6 1.52626E-5 1.69429E-5 7.79211E-6 1.03953E-6 1.48912E-5 2.59029E-5 2.69883E-5 1.84E-5 1.95605E-6 7.49295E-6 7.55242E-6 8.00192E-6 1.30992E-5 1.91196E-5 2.82612E-5 3.22102E-5 2.8251E-5 8.00196E-6 4.87301E-6 1.72445E-5 1.19283E-5 5.37766E-6 1.9061E-5 4.21877E-5 1.34792E-5 1.8669E-5 6.14649E-5 7.40979E-5 7.89255E-5 6.02516E-5 5.53054E-5 6.27479E-5 3.59953E-5 5.65966E-5 4.81364E-5 3.25458E-5 4.30688E-5 5.08433E-5 1.80199E-5 5.11315E-5 4.36378E-5 1.67464E-5 8.20045E-6 9.46037E-6 1.09322E-5 2.34184E-5 9.62258E-6 1.88434E-5 2.68744E-5 1.45751E-5 2.55919E-5 4.9104E-5 6.31797E-5 4.58776E-5 9.81772E-5 1.31273E-4 1.43073E-4 9.63928E-5 1.13837E-4
2.77229E-9 1.07321E-8 1.17868E-7 7.37446E-8 2.3459E-7 1.08567E-6 4.03826E-6 1.38867E-5 2.84814E-5 2.57493E-5 1.53082E-5 3.99899E-6 2.14427E-5 3.62338E-5 3.09129E-5 7.38968E-6 1.63406E-5 1.41834E-5 1.25798E-5 1.31966E-5 1.66549E-5 2.02434E-5 2.33076E-5 1.2588E-5 9.00084E-6 1.38541E-5 5.28415E-6 2.06241E-5 1.8378E-5 2.00129E-5 3.27316E-5 1.7236E-5 6.83322E-6 7.97805E-6 1.70854E-5 5.60057E-5 4.81451E-5 4.29007E-5 4.68806E-5 4.81427E-5 4.14783E-5 2.72442E-5 3.50286E-5 4.08125E-5 5.25566E-5 1.53692E-5 1.32448E-5 2.61972E-5 2.87948E-5 1.39951E-5 1.24317E-5 7.0544E-6 7.90851E-6 1.25416E-5 1.88531E-5 8.81399E-6 2.29161E-5 4.4776E-6 3.37134E-5 1.06481E-4 7.7856E-5 9.53228E-5 1.20549E-4 1.19184E-4 1.17436E-4 1.17605E-4
5.30409E-8 4.02424E-9 1.10847E-8 2.42774E-8 2.26678E-6 1.69542E-6 2.52024E-7 1.76889E-6 1.39815E-5 4.07015E-5 4.02697E-5 3.16895E-5 5.21788E-5 4.38885E-5 3.17379E-5 7.36142E-6 1.24879E-5 1.237E-5 1.28483E-5 1.11811E-5 1.31321E-5 1.49238E-5 1.68865E-5 1.59938E-5 1.77639E-5 1.7435E-5 1.42158E-5 5.13537E-6 3.32949E-5 3.09146E-5 2.94289E-5 3.85439E-5 2.93325E-5 2.79821E-6 4.01436E-6 2.93421E-5 8.1517E-6 3.41429E-5 3.5154E-5 3.61745E-5 3.0195E-5 2.34274E-5 4.02079E-5 3.39132E-5 3.66871E-5 2.37035E-5 1.44923E-5 2.03945E-6 4.5941E-5 6.18244E-5 5.33343E-5 3.53422E-5 9.00257E-6 5.78177E-6 3.52854E-5 1.28954E-5 9.80751E-5 9.97242E-5 3.80541E-5 4.85713E-5 6.47631E-5 9.41215E-5 8.19693E-5 8.91635E-5 1.21031E-4 1.32869E-4
7.94397E-8 6.85559E-8 8.85861E-8 1.76537E-8 3.61902E-7 2.04908E-7 9.90797E-8 2.96354E-6 3.05146E-5 5.33787E-5 5.58268E-5 6.73699E-5 7.14701E-5 6.27058E-5 2.21409E-5 8.26907E-7 9.09691E-6 1.66556E-5 1.41935E-5 1.28322E-5 1.01313E-5 1.09174E-5 8.84998E-6 1.04997E-5 1.29365E-5 1.30991E-5 1.74316E-5 2.39163E-5 3.16033E-5 5.52159E-5 5.30091E-5 8.29075E-5 8.9257E-5 5.86315E-5 6.39517E-5 5.30623E-5 4.03052E-5 3.45961E-5 2.76457E-5 2.75345E-5 2.50538E-5 2.49626E-5 2.19433E-5 3.02255E-5 1.82329E-5 7.53785E-6 2.73211E-5 1.91444E-5 1.48646E-5 4.8482E-5 4.81028E-5 3.38468E-5 3.49605E-5 4.62787E-5 4.69787E-5 3.64745E-5 7.97831E-5 1.37879E-4 5.21728E-5 3.47813E-5 5.15287E-5 8.23465E-5 1.0989E-4 1.2381E-4 1.69908E-4 2.2175E-4
2.03255E-8 8.88216E-8 4.84818E-6 2.21941E-7 3.23051E-8 8.91945E-7 3.84638E-7 2.71677E-5 6.41857E-5 4.34722E-5 5.52107E-5 8.18249E-5 1.83165E-5 5.79786E-5 3.0473E-5 3.52789E-6 2.41072E-5 2.19975E-5 1.49574E-5 1.33471E-5 9.63273E-6 7.15306E-6 7.86512E-6 5.9316E-6 7.48456E-6 1.67687E-5 1.61808E-5 2.11158E-5 2.80109E-5 4.43349E-5 5.02686E-5 3.03584E-5 5.20075E-5 6.15293E-5 3.07346E-5 6.01556E-6 1.38977E-5 2.30588E-5 2.7336E-5 2.9461E-5 3.03002E-5 2.81564E-5 1.55538E-5 2.11103E-5 2.89462E-6 1.06373E-6 8.68555E-7 2.74965E-6 7.69233E-6 1.06759E-5 3.0572E-5 4.62343E-5 6.03342E-5 4.94678E-5 1.31976E-5 1.3587E-5 4.55335E-5 4.1836E-5 3.19804E-5 3.91758E-5 4.82582E-5 1.70558E-4 1.64672E-4 1.37441E-4 2.32386E-4 2.77166E-4
2.77789E-8 1.66841E-7 6.0574E-7 3.37293E-7 3.92394E-6 6.65954E-7 1.24877E-6 5.16138E-6 8.48585E-5 4.07749E-5 2.60391E-5 6.44393E-5 4.4839E-5 1.73921E-5 1.20165E-5 6.53733E-6 1.81696E-5 2.1833E-5 1.72609E-5 1.29668E-5 1.09614E-5 9.13806E-6 7.4755E-6 5.83019E-6 7.95509E-6 1.32883E-5 1.46988E-5 1.86173E-5 3.11828E-5 3.58475E-5 5.34041E-5 2.26276E-5 3.75877E-5 2.33682E-5 5.1354E-6 1.64504E-5 6.62335E-6 1.30964E-6 1.64394E-5 4.20428E-5 4.29296E-5 4.0244E-5 3.60406E-6 4.04427E-6 4.66118E-7 4.38807E-7 1.97653E-5 6.72749E-7 3.75344E-6 1.23428E-5 3.33856E-5 4.57085E-5 3.32048E-5 7.37842E-6 8.20891E-6 5.17878E-5 1.27753E-4 2.46877E-5 3.64265E-5 5.43944E-5 5.6988E-5 1.05496E-4 2.47553E-4 2.42613E-4 3.34979E-4 1.21846E-4
9.4135E-8 1.02025E-8 3.22039E-7 9.66638E-7 7.56468E-8 4.08494E-7 1.55175E-6 6.8856E-7 3.90663E-5 7.55758E-5 1.52701E-5 4.31071E-6 9.15432E-7 2.16954E-6 2.7309E-5 3.05423E-5 1.84805E-5 2.04045E-5 1.85398E-5 1.68848E-5 1.44381E-5 1.08648E-5 9.46009E-6 6.84689E-6 1.15163E-5 1.55934E-5 1.65717E-5 2.15449E-5 3.33803E-5 3.28384E-5 5.08371E-5 3.29407E-5 1.98324E-5 1.48862E-5 6.35893E-6 1.19526E-5 2.63661E-5 1.83071E-5 4.35055E-7 9.42511E-7 3.27313E-5 4.74989E-5 5.77072E-7 6.11801E-7 1.02438E-6 4.39953E-7 7.24949E-8 2.77322E-7 4.29565E-6 3.17133E-6 6.51018E-6 3.79494E-5 1.496E-5 6.46309E-5 2.16667E-5 9.06096E-5 1.13395E-4 7.23008E-5 5.6897E-5 6.57278E-5 1.56756E-4 8.90197E-5 1.67963E-4 1.84343E-4 1.54381E-4 1.50809E-4
5.12116E-7 1.88267E-6 2.23343E-7 2.62759E-7 3.1801E-7 7.10463E-7 5.55936E-7 3.91879E-7 1.23732E-5 1.13985E-5 1.30634E-5 2.9117E-6 6.76978E-7 1.59948E-6 8.82665E-6 2.50194E-5 1.08022E-5 2.34889E-5 2.50065E-5 2.21623E-5 1.85296E-5 1.53283E-5 9.76298E-6 1.10629E-5 1.49553E-5 1.02685E-5 3.07283E-5 2.97319E-5 5.02381E-5 3.88177E-5 4.178E-5 4.27528E-5 4.08071E-5 1.04592E-5 7.19224E-6 3.96355E-5 3.52341E-5 4.88789E-5 6.74499E-6 2.40448E-6 8.00308E-5 4.21526E-5 4.632E-5 1.18959E-6 2.2483E-7 3.15107E-8 1.14304E-7 3.98105E-5 2.08884E-5 4.47995E-6 1.27577E-5 2.10964E-5 2.50446E-4 6.16632E-5 3.75175E-5 7.4389E-5 1.64375E-4 7.21468E-5 8.75225E-5 1.05413E-4 2.01619E-4 2.23471E-4 3.08904E-4 3.05202E-4 1.40301E-4 1.41098E-4
9.07462E-7 1.93318E-6 1.15899E-6 1.93354E-7 6.03751E-7 9.51488E-6 3.60004E-6 1.11978E-6 1.08687E-6 7.16836E-6 8.4169E-6 1.67178E-5 1.09023E-7 1.87022E-6 1.93145E-5 7.14034E-6 2.15251E-5 2.56701E-5 3.26483E-5 2.81542E-5 2.33886E-5 2.46569E-5 1.54543E-5 1.96109E-5 1.09364E-5 1.55407E-5 4.96448E-5 3.35728E-5 2.91864E-5 7.61355E-6 2.29064E-5 4.9327E-5 6.46941E-5 5.96379E-5 7.31981E-6 1.62268E-5 2.22133E-5 4.83874E-5 4.21399E-5 2.96756E-7 1.79251E-5 2.36128E-5 6.2059E-6 5.00345E-5 3.08982E-5 6.48709E-8 7.9705E-9 1.97603E-5 1.32998E-5 2.70934E-5 9.05661E-5 1.75412E-4 9.81347E-5 6.74139E-5 4.30982E-5 2.40166E-5 7.19208E-5 5.47362E-5 1.30106E-4 1.63713E-4 2.19236E-4 3.10636E-4 3.0772E-4 1.97254E-4 1.41448E-4 1.26372E-4
2.8065E-6 5.67161E-6 6.5685E-6 2.54891E-6 2.44776E-7 5.3E-6 7.60924E-6 6.63721E-7 1.23202E-6 9.71227E-7 3.32866E-6 1.92192E-5 8.46264E-7 1.26942E-6 2.91404E-5 1.23052E-5 9.6529E-6 4.96697E-5 1.9379E-5 3.77046E-5 4.86167E-5 2.23951E-5 2.00527E-5 1.89213E-5 2.99079E-5 3.72981E-5 2.99155E-5 2.79052E-5 3.38773E-5 3.07024E-5 3.81939E-5 5.67227E-5 6.70004E-5 8.23434E-5 1.02812E-5 1.22628E-5 7.77682E-5 6.6861E-5 8.39313E-5 6.50409E-6 1.65617E-6 9.1273E-6 7.98227E-7 1.24422E-5 8.99247E-6 5.19523E-7 4.14874E-8 1.50726E-5 2.00687E-5 7.89339E-5 8.50358E-5 7.74191E-5 2.26527E-5 1.33877E-4 9.27446E-5 1.8913E-5 3.12569E-5 7.70791E-5 1.27652E-4 1.5003E-4 2.2248E-4 1.90477E-4 2.654E-4 2.97536E-4 9.66087E-5 1.10368E-4
1.43433E-6 8.99146E-7 1.96284E-7 2.18441E-7 1.07525E-6 1.9074E-7 2.41906E-6 6.106E-6 8.88164E-6 2.44067E-5 1.69877E-6 3.54968E-5 2.105E-6 5.20555E-6 3.77859E-6 3.19621E-6 7.49085E-6 5.98943E-5 2.23385E-5 3.73045E-6 3.80539E-5 4.17858E-5 2.50955E-5 2.5468E-5 3.6762E-5 3.39876E-5 2.84684E-5 2.5697E-5 2.69603E-5 4.13681E-5 7.1374E-5 4.53342E-5 7.6606E-5 9.39387E-5 3.48939E-5 2.3837E-5 4.58574E-5 6.71887E-5 7.56E-5 9.26789E-5 2.65816E-5 3.86962E-5 1.64755E-5 1.05714E-5 3.37709E-5 4.11664E-6 6.37731E-8 3.46693E-5 5.10597E-5 1.44776E-5 5.20143E-5 6.14739E-5 4.33563E-5 9.78258E-5 1.35405E-4 4.3559E-5 4.84389E-5 9.68355E-5 1.14064E-4 1.18826E-4 3.41139E-4 2.67096E-4 1.73853E-4 2.59101E-4 1.7267E-4 3.10283E-4
1.13953E-7 3.55491E-8 6.16016E-8 1.02052E-7 9.84571E-7 8.6141E-7 6.7243E-6 8.32437E-7 1.22545E-6 3.28415E-5 2.33955E-5 3.52144E-6 8.94716E-7 4.71966E-6 7.71116E-6 4.16803E-6 7.44074E-6 4.74093E-5 6.2955E-5 2.61702E-5 3.49745E-5 4.55941E-5 2.03766E-5 1.88701E-5 2.17453E-5 1.85826E-5 3.42713E-5 3.8405E-5 4.56705E-5 5.0436E-5 6.8683E-5 4.99867E-5 6.31374E-5 8.59083E-5 3.4775E-5 5.49974E-6 1.5037E-5 1.78963E-5 1.52522E-5 6.96404E-5 3.05503E-5 2.31518E-5 4.56804E-6 8.33257E-6 1.87154E-5 1.18566E-5 2.57599E-6 2.13246E-5 3.27329E-5 1.0215E-5 3.40436E-5 3.99727E-5 3.11493E-5 3.12441E-5 7.9953E-5 8.63008E-5 1.74489E-4 3.30296E-4 2.47607E-4 4.95123E-4 4.6127E-4 2.01517E-4 6.52338E-5 1.52574E-4 1.13691E-4 1.49959E-4
1.39646E-6 3.13682E-6 2.65721E-6 7.15343E-8 1.2816E-7 3.18106E-5 3.75162E-5 9.93266E-6 9.24245E-6 1.86172E-5 1.30657E-5 4.95301E-6 5.2931E-6 1.74616E-6 4.05406E-6 7.20173E-6 1.2619E-5 6.4394E-5 6.2649E-5 2.31104E-5 3.41129E-5 2.51137E-5 1.7549E-5 1.64926E-5 2.13609E-5 2.38234E-5 3.48765E-5 5.29763E-5 5.62183E-5 5.11438E-5 6.32641E-5 5.12057E-5 5.67504E-5 6.48272E-5 4.32818E-5 5.46421E-6 2.49468E-5 1.87376E-5 2.21898E-5 1.43947E-5 7.39249E-6 6.63256E-6 1.79424E-6 1.20664E-5 7.84193E-6 1.00398E-5 1.11087E-5 3.09103E-5 2.30818E-5 2.27219E-5 2.64043E-5 2.60268E-5 2.83737E-5 1.35654E-5 4.80778E-5 8.85949E-5 2.0118E-4 4.0605E-4 1.32146E-4 4.66319E-4 4.47513E-4 2.9558E-4 1.35675E-4 9.05393E-5 1.7102E-4 1.1102E-4
1.93303E-5 2.33215E-5 2.10502E-5 1.48066E-5 9.52544E-8 2.38766E-5 2.47962E-5 1.10485E-5 1.29253E-5 4.24677E-6 3.42744E-6 2.21071E-5 4.52503E-6 4.55425E-6 1.40109E-5 2.56783E-6 1.7538E-6 5.19038E-6 4.43679E-5 3.18832E-5 2.19128E-5 2.38595E-5 2.04745E-5 1.50763E-5 3.05915E-5 3.75221E-5 5.46982E-5 4.75903E-5 6.20269E-5 1.20955E-4 1.22848E-4 5.49014E-5 4.50594E-5 2.94231E-5 2.23084E-5 4.87196E-6 2.01316E-5 2.59627E-6 9.34342E-6 2.83643E-5 2.82635E-5 2.70085E-5 2.3242E-6 1.74076E-5 1.47502E-5 1.91747E-5 2.03061E-5 5.06995E-5 3.77083E-5 3.89625E-5 1.86552E-5 2.63047E-5 4.09069E-5 4.19278E-5 4.36957E-5 8.02688E-5 1.34077E-4 3.57198E-4 1.05868E-4 1.15109E-4 1.56837E-4 1.37437E-4 7.97411E-5 7.45745E-5 1.66984E-4 1.41781E-4
1.02743E-5 8.62493E-6 2.49408E-5 2.54051E-5 2.62684E-5 4.39098E-5 5.05765E-5 4.81964E-6 8.06387E-6 2.97044E-6 1.77458E-7 1.8742E-7 2.13515E-7 3.72285E-6 5.71011E-6 3.78959E-6 1.8546E-5 2.26429E-5 2.48199E-5 2.39259E-5 1.72648E-5 2.06415E-5 1.71859E-5 1.31098E-5 1.36442E-5 4.62344E-5 5.26938E-5 7.75863E-5 8.04306E-5 1.71023E-4 3.96661E-5 8.6633E-5 6.11199E-5 6.6606E-6 3.03608E-6 1.61687E-5 1.94797E-5 3.91476E-5 5.17072E-5 2.85814E-5 5.46832E-5 1.77529E-5 2.66578E-5 6.70086E-5 2.95659E-5 1.1354E-5 1.72546E-5 4.54795E-5 5.92158E-5 1.81308E-5 8.72761E-6 3.4775E-5 4.59914E-5 4.51465E-5 4.14801E-5 7.92609E-5 8.37942E-5 9.8184E-5 7.10138E-5 6.36804E-5 1.21187E-4 1.02289E-4 1.91433E-4 9.39162E-5 2.06066E-4 1.30229E-4
2.67016E-5 2.46575E-5 2.95047E-5 3.44302E-5 3.00703E-5 3.99039E-5 4.20576E-5 8.29045E-6 2.68599E-6 2.45816E-6 1.92641E-6 2.10215E-7 1.11242E-6 1.97314E-6 5.67102E-6 1.25863E-5 7.429E-6 1.88236E-6 3.79979E-6 8.36821E-6 2.23807E-5 1.77332E-5 2.303E-5 1.63587E-5 1.42638E-5 1.45988E-5 2.50315E-5 1.37151E-5 5.79409E-6 3.78728E-5 6.8101E-5 6.93207E-5 8.52251E-5 3.22087E-5 5.80272E-6 1.16492E-5 7.32477E-6 3.3723E-5 8.32338E-6 3.93653E-5 2.60806E-5 6.0523E-5 5.75802E-6 3.95011E-6 1.15592E-5 8.71021E-6 1.14448E-5 7.92406E-5 5.38804E-5 4.07541E-5 1.73233E-5 4.6109E-5 5.27866E-5 8.23883E-5 4.92177E-5 7.32357E-5 9.93484E-5 5.24416E-5 5.2501E-5 7.99349E-5 1.13066E-4 9.65741E-5 1.87712E-4 1.51187E-4 2.9334E-4 2.63597E-4
3.66942E-5 4.26287E-5 2.0516E-5 2.29125E-5 4.67158E-5 3.28883E-5 4.36572E-5 6.4907E-5 1.42403E-5 8.79048E-7 2.50247E-7 5.47135E-7 1.15852E-6 1.60742E-6 4.94281E-7 4.10342E-6 2.49145E-6 2.51734E-5 7.26462E-6 4.93341E-6 2.13006E-5 1.42612E-5 1.53465E-5 1.08738E-5 1.96949E-5 1.10954E-5 5.69623E-6 5.08821E-6 3.1764E-5 7.30603E-5 9.2559E-5 1.14218E-4 7.25894E-5 4.15156E-5 3.19448E-5 5.50858E-6 1.00211E-5 1.71787E-5 2.9181E-6 7.20564E-5 9.71995E-5 3.71588E-5 1.16894E-5 3.51949E-6 2.29483E-5 8.4642E-6 9.69563E-5 8.55353E-5 4.00902E-5 5.91896E-5 4.89401E-5 7.2855E-5 8.80708E-5 9.59386E-5 8.30922E-5 8.14938E-5 9.88805E-5 1.13951E-4 1.02428E-4 1.3145E-4 1.23955E-4 1.01366E-4 1.27478E-4 1.38541E-4 5.38858E-4 3.89418E-4
