catData/rasterBestHybridModels/Pbengalensis/RDbal_BM01_RM1.5_L/Pbengalensis_stddev.asc
ncols         409
nrows         350
xllcorner     60.897278365
yllcorner     5.843756025
cellsize      0.0892857
NODATA_value  -9999
[rows 116 to 144 of 350, columns 330 to 395 of 409]
1.101E-5 1.31978E-5 1.37376E-5 1.34769E-5 1.33895E-5 1.4749E-5 1.53591E-5 1.40073E-5 1.06426E-5 1.0618E-5 1.18303E-5 1.3422E-5 1.44779E-5 1.3756E-5 1.28173E-5 1.0278E-5 8.61612E-6 1.15696E-5 1.45131E-5 1.60071E-5 1.31425E-5 9.62121E-6 1.22097E-5 1.74976E-5 1.49719E-5 1.10721E-5 1.33874E-5 1.59681E-5 1.22126E-5 9.77863E-6 9.87692E-6 9.21204E-6 1.08726E-5 1.16868E-5 1.33397E-5 1.71923E-5 1.94836E-5 1.75661E-5 1.24403E-5 1.37226E-5 1.78202E-5 1.2579E-5 1.31868E-5 1.3781E-5 1.70513E-5 1.4699E-5 1.83489E-5 1.62976E-5 1.37302E-5 1.48918E-5 2.0732E-5 2.42783E-5 3.02096E-5 3.527E-5 4.01038E-5 3.61633E-5 -9999 -9999 -9999 -9999 -9999 -9999 -9999 -9999 -9999 -9999
1.39149E-5 1.60107E-5 1.86473E-5 2.03367E-5 1.75795E-5 1.68975E-5 1.90571E-5 1.63718E-5 1.20183E-5 1.15606E-5 1.08883E-5 1.1492E-5 1.02566E-5 1.10579E-5 1.26102E-5 1.15617E-5 8.91761E-6 1.14332E-5 1.23448E-5 1.35562E-5 1.23744E-5 1.06459E-5 1.34414E-5 1.62444E-5 1.78673E-5 1.58556E-5 1.88765E-5 1.84293E-5 1.49413E-5 1.13757E-5 9.35756E-6 7.38664E-6 7.74089E-6 8.84289E-6 1.17007E-5 1.4407E-5 1.65442E-5 1.72412E-5 1.3367E-5 1.25267E-5 1.22001E-5 1.09825E-5 1.52515E-5 1.60634E-5 1.56446E-5 1.84949E-5 3.84901E-5 2.89639E-5 1.73542E-5 1.80592E-5 1.94829E-5 2.57349E-5 2.94729E-5 4.54773E-5 -9999 -9999 -9999 -9999 -9999 -9999 -9999 -9999 -9999 -9999 -9999 -9999
1.91765E-5 1.94025E-5 2.34559E-5 2.44799E-5 1.99015E-5 1.9598E-5 2.21233E-5 1.77538E-5 1.30852E-5 1.04888E-5 8.9026E-6 1.02451E-5 1.22724E-5 1.6119E-5 1.62729E-5 1.34671E-5 1.00357E-5 1.19732E-5 1.38307E-5 1.59086E-5 1.74856E-5 1.53418E-5 2.01203E-5 2.48095E-5 1.86287E-5 1.30881E-5 1.13787E-5 1.1267E-5 9.83044E-6 9.98805E-6 2.9062E-5 1.89578E-5 2.63494E-5 9.64796E-5 8.52647E-5 9.19629E-5 1.11058E-4 1.81554E-5 1.0353E-5 1.35439E-5 1.70311E-5 1.18782E-5 1.20089E-5 1.42811E-5 1.59911E-5 3.01588E-5 6.35887E-5 2.64483E-5 2.12192E-5 4.01801E-5 2.20407E-5 4.89692E-5 4.606E-5 -9999 -9999 -9999 -9999 -9999 -9999 -9999 -9999 -9999 -9999 -9999 -9999 -9999
2.08685E-5 2.00961E-5 2.00489E-5 1.89688E-5 1.78811E-5 1.73938E-5 1.95506E-5 1.82428E-5 1.52897E-5 1.27634E-5 1.08746E-5 1.06527E-5 1.31244E-5 1.68109E-5 1.67979E-5 1.40513E-5 1.20297E-5 1.30133E-5 1.80988E-5 1.73304E-5 2.067E-5 2.08758E-5 2.27844E-5 2.24737E-5 1.65774E-5 1.14765E-5 8.44406E-6 8.46555E-6 8.43837E-6 1.75186E-5 1.59726E-5 9.59129E-5 8.63334E-5 1.05983E-4 5.45862E-5 4.7086E-5 7.31305E-5 2.06892E-5 1.02589E-5 1.10854E-5 1.19554E-5 1.03513E-5 1.06162E-5 1.4914E-5 1.64029E-5 4.70061E-5 7.7553E-5 5.35056E-5 3.15391E-5 6.86547E-5 2.53089E-5 1.68281E-5 1.80931E-5 -9999 -9999 -9999 -9999 -9999 -9999 -9999 -9999 -9999 -9999 -9999 -9999 -9999
1.95903E-5 1.90351E-5 1.63205E-5 2.18123E-5 1.9226E-5 1.61012E-5 1.7701E-5 1.98856E-5 1.65215E-5 1.34405E-5 1.22657E-5 1.41801E-5 1.59784E-5 1.53991E-5 1.26372E-5 1.18202E-5 1.13838E-5 1.40858E-5 1.96565E-5 2.01048E-5 1.76923E-5 1.87756E-5 1.94388E-5 1.85279E-5 1.51642E-5 1.13532E-5 8.37658E-6 7.21008E-6 1.57234E-5 2.92954E-5 2.99878E-5 4.29311E-5 4.60883E-5 7.27029E-5 7.89268E-5 1.33439E-4 6.8075E-5 1.04319E-4 1.6915E-5 1.46733E-5 1.26288E-5 1.05405E-5 1.23069E-5 2.61307E-5 8.96618E-5 8.86547E-5 5.58347E-5 3.20652E-5 5.72833E-5 6.92212E-5 2.82611E-5 2.37638E-5 1.18796E-5 2.05654E-5 -9999 -9999 -9999 -9999 -9999 -9999 -9999 -9999 -9999 -9999 -9999 -9999
2.11039E-5 2.24477E-5 2.30802E-5 2.03247E-5 1.96406E-5 1.77272E-5 1.87457E-5 1.76332E-5 1.52789E-5 1.267E-5 1.09919E-5 1.70548E-5 1.91771E-5 2.02365E-5 1.50872E-5 2.32192E-5 1.85109E-5 1.79596E-5 1.52576E-5 1.32477E-5 1.17605E-5 1.20544E-5 1.31477E-5 1.83352E-5 1.82415E-5 1.24037E-5 8.69599E-6 1.69777E-5 2.66159E-5 1.16133E-5 1.20351E-5 1.20404E-5 5.47909E-5 6.55278E-5 9.94444E-5 1.13821E-4 1.39111E-4 1.23706E-4 2.10187E-5 1.7511E-5 1.54982E-5 1.68851E-5 3.06723E-5 4.85993E-5 4.51049E-5 7.95167E-5 8.04796E-5 7.57595E-5 8.7411E-5 1.99718E-5 1.97308E-5 1.26942E-5 1.07643E-5 2.13093E-5 -9999 -9999 -9999 -9999 -9999 -9999 -9999 -9999 -9999 -9999 -9999 -9999
1.58519E-5 1.67408E-5 2.02018E-5 1.95101E-5 1.63943E-5 1.01874E-5 1.45742E-5 6.04331E-6 1.30594E-5 1.15156E-5 1.22047E-5 7.09713E-6 2.16998E-5 2.2831E-5 1.62581E-5 2.57234E-5 1.90871E-5 1.4258E-5 1.04393E-5 8.29718E-6 8.14584E-6 8.54532E-6 1.19689E-5 1.82041E-5 1.58834E-5 1.16945E-5 8.62244E-6 1.35566E-5 1.51726E-5 1.09485E-5 1.13902E-5 1.45917E-5 5.63099E-5 7.85411E-5 1.09932E-4 1.37061E-4 1.74299E-4 3.01942E-5 1.45131E-5 1.35838E-5 1.37592E-5 5.8849E-5 1.25753E-4 1.41504E-4 9.05151E-5 1.89328E-4 1.02789E-4 9.29263E-5 2.8769E-5 1.18955E-5 1.07952E-5 2.21665E-5 1.62309E-5 -9999 -9999 -9999 -9999 -9999 -9999 -9999 -9999 -9999 -9999 -9999 -9999 -9999
1.66506E-5 1.34768E-5 1.5288E-5 1.5138E-5 1.31157E-5 1.04484E-5 9.97875E-6 1.15897E-5 1.05554E-5 9.5387E-6 9.69205E-6 1.29094E-5 1.59489E-5 1.85027E-5 1.79872E-5 2.94479E-5 2.36208E-5 1.55035E-5 1.10361E-5 1.32461E-5 1.52806E-5 2.03759E-5 7.12296E-5 4.78835E-5 1.36713E-5 1.11304E-5 1.15892E-5 1.25643E-5 1.22991E-5 1.11612E-5 1.04856E-5 1.02625E-5 2.01614E-5 4.45122E-5 4.18288E-5 3.61541E-5 3.45604E-5 2.07441E-5 1.38561E-5 1.15445E-5 2.27642E-5 1.33341E-4 6.54642E-5 1.651E-4 9.39267E-5 8.11891E-5 1.36708E-4 5.70995E-5 3.16323E-5 2.93978E-5 2.81854E-5 4.81576E-5 1.99752E-5 1.05094E-5 -9999 -9999 -9999 -9999 -9999 -9999 -9999 -9999 -9999 -9999 -9999 -9999
1.58751E-5 1.45318E-5 1.38473E-5 1.19401E-5 1.10478E-5 9.88479E-6 8.55755E-6 8.29277E-6 7.78992E-6 8.23956E-6 9.72303E-6 1.34297E-5 1.43089E-5 2.05391E-5 5.26769E-5 6.58851E-5 4.18591E-5 9.04109E-5 8.31976E-5 1.0849E-4 1.03289E-4 4.01114E-5 2.65701E-5 2.87844E-5 2.20843E-5 1.38351E-5 1.28991E-5 1.49684E-5 1.38051E-5 1.02279E-5 9.29461E-6 1.22171E-5 2.03737E-5 2.32964E-5 1.78377E-5 2.19008E-5 1.2275E-5 1.22762E-5 1.3799E-5 1.13806E-5 2.11221E-5 1.14034E-4 1.67015E-4 6.8024E-5 4.48455E-5 1.12495E-4 8.51444E-5 6.84066E-5 6.31749E-5 6.24686E-5 6.16219E-5 5.7541E-5 3.69342E-5 -9999 -9999 -9999 -9999 -9999 -9999 -9999 -9999 -9999 -9999 -9999 -9999 -9999
1.49955E-5 1.44118E-5 1.25218E-5 1.16894E-5 1.12846E-5 1.08129E-5 9.60069E-6 8.85356E-6 9.69897E-6 9.77178E-6 1.14693E-5 1.45785E-5 1.66464E-5 3.32941E-5 4.63566E-5 1.0547E-4 1.04425E-4 1.43718E-4 1.5576E-4 1.33687E-4 9.25073E-5 5.97811E-5 3.83347E-5 3.00695E-5 7.24315E-5 2.64077E-5 1.52868E-5 1.25717E-5 1.18142E-5 1.12489E-5 1.97838E-5 1.89814E-5 3.02601E-5 3.48119E-5 2.07629E-5 2.31737E-5 1.62485E-5 1.54568E-5 1.20644E-5 1.15339E-5 5.27073E-5 1.15284E-4 1.22941E-4 1.42778E-4 1.23576E-4 1.12411E-4 1.81372E-4 4.83243E-5 9.7891E-5 3.57268E-5 6.50954E-5 3.37704E-5 -9999 -9999 -9999 -9999 -9999 -9999 -9999 -9999 -9999 -9999 -9999 -9999 -9999 -9999
1.79633E-5 1.56208E-5 1.32643E-5 1.21974E-5 1.20943E-5 1.53454E-5 1.73465E-5 1.70186E-5 1.90413E-5 2.38357E-5 4.13569E-5 3.71178E-5 2.96747E-5 3.72658E-5 6.58577E-5 1.39472E-4 7.37825E-5 7.10796E-5 1.05375E-4 6.95486E-5 3.96462E-5 2.35794E-5 3.01411E-5 3.62737E-5 3.8988E-5 2.87686E-5 2.4844E-5 1.37377E-5 1.32238E-5 1.56822E-5 2.76096E-5 3.49148E-5 4.90172E-5 6.01868E-5 3.1402E-5 2.95593E-5 1.18495E-5 1.09751E-5 1.89549E-5 7.7807E-5 1.26407E-4 2.09143E-4 2.26014E-4 2.29367E-4 6.75208E-5 1.04651E-4 1.19495E-4 1.25908E-4 9.23684E-5 6.22313E-5 4.31962E-5 4.29172E-5 2.80717E-5 -9999 -9999 -9999 -9999 -9999 -9999 -9999 -9999 -9999 -9999 -9999 -9999 -9999
2.11104E-5 1.75987E-5 1.56951E-5 1.24231E-5 1.20985E-5 2.85509E-5 4.8311E-5 4.92519E-5 9.88421E-5 8.40237E-5 1.47963E-4 6.41961E-5 5.85289E-5 5.60025E-5 4.63649E-5 3.6572E-5 5.63362E-5 3.58187E-5 3.10735E-5 3.55881E-5 2.54413E-5 2.56048E-5 2.58922E-5 2.42373E-5 3.08019E-5 4.14266E-5 3.43768E-5 1.84029E-5 4.10021E-5 1.09484E-4 1.71628E-4 5.12304E-5 1.35648E-4 1.18046E-4 1.73775E-4 4.86567E-5 1.63952E-5 2.88598E-5 2.60382E-5 3.56266E-5 6.26049E-5 6.56251E-5 1.37704E-4 1.84288E-4 3.9364E-5 5.62776E-5 1.77571E-4 1.04805E-4 1.33102E-4 8.03595E-5 6.69533E-5 6.81268E-5 -9999 -9999 -9999 -9999 -9999 -9999 -9999 -9999 -9999 -9999 -9999 -9999 -9999 -9999
3.23518E-5 2.5967E-5 2.30781E-5 1.97438E-5 1.53873E-5 2.2863E-5 4.03134E-5 1.48959E-4 1.34202E-4 1.06356E-4 6.32796E-5 5.00062E-5 5.09765E-5 7.07771E-5 3.59819E-5 2.95924E-5 3.43429E-5 3.74488E-5 2.63233E-5 3.3561E-5 3.14465E-5 1.69064E-5 2.18188E-5 1.95217E-5 2.16108E-5 4.00515E-5 3.12985E-5 2.24922E-5 3.4135E-5 4.77064E-5 6.64588E-5 9.23887E-5 8.77071E-5 6.73394E-5 1.88687E-4 7.85316E-5 3.04736E-5 5.75239E-5 7.97306E-5 1.01381E-4 9.48592E-5 1.85837E-5 2.50836E-5 4.47834E-5 3.49828E-5 2.84134E-5 6.27219E-5 1.12305E-4 1.54365E-4 7.96167E-5 7.39842E-5 -9999 -9999 -9999 -9999 -9999 -9999 -9999 -9999 -9999 -9999 -9999 -9999 -9999 -9999 -9999
1.18299E-4 4.30234E-5 2.51515E-5 1.99242E-5 1.83694E-5 2.86162E-5 3.98678E-5 1.90216E-4 1.84215E-4 1.14098E-4 7.81604E-5 5.17287E-5 3.60514E-5 4.00511E-5 4.03095E-5 4.39658E-5 8.50927E-5 4.6655E-5 3.10097E-5 2.20191E-5 1.6014E-5 1.62518E-5 1.319E-5 1.74069E-5 1.85198E-5 2.34776E-5 3.19424E-5 2.75416E-5 3.62173E-5 5.00347E-5 5.73024E-5 1.28294E-4 1.82669E-4 5.91485E-5 4.1225E-5 3.09853E-5 5.85754E-5 7.96334E-5 3.18818E-5 4.33756E-5 3.71107E-5 5.65993E-5 1.21522E-5 1.08873E-5 2.42817E-5 3.09355E-5 8.99871E-5 9.22449E-5 9.76494E-5 1.19273E-4 -9999 -9999 -9999 -9999 -9999 -9999 -9999 -9999 -9999 -9999 -9999 -9999 -9999 -9999 -9999 -9999
1.29589E-4 1.59395E-4 9.1392E-5 3.10691E-5 2.49856E-5 4.83649E-5 1.65388E-4 1.00572E-4 4.20008E-4 2.197E-4 6.90168E-5 4.31266E-5 3.16512E-5 3.35136E-5 2.76909E-5 2.19382E-5 5.3395E-5 2.43262E-5 1.9731E-5 2.48814E-5 1.3726E-5 1.52849E-5 1.3624E-5 1.41668E-5 2.30481E-5 3.10333E-5 7.22066E-5 9.433E-5 7.35455E-5 7.15171E-5 9.62131E-5 1.14891E-4 8.59546E-5 5.90438E-5 3.77777E-5 2.96979E-5 4.31722E-5 3.2255E-5 3.14386E-5 8.75817E-5 2.79573E-5 2.23079E-5 9.94609E-6 1.16711E-5 4.20857E-5 3.59336E-5 4.92013E-5 4.87375E-5 -9999 -9999 -9999 -9999 -9999 -9999 -9999 -9999 -9999 -9999 -9999 -9999 -9999 -9999 -9999 -9999 -9999 -9999
5.4538E-5 6.93455E-5 4.5141E-5 4.31258E-5 5.16463E-5 1.41711E-4 2.00852E-4 2.32817E-4 1.88775E-4 2.54009E-4 1.14064E-4 5.55661E-5 4.49403E-5 4.15894E-5 3.86297E-5 3.54316E-5 4.44416E-5 5.02489E-5 3.93152E-5 3.29582E-5 2.4414E-5 1.7163E-5 1.65841E-5 1.75416E-5 3.54335E-5 4.66871E-5 7.22846E-5 6.36591E-5 1.40061E-4 1.52691E-4 1.02322E-4 1.28051E-4 1.35786E-4 8.65086E-5 9.68388E-5 4.41367E-5 2.24145E-5 1.83905E-5 4.29246E-5 1.3407E-4 2.85339E-5 1.95803E-5 1.57349E-5 2.04066E-5 2.59831E-5 3.10354E-5 3.55771E-5 2.65092E-5 -9999 -9999 -9999 -9999 -9999 -9999 -9999 -9999 -9999 -9999 -9999 -9999 -9999 -9999 -9999 -9999 -9999 -9999
4.56374E-5 5.53348E-5 5.42825E-5 3.25467E-5 6.30648E-5 9.42518E-5 8.21053E-5 1.01049E-4 9.57833E-5 9.44292E-5 9.60527E-5 1.29396E-4 1.61437E-4 7.94017E-5 8.22957E-5 5.51292E-5 9.78317E-5 8.96479E-5 5.74165E-5 2.69571E-5 2.66466E-5 3.21735E-5 5.07714E-5 3.93765E-5 3.99755E-5 3.89386E-5 4.61537E-5 5.8833E-5 1.06801E-4 1.1773E-4 2.62154E-4 1.03386E-4 1.50224E-4 7.54271E-5 1.05066E-4 8.80293E-5 2.84842E-5 2.27855E-5 7.4886E-5 2.01328E-5 1.81693E-5 1.20674E-5 2.55798E-5 2.44627E-5 1.59895E-5 3.48497E-5 2.47049E-5 -9999 -9999 -9999 -9999 -9999 -9999 -9999 -9999 -9999 -9999 -9999 -9999 -9999 -9999 -9999 -9999 -9999 -9999 -9999
2.3413E-5 2.22929E-5 2.86648E-5 3.0334E-5 2.73924E-5 3.02823E-5 3.07691E-5 2.48372E-5 3.37034E-5 3.08838E-5 2.5232E-5 3.03369E-5 4.77675E-5 4.30769E-5 3.80455E-5 5.32082E-5 4.50766E-5 3.28878E-5 1.75626E-5 1.27535E-5 2.8857E-5 2.58964E-5 2.37148E-5 2.11187E-5 3.08223E-5 5.07702E-5 4.84215E-5 4.24881E-5 6.96935E-5 1.18611E-4 3.16446E-4 1.14132E-4 9.02213E-5 5.06878E-5 7.42275E-5 3.5755E-5 4.03067E-5 3.57221E-5 2.23093E-5 4.56318E-5 1.32114E-5 3.65807E-5 2.47045E-5 2.14491E-5 1.55057E-5 2.90491E-5 2.44736E-5 -9999 -9999 -9999 -9999 -9999 -9999 -9999 -9999 -9999 -9999 -9999 -9999 -9999 -9999 -9999 -9999 -9999 -9999 -9999
1.53447E-5 1.64788E-5 1.87351E-5 2.07435E-5 2.23541E-5 2.29577E-5 2.29988E-5 2.24942E-5 2.10995E-5 1.85463E-5 2.01345E-5 2.20565E-5 2.44146E-5 2.5604E-5 2.59807E-5 2.15018E-5 1.56465E-5 1.32502E-5 1.20005E-5 9.17551E-6 1.15457E-5 1.55476E-5 1.81665E-5 1.64621E-5 3.02548E-5 2.98076E-5 3.16274E-5 2.86759E-5 3.84816E-5 7.62666E-5 1.36573E-4 6.96654E-5 3.89451E-5 2.64944E-5 2.10007E-5 4.4184E-5 4.38884E-5 9.74094E-5 4.1041E-5 2.65087E-5 2.24764E-5 2.36567E-5 2.29025E-5 2.1062E-5 1.12615E-5 1.67389E-5 1.89925E-5 3.32893E-5 4.90007E-5 -9999 -9999 -9999 -9999 -9999 -9999 -9999 -9999 -9999 -9999 -9999 -9999 -9999 -9999 -9999 -9999 -9999
1.60957E-5 1.56503E-5 1.83495E-5 2.13285E-5 2.35892E-5 2.39752E-5 2.34031E-5 2.18207E-5 1.99125E-5 1.64566E-5 1.87601E-5 2.00655E-5 2.13135E-5 2.24228E-5 2.30003E-5 1.87758E-5 1.63494E-5 1.72117E-5 1.4241E-5 1.20673E-5 1.28669E-5 1.29574E-5 1.42832E-5 1.41452E-5 1.67505E-5 1.80435E-5 1.80006E-5 1.89362E-5 1.84173E-5 2.74526E-5 3.17651E-5 3.55688E-5 2.21087E-5 1.70596E-5 2.08386E-5 2.73699E-5 2.8454E-5 4.22042E-5 1.01508E-4 1.88906E-5 2.67825E-5 2.72754E-5 1.75198E-5 1.5982E-5 1.50761E-5 1.33504E-5 3.65692E-5 6.19247E-5 2.59017E-5 -9999 -9999 -9999 -9999 -9999 -9999 -9999 -9999 -9999 -9999 -9999 -9999 -9999 -9999 -9999 -9999 -9999
1.70187E-5 1.5343E-5 1.68058E-5 2.19712E-5 2.56288E-5 2.34728E-5 2.18097E-5 2.02557E-5 1.75155E-5 1.52545E-5 1.747E-5 1.97787E-5 2.03119E-5 2.03874E-5 1.89839E-5 1.56656E-5 1.85196E-5 1.76672E-5 1.33577E-5 1.08368E-5 1.24389E-5 1.58973E-5 1.96866E-5 1.63353E-5 1.77618E-5 1.80944E-5 1.66314E-5 1.77508E-5 1.72603E-5 1.91991E-5 2.32677E-5 3.46021E-5 2.2557E-5 2.0241E-5 1.90097E-5 1.79561E-5 1.74553E-5 2.94789E-5 2.63759E-5 1.76001E-5 1.85488E-5 1.5553E-5 1.84784E-5 2.43676E-5 2.98965E-5 2.56755E-5 4.96015E-5 6.18983E-5 -9999 -9999 -9999 -9999 -9999 -9999 -9999 -9999 -9999 -9999 -9999 -9999 -9999 -9999 -9999 -9999 -9999 -9999
1.96064E-5 1.5862E-5 1.39135E-5 1.88564E-5 2.05288E-5 2.00669E-5 1.96349E-5 1.78965E-5 1.4623E-5 1.58917E-5 1.58191E-5 1.80589E-5 2.07677E-5 2.09327E-5 2.17211E-5 1.53862E-5 1.51235E-5 1.48161E-5 1.25132E-5 1.21507E-5 1.47365E-5 1.88021E-5 1.76636E-5 1.45727E-5 1.69575E-5 1.72518E-5 1.84894E-5 2.08787E-5 1.71263E-5 2.40714E-5 2.88752E-5 3.72044E-5 4.18396E-5 3.16453E-5 2.19225E-5 2.4607E-5 3.04399E-5 5.03633E-5 2.08055E-5 1.96793E-5 3.74635E-5 2.20443E-5 2.91996E-5 5.20733E-5 4.41382E-5 8.52885E-5 5.44328E-5 2.70403E-5 -9999 -9999 -9999 -9999 -9999 -9999 -9999 -9999 -9999 -9999 -9999 -9999 -9999 -9999 -9999 -9999 -9999 -9999
1.9881E-5 1.63192E-5 1.30246E-5 1.3221E-5 1.53062E-5 1.65252E-5 1.70834E-5 1.55321E-5 1.55835E-5 1.67247E-5 1.78284E-5 1.63679E-5 1.69947E-5 1.68773E-5 1.65044E-5 1.31934E-5 1.40457E-5 1.44139E-5 1.37265E-5 1.16773E-5 1.15526E-5 1.63471E-5 1.33173E-5 1.72018E-5 1.85684E-5 1.61025E-5 1.521E-5 1.52407E-5 1.64265E-5 2.70895E-5 5.1265E-5 4.21533E-5 4.06241E-5 2.51969E-5 3.58356E-5 4.83629E-5 6.69974E-5 4.88805E-5 1.83704E-5 1.33288E-5 1.75905E-5 2.65099E-5 3.37512E-5 6.85122E-5 4.74127E-5 5.37369E-5 2.08577E-5 -9999 -9999 -9999 -9999 -9999 -9999 -9999 -9999 -9999 -9999 -9999 -9999 -9999 -9999 -9999 -9999 -9999 -9999 -9999
1.64191E-5 1.53967E-5 1.17694E-5 1.13232E-5 1.382E-5 1.59081E-5 1.71199E-5 1.52918E-5 1.658E-5 1.82213E-5 1.9204E-5 1.60972E-5 1.54845E-5 1.29322E-5 1.17456E-5 1.26251E-5 1.46415E-5 1.57019E-5 1.3764E-5 1.08621E-5 1.42442E-5 1.52305E-5 1.31831E-5 1.73777E-5 1.87479E-5 1.61727E-5 1.49991E-5 1.26937E-5 1.38357E-5 2.32105E-5 4.3694E-5 3.37402E-5 2.54792E-5 2.6176E-5 2.88135E-5 3.07398E-5 3.70917E-5 3.72387E-5 2.57418E-5 2.08618E-5 2.19313E-5 2.32917E-5 2.81488E-5 3.08798E-5 3.12925E-5 2.10818E-5 1.9656E-5 -9999 -9999 -9999 -9999 -9999 -9999 -9999 -9999 -9999 -9999 -9999 -9999 -9999 -9999 -9999 -9999 -9999 -9999 -9999
1.37876E-5 1.39182E-5 1.65575E-5 1.56762E-5 1.71313E-5 1.75285E-5 1.75448E-5 1.60886E-5 1.668E-5 1.77034E-5 1.92863E-5 1.88237E-5 1.61031E-5 1.33269E-5 1.40847E-5 1.68593E-5 1.63149E-5 1.45587E-5 1.17573E-5 1.2463E-5 1.91228E-5 1.32594E-5 1.24987E-5 1.42859E-5 1.82141E-5 2.45621E-5 2.85318E-5 2.71984E-5 2.38985E-5 2.05678E-5 3.59617E-5 2.44149E-5 2.39485E-5 2.63173E-5 2.46013E-5 2.95085E-5 4.1699E-5 3.51468E-5 2.22357E-5 2.14439E-5 2.50751E-5 2.46506E-5 3.07307E-5 3.26057E-5 2.52396E-5 1.86776E-5 -9999 -9999 -9999 -9999 -9999 -9999 -9999 -9999 -9999 -9999 -9999 -9999 -9999 -9999 -9999 -9999 -9999 -9999 -9999 -9999
1.51784E-5 1.75894E-5 2.15523E-5 1.57452E-5 2.05055E-5 1.93301E-5 1.90759E-5 1.92088E-5 1.81736E-5 2.03329E-5 2.15103E-5 1.70514E-5 1.68114E-5 1.65273E-5 1.66447E-5 1.912E-5 1.75966E-5 1.52726E-5 1.7628E-5 2.79374E-5 1.83014E-5 1.71379E-5 1.39618E-5 1.66016E-5 1.84751E-5 3.04191E-5 5.64236E-5 2.77821E-5 3.20603E-5 2.5848E-5 3.80395E-5 2.87169E-5 2.23842E-5 2.73237E-5 3.3313E-5 4.35907E-5 3.99174E-5 3.0821E-5 2.29083E-5 1.98522E-5 2.78968E-5 2.83842E-5 2.57248E-5 2.84731E-5 1.71974E-5 -9999 -9999 -9999 -9999 -9999 -9999 -9999 -9999 -9999 -9999 -9999 -9999 -9999 -9999 -9999 -9999 -9999 -9999 -9999 -9999 -9999
1.31287E-5 1.63692E-5 1.9535E-5 1.50067E-5 1.92428E-5 1.90733E-5 2.09838E-5 2.63772E-5 2.16902E-5 2.19661E-5 2.05832E-5 2.04585E-5 1.90844E-5 1.66628E-5 1.54818E-5 1.56799E-5 1.72903E-5 2.03838E-5 2.97474E-5 4.66828E-5 2.40904E-5 2.02326E-5 3.01402E-5 2.41334E-5 1.73946E-5 5.10489E-5 1.53647E-4 5.23304E-5 3.30651E-5 3.22618E-5 3.40814E-5 2.41233E-5 2.82547E-5 4.07883E-5 4.56301E-5 6.15477E-5 5.88249E-5 3.77293E-5 2.97018E-5 2.00207E-5 6.64768E-5 2.76541E-5 2.19639E-5 2.40365E-5 1.07042E-5 -9999 -9999 -9999 -9999 -9999 -9999 -9999 -9999 -9999 -9999 -9999 -9999 -9999 -9999 -9999 -9999 -9999 -9999 -9999 -9999 -9999
1.3587E-5 1.53261E-5 1.68814E-5 1.4836E-5 1.66625E-5 2.15142E-5 3.06413E-5 3.58403E-5 2.73846E-5 2.11131E-5 1.84791E-5 1.78051E-5 1.47388E-5 1.36379E-5 1.31239E-5 1.66457E-5 2.14876E-5 3.77358E-5 3.79819E-5 2.92792E-5 2.44572E-5 2.46823E-5 3.37499E-5 2.86067E-5 4.06674E-5 1.42731E-4 7.67865E-5 3.63726E-5 5.24564E-5 4.81868E-5 4.71206E-5 3.86383E-5 3.88028E-5 3.53755E-5 9.34898E-5 4.95326E-5 7.97163E-5 4.46892E-5 4.64214E-5 4.20338E-5 4.0698E-5 2.82416E-5 2.26172E-5 1.46735E-5 -9999 -9999 -9999 -9999 -9999 -9999 -9999 -9999 -9999 -9999 -9999 -9999 -9999 -9999 -9999 -9999 -9999 -9999 -9999 -9999 -9999 -9999
1.24607E-5 1.36544E-5 1.61065E-5 1.5491E-5 1.92868E-5 2.56589E-5 3.54224E-5 3.85082E-5 2.68277E-5 1.7824E-5 1.5329E-5 1.65232E-5 1.36021E-5 1.81317E-5 1.96102E-5 2.27456E-5 3.25885E-5 6.88712E-5 2.7385E-5 2.78051E-5 3.55164E-5 3.34073E-5 7.73914E-5 3.59465E-5 7.34399E-5 1.54422E-4 5.89405E-5 3.90406E-5 4.51143E-5 7.23228E-5 6.71815E-5 5.67287E-5 6.6307E-5 7.02829E-5 9.96164E-5 7.58751E-5 6.06806E-5 1.08041E-4 5.14419E-5 4.09397E-5 2.71245E-5 3.14763E-5 2.20761E-5 1.26544E-5 -9999 -9999 -9999 -9999 -9999 -9999 -9999 -9999 -9999 -9999 -9999 -9999 -9999 -9999 -9999 -9999 -9999 -9999 -9999 -9999 -9999 -9999
