catData/rasterBestHybridModels/Pbengalensis/RDbal_BM01_RM1.5_L/Pbengalensis_min.asc
ncols         409
nrows         350
xllcorner     60.897278365
yllcorner     5.843756025
cellsize      0.0892857
NODATA_value  -9999
[rows 116 to 144 of 350, columns 132 to 197 of 409]
1.37515E-5 1.51149E-5 1.64986E-5 1.78266E-5 1.67187E-5 1.55159E-5 1.88774E-5 2.18831E-5 2.55022E-5 2.63896E-5 2.52164E-5 2.7265E-5 3.6799E-5 5.10067E-5 6.50229E-5 4.94636E-5 5.17505E-5 3.91547E-5 7.88778E-7 1.10067E-5 4.5324E-6 9.52995E-6 3.12028E-6 2.4288E-6 3.02373E-6 2.32465E-5 4.59681E-5 5.31781E-5 5.64914E-5 4.893E-5 3.85307E-5 2.94586E-5 2.82432E-5 3.34759E-5 3.74578E-5 5.63405E-5 6.43724E-5 5.79481E-5 3.05657E-5 4.91125E-5 5.43254E-5 2.91708E-5 1.18495E-5 2.60426E-5 3.64523E-5 3.71092E-5 4.29745E-5 5.76145E-5 7.25979E-5 6.86567E-5 5.03434E-5 3.83801E-5 3.64148E-5 4.93184E-5 6.55475E-5 7.5576E-5 5.74664E-5 7.01713E-5 7.87907E-5 6.13726E-5 5.63484E-5 7.2995E-5 7.70844E-5 8.03379E-5 6.8794E-5 5.12451E-5
1.76034E-5 2.06468E-5 2.29483E-5 2.40577E-5 2.32788E-5 2.084E-5 2.40802E-5 3.07846E-5 3.39811E-5 3.62938E-5 2.00029E-5 3.04813E-5 3.75021E-5 5.0456E-5 6.5132E-5 6.78124E-5 5.2578E-5 1.0792E-5 5.44078E-6 1.08147E-6 3.76957E-5 4.94029E-6 1.33932E-5 6.35265E-6 5.77159E-6 4.60602E-5 4.11717E-5 3.94742E-5 4.02845E-5 3.7209E-5 2.87309E-5 2.5177E-5 2.27099E-5 2.15019E-5 4.62713E-5 6.31438E-5 8.53292E-5 6.60138E-5 5.00407E-5 5.8989E-5 6.69603E-5 1.36473E-5 3.77173E-5 4.20168E-5 4.96739E-5 5.16558E-5 4.57543E-5 5.18906E-5 4.9754E-5 5.48676E-5 4.38382E-5 3.44186E-5 3.64931E-5 4.99623E-5 6.52513E-5 7.24234E-5 5.71781E-5 5.81506E-5 6.39535E-5 6.27339E-5 5.50569E-5 5.72318E-5 6.05477E-5 6.94755E-5 6.16476E-5 5.35712E-5
2.26784E-5 2.79169E-5 3.20936E-5 3.37869E-5 3.21381E-5 2.78665E-5 2.83542E-5 3.67146E-5 4.44505E-5 4.56743E-5 2.84178E-5 3.90283E-5 3.38667E-5 3.49102E-5 3.87108E-5 4.96897E-5 3.9655E-5 2.24236E-5 3.74986E-5 5.82216E-5 5.21363E-5 4.09072E-5 4.93409E-6 1.87845E-5 3.27889E-6 4.95934E-5 3.6183E-5 2.95672E-5 3.08752E-5 3.42785E-5 3.46707E-5 3.17288E-5 2.70115E-5 2.64298E-5 4.19662E-5 5.10475E-5 6.08735E-5 5.01509E-5 4.34469E-5 5.06421E-5 5.82195E-5 4.93854E-5 3.88011E-5 4.16242E-5 6.53826E-5 6.49703E-5 3.39217E-5 4.10098E-5 5.88747E-5 9.44901E-8 2.88889E-8 6.11325E-6 4.59165E-7 8.86685E-8 2.24331E-6 1.3479E-5 1.84433E-5 3.10249E-5 6.37063E-5 8.37404E-5 6.6316E-5 5.09208E-5 3.88268E-5 5.90761E-5 4.4291E-5 6.51731E-5
2.75622E-5 3.69957E-5 4.34686E-5 4.68311E-5 4.29477E-5 3.65576E-5 3.06916E-5 4.16128E-5 5.61632E-5 6.10277E-5 4.45197E-5 2.54583E-5 3.38378E-5 3.02013E-5 3.66982E-5 6.20191E-6 1.50749E-5 2.35095E-5 1.3919E-5 2.94522E-5 1.85955E-5 1.45201E-5 5.24953E-5 4.37782E-5 5.15042E-5 4.58813E-5 3.65062E-5 2.5236E-5 3.74009E-5 4.77577E-5 4.83274E-5 4.20752E-5 3.36957E-5 3.5635E-5 4.79069E-5 6.18092E-5 6.62847E-5 4.11605E-5 3.13062E-5 4.05719E-5 5.07177E-5 4.93892E-5 4.34333E-5 4.94608E-5 3.81419E-5 2.06323E-5 3.38267E-5 3.76819E-5 6.25281E-6 3.09745E-7 5.33861E-10 2.95143E-9 9.28606E-8 4.55756E-7 4.86739E-6 6.86002E-6 5.00127E-5 6.44132E-5 5.68245E-5 3.417E-5 5.85465E-5 3.60592E-5 2.92297E-5 3.42927E-5 4.78307E-5 6.5929E-5
3.14198E-5 4.23792E-5 5.65293E-5 7.41371E-5 5.74734E-5 4.34582E-5 3.2662E-5 4.02178E-5 5.55646E-5 6.56101E-5 4.86958E-5 1.66327E-5 3.80615E-5 3.82221E-5 1.7497E-5 2.03524E-6 5.33529E-6 2.65639E-5 7.22301E-6 8.49093E-6 1.51266E-5 6.51936E-6 2.46389E-5 6.16568E-5 5.76139E-5 4.09742E-5 3.49086E-5 4.19082E-5 3.81356E-5 2.70768E-5 5.46283E-5 4.68759E-5 3.05272E-5 4.12985E-5 4.95074E-5 6.03374E-5 6.74999E-5 4.7159E-5 4.37098E-5 2.19698E-5 3.73874E-5 3.56372E-5 3.25179E-5 3.12989E-5 4.0132E-6 2.7848E-5 2.52112E-5 9.48998E-7 6.69624E-7 1.66547E-8 8.44038E-7 9.33242E-7 1.00104E-5 1.53834E-5 4.95383E-5 7.55448E-5 6.02297E-5 5.33215E-5 2.08243E-5 8.43614E-8 1.0202E-5 2.98133E-5 4.07151E-5 2.50857E-5 5.14976E-5 5.43633E-5
3.20381E-5 4.32601E-5 5.9169E-5 7.6025E-5 5.98446E-5 4.42216E-5 3.18218E-5 3.42505E-5 4.27882E-5 3.27236E-5 3.34063E-5 6.638E-5 5.78671E-5 6.73548E-5 3.5625E-5 1.88635E-5 2.01724E-5 1.87913E-5 3.88127E-5 1.40966E-6 4.50586E-7 4.57623E-6 5.60328E-5 5.64967E-5 5.02116E-5 3.62682E-5 4.35567E-5 5.60937E-5 5.52261E-5 4.39891E-5 5.01555E-5 4.49569E-5 3.78214E-5 5.39212E-5 5.78545E-5 3.47053E-5 4.23094E-5 4.04536E-5 3.72437E-5 2.25318E-5 3.27839E-5 2.29305E-5 2.73654E-5 3.17034E-5 3.09161E-5 9.55785E-6 2.12726E-5 2.47656E-7 8.12453E-8 9.13925E-7 5.70735E-7 9.21826E-6 3.83598E-5 6.81626E-6 5.65647E-5 2.5021E-5 6.90864E-6 3.11556E-6 4.06214E-8 1.5509E-7 2.75996E-5 7.57736E-5 4.81503E-5 2.36661E-5 4.14593E-5 4.92668E-5
2.896E-5 3.72519E-5 4.58855E-5 5.4024E-5 4.84923E-5 3.94508E-5 3.06618E-5 2.75606E-5 3.39908E-5 4.39877E-5 5.99938E-5 7.75575E-5 6.02603E-5 3.85419E-5 1.51955E-6 3.97925E-5 1.99667E-5 4.57663E-5 4.75806E-5 1.81706E-5 4.5223E-5 4.49404E-5 3.37586E-5 1.97641E-5 1.09102E-5 2.68535E-6 1.7446E-5 3.22269E-5 4.05859E-5 4.87582E-5 3.80112E-5 4.55155E-5 3.88184E-5 5.80794E-5 7.51157E-5 4.38571E-5 5.11541E-5 3.47559E-5 3.08353E-5 1.50404E-5 5.16006E-5 3.43524E-5 3.74606E-5 5.84691E-6 1.37141E-5 4.40668E-6 3.55273E-6 1.02492E-5 2.48155E-6 1.70095E-6 1.2707E-6 4.57727E-6 1.72375E-6 2.59218E-6 2.04131E-7 3.80508E-7 6.08674E-7 3.94013E-6 4.15199E-7 3.02607E-7 1.29994E-5 2.44865E-5 1.45123E-5 4.63814E-5 1.47684E-5 1.50007E-6
2.69506E-5 2.9148E-5 3.36457E-5 3.71107E-5 3.65049E-5 3.34305E-5 2.66692E-5 2.64924E-5 2.08526E-5 3.13237E-5 4.41156E-5 5.12774E-5 3.33055E-5 9.05117E-6 4.08365E-5 4.22661E-5 4.70397E-6 2.29147E-5 7.94178E-5 6.1979E-5 3.76839E-5 3.48331E-5 4.61979E-5 3.09177E-5 6.85662E-6 1.65361E-5 1.70462E-5 5.72785E-5 3.54955E-5 4.69617E-5 5.1096E-5 4.56316E-5 4.80783E-5 3.99109E-5 4.66659E-5 2.4705E-5 2.43351E-5 2.7995E-5 3.80941E-5 4.41645E-5 5.74157E-5 4.05094E-5 6.83748E-6 7.6053E-7 1.68337E-5 2.68188E-6 7.84119E-6 4.67759E-6 7.37802E-6 9.70475E-6 8.03629E-7 9.63596E-7 6.96601E-6 2.34386E-8 7.753E-8 4.89154E-7 1.68129E-6 2.39941E-7 5.11089E-6 1.60043E-5 3.33629E-5 4.29947E-5 4.11696E-5 2.6183E-5 1.93146E-5 2.43952E-5
3.58144E-5 2.8334E-5 2.51802E-5 2.82884E-5 2.70464E-5 3.27625E-5 3.60536E-5 3.33771E-5 2.91169E-5 3.8691E-5 1.27062E-5 5.33301E-5 3.09114E-5 1.501E-5 3.56292E-5 5.54844E-6 3.93496E-6 4.51613E-5 4.7373E-5 4.4844E-5 3.71775E-5 2.51242E-6 1.11494E-5 1.04852E-5 2.79222E-5 7.61955E-6 2.80142E-6 4.52119E-5 1.68544E-5 2.33961E-5 6.54942E-5 1.9098E-5 4.60719E-5 2.63383E-5 3.3543E-5 1.56173E-5 3.58036E-5 2.81244E-5 3.28684E-5 5.25646E-5 3.88337E-5 3.66547E-6 8.90933E-7 1.9611E-5 2.45414E-5 5.72875E-6 1.25633E-5 1.04254E-5 1.28628E-5 2.07294E-5 6.42008E-6 1.67757E-6 1.79225E-6 2.33475E-7 6.08589E-7 9.70599E-7 5.96632E-7 7.46457E-7 8.09382E-7 3.10499E-5 3.37854E-5 5.46817E-5 6.92549E-5 5.36929E-5 4.96131E-5 2.88674E-5
4.57453E-5 3.41019E-5 2.67158E-5 2.54804E-5 3.19389E-5 4.04407E-5 4.85707E-5 4.23661E-5 4.65074E-5 4.56864E-5 2.74283E-5 7.55262E-6 7.74925E-6 1.65922E-5 3.01054E-6 7.56672E-6 7.76629E-6 5.44599E-6 5.0161E-5 4.49146E-5 3.1773E-5 4.06688E-5 7.06203E-5 4.6238E-5 1.10654E-5 1.49341E-6 2.47309E-6 1.05829E-5 3.29967E-5 2.46882E-5 4.7818E-5 4.29486E-5 3.04666E-5 2.81806E-5 3.80474E-5 5.25088E-5 4.52453E-5 3.83196E-5 3.24286E-5 9.56512E-6 4.02373E-5 3.0133E-5 1.27708E-5 3.04697E-5 3.2561E-5 2.67834E-5 2.21506E-5 2.87295E-6 6.36193E-7 5.92573E-6 9.52697E-7 3.6568E-8 9.9312E-6 1.77337E-6 3.85767E-7 5.85285E-7 5.35014E-7 1.68032E-6 2.35745E-6 1.10799E-5 5.6497E-5 5.46676E-5 6.57784E-5 2.23245E-5 1.51439E-5 4.17281E-5
4.93256E-5 3.52292E-5 2.59605E-5 2.60473E-5 3.24411E-5 4.90592E-5 3.71166E-5 5.66291E-5 3.62005E-5 1.6718E-5 4.09025E-5 3.11904E-6 2.3925E-5 5.30029E-6 9.77317E-6 7.49874E-6 2.6952E-6 3.7253E-5 5.66871E-5 5.75163E-5 4.46931E-5 2.93787E-5 1.14003E-5 3.48774E-6 8.43968E-6 2.51893E-5 2.004E-5 1.32031E-5 4.05148E-6 3.76787E-5 7.01808E-5 1.64806E-5 3.15909E-5 2.70474E-5 2.69262E-5 4.73089E-5 6.0253E-5 4.51033E-5 2.38412E-5 1.51619E-5 2.40833E-5 2.88007E-5 2.03171E-5 4.28722E-5 2.72464E-5 4.0884E-5 1.42895E-5 4.85214E-6 7.72802E-7 4.49759E-6 3.20081E-7 7.59257E-7 3.48939E-6 3.42757E-7 4.22445E-6 3.48178E-7 3.38784E-6 8.41303E-6 3.1816E-5 4.6242E-5 3.87413E-5 3.50458E-5 7.94318E-6 3.52781E-6 2.33899E-7 2.06192E-5
4.10105E-5 3.20312E-5 2.4149E-5 2.48435E-5 3.36132E-5 4.07642E-5 6.01131E-5 1.90209E-5 4.16443E-7 1.37777E-5 8.2145E-6 1.93029E-5 2.3752E-5 1.56628E-5 2.57362E-6 7.95752E-6 4.12802E-5 4.83304E-5 2.58722E-5 6.41725E-5 3.78803E-5 4.48318E-6 1.22812E-6 1.24798E-5 8.64775E-6 3.90849E-5 1.6794E-5 2.2791E-5 2.39532E-5 2.57968E-5 1.9658E-5 4.48232E-6 9.232E-6 3.80903E-5 4.75224E-5 5.27297E-5 5.41781E-5 4.771E-5 6.28944E-5 6.14708E-5 2.81607E-5 3.94415E-5 3.23438E-5 3.96013E-5 4.94617E-5 3.7015E-5 8.34423E-6 3.0316E-7 1.49908E-7 7.43044E-7 1.96087E-6 9.39795E-6 1.1863E-7 2.26816E-6 8.03368E-7 3.08196E-6 1.10072E-6 7.08333E-6 1.45628E-6 1.69803E-5 4.24326E-6 1.24501E-6 7.5825E-6 6.93327E-6 4.85688E-6 2.99344E-5
3.17884E-5 2.77665E-5 2.00737E-5 2.61088E-5 2.77746E-5 7.38962E-6 2.15357E-5 1.36948E-5 3.1462E-5 4.86399E-6 1.15349E-6 1.36753E-5 3.70921E-5 3.61102E-5 3.08467E-5 1.92655E-5 3.56454E-7 4.38487E-5 5.88781E-5 4.78832E-5 3.09285E-6 1.1314E-6 1.16306E-6 1.57279E-6 2.2841E-5 4.7656E-5 2.32621E-5 3.13215E-5 4.52954E-5 9.42765E-6 1.90362E-5 1.02447E-5 4.75659E-5 4.7325E-5 3.59782E-5 1.58112E-5 1.5124E-5 2.33482E-5 2.56359E-5 4.71039E-5 3.82392E-5 3.83043E-5 3.62663E-5 5.32398E-5 3.07589E-5 3.71975E-5 7.08242E-7 3.58497E-6 2.37795E-6 2.35661E-6 1.24702E-6 1.6317E-5 3.18258E-6 3.37516E-7 5.36454E-7 6.8937E-6 5.66913E-6 2.72742E-6 3.3618E-7 1.64621E-9 1.30218E-6 1.80559E-5 1.55117E-6 9.87177E-7 1.01822E-7 1.59931E-8
3.68331E-5 3.03876E-5 3.2898E-5 3.71349E-5 1.23174E-5 9.36577E-6 1.20466E-6 1.61918E-6 3.36329E-5 2.82674E-6 1.2265E-5 3.46544E-7 2.55972E-5 4.37523E-6 7.2931E-7 1.24563E-6 2.44675E-5 3.88458E-5 4.02876E-5 4.67793E-5 1.02026E-5 3.79343E-6 2.01804E-6 6.98304E-6 3.59472E-6 1.54594E-5 1.87226E-5 4.18718E-5 2.69793E-5 5.61494E-6 3.99E-5 4.2276E-5 6.6042E-5 3.88946E-5 1.61985E-5 2.45662E-6 3.13764E-5 2.96257E-5 2.35957E-5 4.22966E-5 2.57776E-5 3.12494E-5 2.50391E-5 3.61723E-5 4.8022E-5 3.66919E-5 7.98127E-6 3.4377E-8 1.38276E-6 6.84288E-6 5.3598E-7 1.7366E-5 4.12838E-8 4.73828E-8 2.23918E-7 1.43755E-7 5.09735E-6 2.272E-6 2.15688E-6 4.8741E-9 1.42762E-7 3.50465E-7 5.55892E-9 2.42406E-7 6.27366E-8 3.31631E-8
3.33385E-5 3.37303E-5 4.00566E-5 3.76881E-5 1.45438E-5 1.57034E-6 8.01802E-7 8.11017E-7 2.87998E-6 4.611E-6 1.35829E-5 8.40019E-6 2.47491E-6 1.24878E-6 1.28003E-6 5.57468E-6 2.2924E-6 2.85549E-5 2.10137E-5 4.44893E-6 3.49037E-5 2.46814E-5 9.84225E-6 5.13173E-6 3.49583E-6 3.52734E-6 5.61779E-6 7.35542E-6 1.94677E-5 3.09771E-5 3.17815E-5 4.25464E-5 5.50009E-5 5.73569E-5 1.98564E-5 2.74637E-5 3.53151E-5 5.79327E-5 4.24288E-5 2.29421E-5 1.28186E-5 4.42612E-5 5.39513E-5 4.2194E-5 4.12521E-5 2.06654E-6 1.18211E-5 5.65731E-8 2.68284E-7 8.94677E-7 4.8233E-7 5.07784E-6 9.33731E-7 1.2491E-7 5.65946E-6 2.71222E-6 4.17967E-6 9.45222E-7 2.35776E-6 2.5213E-7 1.3617E-8 2.69562E-6 1.23909E-8 4.54331E-8 2.39688E-8 2.65505E-6
2.0932E-5 3.45031E-5 2.35942E-5 4.5214E-5 1.18767E-5 1.34388E-5 6.1272E-5 1.80291E-5 5.85582E-6 3.53817E-6 4.77205E-7 9.38326E-6 9.42091E-7 4.23839E-7 5.77423E-5 6.0295E-7 2.34985E-5 5.17561E-5 1.32283E-5 1.27187E-5 1.75911E-5 1.15491E-5 3.84777E-5 2.95645E-5 6.52604E-6 1.10369E-5 2.67499E-5 5.69358E-6 3.16956E-5 2.68738E-5 3.16692E-5 4.07882E-5 3.68358E-5 5.41748E-5 2.49435E-5 3.4423E-5 4.56214E-5 4.03552E-5 3.88547E-5 9.63494E-6 2.88139E-5 5.38243E-5 6.89444E-5 6.41165E-5 2.04924E-5 1.81664E-7 8.95288E-7 4.97781E-8 1.86863E-6 8.57307E-7 1.06129E-7 8.05683E-7 7.22957E-6 1.03188E-7 4.36163E-7 1.93335E-6 8.79372E-6 1.5721E-6 5.59325E-7 3.3648E-7 5.24056E-8 3.45166E-8 2.23478E-7 4.78823E-6 2.22965E-6 5.83065E-7
2.07846E-5 3.27755E-5 8.17969E-6 2.36134E-5 5.33888E-7 8.59595E-7 3.39565E-6 4.87348E-7 3.2277E-8 3.18698E-6 9.004E-6 2.84795E-5 1.60404E-7 6.25232E-8 1.27004E-5 1.84904E-5 9.05624E-6 2.68055E-5 1.96935E-6 2.9769E-7 4.29739E-6 6.92524E-6 4.57719E-5 2.75764E-5 1.08197E-5 1.89655E-5 3.71675E-5 2.78505E-5 1.80649E-5 9.44178E-6 2.94245E-5 3.35767E-5 3.759E-5 3.86113E-5 4.63899E-5 5.44567E-5 6.64551E-5 5.6727E-5 4.45398E-5 3.76672E-5 3.27318E-5 5.02361E-5 5.89612E-5 4.47561E-5 3.3395E-5 1.35128E-6 1.56134E-6 1.21595E-5 7.83041E-7 3.28578E-7 1.53556E-7 1.72618E-8 9.13603E-7 5.25036E-7 9.42246E-7 2.09255E-6 4.48162E-6 2.79481E-7 5.64296E-7 5.18991E-9 2.24626E-6 6.10677E-7 1.53932E-6 2.88502E-5 8.46652E-7 8.70602E-7
4.93792E-6 1.43273E-5 4.57183E-6 2.05566E-5 2.06763E-5 1.47009E-6 1.90882E-6 1.51672E-6 5.31774E-5 1.31462E-5 5.60095E-5 2.72195E-5 2.48193E-6 3.81732E-8 6.92153E-7 4.03333E-5 9.00519E-6 9.64689E-6 2.6218E-6 1.87044E-5 3.39333E-5 8.92247E-6 2.04055E-5 2.68139E-5 1.8816E-5 3.82871E-5 3.42864E-5 3.09552E-5 3.73864E-5 3.52401E-5 1.63325E-5 1.13771E-5 3.46539E-5 2.76027E-5 5.34176E-5 7.18427E-5 5.19451E-5 4.41933E-5 3.15382E-5 4.17365E-5 6.90749E-5 5.64053E-5 5.59064E-5 5.26348E-5 3.68572E-5 2.50364E-5 1.87489E-5 1.19906E-5 7.92904E-7 1.57832E-7 4.2842E-7 1.44845E-9 1.01724E-7 8.01255E-7 3.43081E-6 2.42708E-5 5.1672E-6 4.99056E-7 5.52948E-8 1.07698E-8 1.64646E-6 3.04385E-7 1.49718E-6 1.47317E-6 1.13049E-6 1.41275E-7
6.67549E-7 4.99185E-6 1.6279E-6 4.04182E-5 3.53636E-5 8.31144E-6 1.4497E-6 1.31712E-5 4.82226E-5 2.6663E-5 1.76598E-5 1.80393E-5 3.25608E-5 1.1182E-6 9.71035E-6 1.53524E-5 1.06007E-5 1.2032E-6 1.54002E-5 2.19495E-5 1.56885E-5 2.31316E-5 2.59241E-5 1.47138E-5 4.3343E-5 3.82532E-5 5.00515E-5 2.72902E-5 1.21573E-5 3.27371E-5 9.80409E-6 4.25424E-6 1.42127E-5 1.49019E-5 2.06351E-7 4.64015E-6 2.69631E-5 3.77844E-5 3.7886E-5 3.01255E-5 5.99405E-5 5.20614E-5 6.56237E-5 2.68694E-5 3.71493E-5 5.36459E-6 1.34685E-5 1.16232E-5 1.94801E-6 2.70072E-7 4.69053E-8 1.05681E-8 2.21238E-7 1.41587E-6 1.63945E-6 2.3896E-5 1.30169E-5 1.42244E-7 2.68929E-6 1.76927E-6 1.25727E-7 1.70536E-7 3.66109E-6 5.61163E-5 1.48445E-5 2.15145E-6
5.88295E-6 1.91467E-6 2.95773E-6 3.31826E-5 4.70915E-5 8.97295E-6 4.29012E-5 5.04599E-5 4.69068E-6 1.97559E-5 4.82971E-5 4.42421E-7 1.27579E-6 1.02343E-6 9.9539E-7 2.30228E-7 1.24592E-6 2.19042E-5 2.1478E-5 1.57478E-5 1.56264E-5 3.46926E-5 4.52632E-5 4.44607E-5 5.08025E-5 3.25703E-5 1.25626E-5 3.26908E-7 4.20421E-5 4.70891E-5 1.32718E-5 7.18377E-6 1.31338E-5 1.1372E-6 1.79573E-6 6.83282E-7 4.68045E-6 7.27302E-6 2.20521E-5 3.8218E-5 3.16375E-5 5.16402E-5 5.01559E-5 4.89492E-5 4.20559E-5 3.09378E-5 1.49256E-5 1.05979E-5 8.50211E-6 7.41813E-7 1.06459E-6 3.90249E-6 2.20633E-6 5.40658E-6 2.05784E-5 8.53541E-6 2.3488E-5 1.02583E-5 2.45829E-6 9.50334E-7 4.251E-6 8.91935E-7 8.85384E-8 1.35635E-5 1.12685E-6 8.2398E-6
8.2374E-6 2.28437E-6 1.90644E-5 3.61914E-5 9.86297E-6 3.0889E-5 4.15702E-5 3.0408E-5 1.40648E-5 3.15674E-5 2.1171E-5 7.35281E-6 1.06955E-5 1.06043E-6 4.90608E-8 2.75294E-6 7.07389E-7 2.48214E-5 1.16778E-5 3.05917E-5 4.47252E-5 4.0536E-5 5.10953E-5 5.13969E-5 5.1451E-5 5.92475E-5 5.27271E-5 1.8155E-5 2.52904E-5 5.35259E-5 4.15153E-5 3.87324E-5 6.32643E-5 3.35203E-5 2.49179E-5 1.83486E-5 2.75525E-5 1.20122E-6 2.37787E-5 3.90489E-5 1.84122E-5 4.82018E-5 1.59368E-5 3.25498E-5 2.16821E-5 2.54823E-5 2.97225E-5 1.86215E-5 7.37383E-6 3.56157E-7 5.59247E-7 1.92297E-6 1.03192E-6 3.26162E-6 9.5028E-6 3.54381E-5 2.5056E-5 5.11017E-5 1.10166E-5 6.59506E-6 4.57041E-6 2.94495E-6 3.38824E-6 6.59753E-6 4.56104E-6 4.88479E-6
2.78361E-5 2.31153E-6 5.41389E-6 4.47375E-6 3.308E-5 3.43768E-5 4.92409E-5 2.51111E-5 3.00656E-5 1.56405E-5 2.09231E-5 4.21391E-5 1.13495E-7 7.01113E-7 1.77869E-7 8.95944E-6 9.32063E-6 3.9304E-5 2.16731E-5 3.33718E-5 3.34857E-5 5.55916E-6 4.13467E-5 1.91753E-5 4.64839E-6 1.03788E-5 8.99519E-6 4.51472E-5 4.76144E-5 1.51349E-5 1.54368E-5 2.95646E-5 5.44098E-5 3.4093E-5 4.62977E-5 5.72513E-5 3.54646E-5 1.69123E-6 5.52234E-7 1.93632E-5 3.28786E-5 3.72295E-5 1.04221E-5 1.97366E-5 3.16458E-5 3.17516E-5 3.81209E-5 2.53872E-5 1.93622E-6 2.60944E-6 5.62931E-7 4.20199E-6 4.09586E-6 1.75012E-5 1.95504E-6 1.89192E-5 2.49076E-5 4.63324E-5 1.24882E-6 9.22583E-7 2.99771E-6 3.29751E-6 2.38764E-5 1.95139E-5 3.75898E-5 1.83855E-5
1.45713E-5 1.43354E-5 2.30961E-5 6.15257E-6 4.03019E-5 5.96659E-5 4.72787E-5 4.06623E-5 4.6314E-5 2.89479E-5 2.20145E-5 2.80099E-5 2.50688E-7 1.02495E-7 8.87539E-8 1.31501E-5 3.83717E-5 7.4315E-6 1.51157E-5 3.55649E-5 2.79049E-5 6.1436E-6 8.86644E-6 1.22477E-5 3.03766E-6 1.75095E-6 1.56088E-5 3.65467E-5 1.21308E-5 2.49152E-5 2.73032E-5 3.85777E-5 1.27046E-5 2.60722E-5 6.11362E-6 3.10112E-5 2.8861E-5 8.68213E-6 1.21906E-6 1.0827E-5 5.37437E-5 5.99829E-5 5.25531E-5 2.01505E-5 3.42118E-5 4.50203E-5 3.54069E-5 1.27166E-5 1.84957E-5 2.70806E-5 6.42535E-6 3.19111E-7 3.16014E-6 5.20205E-6 4.03176E-6 1.00226E-5 2.49545E-7 6.64109E-6 1.36642E-5 1.50086E-6 7.5405E-6 9.9032E-6 5.55256E-5 4.13872E-5 3.46492E-5 3.0857E-5
9.81425E-5 4.36352E-5 1.2308E-5 1.45181E-5 3.99555E-5 2.17126E-6 1.43501E-5 3.28721E-5 2.38358E-5 1.61684E-5 1.66752E-5 7.41461E-5 2.89497E-6 7.74563E-6 1.50918E-5 3.57239E-5 4.03471E-5 1.57188E-5 3.0359E-5 3.45423E-5 1.97548E-5 4.26451E-6 9.26036E-6 5.34308E-5 2.23995E-5 2.93216E-5 8.05738E-6 1.20903E-5 8.40031E-6 1.44607E-5 3.44748E-5 3.67795E-6 2.24708E-5 1.40797E-5 5.93441E-6 2.47577E-5 4.14403E-5 4.79248E-6 1.30457E-5 2.80889E-5 3.25606E-5 5.02417E-5 3.81623E-5 9.26916E-6 2.67157E-5 3.21512E-5 2.24202E-5 1.35778E-5 1.19825E-5 2.1476E-5 4.59102E-6 5.28706E-7 3.71025E-6 3.65503E-6 4.07393E-7 6.37008E-6 1.29372E-6 1.46602E-6 4.73729E-6 2.13971E-6 8.37576E-7 6.80259E-6 3.53818E-5 1.45821E-5 1.71E-5 7.52408E-7
1.04538E-4 1.51068E-5 8.1214E-6 8.34678E-6 3.4937E-5 3.14871E-7 2.95327E-5 2.36359E-6 2.92405E-5 3.87342E-6 8.849E-6 2.06631E-5 1.78885E-5 4.44145E-7 2.02861E-6 5.03105E-5 2.435E-5 2.29107E-5 2.37418E-5 5.27241E-5 4.22161E-5 3.87067E-6 7.6347E-6 4.24524E-5 6.02203E-5 5.00028E-5 4.12997E-5 9.2594E-6 7.56626E-6 6.44595E-6 4.13542E-5 1.83928E-5 6.20572E-5 3.01162E-5 3.30761E-5 2.27179E-6 6.28125E-6 2.91381E-7 7.47573E-6 1.78351E-5 2.72611E-5 1.43684E-5 2.22008E-5 1.09878E-5 1.1483E-5 1.50931E-5 1.18214E-5 5.34987E-6 2.56973E-6 3.97468E-5 1.93176E-6 4.00136E-7 5.20043E-7 3.75855E-6 8.79679E-7 3.20314E-7 1.48733E-5 1.36315E-6 2.08584E-5 3.09087E-6 3.8182E-7 2.39699E-6 2.57395E-5 1.01949E-6 1.78013E-5 2.35989E-6
2.21914E-5 4.20112E-5 4.67181E-5 3.74481E-5 2.83221E-5 1.68369E-5 2.81998E-5 4.50682E-6 2.95551E-5 1.24533E-5 1.8228E-7 3.62615E-5 2.88052E-6 1.64832E-6 2.28613E-6 3.58201E-6 1.45104E-6 1.83333E-6 4.62421E-5 4.18165E-5 4.77762E-5 1.76775E-5 1.16986E-5 4.46598E-5 3.10756E-5 6.18621E-5 4.54697E-5 5.44214E-5 3.36684E-5 5.18998E-5 4.96329E-5 5.40003E-5 5.25576E-5 1.65581E-5 1.54874E-5 1.75793E-5 1.00511E-5 7.77936E-7 1.67355E-6 6.17213E-7 9.43706E-6 1.46669E-6 2.23505E-6 5.3925E-7 3.45137E-6 2.99825E-6 4.05664E-6 1.62621E-6 1.45191E-5 2.1151E-5 2.6934E-5 1.09003E-5 1.19378E-6 1.97769E-5 3.59092E-6 3.45985E-7 1.07887E-5 4.06886E-5 3.90415E-5 1.41153E-6 4.62743E-7 1.51004E-6 4.54572E-6 1.80605E-5 6.8322E-6 7.58966E-8
9.88518E-7 7.62089E-7 1.03563E-5 3.63678E-5 1.00485E-5 3.96502E-6 2.61432E-5 3.73924E-6 4.73899E-6 4.49915E-6 3.13078E-6 1.48599E-6 3.15E-5 2.82842E-5 3.047E-5 6.49591E-8 3.54854E-6 1.41034E-5 2.46923E-5 7.31784E-5 7.49309E-5 1.95439E-5 6.18218E-5 1.60189E-5 3.68946E-5 6.29268E-5 6.17431E-5 5.29856E-5 1.88259E-5 1.27543E-5 2.26891E-5 9.96279E-6 6.8786E-6 2.26713E-5 8.95021E-7 4.19623E-7 2.36432E-6 2.95862E-6 1.08261E-6 1.48904E-5 3.84558E-7 1.30535E-6 6.02352E-8 2.63076E-7 7.82607E-8 5.11107E-6 7.84359E-8 2.02709E-5 1.05223E-6 5.7254E-6 4.54779E-6 3.46259E-5 6.97911E-6 3.22487E-5 2.97445E-5 8.9018E-7 2.01102E-7 3.33914E-7 1.87864E-7 2.46359E-8 1.01501E-6 3.12922E-7 7.49265E-7 8.41185E-6 1.70116E-5 1.91566E-5
8.28266E-7 1.28089E-7 1.01179E-5 6.54461E-6 1.7538E-5 2.42551E-5 3.28675E-5 2.72186E-6 1.65421E-5 8.0408E-6 4.63967E-6 3.48353E-6 8.67337E-6 1.94778E-5 4.40876E-5 1.30938E-6 3.18007E-7 2.49701E-5 5.18556E-5 5.53995E-5 5.17592E-5 1.43809E-6 1.4074E-6 2.85491E-5 5.08436E-6 8.01514E-5 8.26507E-5 5.22976E-5 1.83644E-5 5.14078E-6 2.0079E-5 2.1791E-5 9.68307E-7 9.86868E-7 3.92553E-7 3.56981E-7 1.32937E-6 4.48385E-6 1.42141E-5 7.12573E-6 1.09333E-6 1.90104E-6 1.49147E-5 7.10024E-6 6.69152E-7 1.52606E-5 4.7356E-6 4.98442E-6 9.58312E-7 9.41063E-7 1.58309E-6 1.19046E-5 1.91879E-7 2.3105E-5 1.88369E-5 3.04102E-6 2.19342E-7 8.21094E-7 3.03932E-7 1.28194E-8 2.55443E-8 5.71294E-9 8.63362E-8 1.89044E-8 1.09027E-6 6.526E-7
1.40865E-5 1.20845E-5 1.07736E-5 3.38917E-5 4.89936E-5 4.61322E-5 4.55083E-5 3.9065E-6 2.32107E-5 2.32696E-5 2.68694E-6 1.14081E-6 2.93624E-8 4.5621E-7 2.28055E-5 1.39128E-5 3.94697E-5 4.48506E-5 2.15527E-6 3.57021E-5 3.98273E-5 2.10451E-5 6.81955E-6 2.12831E-5 1.57844E-5 5.80123E-5 6.46805E-5 2.59634E-5 3.9854E-5 1.73516E-5 4.82801E-6 2.82399E-6 3.41168E-5 8.41381E-6 9.06639E-8 5.07135E-6 1.33015E-7 1.78636E-5 3.30153E-5 1.27788E-5 2.17858E-6 4.03694E-6 7.39252E-6 6.5823E-6 2.80192E-5 5.04471E-5 4.45606E-5 4.23847E-5 1.06706E-5 5.23028E-6 2.50527E-7 1.31233E-6 1.31282E-7 8.73013E-6 7.99099E-7 1.12547E-6 6.2892E-7 9.37948E-6 1.22807E-6 3.92393E-9 1.22633E-9 7.83101E-8 3.36468E-8 1.03349E-8 1.51209E-10 1.16842E-6
