catData/rasterBestHybridModels/Pbengalensis/RDbal_BM01_RM1.5_L/Pbengalensis_min.asc
ncols         409
nrows         350
xllcorner     60.897278365
yllcorner     5.843756025
cellsize      0.0892857
NODATA_value  -9999
[rows 87 to 115 of 350, columns 66 to 131 of 409]
4.62609E-5 3.76761E-5 2.40212E-5 1.32017E-5 1.85736E-5 3.34372E-5 2.88861E-5 2.17407E-5 2.09062E-5 2.06696E-5 1.94571E-5 1.74723E-5 1.64403E-5 1.45461E-5 1.27792E-5 1.06069E-5 9.14474E-6 8.23753E-6 7.55141E-6 7.48516E-6 1.15398E-5 1.69999E-5 2.05264E-5 2.26863E-5 2.90565E-5 3.45045E-5 3.70418E-5 3.3851E-5 2.66113E-5 2.0922E-5 1.58124E-5 1.20267E-5 9.47798E-6 1.06662E-5 1.23181E-5 1.48306E-5 1.68275E-5 2.12101E-5 2.77105E-5 3.1514E-5 3.63445E-5 3.20176E-5 2.74616E-5 3.81172E-5 4.66486E-5 5.22468E-5 5.68962E-5 4.78279E-5 4.15672E-5 4.94807E-5 5.04778E-5 4.4378E-5 3.7599E-5 4.5402E-5 5.00396E-5 4.5053E-5 3.5675E-5 3.21395E-5 2.16886E-5 1.96171E-5 2.11895E-5 2.16787E-5 1.99421E-5 1.79894E-5 2.31379E-5 3.05791E-5
7.14695E-5 7.48724E-5 5.57486E-5 2.78407E-5 1.99834E-5 2.65123E-5 1.82243E-5 1.47579E-5 1.57084E-5 1.89738E-5 2.23164E-5 2.59116E-5 2.27547E-5 1.89705E-5 1.5302E-5 1.18618E-5 9.21628E-6 8.42087E-6 8.45779E-6 9.60443E-6 1.20994E-5 1.6393E-5 2.25579E-5 2.96485E-5 3.96656E-5 4.8866E-5 5.06321E-5 4.65241E-5 3.97434E-5 2.64511E-5 1.82918E-5 1.50605E-5 1.15946E-5 1.09782E-5 1.26377E-5 1.53958E-5 1.94107E-5 2.70115E-5 3.83907E-5 4.96698E-5 4.82489E-5 4.15219E-5 3.29981E-5 2.93952E-5 3.46497E-5 3.91884E-5 3.97728E-5 3.91517E-5 5.18777E-5 6.51688E-5 6.54102E-5 5.23223E-5 3.91406E-5 4.37597E-5 5.32064E-5 5.97525E-5 4.9189E-5 3.72665E-5 2.59575E-5 1.89619E-5 1.48592E-5 1.58475E-5 1.54833E-5 1.85542E-5 2.51261E-5 3.3597E-5
1.1276E-4 7.83574E-5 5.30949E-5 3.26068E-5 1.97784E-5 1.71294E-5 1.36634E-5 1.4029E-5 1.69504E-5 2.16549E-5 2.88518E-5 3.44927E-5 2.99133E-5 2.29576E-5 1.7715E-5 1.33931E-5 1.00959E-5 8.128E-6 6.596E-6 6.76103E-6 9.29014E-6 1.25633E-5 1.81941E-5 2.65239E-5 3.96421E-5 5.66984E-5 6.86741E-5 5.69547E-5 4.35043E-5 3.1403E-5 2.25815E-5 1.73876E-5 1.39647E-5 1.26181E-5 1.30229E-5 1.56732E-5 2.15891E-5 2.97577E-5 4.53684E-5 6.8132E-5 6.01491E-5 4.67081E-5 3.54259E-5 2.76471E-5 2.6769E-5 2.85444E-5 2.96431E-5 3.91212E-5 4.67039E-5 5.86445E-5 6.45847E-5 5.15345E-5 3.82723E-5 4.40352E-5 5.73001E-5 6.9865E-5 5.13967E-5 3.62557E-5 2.65372E-5 1.95463E-5 1.52739E-5 1.20757E-5 1.37296E-5 1.71242E-5 2.3178E-5 3.10489E-5
1.26426E-4 6.47138E-5 3.49217E-5 2.01347E-5 1.89711E-5 1.61997E-5 1.31383E-5 1.26393E-5 1.63242E-5 2.20891E-5 3.03219E-5 3.86357E-5 3.16524E-5 2.35215E-5 1.78189E-5 1.34778E-5 1.01863E-5 7.77303E-6 7.24828E-6 7.88258E-6 1.06357E-5 1.60722E-5 2.03378E-5 2.60612E-5 3.74291E-5 5.12657E-5 6.31231E-5 4.95369E-5 3.90379E-5 2.75404E-5 1.95466E-5 1.57959E-5 1.63772E-5 1.59248E-5 1.5836E-5 1.50408E-5 2.17441E-5 2.85097E-5 3.97013E-5 5.35015E-5 5.51445E-5 4.55559E-5 3.9705E-5 3.49528E-5 2.88177E-5 2.28227E-5 2.67121E-5 3.05391E-5 3.58105E-5 4.00215E-5 4.35892E-5 4.03777E-5 3.1205E-5 3.6689E-5 4.37985E-5 4.4844E-5 3.57056E-5 2.87328E-5 2.34134E-5 1.7385E-5 1.31838E-5 1.06174E-5 1.18877E-5 1.54705E-5 2.05017E-5 2.57354E-5
1.05175E-4 5.85052E-5 2.5919E-5 1.55725E-5 2.03087E-5 1.88828E-5 1.67462E-5 1.34089E-5 1.48609E-5 2.00217E-5 2.43945E-5 2.85156E-5 2.62666E-5 2.04964E-5 1.67858E-5 1.24219E-5 1.07829E-5 9.91718E-6 9.84375E-6 1.14943E-5 1.39914E-5 1.79423E-5 2.45109E-5 3.04322E-5 3.71609E-5 4.51709E-5 4.58529E-5 3.79793E-5 3.08945E-5 2.33269E-5 1.74231E-5 1.42861E-5 1.65555E-5 1.85112E-5 1.97357E-5 2.11732E-5 2.19266E-5 2.47691E-5 3.31194E-5 4.03576E-5 4.94516E-5 6.06103E-5 5.45864E-5 4.51368E-5 3.51649E-5 2.65682E-5 2.21534E-5 2.68575E-5 2.55252E-5 2.70619E-5 2.72574E-5 2.59012E-5 2.16531E-5 2.38346E-5 2.70277E-5 2.79502E-5 2.60239E-5 2.36805E-5 1.9764E-5 1.53361E-5 1.15674E-5 8.97371E-6 9.75697E-6 1.24485E-5 1.63527E-5 1.98512E-5
7.75906E-5 6.11102E-5 2.89913E-5 2.03833E-5 2.21961E-5 2.16139E-5 2.05261E-5 1.83644E-5 1.78942E-5 1.53389E-5 1.79123E-5 1.94242E-5 1.94784E-5 1.62058E-5 1.34043E-5 1.4275E-5 1.44339E-5 1.34428E-5 1.31951E-5 1.52513E-5 1.67164E-5 1.66803E-5 1.63021E-5 1.98829E-5 2.1834E-5 2.48054E-5 2.81716E-5 2.53924E-5 2.23802E-5 1.89322E-5 1.55142E-5 1.62943E-5 1.9111E-5 2.30557E-5 2.83854E-5 3.2681E-5 3.32241E-5 3.07144E-5 3.12437E-5 4.28178E-5 5.82484E-5 7.71888E-5 7.0487E-5 5.3069E-5 3.91004E-5 3.18826E-5 2.45211E-5 1.8254E-5 1.81838E-5 1.82447E-5 1.84265E-5 1.67127E-5 1.4421E-5 1.64479E-5 1.91867E-5 2.05733E-5 1.99315E-5 1.82786E-5 1.60422E-5 1.27127E-5 1.00854E-5 7.66645E-6 7.63909E-6 9.78802E-6 1.28661E-5 1.5359E-5
6.32704E-5 5.09968E-5 2.78458E-5 2.78453E-5 3.13857E-5 2.73795E-5 2.35154E-5 2.44983E-5 2.34214E-5 1.99186E-5 1.61597E-5 1.3874E-5 1.35727E-5 1.47193E-5 1.77143E-5 1.99994E-5 2.11897E-5 1.84594E-5 1.75145E-5 1.94908E-5 2.04766E-5 1.92424E-5 1.56965E-5 1.24249E-5 1.37798E-5 1.54997E-5 1.7085E-5 1.61529E-5 1.58068E-5 1.62445E-5 1.91792E-5 1.87613E-5 2.18554E-5 2.69361E-5 3.71739E-5 4.90146E-5 4.78625E-5 4.14351E-5 3.23665E-5 4.06529E-5 5.43828E-5 6.69344E-5 6.4513E-5 6.24012E-5 4.99343E-5 3.73368E-5 2.82135E-5 1.56778E-5 1.33119E-5 1.34046E-5 1.27929E-5 1.15927E-5 1.06538E-5 1.23939E-5 1.38336E-5 1.48715E-5 1.46732E-5 1.35791E-5 1.22094E-5 1.01458E-5 8.1348E-6 6.51454E-6 6.36788E-6 7.72687E-6 9.28361E-6 1.07454E-5
4.83573E-5 3.42554E-5 2.59817E-5 2.89772E-5 3.07889E-5 2.72677E-5 2.77859E-5 3.32174E-5 3.08823E-5 2.39722E-5 1.90487E-5 1.444E-5 1.38002E-5 1.80846E-5 2.31168E-5 2.80867E-5 3.07052E-5 2.66941E-5 2.71677E-5 2.97314E-5 2.71568E-5 2.34338E-5 1.78545E-5 1.28421E-5 1.0859E-5 1.11314E-5 1.16962E-5 1.16103E-5 1.50267E-5 2.03327E-5 2.48707E-5 2.64496E-5 2.43728E-5 3.1443E-5 4.3059E-5 5.91525E-5 6.01362E-5 4.74023E-5 3.46714E-5 4.56806E-5 5.53962E-5 5.83028E-5 6.82213E-5 7.86194E-5 5.26411E-5 3.70405E-5 2.80908E-5 2.02644E-5 1.34698E-5 9.38888E-6 8.80681E-6 8.27552E-6 7.66136E-6 8.67512E-6 9.74702E-6 1.01873E-5 1.03432E-5 9.99294E-6 9.14641E-6 7.81715E-6 6.54402E-6 5.42421E-6 5.03485E-6 6.07771E-6 7.02086E-6 7.65303E-6
2.30522E-5 2.19294E-5 2.28528E-5 2.67274E-5 2.76233E-5 2.5114E-5 2.74689E-5 3.36016E-5 3.21507E-5 2.41817E-5 1.84755E-5 1.4632E-5 1.579E-5 2.06742E-5 2.86207E-5 3.98715E-5 4.44701E-5 3.64213E-5 4.01586E-5 4.95284E-5 3.38634E-5 2.74719E-5 2.02892E-5 1.42728E-5 1.56042E-5 1.56787E-5 1.47287E-5 1.41315E-5 1.7891E-5 2.41453E-5 3.12537E-5 3.35741E-5 3.07734E-5 2.96537E-5 4.25039E-5 5.23251E-5 5.21523E-5 4.20652E-5 3.9067E-5 5.24897E-5 6.90687E-5 7.66277E-5 5.63274E-5 5.75155E-5 4.1741E-5 3.11355E-5 2.3581E-5 1.68626E-5 1.23571E-5 8.72709E-6 6.30718E-6 6.17037E-6 5.88079E-6 6.29361E-6 6.76016E-6 7.18227E-6 7.31334E-6 7.19106E-6 6.56353E-6 5.73685E-6 4.9955E-6 4.31717E-6 3.83272E-6 4.45846E-6 5.12098E-6 5.64544E-6
1.4206E-5 1.62092E-5 2.00909E-5 2.17041E-5 2.41177E-5 2.18338E-5 2.25862E-5 2.46414E-5 2.42209E-5 2.04064E-5 1.67174E-5 1.38503E-5 1.69131E-5 2.33153E-5 3.22753E-5 4.21867E-5 4.30213E-5 3.65252E-5 3.31977E-5 5.32182E-5 4.68625E-5 3.35721E-5 2.48293E-5 2.40452E-5 2.71447E-5 2.77216E-5 2.55899E-5 2.31442E-5 2.41999E-5 3.25633E-5 4.94901E-5 5.27135E-5 4.51728E-5 3.99558E-5 3.56707E-5 3.82909E-5 4.24353E-5 4.36885E-5 3.91763E-5 4.31277E-5 5.51974E-5 5.58749E-5 4.48002E-5 3.432E-5 2.68662E-5 2.15208E-5 1.69862E-5 1.35553E-5 1.04532E-5 7.94542E-6 5.8933E-6 4.482E-6 4.31708E-6 4.72805E-6 4.83959E-6 5.14466E-6 5.1408E-6 5.06398E-6 4.70686E-6 4.2418E-6 3.70258E-6 3.18474E-6 2.78799E-6 3.11648E-6 3.57465E-6 3.95376E-6
1.31198E-5 1.37265E-5 1.6765E-5 1.82024E-5 1.70379E-5 1.7934E-5 1.87175E-5 1.75245E-5 1.79249E-5 1.5903E-5 1.42829E-5 1.65319E-5 2.17865E-5 2.62874E-5 2.76483E-5 3.27867E-5 4.23303E-5 5.02428E-5 3.88076E-5 3.4723E-5 3.29233E-5 3.42896E-5 3.81921E-5 3.99042E-5 4.63698E-5 4.53421E-5 4.25422E-5 3.97295E-5 3.50502E-5 4.10399E-5 5.21053E-5 5.79448E-5 5.31877E-5 4.13379E-5 3.29922E-5 4.46165E-5 5.18276E-5 5.2018E-5 4.65794E-5 3.62094E-5 3.93128E-5 3.51343E-5 2.88801E-5 2.18278E-5 1.80706E-5 1.56668E-5 1.31087E-5 1.07672E-5 8.60393E-6 6.75045E-6 5.15423E-6 3.99948E-6 3.08469E-6 3.4286E-6 3.50604E-6 3.53482E-6 3.64268E-6 3.69026E-6 3.49768E-6 3.09813E-6 2.71088E-6 2.31015E-6 2.08112E-6 2.75401E-6 3.75255E-6 4.62396E-6
1.62928E-5 1.19771E-5 1.31894E-5 1.50861E-5 1.44598E-5 1.62515E-5 1.32207E-5 1.26005E-5 1.30873E-5 1.20499E-5 1.47176E-5 2.06601E-5 2.72132E-5 3.36996E-5 3.32375E-5 3.00495E-5 3.62936E-5 4.07639E-5 6.59398E-5 4.21733E-5 2.99351E-5 4.2936E-5 4.99272E-5 4.78396E-5 5.97247E-5 5.13806E-5 5.27218E-5 5.14203E-5 4.1318E-5 3.4144E-5 4.23035E-5 4.56925E-5 4.4013E-5 4.75698E-5 4.0318E-5 4.63865E-5 5.26939E-5 7.81948E-5 5.19763E-5 3.97762E-5 2.6373E-5 2.14042E-5 1.86525E-5 1.59852E-5 1.32596E-5 1.17829E-5 1.06773E-5 9.11362E-6 7.42929E-6 5.90601E-6 4.59106E-6 3.46181E-6 2.72788E-6 2.42129E-6 2.64606E-6 2.55713E-6 2.61065E-6 2.54574E-6 2.44708E-6 2.27239E-6 2.08017E-6 1.84586E-6 2.47154E-6 3.27267E-6 4.34836E-6 5.48225E-6
1.72329E-5 1.17083E-5 9.95157E-6 1.09356E-5 1.11286E-5 1.37459E-5 1.02672E-5 9.51822E-6 1.04409E-5 1.33233E-5 1.73173E-5 2.26208E-5 3.22164E-5 4.27245E-5 4.53452E-5 3.67321E-5 2.754E-5 3.75841E-5 4.29731E-5 3.98189E-5 3.37225E-5 4.44295E-5 4.94153E-5 4.19355E-5 4.9991E-5 5.44928E-5 6.08878E-5 5.41862E-5 3.65022E-5 3.38244E-5 3.40733E-5 4.31149E-5 6.22221E-5 6.27815E-5 4.2886E-5 3.29541E-5 4.00942E-5 4.61824E-5 4.3059E-5 3.34555E-5 2.17285E-5 1.4423E-5 1.28207E-5 1.19671E-5 1.04538E-5 8.94033E-6 7.95011E-6 6.83273E-6 5.87334E-6 4.98787E-6 3.84848E-6 2.94969E-6 2.44635E-6 1.85729E-6 1.84793E-6 1.86482E-6 1.83384E-6 1.79054E-6 1.71688E-6 1.60158E-6 1.50029E-6 1.96861E-6 2.6342E-6 3.54226E-6 4.71957E-6 6.35859E-6
1.47539E-5 1.58017E-5 1.39614E-5 8.86325E-6 9.14501E-6 9.28456E-6 8.3967E-6 9.62863E-6 1.20493E-5 1.613E-5 2.14683E-5 3.0753E-5 3.7919E-5 4.86347E-5 4.56407E-5 3.65329E-5 2.91472E-5 3.12248E-5 3.38333E-5 3.17967E-5 3.35473E-5 3.73614E-5 4.04292E-5 3.694E-5 4.96227E-5 6.6977E-5 5.89906E-5 4.43154E-5 4.60709E-5 4.1861E-5 4.88633E-5 5.11622E-5 6.01133E-5 5.95224E-5 4.14227E-5 2.86053E-5 2.93801E-5 3.10489E-5 3.05092E-5 2.46808E-5 1.70911E-5 1.25785E-5 9.5209E-6 8.85227E-6 8.06119E-6 6.7167E-6 6.22377E-6 5.24843E-6 4.66083E-6 3.91729E-6 3.17287E-6 2.48493E-6 2.02646E-6 1.66874E-6 1.349E-6 1.41437E-6 1.41392E-6 1.3901E-6 1.33362E-6 1.40894E-6 1.59661E-6 2.08755E-6 2.95771E-6 3.93566E-6 5.37036E-6 7.16239E-6
2.2037E-5 1.93418E-5 1.45693E-5 9.79867E-6 9.00606E-6 8.08581E-6 1.0439E-5 1.14464E-5 1.33207E-5 1.90622E-5 2.59757E-5 3.59118E-5 4.84573E-5 4.65281E-5 3.88775E-5 3.25701E-5 2.67571E-5 3.0799E-5 3.52002E-5 3.54311E-5 4.20563E-5 4.28978E-5 5.26092E-5 5.06987E-5 4.47438E-5 5.09399E-5 4.65543E-5 6.01111E-5 6.62309E-5 5.18336E-5 6.40426E-5 5.90405E-5 6.05214E-5 5.33385E-5 3.57005E-5 2.36769E-5 1.84943E-5 1.94233E-5 2.04877E-5 1.69457E-5 1.28591E-5 1.01262E-5 8.54516E-6 6.62207E-6 6.1325E-6 5.12613E-6 4.58111E-6 4.00861E-6 3.48135E-6 2.94954E-6 2.60139E-6 2.08376E-6 1.69651E-6 1.40128E-6 1.04811E-6 1.15357E-6 1.40563E-6 1.65604E-6 1.85618E-6 2.00701E-6 2.16998E-6 2.16359E-6 3.04342E-6 4.1128E-6 5.71057E-6 7.46534E-6
3.4983E-5 2.37234E-5 1.83533E-5 1.42993E-5 1.06891E-5 8.78802E-6 1.1565E-5 1.40934E-5 1.49337E-5 2.14659E-5 2.73476E-5 3.48529E-5 3.9903E-5 3.70028E-5 3.23474E-5 3.30126E-5 3.92041E-5 3.45512E-5 3.24149E-5 4.90868E-5 5.41074E-5 5.10461E-5 6.25656E-5 5.33319E-5 4.28521E-5 5.02966E-5 4.62273E-5 5.64718E-5 6.85132E-5 5.02872E-5 5.10105E-5 5.22389E-5 4.45971E-5 3.73734E-5 2.7716E-5 1.93775E-5 1.46146E-5 1.35668E-5 1.29437E-5 1.15926E-5 1.00919E-5 8.26622E-6 6.85052E-6 5.52212E-6 4.44159E-6 3.89931E-6 3.48272E-6 3.11361E-6 2.74874E-6 2.29517E-6 2.0708E-6 1.69825E-6 1.44984E-6 1.1538E-6 1.26594E-6 1.55161E-6 1.90937E-6 2.28951E-6 2.52516E-6 2.70399E-6 2.88339E-6 3.05912E-6 3.16321E-6 3.90224E-6 5.42604E-6 7.2446E-6
4.02686E-5 2.92386E-5 2.43408E-5 1.79653E-5 1.08281E-5 9.04882E-6 1.21842E-5 1.62925E-5 1.63056E-5 2.17657E-5 2.72308E-5 3.77917E-5 5.35024E-5 4.45816E-5 4.38887E-5 4.07131E-5 5.07369E-5 4.80909E-5 4.48985E-5 5.06828E-5 4.84833E-5 6.38615E-5 6.0539E-5 5.87509E-5 4.87845E-5 7.3463E-5 5.78159E-5 4.67638E-5 5.15798E-5 6.33519E-5 4.90105E-5 3.67419E-5 2.72372E-5 2.31501E-5 1.88969E-5 1.55768E-5 1.18345E-5 9.30663E-6 8.8875E-6 8.29364E-6 7.39174E-6 6.45837E-6 5.46973E-6 4.5219E-6 3.67234E-6 2.98878E-6 2.68647E-6 2.36589E-6 2.09823E-6 1.79322E-6 1.59289E-6 1.33872E-6 1.41601E-6 1.58067E-6 1.64871E-6 2.05851E-6 2.53031E-6 2.99311E-6 3.40104E-6 3.77614E-6 3.99341E-6 4.4781E-6 4.54814E-6 4.34093E-6 5.0498E-6 6.78736E-6
4.078E-5 3.06544E-5 2.12597E-5 1.56672E-5 1.14556E-5 9.70794E-6 1.19896E-5 1.28822E-5 1.4194E-5 1.96788E-5 2.63898E-5 3.52632E-5 4.1832E-5 4.29224E-5 5.88637E-5 4.37688E-5 5.07336E-5 4.91752E-5 6.14642E-5 4.80206E-5 4.3567E-5 6.19977E-5 5.82879E-5 5.69735E-5 4.82226E-5 4.47666E-5 4.47114E-5 3.65973E-5 4.21072E-5 4.67026E-5 3.98441E-5 3.00002E-5 2.00117E-5 1.48156E-5 1.32143E-5 1.1943E-5 9.89E-6 7.9897E-6 6.83948E-6 6.18707E-6 5.59121E-6 5.18451E-6 4.31442E-6 3.75096E-6 2.98252E-6 2.43457E-6 2.35757E-6 2.4295E-6 2.38161E-6 2.26336E-6 2.07652E-6 1.72734E-6 1.78354E-6 2.05922E-6 2.20252E-6 2.55087E-6 3.26425E-6 3.96604E-6 4.49072E-6 5.0886E-6 5.60092E-6 5.93626E-6 6.15714E-6 6.23917E-6 6.01171E-6 6.80191E-6
3.80838E-5 3.09573E-5 2.2999E-5 1.59231E-5 1.33566E-5 1.17575E-5 1.09905E-5 1.10977E-5 1.30638E-5 1.72866E-5 2.28619E-5 2.87719E-5 3.86072E-5 4.23025E-5 4.30413E-5 3.9707E-5 4.61516E-5 6.64813E-5 5.31096E-5 4.37924E-5 4.80485E-5 5.75261E-5 5.82124E-5 7.74646E-5 4.90819E-5 3.47002E-5 2.94862E-5 2.65882E-5 2.67026E-5 2.91877E-5 2.61587E-5 2.19796E-5 1.62558E-5 1.21727E-5 9.76455E-6 8.68451E-6 7.81725E-6 6.48663E-6 5.32952E-6 4.70086E-6 4.15639E-6 3.75517E-6 3.30282E-6 3.05002E-6 3.17095E-6 3.32058E-6 3.36864E-6 3.34639E-6 3.23275E-6 3.13065E-6 2.79086E-6 2.26459E-6 2.38722E-6 2.68361E-6 3.08826E-6 3.28458E-6 4.24477E-6 5.16452E-6 6.20549E-6 7.33664E-6 7.91357E-6 8.84822E-6 8.88904E-6 8.85352E-6 8.4644E-6 7.71541E-6
3.43934E-5 2.94754E-5 2.28314E-5 1.74977E-5 1.51085E-5 1.20905E-5 1.07864E-5 1.35797E-5 1.6163E-5 2.2081E-5 3.07823E-5 3.33539E-5 4.238E-5 5.85213E-5 4.62175E-5 5.20503E-5 5.5763E-5 4.61986E-5 4.66854E-5 5.96002E-5 7.91002E-5 6.04371E-5 6.01318E-5 4.43273E-5 4.09379E-5 3.00864E-5 1.74462E-5 1.69333E-5 1.87423E-5 1.92622E-5 1.74564E-5 1.49078E-5 1.25556E-5 1.03011E-5 8.06235E-6 6.48254E-6 5.82808E-6 5.27407E-6 4.24275E-6 3.45159E-6 3.06682E-6 3.15096E-6 3.65659E-6 4.12244E-6 4.47632E-6 4.6905E-6 4.83087E-6 4.97595E-6 4.52947E-6 4.10264E-6 3.55576E-6 2.99495E-6 3.35846E-6 3.68499E-6 4.12261E-6 4.73869E-6 5.41226E-6 6.94556E-6 8.32607E-6 1.00745E-5 1.13002E-5 1.21768E-5 1.25919E-5 1.3012E-5 1.1669E-5 1.03727E-5
2.56842E-5 2.27133E-5 1.89522E-5 1.52757E-5 1.35138E-5 1.18317E-5 1.13437E-5 1.46062E-5 1.91615E-5 3.28352E-5 4.17862E-5 4.45804E-5 3.77913E-5 4.26609E-5 4.91919E-5 4.89995E-5 5.2602E-5 4.06314E-5 3.97242E-5 5.02761E-5 5.44991E-5 5.83194E-5 5.84899E-5 4.17113E-5 3.21758E-5 2.46392E-5 1.65168E-5 1.20398E-5 1.23517E-5 1.2723E-5 1.20925E-5 1.08076E-5 9.32909E-6 8.19692E-6 6.82834E-6 5.40354E-6 4.44653E-6 3.91344E-6 3.47505E-6 2.88253E-6 3.56141E-6 4.39117E-6 5.57043E-6 6.10919E-6 6.83059E-6 6.28791E-6 6.44618E-6 7.11038E-6 6.57071E-6 5.82662E-6 4.79813E-6 4.06044E-6 4.4191E-6 5.3411E-6 5.86674E-6 6.86095E-6 7.58303E-6 9.4104E-6 1.11714E-5 1.33743E-5 1.56132E-5 1.73818E-5 1.79429E-5 1.76779E-5 1.59593E-5 1.36487E-5
1.71282E-5 1.52502E-5 1.35284E-5 1.19908E-5 1.20615E-5 1.0731E-5 1.13954E-5 1.4205E-5 1.93196E-5 3.22853E-5 4.34137E-5 4.56474E-5 5.11659E-5 4.7285E-5 5.56582E-5 4.68201E-5 3.48905E-5 4.48635E-5 5.3423E-5 6.29638E-5 5.11058E-5 5.31799E-5 4.66316E-5 3.48402E-5 2.7361E-5 1.95554E-5 1.25891E-5 9.61026E-6 8.8167E-6 9.3177E-6 9.06469E-6 8.42872E-6 7.53484E-6 6.6099E-6 5.72655E-6 4.59448E-6 3.69873E-6 3.00747E-6 2.9392E-6 3.93528E-6 4.93789E-6 6.34983E-6 8.11898E-6 9.12644E-6 9.95128E-6 1.04293E-5 7.98776E-6 9.24479E-6 9.21385E-6 8.04383E-6 6.42897E-6 5.57636E-6 5.90803E-6 7.07221E-6 8.5335E-6 1.05136E-5 1.10012E-5 1.16722E-5 1.46595E-5 1.83487E-5 2.18278E-5 2.46746E-5 2.59854E-5 2.60751E-5 2.14318E-5 1.78525E-5
1.28611E-5 1.06788E-5 8.92834E-6 9.06035E-6 9.99184E-6 9.32318E-6 1.02598E-5 1.2574E-5 1.6442E-5 2.38153E-5 3.25276E-5 3.88484E-5 4.73814E-5 5.31489E-5 5.07598E-5 4.32467E-5 3.93067E-5 6.00336E-5 6.16258E-5 6.35039E-5 5.37472E-5 5.501E-5 4.25025E-5 3.54465E-5 2.58354E-5 1.9045E-5 1.16459E-5 8.11347E-6 6.39529E-6 6.50184E-6 6.6198E-6 6.35948E-6 5.97827E-6 5.31785E-6 4.66684E-6 3.78325E-6 2.99884E-6 2.7823E-6 3.73075E-6 5.24413E-6 7.05739E-6 8.94614E-6 1.16049E-5 1.33762E-5 1.472E-5 1.5587E-5 1.55663E-5 1.41705E-5 1.22174E-5 1.0474E-5 8.52166E-6 7.09516E-6 7.66862E-6 9.78862E-6 1.26894E-5 1.52924E-5 1.63942E-5 1.67604E-5 1.88599E-5 2.54516E-5 3.04977E-5 3.54606E-5 3.76947E-5 3.56841E-5 2.9493E-5 2.44016E-5
1.09931E-5 8.60096E-6 7.43579E-6 1.06016E-5 1.1931E-5 1.01808E-5 1.22445E-5 1.49397E-5 1.93943E-5 2.62E-5 3.83303E-5 5.06009E-5 5.155E-5 5.23153E-5 3.89431E-5 3.44124E-5 4.17864E-5 5.81679E-5 6.416E-5 5.75659E-5 5.99806E-5 4.40222E-5 3.29364E-5 2.74475E-5 2.14604E-5 1.7391E-5 1.10082E-5 7.92441E-6 5.86812E-6 4.74783E-6 4.65903E-6 4.63284E-6 4.40006E-6 4.05008E-6 3.62429E-6 2.99566E-6 2.53769E-6 3.27625E-6 4.60003E-6 6.45975E-6 8.79718E-6 1.2328E-5 1.51304E-5 1.8234E-5 2.08797E-5 2.24605E-5 2.19309E-5 2.06377E-5 1.68208E-5 1.39935E-5 1.17189E-5 9.48091E-6 1.06285E-5 1.3135E-5 1.75246E-5 2.08274E-5 2.31917E-5 2.49823E-5 2.31202E-5 2.93859E-5 3.89816E-5 5.04479E-5 5.38617E-5 4.7784E-5 3.90691E-5 2.9829E-5
8.24663E-6 7.21905E-6 6.73169E-6 1.04002E-5 1.32446E-5 1.14166E-5 1.31821E-5 1.72792E-5 2.37631E-5 3.31833E-5 4.71347E-5 5.23321E-5 5.31356E-5 5.10874E-5 4.04017E-5 5.16103E-5 5.3164E-5 5.30787E-5 5.30871E-5 4.89302E-5 5.98405E-5 3.95331E-5 2.75593E-5 2.14811E-5 1.82425E-5 1.38992E-5 9.25602E-6 7.08013E-6 5.50715E-6 4.10989E-6 3.42273E-6 3.31939E-6 3.20926E-6 2.99282E-6 2.73448E-6 2.31507E-6 2.9215E-6 3.79898E-6 5.49223E-6 7.85332E-6 1.0534E-5 1.49177E-5 1.93456E-5 2.33029E-5 2.76701E-5 3.15768E-5 3.06619E-5 2.76137E-5 2.31356E-5 1.89564E-5 1.53501E-5 1.18025E-5 1.35974E-5 1.71602E-5 2.28585E-5 2.77968E-5 3.35251E-5 3.47964E-5 3.14098E-5 3.20489E-5 4.54308E-5 6.00612E-5 7.71937E-5 5.75335E-5 4.23992E-5 3.1318E-5
5.51276E-6 5.91493E-6 7.16551E-6 1.0512E-5 1.33514E-5 1.20072E-5 1.34226E-5 1.6582E-5 2.33211E-5 3.47561E-5 4.94902E-5 5.95668E-5 5.43106E-5 4.01313E-5 4.77465E-5 6.79485E-5 6.52398E-5 4.61999E-5 3.78672E-5 4.09233E-5 3.83264E-5 2.7744E-5 2.24708E-5 2.01175E-5 1.83791E-5 1.18467E-5 8.20045E-6 6.00763E-6 4.78232E-6 3.71438E-6 2.84546E-6 2.38991E-6 2.32366E-6 2.2149E-6 2.06273E-6 2.37858E-6 3.18511E-6 4.2273E-6 6.07165E-6 8.67448E-6 1.16272E-5 1.59243E-5 2.27266E-5 3.01328E-5 3.68316E-5 4.30601E-5 4.49947E-5 3.8539E-5 3.06167E-5 2.39263E-5 1.75873E-5 1.34452E-5 1.59324E-5 2.09629E-5 2.72573E-5 3.59263E-5 4.66232E-5 4.78629E-5 4.3186E-5 3.55758E-5 4.11189E-5 5.32481E-5 6.16337E-5 5.20866E-5 4.04566E-5 3.18736E-5
4.65737E-6 6.62654E-6 8.24357E-6 1.08664E-5 1.31751E-5 1.36748E-5 1.5842E-5 1.98279E-5 2.69496E-5 3.55629E-5 4.00121E-5 4.83195E-5 4.89371E-5 4.51096E-5 6.61199E-5 6.37077E-5 5.78887E-5 5.46569E-5 5.52221E-5 5.63172E-5 3.60051E-5 2.32515E-5 1.7864E-5 1.76796E-5 1.63746E-5 1.01229E-5 7.45404E-6 5.445E-6 4.20389E-6 3.1966E-6 2.53858E-6 1.87516E-6 1.72376E-6 1.67048E-6 1.83339E-6 2.40607E-6 3.33528E-6 4.49442E-6 6.44174E-6 9.25545E-6 1.29922E-5 1.72338E-5 2.5285E-5 3.48729E-5 4.70341E-5 6.15753E-5 6.35082E-5 4.76825E-5 3.59197E-5 2.76082E-5 2.01701E-5 1.50416E-5 1.82437E-5 2.50194E-5 3.32818E-5 4.26499E-5 5.75279E-5 6.84667E-5 5.86237E-5 4.46428E-5 3.4034E-5 4.02054E-5 4.45104E-5 4.10945E-5 3.36527E-5 2.67806E-5
5.34303E-6 7.37598E-6 9.69707E-6 1.28792E-5 1.38368E-5 1.49275E-5 1.74176E-5 2.21399E-5 2.94356E-5 4.06803E-5 4.61471E-5 4.04561E-5 3.57205E-5 4.36365E-5 6.06711E-5 6.48388E-5 5.94163E-5 6.09562E-5 5.88471E-5 4.90651E-5 3.37787E-5 2.42397E-5 1.82316E-5 1.70791E-5 1.1059E-5 8.28518E-6 6.30887E-6 4.77826E-6 3.89311E-6 2.89673E-6 2.25436E-6 1.72556E-6 1.4335E-6 1.38715E-6 1.87404E-6 2.4336E-6 3.24725E-6 4.60206E-6 6.42839E-6 9.11066E-6 1.33241E-5 1.76863E-5 2.47203E-5 3.41779E-5 4.6699E-5 6.20386E-5 6.32387E-5 4.84802E-5 3.92377E-5 2.99548E-5 2.22037E-5 1.60378E-5 1.83107E-5 2.59644E-5 3.27441E-5 4.46114E-5 5.7983E-5 6.5831E-5 5.48219E-5 4.31849E-5 3.2601E-5 2.98176E-5 3.20981E-5 3.06532E-5 2.68835E-5 2.26065E-5
5.90911E-6 7.71125E-6 9.36876E-6 1.40248E-5 1.58667E-5 1.63053E-5 2.04273E-5 2.54361E-5 3.15803E-5 3.38194E-5 4.06794E-5 4.39204E-5 3.79426E-5 4.48251E-5 5.72473E-5 5.95281E-5 6.91568E-5 5.7684E-5 3.7715E-5 3.26621E-5 2.75095E-5 2.19742E-5 1.77784E-5 1.72011E-5 8.86442E-6 8.15063E-6 5.92754E-6 4.47461E-6 3.34248E-6 2.56822E-6 2.38638E-6 2.18355E-6 2.01682E-6 1.77261E-6 1.89002E-6 2.43578E-6 3.18468E-6 4.70582E-6 6.36291E-6 8.86463E-6 1.23387E-5 1.67939E-5 2.29473E-5 3.30794E-5 4.31584E-5 4.89628E-5 4.87688E-5 4.16213E-5 3.38382E-5 2.66731E-5 2.11865E-5 1.59873E-5 1.77048E-5 2.38918E-5 3.03395E-5 4.00437E-5 4.76006E-5 4.75859E-5 4.58179E-5 3.89178E-5 3.01918E-5 2.22695E-5 2.25122E-5 2.13162E-5 1.9971E-5 1.73372E-5
