catData/rasterBestHybridModels/Pbengalensis/RDbal_BM01_RM1.5_L/Pbengalensis_stddev.asc
ncols         409
nrows         350
xllcorner     60.897278365
yllcorner     5.843756025
cellsize      0.0892857
NODATA_value  -9999
[rows 261 to 289 of 350, columns 132 to 197 of 409]
-9999 -9999 -9999 -9999 -9999 -9999 -9999 -9999 -9999 -9999 -9999 -9999 -9999 -9999 -9999 -9999 -9999 -9999 -9999 -9999 -9999 -9999 1.63145E-5 1.34365E-5 2.45763E-5 3.89009E-5 2.82049E-5 2.31924E-5 1.33842E-5 1.08942E-5 1.05702E-5 6.0228E-6 4.91421E-6 7.59078E-6 9.13919E-6 9.28579E-6 8.25293E-6 2.50623E-6 5.57069E-7 1.6706E-6 2.50098E-6 5.2809E-6 1.58652E-6 1.61387E-6 2.90414E-6 4.08927E-6 3.56864E-6 2.94504E-6 4.98621E-6 5.27736E-7 1.93596E-6 8.50707E-7 8.73282E-7 8.34208E-7 1.90923E-6 4.59637E-7 3.14314E-7 1.33607E-6 5.24404E-6 3.53523E-6 2.60446E-6 4.21538E-7 9.28421E-7 2.07311E-6 3.16696E-6 3.0177E-6
-9999 -9999 -9999 -9999 -9999 -9999 -9999 -9999 -9999 -9999 -9999 -9999 -9999 -9999 -9999 -9999 -9999 -9999 -9999 -9999 -9999 -9999 1.78751E-5 1.3582E-5 1.22177E-5 2.89216E-5 1.39237E-5 1.2708E-5 1.42008E-5 1.08085E-5 1.41113E-5 1.24542E-5 9.49707E-6 5.88059E-6 7.07769E-6 7.36007E-6 2.04149E-6 1.98481E-6 1.362E-6 1.54162E-6 2.27802E-6 4.4819E-6 2.57198E-6 3.5313E-7 4.67374E-7 9.88921E-7 1.28087E-6 3.15399E-6 1.05003E-6 8.07915E-7 3.23502E-6 3.84318E-6 1.59071E-6 5.54271E-6 1.00836E-6 1.57854E-6 4.76694E-7 1.87905E-6 4.24454E-6 3.32157E-6 1.60892E-6 1.83395E-6 2.57529E-6 3.111E-6 5.23828E-6 2.29271E-6
-9999 -9999 -9999 -9999 -9999 -9999 -9999 -9999 -9999 -9999 -9999 -9999 -9999 -9999 -9999 -9999 -9999 -9999 -9999 -9999 -9999 -9999 1.40273E-5 1.52331E-5 1.2478E-5 1.15821E-5 3.18912E-5 2.62104E-5 1.04981E-5 1.77109E-5 1.41127E-5 1.2957E-5 9.94852E-6 6.57264E-6 6.7475E-6 6.93364E-6 6.28747E-6 2.64276E-6 1.51287E-6 4.34914E-7 2.85186E-7 1.83245E-6 6.95829E-7 9.44056E-7 7.35999E-7 1.58468E-6 9.5816E-7 1.01008E-6 2.32922E-7 2.52417E-6 4.22533E-6 6.71282E-7 2.00176E-6 5.6464E-6 3.49395E-6 5.9479E-7 2.17682E-6 1.15611E-6 1.61596E-6 1.09044E-6 4.49513E-7 3.19377E-6 1.28313E-6 5.12881E-6 7.02089E-6 5.43528E-6
-9999 -9999 -9999 -9999 -9999 -9999 -9999 -9999 -9999 -9999 -9999 -9999 -9999 -9999 -9999 -9999 -9999 -9999 -9999 -9999 -9999 -9999 1.10227E-5 1.56236E-5 1.05285E-5 1.37956E-5 5.25743E-5 2.82539E-5 2.04985E-5 1.94123E-5 7.56559E-5 1.2661E-5 1.70881E-5 7.19582E-6 2.14551E-5 6.85132E-6 6.74856E-6 1.3945E-6 5.46197E-7 2.14533E-7 1.53146E-6 1.22388E-6 7.96986E-7 1.39156E-6 4.21847E-6 2.7193E-6 9.17949E-7 1.38644E-6 2.36642E-7 9.70831E-7 4.29821E-7 1.13019E-6 2.94401E-6 2.9919E-6 2.98661E-6 5.45146E-6 3.69815E-6 5.08226E-6 1.32053E-6 4.56684E-7 3.30939E-7 6.31106E-7 1.1733E-6 4.94497E-6 6.68148E-6 6.54106E-6
-9999 -9999 -9999 -9999 -9999 -9999 -9999 -9999 -9999 -9999 -9999 -9999 -9999 -9999 -9999 -9999 -9999 -9999 -9999 -9999 -9999 -9999 -9999 1.53734E-5 1.90971E-5 1.05536E-5 3.55962E-5 3.428E-5 4.21222E-5 5.36337E-5 4.17837E-5 1.78768E-5 4.41719E-5 5.71689E-5 1.40447E-5 7.51923E-6 5.80735E-6 6.24635E-6 4.60867E-6 1.4051E-6 7.36479E-6 1.66431E-6 1.02097E-6 1.7934E-6 2.2248E-6 2.72967E-6 1.19063E-6 4.44344E-6 3.40558E-6 4.36697E-6 6.55312E-6 2.51912E-6 1.56992E-6 5.65157E-6 6.11807E-6 6.42314E-6 7.36137E-6 8.17693E-6 6.86706E-6 3.90038E-6 7.66765E-6 8.99628E-6 7.25535E-6 5.26908E-6 5.45877E-6 7.83879E-6
-9999 -9999 -9999 -9999 -9999 -9999 -9999 -9999 -9999 -9999 -9999 -9999 -9999 -9999 -9999 -9999 -9999 -9999 -9999 -9999 -9999 -9999 -9999 1.45475E-5 2.20935E-5 1.34779E-5 2.38264E-5 2.25515E-5 2.88484E-5 3.94206E-5 3.69308E-5 1.37311E-5 1.60955E-5 1.53477E-5 1.39742E-5 2.66988E-6 5.90839E-6 4.88782E-6 6.2345E-6 3.36735E-6 2.90901E-6 6.34422E-6 2.65637E-6 2.01423E-6 4.3563E-6 4.94856E-6 2.95653E-6 3.94979E-6 2.45973E-6 5.35563E-6 5.85313E-6 9.18117E-7 3.63781E-6 7.87578E-6 1.20014E-5 6.78807E-6 7.92582E-6 1.17094E-5 5.43301E-6 4.44759E-6 5.95362E-6 8.64973E-6 1.17453E-5 5.44265E-6 3.39211E-6 4.41655E-6
-9999 -9999 -9999 -9999 -9999 -9999 -9999 -9999 -9999 -9999 -9999 -9999 -9999 -9999 -9999 -9999 -9999 -9999 -9999 -9999 -9999 -9999 -9999 2.01808E-5 4.99721E-5 3.43475E-5 1.42882E-5 2.06512E-5 8.0879E-6 1.12942E-5 4.04732E-5 3.23539E-5 5.17341E-5 4.29214E-5 4.97472E-6 1.00228E-5 7.95743E-6 5.56212E-6 4.58742E-6 5.67683E-6 5.53731E-6 6.01482E-6 2.89692E-6 5.16027E-6 1.93097E-6 4.91166E-6 2.38537E-6 1.62613E-6 4.80412E-6 4.05882E-6 4.96309E-6 1.72783E-6 5.95478E-6 5.76721E-6 6.89242E-6 6.8461E-6 7.1638E-6 6.21174E-6 4.67707E-6 2.29373E-6 4.24493E-6 6.76571E-6 5.29749E-6 5.82625E-6 5.51953E-6 4.99211E-6
-9999 -9999 -9999 -9999 -9999 -9999 -9999 -9999 -9999 -9999 -9999 -9999 -9999 -9999 -9999 -9999 -9999 -9999 -9999 -9999 -9999 -9999 -9999 1.64983E-5 2.6999E-5 2.78203E-5 1.3185E-5 1.11652E-5 1.52045E-5 1.26686E-5 3.92572E-5 2.38373E-5 1.61099E-5 3.21986E-5 9.92713E-6 1.36413E-5 7.88406E-6 6.69613E-6 7.35803E-6 1.75224E-6 1.12982E-6 5.21961E-6 5.92581E-6 6.24104E-6 1.32314E-6 1.40132E-6 2.33029E-7 2.80809E-7 3.82882E-6 5.41105E-6 3.68111E-6 3.42668E-7 7.46913E-6 9.23207E-6 4.15716E-6 8.47572E-6 8.34306E-6 2.62633E-6 2.56671E-6 1.61192E-6 8.39949E-6 6.36155E-6 5.0087E-6 5.84559E-6 7.12395E-6 3.74764E-6
-9999 -9999 -9999 -9999 -9999 -9999 -9999 -9999 -9999 -9999 -9999 -9999 -9999 -9999 -9999 -9999 -9999 -9999 -9999 -9999 -9999 -9999 -9999 -9999 1.87811E-5 5.61316E-5 1.35882E-5 8.03875E-6 1.00187E-5 2.14238E-5 5.53148E-5 5.6602E-5 1.69124E-5 3.14274E-5 2.30367E-5 1.19722E-5 7.16612E-6 6.36278E-6 1.06914E-5 3.18077E-6 1.83213E-6 5.17812E-6 3.70506E-6 5.61018E-6 6.84186E-6 2.33906E-6 4.71491E-7 2.49781E-7 5.23524E-6 9.60143E-7 1.80087E-6 3.2666E-6 5.38854E-6 3.97775E-6 7.58447E-6 1.57271E-5 7.65506E-6 6.78176E-6 6.71418E-7 2.76345E-6 5.02621E-6 7.66937E-6 6.37996E-6 5.06594E-6 4.90203E-6 3.60504E-6
-9999 -9999 -9999 -9999 -9999 -9999 -9999 -9999 -9999 -9999 -9999 -9999 -9999 -9999 -9999 -9999 -9999 -9999 -9999 -9999 -9999 -9999 -9999 -9999 1.56126E-5 1.75919E-5 1.43997E-5 9.41259E-6 1.10189E-5 2.60976E-5 6.9157E-5 8.7355E-5 4.00482E-5 2.77166E-5 2.0934E-5 2.09476E-5 1.2565E-5 9.3738E-6 9.67514E-6 6.32697E-6 4.5047E-6 9.99674E-6 7.6037E-6 6.61113E-6 6.91774E-6 3.75376E-6 8.55812E-7 2.3964E-6 2.04075E-6 4.21687E-6 1.11309E-5 1.24873E-5 4.78397E-6 9.6844E-6 5.71526E-5 5.01678E-5 3.06781E-6 2.33172E-6 5.20145E-7 6.70253E-6 1.74414E-6 7.10542E-6 4.50307E-6 7.01833E-6 3.77292E-6 3.29004E-6
-9999 -9999 -9999 -9999 -9999 -9999 -9999 -9999 -9999 -9999 -9999 -9999 -9999 -9999 -9999 -9999 -9999 -9999 -9999 -9999 -9999 -9999 -9999 -9999 1.84239E-5 2.19926E-5 2.10682E-5 1.16654E-5 1.16626E-5 1.963E-5 5.11296E-5 9.10159E-5 5.51162E-5 4.72987E-5 1.36097E-5 1.33707E-5 1.16342E-5 1.09008E-5 1.44297E-5 8.54287E-6 8.60752E-6 1.09124E-5 1.08578E-5 7.43944E-6 4.80098E-6 7.04453E-6 3.57047E-6 4.7422E-6 2.276E-6 4.48815E-6 5.96279E-6 9.59755E-6 7.23598E-6 6.54885E-6 1.05691E-5 5.80658E-6 9.87703E-7 5.81538E-6 5.44952E-6 4.93336E-6 5.00167E-6 5.35315E-6 6.13979E-6 5.84213E-6 5.03087E-6 4.61819E-6
-9999 -9999 -9999 -9999 -9999 -9999 -9999 -9999 -9999 -9999 -9999 -9999 -9999 -9999 -9999 -9999 -9999 -9999 -9999 -9999 -9999 -9999 -9999 -9999 2.29297E-5 3.32233E-5 1.16219E-5 1.17138E-5 1.53042E-5 1.08096E-5 2.29866E-5 3.29797E-5 5.58813E-5 1.7196E-5 3.59788E-5 3.15889E-5 1.28985E-5 1.64148E-5 1.17428E-5 8.99903E-6 5.71756E-6 6.40111E-6 4.25425E-6 6.54538E-6 5.26716E-6 4.67812E-6 2.28122E-6 3.34629E-6 2.66897E-6 5.15979E-6 4.63178E-6 1.55682E-5 7.35484E-6 5.19476E-6 4.93188E-6 4.37588E-6 5.77216E-6 8.98095E-6 9.24303E-6 4.75639E-6 3.84347E-6 3.7534E-6 6.64438E-6 8.18377E-6 5.87904E-6 4.10501E-6
-9999 -9999 -9999 -9999 -9999 -9999 -9999 -9999 -9999 -9999 -9999 -9999 -9999 -9999 -9999 -9999 -9999 -9999 -9999 -9999 -9999 -9999 -9999 -9999 -9999 1.60244E-5 1.13656E-5 1.07912E-5 1.17482E-5 2.30675E-5 4.10174E-5 5.34976E-5 8.3368E-5 2.7742E-5 6.84218E-5 5.22782E-5 1.1404E-5 1.05552E-5 8.05636E-6 6.53247E-6 4.24749E-6 7.00182E-6 1.01476E-5 6.97072E-6 9.13185E-6 6.543E-6 1.92389E-6 6.2615E-6 7.68971E-6 6.49583E-6 1.73348E-5 1.20216E-5 6.87424E-6 2.92175E-6 3.64475E-6 1.17791E-5 8.03175E-6 7.44282E-6 4.43278E-6 4.87568E-6 1.97959E-6 4.64164E-6 7.14291E-6 6.82773E-6 3.17981E-6 1.8372E-6
-9999 -9999 -9999 -9999 -9999 -9999 -9999 -9999 -9999 -9999 -9999 -9999 -9999 -9999 -9999 -9999 -9999 -9999 -9999 -9999 -9999 -9999 -9999 -9999 -9999 -9999 1.21505E-5 7.79925E-6 1.26996E-5 2.73489E-5 4.80856E-5 7.01769E-5 7.23975E-5 1.74589E-5 7.29428E-5 7.4461E-5 1.00585E-5 1.2358E-5 8.04467E-6 5.72931E-6 2.49666E-6 6.55068E-6 7.76598E-6 3.33164E-6 5.69168E-6 6.79137E-6 7.20471E-6 1.13368E-5 1.53965E-5 9.19066E-6 8.3586E-6 8.40748E-6 7.79678E-6 7.51978E-6 4.90604E-6 6.91517E-6 7.3249E-6 1.06808E-5 7.98849E-6 7.48255E-6 4.46848E-6 6.45265E-6 6.1925E-6 2.48157E-6 3.49866E-6 6.31292E-6
-9999 -9999 -9999 -9999 -9999 -9999 -9999 -9999 -9999 -9999 -9999 -9999 -9999 -9999 -9999 -9999 -9999 -9999 -9999 -9999 -9999 -9999 -9999 -9999 -9999 -9999 1.56959E-5 1.30332E-5 3.69032E-5 9.9701E-5 1.03038E-4 1.13625E-4 5.3175E-5 4.39842E-5 7.03933E-5 3.62808E-5 1.51487E-5 1.2077E-5 4.86426E-6 3.98607E-6 4.87275E-6 4.44718E-6 5.9687E-6 3.22288E-6 8.16091E-6 7.13855E-6 8.01799E-6 1.11786E-5 9.15724E-6 3.596E-6 5.29356E-6 4.42732E-6 4.41401E-6 6.46314E-6 6.29043E-6 4.78299E-6 9.86533E-6 6.62165E-6 5.55099E-6 6.0802E-6 2.04205E-6 6.69986E-6 6.52765E-6 1.97949E-6 4.43092E-6 5.48066E-6
-9999 -9999 -9999 -9999 -9999 -9999 -9999 -9999 -9999 -9999 -9999 -9999 -9999 -9999 -9999 -9999 -9999 -9999 -9999 -9999 -9999 -9999 -9999 -9999 -9999 -9999 -9999 1.24455E-5 6.84576E-5 5.8101E-5 2.75111E-5 1.95489E-5 2.8563E-5 5.46251E-5 4.12419E-5 3.60529E-5 1.30118E-5 9.4116E-6 9.2632E-6 5.88138E-6 7.18426E-6 6.07365E-6 3.32021E-6 3.19599E-5 1.32678E-5 8.04783E-6 7.32987E-6 7.11582E-6 1.11251E-5 1.49125E-5 7.27397E-6 3.11515E-6 3.10773E-6 1.13681E-6 2.10526E-6 4.34831E-6 5.42217E-6 8.49174E-6 1.14146E-5 6.90118E-6 6.81873E-7 7.53504E-6 1.29606E-6 2.87933E-6 2.20849E-6 7.87525E-6
-9999 -9999 -9999 -9999 -9999 -9999 -9999 -9999 -9999 -9999 -9999 -9999 -9999 -9999 -9999 -9999 -9999 -9999 -9999 -9999 -9999 -9999 -9999 -9999 -9999 -9999 -9999 1.56875E-5 1.20248E-5 4.87975E-5 8.85633E-5 1.54722E-5 4.37408E-5 6.78127E-5 5.08893E-5 3.72255E-5 4.46236E-5 1.1659E-5 1.74652E-5 1.20082E-5 1.15106E-5 6.90525E-6 5.64767E-6 2.78211E-5 1.85819E-5 5.59777E-6 9.65498E-6 7.92746E-6 6.14967E-6 6.63886E-6 4.49214E-6 2.22568E-6 2.98536E-6 3.78797E-6 3.32524E-6 3.50566E-6 2.51044E-6 4.79852E-6 6.69964E-6 3.85335E-6 5.4673E-6 3.88354E-6 4.88255E-6 1.6853E-6 2.46971E-6 4.24171E-6
-9999 -9999 -9999 -9999 -9999 -9999 -9999 -9999 -9999 -9999 -9999 -9999 -9999 -9999 -9999 -9999 -9999 -9999 -9999 -9999 -9999 -9999 -9999 -9999 -9999 -9999 -9999 -9999 1.03817E-5 1.37824E-5 5.01255E-5 9.73029E-5 6.00304E-5 4.18368E-5 2.56034E-5 2.28799E-5 4.85348E-5 1.02775E-5 8.48441E-6 6.83445E-6 8.00262E-6 8.02884E-6 3.02336E-6 6.64888E-6 6.25553E-6 6.2101E-6 6.71719E-6 1.15366E-5 6.96799E-6 7.26729E-6 5.7452E-6 1.84136E-6 4.29872E-6 3.22524E-6 2.35271E-6 1.91941E-6 3.41106E-6 7.57394E-6 5.57619E-6 6.7094E-6 6.88587E-6 3.63558E-6 2.45699E-6 3.02298E-6 1.77713E-6 5.35958E-7
-9999 -9999 -9999 -9999 -9999 -9999 -9999 -9999 -9999 -9999 -9999 -9999 -9999 -9999 -9999 -9999 -9999 -9999 -9999 -9999 -9999 -9999 -9999 -9999 -9999 -9999 -9999 -9999 1.33362E-5 1.16531E-5 4.56151E-5 1.22433E-4 6.86942E-5 5.77112E-5 3.65705E-5 2.32547E-5 2.51534E-5 4.33836E-5 2.30928E-5 7.11267E-6 8.59972E-6 7.62105E-6 3.44646E-6 4.19385E-6 1.28005E-5 8.80488E-6 6.4004E-6 5.21453E-6 4.6951E-6 1.25549E-5 7.04703E-6 4.22713E-6 1.46675E-6 2.93881E-6 2.6356E-6 2.35257E-6 5.10068E-6 8.02678E-6 1.18456E-5 4.7799E-6 5.66594E-6 6.85845E-6 7.22554E-6 3.91551E-6 4.87465E-6 4.78728E-6
-9999 -9999 -9999 -9999 -9999 -9999 -9999 -9999 -9999 -9999 -9999 -9999 -9999 -9999 -9999 -9999 -9999 -9999 -9999 -9999 -9999 -9999 -9999 -9999 -9999 -9999 -9999 -9999 2.35566E-5 1.7879E-5 1.60925E-5 1.93879E-5 2.42722E-5 3.28723E-5 4.68727E-5 3.59419E-5 7.94047E-5 6.1117E-5 3.14356E-5 5.16062E-6 2.91357E-6 8.121E-6 6.73219E-6 5.8076E-6 5.59348E-6 1.04641E-5 4.45145E-6 9.71693E-6 1.31371E-5 8.15984E-6 7.84524E-6 4.26256E-6 3.10376E-6 1.94585E-6 9.94206E-6 2.81976E-6 2.40492E-6 2.78708E-6 6.57924E-6 4.53001E-6 5.21855E-6 6.76384E-6 7.11919E-6 3.82968E-6 4.76399E-6 5.61278E-6
-9999 -9999 -9999 -9999 -9999 -9999 -9999 -9999 -9999 -9999 -9999 -9999 -9999 -9999 -9999 -9999 -9999 -9999 -9999 -9999 -9999 -9999 -9999 -9999 -9999 -9999 -9999 -9999 -9999 1.59066E-5 1.40171E-5 9.54986E-6 1.28491E-5 2.14017E-5 6.22861E-5 3.27146E-5 3.09354E-5 9.48193E-5 2.3201E-5 6.23711E-6 6.91144E-6 8.65618E-6 8.40777E-6 5.17821E-6 5.69082E-6 5.80755E-6 6.53839E-6 8.25474E-6 6.86096E-6 8.31172E-6 5.74035E-5 3.44173E-6 1.84198E-6 2.37011E-6 1.04659E-5 2.45737E-6 2.53766E-6 2.26656E-6 4.19698E-6 2.5464E-6 4.49173E-6 3.51373E-6 5.54223E-6 7.27094E-6 3.79382E-6 9.08646E-6
-9999 -9999 -9999 -9999 -9999 -9999 -9999 -9999 -9999 -9999 -9999 -9999 -9999 -9999 -9999 -9999 -9999 -9999 -9999 -9999 -9999 -9999 -9999 -9999 -9999 -9999 -9999 -9999 -9999 -9999 1.34534E-5 1.3801E-5 2.10552E-5 8.24392E-5 7.56237E-5 9.62994E-5 2.854E-5 7.53627E-5 2.65425E-5 6.88185E-6 5.40667E-6 7.10012E-6 7.23307E-6 3.35849E-6 8.0491E-6 5.67975E-6 4.70945E-6 8.67819E-6 7.07421E-6 5.90475E-6 5.04276E-5 6.55708E-6 2.7763E-6 4.24788E-6 3.3837E-5 1.28995E-5 5.05405E-6 3.69505E-6 5.29126E-6 4.26047E-6 1.86913E-6 9.89279E-6 1.68597E-5 1.40067E-5 1.27057E-5 1.48762E-5
-9999 -9999 -9999 -9999 -9999 -9999 -9999 -9999 -9999 -9999 -9999 -9999 -9999 -9999 -9999 -9999 -9999 -9999 -9999 -9999 -9999 -9999 -9999 -9999 -9999 -9999 -9999 -9999 -9999 -9999 -9999 1.5338E-5 1.02389E-5 2.53453E-5 3.8014E-5 2.88982E-5 7.43469E-5 7.7172E-5 7.6317E-5 1.18971E-4 4.97521E-5 5.8356E-6 4.71971E-6 7.13513E-6 1.32946E-5 9.33824E-6 5.01075E-6 4.06056E-6 3.90664E-6 7.83869E-6 2.13276E-5 7.20397E-6 2.01363E-5 1.66456E-5 1.25758E-5 6.25732E-6 7.56287E-6 7.84494E-6 6.00951E-6 6.67854E-6 1.68871E-6 8.54813E-6 1.71287E-5 1.04927E-5 7.8465E-6 4.75664E-6
-9999 -9999 -9999 -9999 -9999 -9999 -9999 -9999 -9999 -9999 -9999 -9999 -9999 -9999 -9999 -9999 -9999 -9999 -9999 -9999 -9999 -9999 -9999 -9999 -9999 -9999 -9999 -9999 -9999 -9999 -9999 -9999 1.35551E-5 1.90995E-5 2.50244E-5 6.19466E-5 5.46695E-5 1.12956E-4 6.2278E-5 1.458E-4 2.7074E-5 4.00809E-5 1.90928E-5 8.74747E-6 6.71205E-6 6.44413E-6 5.09918E-6 4.54817E-6 4.38539E-6 2.52189E-5 1.14052E-5 5.19111E-6 1.01452E-5 1.00038E-5 1.04931E-5 6.61641E-6 7.46754E-6 4.66281E-6 9.17613E-6 7.39252E-6 1.00349E-5 7.78468E-6 1.21252E-6 3.8543E-6 6.33433E-6 5.11133E-6
-9999 -9999 -9999 -9999 -9999 -9999 -9999 -9999 -9999 -9999 -9999 -9999 -9999 -9999 -9999 -9999 -9999 -9999 -9999 -9999 -9999 -9999 -9999 -9999 -9999 -9999 -9999 -9999 -9999 -9999 -9999 -9999 1.66092E-5 1.26241E-5 1.18567E-5 5.67377E-5 4.46757E-5 1.39248E-4 8.20139E-5 2.70885E-5 3.0418E-5 4.95906E-5 3.65453E-5 1.43062E-5 1.71747E-5 9.97365E-6 5.99415E-6 5.35472E-6 4.86438E-6 1.9524E-5 1.46498E-5 9.087E-6 4.50649E-5 2.32208E-5 9.86807E-6 3.20815E-6 7.43162E-6 6.99065E-6 7.0609E-6 1.28998E-5 2.78945E-6 5.41663E-6 6.06805E-6 1.80698E-6 8.77517E-7 5.71062E-6
-9999 -9999 -9999 -9999 -9999 -9999 -9999 -9999 -9999 -9999 -9999 -9999 -9999 -9999 -9999 -9999 -9999 -9999 -9999 -9999 -9999 -9999 -9999 -9999 -9999 -9999 -9999 -9999 -9999 -9999 -9999 -9999 1.3325E-5 1.19632E-5 1.71148E-5 6.98097E-5 5.98357E-5 9.70962E-5 7.24771E-5 5.06103E-5 7.30874E-5 1.06305E-4 3.6472E-5 3.25312E-5 2.27364E-5 1.14173E-5 3.15108E-5 2.08336E-5 4.14014E-6 5.81252E-6 7.79398E-6 8.42454E-6 5.73574E-6 9.44295E-6 6.74335E-6 5.10958E-6 8.00626E-6 4.50656E-6 1.93175E-6 6.72109E-6 6.70977E-6 7.63238E-6 8.8964E-6 3.27865E-6 4.41316E-6 7.68435E-6
-9999 -9999 -9999 -9999 -9999 -9999 -9999 -9999 -9999 -9999 -9999 -9999 -9999 -9999 -9999 -9999 -9999 -9999 -9999 -9999 -9999 -9999 -9999 -9999 -9999 -9999 -9999 -9999 -9999 -9999 -9999 -9999 -9999 1.08033E-5 1.33893E-5 1.87382E-5 4.96823E-5 1.55473E-4 8.27343E-5 4.8898E-5 2.43444E-5 6.01645E-5 1.30853E-4 5.60201E-5 1.00395E-4 9.36368E-5 1.88782E-4 2.24527E-5 8.55662E-6 4.75854E-6 4.39745E-6 9.1941E-6 6.80991E-6 9.73977E-6 7.24946E-6 6.50132E-6 6.28214E-6 5.1926E-7 5.92872E-7 4.13901E-6 6.18853E-6 1.25834E-5 7.57702E-6 4.19559E-6 4.37386E-6 5.53869E-6
-9999 -9999 -9999 -9999 -9999 -9999 -9999 -9999 -9999 -9999 -9999 -9999 -9999 -9999 -9999 -9999 -9999 -9999 -9999 -9999 -9999 -9999 -9999 -9999 -9999 -9999 -9999 -9999 -9999 -9999 -9999 -9999 -9999 -9999 1.30851E-5 1.43624E-5 2.05684E-5 5.22209E-5 8.88381E-5 1.34477E-5 9.2992E-6 3.24268E-5 1.46404E-4 6.00498E-5 6.64379E-5 9.27112E-5 8.76971E-5 2.05462E-5 9.86357E-6 6.57724E-6 2.87284E-6 3.10084E-6 3.04026E-6 4.05125E-7 8.02049E-6 5.79773E-6 6.39104E-6 3.2245E-6 4.24086E-7 9.34664E-7 3.37813E-6 4.07501E-6 5.70535E-6 4.63521E-6 6.59583E-6 1.07299E-5
-9999 -9999 -9999 -9999 -9999 -9999 -9999 -9999 -9999 -9999 -9999 -9999 -9999 -9999 -9999 -9999 -9999 -9999 -9999 -9999 -9999 -9999 -9999 -9999 -9999 -9999 -9999 -9999 -9999 -9999 -9999 -9999 -9999 -9999 -9999 1.47195E-5 1.49787E-5 1.45754E-5 1.28748E-5 7.36164E-6 2.15856E-5 9.79445E-5 6.65E-5 2.82733E-5 7.83486E-5 4.19832E-5 1.18574E-5 1.001E-5 6.23079E-6 3.68224E-6 2.67369E-6 6.54604E-7 2.81558E-6 6.16535E-7 4.05964E-6 5.95179E-6 4.84706E-6 4.0864E-6 3.4588E-6 3.99298E-6 4.55244E-6 6.3037E-6 6.05372E-6 8.04191E-6 5.13802E-6 1.34646E-5
