catData/rasterBestHybridModels/Pbengalensis/RDbal_BM01_RM1.5_L/Pbengalensis_max.asc
ncols         409
nrows         350
xllcorner     60.897278365
yllcorner     5.843756025
cellsize      0.0892857
NODATA_value  -9999
[rows 87 to 115 of 350, columns 66 to 131 of 409]
7.68196E-5 6.1288E-5 4.10418E-5 2.50392E-5 3.48445E-5 5.5528E-5 4.8487E-5 3.95843E-5 4.0165E-5 4.12039E-5 3.97443E-5 3.52072E-5 3.34151E-5 2.94898E-5 2.57263E-5 2.13157E-5 1.75258E-5 1.51636E-5 1.38411E-5 1.3557E-5 1.9323E-5 2.71274E-5 3.34866E-5 3.90486E-5 4.91748E-5 5.79709E-5 6.20559E-5 5.72809E-5 4.65419E-5 3.62464E-5 2.84635E-5 2.1798E-5 1.68852E-5 1.85367E-5 2.17214E-5 2.63187E-5 3.13422E-5 3.89936E-5 4.35281E-5 4.69069E-5 5.64436E-5 4.89713E-5 3.99043E-5 5.31274E-5 6.66793E-5 8.04101E-5 8.30393E-5 7.15962E-5 6.21366E-5 7.1729E-5 7.26855E-5 6.37845E-5 5.57082E-5 6.86335E-5 7.55188E-5 7.03432E-5 5.81358E-5 5.05147E-5 3.32781E-5 3.17477E-5 3.41856E-5 3.47411E-5 3.27184E-5 2.85646E-5 3.82494E-5 5.0689E-5
1.16423E-4 1.09905E-4 8.00678E-5 4.40353E-5 3.34701E-5 4.34528E-5 3.22205E-5 2.85239E-5 3.11241E-5 3.73013E-5 4.53834E-5 5.01157E-5 4.6437E-5 3.86374E-5 3.08673E-5 2.38353E-5 1.83414E-5 1.52541E-5 1.48698E-5 1.65063E-5 2.01046E-5 2.72273E-5 3.83206E-5 5.05129E-5 6.47507E-5 7.93188E-5 8.52093E-5 7.82944E-5 6.47308E-5 4.66223E-5 3.31422E-5 2.59644E-5 1.96926E-5 1.92226E-5 2.28478E-5 2.85206E-5 3.62534E-5 4.80144E-5 6.51412E-5 8.30545E-5 7.73581E-5 6.14042E-5 4.77688E-5 4.26841E-5 5.12186E-5 5.86457E-5 5.93057E-5 5.76993E-5 7.55074E-5 9.79601E-5 1.02856E-4 7.94459E-5 5.88545E-5 6.44308E-5 8.04859E-5 9.2846E-5 8.0043E-5 6.01158E-5 4.3271E-5 3.18623E-5 2.45839E-5 2.54563E-5 2.44598E-5 3.01556E-5 4.09802E-5 5.52064E-5
1.70523E-4 1.17361E-4 8.05628E-5 5.06414E-5 3.17229E-5 2.92104E-5 2.54368E-5 2.71428E-5 3.42518E-5 4.45458E-5 6.05083E-5 7.31734E-5 6.30419E-5 4.71318E-5 3.57069E-5 2.67825E-5 2.00579E-5 1.57771E-5 1.24771E-5 1.27043E-5 1.74289E-5 2.37146E-5 3.36413E-5 4.81735E-5 7.06878E-5 1.01057E-4 1.1724E-4 1.00036E-4 7.43744E-5 5.39475E-5 3.79911E-5 2.86648E-5 2.34403E-5 2.20159E-5 2.28838E-5 2.89642E-5 3.93215E-5 5.38534E-5 7.73077E-5 1.17841E-4 9.24206E-5 6.837E-5 5.21839E-5 3.96644E-5 3.87377E-5 4.18239E-5 4.32294E-5 5.78234E-5 7.37609E-5 9.71259E-5 1.03749E-4 7.93717E-5 5.83165E-5 6.74562E-5 9.19696E-5 1.17118E-4 8.66678E-5 5.94515E-5 4.36389E-5 3.28045E-5 2.44373E-5 1.91725E-5 2.14807E-5 2.76619E-5 3.72927E-5 4.9804E-5
1.88868E-4 1.04356E-4 5.72732E-5 3.53413E-5 3.30186E-5 2.81532E-5 2.44504E-5 2.57219E-5 3.3723E-5 4.57878E-5 6.4204E-5 8.35289E-5 6.74282E-5 4.86956E-5 3.61704E-5 2.7057E-5 2.02443E-5 1.52748E-5 1.36326E-5 1.46761E-5 1.88652E-5 2.77181E-5 3.60341E-5 4.70138E-5 6.6627E-5 9.70361E-5 1.23389E-4 9.34694E-5 6.77821E-5 4.82443E-5 3.42009E-5 2.73315E-5 2.80107E-5 2.75994E-5 2.80126E-5 2.77568E-5 3.7484E-5 5.02263E-5 6.82151E-5 8.5953E-5 7.99755E-5 6.44731E-5 5.74689E-5 5.06348E-5 4.16925E-5 3.29645E-5 3.8931E-5 4.30989E-5 5.66729E-5 6.48386E-5 7.02072E-5 6.11843E-5 4.78101E-5 5.61762E-5 6.85961E-5 7.34747E-5 6.35403E-5 5.03958E-5 3.90992E-5 2.98004E-5 2.24228E-5 1.74522E-5 1.91099E-5 2.45593E-5 3.20668E-5 4.0664E-5
1.64281E-4 9.25601E-5 4.53327E-5 2.92947E-5 3.73803E-5 3.47706E-5 3.11908E-5 2.68475E-5 3.04861E-5 3.96595E-5 5.0459E-5 5.63153E-5 5.15473E-5 4.17766E-5 3.26263E-5 2.48845E-5 2.06395E-5 1.96499E-5 1.86746E-5 2.07806E-5 2.42241E-5 2.99122E-5 4.07404E-5 5.05956E-5 6.38172E-5 8.19056E-5 8.56628E-5 7.12484E-5 5.4998E-5 4.08217E-5 3.11187E-5 2.57723E-5 2.93411E-5 3.37808E-5 3.72323E-5 3.90756E-5 3.87549E-5 4.20506E-5 5.34199E-5 6.11221E-5 7.02147E-5 8.46654E-5 8.05584E-5 6.57078E-5 5.10646E-5 3.85972E-5 3.23443E-5 3.98724E-5 4.21746E-5 4.48215E-5 4.60764E-5 4.20425E-5 3.52456E-5 4.06966E-5 4.68245E-5 4.89784E-5 4.58554E-5 3.97583E-5 3.23253E-5 2.54105E-5 1.96878E-5 1.53294E-5 1.62668E-5 2.00759E-5 2.56663E-5 3.15545E-5
1.20701E-4 9.05795E-5 4.7166E-5 3.77928E-5 4.12961E-5 4.11374E-5 4.01828E-5 3.71265E-5 3.54583E-5 3.1457E-5 3.65389E-5 3.9335E-5 3.77784E-5 3.26706E-5 2.68063E-5 2.85873E-5 2.88716E-5 2.68703E-5 2.53723E-5 2.80302E-5 2.96613E-5 2.95998E-5 2.84845E-5 3.50958E-5 4.05102E-5 4.76339E-5 5.15177E-5 4.77802E-5 4.04259E-5 3.30331E-5 2.722E-5 2.86498E-5 3.46123E-5 4.25253E-5 5.1156E-5 5.67763E-5 5.61814E-5 4.92404E-5 4.56137E-5 6.15571E-5 8.68493E-5 1.18424E-4 1.06911E-4 7.7672E-5 5.68456E-5 4.68478E-5 3.67084E-5 2.58561E-5 3.02956E-5 3.14909E-5 3.17608E-5 2.91732E-5 2.53254E-5 2.90683E-5 3.26709E-5 3.44746E-5 3.32492E-5 2.98624E-5 2.57722E-5 2.05706E-5 1.68159E-5 1.33884E-5 1.33243E-5 1.63969E-5 2.03628E-5 2.38517E-5
9.35722E-5 7.44378E-5 4.49393E-5 4.94401E-5 5.54112E-5 5.06833E-5 4.78616E-5 5.17275E-5 4.93248E-5 4.11379E-5 3.28543E-5 2.7865E-5 2.71191E-5 2.95072E-5 3.56187E-5 4.0131E-5 4.07346E-5 3.67809E-5 3.50322E-5 3.76611E-5 3.75799E-5 3.5042E-5 2.87476E-5 2.34856E-5 2.73769E-5 3.07668E-5 3.23852E-5 3.12974E-5 2.87924E-5 2.83374E-5 3.25851E-5 3.18258E-5 3.97737E-5 5.14757E-5 7.06779E-5 8.5273E-5 7.88711E-5 6.29216E-5 4.80696E-5 5.99948E-5 8.05669E-5 1.00923E-4 9.58771E-5 8.79176E-5 7.46237E-5 5.66393E-5 4.20062E-5 2.16586E-5 2.14483E-5 2.2237E-5 2.21845E-5 2.05096E-5 1.82684E-5 2.10486E-5 2.31293E-5 2.44762E-5 2.39563E-5 2.2219E-5 2.00536E-5 1.67607E-5 1.39429E-5 1.15276E-5 1.12431E-5 1.33206E-5 1.55542E-5 1.75992E-5
6.991E-5 5.15208E-5 4.41723E-5 5.23257E-5 5.68383E-5 5.29419E-5 5.87569E-5 7.35386E-5 6.72313E-5 5.02073E-5 3.73413E-5 2.79423E-5 2.759E-5 3.63127E-5 4.68005E-5 5.74734E-5 5.86191E-5 5.11466E-5 5.10443E-5 5.51058E-5 5.02896E-5 4.29971E-5 3.40042E-5 2.56399E-5 2.15575E-5 2.12483E-5 2.2208E-5 2.26644E-5 2.90322E-5 3.67053E-5 4.287E-5 4.43741E-5 4.17304E-5 5.51491E-5 7.87339E-5 1.03516E-4 9.1904E-5 6.72807E-5 5.10179E-5 6.68411E-5 8.23607E-5 8.66573E-5 1.03599E-4 1.23598E-4 8.45047E-5 5.79814E-5 4.29164E-5 3.10941E-5 2.1638E-5 1.59785E-5 1.54205E-5 1.46106E-5 1.36556E-5 1.52649E-5 1.65837E-5 1.71394E-5 1.71922E-5 1.66588E-5 1.53346E-5 1.33349E-5 1.14576E-5 9.73081E-6 9.13117E-6 1.07185E-5 1.21493E-5 1.31987E-5
3.71794E-5 3.62352E-5 4.01319E-5 4.76471E-5 5.21186E-5 4.95496E-5 5.82229E-5 7.37106E-5 6.61966E-5 5.03143E-5 3.74054E-5 2.80838E-5 3.01086E-5 4.09545E-5 5.73049E-5 8.07592E-5 8.68258E-5 6.60301E-5 7.18221E-5 8.74421E-5 5.71906E-5 5.12284E-5 3.82033E-5 2.81825E-5 2.97681E-5 2.92314E-5 2.70399E-5 2.64762E-5 3.47763E-5 4.57212E-5 5.59012E-5 5.91664E-5 5.35829E-5 5.07465E-5 6.84108E-5 7.6992E-5 7.31629E-5 5.90499E-5 5.68188E-5 7.71397E-5 1.06056E-4 1.19525E-4 8.62341E-5 9.13549E-5 7.02466E-5 5.12097E-5 3.85108E-5 2.78123E-5 2.04088E-5 1.51557E-5 1.15619E-5 1.12177E-5 1.07513E-5 1.1501E-5 1.22083E-5 1.27292E-5 1.27969E-5 1.24693E-5 1.1508E-5 1.02718E-5 9.08714E-6 7.95901E-6 7.21601E-6 8.23928E-6 9.27033E-6 1.00972E-5
2.67621E-5 2.95351E-5 3.59592E-5 3.97767E-5 4.44266E-5 4.32803E-5 4.64414E-5 5.1622E-5 4.82473E-5 4.14577E-5 3.32685E-5 2.58786E-5 3.06742E-5 4.26927E-5 5.86964E-5 7.70405E-5 7.84862E-5 6.14947E-5 5.70618E-5 9.14603E-5 7.89106E-5 5.83159E-5 4.30866E-5 4.28433E-5 4.65702E-5 4.5472E-5 4.23793E-5 4.07467E-5 4.30647E-5 5.45056E-5 8.51426E-5 9.38448E-5 7.60096E-5 6.09771E-5 5.20884E-5 5.6526E-5 6.25382E-5 6.49552E-5 5.90265E-5 6.66702E-5 8.68954E-5 9.02876E-5 6.99061E-5 5.60651E-5 4.79957E-5 3.90175E-5 3.07615E-5 2.36152E-5 1.79928E-5 1.40092E-5 1.0897E-5 8.58756E-6 8.22765E-6 8.89238E-6 9.15298E-6 9.54119E-6 9.49076E-6 9.27828E-6 8.6884E-6 7.9439E-6 7.06447E-6 6.18928E-6 5.53071E-6 6.13991E-6 6.88248E-6 7.49503E-6
2.51377E-5 2.51274E-5 3.03603E-5 3.40343E-5 3.18054E-5 3.47209E-5 3.6284E-5 3.59345E-5 3.5199E-5 3.18467E-5 2.69764E-5 2.98127E-5 3.77438E-5 4.44683E-5 4.77927E-5 5.71934E-5 7.79501E-5 9.82178E-5 7.33017E-5 5.98769E-5 5.80857E-5 5.79265E-5 6.1144E-5 6.2928E-5 7.29766E-5 7.0055E-5 6.54292E-5 6.34018E-5 5.37717E-5 6.56448E-5 8.73457E-5 9.84576E-5 8.29134E-5 6.20924E-5 4.89989E-5 6.57421E-5 8.09478E-5 8.61117E-5 7.49336E-5 5.72977E-5 5.9824E-5 5.83079E-5 4.88625E-5 3.82826E-5 3.34443E-5 2.90294E-5 2.41095E-5 1.95104E-5 1.53962E-5 1.22777E-5 9.73854E-6 7.79639E-6 6.21229E-6 6.73056E-6 6.91287E-6 6.97359E-6 7.07584E-6 7.05143E-6 6.70285E-6 6.0747E-6 5.43487E-6 4.74554E-6 4.31993E-6 5.49054E-6 7.09462E-6 8.60914E-6
2.90354E-5 2.14828E-5 2.44462E-5 2.8099E-5 2.7223E-5 3.08477E-5 2.60389E-5 2.55256E-5 2.53076E-5 2.37055E-5 2.76727E-5 3.683E-5 4.83681E-5 5.96173E-5 6.15147E-5 5.20408E-5 6.7111E-5 7.65447E-5 1.28062E-4 7.41132E-5 5.51884E-5 7.49961E-5 8.45785E-5 7.66879E-5 1.04664E-4 8.88084E-5 9.10578E-5 8.62263E-5 6.61428E-5 5.44184E-5 6.51368E-5 7.01043E-5 6.96021E-5 7.02901E-5 5.94457E-5 6.83832E-5 8.86837E-5 1.47207E-4 8.26379E-5 6.11399E-5 4.25347E-5 3.79667E-5 3.33745E-5 2.83725E-5 2.37839E-5 2.16525E-5 1.86894E-5 1.5761E-5 1.31876E-5 1.08149E-5 8.71736E-6 6.8859E-6 5.57699E-6 5.01523E-6 5.35133E-6 5.26171E-6 5.30553E-6 5.1724E-6 4.97172E-6 4.64627E-6 4.28148E-6 3.85537E-6 4.95226E-6 6.30922E-6 8.05913E-6 9.95679E-6
3.14906E-5 2.22958E-5 1.90213E-5 2.06272E-5 2.07314E-5 2.55058E-5 1.98641E-5 1.83008E-5 2.00663E-5 2.63327E-5 3.29129E-5 4.12458E-5 5.83999E-5 8.25095E-5 8.63144E-5 6.5786E-5 4.70513E-5 6.87592E-5 7.94601E-5 7.03011E-5 5.99453E-5 8.19689E-5 9.25738E-5 7.3035E-5 8.62554E-5 8.71089E-5 1.02432E-4 9.12886E-5 5.88464E-5 5.14775E-5 5.35105E-5 6.89907E-5 9.72209E-5 9.90659E-5 6.94759E-5 5.48459E-5 6.89078E-5 7.5775E-5 6.72865E-5 5.21436E-5 3.70286E-5 2.64702E-5 2.38913E-5 2.13693E-5 1.84082E-5 1.61046E-5 1.42127E-5 1.24111E-5 1.07821E-5 9.24972E-6 7.46368E-6 5.98087E-6 5.01192E-6 3.9788E-6 3.95781E-6 3.99252E-6 3.93717E-6 3.84501E-6 3.69557E-6 3.47098E-6 3.25408E-6 4.10582E-6 5.27934E-6 6.8107E-6 8.72742E-6 1.12646E-5
2.98414E-5 3.04059E-5 2.60168E-5 1.68059E-5 1.7041E-5 1.72287E-5 1.56239E-5 1.80304E-5 2.31541E-5 3.15331E-5 4.16739E-5 5.55815E-5 7.14531E-5 9.31589E-5 8.5211E-5 6.19548E-5 4.79298E-5 5.30783E-5 5.73393E-5 5.34328E-5 5.66454E-5 6.42964E-5 6.65613E-5 5.92868E-5 7.87896E-5 1.12101E-4 9.53221E-5 7.09366E-5 7.48481E-5 6.47947E-5 7.95151E-5 8.14664E-5 9.86589E-5 9.62021E-5 6.61069E-5 4.69936E-5 4.84962E-5 5.09052E-5 4.81313E-5 3.98843E-5 2.96917E-5 2.25874E-5 1.74823E-5 1.60618E-5 1.42521E-5 1.22492E-5 1.1331E-5 9.86373E-6 8.79025E-6 7.53923E-6 6.28976E-6 5.12972E-6 4.27498E-6 3.56966E-6 3.00208E-6 3.09738E-6 3.09016E-6 3.03575E-6 2.92233E-6 3.05659E-6 3.39133E-6 4.31377E-6 5.753E-6 7.37559E-6 9.61978E-6 1.23953E-5
4.4129E-5 3.76692E-5 2.80231E-5 1.89212E-5 1.67465E-5 1.49444E-5 1.9072E-5 2.06919E-5 2.48171E-5 3.50044E-5 4.86397E-5 6.88132E-5 9.5383E-5 9.03171E-5 6.92758E-5 5.50666E-5 4.3992E-5 5.19639E-5 5.9593E-5 6.44251E-5 7.78871E-5 7.24752E-5 8.5865E-5 7.65596E-5 6.69943E-5 7.71479E-5 7.1142E-5 9.28492E-5 1.09821E-4 8.27423E-5 1.07331E-4 9.92668E-5 1.03654E-4 8.49914E-5 6.0106E-5 4.17241E-5 3.24927E-5 3.35807E-5 3.36223E-5 2.85143E-5 2.30574E-5 1.87058E-5 1.50178E-5 1.21097E-5 1.12182E-5 9.70233E-6 8.70152E-6 7.79015E-6 6.88294E-6 5.95579E-6 5.25472E-6 4.3632E-6 3.64345E-6 3.0562E-6 2.41116E-6 2.59737E-6 3.04278E-6 3.47904E-6 3.84059E-6 4.12456E-6 4.40459E-6 4.44516E-6 5.89268E-6 7.63762E-6 1.00719E-5 1.28014E-5
6.56922E-5 4.57958E-5 3.53088E-5 2.66081E-5 1.94049E-5 1.58648E-5 2.08278E-5 2.43567E-5 2.61206E-5 3.65029E-5 4.76657E-5 6.15308E-5 7.50276E-5 6.84597E-5 5.71998E-5 5.42019E-5 6.29146E-5 5.62139E-5 5.26674E-5 9.1656E-5 1.00503E-4 8.5445E-5 1.0015E-4 8.12759E-5 6.50284E-5 7.95733E-5 7.87001E-5 9.3346E-5 1.15591E-4 8.23711E-5 8.42497E-5 8.1239E-5 6.97529E-5 6.07364E-5 4.75042E-5 3.55315E-5 2.68028E-5 2.37818E-5 2.27523E-5 2.05122E-5 1.78249E-5 1.49876E-5 1.24855E-5 1.03473E-5 8.55751E-6 7.6516E-6 6.86104E-6 6.18809E-6 5.54101E-6 4.77643E-6 4.29221E-6 3.62923E-6 3.12695E-6 2.57492E-6 2.82847E-6 3.34702E-6 3.95639E-6 4.58519E-6 5.02381E-6 5.37586E-6 5.7048E-6 5.983E-6 6.13969E-6 7.38163E-6 9.72215E-6 1.25071E-5
7.85054E-5 5.66172E-5 4.45904E-5 3.30184E-5 2.05885E-5 1.67352E-5 2.20404E-5 2.83786E-5 2.80759E-5 3.83672E-5 5.1378E-5 7.29012E-5 1.033E-4 7.93485E-5 7.64081E-5 7.04494E-5 9.00908E-5 8.32993E-5 7.18553E-5 8.95144E-5 8.50333E-5 1.08913E-4 9.77974E-5 9.38012E-5 7.4838E-5 1.34899E-4 9.99515E-5 7.44155E-5 8.78362E-5 1.11417E-4 8.21222E-5 5.93898E-5 4.6585E-5 4.08265E-5 3.42011E-5 2.81109E-5 2.21412E-5 1.72502E-5 1.62525E-5 1.50963E-5 1.34024E-5 1.1881E-5 1.02651E-5 8.68865E-6 7.24104E-6 6.04838E-6 5.46275E-6 4.85176E-6 4.36863E-6 3.83193E-6 3.42637E-6 2.94504E-6 3.07521E-6 3.38143E-6 3.55165E-6 4.26595E-6 5.05876E-6 5.83219E-6 6.52812E-6 7.15576E-6 7.56256E-6 8.22012E-6 8.34281E-6 8.0914E-6 9.19578E-6 1.18658E-5
8.09642E-5 5.99469E-5 4.14603E-5 3.04631E-5 2.1331E-5 1.73097E-5 2.11649E-5 2.32453E-5 2.60144E-5 3.50078E-5 4.72777E-5 6.25899E-5 7.59181E-5 7.67544E-5 1.04552E-4 7.98975E-5 9.1964E-5 8.54755E-5 1.09385E-4 8.44935E-5 7.08444E-5 9.87339E-5 9.48593E-5 9.07216E-5 7.91268E-5 7.60251E-5 7.59292E-5 6.11427E-5 7.27858E-5 7.87713E-5 6.87422E-5 5.14232E-5 3.61604E-5 2.80143E-5 2.50811E-5 2.15963E-5 1.77738E-5 1.45549E-5 1.23448E-5 1.14421E-5 1.0491E-5 9.69369E-6 8.33389E-6 7.30039E-6 6.03598E-6 5.0484E-6 4.9058E-6 4.96076E-6 4.83809E-6 4.59914E-6 4.25603E-6 3.68576E-6 3.82509E-6 4.29627E-6 4.5906E-6 5.19548E-6 6.33723E-6 7.46258E-6 8.37278E-6 9.32768E-6 1.01214E-5 1.06439E-5 1.09541E-5 1.1024E-5 1.06438E-5 1.18178E-5
7.51888E-5 5.95423E-5 4.28621E-5 3.02968E-5 2.4189E-5 2.0573E-5 2.09778E-5 2.18245E-5 2.59365E-5 3.21609E-5 3.95408E-5 4.88326E-5 6.47712E-5 7.58365E-5 7.68037E-5 6.94027E-5 7.93877E-5 1.10323E-4 8.55596E-5 6.70319E-5 7.30207E-5 8.34156E-5 9.25331E-5 1.41964E-4 8.45924E-5 5.90986E-5 5.07984E-5 4.44201E-5 4.33875E-5 5.1037E-5 4.72007E-5 3.87228E-5 2.93669E-5 2.22695E-5 1.83596E-5 1.62263E-5 1.40109E-5 1.19443E-5 1.00479E-5 8.92558E-6 8.10756E-6 7.40485E-6 6.60744E-6 6.0876E-6 6.34073E-6 6.57978E-6 6.64258E-6 6.56836E-6 6.34008E-6 6.08009E-6 5.50957E-6 4.68565E-6 4.9368E-6 5.47246E-6 6.1139E-6 6.48292E-6 7.95301E-6 9.43476E-6 1.10187E-5 1.26294E-5 1.35969E-5 1.48015E-5 1.4958E-5 1.48798E-5 1.42845E-5 1.318E-5
6.6282E-5 5.35422E-5 4.19578E-5 3.12504E-5 2.58257E-5 2.21364E-5 2.11322E-5 2.57778E-5 3.2312E-5 4.25206E-5 5.56591E-5 5.97186E-5 7.64764E-5 1.08245E-4 8.18743E-5 9.28589E-5 9.51961E-5 7.3145E-5 7.21519E-5 8.65473E-5 1.20539E-4 9.14825E-5 9.3213E-5 7.45496E-5 6.6144E-5 5.13862E-5 2.86502E-5 3.0832E-5 3.36121E-5 3.46896E-5 3.27053E-5 2.81929E-5 2.30279E-5 1.8425E-5 1.45209E-5 1.20795E-5 1.09504E-5 9.88349E-6 8.25594E-6 6.90498E-6 6.22403E-6 6.34713E-6 7.1911E-6 7.94669E-6 8.50998E-6 8.84184E-6 9.01646E-6 9.10524E-6 8.46129E-6 7.77101E-6 6.90375E-6 5.98373E-6 6.55676E-6 7.19045E-6 7.92192E-6 8.8339E-6 9.84515E-6 1.21252E-5 1.41926E-5 1.65719E-5 1.83629E-5 1.96101E-5 2.02208E-5 2.04664E-5 1.88414E-5 1.70366E-5
4.91016E-5 4.10188E-5 3.4107E-5 2.65099E-5 2.32212E-5 2.1948E-5 2.22306E-5 2.86231E-5 3.76372E-5 5.67878E-5 7.43217E-5 8.46864E-5 6.83248E-5 7.55058E-5 8.71856E-5 8.5409E-5 8.50949E-5 6.45035E-5 6.11275E-5 7.3823E-5 8.24592E-5 9.63964E-5 9.86738E-5 7.08911E-5 5.1709E-5 4.03866E-5 3.00142E-5 2.25293E-5 2.33755E-5 2.40559E-5 2.29453E-5 2.05576E-5 1.76529E-5 1.47386E-5 1.24269E-5 1.01804E-5 8.63691E-6 7.70579E-6 6.86034E-6 5.88958E-6 7.04476E-6 8.38024E-6 1.00813E-5 1.09977E-5 1.2002E-5 1.09609E-5 1.11437E-5 1.23276E-5 1.15205E-5 1.0429E-5 8.95314E-6 7.74758E-6 8.35629E-6 9.75087E-6 1.0673E-5 1.20704E-5 1.30648E-5 1.55488E-5 1.82225E-5 2.16736E-5 2.5205E-5 2.79466E-5 2.87852E-5 2.81207E-5 2.55306E-5 2.19534E-5
3.31977E-5 2.88338E-5 2.40645E-5 2.06397E-5 2.07954E-5 1.95364E-5 2.15606E-5 2.80312E-5 3.77916E-5 5.74651E-5 7.64273E-5 8.67568E-5 9.59915E-5 8.04536E-5 9.97324E-5 8.21839E-5 5.93864E-5 7.45622E-5 8.56198E-5 9.73158E-5 7.87696E-5 9.04599E-5 7.50663E-5 5.67704E-5 4.40239E-5 3.25607E-5 2.30537E-5 1.80506E-5 1.66011E-5 1.69283E-5 1.63785E-5 1.51345E-5 1.35867E-5 1.20513E-5 1.05304E-5 8.74831E-6 7.25937E-6 6.1132E-6 5.97742E-6 7.57297E-6 9.21832E-6 1.13298E-5 1.3759E-5 1.53181E-5 1.653E-5 1.72035E-5 1.2536E-5 1.50188E-5 1.53915E-5 1.37447E-5 1.1503E-5 1.00502E-5 1.07055E-5 1.24967E-5 1.45862E-5 1.70934E-5 1.79189E-5 1.87955E-5 2.35021E-5 2.93973E-5 3.50664E-5 3.94788E-5 4.13423E-5 3.97681E-5 3.45019E-5 2.883E-5
2.44496E-5 2.02502E-5 1.66518E-5 1.63466E-5 1.80478E-5 1.80589E-5 2.01646E-5 2.49479E-5 3.25855E-5 4.44454E-5 5.79366E-5 6.89596E-5 8.46857E-5 9.49794E-5 9.02058E-5 7.38839E-5 6.5376E-5 9.77983E-5 1.02747E-4 1.05695E-4 8.72116E-5 1.00396E-4 7.47075E-5 5.67835E-5 4.11466E-5 3.0667E-5 2.04148E-5 1.4582E-5 1.1946E-5 1.2122E-5 1.21709E-5 1.16737E-5 1.0945E-5 9.8415E-6 8.7147E-6 7.32151E-6 6.04558E-6 5.69726E-6 7.2875E-6 9.57358E-6 1.22396E-5 1.50232E-5 1.85766E-5 2.12522E-5 2.35541E-5 2.49585E-5 2.49325E-5 2.30206E-5 2.0182E-5 1.73719E-5 1.46006E-5 1.23762E-5 1.33906E-5 1.64009E-5 2.01167E-5 2.34471E-5 2.58692E-5 2.64983E-5 2.97528E-5 3.86371E-5 4.81874E-5 5.61164E-5 5.94213E-5 5.60775E-5 4.69135E-5 3.73799E-5
1.96384E-5 1.58178E-5 1.36628E-5 1.84677E-5 2.0724E-5 1.98742E-5 2.38706E-5 2.98733E-5 3.85965E-5 5.01562E-5 7.0397E-5 9.11169E-5 8.96554E-5 8.71972E-5 6.44878E-5 5.57417E-5 6.42281E-5 9.25759E-5 1.08002E-4 9.55331E-5 9.99449E-5 7.93265E-5 5.78345E-5 4.70721E-5 3.62044E-5 2.82559E-5 1.92416E-5 1.41325E-5 1.09427E-5 9.2017E-6 9.04685E-6 8.88369E-6 8.41375E-6 7.75018E-6 6.97371E-6 5.95579E-6 5.20637E-6 6.54626E-6 8.67431E-6 1.14692E-5 1.48424E-5 1.94726E-5 2.39988E-5 2.901E-5 3.32701E-5 3.59657E-5 3.52449E-5 3.221E-5 2.7633E-5 2.29513E-5 1.88619E-5 1.5642E-5 1.73603E-5 2.1386E-5 2.71396E-5 3.2929E-5 3.65304E-5 3.78612E-5 3.62964E-5 4.64111E-5 6.14025E-5 7.68287E-5 8.70526E-5 7.65479E-5 5.94762E-5 4.51492E-5
1.51614E-5 1.33958E-5 1.25122E-5 1.80852E-5 2.29364E-5 2.13127E-5 2.57699E-5 3.33704E-5 4.54523E-5 6.54314E-5 8.81783E-5 9.3722E-5 8.79787E-5 8.45663E-5 6.3611E-5 7.83532E-5 7.88841E-5 8.04931E-5 8.48381E-5 8.09806E-5 9.99355E-5 7.48582E-5 5.28813E-5 3.97099E-5 3.14522E-5 2.3841E-5 1.68791E-5 1.28546E-5 1.02841E-5 8.01914E-6 6.90082E-6 6.69045E-6 6.41643E-6 5.97495E-6 5.46292E-6 4.75278E-6 5.83899E-6 7.3939E-6 9.99173E-6 1.34269E-5 1.7335E-5 2.30622E-5 2.99163E-5 3.75527E-5 4.47318E-5 4.93501E-5 4.95403E-5 4.47462E-5 3.76261E-5 2.96942E-5 2.36388E-5 1.87769E-5 2.12581E-5 2.74919E-5 3.52409E-5 4.41204E-5 5.11565E-5 5.32858E-5 4.98941E-5 5.04572E-5 6.85989E-5 9.69658E-5 1.29402E-4 9.40119E-5 6.72665E-5 4.91528E-5
1.06075E-5 1.11521E-5 1.31009E-5 1.82923E-5 2.32166E-5 2.22992E-5 2.61355E-5 3.32686E-5 4.60166E-5 6.47952E-5 9.05334E-5 9.90396E-5 8.88912E-5 6.31763E-5 7.21753E-5 1.01237E-4 9.60481E-5 6.96296E-5 6.06375E-5 6.71703E-5 6.48178E-5 5.14119E-5 4.20456E-5 3.52023E-5 2.95252E-5 2.08679E-5 1.48579E-5 1.12246E-5 9.12455E-6 7.31339E-6 5.8051E-6 5.03883E-6 4.85914E-6 4.60094E-6 4.27029E-6 4.85325E-6 6.27561E-6 8.0649E-6 1.08742E-5 1.46483E-5 1.90932E-5 2.60593E-5 3.54301E-5 4.67636E-5 5.91554E-5 6.99147E-5 7.22962E-5 6.1589E-5 4.79283E-5 3.7012E-5 2.80292E-5 2.11315E-5 2.49524E-5 3.31581E-5 4.35883E-5 5.70994E-5 7.07077E-5 7.65933E-5 6.84953E-5 5.57411E-5 6.4082E-5 8.46236E-5 9.4698E-5 8.328E-5 6.33927E-5 4.76688E-5
9.18213E-6 1.23391E-5 1.48058E-5 1.85421E-5 2.27566E-5 2.49355E-5 2.97761E-5 3.89699E-5 5.31087E-5 6.94028E-5 7.34653E-5 8.00155E-5 7.76239E-5 7.19628E-5 1.04604E-4 9.67023E-5 8.53256E-5 8.55533E-5 9.0823E-5 9.70287E-5 6.79757E-5 4.56773E-5 3.43674E-5 2.97504E-5 2.55672E-5 1.74284E-5 1.33504E-5 1.02936E-5 8.20173E-6 6.46556E-6 5.22839E-6 4.06609E-6 3.73677E-6 3.58443E-6 3.86826E-6 4.93018E-6 6.51396E-6 8.46755E-6 1.14116E-5 1.54391E-5 2.05844E-5 2.81192E-5 3.91668E-5 5.34605E-5 7.23265E-5 1.01387E-4 1.05211E-4 7.78351E-5 5.72057E-5 4.31003E-5 3.13214E-5 2.32322E-5 2.7287E-5 3.7474E-5 5.05683E-5 6.76747E-5 9.38826E-5 1.13163E-4 8.91728E-5 6.63041E-5 5.22845E-5 6.21128E-5 6.65337E-5 6.15896E-5 5.21757E-5 4.12285E-5
1.03428E-5 1.34698E-5 1.69502E-5 2.22269E-5 2.40447E-5 2.64549E-5 3.19732E-5 4.26171E-5 5.8605E-5 8.27193E-5 8.46013E-5 6.58772E-5 5.65312E-5 7.20186E-5 1.00974E-4 1.01116E-4 8.74985E-5 9.38962E-5 9.63649E-5 8.66871E-5 6.32174E-5 4.56133E-5 3.47046E-5 2.91953E-5 1.63245E-5 1.47554E-5 1.15563E-5 9.16083E-6 7.56736E-6 5.91063E-6 4.73894E-6 3.7536E-6 3.15521E-6 3.02651E-6 3.92515E-6 4.97337E-6 6.41653E-6 8.59471E-6 1.14126E-5 1.53034E-5 2.09027E-5 2.84417E-5 3.93862E-5 5.4055E-5 7.45726E-5 1.01555E-4 1.04608E-4 7.83086E-5 5.8873E-5 4.40409E-5 3.25454E-5 2.43202E-5 2.80321E-5 3.84769E-5 5.10112E-5 6.94948E-5 9.33006E-5 1.08487E-4 8.80295E-5 6.61651E-5 4.94228E-5 4.53403E-5 4.73137E-5 4.50655E-5 3.9551E-5 3.30642E-5
1.11755E-5 1.39116E-5 1.64297E-5 2.40916E-5 2.7807E-5 2.97808E-5 3.76166E-5 4.90742E-5 6.24327E-5 6.66288E-5 7.54026E-5 8.21949E-5 6.56186E-5 7.30853E-5 9.23903E-5 8.99179E-5 1.03207E-4 9.0835E-5 6.21279E-5 5.62076E-5 4.87041E-5 3.9729E-5 3.16595E-5 2.74127E-5 1.26559E-5 1.42893E-5 1.09234E-5 8.55155E-6 6.6474E-6 5.29277E-6 4.94459E-6 4.55765E-6 4.19642E-6 3.72988E-6 3.91979E-6 4.93782E-6 6.28271E-6 8.61789E-6 1.12158E-5 1.48583E-5 1.96688E-5 2.66176E-5 3.60886E-5 4.91625E-5 6.37451E-5 7.57747E-5 7.61452E-5 6.46816E-5 5.20484E-5 4.04533E-5 3.06893E-5 2.37645E-5 2.66683E-5 3.60862E-5 4.62947E-5 5.89498E-5 7.05645E-5 7.49111E-5 6.81403E-5 5.65467E-5 4.38977E-5 3.34555E-5 3.39647E-5 3.23174E-5 2.92022E-5 2.57373E-5
