catData/rasterBestHybridModels/Pbengalensis/RDbal_BM01_RM1.5_L/Pbengalensis_median.asc
ncols         409
nrows         350
xllcorner     60.897278365
yllcorner     5.843756025
cellsize      0.0892857
NODATA_value  -9999
[rows 174 to 202 of 350, columns 198 to 263 of 409]
3.68924E-5 2.09001E-5 1.92775E-5 2.88831E-5 5.89725E-5 7.59015E-5 5.62785E-5 2.97571E-5 1.97989E-5 1.23464E-5 1.12954E-5 1.38771E-5 2.62528E-5 2.00212E-5 2.32824E-5 8.4427E-6 3.30069E-5 7.99071E-5 8.76198E-5 7.40463E-5 5.64E-5 3.79816E-5 9.65679E-6 3.64371E-5 6.42185E-5 6.47178E-5 1.18758E-5 1.40108E-5 3.7168E-5 1.72607E-6 3.67792E-6 1.27532E-5 1.98153E-5 4.09628E-5 4.35356E-5 1.81155E-5 1.63715E-6 4.07981E-6 2.02313E-5 5.97514E-5 6.08266E-5 5.51528E-5 1.25203E-5 3.49243E-5 4.1086E-5 3.08053E-5 9.71002E-6 9.30902E-6 3.51813E-5 4.6455E-5 6.83074E-5 3.49893E-5 5.29458E-5 4.01764E-5 4.36267E-5 4.82105E-5 1.09456E-5 2.49718E-5 6.07402E-5 5.10321E-5 7.57011E-5 7.88885E-5 6.60315E-5 6.17113E-5 4.86223E-5 1.9142E-5
5.50286E-5 4.35281E-5 3.05321E-5 6.36759E-5 7.52662E-5 4.71901E-5 7.60732E-5 6.41926E-5 5.09357E-5 3.64189E-5 2.38545E-5 3.93261E-5 4.62839E-5 1.89557E-5 1.43528E-5 3.65791E-5 5.99628E-5 6.93382E-5 6.98082E-5 7.12699E-5 5.67454E-5 4.13592E-5 3.37241E-5 5.68294E-5 5.02315E-5 3.34675E-5 2.98303E-5 1.65377E-5 8.64743E-6 6.28248E-6 1.69953E-5 3.30975E-5 2.81142E-5 5.85574E-5 2.81652E-5 3.99633E-5 7.91568E-6 7.89215E-7 2.97893E-5 4.5148E-5 3.61868E-5 5.40324E-6 9.91015E-6 4.84505E-5 7.69175E-5 4.59905E-5 2.94163E-5 1.95405E-5 4.02714E-5 5.53321E-5 2.42752E-5 4.03006E-5 2.32666E-5 4.09576E-5 5.35512E-5 6.84093E-5 8.18216E-5 7.5452E-5 9.43146E-5 6.91723E-5 1.06051E-4 5.07294E-5 5.52086E-5 1.36053E-5 6.67885E-5 7.53708E-5
3.63606E-5 1.13607E-5 2.21983E-5 6.75688E-5 8.00954E-5 8.27791E-5 7.43182E-5 8.51298E-5 8.64206E-5 7.24748E-5 5.60825E-5 6.55239E-5 8.26177E-5 2.18107E-5 6.34287E-5 4.14127E-5 3.36008E-5 4.88841E-5 6.09368E-5 4.34328E-5 4.41926E-5 3.40396E-5 2.40043E-5 6.06176E-5 7.24741E-5 4.65956E-5 3.07501E-5 3.35563E-5 1.7975E-5 2.29595E-6 4.43805E-5 2.26996E-5 7.88919E-5 8.32628E-5 3.77562E-5 5.84238E-5 4.18378E-5 5.23825E-5 6.4129E-5 5.51285E-5 9.96336E-6 2.24143E-5 3.21562E-5 2.3694E-5 4.58794E-5 6.88372E-5 5.85098E-5 8.77002E-5 6.54912E-5 8.32092E-5 3.22133E-5 3.83835E-5 4.50949E-5 4.36866E-5 5.86396E-5 8.17481E-5 1.20764E-4 1.01445E-4 7.72312E-5 7.65371E-5 7.27225E-5 2.10518E-5 8.82517E-6 3.73931E-5 2.07665E-5 1.61414E-5
3.1646E-5 5.13181E-5 3.66053E-5 9.81623E-5 1.45539E-5 3.16889E-5 1.80144E-5 3.60149E-5 6.80605E-5 5.74657E-5 6.20978E-5 7.8471E-5 4.95405E-5 4.48852E-5 4.14607E-5 4.30762E-5 5.08196E-5 3.09531E-5 1.35178E-5 1.49203E-5 2.51777E-5 3.25248E-6 6.84681E-6 6.12814E-5 5.39209E-5 1.29448E-5 5.35059E-5 2.08984E-5 3.72903E-5 3.23701E-5 9.28837E-5 7.35027E-5 6.61982E-5 1.37958E-5 4.58878E-5 4.03155E-5 2.34702E-5 8.78615E-5 8.65455E-5 6.58246E-5 4.38854E-5 3.68415E-5 4.41057E-5 5.13136E-5 5.50896E-5 6.83858E-5 5.49508E-5 8.18799E-5 4.32606E-5 4.63879E-5 7.41694E-5 5.13664E-5 4.38069E-5 4.81407E-5 6.39584E-5 8.67394E-5 1.05729E-4 8.71974E-5 6.96303E-5 3.66088E-5 6.5778E-5 2.18968E-5 2.73838E-5 6.54545E-5 4.35738E-5 2.69033E-5
4.71327E-5 1.35279E-5 1.08714E-5 2.38733E-5 2.74245E-5 1.03381E-4 8.23583E-5 7.97737E-5 5.64172E-5 5.04928E-5 6.55903E-5 8.80881E-5 5.23916E-5 1.74783E-5 8.54859E-6 1.52394E-5 2.20302E-5 3.70642E-5 1.02853E-5 1.43061E-5 7.93302E-6 9.28234E-6 1.24663E-5 5.86503E-5 6.7794E-5 7.65771E-5 8.18669E-5 7.41724E-5 4.22582E-5 4.01102E-5 3.21106E-5 2.31663E-5 8.76489E-5 7.77616E-5 9.59098E-5 5.41237E-5 5.54511E-5 8.9169E-5 8.7045E-5 9.22055E-5 5.57281E-5 5.92103E-5 6.18994E-5 7.17983E-5 5.82561E-5 5.0666E-5 3.9618E-5 4.7915E-5 2.0495E-5 2.22978E-5 5.82798E-5 5.36557E-5 4.32149E-5 4.79664E-5 6.41128E-5 8.74567E-5 1.07221E-4 8.68155E-5 8.25028E-5 7.16555E-5 1.05404E-4 2.38366E-5 1.4022E-5 5.8032E-5 5.96436E-5 2.83237E-5
2.07555E-5 2.22568E-5 1.62548E-5 1.74858E-5 1.9428E-5 2.82548E-5 3.8981E-5 6.08234E-5 3.11896E-5 2.18439E-5 2.76555E-5 4.58395E-5 2.45543E-5 3.92041E-5 2.97367E-5 1.21506E-5 2.65428E-5 1.31767E-5 4.77735E-6 6.31849E-6 2.89521E-5 1.46491E-5 2.77213E-5 6.34232E-5 6.7225E-5 6.97052E-5 9.55803E-5 7.53775E-5 7.82632E-5 5.47782E-5 7.07497E-5 6.84802E-5 9.15495E-5 9.5349E-5 8.13902E-5 6.37878E-5 6.45271E-5 6.73256E-5 8.35038E-5 9.26143E-5 7.73123E-5 2.64246E-5 2.24166E-5 2.81316E-5 2.82096E-5 4.44928E-5 1.43452E-5 3.60549E-5 5.81231E-5 5.06681E-5 6.69481E-5 5.2697E-5 5.10473E-5 4.20845E-5 5.54136E-5 6.98892E-5 7.8355E-5 8.48898E-5 7.62537E-5 3.9161E-5 5.1094E-5 2.62315E-5 3.32879E-5 3.32595E-5 3.58671E-5 3.27701E-5
4.65858E-5 2.41573E-5 4.3491E-5 1.68935E-5 1.47506E-6 1.99647E-6 1.94642E-6 4.72197E-6 4.74077E-5 4.80171E-5 3.89049E-5 3.44153E-5 2.74436E-5 1.32917E-5 2.42826E-5 2.38886E-5 6.57099E-6 6.40878E-6 1.91214E-5 8.17153E-6 9.58887E-6 2.3484E-5 2.56144E-5 5.92086E-5 8.15862E-5 2.75549E-5 6.30987E-5 6.96241E-5 4.15288E-5 2.97407E-5 5.32125E-5 6.46001E-5 8.37284E-5 9.01675E-5 7.28671E-5 6.78475E-5 6.12279E-5 5.47091E-5 6.52005E-5 3.55173E-5 1.99033E-5 1.67934E-5 3.67933E-6 5.4049E-5 7.87756E-6 1.73837E-5 4.79457E-6 4.72791E-5 1.99268E-5 4.37423E-5 9.69573E-5 7.15435E-5 5.38559E-5 3.99778E-5 3.74552E-5 4.82555E-5 5.34972E-5 7.96036E-5 8.15724E-5 3.21099E-5 3.10197E-5 4.49849E-5 2.8899E-5 4.42945E-5 2.14586E-5 3.83275E-5
1.22145E-5 2.08534E-5 5.40649E-5 5.91723E-6 3.21733E-6 1.20755E-5 2.59226E-6 9.30017E-6 7.19825E-5 3.4478E-5 3.23688E-5 3.39376E-5 6.28551E-5 5.21614E-5 4.58089E-5 1.15114E-5 2.55215E-5 7.2606E-6 4.2229E-6 6.02257E-6 1.28095E-5 3.24609E-5 4.59546E-5 7.0227E-5 7.13508E-5 4.61142E-5 1.07529E-5 3.63848E-5 5.96089E-5 4.67302E-5 5.85283E-5 5.53712E-5 6.57087E-5 6.88377E-5 8.64302E-5 9.4725E-5 7.63723E-5 5.84102E-5 4.01041E-5 4.4712E-5 2.6119E-5 3.15492E-6 3.65045E-6 1.01683E-5 1.98996E-5 1.60503E-5 3.01457E-5 4.28343E-5 4.67397E-5 1.87647E-5 1.54626E-5 1.32642E-5 2.69092E-5 4.35291E-5 4.28799E-5 5.4132E-5 4.4695E-5 5.47544E-5 6.88205E-5 7.87508E-5 8.31312E-5 6.40238E-5 5.71925E-5 6.20015E-5 2.54329E-5 3.7632E-5
4.07406E-5 3.3543E-5 5.81401E-5 1.81177E-6 1.07262E-5 1.13442E-5 3.2564E-5 1.59456E-5 1.17236E-5 7.47359E-5 4.64773E-5 3.41617E-5 4.56163E-5 6.77204E-5 1.9895E-5 5.42739E-6 1.06344E-5 1.81873E-5 1.64889E-5 1.73326E-5 4.36264E-6 2.14071E-5 5.19428E-5 6.82616E-5 6.47082E-5 3.15684E-5 4.33707E-5 2.51326E-5 3.56895E-5 9.17522E-5 7.75642E-5 6.12795E-5 7.78471E-5 8.96695E-5 9.73896E-5 1.04888E-4 7.94986E-5 5.87139E-5 2.3325E-5 3.20476E-5 6.81988E-6 8.70722E-6 1.32773E-5 1.35799E-5 1.27163E-5 2.01623E-5 2.10569E-5 9.6685E-6 2.08956E-5 4.90961E-5 2.79045E-5 5.96413E-5 5.10753E-5 4.34118E-5 6.37442E-5 6.42838E-5 8.09943E-5 8.10348E-5 6.33992E-5 9.25579E-5 8.57906E-5 5.83998E-5 5.1627E-5 8.9915E-5 9.01334E-5 5.39856E-5
2.27258E-5 5.26676E-5 6.14972E-5 6.97919E-6 7.61835E-7 2.88098E-7 1.33435E-5 5.14184E-5 4.04981E-5 2.4182E-5 6.14247E-5 1.3593E-5 2.10072E-5 3.41728E-5 1.6642E-5 2.96419E-5 1.38496E-5 3.77112E-6 9.26237E-6 4.53233E-6 2.08458E-5 2.60542E-5 3.3343E-5 1.9628E-5 5.59716E-5 4.16412E-5 2.56823E-5 2.45954E-5 3.24898E-5 9.91916E-5 3.05612E-5 5.3721E-5 9.34673E-5 1.15942E-4 8.76112E-5 6.63507E-5 5.00703E-5 2.73274E-5 3.77542E-5 6.78809E-5 1.27773E-5 4.42761E-6 2.17966E-6 1.67032E-5 1.43684E-5 2.37557E-5 1.40077E-5 7.76711E-6 2.68138E-5 5.40705E-5 7.21411E-5 9.22179E-5 6.84446E-5 6.78461E-5 3.37138E-5 9.22274E-5 6.95992E-5 9.21299E-5 5.09572E-5 4.00649E-5 2.85413E-5 1.16655E-5 4.87151E-6 1.49433E-5 8.926E-5 8.06918E-5
1.402E-8 5.02751E-7 7.00103E-7 2.05756E-6 1.82765E-8 3.86499E-7 2.72703E-6 1.49208E-5 2.32481E-5 2.18515E-5 1.00356E-5 9.9599E-6 5.47237E-5 4.8162E-5 3.16912E-5 1.78538E-5 2.10466E-5 1.38028E-5 1.33599E-5 2.0863E-5 3.2905E-5 4.46295E-5 3.44818E-5 1.74134E-5 2.20807E-5 4.72152E-5 7.88296E-6 1.96088E-5 6.23868E-5 7.93366E-5 6.10223E-5 4.91676E-5 7.74239E-5 8.98982E-5 4.51984E-5 5.46791E-5 5.38257E-5 7.18572E-5 7.79517E-5 1.01861E-4 7.59263E-5 5.76366E-5 2.96688E-5 3.04613E-5 2.90006E-5 2.65313E-5 4.22438E-5 2.22789E-5 5.64154E-5 6.16531E-5 7.54108E-5 1.61624E-5 6.32685E-5 4.56566E-5 3.84656E-6 4.00864E-5 5.74102E-5 5.08253E-5 2.74832E-5 3.77192E-5 2.21078E-5 4.51792E-5 1.04273E-4 1.15577E-4 1.10919E-4 6.77331E-5
4.93305E-9 1.36015E-7 1.44058E-7 1.5073E-6 3.94679E-7 2.97717E-7 6.46008E-7 6.02159E-6 1.69604E-5 6.07042E-6 7.308E-6 1.26538E-5 2.57132E-5 1.70467E-5 1.00515E-5 1.16057E-6 1.65493E-5 1.35058E-5 1.57993E-5 1.59601E-5 2.16364E-5 3.69942E-5 4.30279E-5 3.90722E-5 3.45957E-5 4.61432E-6 8.05669E-7 1.82077E-5 2.38468E-6 5.84973E-5 4.82883E-5 3.74854E-5 5.7961E-5 4.74685E-5 7.53827E-5 6.99134E-5 4.43567E-5 6.85107E-5 8.22157E-5 8.33003E-5 6.93254E-5 5.43941E-5 4.62335E-5 1.6354E-5 2.30404E-5 8.30459E-6 4.67439E-5 7.23033E-5 5.60061E-5 7.59838E-5 3.1396E-5 8.51919E-6 1.16236E-5 4.85424E-6 5.79028E-5 4.68068E-5 3.82023E-5 7.11955E-6 2.81992E-5 4.92574E-5 5.94322E-5 1.1421E-4 1.77951E-4 3.29537E-4 1.7435E-4 1.30184E-4
1.16928E-8 2.90276E-8 1.0723E-8 1.72131E-7 1.30681E-7 5.46808E-7 1.27084E-6 1.60152E-5 1.71534E-5 7.87533E-6 1.04606E-6 1.52404E-5 2.63848E-5 2.74964E-5 1.85838E-5 1.9318E-6 7.24525E-6 7.35861E-6 7.83194E-6 1.32017E-5 1.8971E-5 2.86138E-5 3.27045E-5 2.87315E-5 8.19382E-6 5.07495E-6 1.75336E-5 1.18497E-5 5.69607E-6 2.00788E-5 4.32824E-5 1.4542E-5 1.9548E-5 6.26672E-5 7.42007E-5 7.85505E-5 6.15542E-5 5.63058E-5 6.36067E-5 3.69315E-5 5.76843E-5 4.88982E-5 3.32273E-5 4.41023E-5 5.20482E-5 1.92742E-5 5.179E-5 4.39353E-5 1.80116E-5 9.22785E-6 1.03662E-5 1.19516E-5 2.47748E-5 1.01908E-5 1.97593E-5 2.75167E-5 1.51566E-5 2.62863E-5 4.95853E-5 6.31323E-5 4.62519E-5 9.81358E-5 1.31037E-4 1.42238E-4 9.68137E-5 1.15068E-4
1.82654E-9 8.24888E-9 1.12924E-7 6.85043E-8 2.31804E-7 1.14206E-6 4.4195E-6 1.44488E-5 2.90041E-5 2.60376E-5 1.54016E-5 4.22321E-6 2.22653E-5 3.69838E-5 3.13256E-5 7.46289E-6 1.64681E-5 1.42538E-5 1.26832E-5 1.32046E-5 1.66599E-5 2.03221E-5 2.33278E-5 1.24987E-5 8.92001E-6 1.385E-5 5.26607E-6 2.07982E-5 1.87941E-5 2.12505E-5 3.32231E-5 1.8034E-5 7.56949E-6 8.453E-6 1.77761E-5 5.68024E-5 4.94933E-5 4.34395E-5 4.72965E-5 4.8556E-5 4.22239E-5 2.7554E-5 3.51856E-5 4.20919E-5 5.35685E-5 1.63256E-5 1.46328E-5 2.66835E-5 2.95679E-5 1.4746E-5 1.35496E-5 7.77115E-6 8.60757E-6 1.35484E-5 1.9791E-5 9.00524E-6 2.24881E-5 4.49854E-6 3.36771E-5 1.0651E-4 7.79196E-5 9.56382E-5 1.20634E-4 1.18179E-4 1.18583E-4 1.16414E-4
4.52602E-8 2.78526E-9 8.20544E-9 2.04064E-8 2.42113E-6 1.74069E-6 2.51324E-7 1.8191E-6 1.48739E-5 4.10305E-5 4.08561E-5 3.23441E-5 5.35692E-5 4.50724E-5 3.28113E-5 7.6078E-6 1.25325E-5 1.25246E-5 1.28328E-5 1.11117E-5 1.33349E-5 1.489E-5 1.68874E-5 1.59408E-5 1.78564E-5 1.75042E-5 1.42544E-5 5.14735E-6 3.36682E-5 3.10645E-5 3.09289E-5 3.90145E-5 2.95954E-5 2.8827E-6 4.29145E-6 3.02993E-5 8.66794E-6 3.44042E-5 3.51001E-5 3.61499E-5 2.98721E-5 2.32983E-5 4.06394E-5 3.39757E-5 3.71275E-5 2.45067E-5 1.59488E-5 2.04548E-6 4.69081E-5 6.21132E-5 5.42213E-5 3.50333E-5 9.98409E-6 6.16321E-6 3.68059E-5 1.33162E-5 9.80368E-5 9.93018E-5 3.80096E-5 4.85584E-5 6.48046E-5 9.45868E-5 8.21335E-5 8.97661E-5 1.21023E-4 1.34638E-4
7.3405E-8 6.36532E-8 8.22145E-8 1.39512E-8 3.51372E-7 1.95157E-7 9.22746E-8 3.20611E-6 3.18664E-5 5.44097E-5 5.70599E-5 6.69905E-5 7.09797E-5 6.28415E-5 2.36641E-5 8.43359E-7 9.32535E-6 1.6707E-5 1.41939E-5 1.3061E-5 1.02795E-5 1.08451E-5 8.62964E-6 1.06048E-5 1.2868E-5 1.30361E-5 1.74841E-5 2.43453E-5 3.20395E-5 5.62298E-5 5.39271E-5 8.36789E-5 8.88481E-5 5.96975E-5 6.49101E-5 5.42541E-5 4.07272E-5 3.45857E-5 2.76095E-5 2.75483E-5 2.50222E-5 2.49285E-5 2.17852E-5 3.1084E-5 1.96289E-5 8.16419E-6 2.79772E-5 1.98345E-5 1.58944E-5 4.9676E-5 4.89718E-5 3.37312E-5 3.47913E-5 4.77803E-5 4.76515E-5 3.68652E-5 8.02532E-5 1.36548E-4 5.18329E-5 3.4787E-5 5.15509E-5 8.24598E-5 1.11414E-4 1.22365E-4 1.67043E-4 2.21568E-4
1.6612E-8 8.41684E-8 5.47327E-6 2.06113E-7 2.62763E-8 9.08774E-7 3.89992E-7 2.79303E-5 6.45025E-5 4.47807E-5 5.59226E-5 8.11975E-5 1.92269E-5 5.81441E-5 3.11298E-5 3.75713E-6 2.46667E-5 2.23013E-5 1.49357E-5 1.32766E-5 9.55721E-6 7.24061E-6 7.93341E-6 5.69665E-6 7.47102E-6 1.69602E-5 1.61247E-5 2.1059E-5 2.84568E-5 4.49298E-5 5.09189E-5 3.19175E-5 5.32509E-5 6.3226E-5 3.21852E-5 6.32868E-6 1.39056E-5 2.29932E-5 2.7288E-5 2.92994E-5 3.02875E-5 2.81039E-5 1.53869E-5 2.14867E-5 3.04416E-6 1.10499E-6 9.00662E-7 2.9571E-6 8.32335E-6 1.11431E-5 3.18244E-5 4.67719E-5 6.07764E-5 5.03697E-5 1.41287E-5 1.39417E-5 4.54564E-5 4.27323E-5 3.25513E-5 3.91814E-5 4.83238E-5 1.70234E-4 1.65756E-4 1.36108E-4 2.32389E-4 2.78151E-4
2.32965E-8 1.65029E-7 6.32122E-7 3.31799E-7 4.35951E-6 6.5654E-7 1.27013E-6 5.66323E-6 8.27475E-5 4.1187E-5 2.73318E-5 6.36996E-5 4.52537E-5 1.81545E-5 1.29956E-5 6.92243E-6 1.84487E-5 2.21064E-5 1.76498E-5 1.28895E-5 1.08845E-5 9.06525E-6 7.40208E-6 5.92774E-6 7.88851E-6 1.3491E-5 1.49149E-5 1.8582E-5 3.11398E-5 3.61079E-5 5.37139E-5 2.38158E-5 3.85643E-5 2.47128E-5 5.35664E-6 1.6247E-5 6.63649E-6 1.28607E-6 1.6612E-5 4.2487E-5 4.33234E-5 4.06475E-5 3.68037E-6 4.09073E-6 4.53104E-7 4.29721E-7 2.05649E-5 6.65263E-7 3.96785E-6 1.29592E-5 3.41458E-5 4.59722E-5 3.40565E-5 8.00067E-6 8.68021E-6 5.25787E-5 1.27533E-4 2.48681E-5 3.62241E-5 5.46232E-5 5.70518E-5 1.06457E-4 2.47148E-4 2.44694E-4 3.37345E-4 1.22943E-4
8.84023E-8 7.43519E-9 3.29256E-7 1.02955E-6 7.00949E-8 3.97593E-7 1.58554E-6 6.84126E-7 3.90691E-5 7.50479E-5 1.62621E-5 4.6793E-6 9.66034E-7 2.35203E-6 2.77706E-5 3.12521E-5 1.86836E-5 2.03857E-5 1.85485E-5 1.68092E-5 1.43629E-5 1.09875E-5 9.38578E-6 6.95682E-6 1.14306E-5 1.55649E-5 1.67271E-5 2.16206E-5 3.41195E-5 3.27586E-5 5.20471E-5 3.2981E-5 2.0223E-5 1.50335E-5 6.64825E-6 1.24293E-5 2.67351E-5 1.85491E-5 4.1934E-7 9.53738E-7 3.33962E-5 4.81379E-5 5.69573E-7 6.03042E-7 1.02173E-6 4.32304E-7 6.29239E-8 2.64215E-7 4.42105E-6 3.23372E-6 6.69472E-6 3.77335E-5 1.59329E-5 6.75083E-5 2.2571E-5 8.74922E-5 1.13618E-4 7.14599E-5 5.66049E-5 6.52581E-5 1.555E-4 8.91541E-5 1.67781E-4 1.85667E-4 1.57229E-4 1.5331E-4
5.35757E-7 1.98803E-6 2.1963E-7 2.52356E-7 3.25911E-7 7.37129E-7 5.5735E-7 3.89651E-7 1.35529E-5 1.25564E-5 1.38478E-5 3.12813E-6 6.69843E-7 1.67935E-6 9.23758E-6 2.53146E-5 1.0912E-5 2.36813E-5 2.52571E-5 2.20874E-5 1.84915E-5 1.56592E-5 9.78154E-6 1.11569E-5 1.46895E-5 1.03193E-5 3.03824E-5 2.93932E-5 5.0114E-5 3.95638E-5 4.2512E-5 4.32132E-5 4.22554E-5 1.12516E-5 7.74821E-6 3.98622E-5 3.5337E-5 4.93538E-5 6.95335E-6 2.54958E-6 8.00858E-5 4.33169E-5 4.74882E-5 1.21249E-6 1.98573E-7 2.39951E-8 1.01366E-7 4.04535E-5 2.34701E-5 4.60838E-6 1.33226E-5 2.25925E-5 2.5408E-4 6.287E-5 3.78022E-5 7.49629E-5 1.63081E-4 7.14054E-5 8.66507E-5 1.04346E-4 2.00573E-4 2.21789E-4 3.09207E-4 3.06176E-4 1.39645E-4 1.40699E-4
9.31308E-7 2.09887E-6 1.23757E-6 1.88683E-7 6.37495E-7 1.01728E-5 3.97695E-6 1.13801E-6 1.09129E-6 7.65133E-6 9.24464E-6 1.7958E-5 9.96253E-8 1.94156E-6 1.97393E-5 7.35229E-6 2.1903E-5 2.64597E-5 3.30259E-5 2.84884E-5 2.35125E-5 2.47262E-5 1.5373E-5 1.97522E-5 1.09232E-5 1.52599E-5 4.82707E-5 3.31767E-5 2.91759E-5 7.48515E-6 2.31729E-5 4.99853E-5 6.54854E-5 6.08132E-5 7.6923E-6 1.74882E-5 2.32052E-5 4.98082E-5 4.36681E-5 2.76822E-7 2.01831E-5 2.54871E-5 6.62787E-6 5.08147E-5 3.07613E-5 5.41784E-8 5.35114E-9 2.08429E-5 1.3929E-5 2.84003E-5 9.15368E-5 1.77023E-4 9.91642E-5 6.83403E-5 4.32819E-5 2.33754E-5 7.00447E-5 5.57896E-5 1.3012E-4 1.6234E-4 2.15648E-4 3.06939E-4 3.08283E-4 1.99231E-4 1.42342E-4 1.25106E-4
2.98794E-6 6.18233E-6 7.03323E-6 2.76508E-6 2.43891E-7 5.78495E-6 8.61114E-6 6.78325E-7 1.29827E-6 1.01927E-6 3.59231E-6 2.02919E-5 8.5608E-7 1.32431E-6 3.0495E-5 1.28152E-5 1.01987E-5 5.0932E-5 2.05787E-5 3.82924E-5 5.03872E-5 2.23626E-5 1.99536E-5 1.8943E-5 2.96584E-5 3.63373E-5 2.96633E-5 2.79358E-5 3.40645E-5 2.97199E-5 3.8402E-5 5.72581E-5 6.77037E-5 8.24359E-5 1.10829E-5 1.32064E-5 7.83007E-5 6.71783E-5 8.39078E-5 6.70951E-6 1.59986E-6 9.7438E-6 7.77025E-7 1.33498E-5 9.29245E-6 4.93886E-7 3.30916E-8 1.5582E-5 2.08493E-5 7.91619E-5 8.53635E-5 7.8054E-5 2.33482E-5 1.33369E-4 9.2391E-5 1.86721E-5 3.06635E-5 7.82425E-5 1.28241E-4 1.49279E-4 2.22183E-4 1.88611E-4 2.63605E-4 2.98431E-4 9.63704E-5 1.09881E-4
1.51988E-6 9.64697E-7 1.89662E-7 2.10469E-7 1.14287E-6 1.80076E-7 2.63346E-6 6.62729E-6 9.6795E-6 2.55802E-5 1.74822E-6 3.56671E-5 2.22937E-6 5.70089E-6 4.11038E-6 3.4074E-6 8.26452E-6 6.01207E-5 2.37522E-5 3.9588E-6 3.83674E-5 4.28228E-5 2.53195E-5 2.54496E-5 3.62799E-5 3.33132E-5 2.80328E-5 2.61178E-5 2.6899E-5 4.13177E-5 7.09668E-5 4.69486E-5 7.7258E-5 9.32871E-5 3.85683E-5 2.66366E-5 4.69749E-5 6.76479E-5 7.59003E-5 9.24178E-5 2.78915E-5 3.96918E-5 1.75905E-5 1.11275E-5 3.32553E-5 4.19158E-6 4.97964E-8 3.48938E-5 5.09966E-5 1.50378E-5 5.23019E-5 6.1555E-5 4.32962E-5 9.72228E-5 1.3557E-4 4.34446E-5 4.7844E-5 9.66864E-5 1.1427E-4 1.19786E-4 3.36697E-4 2.65145E-4 1.68644E-4 2.5959E-4 1.72374E-4 3.07635E-4
1.07416E-7 3.01611E-8 5.2078E-8 8.88792E-8 1.01925E-6 9.1033E-7 7.34182E-6 8.51878E-7 1.27284E-6 3.39259E-5 2.36281E-5 3.78315E-6 9.18401E-7 5.17866E-6 8.53442E-6 4.53076E-6 8.41827E-6 4.75258E-5 6.34237E-5 2.71479E-5 3.52987E-5 4.69591E-5 2.02886E-5 1.91849E-5 2.1453E-5 1.83308E-5 3.37683E-5 3.83478E-5 4.57726E-5 5.14989E-5 6.77804E-5 5.06964E-5 6.42444E-5 8.57836E-5 3.60796E-5 5.81692E-6 1.5842E-5 1.86633E-5 1.61076E-5 6.99438E-5 3.23197E-5 2.46235E-5 4.75278E-6 8.76849E-6 1.98959E-5 1.25937E-5 2.54966E-6 2.12094E-5 3.22833E-5 1.02635E-5 3.34842E-5 3.99889E-5 3.14479E-5 3.06907E-5 8.16297E-5 8.61598E-5 1.76191E-4 3.3041E-4 2.49843E-4 4.90165E-4 4.55709E-4 2.00516E-4 6.50225E-5 1.51902E-4 1.14016E-4 1.52182E-4
1.47228E-6 3.28848E-6 2.73919E-6 6.3559E-8 1.19791E-7 3.33413E-5 3.90649E-5 1.12235E-5 1.03672E-5 1.93072E-5 1.45927E-5 5.35759E-6 5.68669E-6 1.87118E-6 4.31532E-6 8.14937E-6 1.37635E-5 6.46497E-5 6.31503E-5 2.44407E-5 3.43967E-5 2.5048E-5 1.75103E-5 1.64047E-5 2.12739E-5 2.37607E-5 3.45673E-5 5.25419E-5 5.63388E-5 5.22464E-5 6.36568E-5 5.11078E-5 5.73118E-5 6.52731E-5 4.35256E-5 5.86121E-6 2.61391E-5 1.93704E-5 2.28449E-5 1.44812E-5 7.78318E-6 7.03094E-6 1.84264E-6 1.27556E-5 8.20029E-6 1.05313E-5 1.1917E-5 3.19571E-5 2.29724E-5 2.2168E-5 2.58915E-5 2.59681E-5 2.82889E-5 1.3521E-5 4.79872E-5 8.90211E-5 2.05411E-4 4.0875E-4 1.30086E-4 4.67087E-4 4.47594E-4 2.9608E-4 1.36377E-4 9.05882E-5 1.70717E-4 1.11656E-4
1.99282E-5 2.37084E-5 2.1225E-5 1.51914E-5 8.71571E-8 2.50668E-5 2.58593E-5 1.2258E-5 1.37614E-5 4.62843E-6 3.50707E-6 2.30242E-5 4.9678E-6 4.89745E-6 1.50283E-5 2.73285E-6 1.85069E-6 5.59399E-6 4.52591E-5 3.2842E-5 2.22761E-5 2.3779E-5 2.03651E-5 1.50626E-5 2.99618E-5 3.70055E-5 5.40662E-5 4.85425E-5 6.27887E-5 1.21438E-4 1.23386E-4 5.47988E-5 4.50712E-5 2.9917E-5 2.23043E-5 5.07241E-6 2.11355E-5 2.71388E-6 9.77554E-6 3.01395E-5 2.97731E-5 2.941E-5 2.40063E-6 1.79838E-5 1.60086E-5 2.0803E-5 2.14399E-5 5.04611E-5 3.7635E-5 3.91516E-5 1.79059E-5 2.62749E-5 4.10973E-5 4.19503E-5 4.35769E-5 8.07196E-5 1.34633E-4 3.58727E-4 1.03345E-4 1.15957E-4 1.58925E-4 1.38709E-4 8.03309E-5 7.56912E-5 1.66468E-4 1.42419E-4
1.0966E-5 8.81243E-6 2.54706E-5 2.58803E-5 2.69153E-5 4.5695E-5 5.22755E-5 5.21128E-6 8.79511E-6 3.16931E-6 1.71901E-7 1.83025E-7 1.98242E-7 3.9092E-6 6.11181E-6 3.94787E-6 1.94396E-5 2.39456E-5 2.49144E-5 2.36654E-5 1.72641E-5 2.0567E-5 1.70982E-5 1.30406E-5 1.37017E-5 4.59665E-5 5.278E-5 7.78806E-5 8.22139E-5 1.68125E-4 3.93508E-5 8.73398E-5 6.29185E-5 7.02753E-6 3.14965E-6 1.69206E-5 2.08964E-5 4.02474E-5 5.20559E-5 3.1299E-5 5.54237E-5 1.84858E-5 2.97839E-5 6.67401E-5 3.34536E-5 1.19159E-5 1.82009E-5 4.65043E-5 5.99004E-5 1.79605E-5 8.8203E-6 3.50823E-5 4.6025E-5 4.53796E-5 4.13781E-5 8.01594E-5 8.46277E-5 9.80707E-5 7.11632E-5 6.45811E-5 1.22321E-4 1.02873E-4 1.89976E-4 9.39332E-5 2.05103E-4 1.3133E-4
2.70827E-5 2.50387E-5 3.05041E-5 3.50968E-5 3.06457E-5 4.12094E-5 4.34472E-5 8.87837E-6 2.87643E-6 2.53611E-6 1.96509E-6 2.03025E-7 1.18194E-6 2.07048E-6 5.87049E-6 1.30742E-5 7.71642E-6 1.91922E-6 3.85332E-6 8.20251E-6 2.28434E-5 1.79692E-5 2.33808E-5 1.64925E-5 1.42056E-5 1.40673E-5 2.47078E-5 1.3562E-5 5.9929E-6 3.7615E-5 6.8702E-5 6.93045E-5 8.50619E-5 3.40582E-5 6.18115E-6 1.24847E-5 7.86873E-6 3.51526E-5 8.80157E-6 4.2731E-5 2.8327E-5 6.29492E-5 5.7548E-6 4.07272E-6 1.20099E-5 9.06773E-6 1.208E-5 7.92307E-5 5.39493E-5 4.00298E-5 1.75609E-5 4.60995E-5 5.27426E-5 8.33858E-5 4.90932E-5 7.36957E-5 9.98242E-5 5.31908E-5 5.74671E-5 8.32846E-5 1.13447E-4 9.66412E-5 1.86805E-4 1.51198E-4 2.91365E-4 2.63761E-4
3.77063E-5 4.36488E-5 2.19829E-5 2.4059E-5 4.81313E-5 3.42239E-5 4.47241E-5 6.51406E-5 1.4939E-5 8.78749E-7 2.33053E-7 5.50239E-7 1.2237E-6 1.67248E-6 4.84776E-7 4.15028E-6 2.5028E-6 2.55157E-5 7.0637E-6 4.78053E-6 2.11998E-5 1.41857E-5 1.57823E-5 1.09249E-5 2.02253E-5 1.05234E-5 5.61402E-6 5.17474E-6 3.26069E-5 7.32007E-5 9.21415E-5 1.13538E-4 7.28343E-5 4.29455E-5 3.30041E-5 5.87369E-6 1.07881E-5 1.85997E-5 2.86978E-6 7.42137E-5 9.57174E-5 4.0322E-5 1.20589E-5 3.53892E-6 2.41517E-5 8.93231E-6 9.79712E-5 8.60466E-5 4.13592E-5 5.92884E-5 4.8988E-5 7.28757E-5 8.94015E-5 9.72362E-5 8.28391E-5 8.24072E-5 9.95836E-5 1.13782E-4 1.03752E-4 1.3266E-4 1.24666E-4 1.01595E-4 1.28277E-4 1.3916E-4 5.357E-4 3.86028E-4
