catData/rasterBestHybridModels/Pbengalensis/RDbal_BM01_RM1.5_L/Pbengalensis_avg.asc
ncols         409
nrows         350
xllcorner     60.897278365
yllcorner     5.843756025
cellsize      0.0892857
NODATA_value  -9999
[rows 203 to 231 of 350, columns 132 to 197 of 409]
-9999 -9999 -9999 1.66354E-5 2.25086E-5 1.3446E-5 3.81826E-5 5.82864E-5 9.55538E-5 5.44919E-5 5.7573E-6 1.12567E-5 5.34308E-6 7.83834E-6 1.04892E-5 2.20565E-5 1.30837E-5 2.30932E-5 2.73456E-5 1.64968E-5 1.46496E-5 5.00363E-5 1.18781E-5 6.75887E-6 2.78446E-6 9.27974E-6 7.1829E-6 1.81762E-5 5.04824E-5 1.90758E-5 1.95582E-5 1.30536E-5 9.91385E-6 6.25339E-6 1.04335E-5 6.28648E-6 7.45576E-7 1.01323E-6 6.3935E-6 1.38717E-6 2.80496E-6 5.02173E-6 2.3272E-5 1.86236E-7 1.47742E-6 2.22029E-6 2.25541E-6 4.40699E-6 3.81574E-6 7.62417E-7 3.06254E-6 6.04109E-6 1.11954E-6 1.11498E-6 2.51579E-6 1.53273E-5 2.92072E-6 1.15867E-7 5.48178E-7 1.36353E-5 3.56635E-5 5.16953E-7 6.13367E-5 4.42052E-5 2.77298E-5 2.19055E-5
-9999 -9999 1.61132E-4 1.93241E-5 9.35662E-6 4.1423E-5 5.75242E-5 4.32845E-5 1.37975E-4 9.95011E-6 1.16144E-5 1.52792E-6 6.20484E-6 1.15698E-5 2.77563E-5 1.25289E-5 4.94388E-6 3.40138E-5 3.3023E-5 3.49238E-5 3.12977E-5 6.31384E-5 3.05963E-5 2.27407E-5 1.92023E-5 7.43893E-6 8.32251E-6 1.97621E-5 6.13224E-5 3.93564E-5 4.42776E-5 1.47765E-5 6.97861E-6 7.4247E-6 7.90329E-6 1.22865E-5 1.45357E-6 1.84529E-7 1.36963E-6 7.4555E-7 2.53553E-6 4.20505E-6 1.13736E-5 1.82275E-5 1.19E-6 3.46447E-7 7.29425E-6 5.94105E-6 2.05777E-6 4.06361E-7 4.71384E-6 2.77996E-5 1.87997E-5 1.0085E-6 6.36712E-6 3.17441E-6 4.7893E-7 7.60336E-8 7.4894E-6 3.45707E-6 5.58584E-5 5.18965E-6 6.31425E-6 1.4768E-6 1.43129E-5 4.76177E-6
-9999 -9999 4.01241E-5 2.33855E-7 1.0288E-5 1.35533E-5 2.03919E-5 3.72081E-5 2.25159E-5 2.00367E-5 2.8203E-5 4.47722E-5 1.90849E-5 9.31615E-6 1.6705E-5 2.45692E-5 1.20283E-5 4.90011E-6 1.00686E-5 3.85659E-5 5.71624E-5 5.45421E-5 4.78913E-5 3.47876E-5 3.53918E-5 2.87981E-5 1.64547E-6 3.0994E-6 7.07568E-5 4.56368E-5 1.2053E-5 7.00834E-6 1.20324E-5 9.6193E-6 2.28557E-6 1.45586E-5 4.65468E-5 1.03928E-5 1.4121E-6 1.47523E-6 2.73785E-6 1.35958E-6 3.59983E-6 3.2669E-6 1.56203E-7 1.59969E-6 1.36045E-6 2.73031E-5 1.08552E-5 6.45396E-6 2.04264E-5 3.49706E-5 5.67702E-6 9.59311E-6 1.24349E-5 1.17192E-6 1.69409E-7 1.96009E-7 2.88638E-6 4.06758E-5 5.97637E-5 6.15964E-6 1.67536E-6 2.11041E-6 5.99118E-6 2.09338E-5
-9999 -9999 7.93877E-5 2.00208E-5 8.88873E-6 1.53458E-5 1.20132E-5 7.18031E-5 1.5409E-4 6.66567E-6 6.17342E-5 1.41346E-5 1.81218E-4 3.02447E-5 5.33535E-5 1.62428E-5 7.09135E-6 1.20762E-5 5.60777E-6 9.24396E-6 2.79735E-5 4.97712E-5 5.83584E-5 1.05852E-5 2.30182E-5 3.72035E-5 8.58899E-5 8.21873E-6 2.92598E-5 3.76766E-5 2.23593E-5 3.91739E-6 3.43392E-6 3.6161E-6 1.46402E-6 1.85326E-6 1.40707E-6 1.31987E-6 4.78278E-7 2.32565E-7 2.94596E-7 3.19723E-6 3.84916E-7 6.00025E-6 5.68643E-6 1.76235E-6 1.12081E-6 4.82295E-6 4.67447E-6 1.09474E-6 2.37616E-6 2.16193E-5 4.49277E-6 7.00892E-6 1.96549E-6 3.53351E-5 3.74285E-6 2.62653E-5 9.50666E-5 7.98383E-5 5.34608E-5 8.69384E-5 3.02337E-6 1.23619E-5 2.9536E-5 2.47615E-5
-9999 -9999 1.58982E-4 1.23121E-5 3.37771E-5 6.47377E-6 7.48257E-5 4.96031E-5 1.15375E-4 1.03211E-5 2.1177E-6 1.47051E-5 7.76861E-5 1.98385E-4 3.99384E-5 4.02631E-5 2.76096E-5 2.43956E-5 1.47165E-5 5.68041E-5 2.71768E-5 3.69294E-5 4.86951E-6 1.17579E-5 1.6632E-5 2.7241E-5 2.74527E-5 5.57704E-5 6.40529E-6 1.08276E-5 1.85197E-5 4.76595E-5 4.83579E-5 1.9574E-5 1.92595E-5 2.05372E-6 3.53201E-7 4.79176E-7 6.08395E-6 3.18177E-6 4.35468E-6 3.52754E-5 4.99219E-6 2.46219E-6 2.82092E-6 1.74181E-6 3.05418E-6 4.9617E-6 7.87182E-6 1.52819E-7 8.32658E-6 1.51408E-5 5.4909E-6 1.11638E-6 1.7462E-6 8.48822E-7 1.73592E-5 6.94141E-5 6.55654E-5 6.99967E-5 7.89604E-5 6.51054E-5 9.90216E-6 1.22562E-5 3.49019E-5 2.47323E-5
-9999 -9999 1.39754E-4 9.27447E-5 1.48587E-4 7.70669E-5 7.66549E-6 1.25385E-5 1.08196E-4 1.01298E-4 8.0813E-6 3.98316E-5 3.83213E-5 2.36043E-5 1.94035E-5 3.98707E-5 1.95701E-5 2.61877E-5 1.00248E-5 4.50313E-5 1.19819E-4 1.91189E-5 5.82443E-6 2.74223E-5 1.92741E-5 3.36278E-5 2.06258E-5 5.53953E-5 9.89153E-6 7.87709E-6 3.39302E-5 2.40414E-5 5.7288E-5 2.98056E-5 5.4968E-6 3.72322E-6 1.61235E-6 1.36238E-6 3.80393E-6 7.56891E-7 1.02457E-6 1.59235E-6 2.43945E-5 6.36529E-5 1.48088E-5 9.18176E-6 1.4868E-6 2.37893E-6 1.31934E-6 1.25297E-5 8.08862E-6 1.4959E-6 3.13646E-7 1.39616E-6 1.44329E-7 5.66114E-7 3.03265E-6 6.24429E-5 3.74579E-5 1.69785E-5 1.12572E-5 8.57849E-6 4.97576E-5 4.85745E-5 2.20417E-5 1.83624E-5
-9999 -9999 1.12847E-4 9.00348E-5 1.7636E-5 1.21256E-4 3.26152E-5 3.91356E-5 8.27003E-5 9.31626E-5 1.63526E-5 5.2686E-5 4.1162E-6 2.41969E-6 4.79989E-5 6.85057E-5 3.11676E-5 2.19031E-5 2.03486E-5 9.53617E-6 9.69163E-6 2.12658E-6 3.49598E-6 4.23353E-5 1.85997E-5 4.76379E-5 9.38109E-6 1.20327E-5 1.27542E-5 6.35247E-6 4.96745E-6 2.54387E-5 1.89673E-5 3.6409E-5 2.22159E-5 8.06199E-6 1.85676E-6 1.61927E-6 9.70247E-6 2.49927E-6 1.31266E-6 4.27174E-7 7.84896E-7 1.43587E-5 4.50002E-5 1.27092E-5 4.00931E-6 7.0578E-7 2.56926E-6 6.41801E-6 4.32888E-5 1.01796E-5 3.06008E-6 6.84896E-6 2.76175E-7 2.36898E-7 9.99008E-7 1.77066E-5 9.68549E-5 6.46999E-5 6.58649E-6 1.77764E-6 1.41234E-5 1.57098E-5 6.18435E-6 5.20753E-5
-9999 -9999 -9999 1.65495E-4 5.03806E-5 1.34828E-5 4.78031E-5 3.19103E-5 4.5393E-5 1.85904E-5 4.02906E-6 1.05565E-5 1.83816E-6 3.01846E-6 1.37426E-5 5.35357E-5 7.98719E-5 1.47537E-5 5.30489E-5 2.87801E-5 6.60572E-5 1.89374E-5 4.6892E-5 4.74614E-5 2.37731E-5 1.10966E-5 1.44867E-5 8.97389E-6 2.05728E-5 1.2362E-5 5.42416E-6 7.65082E-6 3.95338E-6 2.11259E-5 3.72472E-5 4.5136E-5 2.02943E-5 1.38027E-5 9.95318E-6 1.89256E-6 1.6511E-6 2.51131E-6 9.003E-6 4.66092E-6 8.55408E-6 2.43036E-6 9.81165E-6 5.03329E-6 2.75719E-6 7.40734E-6 1.00267E-6 4.16355E-6 4.26123E-7 2.93555E-6 3.43775E-6 5.82557E-6 1.99092E-6 5.95531E-7 7.85882E-5 7.34913E-5 4.99425E-5 9.2353E-6 1.66324E-6 9.79305E-6 1.51301E-6 2.8483E-6
-9999 -9999 -9999 -9999 4.93013E-5 1.52613E-5 8.8091E-5 2.69233E-5 2.22877E-5 3.17018E-5 5.94627E-6 4.84443E-5 2.85401E-5 7.29902E-7 2.29698E-5 3.27936E-5 2.46311E-5 6.30165E-6 3.59526E-5 2.70869E-5 6.05648E-5 1.58897E-5 9.2071E-6 1.66889E-5 2.86399E-5 2.18483E-5 4.14391E-5 1.28415E-5 1.54878E-6 4.37444E-6 9.24406E-6 7.08923E-6 5.05122E-5 2.66335E-5 5.61939E-6 7.9193E-6 2.11376E-5 2.03184E-5 9.3662E-6 3.85526E-6 3.07578E-6 7.00616E-7 5.31973E-6 3.45568E-6 2.05848E-6 1.75379E-6 1.30604E-5 4.95491E-6 6.66783E-7 7.98817E-7 1.14387E-6 1.1124E-7 7.28012E-6 5.12519E-6 5.75304E-5 2.46472E-6 3.1929E-6 6.92063E-6 2.746E-5 3.44315E-5 2.60283E-5 4.46238E-5 1.41213E-5 2.65299E-5 6.2909E-6 1.62618E-6
-9999 -9999 -9999 1.12577E-4 6.82973E-5 9.8014E-5 7.68702E-5 4.04823E-5 3.13798E-6 8.58138E-5 5.76013E-5 2.36925E-5 8.4105E-7 2.66439E-6 2.99983E-5 3.62556E-5 1.10009E-5 3.05184E-5 3.18467E-5 2.22991E-5 5.36534E-5 5.26336E-5 4.2188E-5 3.95755E-5 1.47799E-5 9.36413E-6 1.18805E-5 4.37692E-5 2.99917E-6 1.17674E-5 6.64908E-5 1.35018E-5 2.31231E-6 8.24511E-6 4.49206E-6 1.87647E-5 3.6874E-6 1.41846E-5 7.32257E-6 2.46515E-7 4.8619E-7 4.02357E-6 2.37702E-6 1.42115E-6 6.09039E-6 7.5561E-7 4.66122E-6 2.75049E-6 9.29723E-7 4.07037E-7 5.79854E-6 1.27686E-6 3.06251E-7 2.84527E-6 3.14396E-5 3.62104E-6 2.50857E-7 2.0971E-7 2.60119E-6 3.52635E-5 2.29774E-5 1.23602E-5 2.16133E-5 1.991E-5 1.23918E-6 2.35861E-6
-9999 -9999 -9999 -9999 1.04619E-4 9.36457E-5 9.02041E-6 2.21461E-5 2.73738E-5 6.26613E-6 5.95379E-5 7.10437E-5 7.47714E-7 1.66073E-6 9.15294E-6 2.50452E-5 1.05914E-5 6.04487E-6 2.72092E-5 4.33576E-5 7.784E-5 8.02759E-5 6.13147E-5 1.17933E-5 1.61046E-5 3.98027E-6 1.42489E-5 1.05643E-5 5.42651E-6 2.31127E-5 2.70961E-5 7.09655E-6 1.85921E-6 1.95764E-5 8.19971E-7 1.29671E-5 3.40002E-5 4.0027E-5 3.16012E-5 1.40604E-5 1.50906E-6 5.35558E-6 7.86722E-6 1.31102E-6 3.66641E-6 1.10129E-5 1.22323E-5 9.30084E-6 1.2865E-6 1.13528E-6 5.50593E-7 1.22613E-5 1.46065E-6 8.38835E-7 1.52818E-6 1.10758E-5 5.98726E-6 8.01558E-8 2.41911E-7 1.70454E-6 2.70015E-7 1.91042E-5 5.38071E-6 4.44389E-6 2.19573E-5 2.92917E-6
-9999 -9999 -9999 -9999 9.76222E-5 7.67234E-5 1.03948E-5 4.13837E-6 5.02233E-6 3.26472E-5 1.96208E-4 1.09629E-4 2.52782E-5 1.16831E-5 5.72713E-6 2.50957E-5 2.60725E-5 3.16449E-5 3.87239E-5 1.57548E-5 1.94949E-5 5.72165E-6 1.58459E-5 2.50405E-6 2.44606E-6 2.3548E-6 5.1617E-6 1.62771E-5 6.81543E-6 1.90021E-6 8.93192E-7 4.43127E-6 3.35316E-6 5.99777E-7 1.13307E-5 1.66574E-5 1.97622E-5 6.92631E-5 1.62499E-5 3.13684E-5 2.16628E-5 7.46009E-6 1.91807E-6 2.3634E-6 1.67194E-6 3.2817E-6 1.58807E-6 1.163E-6 7.65774E-6 1.84554E-6 2.23939E-7 9.69956E-6 1.03236E-6 5.35919E-6 1.23543E-6 1.51457E-5 9.02035E-6 9.53028E-7 2.4044E-7 1.88045E-7 9.51671E-7 1.32783E-5 5.44057E-6 5.08843E-7 2.35383E-6 2.13769E-6
-9999 -9999 -9999 -9999 2.08195E-4 1.80846E-4 3.66026E-6 2.99089E-6 7.78968E-6 2.17937E-4 2.67046E-4 1.14206E-4 9.03302E-6 1.45253E-5 2.97228E-5 2.98377E-6 9.39454E-6 1.68572E-5 3.80564E-5 1.75768E-5 6.72219E-6 4.1575E-7 1.56146E-6 5.9733E-6 1.00857E-5 5.2128E-6 6.9564E-6 2.20823E-5 3.05922E-6 3.22752E-6 6.69547E-6 5.55795E-6 2.21558E-5 1.48104E-6 1.52406E-5 5.35632E-6 1.23391E-5 2.6733E-5 2.15467E-5 6.90545E-5 3.30835E-5 3.7775E-6 8.13564E-7 6.84168E-6 1.75145E-5 1.03477E-6 8.76998E-7 3.73351E-6 2.20812E-6 1.26434E-6 3.53811E-6 1.26767E-5 4.15732E-6 3.18938E-6 2.53062E-7 4.16529E-7 1.61568E-6 5.96357E-6 5.63579E-7 4.98676E-7 1.25026E-6 1.07194E-5 2.09265E-5 1.75767E-5 8.96891E-8 1.01333E-7
-9999 -9999 -9999 -9999 2.02927E-4 2.1974E-4 1.45691E-5 1.51828E-6 8.89934E-6 7.9966E-5 1.92988E-4 7.76511E-5 1.0888E-5 1.3608E-5 3.97237E-5 2.1346E-5 1.45493E-5 1.52833E-5 1.69072E-5 1.10931E-5 1.81892E-5 9.68503E-6 3.19196E-5 1.58779E-5 2.55394E-5 8.74723E-6 2.68043E-6 6.67418E-6 1.12733E-5 1.28636E-5 8.25198E-6 3.27594E-5 1.39225E-5 4.17447E-6 8.37706E-6 2.77206E-5 5.07192E-6 1.94488E-5 1.05912E-5 3.7822E-5 6.70102E-6 1.64165E-5 3.87248E-5 2.71344E-5 5.78465E-6 7.25176E-7 6.64713E-7 4.71724E-7 2.69072E-7 9.14978E-6 7.05923E-6 2.476E-6 9.96252E-6 5.07961E-6 6.19715E-6 2.06017E-6 2.01305E-6 1.71046E-6 3.0773E-5 5.35693E-7 9.38989E-7 1.90937E-5 4.31762E-6 2.74867E-5 1.54556E-6 8.86989E-8
-9999 -9999 -9999 -9999 -9999 1.10622E-4 2.22728E-5 2.88465E-6 3.6678E-6 6.57537E-6 2.14843E-4 1.39326E-4 1.79467E-4 6.33317E-6 4.26687E-6 5.75947E-6 2.61383E-5 4.68573E-6 1.15499E-5 2.19311E-5 9.44797E-6 7.16165E-6 9.19494E-5 1.11232E-4 9.204E-5 2.81733E-5 5.27344E-6 1.77381E-5 2.07838E-5 2.78178E-5 1.33573E-5 4.09222E-5 1.01497E-5 6.32569E-6 1.59026E-5 1.91802E-5 9.48344E-5 1.13045E-5 6.71383E-6 3.19021E-7 3.28023E-6 4.07751E-6 5.05772E-7 2.98448E-6 8.97508E-6 1.55972E-6 1.0376E-6 7.12081E-7 9.51765E-7 3.95755E-6 5.19463E-6 3.89133E-6 1.27623E-6 1.54589E-5 4.3217E-6 9.9307E-6 1.30556E-6 5.03094E-6 7.3998E-7 2.97692E-6 4.13564E-6 6.59977E-7 1.98995E-6 5.36184E-6 6.88047E-8 7.04535E-7
-9999 -9999 -9999 -9999 -9999 9.67321E-5 3.92611E-5 3.74087E-5 8.11108E-5 2.31337E-5 1.33694E-5 1.70746E-4 1.37015E-4 7.35867E-5 1.22927E-5 5.27805E-6 6.69904E-5 1.02925E-5 2.08243E-5 7.71926E-6 1.18315E-5 3.8313E-5 5.3778E-5 6.14778E-5 3.84459E-5 4.19261E-5 1.41828E-5 7.81397E-6 1.06426E-5 9.54669E-7 1.91533E-5 6.69993E-6 3.98058E-6 1.42293E-5 2.5775E-5 2.48941E-5 1.93327E-5 1.90971E-6 1.06898E-5 3.55664E-7 2.13549E-6 1.89952E-5 4.36084E-6 1.98138E-6 4.49775E-5 4.10949E-7 2.88181E-7 1.9494E-7 9.78228E-7 4.30398E-7 2.4406E-6 6.3116E-7 1.80685E-5 9.38336E-6 2.55018E-5 4.60805E-6 1.67371E-5 7.47815E-7 1.43582E-6 7.7861E-6 1.25318E-5 3.82136E-5 1.80623E-6 8.40596E-6 5.70257E-6 1.55448E-7
-9999 -9999 -9999 -9999 -9999 2.17502E-4 4.97236E-5 6.74728E-5 9.4708E-6 1.13108E-5 2.51295E-5 2.59573E-4 1.61811E-4 2.16505E-5 3.64652E-6 2.87467E-5 1.08441E-5 5.80088E-6 1.64184E-5 7.03221E-6 1.91926E-5 1.69182E-5 3.90021E-5 5.62436E-5 4.50053E-5 3.92281E-5 3.66481E-5 3.666E-5 1.75447E-5 2.63541E-5 2.54744E-5 3.04976E-6 6.71419E-6 4.22963E-6 3.65719E-5 5.10922E-6 3.14184E-6 1.84968E-6 7.97993E-7 2.7766E-6 2.19163E-6 7.31226E-6 7.81082E-6 5.87134E-7 1.17041E-6 3.89568E-6 1.01483E-5 3.50133E-6 1.04453E-5 6.99718E-7 8.39323E-8 1.43294E-6 1.9454E-5 1.61304E-6 1.25227E-5 7.77012E-6 9.3966E-7 1.27311E-6 5.4298E-7 1.05293E-6 5.48606E-6 3.41475E-6 2.96345E-6 7.99381E-5 1.51185E-4 9.9937E-6
-9999 -9999 -9999 -9999 -9999 -9999 1.10263E-5 8.71894E-5 4.80211E-5 3.86783E-5 2.02157E-4 2.43417E-4 1.49261E-4 4.55423E-6 1.00062E-4 5.73911E-5 1.2631E-5 8.11867E-6 4.14763E-6 1.67678E-5 2.90738E-5 5.54018E-5 3.30685E-5 5.33924E-5 4.14703E-5 3.76121E-5 3.59426E-5 4.75261E-5 6.34594E-6 6.55274E-5 4.98276E-5 3.51878E-6 1.86688E-5 2.95998E-6 2.46293E-6 8.45176E-6 1.93568E-6 3.0608E-6 6.37717E-7 3.64718E-6 3.49037E-6 3.62474E-6 2.6318E-6 2.23214E-6 5.84772E-7 1.13374E-6 3.08917E-6 2.01122E-6 5.9458E-6 9.16233E-6 1.56944E-6 7.4022E-7 6.0925E-6 4.57062E-6 1.13833E-5 1.98991E-6 1.90895E-6 5.92533E-7 4.81326E-7 1.91524E-6 3.92063E-6 5.36213E-6 6.09584E-6 4.90324E-5 1.53107E-4 1.46039E-4
-9999 -9999 -9999 -9999 -9999 -9999 4.6051E-5 5.66557E-5 1.35351E-4 2.12815E-5 1.27094E-4 2.46255E-4 1.18962E-4 3.31349E-6 2.50522E-5 1.40509E-4 1.1232E-4 1.01814E-5 9.25937E-7 4.19837E-6 1.58517E-7 7.43302E-6 2.31388E-5 9.00503E-6 3.15518E-5 3.50032E-5 5.9809E-5 5.904E-5 1.24264E-5 3.97843E-5 2.04859E-5 2.11734E-5 3.86815E-6 1.0934E-5 4.9513E-6 5.60972E-6 4.05107E-6 5.0429E-7 7.15482E-6 4.98089E-6 3.33258E-5 3.8078E-5 3.53648E-6 7.17738E-7 7.16352E-7 7.19702E-7 3.25702E-6 3.27483E-6 1.20235E-6 3.88624E-6 3.08279E-5 2.27784E-5 8.70507E-6 1.04635E-5 2.46332E-6 4.47984E-6 3.33697E-7 6.08607E-7 1.44935E-6 4.26635E-6 2.14812E-6 8.75567E-6 2.1945E-5 1.82135E-5 8.20464E-5 6.09821E-5
-9999 -9999 -9999 -9999 -9999 -9999 4.834E-5 8.86986E-5 1.01409E-4 1.90824E-4 2.19055E-4 2.22881E-4 1.7125E-4 3.89941E-5 1.25949E-6 2.90689E-6 7.2076E-5 2.88376E-5 2.60011E-6 7.46459E-7 5.32123E-7 1.52183E-5 2.42655E-6 6.91348E-6 2.56815E-6 1.51547E-5 4.27642E-5 5.50573E-5 3.88891E-5 3.46395E-5 3.96602E-5 2.20414E-5 1.95812E-5 2.19955E-5 2.31984E-5 1.60243E-5 2.74447E-5 2.04555E-6 1.86284E-6 7.18742E-6 4.37717E-5 6.05571E-5 8.75328E-6 3.40297E-6 2.05157E-8 2.39073E-7 4.95206E-7 6.7514E-7 3.2986E-6 5.26774E-5 7.4418E-5 4.20257E-5 1.0749E-5 2.02225E-6 6.8231E-7 3.45422E-6 1.03424E-5 6.26528E-7 9.21382E-7 3.99041E-6 3.01516E-7 1.02142E-5 2.87472E-5 6.96126E-5 4.04599E-5 5.86435E-5
-9999 -9999 -9999 -9999 -9999 -9999 1.34925E-4 4.36267E-5 8.59054E-5 1.38048E-4 9.34308E-5 1.35651E-4 1.08053E-4 3.38505E-5 8.77407E-6 3.61274E-6 4.2407E-5 1.016E-4 1.37294E-5 3.45874E-6 1.28294E-6 3.08262E-6 1.88013E-6 5.48067E-7 2.06127E-6 2.04637E-5 3.73737E-5 3.59015E-5 4.54785E-5 2.73635E-5 2.32678E-5 2.91413E-5 2.13724E-5 2.46049E-5 2.14425E-5 5.7719E-5 4.00042E-5 1.03233E-5 8.59367E-6 1.40095E-5 3.77543E-5 4.12422E-5 8.64533E-6 3.40262E-6 1.51996E-6 2.8256E-5 8.24485E-5 1.95297E-5 2.8318E-5 4.18225E-5 4.86919E-5 4.84728E-5 1.50416E-6 6.48057E-7 4.21531E-6 7.84382E-6 4.69224E-5 3.81503E-6 6.22375E-7 1.24265E-6 3.57195E-7 6.63331E-6 6.71518E-5 2.9974E-5 3.84653E-5 4.55388E-6
-9999 -9999 -9999 -9999 -9999 -9999 -9999 5.26271E-5 9.01057E-5 1.3607E-4 8.42279E-5 1.76201E-4 1.88743E-4 1.26513E-4 5.0237E-6 5.58214E-6 7.38704E-6 2.9267E-5 3.34091E-5 1.15883E-5 2.9955E-6 1.91364E-6 2.46947E-6 1.96175E-6 3.29517E-7 3.14781E-5 3.96456E-5 4.30482E-5 3.51118E-5 1.1874E-5 3.17489E-5 4.39985E-5 4.09949E-5 3.27129E-5 1.23624E-5 4.59699E-5 6.33143E-6 1.45205E-5 3.8794E-6 5.46276E-6 8.95185E-6 2.48723E-5 3.72177E-5 1.35256E-6 2.99264E-6 1.66268E-6 1.5805E-5 5.23639E-6 3.2124E-6 2.55212E-5 1.91244E-5 1.90455E-5 1.86844E-6 6.34678E-6 7.32693E-6 3.05817E-5 5.91149E-5 1.50383E-5 2.61519E-6 6.54856E-6 5.6197E-5 4.75641E-5 8.36712E-5 3.18823E-5 1.09669E-5 1.069E-5
-9999 -9999 -9999 -9999 -9999 -9999 -9999 3.7231E-5 1.39902E-4 1.69692E-4 1.18036E-4 1.23256E-4 1.54763E-4 1.07551E-4 2.70353E-5 5.15673E-5 1.62981E-5 7.22877E-5 7.04522E-5 1.6486E-5 5.29753E-6 2.42317E-5 1.21967E-6 1.88282E-7 4.8546E-6 6.36001E-6 2.76453E-5 5.3368E-5 4.35108E-6 1.25343E-5 2.15572E-5 3.561E-5 4.99115E-5 7.96669E-5 6.91671E-5 6.38125E-6 1.88044E-5 4.42719E-5 1.64441E-5 5.13089E-6 3.38788E-6 2.19922E-5 6.66905E-6 4.7957E-6 2.50167E-6 3.49607E-7 1.17923E-5 2.10982E-6 2.74375E-6 1.84804E-6 2.44628E-6 1.40892E-5 1.56443E-5 2.01028E-5 4.14514E-5 3.07579E-5 1.24553E-5 1.80085E-5 4.89362E-6 1.38434E-5 1.14283E-5 8.45975E-5 1.38659E-5 1.95775E-5 2.34128E-5 9.15603E-6
-9999 -9999 -9999 -9999 -9999 -9999 -9999 1.82452E-5 4.31516E-5 2.12521E-4 1.6119E-4 1.83253E-4 1.35936E-4 1.57723E-4 1.59125E-6 2.94938E-6 2.52963E-5 1.34883E-4 9.82018E-5 4.07522E-5 2.73021E-6 5.6577E-5 3.19553E-5 6.28159E-6 4.55045E-8 1.31858E-5 4.20066E-5 3.32511E-5 6.86401E-6 2.29426E-6 2.04484E-6 4.12322E-5 6.16779E-5 4.03697E-5 9.48949E-5 4.55307E-5 1.77295E-5 1.19496E-5 5.34176E-5 2.03592E-5 6.24292E-6 1.20572E-6 1.86679E-6 5.81439E-7 1.9255E-7 2.08689E-6 4.73437E-5 1.0973E-5 5.76164E-7 6.48625E-5 3.75822E-6 8.46015E-6 5.89073E-6 1.21226E-5 8.52379E-5 7.61865E-5 9.70239E-6 4.81135E-5 1.47812E-5 1.77552E-6 4.42215E-6 1.00967E-6 6.67818E-6 2.60072E-5 3.29477E-5 1.45167E-5
-9999 -9999 -9999 -9999 -9999 -9999 -9999 4.12265E-5 1.0915E-4 1.82873E-4 1.46756E-4 1.74804E-4 1.32319E-4 1.56414E-4 5.47163E-5 8.54334E-5 3.02749E-5 6.32555E-6 8.89328E-7 4.67716E-6 8.56963E-6 1.06446E-5 7.51124E-6 1.81863E-5 2.19755E-5 1.56368E-5 7.9723E-6 2.20832E-5 3.55442E-5 1.07846E-6 3.15507E-6 2.10453E-5 1.47398E-5 3.31147E-5 2.84513E-5 3.05686E-5 1.49438E-5 1.77207E-5 7.7506E-6 8.08279E-6 9.54399E-6 4.58824E-6 4.19388E-6 6.37862E-7 6.17226E-7 7.86354E-6 4.46938E-6 6.5524E-7 2.19333E-6 2.24816E-5 8.81077E-5 1.81471E-5 2.58901E-5 1.66423E-5 9.56649E-5 2.63395E-5 2.17958E-5 5.03054E-5 1.06887E-5 1.04416E-5 7.40133E-7 3.46804E-6 1.00239E-5 2.15282E-5 1.20468E-5 9.72307E-6
-9999 -9999 -9999 -9999 -9999 -9999 -9999 2.01005E-5 1.08196E-4 1.81216E-4 1.50457E-4 1.02097E-4 9.78848E-5 1.5467E-4 6.9192E-5 2.77911E-5 1.34439E-4 3.76073E-5 7.94279E-5 3.39243E-5 1.29234E-4 9.08883E-5 2.27418E-5 2.22828E-5 1.84764E-5 8.39426E-6 1.69727E-5 3.50128E-5 7.86373E-6 4.06889E-6 1.63628E-5 3.08102E-5 2.95102E-5 6.66319E-5 8.29234E-5 2.53799E-5 9.85957E-6 5.37147E-6 1.00367E-6 1.61235E-6 2.278E-6 1.15812E-6 3.21776E-7 3.23642E-6 1.18325E-5 1.19766E-5 7.71864E-6 4.3699E-5 2.11497E-5 7.12346E-5 8.32432E-5 6.59182E-5 3.12788E-5 7.77719E-5 1.03166E-4 1.04476E-5 3.67991E-5 6.68715E-6 4.05681E-6 6.09576E-6 1.74475E-6 3.46436E-7 4.02895E-5 8.92254E-6 1.24488E-5 2.73439E-5
-9999 -9999 -9999 -9999 -9999 -9999 -9999 2.87265E-5 3.94126E-6 1.61878E-4 1.42746E-4 9.74154E-5 9.81142E-5 1.04653E-4 9.64076E-5 4.98583E-5 2.2021E-5 1.21221E-6 3.48051E-6 5.78446E-5 3.19807E-5 5.36273E-5 1.71145E-5 7.53003E-6 1.60543E-5 5.80038E-5 1.62183E-5 2.53575E-5 4.78953E-5 1.59133E-5 6.12095E-6 1.20491E-5 2.72038E-6 2.88944E-5 2.27136E-5 2.26353E-5 8.76718E-6 1.11922E-5 1.10666E-5 4.83612E-7 8.1599E-7 1.38322E-5 8.68823E-6 5.18811E-5 1.21856E-5 3.34039E-5 1.66896E-5 6.26678E-6 1.3941E-5 4.9235E-5 5.94755E-5 5.50346E-5 6.03606E-5 3.57932E-5 3.68969E-5 4.62401E-5 4.10781E-5 1.85128E-5 1.29239E-5 2.95918E-5 5.29789E-5 8.7368E-6 1.0645E-5 2.08544E-5 1.76432E-5 1.22541E-5
-9999 -9999 -9999 -9999 -9999 -9999 -9999 1.00943E-5 1.594E-6 4.85084E-5 1.25287E-4 6.32267E-5 1.2173E-4 9.032E-5 7.45456E-5 2.38776E-5 9.06458E-5 1.01916E-5 1.35733E-5 5.56433E-5 1.0804E-5 2.43258E-5 1.07049E-5 9.25996E-5 2.37207E-5 4.77447E-5 9.02601E-5 2.38666E-5 4.64775E-5 3.43764E-5 6.70304E-5 7.51226E-6 3.59905E-6 2.01609E-5 2.35309E-5 5.19322E-5 5.78707E-5 7.60235E-5 3.26746E-5 5.94025E-5 7.55526E-7 1.44421E-5 3.02448E-6 1.67271E-5 6.15618E-6 1.25456E-5 4.13857E-5 2.72055E-5 3.33993E-5 4.45479E-5 4.40632E-5 3.65459E-5 4.52976E-5 2.34289E-5 4.44439E-5 6.09782E-5 2.35887E-5 4.97974E-5 3.89736E-5 7.28389E-6 6.65822E-6 4.35967E-6 5.60337E-5 7.5856E-6 1.46725E-5 2.06513E-5
-9999 -9999 -9999 -9999 -9999 -9999 -9999 3.51581E-5 2.68229E-6 2.50219E-5 1.28781E-4 1.28914E-4 1.27557E-4 1.46436E-4 1.22382E-4 1.3098E-4 2.123E-5 2.87958E-5 2.02959E-5 2.71985E-6 2.43564E-6 7.70834E-6 2.07836E-5 1.84379E-5 1.17485E-5 7.00534E-5 1.27595E-4 7.51943E-5 2.95144E-5 1.20296E-5 1.39983E-5 3.52193E-5 1.34465E-5 3.47962E-5 4.38373E-5 5.36715E-5 4.41003E-6 5.01356E-5 1.61358E-5 3.16894E-6 8.2542E-6 1.65328E-5 5.80625E-5 1.37178E-5 7.03499E-6 2.25657E-5 2.16404E-5 1.14695E-5 7.47442E-6 8.30655E-6 2.66454E-5 2.36342E-5 2.99152E-5 4.88484E-5 4.54945E-5 3.1695E-5 2.3228E-5 3.80132E-5 5.80689E-6 7.0155E-5 1.0149E-5 1.56856E-6 5.97336E-5 6.18168E-5 2.71703E-5 1.8321E-5
