catData/rasterBestHybridModels/Pbengalensis/RDbal_BM01_RM1.5_L/Pbengalensis_max.asc
ncols         409
nrows         350
xllcorner     60.897278365
yllcorner     5.843756025
cellsize      0.0892857
NODATA_value  -9999
[rows 87 to 115 of 350, columns 264 to 329 of 409]
-9999 -9999 -9999 -9999 -9999 -9999 -9999 -9999 -9999 -9999 -9999 -9999 -9999 -9999 -9999 -9999 -9999 -9999 -9999 -9999 -9999 -9999 -9999 -9999 -9999 -9999 -9999 -9999 -9999 -9999 -9999 -9999 -9999 -9999 -9999 -9999 -9999 -9999 -9999 -9999 -9999 -9999 -9999 -9999 -9999 -9999 -9999 -9999 -9999 -9999 -9999 -9999 -9999 -9999 -9999 -9999 -9999 -9999 -9999 -9999 -9999 -9999 -9999 -9999 -9999 -9999
-9999 -9999 -9999 -9999 -9999 -9999 -9999 -9999 -9999 -9999 -9999 -9999 -9999 -9999 -9999 -9999 -9999 -9999 -9999 -9999 -9999 -9999 -9999 -9999 -9999 -9999 -9999 -9999 -9999 -9999 -9999 -9999 -9999 -9999 -9999 -9999 -9999 -9999 -9999 -9999 -9999 -9999 -9999 -9999 -9999 -9999 -9999 -9999 -9999 -9999 -9999 -9999 -9999 -9999 -9999 -9999 -9999 -9999 -9999 -9999 -9999 -9999 -9999 -9999 -9999 -9999
-9999 -9999 -9999 -9999 -9999 -9999 -9999 -9999 -9999 -9999 -9999 -9999 -9999 -9999 -9999 -9999 -9999 -9999 -9999 -9999 -9999 -9999 -9999 -9999 -9999 -9999 -9999 -9999 -9999 -9999 -9999 -9999 -9999 -9999 -9999 -9999 -9999 -9999 -9999 -9999 -9999 -9999 -9999 -9999 -9999 -9999 -9999 -9999 -9999 -9999 -9999 -9999 -9999 -9999 -9999 -9999 -9999 -9999 -9999 -9999 -9999 -9999 -9999 -9999 -9999 -9999
-9999 -9999 -9999 -9999 -9999 -9999 -9999 -9999 -9999 -9999 -9999 -9999 -9999 -9999 -9999 -9999 -9999 -9999 -9999 -9999 -9999 -9999 -9999 -9999 -9999 -9999 -9999 -9999 -9999 -9999 -9999 -9999 -9999 -9999 -9999 -9999 -9999 -9999 -9999 -9999 -9999 -9999 -9999 -9999 -9999 -9999 -9999 -9999 -9999 -9999 -9999 -9999 -9999 -9999 -9999 -9999 -9999 -9999 -9999 -9999 -9999 -9999 -9999 -9999 -9999 -9999
-9999 -9999 -9999 -9999 -9999 -9999 -9999 -9999 -9999 -9999 -9999 -9999 -9999 -9999 -9999 -9999 -9999 -9999 -9999 -9999 -9999 -9999 -9999 -9999 -9999 -9999 -9999 -9999 -9999 -9999 -9999 -9999 -9999 -9999 -9999 -9999 -9999 -9999 -9999 -9999 -9999 -9999 -9999 -9999 -9999 -9999 -9999 -9999 -9999 -9999 -9999 -9999 -9999 -9999 -9999 -9999 -9999 -9999 -9999 -9999 -9999 -9999 -9999 -9999 -9999 -9999
-9999 -9999 -9999 -9999 -9999 -9999 -9999 -9999 -9999 -9999 -9999 -9999 -9999 -9999 -9999 -9999 -9999 -9999 -9999 -9999 -9999 -9999 -9999 -9999 -9999 -9999 -9999 -9999 -9999 -9999 -9999 -9999 -9999 -9999 -9999 -9999 -9999 -9999 -9999 -9999 -9999 -9999 -9999 -9999 -9999 -9999 -9999 -9999 -9999 -9999 -9999 -9999 -9999 -9999 -9999 -9999 -9999 -9999 -9999 -9999 -9999 -9999 -9999 -9999 -9999 -9999
6.92193E-4 3.76773E-4 -9999 -9999 -9999 -9999 -9999 -9999 -9999 -9999 -9999 -9999 -9999 -9999 -9999 -9999 -9999 -9999 -9999 -9999 -9999 -9999 -9999 -9999 -9999 -9999 -9999 -9999 -9999 -9999 -9999 -9999 -9999 -9999 -9999 -9999 -9999 -9999 -9999 -9999 -9999 -9999 -9999 -9999 -9999 -9999 -9999 -9999 -9999 -9999 -9999 -9999 -9999 -9999 -9999 -9999 -9999 -9999 -9999 -9999 -9999 -9999 -9999 -9999 -9999 -9999
6.72353E-4 3.99037E-4 -9999 -9999 -9999 -9999 1.12712E-4 7.39484E-5 -9999 -9999 -9999 -9999 -9999 -9999 -9999 -9999 -9999 -9999 -9999 -9999 -9999 -9999 -9999 -9999 -9999 -9999 -9999 -9999 -9999 -9999 -9999 -9999 -9999 -9999 -9999 -9999 -9999 -9999 -9999 -9999 -9999 -9999 -9999 -9999 -9999 -9999 -9999 -9999 -9999 -9999 -9999 -9999 -9999 -9999 -9999 -9999 -9999 -9999 -9999 -9999 -9999 -9999 -9999 -9999 -9999 -9999
9.14073E-4 5.19638E-4 2.36533E-4 1.37952E-4 1.21803E-4 1.92065E-4 1.12745E-4 7.67522E-5 -9999 -9999 -9999 -9999 -9999 -9999 -9999 -9999 -9999 -9999 -9999 -9999 -9999 -9999 -9999 -9999 -9999 -9999 -9999 -9999 -9999 -9999 -9999 -9999 -9999 -9999 -9999 -9999 -9999 -9999 -9999 -9999 -9999 -9999 -9999 -9999 -9999 -9999 -9999 -9999 -9999 -9999 -9999 -9999 -9999 -9999 -9999 -9999 -9999 -9999 -9999 -9999 -9999 -9999 -9999 -9999 -9999 -9999
6.13001E-4 7.57388E-4 4.43457E-4 1.89511E-4 1.03112E-4 1.03739E-4 8.44552E-5 1.2106E-4 -9999 -9999 -9999 -9999 -9999 -9999 -9999 -9999 -9999 -9999 -9999 -9999 -9999 -9999 -9999 -9999 -9999 -9999 -9999 -9999 -9999 -9999 -9999 -9999 -9999 -9999 -9999 -9999 -9999 -9999 -9999 -9999 -9999 -9999 -9999 -9999 -9999 -9999 -9999 -9999 -9999 -9999 -9999 -9999 -9999 -9999 -9999 -9999 -9999 -9999 -9999 -9999 -9999 -9999 -9999 -9999 -9999 -9999
4.1332E-4 5.62156E-4 5.02969E-4 2.87132E-4 9.75431E-5 1.33281E-4 2.48433E-4 -9999 -9999 -9999 -9999 -9999 -9999 -9999 -9999 -9999 -9999 -9999 -9999 -9999 -9999 -9999 -9999 -9999 -9999 -9999 -9999 -9999 -9999 -9999 -9999 -9999 -9999 -9999 -9999 -9999 -9999 -9999 -9999 -9999 -9999 -9999 -9999 -9999 -9999 -9999 -9999 -9999 -9999 -9999 -9999 -9999 -9999 -9999 -9999 -9999 -9999 -9999 -9999 -9999 -9999 -9999 -9999 -9999 -9999 -9999
3.08412E-4 2.99879E-4 2.39522E-4 1.68947E-4 8.76183E-5 9.32196E-5 1.58437E-4 1.47566E-4 1.54627E-4 -9999 -9999 2.37597E-4 -9999 -9999 -9999 -9999 -9999 -9999 -9999 -9999 -9999 -9999 -9999 -9999 -9999 -9999 -9999 -9999 -9999 -9999 -9999 -9999 -9999 -9999 -9999 -9999 -9999 -9999 -9999 -9999 -9999 -9999 -9999 -9999 -9999 -9999 -9999 -9999 -9999 -9999 -9999 -9999 -9999 -9999 -9999 -9999 -9999 -9999 -9999 -9999 -9999 -9999 3.56998E-4 -9999 2.94634E-4 -9999
2.75235E-4 1.91495E-4 1.4094E-4 1.15834E-4 8.50089E-5 8.13743E-5 6.60194E-5 8.75138E-5 1.16497E-4 7.96531E-5 1.05716E-4 2.30966E-4 3.97999E-4 6.15002E-4 -9999 -9999 -9999 -9999 -9999 -9999 -9999 -9999 -9999 -9999 -9999 -9999 -9999 -9999 -9999 -9999 -9999 -9999 -9999 -9999 -9999 -9999 -9999 -9999 -9999 -9999 -9999 -9999 -9999 -9999 -9999 -9999 -9999 -9999 -9999 -9999 -9999 -9999 -9999 -9999 -9999 -9999 -9999 -9999 -9999 -9999 6.88886E-4 8.86408E-4 6.97801E-4 5.415E-4 5.67587E-4 5.69838E-4
2.35812E-4 1.56337E-4 1.16333E-4 1.066E-4 7.85383E-5 7.40478E-5 8.07146E-5 1.08916E-4 1.05449E-4 9.96988E-5 1.47252E-4 2.76537E-4 3.97972E-4 6.34802E-4 7.46318E-4 1.22739E-3 -9999 -9999 -9999 -9999 -9999 -9999 -9999 -9999 -9999 -9999 -9999 -9999 -9999 -9999 -9999 -9999 -9999 -9999 -9999 -9999 -9999 -9999 -9999 -9999 -9999 -9999 -9999 -9999 -9999 -9999 1.14975E-4 -9999 -9999 -9999 -9999 -9999 -9999 -9999 -9999 -9999 -9999 6.55996E-4 6.64899E-4 8.29975E-4 1.00212E-3 8.95716E-4 7.66643E-4 5.86248E-4 5.55142E-4 4.83641E-4
1.31293E-4 1.17265E-4 8.94252E-5 6.7168E-5 5.42152E-5 7.11642E-5 1.02355E-4 1.19054E-4 1.27801E-4 1.52046E-4 2.019E-4 2.1416E-4 1.78068E-4 2.52304E-4 3.58179E-4 6.52066E-4 -9999 -9999 8.77252E-4 5.28942E-4 -9999 -9999 -9999 9.22393E-4 1.28057E-3 -9999 -9999 -9999 -9999 -9999 -9999 -9999 -9999 -9999 -9999 -9999 -9999 -9999 -9999 -9999 -9999 -9999 -9999 -9999 -9999 -9999 1.62859E-4 2.07653E-4 -9999 -9999 -9999 -9999 -9999 -9999 -9999 -9999 6.03273E-4 7.94695E-4 7.24748E-4 9.57335E-4 1.16375E-3 7.8298E-4 5.48454E-4 4.53027E-4 4.3019E-4 4.77769E-4
1.06363E-4 9.89601E-5 8.22815E-5 6.66724E-5 5.97264E-5 7.94065E-5 1.0771E-4 1.13521E-4 1.3475E-4 1.6426E-4 1.67934E-4 1.89709E-4 1.75407E-4 2.05886E-4 2.65939E-4 4.28911E-4 5.64766E-4 -9999 -9999 5.12144E-4 9.57991E-4 -9999 -9999 1.00132E-3 9.7138E-4 1.41704E-3 2.14041E-3 -9999 -9999 -9999 -9999 -9999 -9999 -9999 -9999 -9999 -9999 -9999 -9999 -9999 -9999 -9999 2.80321E-4 2.67881E-4 2.5282E-4 2.41446E-4 2.86044E-4 2.97317E-4 4.23315E-4 -9999 -9999 -9999 -9999 -9999 4.0022E-4 4.07454E-4 5.84275E-4 8.33064E-4 8.84853E-4 9.0481E-4 1.18477E-3 8.5897E-4 4.74549E-4 5.40558E-4 5.17667E-4 5.95905E-4
1.53836E-4 1.40613E-4 1.0626E-4 7.8891E-5 6.75032E-5 8.81438E-5 1.08924E-4 1.32801E-4 1.70333E-4 2.19142E-4 2.60618E-4 2.52648E-4 2.41546E-4 2.12045E-4 2.11654E-4 2.87061E-4 3.64737E-4 4.15174E-4 3.37381E-4 2.86416E-4 4.26786E-4 7.84931E-4 9.88624E-4 1.30466E-3 1.14225E-3 1.26607E-3 1.20063E-3 1.3348E-3 1.2486E-3 1.03742E-3 -9999 -9999 -9999 -9999 -9999 -9999 -9999 -9999 -9999 2.46691E-4 -9999 4.03639E-4 3.76226E-4 3.29059E-4 3.24225E-4 2.73045E-4 4.02919E-4 3.21162E-4 4.35245E-4 7.1893E-4 -9999 -9999 -9999 -9999 -9999 4.56114E-4 5.94207E-4 6.90518E-4 6.06929E-4 7.77369E-4 8.72745E-4 6.83657E-4 3.6696E-4 4.43566E-4 5.34708E-4 6.07611E-4
1.83716E-4 1.7967E-4 1.31172E-4 9.19796E-5 8.53359E-5 1.08698E-4 1.35694E-4 1.98813E-4 2.64238E-4 3.39213E-4 4.38626E-4 3.32506E-4 2.5504E-4 1.98561E-4 1.77593E-4 2.02168E-4 2.56741E-4 2.63727E-4 1.77655E-4 1.75933E-4 2.58282E-4 4.37414E-4 6.99194E-4 1.18537E-3 1.15328E-3 1.03509E-3 1.26544E-3 1.00807E-3 7.78971E-4 5.18188E-4 3.3647E-4 1.74047E-4 1.23777E-4 1.192E-4 1.63611E-4 1.97571E-4 1.4819E-4 1.24209E-4 1.63601E-4 2.44582E-4 4.31053E-4 6.61951E-4 6.16268E-4 5.16331E-4 4.29534E-4 3.35374E-4 3.83578E-4 3.30703E-4 3.28099E-4 -9999 -9999 -9999 -9999 9.60112E-4 7.24824E-4 5.48845E-4 5.60013E-4 5.9411E-4 4.17051E-4 4.56058E-4 5.1929E-4 4.79497E-4 5.29843E-4 5.0383E-4 4.61981E-4 6.00874E-4
1.76706E-4 1.44386E-4 1.28409E-4 1.04108E-4 1.24924E-4 1.65838E-4 1.90179E-4 2.78792E-4 3.86247E-4 7.33755E-4 3.47638E-4 3.20238E-4 2.47688E-4 1.70876E-4 1.69518E-4 1.60989E-4 1.82839E-4 1.52705E-4 1.41564E-4 1.39347E-4 2.20165E-4 2.17168E-4 3.19203E-4 5.95374E-4 5.98121E-4 5.40308E-4 7.43536E-4 5.87819E-4 3.94769E-4 3.10331E-4 2.54836E-4 1.93547E-4 1.53327E-4 1.75736E-4 2.24881E-4 2.08019E-4 1.42593E-4 1.07437E-4 1.42921E-4 2.68304E-4 6.83792E-4 7.83439E-4 5.82598E-4 5.41081E-4 4.96315E-4 4.55896E-4 3.50715E-4 3.38803E-4 4.3157E-4 -9999 -9999 -9999 -9999 6.99912E-4 5.59799E-4 5.1014E-4 4.96753E-4 4.9544E-4 4.04498E-4 3.74804E-4 4.09545E-4 4.63952E-4 6.94284E-4 5.30387E-4 3.82013E-4 6.0616E-4
1.47949E-4 1.24398E-4 9.78368E-5 1.01051E-4 1.36287E-4 1.79121E-4 2.48746E-4 2.88416E-4 3.19249E-4 3.64468E-4 3.75769E-4 4.38653E-4 2.68981E-4 1.71265E-4 1.43096E-4 1.41476E-4 1.81108E-4 1.85239E-4 1.85891E-4 1.77397E-4 1.6099E-4 1.44863E-4 2.61908E-4 2.7791E-4 2.90788E-4 2.5488E-4 3.18299E-4 2.67026E-4 2.96896E-4 2.99189E-4 2.73606E-4 2.36541E-4 2.06948E-4 2.41452E-4 2.22076E-4 1.54101E-4 1.23623E-4 8.40556E-5 1.15163E-4 2.35557E-4 4.32405E-4 5.43594E-4 4.34617E-4 4.17557E-4 4.37168E-4 5.36142E-4 3.89041E-4 3.67718E-4 -9999 -9999 -9999 6.72216E-4 6.33902E-4 4.67635E-4 4.64404E-4 5.77114E-4 5.67942E-4 5.21412E-4 4.46402E-4 4.32553E-4 4.37446E-4 4.78625E-4 4.31426E-4 3.7778E-4 3.80161E-4 5.02833E-4
1.16403E-4 1.07639E-4 9.03879E-5 1.08804E-4 1.51782E-4 2.04463E-4 2.51417E-4 2.67434E-4 1.91011E-4 2.06488E-4 2.96769E-4 3.48256E-4 2.69038E-4 1.79143E-4 1.18781E-4 1.22643E-4 1.89784E-4 2.11878E-4 2.2209E-4 2.4763E-4 1.94511E-4 1.77842E-4 1.54176E-4 1.66231E-4 1.78193E-4 1.53899E-4 1.7199E-4 2.44053E-4 3.52263E-4 2.92062E-4 2.79947E-4 3.22392E-4 2.78093E-4 2.86513E-4 2.22005E-4 1.32199E-4 9.80459E-5 9.1195E-5 1.27711E-4 1.85368E-4 2.67157E-4 3.40367E-4 3.8044E-4 4.13781E-4 4.41031E-4 4.89272E-4 4.22374E-4 3.89733E-4 -9999 -9999 -9999 7.01446E-4 5.7553E-4 5.43656E-4 5.11313E-4 5.3284E-4 5.12461E-4 5.57542E-4 5.46207E-4 4.50098E-4 4.44556E-4 4.38941E-4 5.28972E-4 4.68875E-4 3.79466E-4 4.55556E-4
8.47963E-5 7.62677E-5 8.39538E-5 1.14129E-4 1.57907E-4 2.11057E-4 2.50648E-4 2.11549E-4 1.5605E-4 1.17866E-4 1.50403E-4 1.80696E-4 1.93528E-4 1.62449E-4 1.22489E-4 1.36167E-4 1.73797E-4 2.17541E-4 2.46778E-4 2.32286E-4 2.29866E-4 2.24068E-4 1.30078E-4 1.11246E-4 1.07562E-4 1.21567E-4 2.09115E-4 2.42846E-4 2.64306E-4 2.50658E-4 2.9137E-4 2.97891E-4 3.60814E-4 3.32771E-4 1.79256E-4 1.12064E-4 1.11963E-4 1.06418E-4 1.30469E-4 1.82931E-4 2.54034E-4 2.37615E-4 2.51009E-4 3.05181E-4 3.5566E-4 3.68229E-4 4.41184E-4 4.57146E-4 4.85714E-4 -9999 -9999 5.377E-4 5.91578E-4 6.99422E-4 5.75066E-4 5.23443E-4 4.2901E-4 4.36295E-4 5.04175E-4 4.94282E-4 4.07678E-4 4.03841E-4 5.69035E-4 4.47677E-4 4.10115E-4 5.17742E-4
9.43112E-5 7.65608E-5 6.97446E-5 9.36096E-5 1.30787E-4 1.59379E-4 1.71344E-4 1.59205E-4 1.29434E-4 1.02314E-4 9.98783E-5 1.06498E-4 1.05885E-4 9.81853E-5 1.02187E-4 1.34386E-4 1.83648E-4 2.40711E-4 2.76361E-4 1.96753E-4 1.7788E-4 1.60743E-4 1.00078E-4 7.49596E-5 7.78085E-5 1.28773E-4 2.064E-4 3.39213E-4 3.51577E-4 2.43304E-4 2.13689E-4 1.98764E-4 2.68632E-4 2.62408E-4 1.84429E-4 1.1444E-4 8.4895E-5 9.63019E-5 1.55702E-4 2.27234E-4 2.96232E-4 3.14591E-4 2.5239E-4 3.08135E-4 3.51962E-4 4.54161E-4 5.35262E-4 5.34073E-4 4.35305E-4 4.01223E-4 4.14621E-4 3.51811E-4 5.04796E-4 6.17876E-4 4.96776E-4 4.11901E-4 3.42434E-4 3.4389E-4 4.73751E-4 4.75269E-4 7.24367E-4 3.96296E-4 7.2734E-4 7.37995E-4 5.16881E-4 7.73927E-4
1.07021E-4 8.48649E-5 7.89041E-5 9.30493E-5 1.06211E-4 1.08926E-4 1.14723E-4 1.08595E-4 9.59539E-5 8.05836E-5 7.48386E-5 7.84759E-5 7.59254E-5 7.10662E-5 8.82027E-5 1.14841E-4 1.47221E-4 2.07215E-4 1.98447E-4 1.73331E-4 1.447E-4 9.7095E-5 7.43899E-5 5.84727E-5 7.68175E-5 1.22827E-4 2.21573E-4 3.4366E-4 3.63207E-4 3.08666E-4 1.60825E-4 1.52397E-4 2.27934E-4 1.92148E-4 1.47555E-4 9.98791E-5 8.20158E-5 1.19594E-4 1.712E-4 3.06044E-4 5.57704E-4 4.28073E-4 3.18169E-4 3.6557E-4 3.86201E-4 4.24713E-4 3.42632E-4 3.27819E-4 4.75267E-4 3.67813E-4 3.1876E-4 3.19213E-4 5.02897E-4 4.39276E-4 3.86134E-4 3.71805E-4 3.97157E-4 4.11366E-4 4.20701E-4 4.2327E-4 5.50613E-4 7.65642E-4 3.61187E-4 7.24433E-4 1.12505E-3 9.83783E-4
1.08876E-4 8.57394E-5 9.67322E-5 1.20105E-4 1.39294E-4 1.27925E-4 1.08415E-4 8.86467E-5 7.00663E-5 6.74442E-5 8.18024E-5 9.25938E-5 9.61525E-5 9.70112E-5 8.50443E-5 9.92632E-5 1.17992E-4 1.34898E-4 1.41869E-4 1.52018E-4 1.55498E-4 8.07279E-5 6.83939E-5 6.45568E-5 8.12966E-5 1.12696E-4 2.1527E-4 3.16627E-4 2.85433E-4 2.29937E-4 1.53411E-4 1.46721E-4 3.06544E-4 2.00923E-4 1.12964E-4 8.11934E-5 9.34956E-5 1.5131E-4 2.39412E-4 3.51609E-4 4.06273E-4 3.42649E-4 2.92018E-4 2.76466E-4 2.4026E-4 3.20422E-4 3.43409E-4 4.84287E-4 6.40452E-4 2.23332E-4 5.53136E-4 5.10321E-4 3.94748E-4 6.152E-4 4.39899E-4 5.37641E-4 6.87406E-4 5.47945E-4 4.41898E-4 5.12107E-4 6.97207E-4 1.56625E-3 4.9822E-4 1.21568E-3 1.00284E-3 9.41857E-4
9.61039E-5 8.85023E-5 1.17069E-4 1.50052E-4 1.82814E-4 1.57382E-4 1.21868E-4 9.24984E-5 8.19574E-5 8.4113E-5 1.03335E-4 1.15298E-4 1.22192E-4 1.27336E-4 1.1731E-4 9.82324E-5 9.7899E-5 1.05385E-4 1.07925E-4 9.74223E-5 8.4909E-5 7.80556E-5 8.20206E-5 9.8975E-5 9.86632E-5 8.9567E-5 1.32269E-4 2.35877E-4 2.45427E-4 1.71702E-4 1.49553E-4 2.48249E-4 2.9847E-4 1.8663E-4 1.28005E-4 9.37085E-5 1.63809E-4 2.56986E-4 3.53205E-4 3.50791E-4 3.60371E-4 3.42625E-4 5.44506E-4 3.83586E-4 2.88408E-4 3.07267E-4 3.63076E-4 3.97403E-4 6.18837E-4 2.37046E-4 4.15681E-4 6.15137E-4 6.78649E-4 4.68434E-4 9.24638E-4 9.29672E-4 6.5131E-4 6.41873E-4 4.31412E-4 7.48934E-4 1.19577E-3 9.54002E-4 4.26847E-4 4.60336E-4 8.29392E-4 6.53864E-4
1.1734E-4 1.04086E-4 1.26378E-4 1.62568E-4 1.89409E-4 1.5789E-4 1.18422E-4 9.46964E-5 1.10625E-4 1.11667E-4 1.2178E-4 1.52273E-4 1.66079E-4 1.5619E-4 1.31081E-4 1.1439E-4 1.24733E-4 1.14418E-4 9.99669E-5 1.04079E-4 1.06816E-4 1.24033E-4 1.20346E-4 1.22533E-4 1.18762E-4 8.17148E-5 9.84497E-5 1.19872E-4 1.41107E-4 1.13252E-4 1.47822E-4 2.09209E-4 2.2394E-4 1.73345E-4 1.25953E-4 1.27997E-4 2.22913E-4 2.29209E-4 3.27123E-4 3.08495E-4 2.99807E-4 3.72896E-4 3.84999E-4 3.38298E-4 2.12647E-4 2.21261E-4 2.15374E-4 2.60503E-4 4.39064E-4 2.55127E-4 3.08473E-4 5.04204E-4 7.72203E-4 7.8829E-4 1.59844E-3 1.18349E-3 5.61301E-4 5.13423E-4 6.16873E-4 6.62683E-4 7.56418E-4 2.86289E-4 3.44297E-4 4.58697E-4 5.74377E-4 6.464E-4
1.57385E-4 1.3246E-4 1.41371E-4 1.39033E-4 1.3657E-4 1.26184E-4 9.89557E-5 1.21815E-4 1.45586E-4 1.46429E-4 1.37004E-4 1.97345E-4 2.18556E-4 1.77654E-4 1.31545E-4 1.49712E-4 1.49438E-4 1.39214E-4 1.1828E-4 1.39684E-4 1.35242E-4 1.62749E-4 1.78272E-4 1.48472E-4 1.20767E-4 1.07863E-4 7.46006E-5 7.34007E-5 9.44482E-5 1.23919E-4 1.64168E-4 2.03254E-4 2.09857E-4 1.69323E-4 1.56272E-4 1.40222E-4 1.63666E-4 1.75421E-4 2.38049E-4 2.38935E-4 2.80156E-4 3.04241E-4 3.52721E-4 3.05822E-4 4.90967E-4 2.4657E-4 2.98326E-4 3.62459E-4 2.14416E-4 2.57427E-4 2.12144E-4 2.8757E-4 4.68382E-4 5.55311E-4 4.51141E-4 5.7201E-4 9.4037E-4 4.68546E-4 3.89823E-4 5.48476E-4 4.41351E-4 3.03466E-4 2.64005E-4 5.02764E-4 3.04543E-4 2.85937E-4
1.89059E-4 1.41741E-4 1.73473E-4 1.80821E-4 1.39257E-4 1.34714E-4 1.25762E-4 1.42608E-4 1.88686E-4 1.86399E-4 1.42574E-4 1.67045E-4 1.86515E-4 1.56892E-4 1.50979E-4 1.98836E-4 1.96994E-4 1.70584E-4 1.48793E-4 1.61068E-4 1.49442E-4 1.79516E-4 2.30874E-4 2.12766E-4 1.62734E-4 1.16885E-4 1.05141E-4 9.71807E-5 1.11026E-4 1.54322E-4 2.12223E-4 2.38027E-4 2.00104E-4 1.49899E-4 1.18571E-4 9.91357E-5 1.1814E-4 1.44177E-4 1.56282E-4 1.56532E-4 1.58758E-4 1.73446E-4 1.95811E-4 2.69406E-4 2.1093E-4 2.2731E-4 4.20813E-4 2.53641E-4 3.79457E-4 2.352E-4 3.17601E-4 3.33172E-4 2.27925E-4 2.84645E-4 3.57654E-4 2.73371E-4 3.97643E-4 2.97305E-4 3.34884E-4 3.03546E-4 1.68133E-4 1.16329E-4 1.81873E-4 1.90721E-4 2.19306E-4 2.25117E-4
