catData/rasterBestHybridModels/Pbengalensis/RDbal_BM01_RM1.5_L/Pbengalensis_median.asc
ncols         409
nrows         350
xllcorner     60.897278365
yllcorner     5.843756025
cellsize      0.0892857
NODATA_value  -9999
[rows 116 to 144 of 350, columns 66 to 131 of 409]
9.95218E-6 1.16229E-5 1.3488E-5 2.03478E-5 2.4148E-5 2.63724E-5 3.22127E-5 4.20216E-5 5.67122E-5 6.49542E-5 6.11243E-5 6.3253E-5 5.8383E-5 8.01671E-5 7.25678E-5 7.05551E-5 9.18269E-5 6.9958E-5 4.62429E-5 3.44617E-5 3.18835E-5 2.76495E-5 2.34064E-5 1.97551E-5 1.33591E-5 1.14984E-5 8.43783E-6 6.91367E-6 6.05754E-6 5.67748E-6 5.24903E-6 4.73396E-6 4.12573E-6 3.67846E-6 3.07204E-6 3.70861E-6 4.82462E-6 6.35175E-6 8.6309E-6 1.13543E-5 1.51748E-5 2.05277E-5 2.65165E-5 3.50572E-5 4.29151E-5 4.76477E-5 4.78127E-5 4.42291E-5 3.76356E-5 3.02514E-5 2.42542E-5 1.91354E-5 2.09852E-5 2.66117E-5 3.46393E-5 4.16023E-5 4.62167E-5 4.69169E-5 4.56222E-5 3.99909E-5 3.26787E-5 2.53157E-5 2.17386E-5 2.10463E-5 1.91999E-5 1.67583E-5
1.12175E-5 1.11584E-5 1.42817E-5 1.93937E-5 2.43348E-5 2.65802E-5 3.15184E-5 3.91091E-5 5.08428E-5 5.268E-5 6.32379E-5 5.46471E-5 5.73167E-5 7.09694E-5 6.77532E-5 6.4878E-5 8.58595E-5 7.66212E-5 5.00896E-5 3.59509E-5 2.69907E-5 2.45703E-5 2.3876E-5 1.74938E-5 1.62157E-5 1.36014E-5 1.02712E-5 8.70978E-6 8.43623E-6 8.26353E-6 7.46657E-6 6.43685E-6 5.5392E-6 4.61222E-6 3.79141E-6 3.1957E-6 4.17362E-6 5.66393E-6 7.64292E-6 1.01262E-5 1.35888E-5 1.74703E-5 2.15345E-5 2.55277E-5 2.99364E-5 3.38991E-5 3.39141E-5 3.23247E-5 2.90157E-5 2.3888E-5 1.95423E-5 1.57855E-5 1.75217E-5 2.1988E-5 2.66862E-5 3.08335E-5 3.27834E-5 3.38296E-5 3.24185E-5 2.89402E-5 2.48989E-5 2.04618E-5 1.63013E-5 1.60444E-5 1.64457E-5 1.91973E-5
1.38144E-5 9.95853E-6 1.34696E-5 1.77736E-5 2.46008E-5 2.61608E-5 2.85486E-5 3.29807E-5 4.32175E-5 6.17768E-5 6.50703E-5 5.30904E-5 6.55262E-5 7.61624E-5 6.39752E-5 6.02E-5 7.81567E-5 7.82125E-5 5.70794E-5 4.02573E-5 3.69303E-5 3.50531E-5 3.44793E-5 2.14732E-5 2.32997E-5 1.70576E-5 1.36991E-5 1.24393E-5 1.19606E-5 1.17376E-5 9.95117E-6 8.74258E-6 7.66706E-6 5.97289E-6 4.80226E-6 3.80335E-6 3.68823E-6 5.00848E-6 6.59705E-6 9.00271E-6 1.13794E-5 1.3954E-5 1.59313E-5 1.88045E-5 2.19597E-5 2.40214E-5 2.35985E-5 2.34447E-5 2.09644E-5 1.82402E-5 1.6236E-5 1.31381E-5 1.51971E-5 1.71136E-5 1.96661E-5 2.21827E-5 2.3596E-5 2.41785E-5 2.33874E-5 2.15374E-5 1.95388E-5 1.5842E-5 1.32609E-5 1.47427E-5 1.88745E-5 2.44824E-5
1.7701E-5 1.15355E-5 1.07666E-5 1.47997E-5 2.08915E-5 2.43944E-5 2.57192E-5 3.31565E-5 3.94966E-5 5.58328E-5 5.5584E-5 6.72273E-5 6.64664E-5 5.85604E-5 5.55437E-5 5.96488E-5 7.87463E-5 8.50565E-5 6.79595E-5 5.34588E-5 5.42161E-5 5.06065E-5 4.81955E-5 4.24077E-5 2.97489E-5 2.19084E-5 1.91781E-5 1.7786E-5 1.70073E-5 1.60271E-5 1.35945E-5 1.22299E-5 9.65646E-6 7.64449E-6 6.35595E-6 4.65742E-6 3.67433E-6 4.49163E-6 5.51046E-6 7.34681E-6 8.63476E-6 1.05792E-5 1.22439E-5 1.45245E-5 1.65844E-5 1.74692E-5 1.68201E-5 1.72464E-5 1.62958E-5 1.41758E-5 1.27401E-5 1.06781E-5 1.11588E-5 1.30547E-5 1.54881E-5 1.69197E-5 1.67849E-5 1.72014E-5 1.67187E-5 1.55273E-5 1.47891E-5 1.22082E-5 1.24311E-5 1.6621E-5 2.18759E-5 2.79194E-5
2.06653E-5 1.44814E-5 9.55652E-6 1.1651E-5 1.60446E-5 2.14485E-5 2.45561E-5 3.30229E-5 3.31197E-5 4.06587E-5 4.84872E-5 5.35313E-5 5.36884E-5 4.70102E-5 4.46113E-5 5.24793E-5 6.38443E-5 6.9385E-5 7.47147E-5 7.3459E-5 8.484E-5 7.29903E-5 4.85784E-5 3.89605E-5 3.82754E-5 3.22223E-5 2.63997E-5 2.60181E-5 2.40906E-5 2.11778E-5 1.82185E-5 1.48608E-5 1.19824E-5 1.00985E-5 7.33597E-6 5.56487E-6 4.35255E-6 4.002E-6 4.50665E-6 5.52307E-6 6.68166E-6 7.99415E-6 9.22479E-6 1.05387E-5 1.22594E-5 1.29677E-5 1.2655E-5 1.28986E-5 1.22307E-5 1.18668E-5 1.31077E-5 1.27953E-5 1.2578E-5 1.17527E-5 1.08181E-5 1.18973E-5 1.22854E-5 1.28341E-5 1.53783E-5 1.58812E-5 1.65326E-5 1.66655E-5 1.61647E-5 1.74565E-5 2.32574E-5 3.05744E-5
2.18483E-5 1.82259E-5 1.44782E-5 1.12705E-5 1.34297E-5 1.77164E-5 2.14881E-5 2.71429E-5 2.91271E-5 3.74928E-5 3.78746E-5 4.32138E-5 4.24242E-5 3.74242E-5 4.36717E-5 6.02064E-5 6.94535E-5 8.38296E-5 9.09162E-5 7.11418E-5 8.71863E-5 8.05761E-5 7.08849E-5 5.86659E-5 4.15509E-5 4.89241E-5 4.07806E-5 3.94826E-5 3.50097E-5 2.89552E-5 2.31376E-5 1.87609E-5 1.53243E-5 1.20633E-5 8.69333E-6 6.84567E-6 5.52113E-6 5.41986E-6 4.81372E-6 4.30489E-6 5.18147E-6 6.0036E-6 6.93373E-6 7.91759E-6 8.56122E-6 9.05561E-6 1.03896E-5 1.31182E-5 1.4549E-5 1.58308E-5 1.67928E-5 1.71979E-5 1.68921E-5 1.58442E-5 1.422E-5 1.21712E-5 1.47944E-5 1.65528E-5 1.93946E-5 2.23616E-5 2.37693E-5 2.38667E-5 2.21449E-5 2.11607E-5 2.34046E-5 3.10385E-5
3.08914E-5 2.39141E-5 1.94779E-5 1.54314E-5 1.23524E-5 1.43619E-5 1.74666E-5 2.24509E-5 2.44655E-5 3.42025E-5 3.39205E-5 3.64575E-5 4.09411E-5 4.40303E-5 5.31463E-5 6.78824E-5 9.62868E-5 8.13491E-5 7.7269E-5 7.12377E-5 9.6255E-5 1.06386E-4 8.41166E-5 7.27157E-5 7.91468E-5 6.73271E-5 6.22218E-5 5.80972E-5 4.86499E-5 3.8539E-5 2.91388E-5 2.22764E-5 1.76001E-5 1.28424E-5 9.89873E-6 8.85886E-6 7.63282E-6 7.25195E-6 5.98671E-6 5.09953E-6 4.28156E-6 4.5727E-6 5.5592E-6 6.77485E-6 8.68352E-6 1.07061E-5 1.34313E-5 1.66318E-5 1.92861E-5 2.17266E-5 2.36065E-5 2.46806E-5 2.38852E-5 2.153E-5 1.84864E-5 1.6546E-5 1.83967E-5 2.18939E-5 2.5829E-5 2.92869E-5 3.23284E-5 3.23975E-5 2.95427E-5 2.81084E-5 2.95266E-5 2.89171E-5
4.50864E-5 3.2264E-5 2.27763E-5 1.97456E-5 1.61518E-5 1.17356E-5 1.43112E-5 1.90385E-5 2.23519E-5 2.64942E-5 2.84935E-5 3.76719E-5 4.92193E-5 5.64791E-5 6.83633E-5 7.54491E-5 7.58224E-5 7.45964E-5 6.04806E-5 6.64965E-5 8.10749E-5 8.90413E-5 9.9563E-5 9.06584E-5 8.91358E-5 7.8249E-5 8.39052E-5 8.21895E-5 6.49756E-5 4.67419E-5 3.46907E-5 2.52042E-5 1.88662E-5 1.37719E-5 1.32622E-5 1.16779E-5 1.05112E-5 9.76725E-6 7.88156E-6 6.9698E-6 5.79061E-6 4.40664E-6 5.99964E-6 7.50308E-6 9.94346E-6 1.30971E-5 1.66055E-5 2.07864E-5 2.62626E-5 3.02029E-5 3.21817E-5 3.32448E-5 3.23628E-5 2.84289E-5 2.44757E-5 2.00261E-5 2.19749E-5 2.78653E-5 3.41885E-5 4.01426E-5 4.40403E-5 4.4238E-5 4.05681E-5 3.89072E-5 4.11842E-5 4.02734E-5
6.00198E-5 4.30911E-5 2.8061E-5 2.1837E-5 1.70667E-5 1.20785E-5 1.23208E-5 1.44139E-5 1.86445E-5 2.32773E-5 2.96205E-5 3.90844E-5 5.0556E-5 5.73839E-5 6.77332E-5 6.77145E-5 4.90058E-5 5.7122E-5 5.74053E-5 8.08139E-5 9.2151E-5 8.16766E-5 9.69463E-5 1.05201E-4 7.6852E-5 5.33202E-5 8.68018E-5 8.67718E-5 7.1674E-5 5.09907E-5 3.70025E-5 2.73508E-5 1.96621E-5 1.77897E-5 1.70773E-5 1.5913E-5 1.43113E-5 1.23417E-5 1.02815E-5 8.89537E-6 7.23297E-6 5.39027E-6 6.34491E-6 8.51642E-6 1.15294E-5 1.5229E-5 2.09647E-5 2.58818E-5 3.23297E-5 3.94719E-5 4.51205E-5 4.6339E-5 4.40713E-5 3.81999E-5 3.18375E-5 2.4915E-5 2.54729E-5 3.42056E-5 4.28015E-5 5.22652E-5 6.13413E-5 6.16124E-5 5.3057E-5 5.11301E-5 5.53968E-5 5.44411E-5
7.166E-5 5.38236E-5 3.43002E-5 2.34647E-5 1.77691E-5 1.24729E-5 1.00699E-5 1.20461E-5 1.58258E-5 2.20199E-5 2.58312E-5 3.51185E-5 4.41834E-5 5.15142E-5 5.80924E-5 5.49198E-5 5.48096E-5 7.4995E-5 8.68056E-5 9.27606E-5 1.07871E-4 8.69417E-5 8.03495E-5 8.83775E-5 6.4146E-5 5.24756E-5 7.97097E-5 6.07485E-5 6.40654E-5 5.10927E-5 3.54484E-5 2.59102E-5 2.5352E-5 2.5463E-5 2.46012E-5 2.25349E-5 1.91607E-5 1.62442E-5 1.32253E-5 1.06375E-5 8.35478E-6 6.50372E-6 7.35536E-6 9.39427E-6 1.33591E-5 1.71792E-5 2.37366E-5 3.12535E-5 4.00017E-5 5.04069E-5 5.77646E-5 6.15378E-5 5.77171E-5 4.91304E-5 3.88305E-5 2.91048E-5 2.7721E-5 3.79823E-5 4.9909E-5 6.33266E-5 8.29461E-5 8.04049E-5 6.34518E-5 6.49734E-5 7.44771E-5 7.33886E-5
7.36339E-5 5.62855E-5 3.90207E-5 2.62619E-5 1.90397E-5 1.30919E-5 9.69302E-6 1.10241E-5 1.37046E-5 1.85508E-5 2.30484E-5 2.99048E-5 3.62467E-5 4.0775E-5 4.40972E-5 4.84819E-5 5.42861E-5 8.796E-5 1.03704E-4 1.09213E-4 1.07733E-4 9.76936E-5 1.13594E-4 9.25589E-5 5.40057E-5 5.1918E-5 5.64998E-5 5.55458E-5 3.31219E-5 4.18704E-5 3.64674E-5 3.59259E-5 3.6286E-5 3.62325E-5 3.375E-5 2.99617E-5 2.55534E-5 2.06958E-5 1.64547E-5 1.36242E-5 1.05282E-5 8.15976E-6 7.73646E-6 9.89472E-6 1.41399E-5 1.81122E-5 2.51331E-5 3.43444E-5 4.50844E-5 5.92079E-5 7.32274E-5 8.48343E-5 7.34415E-5 5.86581E-5 4.40688E-5 3.18547E-5 2.78715E-5 3.71891E-5 5.07735E-5 6.4798E-5 8.41024E-5 6.97063E-5 6.81126E-5 7.07939E-5 8.97231E-5 8.49705E-5
6.71803E-5 5.16109E-5 4.23946E-5 2.73851E-5 1.81294E-5 1.40304E-5 1.00472E-5 1.00064E-5 1.20224E-5 1.51496E-5 1.87534E-5 2.28546E-5 2.81561E-5 2.9128E-5 3.16011E-5 4.25645E-5 5.67032E-5 4.07893E-5 2.65284E-5 8.59768E-5 1.02672E-4 9.90613E-5 9.07296E-5 7.39515E-5 5.32396E-5 4.84375E-5 4.74623E-5 4.57685E-5 5.20804E-5 5.75226E-5 4.40096E-5 5.17881E-5 5.01392E-5 5.18467E-5 4.7781E-5 4.05182E-5 3.3621E-5 2.61059E-5 1.94274E-5 1.57231E-5 1.23871E-5 9.17845E-6 7.41097E-6 9.93284E-6 1.4166E-5 1.81135E-5 2.52387E-5 3.45901E-5 4.62084E-5 6.12036E-5 7.5575E-5 9.20482E-5 7.62023E-5 5.82453E-5 4.39777E-5 3.20801E-5 2.53491E-5 3.32789E-5 4.37843E-5 5.52366E-5 6.67331E-5 6.45407E-5 6.8648E-5 7.80098E-5 6.65491E-5 6.72179E-5
5.43044E-5 4.34245E-5 3.7183E-5 2.76748E-5 1.75498E-5 1.21002E-5 9.49245E-6 9.6099E-6 9.96395E-6 1.21403E-5 1.72993E-5 2.14472E-5 2.83147E-5 3.43178E-5 4.23653E-5 5.1563E-5 6.1048E-5 8.08869E-5 1.08911E-4 9.77891E-5 7.93321E-5 7.80964E-5 6.21486E-5 4.16017E-5 6.51012E-5 7.36765E-5 6.1248E-5 3.91244E-5 7.17387E-5 7.8256E-5 3.94799E-5 7.26873E-5 7.01087E-5 7.40105E-5 6.52904E-5 5.31677E-5 4.05508E-5 3.00614E-5 2.19852E-5 1.73782E-5 1.30794E-5 9.34386E-6 7.1893E-6 9.54019E-6 1.3468E-5 1.72758E-5 2.30378E-5 3.12364E-5 4.05714E-5 5.2676E-5 6.11852E-5 6.50216E-5 6.03044E-5 5.06135E-5 3.90128E-5 2.93519E-5 2.22534E-5 2.8251E-5 3.54673E-5 4.34389E-5 5.04595E-5 6.04904E-5 9.06737E-5 6.49378E-5 6.44945E-5 4.856E-5
4.24045E-5 3.56698E-5 3.15938E-5 2.43712E-5 1.53609E-5 1.46126E-5 1.43709E-5 1.38602E-5 1.15865E-5 1.35597E-5 1.80643E-5 2.41647E-5 3.14932E-5 4.13906E-5 5.56532E-5 6.74687E-5 7.9285E-5 7.80468E-5 9.7512E-5 9.52067E-5 9.36224E-5 1.07814E-4 9.36888E-5 8.42724E-5 1.02647E-4 8.77739E-5 3.00471E-5 2.60184E-5 1.03054E-4 9.11345E-5 9.6497E-5 8.01327E-5 4.04919E-5 6.22444E-5 7.88804E-5 5.91877E-5 4.37863E-5 3.13171E-5 2.31506E-5 1.81848E-5 1.36092E-5 9.67013E-6 7.20529E-6 8.77757E-6 1.16228E-5 1.53519E-5 2.00503E-5 2.60503E-5 3.23157E-5 4.06683E-5 4.6907E-5 4.80513E-5 4.63712E-5 3.92641E-5 3.24238E-5 2.49776E-5 2.03227E-5 2.26183E-5 2.74992E-5 3.51529E-5 4.64891E-5 6.29886E-5 5.54701E-5 6.37691E-5 5.61016E-5 5.19732E-5
4.51661E-5 4.22493E-5 3.63467E-5 2.6986E-5 2.14475E-5 2.34335E-5 2.18259E-5 1.99443E-5 1.64593E-5 1.51655E-5 1.88748E-5 2.53164E-5 3.33374E-5 4.46867E-5 6.15863E-5 7.86002E-5 1.38272E-4 9.43641E-5 7.83983E-5 1.22513E-4 1.05644E-4 1.19284E-4 9.88052E-5 7.6773E-5 8.70577E-5 8.28173E-5 5.59969E-5 3.71004E-5 8.61054E-5 8.84263E-5 9.20076E-5 6.12519E-5 6.54319E-5 5.90123E-5 7.21131E-5 5.49265E-5 4.13953E-5 3.06419E-5 2.40295E-5 1.85068E-5 1.35681E-5 9.57682E-6 7.1428E-6 7.82054E-6 1.0817E-5 1.31705E-5 1.70266E-5 2.15298E-5 2.56087E-5 3.0545E-5 3.38533E-5 3.41939E-5 3.25784E-5 2.93275E-5 2.4768E-5 2.02731E-5 1.62477E-5 1.75591E-5 2.2266E-5 2.93404E-5 3.82558E-5 4.64855E-5 3.10405E-5 5.85115E-5 4.92566E-5 5.51782E-5
6.63006E-5 5.61596E-5 4.60372E-5 3.36292E-5 3.31562E-5 3.54529E-5 3.2308E-5 2.76294E-5 2.18889E-5 1.70646E-5 1.87972E-5 2.48343E-5 3.30968E-5 4.34424E-5 5.60826E-5 7.47385E-5 1.32582E-4 1.3509E-4 9.09773E-5 9.44322E-5 9.5178E-5 9.16922E-5 7.38037E-5 8.46962E-5 9.7479E-5 1.01574E-4 4.90458E-5 3.65027E-5 2.52623E-5 6.01316E-5 7.51377E-6 5.14299E-5 6.07989E-5 9.10843E-5 7.24345E-5 5.28493E-5 3.91229E-5 2.96935E-5 2.24118E-5 1.68434E-5 1.21348E-5 9.10197E-6 7.37571E-6 6.77817E-6 9.21551E-6 1.16111E-5 1.42743E-5 1.64038E-5 1.9135E-5 2.2468E-5 2.44293E-5 2.44293E-5 2.35819E-5 2.22872E-5 1.98377E-5 1.59515E-5 1.46944E-5 1.83704E-5 2.26457E-5 2.63501E-5 2.91376E-5 3.63198E-5 4.81856E-5 5.64646E-5 6.17276E-5 8.2376E-5
9.73036E-5 7.47966E-5 5.33531E-5 4.79029E-5 5.1022E-5 5.03821E-5 4.56212E-5 3.71112E-5 2.82356E-5 2.07738E-5 1.8136E-5 2.37831E-5 3.12155E-5 4.02333E-5 5.22121E-5 6.66276E-5 5.70812E-5 8.49437E-5 7.88758E-5 7.74382E-5 7.86174E-5 8.2236E-5 9.79626E-5 9.22536E-5 6.95706E-5 1.02169E-4 8.68195E-5 6.60803E-5 5.54767E-5 7.04655E-5 6.87192E-5 5.71444E-5 4.39135E-5 8.44253E-5 6.69954E-5 5.00704E-5 3.65989E-5 2.7423E-5 2.05645E-5 1.54294E-5 1.2136E-5 1.07304E-5 9.88627E-6 7.78515E-6 7.49982E-6 9.32367E-6 1.05805E-5 1.25203E-5 1.43856E-5 1.68103E-5 1.80363E-5 1.74562E-5 1.69759E-5 1.57208E-5 1.50291E-5 1.57625E-5 1.80927E-5 2.32928E-5 2.93713E-5 3.49136E-5 2.83335E-5 3.61458E-5 2.12059E-5 5.71231E-5 6.58293E-5 6.80336E-5
1.33247E-4 9.06246E-5 6.04006E-5 6.21884E-5 6.65682E-5 6.6646E-5 6.04964E-5 4.82908E-5 3.47306E-5 2.79244E-5 2.58713E-5 2.65739E-5 2.80136E-5 3.53106E-5 4.42867E-5 5.34094E-5 4.35111E-5 5.01555E-5 7.7265E-5 8.81394E-5 9.74826E-5 7.58597E-5 9.33071E-5 1.09026E-4 3.08404E-5 7.45282E-5 8.1497E-5 5.75893E-5 6.67463E-5 8.61563E-5 1.08625E-4 1.16169E-4 1.51689E-5 6.7435E-5 5.21451E-5 4.27417E-5 3.3189E-5 2.59488E-5 2.01641E-5 1.82081E-5 1.64875E-5 1.43527E-5 1.28101E-5 9.84987E-6 8.44224E-6 6.90456E-6 8.2152E-6 1.01686E-5 1.06974E-5 1.17314E-5 1.23193E-5 1.37665E-5 1.6354E-5 1.87104E-5 2.083E-5 2.20085E-5 2.31821E-5 2.79935E-5 3.63458E-5 3.71464E-5 5.45614E-5 3.49499E-5 5.08299E-5 3.40575E-5 4.86989E-5 3.98993E-5
1.27757E-4 9.20491E-5 8.45478E-5 8.83314E-5 9.32443E-5 9.01678E-5 7.66259E-5 5.79728E-5 4.36075E-5 4.06956E-5 3.83767E-5 3.74532E-5 3.95623E-5 3.82064E-5 4.61454E-5 4.96128E-5 5.12847E-5 6.78722E-5 8.77994E-5 1.21895E-4 1.15548E-4 1.04638E-4 9.92372E-5 6.35836E-5 8.8169E-5 4.94497E-5 9.20143E-5 5.37964E-5 6.12051E-5 7.22329E-5 8.5565E-5 9.57667E-5 9.04776E-5 7.31681E-5 5.3455E-5 4.11394E-5 2.89711E-5 2.70327E-5 2.69043E-5 2.52492E-5 2.23477E-5 1.88523E-5 1.54232E-5 1.22644E-5 9.64979E-6 7.55167E-6 6.29723E-6 7.1939E-6 8.77317E-6 1.19109E-5 1.47974E-5 1.74867E-5 2.14603E-5 2.55217E-5 2.99701E-5 3.07067E-5 3.04165E-5 3.16242E-5 4.23121E-5 5.11408E-5 7.07318E-5 5.89712E-5 6.4117E-5 5.20454E-5 3.90569E-5 1.5108E-5
1.04093E-4 9.80026E-5 2.07423E-4 1.22485E-4 1.33653E-4 1.1756E-4 8.94457E-5 6.74642E-5 6.58854E-5 6.20756E-5 5.38047E-5 5.33033E-5 5.73462E-5 5.73345E-5 6.8852E-5 6.79548E-5 5.78466E-5 5.84087E-5 8.22163E-5 9.1737E-5 1.02955E-4 5.41762E-5 8.31127E-5 3.15577E-5 5.51026E-5 4.30608E-6 9.18886E-6 6.2781E-5 7.34003E-5 7.65388E-5 6.19183E-5 7.32613E-5 9.18592E-5 7.10005E-5 5.19695E-5 3.88848E-5 3.54066E-5 3.97253E-5 3.78236E-5 3.44971E-5 2.96278E-5 2.42656E-5 2.01677E-5 1.49575E-5 1.22363E-5 9.36987E-6 6.74432E-6 8.17462E-6 1.00002E-5 1.38084E-5 1.76785E-5 2.15619E-5 2.84626E-5 3.38633E-5 3.96316E-5 4.24065E-5 4.16097E-5 3.78594E-5 4.46122E-5 5.98131E-5 5.91279E-5 7.0436E-5 1.73075E-5 4.07769E-5 4.15129E-5 2.52687E-5
8.50794E-5 1.1236E-4 2.82354E-4 3.15693E-4 2.76401E-4 1.315E-4 1.00182E-4 8.29806E-5 9.38144E-5 8.84575E-5 7.12778E-5 7.48475E-5 8.12033E-5 8.30918E-5 8.97093E-5 9.61915E-5 1.10806E-4 7.30142E-5 6.87788E-5 9.21754E-5 9.9105E-5 9.69109E-5 1.2445E-4 1.0851E-4 9.22715E-5 2.41158E-5 2.87792E-5 6.71028E-5 9.66736E-5 1.05881E-4 6.74311E-5 7.02668E-5 6.8225E-5 6.43944E-5 5.92337E-5 5.24218E-5 4.89381E-5 5.4826E-5 5.25543E-5 4.69516E-5 3.85709E-5 3.00175E-5 2.30655E-5 1.75336E-5 1.32049E-5 9.84836E-6 7.40308E-6 8.92609E-6 1.09958E-5 1.45388E-5 1.92235E-5 2.54135E-5 3.47525E-5 4.32548E-5 5.19684E-5 5.74132E-5 5.60614E-5 4.83985E-5 4.10928E-5 5.38404E-5 6.89207E-5 3.1366E-5 5.44885E-6 2.29602E-5 4.01438E-5 5.34661E-5
-9999 -9999 -9999 1.38324E-4 -9999 1.20015E-4 9.64615E-5 1.15725E-4 1.31199E-4 1.23618E-4 9.56132E-5 1.08246E-4 1.208E-4 1.08618E-4 1.06394E-4 1.3887E-4 1.12397E-4 7.73527E-5 9.42973E-5 1.11853E-4 1.32418E-4 8.19761E-5 1.09584E-4 1.09055E-4 1.13147E-4 8.57416E-5 6.41322E-5 4.97612E-5 7.85793E-5 8.5831E-5 8.51116E-5 6.36569E-5 7.57089E-5 8.668E-5 7.94147E-5 6.54367E-5 6.39425E-5 7.34459E-5 7.20723E-5 6.02855E-5 4.73811E-5 3.53237E-5 2.63942E-5 2.05774E-5 1.43221E-5 1.06277E-5 7.92377E-6 8.74026E-6 1.16378E-5 1.55626E-5 2.06295E-5 2.71401E-5 3.66683E-5 4.9734E-5 6.37204E-5 7.64536E-5 7.23668E-5 5.20437E-5 3.27976E-5 3.25904E-5 1.6451E-5 5.03559E-6 1.3023E-5 2.63186E-5 4.09378E-5 5.46506E-5
-9999 -9999 -9999 -9999 1.20947E-4 1.11762E-4 1.20058E-4 1.53188E-4 1.71932E-4 1.44397E-4 1.03902E-4 1.16645E-4 1.46531E-4 1.21382E-4 1.0748E-4 1.22163E-4 1.50907E-4 9.39055E-5 7.86899E-5 9.91841E-5 9.21833E-5 7.96758E-5 6.3413E-5 4.67167E-5 6.49547E-5 8.44122E-5 5.76863E-5 1.82941E-5 3.72269E-5 8.27822E-5 7.00984E-5 6.60237E-5 8.92422E-5 1.14064E-4 9.40215E-5 6.94667E-5 7.54894E-5 9.83872E-5 9.39717E-5 7.05637E-5 5.27959E-5 3.86438E-5 2.80872E-5 2.06976E-5 1.60395E-5 1.11699E-5 8.7018E-6 9.88553E-6 1.2922E-5 1.64526E-5 2.09244E-5 2.76451E-5 3.90673E-5 5.36842E-5 6.86782E-5 8.96256E-5 8.17412E-5 6.33972E-5 8.04573E-6 9.66492E-6 5.45401E-6 1.52654E-6 1.60908E-5 7.16617E-6 5.36091E-5 1.62867E-5
-9999 -9999 -9999 -9999 -9999 9.38538E-5 -9999 1.35496E-4 1.29303E-4 1.2806E-4 1.08133E-4 9.94505E-5 1.1038E-4 9.89397E-5 8.16442E-5 1.02407E-4 1.10729E-4 5.59072E-5 6.58892E-5 6.855E-5 2.38545E-5 2.89978E-5 5.5716E-5 1.07458E-4 4.50145E-5 7.75547E-5 3.68949E-5 1.40268E-5 5.78011E-5 6.02226E-5 6.79099E-5 6.79668E-5 7.59927E-5 8.66388E-5 8.34475E-5 6.4041E-5 7.31605E-5 9.02997E-5 8.7147E-5 6.83383E-5 5.19901E-5 3.79382E-5 2.76589E-5 2.03449E-5 1.50207E-5 1.12175E-5 9.28732E-6 1.21616E-5 1.60505E-5 2.15664E-5 2.66268E-5 3.13655E-5 3.87944E-5 4.74389E-5 5.8697E-5 6.71022E-5 6.89955E-5 6.31032E-5 7.24895E-5 6.78429E-5 1.74796E-5 7.25939E-6 6.58177E-6 2.3748E-5 1.26094E-5 1.30562E-5
-9999 -9999 -9999 -9999 -9999 8.87093E-5 1.16448E-4 1.31762E-4 1.46562E-4 1.73233E-4 1.26872E-4 9.20777E-5 8.75934E-5 8.90303E-5 8.16174E-5 7.58872E-5 7.40041E-5 5.93258E-5 6.52761E-5 6.00967E-5 5.9327E-5 1.43012E-5 8.04227E-5 5.94605E-5 7.13657E-5 5.45172E-5 4.50969E-5 3.57139E-5 5.55048E-5 7.22648E-5 8.84339E-5 9.39847E-5 7.94086E-5 6.46707E-5 6.15704E-5 5.24169E-5 6.20802E-5 6.71898E-5 6.7926E-5 5.67287E-5 4.52272E-5 3.41231E-5 2.57135E-5 2.05766E-5 1.45581E-5 1.09961E-5 1.05726E-5 1.53662E-5 2.08371E-5 2.61329E-5 3.20171E-5 3.98172E-5 4.86257E-5 5.52962E-5 5.75344E-5 4.98129E-5 5.89315E-5 8.09107E-5 1.03429E-4 8.87964E-5 6.8657E-5 5.00826E-5 3.24964E-5 5.58045E-6 5.34573E-6 1.97373E-5
-9999 -9999 -9999 -9999 -9999 -9999 -9999 1.2986E-4 1.37728E-4 1.38148E-4 1.13847E-4 9.05735E-5 1.14473E-4 1.26059E-4 1.10091E-4 9.38228E-5 1.03282E-4 9.50598E-5 7.68454E-5 6.01203E-5 4.31345E-5 3.26498E-5 3.69736E-5 1.91298E-5 1.13026E-4 4.83016E-5 7.92269E-5 5.80938E-5 6.2109E-5 8.15311E-5 1.04053E-4 1.21192E-4 8.92038E-5 6.66752E-5 4.9903E-5 4.13319E-5 4.71234E-5 4.96154E-5 4.86552E-5 4.31323E-5 3.75991E-5 2.89527E-5 2.26444E-5 1.88767E-5 1.35934E-5 1.05874E-5 1.12554E-5 1.51631E-5 2.25347E-5 3.09501E-5 3.73457E-5 4.64732E-5 6.15221E-5 6.77582E-5 8.24441E-5 7.03617E-5 6.05675E-5 8.33743E-5 9.77308E-5 8.88146E-5 6.46396E-5 2.22201E-5 2.52519E-5 2.91922E-5 3.49344E-5 4.65637E-5
-9999 -9999 -9999 -9999 -9999 -9999 1.10729E-4 1.13245E-4 1.15844E-4 9.84746E-5 8.6982E-5 9.6201E-5 1.26004E-4 1.56696E-4 1.20775E-4 1.17318E-4 1.44173E-4 1.11879E-4 8.49661E-5 6.27051E-5 5.14731E-5 6.25308E-5 7.41948E-5 3.03272E-5 3.48071E-5 3.13902E-5 7.17801E-5 5.69391E-5 5.62651E-5 7.31314E-5 8.7931E-5 9.24173E-5 8.19322E-5 6.35584E-5 4.77189E-5 3.60616E-5 3.59744E-5 3.62061E-5 3.59926E-5 3.58471E-5 3.18614E-5 2.58958E-5 1.93722E-5 1.56985E-5 1.20241E-5 9.00755E-6 1.14182E-5 1.52855E-5 2.36279E-5 3.34541E-5 3.99582E-5 4.84916E-5 6.28753E-5 8.49028E-5 9.56211E-5 7.6086E-5 6.13059E-5 6.71158E-5 7.16535E-5 7.52541E-5 8.02576E-5 1.27303E-5 1.7465E-5 4.34098E-5 5.17245E-5 3.34638E-5
-9999 -9999 -9999 -9999 -9999 -9999 1.44042E-4 1.56125E-4 -9999 8.53142E-5 6.98945E-5 8.65441E-5 1.03776E-4 1.12882E-4 9.858E-5 1.05144E-4 1.18838E-4 1.07176E-4 8.17784E-5 6.50796E-5 6.19006E-5 6.46383E-5 7.15313E-5 7.16451E-5 7.64996E-5 6.95431E-5 5.86803E-5 4.70082E-5 4.89219E-5 5.85017E-5 6.70457E-5 6.85615E-5 6.1422E-5 4.98992E-5 3.91811E-5 3.01011E-5 2.62179E-5 3.02108E-5 3.04905E-5 2.89682E-5 2.59479E-5 2.05877E-5 1.64352E-5 1.27224E-5 1.01324E-5 8.72395E-6 1.17325E-5 1.52114E-5 2.03405E-5 2.78587E-5 3.60052E-5 4.45284E-5 5.54091E-5 6.66556E-5 5.21947E-5 6.66043E-5 5.43026E-5 4.62235E-5 6.29333E-5 9.82529E-5 1.16095E-4 9.14568E-5 5.51E-5 2.89326E-5 4.34168E-5 5.47779E-5
-9999 -9999 -9999 -9999 -9999 -9999 -9999 2.06819E-4 1.42587E-4 9.72858E-5 7.37548E-5 7.67488E-5 8.56538E-5 8.65668E-5 7.77958E-5 9.25429E-5 9.82836E-5 8.99465E-5 7.24479E-5 6.2981E-5 5.72347E-5 5.6289E-5 6.06482E-5 6.27058E-5 6.41547E-5 5.61853E-5 4.84202E-5 3.87931E-5 4.09282E-5 4.75306E-5 4.82614E-5 4.85613E-5 4.49405E-5 4.11408E-5 3.40607E-5 2.71062E-5 2.18724E-5 2.28373E-5 2.37031E-5 2.26289E-5 2.0607E-5 1.6691E-5 1.32437E-5 1.26877E-5 1.20736E-5 1.13864E-5 1.11869E-5 1.49233E-5 1.94457E-5 2.28087E-5 2.90349E-5 3.55287E-5 4.34234E-5 4.57617E-5 5.46623E-5 5.21553E-5 4.35315E-5 5.0992E-5 6.77708E-5 7.75218E-5 9.88973E-5 7.91908E-5 8.96872E-5 8.50568E-5 8.37171E-5 2.45636E-5
