catData/rasterBestHybridModels/Pbengalensis/RDbal_BM01_RM1.5_L/Pbengalensis_stddev.asc
ncols         409
nrows         350
xllcorner     60.897278365
yllcorner     5.843756025
cellsize      0.0892857
NODATA_value  -9999
[rows 87 to 115 of 350, columns 264 to 329 of 409]
-9999 -9999 -9999 -9999 -9999 -9999 -9999 -9999 -9999 -9999 -9999 -9999 -9999 -9999 -9999 -9999 -9999 -9999 -9999 -9999 -9999 -9999 -9999 -9999 -9999 -9999 -9999 -9999 -9999 -9999 -9999 -9999 -9999 -9999 -9999 -9999 -9999 -9999 -9999 -9999 -9999 -9999 -9999 -9999 -9999 -9999 -9999 -9999 -9999 -9999 -9999 -9999 -9999 -9999 -9999 -9999 -9999 -9999 -9999 -9999 -9999 -9999 -9999 -9999 -9999 -9999
-9999 -9999 -9999 -9999 -9999 -9999 -9999 -9999 -9999 -9999 -9999 -9999 -9999 -9999 -9999 -9999 -9999 -9999 -9999 -9999 -9999 -9999 -9999 -9999 -9999 -9999 -9999 -9999 -9999 -9999 -9999 -9999 -9999 -9999 -9999 -9999 -9999 -9999 -9999 -9999 -9999 -9999 -9999 -9999 -9999 -9999 -9999 -9999 -9999 -9999 -9999 -9999 -9999 -9999 -9999 -9999 -9999 -9999 -9999 -9999 -9999 -9999 -9999 -9999 -9999 -9999
-9999 -9999 -9999 -9999 -9999 -9999 -9999 -9999 -9999 -9999 -9999 -9999 -9999 -9999 -9999 -9999 -9999 -9999 -9999 -9999 -9999 -9999 -9999 -9999 -9999 -9999 -9999 -9999 -9999 -9999 -9999 -9999 -9999 -9999 -9999 -9999 -9999 -9999 -9999 -9999 -9999 -9999 -9999 -9999 -9999 -9999 -9999 -9999 -9999 -9999 -9999 -9999 -9999 -9999 -9999 -9999 -9999 -9999 -9999 -9999 -9999 -9999 -9999 -9999 -9999 -9999
-9999 -9999 -9999 -9999 -9999 -9999 -9999 -9999 -9999 -9999 -9999 -9999 -9999 -9999 -9999 -9999 -9999 -9999 -9999 -9999 -9999 -9999 -9999 -9999 -9999 -9999 -9999 -9999 -9999 -9999 -9999 -9999 -9999 -9999 -9999 -9999 -9999 -9999 -9999 -9999 -9999 -9999 -9999 -9999 -9999 -9999 -9999 -9999 -9999 -9999 -9999 -9999 -9999 -9999 -9999 -9999 -9999 -9999 -9999 -9999 -9999 -9999 -9999 -9999 -9999 -9999
-9999 -9999 -9999 -9999 -9999 -9999 -9999 -9999 -9999 -9999 -9999 -9999 -9999 -9999 -9999 -9999 -9999 -9999 -9999 -9999 -9999 -9999 -9999 -9999 -9999 -9999 -9999 -9999 -9999 -9999 -9999 -9999 -9999 -9999 -9999 -9999 -9999 -9999 -9999 -9999 -9999 -9999 -9999 -9999 -9999 -9999 -9999 -9999 -9999 -9999 -9999 -9999 -9999 -9999 -9999 -9999 -9999 -9999 -9999 -9999 -9999 -9999 -9999 -9999 -9999 -9999
-9999 -9999 -9999 -9999 -9999 -9999 -9999 -9999 -9999 -9999 -9999 -9999 -9999 -9999 -9999 -9999 -9999 -9999 -9999 -9999 -9999 -9999 -9999 -9999 -9999 -9999 -9999 -9999 -9999 -9999 -9999 -9999 -9999 -9999 -9999 -9999 -9999 -9999 -9999 -9999 -9999 -9999 -9999 -9999 -9999 -9999 -9999 -9999 -9999 -9999 -9999 -9999 -9999 -9999 -9999 -9999 -9999 -9999 -9999 -9999 -9999 -9999 -9999 -9999 -9999 -9999
6.58514E-5 4.36145E-5 -9999 -9999 -9999 -9999 -9999 -9999 -9999 -9999 -9999 -9999 -9999 -9999 -9999 -9999 -9999 -9999 -9999 -9999 -9999 -9999 -9999 -9999 -9999 -9999 -9999 -9999 -9999 -9999 -9999 -9999 -9999 -9999 -9999 -9999 -9999 -9999 -9999 -9999 -9999 -9999 -9999 -9999 -9999 -9999 -9999 -9999 -9999 -9999 -9999 -9999 -9999 -9999 -9999 -9999 -9999 -9999 -9999 -9999 -9999 -9999 -9999 -9999 -9999 -9999
7.20678E-5 4.25158E-5 -9999 -9999 -9999 -9999 1.05053E-5 7.56354E-6 -9999 -9999 -9999 -9999 -9999 -9999 -9999 -9999 -9999 -9999 -9999 -9999 -9999 -9999 -9999 -9999 -9999 -9999 -9999 -9999 -9999 -9999 -9999 -9999 -9999 -9999 -9999 -9999 -9999 -9999 -9999 -9999 -9999 -9999 -9999 -9999 -9999 -9999 -9999 -9999 -9999 -9999 -9999 -9999 -9999 -9999 -9999 -9999 -9999 -9999 -9999 -9999 -9999 -9999 -9999 -9999 -9999 -9999
9.20805E-5 4.81759E-5 1.93239E-5 8.31607E-6 9.1913E-6 1.68267E-5 1.18188E-5 8.1867E-6 -9999 -9999 -9999 -9999 -9999 -9999 -9999 -9999 -9999 -9999 -9999 -9999 -9999 -9999 -9999 -9999 -9999 -9999 -9999 -9999 -9999 -9999 -9999 -9999 -9999 -9999 -9999 -9999 -9999 -9999 -9999 -9999 -9999 -9999 -9999 -9999 -9999 -9999 -9999 -9999 -9999 -9999 -9999 -9999 -9999 -9999 -9999 -9999 -9999 -9999 -9999 -9999 -9999 -9999 -9999 -9999 -9999 -9999
5.2182E-5 6.67821E-5 3.51286E-5 1.39883E-5 5.6781E-6 7.28325E-6 9.53903E-6 1.31817E-5 -9999 -9999 -9999 -9999 -9999 -9999 -9999 -9999 -9999 -9999 -9999 -9999 -9999 -9999 -9999 -9999 -9999 -9999 -9999 -9999 -9999 -9999 -9999 -9999 -9999 -9999 -9999 -9999 -9999 -9999 -9999 -9999 -9999 -9999 -9999 -9999 -9999 -9999 -9999 -9999 -9999 -9999 -9999 -9999 -9999 -9999 -9999 -9999 -9999 -9999 -9999 -9999 -9999 -9999 -9999 -9999 -9999 -9999
3.30386E-5 4.70058E-5 4.18784E-5 2.25714E-5 5.38432E-6 1.1942E-5 3.17502E-5 -9999 -9999 -9999 -9999 -9999 -9999 -9999 -9999 -9999 -9999 -9999 -9999 -9999 -9999 -9999 -9999 -9999 -9999 -9999 -9999 -9999 -9999 -9999 -9999 -9999 -9999 -9999 -9999 -9999 -9999 -9999 -9999 -9999 -9999 -9999 -9999 -9999 -9999 -9999 -9999 -9999 -9999 -9999 -9999 -9999 -9999 -9999 -9999 -9999 -9999 -9999 -9999 -9999 -9999 -9999 -9999 -9999 -9999 -9999
2.35398E-5 2.4415E-5 1.83694E-5 1.2398E-5 4.82276E-6 6.17793E-6 1.70618E-5 1.30521E-5 1.32095E-5 -9999 -9999 1.8841E-5 -9999 -9999 -9999 -9999 -9999 -9999 -9999 -9999 -9999 -9999 -9999 -9999 -9999 -9999 -9999 -9999 -9999 -9999 -9999 -9999 -9999 -9999 -9999 -9999 -9999 -9999 -9999 -9999 -9999 -9999 -9999 -9999 -9999 -9999 -9999 -9999 -9999 -9999 -9999 -9999 -9999 -9999 -9999 -9999 -9999 -9999 -9999 -9999 -9999 -9999 5.47326E-5 -9999 5.40829E-5 -9999
1.63045E-5 6.70066E-6 5.71232E-6 6.46682E-6 4.90821E-6 5.97902E-6 4.40751E-6 6.741E-6 9.30537E-6 5.2316E-6 7.86082E-6 2.16016E-5 4.71814E-5 6.54869E-5 -9999 -9999 -9999 -9999 -9999 -9999 -9999 -9999 -9999 -9999 -9999 -9999 -9999 -9999 -9999 -9999 -9999 -9999 -9999 -9999 -9999 -9999 -9999 -9999 -9999 -9999 -9999 -9999 -9999 -9999 -9999 -9999 -9999 -9999 -9999 -9999 -9999 -9999 -9999 -9999 -9999 -9999 -9999 -9999 -9999 -9999 8.22896E-5 1.20374E-4 1.03471E-4 8.92361E-5 1.06573E-4 1.14432E-4
1.85693E-5 6.92024E-6 4.97543E-6 5.78318E-6 5.10908E-6 4.83667E-6 5.03194E-6 9.08795E-6 6.99406E-6 5.21985E-6 1.27559E-5 2.48913E-5 3.89104E-5 7.79637E-5 6.95603E-5 1.51136E-4 -9999 -9999 -9999 -9999 -9999 -9999 -9999 -9999 -9999 -9999 -9999 -9999 -9999 -9999 -9999 -9999 -9999 -9999 -9999 -9999 -9999 -9999 -9999 -9999 -9999 -9999 -9999 -9999 -9999 -9999 1.48124E-5 -9999 -9999 -9999 -9999 -9999 -9999 -9999 -9999 -9999 -9999 5.69401E-5 6.00736E-5 8.23018E-5 1.17015E-4 1.21861E-4 1.19289E-4 1.00309E-4 1.02292E-4 9.48137E-5
5.44276E-6 5.3237E-6 4.81519E-6 4.22832E-6 4.00329E-6 5.18203E-6 5.30777E-6 5.16989E-6 6.13732E-6 7.23456E-6 1.44058E-5 1.6647E-5 1.23243E-5 1.85284E-5 2.7337E-5 7.13726E-5 -9999 -9999 1.16369E-4 7.28379E-5 -9999 -9999 -9999 9.8929E-5 1.59236E-4 -9999 -9999 -9999 -9999 -9999 -9999 -9999 -9999 -9999 -9999 -9999 -9999 -9999 -9999 -9999 -9999 -9999 -9999 -9999 -9999 -9999 2.05558E-5 2.48643E-5 -9999 -9999 -9999 -9999 -9999 -9999 -9999 -9999 5.17846E-5 7.07838E-5 6.25989E-5 8.75704E-5 1.23776E-4 9.28551E-5 7.3296E-5 6.87536E-5 7.52089E-5 9.19132E-5
4.57184E-6 4.24088E-6 3.98528E-6 3.82673E-6 3.69028E-6 3.89257E-6 4.41149E-6 4.96507E-6 5.75245E-6 6.39958E-6 5.37366E-6 1.14529E-5 5.26378E-6 1.09479E-5 1.72395E-5 3.95161E-5 6.43922E-5 -9999 -9999 7.02119E-5 1.37469E-4 -9999 -9999 1.11E-4 1.31608E-4 1.94496E-4 3.16565E-4 -9999 -9999 -9999 -9999 -9999 -9999 -9999 -9999 -9999 -9999 -9999 -9999 -9999 -9999 -9999 2.98903E-5 2.96898E-5 2.74979E-5 2.52247E-5 2.80017E-5 2.94104E-5 4.67637E-5 -9999 -9999 -9999 -9999 -9999 5.25638E-5 4.35073E-5 5.47332E-5 7.21299E-5 7.68282E-5 7.66104E-5 1.16228E-4 9.67082E-5 6.01835E-5 8.05808E-5 9.12229E-5 1.12156E-4
6.54399E-6 5.35491E-6 4.2903E-6 3.7734E-6 3.74444E-6 3.44742E-6 3.69197E-6 4.76795E-6 7.11943E-6 1.06585E-5 1.07476E-5 1.43485E-5 9.98356E-6 6.70775E-6 1.04855E-5 1.69269E-5 3.22702E-5 4.17765E-5 2.81319E-5 2.47013E-5 3.95001E-5 8.42168E-5 1.1484E-4 1.44543E-4 1.56512E-4 2.00965E-4 1.67319E-4 1.63776E-4 1.36993E-4 9.19814E-5 -9999 -9999 -9999 -9999 -9999 -9999 -9999 -9999 -9999 2.14908E-5 -9999 3.48476E-5 3.8073E-5 3.54837E-5 3.49262E-5 2.8178E-5 3.38643E-5 2.86947E-5 3.69757E-5 6.84404E-5 -9999 -9999 -9999 -9999 -9999 4.48113E-5 5.37172E-5 5.78641E-5 4.2182E-5 6.24791E-5 8.21895E-5 7.4151E-5 4.89891E-5 6.51688E-5 8.8383E-5 1.04701E-4
8.8257E-6 6.04098E-6 4.86866E-6 4.11378E-6 4.97941E-6 4.35208E-6 5.03391E-6 1.05867E-5 1.74539E-5 3.06278E-5 6.14237E-5 2.615E-5 1.66643E-5 1.01999E-5 8.17097E-6 9.29423E-6 1.59472E-5 1.72245E-5 9.62173E-6 1.17437E-5 2.16367E-5 3.75364E-5 6.51956E-5 1.27624E-4 1.36215E-4 1.35033E-4 1.52247E-4 1.10467E-4 7.12646E-5 3.96643E-5 3.15268E-5 1.26731E-5 9.65806E-6 9.55752E-6 1.47909E-5 1.68948E-5 1.254E-5 1.06954E-5 1.35438E-5 1.98302E-5 3.59168E-5 5.63041E-5 5.23471E-5 4.52816E-5 4.57576E-5 3.48349E-5 3.45179E-5 3.27712E-5 2.91571E-5 -9999 -9999 -9999 -9999 1.28801E-4 8.51783E-5 5.37506E-5 4.79596E-5 4.71833E-5 2.65305E-5 3.50722E-5 4.68094E-5 4.90547E-5 6.79895E-5 6.57923E-5 6.83733E-5 8.79723E-5
9.02466E-6 5.96687E-6 4.4973E-6 4.27724E-6 5.12592E-6 6.31575E-6 8.00331E-6 1.71969E-5 3.46086E-5 1.41499E-4 2.52295E-5 2.56233E-5 1.6939E-5 8.23341E-6 7.08364E-6 7.44936E-6 8.75593E-6 6.77352E-6 6.84877E-6 7.52394E-6 2.0437E-5 1.58704E-5 2.70419E-5 6.429E-5 6.3838E-5 5.86912E-5 8.11893E-5 6.39558E-5 3.33775E-5 2.34317E-5 1.98627E-5 1.39109E-5 1.24026E-5 1.32949E-5 2.06544E-5 1.68697E-5 1.13727E-5 1.03196E-5 1.13958E-5 2.04865E-5 5.82912E-5 7.02985E-5 5.05106E-5 4.26989E-5 5.14281E-5 5.15294E-5 3.45134E-5 3.40666E-5 4.8656E-5 -9999 -9999 -9999 -9999 8.86162E-5 5.87687E-5 4.42569E-5 3.9724E-5 3.66413E-5 2.65369E-5 2.54236E-5 3.10277E-5 4.18002E-5 7.53294E-5 6.23391E-5 5.14624E-5 7.61074E-5
6.66464E-6 5.32849E-6 4.54127E-6 4.076E-6 5.1765E-6 7.84073E-6 1.42602E-5 1.58399E-5 2.3725E-5 3.78198E-5 1.99157E-5 3.6689E-5 1.92123E-5 9.01044E-6 2.9688E-6 5.95074E-6 6.11968E-6 8.86171E-6 8.76394E-6 1.13953E-5 1.0456E-5 1.08281E-5 3.06405E-5 2.59389E-5 2.80376E-5 2.11182E-5 2.85757E-5 2.4609E-5 2.57615E-5 2.64881E-5 2.37009E-5 1.88545E-5 1.25882E-5 2.33396E-5 1.97998E-5 1.39448E-5 9.05498E-6 7.15144E-6 8.99321E-6 1.83396E-5 3.55361E-5 5.79068E-5 5.88616E-5 3.39196E-5 4.52484E-5 5.29202E-5 3.77058E-5 3.94807E-5 -9999 -9999 -9999 9.14093E-5 7.66359E-5 4.65783E-5 4.02424E-5 4.95971E-5 4.72823E-5 4.03623E-5 2.56361E-5 2.41571E-5 2.6883E-5 3.61148E-5 3.8878E-5 4.1526E-5 4.37457E-5 5.34828E-5
4.89317E-6 5.63731E-6 5.87555E-6 4.6551E-6 6.29989E-6 1.05863E-5 1.4616E-5 1.31222E-5 8.13065E-6 8.7315E-6 1.22118E-5 1.65691E-5 1.17811E-5 9.51237E-6 3.95709E-6 4.12692E-6 5.9423E-6 7.10802E-6 9.12371E-6 7.76288E-6 8.72657E-6 1.06152E-5 1.124E-5 9.57444E-6 1.07724E-5 9.96138E-6 9.85665E-6 2.46143E-5 2.31428E-5 1.8087E-5 1.68697E-5 1.17455E-5 1.35966E-5 2.90604E-5 1.74937E-5 9.84151E-6 6.01508E-6 7.28256E-6 1.04801E-5 1.52779E-5 2.34353E-5 3.25015E-5 4.59274E-5 4.28546E-5 4.10979E-5 5.31718E-5 4.1406E-5 3.46355E-5 -9999 -9999 -9999 8.76802E-5 6.35933E-5 5.03545E-5 4.08816E-5 5.02806E-5 4.75083E-5 5.32774E-5 4.73864E-5 2.74063E-5 2.3519E-5 2.91314E-5 4.57452E-5 4.56523E-5 3.65387E-5 4.06635E-5
4.33913E-6 4.36227E-6 5.51802E-6 5.86796E-6 6.05546E-6 1.13621E-5 1.55721E-5 1.0885E-5 6.31071E-6 5.00756E-6 6.17327E-6 7.73749E-6 6.61255E-6 5.48638E-6 3.93312E-6 4.85408E-6 7.41202E-6 1.14128E-5 1.42336E-5 1.16172E-5 7.64091E-6 1.0741E-5 6.66167E-6 7.28889E-6 6.93896E-6 6.02062E-6 7.99894E-6 1.66255E-5 1.16837E-5 1.56695E-5 2.21275E-5 1.65783E-5 2.17038E-5 3.30435E-5 1.10352E-5 6.89142E-6 7.93994E-6 6.65651E-6 7.14881E-6 1.47829E-5 2.48209E-5 2.02852E-5 2.04888E-5 2.85197E-5 3.12464E-5 2.53947E-5 3.86963E-5 5.06143E-5 5.96772E-5 -9999 -9999 5.98722E-5 6.17193E-5 6.59275E-5 5.54651E-5 5.79729E-5 4.51738E-5 4.58099E-5 4.79149E-5 2.60235E-5 1.93327E-5 2.62866E-5 4.59138E-5 3.73724E-5 3.58568E-5 4.11901E-5
4.56147E-6 4.34482E-6 4.47624E-6 4.87051E-6 6.06226E-6 7.16058E-6 8.10622E-6 6.81759E-6 6.63155E-6 6.3268E-6 6.71483E-6 5.88997E-6 5.47566E-6 5.11341E-6 3.94903E-6 2.85216E-6 8.31843E-6 1.47197E-5 2.06532E-5 1.03999E-5 8.60139E-6 5.93373E-6 3.83874E-6 3.50181E-6 3.3659E-6 5.78983E-6 1.20959E-5 1.98237E-5 2.60027E-5 1.54529E-5 1.32735E-5 1.15774E-5 1.6974E-5 2.25618E-5 1.20891E-5 7.05168E-6 6.05771E-6 6.1007E-6 9.00366E-6 1.80664E-5 2.55638E-5 2.14263E-5 1.59964E-5 1.99075E-5 2.48959E-5 2.4081E-5 4.6813E-5 5.22282E-5 4.99731E-5 4.46287E-5 4.64096E-5 3.17526E-5 4.49012E-5 5.55325E-5 4.5798E-5 4.14911E-5 4.00372E-5 3.29375E-5 4.44835E-5 2.70971E-5 5.78366E-5 3.22242E-5 8.57921E-5 9.23418E-5 5.56438E-5 7.08462E-5
4.93813E-6 5.3858E-6 4.48133E-6 4.8863E-6 6.11217E-6 5.4591E-6 5.7922E-6 5.76435E-6 5.5535E-6 5.2871E-6 6.53374E-6 7.15045E-6 6.77213E-6 6.27746E-6 5.06949E-6 4.51629E-6 5.56385E-6 5.21143E-6 7.51949E-6 4.1845E-6 3.30047E-6 3.05915E-6 2.78676E-6 3.36509E-6 2.86448E-6 3.54615E-6 7.25774E-6 1.96415E-5 2.93871E-5 2.0262E-5 7.60912E-6 6.54605E-6 1.25644E-5 1.22324E-5 8.13437E-6 5.16009E-6 3.50631E-6 4.8322E-6 7.34915E-6 2.55787E-5 7.07104E-5 2.59141E-5 1.54026E-5 2.15493E-5 1.79857E-5 2.1602E-5 2.06617E-5 1.79877E-5 2.09961E-5 2.32043E-5 2.3346E-5 1.31208E-5 2.04988E-5 2.57439E-5 2.84997E-5 3.33374E-5 4.9655E-5 4.09926E-5 3.56503E-5 2.40823E-5 3.09232E-5 6.62421E-5 2.88662E-5 7.67202E-5 1.30937E-4 1.03717E-4
5.04228E-6 5.36159E-6 4.76431E-6 5.66256E-6 6.6251E-6 6.19013E-6 5.64501E-6 5.55444E-6 5.39765E-6 5.57418E-6 6.2362E-6 6.69085E-6 6.78115E-6 8.21156E-6 7.25416E-6 6.06631E-6 5.06452E-6 4.93478E-6 5.30502E-6 5.60043E-6 5.21016E-6 2.7838E-6 4.72772E-6 4.70173E-6 5.12761E-6 3.62602E-6 1.10946E-5 2.27996E-5 2.30479E-5 1.89896E-5 4.77449E-6 3.38183E-6 1.2538E-5 1.21639E-5 5.17967E-6 2.31964E-6 3.6455E-6 6.75629E-6 1.53733E-5 2.62161E-5 2.50598E-5 1.85779E-5 2.25901E-5 2.04021E-5 1.60359E-5 2.02706E-5 2.0744E-5 1.33917E-5 3.90889E-5 1.27406E-5 4.87951E-5 3.47189E-5 2.45791E-5 3.46212E-5 2.24023E-5 5.19211E-5 7.05777E-5 6.01922E-5 3.36317E-5 2.71667E-5 3.1117E-5 1.13474E-4 2.82562E-5 1.07081E-4 6.93101E-5 7.5092E-5
4.65808E-6 4.54437E-6 5.48243E-6 7.50332E-6 1.03209E-5 8.03773E-6 5.93259E-6 5.20207E-6 6.19761E-6 6.7318E-6 7.38768E-6 6.70828E-6 7.3538E-6 9.17315E-6 9.86065E-6 9.95082E-6 7.46046E-6 8.1276E-6 7.94144E-6 6.81117E-6 4.62397E-6 3.24023E-6 2.66903E-6 3.67998E-6 5.66926E-6 2.8251E-6 4.95311E-6 8.26595E-6 1.44074E-5 1.00396E-5 6.89775E-6 1.60856E-5 2.08352E-5 1.30916E-5 2.98148E-6 3.03251E-6 8.54136E-6 1.65727E-5 2.26648E-5 2.41422E-5 2.06435E-5 2.1311E-5 2.90066E-5 1.54614E-5 1.84101E-5 1.98455E-5 1.12873E-5 1.19441E-5 5.10297E-5 1.32211E-5 1.78897E-5 1.87696E-5 2.71384E-5 1.27443E-5 3.13285E-5 3.0628E-5 6.14233E-5 6.21203E-5 4.68383E-5 4.22538E-5 4.54832E-5 2.93139E-5 1.16067E-5 1.38147E-5 2.60193E-5 3.39377E-5
5.60889E-6 4.90979E-6 6.03896E-6 8.61324E-6 1.0959E-5 7.39011E-6 5.81037E-6 5.16018E-6 6.47607E-6 6.82847E-6 6.54753E-6 8.29752E-6 9.55321E-6 1.01629E-5 9.80579E-6 8.85595E-6 1.01558E-5 9.50019E-6 9.12576E-6 9.51835E-6 9.36966E-6 9.60374E-6 6.21648E-6 3.49434E-6 3.13223E-6 2.66658E-6 3.0501E-6 4.00211E-6 4.32188E-6 2.13571E-6 4.36318E-6 1.58418E-5 1.59436E-5 5.08554E-6 3.02143E-6 3.73713E-6 7.28226E-6 1.29249E-5 2.49607E-5 2.02861E-5 1.915E-5 2.15118E-5 2.48285E-5 1.13663E-5 8.69238E-6 5.42824E-6 7.69866E-6 1.17207E-5 4.06458E-5 1.72542E-5 1.29369E-5 1.83611E-5 1.54834E-5 4.09901E-5 1.10964E-4 3.80133E-5 3.13959E-5 2.63914E-5 2.75838E-5 2.7349E-5 3.97132E-5 4.53723E-6 1.15119E-5 1.81319E-5 1.09708E-5 2.87781E-5
8.21193E-6 6.31983E-6 6.34057E-6 6.77047E-6 6.64107E-6 6.30551E-6 5.19452E-6 6.05122E-6 7.34383E-6 7.52862E-6 7.23125E-6 1.0867E-5 1.35881E-5 1.1266E-5 8.74958E-6 1.06513E-5 9.71882E-6 1.00679E-5 9.10763E-6 1.12747E-5 1.04215E-5 1.07715E-5 1.04535E-5 6.1956E-6 4.31333E-6 5.11248E-6 4.75514E-6 3.92551E-6 3.70852E-6 4.59232E-6 7.99462E-6 1.41319E-5 1.41224E-5 9.1154E-6 6.04978E-6 4.63053E-6 6.66028E-6 1.03756E-5 1.78896E-5 1.49067E-5 1.01042E-5 2.13837E-5 2.10326E-5 8.50768E-6 3.97053E-5 1.21817E-5 1.76495E-5 2.3922E-5 1.36727E-5 2.0541E-5 1.18417E-5 1.57037E-5 1.57786E-5 3.13421E-5 1.96475E-5 1.83936E-5 3.81229E-5 1.91234E-5 2.08669E-5 3.88415E-5 3.30561E-5 1.8987E-5 1.51343E-5 2.67252E-5 1.79949E-5 1.75904E-5
1.09414E-5 6.94582E-6 9.55188E-6 1.02207E-5 6.44628E-6 6.52175E-6 6.31945E-6 7.16261E-6 1.08951E-5 1.06398E-5 7.59843E-6 9.49984E-6 1.13573E-5 9.72688E-6 9.37315E-6 1.29121E-5 1.22982E-5 1.20878E-5 9.62927E-6 1.00918E-5 9.34079E-6 1.11288E-5 1.52345E-5 1.40236E-5 1.04933E-5 7.64306E-6 7.55758E-6 7.60118E-6 8.2282E-6 1.01808E-5 1.24642E-5 1.34568E-5 9.29341E-6 4.52113E-6 5.52357E-6 6.24339E-6 6.21521E-6 7.06242E-6 7.15388E-6 5.57411E-6 6.25658E-6 8.16696E-6 1.00454E-5 1.53877E-5 1.24681E-5 1.40805E-5 3.24651E-5 1.621E-5 3.5692E-5 1.39706E-5 2.04121E-5 2.14101E-5 1.3272E-5 1.65719E-5 2.09767E-5 1.58949E-5 2.3332E-5 1.33467E-5 3.26397E-5 2.86306E-5 1.18436E-5 9.2131E-6 1.1431E-5 1.12377E-5 1.43576E-5 1.6038E-5
