catData/rasterBestHybridModels/Pbengalensis/RDbal_BM01_RM1.5_L/Pbengalensis_max.asc
ncols         409
nrows         350
xllcorner     60.897278365
yllcorner     5.843756025
cellsize      0.0892857
NODATA_value  -9999
[rows 261 to 289 of 350, columns 132 to 197 of 409]
-9999 -9999 -9999 -9999 -9999 -9999 -9999 -9999 -9999 -9999 -9999 -9999 -9999 -9999 -9999 -9999 -9999 -9999 -9999 -9999 -9999 -9999 1.95675E-4 1.88036E-4 3.3105E-4 5.46143E-4 4.56003E-4 3.64682E-4 3.3849E-4 2.94358E-4 2.42097E-4 1.88439E-4 1.24956E-4 1.77745E-4 1.8762E-4 1.48402E-4 6.33448E-5 9.54677E-6 1.81146E-6 6.15668E-6 9.77904E-6 3.69208E-5 6.34483E-6 6.64869E-6 1.6243E-5 3.22488E-5 1.70181E-5 1.21017E-5 3.4619E-5 1.78841E-6 7.581E-6 3.01648E-6 2.98875E-6 2.92879E-6 7.85506E-6 1.52579E-6 1.00064E-6 4.75719E-6 3.61201E-5 2.20037E-5 2.92579E-5 1.54565E-6 3.81607E-6 1.06759E-5 4.09408E-5 1.82338E-5
-9999 -9999 -9999 -9999 -9999 -9999 -9999 -9999 -9999 -9999 -9999 -9999 -9999 -9999 -9999 -9999 -9999 -9999 -9999 -9999 -9999 -9999 2.40188E-4 2.04622E-4 1.9399E-4 4.21156E-4 2.70519E-4 2.73683E-4 3.03169E-4 2.74968E-4 3.07235E-4 2.7379E-4 1.97717E-4 1.49221E-4 1.19974E-4 4.67616E-5 7.59026E-6 7.38002E-6 4.93975E-6 5.82876E-6 9.35466E-6 3.60536E-5 1.25051E-5 1.17578E-6 1.61693E-6 3.69742E-6 4.75224E-6 1.41311E-5 3.79202E-6 2.77016E-6 1.3174E-5 1.81623E-5 5.98291E-6 3.99112E-5 3.55955E-6 5.82643E-6 1.5182E-6 7.31882E-6 2.7783E-5 4.17882E-5 7.09367E-6 9.03911E-6 1.53884E-5 1.62893E-5 4.96225E-5 9.68266E-6
-9999 -9999 -9999 -9999 -9999 -9999 -9999 -9999 -9999 -9999 -9999 -9999 -9999 -9999 -9999 -9999 -9999 -9999 -9999 -9999 -9999 -9999 1.41339E-4 2.18096E-4 1.75746E-4 1.83593E-4 4.33494E-4 4.22335E-4 2.29072E-4 4.03506E-4 3.42314E-4 3.15321E-4 2.60615E-4 2.21142E-4 2.34173E-4 5.49004E-5 3.25095E-5 1.00824E-5 5.47475E-6 1.40147E-6 9.08021E-7 7.88982E-6 2.41324E-6 3.34091E-6 2.54213E-6 6.40764E-6 3.50324E-6 3.68272E-6 7.42442E-7 1.07576E-5 1.99835E-5 2.22621E-6 8.28324E-6 3.87651E-5 1.57121E-5 2.00175E-6 8.59085E-6 4.20267E-6 6.39956E-6 4.03152E-6 1.51101E-6 1.75622E-5 5.09757E-6 4.41747E-5 5.38421E-5 2.92471E-5
-9999 -9999 -9999 -9999 -9999 -9999 -9999 -9999 -9999 -9999 -9999 -9999 -9999 -9999 -9999 -9999 -9999 -9999 -9999 -9999 -9999 -9999 1.47936E-4 2.13246E-4 1.57374E-4 2.16356E-4 6.90221E-4 4.67591E-4 4.10491E-4 4.06148E-4 9.00292E-4 2.89897E-4 3.34198E-4 1.92509E-4 4.40236E-4 1.48692E-4 4.02142E-5 4.90718E-6 1.74573E-6 6.50708E-7 5.70607E-6 4.58123E-6 2.72003E-6 4.94775E-6 1.97862E-5 1.1798E-5 3.29531E-6 5.2174E-6 7.43125E-7 3.40514E-6 1.36724E-6 3.92073E-6 1.35306E-5 1.41712E-5 1.37068E-5 3.36242E-5 1.578E-5 2.8801E-5 4.72701E-6 1.47104E-6 1.05339E-6 2.12301E-6 4.25305E-6 4.71141E-5 1.46944E-4 5.7227E-5
-9999 -9999 -9999 -9999 -9999 -9999 -9999 -9999 -9999 -9999 -9999 -9999 -9999 -9999 -9999 -9999 -9999 -9999 -9999 -9999 -9999 -9999 -9999 2.14341E-4 2.66537E-4 1.64911E-4 4.50175E-4 4.55844E-4 6.97578E-4 7.62782E-4 5.33008E-4 2.89168E-4 4.85128E-4 8.29681E-4 4.06249E-4 9.71635E-5 6.62289E-5 4.50728E-5 2.09563E-5 4.85682E-6 9.12387E-5 6.29631E-6 3.54229E-6 6.50661E-6 8.31429E-6 1.15528E-5 4.24657E-6 2.14414E-5 1.51262E-5 2.16777E-5 5.7226E-5 1.07258E-5 6.19858E-6 6.57187E-5 4.51052E-5 5.93988E-5 4.97286E-5 8.06884E-5 4.211E-5 1.7378E-5 5.19022E-5 1.3211E-4 7.13606E-5 4.96908E-5 6.3312E-5 8.55733E-5
-9999 -9999 -9999 -9999 -9999 -9999 -9999 -9999 -9999 -9999 -9999 -9999 -9999 -9999 -9999 -9999 -9999 -9999 -9999 -9999 -9999 -9999 -9999 2.03648E-4 2.97855E-4 2.16143E-4 3.31857E-4 3.32784E-4 4.93707E-4 5.39025E-4 4.52658E-4 2.23431E-4 3.03255E-4 4.35751E-4 1.71875E-4 1.02731E-5 4.60186E-5 6.58022E-5 8.01041E-5 1.38226E-5 1.14798E-5 4.37968E-5 1.0284E-5 7.61224E-6 2.24739E-5 3.37156E-5 1.24476E-5 1.67672E-5 9.62761E-6 2.74101E-5 3.82807E-5 3.25803E-6 1.88559E-5 1.13848E-4 1.47799E-4 7.70665E-5 7.87993E-5 1.45511E-4 3.35446E-5 2.39073E-5 4.68835E-5 1.2071E-4 1.63846E-4 4.04664E-5 1.64032E-5 2.20838E-5
-9999 -9999 -9999 -9999 -9999 -9999 -9999 -9999 -9999 -9999 -9999 -9999 -9999 -9999 -9999 -9999 -9999 -9999 -9999 -9999 -9999 -9999 -9999 2.99717E-4 4.99812E-4 4.77572E-4 2.47442E-4 3.05209E-4 1.59437E-4 2.14745E-4 4.17627E-4 4.5464E-4 6.89155E-4 7.38993E-4 2.72329E-4 1.03056E-4 1.32878E-4 5.75911E-5 2.57628E-5 3.3557E-5 3.26234E-5 3.70772E-5 1.14167E-5 2.7602E-5 6.97766E-6 2.52259E-5 9.83963E-6 6.01128E-6 2.82158E-5 2.10134E-5 3.62298E-5 6.67971E-6 7.76757E-5 4.288E-5 8.72522E-5 5.79757E-5 4.63813E-5 4.27613E-5 2.75353E-5 9.55034E-6 2.05672E-5 9.38265E-5 6.17419E-5 3.293E-5 3.0951E-5 3.96165E-5
-9999 -9999 -9999 -9999 -9999 -9999 -9999 -9999 -9999 -9999 -9999 -9999 -9999 -9999 -9999 -9999 -9999 -9999 -9999 -9999 -9999 -9999 -9999 2.05115E-4 3.51026E-4 3.95215E-4 2.30603E-4 1.83738E-4 2.09278E-4 1.64089E-4 3.64045E-4 4.08695E-4 3.59333E-4 7.08903E-4 3.35935E-4 2.3071E-4 1.07001E-4 7.54275E-5 6.31064E-5 6.5701E-6 4.02302E-6 3.59119E-5 6.83868E-5 4.2617E-5 4.52471E-6 4.96616E-6 7.30646E-7 8.84681E-7 1.79125E-5 3.69617E-5 1.89166E-5 1.08281E-6 4.7829E-5 1.34083E-4 1.89881E-5 8.4265E-5 1.26311E-4 1.03225E-5 1.06688E-5 6.06002E-6 9.09358E-5 3.73109E-5 3.25333E-5 3.27883E-5 5.95294E-5 1.94481E-5
-9999 -9999 -9999 -9999 -9999 -9999 -9999 -9999 -9999 -9999 -9999 -9999 -9999 -9999 -9999 -9999 -9999 -9999 -9999 -9999 -9999 -9999 -9999 -9999 2.63336E-4 6.55175E-4 2.37244E-4 1.42015E-4 1.34345E-4 1.94866E-4 4.31481E-4 5.63742E-4 3.69138E-4 5.56046E-4 5.03528E-4 3.15386E-4 1.87568E-4 3.44169E-5 9.40735E-5 1.33604E-5 6.93795E-6 2.90887E-5 1.78094E-5 5.22036E-5 8.00237E-5 8.85171E-6 1.52324E-6 7.73627E-7 2.46293E-5 3.25651E-6 6.65049E-6 1.41656E-5 2.95986E-5 1.92826E-5 9.48798E-5 1.88582E-4 1.04369E-4 4.18258E-5 2.17553E-6 1.10473E-5 2.79586E-5 5.55556E-5 4.40014E-5 2.97077E-5 6.57282E-5 2.10687E-5
-9999 -9999 -9999 -9999 -9999 -9999 -9999 -9999 -9999 -9999 -9999 -9999 -9999 -9999 -9999 -9999 -9999 -9999 -9999 -9999 -9999 -9999 -9999 -9999 2.46727E-4 2.60883E-4 2.45352E-4 1.66858E-4 1.63848E-4 2.68624E-4 4.8935E-4 6.41493E-4 4.36995E-4 4.96071E-4 5.1681E-4 5.32981E-4 1.16081E-4 1.21275E-4 1.58937E-4 4.38618E-5 2.12069E-5 1.14301E-4 7.60945E-5 5.61856E-5 5.03535E-5 1.59003E-5 2.90026E-6 9.74916E-6 7.73138E-6 2.04791E-5 1.51964E-4 1.82244E-4 8.59819E-5 1.41758E-4 3.42353E-4 3.13706E-4 1.48587E-5 9.42218E-6 1.66362E-6 5.26372E-5 6.53874E-6 4.87815E-5 2.02192E-5 6.02664E-5 2.01016E-5 1.69093E-5
-9999 -9999 -9999 -9999 -9999 -9999 -9999 -9999 -9999 -9999 -9999 -9999 -9999 -9999 -9999 -9999 -9999 -9999 -9999 -9999 -9999 -9999 -9999 -9999 1.23316E-4 2.04171E-4 2.9258E-4 2.00134E-4 2.05606E-4 2.62497E-4 4.26721E-4 5.843E-4 4.92105E-4 5.89624E-4 3.63591E-4 3.9031E-4 3.49172E-4 1.61865E-4 2.07486E-4 7.76807E-5 7.80472E-5 2.15969E-4 1.0304E-4 9.8468E-5 1.311E-4 4.11094E-5 1.57427E-5 4.91495E-5 9.59569E-6 7.03996E-5 8.7105E-5 1.46327E-4 1.23644E-4 1.23532E-4 1.61419E-4 4.75093E-5 3.43835E-6 7.63314E-5 5.69682E-5 4.71197E-5 4.36479E-5 1.05022E-4 6.2802E-5 4.28798E-5 5.90634E-5 4.83423E-5
-9999 -9999 -9999 -9999 -9999 -9999 -9999 -9999 -9999 -9999 -9999 -9999 -9999 -9999 -9999 -9999 -9999 -9999 -9999 -9999 -9999 -9999 -9999 -9999 2.6614E-4 4.20089E-4 1.89197E-4 2.01425E-4 2.64731E-4 1.90435E-4 2.54565E-4 3.07692E-4 4.3119E-4 2.43397E-4 5.53933E-4 6.70586E-4 3.00305E-4 2.25287E-4 1.83831E-4 6.46798E-5 2.86241E-5 5.90226E-5 1.92603E-5 6.05018E-5 2.83004E-5 2.19051E-5 8.88318E-6 1.63968E-5 1.20453E-5 5.34181E-5 1.10715E-4 1.97056E-4 1.36135E-4 6.10918E-5 6.68929E-5 2.07313E-5 3.14439E-5 8.71096E-5 1.40554E-4 3.493E-5 3.54292E-5 8.11972E-5 7.78029E-5 5.85491E-5 8.52366E-5 8.39368E-5
-9999 -9999 -9999 -9999 -9999 -9999 -9999 -9999 -9999 -9999 -9999 -9999 -9999 -9999 -9999 -9999 -9999 -9999 -9999 -9999 -9999 -9999 -9999 -9999 -9999 2.53573E-4 1.73663E-4 1.905E-4 2.06573E-4 3.03526E-4 4.69238E-4 5.12855E-4 6.23675E-4 3.44243E-4 8.5887E-4 8.67186E-4 3.12495E-4 2.16808E-4 1.34101E-4 8.81082E-5 2.05467E-5 9.20629E-5 7.63584E-5 4.48699E-5 6.1771E-5 4.77369E-5 7.48486E-6 1.71813E-4 1.59502E-4 5.40288E-5 2.24193E-4 1.69773E-4 1.11359E-4 1.21861E-5 1.7701E-5 1.69379E-4 6.14191E-5 6.14757E-5 2.19562E-5 4.20861E-5 8.36492E-6 3.38248E-5 6.06347E-5 5.60612E-5 1.0676E-4 7.13561E-6
-9999 -9999 -9999 -9999 -9999 -9999 -9999 -9999 -9999 -9999 -9999 -9999 -9999 -9999 -9999 -9999 -9999 -9999 -9999 -9999 -9999 -9999 -9999 -9999 -9999 -9999 2.0485E-4 1.35248E-4 1.86976E-4 3.84632E-4 6.37173E-4 6.94562E-4 5.98519E-4 2.77927E-4 1.00278E-3 1.24373E-3 2.34768E-4 1.93045E-4 9.76045E-5 5.84366E-5 1.06045E-5 5.41111E-5 7.6352E-5 1.42838E-5 3.06265E-5 5.22185E-5 8.76208E-5 1.85052E-4 2.4803E-4 1.53074E-4 1.50684E-4 1.49147E-4 1.20547E-4 4.23205E-5 2.54563E-5 1.26696E-4 1.00685E-4 1.47731E-4 1.05308E-4 1.2687E-4 2.72693E-5 5.884E-5 8.6458E-5 1.06863E-5 1.73646E-5 4.82164E-5
-9999 -9999 -9999 -9999 -9999 -9999 -9999 -9999 -9999 -9999 -9999 -9999 -9999 -9999 -9999 -9999 -9999 -9999 -9999 -9999 -9999 -9999 -9999 -9999 -9999 -9999 2.05174E-4 1.78112E-4 3.74294E-4 8.94553E-4 9.98175E-4 9.70873E-4 5.28309E-4 6.35089E-4 9.87875E-4 7.47086E-4 2.59917E-4 1.93342E-4 1.11198E-4 2.11031E-5 6.4915E-5 1.12541E-4 5.59129E-5 1.35585E-5 4.83911E-5 4.57367E-5 1.06281E-4 1.76553E-4 1.70363E-4 1.48868E-4 3.39518E-5 7.98112E-5 2.12499E-5 3.91381E-5 5.80735E-5 9.82284E-5 1.47901E-4 3.86335E-5 7.57296E-5 5.59822E-5 8.14307E-6 4.45053E-5 4.69004E-5 8.06949E-6 4.13546E-5 8.56088E-5
-9999 -9999 -9999 -9999 -9999 -9999 -9999 -9999 -9999 -9999 -9999 -9999 -9999 -9999 -9999 -9999 -9999 -9999 -9999 -9999 -9999 -9999 -9999 -9999 -9999 -9999 -9999 1.65972E-4 6.11865E-4 5.32115E-4 3.50141E-4 2.75889E-4 4.05318E-4 8.19456E-4 7.8523E-4 7.02317E-4 3.33078E-4 1.70729E-4 1.5681E-4 1.22337E-4 6.05216E-5 4.74243E-5 9.07249E-5 2.32956E-4 1.94068E-4 1.19122E-4 1.23431E-4 1.41996E-4 2.19855E-4 3.21731E-4 7.30213E-5 7.8041E-5 1.40827E-5 4.10918E-6 8.89985E-6 7.14836E-5 6.26872E-5 8.51599E-5 2.21343E-4 3.83476E-5 2.26961E-6 8.93937E-5 4.57076E-6 1.35458E-5 9.06798E-6 1.17834E-4
-9999 -9999 -9999 -9999 -9999 -9999 -9999 -9999 -9999 -9999 -9999 -9999 -9999 -9999 -9999 -9999 -9999 -9999 -9999 -9999 -9999 -9999 -9999 -9999 -9999 -9999 -9999 2.60146E-4 1.97545E-4 4.52149E-4 6.31682E-4 1.93685E-4 5.13689E-4 7.947E-4 7.00615E-4 5.50786E-4 6.09234E-4 2.83526E-4 2.41477E-4 1.88444E-4 1.51565E-4 9.65173E-5 4.86769E-5 1.88933E-4 2.28063E-4 9.06423E-5 1.3438E-4 7.73978E-5 1.17474E-4 4.47587E-5 1.2861E-4 9.46223E-5 5.84189E-5 3.4813E-5 4.08043E-5 3.62123E-5 7.43816E-5 1.39584E-4 1.86379E-4 1.75176E-5 2.77828E-5 2.0069E-5 3.30621E-5 6.75529E-6 1.03394E-5 2.1224E-5
-9999 -9999 -9999 -9999 -9999 -9999 -9999 -9999 -9999 -9999 -9999 -9999 -9999 -9999 -9999 -9999 -9999 -9999 -9999 -9999 -9999 -9999 -9999 -9999 -9999 -9999 -9999 -9999 1.82625E-4 1.94475E-4 4.429E-4 6.82428E-4 5.32908E-4 5.79777E-4 5.42256E-4 5.14451E-4 7.58605E-4 2.889E-4 2.10908E-4 9.4454E-5 1.24409E-4 1.55778E-4 1.26292E-4 9.56453E-5 1.17761E-4 4.59097E-5 4.32109E-5 1.7245E-4 1.30827E-4 1.00253E-4 8.5098E-5 8.93794E-5 5.03246E-5 7.19379E-5 5.7444E-5 5.42152E-5 9.30356E-5 1.63531E-4 1.04116E-4 6.84519E-5 4.84521E-5 1.90296E-5 1.13949E-5 1.78292E-5 7.2966E-6 1.82268E-6
-9999 -9999 -9999 -9999 -9999 -9999 -9999 -9999 -9999 -9999 -9999 -9999 -9999 -9999 -9999 -9999 -9999 -9999 -9999 -9999 -9999 -9999 -9999 -9999 -9999 -9999 -9999 -9999 2.22926E-4 1.97504E-4 4.9867E-4 9.23874E-4 5.31709E-4 5.72118E-4 5.748E-4 4.75107E-4 6.05458E-4 6.92486E-4 3.7071E-4 1.70393E-4 1.2439E-4 1.312E-4 1.01579E-4 1.08427E-4 1.87473E-4 1.46904E-4 8.00001E-5 1.32924E-4 1.40613E-4 2.15062E-4 1.23207E-4 5.86561E-5 6.23614E-5 2.87374E-5 6.83801E-5 1.03392E-4 1.07023E-4 1.34191E-4 1.59339E-4 3.10685E-5 4.77089E-5 4.65339E-5 1.16497E-4 3.44038E-5 4.00788E-5 3.77911E-5
-9999 -9999 -9999 -9999 -9999 -9999 -9999 -9999 -9999 -9999 -9999 -9999 -9999 -9999 -9999 -9999 -9999 -9999 -9999 -9999 -9999 -9999 -9999 -9999 -9999 -9999 -9999 -9999 3.13792E-4 2.04533E-4 2.75455E-4 2.67581E-4 2.91254E-4 3.5722E-4 4.92447E-4 4.44047E-4 9.42635E-4 7.42894E-4 3.97779E-4 1.78663E-4 1.11669E-5 6.64744E-5 9.9773E-5 7.82863E-5 1.41664E-4 1.65914E-4 6.97043E-5 1.54899E-4 2.12497E-4 1.13252E-4 1.84223E-4 4.46284E-5 3.6397E-5 4.47222E-5 1.31338E-4 9.45093E-5 6.99488E-5 1.21812E-5 1.13904E-4 5.58973E-5 9.28198E-5 1.09434E-4 6.53441E-5 6.50045E-5 2.68758E-5 3.81637E-5
-9999 -9999 -9999 -9999 -9999 -9999 -9999 -9999 -9999 -9999 -9999 -9999 -9999 -9999 -9999 -9999 -9999 -9999 -9999 -9999 -9999 -9999 -9999 -9999 -9999 -9999 -9999 -9999 -9999 1.85451E-4 2.12534E-4 1.6687E-4 2.2124E-4 3.0727E-4 5.66186E-4 3.75253E-4 4.04672E-4 8.35113E-4 3.03357E-4 1.23716E-4 4.85485E-5 5.76959E-5 8.86688E-5 7.98947E-5 5.26739E-5 4.81541E-5 6.02888E-5 6.29052E-5 1.0646E-4 1.41832E-4 6.37113E-4 1.06638E-4 4.67987E-5 5.46642E-5 1.69514E-4 9.28053E-5 6.64541E-5 6.90189E-5 3.98386E-5 7.02147E-5 3.42176E-5 1.53908E-5 2.84745E-5 9.85343E-5 1.68692E-5 2.17738E-4
-9999 -9999 -9999 -9999 -9999 -9999 -9999 -9999 -9999 -9999 -9999 -9999 -9999 -9999 -9999 -9999 -9999 -9999 -9999 -9999 -9999 -9999 -9999 -9999 -9999 -9999 -9999 -9999 -9999 -9999 2.24649E-4 2.28833E-4 3.38427E-4 8.75803E-4 7.89352E-4 1.05704E-3 4.4535E-4 7.80595E-4 4.24435E-4 1.91959E-4 1.38996E-4 5.37462E-5 5.8806E-5 1.19838E-4 6.72247E-5 2.88515E-5 2.43384E-5 7.69077E-5 1.15782E-4 2.16628E-4 5.47928E-4 1.42554E-4 6.53623E-5 8.87737E-5 3.58238E-4 2.44207E-4 4.3113E-5 1.08617E-4 6.77416E-5 4.52864E-5 7.42846E-6 1.06891E-4 4.23847E-4 3.16214E-4 3.88894E-4 3.38156E-4
-9999 -9999 -9999 -9999 -9999 -9999 -9999 -9999 -9999 -9999 -9999 -9999 -9999 -9999 -9999 -9999 -9999 -9999 -9999 -9999 -9999 -9999 -9999 -9999 -9999 -9999 -9999 -9999 -9999 -9999 -9999 2.21087E-4 1.73028E-4 3.71686E-4 4.73412E-4 5.06493E-4 8.23598E-4 9.3083E-4 9.38431E-4 1.1581E-3 5.41245E-4 1.56046E-4 1.32242E-4 1.52875E-4 1.95766E-4 1.44052E-4 1.01041E-4 2.01206E-5 1.89685E-5 2.21298E-4 2.83141E-4 1.63473E-4 2.37005E-4 2.62435E-4 2.77315E-4 2.00745E-4 9.34965E-5 5.92488E-5 3.68903E-5 1.03274E-4 6.37761E-6 1.81229E-4 2.86112E-4 2.52437E-4 2.42412E-4 1.42857E-4
-9999 -9999 -9999 -9999 -9999 -9999 -9999 -9999 -9999 -9999 -9999 -9999 -9999 -9999 -9999 -9999 -9999 -9999 -9999 -9999 -9999 -9999 -9999 -9999 -9999 -9999 -9999 -9999 -9999 -9999 -9999 -9999 2.16846E-4 3.10215E-4 3.52875E-4 6.748E-4 6.16228E-4 1.2016E-3 8.9717E-4 1.34709E-3 3.64142E-4 4.00908E-4 3.06633E-4 1.96072E-4 1.36247E-4 5.11683E-5 6.33363E-5 3.47619E-5 9.00371E-5 3.54797E-4 2.83821E-4 1.88377E-4 2.21663E-4 2.81381E-4 3.22013E-4 4.69522E-5 1.77576E-4 2.38596E-5 1.29701E-4 8.73709E-5 5.62301E-5 1.21174E-4 4.35811E-6 1.80248E-5 3.96247E-5 1.21237E-4
-9999 -9999 -9999 -9999 -9999 -9999 -9999 -9999 -9999 -9999 -9999 -9999 -9999 -9999 -9999 -9999 -9999 -9999 -9999 -9999 -9999 -9999 -9999 -9999 -9999 -9999 -9999 -9999 -9999 -9999 -9999 -9999 2.48869E-4 1.96537E-4 1.86704E-4 5.27597E-4 5.03362E-4 1.48745E-3 1.10676E-3 4.40383E-4 3.80177E-4 5.44427E-4 4.96266E-4 2.70301E-4 2.55978E-4 1.71945E-4 1.33255E-4 1.22738E-4 1.55117E-4 3.80134E-4 3.78509E-4 3.23665E-4 5.55777E-4 4.39167E-4 1.91681E-4 1.41771E-5 6.63025E-5 7.5629E-5 6.09677E-5 1.59107E-4 1.22474E-5 3.08269E-5 6.95241E-5 7.06798E-6 3.095E-6 5.7208E-5
-9999 -9999 -9999 -9999 -9999 -9999 -9999 -9999 -9999 -9999 -9999 -9999 -9999 -9999 -9999 -9999 -9999 -9999 -9999 -9999 -9999 -9999 -9999 -9999 -9999 -9999 -9999 -9999 -9999 -9999 -9999 -9999 2.08779E-4 1.92734E-4 2.75611E-4 6.64209E-4 5.87005E-4 9.83903E-4 8.85726E-4 5.44893E-4 6.22182E-4 1.0021E-3 6.75771E-4 6.51695E-4 6.87113E-4 4.40543E-4 6.63871E-4 5.58158E-4 1.57834E-4 8.46465E-5 1.03707E-4 1.12414E-4 1.56867E-4 1.88401E-4 9.82109E-5 3.46053E-5 1.29009E-4 2.52828E-5 7.64227E-6 9.76564E-5 8.23075E-5 5.7649E-5 8.50173E-5 1.43448E-5 3.73613E-5 1.28758E-4
-9999 -9999 -9999 -9999 -9999 -9999 -9999 -9999 -9999 -9999 -9999 -9999 -9999 -9999 -9999 -9999 -9999 -9999 -9999 -9999 -9999 -9999 -9999 -9999 -9999 -9999 -9999 -9999 -9999 -9999 -9999 -9999 -9999 1.70206E-4 2.1895E-4 2.72101E-4 4.91527E-4 1.03191E-3 7.32463E-4 3.92861E-4 2.31167E-4 5.96244E-4 1.3486E-3 9.43361E-4 2.00253E-3 1.66558E-3 2.41695E-3 5.44407E-4 2.24064E-4 2.66962E-5 2.14859E-5 2.38771E-4 9.2138E-5 1.17195E-4 1.9633E-4 6.96776E-5 7.70484E-5 1.72136E-6 1.96848E-6 2.3307E-5 1.02172E-4 1.59134E-4 6.18398E-5 2.3108E-4 8.19513E-5 6.32522E-5
-9999 -9999 -9999 -9999 -9999 -9999 -9999 -9999 -9999 -9999 -9999 -9999 -9999 -9999 -9999 -9999 -9999 -9999 -9999 -9999 -9999 -9999 -9999 -9999 -9999 -9999 -9999 -9999 -9999 -9999 -9999 -9999 -9999 -9999 1.99127E-4 2.41663E-4 3.14175E-4 5.22772E-4 6.85277E-4 1.61618E-4 1.16039E-4 3.19697E-4 1.27386E-3 1.08035E-3 1.22449E-3 1.51329E-3 1.22235E-3 2.08454E-4 6.0723E-5 1.12319E-4 1.15584E-5 1.303E-5 1.31641E-5 1.31246E-6 7.34394E-5 6.37132E-5 3.89919E-5 1.50275E-5 1.36567E-6 3.38149E-6 2.12876E-5 7.08981E-5 6.36132E-5 2.1653E-4 1.66064E-4 1.11297E-4
-9999 -9999 -9999 -9999 -9999 -9999 -9999 -9999 -9999 -9999 -9999 -9999 -9999 -9999 -9999 -9999 -9999 -9999 -9999 -9999 -9999 -9999 -9999 -9999 -9999 -9999 -9999 -9999 -9999 -9999 -9999 -9999 -9999 -9999 -9999 2.48522E-4 2.60136E-4 2.32165E-4 2.17909E-4 1.3728E-4 2.37547E-4 6.61024E-4 7.27233E-4 4.61796E-4 8.96738E-4 6.3879E-4 1.8215E-4 8.59533E-5 3.42583E-5 1.52427E-5 1.09022E-5 2.1438E-6 1.28636E-5 2.04743E-6 1.95236E-5 3.99172E-5 8.99818E-5 7.82138E-5 1.83071E-5 3.46226E-5 3.37808E-5 5.68211E-5 3.80626E-5 2.97877E-4 1.90582E-4 1.87751E-4
