catData/rasterBestHybridModels/Pbengalensis/RDbal_BM01_RM1.5_L/Pbengalensis_min.asc
ncols         409
nrows         350
xllcorner     60.897278365
yllcorner     5.843756025
cellsize      0.0892857
NODATA_value  -9999
[rows 145 to 173 of 350, columns 66 to 131 of 409]
-9999 -9999 -9999 -9999 -9999 -9999 -9999 1.77235E-4 1.32024E-4 9.12885E-5 6.70338E-5 5.49828E-5 6.21818E-5 6.3996E-5 6.05576E-5 6.8409E-5 6.9222E-5 6.53723E-5 5.4735E-5 4.62731E-5 3.83028E-5 3.2364E-5 3.69999E-5 4.11691E-5 4.31898E-5 3.99675E-5 3.45617E-5 2.81789E-5 2.81555E-5 3.11254E-5 3.31945E-5 3.16466E-5 2.9745E-5 2.78865E-5 2.36917E-5 1.89735E-5 1.52554E-5 1.31553E-5 1.30647E-5 1.24851E-5 1.44742E-5 1.58446E-5 1.63641E-5 1.52835E-5 1.41555E-5 1.32534E-5 1.17485E-5 1.20063E-5 1.54261E-5 1.80733E-5 2.14948E-5 2.59832E-5 2.09847E-5 3.33523E-5 3.95078E-5 4.52779E-5 4.60876E-5 4.10528E-5 4.76652E-5 5.63069E-5 6.17594E-5 6.74044E-5 7.36398E-5 7.75373E-5 6.58343E-5 4.52498E-5
-9999 -9999 -9999 -9999 -9999 -9999 -9999 1.34388E-4 1.13777E-4 8.97903E-5 6.66013E-5 4.86662E-5 4.36459E-5 4.54044E-5 4.52388E-5 4.9718E-5 5.05837E-5 4.88906E-5 4.42924E-5 3.68881E-5 3.1273E-5 3.52324E-5 3.99681E-5 4.21035E-5 4.22515E-5 3.85533E-5 3.16589E-5 2.42346E-5 2.19019E-5 2.33294E-5 2.41911E-5 2.41474E-5 2.22408E-5 2.06741E-5 1.8363E-5 1.49923E-5 1.19827E-5 1.11951E-5 1.42568E-5 1.75986E-5 2.08506E-5 2.33876E-5 2.42846E-5 2.247E-5 2.02255E-5 1.76593E-5 1.60031E-5 1.37655E-5 1.79275E-5 2.16653E-5 2.65993E-5 3.38745E-5 4.07513E-5 4.73937E-5 4.98968E-5 5.94477E-5 6.00985E-5 3.43642E-5 4.69935E-5 4.98538E-5 4.31577E-5 5.68185E-5 7.16887E-5 6.69779E-5 3.30193E-5 5.18786E-5
-9999 -9999 -9999 -9999 -9999 -9999 -9999 -9999 8.68785E-5 7.31805E-5 5.38812E-5 4.08705E-5 3.00636E-5 3.06275E-5 -9999 3.39223E-5 3.51402E-5 3.4338E-5 3.18598E-5 3.38617E-5 4.11083E-5 4.7257E-5 5.26531E-5 5.67169E-5 5.75219E-5 5.16248E-5 4.10767E-5 3.07654E-5 2.36353E-5 1.75713E-5 1.79797E-5 1.81076E-5 1.64591E-5 1.49008E-5 1.3366E-5 1.12183E-5 1.08388E-5 1.42403E-5 1.84807E-5 2.33669E-5 2.79064E-5 3.22673E-5 3.35421E-5 3.17709E-5 2.96226E-5 2.53572E-5 2.10976E-5 1.66629E-5 1.89652E-5 2.44397E-5 3.09501E-5 4.15706E-5 5.32082E-5 6.24962E-5 6.11348E-5 7.94581E-5 6.06744E-5 4.0381E-5 6.21778E-5 7.35902E-5 5.53863E-5 6.63316E-5 7.32771E-5 7.23653E-5 7.45837E-5 8.36583E-5
-9999 -9999 -9999 -9999 -9999 -9999 -9999 -9999 -9999 -9999 -9999 -9999 2.37281E-5 2.03185E-5 2.12345E-5 2.31104E-5 -9999 2.3715E-5 -9999 4.152E-5 -9999 6.12496E-5 7.00666E-5 7.56895E-5 7.4805E-5 6.39854E-5 4.90221E-5 3.52502E-5 2.6783E-5 1.94739E-5 1.39267E-5 1.45602E-5 1.42624E-5 1.36423E-5 1.27457E-5 1.14404E-5 1.40745E-5 1.77801E-5 2.30359E-5 2.84074E-5 3.58524E-5 4.58158E-5 4.6905E-5 4.25026E-5 3.86465E-5 3.2524E-5 2.56594E-5 1.96265E-5 1.93619E-5 2.53465E-5 3.32183E-5 4.50208E-5 6.02497E-5 7.98643E-5 7.59973E-5 7.36704E-5 5.89589E-5 4.37963E-5 2.71678E-5 8.53184E-5 4.20365E-5 3.64779E-5 5.33375E-5 7.13041E-5 7.28439E-5 6.58168E-5
-9999 -9999 -9999 -9999 -9999 -9999 -9999 -9999 -9999 -9999 -9999 -9999 -9999 -9999 -9999 -9999 1.7606E-5 2.48471E-5 -9999 -9999 5.71088E-5 7.22283E-5 8.88232E-5 9.89765E-5 9.5613E-5 7.57842E-5 5.6325E-5 3.91419E-5 2.8665E-5 2.08449E-5 1.85272E-5 1.91877E-5 1.95374E-5 1.92012E-5 1.77632E-5 1.62445E-5 2.03791E-5 2.30858E-5 2.8904E-5 3.70614E-5 4.79814E-5 5.89607E-5 6.23921E-5 6.01003E-5 5.49103E-5 4.22104E-5 3.31885E-5 2.3673E-5 1.87771E-5 2.46553E-5 3.28528E-5 4.21901E-5 5.51745E-5 6.82245E-5 6.35834E-5 5.39507E-5 1.87078E-5 1.18004E-5 5.09336E-5 5.91406E-5 6.70407E-5 3.48515E-5 2.14757E-5 3.50651E-5 7.42535E-5 8.59809E-5
-9999 -9999 -9999 -9999 -9999 -9999 -9999 -9999 -9999 -9999 -9999 -9999 -9999 -9999 -9999 1.30494E-5 -9999 2.6174E-5 -9999 4.68021E-5 6.12728E-5 7.97117E-5 1.10935E-4 1.35374E-4 1.19913E-4 8.10581E-5 5.81124E-5 4.32158E-5 3.11406E-5 2.32273E-5 2.51496E-5 2.66713E-5 2.83828E-5 2.82673E-5 2.45433E-5 2.25356E-5 2.7619E-5 3.26501E-5 3.62618E-5 4.34051E-5 6.02361E-5 7.17931E-5 8.29259E-5 8.45928E-5 7.30741E-5 5.32959E-5 3.73922E-5 2.70096E-5 1.98148E-5 2.26098E-5 2.84088E-5 3.51037E-5 4.303E-5 4.80584E-5 4.6709E-5 5.22538E-5 6.81962E-5 2.18219E-6 1.11475E-6 4.83587E-5 3.4769E-5 4.68289E-5 4.59191E-5 4.04813E-5 8.6375E-5 7.55989E-5
-9999 -9999 -9999 -9999 -9999 -9999 -9999 -9999 -9999 -9999 -9999 -9999 -9999 -9999 -9999 -9999 -9999 -9999 3.73479E-5 4.61809E-5 5.97522E-5 7.67486E-5 1.04177E-4 1.18234E-4 1.05224E-4 8.1168E-5 6.02972E-5 4.23081E-5 3.29745E-5 3.04136E-5 3.45929E-5 4.00782E-5 3.99886E-5 3.96729E-5 3.32007E-5 2.89185E-5 3.41909E-5 4.24028E-5 4.84523E-5 5.12581E-5 6.08514E-5 7.76128E-5 1.03014E-4 1.09566E-4 8.18072E-5 5.7088E-5 4.06879E-5 2.90092E-5 2.10418E-5 1.93273E-5 2.45718E-5 2.91804E-5 3.23377E-5 3.61862E-5 3.49223E-5 4.61445E-5 5.38533E-5 5.48165E-5 2.56725E-5 1.13079E-5 2.91822E-5 1.58611E-5 3.69414E-5 5.91815E-5 6.68783E-5 7.44654E-5
-9999 -9999 -9999 -9999 -9999 -9999 -9999 -9999 -9999 -9999 -9999 -9999 -9999 -9999 -9999 -9999 -9999 -9999 -9999 4.65992E-5 5.57441E-5 6.61265E-5 8.28958E-5 9.33597E-5 8.08531E-5 6.72982E-5 5.52388E-5 4.89444E-5 5.0057E-5 4.06543E-5 4.90236E-5 5.62883E-5 5.86467E-5 5.56912E-5 4.64083E-5 3.59553E-5 4.13223E-5 5.49117E-5 6.38982E-5 7.08937E-5 6.96191E-5 7.52876E-5 9.41634E-5 8.94268E-5 7.56595E-5 5.40137E-5 3.95837E-5 2.85878E-5 2.0717E-5 1.86599E-5 1.89191E-5 2.26319E-5 2.41484E-5 2.53384E-5 3.0044E-5 3.86258E-5 4.37703E-5 6.07602E-7 4.33881E-6 1.22721E-6 5.56912E-6 4.90224E-5 5.20805E-5 6.10328E-5 7.22823E-5 8.69855E-5
-9999 -9999 -9999 -9999 -9999 -9999 -9999 -9999 -9999 -9999 -9999 -9999 -9999 -9999 -9999 -9999 -9999 -9999 -9999 -9999 7.12223E-5 8.66177E-5 1.01242E-4 9.56142E-5 7.61481E-5 6.12301E-5 7.24409E-5 7.35798E-5 7.11992E-5 6.00978E-5 6.91016E-5 7.82609E-5 8.28074E-5 7.3661E-5 5.9418E-5 4.98794E-5 5.08854E-5 6.51413E-5 8.74115E-5 9.97506E-5 9.03669E-5 7.42096E-5 6.89941E-5 6.85976E-5 5.81258E-5 4.64295E-5 3.4963E-5 2.66689E-5 2.67659E-5 2.63724E-5 2.45072E-5 2.25694E-5 2.25054E-5 2.71604E-5 3.56026E-5 4.65459E-5 3.10356E-5 2.61451E-8 2.07617E-7 1.69585E-5 4.49223E-5 7.15209E-5 7.18828E-5 8.10537E-5 7.72817E-5 9.14784E-5
-9999 -9999 -9999 -9999 -9999 -9999 -9999 -9999 -9999 -9999 -9999 -9999 -9999 -9999 -9999 -9999 -9999 -9999 -9999 -9999 -9999 1.10637E-4 1.35999E-4 1.25697E-4 9.00346E-5 6.83922E-5 9.00452E-5 1.05419E-4 9.9358E-5 8.33393E-5 8.68775E-5 1.10945E-4 1.23523E-4 1.04212E-4 7.53608E-5 7.51091E-5 7.22937E-5 7.16978E-5 9.72894E-5 1.2398E-4 1.08815E-4 8.52802E-5 6.28525E-5 4.9683E-5 4.83098E-5 4.05422E-5 3.37212E-5 3.66047E-5 3.9743E-5 3.95855E-5 3.63004E-5 3.35484E-5 3.30087E-5 1.64989E-5 3.32783E-5 3.35507E-5 1.47243E-5 2.09815E-7 1.63326E-6 1.62227E-5 2.18359E-5 8.44985E-5 8.97387E-5 8.95778E-5 8.1512E-5 7.4673E-5
-9999 -9999 -9999 -9999 -9999 -9999 -9999 -9999 -9999 -9999 -9999 -9999 -9999 -9999 -9999 -9999 -9999 -9999 -9999 -9999 9.01682E-5 1.08274E-4 1.36487E-4 1.24197E-4 9.32882E-5 7.65398E-5 1.02773E-4 1.37605E-4 1.29963E-4 9.42234E-5 8.92238E-5 1.12522E-4 1.27408E-4 1.07285E-4 8.45128E-5 1.00935E-4 1.05948E-4 8.8202E-5 8.71755E-5 1.13002E-4 1.15366E-4 9.01423E-5 6.73031E-5 4.79521E-5 3.99412E-5 4.1594E-5 4.84485E-5 5.21573E-5 2.1001E-5 5.43982E-5 4.83332E-5 4.66459E-5 4.70031E-5 4.25771E-5 2.39172E-5 1.34216E-6 6.36528E-6 1.25255E-6 6.85149E-8 1.26763E-7 4.68165E-6 4.07669E-5 6.70664E-5 6.80586E-5 7.6122E-5 8.91417E-5
-9999 -9999 -9999 -9999 -9999 -9999 -9999 -9999 -9999 -9999 -9999 -9999 -9999 -9999 -9999 -9999 -9999 -9999 -9999 -9999 -9999 -9999 9.8231E-5 9.73169E-5 7.92576E-5 7.39327E-5 9.63098E-5 1.23223E-4 1.27251E-4 8.55774E-5 7.47633E-5 9.81242E-5 1.09833E-4 9.06999E-5 9.44674E-5 1.23306E-4 1.28923E-4 1.26198E-4 1.17327E-4 1.13278E-4 9.35662E-5 8.17557E-5 6.13645E-5 4.41457E-5 1.65279E-5 1.39274E-5 5.78251E-7 3.06298E-7 8.84094E-7 1.61104E-6 5.87685E-6 1.38889E-5 1.91282E-5 2.19922E-6 8.81904E-6 2.9748E-6 4.69295E-7 1.77926E-8 8.34195E-7 9.34074E-7 2.13293E-5 8.88691E-6 8.19483E-7 4.86788E-6 7.72256E-5 9.03729E-5
-9999 -9999 -9999 -9999 -9999 -9999 -9999 -9999 -9999 -9999 -9999 -9999 -9999 -9999 -9999 -9999 -9999 -9999 -9999 -9999 -9999 -9999 -9999 6.83804E-5 6.0196E-5 6.5811E-5 7.66631E-5 8.45889E-5 8.06632E-5 7.01489E-5 6.03664E-5 6.60999E-5 7.33561E-5 7.55935E-5 8.35673E-5 1.01823E-4 1.09936E-4 1.31755E-4 1.75712E-4 1.30286E-4 1.00847E-4 7.23217E-5 3.63182E-5 3.31986E-7 3.71112E-6 3.66274E-7 1.31609E-7 6.41333E-6 6.54419E-5 3.9277E-5 2.94333E-5 2.67897E-6 2.76388E-5 2.91331E-5 7.74209E-6 2.72375E-5 5.70431E-6 2.77414E-7 1.4601E-7 4.32575E-6 4.95256E-5 8.10416E-6 4.99197E-6 4.90349E-5 1.03954E-4 9.62995E-5
-9999 -9999 -9999 -9999 -9999 -9999 -9999 -9999 -9999 -9999 -9999 -9999 -9999 -9999 -9999 -9999 -9999 -9999 -9999 -9999 -9999 -9999 -9999 -9999 -9999 6.02886E-5 7.39193E-5 9.2962E-5 1.05085E-4 1.03714E-4 8.38608E-5 8.68326E-5 1.0219E-4 9.78946E-5 7.98606E-5 7.68769E-5 9.30511E-5 -9999 1.36334E-4 1.20149E-4 9.03637E-5 6.43241E-5 9.64595E-7 2.31567E-7 4.96825E-5 1.67205E-6 1.09893E-5 6.2925E-5 7.67575E-5 4.84045E-5 1.77374E-5 3.51649E-5 3.08198E-5 5.88833E-5 3.76087E-5 1.05843E-5 8.12717E-6 9.70302E-8 4.13945E-8 1.63954E-5 1.65047E-5 3.00504E-5 3.26041E-5 8.2313E-5 9.05371E-5 8.22926E-5
-9999 -9999 -9999 -9999 -9999 -9999 -9999 -9999 -9999 -9999 -9999 -9999 -9999 -9999 -9999 -9999 -9999 -9999 -9999 -9999 -9999 -9999 -9999 -9999 -9999 -9999 -9999 1.21796E-4 1.58345E-4 1.32984E-4 9.78122E-5 1.12928E-4 1.45202E-4 1.25851E-4 9.31742E-5 -9999 -9999 -9999 -9999 -9999 9.41941E-5 5.21598E-5 1.41129E-5 3.16492E-6 5.50143E-5 4.30524E-5 2.42739E-5 4.65339E-5 4.23323E-5 2.12188E-5 4.56628E-5 1.81622E-5 2.83209E-5 4.24867E-6 5.18785E-5 4.11629E-6 5.49557E-6 1.12633E-6 2.30036E-6 6.08573E-7 1.07226E-5 7.53841E-6 6.57354E-5 6.21212E-5 6.9563E-5 5.65734E-5
-9999 -9999 -9999 -9999 -9999 -9999 -9999 -9999 -9999 -9999 -9999 -9999 -9999 -9999 -9999 -9999 -9999 -9999 -9999 -9999 -9999 -9999 -9999 -9999 -9999 -9999 -9999 -9999 -9999 1.22778E-4 9.52568E-5 1.06114E-4 1.28964E-4 -9999 -9999 -9999 -9999 -9999 -9999 1.40261E-4 4.96581E-5 5.57357E-5 3.43116E-5 8.37687E-6 4.10387E-5 1.07769E-5 4.80114E-6 2.52373E-5 4.78605E-5 2.01805E-5 2.75907E-5 2.41154E-5 3.74828E-5 1.30384E-5 6.50433E-6 1.62043E-6 1.63352E-6 1.38325E-5 1.25937E-5 1.50204E-5 3.37178E-5 2.24509E-5 1.29778E-5 6.57043E-5 6.35096E-5 1.01847E-4
-9999 -9999 -9999 -9999 -9999 -9999 -9999 -9999 -9999 -9999 -9999 -9999 -9999 -9999 -9999 -9999 -9999 -9999 -9999 -9999 -9999 -9999 -9999 -9999 -9999 -9999 -9999 -9999 -9999 -9999 -9999 -9999 -9999 -9999 -9999 -9999 -9999 -9999 -9999 3.09593E-5 8.45136E-7 3.26204E-5 3.32535E-5 3.80558E-5 2.95464E-5 5.92185E-5 1.1783E-5 2.73187E-6 1.62986E-5 7.26471E-5 3.11339E-5 7.95411E-6 2.1991E-7 3.40704E-6 1.07193E-6 3.69971E-7 8.48182E-8 1.22422E-5 1.12767E-5 1.30796E-5 7.87728E-6 7.0019E-5 9.30603E-6 6.23262E-5 7.42473E-5 9.03564E-5
-9999 -9999 -9999 -9999 -9999 -9999 -9999 -9999 -9999 -9999 -9999 -9999 -9999 -9999 -9999 -9999 -9999 -9999 -9999 -9999 -9999 -9999 -9999 -9999 -9999 -9999 -9999 -9999 -9999 -9999 -9999 -9999 -9999 -9999 -9999 1.26533E-4 -9999 1.06955E-4 5.85866E-5 1.60925E-6 1.0246E-5 5.99373E-6 1.57346E-6 2.18353E-5 2.37865E-5 3.96217E-5 3.63181E-6 5.87541E-6 1.68279E-5 6.71347E-5 5.57238E-5 1.71255E-5 7.59149E-6 3.02016E-5 4.44121E-6 7.58586E-8 3.72422E-7 4.5696E-6 1.24103E-5 2.55848E-5 2.60069E-5 6.28609E-5 5.23108E-5 1.16645E-5 5.26539E-5 7.34257E-5
-9999 -9999 -9999 -9999 -9999 -9999 -9999 -9999 -9999 -9999 -9999 -9999 -9999 -9999 -9999 -9999 -9999 -9999 -9999 -9999 -9999 -9999 -9999 -9999 -9999 1.72885E-4 -9999 -9999 -9999 -9999 -9999 -9999 -9999 -9999 -9999 1.08946E-4 4.42081E-5 2.98059E-5 4.96087E-5 4.06905E-5 6.9633E-7 5.30344E-6 2.5714E-5 1.42487E-6 5.921E-7 3.0627E-7 9.32871E-7 8.67181E-6 1.75949E-5 4.26634E-5 5.62999E-5 1.92868E-5 4.24607E-5 7.46877E-5 4.80682E-5 2.67614E-5 7.80143E-6 8.84328E-6 3.46452E-5 7.26426E-5 3.6643E-5 4.71942E-5 2.30583E-5 2.02601E-5 6.72839E-5 6.60077E-5
-9999 -9999 -9999 -9999 -9999 -9999 -9999 -9999 -9999 -9999 -9999 -9999 -9999 -9999 -9999 -9999 -9999 -9999 -9999 -9999 -9999 -9999 -9999 -9999 -9999 1.40479E-4 -9999 -9999 -9999 -9999 1.18866E-4 -9999 1.14612E-4 1.2412E-4 5.12561E-5 1.0296E-5 8.79844E-6 1.90227E-5 7.95873E-6 5.3461E-6 6.70894E-6 2.52811E-6 1.57101E-5 1.5391E-5 1.24899E-6 2.82634E-6 7.23682E-7 2.24416E-5 1.24485E-6 3.07552E-6 9.68957E-6 7.29047E-6 5.58027E-5 5.47383E-5 4.56211E-5 4.7408E-5 6.2582E-5 6.1935E-7 1.28755E-5 8.05586E-5 1.31713E-5 1.73209E-5 6.97904E-6 3.97162E-5 4.99218E-5 4.69595E-5
-9999 -9999 -9999 -9999 -9999 -9999 -9999 -9999 -9999 -9999 -9999 -9999 -9999 -9999 -9999 -9999 -9999 -9999 -9999 -9999 -9999 -9999 -9999 -9999 1.30847E-4 1.09806E-4 -9999 -9999 7.15904E-5 9.09061E-5 1.23541E-4 3.9542E-5 7.8494E-5 1.00939E-4 9.94106E-5 4.59256E-5 3.12854E-5 1.02905E-5 6.14036E-7 4.9439E-6 3.72732E-7 9.98085E-7 9.65369E-6 5.47989E-6 1.30337E-5 4.2582E-6 2.1928E-8 3.77809E-8 1.13941E-7 2.22133E-6 2.03952E-5 1.6507E-5 5.9114E-5 5.37888E-5 7.66623E-5 5.49735E-5 4.08181E-5 3.75145E-5 1.28316E-5 2.19541E-5 6.16201E-5 4.98795E-5 7.11415E-5 8.79048E-5 7.19718E-5 7.50563E-5
-9999 -9999 -9999 -9999 -9999 -9999 -9999 -9999 -9999 -9999 -9999 -9999 -9999 -9999 -9999 -9999 -9999 -9999 -9999 -9999 -9999 -9999 -9999 -9999 -9999 1.22942E-4 9.28043E-5 6.80991E-5 6.52009E-5 1.65841E-5 3.22898E-5 1.17842E-4 8.39745E-5 9.99084E-5 1.06686E-4 1.27724E-4 3.40423E-5 2.77609E-6 8.28059E-6 2.57956E-6 2.13641E-6 3.13669E-7 1.66499E-8 8.41935E-7 1.16072E-5 1.68176E-5 1.35057E-8 1.26644E-5 1.53538E-6 4.48976E-5 4.53322E-5 9.6367E-5 7.83768E-5 2.23154E-5 6.1461E-5 4.96537E-5 1.82726E-5 4.95093E-6 1.44443E-5 3.53944E-5 5.53269E-5 4.54487E-5 6.67052E-5 -9999 -9999 1.11422E-4
-9999 -9999 -9999 -9999 -9999 -9999 -9999 -9999 -9999 -9999 -9999 -9999 -9999 -9999 -9999 -9999 -9999 -9999 -9999 -9999 -9999 -9999 -9999 -9999 -9999 1.04998E-4 8.97134E-5 6.52499E-5 6.99301E-6 1.41074E-5 3.19726E-6 8.28073E-6 7.9925E-5 9.02576E-5 3.23851E-5 1.42625E-5 9.27793E-5 2.34384E-6 5.86147E-6 8.46516E-6 6.59895E-6 3.94149E-5 3.17473E-7 7.51288E-8 2.42387E-6 3.03844E-5 1.19056E-6 5.97521E-6 3.68223E-6 1.30983E-5 6.31173E-6 3.30654E-5 6.33479E-5 7.11388E-5 9.45274E-5 8.66015E-5 2.90469E-5 2.15897E-5 5.07678E-5 4.84393E-5 4.39765E-5 4.08635E-5 -9999 -9999 -9999 7.3191E-5
-9999 -9999 -9999 -9999 -9999 -9999 -9999 -9999 -9999 -9999 -9999 -9999 -9999 -9999 -9999 -9999 -9999 -9999 -9999 -9999 -9999 -9999 -9999 -9999 -9999 -9999 6.89869E-5 5.17138E-5 4.26212E-5 3.90746E-5 3.52854E-5 2.20981E-5 1.00675E-5 7.03517E-6 2.70483E-5 2.81815E-5 2.00545E-5 8.26282E-7 2.378E-6 2.23698E-6 6.13066E-6 1.08934E-6 1.55339E-7 1.33557E-5 1.35737E-5 1.14943E-5 6.83457E-6 3.53391E-5 7.06641E-5 1.84792E-5 7.35347E-8 5.70041E-6 3.95321E-5 7.6312E-5 5.70591E-5 4.73814E-5 6.01548E-5 1.6164E-5 2.96395E-5 5.29783E-5 5.25378E-5 5.72139E-5 -9999 -9999 1.56377E-5 6.34062E-7
-9999 -9999 -9999 -9999 -9999 -9999 -9999 -9999 -9999 -9999 -9999 -9999 -9999 -9999 -9999 -9999 -9999 -9999 -9999 -9999 -9999 -9999 -9999 -9999 -9999 -9999 -9999 4.31634E-5 4.05105E-5 4.86725E-5 4.84732E-5 8.7002E-5 6.17275E-5 9.33461E-5 1.0364E-5 3.02095E-8 1.6839E-6 1.59936E-5 4.9375E-7 1.24018E-6 9.87663E-7 1.10555E-5 3.29428E-6 9.29253E-6 1.05111E-6 8.11314E-5 2.06576E-5 1.08653E-5 2.5174E-5 1.8975E-5 9.15774E-6 1.49993E-5 6.36978E-6 7.95721E-5 8.7894E-5 8.66222E-5 8.53673E-5 1.44496E-5 6.60436E-5 7.28714E-5 8.49177E-5 -9999 -9999 -9999 4.19307E-5 1.68573E-5
-9999 -9999 -9999 -9999 -9999 -9999 -9999 -9999 -9999 -9999 -9999 -9999 -9999 -9999 -9999 -9999 -9999 -9999 -9999 -9999 -9999 -9999 -9999 -9999 -9999 -9999 -9999 -9999 4.90971E-5 5.71984E-5 6.84423E-5 7.83363E-5 1.14946E-5 1.13157E-5 3.61621E-5 6.07881E-6 1.24298E-5 5.74854E-5 1.60465E-5 1.80946E-5 4.84899E-6 4.7494E-6 2.16305E-6 5.886E-5 4.17254E-6 1.66808E-6 1.76297E-6 8.43901E-8 1.10345E-6 2.71681E-5 3.42997E-6 3.25937E-6 3.06048E-5 3.00899E-5 5.70688E-5 1.05551E-4 3.48269E-5 5.0503E-5 8.64798E-5 9.65355E-5 1.15937E-4 -9999 -9999 -9999 5.63812E-5 5.32709E-5
-9999 -9999 -9999 -9999 -9999 -9999 -9999 -9999 -9999 -9999 -9999 -9999 -9999 -9999 -9999 -9999 -9999 -9999 -9999 -9999 -9999 -9999 -9999 -9999 -9999 -9999 -9999 -9999 -9999 7.38897E-5 6.33242E-5 9.8137E-5 6.68815E-6 4.22898E-6 5.67276E-6 1.20457E-5 3.47859E-5 2.68245E-6 1.80514E-6 7.07147E-6 1.36082E-5 2.40707E-5 9.34705E-6 5.28153E-5 3.37071E-5 8.35999E-6 4.39893E-5 4.27334E-5 1.62971E-6 6.08054E-6 1.98471E-5 2.59209E-6 6.18475E-6 7.42027E-5 4.67694E-5 8.39715E-5 4.08725E-5 3.01129E-5 1.17805E-5 3.08011E-5 4.72657E-5 -9999 -9999 -9999 -9999 6.05129E-7
-9999 -9999 -9999 -9999 -9999 -9999 -9999 -9999 -9999 -9999 -9999 -9999 -9999 -9999 -9999 -9999 -9999 -9999 -9999 -9999 -9999 -9999 -9999 -9999 -9999 -9999 -9999 -9999 -9999 -9999 1.16858E-4 1.10837E-4 5.38561E-5 2.28096E-6 8.5683E-7 7.5196E-6 2.093E-6 1.46066E-5 1.22054E-5 7.45432E-5 1.0082E-4 1.21053E-5 7.73935E-6 1.10032E-5 5.34496E-6 1.10835E-5 3.4952E-5 5.36192E-5 3.1906E-5 4.35269E-5 5.50257E-5 6.70658E-5 6.44633E-5 3.5936E-5 5.33243E-5 1.85507E-5 2.95841E-5 5.75709E-5 2.2317E-5 2.89165E-6 1.00898E-6 -9999 -9999 -9999 2.22738E-5 1.34458E-6
-9999 -9999 -9999 -9999 -9999 -9999 -9999 -9999 -9999 -9999 -9999 -9999 -9999 -9999 -9999 -9999 -9999 -9999 -9999 -9999 -9999 -9999 -9999 -9999 -9999 -9999 -9999 -9999 -9999 -9999 -9999 -9999 1.33293E-4 3.36172E-5 5.14676E-6 3.82699E-5 2.71579E-5 3.92417E-6 6.73452E-5 1.06222E-5 5.26005E-6 4.94601E-6 3.90091E-5 6.47939E-6 1.62116E-5 2.95553E-6 1.9153E-5 2.05217E-5 4.08401E-5 9.01977E-6 5.83729E-5 2.45807E-5 4.68334E-6 3.04247E-5 4.03244E-5 5.94871E-5 5.58505E-5 1.50245E-5 1.5045E-5 1.87691E-5 6.49993E-6 5.78036E-5 -9999 -9999 -9999 9.95549E-5
