catData/rasterBestHybridModels/Pbengalensis/RDbal_BM01_RM1.5_L/Pbengalensis_max.asc
ncols         409
nrows         350
xllcorner     60.897278365
yllcorner     5.843756025
cellsize      0.0892857
NODATA_value  -9999
[rows 232 to 260 of 350, columns 132 to 197 of 409]
-9999 -9999 -9999 -9999 -9999 -9999 -9999 -9999 2.22574E-5 4.16626E-5 2.02946E-4 1.80959E-4 1.68909E-4 1.53582E-4 1.15917E-4 5.17152E-5 8.50355E-5 3.90292E-5 3.30937E-6 3.86973E-6 3.9337E-6 7.79847E-6 1.65121E-5 3.02291E-5 4.49824E-5 1.6038E-4 1.18687E-4 7.67143E-5 5.45253E-5 4.23284E-5 4.13876E-5 5.4634E-6 1.5011E-5 8.39759E-6 1.13923E-4 3.55868E-5 9.49226E-6 2.07093E-5 6.37415E-5 5.1934E-5 3.21642E-5 1.24927E-5 5.06619E-5 4.2446E-5 1.28395E-6 3.79277E-6 3.28932E-5 2.53387E-5 1.17015E-5 1.06227E-5 2.20842E-6 4.52994E-5 3.1299E-5 4.65396E-5 4.14038E-5 5.25119E-5 3.26215E-5 1.09685E-5 1.44916E-5 4.91965E-5 8.14678E-6 2.14826E-7 8.11286E-6 2.39348E-5 4.8011E-5 4.78801E-5
-9999 -9999 -9999 -9999 -9999 -9999 -9999 -9999 1.6537E-5 8.39125E-5 2.52411E-4 2.31778E-4 1.86557E-4 2.20033E-4 1.26046E-4 8.97169E-5 7.7277E-5 2.17467E-5 2.3238E-5 7.46896E-5 1.49785E-5 1.22496E-5 3.72976E-5 5.20059E-5 1.19067E-4 3.53508E-5 5.30253E-5 3.64021E-5 1.68798E-5 2.68583E-5 2.89758E-5 1.97867E-5 2.90905E-5 1.65514E-5 3.59517E-5 4.85174E-5 5.66998E-6 2.27694E-5 1.36799E-5 1.87613E-5 2.66832E-5 1.02246E-5 5.33004E-5 4.83765E-6 1.3506E-5 3.84443E-6 3.12925E-5 1.58473E-5 4.21996E-5 3.01119E-5 8.95293E-6 2.29399E-5 6.60362E-5 7.31089E-5 7.11347E-5 3.21231E-5 2.6564E-5 2.29658E-5 2.65161E-5 9.31358E-6 5.55164E-6 2.85257E-5 4.05193E-5 1.53726E-5 4.15669E-6 2.45402E-6
-9999 -9999 -9999 -9999 -9999 -9999 -9999 -9999 -9999 1.4908E-4 1.85137E-4 1.85975E-4 2.95591E-4 1.72076E-4 1.08875E-4 1.19578E-4 1.88398E-4 3.11365E-5 3.49799E-5 1.04643E-5 6.38343E-6 1.61195E-4 3.59487E-5 1.40569E-5 3.33349E-5 4.27078E-5 1.45119E-5 2.71973E-5 6.40553E-7 1.55898E-6 2.25246E-5 2.02696E-5 1.14775E-5 2.04059E-5 4.05313E-5 2.38071E-5 3.76403E-6 1.02935E-5 3.01593E-5 2.17098E-5 5.20771E-5 5.36054E-5 8.86764E-6 2.12548E-5 1.46328E-5 9.24712E-7 4.16229E-6 6.96933E-5 7.55521E-5 2.97849E-5 5.38638E-5 6.3646E-5 2.30448E-5 1.1013E-4 8.26602E-5 4.82093E-5 5.08039E-5 2.52288E-5 1.38996E-5 1.42541E-5 1.33021E-5 5.13154E-6 6.56827E-6 3.19538E-5 1.51843E-6 6.14106E-5
-9999 -9999 -9999 -9999 -9999 -9999 -9999 -9999 -9999 1.2624E-4 1.74661E-4 2.2719E-4 2.76201E-4 1.90419E-4 1.49947E-4 1.90139E-4 2.58798E-4 8.83523E-5 3.21054E-6 7.75338E-6 6.03184E-6 4.8543E-6 2.13531E-5 2.1733E-6 6.64663E-6 4.69455E-5 1.82085E-5 2.14611E-5 6.02838E-6 2.6833E-5 3.39991E-5 2.61543E-5 6.64512E-5 4.77212E-5 1.48835E-5 2.2074E-5 9.04954E-6 6.16891E-5 2.2822E-5 6.84876E-5 3.82411E-5 1.09363E-5 9.52149E-6 1.64479E-5 8.89083E-6 4.0139E-5 4.83708E-5 7.4796E-5 1.37957E-4 3.59584E-5 1.64572E-5 3.53813E-5 4.80146E-5 5.69499E-5 4.5731E-5 5.61189E-5 3.64269E-5 2.41813E-5 6.85229E-6 6.12672E-6 2.20274E-5 1.82771E-5 7.53429E-6 1.11012E-6 5.90548E-7 4.75382E-6
-9999 -9999 -9999 -9999 -9999 -9999 -9999 -9999 -9999 1.0103E-4 1.12565E-4 6.50772E-5 1.65249E-4 2.82641E-4 1.7667E-4 1.42353E-4 1.53759E-4 7.72747E-5 4.88815E-5 2.71771E-6 7.73317E-6 2.99697E-6 3.39966E-7 3.18535E-6 1.42403E-5 1.37647E-5 3.96993E-6 8.22281E-6 9.09402E-6 1.08515E-5 6.13388E-5 5.46125E-5 1.59799E-5 6.78331E-6 1.42223E-5 1.13133E-5 3.89798E-5 6.73861E-5 1.8797E-5 9.76954E-5 8.1547E-5 2.58975E-5 1.37738E-5 1.9187E-5 1.25041E-5 8.2707E-5 4.32244E-5 8.13793E-5 1.6325E-5 3.45442E-5 2.36953E-5 1.85797E-5 2.47118E-5 9.45013E-6 4.8602E-5 1.61426E-5 3.06213E-5 2.22129E-5 5.16957E-6 1.91237E-5 3.17618E-5 1.28806E-5 2.36766E-5 2.02552E-5 1.57633E-5 1.311E-6
-9999 -9999 -9999 -9999 -9999 -9999 -9999 -9999 -9999 -9999 2.36656E-4 1.15434E-4 1.40767E-4 3.13832E-4 2.14047E-4 1.34704E-4 1.2646E-4 4.74725E-5 8.59621E-5 3.6882E-5 8.18818E-5 4.16196E-5 2.21347E-6 1.43644E-5 2.1041E-5 2.56867E-6 1.32049E-5 2.08615E-5 3.74164E-5 2.30062E-5 4.5208E-5 3.10568E-5 7.26075E-5 1.30298E-5 1.4804E-5 2.87882E-5 4.70992E-6 2.13024E-5 3.62993E-6 4.96597E-5 4.32309E-5 1.38161E-5 5.53237E-6 4.43157E-5 4.8691E-5 6.19049E-5 5.05302E-5 1.58263E-5 5.80883E-6 9.10819E-6 2.43654E-5 2.55489E-5 2.16075E-5 1.02709E-5 3.30241E-5 3.33054E-5 2.80819E-5 3.22337E-5 1.0906E-5 8.96427E-6 3.91185E-5 1.282E-5 3.39809E-5 1.66094E-5 1.70865E-5 2.29926E-5
-9999 -9999 -9999 -9999 -9999 -9999 -9999 -9999 -9999 -9999 -9999 1.47936E-4 1.21795E-4 2.13354E-4 2.5805E-4 1.40266E-4 1.75703E-4 1.15167E-4 1.20418E-4 5.26649E-5 1.509E-4 2.36227E-6 7.17352E-7 5.38932E-7 1.60041E-6 8.09988E-6 8.88511E-5 5.86083E-5 6.69407E-5 5.19227E-5 7.5326E-6 6.44903E-6 3.42901E-5 5.21503E-5 5.56866E-5 2.72304E-5 1.72767E-6 1.73777E-6 1.50542E-6 4.67391E-5 9.2404E-5 1.49805E-6 3.8728E-7 4.55251E-5 1.35048E-4 1.58921E-4 4.71813E-5 4.83072E-6 2.16347E-6 1.24895E-5 2.57716E-5 5.10683E-5 1.36189E-5 3.53936E-5 3.32762E-5 1.74375E-5 7.92015E-6 1.10618E-5 1.62465E-5 1.96494E-5 2.56118E-5 1.89286E-5 2.78818E-5 1.67536E-5 8.22469E-6 1.32058E-5
-9999 -9999 -9999 -9999 -9999 -9999 -9999 -9999 -9999 -9999 -9999 -9999 2.15517E-4 1.93475E-4 2.3509E-4 2.16433E-4 2.81004E-4 1.72837E-4 1.86379E-4 1.71184E-4 7.33814E-5 3.50203E-5 2.32874E-5 6.72446E-6 1.89485E-6 3.36384E-5 1.221E-5 1.13292E-5 3.98933E-5 6.9878E-5 4.33248E-5 3.47516E-5 7.41691E-5 1.05036E-4 5.93919E-5 7.50775E-6 1.61584E-5 1.94917E-6 1.28867E-7 1.28151E-6 7.28697E-7 7.0569E-6 8.56187E-6 5.98511E-5 1.26769E-4 1.58664E-4 3.51625E-5 4.95916E-5 9.85772E-6 1.76114E-5 6.11253E-6 1.69728E-5 2.81034E-5 5.83833E-5 5.35355E-5 1.04522E-5 6.75034E-6 1.41082E-5 6.05578E-6 5.87232E-6 1.98777E-5 5.93507E-6 1.24162E-5 1.10804E-5 1.64088E-5 1.55534E-5
-9999 -9999 -9999 -9999 -9999 -9999 -9999 -9999 -9999 -9999 -9999 -9999 3.19902E-5 5.0076E-5 2.66823E-4 2.79075E-4 3.09211E-4 7.61215E-4 4.8717E-4 3.91539E-4 8.89759E-5 5.52468E-5 1.0749E-4 7.03885E-6 3.98991E-7 3.42608E-6 1.70648E-5 7.86882E-6 6.13708E-5 3.24649E-5 2.26473E-6 6.94664E-7 7.01216E-6 3.41148E-5 1.66837E-6 6.77312E-6 1.40322E-5 9.21737E-6 2.52207E-7 3.22556E-7 2.86704E-7 1.65893E-5 6.24821E-6 1.49726E-5 7.81274E-5 3.94943E-5 3.96995E-5 5.75485E-5 2.13238E-5 3.03242E-5 2.01495E-5 3.75463E-6 1.60113E-5 3.90671E-5 1.86636E-5 4.31187E-5 1.45276E-5 2.19234E-5 9.67382E-6 6.56263E-6 3.21846E-6 1.31415E-5 1.64445E-5 5.44783E-6 2.34176E-5 7.03476E-6
-9999 -9999 -9999 -9999 -9999 -9999 -9999 -9999 -9999 -9999 -9999 -9999 9.67675E-5 9.50205E-5 1.27951E-4 1.06943E-4 3.71941E-4 5.92923E-4 4.63833E-4 3.67985E-4 2.34711E-4 8.45385E-5 6.51372E-5 1.01798E-4 1.55479E-6 5.34923E-7 1.87591E-5 1.27336E-5 2.48304E-6 3.31615E-6 4.70622E-5 5.08075E-5 4.06464E-5 3.3105E-5 6.0932E-6 3.43035E-6 8.32334E-6 4.41341E-5 4.18797E-6 3.26529E-7 1.82275E-7 4.0636E-6 1.36E-5 1.35288E-4 1.17147E-4 4.50994E-5 7.68957E-5 5.41298E-5 2.46304E-5 1.34855E-5 8.19952E-6 7.26308E-6 1.04431E-5 4.03431E-6 5.93452E-6 4.02221E-5 8.756E-5 3.48666E-5 1.74915E-5 2.10191E-5 3.07306E-5 6.955E-6 6.55119E-6 9.58757E-6 1.49218E-5 3.6674E-5
-9999 -9999 -9999 -9999 -9999 -9999 -9999 -9999 -9999 -9999 -9999 -9999 -9999 1.48108E-4 1.78798E-4 1.84545E-4 3.85211E-4 6.41211E-4 2.64886E-4 5.48511E-4 3.0209E-4 3.00027E-4 1.46346E-4 5.72017E-5 7.88561E-5 7.62659E-6 4.93813E-5 9.69521E-6 8.45657E-6 2.01748E-5 9.0051E-6 2.57853E-5 5.02745E-5 1.40406E-4 7.37589E-5 1.40646E-5 3.2627E-5 3.44038E-5 6.16784E-5 5.49173E-7 4.56776E-7 3.75371E-7 1.62463E-5 1.42666E-4 1.59074E-4 2.55652E-5 1.55252E-5 7.34773E-5 1.89275E-5 1.47063E-5 3.11541E-6 1.65009E-5 1.23177E-7 2.23288E-5 2.49774E-6 2.4946E-5 6.66329E-5 4.74188E-5 5.08825E-5 2.32352E-5 3.82237E-5 5.92771E-5 2.69138E-5 8.78851E-7 1.98758E-5 1.69559E-5
-9999 -9999 -9999 -9999 -9999 -9999 -9999 -9999 -9999 -9999 -9999 -9999 -9999 5.53283E-5 1.006E-4 2.68155E-4 1.2047E-4 2.57079E-4 3.96991E-4 2.26396E-4 2.33112E-4 2.198E-4 5.93854E-5 8.75588E-6 6.88332E-5 1.99199E-5 2.65969E-6 8.20609E-5 7.04183E-6 1.06142E-5 1.2285E-5 3.55751E-5 3.81602E-6 1.43072E-5 4.45339E-5 1.20717E-4 7.09381E-5 4.23151E-5 3.6427E-5 3.88729E-7 1.87835E-6 8.83469E-6 2.58749E-5 4.19916E-5 7.7369E-5 4.74039E-5 1.63693E-5 1.02984E-5 3.43371E-5 1.24667E-5 8.73087E-6 6.62112E-7 1.1356E-8 3.63184E-7 1.03811E-5 4.59899E-6 4.26628E-5 2.88933E-5 4.26098E-5 2.85841E-5 3.8376E-5 2.11273E-5 3.59169E-5 3.08987E-5 8.07521E-5 7.02292E-6
-9999 -9999 -9999 -9999 -9999 -9999 -9999 -9999 -9999 -9999 -9999 -9999 -9999 -9999 3.06163E-5 2.17713E-4 2.26765E-4 7.33191E-4 3.4109E-4 1.63861E-4 2.45384E-4 2.52823E-4 1.81731E-4 3.0295E-5 1.82808E-5 3.40286E-5 1.76381E-5 1.10108E-5 1.42963E-7 4.70024E-5 3.91508E-5 2.62372E-5 2.49475E-5 5.28638E-5 1.68306E-5 5.98824E-5 9.69944E-5 3.424E-5 5.83049E-6 4.01488E-6 6.48418E-5 2.55823E-5 2.72749E-6 2.36672E-6 2.18451E-5 6.87831E-5 5.36043E-5 3.99045E-5 1.03469E-5 3.30465E-5 2.24063E-6 1.00344E-6 4.87389E-8 2.2786E-6 5.84245E-6 2.94902E-5 3.30854E-5 8.42455E-5 6.4184E-5 6.79837E-6 5.30113E-6 2.63793E-6 1.30083E-5 3.32407E-5 5.83087E-5 4.30317E-6
-9999 -9999 -9999 -9999 -9999 -9999 -9999 -9999 -9999 -9999 -9999 -9999 -9999 -9999 1.23375E-4 2.2839E-4 2.48294E-4 5.52011E-4 9.04279E-4 2.20488E-4 3.2165E-4 2.36869E-4 1.52745E-4 1.29717E-4 7.31551E-5 4.79095E-5 3.46753E-5 2.30064E-5 1.84497E-7 5.75143E-7 2.97145E-5 2.71911E-5 5.32133E-6 6.62606E-6 1.12485E-5 3.23341E-5 8.71636E-6 1.26002E-5 2.29832E-5 5.34828E-5 1.68704E-5 2.33854E-6 3.82146E-6 3.23576E-6 2.14954E-6 4.04781E-6 1.38974E-5 3.89063E-5 1.9382E-6 1.32727E-5 8.13442E-6 4.26384E-6 5.35688E-6 4.70276E-5 3.72593E-5 3.84194E-5 3.04241E-5 1.60775E-5 4.04612E-5 1.2213E-6 6.56375E-6 7.70731E-6 6.01126E-6 3.69517E-5 4.73772E-5 7.1185E-7
-9999 -9999 -9999 -9999 -9999 -9999 -9999 -9999 -9999 -9999 -9999 -9999 -9999 -9999 -9999 3.09046E-4 3.37015E-4 6.21347E-4 7.06206E-4 2.40328E-4 1.97139E-4 2.51465E-4 1.87612E-4 1.38775E-4 1.35663E-4 3.81654E-5 3.60868E-5 2.27169E-6 2.91217E-6 6.35431E-7 1.43852E-5 3.44566E-5 1.02258E-5 4.04256E-5 2.1441E-6 4.39994E-6 5.7969E-6 5.07144E-6 5.36806E-7 6.1517E-6 2.88808E-6 4.5104E-6 4.85476E-6 4.42925E-6 9.74924E-6 6.4665E-6 4.16681E-6 4.03387E-5 4.2409E-6 4.54672E-6 9.07896E-6 6.00869E-5 1.20064E-5 6.58152E-6 3.09386E-6 1.78255E-5 3.94017E-6 5.81088E-6 1.44938E-5 3.15799E-5 2.06506E-5 2.32967E-5 1.00482E-5 1.55141E-5 4.80434E-5 3.18918E-7
-9999 -9999 -9999 -9999 -9999 -9999 -9999 -9999 -9999 -9999 -9999 -9999 -9999 -9999 -9999 2.8811E-4 3.13468E-4 8.06921E-4 5.82556E-4 4.85122E-4 2.93235E-4 2.43296E-4 3.08681E-4 2.26195E-4 1.28332E-4 1.39326E-4 1.25353E-4 6.38059E-5 3.57681E-5 3.42532E-5 1.31278E-5 2.64357E-5 1.52372E-5 1.4569E-5 1.89427E-5 4.54123E-6 1.57641E-5 1.23661E-5 2.63013E-5 1.85698E-6 5.80262E-6 3.29062E-6 1.10092E-5 7.09137E-6 2.43525E-5 9.96012E-7 3.95534E-6 5.84253E-6 1.01183E-5 6.0282E-6 2.93253E-5 5.54842E-5 4.29688E-5 1.26446E-6 2.04958E-6 1.56324E-6 1.15299E-5 3.8125E-6 7.65431E-6 4.65481E-5 3.42866E-5 3.49333E-5 1.81123E-5 1.46918E-5 9.80716E-6 4.82928E-7
-9999 -9999 -9999 -9999 -9999 -9999 -9999 -9999 -9999 -9999 -9999 -9999 -9999 -9999 -9999 1.84941E-4 1.79408E-4 1.79772E-4 3.31921E-4 3.22394E-4 2.13124E-4 1.93935E-4 2.55199E-4 7.27982E-4 2.79473E-4 1.89668E-4 7.0404E-5 1.09901E-5 2.03101E-5 2.22307E-5 1.26541E-5 4.42998E-5 2.30213E-5 8.28065E-6 2.23415E-5 6.87357E-6 8.0319E-6 1.18313E-5 1.57445E-5 4.10158E-6 4.35378E-6 1.45503E-5 4.08608E-6 5.17658E-6 1.55859E-5 4.63287E-6 2.24E-6 2.75579E-6 1.23212E-5 1.8229E-5 2.46999E-5 1.38045E-5 2.21815E-5 9.68466E-6 7.86544E-6 2.84639E-6 8.89419E-6 1.18358E-5 5.10915E-6 3.74955E-6 1.89252E-5 2.47638E-5 6.95452E-6 3.55135E-6 1.18122E-5 3.35976E-5
-9999 -9999 -9999 -9999 -9999 -9999 -9999 -9999 -9999 -9999 -9999 -9999 -9999 -9999 -9999 2.31128E-4 3.15281E-4 4.60701E-4 8.33809E-4 7.60363E-4 1.72528E-4 1.78994E-4 2.56122E-4 1.86622E-4 2.18002E-4 1.98391E-4 8.44462E-5 1.26222E-5 1.0541E-4 1.93881E-5 4.63882E-6 2.84373E-5 5.22291E-5 8.34409E-6 1.10763E-5 3.80392E-6 7.13808E-7 3.22672E-6 1.64629E-5 1.17024E-5 7.63237E-6 1.18853E-5 7.33134E-6 2.4994E-6 3.42953E-6 1.02772E-5 4.50645E-6 1.27566E-5 1.02134E-5 1.33762E-5 4.04781E-6 7.88614E-6 6.84517E-7 5.05412E-6 4.56817E-6 1.03704E-5 3.55929E-5 4.53583E-6 5.527E-6 1.06796E-5 1.81759E-5 1.11753E-5 3.07767E-5 4.47135E-5 1.91788E-5 1.22819E-5
-9999 -9999 -9999 -9999 -9999 -9999 -9999 -9999 -9999 -9999 -9999 -9999 -9999 -9999 -9999 -9999 -9999 1.70116E-4 3.14441E-4 5.77179E-4 1.75785E-4 1.96287E-4 1.60604E-4 1.84784E-4 2.96834E-4 1.59991E-4 9.61642E-5 3.07851E-5 9.76739E-5 8.7337E-5 1.0988E-5 1.7499E-5 4.76969E-6 2.62034E-5 8.62201E-6 3.75124E-6 1.40274E-5 2.43878E-5 2.48407E-5 1.83588E-5 2.87862E-6 1.43716E-6 1.77213E-5 1.56505E-6 3.42654E-6 7.15486E-6 8.94935E-6 1.03324E-6 2.24731E-6 1.962E-5 7.27951E-7 4.84338E-7 1.35633E-6 6.54934E-6 2.63643E-5 4.12877E-5 2.82303E-5 7.56307E-6 1.36599E-6 1.50747E-6 1.81179E-5 1.4693E-5 1.24402E-5 4.97981E-5 2.89461E-5 9.64211E-6
-9999 -9999 -9999 -9999 -9999 -9999 -9999 -9999 -9999 -9999 -9999 -9999 -9999 -9999 -9999 -9999 -9999 1.88369E-4 1.22876E-4 2.37366E-4 1.95957E-4 1.98762E-4 1.74875E-4 2.1763E-4 2.78164E-4 1.70195E-4 4.10072E-5 3.60691E-6 5.59754E-5 7.68534E-5 1.181E-4 2.73859E-5 1.31225E-4 4.90042E-6 1.17312E-5 5.68742E-6 1.62673E-6 7.4104E-6 6.53342E-6 1.81966E-7 7.8783E-6 1.59249E-5 6.40754E-6 4.88479E-6 2.11308E-6 1.36762E-5 1.02896E-6 5.46581E-6 4.92427E-7 1.9161E-6 2.82496E-6 5.03322E-6 1.25874E-6 5.9761E-6 1.62933E-5 1.66701E-5 8.76011E-6 7.87757E-6 1.48224E-6 5.80225E-6 1.56682E-6 4.04242E-6 9.49953E-6 2.6286E-5 2.55058E-5 3.22404E-5
-9999 -9999 -9999 -9999 -9999 -9999 -9999 -9999 -9999 -9999 -9999 -9999 -9999 -9999 -9999 -9999 -9999 -9999 -9999 2.11377E-4 5.89724E-4 6.10353E-4 1.99825E-4 2.15235E-4 2.08857E-4 9.65693E-5 5.54336E-5 4.30799E-5 4.29655E-5 1.02399E-4 1.93549E-5 6.01052E-7 3.43438E-5 4.98439E-5 9.29606E-6 3.61174E-5 3.16011E-5 1.11652E-6 3.6746E-7 6.43254E-7 2.29783E-6 1.06273E-5 5.91544E-6 7.41092E-7 2.2016E-6 7.44952E-5 3.61679E-5 1.60756E-5 2.17366E-6 2.07855E-6 1.7338E-5 2.05447E-6 3.96856E-6 5.97804E-7 1.61718E-5 1.76316E-5 5.46569E-6 6.30351E-6 5.66393E-6 1.24403E-6 2.69281E-6 2.42613E-6 1.95436E-5 2.59241E-5 6.30564E-6 3.60134E-5
-9999 -9999 -9999 -9999 -9999 -9999 -9999 -9999 -9999 -9999 -9999 -9999 -9999 -9999 -9999 -9999 -9999 -9999 -9999 1.58342E-4 2.73153E-4 4.00397E-4 2.34883E-4 1.52718E-4 1.76618E-4 1.2748E-4 2.57515E-4 1.68103E-4 7.09577E-5 1.58306E-4 1.82241E-5 3.24709E-7 2.53766E-6 4.11236E-5 1.54737E-4 1.10461E-4 1.59742E-4 1.99688E-7 6.26902E-7 7.66087E-7 2.31969E-6 2.76608E-6 5.83556E-6 7.01095E-6 1.13392E-5 6.43075E-6 9.61182E-6 1.14741E-5 3.2548E-6 4.14357E-6 1.24839E-6 1.25314E-6 1.23832E-5 1.39429E-6 2.4732E-6 7.04635E-6 1.06709E-5 1.11774E-5 1.86791E-5 1.63147E-5 6.83981E-6 3.66811E-6 1.62938E-5 2.46995E-5 2.55593E-5 1.20532E-5
-9999 -9999 -9999 -9999 -9999 -9999 -9999 -9999 -9999 -9999 -9999 -9999 -9999 -9999 -9999 -9999 -9999 -9999 -9999 1.38912E-4 3.71892E-4 5.31354E-4 3.55242E-4 2.14205E-4 2.55803E-4 1.1639E-4 3.48133E-4 1.31608E-4 9.32967E-5 1.23718E-4 3.21081E-5 3.6311E-6 1.66228E-6 1.22979E-5 1.02108E-4 1.26457E-4 7.98852E-5 1.56856E-7 3.3124E-6 2.64593E-6 3.22258E-6 4.29984E-6 3.44235E-6 2.15428E-6 3.49063E-5 2.8319E-5 2.69056E-5 1.24932E-5 5.60837E-6 1.35854E-7 3.6296E-6 6.67666E-6 5.97571E-6 2.58614E-6 2.78815E-5 1.72963E-5 1.74171E-5 4.0176E-6 1.35115E-5 1.14688E-5 1.44338E-5 1.27774E-5 2.38581E-6 1.32794E-6 8.67752E-6 1.29327E-5
-9999 -9999 -9999 -9999 -9999 -9999 -9999 -9999 -9999 -9999 -9999 -9999 -9999 -9999 -9999 -9999 -9999 -9999 -9999 2.13437E-4 2.71142E-4 6.67323E-4 5.56751E-4 3.395E-4 6.99615E-5 2.9361E-5 3.54061E-4 2.3847E-4 1.77206E-4 2.07213E-4 8.4611E-5 8.86891E-6 5.7326E-6 9.89304E-6 4.84847E-5 1.03997E-4 1.34975E-4 1.57008E-5 5.22773E-6 8.63688E-6 1.08597E-6 6.23857E-6 2.84387E-5 1.67035E-5 2.39052E-5 3.50327E-5 6.68255E-6 2.39686E-6 2.53035E-6 1.86947E-6 2.13035E-5 1.70073E-5 5.46573E-6 1.85639E-5 3.27693E-6 1.20846E-5 3.00099E-5 7.44968E-6 1.21177E-5 3.75523E-6 5.62062E-6 7.09431E-7 6.97301E-6 7.19406E-6 3.67359E-6 8.27718E-6
-9999 -9999 -9999 -9999 -9999 -9999 -9999 -9999 -9999 -9999 -9999 -9999 -9999 -9999 -9999 -9999 -9999 -9999 -9999 -9999 2.43717E-4 3.40279E-4 6.30832E-4 3.41331E-4 1.17376E-4 8.03038E-5 3.31853E-4 2.32232E-4 1.76025E-4 1.59148E-4 1.552E-4 8.77126E-5 1.10748E-5 8.39202E-5 4.74186E-5 1.13559E-4 2.74046E-5 1.17656E-6 1.5355E-6 4.97884E-6 3.7333E-6 9.21865E-6 2.99946E-5 6.91685E-6 1.53543E-5 5.13865E-6 1.56106E-5 1.95959E-5 2.03511E-5 1.57909E-6 3.30648E-6 1.84595E-5 1.58415E-5 2.22339E-5 1.35946E-5 1.1333E-5 7.64638E-5 3.7489E-5 8.85814E-6 2.57999E-6 1.79792E-5 2.77991E-5 3.89054E-6 8.13618E-6 3.08761E-6 2.67182E-6
-9999 -9999 -9999 -9999 -9999 -9999 -9999 -9999 -9999 -9999 -9999 -9999 -9999 -9999 -9999 -9999 -9999 -9999 -9999 -9999 2.33423E-4 7.53902E-4 6.83221E-4 1.7502E-4 1.48357E-4 2.13216E-4 2.78872E-4 2.50121E-4 1.90709E-4 2.10175E-4 1.84845E-4 6.65288E-5 2.73892E-5 1.64023E-5 4.07097E-5 1.03358E-4 4.51743E-5 2.80886E-6 4.69694E-6 1.08297E-5 1.62857E-5 7.33125E-5 1.90788E-5 3.58484E-5 1.01424E-5 5.36783E-6 4.23013E-6 3.12594E-6 9.82012E-6 1.54098E-5 5.26495E-6 9.64537E-6 3.41097E-6 8.42099E-6 5.90067E-6 4.56407E-6 4.76376E-6 2.82335E-6 8.82908E-6 1.35352E-5 1.01599E-5 6.99593E-6 2.07974E-6 1.4955E-6 8.43892E-6 5.38844E-6
-9999 -9999 -9999 -9999 -9999 -9999 -9999 -9999 -9999 -9999 -9999 -9999 -9999 -9999 -9999 -9999 -9999 -9999 -9999 -9999 1.85704E-4 3.061E-4 3.79178E-4 1.86677E-4 1.40106E-4 1.95391E-4 2.74524E-4 4.05153E-4 2.36588E-4 2.81019E-4 1.80875E-4 6.54404E-5 8.79381E-5 1.08571E-4 1.53289E-4 4.20431E-5 4.79962E-5 8.45533E-6 1.43054E-6 2.37887E-6 1.27752E-5 3.37209E-6 9.93604E-6 5.83441E-5 2.28091E-5 8.1942E-6 9.23785E-6 2.19475E-6 2.92583E-6 2.45611E-5 2.03828E-5 8.31501E-6 4.39622E-6 4.321E-6 7.83817E-6 4.48707E-6 2.67245E-6 4.17732E-6 6.82426E-6 1.0537E-5 4.02984E-6 6.91528E-6 1.32535E-5 6.87373E-6 2.38286E-5 1.22347E-5
-9999 -9999 -9999 -9999 -9999 -9999 -9999 -9999 -9999 -9999 -9999 -9999 -9999 -9999 -9999 -9999 -9999 -9999 -9999 -9999 -9999 1.92692E-4 4.8389E-4 3.08897E-4 2.91156E-4 2.30304E-4 3.20915E-4 2.95146E-4 2.37677E-4 3.3357E-4 2.1736E-4 1.07124E-4 8.59154E-5 1.70359E-4 1.62423E-4 1.49258E-4 5.31819E-5 1.85886E-5 1.3858E-6 3.63686E-6 1.32209E-5 2.94749E-6 5.43233E-6 9.17683E-6 2.74157E-5 1.26524E-5 1.63678E-5 3.65606E-6 2.14988E-6 2.42082E-6 4.68308E-6 1.153E-6 4.0744E-6 1.18351E-5 7.96015E-6 4.95853E-6 3.28376E-6 9.19856E-6 1.00099E-5 1.5693E-5 1.45107E-5 2.29398E-5 2.24309E-5 1.04678E-5 8.76133E-6 1.06303E-5
-9999 -9999 -9999 -9999 -9999 -9999 -9999 -9999 -9999 -9999 -9999 -9999 -9999 -9999 -9999 -9999 -9999 -9999 -9999 -9999 -9999 -9999 2.80127E-4 5.3965E-4 5.37288E-4 3.68836E-4 2.74492E-4 3.08535E-4 2.39321E-4 1.93044E-4 2.72824E-4 1.64903E-4 1.52688E-4 2.40935E-4 2.0224E-4 1.49646E-4 4.15523E-5 1.82847E-5 4.96231E-7 1.68269E-6 6.80608E-6 9.62481E-6 4.15753E-5 6.12816E-6 3.14043E-5 2.83678E-5 1.17526E-5 3.02541E-6 7.02511E-6 1.54646E-6 2.05012E-6 4.30835E-6 1.28178E-5 1.84792E-5 1.28429E-5 2.17969E-6 7.80692E-7 1.04187E-6 7.5011E-6 4.39866E-5 1.21403E-5 1.16756E-6 5.2953E-6 3.67506E-6 2.6295E-6 2.58905E-5
