catData/rasterBestHybridModels/Pbengalensis/RDbal_BM01_RM1.5_L/Pbengalensis_median.asc
ncols         409
nrows         350
xllcorner     60.897278365
yllcorner     5.843756025
cellsize      0.0892857
NODATA_value  -9999
[rows 58 to 86 of 350, columns 132 to 197 of 409]
8.78699E-5 9.93266E-5 8.42515E-5 7.62837E-5 6.92169E-5 8.95737E-5 1.12089E-4 9.60197E-5 1.01466E-4 1.19764E-4 1.11265E-4 9.552E-5 8.64823E-5 1.06865E-4 1.06143E-4 9.01378E-5 9.40204E-5 1.08378E-4 9.66015E-5 9.71638E-5 1.19779E-4 1.02929E-4 1.09842E-4 1.19372E-4 1.06762E-4 1.3074E-4 1.02211E-4 1.04437E-4 1.11978E-4 1.08092E-4 1.14925E-4 9.38828E-5 1.06621E-4 1.14876E-4 1.04592E-4 1.26721E-4 1.14033E-4 1.34017E-4 1.28411E-4 1.55371E-4 1.55206E-4 1.54455E-4 1.54969E-4 1.47575E-4 1.26456E-4 1.36896E-4 1.45946E-4 1.40745E-4 2.16952E-4 2.356E-4 2.09325E-4 1.96676E-4 1.84724E-4 2.93235E-4 3.659E-4 3.49488E-4 2.96447E-4 3.16857E-4 3.28243E-4 2.24247E-4 1.81617E-4 1.68214E-4 1.14889E-4 7.95324E-5 7.68581E-5 4.58624E-5
9.02048E-5 1.02314E-4 1.10057E-4 9.89356E-5 8.78649E-5 7.71122E-5 8.47637E-5 1.00948E-4 9.71655E-5 9.64929E-5 1.06108E-4 9.48705E-5 1.15428E-4 1.09964E-4 1.04165E-4 9.48082E-5 1.014E-4 1.29739E-4 1.10333E-4 8.04998E-5 8.35758E-5 8.02037E-5 1.0185E-4 1.1012E-4 1.0102E-4 1.23049E-4 1.04445E-4 1.07118E-4 1.16626E-4 1.09404E-4 1.17768E-4 9.51994E-5 1.10616E-4 1.21707E-4 1.21227E-4 1.09778E-4 1.3896E-4 1.49137E-4 1.19015E-4 1.29784E-4 1.44712E-4 1.45922E-4 1.43534E-4 1.50672E-4 1.42239E-4 1.61925E-4 1.52507E-4 1.69594E-4 1.92335E-4 2.31652E-4 1.79899E-4 2.00003E-4 2.29558E-4 2.57849E-4 2.79588E-4 2.77313E-4 4.08527E-4 4.41761E-4 3.95243E-4 3.1481E-4 2.65622E-4 1.85983E-4 1.53741E-4 1.02991E-4 5.68781E-5 4.52572E-5
7.42423E-5 8.29264E-5 9.62355E-5 1.09831E-4 9.16963E-5 8.28805E-5 8.64055E-5 1.08196E-4 1.02076E-4 8.197E-5 8.49806E-5 9.41849E-5 1.08562E-4 9.72544E-5 1.20856E-4 1.03277E-4 8.2467E-5 9.0069E-5 8.45103E-5 7.64381E-5 6.47025E-5 7.22264E-5 9.36582E-5 1.18748E-4 1.10929E-4 1.10655E-4 9.82154E-5 8.5529E-5 8.5328E-5 8.25065E-5 8.75523E-5 1.0399E-4 9.88326E-5 1.03481E-4 1.1825E-4 1.17505E-4 1.12954E-4 1.35417E-4 1.30746E-4 1.09279E-4 1.20157E-4 1.20025E-4 1.55433E-4 1.6863E-4 1.62379E-4 2.14009E-4 1.72678E-4 2.03455E-4 1.98611E-4 2.44736E-4 2.06932E-4 2.72908E-4 3.46525E-4 3.25726E-4 3.38556E-4 4.15215E-4 4.23889E-4 4.008E-4 3.72298E-4 2.96013E-4 3.11178E-4 2.4463E-4 1.39534E-4 9.89135E-5 5.76585E-5 4.3242E-5
9.04829E-5 7.0962E-5 7.80182E-5 7.9896E-5 8.79976E-5 1.10172E-4 9.56953E-5 8.29385E-5 1.03109E-4 1.03425E-4 1.0089E-4 1.15558E-4 1.0259E-4 9.94311E-5 8.68879E-5 8.38116E-5 7.75472E-5 1.03266E-4 1.22794E-4 9.79117E-5 7.64858E-5 6.37913E-5 7.7315E-5 9.85387E-5 1.33477E-4 1.0708E-4 1.15623E-4 9.4283E-5 8.34141E-5 9.78175E-5 9.96098E-5 1.33157E-4 1.17592E-4 1.14235E-4 1.08475E-4 1.24173E-4 1.15221E-4 1.28816E-4 1.1652E-4 9.80697E-5 9.90964E-5 1.04906E-4 1.33028E-4 1.37487E-4 1.25358E-4 1.44839E-4 1.54956E-4 1.61761E-4 1.85104E-4 2.28609E-4 2.31199E-4 3.08794E-4 3.33622E-4 3.02022E-4 2.70467E-4 3.28585E-4 3.44696E-4 2.47924E-4 2.55505E-4 2.34079E-4 2.4627E-4 2.20945E-4 1.25006E-4 8.51151E-5 6.04052E-5 6.65701E-5
8.51799E-5 7.01176E-5 6.56735E-5 7.97538E-5 8.35898E-5 9.73289E-5 1.14392E-4 9.20193E-5 9.54437E-5 9.99029E-5 9.34266E-5 1.03073E-4 1.1179E-4 1.07811E-4 8.79297E-5 1.04719E-4 1.00984E-4 1.05645E-4 1.32917E-4 1.17561E-4 8.03736E-5 6.06403E-5 6.62705E-5 7.98546E-5 9.96362E-5 1.07405E-4 1.11343E-4 9.25329E-5 9.38436E-5 1.24133E-4 1.13552E-4 1.27439E-4 1.09094E-4 1.15258E-4 1.29115E-4 1.14698E-4 1.23019E-4 1.0527E-4 9.44908E-5 1.17712E-4 1.26352E-4 1.1213E-4 1.05355E-4 1.09137E-4 1.34361E-4 1.5461E-4 1.66696E-4 2.00525E-4 1.99767E-4 2.05745E-4 2.03437E-4 2.56603E-4 2.61759E-4 2.41328E-4 2.71089E-4 3.1334E-4 3.52241E-4 3.74879E-4 3.14398E-4 2.54333E-4 1.92622E-4 1.58726E-4 1.19617E-4 1.31295E-4 9.53825E-5 7.7683E-5
6.48884E-5 5.56145E-5 7.00959E-5 1.03433E-4 1.32682E-4 8.83107E-5 8.96434E-5 8.16007E-5 8.7779E-5 8.22054E-5 9.97242E-5 1.13799E-4 9.07414E-5 7.81721E-5 8.51884E-5 1.08061E-4 1.03688E-4 9.77868E-5 1.23627E-4 1.09168E-4 8.25023E-5 6.22988E-5 6.44591E-5 8.30991E-5 1.07958E-4 1.14103E-4 8.91761E-5 7.38457E-5 8.5785E-5 1.08247E-4 1.12936E-4 1.26552E-4 1.09136E-4 1.27875E-4 1.17838E-4 9.03208E-5 9.59309E-5 8.49127E-5 9.70856E-5 1.19416E-4 1.25239E-4 1.40412E-4 1.28914E-4 1.14539E-4 1.46302E-4 1.65089E-4 1.37863E-4 1.62702E-4 1.90133E-4 1.76538E-4 1.70325E-4 1.52674E-4 1.31655E-4 1.91772E-4 2.48261E-4 3.1568E-4 3.64823E-4 5.26673E-4 4.43409E-4 3.53534E-4 2.53468E-4 1.76355E-4 1.47554E-4 1.51144E-4 1.29611E-4 7.70818E-5
5.96521E-5 5.8493E-5 6.94381E-5 7.62641E-5 8.59167E-5 7.74828E-5 7.01114E-5 9.39424E-5 1.19567E-4 9.04131E-5 7.62541E-5 8.20419E-5 7.45585E-5 7.4843E-5 8.15753E-5 7.93112E-5 9.18666E-5 1.00997E-4 1.19526E-4 1.12858E-4 8.36999E-5 6.55143E-5 7.59847E-5 9.66852E-5 1.11761E-4 9.08039E-5 7.72684E-5 8.28398E-5 8.90695E-5 1.03864E-4 1.11228E-4 1.03377E-4 1.39215E-4 1.00496E-4 9.29083E-5 8.41914E-5 7.88662E-5 8.0149E-5 9.50986E-5 1.13067E-4 1.33841E-4 1.17872E-4 1.12345E-4 1.20257E-4 1.31059E-4 1.70055E-4 1.55947E-4 1.40235E-4 1.65435E-4 1.96696E-4 1.6881E-4 1.39295E-4 1.17771E-4 1.62885E-4 2.03414E-4 2.35872E-4 2.83205E-4 3.46017E-4 2.62987E-4 2.4991E-4 2.18035E-4 1.86154E-4 1.66106E-4 1.37495E-4 1.12134E-4 1.03329E-4
8.0682E-5 6.83782E-5 8.65389E-5 1.02585E-4 8.63293E-5 6.44199E-5 6.62917E-5 8.40273E-5 9.18823E-5 8.10945E-5 6.33222E-5 6.13135E-5 7.56852E-5 9.78372E-5 1.05057E-4 9.56152E-5 1.05805E-4 1.18575E-4 1.02323E-4 8.49307E-5 9.08264E-5 8.79359E-5 7.70684E-5 1.0026E-4 1.14009E-4 9.33387E-5 8.75824E-5 1.08073E-4 1.15274E-4 8.98046E-5 8.20281E-5 9.05885E-5 1.00123E-4 9.79307E-5 1.22268E-4 1.04926E-4 1.04891E-4 1.08576E-4 1.23282E-4 1.13094E-4 9.8438E-5 1.02515E-4 1.32641E-4 1.23698E-4 1.07057E-4 1.28018E-4 1.37568E-4 1.5962E-4 1.6664E-4 2.26955E-4 2.03305E-4 1.63775E-4 2.00339E-4 2.19959E-4 2.38922E-4 2.66398E-4 3.16754E-4 3.0366E-4 2.79277E-4 2.21705E-4 1.77218E-4 1.58658E-4 1.58427E-4 1.92985E-4 1.75773E-4 1.85392E-4
9.70712E-5 7.4211E-5 8.51968E-5 9.21193E-5 8.1585E-5 7.28648E-5 6.49217E-5 6.20285E-5 6.26762E-5 6.03754E-5 5.18235E-5 6.32406E-5 7.55728E-5 9.74848E-5 1.08896E-4 1.17632E-4 1.10884E-4 1.06845E-4 9.68327E-5 1.2944E-4 1.11119E-4 1.12351E-4 8.88999E-5 8.2173E-5 8.40122E-5 1.06003E-4 1.05389E-4 1.00637E-4 1.05104E-4 1.00738E-4 1.04089E-4 1.16977E-4 1.20312E-4 1.13066E-4 1.08553E-4 1.00977E-4 1.13121E-4 1.19487E-4 1.25935E-4 1.04998E-4 1.01438E-4 1.09339E-4 1.40448E-4 1.11256E-4 9.55639E-5 1.1807E-4 1.43368E-4 1.91466E-4 1.95432E-4 1.95172E-4 2.26E-4 2.40841E-4 2.95565E-4 2.58658E-4 3.35202E-4 3.16712E-4 2.91142E-4 2.97599E-4 2.93432E-4 2.21973E-4 1.57E-4 1.34979E-4 1.54699E-4 1.85994E-4 1.99279E-4 2.7149E-4
8.24062E-5 6.80451E-5 6.29767E-5 7.30534E-5 9.4747E-5 1.01064E-4 7.67117E-5 5.99573E-5 6.21793E-5 6.36965E-5 6.19848E-5 7.59878E-5 9.65937E-5 9.99065E-5 8.60414E-5 8.79666E-5 8.68379E-5 7.61104E-5 9.04684E-5 1.07282E-4 9.92117E-5 9.88013E-5 7.77527E-5 6.61531E-5 8.57441E-5 1.1053E-4 1.08101E-4 8.80329E-5 9.867E-5 1.21243E-4 1.10574E-4 1.06856E-4 1.20618E-4 1.03473E-4 1.13553E-4 1.05998E-4 8.75116E-5 1.06441E-4 1.33739E-4 1.06675E-4 1.39053E-4 1.10952E-4 1.05897E-4 9.927E-5 1.15312E-4 1.42445E-4 1.37338E-4 1.5348E-4 1.62427E-4 2.17833E-4 2.42894E-4 2.36059E-4 2.26454E-4 2.36684E-4 3.29806E-4 3.45764E-4 2.97618E-4 2.18906E-4 1.95036E-4 1.69185E-4 1.3955E-4 1.69943E-4 1.95747E-4 2.35809E-4 2.51433E-4 3.61607E-4
6.51938E-5 6.7412E-5 6.08975E-5 7.06203E-5 8.94753E-5 9.181E-5 7.45954E-5 6.83746E-5 8.39673E-5 8.59929E-5 8.46229E-5 7.63228E-5 9.82383E-5 1.02024E-4 1.18089E-4 9.44604E-5 7.26028E-5 5.76909E-5 7.00473E-5 7.7959E-5 8.82252E-5 1.14972E-4 9.36252E-5 7.40572E-5 8.80674E-5 1.1613E-4 1.08703E-4 1.16906E-4 9.76E-5 9.04581E-5 8.6201E-5 7.9427E-5 8.8192E-5 9.3002E-5 1.14333E-4 1.14923E-4 9.6875E-5 9.94895E-5 1.12504E-4 1.18461E-4 1.10737E-4 9.73615E-5 1.25099E-4 1.26629E-4 1.13399E-4 1.28081E-4 1.46236E-4 1.68687E-4 2.14495E-4 1.88135E-4 1.88003E-4 1.74967E-4 1.78636E-4 2.39467E-4 3.31245E-4 2.6184E-4 2.28146E-4 1.74681E-4 1.26006E-4 1.48702E-4 1.81162E-4 2.35945E-4 2.82388E-4 2.80221E-4 2.46893E-4 3.84234E-4
8.37115E-5 9.38969E-5 7.84444E-5 6.7318E-5 6.75687E-5 6.78881E-5 6.52682E-5 8.01859E-5 1.01076E-4 1.0779E-4 1.12131E-4 8.46202E-5 7.59598E-5 8.17891E-5 9.34455E-5 8.43213E-5 7.9383E-5 7.02807E-5 6.5524E-5 6.93593E-5 8.96809E-5 1.09648E-4 9.49719E-5 7.84522E-5 1.0164E-4 1.09361E-4 9.1866E-5 1.06062E-4 9.62624E-5 7.86541E-5 8.7223E-5 9.27623E-5 8.49165E-5 7.75678E-5 1.0043E-4 1.36983E-4 1.14162E-4 1.03625E-4 1.07834E-4 1.29187E-4 1.05759E-4 1.08893E-4 1.03438E-4 1.06999E-4 9.15183E-5 1.15492E-4 1.17653E-4 1.76896E-4 2.03397E-4 2.19589E-4 1.84127E-4 2.25511E-4 2.83549E-4 2.90517E-4 3.11532E-4 2.39901E-4 1.76265E-4 1.43323E-4 1.48154E-4 1.94719E-4 2.27211E-4 2.80356E-4 2.61293E-4 2.71328E-4 2.90768E-4 3.27355E-4
8.45959E-5 9.68866E-5 7.85195E-5 9.24591E-5 9.0712E-5 7.50466E-5 6.95178E-5 8.94711E-5 1.14127E-4 8.95284E-5 8.64023E-5 7.95852E-5 9.73127E-5 9.1839E-5 7.97364E-5 9.95743E-5 1.05543E-4 8.32731E-5 8.72175E-5 8.91494E-5 8.05396E-5 7.86622E-5 7.53608E-5 8.1846E-5 9.93249E-5 1.01505E-4 9.00778E-5 1.1396E-4 1.09048E-4 8.5098E-5 1.06712E-4 1.23445E-4 9.50699E-5 7.52088E-5 8.78237E-5 9.31902E-5 1.066E-4 1.34859E-4 1.08095E-4 1.22796E-4 1.19873E-4 1.26307E-4 1.32545E-4 1.1325E-4 1.1503E-4 1.15151E-4 1.16094E-4 1.64354E-4 1.67071E-4 1.58502E-4 1.62485E-4 2.03829E-4 2.1594E-4 2.19106E-4 2.14984E-4 1.59261E-4 1.56977E-4 2.22668E-4 2.46285E-4 2.09754E-4 2.11916E-4 2.86977E-4 3.09735E-4 2.88792E-4 2.97838E-4 3.1076E-4
9.02716E-5 7.36297E-5 7.72181E-5 9.80831E-5 9.6156E-5 8.95886E-5 6.98129E-5 7.12313E-5 8.32343E-5 7.86096E-5 1.01898E-4 1.03132E-4 1.073E-4 1.00155E-4 7.68149E-5 9.25587E-5 9.6535E-5 8.6956E-5 9.92444E-5 1.15639E-4 9.08682E-5 7.48698E-5 9.75029E-5 1.0816E-4 9.02736E-5 8.59861E-5 1.13146E-4 1.10796E-4 1.04461E-4 1.15477E-4 9.61501E-5 9.90342E-5 1.06879E-4 9.80674E-5 8.0545E-5 7.42111E-5 9.16188E-5 1.1948E-4 1.21986E-4 1.3292E-4 1.10365E-4 1.31082E-4 1.11479E-4 1.10087E-4 1.21298E-4 1.39897E-4 1.24948E-4 1.09177E-4 1.16139E-4 1.09607E-4 1.22383E-4 1.43972E-4 1.37597E-4 1.36381E-4 1.39068E-4 1.45828E-4 1.63599E-4 2.36776E-4 2.61662E-4 1.86188E-4 1.71427E-4 2.50405E-4 2.27516E-4 2.42185E-4 2.98303E-4 2.78943E-4
8.1657E-5 6.88409E-5 6.20993E-5 7.92126E-5 9.53992E-5 8.74798E-5 7.26786E-5 8.49242E-5 8.82977E-5 7.77946E-5 9.95277E-5 9.56618E-5 1.03101E-4 1.00317E-4 7.43952E-5 6.87697E-5 9.07296E-5 1.14231E-4 9.49156E-5 9.11556E-5 7.64839E-5 7.34029E-5 9.78377E-5 1.07285E-4 1.11674E-4 8.99358E-5 1.00808E-4 9.8266E-5 9.70144E-5 1.03923E-4 8.72708E-5 9.45491E-5 1.1841E-4 1.04747E-4 8.3785E-5 9.80342E-5 9.8004E-5 1.08055E-4 1.08299E-4 1.30499E-4 1.14362E-4 1.29392E-4 1.07464E-4 8.67611E-5 1.04006E-4 1.12331E-4 1.2421E-4 1.06787E-4 8.51828E-5 9.89189E-5 1.21551E-4 1.66601E-4 1.63352E-4 1.30915E-4 1.2739E-4 1.32102E-4 1.40846E-4 1.67357E-4 1.86919E-4 1.57763E-4 1.5703E-4 1.62242E-4 1.36988E-4 1.75251E-4 2.36999E-4 2.41792E-4
1.2735E-4 7.74125E-5 6.51424E-5 7.83093E-5 7.92331E-5 6.79822E-5 7.79954E-5 1.00496E-4 1.01623E-4 7.59055E-5 8.60448E-5 9.06987E-5 9.77487E-5 9.24323E-5 7.28397E-5 7.60757E-5 7.93507E-5 9.16028E-5 8.37223E-5 8.5753E-5 1.00543E-4 9.16958E-5 8.1634E-5 1.03688E-4 1.06027E-4 9.2285E-5 7.37733E-5 7.22933E-5 9.14997E-5 1.05036E-4 9.6302E-5 7.75921E-5 8.65991E-5 8.54598E-5 9.72626E-5 1.23222E-4 1.13077E-4 8.68407E-5 8.92043E-5 1.04999E-4 1.02426E-4 9.4171E-5 9.38377E-5 1.11104E-4 1.12767E-4 1.24947E-4 1.13531E-4 1.05617E-4 9.55756E-5 1.17287E-4 1.14885E-4 1.49755E-4 1.40116E-4 1.11712E-4 1.25698E-4 1.40659E-4 1.58633E-4 1.52754E-4 1.38423E-4 1.79532E-4 2.15862E-4 2.07117E-4 1.48546E-4 1.32228E-4 1.85062E-4 2.11108E-4
9.89045E-5 7.72311E-5 7.28021E-5 9.46651E-5 9.77674E-5 7.52527E-5 7.05263E-5 8.05836E-5 7.79721E-5 6.95271E-5 9.20623E-5 1.13597E-4 8.68456E-5 7.7535E-5 9.64732E-5 9.89602E-5 7.80196E-5 6.59921E-5 6.98816E-5 9.21262E-5 1.0765E-4 9.4588E-5 7.42779E-5 9.27488E-5 1.1813E-4 1.04022E-4 7.59976E-5 6.93009E-5 9.42399E-5 1.18505E-4 1.0025E-4 9.76484E-5 1.03601E-4 8.62314E-5 9.35562E-5 1.05243E-4 9.62133E-5 8.85873E-5 1.07367E-4 1.0319E-4 8.63176E-5 9.53993E-5 9.77515E-5 1.20729E-4 1.11898E-4 9.98078E-5 1.01176E-4 8.58421E-5 9.87606E-5 1.24798E-4 1.14277E-4 1.01204E-4 9.86219E-5 1.0291E-4 1.33494E-4 1.57899E-4 1.62874E-4 1.5095E-4 1.32594E-4 2.03814E-4 2.39437E-4 2.00077E-4 1.71209E-4 1.84645E-4 1.90968E-4 2.4752E-4
7.73019E-5 6.84688E-5 6.57104E-5 8.05018E-5 9.14092E-5 7.81521E-5 7.86527E-5 1.03956E-4 9.69579E-5 7.30212E-5 7.49903E-5 8.39914E-5 7.23472E-5 7.35744E-5 9.16412E-5 9.44605E-5 7.59351E-5 5.89131E-5 6.04291E-5 7.3642E-5 7.77522E-5 7.48946E-5 7.315E-5 7.60694E-5 8.71795E-5 8.21717E-5 6.8094E-5 7.80174E-5 8.95601E-5 8.41237E-5 8.31912E-5 1.08679E-4 1.13029E-4 8.91697E-5 9.83035E-5 1.24335E-4 1.08887E-4 1.03917E-4 1.21689E-4 1.13962E-4 9.89415E-5 1.30347E-4 1.14053E-4 1.22863E-4 1.22255E-4 1.25828E-4 1.2031E-4 9.38944E-5 8.08172E-5 9.0984E-5 9.77755E-5 1.2026E-4 1.15532E-4 9.69894E-5 1.0952E-4 1.21244E-4 1.32709E-4 1.21665E-4 1.24317E-4 1.67097E-4 1.73777E-4 1.89422E-4 1.76945E-4 1.84855E-4 1.98983E-4 1.92664E-4
7.21596E-5 5.84692E-5 6.49547E-5 8.66942E-5 1.02152E-4 8.20298E-5 7.33178E-5 8.77102E-5 8.11168E-5 7.74235E-5 7.55251E-5 6.4063E-5 5.36644E-5 5.71398E-5 6.51558E-5 6.88022E-5 7.37753E-5 7.69965E-5 7.24063E-5 9.25707E-5 9.793E-5 9.40439E-5 9.50789E-5 7.8572E-5 9.04808E-5 9.92886E-5 8.36592E-5 9.10515E-5 1.20892E-4 1.00162E-4 7.61099E-5 1.03351E-4 1.20445E-4 1.02808E-4 1.02131E-4 1.25286E-4 1.01074E-4 1.33334E-4 1.05986E-4 8.85806E-5 9.23377E-5 1.0705E-4 1.19115E-4 1.07754E-4 1.07668E-4 9.4263E-5 9.78336E-5 9.95802E-5 8.84243E-5 1.10198E-4 1.10928E-4 1.22591E-4 1.37519E-4 1.11553E-4 1.02641E-4 1.09076E-4 1.0244E-4 9.67957E-5 1.32651E-4 1.76906E-4 1.64115E-4 1.57325E-4 1.70831E-4 1.597E-4 1.50652E-4 1.43333E-4
8.41312E-5 6.47437E-5 5.73281E-5 6.80026E-5 7.22517E-5 6.46801E-5 5.84614E-5 5.97169E-5 7.42348E-5 9.81876E-5 9.32307E-5 7.07921E-5 5.228E-5 4.23375E-5 5.48398E-5 7.47247E-5 9.74004E-5 9.62378E-5 7.52424E-5 9.4723E-5 1.01646E-4 9.70481E-5 1.0463E-4 8.17962E-5 9.41829E-5 1.16978E-4 8.62327E-5 8.035E-5 9.26276E-5 8.95619E-5 7.42567E-5 8.32025E-5 9.47652E-5 1.26392E-4 1.07035E-4 1.07837E-4 9.08942E-5 9.72217E-5 8.92111E-5 7.30258E-5 7.31887E-5 8.25871E-5 8.65881E-5 8.04187E-5 7.78318E-5 9.55344E-5 1.2789E-4 1.21596E-4 9.38319E-5 1.22539E-4 1.22555E-4 1.31364E-4 1.39253E-4 1.19288E-4 1.34211E-4 1.4562E-4 1.05943E-4 9.00985E-5 1.06608E-4 1.3641E-4 1.65377E-4 1.54513E-4 1.84764E-4 1.72678E-4 1.40944E-4 1.85079E-4
7.34073E-5 6.02408E-5 4.7615E-5 5.0982E-5 5.92865E-5 7.10577E-5 7.72115E-5 6.8692E-5 6.69067E-5 7.86459E-5 7.53594E-5 6.19943E-5 5.52643E-5 5.86118E-5 5.58785E-5 7.10603E-5 8.87947E-5 9.06599E-5 7.05465E-5 7.13175E-5 7.4485E-5 7.49859E-5 7.98321E-5 7.13179E-5 7.31993E-5 8.04217E-5 7.01964E-5 8.68827E-5 1.15663E-4 1.01378E-4 8.94207E-5 1.09464E-4 1.06979E-4 8.73226E-5 1.05579E-4 1.05922E-4 1.11919E-4 1.1812E-4 9.38327E-5 6.95935E-5 5.38415E-5 6.80189E-5 8.31788E-5 9.43498E-5 8.97586E-5 9.02032E-5 1.03295E-4 1.01096E-4 1.0194E-4 1.15983E-4 1.14058E-4 1.22852E-4 1.20165E-4 1.09481E-4 1.12267E-4 1.17451E-4 1.24836E-4 1.15311E-4 9.1562E-5 9.96771E-5 1.25243E-4 1.37141E-4 1.66847E-4 1.59207E-4 1.27565E-4 1.64257E-4
5.65996E-5 5.33292E-5 5.34561E-5 4.81429E-5 6.1657E-5 8.13282E-5 1.01253E-4 7.75414E-5 6.0977E-5 5.6744E-5 5.50338E-5 5.74727E-5 7.38673E-5 8.17235E-5 6.93639E-5 5.65907E-5 6.37724E-5 6.33501E-5 5.65854E-5 5.51445E-5 5.69123E-5 7.45428E-5 9.36993E-5 9.81345E-5 7.57438E-5 6.68159E-5 6.47552E-5 7.5947E-5 8.87571E-5 9.48637E-5 1.22065E-4 1.00278E-4 9.84095E-5 8.32432E-5 8.0241E-5 7.73159E-5 9.80907E-5 9.77547E-5 8.23155E-5 6.6668E-5 6.42675E-5 7.48185E-5 9.82751E-5 1.27772E-4 1.09656E-4 1.05234E-4 1.29053E-4 1.04363E-4 1.29019E-4 1.20405E-4 1.22619E-4 1.15966E-4 1.1387E-4 1.18177E-4 1.34617E-4 1.09621E-4 1.29888E-4 1.17636E-4 9.61207E-5 8.87254E-5 1.23441E-4 1.41565E-4 1.46908E-4 1.46012E-4 1.19552E-4 1.29852E-4
6.18146E-5 7.14047E-5 7.08909E-5 6.10798E-5 5.48808E-5 6.63656E-5 7.25833E-5 6.90234E-5 7.94002E-5 7.41302E-5 5.96323E-5 6.32279E-5 8.18384E-5 9.57764E-5 7.43416E-5 5.83805E-5 4.49704E-5 4.9256E-5 6.26987E-5 7.42529E-5 7.31063E-5 7.34723E-5 9.32418E-5 9.4632E-5 7.89881E-5 9.45285E-5 8.80854E-5 6.82702E-5 6.71309E-5 8.11926E-5 9.03742E-5 9.9048E-5 1.12104E-4 8.72356E-5 8.11597E-5 9.11432E-5 9.45802E-5 7.86982E-5 6.53229E-5 6.74121E-5 8.62254E-5 9.2605E-5 8.824E-5 1.03343E-4 9.58121E-5 9.55114E-5 1.0828E-4 1.08183E-4 1.18762E-4 1.24168E-4 1.04292E-4 1.36123E-4 1.24005E-4 1.08433E-4 1.15294E-4 1.02995E-4 9.93261E-5 1.18324E-4 1.24194E-4 1.04151E-4 1.14593E-4 1.32109E-4 1.15089E-4 1.06701E-4 1.15395E-4 1.50563E-4
6.93911E-5 9.01927E-5 8.99993E-5 6.62874E-5 5.60422E-5 7.05689E-5 7.76885E-5 7.43418E-5 9.17877E-5 8.04437E-5 7.08664E-5 6.50466E-5 6.71818E-5 7.32593E-5 6.27096E-5 5.14016E-5 4.08716E-5 5.37662E-5 6.96508E-5 9.21187E-5 9.20959E-5 7.24847E-5 6.8927E-5 6.96349E-5 8.20196E-5 1.12686E-4 9.82769E-5 7.23184E-5 7.65393E-5 7.48182E-5 6.53826E-5 7.76981E-5 8.49978E-5 7.77484E-5 1.04041E-4 1.14489E-4 1.14588E-4 8.62247E-5 6.46523E-5 7.4307E-5 1.00992E-4 1.23231E-4 1.02243E-4 1.09908E-4 9.38893E-5 7.60133E-5 1.03365E-4 1.27468E-4 1.07784E-4 1.11157E-4 1.10884E-4 1.25281E-4 1.23719E-4 1.4881E-4 1.15492E-4 9.59827E-5 9.65189E-5 1.25573E-4 1.33199E-4 1.21239E-4 1.26971E-4 1.1532E-4 9.10551E-5 9.45509E-5 1.33817E-4 1.65074E-4
6.01916E-5 7.25605E-5 7.25721E-5 6.09568E-5 6.36194E-5 7.76371E-5 8.96785E-5 6.7031E-5 6.41613E-5 7.46869E-5 9.54816E-5 7.62015E-5 5.75995E-5 5.1358E-5 4.81052E-5 4.18545E-5 5.01573E-5 5.90417E-5 6.5977E-5 8.36758E-5 8.3758E-5 6.85789E-5 5.20621E-5 5.45139E-5 6.84083E-5 7.87808E-5 7.85667E-5 8.53238E-5 1.05783E-4 9.50024E-5 7.36089E-5 9.26759E-5 1.07683E-4 9.02297E-5 9.46483E-5 1.08779E-4 1.12908E-4 8.58174E-5 8.28857E-5 7.41509E-5 8.86887E-5 9.81013E-5 1.0296E-4 1.17221E-4 9.66884E-5 7.50676E-5 8.2715E-5 1.06484E-4 1.17061E-4 9.7099E-5 1.0576E-4 1.16502E-4 1.25785E-4 1.32363E-4 9.89815E-5 1.29179E-4 1.27373E-4 1.16592E-4 1.26405E-4 1.35136E-4 1.46549E-4 1.28555E-4 9.32556E-5 1.02903E-4 1.24093E-4 1.60028E-4
5.15428E-5 5.01747E-5 5.12966E-5 6.25196E-5 8.23466E-5 8.58209E-5 6.75601E-5 5.77264E-5 6.62826E-5 6.78457E-5 7.7352E-5 6.82237E-5 5.37648E-5 4.34373E-5 4.83731E-5 5.36721E-5 5.89898E-5 9.13529E-5 8.98055E-5 7.70197E-5 6.24811E-5 5.83586E-5 6.11255E-5 7.15077E-5 7.41423E-5 7.56982E-5 8.08006E-5 8.30856E-5 1.03002E-4 8.88173E-5 7.57683E-5 9.20327E-5 1.06205E-4 8.83057E-5 7.54886E-5 9.60628E-5 9.72788E-5 9.10692E-5 1.07858E-4 9.12892E-5 7.10153E-5 7.14439E-5 7.78097E-5 8.82631E-5 8.76324E-5 7.33783E-5 8.01747E-5 1.0151E-4 1.09281E-4 9.28606E-5 1.07287E-4 1.22638E-4 1.24605E-4 1.33903E-4 1.08652E-4 1.2183E-4 1.18943E-4 9.57168E-5 8.87139E-5 1.0198E-4 1.02831E-4 9.1526E-5 1.12344E-4 1.33519E-4 1.08799E-4 1.08752E-4
4.2159E-5 4.33893E-5 5.52873E-5 7.01056E-5 7.49904E-5 7.94336E-5 6.17247E-5 6.70122E-5 9.04824E-5 7.67599E-5 5.62299E-5 5.10253E-5 4.5327E-5 4.75572E-5 6.02448E-5 7.23226E-5 7.24664E-5 8.09107E-5 9.43875E-5 7.82164E-5 6.27314E-5 7.82548E-5 8.31122E-5 9.76037E-5 1.03198E-4 9.54648E-5 1.22966E-4 8.44907E-5 7.24189E-5 7.74358E-5 9.92923E-5 1.02156E-4 8.22524E-5 8.3459E-5 8.34114E-5 1.10185E-4 1.02911E-4 9.36785E-5 1.06913E-4 9.26952E-5 7.76861E-5 6.48597E-5 8.56048E-5 1.11622E-4 1.07513E-4 8.33611E-5 8.61039E-5 1.13365E-4 1.2102E-4 9.24076E-5 1.17771E-4 1.35986E-4 1.23012E-4 1.23367E-4 1.3151E-4 1.30684E-4 1.10409E-4 9.61878E-5 7.74757E-5 1.00057E-4 1.16993E-4 1.19069E-4 1.195E-4 1.19005E-4 1.063E-4 9.0496E-5
3.60572E-5 4.6379E-5 6.11997E-5 8.37454E-5 8.50991E-5 6.23299E-5 4.87986E-5 5.9534E-5 7.17485E-5 6.6956E-5 5.33025E-5 4.61545E-5 5.4508E-5 5.98508E-5 7.21361E-5 9.87706E-5 8.6414E-5 6.37093E-5 5.86895E-5 6.15195E-5 6.70795E-5 9.50726E-5 1.03745E-4 8.95446E-5 9.47831E-5 8.30691E-5 9.0022E-5 7.2786E-5 5.86357E-5 7.50297E-5 9.6439E-5 9.89403E-5 9.39002E-5 1.1854E-4 9.01239E-5 9.90501E-5 9.6271E-5 8.21138E-5 1.08321E-4 1.11516E-4 8.77291E-5 7.51064E-5 8.43384E-5 1.03437E-4 1.05777E-4 9.58418E-5 7.95145E-5 1.01079E-4 1.04601E-4 9.22275E-5 1.09434E-4 1.29573E-4 1.38161E-4 1.27446E-4 1.11733E-4 1.17913E-4 1.31232E-4 1.05402E-4 8.98757E-5 9.91289E-5 1.26646E-4 1.22304E-4 1.17016E-4 1.15539E-4 1.38805E-4 1.06931E-4
4.40031E-5 4.73954E-5 5.29215E-5 6.39452E-5 6.58524E-5 5.3235E-5 4.72124E-5 4.75488E-5 5.21564E-5 5.02691E-5 4.37523E-5 5.28267E-5 6.69808E-5 8.19385E-5 7.44562E-5 7.68861E-5 7.35866E-5 5.98181E-5 6.6585E-5 7.19023E-5 6.35786E-5 7.65265E-5 7.64212E-5 6.81557E-5 6.20073E-5 5.89247E-5 6.20298E-5 5.69285E-5 4.89905E-5 6.10555E-5 6.92927E-5 6.83577E-5 7.86178E-5 9.28649E-5 8.271E-5 1.0096E-4 1.08653E-4 8.54294E-5 8.53355E-5 8.46032E-5 1.01329E-4 9.72371E-5 7.88515E-5 9.56978E-5 1.17272E-4 9.83749E-5 8.3632E-5 1.08667E-4 1.14919E-4 9.71916E-5 1.22409E-4 1.19582E-4 1.03527E-4 1.3071E-4 1.36919E-4 1.1074E-4 1.05811E-4 1.27403E-4 1.252E-4 1.12379E-4 1.21078E-4 1.25502E-4 1.24558E-4 1.23496E-4 1.17088E-4 1.18527E-4
