catData/rasterBestHybridModels/Pbengalensis/RDbal_BM01_RM1.5_L/Pbengalensis_avg.asc
ncols         409
nrows         350
xllcorner     60.897278365
yllcorner     5.843756025
cellsize      0.0892857
NODATA_value  -9999
[rows 29 to 57 of 350, columns 132 to 197 of 409]
9.69126E-5 7.68336E-5 9.1682E-5 1.19784E-4 1.52451E-4 1.84014E-4 1.831E-4 1.45343E-4 1.74395E-4 1.61542E-4 1.36094E-4 1.44223E-4 1.65767E-4 2.10225E-4 2.1197E-4 1.42888E-4 1.09324E-4 9.88792E-5 1.23412E-4 1.49953E-4 2.05239E-4 2.48715E-4 2.63499E-4 3.07014E-4 3.41517E-4 2.65207E-4 1.93404E-4 1.71782E-4 1.30198E-4 1.54787E-4 1.46017E-4 1.21115E-4 1.2824E-4 1.46703E-4 1.7415E-4 2.24378E-4 2.84885E-4 3.1826E-4 3.09499E-4 3.09732E-4 2.36367E-4 2.52683E-4 1.50685E-4 1.03968E-4 7.80728E-5 8.86396E-5 1.41031E-4 2.08516E-4 2.28918E-4 2.43265E-4 3.01958E-4 3.64066E-4 3.22575E-4 3.23838E-4 4.47622E-4 2.51361E-4 1.76343E-4 2.55281E-4 3.11493E-4 3.54446E-4 3.49103E-4 1.7974E-4 8.83889E-5 8.57221E-5 1.18287E-4 8.17818E-5
8.97955E-5 7.20012E-5 9.02006E-5 1.22089E-4 1.40398E-4 1.67946E-4 1.67874E-4 1.51773E-4 1.95807E-4 1.93669E-4 1.87021E-4 1.2121E-4 1.21662E-4 1.54805E-4 2.17858E-4 1.52155E-4 1.22238E-4 1.30103E-4 1.48778E-4 1.88001E-4 1.87279E-4 1.98611E-4 2.29033E-4 2.80087E-4 3.64692E-4 2.5546E-4 2.36214E-4 2.21624E-4 1.90717E-4 2.29753E-4 2.71933E-4 2.18613E-4 1.42948E-4 1.33359E-4 1.72211E-4 2.18176E-4 2.17546E-4 2.76352E-4 3.1364E-4 3.06795E-4 2.02978E-4 1.62934E-4 1.27686E-4 1.10475E-4 1.07443E-4 6.44748E-5 5.69115E-5 6.90309E-5 1.12805E-4 1.84601E-4 2.79035E-4 4.29392E-4 5.03362E-4 6.37631E-4 6.59635E-4 3.96505E-4 3.11499E-4 2.1357E-4 2.92212E-4 3.30653E-4 3.1309E-4 2.19594E-4 9.71923E-5 8.94597E-5 1.26337E-4 1.13358E-4
9.99676E-5 9.05562E-5 1.01116E-4 1.24E-4 1.37656E-4 1.73055E-4 1.76976E-4 1.57447E-4 1.55641E-4 1.52348E-4 1.42271E-4 1.93869E-4 1.93116E-4 1.76214E-4 2.16924E-4 2.21396E-4 1.81496E-4 1.8682E-4 1.98136E-4 2.23468E-4 2.27564E-4 2.38931E-4 2.308E-4 2.59401E-4 2.28498E-4 2.16076E-4 2.39333E-4 1.84204E-4 2.01663E-4 2.34494E-4 2.74367E-4 2.4161E-4 2.26176E-4 2.31218E-4 2.28867E-4 2.04505E-4 1.55587E-4 2.41765E-4 2.70052E-4 2.63161E-4 2.33642E-4 2.0139E-4 1.37984E-4 1.1825E-4 9.17405E-5 6.84021E-5 4.56286E-5 5.60091E-5 7.24898E-5 9.8175E-5 1.36447E-4 2.07186E-4 3.50324E-4 6.08089E-4 6.95268E-4 6.40318E-4 5.23427E-4 2.77752E-4 2.30295E-4 2.09601E-4 2.01057E-4 2.19827E-4 1.16178E-4 9.62875E-5 8.91398E-5 6.54704E-5
1.02473E-4 1.10222E-4 1.05982E-4 1.32513E-4 2.11174E-4 1.85225E-4 1.97479E-4 1.54794E-4 1.20555E-4 1.21322E-4 1.69171E-4 2.21271E-4 2.19777E-4 1.97884E-4 2.42824E-4 2.61469E-4 2.07307E-4 2.26456E-4 2.54875E-4 2.04203E-4 2.16408E-4 2.1324E-4 2.11287E-4 2.20456E-4 2.16551E-4 2.01862E-4 1.99816E-4 2.65606E-4 3.33386E-4 3.86381E-4 3.87145E-4 3.54748E-4 3.26503E-4 3.11713E-4 2.25575E-4 1.80603E-4 1.37162E-4 1.98708E-4 2.08612E-4 1.97287E-4 2.04893E-4 1.98435E-4 1.40619E-4 1.17236E-4 9.59304E-5 7.69754E-5 6.37711E-5 8.72088E-5 1.31865E-4 1.55272E-4 1.472E-4 1.53328E-4 2.05597E-4 3.00839E-4 4.33299E-4 5.40587E-4 6.28308E-4 4.77591E-4 4.03224E-4 3.38911E-4 1.82591E-4 1.27714E-4 1.21341E-4 1.28913E-4 9.91302E-5 8.62989E-5
1.19795E-4 1.38735E-4 1.36681E-4 1.16814E-4 1.4446E-4 1.83666E-4 1.88883E-4 1.63095E-4 1.1592E-4 1.20376E-4 1.62819E-4 1.92445E-4 1.9555E-4 1.664E-4 2.3019E-4 2.53376E-4 2.15206E-4 2.59313E-4 2.52885E-4 1.85342E-4 2.07185E-4 2.43972E-4 2.30624E-4 2.87951E-4 2.66517E-4 1.95239E-4 2.61907E-4 3.02915E-4 3.6867E-4 4.26231E-4 4.66774E-4 4.00169E-4 3.10312E-4 3.05504E-4 2.80885E-4 1.62924E-4 1.04077E-4 1.93367E-4 2.24213E-4 2.00261E-4 1.81329E-4 1.53463E-4 1.41096E-4 1.14636E-4 1.07842E-4 1.00031E-4 8.089E-5 9.72605E-5 1.44342E-4 1.72401E-4 1.5661E-4 2.32299E-4 2.84359E-4 2.84703E-4 2.88907E-4 3.04499E-4 3.76975E-4 4.79198E-4 4.42878E-4 2.93616E-4 1.61027E-4 1.10229E-4 1.20813E-4 1.10044E-4 6.67633E-5 5.88645E-5
1.10837E-4 1.25727E-4 1.37831E-4 1.32201E-4 1.34331E-4 1.79844E-4 1.76897E-4 1.63848E-4 1.56238E-4 1.28148E-4 1.46237E-4 1.93258E-4 2.32625E-4 2.167E-4 2.4018E-4 2.31504E-4 2.5894E-4 4.16311E-4 4.17967E-4 2.62855E-4 2.16062E-4 2.01397E-4 2.0537E-4 2.12544E-4 2.02954E-4 2.18608E-4 2.2294E-4 2.80926E-4 3.91803E-4 4.54411E-4 4.99485E-4 4.01796E-4 2.91982E-4 2.68137E-4 2.58278E-4 2.21008E-4 1.51407E-4 2.00607E-4 1.69272E-4 1.38863E-4 1.15314E-4 9.68355E-5 1.11553E-4 1.07742E-4 1.13784E-4 1.43501E-4 1.28803E-4 1.12927E-4 1.40602E-4 1.66376E-4 1.30355E-4 1.99173E-4 3.28944E-4 4.27787E-4 3.29663E-4 2.27735E-4 2.04528E-4 2.60333E-4 3.36612E-4 3.06297E-4 1.67726E-4 1.1254E-4 9.91609E-5 8.16855E-5 4.90358E-5 4.1359E-5
8.16102E-5 9.74583E-5 1.16566E-4 1.29242E-4 1.2003E-4 1.39875E-4 1.63125E-4 2.173E-4 2.12835E-4 1.43415E-4 1.3816E-4 1.83681E-4 2.05446E-4 1.76604E-4 1.59498E-4 1.68685E-4 1.89669E-4 2.5856E-4 3.31582E-4 3.42234E-4 2.48841E-4 1.8986E-4 2.08005E-4 2.10628E-4 2.10873E-4 2.25576E-4 2.40169E-4 2.65486E-4 2.59413E-4 3.08087E-4 4.33368E-4 3.11794E-4 2.5513E-4 2.63653E-4 2.34883E-4 2.22692E-4 1.86619E-4 1.44013E-4 1.26468E-4 1.41128E-4 9.42235E-5 1.0292E-4 1.47631E-4 1.5286E-4 1.17656E-4 1.42296E-4 1.55563E-4 1.37464E-4 1.24453E-4 1.2237E-4 1.20213E-4 1.63501E-4 2.27575E-4 3.28697E-4 3.51918E-4 2.54907E-4 1.55622E-4 1.58544E-4 2.27329E-4 2.55463E-4 1.80919E-4 1.20665E-4 9.22976E-5 8.34511E-5 5.15158E-5 3.44615E-5
6.75275E-5 7.45542E-5 9.40386E-5 1.30509E-4 1.49396E-4 1.28787E-4 1.41218E-4 1.74026E-4 1.91634E-4 1.66088E-4 1.50383E-4 2.14599E-4 2.18205E-4 1.68672E-4 1.66293E-4 1.93596E-4 1.97261E-4 1.82797E-4 1.9072E-4 2.84726E-4 2.92069E-4 2.51272E-4 2.51762E-4 2.4872E-4 2.23729E-4 2.08534E-4 2.00431E-4 2.16898E-4 1.87258E-4 1.90764E-4 2.67016E-4 2.43131E-4 1.87893E-4 1.8772E-4 1.65043E-4 1.46956E-4 1.28026E-4 1.30964E-4 1.40379E-4 1.54427E-4 1.32932E-4 1.30833E-4 1.65246E-4 2.18448E-4 1.80111E-4 1.63829E-4 1.61444E-4 1.62981E-4 1.93814E-4 1.74769E-4 1.28076E-4 1.58168E-4 1.92872E-4 2.01058E-4 2.62703E-4 2.41044E-4 1.50079E-4 1.12961E-4 1.38917E-4 1.8736E-4 1.90897E-4 1.45169E-4 8.98885E-5 6.85297E-5 6.12324E-5 3.83069E-5
5.96149E-5 7.61063E-5 1.11913E-4 1.77532E-4 1.85128E-4 1.24559E-4 9.52637E-5 1.28922E-4 1.92721E-4 2.15005E-4 1.73058E-4 2.18806E-4 1.74335E-4 1.41945E-4 1.60118E-4 2.11579E-4 2.05343E-4 1.67176E-4 1.67825E-4 2.65313E-4 3.11133E-4 2.79384E-4 2.35704E-4 2.662E-4 2.38489E-4 1.77964E-4 1.96429E-4 2.34578E-4 2.00864E-4 1.88829E-4 2.10597E-4 2.12599E-4 1.49504E-4 1.19883E-4 1.30038E-4 1.30978E-4 1.73771E-4 1.92902E-4 2.18284E-4 1.99732E-4 2.26456E-4 1.74324E-4 1.55733E-4 2.29434E-4 2.62012E-4 2.62642E-4 2.45605E-4 2.29883E-4 3.00476E-4 2.85993E-4 2.0428E-4 1.50833E-4 1.59569E-4 1.7654E-4 2.46505E-4 2.12621E-4 1.29492E-4 1.08194E-4 9.99026E-5 1.04459E-4 1.27165E-4 1.32332E-4 1.03594E-4 6.44633E-5 5.17441E-5 5.13873E-5
5.69398E-5 7.28643E-5 9.67165E-5 1.33244E-4 1.40878E-4 1.07849E-4 1.02526E-4 1.36928E-4 1.40246E-4 1.40949E-4 1.45061E-4 1.74864E-4 1.62592E-4 1.47188E-4 1.1834E-4 1.47465E-4 1.52457E-4 1.42332E-4 1.94808E-4 2.65949E-4 3.45814E-4 2.83301E-4 2.93412E-4 2.7077E-4 2.39415E-4 2.24975E-4 2.37626E-4 2.38849E-4 2.02908E-4 1.86042E-4 1.89488E-4 2.03024E-4 1.58844E-4 1.33693E-4 1.44876E-4 1.67104E-4 2.20338E-4 2.29757E-4 2.42786E-4 2.30387E-4 2.4931E-4 2.46125E-4 2.36561E-4 3.06119E-4 2.99428E-4 3.53906E-4 4.26038E-4 3.30204E-4 3.07527E-4 3.14094E-4 3.24853E-4 2.18429E-4 1.56772E-4 1.29409E-4 1.86036E-4 1.8431E-4 1.04695E-4 9.95355E-5 1.05455E-4 8.1175E-5 7.38104E-5 8.4635E-5 8.74783E-5 7.36962E-5 5.00458E-5 3.78934E-5
5.15233E-5 6.87721E-5 9.30654E-5 1.1992E-4 1.30773E-4 1.05624E-4 1.02888E-4 1.36897E-4 1.4068E-4 1.0774E-4 9.94825E-5 1.05874E-4 1.28191E-4 1.57572E-4 1.59548E-4 1.4085E-4 1.29901E-4 1.72544E-4 2.31183E-4 3.02524E-4 3.96553E-4 3.67189E-4 3.31113E-4 3.21932E-4 2.58953E-4 2.50142E-4 2.65518E-4 2.42059E-4 2.0425E-4 1.86063E-4 1.80992E-4 1.90368E-4 1.83016E-4 1.88458E-4 1.61294E-4 1.62719E-4 2.06471E-4 2.50789E-4 2.35684E-4 2.40069E-4 1.8362E-4 2.81601E-4 3.9125E-4 4.81033E-4 4.10375E-4 4.26824E-4 4.54962E-4 3.99692E-4 3.76816E-4 4.11373E-4 3.87058E-4 2.8452E-4 2.05507E-4 1.42535E-4 1.16165E-4 1.49128E-4 1.05344E-4 8.51735E-5 8.30747E-5 6.88475E-5 5.16898E-5 5.2176E-5 6.45531E-5 6.69525E-5 5.10935E-5 3.13792E-5
4.85569E-5 6.2663E-5 7.86869E-5 9.20244E-5 9.69E-5 8.68918E-5 8.70324E-5 1.0048E-4 1.02398E-4 8.8298E-5 7.47278E-5 8.78266E-5 1.2398E-4 1.51017E-4 1.55632E-4 1.42156E-4 1.78837E-4 1.915E-4 1.93966E-4 2.38199E-4 2.83722E-4 3.00926E-4 1.88914E-4 2.36094E-4 2.62899E-4 2.58807E-4 3.08838E-4 2.77511E-4 2.73514E-4 2.76366E-4 2.33435E-4 1.93028E-4 1.74274E-4 1.89088E-4 1.90224E-4 1.96833E-4 2.41065E-4 3.1538E-4 3.50205E-4 2.72886E-4 1.44594E-4 1.85854E-4 3.17575E-4 5.6418E-4 6.94392E-4 6.77715E-4 5.6019E-4 5.65757E-4 5.7931E-4 4.82575E-4 3.33748E-4 2.90955E-4 2.41526E-4 1.62141E-4 1.08424E-4 1.18381E-4 9.05151E-5 6.65471E-5 6.08016E-5 5.16059E-5 4.0036E-5 3.4605E-5 3.93386E-5 4.3685E-5 3.74502E-5 2.50087E-5
3.94194E-5 4.92225E-5 5.87971E-5 6.49365E-5 7.07577E-5 8.07206E-5 9.20237E-5 9.43381E-5 1.13367E-4 1.12893E-4 9.55781E-5 7.38995E-5 8.84842E-5 1.14968E-4 1.18889E-4 1.27053E-4 1.90134E-4 2.07605E-4 2.03754E-4 1.78694E-4 1.63032E-4 1.38445E-4 1.00734E-4 9.76282E-5 1.16423E-4 2.02478E-4 3.47991E-4 2.86539E-4 2.84662E-4 2.99964E-4 2.89107E-4 2.11484E-4 2.05719E-4 2.01622E-4 2.3221E-4 2.36095E-4 2.03784E-4 1.81406E-4 2.46784E-4 1.73744E-4 1.0834E-4 1.46254E-4 2.32376E-4 4.76597E-4 7.66949E-4 8.95425E-4 7.96317E-4 5.47857E-4 5.41899E-4 5.01897E-4 3.16456E-4 2.21562E-4 1.99609E-4 1.48663E-4 1.18857E-4 8.26474E-5 6.2417E-5 4.60674E-5 3.99881E-5 3.38352E-5 3.5874E-5 3.07139E-5 2.28243E-5 2.05552E-5 2.30254E-5 1.91364E-5
3.64044E-5 4.77188E-5 6.29111E-5 8.08604E-5 9.90387E-5 1.00549E-4 1.23142E-4 1.22913E-4 1.36454E-4 1.39532E-4 1.07806E-4 8.74263E-5 8.80105E-5 9.1179E-5 8.73205E-5 1.09194E-4 1.48907E-4 1.47205E-4 1.5111E-4 1.45523E-4 1.27212E-4 1.09102E-4 1.16859E-4 1.25278E-4 1.20807E-4 1.47686E-4 1.86958E-4 1.96902E-4 2.33209E-4 2.69014E-4 2.46977E-4 2.42219E-4 2.69197E-4 2.99927E-4 3.32806E-4 3.31004E-4 2.87694E-4 1.70634E-4 1.3056E-4 1.243E-4 1.4986E-4 1.82652E-4 2.22018E-4 3.19522E-4 5.9452E-4 8.46237E-4 7.13034E-4 4.47298E-4 3.51963E-4 3.68145E-4 2.53684E-4 1.89199E-4 1.54303E-4 1.17756E-4 9.80661E-5 6.89625E-5 5.15765E-5 5.03427E-5 3.44368E-5 2.36286E-5 2.58679E-5 3.05706E-5 2.425E-5 1.58652E-5 1.18794E-5 1.00122E-5
4.71312E-5 5.32741E-5 7.17014E-5 9.59816E-5 1.23981E-4 1.33031E-4 1.20602E-4 1.17215E-4 1.03607E-4 1.04967E-4 1.00328E-4 1.28693E-4 1.24682E-4 1.01548E-4 8.83313E-5 8.36033E-5 9.39049E-5 1.00427E-4 1.06079E-4 1.00827E-4 8.97621E-5 1.06193E-4 1.32171E-4 1.34721E-4 1.56727E-4 1.64492E-4 1.44674E-4 1.64549E-4 2.26864E-4 2.13036E-4 2.19697E-4 2.65694E-4 2.85277E-4 2.26775E-4 2.28267E-4 2.4834E-4 2.86244E-4 3.21014E-4 2.18504E-4 1.07016E-4 9.71145E-5 1.18024E-4 2.00529E-4 2.90038E-4 3.68657E-4 5.74123E-4 6.70702E-4 4.61024E-4 3.26242E-4 2.32101E-4 2.14482E-4 1.8796E-4 1.4466E-4 9.71979E-5 9.19603E-5 6.16485E-5 4.96092E-5 4.14869E-5 3.69094E-5 2.73003E-5 2.31344E-5 2.11793E-5 1.45277E-5 1.20651E-5 1.14775E-5 7.38679E-6
6.23264E-5 7.15583E-5 7.37517E-5 8.72213E-5 1.07705E-4 1.11298E-4 9.37487E-5 8.73135E-5 7.5581E-5 7.46114E-5 9.56688E-5 1.25854E-4 1.33236E-4 1.02633E-4 8.87578E-5 1.05018E-4 1.00187E-4 8.42987E-5 7.11112E-5 6.7989E-5 6.99071E-5 1.01048E-4 1.40319E-4 1.62273E-4 1.72042E-4 1.54759E-4 1.30859E-4 1.55409E-4 2.34561E-4 2.58575E-4 1.88534E-4 2.09154E-4 2.12195E-4 1.63523E-4 1.55777E-4 1.63792E-4 1.70622E-4 1.92625E-4 2.07826E-4 1.45121E-4 6.32932E-5 6.3212E-5 1.1949E-4 2.24505E-4 2.96585E-4 3.69128E-4 4.68017E-4 4.54327E-4 3.79926E-4 2.65402E-4 1.68486E-4 1.70155E-4 1.39812E-4 8.91154E-5 7.29421E-5 6.63761E-5 5.06596E-5 3.4229E-5 3.24102E-5 3.1748E-5 2.78265E-5 2.2673E-5 1.25266E-5 1.09063E-5 1.33659E-5 7.21363E-6
8.15358E-5 9.67828E-5 9.91787E-5 8.4538E-5 8.03817E-5 7.99763E-5 7.40981E-5 6.39244E-5 5.61353E-5 6.9955E-5 8.68752E-5 9.78527E-5 9.60016E-5 8.23142E-5 1.02067E-4 1.26642E-4 1.20476E-4 9.95562E-5 7.31702E-5 6.96796E-5 7.95894E-5 8.22237E-5 1.03071E-4 1.2716E-4 1.42679E-4 2.17522E-4 1.86664E-4 1.77184E-4 2.12017E-4 2.3174E-4 2.14495E-4 2.36531E-4 2.24604E-4 2.53846E-4 2.947E-4 2.46817E-4 1.90722E-4 1.78857E-4 1.84223E-4 1.72127E-4 1.10252E-4 6.57896E-5 6.6407E-5 1.11738E-4 1.44515E-4 2.14056E-4 2.39355E-4 2.86217E-4 2.83693E-4 2.29795E-4 1.77247E-4 1.79684E-4 1.44591E-4 1.1481E-4 7.63049E-5 6.49455E-5 6.41804E-5 4.54154E-5 3.70026E-5 3.10863E-5 2.9568E-5 2.32288E-5 1.32094E-5 1.07602E-5 1.39566E-5 8.17532E-6
9.45941E-5 1.29397E-4 1.25105E-4 9.44141E-5 7.21342E-5 5.68757E-5 5.38823E-5 4.75399E-5 6.01559E-5 7.89362E-5 1.03114E-4 1.31648E-4 1.14598E-4 9.17209E-5 1.02387E-4 1.2831E-4 1.13034E-4 9.08501E-5 7.12235E-5 8.45386E-5 9.89077E-5 1.04722E-4 1.15954E-4 1.13406E-4 1.26075E-4 1.4326E-4 1.39606E-4 1.77022E-4 1.78139E-4 1.86847E-4 1.85794E-4 2.10276E-4 3.05988E-4 3.44709E-4 3.36566E-4 2.74244E-4 2.16913E-4 1.90694E-4 1.4142E-4 1.17669E-4 1.18459E-4 1.04772E-4 7.07898E-5 8.29555E-5 1.52699E-4 2.47922E-4 2.52881E-4 3.1664E-4 3.99055E-4 4.08594E-4 3.2246E-4 2.76683E-4 1.95227E-4 1.35363E-4 9.26047E-5 7.74368E-5 7.12572E-5 5.9994E-5 4.80481E-5 3.44959E-5 2.90792E-5 2.48434E-5 1.40778E-5 1.06803E-5 1.51866E-5 9.14395E-6
1.1108E-4 1.09975E-4 1.04834E-4 8.96036E-5 8.70778E-5 7.11871E-5 5.48774E-5 5.14292E-5 5.95475E-5 7.56527E-5 9.35643E-5 1.15044E-4 1.15108E-4 1.20655E-4 9.74851E-5 9.07532E-5 8.62924E-5 7.31004E-5 7.91214E-5 9.29177E-5 1.19276E-4 1.31677E-4 1.27035E-4 1.26377E-4 1.03984E-4 9.24877E-5 1.09438E-4 1.26646E-4 1.35478E-4 1.97477E-4 2.06133E-4 1.87082E-4 2.31078E-4 3.30254E-4 2.921E-4 2.33314E-4 2.01622E-4 1.44245E-4 1.14104E-4 1.2197E-4 1.38446E-4 1.42284E-4 1.0449E-4 1.31428E-4 1.87419E-4 2.27887E-4 2.71488E-4 4.42601E-4 4.67342E-4 4.0711E-4 4.02965E-4 3.50696E-4 2.95264E-4 1.97231E-4 1.24066E-4 1.0469E-4 8.15886E-5 7.17737E-5 5.51645E-5 3.93549E-5 2.79404E-5 2.35138E-5 1.59794E-5 1.09099E-5 1.02013E-5 7.12078E-6
1.38399E-4 1.07571E-4 1.15472E-4 1.32164E-4 1.15928E-4 8.84606E-5 6.90406E-5 6.8351E-5 7.25202E-5 7.39517E-5 8.33601E-5 9.93222E-5 1.24578E-4 1.13956E-4 1.11546E-4 9.49813E-5 8.62213E-5 8.91756E-5 9.61E-5 1.21266E-4 1.43781E-4 1.16378E-4 9.62408E-5 1.07682E-4 1.35272E-4 1.10822E-4 8.62639E-5 9.17687E-5 1.3279E-4 1.80831E-4 1.802E-4 1.62486E-4 1.43388E-4 1.85155E-4 1.76434E-4 1.62525E-4 1.62649E-4 1.4087E-4 1.36066E-4 1.72095E-4 1.75735E-4 1.64495E-4 1.30229E-4 1.08915E-4 1.53855E-4 2.3181E-4 3.88743E-4 6.10862E-4 7.21204E-4 4.77574E-4 3.96642E-4 3.0726E-4 3.42403E-4 2.49224E-4 2.04524E-4 1.34021E-4 1.00563E-4 7.94543E-5 6.217E-5 4.34133E-5 3.17493E-5 2.32468E-5 1.73861E-5 1.26865E-5 9.91986E-6 6.22081E-6
1.02029E-4 8.8204E-5 1.12834E-4 1.32513E-4 1.13431E-4 9.06158E-5 8.95191E-5 8.30819E-5 9.58804E-5 9.98451E-5 9.82302E-5 1.19918E-4 1.05255E-4 1.11277E-4 1.24536E-4 9.91312E-5 1.11544E-4 1.20779E-4 9.70167E-5 1.21978E-4 1.21228E-4 1.23535E-4 9.53929E-5 1.07795E-4 1.21992E-4 1.04083E-4 9.3029E-5 1.03146E-4 1.01247E-4 1.20275E-4 1.19927E-4 1.05075E-4 9.41976E-5 1.09501E-4 1.50634E-4 1.74052E-4 1.8404E-4 1.41863E-4 1.74254E-4 2.26649E-4 2.31068E-4 2.44822E-4 1.87326E-4 1.41486E-4 1.85843E-4 2.28961E-4 3.34433E-4 5.614E-4 8.35925E-4 6.09673E-4 3.5917E-4 3.53168E-4 4.37168E-4 3.10992E-4 2.52211E-4 1.93232E-4 1.34277E-4 9.84618E-5 6.85247E-5 5.71427E-5 4.26436E-5 3.17843E-5 2.27603E-5 1.59439E-5 1.24108E-5 7.53041E-6
6.56015E-5 7.98271E-5 9.03864E-5 1.15657E-4 1.19855E-4 1.12778E-4 1.11549E-4 9.04806E-5 1.18788E-4 1.2168E-4 9.64467E-5 1.11024E-4 1.00192E-4 1.01244E-4 1.12844E-4 1.32397E-4 1.1199E-4 1.16838E-4 9.3634E-5 1.15379E-4 1.43796E-4 1.1581E-4 9.7687E-5 1.267E-4 1.31444E-4 1.29499E-4 1.14017E-4 1.34078E-4 1.1226E-4 9.86131E-5 9.20352E-5 7.78042E-5 8.22903E-5 1.02213E-4 1.30229E-4 1.60343E-4 2.10829E-4 1.97101E-4 2.3295E-4 2.53622E-4 2.50209E-4 2.30557E-4 2.09121E-4 1.80305E-4 2.46041E-4 3.02145E-4 3.7067E-4 4.45161E-4 6.328E-4 5.56552E-4 4.28137E-4 3.84122E-4 5.01124E-4 3.65058E-4 2.22842E-4 2.03412E-4 1.51383E-4 1.22679E-4 9.27093E-5 7.29701E-5 5.14168E-5 3.90316E-5 2.92915E-5 2.32027E-5 -9999 -9999
7.25645E-5 9.49429E-5 1.24441E-4 1.03042E-4 9.23207E-5 1.05811E-4 1.04236E-4 8.37056E-5 9.52486E-5 1.01679E-4 1.05705E-4 8.51167E-5 7.84635E-5 1.02714E-4 1.23081E-4 1.10769E-4 1.20521E-4 1.11345E-4 1.27143E-4 1.1039E-4 1.34141E-4 1.14326E-4 1.01094E-4 1.27594E-4 1.14371E-4 1.17197E-4 1.03413E-4 1.14443E-4 1.12679E-4 1.25113E-4 1.0294E-4 1.00472E-4 9.94913E-5 1.07994E-4 1.37425E-4 1.51197E-4 2.06822E-4 2.45972E-4 2.50721E-4 2.39014E-4 1.98884E-4 1.51144E-4 1.37333E-4 1.48973E-4 1.87699E-4 3.0715E-4 4.28567E-4 4.41214E-4 5.11612E-4 4.21855E-4 3.87632E-4 3.70291E-4 4.6197E-4 4.64682E-4 2.13648E-4 1.64267E-4 1.30776E-4 1.12039E-4 8.75574E-5 7.16012E-5 5.99506E-5 5.14367E-5 4.0944E-5 3.23702E-5 -9999 -9999
8.90209E-5 8.64206E-5 9.88404E-5 8.93462E-5 7.20825E-5 7.77031E-5 7.67609E-5 6.68604E-5 8.69807E-5 1.13365E-4 1.1518E-4 9.91042E-5 1.07981E-4 9.16923E-5 8.82267E-5 1.12236E-4 1.33868E-4 1.21105E-4 1.23358E-4 1.1383E-4 1.05396E-4 1.0353E-4 1.14494E-4 1.03208E-4 1.1153E-4 1.06787E-4 8.65479E-5 8.73117E-5 1.09724E-4 1.17183E-4 1.12841E-4 1.2518E-4 1.22719E-4 1.05369E-4 1.49144E-4 1.41275E-4 1.54492E-4 2.34634E-4 2.72642E-4 2.33824E-4 2.58379E-4 2.24866E-4 1.57041E-4 1.5682E-4 2.04468E-4 2.46553E-4 2.85265E-4 3.49359E-4 4.75773E-4 3.90207E-4 3.8069E-4 3.63094E-4 4.74646E-4 5.53398E-4 3.04489E-4 1.71877E-4 1.67054E-4 1.21725E-4 7.54405E-5 5.76596E-5 5.83409E-5 5.64228E-5 4.16316E-5 2.80547E-5 2.35098E-5 -9999
8.85661E-5 9.35275E-5 1.10128E-4 9.42548E-5 8.30213E-5 6.98776E-5 5.7389E-5 5.86952E-5 7.35979E-5 8.63761E-5 9.00024E-5 1.14978E-4 1.28545E-4 9.76885E-5 7.57793E-5 9.26948E-5 1.01273E-4 9.96654E-5 1.3194E-4 1.10823E-4 1.24847E-4 1.19084E-4 1.26713E-4 1.08948E-4 1.23383E-4 1.15785E-4 9.4831E-5 1.1656E-4 1.09746E-4 9.65215E-5 1.22033E-4 1.14319E-4 1.09257E-4 1.22159E-4 1.07699E-4 1.10661E-4 1.21981E-4 1.58818E-4 1.77655E-4 2.23334E-4 3.61344E-4 4.06805E-4 2.81119E-4 2.11577E-4 2.04173E-4 1.80091E-4 1.81852E-4 3.17285E-4 5.68995E-4 5.05024E-4 4.30403E-4 4.49993E-4 4.31404E-4 3.85699E-4 2.91046E-4 2.28273E-4 2.35387E-4 1.37435E-4 8.09665E-5 5.17691E-5 4.57391E-5 4.93438E-5 3.72416E-5 2.77354E-5 3.18458E-5 -9999
7.23537E-5 9.67518E-5 1.10043E-4 1.13539E-4 1.09906E-4 8.32548E-5 6.20785E-5 4.75274E-5 5.79336E-5 6.21551E-5 7.14755E-5 8.84857E-5 9.2916E-5 8.23087E-5 8.21127E-5 1.01062E-4 1.17289E-4 1.02103E-4 9.71033E-5 9.19046E-5 9.48177E-5 1.18908E-4 1.21787E-4 9.7059E-5 9.22308E-5 9.9843E-5 1.21811E-4 1.22919E-4 1.11934E-4 8.56022E-5 9.41144E-5 1.02806E-4 1.07586E-4 1.21239E-4 1.08636E-4 9.35441E-5 1.27104E-4 1.59898E-4 1.45482E-4 1.69096E-4 2.41481E-4 3.29342E-4 3.02417E-4 3.21683E-4 2.70932E-4 2.64402E-4 2.95673E-4 3.67782E-4 5.47216E-4 4.88438E-4 3.85894E-4 4.64007E-4 5.48409E-4 4.90203E-4 3.73565E-4 2.82265E-4 2.92947E-4 1.88835E-4 1.03838E-4 5.50388E-5 4.10269E-5 4.65075E-5 4.03011E-5 3.92556E-5 4.89248E-5 2.97141E-5
9.4244E-5 7.74184E-5 9.67634E-5 1.06706E-4 1.02106E-4 8.05116E-5 6.09347E-5 5.191E-5 6.0015E-5 7.58472E-5 9.75076E-5 1.04829E-4 8.91888E-5 7.04625E-5 9.02228E-5 1.18122E-4 1.33258E-4 1.13415E-4 9.13482E-5 7.54648E-5 8.67284E-5 1.07108E-4 1.09218E-4 1.0186E-4 1.2396E-4 1.08218E-4 1.19292E-4 1.05454E-4 8.55025E-5 8.78316E-5 1.13265E-4 1.32223E-4 9.91605E-5 8.63888E-5 8.46398E-5 8.51754E-5 9.7046E-5 1.16827E-4 1.33993E-4 1.66365E-4 1.59522E-4 1.44958E-4 2.21432E-4 3.27049E-4 2.96176E-4 2.78208E-4 3.25015E-4 3.18187E-4 3.5662E-4 3.44173E-4 3.96538E-4 4.79274E-4 4.92621E-4 4.59002E-4 4.01831E-4 3.6679E-4 3.3052E-4 2.303E-4 1.1322E-4 7.93271E-5 5.79066E-5 4.56084E-5 4.89522E-5 4.35862E-5 4.75707E-5 3.09428E-5
9.57762E-5 7.69281E-5 7.00895E-5 7.63486E-5 7.4935E-5 6.87772E-5 7.55889E-5 6.97518E-5 7.29788E-5 9.18796E-5 1.06025E-4 1.19365E-4 9.52767E-5 9.14074E-5 9.82827E-5 8.89291E-5 9.90789E-5 1.31271E-4 1.09824E-4 8.33485E-5 8.40708E-5 1.04123E-4 1.13758E-4 9.86294E-5 1.16569E-4 1.12684E-4 1.28286E-4 1.19989E-4 1.04825E-4 1.05324E-4 1.33305E-4 1.05543E-4 9.83782E-5 1.01384E-4 1.12131E-4 1.08216E-4 1.05516E-4 1.46207E-4 1.50488E-4 1.48477E-4 1.6469E-4 1.35119E-4 1.51916E-4 1.87914E-4 1.80653E-4 2.65593E-4 3.17855E-4 3.01181E-4 2.88806E-4 2.71782E-4 2.92037E-4 2.58798E-4 2.61187E-4 2.79649E-4 2.93005E-4 3.36773E-4 2.5732E-4 1.84204E-4 1.14852E-4 9.11888E-5 7.33629E-5 6.01947E-5 5.01317E-5 4.62223E-5 3.55072E-5 2.44499E-5
7.24288E-5 7.51239E-5 6.98087E-5 5.71471E-5 6.77075E-5 8.63105E-5 9.9843E-5 8.99908E-5 8.64112E-5 1.05597E-4 1.23105E-4 9.35055E-5 7.76881E-5 1.05634E-4 1.31933E-4 1.03173E-4 1.1147E-4 1.25487E-4 9.74658E-5 1.01125E-4 1.15631E-4 1.08178E-4 1.20551E-4 9.4115E-5 1.20688E-4 1.17164E-4 1.03209E-4 1.13715E-4 1.06619E-4 1.37447E-4 1.08613E-4 9.93947E-5 1.28936E-4 1.17728E-4 1.36334E-4 1.44577E-4 1.28723E-4 1.24781E-4 1.24118E-4 1.25728E-4 1.29256E-4 1.35599E-4 1.23385E-4 1.27193E-4 1.42563E-4 1.96997E-4 2.40928E-4 2.29292E-4 2.92952E-4 3.2886E-4 2.62619E-4 2.17361E-4 2.4147E-4 2.43821E-4 2.39703E-4 2.01188E-4 1.88628E-4 2.63715E-4 2.14894E-4 1.40516E-4 1.10558E-4 1.14052E-4 9.82409E-5 9.12839E-5 7.62785E-5 3.7418E-5
