catData/variables/pastClimate/lgm_MPI_ESM_P/bio16.asc
NCOLS 409 
NROWS 350 
XLLCORNER 60.897278365 
YLLCORNER 5.843756025 
CELLSIZE 0.0892857 
NODATA_value -9999 
[rows 175 to 199 of 350, columns 112 to 167 of 409]
316.418632109453 309.677190475972 314.747290279999 328.098805982515 343.093991253437 346.267687369816 346.886618505789 350.780096612328 359.286891640794 373.940418715954 388.160042034224 395.860294270568 408.188662149125 423.17052692 430.097345281705 -9999 -9999 -9999 -9999 509.390310863371 538.998154061009 581.394250223355 633.833020855955 690.575550849005 756.839174555055 815.468058719112 859.481288337759 888.663646356173 907.188109075725 902.846771535268 874.691431669881 825.646391154353 765.561235837964 709.16318835795 647.459297469502 584.446239987598 522.903031436227 472.493730370543 442.501588088794 426.415862987456 417.503447734749 415.783056571692 423.636630873738 442.915533676235 467.435958555343 482.927307325363 497.222856909198 511.096827068575 524.104725435573 538.371191174978 551.009452408151 569.502459427109 594.568491389515 616.353789774128 629.395506609143 615.015957740961
308.624556499127 299.439036269323 303.844636076254 313.422643360003 326.092754719297 336.763456546561 347.849141872139 359.143530538177 371.238537952941 385.44598324775 399.316435475118 411.370090773625 424.129984748862 437.732755645001 -9999 -9999 -9999 -9999 522.011044977051 549.399605821373 586.468011713465 646.662280472283 713.244658031627 774.742773839979 825.199637808646 872.200010605431 914.919236054786 941.393961450457 951.613586257674 938.971587847231 905.37833697168 846.655554485452 783.681862885183 722.664265742262 653.622882056727 577.819550864887 503.407386331923 447.808443482281 418.529086443149 406.499549661842 403.096856041398 404.522409300254 414.428195033515 441.056460856444 475.142581433608 491.041315051541 500.46143678248 512.914718403657 528.141338424899 538.647121266102 546.790623375173 561.34135187128 581.870365359397 600.704277302556 598.738921483012 581.947961478561
319.307635429288 305.914132545936 305.474399518852 310.91956141178 314.225448879794 324.52780687692 341.601695697896 358.54759446 372.735398785107 388.898130436012 404.125977135066 421.209301953294 439.568505178806 457.726862648734 -9999 -9999 -9999 -9999 570.344667225856 610.484840109043 664.424027556339 737.566061809647 796.903140724078 847.544449517462 880.789112020001 918.404360319297 967.226276441709 999.249502014453 1003.43372010797 980.184008033568 937.097511890229 873.059226648059 805.044338925876 737.14371620007 660.600469996151 564.785512511043 482.64367364168 430.645167019993 400.868092479997 389.079240736352 388.641617191497 394.713823570861 407.734633502696 435.524860976401 468.887298526707 486.383228838173 494.945965466358 508.223152071513 526.314643130004 540.755286198783 543.926026524809 548.744268965393 552.128779802654 551.275486816343 547.200036354556 546.517022586721
321.903913066845 306.509094319999 307.337866709804 305.778130180551 300.971667025844 310.637912207329 327.132630400001 347.462608496336 365.568684924167 385.333448907558 407.251563356992 430.554855271325 453.940754172827 -9999 -9999 -9999 -9999 -9999 629.451854376904 681.411792912982 743.535755966008 810.914445115128 856.791298362104 888.195022891807 909.129826743586 948.393066527915 1005.68589191106 1050.95173645533 1061.55078157991 1035.73245371642 985.767473638211 913.522536345536 830.07388362862 745.253694925054 640.108216403617 528.149741208254 454.091190653043 407.285277921942 380.16359257852 371.617642501704 375.869252078035 387.063039330607 404.102424605184 427.503553438439 452.367455355791 468.917412739757 479.529372440001 494.398920833596 515.287889586161 533.705096163783 537.812463733457 536.898910048171 531.366006661154 522.106034161295 512.969475329992 513.17733332
313.267232357665 298.960772710001 299.596283086423 289.166079226872 290.378209302812 302.43069784972 318.988901193093 340.423450855826 364.286639886029 388.324385626111 413.314485550202 440.931016971451 -9999 -9999 -9999 -9999 -9999 -9999 -9999 742.766686846465 802.583095199766 861.517119192893 908.467379057758 939.459822250369 958.206751243775 988.734269746053 1029.5824352032 1080.66084771904 1109.10975135937 1090.9354149041 1038.54879923181 960.557243610922 850.562367895788 736.173804704991 593.809556968103 486.175316341085 417.753521590124 377.174980752812 355.42870949735 351.729479372494 361.142361629643 376.79930205438 397.168303781933 420.097848562695 441.367870410519 455.161051652849 463.218850673493 476.699470672652 500.114173180003 519.821940199924 531.131943433261 536.964381935386 533.693166303375 521.169849927305 507.367565614777 501.73389625457
314.166446106085 301.278263450661 293.522270042947 286.328805475841 288.539624578636 299.235992156489 318.701814131615 342.27371559558 368.488151573956 396.12829142165 -9999 -9999 -9999 -9999 -9999 -9999 -9999 -9999 -9999 -9999 856.428036766723 916.612977694352 970.248969626419 1022.16632946982 1053.08505411591 1071.80016521984 1090.65570352482 1134.27503354156 1167.34156792001 1154.6419644993 1096.92420011262 1006.81474489194 868.879978447522 710.922792540002 557.118882754697 446.933485589783 379.253684467573 347.685946881392 333.800841771178 335.466872674285 348.88912742584 367.088603640319 390.57080917609 416.413235011215 437.436186819998 452.898281087641 461.531545360976 476.842578215444 494.263148699504 510.192367276596 526.622777671387 537.513802360344 540.06545333466 530.846605422454 520.333060555157 511.354010112163
323.016290218582 310.039434426006 300.04015108 294.52689278981 293.596481843805 302.509017305599 324.325154327502 -9999 -9999 -9999 -9999 -9999 -9999 -9999 -9999 -9999 -9999 -9999 -9999 -9999 -9999 985.013981544366 1062.70973976343 1144.74683788909 1177.62749366601 1185.5116697327 1205.36839275833 1241.5325463528 1258.94078986327 1230.86795069864 1156.33787259436 1050.93433358453 894.689735086338 706.532077391207 546.629253930491 439.686156969293 365.651443648758 333.77592502648 319.660422754399 319.71005232 335.636238822039 357.553846368185 383.9066083535 412.293722602902 434.408672106149 454.152110790227 473.539180022216 491.863142258472 501.844644310266 512.905010199659 529.646338562566 539.993963898121 546.142107811284 540.703356555387 532.431409119999 523.076449199999
335.129848643256 323.230831582657 314.187085773685 306.89340724 305.541363375741 -9999 -9999 -9999 -9999 -9999 -9999 -9999 -9999 -9999 -9999 -9999 -9999 -9999 -9999 -9999 -9999 1066.61903094359 1172.28269303911 1266.49748664204 1282.25919816884 1284.40754382792 1319.98797969203 1351.76089347803 1347.70668725139 1286.48730398254 1194.03808754795 1093.88057219034 881.545815939972 694.694382804232 561.749702639445 455.282909100716 364.085468590503 323.611055779658 312.893911354821 314.405043456567 323.888586092556 344.678298327543 370.488095810402 401.249963817489 429.068660321134 453.451363687888 475.686093820002 495.170843069698 509.630225307743 524.49240055202 538.56613472 547.030660923796 549.703573679683 546.240157676642 541.014877567134 531.969391799999
346.969700919999 336.901608702642 329.129110718676 -9999 -9999 -9999 -9999 -9999 -9999 -9999 -9999 -9999 -9999 -9999 -9999 -9999 -9999 -9999 -9999 -9999 -9999 1126.81757323364 1225.4044289298 1289.57149052517 1308.90906189702 1350.26926658527 1408.23175364147 1429.40797027436 1396.70862572306 1311.66704130958 1190.44822979582 1044.28086720432 820.265748729592 658.193320979723 581.497457449723 460.091408983546 366.474961794519 323.038234249337 294.735643299998 298.756232863157 314.378984765152 336.228793149001 362.993190025708 394.341102800004 422.700414879997 449.486194944752 474.791147942273 495.556988499249 513.11638934792 533.223614446005 550.419783036625 554.430979266702 551.895569287206 546.470733592497 540.068704638893 530.001326871539
-9999 -9999 -9999 -9999 -9999 -9999 -9999 -9999 -9999 -9999 -9999 -9999 -9999 -9999 -9999 -9999 -9999 -9999 -9999 -9999 -9999 -9999 1253.19515249285 1320.07585950774 1368.83201663112 1427.32914914178 1466.9197087359 1451.98212088775 1380.47230053068 1259.43268116336 1127.5402512491 955.586147651898 758.016139178257 611.645499115554 504.753322818525 407.888170429555 331.898312929447 297.427187449997 285.696355573266 290.979874320139 307.74069251646 329.85629124555 356.611095180004 386.26395421459 417.267185278264 447.308466120005 472.58853907126 492.874489730689 512.102850047012 530.930861723298 544.785028440353 548.619514088068 546.803419274004 542.078310788604 535.48482872523 526.850330131305
-9999 -9999 -9999 -9999 -9999 -9999 -9999 -9999 -9999 -9999 -9999 -9999 -9999 -9999 -9999 -9999 -9999 -9999 -9999 -9999 -9999 -9999 1282.40734534075 1358.38274861933 1417.02035113589 1469.35955768469 1493.27349573815 1455.58814505619 1362.0293287964 1221.53131437045 1031.62173069527 840.903914228577 697.088132988797 572.798800973334 467.830540926885 382.583295900002 325.994929889118 289.201348171078 282.215402041803 289.034771326393 304.225701133176 324.507392499998 350.854472688961 381.578130637934 414.099589635887 445.542640428984 471.091311562028 492.722893059999 510.850357032995 526.655402100001 536.339900778035 541.933959087076 544.543283503869 542.438344547121 537.319295961903 534.046179703777
-9999 -9999 -9999 -9999 -9999 -9999 -9999 -9999 -9999 -9999 -9999 -9999 -9999 -9999 -9999 -9999 -9999 -9999 -9999 -9999 -9999 1205.38579304007 1302.86305110164 1378.7383846933 1442.37886763991 1494.52251048794 1509.86929594177 1459.091398024 1343.98031968333 1156.87590286797 963.694614087001 784.289387101296 656.601929937368 546.819376580098 453.022691590385 390.397494511309 338.775035244177 308.94814758517 291.005538641519 286.635739241921 296.138483959612 314.486222357296 341.798255641032 375.199342996723 411.746066039352 446.439634652029 473.078862420003 493.021296933959 509.955031169974 523.322097417304 533.020491131587 540.090446751967 542.126076219999 539.761547253314 534.097049750941 528.186638116764
-9999 -9999 -9999 -9999 -9999 -9999 -9999 -9999 -9999 -9999 -9999 -9999 -9999 -9999 -9999 -9999 -9999 -9999 -9999 -9999 -9999 1208.92486043919 1302.99386575925 1387.23635274118 1470.4124091381 1541.43405137221 1540.78461649259 1471.02264061757 1337.11929561779 1140.30739422091 914.866383245683 734.531265624084 597.093247809342 511.427650737814 449.806976085311 402.762936264614 364.143069389022 343.212562642197 308.157436207446 289.450156855041 289.574927041039 302.903418755197 331.359966845066 370.207453346341 411.007168563062 447.256989130873 474.686093820002 494.242382519999 508.531082795898 519.190656092628 525.790661413653 528.985309083968 529.121119804994 525.737987675671 517.864487043009 513.787468350349
-9999 -9999 -9999 -9999 -9999 -9999 -9999 -9999 -9999 -9999 -9999 -9999 -9999 -9999 -9999 -9999 -9999 -9999 -9999 -9999 1112.35786414291 1208.03881031955 1312.05955731729 1408.52997813709 1509.17224288909 1586.54261145497 1579.42618809795 1488.71913437748 1333.05105098749 1127.02774703553 890.134978768252 697.861942579129 538.314677773773 439.682046017831 386.601314968775 355.09596880122 334.798974418379 318.606919427241 301.810254633145 288.248315650743 286.23330760056 296.219004721111 322.871013864433 366.556818408412 413.939822181085 450.09987673008 475.794131697192 496.114820195848 508.320537640738 514.25559906795 518.706827574963 519.349684216 516.187353174026 510.386228894077 501.75760660192 497.126670939999
-9999 -9999 -9999 -9999 -9999 -9999 -9999 -9999 -9999 -9999 -9999 -9999 -9999 -9999 -9999 -9999 -9999 -9999 -9999 -9999 1123.50715439743 1228.90820938762 1345.18797798381 1453.12714314084 1554.50197079106 1625.39511684174 1616.43674177229 1541.66822238001 1394.56738625224 1168.10692989405 897.95274467821 680.318463645394 507.927646855184 396.521241593315 347.037082659992 315.727606464119 298.312635586416 287.575847142179 280.440924699555 280.711069996575 287.598953662157 298.962084334379 321.612963455337 364.121883654644 410.935468764613 450.257706616868 480.187884372112 503.079242887174 508.220038633901 508.947210228184 509.535087481615 506.992637702017 502.537859254303 495.855366258854 488.06172542493 484.319885470245
-9999 -9999 -9999 -9999 -9999 -9999 -9999 -9999 -9999 -9999 -9999 -9999 -9999 -9999 -9999 -9999 -9999 -9999 -9999 -9999 1160.40388793607 1306.42473792255 1415.67668716059 1551.32434178184 1676.29770171569 1742.73882509734 1688.64026971889 1603.98548484688 1454.86941911997 1212.11639069891 933.607691002344 677.321567024741 483.8129966157 372.272069748912 322.384488367801 289.327607584528 270.339982721246 263.757528875084 263.264909135945 269.917646777192 280.214861208125 295.383299869685 318.912095856879 355.621252915709 398.573966872498 441.880398148986 480.278036114685 505.813377771588 497.425917843427 498.509336407896 495.473631257025 491.897013547964 487.877659415622 483.320881394525 478.313000355612 475.505211559456
-9999 -9999 -9999 -9999 -9999 -9999 -9999 -9999 -9999 -9999 -9999 -9999 -9999 -9999 -9999 -9999 -9999 -9999 -9999 -9999 1194.99036102812 1349.41706467624 1493.0872433179 1639.12488464973 1773.5381461816 1893.20541343871 1806.02626008654 1695.92304950331 1573.28568359817 1321.47734815854 1038.40531590003 737.32934268149 488.290289692745 380.091190468627 319.997914497563 279.720886490985 256.479633262121 248.525231365126 250.46157188 260.485626626741 272.137123862676 284.194347642781 306.458428210918 339.907033489527 380.40246860679 423.602842377662 464.505295594308 490.109750633691 479.121471793763 475.624622486077 474.310301747044 474.344424341025 471.432917073879 469.573838439628 468.731808431496 467.001542239999
-9999 -9999 -9999 -9999 -9999 -9999 -9999 -9999 -9999 -9999 -9999 -9999 -9999 -9999 -9999 -9999 -9999 -9999 -9999 1187.12662114546 1261.82336894269 1386.93295409779 1544.06098444182 1696.74066748117 1835.74247112114 1981.949393581 1926.64948392345 1824.63407130462 1753.45558859852 1509.75800195603 1218.3957345706 891.52985062852 602.528102507999 439.641147959496 349.290161331696 286.37071049462 250.244005413061 237.759090496143 238.207744123701 245.946576185342 257.012700580001 270.352896805148 290.538496389355 323.154785809621 360.829722384354 400.219029870782 436.083785577515 458.851581261116 456.104855014575 444.455926904621 444.73269884967 449.421622135682 451.45781033129 453.693273957655 457.186060707381 459.198289045693
-9999 -9999 -9999 -9999 -9999 -9999 -9999 -9999 -9999 -9999 -9999 -9999 -9999 -9999 -9999 -9999 -9999 -9999 -9999 1282.86665474381 1357.07944733142 1451.46724373532 1618.21477698486 1782.08059086954 1899.83285196892 1987.9514920983 1988.8455877659 1939.10044526445 1970.72549265021 1803.7946271805 1501.44596685538 1109.79858529206 756.214940618604 534.955331261417 398.014658966532 299.036317053506 248.078248112411 229.492509378896 227.081312158209 232.46098676 243.061403272137 258.519639422754 279.911546206754 309.937601520025 343.827397176149 376.833529098118 404.289766557298 420.401202532951 423.321288502246 418.12922209858 420.451072081664 426.754529708957 433.458030578305 439.425576900392 446.783169783266 455.190031700054
-9999 -9999 -9999 -9999 -9999 -9999 -9999 -9999 -9999 -9999 -9999 -9999 -9999 -9999 -9999 -9999 -9999 -9999 -9999 -9999 1418.85743376009 1467.59062510253 1618.86031810497 1822.99964052263 1981.13331240779 2038.29160136658 2035.43878771492 2045.25556776002 2060.64161367815 2023.07337045416 1775.85399223996 1262.69811324467 876.219069773403 681.546944923316 481.498274816949 326.943441624743 251.444515032263 224.953316376522 218.633359992716 222.526665229411 233.518640237536 249.563104479998 271.524127960002 298.999456603254 328.01301255339 354.952943821858 373.402978123926 383.869202592319 391.281288291075 396.412682860216 402.682014841001 411.056534847895 419.010249019105 426.00293576784 434.220897485213 443.210966536531
-9999 -9999 -9999 -9999 -9999 -9999 -9999 -9999 -9999 -9999 -9999 -9999 -9999 -9999 -9999 -9999 -9999 -9999 -9999 -9999 1371.73824345861 1458.03751933208 1651.51498522848 1855.37602358241 1996.14650008 2072.72279904265 2092.96024406775 2078.37856641243 1987.51683043781 1974.93279352473 1644.76765454391 1235.91203007189 913.475079180265 703.947179200203 491.710528734059 314.110490065391 243.387780428255 221.220725533112 214.048129263612 216.68140168034 226.831986277068 242.056169353792 261.770140791562 285.407956668989 311.256002047945 326.662056245603 336.958417832867 351.205872980923 365.645633074718 378.237717674356 389.239022135666 398.781315120002 407.306383202213 413.74059588903 419.548352593726 427.878166252032
-9999 -9999 -9999 -9999 -9999 -9999 -9999 -9999 -9999 -9999 -9999 -9999 -9999 -9999 -9999 -9999 -9999 -9999 -9999 -9999 1374.25761104537 1468.83184477686 1684.37546311893 1903.47830181881 1994.95916256627 2073.51401300447 2131.43058839387 2071.63249767181 1923.68205374587 1776.55300434942 1589.62058301058 1206.05904471898 904.77711800476 634.671558579353 417.863110834356 296.554862857699 241.185196480262 217.511306530463 209.368910230866 212.462672537468 221.987657363335 236.420655199999 252.779024689871 268.671310962942 282.883228819212 284.816873486332 295.785424831181 321.924873638717 344.36311363592 364.266752883655 379.856093008661 390.232223696071 398.33583886 404.6583565 410.0154985 418.29903002
-9999 -9999 -9999 -9999 -9999 -9999 -9999 -9999 -9999 -9999 -9999 -9999 -9999 -9999 -9999 -9999 -9999 -9999 -9999 -9999 1405.44720852895 1524.67140994966 1719.07067979053 1886.14154616125 1973.3268756031 2083.71871886836 2139.05028383419 1981.45532761099 1850.56460521438 1705.17921649414 1463.14953868584 1218.67834283598 909.790939288474 651.814938171959 462.042481010856 354.673655951524 297.630455079021 241.505087203063 218.210266530601 214.948459995357 218.359953131338 229.626509740681 243.593443148831 253.250716290932 258.187565120497 258.635609973455 273.821754998582 303.614613086079 330.846811200002 352.259103651208 370.647890272994 382.586098617844 392.236655644848 400.767819942322 408.633351053401 416.147377674747
-9999 -9999 -9999 -9999 -9999 -9999 -9999 -9999 -9999 -9999 -9999 -9999 -9999 -9999 -9999 -9999 -9999 -9999 -9999 -9999 1434.03074319114 1537.39148093977 1728.07609466404 1916.82402378834 1947.01768933331 1985.82297110543 2009.80524249257 1962.74992348482 1820.18553728934 1651.76392857037 1452.14267350227 1202.16006119676 897.249873359115 769.035197168866 527.331549320733 375.790775708534 292.249875047714 245.693058239321 217.342315250747 212.326219393121 215.158470960869 223.998786694462 235.372669952727 242.905429707671 247.563646496286 256.083665420794 272.062027882057 297.781580975097 323.09555850854 342.707038310595 359.76064942 374.362495187828 387.426515024664 398.821367695256 407.621182860001 415.774461394152
-9999 -9999 -9999 -9999 -9999 -9999 -9999 -9999 -9999 -9999 -9999 -9999 -9999 -9999 -9999 -9999 -9999 -9999 -9999 -9999 1476.37440158008 1592.24569249223 1711.73348702686 1798.38429785234 1893.86068771466 1994.49807646704 2040.37940724811 1979.266572957 1842.98063963048 1668.64773402565 1461.51671696864 1103.8797045756 809.365437630784 596.199487182926 441.07777815806 366.885195979664 281.997984632366 237.548857377426 218.860640783139 211.630656064292 212.728045897346 218.173229226889 227.077687801691 237.182221361078 244.75932021309 253.145570477719 270.319408995973 292.724373372478 316.0430454395 333.436078898256 349.836512340649 365.438721700002 381.510147700001 396.477657736063 406.82656305857 413.856232433222
