catData/variables/pastClimate/lgm_MPI_ESM_P/bio11.asc
NCOLS 409 
NROWS 350 
XLLCORNER 60.897278365 
YLLCORNER 5.843756025 
CELLSIZE 0.0892857 
NODATA_value -9999 
[rows 130 to 155 of 350, columns 58 to 115 of 409]
16.25891817 -9999 -9999 16.1907479685732 16.0301812104444 15.9756472169825 15.844744954 15.6217020586081 15.2829083824035 14.7271061819999 14.253992888047 14.474545907579 14.7602533919239 14.2066211055203 13.9119801732983 13.5592584770293 13.6194494155322 14.071315696 14.2715375532866 14.5003205107603 14.8024236841579 14.9642910657427 15.098386667386 15.220495688 15.4646416648714 15.612439958 15.63927878 15.5346578925146 15.34903683369 15.217906852 15.110764012 15.003621172 14.896478332 14.789335492 14.6895469629181 14.6305216588772 14.6094794586726 14.5526874835321 14.51963939 14.51963939 14.51963939 14.432192772 14.41963939 14.51963939 14.528514528 14.6325115348305 14.7045486433742 14.71963939 14.7497316242165 14.844589338 14.951732178 15 15.066017858 15.1143683148069 15.1354105150116 15.1564527152163 15.5001215511581 15.7227633403744
-9999 -9999 -9999 -9999 -9999 -9999 15.951887794 15.6810698441092 15.2551907337281 14.6892960375653 14.6869826888054 14.9678303962799 14.8016519007679 13.9656456916586 13.897487808496 13.8557613145894 14.0022193671467 14.258819146 14.4900630118987 14.6918838760613 14.805616975552 15.1279040136134 15.3431746165493 15.458318572576 15.6430393377493 15.7803492130373 15.8 15.6485265026373 15.532192532 15.325049692 15.217906852 15.110764012 15.003621172 14.896478332 14.82678223 14.782192652 14.6889049071733 14.6377963529893 14.62678223 14.62678223 14.6482893725226 14.566117842 14.55356446 14.62678223 14.633280408128 14.7042899717093 14.7437400644534 14.8 14.8100290072213 14.8594295489414 14.951732178 15.0157680427333 15.092800088 15.199942928 15.307085768 15.4376486980826 15.61740979408 15.8289781717573
-9999 -9999 -9999 -9999 -9999 -9999 -9999 15.7592354912208 15.3106188298596 14.9194409213181 15.0549245424011 15.1273150231915 14.6984787099999 14.1643168796284 14.007185272 14.1046529198506 14.276725758 14.3944527829106 14.5723901794406 14.7108186621176 14.8975273430013 15.2864924670307 15.4505570471213 15.6037994799094 15.766018338 15.8 15.8 15.712553142 15.605410302 15.432192532 15.3220387138007 15.1894159736692 15.110764012 15.003621172 14.9212212379208 14.8705374675492 14.8163748109808 14.7610982144892 14.73392507 14.73392507 14.7869857351009 14.7422197083691 14.7018355301609 14.73392507 14.7309141732209 14.716017978 14.8078573237191 14.83392507 14.858667817341 14.915126964129 14.985657248 15.092800088 15.199942928 15.307085768 15.414228608 15.608817826 15.760603746419 15.9373891860001
-9999 -9999 -9999 -9999 -9999 -9999 -9999 15.9145954719999 15.384445886018 15.2378404023747 15.3809900234111 15.221583656 14.8714637416064 14.542998256 14.410749612 14.424936508 14.5247892863757 14.557086368 14.6927647910525 14.9302935017598 15.194476754 15.4530033496746 15.510580773428 15.6345833774693 15.7799738963667 15.830045766736 15.8080887281614 15.712553142 15.605410302 15.498267462 15.3858941762492 15.2344895626482 15.176838942 15.069696102 14.9779318546598 14.9227559022376 14.8695130048651 14.84106791 14.84106791 14.84106791 14.8080888267243 14.8 14.7442564554809 14.8 14.7947696956862 14.757085888 14.8547170641085 14.9124450789941 14.94106791 14.985657248 15.092800088 15.199942928 15.307085768 15.414228608 15.5543504327127 15.7211161761847 15.930246346 16.0445320260001
-9999 -9999 -9999 -9999 -9999 -9999 -9999 16.0539568533871 15.6142503506127 15.5807384094265 15.5809761468137 15.3639981643284 15.216117242 14.976239107799 14.9412473490687 14.7438588721911 14.686845379995 14.5986981829609 14.9037787355734 15.1595238424217 15.3907089650539 15.592800568 15.64821075 15.737577426848 15.8 15.8378896253774 15.8102004013579 15.712553142 15.605410302 15.498267462 15.391124622 15.283981782 15.1880050617697 15.117906852 15.04821075 15.003621172 14.9232701632891 14.9 14.9 14.9 14.819696222 14.8 14.8 14.8 14.8042787705933 14.8565063406714 14.9 14.930303658 15.0180532375345 15.0713032337302 15.151732178 15.2872591057405 15.414228608 15.521371448 15.708817826 15.835657128 16.037389186 16.1508398278478
-9999 -9999 -9999 -9999 -9999 -9999 -9999 16.1510963036582 15.9087887374919 15.822763755378 15.7045064969899 15.5495282253579 15.430402922 15.3326232001876 15.2589275186147 15.0062824691702 14.7670801931861 14.9232334621718 15.1466890879336 15.3401987556985 15.5648728893305 15.699943408 15.75535359 15.7816393862266 15.8 15.8 15.8 15.712553142 15.605410302 15.498267462 15.391124622 15.292848440717 15.242533112915 15.169696102 15.1 15.0800923541888 15.0322569225568 14.9781176110752 14.95535359 14.9148563843393 14.8641472460286 14.8069487476034 14.8 14.8009588891325 14.8593160204996 14.9 14.9128203442364 14.985657248 15.0720721070277 15.1246817993402 15.207085768 15.3405141899239 15.5025611124441 15.628514288 15.77150977482 15.935851087548 16.0921734980841 16.257085648
-9999 -9999 -9999 -9999 -9999 -9999 16.4094718347686 16.210819884 16.0935278471566 16.0654087863862 15.983967142 15.7853777532252 15.644688602 15.5703415456114 15.4324318883892 15.3458703103898 15.1313437888287 15.3550257531731 15.5443297616084 15.6537769828232 15.6765403836071 15.744589818 15.8 15.8 15.8 15.8 15.7498128556034 15.650056712 15.6020290563978 15.498267462 15.396671416399 15.3424748012008 15.2288173464002 15.1886349564008 15.1390935555985 15.1 15.1 15.0779196764033 15.0212374755961 14.926839062 14.9 14.8672043964057 14.86249643 14.863146103593 14.9055466444076 14.96249643 14.9711825635912 15.030303658 15.12340272441 15.207085768 15.314228608 15.421371448 15.594532146 15.735657128 15.842799968 16.037389186 16.157085648 16.3028145324156
-9999 -9999 -9999 -9999 -9999 -9999 -9999 16.4432549966513 16.463902835483 16.47855708 16.3665636462164 16.089433556 15.8726902529499 15.8127289626834 15.714327872 15.705452254 15.517793428 15.6346629095671 15.7766712091503 15.790799442483 15.76963927 15.7831770642505 15.8 15.8 15.8 15.8 15.6637728500841 15.6038112255491 15.6 15.4298347188157 15.4 15.3791185340822 15.26963927 15.2485358566512 15.188630896982 15.1385874133847 15.1 15.0589997001182 15.0103171535151 14.926839062 14.9 14.9 14.9 14.9012063596814 14.978514408 15.058484467052 15.0161290245812 15.099942928 15.1810083001522 15.275641027481 15.421371448 15.528514288 15.6557006316192 15.773160698 15.9362263356474 16.144532026 16.3300997289139 16.4415364634529
-9999 -9999 -9999 -9999 -9999 -9999 -9999 -9999 -9999 -9999 -9999 -9999 16.0778328977122 15.9864204930218 15.882192172 15.87597748102 15.8324070612241 15.8449840579163 15.8 15.8 15.8 15.8 15.7602785736285 15.72321789 15.72321789 15.72321789 15.6242689734352 15.6 15.527372034033 15.475451830767 15.3931852975011 15.3194987977648 15.3 15.2929640742966 15.2480297144374 15.1896472408285 15.1370608679056 15.041124742 15 14.9830135738922 14.97678211 14.97678211 14.97678211 14.978514408 15.0788427297782 15.1085799049755 15.1589416732464 15.207085768 15.3055343212855 15.4085062614486 15.528514288 15.635657128 15.742799968 15.9061171356151 16.1141712960001 16.261313801853 16.3933329485871 16.578514168
-9999 -9999 -9999 -9999 -9999 -9999 -9999 -9999 -9999 -9999 -9999 -9999 -9999 16.023087918727 15.9847946201715 15.9 15.9 15.883981542 15.8 15.8 15.8 15.8 15.748267342 15.7 15.7 15.6385995179441 15.6031661389545 15.6 15.505410302 15.4157965436502 15.391124622 15.3 15.3 15.2745674687554 15.2414826242863 15.2465031689583 15.148267582 15.0905357728389 15.0285192942625 15 15.0673949055346 15.0105354195668 15 15.0842034177697 15.1074484551289 15.1864998479725 15.2194377049261 15.314228608 15.421371448 15.528514288 15.6790733325204 15.826724918 15.933867758 16.0527712167839 16.1771373218853 16.3608357070133 16.478514168 16.601732058
-9999 -9999 -9999 -9999 -9999 -9999 -9999 -9999 -9999 -9999 -9999 -9999 -9999 16.1390368948645 16.004926823901 15.9 15.8919171708385 15.8075014076927 15.8 15.8 15.8 15.7593930381824 15.7043113403489 15.7 15.6398785585887 15.6023972999426 15.6 15.6 15.505410302 15.4 15.3992072325987 15.37648035287 15.3 15.2972931921925 15.2603106945526 15.2049493752549 15.1953791517862 15.1374513936826 15.0941031248486 15.09106779 15.0982406920889 15.0921890844423 15.09106779 15.19106779 15.199942928 15.29106779 15.314228608 15.421371448 15.528514288 15.635657128 15.794532146 15.949942808 15.9969646437141 16.1397865288172 16.271371328 16.3863250621204 16.494589218 16.601732058
-9999 -9999 -9999 -9999 -9999 -9999 -9999 -9999 -9999 -9999 -9999 -9999 -9999 -9999 16.005410062 15.9 15.891124382 15.8 15.8 15.7702381151541 15.70178937 15.7009914931736 15.7 15.7 15.633981662 15.6 15.6 15.514117889843 15.5000968103209 15.4965090935152 15.4 15.3997133748126 15.3754640090235 15.3 15.2993299393043 15.2544189245319 15.149193266368 15.1585576355919 15.19821063 15.1263588118763 15.1 15.1 15.1 15.2017013007793 15.2983694390568 15.3157313571071 15.421371448 15.528514288 15.635657128 15.742799968 15.8508684880735 15.958875018 16 16.0744698135818 16.2609595185821 16.387446378 16.494589218 16.6034331230738
-9999 -9999 -9999 -9999 -9999 -9999 -9999 -9999 -9999 -9999 -9999 -9999 -9999 -9999 16.016230186 15.8999072362496 15.8862460655469 15.7991424566565 15.77272516514 15.7 15.7 15.7 15.7 15.641124502 15.6 15.6 15.6 15.6 15.505410302 15.4999072490979 15.4862462926986 15.4 15.4 15.4 15.362553262 15.2577975116813 15.20535347 15.20535347 15.20535347 15.20535347 15.20535347 15.20535347 15.2948791097428 15.301732298 15.4004751278503 15.421371448 15.528514288 15.6340348307601 15.737446498 15.844589338 15.8510372886296 15.687603434 15.8658906557774 16.0770773340192 16.265960546 16.392799848 16.499942688 16.701732058
-9999 -9999 -9999 -9999 -9999 -9999 -9999 -9999 -9999 -9999 -9999 -9999 -9999 -9999 16.0050859922375 15.8859874453105 15.7988908752603 15.7734869481689 15.7 15.7 15.7 15.6944279181143 15.6939683633149 15.641124502 15.6 15.6 15.6 15.6 15.505410302 15.4984839653193 15.41249631 15.41249631 15.409602032393 15.4 15.3672327224654 15.31249631 15.3060316666762 15.307357234753 15.3042464838178 15.3 15.3 15.3109276004698 15.31249631 15.314228608 15.4202623832426 15.516017978 15.623160818 15.703786839045 15.749942808 15.8515136260966 15.9064646133326 15.8168178882855 15.9315392216179 16.1621716283798 16.3630684069506 16.487446378 16.594589218 16.701732058
-9999 -9999 -9999 -9999 -9999 -9999 -9999 -9999 -9999 -9999 -9999 -9999 -9999 -9999 -9999 15.8 15.791124382 15.7 15.6954513179438 15.68036085 15.68036085 15.6445280932417 15.6415728036964 15.6330479993655 15.6 15.6 15.6 15.6 15.5239869146748 15.5192988942634 15.5 15.5 15.4813875769222 15.41963915 15.4122849289541 15.4 15.3584273891696 15.3669518077685 15.333981902 15.3 15.3 15.387446618 15.4 15.401732298 15.5 15.516017978 15.623160818 15.730303658 15.837446498 15.9 15.9618919380357 16.078514168 16.1726916618406 16.2875288372213 16.3841717557169 16.487446378 16.594589218 16.701732058
-9999 -9999 -9999 -9999 -9999 -9999 -9999 -9999 -9999 -9999 -9999 -9999 -9999 -9999 15.8455243934724 15.8 15.791124382 15.7 15.676838702 15.6 15.6 15.6 15.6 15.6 15.6 15.6 15.6 15.6 15.6 15.5987314701539 15.52678199 15.5224919924571 15.5 15.5 15.462553262 15.411941976321 15.4129270189845 15.4 15.333981902 15.3195939550991 15.3052750402064 15.387446618 15.4 15.401732298 15.5023769385716 15.5385100347338 15.623160818 15.730303658 15.837446498 15.9119419120442 16.0025365325225 16.132093028 16.1908989061278 16.3267275051777 16.4162317810336 16.4908084877887 16.594589218 16.701732058
-9999 -9999 -9999 -9999 -9999 -9999 -9999 -9999 -9999 -9999 -9999 -9999 -9999 -9999 -9999 15.7994121580092 15.757199552 15.66607517 15.6507713029723 15.6 15.6 15.6 15.6 15.6 15.6 15.6 15.6272430015897 15.6042586320832 15.6 15.6 15.6 15.5894159352255 15.53392483 15.53392483 15.496478092 15.4633874694658 15.4658177168614 15.4139514988114 15.3563784295157 15.3822660441571 15.319696222 15.268782152011 15.2963899928244 15.401732298 15.508875138 15.6054340718059 15.6492283798669 15.730303658 15.837446498 15.944589338 16 16.078848267769 16.199942688 16.307085528 16.4672890672496 16.5296660350777 16.628514048 16.701732058
-9999 -9999 -9999 -9999 -9999 -9999 -9999 -9999 -9999 -9999 -9999 -9999 -9999 -9999 -9999 -9999 15.691124382 15.6 15.6 15.6 15.6 15.6 15.6 15.6 15.6 15.6 15.680304018 15.6484655290688 15.6022218849714 15.6007115129885 15.6374227590517 15.6065783089081 15.631555963132 15.6 15.5779317647876 15.5227557692526 15.5 15.4653034386671 15.4139555753731 15.4 15.319696222 15.0017478574936 14.9369847286013 15.3613760424261 15.508875138 15.6028615573086 15.6083530516945 15.6195456542654 15.7860679664504 15.944589338 16 16.045214241686 16.1699268440645 16.3210707520243 16.4722146599842 16.587446378 16.6557436300962 16.701732058
-9999 -9999 -9999 -9999 -9999 -9999 -9999 -9999 -9999 -9999 -9999 -9999 -9999 -9999 -9999 -9999 -9999 15.64821051 -9999 15.6336007305191 15.6 15.6 15.6 15.6 15.6 15.6 15.680304018 15.7 15.6510124778133 15.6008972725943 15.6471929769982 15.616018218 15.6880050061832 15.64821051 15.6301572466318 15.5769072849606 15.54821051 15.5198264478544 15.433981902 15.4 15.319696222 15.0345304490311 14.9440482843241 15.3508399562995 15.508875138 15.599426719771 15.5955920989559 15.6242302598591 15.7726542186741 15.9660860852554 16.04821051 16.0461033848808 16.1448396999671 16.3074712703746 16.4701028407822 16.587446378 16.6 16.7025670919953
-9999 -9999 -9999 -9999 -9999 -9999 -9999 -9999 -9999 -9999 -9999 -9999 -9999 -9999 -9999 -9999 -9999 -9999 -9999 -9999 -9999 -9999 -9999 15.6 15.6 15.6404971629225 15.6912064038524 15.7 15.7 15.6 15.5901743619037 15.4964448977267 15.5595807929969 15.6614208727236 15.6832812859487 15.65535335 15.626717723601 15.541124742 15.4705251308493 15.4148563199256 15.319696222 15.2219160290494 15.2529377242502 15.401732298 15.508875138 15.616017978 15.723160818 15.8167740898755 15.892799848 15.9951686413484 16.073282143551 16.158875018 16.266017858 16.373160698 16.480303538 16.587446378 16.6523583009018 16.7578587138731
-9999 -9999 -9999 -9999 -9999 -9999 -9999 -9999 -9999 -9999 -9999 -9999 -9999 -9999 -9999 -9999 -9999 -9999 -9999 -9999 -9999 -9999 -9999 15.6514024938129 15.6412589459513 15.6899344191909 -9999 15.7078452354753 15.6408850426175 15.5364210397597 15.4628036370981 15.33750381 15.383825926 15.5867464896715 15.7234027845293 15.7346294026129 15.6805983722449 15.603620932 15.56249619 15.4436124531817 15.369883023676 15.3078453854661 15.3591148073917 15.464228488 15.571371328 15.678514168 15.785657008 15.8738612163194 15.937446498 16 16.051732178 16.1220803748882 16.203521668 16.310664508 16.4679939996852 16.587446378 16.694589218 16.8631457777414
-9999 -9999 -9999 -9999 -9999 -9999 -9999 -9999 -9999 -9999 -9999 -9999 -9999 -9999 -9999 -9999 -9999 -9999 -9999 -9999 -9999 -9999 -9999 -9999 15.7593218677947 -9999 15.8214522904413 15.712553142 15.5395389538329 15.4298349546576 15.397305349148 15.36963903 15.3998320098711 15.5395044553806 15.667807708 15.7478748912006 15.76963903 15.710763772 15.6236646669283 15.5555752591242 15.4274325158949 15.373450358543 15.464228488 15.5701649724761 15.608875138 15.716017978 15.823160818 15.9 15.8852917420477 15.86072194 15.8764283310429 15.9320829014475 16.072713993938 16.203521668 16.4468906509189 16.6483431874093 16.764228248 16.9012061883903
-9999 -9999 -9999 -9999 -9999 -9999 -9999 -9999 -9999 -9999 -9999 -9999 -9999 -9999 -9999 -9999 -9999 -9999 -9999 -9999 -9999 -9999 -9999 -9999 -9999 -9999 15.8545149072944 15.7796964748286 15.6602302129518 15.63034561 15.637160291198 15.6825293053579 15.5233743176674 15.453522028 15.560664868 15.6335709961865 15.64643626 15.6779720501194 15.6846718321828 15.67678187 15.577833056429 15.55356374 15.648153198 15.6781119607984 15.762438878 15.8572828149554 15.8821593788323 15.8767322847092 15.785771632 15.6547450749259 15.6490962573202 15.8272984877833 16.0827254619064 16.3061167200295 16.5328157958475 16.6845316617243 16.794589218 16.901732058
-9999 -9999 -9999 -9999 -9999 -9999 -9999 -9999 -9999 -9999 -9999 -9999 -9999 -9999 -9999 -9999 -9999 -9999 -9999 -9999 -9999 -9999 -9999 -9999 -9999 -9999 -9999 15.9049950860388 15.8687191417364 15.86784942 15.8692761627521 15.8653315170037 15.721527304 15.5472884009696 15.506019671729 15.5534969640267 15.5565837182175 15.574950548 15.505264295412 15.5710260800996 15.6705609376111 15.4637567483161 15.6061239663171 15.6192614140729 15.808875138 15.9 15.9194376493401 15.9790533090959 15.930402922 15.8535136892148 15.8957471156368 16.069524166 16.2944224081253 16.514170816 16.6610619846138 16.771371088 16.878513928 16.985656768
-9999 -9999 -9999 -9999 -9999 -9999 -9999 -9999 -9999 -9999 -9999 -9999 -9999 -9999 -9999 -9999 -9999 -9999 -9999 -9999 -9999 -9999 -9999 -9999 -9999 -9999 -9999 -9999 -9999 16.0805573200906 15.99106755 15.975049332 15.8658376420747 15.7242341845369 15.5228638962969 15.4129153917601 15.4603553732567 15.5052590029832 15.4971383828104 15.5707635522064 15.7534344611821 15.528727696 15.5079658620822 15.6018870346527 15.717807588 15.80893245 15.832093268 15.964126047802 16.0877226602894 16.0821351 16.1809785050662 16.3373366495454 16.4540499701569 16.637388946 16.771371088 16.7988786539917 16.894589218 17.001732058
-9999 -9999 -9999 -9999 -9999 -9999 -9999 -9999 -9999 -9999 -9999 -9999 -9999 -9999 -9999 -9999 -9999 -9999 -9999 -9999 -9999 -9999 -9999 -9999 -9999 -9999 -9999 -9999 16.1053134786944 16.0999689943267 16.09821039 16.082192172 15.975049332 15.867364170411 15.721527304 15.5088375830937 15.3501191990515 15.3614008404953 15.4666262415164 15.573160938 15.6028742488829 15.5130026951592 15.5928966756007 15.699942688 15.807085528 15.9296730273279 16.117791988 16.225477145294 16.29642078 16.29642078 16.3490787622307 16.5149067927904 16.662438638 16.699039362335 16.780303538 16.8858814288747 16.992799608 17.0982413870832
