catData/variables/pastClimate/lgm_MPI_ESM_P/bio17.asc
NCOLS 409 
NROWS 350 
XLLCORNER 60.897278365 
YLLCORNER 5.843756025 
CELLSIZE 0.0892857 
NODATA_value -9999 
[rows 81 to 107 of 350, columns 61 to 121 of 409]
3.16018697999997 4.23161538000019 5 5.26078328743804 6.27767727051691 7.51732897999994 8.41001199357405 9.55701896438092 11.4632283600002 12.4876037605802 13.8251626035107 13.6284463723988 14.6418509600003 16.6420592357824 17.0486316700634 17.0719847199998 16.0925589859727 15.7208835639274 16.2213176181178 17.6418485600001 18.375929735583 18.4737138685075 19.6261876525983 19.7561988483444 19.0874203696102 19.3715526848702 19.3928046000001 19.3928046000001 19.329884302858 19.2316105800001 20.2110370426617 21.0708696800002 22.1422980800001 23.0566680487977 24.1603011091571 25.1561538528884 25.8370344501329 26 26 25.05410542 23.9223582044252 19.2057621658005 15.5680908727943 13.0016738092506 11.69696342 10.8863132933414 10.3858811246132 9.8429422974321 9.69640230000003 9.03622371999995 8.18690951643195 8 8 8 7.98793790825048 7.30359769999997 7.25496821583994 7.23160578000008 8 8 8.1353714759788
3.16018697999997 4.23161538000019 5.23268631772815 6.14230288000002 7.21373128000017 8.28515967999994 9.35658808000008 10.4280164800002 11.6693032320408 13.2332014926626 13.9417120305939 12.3278100369252 12.4989941600004 14.4849450601813 14.6965079 14.8205740331251 14.9291279199999 14.5196986933062 15.7882724916784 17.0080453999 16.64341432 17.9061708135879 19.6693002748344 20 19.7969752419094 19.9874389397187 20 20 20.0858034107939 20.4115965524623 20.3030389800001 21.3744673800001 22.4458957800001 23.5173241800001 24.58875258 25.1532737559999 25.2321693 25.2321693 25.9036112791158 25.05410542 23.8694598882801 16.3549818742313 14.8746209126031 12.7683918199999 11.929644209347 11.480304992281 10.8964772460907 10.7678307 10.3157702371653 9.84672680120639 8.47447342042169 8 8 7.27371494530608 7.22814799306575 7 7 7.05377175181857 7.46484824655334 8 8
3.86500769933346 4.42600069536531 5.88797062993661 6.37447218000003 7.8201266994606 9.35658807999993 9.93389649114285 10.6601857800002 12.3456280382542 13.7713834670477 12.532184544698 12.811247027048 12.0201130629524 13.0862514682537 12.3214818 12.5530947800002 13.2727706558416 13.22093350946 13.8390540547618 14.4822227000001 15.3758216439061 17.4264852306665 18.2783408359678 19.6693993574615 20 20.7938526481275 20.8247186171739 20.0744874175245 20.8650069277772 21.1571519938426 21.4729007367605 21.3744673800001 22.8201178710168 23.922414254285 24.0946366195865 24.1607409 24.1607409 24.834697664509 25.1405624807928 23.4209956860943 22.2119748972075 15.8367632166973 13.9748136780009 12.7683918199999 12 11.9398081620963 11.4650390232052 11 10.4112498199998 10 8.53678603999998 8 7.26609831501457 7.00869733968384 7 7 7 7 7.04870998682397 7.47501202787456 8
4.14588028034873 5.1629890286265 6.27597818239888 7.28515968000007 8.8024886600004 10.42801648 11.4468614864989 11.8803378424763 12.7076439714514 13.8030425800001 13.0474278305986 14.7180056216237 12.8964548947024 12.0813854636737 11.7082438106026 10.621165025724 12.3652884967488 13 13.0398242812012 13.5604353498238 14.1051663583025 16.701433263748 19.3325394057977 19.9648180521525 20 20.0844804240262 20.9984526269987 20.9186143219763 21.1458759090488 21.9313732199263 21.9729348310988 21.9441321178763 22.4857198468514 23.5604331641738 24 22.7975628675523 22.1786249999999 22.9816627800002 23.1786249999999 23.8710789509713 18.3164154053945 15.9033220123737 14.6046339966012 12.9793144944238 12.9106875 12.5696669235262 11.9601761474988 11.4395690214762 10.9474172495488 9.70825473885235 8.95862920319752 7.44805893475207 7.01121195364874 7 7 7 7 7 7 7.37446258000008 8
4.31750916003092 5.98625813261746 6.60066789473436 8.35658808000002 9.87391706000035 11.4994448799999 11.9926452958597 12.6483789514921 12.9952001611565 13.014361693805 13.8610768270933 14.9449318391018 12.0005563199998 11.0178841 10.8548347629529 10.2357551696958 11.6185472376561 13 13 13.5173265800001 14 15.3439803311728 18.2175193217655 18.229205570883 18.8945976964685 19.94686456382 21 21 21.1601821800001 22 22 22 22.4458957800001 23.0092518773675 22.439660830016 22.0121547146712 22 21.2256854359224 22.7534224787807 23.94589458 17.0002513140933 15.8240844785549 13.8548396487964 13 13 12.9933030308512 12.9821159 12.46479412 11.403894987094 10.3280147202573 8.54507020478202 7.20048715496032 7 7 7 7 7 7 7 7.00669692622698 7.45580072112481
5.20515418028675 6.23161538000019 7.30304378000013 8.3945230307476 9.47556944557446 10.4896289618961 11.566737681782 12 12.7316141800001 13.7600442271838 13.9932786364944 13.9493524798275 11.9118001399996 9.95120808752879 10 10 10.3030413800001 11.7088381155175 12.4947638318386 12.4896266904026 13.5352106800001 15.2668224600003 16.6780674800001 17.0754503729299 17.9815571800001 19.9482351683339 21.0371465953442 20.1910901209776 21.2051496372995 22 22.0162260100568 22.4079610862652 22.9761248225869 22.42913152 21.9779800447693 22.6248320515527 22.21484632 21.1864160158034 21.7808208210365 20.0517695031599 16.9826770199999 15.9904957389677 15.5897052683884 14 14 14.0200504652286 14.0296692510933 12.9653564399999 11.968475783737 10.0012687599409 8.26839301999999 7.19696461999978 7 7 7 7 7 7 7 7.02005033672229 7.4755603595998
6 6.26056097940035 7.46588867940497 8.90529216118109 10 10 11.1775147600002 12 12.6401823805672 12.9753856994376 13.8744709800001 12.9358890205532 10.8425372394512 9.07766408054382 9.85500860053903 9.80794519893132 10.3030413800001 11 11.3901730805204 11.9396789994844 12.515176680511 14.1953940600003 15.6980705794985 18.4091205400003 19.9837532795079 20.8344470809751 21.8771924995171 22 22 22 22.2651673804642 22.8750273 22.4848563195451 21.5473272195498 21.5665692808909 21.8750273 21.2348491195639 20.8996422004314 20.0005611199999 18.810921720422 16.8555394204172 15.5836433395872 13.895045399592 14 14 14.327667080394 14.4848584196106 12.9653564399999 11.3376721203797 9.63717443962462 8.26839301999999 7.29732211963394 7.01568860036119 7 7 7 7 7 7 7.3276649803285 7.93075149967627
6 6.46323076000039 8.54656942826008 9.8035989 9.89117426440268 10 11.061882162935 11.9332601133964 12 12.8030425800001 13.70272391761 11.9118001400002 9.97926902494722 8.8035989 8.67487474771509 8.41773691595402 10.1066402800001 10.8771451767088 11 11.5173265800001 12 13.3203667600003 15.4632235600001 18.2514025653041 20.3807894689728 20.0328512347173 20.8209242800002 21.7861675599788 21.6701177127048 22 22 22.0735458053461 22.1088266783226 21.7967939239828 21.1340768743398 20.8035989 20.8035989 20.1582786233334 18.9537877003351 16.7260350040039 15.5793563446544 13.9112486199999 13.1287202950103 13.849087001321 14 14 13.9124260496853 12.8705579066459 10.8224996399997 9.33982141999993 8.26839301999999 8 7.12553621999994 7 7 7 7 7 7 7 7.44589098000023
6.0429027987599 6.6690268285826 8.2218797159246 8.83246519673334 9.44590058000018 10 10.5887573800001 11.4833685526356 11.9281183600223 12.8030425800001 12.7657908746621 11.0937114979959 9.43896722130682 8 8.04290215596909 8.43740969137318 9.3030413800001 10.2741757260575 10.7321705 11.110941760742 11.7797129038319 13.3203667600003 15.4632235600001 17.6060803600002 19.1086770625472 19.9603873647951 20.2805146321374 20.9112462199999 20.2774628468218 21.6701383541639 21.4643410000001 21.7385149688485 21.8700397638095 20.7068019929346 19.8423146908749 19.5553545582171 19.4643410000001 19.6794182070986 17.7490303002436 14.8799957324141 13.9953603949281 13.64341912 12.7750713703876 13.1695766769548 13.7321705 13.7321705 13.2862771199999 12.0762946863235 10.4445253063341 9.24880721899207 8.26839301999999 8 7.35974341696544 7.26782949999996 7 7 7 7 7 7 7.44589098000024
6.44510018155785 7.15303803257363 7.7635520964109 8.50151482539526 9.63388318562054 10 10.3890167876517 10.6607421 11.6405621703171 12.8030425800001 11.8288578317141 10.7148427200001 8 8 8.16018457999994 9 9.3030413800001 10 10 10.175507129145 11.3170280818708 13.3203667600003 15.7114286360982 17.6729005349178 19.7489371600002 20.6418060461023 21.3392579 21.2806145410198 20.7843549099959 21.1862230389885 20.5757074320271 20.2122168830427 20 19.824493685074 18.8722505560896 17.8852748328947 17.6607421 17.9189060582731 15.6554973198476 13.7505972488321 13.6434191199999 12.6021003268008 12.1058375242148 12.6607421 12.6607421 12.5337018972616 11.8755908199999 10.6378516414141 9.41124981999983 8.77602920132419 8.17733856766013 8 8 8 7 7 6.94565855843369 6.73931619055068 7 7.12703938851941 7.63387684249642
7 7 7.30304378000013 8.59515376594291 9.77243895936813 9.78754007532105 9.83110828998993 10 11.1627644393884 12.3923562800001 11.1995049912334 10.0541006200001 8 8.03645094716638 8.50508526752271 9 9.17858643690097 9.5893137 9.5893137 10.319099219032 11.8305485843428 13.7310530600003 16.6055216400002 18.5435240802757 20.5703097600002 21.9362326982053 22.4106863 22.4106863 22.3449016731698 21.9048807078589 21.4107286774519 20.6255326199999 19.8168767119261 19.0719895199999 17.41180854 16.5893137 16.2888517506825 15.3755896199998 13.7888263199392 13.0318850652502 12.5719907199999 11.5893137 11.523530058817 11.1786274 11.1786274 10.9579500571157 10.1434203199999 9.5893137 9.24235515304844 8.61094771835941 8.11022533632962 8 8 8 6.5893137 6.5893137 6.49491897553588 6.13648845915324 6.5893137 6.96377628000009 7.5893137
7 7 7.30304378000013 8.19393363728097 8.9637858800002 9.24996822599404 9.58875738000008 10.318285269269 11.2137288800001 11.8979986474561 10.7039337058184 9.11595392418129 8.00835397745645 8.5280802209062 9 9 9 9 9.21497406728131 10.5167678600002 12.3757772294439 14.638650872194 17.6769500400002 20.4753525354689 22.7131665600002 23.4202602387436 23.9558765796188 23.4393251979814 22.8398178199999 21.8800522852934 21.1899156061379 20.1434179199999 19.0719895199999 18.00056112 16.6242264134809 15.6817170448816 14.78627592 13.7148475199998 12.6434191199999 12.0618556183317 11.0267992833058 10.5178853 10.4349305465808 10 10 9.81946492850675 9.28696367313065 8.75059156523183 8.51788530000002 8.51788530000002 8.1389967996806 8 7.57840815704442 7.51788530000002 6 6 6 6 6 6.37446258000008 6.78502940394449
7 7 7.13529598658314 7.65374339138097 8.44590058000018 9 9.26285479472695 10.1066426800001 11.5830510612013 12 9.76700066287039 7.55465814000017 8.01732778000019 9 8.91133093101463 8.57466466694952 9 9.20728516287752 10.2462651408418 11.5690142423889 13.2405574935394 16.4530762947342 19.4504859873025 22.0716893893385 23.8184242113744 24.9458969800001 26.0897608199999 24.969203377482 23.3933609199999 22.2971302231079 21.0081240764099 19.6255326199999 18.0604591553235 16.6619508503021 15.85770432 14.7862759199999 14.1198248441943 12.7524461978413 11.5719907199999 10.50056232 10 10 10 10 9.66451238418674 8.72573132587057 8.44645689999999 8.2154950217987 8 8 7.59502400430915 7.44645689999999 7.05604651161889 6.47640791041704 6 6.04912638551106 6.46487801652492 6 6.16774247940317 6.72072450263285 6.80092889533114
7 7 7 7.37447218000003 8.44590058000018 9 9 9.66018578000016 11.4632283600002 10.9962425484269 8.67316350007674 7.66555004873541 8.01732778000019 8.94452991705105 8.41506551447893 8.71183296846999 9.37878445164147 10.62441278 11.8630657055983 13.271600237385 15.6411794400002 18.690456425453 20.6309585484358 22.1042031341453 23.2494970800001 24.3209254800001 26.3685309887266 25.9334296060345 24.989651522692 23.1617503399997 21.1325417941108 19.3915011798201 17.31601331447 15.6766871312391 14.78627592 13.7148475199999 12.9177934883673 11.1439814399995 10.4221072602138 9.42913391999998 9.3750285 9.31956141691429 8.75005700000001 8.75005700000001 8.52276229191491 8 8 7.67668863117071 7.3750285 7.3750285 7.10065503170107 6.49812577400819 6.3750285 6.02029197457287 6 6.08874898000004 6.83982261999997 6 6.30303418000002 6.76597155968348 6.65369765460722
7 7 7 7.37447218000003 8.44590058000018 9 9 9.66018578000016 10.9537323182095 10.8159924848154 8.33847643697472 8 8.00526071574084 8.27665371487634 8.16018457999994 9.16129525611082 10.3024826600002 12.07086968 13.4528215279624 15.7877191385796 18.4454557308036 19.7936632803728 20.7316117800001 21.8030401800001 22.2654887483349 23.2494970800001 24.6192655928996 25.3654082235167 25.6796356399998 23.3754852552487 20.6975221399998 18.5546653399997 16.7223303166023 15.1224113127803 13.71484752 12.6434191199999 11.0624980209289 10.1195954993763 9.39102183969456 9.01642641092253 9 8.91124861999993 7.88845081722594 7.14230818660874 6.6072002 6.6072002 6.91772030524273 7.14654115585981 7 7 7 6.75619837832839 6.08742341105434 6 6 6.02694419920291 6.25497023141425 6 6.30303418000002 6.62553741999992 6.44589098000024
6.87700390346449 6.41001254347939 7.23268559042308 8.14230048000004 8.87135379568963 9 9.45206457819792 9.92110475485847 10.1698601079147 10.2321717 8.95164589194527 8.76782830000001 8 8.06814950680399 8.92801287999995 10.1772802806916 11.9090556123651 13.7173550691576 16.1952812600003 18.458246651534 19.8090410891802 20 20.1698595507026 19.1854209512765 18.9286868 20.6008702501286 24.0040224629278 24.252777815984 24.3899638619193 23.3051682599996 20.1612401351527 17.4832369399997 15.4439045212652 13.8269111856782 12.1913582273779 10.8041624199999 10.1246254130189 9.38340486654662 9.02914540039687 8.27371537265936 7.45104232571554 6.67590954122801 6.42715418817174 6.17839883511546 6 6.28752480900302 6.52898256810664 6.23217169999999 6.23217169999999 6.23217169999999 6.23217169999999 6.23217169999999 6.02914595760896 6 6 6 6 6 6.07035596072871 6.14523208621499 6.44589098000024
6.13499431621777 6.4260001394884 8.14230048000013 8.8994505939714 9 9 9.09463880416057 10.2688739782197 10.8392567 9.4913389686992 9.02017794892054 9 8.8392567 8.92801288000012 10.1338772620016 11.7529738694561 12.5573708885424 14.6483897681875 17.2660193950832 19.439740061647 20 20.5540633248938 18.9972264355081 16.0414493885655 16.2161335147046 19.0071309379749 23.1607433 23.1607433 23.0263093322143 21.6266548599996 18.666697154326 16.4118085399997 14.6431727608666 13.0485080358629 11.4773526874073 10.3398190199999 10 8.52300738278142 8.1607433 6.42100035624128 6.15795874702895 6 6 6 6 6.06019273661965 6.46328793330135 6.8392567 6.34514416680865 6 6 6 6 6 6 6 6 6 6.25432346589402 6.8392567 6.91093068756547
6 6.25230208450337 7.66833613509392 8.65897376530945 8.49538991428751 9 9.53617257348112 10.6298353069223 11 10.1252337522714 10.7070527918686 9.09853725706969 9.01578015106225 9.91861234934111 10.3203691599999 12.2109264898528 13.5167678600002 15.65962466 18.2483796400005 19.9568900717601 20 20.6601833800001 18.1388967129692 15.4115110866271 15.8744685800001 18.8376909400001 22.0893149 22.1701416450147 22.6939422953883 20.3944831599996 17.4832369399998 15.3403801399997 13.2373484770009 11.6151008625956 10.50056232 10.0303509017894 8.66746847722743 8.03518332196611 7.20363667941999 6.92034994035353 6.8949093202263 6 6 6 6 6 6.03982492264536 6.08931489999998 6.0367307365483 6 6 6 6 6 6 6 6 6.21091993291996 6.9377505674833 7 6.59393372828938
5.17520829558219 6.45908797150602 7.99295428514195 8.37896268670488 8.99008910072418 9 10.1669839511228 10.993921912954 11 10.9856363788928 11.8565844800002 9.16133418926065 9.01732778000019 10 10.3203691599999 12.2316129800002 13.6060827600002 15.74893956 17.8997719177969 19.5259599181269 20 20.6601833800001 19.5106044917939 17.3581466399998 17.8386955800001 20.8019179400002 22 22.001587494486 21.5402050585623 18.3409412599996 15.4296950399998 13.2868382399997 11.5819017051309 10.5005623199999 10.0073557769778 8.70325469419732 8.00960113764925 7.21132575525171 7.00224536067143 7 6.98267701999987 6 6 6 6 6 6 6 6 6 6 6 6 6 6 6 6 6.00414261678397 6.01788649999999 6.01788649999999 6.00991107098622
5.41888104473549 7.2851572800002 8.32413460047135 8.9464581 10.2602854757362 11.4032859965143 10.3892239087641 10.0353476010142 10.745984066736 11 11 10.1047458700141 10 10 10.3203691599999 12.2316129800002 13.3030413800001 14.74893956 17.3138203042367 19.4914833280138 20.5572319197364 20.9818055725136 21 21.8030401800001 22 21.9493548784865 21.7675793862364 20.4707812060131 17.4740444982632 15.3761531399997 13.2495216227631 11.1640311350129 9.92258399273681 8.91366487902617 7.9684770682369 7.9464581 7.21484871999996 6.9464581 6.07199191999991 5.89581310698709 4.9464581 4.9464581 4.95503442976278 5 5 5 5 5 5 5 5 5 5 5 5.01732058000027 6 6 6 6 6 6
7.03521667999995 8.10664508000017 8.6098573920996 8 8.78035250149474 9.87936091565855 10.0735771864058 10.7026524650178 11 11 11 11 10.1228048421351 10 10.3403874750179 12.3276385364057 13.3030413800001 14.74893956 16.7803483013521 18.7200621020995 19.698665986477 20.4102427800001 20.8414891436301 21.4773575355867 21.5158064992167 20.3178037612804 17.3426628979358 15.3447944130252 13.5698592049106 12.2197568273312 10.5341198477576 9.42238932081865 8.48485764939521 7.93534984202813 7.35985370654834 7 6.26839061999996 5.89964412772201 5.00056351999989 3.92913511999995 3.87502969999997 3.87502969999997 4.03520948000003 4.87502969999997 4.87502969999997 4.87502969999997 4.87502969999997 4.87502969999997 4.94860598661966 5 5 5 5 5 5.14012632192149 6 6 6 6 6 6
5.99524879462892 7.2316153800002 8.11903480887021 8.24570570132362 8 9.03465795999989 10.5887573800001 10.8703403710495 10.8036013 10.9613178187567 11 11 10.9860753734657 10.1963987 10.6140323534557 12.8490897881752 13.2435244469219 14.4789954820188 15.6072026000001 16.1245291800001 17.1959575800001 18.1377268224066 18.9987280775035 18.41136502 17.1681921276972 14.5518614344118 12.396881202109 11.5723403459759 10.9569599838303 9.5617145831818 8.9237588634426 7.73005639337561 7.69477595152756 7.38787891643053 6.88436975866637 6.80360130000003 6.07199191999999 5.00056351999978 4.1008791409459 2.86833295415096 2.80360130000003 2.80360130000003 2.9323219794418 3.69817769092282 4 4 4 4 4.47312041002339 4.67394308512019 4.60720260000006 4.60720260000006 4.60720260000006 4.60720260000006 5.60720260000006 5.60720260000006 5.60720260000006 5.65268967410456 5.80360130000003 5.80360130000003 5.89117370881379
5.58820105999996 7.43740960445936 8.60608756000026 9.35134943800004 8.3872513592298 9.29320271908122 10.431072198311 10.4256184058372 10.0718809958517 10.8030425800001 11 11 10.9953591509331 10.7559442102965 11.1172828084738 11.9017536472443 12.5455084939854 13.10664268 13.7321729 14.2494994800001 15.163243341096 15.4643458 15.0724548772734 14.3407273425927 12.4475815399997 11.2506217199999 9.46434579999996 9.31060890751124 7.73217289999998 7.50056231999984 6.73217289999998 6.45799803242988 6.44589578000012 6.8614465651107 6.30110421611889 5.8231856426514 5.00056351999994 4.14421039980765 3.76579425896248 1.84038373999994 1.73217289999998 1.73217289999998 1.73217289999998 2.07132736562878 3.35884151683061 3.73217289999998 3.73217289999998 3.73217289999998 3.73217289999998 3.24880803456346 3 3 3 3.2533355594821 4 4 4 4.16957547559942 4.73217289999998 4.83246412685993 5.3264692919106
6.15734101801979 7.06081029154958 8.03038582910606 9.54035581332396 9.63388185578194 10 10 10.6601857800002 10.2683858199999 10.5306059680009 10.6607445 10.6607445 10.3159183093355 10.0586451577761 10.7150879997801 11 11.2002329251075 11.9081733475512 12.3214889999999 12.83881558 13.3214889999999 13.3214889999999 11.8582654399998 11.3214889999999 9.57255183999972 8.3755920199999 7.3156112695453 6.89347971999983 5.98223349999992 5.82919808312303 5.42429664067937 5.66074449999997 5.95536768420825 6.15517496669594 5.60052489819157 4.88527804846029 4.17733762601656 3.7275650164271 2.48961085887085 1.07149971737035 1 1 1 1 1.40045950706767 2.44852830402239 2.81201628157861 3 3 3 3 3 3 3.94589217999999 4 4 4 4 4 4.24742409019086 4.81201546736546
5.0842314336757 4.91605218755868 6.78467613855921 8.80999858467615 9.36175638920678 9.16439873382127 8.76794830000009 9.42813408000025 9.33679628473772 9.17863220000006 9.17863220000006 9.56709784638598 9.42089543973134 10 10.0943993519657 10.5893161 10.7137703157998 11 11 11.0924111851039 11.1786322000001 11.1786322000001 10.0158698190963 8.92972475404179 7.37814130686175 6.23273522000001 5.57199071999987 4.50056231999994 3.65510034239296 3.90488126372429 3.76790184984166 4.17863220000006 4.36175441792404 4.89418356819338 4.48470945137892 4 3.39907961309005 2.37559441999981 1.14795820244091 1 1 1 1 1 1 1.37446498000011 2.26277214771749 2.80177182616537 3 3 3 3 3.35912819557914 3.96811339053809 4 4 4 4 4.1244512588757 4.41068389999997 4.6734546333589
4 4.23990151286586 5.64186296000027 7.21631304398583 7.74881412580496 7.49993876880897 7 7.66018578000016 8 8 8.42159321545112 9.4280116799999 10 10 10 10 10.1569414032931 10.6984241869163 11 10.4826734199999 9.71615398245572 9.19960517224637 8.30416361999994 6.81685058817205 6.06501117838148 4.59807445140908 3.5446904988001 2.98981090900945 2.60084408078123 3.02748943885627 3 3.18053532984684 3.71303623994397 4 4 3.3634372586318 1.92527452089332 1.10200431110257 1 1 1 1 1 1 1 1.19393080722281 1.73285838298662 2.51732178000003 3 3 3 3 3.87446378000006 4 4 4 4 4 4.1569376745016 4.5178877 4.73285722591717
3.3577892869599 2.89291859999995 3.49900616000021 5.47467637264772 6.69328341918369 7 7 7.66018578000016 8 8 8.87447098000014 9.94589937999991 9.99040836852925 9.44645929999997 9.44645929999998 9.44645929999997 9.44645929999997 9.82092907999997 10.199636509314 9.66195333722173 8.85770431999992 8.1517142902935 7.26838821999993 6.19695981999989 5.03189210019742 4.04830959287412 2 2 2 2.10340469741945 2.61420370911651 3.37446738000014 3.75317853781168 3.44645929999997 3.12056078473994 1.9379936817957 1.11982548833174 1 1.4840526214036 1.02994955206058 1 1 1 1 1 1 1.44589338000009 2.23096311977355 2.77235648676241 3 3 3.44451276637011 3.94395318709418 4 4 4 4 4 4 4.20728027865706 4.75261287480723
