catData/variables/pastClimate/lgm_MPI_ESM_P/bio16.asc
NCOLS 409 
NROWS 350 
XLLCORNER 60.897278365 
YLLCORNER 5.843756025 
CELLSIZE 0.0892857 
NODATA_value -9999 
[rows 150 to 174 of 350, columns 168 to 223 of 409]
565.901542908871 567.639501637388 576.860626057494 586.097457788857 599.159882851532 603.714803339677 607.381288233945 615.556450342739 622.480431925841 631.808011154423 643.681292851992 653.017773543152 658.227477759848 650.138069751267 624.465506614616 596.045097808216 572.531818323022 581.523273150435 614.344006234876 652.0903481004 690.929861948783 722.438376195876 741.836419404404 751.171622950979 758.55198022618 766.369741881666 775.718934041227 782.883353598241 790.247813877402 790.110012229893 793.658380323547 788.635118616865 781.337300244859 771.227872279709 757.990459950759 746.900795454462 739.533108787951 742.213033354946 754.992336125937 753.892478351757 738.567408946044 728.667963429141 734.552365374986 744.353857141793 747.27323932676 755.564433293549 759.915096827218 767.289965842673 770.876846437921 775.23004742769 782.073205138348 788.268886091839 795.021198266914 804.643575268151 811.882630278718 807.405967663977
567.69522246 575.584224709975 587.72370513365 599.991817920003 614.440350073843 621.249036026542 620.886793460194 626.478440780002 632.499167890766 641.232206427986 656.636727137327 670.385734613377 676.055791537305 666.818424712398 643.697484310019 616.53552741481 592.392734216199 601.962088638348 636.515117880014 675.51840865703 715.982130963872 746.690026972146 757.671893682587 761.529770933293 770.374779863104 778.12289094 784.260962489127 786.720324431208 793.679774161171 797.828612864293 799.782919690978 794.960783692942 781.905255302357 773.283487234146 766.490833096553 766.056826066997 758.10999452 752.10363629098 747.049875577435 741.929509805827 736.438152220157 735.780571464637 742.530884550506 752.911615924212 752.202246481078 761.541093416365 770.762492620003 780.594072126126 791.036258635556 800.166762368329 809.187412621865 813.901832506028 818.605558858878 826.389205788657 830.952596042629 824.013286666409
572.596385549534 583.8009340234 601.809186190497 618.102965402482 634.718439853834 640.21725344338 637.623654864297 639.706752406416 641.927873520315 652.076250486189 671.882019631114 690.337214616036 698.965190595721 693.555712918822 673.798175995404 650.394585615724 633.807721031147 637.812959366062 663.448698791635 696.987933950721 733.556130589481 760.313968363685 768.430059757551 771.139763200002 779.840967679979 785.332768875028 787.083617792578 790.638790202232 795.75122839532 802.951290564673 805.730849060001 794.529967260406 784.177604460554 775.108620450917 774.933892972126 770.364821814214 761.276390116504 749.463312527965 739.884025697245 737.339130650869 733.48509186145 743.466792216929 757.302209253033 759.136220928963 761.317474292436 773.681049748274 783.984623401292 796.452974736655 810.314444749563 821.618729100004 832.847775284143 840.066809846751 843.539498951039 848.836100012862 849.649161892224 838.990726507299
575.48151998 589.24804794395 613.930979793231 635.765824829292 655.32918264536 658.357688890242 653.857532437564 653.683497320017 652.475465844897 663.255821325332 687.622534023339 713.051047881798 731.376482165605 733.430080586696 714.197770034203 688.431625038171 674.664860556024 678.153186751011 695.068726748114 719.302441698349 741.03603405406 762.765549309008 774.674208670075 778.355719318169 785.886616680002 791.101594516031 794.571974454357 795.138538290827 785.759783603323 790.567641440003 797.432927879097 788.884164605508 783.866717092541 778.063728642092 770.346997231897 762.120040476783 754.100237404156 744.364168593275 734.61677634428 731.432840612647 727.112806678789 740.941896116955 745.786178793311 748.64366970862 772.718868460659 793.144995361555 805.602690584745 819.679345722299 834.88376955986 846.757044842587 858.952483144917 868.285473087469 870.92424008 873.610254469419 867.710822678375 848.863779317915
580.728939991144 596.251663877606 627.190145548894 652.88549822927 671.023601740751 672.87777482 667.648559745961 665.253418058191 663.342453904364 675.845733600006 702.308774087676 736.098754440854 771.061783825858 784.538656429465 760.39326929716 723.627316568236 707.964868614139 711.499535121019 722.983291810966 738.38567702243 751.593183066019 767.512065506985 784.263554350834 788.751869629155 797.618487180003 804.000400501639 788.870995704774 765.177518988241 757.016860169662 761.018337660932 765.716716299278 767.958955536497 767.495327904025 765.627683189464 760.251418555774 754.035478397967 750.021284419999 740.511405662567 728.840177206057 728.861843706785 730.265152956329 724.239316865068 724.229388107955 748.977836418384 788.508294366192 817.105907474493 827.690253229556 845.842037965088 863.856176939692 875.232570932124 888.377726186229 896.637735511809 899.220959194309 898.408117622115 885.91544585923 867.164808896727
601.672552173728 621.171720481109 651.01704753848 676.831982616122 690.490435784093 687.159242314431 678.134539796794 673.145878854556 669.15723738 681.39024525777 706.431605095114 745.185124483921 796.919145731638 824.59241585079 797.873389580266 759.78796712349 742.183065212582 738.623690356475 743.466547149344 754.772532470404 774.991306716436 789.605740150419 789.544977640099 793.828979105933 802.008761312224 799.395474503924 780.947927403265 762.74724659426 754.185669595039 752.237342121296 756.837734076661 762.90072009815 754.387458351248 754.891226230824 746.838956437501 743.989488901722 745.089401284147 736.062569572544 727.396141856694 717.724117417392 711.371354881227 714.537981303675 728.73305996948 756.354748921208 800.479658718448 833.768333751243 837.800999360175 861.439579040979 884.603767183192 901.206702160006 912.967310096497 920.393657084353 923.632871856109 919.357211045475 903.818629916558 887.419063207723
626.31163127089 650.589507221009 679.825916769959 702.171059126852 710.03215614622 699.675752412454 689.788846182877 676.971701817272 670.170521818126 677.403656972608 697.257104323655 729.833793538036 772.285386750499 801.643322395587 799.955889469703 782.378225735376 767.624269203396 758.996592 765.394826286834 782.953295089375 796.522197418546 800.86203493397 798.148492375296 797.531553436074 806.461477085985 805.215347598813 790.629727462393 774.722031199998 762.493759859967 757.483952267639 753.861453868424 748.43075196038 743.445676335373 742.298143812694 735.037756776923 726.814841665386 726.514402569245 724.375802994216 711.583314429949 704.6788062 707.354793298457 715.394977529986 732.336724971534 756.83285176194 787.861220307767 809.082351006858 834.587483333048 865.0558934053 890.651133204531 915.378419000005 935.818595683829 941.159178957804 937.914204939999 930.813840379355 913.902661939862 894.673264213938
646.029759205656 676.062141259365 704.572328013425 720.504711728715 727.120454119828 717.07243878953 700.946716043077 683.673902621827 671.738725340507 670.847221301279 685.238280478876 704.664190149108 732.758387558428 763.552682798368 779.532908818406 780.96956420545 782.057629578818 777.34232417682 783.700107095142 798.312802516004 819.922809951242 830.760093432893 829.442581073631 822.42853152 820.969244566081 812.029297951839 802.083289907808 789.174782762734 773.50526856112 760.568458693439 749.074880752484 739.383344565796 732.384366344767 727.864645556189 722.485805419998 715.48906102382 708.128073499999 702.882365599099 699.150983047585 698.1252751 701.508578278144 711.297727780001 729.407243056134 753.128284133273 777.755448139999 802.879168412469 834.372851065986 868.819953147325 901.292134682115 930.537254836089 951.151154906439 954.395432599998 947.939042947491 937.361502804626 921.647344063523 901.6760445422
656.686611129792 687.084281294202 711.055744574222 722.956635114396 730.73530526275 719.903520518489 709.257966098888 695.008862239996 679.408989738674 676.359011668304 685.760974312503 696.45974917739 714.168519314547 739.122603842507 757.251675383367 768.803214720678 772.891804039999 790.825989253831 802.506812620756 819.304584362732 839.832896454892 847.318304450987 838.592638964417 834.510938393867 833.491918601724 828.938188769918 820.392880250836 807.573963806589 788.884826979997 771.166823266327 754.043312970379 736.161312824196 722.539528591387 717.144787359999 713.235728019997 706.504137839997 699.826572941066 695.396470359741 691.971768300551 690.544508018637 694.197301246516 703.939924642981 721.609462532422 744.298599804606 769.162761969179 797.760743190254 831.926034765954 870.072822267839 907.611244040544 936.641601677835 955.44278586 958.030118644615 951.665190259999 940.381348854607 923.313520259996 904.027809059999
662.413214732662 685.180593996487 705.829229019998 720.905549083069 719.323424359999 715.940321118621 711.654769930188 703.824230496357 689.687206754173 685.279277482142 685.71492 689.951802277435 700.833466460004 718.276111078559 731.310119561489 748.342114071236 754.858690130643 776.016401261251 798.96514134702 818.199829715077 817.840148992652 803.84166240154 816.479185441793 833.30771241373 845.906444916974 850.368998398081 842.812206979442 826.206837241027 805.435246594751 783.290061359508 760.747328910619 739.010270079998 719.599122073101 711.476616611104 707.528706893238 701.576804539859 695.673761055447 690.480859221321 684.305336774075 681.657827870009 683.675660717517 691.906159146969 710.363681671455 733.082325988139 760.446362418332 794.40826316041 836.157835251864 876.415579686134 911.891151131751 933.946755742659 949.01421546 953.631920816405 950.205937411156 940.571486638471 924.738553129502 905.243008439459
664.855400219246 679.055738538794 696.68946469712 715.550469157979 711.067656830832 709.120678731969 709.29288496575 697.003584240902 683.440502460285 676.516405220615 674.163750678105 676.344509858785 685.904261260004 702.145232738023 712.529614624885 725.615768094441 738.686928176607 759.649021056804 780.310679190214 792.178223338226 799.653877763968 811.526595571308 827.15371550402 844.214168615865 860.150116613936 871.420007978194 864.519789811645 843.798562736763 820.146311410153 796.230413593838 775.540145061492 747.702435609264 743.727608100371 728.700603262659 716.925386197365 704.605437017983 700.23363906 692.560588059997 679.463607824852 670.610964153208 669.341241979588 676.726074389045 696.124697285337 720.380575640007 752.303102842879 792.70902106001 837.471345443486 878.958042859467 913.247536311707 932.176427556209 942.92489096 948.19551886 947.068243158648 939.683683479999 924.971799493973 905.168391209709
665.798093859834 673.871614933974 682.738132809337 695.966393197813 704.87491517447 700.885456097581 690.039901652828 675.19950193456 668.081459358999 672.28395071446 674.46847285643 675.25036133991 684.603786708129 698.201382872592 711.608758824467 724.234348790546 742.721911940001 760.341954931027 774.374258568586 784.015867057476 801.746511472574 817.208800558347 830.339876640697 849.461135673956 869.414675850673 882.162021836991 876.478207230075 855.901478210675 834.232642656537 811.257101145959 793.789354157007 755.45561492336 783.858046603453 773.694496886961 738.567670208518 708.803945388113 705.136270583169 696.252517307619 679.934746681093 664.89343076769 656.571497198668 661.429616829883 684.95805877969 712.3922378484 748.914428748706 791.548107360011 836.193171440012 875.551844155526 905.725223035508 926.869145380002 937.464625177179 943.065942093241 941.96983501014 935.552031129298 921.558875925076 903.432308558879
658.871798052678 651.796371893502 643.943418791682 640.196376409015 664.433052226943 663.582230478155 655.003442630065 655.191093234582 659.741958054638 667.495268822824 671.854921451721 676.093740917028 688.465380612008 703.969752535166 720.231824238307 737.195962276638 756.677600528656 774.387379387397 785.983583549412 794.797611887134 806.12693915985 820.930882666589 828.691571934213 842.477766118693 869.048083018843 883.473256996128 898.802538290041 911.72488330708 889.719481794628 829.539893783961 801.294564921256 756.142393029071 774.886781756848 794.267207540783 748.998527215253 711.828508433176 705.125201582823 694.975697795421 681.773176985486 667.750627208311 655.478465550271 658.839237043215 684.246376565574 716.480503770205 753.932491536315 797.074025259069 842.021737745792 878.902363583897 904.688419342362 924.253550371138 935.937380176917 941.41007958 939.876478441069 934.396024919999 922.367914860468 905.035502731949
625.912354483356 608.292118004921 591.688885114934 589.437160236185 605.949156726375 616.297531999583 626.870365090986 642.50133597457 653.618050740164 660.046792270743 668.592360032515 681.155054239102 696.920661913584 714.170586322104 734.874787699431 755.080665895688 775.905326216505 793.052271158714 798.375670589251 802.459491917947 809.88006034468 814.302205750702 812.518074804328 818.045513626405 847.656730556917 877.608216645208 934.274431383672 1070.43361256855 1064.97476201405 877.536897091725 817.421032047015 783.493667754752 800.701286493586 825.485496753544 764.360611264863 712.355602427852 699.971816676251 688.546088195165 681.617236562303 674.791584003504 669.64820188392 675.224426828748 698.796275330467 731.945863160011 768.646894159555 811.144513059634 855.873391720012 890.168428347857 911.422734808616 928.898889007345 941.427567106519 944.719919229366 944.540400890701 939.918220199109 926.499846052209 906.020761416949
575.485076311097 563.285766239477 561.798127769365 568.169431457191 579.015257977116 593.922661360001 609.211524531423 630.591366919986 644.306675285851 656.181844257219 672.087289297451 692.464738758608 708.954228244251 725.753789174196 749.421680630162 772.378548161617 791.55240838259 805.452602306011 809.74146340539 807.654102023958 799.909679988006 783.948446379793 778.531106103509 788.555548479616 811.485741661226 836.940303698186 885.866189748227 1052.54160774898 1023.74872151186 867.416325612665 840.661460555944 910.844647133612 913.247615960044 864.509488998918 775.996287135716 718.102259853229 689.494003387347 678.693112926991 681.297828984726 687.391665104376 694.367695971639 705.927127571685 726.513652559015 756.545112570421 792.763451495453 833.725786760011 877.905014082317 910.331717812011 926.479662801126 938.836510038226 948.638486172554 951.139842733788 951.366068013018 942.882754528836 928.212862924177 905.426802360414
537.196092076879 534.50634413017 549.294222162392 553.799144020001 563.603653717091 575.833186775848 594.454000829758 618.250370658174 632.677650977563 654.747575725883 683.589020633444 711.770958344105 730.058819258302 744.890407604684 769.818161930501 789.992157388929 801.347993670184 805.197765023218 803.613586305069 796.600241464201 786.722649138921 754.91076430832 738.802086334699 751.424074119223 775.851125900079 814.975065293986 868.940682871463 953.382307967436 943.648680860577 980.675439092374 987.392174116493 963.170988723952 901.563770059036 832.917286167294 753.04782494417 711.846727990769 679.830501719998 673.683082787261 688.292048546821 707.843007123742 725.385532605083 743.688923496446 761.727049687068 785.202636067564 818.28975981138 858.864181890176 909.882022476504 939.848919500621 941.059698022102 945.119337500003 955.298577123185 961.862516643876 959.440103581193 941.677273631726 924.819214048604 901.683697242219
528.689403105633 529.487574966994 542.655736880328 547.071241967388 556.095844004836 568.38221501222 587.526473863831 608.748086070952 628.71788321302 660.294783771454 699.979919169877 739.362598343481 769.169796610921 788.515476191932 803.206290031992 810.862062037027 808.041999879287 802.235655361752 788.520072679653 780.5636655327 770.251345779255 733.925796023727 705.700691040365 706.45859740196 726.625090349154 781.394523137264 846.887265673451 904.15917117212 927.357473604464 961.144939301072 927.631167413733 877.406721079924 818.248714208956 770.286074228018 724.104354566003 696.994272006123 682.033932945531 684.784649771829 705.254551142866 733.788078749668 763.739063419188 784.901590559508 793.206878285954 810.544550145818 841.487836845468 885.809875862672 935.866300342069 953.866040652703 943.065916983701 949.636593616455 961.340191073402 972.164851866309 967.519170435218 940.875009855165 917.792735337187 893.336783239998
538.528214139656 542.755368903834 548.427890623301 553.619049398917 558.333111980004 571.483090941429 591.923538900188 609.95106030727 630.059644503407 664.671154774967 715.245667044613 768.003256029788 809.82745509045 831.433346051467 832.844200701025 826.853314200521 809.130051077299 794.951000583879 774.772335519041 759.967828793095 739.084613209011 718.532530053516 701.470745560489 680.028502179033 684.488700992259 708.434623786882 732.424712239796 761.844223026247 815.721653049796 828.776383313835 829.394430122766 838.913885519679 789.354707373733 752.550418220505 717.907788039991 694.190017101798 688.493604342938 697.757317789861 721.66254696825 757.536738919908 802.310729080141 824.085003132041 817.357491563733 825.709325286232 853.226490401423 898.602627462633 951.352591914284 971.927750222086 956.428814095522 956.678196829483 966.184406927396 978.243895169731 976.417604545682 954.139025266905 915.707410214561 882.629419406949
561.905122075169 568.809894478913 564.847132706355 568.664735508539 570.631523476499 590.598188256339 606.664271015249 621.473445900005 642.653418724403 680.14972111857 732.462380499 787.902498286949 829.753328896311 846.928938798096 844.449649209163 833.104411706823 807.556762985504 791.911294491024 773.550252444117 737.658250223115 718.644161998024 715.069229260444 704.293252401743 672.029762297648 683.935503710967 739.298660275506 769.104077195978 769.9826232398 770.612590254484 760.310015040183 757.084419548258 780.055843064379 750.542243710448 726.255021792533 710.826132299196 698.991821905513 691.772465359481 703.321171745351 727.204959449787 767.820156133435 814.729568361243 833.9842810457 824.400432279998 829.668938495879 852.914448401927 893.588117207911 951.956645710899 989.581230633956 984.351884219202 970.815998988814 965.969235157891 966.878371750268 967.743450951664 946.301058786619 911.627158310778 873.405671504651
580.56198006923 590.763209260005 585.966734520002 587.7458315577 592.770963052558 606.504835132043 618.813866840004 635.134090567337 663.129117753363 703.437613631533 751.036504565499 801.855628901269 838.038343529202 853.481767867252 853.4404201181 835.475088901467 800.028663727614 763.867556087613 725.568704413948 700.207120659403 691.540303654912 696.219734827652 714.56597255987 723.086656906462 734.129225887387 722.257660977906 706.638389788597 700.401604909373 700.833446491911 715.595298993165 699.032495388566 733.760679804103 732.576167616472 712.954601779999 698.889259976625 690.556134146078 691.2600932015 699.972361467871 719.594356412742 755.202811486416 793.189873796206 811.728885332652 811.037964399457 820.661191892189 844.84516586951 879.185602543425 936.886155803702 983.653407662423 977.465271129277 965.72210497712 966.612229542067 962.053374376254 947.521820181136 928.301041128432 894.243123733303 854.721404876116
583.319547250302 599.207314640005 605.973887199353 608.188725074802 609.944358319451 612.272448276727 620.019975683917 643.56755189094 679.808346391721 720.482230488645 767.113286503972 812.76518616722 849.032884617559 859.640143343281 843.890831883686 816.966329721961 775.386993834472 732.916308140324 684.532885298322 652.033953469675 649.00568740986 675.84190208295 708.605752729491 719.578875013943 710.035957723035 686.961275176588 671.130401747615 674.175004528242 685.227333780003 683.989923855732 666.440874353561 681.97989666873 694.46653613833 698.521375773212 692.582306581421 691.547743094085 691.588542970955 696.536914562522 712.94734628227 737.875849576675 760.61978736527 773.460786131765 785.731851194287 801.109451862426 822.54159538855 860.171620797693 921.398303903632 988.32090429747 1018.23822601976 992.704848870339 963.353023819364 956.183517616247 940.452735806225 916.82796749243 873.767789596055 833.195888199999
580.787744496753 596.570756963288 610.191802502409 610.805792005056 606.730495506203 606.971399992994 622.368599980249 654.181424372762 693.353291102485 736.030404033984 784.226718695919 833.38962427741 844.771773180656 838.299953424945 824.979394586374 796.202943197205 763.295075999297 713.596640711689 659.269080599987 625.572974301621 616.530164908977 630.375853993956 663.714406792533 669.649595314114 657.866908584856 642.400086117742 634.162536400958 641.578783809821 653.332510897375 654.720007619607 654.861867313965 659.215637839999 658.55915185918 671.600566634813 673.206296080004 686.674947196026 687.22243383602 686.802310739447 694.371724432942 702.828649653046 712.647302495018 728.404404283673 748.659997053501 763.540586684795 796.930487937482 845.943551558151 912.736616899764 984.129545355764 1026.74160459194 1009.74249840685 985.974742761111 968.357621884018 938.916180193397 913.794082401963 862.486923449252 817.028362904129
583.787649715765 599.562360480007 611.587195675421 611.602628662585 613.58607618399 617.044058441762 630.143858981914 658.777272979016 700.832063679999 749.083099038199 795.13401467486 822.205326700011 827.310982747764 830.408471077178 831.591382067835 827.311832117803 799.80253039717 750.105123879626 674.721006109257 637.018669200109 619.483822081801 604.906449828517 610.431380767929 615.486801330371 618.446347532438 616.998922296049 613.889859995231 619.989081364816 627.91652690088 636.210048240003 645.541595404182 652.418084965058 651.662599845973 650.500431696417 655.614499146272 670.280370072228 674.784040395217 675.953402560615 680.415312528336 683.799772091356 694.881362546565 707.136337098798 722.095919435178 746.040927020007 785.554735973467 843.246958874252 905.475092319876 960.229879072222 1003.3497156817 1020.05093992465 1021.02252205363 984.048771165785 938.531040181185 912.134101970396 854.434165290545 808.588321540249
602.98701063744 614.830334610709 622.026872520724 617.93879477632 614.919185238502 621.191341900001 634.159562745898 658.087968167228 693.269174109751 729.712744747261 762.067411870469 791.769689029105 819.453368537697 843.580842617274 869.438101302658 909.754113865275 890.715780505068 825.496921086245 754.486042795975 681.250130678592 625.999165235099 608.688080915415 591.722870525193 591.599977216169 606.642812704933 614.069765738469 614.227679782364 617.996415239973 625.562218999698 633.832664691853 642.117147187762 646.598986818364 649.699029617501 644.918644290445 649.885977320004 661.125397665856 661.089784664486 665.843384449467 673.857121484339 678.316757640001 688.821626787497 699.067808411138 709.222271673479 729.770120766073 772.747952136893 832.91552367716 885.506830443414 930.540901486995 981.329487897631 1039.45036091854 1080.68637442455 1039.32112923569 967.972488715523 911.23883431103 847.428021233322 800.827610109863
630.118925563803 635.265436267099 628.141758669481 617.813610263456 606.81140088997 603.759114030351 614.455480426551 635.322014722689 661.466852540954 689.176906378981 723.229133678248 752.329584136167 779.00915482838 812.060718783911 867.192862461496 961.206763608033 945.420138648346 895.264193371993 821.524002148087 699.378211110873 633.159209084834 615.885105470632 580.96596118668 577.105367164972 597.499762838162 609.662627211142 618.169336648989 626.516071952588 630.157866328686 635.613027587026 642.94265746 647.315641990925 646.064821070506 635.464711120377 631.664106746471 638.656059544416 639.097220955759 656.112645776649 678.288367487847 688.816250040003 696.267899275937 702.303332153544 707.732533479069 720.956205720005 768.132737083425 826.007727031105 865.590109521033 901.488910634423 965.092215116159 1040.42905952966 1095.59374628 1090.48781764858 1011.61731318622 908.304898991405 838.344665393132 788.25009728573
