catData/variables/pastClimate/lgm_MPI_ESM_P/bio15.asc
NCOLS 409 
NROWS 350 
XLLCORNER 60.897278365 
YLLCORNER 5.843756025 
CELLSIZE 0.0892857 
NODATA_value -9999 
[rows 208 to 233 of 350, columns 118 to 176 of 409]
-9999 -9999 -9999 -9999 -9999 -9999 -9999 -9999 -9999 -9999 -9999 -9999 -9999 -9999 -9999 -9999 152.37446018 153.54941985069 155.146708564828 156.136701319653 156.2321909 157.303535817232 157.940234100707 153.830746517578 146.897987293818 134.763572926539 116.10854177795 102.177308848539 92.1988256200247 86.8582431444688 83.8577331199999 82.7863047199997 82.2321908999999 82.0954901376051 81.4931144068763 81.2321908999999 82.0352190800001 82.903606619679 83.2196258848026 84.0213333892845 85.3415377137659 86.7475321017524 88.6416129772713 90.0703601072105 90.5197011483079 91.4458837800001 92 92.58874058 93.8134542096184 95.6953856600001 97.2216719585814 98.3388359800003 99.4102643799998 99.4603623479737 99.3209302800003 100.2321909 100.46378708 101.53521548 102.2321909
-9999 -9999 -9999 -9999 -9999 -9999 -9999 -9999 -9999 -9999 -9999 -9999 -9999 -9999 -9999 -9999 151.53522268 152.980857497158 154.600482150997 155.654859700848 155.445957407307 155.89236468 157.637726456383 154.361583868227 148.16391322 137.48304737534 125.462132991287 113.719170868785 99.7130300078286 89.381891622107 83.8362616977144 81.7148763199998 81.1607625 81.1607625 81.0546316985227 81 81.8030281800001 82.1405798259423 82.1607625 83.1780758800002 84.2495042800001 85.4811028599999 87.6239596600003 89.4150741051278 90.37445538 91.0716813911823 91.5949102806628 92.5887405800001 93.1061304156473 94.0099733038023 95.1245507800001 96.9298539198885 97.3128249482672 98.1607625 98.1750284645773 98.4559438072678 99.3923586800002 100.209477489042 100.635779982803
-9999 -9999 -9999 -9999 -9999 -9999 -9999 -9999 -9999 -9999 -9999 -9999 -9999 -9999 -9999 -9999 -9999 151.575055734995 152.69598518 153.76741358 154.11969216952 155.487181437692 156.143476028273 153.477172254034 148.275397202207 138.705970319242 125.716994508701 110.695695940489 102.620297810212 89.6028358169361 83.6479726224713 82.0587263805924 81 81 81 81 81.0717377997349 81.8856718884367 82 83.0173133800002 84.0079276670487 84.263812938877 85.6418653600002 87.7576515174661 89.4637894799999 90.0893340999999 90.60664628 91.1419287098477 91.7798615783238 93.4871722664955 94.0717375853331 95.0419068571619 96.0400512110099 96.1944327191816 97.0893341 97.24950188 98.3209302800002 99.0893341 99.4637870799999
-9999 -9999 -9999 -9999 -9999 -9999 -9999 -9999 -9999 -9999 -9999 -9999 -9999 -9999 -9999 -9999 -9999 -9999 152.043276737351 153.010541898151 152.369552793652 152.780513429154 153.842368855344 153.130036819683 149.19951370434 138.775204911159 124.423688513325 105.837112999491 92.337178693992 84.5760094404913 81.0470121713284 80.5819413158265 80.0179056999999 80.0179056999999 80.6662562493213 81 81 81.8744565800001 82 82.0352190800001 83.0179056999999 83.1780758799999 84.253651214694 85.64186536 87.4102667799998 88.4737113188005 89.0271685367013 89.6140101677966 90.6780746800001 91.762602843207 92.8244584412911 93.0335634142107 93.9816939799997 95.0352166800001 96.0179056999999 96.17807348 97.0220525917201 97.3334101127781 98.0246105427239
-9999 -9999 -9999 -9999 -9999 -9999 -9999 -9999 -9999 -9999 -9999 -9999 -9999 -9999 -9999 -9999 -9999 150.44588858 151.51731698 153.14597951765 152.661464023174 152 151.19696942 149.297885445648 147.111121493527 138.866478054593 123.827432716858 106.697070391053 89.3516509018201 81.4361108376124 79.5385388114216 78.9464773 78.9464773 78.9779884138956 79.6601713800002 80.7315997799999 81 81 81.050626318019 82 82.0839920803317 82.9464773 83.190471661318 84.5898351378578 86.32093268 87.3923610800001 88.4637894800001 88.9464773 89.6066462800001 90.6780746800001 91.7924831879153 92.8744541800004 93 94.0163844496109 95.0352166800004 95.9464773 95.9464773 95.9464773 95.9665190345127
-9999 -9999 -9999 -9999 -9999 -9999 -9999 -9999 -9999 -9999 -9999 -9999 -9999 -9999 -9999 -9999 -9999 150.44588858 151.51731698 152.58874538 152.33982622 152 151.19696942 150.12554102 147.398717197215 141.285524162723 128.248632699631 116.307083080304 97.3140366037541 83.3783260850944 78.3594376654565 78.0692371313342 78 78.5887429800001 79.6601713800002 80.8230139772707 81.1249511000001 81.1249511000001 81.9526467112755 82 82 82.0200134401782 82.5302712653414 84.17807588 85.2495042799999 86.3209326800001 87.3277223540656 87.8236615830855 88.4527290397631 89.5731090773881 91.3807615054607 92.733815991691 92.9932379688418 93.8772119259931 94.077651296856 94.8750488999999 94.8750488999999 94.8750488999999 95.2027135682506
-9999 -9999 -9999 -9999 -9999 -9999 -9999 -9999 -9999 -9999 -9999 -9999 -9999 -9999 -9999 -9999 -9999 -9999 151.51731698 152.473127856648 152.273091316829 152 151.354668163785 150.32192052 148.693233447778 144.554085192652 129.00770719539 112.448738046478 99.1790122106953 91.858752970649 81.5886088283927 78.9681265098293 78.1963795000001 78.6695054279592 79.6601713800002 81.4631995599999 82.1576982724744 82.1963795000001 82.1963795000001 82 82 82.1287160401366 82.8491017133411 83.3030269800001 84.37445538 85.3583213462256 85.8036204999999 86.2767444992698 86.7368846542078 88.1231445323143 89.5679645811636 91.5525288600007 92.7495030799998 92.8209314800001 93.8036204999999 93.8036204999999 93.8036204999999 93.8036204999999 93.8036204999999
-9999 -9999 -9999 -9999 -9999 -9999 -9999 -9999 -9999 -9999 -9999 -9999 -9999 -9999 -9999 -9999 -9999 -9999 151.378775405952 151.889862763853 151.823200246343 151.7321921 151.517134166734 150.58992522 147.187466905749 143.007336150712 131.096688557447 116.476984186863 101.17492655954 92.8895050418964 85.2053098282994 81.1979572599995 79.5356158 79.3779457788864 79.9279792800002 81.5350792592776 82.8030281800001 83.234186380331 83.2678079 82.2678079 82.2678079 82.2678079 82.4373825506473 83.3030269800001 84.37445538 84.8805888012341 84.7321921 84.7321921 85.3923610800001 86.4637894800001 88.3382436600002 90.2469147224087 91.6635816073963 92.0126749627994 92.7321921 92.7321921 92.7321921 92.6510397235817 92.4643842
-9999 -9999 -9999 -9999 -9999 -9999 -9999 -9999 -9999 -9999 -9999 -9999 -9999 -9999 -9999 -9999 -9999 -9999 150.6607637 151.24950908 151.224544830484 151 150.19696942 149.12554102 147.10822524 141.557568783415 133.689890272729 121.223201786802 107.487807019998 96.508384194338 88.5698332564132 83.3775288041508 81.1637444159447 80.4112570199999 81.3320336689517 82.9974938824481 84.1599733800003 84.6381069505804 84.3575940791593 83.3333629730283 83 83 83.0785666453645 83.6422632800001 84.5866628223737 84.7053761837571 84.1637452301119 84 84.4362156978501 85.39236108 86.9943997655883 88.4926281805432 90.2316511533261 91.6607637 91.6607637 91.6607636999999 91.6607636999999 91.3577391199996 90.6607636999999
-9999 -9999 -9999 -9999 -9999 -9999 -9999 -9999 -9999 -9999 -9999 -9999 -9999 -9999 -9999 -9999 -9999 -9999 -9999 150.17808068 150.5893353 150.5893353 149.78630472 148.71487632 146.69756054 143.331196779598 137.902175648224 126.410362790973 113.095048019998 101.915394380001 92.7139011562272 85.4087887856553 81.6809072831985 81.1365848977765 83.0593523748516 85.7636417641736 87.8732435332629 87.7166459690888 85.9198906769079 84.3933513199999 83.3742215835388 83 83.2315985800002 84.1785844961665 84.7431109062911 85 84.4826878199999 84 84 84.7315973800001 85.8030257800001 87.3898008965072 88.9236584659508 90.5893353 90.5893352999999 90.5893353 90.5893353 90.2863107199996 89.5893353
-9999 -9999 -9999 -9999 -9999 -9999 -9999 -9999 -9999 -9999 -9999 -9999 -9999 -9999 -9999 -9999 -9999 -9999 -9999 149.304915294645 149.5179069 149.5179069 148.71487632 147.64344792 146.082137919275 144.412829979999 139.814922616842 131.030642462509 118.009988116764 105.572926506805 95.4135426680205 86.8067760199989 82.4474639399998 82.6595790600002 84.1422644800002 85.6187948223013 88.0577639953167 89.818429150403 87.6183496822519 85.4564330589641 83.9540400198197 83.4820931 83.7136916800002 84.4820931 84.85654848 85.26713560626 84.7320804525239 84.198265328692 84 84.7315973800001 85.4158925923399 86.8139294064448 88.4357616947716 89.5179069 89.5179069 89.5179069 89.5179069 89.3609683791482 88.8194788020676
-9999 -9999 -9999 -9999 -9999 -9999 -9999 -9999 -9999 -9999 -9999 -9999 -9999 -9999 -9999 -9999 -9999 -9999 -9999 148.4464785 148.811898880966 148.595042463923 148.087942611187 147.12554102 146.05411262 146.02819522348 140.981434051629 133.682635133481 123.099868401849 109.569580423039 98.4695082 89.0451537456332 83.7860690977063 83.7310074600002 85.2136928800002 85.1485652923748 85.7170696345283 88.5163267400003 87.5247547129571 85.9749565680674 84.5044010168217 84 84.1034037866006 84.6142104485101 85.37445538 85.5541162199998 85 84.4112594199999 84 84.3266425008263 84.8909705342843 86.2648791706057 87.3923610799998 88.4560604996161 89 89 89 88.8322693799413 88.07202552
-9999 -9999 -9999 -9999 -9999 -9999 -9999 -9999 -9999 -9999 -9999 -9999 -9999 -9999 -9999 -9999 -9999 -9999 -9999 -9999 148.247598242206 148.100662629231 147.498146119332 146.50059112 146.611427167085 147.560013989958 143.453305952833 137.643169184293 127.15351497858 114.791426320001 103.146154347835 92.9327101599987 86.3012644699205 85.0594508935235 85.8725472420862 84.8111870106491 84.3750501 86.4519282877749 86.3953459436625 85.3685567150996 84.9112582199999 84 84 84.1136502991517 84.5154896277145 84.5828714437225 84.3750501 84.1542428865969 83.5874274619658 83.8322618094713 84.3011748990916 85.2495042800004 86.3209326799999 87.3923610800001 88.3750501 88.3750501 88.3750501 88.0720255199996 87.2346114724057
-9999 -9999 -9999 -9999 -9999 -9999 -9999 -9999 -9999 -9999 -9999 -9999 -9999 -9999 -9999 -9999 -9999 -9999 -9999 148.286388793143 148 148 147.19696942 146.12554102 145.628496488648 147.93599432656 143.948644979999 139.036518026901 130.006427716729 118.755811720001 107.230863592258 96.9079182999767 89.5025619999996 86.8579022089014 85.7769202533736 83.8404221400001 82.7444103011593 84.3561565600002 85.2659371743678 84.3036217 84.2766777698953 84 83.8387197745771 83.3036216999999 83.5643843009502 84 83.6397550235222 83.3036217 83.1031800720051 83.2221288402311 83.8628314275326 84.2655032647038 85.9081963830598 86.3209326800001 87.3036217 87.4151590663512 87.8387214458849 87.2116168618785 87
-9999 -9999 -9999 -9999 -9999 -9999 -9999 -9999 -9999 -9999 -9999 -9999 -9999 -9999 -9999 -9999 -9999 -9999 -9999 -9999 148 147.438270944461 147.045734979629 146.12554102 145.05411262 147.944032051899 144.344691604009 138.87879194 130.861814984169 120.43448352 109.0232289 99.09718547644 91.9490404999996 88.0427888107559 86.1865412487121 83.7428799271977 82.1969718199998 81.7346722970505 81.9162080549263 82.4776799291636 83.2321932999999 83.2321932999999 83.1784176614344 83 83.0869460303849 82.8898407462945 82.3442701777955 82.2321932999999 82.2321932999999 82.2321932999999 83.03521908 83.9036050782473 85.1655101776625 86.0040194935725 86.3003279905181 87.0371898853919 87.1784182186983 87 87
-9999 -9999 -9999 -9999 -9999 -9999 -9999 -9999 -9999 -9999 -9999 -9999 -9999 -9999 -9999 -9999 -9999 -9999 -9999 -9999 148.285194091724 147.882384048693 147.165303650891 146.859417689526 145.89334772 147.123349570359 144.556279099999 139.013214391194 131.754826279998 121.50591192 110.0946573 100.272145659999 92.8185136467216 88.2337710599998 85.2317506317767 83.3546988890566 81.5230423850546 80.2863083199998 80.1607649 81.1635482838044 81.3960050166125 82.0263444629707 81.3215298 81.3215298 81.3215298 81.6240486573934 81.5658534608864 80.6666731404696 80.8755667799473 81.1607649 81.2898632592191 82.1959839800004 83.2674123799999 85.1607649 85.2495042800004 86.2951833228652 87 87 87
-9999 -9999 -9999 -9999 -9999 -9999 -9999 -9999 -9999 -9999 -9999 -9999 -9999 -9999 -9999 -9999 -9999 -9999 -9999 -9999 -9999 148.244420098154 147.92826005859 147.114325624667 146.05411262 145.14404144 142.896584271126 138.893101197693 131.215838239049 121.942634615794 110.825080667463 100.026858290718 91.9854490199993 86.7869608172324 83.1981588599995 80.7808320037461 79.3932415929972 79.1005521097408 79.0893365 80.0893365 80.097264380029 80.1643639567144 80.0893365 80.0893365 80.4303393469446 81.039833696312 80.5720243199999 79.5005959199999 79.1483136860817 79.8449120306617 80.8206227674051 81.8744541800004 82.9458825799999 84.1051009776353 85.0079276656214 85.2495042800001 86.0893365 86.0893365 86.4303371613522
-9999 -9999 -9999 -9999 -9999 -9999 -9999 -9999 -9999 -9999 -9999 -9999 -9999 -9999 -9999 -9999 -9999 -9999 -9999 -9999 -9999 148.26839782 148 147.12554102 146.05411262 144.99937981456 144.610796319649 139.86088384 131.901830613508 121.9697062 110.88096442 99.5491231742982 90.4059701612291 84.6808442799995 81.0553020599993 77.8541184220202 77.0393435910495 77.0358161999998 77.9647621771895 80 80 80 79.7725489105303 79.0179080999999 79.0246138843904 79.0358161999998 78.5185040199997 78.0252729748192 78.6662547078894 79.7315973800001 80.0143806659707 80.8923622800003 81.9637906799998 83.0182181067608 83.1229664263092 84.17807588 85.0179080999999 85.3155060855191 86.0067057414111
-9999 -9999 -9999 -9999 -9999 -9999 -9999 -9999 -9999 -9999 -9999 -9999 -9999 -9999 -9999 -9999 -9999 -9999 -9999 -9999 149.67965244 148.307553388154 148.010541862449 148 146.158849416344 146 145.649772895136 140.940884724534 133.035027133928 123.1302671 111.66706754 99.6539711757593 90.4323182399992 84.0782956990871 78.7344756703082 75.5903207400001 75.8135701708981 76.8276554015015 76.9971037478951 79.0173133800002 79.9952505133119 79.7948818760847 78.9876047745188 78.6596708148776 77.9799590357258 77.5244597536706 77 76.9684904275362 77.6066486800001 78.6389217687432 78.9359375806533 79.7741328299505 80.8388419799999 81.9637906800002 82.9464797 83.1066474800001 84.1780758800002 85.2495042800003 85.9665205358255
-9999 -9999 -9999 -9999 -9999 -9999 -9999 -9999 -9999 -9999 -9999 -9999 -9999 -9999 -9999 -9999 -9999 -9999 -9999 -9999 -9999 148.908587258692 148.172358347031 148 147.05411262 145.8750513 145.64208416977 142.28886192 135.368151318629 126.056791772908 114.459718627184 101.635842937076 91.4391088557371 84.5411047899846 79.5667507357076 76.8781102814315 76.1741714456913 76.1249487 77.0708336799999 79.0173133800002 79.9112582199999 79.0200130557698 78.864412178507 77.9621371727841 77.547383632939 77 76.9353625156148 76.3598730901082 76.5776817241688 76.9664634415544 77.7026887527226 77.9843132130006 78.9458825799999 80.7674135800001 81.7611904701698 82.055231835893 83.2315961800002 84.3030245800003 85.4212403930621
-9999 -9999 -9999 -9999 -9999 -9999 -9999 -9999 -9999 -9999 -9999 -9999 -9999 -9999 -9999 -9999 -9999 -9999 -9999 -9999 -9999 148.26839782 148 148 146.868361999389 145 145.01742732471 144.26679584676 137.444788766427 127.529546258282 114.941784958727 102.544277130082 92.5454030229912 85.529800760942 81.4122400599997 79.5174849768431 77.5903207399998 77.1963771000001 77.956511930694 79.0173133800002 79.9286850734051 79.3250935245452 79.6277641550088 78.0897272200001 77.2456852767925 76.9124386363465 76.4894872514061 76.0807619322473 76 76.587928408148 76.8036228999999 77.6780770800003 78.7495054799998 79.0173109800002 80.0887393800004 81.2888822758503 83.0806992661997 84.3030245800003 85.6753719697012
-9999 -9999 -9999 -9999 -9999 -9999 -9999 -9999 -9999 -9999 -9999 -9999 -9999 -9999 -9999 -9999 -9999 -9999 -9999 -9999 -9999 148.00059232 147.7321945 147.7321945 146.093733582745 145 145.160042718491 146.045448697873 140.619592103749 132.026340429252 119.293604140994 107.304387611376 96.0090455902448 88.0031531199995 83.3782993334929 80.8046059400002 78.6617491399998 78.0336212183648 78 79.0173133800002 80 79.95710554486 79.7321945 79.4291675199999 78.0835649502686 76.6735263486447 76.5080395859581 76.3011218853971 76 76 76 76.8744541800004 77.6925700227217 78.7541414556546 80.0649744859697 80.8923622800001 82.1953868600004 84.0352190800003 85.2069280475353
-9999 -9999 -9999 -9999 -9999 -9999 -9999 -9999 -9999 -9999 -9999 -9999 -9999 -9999 -9999 -9999 -9999 -9999 -9999 -9999 -9999 147.02021355923 146.6607661 146.957412230175 146.05411262 145.333359800419 145.385081754284 148.807215517973 144.475061743688 135.920814581609 123.276779333095 109.998408496605 98.3415787424992 90.1460099199996 85.2617347919054 82.0581352467832 79.7331775399998 78.1681320039858 78 78.6780794800001 79.6306618798776 79.1613620199999 78.3215321999999 78.2240992684611 77.62554462 77 76.6581776483389 76.3392339000001 76.1152822022556 76.2481826324473 76.3392339000001 76.9170435781476 77.3208754365555 78.028749488742 79.6908695059611 80.1601677800001 81.3846270846338 83.0665868900697 84.7489059599999
-9999 -9999 -9999 -9999 -9999 -9999 -9999 -9999 -9999 -9999 -9999 -9999 -9999 -9999 -9999 -9999 -9999 -9999 -9999 -9999 -9999 146.53679564 145.670225615047 146.46379668 146.031890607012 145.579132858041 145.553052567212 150.91164174 147.937490811128 140.130739382159 127.406042446812 113.583351324215 102.034805065739 94.2692914274486 88.9412446653897 84.1153691833319 80.5557214412724 78.6101931903928 78.4106623000001 78.4208657275486 78.9112582199999 77.9056056745103 77.3155534944604 77.1785852234312 77.2148823199999 76.5893376999999 76.5893376999999 76.8311112606861 76.6109375317154 77.1422596800001 77.4106623000001 77.4106623000001 77.9681065641672 78.0173109800002 79.0887393800004 80.1601677800001 81.2315961800002 82.6060491600006 84.5951322379913
-9999 -9999 -9999 -9999 -9999 -9999 -9999 -9999 -9999 -9999 -9999 -9999 -9999 -9999 -9999 -9999 -9999 -9999 -9999 -9999 -9999 146.53679564 145.19696942 145.452890438211 145.973912809145 145 145.624387952287 152.024344284852 150.917829178568 144.40512421185 133.084070199842 120.275162840634 109.486751176022 100.331117813954 92.5088902345907 86.0924920200004 81.6571103974154 80.0897248199998 79.9641814 79.9474881610327 78.9112582199999 78 77.8800529415511 77.3360042110929 76.62554462 76 76 76.58874058 77.3182613256865 77.8609917869577 78.3871312603983 78.4820907 78.4820907 78.4910562175342 79.0887393800004 80.1601677800001 81.2315961800002 82.4599638281111 84.0728825792452
-9999 -9999 -9999 -9999 -9999 -9999 -9999 -9999 -9999 -9999 -9999 -9999 -9999 -9999 -9999 -9999 -9999 -9999 -9999 -9999 -9999 -9999 145.19696942 145 145.422320648721 145 145.286857086781 148.996042571631 152.201791646008 147.497184878765 139.230287233374 127.970480439998 115.519909377045 103.630865419999 93.755003603792 87.0153557717862 83.1444345599997 81.1950341008491 81.5235654028331 80.9462066669683 77.8042200199997 76.8929617999998 76.7647675624368 76.5396093837359 76.62554462 76 76.2863421722927 77.1422596800001 77.8482719403426 78 78.8030257800001 79 79 79.5439371419303 79.0887393800004 80.1601677800001 81.2315961800002 82.1352946872007 82.9881199835179
