catData/variables/pastClimate/lgm_MPI_ESM_P/bio10.asc
NCOLS 409 
NROWS 350 
XLLCORNER 60.897278365 
YLLCORNER 5.843756025 
CELLSIZE 0.0892857 
NODATA_value -9999 
[rows 104 to 129 of 350, columns 58 to 115 of 409]
23.053435735735 22.7766599283358 22.8251598046316 22.3467446170099 22.4083732906198 22.633860862927 23.231953761993 23.3381905095783 23.4689912442256 23.5216201575984 24.0415440731133 24.2490529705531 25.3528011560026 25.2236882344219 26.056196177245 28.5222158932646 30.9147401337776 31.06607445 31.0507707497336 31 30.9872959067551 30.96607445 30.914341792 30.86607445 30.8224531962674 30.775179667977 30.7130140117786 30.6703331724658 30.571484752 30.564341912 30.46607445 30.46607445 30.4739319663123 30.5200231339321 30.56607445 30.5812017095792 30.6341819106652 30.66607445 30.66607445 30.6908947006017 30.780303778 30.7703332538871 30.76607445 30.764342152 30.657199312 30.5606402628646 30.501542133782 30.3897193173534 30.3413318824022 30.2402834838421 30.16607445 30.1271731056691 30.1 30.0516594711803 30.0869856710641 30.1296666646916 30.228514768 30.201732058
23.548111966 23.8582702064539 23.4045367239377 22.1034787293676 21.5235805635585 22.3959854247031 23.5064404366761 24.0012287007621 23.6094045729107 23.3057590149084 23.556062904171 24.1784262326838 24.0465885354482 25.1365590227576 27.5518127389401 30.0955969099195 30.867807228 30.95893161 30.95893161 30.95893161 30.9368635029683 30.8816876796435 30.8284447217448 30.8 30.7728873314786 30.7158165499096 30.6670204327021 30.571484752 30.5031883780745 30.4579105974627 30.4 30.4 30.423161058 30.5 30.5 30.5262773562076 30.5801772811807 30.6 30.6 30.6431149186545 30.739235388 30.7073979101221 30.6611536324897 30.657199312 30.5537013482869 30.483982022 30.3904882249366 30.328627952 30.25893161 30.2063771804565 30.1198228173835 30.1 30.1271124713931 30.14106839 30.14106839 30.1926019484421 30.2557429490538 30.2010207296656
23.0057245931867 24.0811847996484 22.9551881648336 22.2277844573358 21.6175322817955 22.1345407812873 23.2695042871887 23.6512593317415 23.246737106845 22.7537588490773 22.9058590290354 22.9515256659741 22.1753070656131 25.5255192792635 29.0151761134337 30.1613500444131 30.7210112472158 30.9 30.9 30.8853900023293 30.85178877 30.8286962517126 30.8 30.7716153982456 30.685770432 30.65178877 30.6102003068172 30.5547123478381 30.5026083731409 30.4 30.4 30.3845548401562 30.3379048289428 30.4663986519638 30.5 30.5 30.5267915829735 30.55178877 30.5836169070684 30.6 30.6415883388897 30.65178877 30.6028020531521 30.5508916341731 30.495721186806 30.4434932562149 30.376839182 30.269696342 30.2 30.2 30.148267822 30.1283843703405 30.1824010666386 30.1647283276176 30.15178877 30.1939477444243 30.2 30.1991649535339
23.0623483847755 24.1322366879902 22.803664564 22.482684390088 21.6159648376183 21.4176440573317 22.7224732905603 23.9718838401633 23.8578213868598 23.5494658518723 23.5864022596374 23.3906847105327 22.0749683619313 26.2941142029614 29.4038862135585 30.163058796853 30.6217138381994 30.84464593 30.84464593 30.8311163657614 30.8 30.7753177209314 30.74464593 30.685770432 30.6151714290294 30.6 30.6 30.5515946050099 30.5024154796437 30.4 30.3901742340982 30.2749888952089 30.246322116 30.4135294570884 30.44464593 30.4693280762188 30.5 30.5 30.5294743938204 30.54464593 30.54464593 30.54464593 30.54464593 30.5 30.491124862 30.3911333972453 30.3343055674083 30.269696342 30.2 30.1753179866309 30.092913752 30.103520948 30.14464593 30.1524800799668 30.15535407 30.1459901894188 30.14464593 30.0885185665977
24.0421264124894 23.9302992266995 22.833587512902 22.9698901901778 22.2141349328302 21.247748262292 22.5189960633452 24.0917288295828 24.5586783399586 24.7762493049896 24.8767689552759 24.4146773015024 23.6578967244841 27.4272900430579 29.7728657038952 30.3297590665857 30.6122042490066 30.73750309 30.73750309 30.73750309 30.73750309 30.7207805304246 30.6676686872891 30.6154229589971 30.6 30.6 30.5498124701442 30.5047078161421 30.5 30.3989172172854 30.319752334 30.1575248725741 30.2943440804267 30.4 30.4 30.416722469568 30.4698342527183 30.5 30.4587407287092 30.483226415577 30.5 30.5 30.5 30.498917367278 30.428627952 30.3314958532945 30.2855252044193 30.207199432 30.1141001858468 30.030416842 29.9556050147257 29.9595830409881 29.97500618 30.048166878 30.07500618 30.0968623703138 30.0408846615568 29.93750309
24.5903699441299 23.9190094325971 22.8078379146785 23.1456518415191 22.4963333984339 21.6446332243132 23.0143854760342 24.0856222745803 24.7303125224854 25.4671850370463 26.0435029073456 24.6067912945333 25.2815484577852 28.1085122478408 30.0776686959998 30.4718986037328 30.608875618 30.7 30.7 30.6788962740571 30.6564382318617 30.6689477622193 30.6146540856995 30.6 30.5540249944626 30.53036025 30.5059797493752 30.5 30.434127970787 30.328627712 30.2187902850507 30.132036436 30.323161058 30.4 30.4 30.4 30.4157060914359 30.43036025 30.4562918288039 30.4409024993583 30.43036025 30.43036025 30.4962321120776 30.428627952 30.321485112 30.23036025 30.2233285677531 30.1485929503279 29.992913752 29.8547190084901 29.7607205 29.7607205 29.8066951712666 29.903520948 29.93036025 30.017806628 30.0016427269422 29.96963975
24.246356042338 23.3795802811611 23.0454058610287 23.135925208 22.6411722360817 22.2057273119468 22.7129946725466 23.2949573743404 23.7519455769664 25.2413789932523 26.094841229513 23.8598526058941 24.9594762920003 28.5849078483126 30.1371068460693 30.501732778 30.608875618 30.7 30.7 30.669695862 30.6086942184149 30.6128648091367 30.5602783253118 30.52321741 30.5078896617914 30.5 30.4383404951055 30.490361372446 30.405410302 30.2969371744508 30.1279715222014 30.1965198233478 30.3053773977962 30.32321741 30.3519699853069 30.4 30.4 30.4 30.4153276924869 30.350056472 30.3848767306163 30.4 30.4219612222806 30.398267702 30.291124862 30.187700981626 30.1054339340744 30.0090954374771 29.8570185209713 29.6914929925802 29.62321741 29.5780116463166 29.612452678 29.719595518 29.8697530926761 29.987446378 30 30
23.5981866312486 22.8640197048085 22.9092432819489 23.5254019727076 23.3555957499999 22.895104201364 23.1074686309182 23.7250741321725 23.6588547821183 24.4921739511784 25.9133782694624 24.8541508291081 24.3508805046254 28.6659235032099 30.2298248099999 30.501732778 30.608875618 30.6865564402441 30.61607457 30.6112033101243 30.5685724626915 30.5534967664927 30.548267342 30.5 30.5 30.5 30.4870914744138 30.424591984804 30.4802544935644 30.296534924 30.108875378 30.216018218 30.3 30.3254326767033 30.3899448321125 30.3625780049283 30.31607457 30.31607457 30.31607457 30.3043142638085 30.3129084870073 30.389464520177 30.4 30.314342272 30.2146479297296 30.183982022 30.076839182 29.9442638667178 29.741181574 29.571485232 29.51607457 29.5066106640191 29.566017858 29.673160698 29.860607076 29.8406668804882 29.9115335479401 29.91607457
24.3515631243342 24.0623299439088 23.4254995743284 24.2083019877098 24.15046177962 24.4027085887789 24.3620889156385 24.5741026208252 24.8459344206063 25.2863057535367 26.4366882900003 25.4296235829596 25.0639096674786 28.7741191048625 30.2458993799999 30.501732778 30.6007927462356 30.6075010045813 30.5789074066018 30.50893173 30.5055870670319 30.5039826421513 30.5043111086656 30.5 30.5 30.5 30.5 30.49218948275 30.4133755648663 30.2996905087674 30.2829292647994 30.307086488 30.39106827 30.3661776966977 30.30893173 30.3049491092849 30.3 30.3 30.3 30.3 30.3 30.3078104958139 30.30893173 30.298267702 30.2 30.183982022 30.0557470257295 29.8759214310873 29.725107004 29.555410662 29.5 29.5536164603548 29.7172074491717 29.7886710560115 29.7322822175838 29.7100529856223 29.7173801835609 29.80893173
24.4616473671761 22.5539913427148 23.8924845640256 23.92231458734 24.3223214120661 24.9084083998263 23.9224051044619 24.4600812443802 25.104279256639 24.7231456184635 25.6359332413004 26.500595829029 26.9682370503182 28.6760384990027 30.3175440802904 30.5000309974924 30.50178889 30.5175207954067 30.576838702 30.5 30.5 30.5 30.5 30.5 30.5 30.5 30.5 30.5 30.405410302 30.3 30.3 30.316018218 30.3772532678504 30.3012467865991 30.3 30.3 30.3 30.3 30.2351628931533 30.2736410592962 30.3 30.3 30.2071026433552 30.2017579010943 30.1912836284562 30.085770912 29.9782137504429 29.869696342 29.725107004 29.5992023457915 29.547404363759 29.6166968266905 29.70057308372 29.4862330892313 29.4057190180391 29.4912487284886 29.5964749009381 29.6052788533877
24.8094934713401 21.98030850158 24.1744599780026 24.7560648965499 24.1241463849062 24.1116499287215 23.8347589393125 24.1432075076412 24.7610169440903 24.954292637493 25.5210026733728 25.2865712136538 27.3945093325368 29.3116838112272 30.1674835159999 30.396378828 30.4951212461499 30.5 30.5 30.469695862 30.4 30.4 30.4 30.458875498 30.5 30.5 30.5 30.4953181389461 30.4051206371361 30.3930062712182 30.3 30.3151606106174 30.3727250234648 30.298377544453 30.29464605 30.2524437757113 30.2 30.2 30.2 30.2 30.2 30.2827647697956 30.200056592 30.1930064983688 30.091124862 30 29.9755991633847 29.864342392 29.719753054 29.5524440028618 29.5461927481119 29.5892921 29.4537218208916 29.3146944391906 29.2892921 29.376738478 29.4788170585629 29.3909314244807
25.1202338336211 22.8136893716204 24.3432421333448 24.9296224225518 25.1741102502935 23.5579315680822 23.8216418388342 24.5389646651824 24.8025201202562 25.5258811260001 26.6376054541074 25.3227402107683 26.840359203517 29.3284861734059 30.2628056500869 30.3140130263722 30.4077664506573 30.48750321 30.48750321 30.4609861164872 30.4 30.4 30.4 30.458875498 30.5 30.5 30.5 30.412553142 30.4 30.3 30.3 30.3 30.29710561122 30.2609863264949 30.2 30.2 30.2 30.2 30.2 30.2 30.1899646055013 30.18750321 30.1047343979284 30.0997835183568 30.0797371793581 29.9979982669271 29.9440759327877 29.769696342 29.625107004 29.4944277640677 29.435771032 29.3801457226381 29.1852029590767 29.0783604712084 29.0850417845064 29.1640215977787 29.1868270359361 29.18750321
25.5723367890733 23.9501700565705 25.1918816290349 26.3776259140361 26.0772694298272 24.554812163731 24.1338397364556 24.7983710736323 25.4124594785768 25.6451063587051 26.8602648285589 25.9250082161814 27.2855674185459 29.4195240740285 30.2654145956808 30.3807006811879 30.4 30.4 30.4 30.4 30.4 30.4 30.4 30.458875498 30.5 30.5 30.4842285879897 30.4100877513578 30.3814229332947 30.3 30.3017430914003 30.3164937112522 30.276838942 30.2 30.2 30.2 30.1898399445147 30.18036037 30.18036037 30.18036037 30.1158279568752 30.1 30.1 30.0789682889177 30 29.983982022 29.876839182 29.769696342 29.6324613576551 29.4662931109973 29.348267822 29.2526878176976 29.087603914 28.9321104416074 28.980303538 29 29.0760122455649 29.08036037
26.0328116194046 26.4383617091296 26.0358298799393 27.6408648390688 27.4188664862014 25.8056682247325 24.4891220499267 24.7777324536525 26.2281883365307 25.7052112906013 26.5502631290548 26.7944755992387 27.3886743538487 29.0948663919389 30.2212433446071 30.301268697252 30.37321753 30.3775076687083 30.4 30.4 30.4 30.4 30.4 30.4431071854108 30.47321753 30.47321753 30.4144209115296 30.4 30.305410302 30.3 30.3064983325498 30.357199312 30.2562595754105 30.1918838676093 30.1832466913708 30.188057809649 30.1353403313311 30.1 30.0823187227086 30.0928118362716 30.1 30.0765796357681 30.07321753 30 30 29.9796920118475 29.850056712 29.742913872 29.6458001290929 29.522763450073 29.375050292 29.3110142859666 29.167964284 28.9928670879873 29.0123612070262 29.0033621700461 29.0253333289341 29
26.1230676251605 27.6357749291865 27.6099447059502 28.2764918792277 27.5657049185378 25.7185354522183 24.3531738003074 24.6744162983775 26.2756503640184 26.7972129898883 26.5352574521418 27.1600980842828 26.6478654798938 28.3285785870828 29.9848871313905 30.2333250806162 30.3 30.3105841464663 30.36607469 30.36607469 30.36607469 30.3812019239849 30.4 30.4 30.3776030741766 30.3908948464362 30.4 30.4 30.305410302 30.3 30.3 30.283981782 30.2 30.1799767933386 30.1459642040972 30.1366122645642 30.082449616823 30.06607469 30.0224534364026 30.0483408629846 30.06607469 30.008294608241 30 29.9994123125334 29.96607469 29.9394728826922 29.776839182 29.6799769519178 29.6212214694694 29.555410662 29.4658181237563 29.375050292 29.2242863569818 29.1430306264053 29.13392531 29.0761453868203 29.0982604671338 29.0333377039541
26.666894145863 28.4317016548636 28.6279591786139 28.673474115232 27.7517579198405 26.1600503587221 24.2530904754093 24.6087133546684 25.7684251628 27.1883982647682 27.137800046818 27.4820499882727 26.7670791529772 27.811289809209 29.3527129075089 29.4152696841551 30.1840856542273 30.25893185 30.2684437666046 30.28755465115 30.2743106310955 30.326277604659 30.35893185 30.35893185 30.3471385321547 30.3541374433544 30.3919112245683 30.3640871931863 30.3420346301184 30.3 30.3 30.283981782 30.2 30.1875547497135 30.1368637945319 30.1 30.048267582 30 30 29.9699541562407 29.9919111260047 29.9640872917498 29.9977779904956 29.9579109747411 29.9 29.883982022 29.776839182 29.7 29.662553502 29.5737226782138 29.5198227015407 29.441124982 29.333982142 29.2568850471957 29.2080889725588 29.1640873903134 29.064342632 29.0579111161775
27.1329487889737 29.288380458596 29.432179092 29.1654224242182 28.116001424307 27.0371796646469 25.0780958531716 24.7040673760339 25.5836172151555 26.5800990459252 27.696947004566 27.8956924038317 27.7162886093819 27.5717260836072 28.6448435404497 27.7602890928551 29.7724172626936 29.9493473459227 30.1637840169374 30.1148341822369 30.0565023909133 30.3 30.3 30.3 30.3341902436687 30.3138995602095 30.3415886559124 30.3065011479657 30.3489870681562 30.3 30.3 30.283981782 30.2 30.1843059112344 30.1301575468875 30.1 30.048267582 30 30 29.926839062 29.9415885316188 29.9065012722593 29.9489869438626 29.85178901 29.85178901 29.835771032 29.7397942516499 29.7 29.662553502 29.5785030387157 29.5249974271624 29.441124982 29.333982142 29.2647285032033 29.171485472 29.1065013965529 28.9598083835689 29.0008350423092
27.5443239850586 29.5931295073504 29.8067449293484 29.6093049654366 28.68200985963 27.8131534791645 25.7837318316512 24.9376907072936 25.9890849888259 26.3069061246099 26.7832943267439 27.8958540317422 28.1218046950878 27.4878703139999 27.9692569367013 27.6368650361859 29.119107594519 28.3341221402286 29.82323085 29.6549356589685 29.6336475487113 30.24464617 30.24464617 30.2772360130746 30.3 30.3 30.3 30.3 30.3 30.3 30.3 30.283981782 30.2 30.1832256318177 30.1279276356931 30.0753179607962 30.0215496267146 29.9674102897746 29.94464617 29.9119826132469 29.9 29.9 29.8476411122208 29.8 29.7950872711992 29.7374947563116 29.7 29.6832257646669 29.6279277428439 29.555410662 29.4713642581346 29.385771152 29.278628312 29.171485472 29.0198915480915 28.98929234 28.9571901687901 29.0580446484409
27.7692585872059 28.8313825659458 29.9055471156839 29.8844028501368 29.3446971400291 28.5450397393425 26.8808092312881 25.7242743339894 26.336690516911 26.8685382262551 26.946438132 27.3789216566306 27.7909313409457 27.839050400878 27.4946165133545 27.3182992916792 28.8062164513885 26.6235501239999 29.047408499894 29.0678136677555 29.1054995030625 30.0682442928181 30.1698345185525 30.258875498 30.3 30.3 30.3 30.3 30.3 30.3 30.3 30.283981782 30.2 30.169696102 30.1 30.055410422 29.9676689614395 29.9154231477039 29.9 29.9 29.8498128128658 29.83750333 29.802029133421 29.7989173714355 29.7341748577079 29.7 29.7 29.669696342 29.5765971857184 29.492913992 29.4181020405685 29.341124982 29.233982142 29.0811163020012 28.9270832911422 28.8453489257144 28.932092548 29.1648783074276
27.1294940381307 28.3575626252437 29.908875858 29.9854099343867 29.8022084651432 29.1781608530431 28.0428742521145 26.824781855301 26.292663524564 27.134537863973 27.8964395189127 27.0243422839403 26.3251361112948 27.6835178320158 27.4924397813301 26.7569407048058 28.1074110974625 26.7552739377671 28.2928475777475 28.6908556724258 28.803434246011 29.8809527467651 30.1181195175412 30.2178748896827 30.23036049 30.23036049 30.2862838146455 30.2391024365784 30.23036049 30.2987934690262 30.23036049 30.2254972805259 30.183870752698 30.1211600780781 30.1 30.0864623856303 30.017907092 29.9286390688176 29.8540253200415 29.83036049 29.8059798695107 29.7391026037132 29.73036049 29.7298345558389 29.7 29.7 29.7 29.669696342 29.5364759442806 29.4168229484954 29.3639739647285 29.271485472 29.164342632 29.0859365971996 28.989335972 28.882193132 28.964228728 29.201732058
26.7390614281503 28.9313418724297 29.908875858 30.0122995327638 30.0374881175176 29.7577680303251 29.1173508179601 27.9835956208035 26.5748810467326 26.8021957954864 28.06748544025 28.0854038405396 27.359445320885 28.1291064532322 27.2506405134006 27.6142417149577 27.2203655812387 27.4152847001107 27.9249665986306 28.2668445564291 28.6947236714381 29.5951142742423 29.9896221665299 30.1684236409386 30.2506904313474 30.27678235 30.2954270558352 30.2796968945736 30.27678235 30.222815395391 30.2 30.2 30.176838942 30.1 30.1 30.0657630741565 29.971485232 29.909548198661 29.833981902 29.8 29.7383408721128 29.7029146002959 29.7 29.6986699008866 29.6300321895221 29.6877010200691 29.62321765 29.592913992 29.5058292563142 29.4425456084341 29.348267822 29.2863306043833 29.210764492 29.1206078467992 29.019696462 28.9796970060183 28.998743743573 29.1262796228358
27.9197552566862 29.0299389540002 29.8323997486907 30.016018698 30.0962768267734 30.0135736916296 29.6525003417124 28.8753088253855 27.5989165180001 26.6414544463919 27.6353521061311 28.175063012 28.1252586328367 28.2914147771241 27.8802534678739 27.8179306547454 27.8483731116771 27.2763081584272 28.2369678905292 28.1529815021831 28.7480378176927 29.4016018105229 29.7439308624815 30.0059226751199 30.182093148 30.21607481 30.2834701096841 30.3 30.2206154162331 30.2 30.2 30.2 30.176838942 30.1 30.0685727539847 30.0089071200567 29.948267582 29.8505888278605 29.8054625261809 29.7385995437777 29.7031661302637 29.6266102596949 29.61607481 29.6157963463879 29.608875138 29.683982022 29.6 29.5442639394465 29.41607481 29.371485472 29.3077589606776 29.3 29.1785765292396 29.042914112 29.0031661688432 29 28.920615819074 28.9385210019349
28.7124996369657 28.657483150761 29.9007366769738 30.0014307852997 30.0300247263743 30.0669888440483 29.8379343837224 29.1808255379998 28.1463240122821 27.1217853012554 27.0477440373022 27.0584635899073 27.9650659672008 27.9689017002369 28.0826640315741 27.7125522972112 27.8283149924628 27.1477780761369 28.328447345811 28.1597965755448 28.6140950111591 29.287291242 29.5181734609855 29.703422404 30.0130574477107 30.1755584135294 30.2071727307966 30.2885681008775 30.205410302 30.2 30.1919173681003 30.10893197 30.1068632312477 30.0724028370782 30.0055872385959 30 29.948267582 29.841124742 29.8 29.726839062 29.6268689313598 29.6011212643142 29.5138592440117 29.5984224303377 29.517807108 29.592913992 29.50893197 29.4759215983585 29.4 29.355410662 29.3 29.2463836809452 29.1971385794576 29.0512813255971 29.0731308500769 29.011432336249 28.991551319425 28.9916868576038
28.3083649175099 29.4894069434496 29.810664988 29.9175212326685 30.023161538 30.069695622 29.850211128 29.3300663296858 28.5281109592021 27.7942513360349 26.7463439769529 27.2457771808322 28.0004913605693 27.7535652802644 27.4282701307887 27.1193056650469 27.6560803564909 28.2282357764515 28.5424615373455 28.601063708121 28.697786694 29.3327780938108 29.5 29.4453379387894 29.8645602704374 30.173161178 30.2 30.287446858 30.2983076673362 30.2 30.1998412079496 30.1824792387437 30.1 30.069696102 30 30 29.948267582 29.841124742 29.8 29.65498706829 29.521485352 29.50178913 29.5000968016301 29.598267702 29.5001587877565 29.5015025475502 29.4772535591431 29.4012469581636 29.4 29.355410662 29.2491933779162 29.2007357793904 29.1351632873028 29.0991712500077 29.0207808013788 28.914342752 28.994686023924 28.8103825369229
28.5565647343675 29.596379308 29.69464629 29.7098073933633 29.78929258 29.78929258 29.676950926 29.2687295123941 28.6897881606671 28.3401738994542 27.3845239708488 27.2270323178775 27.3424908167285 28.4234619856361 27.8471860108486 26.9188448623639 27.7287921348485 28.1910077435756 28.1975200225457 28.3169987146661 28.8688266607882 29.389179636 29.5434238085462 29.5965469636959 29.9354454000001 30.178514888 30.2813584837579 30.3 30.3 30.2 30.191124622 30.1 30.076838942 30 29.962553262 29.9 29.8972303963643 29.835771032 29.7321626095144 29.626839062 29.5239954533931 29.417907092 29.4002896647281 29.498267702 29.4083999888494 29.47948586809 29.4 29.3983776300313 29.3592045689081 29.2976128161526 29.2456837027868 29.1968480022738 29.1321628366655 29.0307561136049 29.0010544914557 29.0046816254836 28.831367371269 28.7261752899131
29.0935614264445 29.4890199005391 29.5750069 29.5750069 29.5750069 29.571219898251 29.4595279166419 29.1147154368929 28.693068408 28.3013004778888 27.5435747930451 26.7128227888973 27.8198856177038 28.1484416557241 27.8780644648971 27.0187780495926 27.4282606080001 28.0110473252264 28.1652548567409 28.2886323322429 29.0013266383537 29.3753309138026 29.4094642789466 29.5531376859547 30.0343382253827 30.273161178 30.3 30.3 30.2881795510946 30.1997834925226 30.1797371880494 30.1 30.076838942 30 29.962553262 29.9 29.848267582 29.741124742 29.7 29.626839062 29.6 29.512553382 29.405410542 29.4859876294857 29.4 29.4 29.4 29.369696342 29.2953204796542 29.2484862409178 29.2 29.141124982 29.1 29.1 29.009661290222 29.0530942673001 29.1807403458439 29.0299728265061
