catData/variables/pastClimate/lgm_MPI_ESM_P/bio10.asc
NCOLS 409 
NROWS 350 
XLLCORNER 60.897278365 
YLLCORNER 5.843756025 
CELLSIZE 0.0892857 
NODATA_value -9999 
[rows 52 to 77 of 350, columns 174 to 231 of 409]
13.9781740371519 10.9845543051934 7.28353584495917 5.97445202395137 5.19304505658689 5.85935906073083 5.05848967976422 6.53082742862848 5.81684271759767 4.95806523567373 1.06848148412158 -1.26007476180255 -0.1839617047139 1.75409116169926 -0.584272988895177 -0.680652272310167 1.12422022753498 0.790472815360453 -1.61784042770597 -3.22787843194231 -3.26740864879622 -2.56446027254849 -2.74130760519823 -9999 -9999 -9999 -9999 -3.53453799336562 -3.39523181463386 -9999 -9999 -9999 -9999 -9999 -9999 -9999 -9999 -9999 -9999 -9999 -9999 -9999 -9999 -9999 -9999 -9999 -9999 -9999 -9999 -9999 -9999 -9999 -9999 -9999 -9999 -9999 -9999 -9999
9.78951810083336 10.826500376209 9.29312507783355 8.16435667199308 6.94910713150967 5.41137391050165 2.97214163243504 6.29904983447272 9.19629938622393 5.9310591909004 3.36697805785438 1.98659731479578 1.05212166892959 0.688900358683493 -2.23646230839647 -0.978273119609075 1.12803800024256 2.93046780890971 1.21100339091642 -2.01924049471047 -1.27988258870492 0.1167434143846 -2.48354004657155 -3.26483466196298 -9999 -9999 -9999 -9999 -9999 -9999 -9999 -9999 -9999 -9999 -9999 -9999 -9999 -9999 -9999 -9999 -9999 -9999 -9999 -9999 -9999 -9999 -9999 -9999 -9999 -9999 -9999 -9999 -9999 -9999 -9999 -9999 -9999 -9999
11.5712098278533 9.83884102309291 9.35117275356247 7.51380765394006 5.58377532180448 4.97136540702316 3.91939544843357 7.85512220791465 12.8379715288376 6.73558559077478 2.00977924248348 1.2258285879999 -0.118092811526878 -0.281560852755665 -2.85645149631268 -2.62576572683625 -0.765929422511892 2.48002615718664 2.91501024370681 0.390304655603268 0.683008728859079 -0.751397020180787 -3.6535701794852 -1.15421037064714 -9999 -9999 -9999 -9999 -9999 -9999 -9999 -9999 -9999 -9999 -9999 -9999 -9999 -9999 -9999 -9999 -9999 -9999 -9999 -9999 -9999 -9999 -9999 -9999 -9999 -9999 -9999 -9999 -9999 -9999 -9999 -9999 -9999 -9999
20.0072668165277 17.5554297536279 14.9655408692435 11.4236418125904 9.47081799095889 7.66095559661443 8.78309447447776 13.875545451933 13.769460547849 6.98951533886429 3.98854149127835 2.65940127164542 0.351148448617882 -1.04506978409719 -2.83558596921506 -3.16754822679684 -1.26092608931997 0.35340807013955 2.36046352372208 3.76179102513165 1.29380369000379 1.18637033493283 -1.32230211496842 1.61951472779466 2.3473940518037 -9999 -9999 -9999 -9999 -9999 -9999 -9999 -9999 -9999 -9999 -9999 -9999 -9999 -9999 -9999 -9999 -9999 -9999 -9999 -9999 -9999 -9999 -9999 -9999 -9999 -9999 -9999 -9999 -9999 -9999 -9999 -9999 -9999
23.4135143525366 22.9259915064635 21.6715518511198 18.0102144738949 14.7289484439176 12.0690186368625 11.3316488548329 15.697563130504 13.0393132415618 12.3376156946921 10.0005153470162 7.47671586451559 2.33309411849971 -0.558609482731879 -1.06405158286984 -1.37539378273279 1.23107728401286 2.52069027952755 3.38107388059277 3.85468094752584 4.15350334058621 2.87064207728417 4.01452923328194 5.76601955010446 6.39977996239492 -9999 -9999 -9999 -9999 -9999 -9999 -9999 -9999 -9999 -9999 -9999 -9999 -9999 -9999 -9999 -9999 -9999 -9999 -9999 -9999 -9999 -9999 -9999 -9999 -9999 -9999 -9999 -9999 -9999 -9999 -9999 -9999 -9999
24.7104398382418 24.1809381273729 23.4770087642206 22.8426066445189 20.2451457134486 16.4085066832327 15.5209145222001 17.5502608448284 17.1599790911442 13.0613362399752 9.21357952795189 7.45973290929306 4.56492823080926 3.19636122624505 0.774843015071427 -1.46487625371876 -0.833748903701862 1.23185337114411 2.00295995060679 0.130674706167753 -0.641653702630633 -1.63993361257267 -1.50901565598449 3.61766641140276 5.08738733422241 -4.17325771700669 -9999 -9999 -9999 -9999 -9999 -9999 -9999 -9999 -9999 -9999 -9999 -9999 -9999 -9999 -9999 -9999 -9999 -9999 -9999 -9999 -9999 -9999 -9999 -9999 -9999 -9999 -9999 -9999 -9999 -9999 -9999 -9999
25.3417527323981 25.3602495705241 24.87695030805 23.674255073963 22.30849873914 20.5825121575114 17.2660586824823 18.5100285137164 18.1649414906785 15.1074844198111 10.5978151905708 5.08997736278247 2.24617102274968 0.677199910224114 0.761931831363879 0.180534945033599 -0.729616351242615 0.87245586001563 0.794269041857797 -0.283447146529687 1.37906230746967 2.43079935574787 0.535934238711963 4.21076398239865 7.03152470782899 0.622060081962269 -9999 -9999 -9999 -9999 -9999 -9999 -9999 -9999 -9999 -9999 -9999 -9999 -9999 -9999 -9999 -9999 -9999 -9999 -9999 -9999 -9999 -9999 -9999 -9999 -9999 -9999 -9999 -9999 -9999 -9999 -9999 -9999
25.2369668173655 24.4344866699997 23.73751125 23.185736051949 22.545293081273 22.2416214527273 20.0029573002518 17.1093767166449 18.3923993714732 17.0277113421337 14.8707794675296 10.9405198730824 7.3440125323057 4.49341573097026 1.19956892378785 0.631766905649594 0.618063046944973 0.924995174133615 0.354276391355812 1.49220530518897 0.600252884432012 2.26388636216592 6.0808071181704 5.53040394851636 7.54925084005033 -9999 -9999 -9999 -9999 -9999 -9999 -9999 -9999 -9999 -9999 -9999 -9999 -9999 -9999 -9999 -9999 -9999 -9999 -9999 -9999 -9999 -9999 -9999 -9999 -9999 -9999 -9999 -9999 -9999 -9999 -9999 -9999 -9999
25.0125848880845 24.0404223361425 23.4276208598178 22.6940973861477 21.5930069877152 22.2532679850501 21.545072800352 19.2904910439997 17.9587229105513 17.0319813132295 13.752873504571 10.9189595445969 6.71263985199856 3.40748235530932 3.5919046726316 4.51993748675334 4.44150744351359 4.53632769929233 2.07334575151698 1.21516616141346 3.948533341731 4.99363757110806 7.8086449303063 7.76058534185476 3.71482378034056 -1.23802332958584 -9999 -9999 -9999 -9999 -9999 -9999 -9999 -9999 -9999 -9999 -9999 -9999 -9999 -9999 -9999 -9999 -9999 -9999 -9999 -9999 -9999 -9999 -9999 -9999 -9999 -9999 -9999 -9999 -9999 -9999 -9999 -9999
24.7100545600752 24.2133146177601 24.0669440471781 23.1093337514583 22.3459030065956 23.0451670733411 21.2026488290913 18.4909317405183 14.9290291734634 14.8514479224801 14.7858357639471 13.0527838218435 9.88215201238229 7.45792465146195 10.5714206554842 12.5614257467551 11.9601680654258 9.94380683089833 6.78100763603016 4.26296092860208 7.65764650482716 8.51923805556885 9.14646353515937 4.12391303296684 0.949260547782685 -0.782168698557561 -0.436616007647857 -9999 -9999 -9999 -9999 -9999 -9999 -9999 -9999 -9999 -9999 -9999 -9999 -9999 -9999 -9999 -9999 -9999 -9999 -9999 -9999 -9999 -9999 -9999 -9999 -9999 -9999 -9999 -9999 -9999 -9999 -9999
24.9091170653317 24.4919711474355 24.5994512609822 23.8129960695448 22.8760546187919 22.3575466947359 18.979292445256 15.6349110035094 14.5312812540309 13.7193594888004 14.2241365588664 12.6704620748837 15.1218818926214 14.0281193376001 15.5354501329077 14.2890268962748 11.2024586652014 10.53224012657 10.1311444692527 9.13102082422773 9.24880124993942 4.76795296738906 4.41675888984071 2.44873486885806 0.448980737805182 -0.591255841248339 -9999 -9999 -9999 -9999 -9999 -9999 -9999 -9999 -9999 -9999 -9999 -9999 -9999 -9999 -9999 -9999 -9999 -9999 -9999 -9999 -9999 -9999 -9999 -9999 -9999 -9999 -9999 -9999 -9999 -9999 -9999 -9999
25.8718394619518 25.3804471067651 25.2488759612509 24.7040264717685 23.7097430217408 21.3802459486383 17.7924376523385 15.9681180314721 15.884320373732 16.5377145880672 18.4340125915924 16.9089641464328 18.6146822343779 18.0198184850304 15.5354613481642 11.6524272466414 6.65904495999957 4.9585191867215 5.58552578444642 7.16069118117823 6.50474469095569 3.2999360548782 1.15145157680097 2.36093403896504 1.70547528030732 0.487761850690764 -9999 -9999 0.71117008952838 0.0315908787081778 -9999 -9999 -9999 -9999 -9999 -9999 -9999 -9999 -9999 -9999 -9999 -9999 -9999 -9999 -9999 -9999 -9999 -9999 -9999 -9999 -9999 -9999 -9999 -9999 -9999 -9999 -9999 -9999
26.5491955614963 25.829169410401 25.5513469060947 25.1943088116119 23.9617349697603 21.600917388128 20.0516830349324 19.1733181790996 19.4924478160001 19.4304240779162 19.5318894307366 17.7012140716712 17.8077340078848 16.8544766457226 14.4886796993496 11.8340407871698 9.35853690224656 7.19703763747294 6.31057001447015 5.34411674643429 4.00152981048157 3.28097460202802 2.55983026414169 1.36870066950748 0.668989249645278 0.218213547096769 -1.17959874740228 -9999 -0.196904398395857 0.360144599306476 0.767478331501323 -9999 -9999 -9999 -9999 -9999 -9999 -9999 -9999 -9999 -9999 -9999 -9999 -9999 -9999 -9999 -9999 -9999 -9999 -9999 -9999 -9999 -9999 -9999 -9999 -9999 -9999 -9999
27.331648788813 26.6367664440368 25.6169436900351 24.5567555253931 22.8071800424467 21.1695686544642 21.4323867788067 21.0219286331079 20.4018015341352 18.70555648353 16.7285763752905 14.9664778336221 14.6601648669694 14.5912281011558 15.1248476644575 13.944571099215 12.387915143238 10.3312148759761 10.0125051913854 7.92083951279358 4.78116521079007 2.36818041152796 1.85379020687615 0.521897315315594 0.0212052842858754 0.535654613676634 -1.03359635341641 0.50837640404246 0.432590314994611 1.4432034202024 0.57077322391632 -0.7131661745182 -9999 -9999 -9999 -9999 -9999 -9999 -9999 -9999 -9999 -9999 -9999 -9999 -9999 -9999 -9999 -9999 -9999 -9999 -9999 -9999 -9999 -9999 -9999 -9999 -9999 -9999
27.5184273771012 27.5109795946538 26.4744133321679 24.6617288652881 23.0033072470968 22.1145541571783 21.5258633283436 20.1011563740126 18.5006607899154 16.8024569189742 16.1033815211956 15.7013973373992 14.9784520725289 14.3779153433421 16.2310538803726 14.7617893364254 12.0761869932508 11.4145776737862 12.5030014746206 11.5481299493321 9.22276087937291 6.09386502937042 3.7192627667356 0.606363217364026 1.08736475919653 2.98602046753101 1.48964340593618 1.79877604116054 3.39252578686281 3.07498450190629 1.31449668265456 -0.200378627108156 -9999 -9999 -9999 -9999 -9999 -9999 -9999 -9999 -9999 -9999 -9999 -9999 -9999 -9999 -9999 -9999 -9999 -9999 -9999 -9999 -9999 -9999 -9999 -9999 -9999 -9999
27.5391193240001 27.7090355539999 27.2948088967211 25.9168493817343 23.8521438763481 23.1014571609351 22.0161939998184 19.6175931085134 17.9203574668125 16.7947373064843 18.1188143565756 16.1480150268299 14.5977408869289 13.4653962987949 14.2649516554017 15.1357510901753 14.0227429415318 14.8174008222253 15.5301547099706 13.1734675066496 10.0630838822754 6.56910239335877 4.54142074653852 1.04400290474105 2.33876927929408 7.51938857760012 6.61889453299492 5.69184906654921 4.19443397464571 0.272377871897904 -1.28918122626256 -1.53227769471317 -1.88785792617849 -9999 -9999 -9999 -9999 -9999 -9999 -9999 -9999 -9999 -9999 -9999 -9999 -9999 -9999 -9999 -9999 -9999 -9999 -9999 -9999 -9999 -9999 -9999 -9999 -9999
27.882264518865 27.7696439334724 27.373435498 26.7449976533563 25.2440368748147 23.2066421326701 21.6372390549823 20.190521191869 18.5423444583809 19.0407183770104 17.6792395728939 15.7302988946379 14.9844432236653 16.5855984218096 15.8508684238781 16.7214772054505 18.0855172711085 17.7005884701349 16.8564901141617 14.3043928372307 11.2756624953022 9.69927437964292 8.32689272693674 3.70911108864061 5.50952494882325 9.64294551512948 3.88943052116625 4.16667443175446 4.11378124746888 1.39065419399449 -2.16436358836154 -3.04459556497479 -1.96912292190269 -1.15768630777881 -2.74982247970229 -4.18081028434917 -2.60546151615767 -1.08753664919224 -9999 -9999 -9999 -9999 -9999 -9999 -9999 -9999 -9999 -9999 -9999 -9999 -9999 -9999 -9999 -9999 -9999 -9999 -9999 -9999
27.892914232 27.7457273907095 27.434144958 26.9609854599999 26.2654432045055 23.5631416603073 20.9450121149092 20.2378358223072 20.7571577126582 19.4386480190135 15.9602575771815 12.2919437609228 14.3496232192486 16.5701775480275 18.1565401981515 18.4148462069915 17.2263929832851 16.2755228729896 16.9568306257097 16.7055328858008 15.6917086999103 12.6692965084649 11.0449042149854 8.88595139999736 10.8361988842161 10.210265573175 2.78183421144923 -0.280678313123049 0.284351558138952 0.804964677008615 -0.37228229085367 -2.16785227893827 -1.00710205730524 1.36087213331834 0.260671640571065 -2.92770745133401 -1.40602136840375 1.41056357974814 1.84539606939712 1.61798622236425 -9999 -9999 -9999 -9999 -9999 -9999 -9999 -9999 -9999 -9999 -9999 -9999 -9999 -9999 -9999 -9999 -9999 -9999
27.876840382 27.7669912264457 27.6094899073822 27.3314782138727 26.7978482028181 25.6000493468109 23.3989927989481 21.3043041654817 20.3385004227402 20.5939272482493 18.5351094718043 15.7802733352342 15.5574952528765 18.6813821101045 19.2931940804136 16.9529272287183 15.1695058613804 15.2266359717089 17.6681567857072 18.0047859556625 16.2338554338248 15.5456655021964 15.7119480099743 12.9927220045154 14.513444151736 10.2253039786668 5.16868726262826 2.33045729965599 3.00173127584026 -0.0205618641119367 0.166280072719092 -0.760483733363018 1.11139682440511 4.27550830947995 3.84628978124619 1.10377131550556 1.72089917755474 4.40981725072383 2.91565062659567 1.88049795837472 2.66280120380305 1.12332992915742 -9999 -9999 -9999 -9999 -9999 -9999 -9999 -9999 -9999 -9999 -9999 -9999 -9999 -9999 -9999 -9999
27.8995858666588 27.867909372 27.7600969464148 27.6502408985854 27.4339542346827 26.6948509320972 25.1503911934126 23.321485041609 21.1965547521262 20.7125469795155 21.1307520014018 19.1036096116192 16.7865703789166 18.295551839797 20.1014920140578 18.5883982000585 17.2333635800165 18.5172128751449 18.3745653621307 16.8452558772777 17.2357032307306 18.9400824590587 17.8432648245674 15.4498835745209 11.9413263248423 9.94615214129693 6.71794817230463 7.92776984698634 7.14652640831163 7.01634223551988 5.07491217201209 2.47315408796944 2.06548443695335 5.70444704274276 7.05299146415738 6.84841048047154 2.09985108579792 4.57425679815797 8.12826574117434 4.94997445870214 5.06266646511091 2.73341067847644 1.088532499462 -9999 -9999 -9999 -9999 -9999 -9999 -9999 -9999 -9999 -9999 -9999 -9999 -9999 -9999 -9999
27.90535467 27.90535467 27.8699144441384 27.8083217923509 27.753623692 27.5318857146702 27.1572476305426 25.9763902762985 24.813805561213 22.9117130557017 22.1626654226593 22.6526861237557 19.9008525057765 20.3190490901381 21.0002240746704 21.080860550201 19.0543671752662 19.1743102612456 17.9553257239994 16.8869792830754 18.9361068180008 18.2819621790926 16.0601618317878 15.2210043978614 14.9815001668168 13.8413574249541 11.3008180614082 11.2405965565753 12.6593647860513 13.5788973320592 12.0207331208918 8.9534134743976 4.16011397400726 6.38597132845029 12.0581393102482 10.7502033798367 5.46792371299746 7.40969443762681 6.31914821630175 -0.191070141904913 0.441085043781681 1.37152308190472 -0.375486018651854 -9999 -9999 -9999 -9999 -9999 -9999 -9999 -9999 -9999 -9999 -9999 -9999 -9999 -9999 -9999
27.9971056244245 27.9912895427188 28 27.9609842690053 27.860766532 27.7021076352919 27.5507279235648 27.311305247157 26.9263189707218 25.8771471930551 24.8152158820836 24.6896261363033 24.8058019545899 24.5252279781349 23.5455900201854 23.6351832183759 22.1135214551665 20.378815409977 18.1804024412465 16.2841212747021 17.3858831010001 19.3504322748586 17.6116918476544 16.3207733527711 18.0805731522007 15.7287810589565 14.9779571750258 12.4165420917768 13.7469487797141 16.4863241913852 14.7030678149763 10.1855243907269 10.4250716255767 14.621459861492 15.6178427263238 13.4607140906278 9.56763329795229 8.32531131491899 1.85419921636556 -0.0519281784536206 0.589927951957481 1.11200883799393 1.20785926406497 -0.428806127161536 -0.250341861039931 0.190673174231499 -0.283694118335507 -9999 -9999 -9999 -9999 -9999 -9999 -9999 -9999 -9999 -9999 -9999
27.9617486620338 27.930302458 28 28.0087572663617 27.9577492268623 27.841126182 27.6809325866894 27.546480852 27.3102766564827 26.8732187770518 26.7418314997932 26.1788962048772 26.3001595712743 26.2669074872735 26.0508666791762 25.5276610020752 23.3142997243645 20.6335670933487 19.2727775479934 17.8354740518052 16.5716029393677 18.5803676857569 20.2910333894047 17.4281940484132 19.2525489490867 18.0080275986204 15.0085940362913 15.1646007906376 16.8267545863942 17.8072551534216 15.6731152957943 14.6291538061763 14.9537491481767 15.4502686569644 13.1251696526309 10.6765723826305 9.39767304826066 5.90890875640988 1.60015213813588 0.891965581546159 0.86540325142984 4.92133446157466 2.31242821238889 0.558585243216269 2.24089345220535 1.26889048190135 0.0799615575476864 -0.000818925484873256 -9999 -9999 -9999 -9999 -9999 -9999 -9999 -9999 -1.75570102389135 0.430404900262831
27.9 27.930302458 28 28.032646012282 27.9836100601266 27.841126182 27.733983342 27.626840502 27.519697662 27.3485302521695 27.32678319 26.998601927947 26.4811473873952 26.0031945051762 25.3093069770242 25.3328714417269 24.9467554342379 24.3072408160683 23.151209580163 20.3759596167666 17.6138887846711 17.9833713083456 20.2950836958553 20.1086568025687 18.9856401479104 18.6688833399998 16.7626003884217 17.8251931000869 19.9934277661339 18.6173010319029 17.251762473749 17.9531851363025 17.4771215291342 15.518013736241 13.9796440192304 11.1746223067236 5.3269019584355 0.541807173434036 0.597945478000013 0.856012410855058 1.71563841593585 5.12764550280743 5.29187662428991 2.53588996628919 2.64829003082278 3.68785975058845 2.36309241022034 1.7484918826585 0.655524290829733 0.424071423003538 -9999 -9999 -9999 -9999 -9999 -2.46100962235008 -1.38354115710908 0.0903018724360205
27.9 27.930302458 28 27.9848730149257 27.9318932591156 27.841126182 27.733983342 27.626840502 27.519697662 27.4422214993218 27.4018360706369 27.2971254954043 27.1103154294455 26.7139748208684 25.7301061881122 25.0903371807371 24.8552975555046 24.6953425002593 24.5648629066241 23.0025210896245 20.3226116364676 19.8100445276483 19.9557813581148 20.4898506367926 19.8549164705153 21.2187390595646 19.9867826212831 19.3787269538758 19.3938999882039 18.0746358155594 18.2356912362082 18.6996844098351 17.7074054571878 15.4985879564948 13.2037231745832 11.3661714786483 8.00953386776148 1.32816188211954 0.751761069336705 2.63709062760913 2.86118762937366 3.92975881619607 7.44948303693021 5.29306042965226 1.78186998078001 4.3191476070155 4.49233019854392 2.50033384887065 3.49594601708817 2.9598748824101 1.92972140157857 -9999 -9999 -9999 -9999 -1.57007243541731 0.664851033829191 0.760223678244009
27.94106887 27.9589264509172 27.9846216392433 27.9326548364306 27.9 27.841126182 27.733983342 27.626840502 27.519697662 27.5 27.444258212148 27.3386271681781 27.1858969314958 26.9995970671697 26.7043860293744 26.248361929105 25.4865774423828 24.8603278381543 25.0947470483142 25.1446755884922 23.378934044402 22.1147262147071 20.6496982976438 20.2275272593743 21.335730833079 20.4609830789206 20.2379216117763 18.6906224352532 17.132960685061 15.0260854668115 15.2250534377387 16.7754420137992 16.5897115988547 15.4686574999998 13.1258655217217 12.3367051760172 11.1771903246957 8.34472833367835 7.77409470203471 9.00390495562961 7.49574974476517 7.01075356490385 10.8163381514348 9.54279706083367 4.57288717765191 4.3978440615107 6.88761221019906 4.34482916576951 4.35549434466252 5.92319606148189 4.21707579904271 1.81856323044248 -9999 -9999 2.61513414659667 1.77792444883317 3.82588580436416 2.97098728589078
