catData/variables/pastClimate/lgm_MPI_ESM_P/bio10.asc
NCOLS 409 
NROWS 350 
XLLCORNER 60.897278365 
YLLCORNER 5.843756025 
CELLSIZE 0.0892857 
NODATA_value -9999 
[rows 260 to 285 of 350, columns 174 to 231 of 409]
24.7311210942769 24.7815783369487 25.1108713781871 25.248170958 25.249998414174 25.171617762463 25.053949052013 24.7814831528737 24.7831794262263 25.0659183540001 25.292758856 25.40358282 25.3855174953732 25.1525242297268 24.90358282 24.7677656759633 24.5857611384865 24.9604392150636 25.2320436273864 25.480203554 25.7379809054274 25.9208362737912 25.834894023931 25.8098488094553 25.6603945184306 26.3078807883918 26.7737569860559 27.001719862308 27.1736715583421 26.7686999196948 25.7250940821413 25.5924975809912 27.0364152991722 27.9543338163075 28.7166137541435 29.3825814052495 29.6218913225144 29.6939472659356 29.7455993183855 29.801730378 29.9 29.9 29.935982959444 -9999 -9999 -9999 -9999 -9999 -9999 -9999 -9999 -9999 -9999 -9999 -9999 -9999 -9999 -9999
24.411594167491 24.3711118880002 24.864187736 24.9845249340132 25.035861952152 25.0630108221586 24.8760740897587 24.642978144 24.5448486475935 24.8446834004892 25.1308289965717 25.2436905153457 25.1706000045261 24.914528128 24.5914133269021 24.4992073309846 24.2561718717307 24.5756952314499 24.937407186 25.210566444 25.4365031593978 25.3273183580784 25.2592967988739 25.2759067785824 25.5826048089129 26.083786134 26.37859428 26.4603899719521 26.8070008119412 26.4295103761412 25.9177922611345 25.4793527570805 25.8686640682721 27.383379589548 28.4569990928915 29.215063846637 29.4805022012804 29.576741838 29.7362402328848 29.801730378 29.9 29.8911348828674 29.8574673512153 -9999 -9999 -9999 -9999 -9999 -9999 -9999 -9999 -9999 -9999 -9999 -9999 -9999 -9999 -9999
24.2346067966117 24.3499913882427 24.6421928290967 24.6611648446994 24.7461445189351 24.81251719 24.5732105875044 24.1208219471569 24.1204809417041 24.6637483089241 24.9030456012869 25.073280602 24.9317537076385 24.4134530794976 24.0771403264353 24.2045626477316 24.1468020312964 24.4089212839098 24.6763097118426 24.889137924 24.979524111963 24.4413013568773 24.5210561315785 24.9810108286204 25.2739968545187 25.7780402398288 25.9611137256017 26.1610999794839 26.5488269064627 26.2844737958933 26.2888555116335 26.8176080099038 27.1347720663699 28.0264650082688 28.8567463654771 29.0015285269025 29.02503438 29.2764228550065 29.3834686832318 29.8006489909007 29.83750573 29.8314987905299 -9999 -9999 -9999 -9999 -9999 -9999 -9999 -9999 -9999 -9999 -9999 -9999 -9999 -9999 -9999 -9999
24.1696501966623 24.3487038619797 24.423280482 24.3121642458819 24.303545428 24.3928124754019 24.1573849279998 23.7353330522931 23.9831103588913 24.4990704716195 24.5894454358585 24.789357812 24.6440258688371 24.0248758190737 23.4142734070664 23.8151192166433 24.035615896 24.2634397504231 24.39108867 24.5267115457272 24.4894187239999 23.8649102239372 24.0866183076835 24.7766524256647 24.955313558 25.2154760003603 25.4184619151249 25.8377102988314 26.164877899233 26.430073663752 26.5292782816002 27.1722661166566 27.9015696789791 28.4943797254252 28.8311775090167 27.9987742937645 28.5805245310003 28.5408391866456 28.7671010115334 29.6619307652313 29.7365419425792 -9999 -9999 -9999 -9999 -9999 -9999 -9999 -9999 -9999 -9999 -9999 -9999 -9999 -9999 -9999 -9999 -9999
23.9337613291206 24.0836777095952 23.9881264452452 23.9804838739999 23.8419530899141 23.9201773560235 23.9315637960162 23.7928651579693 23.8467911151738 24.2194408620001 24.26966015 24.463942436279 24.1222046935501 23.7985722098681 23.1212351811514 23.4908146983414 23.6390200191901 23.7710414802095 23.9187579695421 24.0654242522484 24.0347547867321 23.5369370357127 23.5245469972266 24.3089352753481 24.510688028 24.6208902536351 24.9236214167687 25.320542118385 26.0098659500382 26.9304314371149 27.0260989483861 27.2714711959259 27.6997778880034 27.9201056306013 28.4651651461431 27.9958149320862 28.6523550194714 28.0835517803915 28.9290044170611 29.4508276447265 29.7020603656562 29.7355171713244 29.8 29.8535673972856 -9999 -9999 -9999 -9999 -9999 -9999 -9999 -9999 -9999 -9999 -9999 -9999 -9999 -9999
23.7466836688421 23.7827549241921 23.5499193219729 23.547881850512 23.7511743920638 23.901670426 23.98392279 23.7879683082568 23.4465093600606 23.656780328902 23.7758441637113 23.4757362152981 23.403666772 23.262482306857 23.0926375120001 23.4048717512225 23.4220973306093 23.476742318 23.6790297746172 23.8255424387696 23.766138002 23.6615826147414 23.7833850190702 24.2396872335833 24.4739684802966 24.505191854 24.8042798134308 25.0787426593632 26.4913493502526 27.2284495360001 27.330400762 27.4907838700001 27.9932307868101 28.262410078 28.5098640129974 28.4605846892954 29.0043806410338 29.0845677229554 29.0986425036533 29.4847573795146 29.5470477242168 29.7025749352784 29.71607721 29.7512506220519 -9999 -9999 -9999 -9999 -9999 -9999 -9999 -9999 -9999 -9999 -9999 -9999 -9999 -9999
23.3378066459627 23.3668523068496 23.4419320321163 23.5792748744501 23.8459492600418 23.9926512694665 23.9398815144873 23.7560790337585 23.4519184780044 23.3348711549987 23.2491167790075 23.3015762167421 23.3741110430119 23.1971380464678 23.2536785385203 23.4634707242743 23.4340995779716 23.535653528 23.6991489215367 23.8 23.7941018489551 23.79106563 23.951669826 24.2612130983073 24.489175556 24.6888991121847 25.1459229238747 26.0469509292655 26.9562411943111 27.3792642731682 27.6128851608281 27.7653887150202 27.9612833043767 28.3537433287587 28.6540455676024 28.9510202152176 29.0234876428847 28.866417242594 29.3445906730495 29.4105101496271 29.5096659841271 29.60893437 29.6300241663648 29.7027072693894 -9999 -9999 -9999 -9999 -9999 -9999 -9999 -9999 -9999 -9999 -9999 -9999 -9999 -9999
23.3454894129913 23.4969598176258 23.5724282222527 23.7418038878688 23.8517929999804 23.90179153 23.835774872 23.655472534 23.2820208184759 23.2020164534026 23.2000969572811 23.3982394788403 23.3822526039999 23.2314591938336 23.3976616616141 23.371489312 23.4127850251049 23.642796368 23.7508659796905 23.8578188401881 23.89820847 23.8263598820548 24.0394676578238 24.3605432840001 24.4944908164192 24.8034313285407 25.1885756093382 26.2108964295671 26.9171723170951 27.3909059340001 27.7109927837042 27.8542256858081 27.853522028 28.2550315580001 28.762308143099 29.0453563075104 29.1774245942468 29.2791618440058 29.3941027085977 29.498239470241 29.5001589663624 29.5175206555161 29.623158898 29.7297588732732 -9999 -9999 -9999 -9999 -9999 -9999 -9999 -9999 -9999 -9999 -9999 -9999 -9999 -9999
23.229025963046 23.3834594953956 23.5049807700236 23.8230617940001 23.9948339499976 23.88540288451 23.7428674080212 23.7028726369352 23.3027855370436 23.292796488 23.310413008066 23.4017043468455 23.1951235490884 23.216016538 23.323159378 23.3680762163779 23.2966524911333 23.3 23.4551922140001 23.7145966483331 23.8641978511781 23.8346706993786 24.0473116997996 24.3770450234235 24.5157033932229 25.0236246771387 25.5132530747737 26.203409712974 26.7211470000002 27.2249376692212 27.6183458188704 27.860641588 28.1664016420625 28.576620014 28.8320323560001 28.973159018 29.080301858 29.265530522263 29.2943590523798 29.394741287891 29.408873218 29.5151589890866 29.5958879944246 29.6622250159358 -9999 -9999 -9999 -9999 -9999 -9999 -9999 -9999 -9999 -9999 -9999 -9999 -9999 -9999
22.9202660205877 23.0784132240001 23.3670749177001 23.6337644140001 23.9099253019878 23.953620332 23.8877494891735 23.7195520465806 23.3714074816897 23.3983707097071 23.507082168 23.5057869739948 23.1316446117227 23.216016538 23.323159378 23.3431815685702 23.249939208 23.318065028858 23.4737171979982 23.6640119748543 23.815536455421 23.9755928403002 24.1630652814228 24.6153736865579 24.9350948891899 25.4428971679559 26.4835436554582 26.7179705982966 26.9224559651193 27.3745790094158 27.7762417493593 28.162652656872 28.3155227239683 28.576620014 28.8237841956965 28.960664868 29.067807708 29.0984313217352 29.182769629121 29.301730378 29.4077645848333 29.4895069203106 29.5202653905456 -9999 -9999 -9999 -9999 -9999 -9999 -9999 -9999 -9999 -9999 -9999 -9999 -9999 -9999 -9999
22.9105412862586 22.9593694027056 23.2460717945762 23.5814837586008 23.9457143509768 24.0758093192598 23.8738246805297 23.515970496081 23.339334652 23.5116989468594 23.633861998 23.6526987307629 23.2893837748111 23.196379548 23.3080701927419 23.3815986690369 23.3620128734101 23.4533436190715 23.643415185696 23.75891097 23.732983695198 24.012274022 24.184170173046 24.4279917065389 25.3102992065354 26.3686149954329 26.9622617999401 27.4257423583267 27.6211079187738 27.8939567887794 28.0614056621691 28.2042504296562 28.4006796354384 28.5731351010086 28.7593427782723 28.8587927889512 28.9764337358253 29.0702731913982 29.0989371553783 29.282093388 29.3821054429313 29.416016058 29.5 -9999 -9999 -9999 -9999 -9999 -9999 -9999 -9999 -9999 -9999 -9999 -9999 -9999 -9999 -9999
22.926900934 22.7629478943089 22.8743783388843 23.3675288280002 23.9207773799658 24.244527466 24.1947465139999 23.7465988095797 23.526816982 23.7460371839885 23.874927508 23.9704178628299 23.3798664790434 23.1203057396483 23.2668965439426 23.4384171004667 23.489334772 23.527896189285 23.943603034165 24.1669399076901 23.9841872294875 24.1997563520001 24.30711932 24.394564258 25.5860995417017 26.7070899436248 26.7575497807728 27.2671458557398 27.1491588602141 27.4158927821456 27.7803037038126 27.9131597559734 28.430240826 28.5698869881683 28.7143533357592 28.7928120306501 28.9390990149408 28.9966377114684 29.094587538 29.174950548 29.282093388 29.3935253011051 29.5 -9999 -9999 -9999 -9999 -9999 -9999 -9999 -9999 -9999 -9999 -9999 -9999 -9999 -9999 -9999
22.8954597947874 22.6260767023414 22.599562384 23.3675288280002 23.9411063610454 24.3037965369966 24.3351505231151 24.1071071710802 23.955388342 24.0809172968362 24.1642692467943 24.2580167435049 23.6527782025785 23.1727122293442 23.229247647373 23.4235970602445 23.6472870658266 23.8336278549971 24.484572279839 24.7650902551643 24.404380501128 24.5604823720001 24.8312890342458 25.1368082444969 26.0228627392524 26.6476072203309 25.9825574686257 26.6745241469156 25.9515116555031 26.7496767100016 27.9048462042535 28.1615126775798 28.503460996 28.6 28.666016178 28.773159018 28.880301858 28.987444698 29.094587538 29.1011433875813 29.1779605804606 29.3265990414977 29.4739334465442 -9999 -9999 -9999 -9999 -9999 -9999 -9999 -9999 -9999 -9999 -9999 -9999 -9999 -9999 -9999
23.017905892 22.8090261976808 22.7741357288106 23.4357943191925 23.9069239120001 24.2524446203819 24.4791713025854 24.4247898349671 24.3348052466416 24.2670024747355 24.3754636459718 24.3914379223253 23.8479685819624 23.217462149014 23.0558292726886 23.3801328396371 23.8584661861125 24.3461360200001 24.8910939752272 25.1305454021219 24.8626479156771 24.8409017775405 25.3309671419157 26.1249994955181 26.1911770253662 25.8743621648921 25.756183330959 25.7793745719385 25.0874200741317 26.5740574521947 27.98722409 28.344587658 28.4822176031708 28.5831111265037 28.666016178 28.7431158941473 28.839236348 28.9822887992017 29.094587538 29.1 29.1177464360001 29.316016058 29.4136485784259 -9999 -9999 -9999 -9999 -9999 -9999 -9999 -9999 -9999 -9999 -9999 -9999 -9999 -9999 -9999
23.1138838622959 23.0124366590562 23.2296100173632 23.635399052749 23.9551322620001 24.265955986 24.5144327824531 24.526840502 24.5387124321612 24.2015610610631 24.3899563812245 24.4846108031735 23.7469855369486 23.0465058000908 23.0806428880041 23.4986336206225 23.9970888195267 24.4747311400001 25.1083458133959 25.499915328 25.5068507578469 25.4134693263081 25.6710403406165 26.3172673831586 25.4153017406227 25.6932015544695 25.2677129829306 24.8911306739626 25.3867690972166 26.9613602743334 28.0776945532451 28.344587658 28.4267920784674 28.4822831231603 28.6014247881469 28.687060405454 28.8190140587612 28.9809420999318 29.094587538 29.14820835 29.1573995220206 29.267807708 -9999 -9999 -9999 -9999 -9999 -9999 -9999 -9999 -9999 -9999 -9999 -9999 -9999 -9999 -9999 -9999
23.2346702023249 23.2569609440001 23.595108343958 23.8059303880363 23.9210227762351 24.2168687837229 24.4766821260001 24.5929732702231 24.6465564183192 24.2665272466205 24.399878416 24.5868941080016 23.7837059376798 23.1661764548606 23.1777019093609 23.4644048401843 23.8532420675936 24.4536107478611 25.0455059055274 25.6222897941115 25.7269182540832 25.9322647393891 26.1820089560001 26.4743808844446 25.9093267946108 24.7620569092028 24.9003519403884 24.860785804739 26.7022540342796 27.6805299192514 28.1334373312873 28.233885278 28.3179310662359 28.3772359031757 28.4954916158845 28.6583022150553 28.8161556820049 28.932093508 29.039236348 29.14464881 29.1495602417543 29.216016058 -9999 -9999 -9999 -9999 -9999 -9999 -9999 -9999 -9999 -9999 -9999 -9999 -9999 -9999 -9999 -9999
23.11251791 23.2602369655799 23.712335894 23.9390066350145 23.9745555221788 24.1244040590339 24.4107957560556 24.600598677372 24.7880584716013 24.0380232218166 24.291547449036 24.780558658 24.3331291004705 23.8230061445015 23.9475564323784 23.2674409155087 23.2133167604604 24.5416524711726 25.1202440173753 25.574609076 25.8954864742794 26.1685450234309 26.423098226 26.6373839060001 26.1541242514824 24.1539744650497 25.8431567605504 26.5055828622289 27.7223525740517 27.9852241315562 28.0609067457944 28.1724522823669 28.2818960550607 28.358873338 28.466016178 28.646318036 28.8304857252291 28.8952910121985 28.994587538 29.1 29.108873218 -9999 -9999 -9999 -9999 -9999 -9999 -9999 -9999 -9999 -9999 -9999 -9999 -9999 -9999 -9999 -9999 -9999
22.8394722892375 23.1396113814316 23.5469864205106 23.8113154496946 24.0530906175984 24.1750256077906 24.3061061053804 24.4848317425149 24.771270144 24.8162204377272 24.8260530640884 25.3024605806525 24.4230708332427 24.4665904094912 24.8558643099998 23.7990368367786 23.6939817269175 25.0511264211703 25.6348877423133 25.894584551119 26.1713065760001 26.2837006212272 26.4046843284085 26.7270408415934 26.012934646 25.7556229575179 27.1329754331164 27.5443791055317 27.7766814060001 27.9725658280546 28.107081688 28.2277627365625 28.3360234996426 28.428510208 28.535653048 28.6650092557421 28.804684015537 28.8912568806682 28.994587538 29.1 -9999 -9999 -9999 -9999 -9999 -9999 -9999 -9999 -9999 -9999 -9999 -9999 -9999 -9999 -9999 -9999 -9999 -9999
22.964254208925 23.1979895420001 23.580420697213 23.8530891909493 24.0525348542229 24.2136265834527 24.2921089694359 24.3901473455982 24.2325359883226 24.4215677477678 24.5567447776605 25.5736876450349 25.4001967284095 25.4880015668579 25.7303361128634 25.2720939266239 25.3298233564664 25.7330117398666 25.8061191872346 26.094526866 26.2581253317072 26.4123429322611 26.533861518 26.836199202194 26.8463197024385 27.0222425156289 27.4945266260001 27.7050932751572 27.8820961770052 28.0373836660001 28.1854745053296 28.1418848344754 28.2008284206919 28.4272964061837 28.6167032080216 28.6937674461408 28.780301858 28.887444698 28.994587538 29.0245488692103 -9999 -9999 -9999 -9999 -9999 -9999 -9999 -9999 -9999 -9999 -9999 -9999 -9999 -9999 -9999 -9999 -9999 -9999
23.2943634099959 23.4806082456012 23.6648333950633 23.8517567735929 23.8809805162449 24.064796804696 24.2714803128184 24.1889675491336 23.9618065375184 24.2377402524594 24.7112406161002 25.1719500468066 24.5961179626679 23.9725815546717 26.0215227812357 26.2090543877912 25.8718114628645 25.971150516951 26.0528806841463 25.905220458397 25.9018063294043 26.2948196606241 26.6311626846903 26.8728713421846 27.1685560312859 27.3715845752437 27.6165631304537 27.9703589603028 28.0715684988324 28.1445265060001 28.28392255 28.1573281344211 28.1986050470494 28.501669226 28.6605524460099 28.7 28.780301858 28.887444698 28.9152072641282 -9999 -9999 -9999 -9999 -9999 -9999 -9999 -9999 -9999 -9999 -9999 -9999 -9999 -9999 -9999 -9999 -9999 -9999 -9999
23.073123066 23.257106288 23.401694426 23.5307876062366 23.5311164788665 23.7622991020001 24.0529388150727 23.5051893487697 22.7541686276058 23.6915558834375 24.403750087485 24.9843635487074 23.6356053798226 24.4701728120292 26.3677421506164 26.3375006340013 26.2072956581035 26.2316249263805 26.0026301967616 25.1087884372861 25.5207835667049 26.2236161527624 26.622968322722 26.7156257283501 26.5709489093598 26.5901767021245 27.1882475311343 27.7246812591863 28.2121553493404 28.3151401215566 28.39106539 28.3385102652991 28.3859010024948 28.5551988311443 28.666016178 28.7666225450619 28.7982400478351 28.807812842732 28.8950711203711 -9999 -9999 -9999 -9999 -9999 -9999 -9999 -9999 -9999 -9999 -9999 -9999 -9999 -9999 -9999 -9999 -9999 -9999 -9999
22.8798770532623 22.748191015055 22.797756079152 23.1509563011197 23.2561793878555 23.5390788120001 23.835616856 22.5985102254355 21.0844120752092 22.9977877424107 24.5267394858892 25.2754612000223 24.3367205134142 26.0174194857982 26.8610661656385 26.9970939020515 26.6795979232629 26.3642505911599 26.0438808901557 26.0001321993722 25.9594075043376 26.2649663687259 26.0096472001118 25.2273091533244 25.7755296071311 25.3216872921647 25.5334795387493 27.696097788 28.2459033175131 28.428510208 28.49820823 28.4974093217203 28.498270243088 28.558873338 28.666016178 28.773159018 28.8 28.7141221098653 28.8892720548704 -9999 -9999 -9999 -9999 -9999 -9999 -9999 -9999 -9999 -9999 -9999 -9999 -9999 -9999 -9999 -9999 -9999 -9999 -9999
22.2586858473708 22.0014270577394 22.4691695558923 22.7738238350478 22.8741236968445 23.2087399220001 23.3767772475812 21.5848416135463 20.1194349356819 22.3558315059419 23.7306348548357 24.9308580923071 23.6034377464176 25.5730465954397 26.9658821620001 27.2142617068967 27.0117204490605 26.7781659541675 26.5639520199924 24.2860739211863 23.2402931028643 24.8508778709296 23.8650609627876 24.6010206052497 25.1356329539678 24.5348235703227 26.9393319721025 28.237383666 28.40535107 28.4340315679459 28.537444818 28.6 28.6 28.6031503535277 28.6678346761039 28.7 28.7760048493671 28.79464893 28.8942979133697 -9999 -9999 -9999 -9999 -9999 -9999 -9999 -9999 -9999 -9999 -9999 -9999 -9999 -9999 -9999 -9999 -9999 -9999 -9999
21.7362113525121 21.5515610100001 22.063865057494 22.2539249758323 22.2858276284997 22.662749185669 22.8623067988223 21.7684923048558 20.5092912575128 22.486129450001 23.5685218858398 23.9224255421776 22.515241239944 24.538761718558 26.3716457104388 26.7636396212246 26.812371846 27.021086754153 26.8857237055441 24.0571487950588 23.3265407149978 24.4634804653395 25.3273547990347 25.7498286703477 24.3096469438937 24.4951887730128 27.1734343334261 28.344526506 28.51249391 28.51249391 28.5452604061394 28.6 28.6 28.6515177561363 28.6792580881352 28.6841526018658 28.68750609 28.7093566137358 -9999 -9999 -9999 -9999 -9999 -9999 -9999 -9999 -9999 -9999 -9999 -9999 -9999 -9999 -9999 -9999 -9999 -9999 -9999 -9999
21.1564445443008 20.8907857900002 21.494037546445 21.9188269179436 21.9381370656449 22.2409714812635 22.0585351331914 21.3477687452351 20.8476357025017 22.4937838932461 23.5180858615015 22.2178311649746 23.4754931192971 25.927049070103 25.8473043012468 26.8545013888277 27.1387311311464 27.2400833276974 27.188419452471 26.8344140440325 26.5943270188848 26.6378276523813 26.8352831682291 26.1742228399406 23.9464294504179 25.4186173030488 27.2121321553072 28.451669346 28.61963675 28.61963675 28.61963675 28.6108811830677 28.589841811434 28.5688024398003 28.5206371856668 28.573159018 28.6315373502017 28.779820302531 -9999 -9999 -9999 -9999 -9999 -9999 -9999 -9999 -9999 -9999 -9999 -9999 -9999 -9999 -9999 -9999 -9999 -9999 -9999 -9999
20.7983514150161 20.8064410717905 21.1826327653441 21.91345520091 22.1673264345659 22.666538418177 22.5233144839141 22.4423715824418 23.4128657627392 23.3921429135704 23.7032355529524 23.5010497190756 26.0257646550402 27.2236305416258 27.2455865616253 27.3651056002587 27.3564684530077 27.266511555644 27.2198237662982 26.6639659115798 26.2809783617077 26.6639551500184 27.0552925066059 27.3757713985115 27.3634846068006 27.8876015027854 28.3177469160001 28.5277434970624 28.6794223322039 28.7 28.7 28.667352734003 28.575049092 28.4994383290714 28.528676086198 28.626718198 28.7711538793305 28.8 -9999 -9999 -9999 -9999 -9999 -9999 -9999 -9999 -9999 -9999 -9999 -9999 -9999 -9999 -9999 -9999 -9999 -9999 -9999 -9999
