catData/variables/pastClimate/lgm_MPI_ESM_P/bio11.asc
NCOLS 409 
NROWS 350 
XLLCORNER 60.897278365 
YLLCORNER 5.843756025 
CELLSIZE 0.0892857 
NODATA_value -9999 
[rows 78 to 103 of 350, columns 116 to 173 of 409]
10.9 10.9 10.9111661106997 10.94821171 10.94821171 10.94821171 10.94821171 10.94821171 10.94821171 10.9129398021544 10.9 10.9 10.8510139857653 10.8473767709281 10.8 10.8 10.8 10.8 10.8 10.8 10.7732090382178 10.7198272884756 10.7 10.7 10.7 10.7 10.7 10.65178829 10.6471923806703 10.6077221939769 10.6602059287165 10.7 10.7180532498966 10.74821171 10.7750025474903 10.8 10.8318279911229 10.84821171 10.889799166264 10.987445658 11.0456027323491 11.1 11.1042783929622 11.14821171 11.1602058044246 11.2146094488819 11.2676041138115 11.3214968194951 11.34821171 11.407085768 11.4824007325853 11.5352715607213 11.54821171 11.635657128 11.697197351359 11.7008345919476 11.7528073707459 11.8
10.9504418901491 10.9088665467901 10.9656946942707 11 11 11 11 11 11 10.9673371843038 10.95535455 10.9069491338177 10.9 10.8992268220607 10.85535455 10.85535455 10.8425342491216 10.8 10.8 10.8 10.8 10.741125462 10.7 10.7 10.7 10.7 10.7 10.65535455 10.65535455 10.6536392458235 10.6574656180275 10.7167740549667 10.7720723860941 10.8 10.8286357157843 10.85535455 10.8848281983372 10.940497376602 10.95535455 11.042800208 11.0975840105803 11.15535455 11.1593164667019 11.2088661482373 11.25535455 11.285657248 11.35535455 11.3752612320058 11.4286355829334 11.514228608 11.55535455 11.5880170442489 11.6444511306903 11.6943949503705 11.7 11.756127406492 11.8 11.8
10.9966716816152 10.968504459813 11.0144747567589 11.0435585446692 11.0234029339027 11.06249739 11.06249739 11.0257021903817 11 11 11 10.9672054159058 10.96249739 10.9614150489504 10.9 10.9 10.8913142687652 10.86249739 10.8390946060911 10.8 10.8 10.741125462 10.7 10.7 10.7 10.7 10.7 10.7 10.7 10.7040034783991 10.7336804212286 10.7738617826567 10.8234026339152 10.86249739 10.8818980369411 10.9367948996308 10.96249739 10.9899342912254 11.0501871653465 11.0952917940817 11.1 11.2010820410621 11.26249739 11.2685041897942 11.3144743067777 11.3738616926504 11.4 11.4278665724933 11.4818979469348 11.558874058 11.6 11.6457229267808 11.6926129526473 11.7546511039246 11.76249739 11.8010818910684 11.86249739 11.86249739
11.0061804993795 11.06964023 11.0766717282115 11.0907999519931 11.0810088278024 11.1 11.1 11.0821257528112 11.06964023 11.06964023 11.0137168285752 11 11 10.9994742240384 10.9634598977571 10.9 10.9 10.9 10.862553982 10.8 10.8 10.7821258256746 10.76964023 10.76964023 10.7137169957118 10.7608975244928 10.76964023 10.76964023 10.76964023 10.7745030326891 10.8161287455154 10.86964023 10.8810086820755 10.931051616129 10.96964023 11.028514528 11.06964023 11.06964023 11.149943048 11.16964023 11.16964023 11.201731338 11.3 11.3111542881743 11.3766715096211 11.4211028685834 11.46964023 11.514228608 11.56964023 11.5875142585985 11.6459743196061 11.6918513581894 11.7559229000151 11.7961884577803 11.8 11.8701657873713 11.9 11.9
11.0788435488562 11.1 11.1 11.1 11.1 11.1342368783297 11.17678307 11.17678307 11.17678307 11.1206082243215 11.0813560395156 11.07678307 11.07678307 11.0754533269728 10.9979395768644 10.9644843432984 10.9 10.9 10.8913061842132 10.8425463759496 10.8 10.8 10.8 10.8 10.7813560952363 10.864228968 10.8041549330893 10.8754535112521 10.806814050585 10.87678307 10.8821601337406 10.9232675260966 10.97678307 10.987135178229 11 11.058874298 11.1 11.1561744771197 11.1954269190431 11.2671434607941 11.27678307 11.278514408 11.37678307 11.392800088 11.47678307 11.4838184261828 11.5287518336544 11.5871351225084 11.6 11.645205309166 11.6921101669968 11.7561742928404 11.7954268633225 11.8 11.8726277683519 11.9013291901891 11.97678307 11.97678307
11.1 11.1134430323779 11.18392591 11.18392591 11.2153530227875 11.2750191117427 11.2405094102729 11.2 11.2 11.1882401221367 11.18392591 11.1105359429236 11.1 11.098268182 11 10.9974253329557 10.9644883855744 10.9 10.9 10.8928327468351 10.88392591 10.88392591 10.88392591 10.88392591 10.88392591 10.8979820423458 10.884795721124 10.8997216645939 10.892800328 10.98392591 10.98392591 10.9887968315268 11.0314267099431 11.08392591 11.08392591 11.142800208 11.18392591 11.257085888 11.28392591 11.297982003768 11.3 11.3842042068283 11.4074477346415 11.4865004998886 11.5194371215812 11.58392591 11.5899449394791 11.6374212019908 11.68392591 11.742799968 11.78392591 11.7956856721299 11.86739466934 11.88392591 11.8991301117203 11.9842041682505 12 12
11.1080822586724 11.1924993342251 11.2 11.2 11.237446258 11.3 11.248268062 11.2 11.2 11.2 11.2 11.112553862 11.1 11.0998453270049 11.0829867098926 11 10.9979314923124 10.9634720245851 10.9 10.9406065156199 10.9439573392776 10.9 10.9 10.9666260960299 10.99106875 10.99106875 10.99106875 10.99106875 10.9918613464576 11 11.0210916117474 11.09106875 11.0944131260476 11.1 11.1471111921574 11.1963269607401 11.2601209823624 11.2976028505351 11.3731307725674 11.39106875 11.39106875 11.4015767078749 11.4918613250226 11.5145864980799 11.5931372148176 11.6 11.6341011833874 11.735657128 11.79106875 11.7963269393051 11.8601207637974 11.89106875 11.8982407739976 11.9 11.9861403442074 12 12 12
11.1983703095633 11.2 11.2 11.2297614686421 11.2988812826227 11.3 11.2990748208476 11.29821159 11.29821159 11.2263595409469 11.2 11.1984361045234 11.19821159 11.1 11.0998412847289 11.09821159 11.0754654538008 10.9994580549343 10.99821159 10.9990090215954 10.9990748251398 10.99821159 10.99821159 10.9995199946547 11.0788669100804 11.09821159 11.09821159 11.09821159 11.09821159 11.09821159 11.0986257875086 11.1297609972265 11.19821159 11.19821159 11.199136760568 11.2578213841671 11.2993922470977 11.3 11.380302818 11.4858817711078 11.49821159 11.499942928 11.59821159 11.5984980399516 11.6227456647836 11.69821159 11.6988812697461 11.744588378 11.8 11.8578211484593 11.8993922428055 11.9718513419296 11.99821159 11.99821159 11.9999032158649 12.0017001388703 12.09821159 12.09821159
11.2 11.216017738 11.3 11.3 11.3 11.344589098 11.4 11.3442776307757 11.30535443 11.30535443 11.3010546461209 11.2172361042469 11.20535443 11.2 11.1916005293503 11.10535443 11.10535443 11.1037318675462 11.1 11.1 11.0510382395572 11.064228968 11.10535443 11.10535443 11.10535443 11.10535443 11.10535443 11.1069932918681 11.2 11.2008576328675 11.20535443 11.2340348183968 11.3 11.3023874663388 11.30535443 11.30535443 11.371371568 11.40535443 11.4813574898222 11.5046822165456 11.5948782530865 11.6000927032813 11.6137534463509 11.7008576200169 11.70535443 11.7340345912475 11.8020049951203 11.80535443 11.854315736144 11.9031523702238 11.9678364994084 12.0039172869594 12.0813572626728 12.1 12.1 12.1983615924306 12.10535443 12.10535443
11.2136063899653 11.2370087180685 11.3028944399662 11.31249727 11.31249727 11.3515139480324 11.4 11.4 11.4 11.4 11.3297324219699 11.3015688900296 11.3 11.21249727 11.2113881800282 11.2 11.2 11.1734838919732 11.11249727 11.11249727 11.11249727 11.1640140980249 11.2082503699756 11.21249727 11.21249727 11.21249727 11.21249727 11.21249727 11.21249727 11.2265128080211 11.3 11.3037870399798 11.31249727 11.3515135280193 11.4064650199812 11.41249727 11.478514408 11.51249727 11.51249727 11.5890146080165 11.611820979984 11.6140122380155 11.7011090299849 11.7265125980146 11.8028943499859 11.81249727 11.8452631380132 11.9055723299873 11.91249727 11.971371328 12.01249727 12.0765140380109 12.1100356299896 12.11249727 12.11249727 12.2 12.2011089999915 12.21249727
11.308874898 11.3871281633627 11.3382519250042 11.4 11.4073544862621 11.41964011 11.41964011 11.41964011 11.41964011 11.4052713155723 11.4 11.329728379694 11.31964011 11.31964011 11.310765452 11.21964011 11.2150913941404 11.2 11.2073544391258 11.21964011 11.21964011 11.21964011 11.2726916023417 11.3143687472914 11.31964011 11.31964011 11.31964011 11.3 11.3 11.3031458070902 11.31964011 11.3439915176436 11.4073543919896 11.4283973636227 11.4808515627442 11.51964011 11.585657248 11.61964011 11.61964011 11.61964011 11.6956513229454 11.71964011 11.728514288 11.81964011 11.838251346413 11.9059514832202 11.91964011 11.9554712815136 12.0101600681195 12.0669512382473 12.1129657913858 12.11964011 12.184171173348 12.2 12.2185772379183 12.21964011 12.2267711968155 12.3
11.3332808885061 11.4 11.4 11.4081161492912 11.454199995443 11.5 11.5 11.5 11.5 11.4464340708859 11.42678295 11.42678295 11.4014492313168 11.400463831949 11.417908292 11.32678295 11.3098256337463 11.2454498149878 11.264228968 11.32678295 11.32678295 11.32678295 11.32678295 11.3803487033932 11.4 11.4 11.4 11.32678295 11.32678295 11.342800208 11.42678295 11.42678295 11.4541996440012 11.544588618 11.6 11.6157682737962 11.675118750938 11.7 11.7 11.7234205268593 11.72678295 11.8004637033909 11.8332803613434 11.9042898299224 11.92678295 11.948969691546 12.0100290197198 12.02678295 12.0646590217487 12.1157682095171 12.1751185752171 12.2 12.2215073993145 12.22678295 12.296037682154 12.3 12.3 12.3042897656434
11.4 11.4054341441566 11.43392579 11.4539485340465 11.5 11.5 11.5175504686488 11.53392579 11.5115287915543 11.5 11.5 11.5 11.4375010800394 11.4350700750622 11.4941361398363 11.43392579 11.43392579 11.4139032045316 11.39259374057 11.43392579 11.43392579 11.43392579 11.43392579 11.43392579 11.43392579 11.43392579 11.43392579 11.43392579 11.43392579 11.4445090666872 11.5078572462113 11.53392579 11.53392579 11.578514408 11.63392579 11.692800088 11.73392579 11.73392579 11.73392579 11.7917048177028 11.8320898951956 11.8350697579059 11.9 11.916017018 12.0078571647894 12.03392579 12.0586676334138 12.1 12.1175502243831 12.1728263587184 12.22239675418 12.23392579 12.2869850840231 12.3296665488753 12.33392579 12.33392579 12.33392579 12.344508749531
11.44106863 11.4505081024464 11.5095117320847 11.54106863 11.54106863 11.54106863 11.571554969791 11.6 11.5882074445425 11.58213726 11.5491577956666 11.54106863 11.54106863 11.54106863 11.54106863 11.54106863 11.54106863 11.54106863 11.54106863 11.54106863 11.54106863 11.54106863 11.54106863 11.54106863 11.54106863 11.5051557977002 11.5388462988309 11.54106863 11.5447132318931 11.5755591915758 11.564228728 11.64106863 11.64106863 11.6673453134515 11.7212454010796 11.7515851927786 11.7860437041418 11.8 11.8 11.8359127337351 11.8968109277338 11.94106863 11.94106863 11.957085648 12.0547170516095 12.1124449029216 12.14106863 12.14106863 12.192799848 12.24106863 12.2799732924229 12.3300457021082 12.34106863 12.3926014128297 12.4 12.4 12.4036444047637 12.44106863
11.5042787187868 11.54821147 11.5602059928857 11.6 11.6180533914418 11.64821147 11.64821147 11.64821147 11.6824010239032 11.7 11.6584121024243 11.64821147 11.64821147 11.64821147 11.64821147 11.64821147 11.64821147 11.64821147 11.64821147 11.64821147 11.64821147 11.64821147 11.6163835216107 11.6 11.6 11.5547130548805 11.5971975869557 11.64821147 11.6528074006283 11.699427053071 11.7084172143008 11.733601978137 11.7180531600267 11.74821147 11.7750024316458 11.769509866518 11.7824007753183 11.8 11.8387151690092 11.893498290827 11.9 12 12 12.016017018 12.1 12.130302698 12.2 12.2 12.251731218 12.3283840488105 12.3163837530258 12.373159738 12.4 12.4421587214655 12.44821147 12.44821147 12.457085408 12.5404895458796
11.5593165694489 11.6 11.6128203781439 11.65535431 11.6720724502633 11.7 11.7286358573295 11.75535431 11.75535431 11.75535431 11.75535431 11.75535431 11.75535431 11.75535431 11.75535431 11.75535431 11.75535431 11.75535431 11.75535431 11.75535431 11.75535431 11.75535431 11.689336932 11.65535431 11.65535431 11.65535431 11.65535431 11.756312813054 11.81070862 11.8178596353532 11.85535431 11.825051372 11.772072235964 11.8246817218324 11.85535431 11.85535431 11.85535431 11.85535431 11.8912060571856 11.9 11.9523588104073 12.0009583702037 12.05535431 12.071371328 12.15535431 12.1688831586107 12.2 12.2246815889821 12.2784500692215 12.358874058 12.3705263003713 12.3880169798323 12.4444509379641 12.4943949202395 12.5 12.55535431 12.5593161408503 12.5928491989461
11.66249715 11.66249715 11.6711830268265 11.7 11.7234028440317 11.76249715 11.7818981011102 11.8 11.8412591297479 11.86249715 11.86249715 11.86249715 11.86249715 11.86249715 11.86249715 11.86249715 11.86249715 11.86249715 11.86249715 11.86249715 11.8301663131034 11.8 11.7752416017547 11.76249715 11.76249715 11.76249715 11.821612415471 11.864228728 11.96249715 11.9524868202419 11.9 11.8886355346163 11.86249715 11.907085768 11.9301664630965 11.9367947583325 11.9212383202384 11.9457229011906 11.96249715 11.96249715 11.9979705325222 12.001731338 12.1 12.116017018 12.2 12.2 12.2 12.244588378 12.3 12.3220794496607 12.33750285 12.3832256011975 12.480302578 12.5 12.5591149654846 12.6010818869137 12.66249715 12.6524871202282
11.7 11.7111547511414 11.76963999 11.76963999 11.807086248 11.86963999 11.86963999 11.86963999 11.8896829454266 11.9 11.9 11.9608974817586 11.96963999 11.96963999 11.96963999 11.96963999 11.96963999 11.96963999 11.9435625868094 11.9 11.884294251314 11.86963999 11.86963999 11.86963999 11.86963999 11.86963999 11.964228728 11.970165697254 12 11.9951371588695 11.96963999 11.96963999 11.96963999 11.9831770988837 11.984294324178 11.9875142327602 11.9799571903015 11.9918513666368 12 12 12 12.0701656243899 12.1061799766718 12.1745027582665 12.2 12.2 12.2260770689186 12.2831770260196 12.3 12.3409998881038 12.36963999 12.442799728 12.4940198607111 12.5 12.5287170045876 12.6701655515259 12.7 12.6951373045975
11.77678283 11.792800568 11.87678283 11.87678283 11.8854767913785 11.9 11.9397212460102 11.97678283 11.97678283 11.97678283 12.0384419747877 12.0738681785179 12.0041547358235 12.07678283 12.07678283 12.07678283 12.07678283 12.07678283 12.0680889243427 12.0193290729629 11.97678283 11.97678283 11.97678283 11.97678283 11.97678283 11.97678283 12.071371568 12.07678283 12.07678283 12.07678283 12.07678283 12.0535153766305 12 12 12 12 12 12.0561743015358 12.07678283 12.0096395790755 12 12.0245465403133 12.108874178 12.2 12.2 12.2 12.237445538 12.3 12.3 12.3136688901318 12.4245964551252 12.493768450743 12.5 12.5 12.5726275413401 12.7013291860345 12.7699691692711 12.7122981354232
11.88392567 11.8865004140647 11.9194376702624 11.98392567 11.98392567 12.0213473692435 12.0761669024295 12.08392567 12.08392567 12.08392567 12.0968338871214 12.1733897572056 12.1687211255327 12.18392567 12.1764775538133 12.1 12.1 12.1 12.1 12.0928326398218 12.08392567 12.1333365204759 12.1124458131971 12.14532587313 12.16785134 12.16785134 12.183055845889 12.18392567 12.18392567 12.18392567 12.1644884025808 12.0951290057462 12.08392567 12.08392567 12.08392567 12.0345150209457 12.0554053253813 12.0956856462916 12.0326053219646 12.0754073807248 12.08392567 12.0842039709835 12.108874178 12.2 12.2 12.2254317423246 12.2899447893484 12.3 12.3 12.3494104476327 12.4605543420403 12.5 12.4326055233862 12.41607433 12.5900464172678 12.701731098 12.7985735739219 12.7865002597511
11.99106851 12.0056556253323 12.084205604708 12.09106851 12.09106851 12.095050980829 12.1 12.1536163830904 12.19106851 12.19106851 12.19106851 12.1988787530709 12.2 12.2 12.2072893796164 12.2675501232321 12.19106851 12.19106851 12.2251700406469 12.28213702 12.28213702 12.287395393474 12.3452932169714 12.3131139071093 12.3641993084051 12.3025013436353 12.29106851 12.29106851 12.29106851 12.2764818317965 12.1979314581631 12.19106851 12.19106851 12.19106851 12.1439574419981 12.0947416479616 12.0969648240788 12.1 12.0928277618406 12.0988787101997 12.1 12.1015767037197 12.1918611063207 12.2 12.2210913375987 12.2937749924416 12.3 12.3 12.3 12.358874058 12.466016898 12.5 12.419697422 12.4796352392359 12.680245026 12.7001546128448 12.70893149 12.7235177310746
12.09821135 12.114229088 12.19821135 12.19821135 12.19821135 12.19821135 12.249017984691 12.2974757637167 12.29821135 12.29821135 12.29821135 12.29821135 12.29821135 12.29821135 12.2983700865703 12.299713503022 12.29821135 12.29821135 12.335657368 12.39821135 12.4490177489837 12.4964227 12.4976035198316 12.4969027697607 12.4978590406469 12.410765452 12.39821135 12.39821135 12.3894956642775 12.2997135073148 12.29821135 12.29821135 12.2614353459082 12.2 12.148268542 12.1 12.1 12.1 12.1 12.1 12.1 12.1982423175771 12.2 12.2 12.223159858 12.3 12.3 12.3 12.3 12.358874058 12.466016898 12.5 12.5774299138772 12.5979867924691 12.6944914608767 12.7 12.7 12.716016778
12.20535419 12.20535419 12.228514768 12.30535419 12.30535419 12.30535419 12.30535419 12.30535419 12.3018194812988 12.3039171499262 12.3813578968488 12.3172358943762 12.30535419 12.4 12.3916005080512 12.3205140807238 12.4 12.4 12.4354410870489 12.4970331821761 12.5027698134011 12.50535419 12.50535419 12.50535419 12.50535419 12.5006721704739 12.5 12.4052614780239 12.4 12.383982742 12.3 12.3 12.262554222 12.2 12.1510383425511 12.1610762462239 12.1375175450011 12.10535419 12.10535419 12.1881178413239 12.2 12.2000926991261 12.213753227649 12.3 12.2987599771989 12.296268274026 12.3 12.3 12.3 12.3494173712219 12.387472100151 12.466368469376 12.579247940601 12.6 12.699652693051 12.793007398276 12.7 12.716874346726
12.31249703 12.3144987715232 12.3452602536192 12.41249703 12.41249703 12.4069247170462 12.4064649558114 12.4051394313309 12.3422326235267 12.3765146036156 12.4 12.4 12.4118208129574 12.41249703 12.41249703 12.41249703 12.41249703 12.4087100327544 12.4 12.444588858 12.551731698 12.6073575686762 12.61249703 12.61249703 12.61249703 12.525051132 12.51249703 12.498268422 12.4 12.383982742 12.3 12.3 12.2672338321104 12.21249703 12.21249703 12.21249703 12.21249703 12.2033542056014 12.2 12.210928110114 12.2006762770284 12.2137956363415 12.2886119786869 12.3 12.276840142 12.230302698 12.3 12.3 12.3 12.1748943753095 12.1370195649037 12.3362567692174 12.560605156 12.6 12.7773557930212 12.7002163358364 12.71249703 12.7425289644483
12.43927974 12.4521516150799 12.51963987 12.51963987 12.51963987 12.475050772 12.4612117226283 12.452688151862 12.41963987 12.41963987 12.41963987 12.41963987 12.4956516956865 12.5 12.5 12.5 12.5 12.4756483267651 12.41963987 12.464228728 12.561211529764 12.6473116552737 12.68036013 12.68036013 12.68036013 12.592914232 12.58036013 12.4986085016681 12.4178969458415 12.3871285106488 12.3150912568609 12.3 12.3 12.30875714661 12.3094798788997 12.3 12.3 12.2412085465712 12.21963987 12.2899113144482 12.2239885600422 12.2986086945324 12.2250282939545 12.2835058515131 12.276840142 12.2243512875063 12.28036013 12.28036013 12.2905200739646 12.1465034029098 11.9991941078904 12.3012527376934 12.5487023821483 12.6147084628323 12.6956511170935 12.7020710833968 12.81963987 12.8325109736226
12.62678271 12.62678271 12.62678271 12.62678271 12.616753587314 12.5792952396179 12.5397102050681 12.52678271 12.52678271 12.5071883566992 12.5215073994238 12.52678271 12.5014492183303 12.5 12.5023768739156 12.5224927899614 12.5 12.5 12.5 12.5326467534696 12.57321729 12.57321729 12.5908985328993 12.6 12.6 12.512554102 12.5 12.5 12.4935023916371 12.4224928542399 12.383042803883 12.32678271 12.32678271 12.3594292877481 12.3621236283749 12.32678271 12.32678271 12.32678271 12.32678271 12.3033623930103 12.3 12.3 12.2935025673586 12.2342201450368 12.2562602696045 12.2 12.1899710701495 12.1373913620797 12.144600378 12.2286035113162 12.3019012036577 12.3947255441388 12.4411590765883 12.6681659214226 12.7253332988342 12.7297812710429 12.9 12.9
