catData/variables/pastClimate/lgm_MPI_ESM_P/bio15.asc
NCOLS 409 
NROWS 350 
XLLCORNER 60.897278365 
YLLCORNER 5.843756025 
CELLSIZE 0.0892857 
NODATA_value -9999 
[rows 104 to 129 of 350, columns 177 to 235 of 409]
150.464834958975 150.476668596137 150.72095433125 152.768263446363 154.658303600738 154.745336401706 156.130751984151 158.535105933188 157.263998741924 153.793998077036 151.092186466074 147.322985159999 144.71474432 143.26886534 141.4206206237 140.503011626144 140.139523648588 139.776035671032 138.445756146524 135.86336634408 133.590356739999 132.089288418386 134.3392555 134.25052092 133.284919328139 132.76840862 131.897198873026 131.41332992453 130.848733917914 130.6607445 130.271742157198 129.33983822 128.26840982 126.666391309867 125.168147572576 123.42914266498 122.3392555 122.309152619908 121.894174777648 121.492276644796 121.79978293276 121.212222709683 120.705391087873 120.3392555 119.75052452 119.3392555 119.3392555 119.3392555 118.46481092 117.39338252 116.3392555 116.25052572 115.284920956565 114.846980440991 114.03624052 113.3392555 113.49051995366 114.020314248784 115.127713488772
147.505183224076 147.69594198 149.839679143683 153.640666320001 156.46318996 156.526765393489 156.926012412628 157.94588018 156.383175095138 154.696187970979 152.995965102903 150.221698296786 147.680136858662 145.66178274 143.518925939999 141.680926707683 140.1694799138 138.92915192 138.158176813965 136.39395804 134.61022352173 134.4106839 135 134.91126542 133.774060662738 132.35772472 131.28629632 130.5893161 130.326553852793 130 130 129.33983822 128.568862128324 127.60766532 125.661789939999 124.46480852 123.4106839 123.32195172 122.4106839 122.4106839 122.286239540614 121.779333073269 121.4106839 121.623131741034 120.990854485083 120.4106839 120.4106839 120.4106839 119.536239319999 118.46481092 117.814262401786 117.32195412 116.25052572 115.4106839 115.232112293745 114.8213678 115.26723958 115.8213678 116.757043610724
146.4821123 146.99942208 149.269389183885 152.840279591734 155.49896536 156.810070297371 157.421583958895 158.42799248 157.456459040686 155.865307229522 154.084563840268 151.53681244 149.23702418015 146.73321114 144.590354339999 142.44749754 140.020803979012 138.33983582 137.647290218593 136.298992031616 135.547133421825 135.026092987965 134.991656477756 134.42915312 133.274778282663 131.656755567128 130.21486792 129.5178877 129.7328502835 130 130 129.33983822 129 128.19698142 126.672687684755 125.53623692 124.4821123 124.39338012 123.4821123 123.370460404197 122.843071026012 122.4821123 122.697073726431 123.73092511664 123.26887494 122.128065942942 121.611517132732 121.4821123 121.029248207686 120.01835162 119.46481092 118.436160238314 117.80406642 116.852573861267 116.4821123 116.4821123 116.92798408 117.4821123 118.07084088
148.413808608798 148.62439118 150.28455776 152.356722998381 154.058222362655 156.497012183882 158.358496430418 158.975837703047 158.51892354 156.317445129924 153.501080516561 150.98327174 149.008150049632 147.25109884 145.108242039999 142.96538524 140.23379266 137.974408077687 136.71486672 136.087943115384 135.51595667808 135.024163368456 134.973114145008 133.35772472 132.28629632 131.111471794599 129.69698022 129 129.44587658 130 130 129.705264633814 129.14857575965 128.19698142 127.12555302 126.05412462 125.5535407 125.46480852 124.464885300434 123.896604946101 123.385808247363 123 123.44587418 124.748257127755 124.920770457562 123.89338132 123.226916531853 123.1070814 122.623040735075 121.60766772 120.53623932 119.5535407 119.39338252 118.450146717604 118.1070814 118.1070814 118.306145002789 118.5535407 119.14226928
151.42902592 150.745611824744 151.80244546 153.28513568 154.35656408 157.03403924 158.827367318061 159.591145884802 158.34041374 156.075540850526 152.47947241322 149.28687424 147.636419119115 146.860149781977 145.108242039999 142.96538524 140.23379266 137.679671639999 136.26840742 135.498136700848 135.047085362014 134.408855615123 134.351234367739 132.91126542 131.739740106536 130.288176976326 129.69698022 129.234018542051 130.07084568 130.6249691 130.6249691 130.6249691 129.436157663636 128.698843219226 127.75052212 126.67909372 126 125.966722690675 125.46480852 124.480233143599 123.886359119263 123.6249691 123.792185695012 124.51730258 125 124.752419833575 124.167749343562 124 123.12555542 122.05412702 120.993511447887 120.6249691 120.564904833612 120.2499382 120.060563200663 119.6249691 119.6249691 119.6249691 119.845760509213
152.55411862 152.203196695035 153.57027136 155.512699935896 156.311306564916 157.683418191453 158.87445178 159.94588018 157.96538284 155.610196637939 151.078082250218 147.84041494 146.092578611403 145.23275442 143.715447039999 141.932841806163 139.947389285353 137.679671639999 136.26840742 135.19697902 135 134.05412222 133.28629632 132.21486792 131.094813638864 129.838720341946 129.422627154485 130.07084568 131.14227408 131.6963975 132.106389953999 131.933059986812 130.742694712376 129.833574868434 128.82195052 127.091816870056 126 126 125.83983942 124.929689006699 124.6963975 124.957160605078 125.082289335733 125.21370008 125.6963975 125.6963975 124.96480972 124.137179039788 123.12555542 122.71283059859 121.6963975 121.6963975 121.6963975 121.6963975 121.604401394534 121.132033566276 120.6963975 120.6963975 120.6963975
151.78629272 151.74948388 153.40965046 155.552507260001 157.355649247908 158.57084928 158.970850955015 159.219608879499 158.73320874 156.256006448466 150.273545605905 146.178984342563 144.92915192 143.570210666406 141.572590239999 140.344242824625 139.506749120141 137.679671639999 136.26840742 135.19697902 135 134.05412222 132.995981953234 132.61095861125 130.83983702 129.76840862 129.535686215297 131.429785090812 132.98152838 133.5356518 133.672340442642 133.614553432874 132.24232773161 130.96480732 129.221955880579 127.834516854936 126 126 125.962814861483 125.945645916999 126.5356518 126.62258841197 126.664305463545 126.655756060939 126.315783005424 125.493112529908 125.062318365607 124.19698382 123.796976616639 123.041560127846 122 122 122.122973598701 122.7678259 122.7678259 122.39338252 121.7678259 121.370629423721 121
150.71486432 149.809746565406 150.65971346 153.356617900982 156.398675592824 157.96376908 158.894633116508 159 158.979909140192 157.530251096101 153.690609783876 149.575945568563 146.706115384878 143.461834621195 140.643193591244 139.565847556913 139.066108954929 137.679671639999 136.26840742 135.870917830455 135.105368897702 134.05412222 133.824730014018 132.897001717823 131.67909132 130.802026981508 131.28454816 133.113147714808 134.28513088 135.273404728876 135.6785086 135.124464987439 133.37607394 131.362298923755 129.984989428087 128.89337892 126.824732028228 126.074468863614 126.8392543 127.07084328 127.8392543 127.8392543 128.213456122824 128.244360185334 127.25052332 126.17909492 125.225266109808 124.870918602035 124.105372926123 123.05412702 122 122 122.16015818 123.194360033088 123.8392543 123.779064136771 122.930108982772 121.48269982 121
150.652688401963 148.100902452813 148.35611096 151.159134340001 154.37341954 156.712957479862 157.96376908 158.0893173 158.103533968735 158.806094225072 157.09138658 152.826358311126 148.636341802957 144.753886045211 141.96943214662 140.39337532 138.838379720566 137.370189037885 136.26840742 136 135.12555062 134.91551675056 133.998454258729 133.82194812 132.896377375066 132.8213654 133.151450088597 134.626134359573 136.26724198 136.86756968409 136.374533395921 135.33983822 134.203066160416 132.30464554 131.03623572 129.103414975078 128.80406162 127.829290718741 127.9106827 127.931367602403 128.275952685766 128.9106827 128.950506977897 128.953795930271 128.32195172 127.25052332 126.17909492 125.179389757054 124.12555542 123.05412702 122 122.080804675621 123.07084088 123.931367388042 124.275950500127 124.569683591704 123.514304156464 122.864478844633 122.8213654
152.082372012581 149.421546962923 148.581381158428 150.980499740001 153.476277389438 154.835277484943 155.91022958 155.106818375952 157.018198531457 157.034190393038 156.37722738 152.318964602028 148.787911279999 145.244400331019 143.09035314 141.46480372 140.382843484505 138.655703450999 137.25051852 136.9821111 136.966468162486 136.9642222 135.947225608523 134.89337652 133.9821111 134.209559564963 135.26724198 136.345368846047 137.42798768 137.474060137057 136.41126662 134.691486008065 133.28629872 132.200505200924 131.12555302 130.037203949915 129.96480732 128.9821111 128.9821111 128.754664992104 128.005420647609 128.385636256886 128.562102018618 128.525937505877 128.41126902 127.988190474867 126.532022840638 125.19698382 124.12555542 122.125174667152 121.034880777344 122.175872281839 124.14226928 124.9821111 125.28512608 125.60766772 124.974134944315 124.9642222 124.9642222
154.0535395 153.563926226966 153.107079 153.73190059139 154.0535395 154.770575939493 154.118826431075 153.949358048103 154.893847692719 154.941709566459 154.581165414362 152.044884210368 148.144472959999 145.67908892 144.60766052 143.53623212 142.46480372 140.733211139999 139.361116020937 139.064085658241 139.0535395 138.10766172 137.03623332 136.048788694954 135.848412065868 135.04114021331 135.30301978 136.354400411667 137.790469641691 137.832467789976 135.158241350798 133.250953988379 132.200499792442 131.186435133264 130.953182545914 130.051226814908 129.983622655729 129.0535395 129.044964582627 129 128.69698262 127.979952360162 127.50058632 127.436066958518 127.955961724607 128 127.307581063947 125.44750714 124.179094919999 122.212435106413 121.140755452766 123.14226928 124.222272468878 125.33866558 126.393870709479 127.0535395 127.0535395 127.0535395 127.085059733809
155 155.064647116856 155.198541274004 155.167436168847 155.1249679 154.22159237455 154 153.05411982 153.015145563106 153.775205845957 152.58989882 151.315818428339 149.003833605487 146.672343722636 145.623368360215 144.48269262 143.337691145919 141.719702402459 141.1249679 140.32194692 140.1249679 139.17909012 137.98269382 136.91126542 136 135.76840862 135.265152034435 135.828238097287 135.7500642 135.23275922 133.57259744 131.594738702613 131 131 130.12555302 130 129.877194517049 129.988911325803 129.734886451345 129 128.659115174358 127.54738002279 126.55412582 126 127.103889485765 127.957530831384 128 126.49431888568 125.25052332 124.17909492 123.26723718 124.33866558 125.550237528578 127.35655448 128.1249679 128.1249679 128.1249679 128.1249679 128.640124305687
154.782346306542 155.51730978 156.58873818 156.469487693695 156.052713752829 154.551664060645 154.024657205879 153.239887187595 152.993201317859 152.447161054544 150.61198243198 149.421097781495 148.316584209939 147.04931488311 145.999414721919 144.48269262 142.93815396887 142.066742497655 142 141.354689369294 141.1963963 140.25051852 138.175691250281 136.91126542 136 135.76840862 134.940488036381 134.502695757094 133.912431489431 133.28629872 131.741761997518 131 130.856318395532 130.8036037 130.100894871418 129.814233575107 129.206903283264 129.732298191843 128.968545054682 128.758120481207 128.120195624535 126.926460234257 126.445297559217 126.101596312692 126.78512728 127.85655568 128.052715166883 127.354693226592 126.32195172 125.436289273542 125.41009398 126.48152238 127.521496306033 128.42798288 129.1963963 129.1963963 129.1963963 129.1963963 129.1963963
153.772344713166 155.24948508 156.478592106437 157.176808916239 156.53622972 155.249731824158 154.12554822 153.746669924556 152.702193805246 150.887497064952 149.497637029698 148.20579816535 147.918843175548 147.083561254253 145.55412102 144.344144926143 143.14343952 142.248819393459 141.804061436739 141.947244153062 142 141.307451652665 139.23321234 137.155324807731 135.95710439793 135.562609811871 134.69698022 133.899713528526 133.28629872 132.353417371077 131.41126662 131 130.464347740481 130.2678247 130.033626199915 129.05412462 129.719505899687 128.976235330511 128.57201472 127.562611569092 126.918844461107 126.458015348695 126.119416118496 126.646580871702 127.58873098 128.66015938 128.464349497702 128.2678247 127.39338012 127.2678247 127.55295078 128.600615153291 129.2678247 129.437386673688 130.081154896114 130.2678247 130.2678247 130.2678247 130.2678247
152.579388720398 154.014302526526 155.83822326 157.32091348 156.92915192 155.327128311037 154.12554822 153.05411982 151.98269142 150.882734631099 149.569832996645 148.76840622 147.594176606066 146.28629632 145.21486792 143.62613214 142.07201112 141.436784155426 140.838096270702 141.73619523683 142 142 140.298769564786 137.852634321342 136.12475433253 134.921431906402 134.460527519726 133.62555182 132.705388431982 131.988258463779 131.271743144238 131 131 131 130.42221186875 129.39337772 129.333382738993 128.91126782 127.83983942 126.921432720609 126.563328691038 126.3392531 126.633863082225 127.175496503903 127.92798408 128.99941248 129.3392531 129.3392531 128.761466554543 128.6785062 129.689938033201 130.3392531 130.3392531 130.3392531 130.539469308689 131 131 131 131
150.481081260001 152.62393806 154.525010981131 155.83880358 155.44704202 154.705400466233 153.71486672 153.031893811143 151.98269142 150.963557363948 150.334764698506 148.673294939039 146.983274139999 145.21486792 143.960325271675 142.14402224 140.58990122 139.789590035688 139.5893185 140.865574599403 141.537757183053 141.5893185 140.551614615923 138.285505269583 136.745450012871 135.083979824674 134 133.62555182 132.816886737311 131.979603710288 131.4106815 131.4106815 131.110230947492 131.329784874962 131.051562302583 130.442578139871 129.98269622 128.94770848478 128.184745932765 126.86352032969 126.589255247856 127.153777954599 127.4106815 127.715537480492 128.58873098 129.66015938 130 130 130 130.388452534236 131.4106815 131.4106815 131.4106815 131.4106815 131.4106815 131.4106815 131.4106815 131.4106815 131.4106815
149.676798932477 151.55250966 152.822791774914 154.014219623868 154.139004302648 154 153.12554822 152.543981801008 151.508926157773 150.868482043445 149.35772472 147.943048885883 145.575825832897 144.14343952 142.626132139999 140.48327534 138.645318971978 138.0357802 138.388488225585 139.32091108 140.39233948 140.5178901 139.98269382 138.822530839999 136.762620861728 135.278012334105 134.336021064166 133.62555182 132.769084933396 132.4821099 132.198275709041 132.31827052974 132.103226588521 132.380095172698 131.60766292 131.4821099 130.46480612 129.439331237573 128.834108842415 127.852568460011 127.62819757877 128.33866558 128.9642198 128.9642198 129.269117746105 129.823999907324 130 130.387142050238 130.4821099 131.42798288 132.4821099 132.439332394637 132 132 132.146086521706 132.4821099 132.697069099269 132.71482426195 132.4821099
149.505794837826 150.48108126 151.772350831302 152.95490567359 153.4464617 153.4464617 153.056052471733 152.05411982 150.4464617 150.268987739999 148.28629632 146.879876387271 144.52924343762 142.864738382513 141.247976532595 139.41184694 137.59487794281 137 137.73159258 138.80302098 139.87444938 140 139.98269382 138.822530839999 136.768330383672 135.42534360122 134.69698022 133.832823228995 133.306728535897 133 132.737153094318 132.848275250574 133 133 132.609592914749 132.5535383 131.53623452 130.513922780072 130.1070766 130.003680990288 129.795900554604 130.48152238 131.1070766 130.820729809281 130.5535383 130.188114799066 130 130.35851596885 130.930500266258 131.94587298 133 132.96038555158 132.464884613312 132 132.30301498 133.207268752011 133.99941008 134.03623812 133.5535383
149.4864739493 150.012983487832 151.331713237519 152.247584451047 152.3750333 152.3750333 152.3750333 151.42915312 149.978365427751 148.572592639999 146.58990122 145.431617440427 143.768988939999 141.860151283296 140.55412102 138.96538524 137.779204477598 137.6249667 137.899338279533 138.80302098 139.327947636665 139.3750333 139.35772712 138.253020297638 136.83983702 135.76840862 134.886357491941 134.390949056624 133.83278143481 133.6249667 133.6249667 134.037545829113 134.2499334 133.748073528019 133.6249667 133.6249667 132.60766292 131.6249667 131.6249667 131.6249667 131.814342472021 132.390363036544 132.6249667 132.10766412 131.257029442242 130.752418249193 130.167748699373 130 130.327945836505 131.91204539493 132.3750333 132.3750333 132.314968649233 132 132.30301498 133.37444338 134.44587178 134.48269982 134
150.14227648 150.6963951 151.05388269253 151.3036049 151.3036049 150.744383352982 150.6072098 150.320035942539 149.26898774 147.126130939999 145.14343952 143.910730346417 142.212188601343 140.92915432 140.168233856865 139.325635564626 138.286402387613 138.459735100148 138.6963951 138.940196204331 139 139 138.298350658952 137.91126542 136.83983702 135.929687722234 135.6963951 135.32194692 134.6963951 134.6963951 134.6963951 135.35655688 135.18691928344 134.756199624321 134.6963951 134.037692120157 132.994746487603 132.6963951 132.6963951 132.857672530886 133.484787761353 133.957157306408 134.082285605831 133.17909252 131.69767475031 130.540268242549 130.081491265212 130 130 131.233044651506 132 131.938209015984 131.3036049 131.3036049 131.60661988 132.67804828 133.74947668 134.146550030581 134
150.871346678224 151 151 151 150.438264181874 149.42915312 149.903601126301 149.273730969612 147.42973584 145.355013378562 144.07201112 142.946812086738 141.69697782 140.62554942 140 139.48269262 138.863309387175 139.42798768 139.7678235 139.7678235 139.096400716475 139 137.986711908301 137.211574415786 136.962813919874 136.7678235 136.7678235 136.680885432136 136.193292483776 135.7678235 135.7678235 136.427985280001 136.597965452573 136.535647 135.864226059252 134.82194812 133.754537251077 133.068130653011 133.7678235 133.99941248 134.7678235 134.85476101064 134.896478493447 133.853323842465 132.274579521622 131.10766412 130.206093210203 130 130.671419097972 130.987432977941 131.2321765 131.211575530234 131 131 131.30301498 132.37444338 133.44587178 134 133.547960361154
151.46504510466 151 150.505900363832 149.606702043418 149.203893696995 149.031663617409 148.406681144353 147.37561602 145.301405298651 144.146483799065 143.83983462 142.76840622 141.442665879692 140.100555880721 140 139.48269262 139.494097621963 139.945372037623 140 140 139.12555062 138.206170275967 137.157966164447 137 137 137 137 137.314256346517 137.39337532 136.8392519 137.333347507759 138.33866558 138.6785038 138.6785038 137.80405682 135.938800710172 134.82194812 133.853515429344 134 134.425950471485 135.8392519 135.8392519 135.465051147274 134.39954201314 132.756427326446 131.33984062 130.882398654382 130.8392519 130.97981720479 131 131 131 131 131.19435947728 132.14226688 133.21369528 133.910924941479 133.565854841065 133.066111099349
152.46479892 151.439576474356 149.875109557616 149.030353819124 148.333750864135 148.0893197 147.21486792 146.14343952 144.07201112 143.0893197 142.92915432 141.85772592 140.759231669789 140 139.59394679673 139.043113960011 139.052585703249 139.0893197 139.0893197 138.358024313027 138.100533843713 137.14344192 136.0893197 136.0893197 136.0893197 136.300225407416 137 137.37444818 137.960174437637 137.9106803 138.49941368 139.57084208 140.5769250646 140.8213606 139.150571981919 137.01892954 135.89337652 134.9106803 135.056535385043 136.073635038217 137.186632258524 137.8213606 136.969437587995 135.39337772 133.73321834 132.851715062226 132.8213606 132.8213606 132.025021147552 131.049292410812 131.894924274071 131 131 131.23158658 132.30301498 133.37444338 134 133.953794903112 133.9106803
152.55411862 150.974635784466 149.4186198286 148.351644658332 147.28629632 147.806547547801 146.266741519131 144.143053966064 143.98269142 142.91285063993 141.85772592 141.013747786204 140.69697782 139.632248827662 138.57201232 138.0178913 138.0178913 138.0178913 137.299387862326 136.23276162 136.0357826 136.018859616875 136 136 136 136.23159138 137.29759836221 137.988808064723 138.437899268344 138.9821087 139.57084208 140.64227048 140.995197799387 141.78865153368 140.233214739999 138.09035794 135.999690412881 135.9821087 136.14226928 137.21369768 138.28512608 138.614362241784 137.546148551283 136.46480612 135.382844557418 134.9642174 134.9642174 134.175568223381 133.966463749686 133.01834442 131.99969045582 131.894966411113 131 131.23158658 132.30301498 133.742187481156 135.420003254223 135.45617239271 134.403913239643
152.108237239999 150.48269022 149.379742485183 147.661473144209 146.960832526396 146.9464629 145.197559339999 144.00058272 142.92915432 141.85772592 140.9464629 140.727267979359 139.69697782 139 138.55412102 137.454997483066 136.9464629 136.28629872 135.21487032 134.903471485492 134.065291903902 134.89234068 136.0535371 136.14227168 137.062111761477 137.32626684913 138.069759900264 138.461475510343 139.0535371 139.57084208 140.64227048 141.678355732768 142.039167216626 141.967554527961 140.197568939999 138.105351564807 136.03623332 135.14226928 136.21369768 137.28512608 138.35655448 139.033490358832 138.55412582 137.510392299956 137.0535371 137.0535371 137.131871276273 137.1606113 136.239351493076 134.164688943683 133.03623572 131.96480732 131.044962695502 131.206789632216 132.19594078 133.26736918 134.760798677928 135.294393768533 134.22864184086
152.108237239999 150.48269022 148.82252364 147.257335373247 146.14343952 145.8750345 144.235407243913 143.05411982 141.98269142 140.91126302 140 140 139.69697782 138.953206596045 138.42915552 136.905065315395 135.926428338884 135.21487032 134.14344192 133.07201352 132.8750345 133.939114369717 137.002162675437 137.202611318843 138.16016298 139.057881865195 139.55295078 140.203137895962 140.1249655 140.64227048 141.71369888 142.1249655 142.673708614722 141.369346958359 139.251106039999 138.05412462 136.984858595519 136.21369768 137.26511153304 138.260529612681 139.3901161616 139.672347024121 138.623372430159 138 138 138.164994294003 139.621683327279 140.024616181558 138.251110839999 135.398784039765 134.10766412 133.025147558677 131.83984182 130.76841342 130.227282143034 130.98413486739 131.765325690076 131.280251315643 130.595884784092
