catData/variables/pastClimate/lgm_MPI_ESM_P/bio16.asc
NCOLS 409 
NROWS 350 
XLLCORNER 60.897278365 
YLLCORNER 5.843756025 
CELLSIZE 0.0892857 
NODATA_value -9999 
[rows 275 to 299 of 350, columns 168 to 223 of 409]
637.81961533122 463.709769091185 374.336476599684 315.935665859414 290.281104960601 293.622033803321 300.199572153502 303.996101440002 317.890021121681 343.530229090552 369.450867401572 380.670140077228 379.439673481986 376.377119859999 370.137396295957 356.187671770343 356.690334704394 366.069699004971 395.91797343281 425.312155286586 437.386470151547 431.811403737063 415.357001112032 399.599863725559 390.094166961576 382.037117659259 377.243194352082 376.707623698983 381.315776968382 391.154196100005 399.87549310565 407.170370733708 413.645304908061 424.591926015174 443.232840706635 459.67144485002 468.232710740001 467.379764274078 470.812321345846 475.267532070671 472.491768030394 469.296497984425 473.334156539953 483.172565000004 500.829067583759 519.845824243714 537.688738620005 552.296905266941 -9999 -9999 -9999 -9999 -9999 -9999 -9999 -9999
689.026448165582 524.617496854798 415.156042857262 348.616131831582 311.406572348128 296.683658670813 291.316395641375 292.678717283867 306.942474431713 331.426638943388 354.872962234473 366.518301434153 369.945913364442 367.973429773719 360.275108852003 334.141603336328 337.247082607626 352.038359375757 370.927256050987 398.708369331851 411.691802565137 432.287982558508 435.214807810996 418.854018821149 413.200940569249 403.721350135079 392.64759889441 389.066592207154 394.319488452149 404.368956500004 412.245607160001 426.079084849322 431.666584630278 445.01643081076 461.016646521036 469.791382651125 473.344059455887 473.432113387337 474.383477522429 474.183319970234 474.204744143367 476.294962646567 481.817633880002 491.743992200004 506.360181548781 521.51592725054 537.811738504815 -9999 -9999 -9999 -9999 -9999 -9999 -9999 -9999 -9999
825.532829992999 633.112794805457 481.980017546176 396.588066676502 340.166133719233 296.798638113928 275.041864144749 278.977452700003 292.279541515318 313.519523169172 336.847142874984 351.601941983142 357.721338513805 357.549206515447 353.408127696001 344.099725703792 339.176235773953 351.567472626406 358.214919312176 378.13603550219 392.409215842965 419.77239045066 433.708741763002 429.99181363094 432.134473461688 424.452567470238 406.971129585489 397.890630424543 401.377330408171 412.444215655937 421.154405040018 435.700940702756 449.198807367646 461.194021456805 468.154259907114 473.026843500547 477.306982784648 478.44897637125 477.907934823574 477.909057096955 480.721599061058 485.088264445159 491.085429780001 500.402850593322 511.232617505069 525.03298168922 -9999 -9999 -9999 -9999 -9999 -9999 -9999 -9999 -9999 -9999
1059.3326741892 797.265575987942 611.149405884604 493.534832469098 395.537556287582 326.646392956031 287.038497527995 271.866021843732 280.506065955738 299.124810778989 321.882143080004 341.070239770845 352.414961053848 354.26840502 342.959103546451 337.096883135354 331.542720554907 351.574740722705 358.959327168658 372.632339388569 387.780080393382 406.360900935846 422.66446220359 430.160106147797 436.293394772346 434.414701480953 420.581086834635 408.844337854778 408.843404360952 417.853773165821 430.269421722193 444.213648049635 462.217458020423 470.328328342144 471.642535060103 475.749204321636 482.780678506592 483.413531145083 483.20156080346 484.236277141838 488.522097120218 494.362040518594 500.728285380002 509.108798864656 518.655255220001 529.286869735797 -9999 -9999 -9999 -9999 -9999 -9999 -9999 -9999 -9999 -9999
1427.8138782781 1073.40958002693 818.284109063529 641.242806812297 464.653078145658 370.931254909488 325.852730779995 297.357527009436 281.713787443293 287.687894407791 308.792799380004 330.914179433922 349.105895617291 352.201233194224 343.222267620737 335.356144135405 329.940349012999 340.34474355364 357.3438563446 382.981625897736 384.274129731638 400.044538895831 412.920545645678 423.318260330072 428.053012886097 428.883986776692 423.388259646381 414.547314428746 410.593365542745 417.296958701848 431.41176489286 446.267939877311 462.341136784539 471.429600213944 473.459531663353 478.342290227242 485.781964883254 488.551160571578 489.952183550493 492.628938770395 498.961887599806 506.848959849212 513.054129310692 520.332423635989 529.74435892 -9999 -9999 -9999 -9999 -9999 -9999 -9999 -9999 -9999 -9999 -9999
1798.61651092829 1417.53272654882 1052.12680949395 753.491346667774 530.786423692671 421.450197576792 357.484498295522 305.460013157383 273.155967673018 278.433156687101 298.22805654867 322.776026839092 343.699925150732 347.251945559999 347.26356018067 339.750115092359 329.606367325751 339.360974564689 365.504787206489 372.802228967072 382.861893364111 395.966576710007 408.079455497932 417.567883360002 422.906213846192 435.043330228405 427.729234692319 415.569060732375 407.845220023904 410.964017225253 427.451813487841 442.569697279068 455.593574991345 466.585667771863 473.416819020212 480.824431964437 489.196298935465 493.792323832993 497.87718079258 502.675684348558 509.727671460004 518.62548589062 527.9573738066 534.984618807322 543.400667916289 -9999 -9999 -9999 -9999 -9999 -9999 -9999 -9999 -9999 -9999 -9999
1921.40881542525 1646.98147059165 1243.24799283464 820.946514329432 586.56287444172 484.82737867756 392.189448857092 309.239874063287 265.618815203041 274.304081588806 293.452485960005 318.779576465917 339.628247046735 354.372669550032 377.529640463641 350.456873250425 341.989367396194 350.049257109273 364.303636302588 368.969998069542 381.114710603617 391.410344240517 403.201835586844 415.382272931003 426.074196547789 430.103469621705 430.615296386801 421.383960954594 424.910917106777 449.889162883581 440.512636563261 460.78225739471 467.156628692512 462.350104887773 471.807952150787 485.761986874932 501.646183788609 508.841651819584 508.846784175442 512.775038648085 519.459873160004 530.578497619898 543.378045821971 552.695474182697 560.333474671298 -9999 -9999 -9999 -9999 -9999 -9999 -9999 -9999 -9999 -9999 -9999
2132.16461189605 1827.1679969387 1362.61643284555 986.470082985417 803.062881374073 608.389676157155 457.355910848879 340.673841199931 275.361850864923 278.921126685721 295.22743729467 318.850495947234 337.617491515817 364.0405082595 405.404299928202 366.085369349212 352.798236371643 352.948949641944 375.51943207667 367.404093060011 376.775672565285 388.759165598645 407.990409813863 428.971637918015 443.834854080039 518.014602604386 541.80873501553 475.99978261211 513.172175960305 488.329596770012 473.560332269456 492.202617647097 452.01077645459 453.519581459522 467.499871664294 487.51063529784 512.408925169296 521.46496793073 517.57637168956 521.872457221109 528.459707717925 541.626403407936 564.006599154936 582.270096080182 589.46717159673 -9999 -9999 -9999 -9999 -9999 -9999 -9999 -9999 -9999 -9999 -9999
2290.39657321962 1933.56092187571 1623.77919081282 1355.83178611735 1144.47240536582 838.969323835698 573.53444244729 391.415805136691 299.555530752284 291.192605138327 304.46122806167 322.574425936556 339.529308911782 366.813094306542 400.595931941627 369.819839284824 360.479880843206 367.366503374153 400.64749623638 379.94406946342 373.063745960298 387.681355260008 417.779874886141 447.770965567768 467.572629953926 565.929659522179 568.948335883597 507.589981416837 476.977236991917 465.018996551038 514.245933700275 508.677171605531 453.997870350049 447.381946881426 464.940536410102 487.544677501074 504.057961645577 511.716102237233 518.763370509015 529.026920030462 539.357923570538 555.816678795977 589.858377147997 621.920977545294 -9999 -9999 -9999 -9999 -9999 -9999 -9999 -9999 -9999 -9999 -9999 -9999
2517.98813178301 2191.18260716064 1915.5333913268 1725.40760122343 1468.15075981708 1134.24688532494 772.703015598627 495.323235208741 345.86438989365 312.519873009811 323.267069074212 334.816570530881 351.936657107194 376.381830824242 400.898623956396 374.061891165716 364.452879298739 400.732974721175 394.654525646507 365.7631126264 381.214626008693 389.747522652076 422.658182040004 460.872299641218 487.698811626367 492.218205673442 480.994977928078 465.309729288093 455.069411604579 479.165214206094 551.978167867896 503.89382034423 464.24929182331 456.489013955778 475.487908815015 495.931195286808 501.184521211945 508.537658245264 521.445689128304 539.630942367992 557.49611079168 578.290743780004 607.401745220934 634.162652163283 -9999 -9999 -9999 -9999 -9999 -9999 -9999 -9999 -9999 -9999 -9999 -9999
2621.45872728491 2444.57597466177 2226.70380952405 2004.83220270333 1807.33803592793 1433.36597881161 1012.90420313298 655.880816451294 433.454974657061 351.485445681845 352.544102255483 355.733369570456 364.296053605159 375.268731382851 370.374807065217 368.98793795141 366.959574562286 388.49185790359 358.797733894221 353.332369624172 363.072907335253 381.866060792942 412.481156499391 450.191167782749 482.906731270813 493.212633752942 487.290823187307 473.880798300365 463.855788089708 472.54488879151 479.034000326149 463.724111024778 456.947294866852 468.511280435619 487.714215151452 493.610500449405 497.163178768399 512.597910780394 532.907898305391 555.026066794646 576.578977281988 598.648128180002 621.521052993309 642.067215619949 -9999 -9999 -9999 -9999 -9999 -9999 -9999 -9999 -9999 -9999 -9999 -9999
2382.66555353369 2391.32479432758 2269.01412294911 2013.3990077457 1889.22048404819 1612.3553463013 1273.50729351584 872.679337010799 622.796561579234 465.492643250383 432.006022004005 418.887462083131 369.603016199548 352.800228089948 352.709922056036 349.145295679998 348.001371716111 345.608121319999 344.655531639924 346.351810631085 356.710618344192 373.104862106215 397.993959156462 430.761134875631 464.402053575466 483.103393294276 486.92869688 482.943624032535 469.527219891912 468.327966490656 469.88930291806 457.747612450389 463.86366726315 478.168965170448 489.050837287533 488.240929145514 497.720403475724 524.956732930744 550.433852441642 572.045071868721 593.176932637717 615.112533980003 636.26470496863 654.967198288072 -9999 -9999 -9999 -9999 -9999 -9999 -9999 -9999 -9999 -9999 -9999 -9999
1933.56036151924 2008.99961618436 2154.46653541406 1847.56723943476 1539.86901566742 1484.83846299283 1336.91397378188 1024.86719581525 835.070640450267 617.387403523869 494.281978829563 450.545994897258 371.964706478853 344.964726936938 344.366949839159 342.189439017905 339.613284390206 336.458403904889 335.343104982134 339.538298831487 349.345443415761 362.43936273812 383.679038996615 412.805926200006 445.770959287678 470.154422994079 486.684685083616 511.959835311796 477.247228354061 474.202884847316 478.153308469278 454.324749484981 467.208120459448 485.864890961772 500.628095731422 506.456196277298 519.353031058099 544.00435541835 564.383406680004 583.744633123772 605.077804500009 627.838821645423 650.458540976196 674.370205833384 693.07353200402 -9999 -9999 -9999 -9999 -9999 -9999 -9999 -9999 -9999 -9999 -9999
1854.75805005672 1845.92585716533 2058.36119598571 1691.89509260031 1388.8522379701 1244.71378706591 1218.63321372237 983.57999033163 746.151558419462 541.956299321986 434.837427726489 371.268234692705 338.173480479247 330.065698705425 329.2508646 330.093977951999 327.833377217642 324.654146600714 322.747448680002 330.048318707717 341.179079387354 349.873012256568 366.731969677496 394.001878670862 427.39244322316 457.090344737295 486.679824091109 559.914841577358 491.215568600238 482.158570361901 505.843241416286 474.96257932544 471.038294647549 496.5572193702 522.916251839436 540.751809806596 553.238173994927 562.822795674194 574.100158864827 591.489687440003 611.777470682928 635.236979640002 666.518431044775 694.117079937998 710.471532112693 -9999 -9999 -9999 -9999 -9999 -9999 -9999 -9999 -9999 -9999 -9999
1803.58977719519 1758.74512353813 1773.55487595362 1569.04892541593 1425.06980954736 1334.25172416241 1125.84320780439 899.921554649584 624.991427907998 434.675210211145 359.592091686396 327.931470133851 316.932803807221 312.722203768416 312.925791139103 315.860786295044 315.406213970982 312.334701650383 311.256135811412 315.424895202395 325.641288399999 332.178089989319 345.617976820069 370.646262420005 405.107864849255 437.313546847218 468.051617062284 533.598712405156 470.223353700956 455.633649715496 483.156213566032 481.874288236428 473.293151191071 507.456949151742 545.653887351596 571.069645612334 579.291123276013 577.527346774283 580.956050318348 595.833630283611 614.000365869707 636.314613025265 676.410004841661 707.206319152038 724.295108965939 -9999 -9999 -9999 -9999 -9999 -9999 -9999 -9999 -9999 -9999 -9999
1762.90041537401 1722.44594450353 1647.36813508979 1541.74432807467 1432.6792643379 1362.03725404834 1068.41944265091 853.755871048168 599.845961571938 417.825630631423 343.644707465373 315.246218587491 295.502741503842 291.056581259999 291.85741296 296.842129438091 298.683474746681 298.283319762912 300.236593303867 302.116393406391 306.724767308421 310.603507115888 320.741600840002 344.931980820007 378.977986104583 411.794591484016 436.04079885609 456.472374014768 440.923962106045 448.117167393553 460.16105834047 468.61872836336 477.837004999184 510.412562105517 557.917355058792 592.53680257989 598.113041465124 586.242207350789 581.879915848558 593.227483693531 608.3629029471 633.58532873675 676.43334444487 711.467630056723 734.521675495472 -9999 -9999 -9999 -9999 -9999 -9999 -9999 -9999 -9999 -9999 -9999
1698.1799046184 1660.7104078126 1589.57085017951 1505.94955682926 1405.07357591481 1324.25442723454 1142.8713913393 875.061193660032 661.159179675163 478.646845908724 348.80056397474 290.333056498026 272.978210857394 267.349514792035 268.708018699888 275.231957130569 279.940471603569 283.338956875439 288.702824987309 292.74940036 294.89225716 297.127121705696 303.386775620581 323.160778033355 354.580418641486 386.058201183203 407.566579299357 419.638024702379 433.897746995318 453.477915897871 467.883774869911 474.244338596798 479.017378039184 495.766213540425 539.710806697222 582.879919039336 596.132073588241 582.336427731453 573.059465615318 579.962168232415 594.546529184567 630.062533834684 676.64818909478 716.419713000056 743.947049317263 -9999 -9999 -9999 -9999 -9999 -9999 -9999 -9999 -9999 -9999 -9999
1639.22325768923 1590.68619557762 1522.01002938825 1436.0216843039 1370.03388765756 1323.43736831423 1247.51454287575 981.952828117808 690.051098633414 458.410919455584 301.481899611905 262.987829797202 252.878862499996 249.598699260951 252.230762419999 257.125633033731 262.444685699998 269.162388687965 278.038265031754 285.959510819775 289.39200876 291.53486556 296.098324658529 311.274367691578 338.796415350735 370.270619594752 396.739361032675 418.557266514836 441.992682654603 467.291717296922 484.759846178998 488.19973922047 483.021281157 483.683431633838 516.051379201104 556.521352597846 574.897847300284 568.980473644842 559.888047830361 564.960292266631 588.779275093238 634.239581151109 685.127853929187 729.485862986715 759.61628120725 -9999 -9999 -9999 -9999 -9999 -9999 -9999 -9999 -9999 -9999 -9999
1571.11215083105 1523.50279347872 1458.72384439512 1386.79881897119 1320.83007621272 1311.94561044085 1268.81217993653 1068.77602931673 797.641460611278 568.280018468724 368.320092101422 273.823148366461 239.769274124861 234.96978500588 235.441222808992 239.964874553614 245.3018313 256.157728820823 270.221951613766 282.660650166866 289.496769509993 292.793096986538 298.038249463456 310.758552060543 333.831232504522 363.4659579 395.419860877197 425.910491810475 457.382130813411 488.797317797394 510.772162611011 513.611514863826 501.014383721387 494.799327758707 509.092199227013 533.613050803474 552.395380356863 554.575297834108 550.743830484805 565.102398083559 599.607846597583 648.436265320004 702.154973566206 753.829190822746 786.946036797234 -9999 -9999 -9999 -9999 -9999 -9999 -9999 -9999 -9999 -9999 -9999
1527.84550948876 1491.86664956837 1440.51874911392 1390.30616412758 1342.51343620333 1314.18965395426 1280.430610484 1207.50587537624 1063.52283250502 830.661534199942 569.682320442333 364.17422238134 252.400659855059 226.00884992814 224.786536934468 225.991112099461 230.8909314 247.035918541701 266.664051631833 283.010597257726 295.30254495574 302.870498925503 310.230960024707 321.744740830227 339.726893653772 363.998532173036 398.161515084591 437.765475243297 477.761677199789 513.746118818726 538.495921638349 539.583375963671 522.597813774585 506.458889944223 506.101039148994 517.228034042509 535.338793338262 549.712770447527 554.670809831963 578.739376420379 618.138036420018 665.9071984304 721.718181803226 782.317128606087 822.958167855272 -9999 -9999 -9999 -9999 -9999 -9999 -9999 -9999 -9999 -9999 -9999
1539.18976196912 1494.92765446349 1460.30085403241 1426.62719481101 1380.91546178982 1326.80919907639 1263.87961831432 1174.67672875091 1034.43218586944 856.812494074109 659.846666911457 460.427040176451 301.959876643259 232.53139563123 219.074754496359 218.98197238 222.907991587413 241.50345556258 266.594085288896 285.360900140749 300.690844225215 312.5675482567 322.540674508164 334.143496755914 348.608840599906 370.60032369595 402.707298072499 448.21309905027 497.608802149903 535.498427540014 556.735198937624 541.68910901695 522.09003997018 501.309575836617 499.887936697248 515.671324157169 542.82113996936 568.44963230519 577.150883438808 597.520086582093 635.145004490246 683.552896981637 739.269733213268 796.13731922665 837.783317778604 -9999 -9999 -9999 -9999 -9999 -9999 -9999 -9999 -9999 -9999 -9999
-9999 1520.86198345878 1483.2318172 1460.93288846444 1420.22628844007 1349.56904801935 1256.91005499361 1146.75249859755 1021.09362356077 891.003262479965 736.3421498005 560.848599240949 383.136456580727 254.008857163906 221.692627433366 220.461421084539 227.305185721742 245.896054467312 271.226546824742 292.241113625596 308.843296409461 322.975343580003 334.821164621911 346.731151506228 362.629612543041 378.971456813685 410.493873425997 473.754530914262 521.00080954252 537.274714482405 537.339039647907 536.207078438238 521.078914634962 495.408913199476 505.477673837162 533.49640744036 566.226595084504 588.692891606584 591.485278540245 612.383272333907 653.422084703736 700.566729692689 752.749252845504 805.336194848676 844.536600816404 -9999 -9999 -9999 -9999 -9999 -9999 -9999 -9999 -9999 -9999 -9999
-9999 1544.77594424764 1509.13620904814 1489.03064443342 1435.89984874765 1369.95596320775 1283.58401876767 1168.82996546863 1005.33126369422 836.729246313847 737.420022062681 655.824079979393 481.043508633981 309.81285723957 242.329611165678 232.031305054884 241.673827235148 256.138561232537 280.445618489112 305.341861590159 321.011280112162 335.734045344788 349.084987159559 363.460948256725 379.043086060005 397.772251798677 432.767834325907 494.826206788078 544.293069867643 551.904852281459 543.716126610326 545.958923845472 558.515755900825 563.25962905562 553.729158013628 560.369991592483 582.0190418407 596.461236711488 600.862080661897 628.357718997038 673.84323227428 718.95131417148 765.356414928586 816.081692760023 853.692814077058 -9999 -9999 -9999 -9999 -9999 -9999 -9999 -9999 -9999 -9999 -9999
-9999 -9999 1527.56230655561 1495.18298466767 1444.43475437503 1388.84784314759 1309.92125511521 1185.19969421949 1027.97015073491 902.595632559463 791.618888719607 732.413383750544 642.58902173757 558.737034518145 369.375224377791 269.092215851166 267.438432659335 275.435393431474 299.489849456616 334.85417595818 345.259963507321 350.621100128481 364.887378731176 381.821922672483 399.730541483241 423.286675261255 462.62091096357 527.801163090404 582.031558709934 581.917942540308 559.122185411997 563.683707730707 597.982288275727 609.478402138335 586.371887657965 573.733915492993 583.199156422758 592.599179468291 608.521328293672 647.12686873097 694.188959920021 737.530199841149 782.790645087537 833.842686982672 866.447177952094 -9999 -9999 -9999 -9999 -9999 -9999 -9999 -9999 -9999 -9999 -9999
-9999 -9999 1535.78678254663 1500.04034940714 1451.92013839419 1407.06712326078 1361.90610640378 1262.97156383322 1119.77663929142 989.167004854556 871.272037545648 845.263399298241 940.326238885814 996.25269331353 589.465474270475 394.52622105636 451.015643995459 412.753138889532 433.054654976385 458.633742286686 399.032913847087 373.357750711758 380.656737508607 400.579020097897 426.286084200264 454.626491458783 507.576483873788 579.96204177943 634.479155231664 634.885197500858 599.741427031051 594.776520849394 612.393486000007 596.461911694953 578.094441582196 568.360977702723 574.894213893818 592.560816829045 621.249376059551 662.472968978021 708.123518219122 750.995637529739 796.614630975596 843.790918169289 871.516475562851 -9999 -9999 -9999 -9999 -9999 -9999 -9999 -9999 -9999 -9999 -9999
