catData/variables/pastClimate/lgm_MPI_ESM_P/bio11.asc
NCOLS 409 
NROWS 350 
XLLCORNER 60.897278365 
YLLCORNER 5.843756025 
CELLSIZE 0.0892857 
NODATA_value -9999 
[rows 52 to 77 of 350, columns 116 to 173 of 409]
8.99798193428263 9.34648013199999 9.24802300207031 9.1886355727872 9.19994412800001 9.26249787 9.20429613407916 8.92183541282391 8.5478980944484 8.44660074220326 8.75109818842056 9.27314360588015 9.51484949747615 9.46314733863773 9.49667181421978 9.46249787 9.44802315206518 9.430303178 9.5 9.5 9.53233120936483 9.58457707577766 9.64125945507986 9.68993451006264 9.78030305800002 9.8 9.85911594650988 9.9 9.9 9.9 9.89131446993991 9.86249787 9.83909505634507 9.8 9.78059960136994 9.72570268777254 9.67524216708495 9.76309439805752 9.96060563600003 10.1202396423425 10.232090628 10.2385841793725 10.291125822 10.2 10.168154701945 10.0397695556051 9.92196232332008 9.68986941103505 9.48575387199999 9.43013210283717 9.30121827472976 9.10031982973789 8.26702424005077 6.32604691929994 2.55156067679932 -0.522038811860156 -3.1631789671813 -2.39894771210936
9.37233506602103 9.39513712846914 9.3626093229593 9.33928142 9.35064983806037 9.40069287442981 9.43928142 9.45715538458988 9.44959822990029 9.4680198867809 9.6076251602388 9.66582944662922 9.66964071 9.56843465964888 9.5 9.5 9.49296868582159 9.47884053968824 9.5 9.53105199729211 9.58534608621774 9.6 9.66601737800002 9.75094929525274 9.79402014825709 9.8 9.89458873799999 9.9 9.9 9.9 9.9 9.9 9.862554222 9.8 9.8 9.78212618113471 9.76964071 9.79185155988495 9.90468218339481 10.017804948 10.124947788 10.2005256219243 10.2276651525659 10.2 10.176840142 10.1 10.0886318005265 10.0115156170167 9.85152421449314 9.692892905997 9.53317999897433 9.37666491804531 9.02523580840247 8.25330037344935 6.18570030098733 2.76646029599928 -1.9501606362464 -6.98793236134445
9.46996908825671 9.4 9.4 9.4 9.42875256623456 9.48713555564262 9.5397216184802 9.57678355 9.57678355 9.64994400799999 9.69542712502852 9.7671442490943 9.70415477478288 9.67372198066001 9.5 9.48770119641442 9.42321645 9.44648430583122 9.5 9.54458885800002 9.6 9.6452059603225 9.74280092800002 9.79376875543186 9.8 9.86714406481379 9.8987436970634 9.9 9.9 9.9 9.9 9.9 9.89130641967352 9.84254682620365 9.8 9.8 9.8 9.85617482828761 9.89542701358956 9.98744565800001 10.0219600913439 10.1245458327789 10.1931860910983 10.1355148850245 10.1946231031474 10.1535160627298 10.1 10.055411622 9.93625862963863 9.81790949199999 9.6600765341157 9.45368052399999 9.40572894651967 9.25878361675812 8.68345153300448 7.88272543344289 5.94372975927008 1.45477493903025
9.49857348350758 9.48392639 9.48392639 9.48392639 9.52137264800001 9.58392639 9.59224157995956 9.6 9.6554062035514 9.69568591669313 9.7 9.71405575118218 9.70086974657329 9.61406342632874 9.49255181991575 9.41349901983972 9.4 9.40487081464933 9.47892779221231 9.59109342913838 9.6434165466171 9.69338965362742 9.76601737800002 9.8 9.86739545763902 9.89798210260552 9.9 9.9 9.90744797866092 9.97048368358362 9.9 9.9 9.9 9.89283299943829 9.88392639 9.88392639 9.88392639 9.89568583953981 9.9 9.91405567402886 9.99545832172661 10.017804948 10.1146472092376 10.1025745130069 10.11607361 10.111202872504 10.1 10.092833038015 10.0756113157704 10.008978722 9.83581898399997 9.56013297696312 9.63162402279235 9.6537971445478 9.43219515860659 9.11450025435252 8.75631456991293 7.77038147076439
9.5 9.5 9.52109216004816 9.59106923 9.59441346917559 9.6 9.64711187760068 9.69106923 9.69696511162306 9.7 9.7 9.77963652454134 9.70492777607053 9.68776025868235 9.491125342 9.4 9.42109194148202 9.49106923 9.53185946574174 9.6 9.651731698 9.75361658842267 9.79696509018921 9.8 9.88030305800002 9.9 9.98614123536331 9.99106923 9.99186178386042 9.99856953552771 9.96997750708414 9.9 9.9 9.9 9.9 9.9 9.9 9.9 9.9 9.9 9.90844748120283 10.0001546218147 10.00893077 10.0235173449616 10.1 10.1 10.1 10.1 10.1471112219022 10.1858113232904 10.1102257446785 9.85372847599998 9.78755096709051 9.95034096768584 9.69789037576902 9.46974549399997 9.22963051099253 8.73866153116326
9.59821207 9.59821207 9.59862616492224 9.62976161409856 9.69821207 9.69821207 9.69913700083908 9.7 9.7 9.77185240022328 9.79821207 9.79977554573514 9.705411022 9.69823721830641 9.589337412 9.49821207 9.4986261606312 9.5 9.57422252741038 9.69821207 9.69913699654805 9.75887453800001 9.8 9.87185216451431 9.8996478324649 9.9 9.99458873799999 9.90348854859748 10 10 9.99958591365983 9.99821207 9.99821207 9.95442066527779 9.9 9.9 9.9 9.9 9.9 9.9 9.9 9.90348831288851 10 10.0002863730699 10.0245337059509 10.0702390930283 10.0385639679924 10.1437911690132 10.199136987966 10.1421785689452 10.1006075940756 10.0242241721927 9.91755731588282 9.98722095086209 9.99492648447623 9.68786150246133 9.18356407460087 9.02731222088444
9.70535491 9.70535491 9.70535491 9.70535491 9.70535491 9.70535490999999 9.70535491 9.76107699662541 9.80353518402804 9.80535491 9.80535490999999 9.80067224801162 9.8 9.70362309199997 9.60535491 9.60535491 9.60535491 9.60535491 9.64079572743752 9.7 9.751731698 9.8 9.8 9.87316021799999 9.9 9.90468264913659 9.99487850620996 10.0000927244435 10.00535491 10.0044972002496 10.0012402024038 10.00535491 10.00535491 10.0029672296359 10 9.94427836767102 9.90181975167552 9.82684002200001 9.8 9.7953173637152 9.79464509 9.89464509 9.89512029424514 9.91601701799999 10 10.030302698 10.1020051748589 10.149943288 10.2543159678342 10.2442785948192 9.94835760894532 9.52734341612609 9.64082672010213 9.27146587029887 9.37456075556766 9.87050484391929 9.66472186757317 9.181246283766
9.8 9.8 9.8 9.8 9.8 9.8055726339953 9.81249775 9.81249775 9.87026465114641 9.9 9.9 9.8234826617119 9.80067625600201 9.79848462028407 9.71249775 9.71249775 9.71249775 9.70871053457151 9.7046799097146 9.71249775 9.75776414971321 9.8073579925729 9.804247063141 9.873160218 9.9100360754312 9.98901487828272 10 10.0140129197105 10.1 10.0859845388617 10.035657848 10.11249775 10.10781787028 10.0609839560061 10.0060324817078 10 9.93398286199998 9.82684002200001 9.8 9.71255434199999 9.7 9.8 9.80887417800001 9.91601701799999 10 10.030302698 10.137445538 10.244588378 10.3 10.3 10.1844674577396 9.91465960715588 9.66685207855799 9.47196208345613 9.18986903402843 9.42158624819832 9.92641762951831 9.77646072025499
9.81964059 9.81964059 9.81964059 9.81964059 9.81964059 9.85547212607714 9.91016045784163 9.90807723623961 9.9 9.9143691455979 9.90386854848334 9.9 9.82398885535417 9.81964059 9.81964059 9.81649465888956 9.8 9.77564854494795 9.7497319891333 9.8 9.8 9.85887453800001 9.84694882454171 9.87843170953951 9.98030305800002 10 10 10.1 10.1 10.1 10.123160098 10.1940483241895 10.1576227754586 10.110883122352 10.0584289055668 10.0080773305144 9.93398286199998 9.82684002200001 9.78422805275817 9.71008859516057 9.7 9.7806994549981 9.80887417800001 9.91601701799999 10.0045487327544 10.0439916593269 10.137445538 10.244588378 10.3101603164294 10.31964059 10.3066744817331 10.1824185323713 9.91414534610437 9.80739738193048 9.77972250976768 9.59684295855726 9.54642187310295 9.76366210739636
9.92678343 9.92678343 9.92678343 9.92678343 9.92678343 9.92678343 9.96465978059813 9.95689390695327 9.92678343 9.98034900794389 9.94120467960751 9.92678343 9.92678343 9.92631958973823 9.9 9.88827253736458 9.82678343 9.82678343 9.82678343 9.81484100442976 9.81385552312164 9.86988934732695 9.9 9.91959481577588 9.98557857467272 10 10.0253341084301 10.1 10.1023768735329 10.12678343 10.1437404593643 10.1778132281872 10.1541999442614 10.16735374329 10.1129279711586 10.041125702 9.93398286199998 9.84643477349565 9.74648061199998 9.70336248340153 9.7 9.72805105629872 9.80887417800001 9.91601701799999 10.023159858 10.1081161019069 10.164228968 10.2594295109902 10.351731218 10.4 10.351664691664 10.32678343 10.2091938435336 9.91801403599987 10.088113124391 10.0743531928421 9.72028972205498 9.53115736390443
10 10 10 10 10.012704118594 10.03392627 10.0163755530379 10 10 10.0248206145143 10.03392627 10.03392627 10.03392627 9.99885572325057 9.93392627 9.93392627 9.93392627 9.92364553201314 9.9 9.87053847835498 9.86810733246093 9.9 9.92239723390721 10.007086488 10.03392627 10.03392627 10.0964245773565 10.1005874598275 10.1397899289884 10.2 10.2 10.2102806565638 10.23392627 10.2036717601361 10.131892826116 10.041125702 9.95638001448414 9.90910581833178 9.84694093285228 9.74648061199999 9.73392627 9.83392627 9.84280044800002 9.949943288 10.057086128 10.164228968 10.2586679336752 10.3151271735089 10.368107015307 10.419973771877 10.43392627 10.43392627 10.43392627 10.2309239532265 10.1055080066079 10.2982996949443 10.1721463998344 9.79892134874787
10.04106911 10.04106911 10.04106911 10.04106911 10.0631365231111 10.1 10.048268062 10.0241793473391 10.04106911 10.0841832190275 10.1 10.1 10.1 10.0007112422394 10.0374243669439 10.0065782438729 10.0315573653104 9.98214206750632 9.94106911 9.94106911 9.94106911 9.94106911 10.007086488 10.0841830775933 10.1 10.1 10.1388467528568 10.1420895443265 10.2 10.2 10.2 10.2178577910595 10.25893089 10.1880658025739 10.1212456493906 10.082194812 10.0139564589759 9.9568861738408 9.94106911 9.85362345199998 9.84106911 9.94106911 9.94994328800001 10.057086128 10.164228968 10.2589267596254 10.3153785491913 10.367345437992 10.4212455508248 10.4757641163585 10.5271125524582 10.54106911 10.54106911 10.453623692 10.1961508917251 10.1820785007092 10.4612202574341 10.2040860892989
10.14821195 10.14821195 10.14821195 10.14821195 10.14821195 10.14821195 10.1214209880826 10.126913999468 10.14821195 10.14821195 10.14821195 10.14821195 10.1026087592211 10.0973207747718 10.139337292 10.056507099873 10.0880057125764 10.04821195 10.04821195 10.04821195 10.04821195 10.04821195 10.0824010627273 10.1 10.1387156701714 10.14821195 10.1971976129298 10.2008348275196 10.24821195 10.24821195 10.2370460151323 10.2 10.2 10.1769084242158 10.1500619186695 10.1212981991146 10.065811011564 10.04821195 10.0094963955372 9.95471359891213 9.94821195 10.0008347118109 10.057086128 10.164228968 10.260205988841 10.3 10.337445538 10.4214969265072 10.4750025390435 10.5283843314059 10.5824008141447 10.6352717363047 10.64821195 10.6029256732034 10.4984530713057 10.1034721035912 10.5206892942064 10.6472280140039
10.2049126811506 10.2464882047673 10.2 10.2 10.2 10.2 10.2 10.2 10.2 10.2 10.2 10.2 10.1577705521351 10.2 10.1960378902991 10.15535479 10.15535479 10.15535479 10.15535479 10.15535479 10.15535479 10.15535479 10.15535479 10.15535479 10.1912062588805 10.2 10.2523593972836 10.2561278566344 10.3 10.3 10.2896601256117 10.25535479 10.2346267582242 10.2 10.1769043819398 10.15535479 10.15535479 10.1148572378141 10.108600094536 10.06230421965 10.1077140544321 10.057086128 10.164228968 10.2625056213218 10.3128200907602 10.35535479 10.3720724290757 10.444588378 10.5 10.558874058 10.6 10.673159738 10.7 10.7484052274985 10.8077139215806 10.530799707687 10.4810262425109 10.75522659348
10.2658259270851 10.2939929686296 10.26249763 10.26249763 10.26249763 10.26249763 10.26249763 10.26249763 10.26249763 10.26249763 10.26249763 10.26249763 10.26249763 10.26249763 10.26249763 10.2524870733647 10.21447466235 10.26249763 10.2390947562206 10.2278669794941 10.26249763 10.26249763 10.2212383333618 10.2457234023528 10.26249763 10.26249763 10.2979706485031 10.3 10.3 10.3 10.3 10.3 10.2859569457851 10.26249763 10.26249763 10.26249763 10.2212384833562 10.1725632743585 10.242800448 10.2297034357879 10.2604681884974 10.2256445527827 10.265825657068 10.3100102566467 10.3711831256386 10.4 10.4234025737907 10.4792193284946 10.5323307852201 10.5845767970652 10.6412589966495 10.6899342656358 10.7 10.787445418 10.894588258 10.9219657564459 10.7455543922493 10.7220234493476
10.3634599493208 10.3111548280266 10.3535113346261 10.3211034427213 10.36964047 10.338588412584 10.3 10.3410006721107 10.36964047 10.36964047 10.36964047 10.3087425684999 10.3658722088474 10.3 10.3 10.2951371628894 10.2766718397632 10.3 10.2886315649315 10.2831774377212 10.3 10.3 10.3259322466418 10.3105429186636 10.3 10.3608977343629 10.36964047 10.3684345909424 10.3 10.3 10.3 10.321103108447 10.36964047 10.3385887468583 10.3 10.3 10.2799575071837 10.26964047 10.2940200281216 10.3 10.3 10.3 10.3061800192678 10.3745031613848 10.4161286339625 10.46964047 10.4810087593428 10.5310515560046 10.5853458246481 10.6410001706993 10.6896828899534 10.7 10.7559230927413 10.7961884879113 10.894588258 11.0006799915667 11.0277129161307 10.9026298690439
10.3979395424435 10.3805020985765 10.3946228804035 10.3838187606165 10.4 10.3896478873435 10.37678331 10.3904520846965 10.4 10.4 10.4 10.4468419404471 10.4755270497964 10.37678331 10.37678331 10.37678331 10.37678331 10.37678331 10.37678331 10.37678331 10.37678331 10.37678331 10.3921103599964 10.3830146189836 10.37678331 10.3970853530564 10.4 10.3995979849036 10.37678331 10.37678331 10.37678331 10.3838186491764 10.4 10.3896479987837 10.37678331 10.37678331 10.37678331 10.37678331 10.37678331 10.37678331 10.37678331 10.37678331 10.385657488 10.47678331 10.4821602624363 10.5232674145437 10.57678331 10.621371688 10.67678331 10.6904519175363 10.7506899594437 10.7206088415763 10.780302578 10.8671434863838 10.971371568 11.001731098 11.0979397653237 11.0853629566075
10.48392615 10.48392615 10.48392615 10.48392615 10.48392615 10.48392615 10.48392615 10.48392615 10.48392615 10.48392615 10.48392615 10.4979821110529 10.5 10.48392615 10.48392615 10.4704832806023 10.4194375800104 10.458493859377 10.4314270012357 10.48392615 10.48392615 10.48392615 10.48392615 10.48392615 10.48392615 10.4105361744757 10.4 10.4014532467497 10.48392615 10.48392615 10.48392615 10.4584940607997 10.4 10.4 10.4 10.4 10.4 10.4 10.4673950634889 10.48392615 10.4045416652858 10.48392615 10.492800328 10.58392615 10.58392615 10.5887969602225 10.6314265983902 10.6910932189972 10.7 10.7494107302282 10.7945376071592 10.726840262 10.780302578 10.887445418 10.994588258 11.0842044040959 11.1074475545168 11.199942928
10.5 10.5 10.5 10.5 10.5 10.5 10.5 10.5 10.5 10.5 10.5 10.5 10.5 10.5 10.5 10.4985694756519 10.4931374421028 10.4972936201425 10.4944132976122 10.5 10.5 10.5 10.5 10.5 10.5 10.492190198105 10.49106899 10.4912236374043 10.5 10.5 10.5 10.4972936415769 10.4569674981778 10.4 10.4471113163129 10.49106899 10.49106899 10.49106899 10.4982408427059 10.5 10.4915522917848 10.5 10.508874178 10.6 10.621091448766 10.6634726289886 10.637445538 10.7 10.7471110977473 10.7963270380074 10.8601209222379 10.8845350864833 10.8893098112714 10.978514408 10.9995166767808 11.1 11.108873938 11.216016778
10.5894956302636 10.5157313136144 10.59821183 10.59821183 10.59821183 10.59821183 10.59821183 10.59821183 10.59821183 10.59821183 10.59821183 10.59821183 10.59821183 10.59821183 10.59821183 10.59821183 10.59821183 10.59821183 10.59821183 10.59821183 10.59821183 10.5403900688261 10.5 10.5718519889298 10.5193447271922 10.5 10.5 10.5 10.5 10.5 10.5 10.5 10.4993304058315 10.49821183 10.4991368764125 10.5578215254655 10.59821183 10.59821183 10.59821183 10.59821183 10.59821183 10.59821183 10.607086008 10.69821183 10.6986259676328 10.6994581362452 10.735657368 10.79821183 10.7991368721209 10.8578212897571 10.899392324365 10.971851517513 10.99821183 11.085657248 11.09821183 11.19821183 11.207085768 11.2984982372192
10.6 10.6 10.601240172522 10.60535467 10.6407958044568 10.6577985010539 10.60535467 10.60535467 10.60535467 10.60535467 10.60535467 10.6881183558824 10.6104759496283 10.6 10.6 10.6 10.6 10.6 10.6 10.6023875862027 10.6025846082867 10.6 10.6 10.6 10.6 10.6 10.6 10.6 10.6 10.5848404133089 10.5041145231804 10.5 10.5020050978408 10.50535467 10.5543160791379 10.6 10.6 10.603917475394 10.60535467 10.60535467 10.6948782660741 10.7 10.7004751829471 10.70535467 10.7272743940316 10.801622609479 10.8407951230104 10.9 10.9027700360109 10.90535467 10.971371568 11.078514408 11.10535467 11.110037083564 11.2002327089253 11.30535467 11.314228608 11.40535467
10.61249751 10.61249751 10.6327635924484 10.7 10.7 10.7 10.7 10.7 10.7 10.7 10.7 10.7 10.7 10.61249751 10.61249751 10.6104957215857 10.6028944655576 10.61249751 10.61249751 10.6515138710126 10.6547334761307 10.61249751 10.6042469815827 10.6 10.6 10.6 10.6 10.6 10.6 10.6 10.5797343375635 10.51249751 10.5452634981499 10.6 10.6 10.6 10.6 10.673159978 10.7 10.7 10.7118212069964 10.7002163741397 10.720262636717 10.8020017284263 10.81249751 10.8390131252872 10.9046797598561 10.91249751 10.964228728 11.01249751 11.078514408 11.1765141024275 11.2 11.287445418 11.3118211770024 11.4002163441457 11.4202624267111 11.5020016984322
10.7 10.7 10.7045488185812 10.71964035 10.71964035 10.71964035 10.71964035 10.71964035 10.71964035 10.71964035 10.7038685012113 10.7 10.7 10.7 10.7 10.6871283946684 10.6382519165556 10.7 10.7 10.7 10.7 10.7 10.633982622 10.6 10.6 10.6 10.6 10.6 10.6 10.6 10.6 10.6 10.6 10.6 10.6 10.6115631181872 10.61964035 10.6784314522609 10.7 10.717174633291 10.795651335933 10.7210316471571 10.8017429196188 10.8325115696052 10.9045486771707 10.91964035 10.9497314532774 11.0087573134985 11.0612113757255 11.1115630710504 11.1726912981737 11.2143688286023 11.21964035 11.307085768 11.414228608 11.421371448 11.51964035 11.5325113767421
10.7244062092064 10.7042900612022 10.7437406263892 10.8 10.8 10.8 10.8 10.8157685436538 10.8091015659376 10.8 10.7412044868796 10.72678319 10.7014492443032 10.72678319 10.72678319 10.72678319 10.72678319 10.72678319 10.7167539518516 10.7 10.7 10.7 10.6516641817827 10.62678319 10.62678319 10.62678319 10.6014493085829 10.6 10.6 10.6 10.6 10.6 10.6 10.6119422542773 10.62678319 10.6698890729055 10.7 10.7 10.7215076563203 10.7908081112711 10.8 10.8272468975461 10.8600637700453 10.92678319 10.9437400992281 11.0081160291805 11.02678319 11.0594293780024 11.1138552704063 11.1698888971852 11.2176814312234 11.299942928 11.32678319 11.414228608 11.4960376951422 11.528514288 11.62678319 11.62678319
10.7941360025579 10.749943768 10.83392603 10.83392603 10.83392603 10.83392603 10.83392603 10.8728269331533 10.833982382 10.8 10.8 10.8 10.737501307053 10.8 10.8 10.8 10.8 10.8 10.7752579293005 10.7187988006583 10.7 10.7 10.7 10.7 10.7 10.7 10.6375014656305 10.63392603 10.63392603 10.6284920102457 10.6 10.6 10.612703865878 10.6633875000807 10.7 10.7 10.722396994043 10.73392603 10.7869852898745 10.8296668401668 10.866016152208 10.9350699937507 11 11.0054339383318 11.03392603 11.0539482255857 11.1127037844555 11.13392603 11.185657248 11.2538996605793 11.3114720453795 11.407085768 11.43392603 11.4917046892557 11.5320900407856 11.601731098 11.7 11.7054338569093
10.84106887 10.8505083040038 10.9 10.9 10.9 10.9 10.9 10.9 10.8610950717135 10.84106887 10.84106887 10.84106887 10.8022222455909 10.8 10.8 10.8 10.8 10.8 10.8 10.7737232821265 10.7198232461996 10.7 10.7 10.7 10.7 10.7 10.7 10.7 10.6963553768083 10.6494919788656 10.6095115905395 10.64106887 10.6631360901127 10.7 10.7212455252351 10.74106887 10.7799735154171 10.8 10.8329794599308 10.928514528 10.9968109407214 11.04106887 11.04106887 11.0505078796997 11.1095114919742 11.14106887 11.178514408 11.24106887 11.2715546613302 11.358874058 11.4271123940177 11.4841827303084 11.5 11.5359128450394 11.635657128 11.6420890256128 11.7036444260611 11.750507738265
