catData/variables/pastClimate/lgm_MPI_ESM_P/bio16.asc
NCOLS 409 
NROWS 350 
XLLCORNER 60.897278365 
YLLCORNER 5.843756025 
CELLSIZE 0.0892857 
NODATA_value -9999 
[rows 100 to 124 of 350, columns 56 to 111 of 409]
126.81051365606 123.868684434941 123.805551730398 126.08944919847 122.281799215884 124.170375905793 120.846969752485 116.806933620235 112.277992812158 102.542625052791 96.7033343748572 105.326099818651 104.682493683041 92.3636243263195 93.1766531275712 87.2183997599989 72.4814841501276 63.1584732109435 59.8272398145137 57.7331727400001 57.4060167829594 63.9979804487369 72.1895524964862 82.5713412011829 95.7329963719875 112.221231177892 130.672114332407 148.014694017129 159.737017932852 155.328872312209 134.819377827566 111.821597730105 93.3498321481057 79.4066114747891 69.0960369915387 60.0581215703953 54.5986476000528 55.8906669200005 59.1694306795133 61.895360508237 65.1229740840134 68.3162820837371 70.7561555285135 72.9095580600002 74.10652028 72.1785941347369 69.9878748575127 68.2055912702372 67.7098100820125 66.8202407600001 69.2774138404623 71.1251638362879 72.2211127689875 74.895353436738 76.8026095955126 79.3162750122376
132.686004415874 128.113525985764 121.685978878435 128.40263499338 122.48669773185 118.419806740213 116.755087969429 111.905243117296 111.794389620677 110.194289146263 100.731714361708 99.3994398431306 98.1140996698226 91.3784081084704 96.3257917343767 91.2227979614228 85.1655909664427 67.7361739770792 59.7862735199999 58.5546605400001 57.4830344092169 61.2804959078295 68.2305139377572 75.6199026506766 85.2126100925973 96.2035096605687 106.352525259572 114.506335685479 115.146782303379 106.131294299998 89.8598374493581 75.22425907936 66.1706827255882 60.5592432758025 54.4669811693255 51.496097567758 54.5764860391817 58.1027702906052 61.8019131400002 64.4274457600001 67.8906645200005 70.7131593600001 73.6590539400008 75.9988729600002 77.3140439094311 76.1979716599997 73.172280506584 72.21473112 71.2011910074741 71.1551835153731 72.4217079008902 73.7261144810671 75.8965620960864 77.6773815600004 79.8202383600002 81.9630951600001
125.479935409888 126.723822159934 123.398923619759 124.392849608228 123.339926760548 122.089561462969 115.967281495787 112.834472940169 119.030397445368 121.138800776964 109.805803161712 98.9189402764262 99.5598160620995 101.216659021561 98.8224066274596 93.8082976382978 92.0467194114372 77.610203691076 59.4830083216308 58.07242824 56.3018204236496 57.1581053015312 61.5468659440376 66.5707274771166 72.4472886888511 78.6324546419292 82.5788526248137 85.0849083300141 82.4670678800002 72.9345427999996 60.0915950208826 50.9819934999998 51.0707472799999 52.2708982880848 54.2488159600002 56.39167276 58.5345295600002 61.1232821400002 64.3375673400001 67.0787302013336 70.3634000475268 73.1961019911398 75.8792769879148 77.7982417181082 79.89178916 77.9582376922561 75.5543347886895 75.0676780205582 74.5789180345387 75.2559146903644 75.9143512505351 77.1439152998294 79.0395601149263 81.8015572999538 83.9762937451202 86.1960967197828
122.472595771023 120.196590410607 117.954948328133 121.003587941482 125.096675393081 121.853418425867 113.170727053377 110.75666165354 108.648992773999 114.05899588308 106.268793050566 101.364524994933 103.411383017082 105.998896435852 99.8776791292429 98.9614969062531 97.1795096400003 91.880316081596 62.6021976297033 60.2152850400002 58.0724282399997 56.1514501260145 55.9900638191398 58.3829933377769 61.1322547846514 63.457255784384 64.7337889798662 64.0550362586364 61.7930612155568 55.3875198058695 54.6031046002088 56.3391355000001 56.3803479449773 56.9636634800002 58.2667024600003 60.4907213112006 62.8202431600004 65.4089957400004 68.484727505111 71.4120551438812 74.0328305173489 76.6064198028437 78.2859401598082 78.5356542 80.1741071577329 78.2678271 78.1378643894527 76.8463817859561 77.0713084000001 77.4555063884155 79.1616548310654 80.8939211926239 82.2352262678959 85.2686258666668 87.6404735945637 90.2661293400001
117.689925808938 113.871003503768 110.14415364265 113.221949895523 111.880028457246 114.478209515908 112.807703656901 107.291750041623 99.8141571867181 99.5881358937449 100.39080492 102.521228179331 103.32093028 104.131156322228 100.087409267988 102.223441753113 98.2194997031076 82.6008067300131 64.7939535044477 62.3581418400002 60.3724369946726 58.7509392399999 56.8555112875513 55.4205949099949 54.6693199173164 54.2717278851173 54.4479416853473 54.2081007209192 55.6416133600004 58.3778067106849 61.8726356928988 63.3925550000003 63.2435808039785 61.7655408088662 62.5773293231237 65.2839054400004 67.9966831417648 70.2219477442087 72.5554207866522 74.5345271600002 76.8896248830795 78.4101203800001 80.0121515764276 80.6359229611291 80.6617057639444 80.3511450837587 80.0478758937977 80.4628599086464 81.0177665000001 81.6238396600002 83.1448058040225 84.6947021400004 87.2253522982698 89.2025733299275 91.5620928742475 94.3036412481967
110.253351662952 107.833663770723 106.085979172027 102.820864609551 106.834163899795 118.250402685297 121.99700962709 111.400384408645 97.3931682059716 95.0158888831736 98.6870989523574 101.757648103028 103.473568792565 103.970671998951 107.08695762 103.409004794967 89.8127636825278 72.882726480805 66.1068447858482 64.5667838680343 63.1369319780828 62.3397392557996 60.3293234303174 58.2958178471303 56.8205401374478 56.0534194999998 57.1026595747865 59.4064203390964 62.6488868789374 67.501605853724 71.8904269199999 74.538868663882 75.4833132599993 72.5236081776065 71.6532474948972 73.3563655796831 75.2492546799999 76.4003344241521 77.7832003918066 79.3998173543104 80.1713490808555 80.663200886545 81.6244055800002 81.977575617559 81.6620655404129 83.4004751889859 82.8736704171312 83.4764671567515 84.0116033012686 85.24880876 87.01720058 88.614173275435 91.37333314 93.3049482400963 95.3521466260692 97.9957248678135
106.999161356178 115.788473130413 110.250055044512 100.722129895273 112.940422228516 120.12286022 122.720977097074 114.638385976009 99.4697183520991 93.9613409490237 95.7113613111907 100.242714898455 103.994802204824 107.686556450065 112.855752735726 101.779709127292 81.6076574543414 73.8859396358689 69.3116149860788 67.6910376637117 66.3263873864976 65.4793078432929 63.6840005338326 62.1955885028743 61.6605321273349 61.4105615 61.7524623522465 64.4760035779631 70.200073496345 76.6215975800006 82.5264597257728 88.2920134188007 91.4903247490092 88.8755447399998 86.2943246634306 83.314076640725 83.3524074203064 83.5897579400561 83.8939133589383 84.2333569195253 84.4227186613681 83.7051257382132 83.8622202888974 83.0897584199999 84.85601376 84.9642246 84.9642246 85.2016290221494 86.6862309552829 88.0881854600001 90.0371114527774 92.0550300289599 94.7131196468042 96.822105856595 99.0849742736147 101.770553416176
109.914671542526 125.36627302483 108.967883045677 99.72003070013 115.557208119513 119.88834657216 125.624115602121 122.550082819452 104.266830124988 90.4371080967336 91.1569891342801 96.7926690645111 102.193847500001 107.224353545328 113.623240608138 99.5428566615986 81.5629531296102 76.0473619114701 72.57186592 71.4289216245426 70.2141628000001 69.6080800399999 67.8396930200001 67.015087410686 66.7677035000001 66.7677035000001 67.4985802405874 71.20620891683 77.6050914366356 85.0897042798034 92.6031451600006 102.18702012892 107.768577558036 107.111364103732 100.893008457419 94.4504199017671 92.1928330486952 90.8270377556236 90.0194151287242 88.6694471694801 88.5089067382042 88.0073544766636 86.8786753102645 85.3021032985964 88.046052855879 87.1166703744754 87.7097496010113 88.3571903049061 89.3634905081661 90.8202359600002 92.9630927600003 95.7509161863099 98.9816243202266 101.780604540288 104.124449213404 106.635891699834
112.670541443181 113.344739432004 98.8252684578912 102.356637193005 115.333484231541 114.406152576389 121.105915000528 126.340590803104 107.452993374761 87.8295247558275 88.6383611729653 93.9146509101036 98.1882344617225 104.279965066866 109.437717784548 93.9631904186509 81.3384144010469 77.5838150870711 75.2166518899339 74.71472272 74.0196582556589 73.8937936399997 72.3594386613837 72.1248454999999 72.1248454999999 72.492799169971 74.4827755728337 79.0328426000001 84.691149481442 92.7455632400007 100.962249844283 110.881920087147 118.607759630008 119.518077534258 110.041679415732 103.276276761404 99.8604430014574 97.3715457513588 95.2842096928169 93.3223712399998 92.4998763999999 92.4998763999999 89.8900532427339 89.140548864485 91.1349591669275 89.2672611800001 90.33868958 91.4501530258896 92.6735968483855 94.0453998586697 97.3259243845967 100.808825155605 104.646741221771 108.618852179761 111.647766818946 113.905079328311
103.174056116646 95.5089442312956 91.6822560483756 100.791579616109 115.771051019999 111.118824877213 118.271500867254 122.918856055302 103.685533279601 88.1235211125175 87.7331850283493 92.1237685649232 94.4678248332726 103.311192369584 104.328027979155 92.6874810186492 81.9173761165174 79.3702064626723 78.0273829181384 77.4557147021011 77.8559082797605 78.1162215182857 77.9176051813825 77.1714651221934 77.8663848109869 79.8735449761847 83.0114801953742 86.9066511708753 91.8899834000006 99.2615534070604 107.74556084 115.912127688683 123.170030108477 122.732829609089 115.113090555542 110.66262658 106.604291445472 103.454820866452 100.783473374358 98.30448234 97.0222391159804 95.7666081135829 93.2991108847945 92.4421040568269 93.3386895800001 91.4221816599648 93.1161376408465 93.7131545600001 95.7153777150633 97.9057336567208 102.354312400001 107.305331365296 112.67511068 117.158684513477 119.529051682004 121.419481251855
90.2210109690163 91.1613644703196 94.4408033421604 105.224315283111 109.665597002856 108.65764418 114.767794086784 115.426486454295 104.414504910434 94.4672037199991 90.9487219723481 92.0820348748201 95.1809090020877 106.376214356213 106.056090699999 92.2979449965436 83.9104985710325 82.2861499199999 81.2828708137891 81.1084943106955 81.6591545896407 83.1421708800002 84.0397149117028 84.613627462734 85.6679793462355 87.5522912600003 91.0155148200007 94.5696166400004 98.7733871510559 105.056795835541 111.953736940049 117.902406435493 125.467504348993 124.13851874609 119.788624555923 115.324002957553 111.860959833069 109.289708268585 106.6577679559 103.66162434 101.165140409737 99.963756201294 97.6164607338369 95.5253996383219 95.5230899228064 94.3115215945818 94.8359715082248 96.1019917274809 99.5345199600003 102.748808589543 108.191756389714 113.410964885803 119.71088608 125.729378850502 129.584416104699 131.347552072135
84.2441780855843 96.9073871240076 99.3222329750292 108.69583878 108.84483982073 100.306024197617 101.300415843612 103.400787317266 96.1306025635231 87.1946041739628 89.1297559368572 94.1539834112873 97.3355690560086 105.011801087471 110.367339283481 92.6405689388557 85.1184538420328 86.3396894199997 85.3570171999999 85.4914527975585 86.4651152705992 87.914387361243 89.5707412799998 90.64216968 92.1477666367693 94.2130357599999 97.6762593200003 100.616352807704 105.756342068276 110.653788548041 115.283957164356 121.451999041008 126.676013528494 124.51945346 121.619467800762 119.44790026 116.547888418874 114.001935818566 111.316799265118 108.524653205599 105.930533986243 103.968258863829 102.456555379854 98.9795401364604 97.7239168063882 97.5177628999999 97.680999257296 99.7288731817239 102.530481281961 106.666587174356 112.119182553994 118.497413843494 124.895112408349 131.728772580001 136.730864952033 139.99514138775
84.9032298248643 98.3345188436727 89.6630033566579 91.8406172409122 98.9253150167153 88.2033796429021 87.7103533237993 83.4562351677878 83.2184020472308 85.7534397123786 90.4080102999998 95.8177385195371 97.3684289427358 105.006381673602 110.463261630062 96.6291492988261 88.1010881973873 87.924915138951 88.7320481000001 89.1839873316255 91.5741005460187 92.2488135600003 94.0172005800001 95.4947007384879 98.0591870266566 101.177775134825 104.414294837007 108.259852142325 111.909758282008 116.8476512275 119.524860088664 123.876436452327 126.984145504011 126.486694000174 124.50043752 123.374875873023 121.463457775319 118.711113032849 116.51876514 113.250988970814 110.32236884 108.17951204 106.108380406307 103.030544601861 101.69683622 100.747823838199 101.739409213633 103.05240766 105.658480820001 110.220164590873 115.240929322875 121.358351761632 129.73509925538 137.085914580001 141.592914608284 146.170075379771
88.9738467432889 92.1139192690171 85.4371930282392 104.496174390709 91.1240576796586 90.3020243243328 84.7183084774831 79.4650046611166 84.9485410861425 87.64156123823 92.5168291327805 98.0823483162105 101.582899085201 103.491573816142 105.69200630841 98.9685300686859 90.3960593594197 90.0155855901533 93.1027812591436 94.9012631777996 95.1738029785623 96.5345271600003 98.3029141800001 100.258162312048 103.46253524 106.67682044 110.539479065534 115.537637770029 118.495223565476 120.688533602943 123.767103183515 126.964278543981 128.069277172505 128.64385784 126.960078941495 126.940912265991 125.80504226 123.03665284 120.385726220524 118.325984311915 115.275562503066 112.46522564 110.32236884 108.163868801953 106.035687353552 104.94576738 106.01719578 107.24880396 109.627412155572 112.866285022152 116.84773723342 123.093452402086 131.62875280241 138.918505193096 148.797965242603 163.664339258955
93.6340943594012 83.6903919150547 80.7473431782487 107.020822002544 84.1971086299806 78.1233903751055 82.7230324596493 80.5220523701631 84.6785562732811 90.2877154717953 96.2040924549244 101.009840072761 104.945211323432 111.263611046951 106.072763776422 98.8403174248305 94.4218709195668 94.2469581186456 96.2845913600002 98.4274481599998 100.595105846286 102.246607367929 103.07017656 105.189160194392 108.28160900714 112.610203361755 116.997316408074 120.530441711105 123.644368800566 125.96309516 128.10595196 130.125331972183 131.170122166009 131.098939246174 130.214158 130.50097242453 129.702846572582 126.797928682886 125.207206917935 122.532961278757 121.144508202106 118.283781981602 114.901578401221 114.227600035912 111.427116982866 110.304841483687 109.454024470981 110.579481114669 112.67737436 115.12326774 118.691969252204 124.257999251382 131.811422908321 141.155199300002 156.384696466749 172.07538761666
92.789928925731 82.2872307514251 74.726791983789 95.757634279997 81.6673836334953 78.4301410104979 80.9093778970624 86.1514829791787 88.3722325000001 93.6179279818181 98.9012302162394 102.478842686612 104.487805329464 113.904338060001 111.403315295166 100.708661625943 98.3107972608702 98.3770691162783 98.6773839600002 100.82024076 103.368435144554 106.85601856 109.09246876404 111.001492739169 112.788791092634 117.775333739605 123.800788500001 126.871667172238 128.07758963509 129.99887296 132.14172976 132.28458656 134.42744336 135.92957144 134.307823575601 134.4998716 133.797733242097 131.677325280754 129.98254742 128.32236644 124.528972422762 122.634032448644 120.893796039999 118.75093924 116.726288899284 116.4998716 116.422211293581 115.78501928 117.08805586 119.458209549949 122.545094742174 127.175231880001 135.6730894 146.313798526382 159.287399296931 168.813426184168
84.0423794340266 78.6659319014014 70.9920501268209 86.2586829116827 76.0155499432956 80.71316656 83.4102309273111 87.9977603200006 92.7314910506052 97.1445367918409 101.388358287335 105.398165777208 106.386669657477 114.597417488083 111.813725125817 103.568767624928 100.511619001596 101.60991979188 102.96309756 105.074494701171 107.097902792304 109.510700371558 112.529167961493 115.67738156 118.753290493797 122.828579520322 127.434394353694 129.875297626629 130.66953866031 132.53452236 134.491608492947 134.823638600529 137.124627231994 138.300283727478 137.157831438095 138.452308334428 138.21472152 136.514218404133 134.559453065148 132.80447634 131.192143418198 128.002833055277 125.37590594 123.404791062227 122.23248322 121.174975630823 120.9819815 121.14216128 122.399710870399 124.08862178 126.356988656552 131.744913590027 139.741995098992 149.067494906049 158.820023308647 165.532368496074
70.6126338051301 70.5603186319694 73.6266906004577 77.1106006102599 79.6466143398786 83.1667500898623 86.3989587603372 92.0968118294659 97.2178389807333 101.24937468 102.93980060339 108.710059040001 110.243327172363 114.212315198629 114.508426784605 107.787095812122 102.770398671607 104.307121067481 106.71316176 108.738735367083 110.560344716885 114.121140386628 117.28458896 119.546868306289 122.21690100391 125.30191434 128.339386124307 130.73104826 133.67694524 136.01676186 137.467056254899 139.113994610599 141.511878945498 141.236344752911 141.133329834105 141.561001156093 141.797123033708 140.980857789471 139.916657619934 138.16161834 136.01876154 133.340238422716 131.215945992517 129.766103077681 128.40771968788 127.584985698078 126.3391235 126.456403178475 127.364937371326 128.723320761128 131.378982129071 137.102113377809 142.327833418936 148.121251260001 155.267625799731 159.607008840254
69.7605487010963 73.0207885700654 77.1406195199997 80.7363760572893 84.1952764600003 86.6070080990891 90.7757661643282 96.0778483836022 101.780838652071 105.293439234057 105.68450767963 108.66890707581 113.434187059528 115.401893768586 121.052394697577 115.082336869174 106.468323560001 106.063864136919 108.795796941582 110.429055390674 113.604958120001 117.28458896 119.681525827443 122.392162260302 124.537654714023 127.10551804 129.883589118234 132.14172976 134.815192869511 136.791524083383 139.212692442746 142.362456168874 143.649972410003 143.67737676 145.431473765484 145.781313113386 146.0177593 145.133886536926 144.02633128469 143.239726415796 141.37590354 139.23304674 138.165660776282 135.693255515179 133.786120908538 133.334120189332 132.005409419206 131.750606986922 132.49873496 134.64159176 137.279301709387 140.838044497131 144.064155795125 148.679322365239 153.852957640363 155.3214938
73.1847016369545 77.1921709805921 81.0378687581367 83.704929535683 87.4460131667726 90.3778750707729 95.1585060200007 100.228896485865 106.31925172 109.896287279046 111.259673747499 110.665250560227 114.004707828728 116.155433230909 123.230197609455 120.667644217728 113.651602588683 114.520165175814 111.679176521137 112.496791289226 115.557576587909 118.730536248501 121.754772809045 124.62902031341 126.140464535864 128.345837161681 131.120106539227 133.46322356 135.935874105683 137.644278148137 140.65905394 143.44533226 145.535884815501 147.075943502044 148.464425461231 149.070217482865 150.207194325319 150.280967852226 149.231214610229 148.222299207317 147.004169655138 145.00087024 143.804503479906 140.863115445003 139.51819442 138.464089 138.411786169865 137.96916740768 138.92730536 140.696807608312 142.134760299684 144.53451276 147.499558635407 151.240083847048 154.081015480996 154.821363
77.4615546000008 81.9129343875696 84.7922262274343 87.0245653913476 90.7126054400005 94.164305348909 98.6315729846201 102.782482480001 109.184255501011 113.585441887899 115.748907217185 116.312264849576 114.607372377736 116.564135382525 120.342905642061 124.861388997046 120.225025144499 129.553563740017 116.542095913064 117.821164264464 118.021218570627 121.421960737631 124.536003834489 124.89179636 127.284061425751 129.65961986 131.80247666 133.592616177905 136.021966919124 139.110007179314 142.31980084 144.99887056 147.14172736 149.356078224345 151.87377066 154.01662746 155.42394801775 155.215404689906 154.660522528687 153.82179692 152.43208873375 150.817936965031 149.191626403812 147.14372704 145.490739678626 144.418901080156 144.807083562127 144.082888115436 145.132554567002 146.063693825841 147.137097691878 149.517305872843 152.195218788377 155.197865639191 157.424786909186 158.986584503901
81.2293781000008 85.1343565755192 88.4925275865361 90.2834739200008 94.382166393033 96.9080114999998 101.6985153437 105.311131241194 111.688284652171 116.493646098045 117.85537315587 120.382852578476 120.917752800417 118.353823134922 120.407180864561 127.134738080664 126.51333599821 131.945758718606 122.927802759835 132.744722338012 122.334323784793 126.838677890945 130.17328573831 126.55241126 128.353514413086 129.851611529254 132.497702031707 134.690125220961 136.71315696 140.120899068824 143.39122924 147.160907882785 150.4407893765 153.319753248393 156.67737436 158.484743796354 159.354455330792 159.7676915 159.7676915 159.17893892 157.44732954 156.441055932469 155.51819202 153.57229744 151.42944064 150.8729132142 150.639316028008 149.552923716884 150.895895498223 151.759560606669 153.14215648 154.858552576454 157.535154178654 160.271087633762 163.372455217739 167.838044791932
84.5113389577962 87.5453969025369 91.6585072199997 94.5366951637854 96.7691964368395 98.8506452434527 102.984349939417 107.575760028858 112.87179978 117.795440874011 119.443948994555 120.508181192483 122.44547146 123.490614636974 123.323746521725 126.310698309535 131.006487816202 135.690531230634 127.646326615357 148.725606240001 130.133891360849 132.780214000001 135.443447609375 128.305715217728 128.698345185525 130.324659493918 133.065481663213 135.46322356 138.107953731262 141.794886182697 146.269932568261 150.569168320001 154.76612814 157.98041334 161.107836859868 163.314222771302 164.030675674528 165.057206828341 165.426489814395 164.53608092 163.629653796947 162.460303900185 160.819923848658 159.843958925552 157.85801104 156.493370105645 156.091548777079 155.809872951487 156.501189079948 158.05283678 159.12426518 161.198923988501 164.55169894 167.76598414 172.053037548554 177.557112180012
86.527608118304 91.8431472707383 95.6068612553266 97.3859830751317 97.2393282001954 99.9538491840884 102.300385984284 107.030423123478 112.55043798 118.572875576998 122.83385166704 121.718324072875 120.400871275437 127.831728410299 133.665196938035 127.6691861821 131.713071686674 141.2346701476 133.879482029608 148.689606545721 138.301464118157 136.908562567872 139.04624089978 130.718639604698 129.549853084588 131.872666123173 134.71315696 136.85601376 139.80191074 144.499640154217 149.159952178023 153.474157029738 158.417254337499 162.37767702526 166.176807240001 168.78501448 170.003529997084 170.834998351092 170.628518244064 170.713231743649 169.95527210083 167.509267552654 166.297967990214 164.960422674265 163.552507590629 162.1783706 162.24017662615 162.763217286089 162.157714554984 162.814288258866 165.377991634388 168.347821255046 171.370075587285 174.658228780477 179.939008628238 185.023313084002
90.0865189000011 94.975251857424 99.8259235707516 97.2281528394631 97.1981248164497 99.5153588076379 101.748621788275 105.747395400001 110.616423960299 116.288855367976 123.725320964225 124.139402724325 119.76893971875 122.187968116965 127.942049631151 125.910475793632 134.551552535596 134.439954720364 141.342331209162 143.292905914031 142.391397862643 142.241184368746 141.223709314248 134.308147061211 132.276862989403 132.986547101228 135.32036676 138.024972277561 141.17694404 145.468728874265 150.509869849823 155.635576733911 161.794780095996 167.479846220001 171.711785286173 174.90997998 176.355875760001 177.84578373687 177.348160674956 176.291577446781 174.75093204 173.561706484354 172.141581942256 170.76162082296 168.934766332954 168.606941 168.491256194336 167.266280519309 167.551022633585 169.586340525033 172.017858951572 175.027709808684 177.270972879746 180.509885496168 185.29328835208 191.121211984016
