catData/variables/pastClimate/lgm_MPI_ESM_P/bio15.asc
NCOLS 409 
NROWS 350 
XLLCORNER 60.897278365 
YLLCORNER 5.843756025 
CELLSIZE 0.0892857 
NODATA_value -9999 
[rows 78 to 103 of 350, columns 0 to 58 of 409]
-9999 -9999 -9999 -9999 -9999 -9999 -9999 -9999 -9999 -9999 -9999 -9999 -9999 -9999 -9999 -9999 -9999 -9999 -9999 -9999 -9999 -9999 -9999 -9999 -9999 -9999 -9999 -9999 -9999 -9999 -9999 -9999 -9999 -9999 -9999 -9999 -9999 -9999 -9999 -9999 -9999 -9999 -9999 -9999 -9999 -9999 -9999 -9999 -9999 -9999 -9999 -9999 -9999 -9999 -9999 -9999 -9999 -9999 -9999
-9999 -9999 -9999 -9999 -9999 -9999 -9999 -9999 -9999 -9999 -9999 -9999 -9999 -9999 -9999 -9999 -9999 -9999 -9999 -9999 -9999 -9999 -9999 -9999 -9999 -9999 -9999 -9999 -9999 -9999 -9999 -9999 -9999 -9999 -9999 -9999 -9999 -9999 -9999 -9999 -9999 -9999 -9999 -9999 -9999 -9999 -9999 -9999 -9999 -9999 -9999 -9999 -9999 -9999 -9999 -9999 -9999 -9999 -9999
-9999 -9999 -9999 -9999 -9999 -9999 -9999 -9999 -9999 -9999 -9999 -9999 -9999 -9999 -9999 -9999 -9999 -9999 -9999 -9999 -9999 -9999 -9999 -9999 -9999 -9999 -9999 -9999 -9999 -9999 -9999 -9999 -9999 -9999 -9999 -9999 -9999 -9999 -9999 -9999 -9999 -9999 -9999 -9999 -9999 -9999 -9999 -9999 -9999 -9999 -9999 -9999 -9999 -9999 -9999 -9999 -9999 -9999 -9999
88.6845564669248 90.3561613600002 -9999 -9999 -9999 -9999 -9999 -9999 -9999 -9999 -9999 -9999 -9999 -9999 -9999 -9999 -9999 -9999 -9999 -9999 -9999 -9999 -9999 -9999 -9999 -9999 -9999 -9999 -9999 -9999 -9999 -9999 -9999 -9999 -9999 -9999 -9999 -9999 -9999 -9999 -9999 -9999 -9999 -9999 -9999 -9999 -9999 -9999 -9999 -9999 -9999 -9999 -9999 -9999 -9999 -9999 -9999 -9999 110.070522315166
87.8945039405993 89.7489659600002 90.4392231659133 92.2495090800003 93.1434011199999 -9999 -9999 -9999 -9999 -9999 -9999 -9999 -9999 -9999 -9999 -9999 -9999 -9999 -9999 -9999 -9999 -9999 -9999 -9999 -9999 -9999 -9999 -9999 -9999 -9999 -9999 -9999 -9999 -9999 -9999 -9999 -9999 -9999 -9999 -9999 -9999 -9999 -9999 -9999 -9999 -9999 -9999 -9999 -9999 -9999 -9999 -9999 -9999 -9999 -9999 112.293374250753 112.954273090875 111.922500747497 110.095636494131
-9999 -9999 88.3214818 91.1780806800003 92.220971725711 92.7563129473384 92.7475001522526 95.2268152008525 97.0499437167015 -9999 -9999 -9999 -9999 -9999 -9999 -9999 -9999 -9999 -9999 -9999 -9999 -9999 -9999 -9999 -9999 -9999 -9999 -9999 -9999 -9999 -9999 -9999 -9999 -9999 -9999 -9999 -9999 -9999 -9999 -9999 -9999 -9999 -9999 -9999 -9999 -9999 -9999 -9999 -9999 -9999 -9999 108.44590298 109.083156311619 109.654862903079 110.66018818 112.46323316 113 112.859436361873 111.741312216571
-9999 -9999 -9999 88.332650642697 92.1696082519239 94.0422689658975 95.1953124600004 96.8403283200051 96.6813848160237 96 96 -9999 -9999 -9999 -9999 -9999 -9999 -9999 -9999 -9999 -9999 -9999 -9999 -9999 -9999 -9999 -9999 -9999 -9999 -9999 -9999 -9999 -9999 -9999 -9999 -9999 -9999 -9999 -9999 101.357553357799 101.189798462352 100.244411240151 99.268674789126 98.2148367199999 99.0352166799999 101.018880596052 -9999 102.616272397996 105.162991642977 106.027065811951 106.804816399074 108.44590298 109.471127221124 109.963271107851 111.261413303174 112.041372511602 112.820635525224 114.592743952498 112.152631365453
-9999 -9999 -9999 89.9825018990787 91.108239819008 92.3532963883436 94.9360992113909 97.9821159 97.9754186303983 97.9642318 97.4561453548985 98.1596498600002 98.3337275201954 99.4501631271562 -9999 -9999 -9999 -9999 -9999 -9999 -9999 -9999 -9999 -9999 -9999 -9999 -9999 99.718536990078 99.9964777225705 99.9843607447811 99.1038760714695 99 -9999 -9999 -9999 -9999 -9999 100.437930763594 100.991367949055 101.010529481703 100.35769352 97.8491958540005 96.2506049199998 97.7556862231088 98.0169166449455 100.03521668 101.279404809273 104.130150865782 105.23161778 106.297626471812 106.995510181672 107.46378708 108.53521548 109.596114441219 110.02361374286 111.472832751843 112.014361736727 112.907996649375 110.19806286
-9999 -9999 -9999 -9999 89.1558798699396 89.873761045046 94.5877863400004 97.4990181600002 98.9330141295457 99.3981582830982 99.8929114 99.8929114 99.9282610994854 99.9464557 99.1434035199999 99.7741128294804 98.94700242 97.9662535578755 96.221570056892 97.9464557 97.9464557 97.9464557 98.7154656962666 99.5779680399445 99.57088048 99.433254732699 99.035349570979 99.78516568 98.4474447399997 98.1471909440267 99.10653948 98.0526161106304 98.0840106069523 98.9550330567259 99.2192182395962 99.6596336440821 99.7289028522399 100.524426011438 99.9722997248836 98.7689313399997 97.9464557 97.21483672 97.0324529196579 98.6620262794789 98.9435591771852 99.1046139791374 102.172769315459 104.10664508 104.958857511898 105.30304618 106.354423600746 106.970331262932 107.48963123339 107.9464557 108.60664388 108.985629597644 109.846043461323 110.740725419997 108.052309408679
-9999 -9999 -9999 -9999 -9999 91.28516928 92.8198476400004 95.7689528591429 97.9053089617053 98.609816419152 98.0603195008432 98 98.6601953800001 99.1828659983416 98.4468932199999 98.1406592008198 97.17906372 97.8598566191893 97.0110932991942 97.1249727 97.0960262007964 97.0757461984165 98.2797841415742 100.055726299218 100.577655980778 99.8960503392268 99.7026595807685 100.640188680764 99.5700056377228 100.671044062263 101.93914637925 99.2326104199998 98.2277594014806 98.1201525814712 98.7790007992691 98.8750273 99.2495042800001 99.8750273 99.4223461192878 97.8960548392922 97.0424669007028 96.3598134193019 97.4299904620807 97.0941500186224 98.1823285786318 100.030332961359 101.849908279325 103.05523597933 104.23161778 105.265173680661 105.828228200656 106.19595758 106.7500546 106.897212398716 107.577682680637 108.60664388 110.280399861256 108.110947059376 105.976462939382
-9999 -9999 -9999 -9999 -9999 92.8828754109435 94.0421857391409 96.9865212056188 98.9506961670439 99.1088238501468 98.5842672861844 98.1964011 98.5972702823062 100.123154744822 99.9618659515093 98.7573693721593 97.66128882 97.1929960194968 97.0887657800001 97.9685376868344 97.480994461006 97.0764182058282 99.1287735043187 100.270754223019 100.6071978 100.249701242306 100 100.143691243816 100.99945088 100.493671396478 101.541506988763 101.17906612 100.036307565472 98.23261042 97.5789319218659 98.1368820255346 98.3009292892034 98.8035989 98.8035989 98.3304702597903 97.4694715761215 97.1964011 96.3933537199998 97.07087688 99.4767837756601 99.8070030377779 100.17752196 102.28891738956 103.989726693229 104.666716403103 104.42912432 104.24950188 105.006807804193 106.258287591572 107 107.58792627891 107.488161065157 105.833597473752 104.66129602
-9999 -9999 -9999 -9999 -9999 -9999 96.1426664548383 97.6520495152387 98.9837307563105 99.5251161211086 99.4063880332121 99.5356589999999 99.405923015583 99.6788704176289 99.5884074361566 97.5524861434987 96.3219205199999 97.9873060818166 97.35659528 98.1076353199999 96.7590678393698 95.8181389551042 98.2579106395772 99.0184332199999 98.4643410000001 99.0531055800001 99.8179793114739 100.927571168395 101.640718437895 101.96638155371 100.614870212736 101.71483552 100.64340712 99.57197872 98.6701357830007 98.3236231193143 98.2005919646298 98.5356589999999 98.5356589999999 98.5356589999999 98.1820219741076 97.8040508543961 97.1442028982616 98.1086861909195 98.5211705435772 99.2851620800002 100.421578651107 102.16018938 102.875931851583 102.76738718 103.390752438572 103.833158452182 105.293208550321 106.273385305005 106.287523129845 106.000562997187 105.182908581884 104.12552662 103.307438620787
-9999 -9999 -9999 -9999 -9999 -9999 -9999 99.4182539534267 99.96477612 99.9364466312556 100.84483197952 101.399487698448 102.103000567166 102.334487861579 101.263763923823 98.6732327051614 97.7142560141459 98.0058818431304 98.3677946957707 98.609242202198 98.3392579 98.5394964409323 98.8796107961042 98.3838857570364 97.6667529279584 97.5285364099896 98.9811280600003 101.12398486 101.130133301958 101.281130918115 101.963296759854 101.643537733266 99.5719787199999 98.55489664688 97.8469587958643 97.64230648 98.8341233123338 99.6607421 99.8362516718019 100 98.9035937097702 96.8630163637352 96.5939243677393 98.1130208432764 99.2673883799999 99.6780746800002 100.74950308 101.766585967339 102.093983124936 101.74511489063 103.046334581158 104.098719734205 104.6429684 104.05420862 103.430728331103 102.838074324536 103.99439270648 103.743682822505 103.339837448511
-9999 -9999 -9999 -9999 -9999 -9999 -9999 101.4106863 101.03620452 101.119377458044 101.695125287267 102.104623194843 102.082322533668 102.383216570399 101.313011868511 99.2510388399998 99 98.4137832311123 98.5734576995096 98.4393013698685 98.5893137 98.9626903570628 99.888264878003 100 99.1777905216203 98.0637192669312 98.3283619232736 100.05255646 100.919115242864 100.84379423635 101.547773139542 102.13064519639 99.32192292 98.4106863 98.3155630652704 98.1785906799596 98.7431062653514 99.1831272306624 99.7155581840268 99.7582034387158 98.9291231199998 96.263769563812 95.8839331227832 96.5153405574722 97.53521788 98.6066462800002 99.7874334353817 101.8213726 101.862745881835 102.357178531213 102.650361240296 101.505164365015 100.966166489674 100.662772471274 100.978371639052 101.479092306259 103.05195782314 103.051552063119 102.05409822
-9999 -9999 -9999 -9999 -9999 -9999 -9999 -9999 102.10763292 101.713045027342 102.249416534295 102.765967915933 103.30613488243 102.75049092 102.066225780845 100.21526824 98.59611952764 98.9910212257574 98.4852899052101 98.4349230890324 98.3350059520101 100.063286375385 100.927093306055 100 99.2332484427801 99.0855894177147 98.8219217199998 99.2399066157354 99.9337729762303 100.91024878 101.001934954089 100.492192871318 99.0753896109591 99.4821147 99.3621620135945 98.5259168743036 97.7118214231305 98.2666984414931 99.3018985604337 99.4112378199999 98.0215218365802 96.4073716050571 96 96.8431952566639 97.9101335799999 98.5161598632143 100.630216127022 102.672344609764 102.915497910441 100.743564563686 99.6836714395887 99.0357706 98.5184392200001 98.3406806352933 98.8719423263444 100.472833395963 102.634815360762 102.16129722 101.08986882
-9999 -9999 -9999 -9999 -9999 -9999 -9999 -9999 -9999 102.860255696641 102.211774076032 103.459404477861 104.188096502749 104.07834681043 103.218038213642 101.735101531143 99.239417549107 100.622241351715 98.5542338601406 99.3946061510024 98.6948677400006 101.135299201073 101.526660047565 101.413800125145 99.7860459671806 99.4051656892167 99.3398070199998 99 98.5554773353244 99.3209350800001 100.39236348 99.4309782571351 98.6819355034684 99.9113269455043 99.4464569 98.7050616104237 97 97.493655692704 98.5136213627363 98.3041516199998 97.6688644607319 97.2269067582081 97.1070862 98.3719777258639 98.9758485478998 100.120706619743 100.843780771972 100.393734282023 100.008691127912 97.682982605761 97.2391690801155 96.6460872821514 96.1084045358125 95.8929138 96.1876593682595 98.5342204399998 100.14241568 99.9489560256326 99.4706094235968
-9999 -9999 -9999 -9999 -9999 -9999 -9999 -9999 -9999 -9999 103.861909576701 104.015141006795 104.127436416932 102.902647735111 101.395894365513 100.797130359803 99.4494051940941 101.338185085154 99.4052881746496 100.819767850898 99.9907521949742 101.132621402188 102.921756440487 101.996732911743 99.1980484599999 98.7067826627096 98.7148355199998 97.4605434774187 97.8276853967439 98.8744781800001 99.3547419258375 99.6033037630936 98.46379188 99.21483672 98.3750285 97.9583280656154 97 97.6131326058037 98.5043324569745 98.7721284855558 98.709904485863 98.1677304886409 98 97.7814309001195 98.3412201542309 99.1185852885214 98.6058229371879 96.96489612 95.806604451393 94.6743127286323 94.3596753599745 93.957859174265 93.750057 93.0141408343073 93.325311594274 96.4021462514273 98.1780734800002 98.9215494400088 99
-9999 -9999 -9999 -9999 -9999 -9999 -9999 -9999 -9999 -9999 -9999 104.697615654005 104.459759996613 103.01103128723 101.58974762 101.3927998 100.44689082 100.310410219397 100.723349199685 101 100.76837742 100.156980559166 100.404308522784 99.1872071934008 97.7998832160735 98.4639134653646 98.7995653452526 97.7426581958699 97.880411787026 98.2654916628959 98.9623293477213 98.5846023183383 97.39236348 98.14340832 97.3036001 97.00055152 96.8251715628487 97.8317768179586 98.51733378 98.7687343334484 97.4872529661067 97.1981800890202 97.3036001 95.8201394742555 97.2118319563615 95.8987298930211 95.1605047151918 94.3354549517869 92.6791825199998 92.0298367788947 92.3036001 91.9930733093181 90.8866611574023 90.2669175957481 92.543486425067 96.6228662199998 98.4994448800002 98.3529069312306 96.3274223849947
-9999 -9999 -9999 -9999 -9999 -9999 -9999 -9999 -9999 -9999 -9999 -9999 -9999 104.098513883237 102.348169929819 102 102.506682388136 100.78516568 101.699671422044 100.753996750201 99.4105671918429 98.9291207199999 98.8072434314609 99.218393352674 98.2585420607642 98.1366944734384 98.7390865535054 98.26837862 98 97.3285509056634 97.4517844387198 97.2281470082239 96.884298274497 95.9053226663341 97.1778445290552 97.6974689959988 97.4220084911724 97.5745504698864 97.72288674634 97.3276494837737 96.9256165614347 96.3759317646777 96.2321717 95.1546673915486 93.9866403660308 93.4603192654359 93.2321717 93.1577888186469 92.5362105199998 91.6054996135782 90.6571073396907 89.2506121199998 88.0590740140421 88.505169600986 91.8729244200007 95.5968821051266 97.2673883800001 95.918424611239 94.3113900714088
-9999 -9999 -9999 -9999 -9999 -9999 -9999 -9999 -9999 -9999 -9999 -9999 -9999 -9999 -9999 -9999 -9999 102.652199243023 101.146474795596 100.814055678866 99.8392567 99.5362057199999 98.6453624739694 98.2498099119471 98.0775849752174 98 97.552050216484 97.2038833650283 97.1607433 98.4880001347066 97.8846549651609 96.1607433 96.0577118013796 95.1859415353501 95.8091971162391 94.6429732 94.8970608489216 95.393162902269 95.8332478020027 96.1607433 96.1607433 95.42912432 95.1607433 93.5523578626472 92.223534660623 91.3360330838935 92.1607433 92.4296233208677 93.4132521462955 91.4426202830256 89.4117941399999 87.3406132564847 86.6725028735705 88.1775195600002 91.0866853666748 93.7415789234038 95.1245315800002 93.5725398399997 91.5817304135932
-9999 -9999 -9999 -9999 -9999 -9999 -9999 -9999 -9999 -9999 -9999 -9999 -9999 -9999 -9999 -9999 -9999 -9999 103.408704607056 100.075007172833 100 99.69694902 98.9665534116232 98.5046035287798 98 97.4638208695862 97.0303498300106 98.3325533792149 98.8213702 97.3848295647953 96.23272322 95.0893149 95.0005515199999 94.24950668 95.4698067271415 96.7320553000001 96.7655016740211 95.1970526576958 93.69596358 94.1786298 94.7798555243665 94.35769592 93.3579916164397 90.633306176843 89.32204052 90.1066474800002 90.9276482961052 89.2965592969115 89.6161315234233 89.8485170807379 87.9993373196651 86.0989782398631 86.9884573595284 88.5520299008748 90.9805645400006 93.4632331599999 93.3404027841682 90.6333131624868 90.098978454219
-9999 -9999 -9999 -9999 -9999 -9999 -9999 -9999 -9999 -9999 -9999 -9999 -9999 -9999 -9999 -9999 -9999 -9999 -9999 102.631682766401 100.754633837277 100.589840395939 101.57855924543 100.956251270493 100.9463405 100.93580956234 100.280069561737 99.2539775574401 97.4226279397796 96.1456534660333 95.07197992 94.0178865 94.0162988338036 94.4748447994541 96.7450354430486 96.0178865 96.0178865 94.6721946734199 93.51733378 93.4217687147324 93.0296949988091 91.5856211428858 89.4619284469619 89.0246220668831 88.07198232 88.0190604583841 87.2427174669249 89 89.004142831422 88.4172145754986 87.0156788812745 86.9821135 88.5248543922716 89.3965289236098 89.0354253676447 91.2354231800417 92.0214093359652 88.5356342481107 87.106790092188
-9999 -9999 -9999 -9999 -9999 -9999 -9999 -9999 -9999 -9999 -9999 -9999 -9999 -9999 -9999 -9999 -9999 -9999 -9999 -9999 102.987598486984 102.659633045266 101.645570957516 100.559884620468 99.9187589379841 99.7983454772023 98.4472525265155 96.3617620387658 95.1223181420314 94.1656223665314 93.2089265910314 94.0690205844688 95.0304689199844 95.8843392277344 95.6201555045154 94.8929162 94.1439622399998 92.4947600625306 91.9723009664846 91.9149346542346 90.6078828980149 90.6389048097347 89.2868214399996 87.1907857347651 86.9971036070151 88.9464581 88.8672019830301 88.044965056235 87.987598743985 87.6596375882649 87.0401001610298 87.9750152672355 90.6332349450147 92.0440371654704 91.2691163609703 91.0104326252941 91.8565868800002 89.4301217599995 87.060447582971
-9999 -9999 -9999 -9999 -9999 -9999 -9999 -9999 -9999 -9999 -9999 -9999 -9999 -9999 -9999 -9999 -9999 -9999 -9999 -9999 -9999 101.924255256228 101.703260599538 100.398816218077 98.3576935199999 96.3294702185757 94.5897476199999 93.5183192200001 93.9526330080786 94.6715970785059 95.5777557509253 94.7348907776509 93.8639369137724 93.609886834804 92.8750297 92.7992855560856 92.0165306416009 91.3344555217797 91.23272562 90.1612972199998 89.1723730348396 88.8750297 87.2689349399996 86.1098374205693 87.0641141091458 88.0021660577224 88.2026387937011 88.8197917051246 87.7013026069037 87.2764573881139 88.2802042587903 89.8765385091818 92.3752535467259 92.8738732536652 90.0194354599994 91.0119890530247 92.7538179241284 90.4858630606402 86.3413631800003
-9999 -9999 -9999 -9999 -9999 -9999 -9999 -9999 -9999 -9999 -9999 -9999 -9999 -9999 -9999 -9999 -9999 -9999 -9999 -9999 -9999 101.137980521494 99.23272322 98.1612948199999 96.9882622667851 96.4108039000001 95.8802719630211 94.87558122 94.6072026000001 93.2017389954605 93 92.8036013 92.7322709324396 91.9370770853146 91.6072026000001 91.1201421342977 90.3009301879481 90.3576959199998 89.28626752 88.2148391199999 87.9332618716643 87.8563109834327 86.3552240014701 86 87.8918083599999 88.0173325800002 88.9825674589173 88.5146835259858 87.4135755035559 89.8787437684159 92.466343720695 93.3934272944022 94.8085255694987 93.5457510154039 90.282572759692 90.0717038252103 92.4864983597734 90.9075623699664 87.1951432398396
-9999 -9999 -9999 -9999 -9999 -9999 -9999 -9999 -9999 -9999 -9999 -9999 -9999 -9999 -9999 -9999 -9999 -9999 -9999 -9999 -9999 99.3441997205021 97.5252248936447 96.1668389324149 94.8453433864434 94.1101399899559 93.8231824287262 93.1964995525034 92.7849215062669 92.7321729 92.7321729 91.995357222578 91.7083996613484 91.1868659398812 89.7942070611109 90 89.8997049164298 89.2862675199997 88.21483912 87.301097187259 87.3065567230226 87.1246215994367 86.4120304709479 86.5020354121777 87.9207850131854 88.2805175453633 88.91123902 88.0114228483848 89.0432967450235 92.87391946 94.6423016800001 95.5943051779854 95.8614446367556 94.7123391644738 91.8896961371105 92.0707677130667 92.9085447636742 89.5021064799993 86.6015201787556
