catData/variables/pastClimate/lgm_MPI_ESM_P/bio17.asc
NCOLS 409 
NROWS 350 
XLLCORNER 60.897278365 
YLLCORNER 5.843756025 
CELLSIZE 0.0892857 
NODATA_value -9999 
[rows 108 to 134 of 350, columns 122 to 182 of 409]
5 5.58874778000014 6 6 6 6 6 6.01731818000024 7 7 7.08685842404453 7.56441639881801 7.76597395831954 7.48647548908581 7.81897895259466 8.2207977097323 8.37503090000003 9.10663307999999 9.87690019885519 10.3279491382826 10.3750309 10 10.0332818096952 10.4751338131673 10.7105130879403 9.21974165778442 8 8 8 9.17748596000017 10 10.7315997799999 11 11.5465083417917 11.9797051953458 12 12 12 11.9131433761038 11.4355866010336 11.2340230418287 11.6249691 11.6249691 12.434505589584 14.0727541932787 14.6249691 14.1231028009965 15.0930136837321 15.6046733952717 17.2629225048186 18.0887393800004 19.2602676933157 20.3354881876436 19.0720063199997 18.2345994619029 17.2754565352342 15.8577211199998 14.56549771049 13.5874162866471 13.3750309 13.3750309
5 5.58874778000014 6 6 6 6 6 5.32092068000023 6.36540539644554 7 7 7.09200120598744 7.45068858640312 7.83177038760952 8 8 8 9.24108810914649 9.9401995916645 10 10 10.6843388340973 10 9.93708501143891 9.46657572693896 8.69697062000004 8 8 8 8.76748682058555 9.76334419860366 10.2221155222074 10.8628293169816 11.2654872038295 11.9623144353595 12 12 12 11.8387153278843 11.2116027513045 11.1136855895064 11.6141148496826 12 12.5887405800001 13.8605979327506 14.8130850864386 14.1969742199999 15.7489083600008 16.6587102640055 18 18.0887393800004 19.2087951184276 19.8404101399995 18.0005779199997 17.0428343808604 16.0259529183282 14.7862927199998 13.7148643199998 13.1031742758954 13.5094809150847 13.1371740257264
5.39721121853596 5.90451788594854 6 6 6 6 6 5.01731818000024 6.02060465733958 6.35516059817596 7 7 7.37446018000006 8 8 8 8 8.90146125769946 9.23217409999997 9.90360635333171 10 10.2281538243626 9.93185992012162 9.07200152 8.23217409999997 7.92914472000001 7.23217409999997 7.57453705745619 7.60279246702827 7.82091708000006 8.89234548000013 9.79391535951824 10.1864423449661 10.2321741 11.1780590799999 11.2454677615807 11.9318617629038 10.9862084747767 9.64275110812711 9.69702016364282 10.2321741 11.0204189946742 11.6027943098105 11.82091468 13.3992379212208 14.7315973800001 14.1969742199999 14.4060512244656 16.1365039232826 16.490931837597 18.0206029856861 18.2693609101705 18.1789813853447 17.1618196408605 16.3380323236239 15.1286519918917 14.4826902199998 13.4112618199998 13.5068929984387 13.9376833060461 13.8135587694695
5.08315686586168 5.65485480598058 6 6 6 6 6 5.01731818000024 6 6.02574743928259 6.35511983255975 7 7.06019286375625 7.16074570000003 7.16074570000003 7.16074570000003 7.71479938361242 8.73160217999996 9 9.87445898000017 9.20615994901935 9.16074570000003 9.14648045466498 8.83982742000003 7.61125576330125 6.0184620200001 5.32149140000006 5.76737758000024 5.80417681999994 5.91023438000014 6.98166278000022 8.05309117999999 9.66938110617259 10 10.9458849799999 10.1635287513875 10.3072265404547 9.84040534000014 8.16074570000003 8.20945598401904 8.95001797564631 10.5175576803349 11.5117464630148 11.9338918166505 12.7662883048086 14.5063393270339 13.523031381124 13.8946351307183 14.3040931148798 14.3561133600004 16.3214914000001 16.4559128980866 16.9291495199998 16.1607457 15.7261010136129 15 14.4826902199998 13.9053628691391 13.9453732390187 14.6139942328235 14.8392543
5 5.58874778000014 6 6 6 6 5.13859454124719 5.91222951307857 6 6 6.02068618857249 6.08931729999997 6.43033170776492 7 7 7 7.66017378000019 8.73160217999996 9 9.07810431505434 9.86623646622863 9 8.91918221054817 8.07501111762034 7.53679803999961 5.69697062000004 5 4.63376451940965 4.13242945846371 4.67806028000005 5.74948868000013 7.48717234296966 8.143448617723 8.97498707930726 10.0352022799999 9.9842330043553 9.00850169618665 8.00415845198188 7.30023012015069 8 8.74891076 10.4458837800002 11.5173121800001 12.536155860994 13.5708516800002 14.0413713053373 13.2145674254999 13.0781038863313 12.2279183981627 12.2132565600003 14.259448018175 15.1036230536566 14.9470384199997 14.1786345999999 14.1451894708494 13.6832608409816 13.1324298871867 13.6254709753557 14 15.3978458716931 15.9106827
5 5.01053205016163 5.01788889999997 5.01788889999997 5.01788889999997 5.01788889999997 5.00096797231456 6 6 6 5.77253974970425 5.31549977479073 6.37446018000006 7 7 7 7.01180978273303 7.74949107999993 8.80655414625759 9 9.01692088475206 8.98299398025663 7.92914471999982 6.86058163126636 6.02749162645771 5.69697062000004 4.6322408577806 4.00991248671458 4 4.01053196429491 4.67806028000014 7.19960072469533 8 8.01564306631394 8.03480974181867 8.03546808267646 7.92914711999985 6.85771872000003 6.02203194383773 6.63099012131513 8.01339718969454 8.91956898964822 11.0432591141434 13.7451578972771 15.6243911800002 15.9642222000001 13.5838753557514 12.1411888433802 10.1430445388855 12.0176206543903 13.0194763498949 13.1930803546004 13.7862927199998 13.0178889 13.0178889 13.0099125725813 13 13.0105318784282 13.6662458260674 15.4631899600003 16.7886581750576
5.45683814094552 5 5 5 5 5 5 6 5.99524855248009 5.79486120834173 5 5 5.70882353838591 6.91679365162896 6.45684041245075 6.58874538000011 7 7 7.76003672426227 7.94646050000003 7.94646050000003 7.98268421999978 6.99524868097488 6.79486347984696 5.98760019933129 5.3566257814906 3.62554221999997 3.42201365686607 3.97415726395593 4.0315210047777 4.71371088000013 6.43840008715725 7.74948868000016 7.94646050000003 7.94646050000003 5.99907305029148 5.86246991053022 5.15159474864784 5.95886017217394 6.30302698000011 7.3544072261825 8.41621667463948 10.4965432690781 13.0704021600002 15.2132589600003 15.16132362 12.5698308574963 11.0787279804295 10.051220000392 10.9628446587865 11.9024231240711 12 12.2315961800002 13.2868007954994 13.9464605 13.5244513861443 12.9723034930337 12.3577223199998 13.2314486713908 13.9712594588634 14.7600299097466
4.9396804165479 5 5 5 5 5 5 6 5.91125341999999 5 5 5 5 5.3901668205236 6.00432813324988 6.64013900622679 7 7.09142678807001 7.1249679 7.1249679 7.1249679 7.98484813666327 7.04731389381169 6.22991936903982 5.8933669199998 4.78406957474314 3.67233742240524 3.1249679 3.57763476329812 4.51516900614973 5.61770371099888 6 6.7026754347047 6.9843111024438 7 5.98268661999981 5 5 5.20265619181457 6.17805908000011 6.8750321 7.71107850036962 9.33202379677912 10.9789395860727 13.0704021600003 13.109893008224 12.1723587653724 10.2510916399992 9.88179504033083 10 10.1663891860349 11.9350795933428 12.4236478034749 12.962131654589 12.8750321 12.8750321 12.4223694368559 11.4112618199998 11.6601665800003 13.4631899600003 14.1003521454495
4.41571976784969 4.80360369999997 4.93325985910013 5 5 5 5.18576925299983 6 5.91125341999999 5 5 5 4.92645740615064 4.89117456732428 5.83143567840158 6.83846222854821 7.12965568774907 7.78431451877604 8 8 8 8 7.98257097140143 7.64343112 6.6174882955482 5.45345508902337 4.1228541775018 4 4 4.11562694292301 5.3870838436024 6.14368348987282 6.19639630000003 6.89911284317746 6.81423168970242 5.98268661999981 5 5 5.04548510419729 5.43990990232793 6 6.44588378000015 7.93302616190321 9.50797075157191 11.3203379600003 11.8563169814783 11.8036037 10.2264349054708 9.23988525894656 10 10.0887393800004 11.4175906212578 13.3756112199997 12.3636957263208 11.877144879796 12 12 11.4112618199998 11.6601665800003 13.4631899600003 14.8030233800001
4 4 4.48336469264439 4.73217530000001 4.73217530000001 5.20058001352018 5.96038183343841 6 5.93502194616452 5.26782469999999 5.20579559423245 5 4.82611919074086 4.86211800482821 5.26782469999999 6.12995435045039 7.3923490800002 7.92811643437784 8 8 8 7.99536240641618 7.64343111999986 6.61490089318675 6 5.69697062000004 4.72583126259114 4.1484053676073 4 4.58874298000008 5.48336117820304 6.46377507999993 6.73217530000001 6.73217530000001 5.7862903200001 5.71949887080436 5 5.04289753040743 5.43739545979119 6 6.10028839981188 6.71370848000014 7.64658790058522 8.86212262156744 10.6078790009824 11.0527480664579 11 10.1255458199996 10 9.73217530000001 9.82091468000042 10.8923430800001 11.5005791199998 10.8133327672312 11.37445298 12 12 11.4112618199998 11.6601665800003 13.2672507539602 14.5351986800001
4 4 4 4 4.2724314278673 5.49484839200948 5.6607469 6 6 6 5.84696878463533 5.3392531 5.58667650310848 6 6 6 6.66017378000019 7.73160217999996 8 8 8 7.98268421999979 6.94136255817186 6.28491405570001 5.9214286495719 5.4605211765561 5 4.55411381999982 4 4.38901009893182 5.10867727439266 6.07085287999993 6.0668233005476 5.40667578883911 4.3756088200001 4.32736741783655 4.6607469 4.87525531009249 6 6 6.24742023152332 7.25789813460492 8 8 8.88413335298901 10.3060545017663 10.933175885245 10.1255458199996 10 9 9.08873938000041 10.1058303641149 10.5862901640262 10.6422776800003 11.5866717457307 12 12 11.6109930726532 11.7754561212188 12.9797908449096 13.5974201379251
4 4 4 4.30045646632125 4.88392369122424 5 5 5.58931850000002 5.58931850000002 5.58931850000002 5.68443372350357 6 6 6.18311819086735 6.41068149999998 6.41068149999998 7.07085528000017 7.54137271862866 7.91910830314034 8 8 7.98268421999979 7 6.83982742000003 5.7683990199998 5 5 4.73723102523156 4.19822997231367 4 5.0492225874048 5.72000928989989 5.29471613750462 3.42972383999975 2.62120948241394 3.01731338000019 4.03644460732312 4.59946400044459 5.58931850000002 5.71376607468692 6 6.8917675600003 8 8.24178486450528 9.45990027304034 10 10.473237948131 10.0739864743234 10 9.40357220076705 9.08873938000041 10 10.2315961800002 11.3030245800003 12 12 12 12 12 13.4631899600003 13.5267634662334
4 4.2838411333411 4.48210990000001 4.50828685819331 4.51789009999999 4.51789009999999 4.9739129272468 5 5 5 5.11994509762865 5.66398472115261 6.36106191986763 7.19514108128518 7.23270626250392 7 7.34189746494167 7.1390005738396 7.41588158737934 7.51789009999999 7.97391177018303 7.99103232896411 7.43932545225455 6.83982742000003 5.7683990199998 5.14609346408885 5.30158009712997 5 4.48268541999988 3.71616118078645 4.17806148000015 4.13900181677586 3.22570432888589 2.13003538867613 2 2.54355043190073 4.04595848931844 4.59510972946275 5 5.15693467297495 5.87894739161252 7.15891247541281 8.24940132336863 9.07085048000007 9.5057308781382 9.51789009999999 9.51789009999999 9.93947311727458 10 9.99103481483662 9.52806714638236 10.0772184723991 10.7137060800002 11.6390433300388 12 12 12 12.2838365050861 12.1638370561327 12.7577715947035 13.0357802
4.5535383 4.81639163473009 4.63456719962228 4.11982827548542 3.55549048940676 3.4464617 4.91593770080852 5 5 5 5 5.30303177999999 6.33436425709026 6.8929234 6.66196118167035 6.4464617 6.81189317188588 7 7 7.48404653720903 7.97584078768332 8 7.86213251746767 6.37495077763983 5.89659903274745 5.68882931214473 5.83281894296296 5.30672322192921 4.48268541999988 3.7371488082861 3.48284939321228 3.04149320149847 2.17588074721847 2 2 3.12253612213526 4 4.16017017999995 5 5 5.74891076 7.44588378000015 8.51731218000009 9.58874058000006 9.33983101999987 9 9 9.87445418000041 10 10 10 10.1601677800001 11.2315961800002 12 12 12.246812421087 12.2671875238053 12.2628490486978 12.1517226064099 12 11.5554958033745
5 4.632052242801 3.71485711999997 3.37503330000002 3.0738691915017 3 4.30062994562964 5 5 5 5 5.30303177999999 6 6 6 6 6.66017378000019 7 7 7.87445898000017 8 7.98917821411534 7.25300709731861 6 6 5.81061672837838 5.60905694305595 5.83277783449013 5.10765211999987 4.25702194264118 2.9272434912067 2.10065902022736 2 2 3.18229322906019 4 4 4.16017017999995 5.14474140026739 5.81434847170161 6.53079987372829 7.44588378000015 8.19400929399564 9.33171713743878 9.75241464887291 9.16774269969271 8.49813562825842 9.24948748000043 9.37503330000002 9.38585208604449 10 10.1601677800001 11.2315961800002 12 12.2340206432157 12.5135260506998 12.1810249060843 11.6320582424813 10.9624511710469 11.2072891003873 11.5757356636429
5 4.00125115087187 3.10317217688869 3 3 3 4.60460278793205 5 5 5 5 5.09200193326371 5.56437713449714 6 6 6 6.66017378000019 7 7 7.26549003117703 7.30360489999997 6.61401126868938 6.91125581999985 5.88845660013366 5.30360489999997 5.21160369538803 5.11368721685112 5.61411785090983 5.84294075867054 4.69765439356847 2.67965723999968 2 2 2.60896727747488 3.92945539476428 4 4.06179934075737 4.85656527999997 5.9279936800002 6.78839557596026 7 7.13537250043855 7.66385856732237 8.35748904983368 9.06694824284405 9.08148835060481 8.75619743836567 8.35291806774678 8.96231289388729 9.70165079835188 10.0617976694093 10.8565628800001 11.7667088350694 11.7889751673082 11.1565234390952 10.7754429282131 10.6072097999999 10.8384603874699 10.3398334199997 10.7315949800001 11.8030233800001
4.60279002303054 3.50673532105663 3 3 3 3 4.16550315850607 5 5 5 5 5 5.08694085398176 5.57454023010575 6 6 6.15327683763217 6.23217649999994 6.23217649999994 6.23217649999994 6.23217649999994 5.24949228000015 6.14343231999978 5.19498819097958 5 5 5 5.10352429267078 4.83497020858318 4.19096843100797 2.67965723999968 2 2 2.87445658000014 3.94588497999991 4.01329362002858 4.85656528000019 5.92799368000001 6.99942208000023 7.53515226362193 7 7 7.12010773135976 7.68422535272765 8.15327572318496 8.23217649999994 8.23217649999994 8.02914878907713 8.21961170683529 8.49093655450419 10.1568755613402 11.8050106945732 12 11.4643060263978 10.145237317689 10 10 10.1366911700488 10.5857927480775 10.937682661874 11.8030233800001
4.04851934742818 3.06610801298576 3 3 3 3.73389337464164 3.99130188494441 4.17528241546975 5 5 5 5 5 5.07167574204673 5.1607481 5.1607481 5.1607481 5.7747466196091 6 6 5.20616221914903 5.01731578000021 5.91125581999985 5 5 5 5 4.62578917625111 4.07759076416268 3.50589633542327 2.39445542499044 2 2 2.87445658000014 3.94588497999991 4.01731338000019 5.08874178000012 6.29459330788824 7.87648093169772 7.95128898871624 7.8392519 7.46504309045569 7 7.58874058000005 8 8 8 7.26611266797171 7.1607481 7.18084178714433 8.42450026673066 9.48224430000001 9.48224430000001 9.38482304902331 9.47500847492564 10 10 10.4940996361677 10.9453724234186 11 11.1290844825906
3.52579350817419 3 3 3 3 3.07810662812315 3.08931969999995 4.00154685464217 4.17013946209834 5 5 5 5 4.59393805419882 4.08931969999995 4.08931969999995 4.08931969999995 4.82092187999991 5.08931969999995 5.88567226624424 5.05411262000006 5.01731578000021 5.91125581999985 5.14586601320616 5.91068030000005 5.63471741331285 5 4.55411381999982 4 3.41125701999992 2.94103369038983 2.91068030000005 2.91068030000005 2.98878649938864 3.94588497999991 4.91222672590765 5.08874178000012 6.32034035999989 8.21091226431414 8.91068030000005 8.56967116220502 7.96017379453554 7.91068030000005 7.96326643198345 7.39879711524275 7.08931969999995 7.08931969999995 7.01121371497861 6.13860336828087 6.10663068000012 7.09724587479977 7.32450104194073 8.30022977868142 9.27595851542208 9.94412632783773 10 10.4711038256436 10.9632662176162 11 11 11
3.48268062 3 3 3 3 3 3 4 4.00158779168675 4.01789129999992 4.01789129999992 4.31550144751442 4.63223939941835 4.0099137736486 4 4 4 4.73160217999996 5 5.87445898000017 5.98307684511829 5.01731578000021 5.99841225125237 5.98497439568062 6 5.99457841045363 5.61435045647934 5.42993121317578 5.45615825034516 4.39336572 3.98210870000008 3.26359819114401 3 3.85881141499046 4.92799367999999 5.01700362112459 6.07085048000021 7.14514453274145 8.23159858000017 9.29760543339285 9.60765332000008 8.98210870000008 8.47405190740599 7.42179275433885 7.0060800187281 7 7 6.14119094207016 5.07200872000002 5.01820101593639 5.12293431713085 6.17805908000001 7.24948748000014 8.61851895633242 10.3677535293989 11.4200126824664 11.973472744467 11.9821087000001 11.9821087000001 11.9821087000001 10.404796204397
3 3 2.96465608183373 2.94646290000001 2.98945495695357 3.04681612634719 3.94878668425913 4 4 4 4.01239937331541 4.34034543729095 5 5 4.51037867088998 4.02201737971639 4.03534378967724 4.01436924092912 4.80303058000017 5 5 5.05353709999999 5.22627435396121 7 6.78079826482617 6.05353709999999 5.67907931999996 5.47555182699289 5.5103809424008 5.02201750820543 4.37517228118804 4.05353709999999 4.85656528000013 5.05353709999999 5.10417703876273 6.06992357184377 7.08399080245008 8.11520812694363 9.23159858000017 10 10 10 9.48268781999991 8.41125941999995 7.37517455269902 7.01436949790719 6.19697421999989 6 5.0541174200001 5 5.08398853093939 6.1066306800001 7.17805908000023 8.55251206000064 10.3008687533644 10.9167969960292 10.9464629 11.5036817451837 11.9282692042101 11.2148679199999 10.1434395199999
3 2.92642683929835 2.29735756642173 2 2.70268156213793 3.74949587999996 3.99323808930258 3.87503449999993 3.88612476074293 4.0200163464632 4.32762644781686 5 5 5 5 4.48482748078433 4.7026403334956 4.35982285222488 4.82764496205517 5 5.11820328938544 6.12496550000007 6.2026197191744 7 7 7 6.67233652370659 6.06924511057322 6 5.41125701999992 5 5.09142473230763 5.82764286197234 6.10927690374806 7.07085047999997 7.12712907518848 7.23884133909152 7.40527436674237 9.07769124765108 9.82580483613831 10 9.94427991049036 9.35772231999985 8.35986618094991 8 7.26840261999993 6.29732473811055 6.01568889616917 5.0541174200001 5 5 5.16016778000009 6.23159618000022 7.53031392369653 8.79686270387208 9.26519609040776 9.87936075062517 10 10.5776685332473 10.2348636524731 9.19697661999992
2.89840162941618 2.3304847926304 2 2 2 2.70272249918238 3.5637288971355 3 3.08874658000001 4.12871759099537 4.80360609999993 4.86311969309809 5 5 5 5 5 5 5 5 5.94588737999994 7 7 7 7 7.0595131217528 7.19639390000007 6.75050771999989 6.09479647210695 5.52688254993979 5.19639390000007 5.78431194596662 6 6.87445658000014 7.94588497999991 8.01731338000019 8.91125821999987 8 8 8.54654130959275 9.80360609999993 9.35772231999978 8.3878908765476 8 8 7.26840261999993 7 6.12554581999959 5.0541174200001 5 5 5.16016778000009 6.18611210298486 6.86311827906208 7.30091269889113 7.8911744831556 8.83142658959561 9.72283678724905 9.9332587892959 10 9.03926772661046
2.35340798618619 1.84232021544049 1.73217770000004 1.73217770000004 1.73217770000004 1.96637795805279 2 2.73681589479951 3.08874658000001 4 4 4.22187311170731 4.83246648666605 5 5 5 4.82319073984068 4.92811707853261 5.21506949690595 5.50202191527923 6.22820224634734 7.26782229999997 7.26782229999996 7.26782229999996 7.26782229999997 7.48969365448077 8 7.67353208226567 6.88905610063899 6.37796610098747 6.26782229999997 6.26782229999997 6.26782229999996 7.14227888000011 7.96037818912088 8.01267647074777 8.66720294762563 8.04289714599899 8.26782229999997 8.4896918972544 8.89971249888104 8.4057115394922 8 8 8 7.4643407129855 7.05275408864107 6.12554581999959 5.30744586810557 5 5 5.16016778000009 6 6.22186784002811 6.83246455834547 7.32646440328144 7.73217770000004 8.47859309346568 9.48335924816153 9.73217770000004 8.55626607717061
1.66074929999992 1.27173461648832 1 1 1 1.57779974471198 1.98164306998783 2.01731818000024 3.05863924061239 3.71508877408742 4 4 4.37446018000006 5 5 5 4.33982621999981 4.97979873168653 5.86985259361372 6.87445898000017 7 8 8 8 8 8 8 8 8 7.41125701999992 7 7.24819573748488 7.33925070000008 7.9170472731155 8 8 8 8.10583233431582 8.66074929999992 8.76355141508386 8.62554462 8 8 8 8 8 7.19697421999989 6.12554581999959 6 5 5.03010489678271 5.44508144851768 6 6 6.24741954441787 6.66074929999992 6.66074929999992 7.83822566000031 8.88471127438169 9 9
1 1 1 1 1 1 1.55743261645034 1.61375129457633 3.03644636560249 3.50507356337112 4 4 4.22067721029178 4.77243802073474 5 5.24178542278763 4.75050531999986 5.5734297351595 6 6.87445898000017 7.38845617791978 7.99288877105371 7.58932089999995 7.58932089999995 7.68443458202556 8 8 8.18311613510493 8.41067910000005 7.82193611999996 7.41067910000005 7.54137340157877 7.91910779023708 8 8 8 8 8 8 8.17858013257793 8.36864651844853 8 8 7.75821654847207 7.58932089999995 7.58932089999995 6.78629511999984 6.07398677563339 6 5.41067910000005 5.46297507128733 6 6 6 6 6 6 6.93569389410225 8.52060409692493 9 9
1 1 1 1 0.61285177759457 0.517892500000017 0.973913057111334 1.02628713553602 2.60663908000003 3.51789250000002 3.51789250000002 3.51789250000002 3.69842256122939 4.23092235141776 4.76729489593535 5.30490681671172 5.49426818128269 5.86099878200562 6.77429413069483 7.41709074729972 7.97197547994662 7.50892478740626 7 7 7.11994441053476 7.66398523681834 7.81947109582864 8.17874375152462 9 8.41125701999992 8 7.62110996093637 7.51084386342132 7.93947457564242 8 7.98330617930312 7.07856807770144 7.59511174505434 8 7.8539084202396 7.51789250000002 7.51789250000002 7.51789250000002 7.21298816917233 7 7 6.19697421999989 6 5.54398291406272 6 6 6 6 6 6 6 6 6.5887381800002 8.32033316000066 9 9
