catData/variables/pastClimate/lgm_MPI_ESM_P/bio17.asc
NCOLS 409 
NROWS 350 
XLLCORNER 60.897278365 
YLLCORNER 5.843756025 
CELLSIZE 0.0892857 
NODATA_value -9999 
[rows 135 to 161 of 350, columns 61 to 121 of 409]
-9999 -9999 -9999 -9999 10.5535359000001 10.8398960625404 11.1070718000001 10.3761987402009 10 9.19695741999987 9 8.05410062000009 7 7 6.83981542000006 6 6 6 6 6 5.67410298226615 5.15171592141326 5 5 5 5 6 6 6 6 6 6 6 6 5.73714310924765 5.18810202707278 5.40497205660681 5.10902565971357 5 5 5 5 5 5 5 4.62553501999989 4 4 4 4 4 4 3.12553621999994 3 3 2.95087425348159 2.28628671999991 1.34306043387742 1 1 1
-9999 -9999 -9999 11.3903690361569 11.9036362438494 12.4439454361446 12.6249643 11.7171852838675 9.87823036837849 9.07386606387984 9 8.05410062000009 7 6.94453055609555 6.31496076391049 6 6 6 6 5.67668935605884 5.15423156394718 5 5 5 5 5 6 6 6 6 6 6 6 6 6 5.752408564039 5.89934393595489 5.69883216405118 5.62496430000003 5.03381395593649 5 5 5 5 5 4.62553501999989 4 4 4 4 4 4 3.12553621999994 3 3 2.85578607583852 1.3149634641675 1 1.1893855441798 1.62496430000003 1.62496430000003
-9999 -9999 -9999 -9999 12.5212494623244 12.3036073 11.8936009584968 11.4067773778358 10.1277463083368 9.13715970949874 9 8.05410062000009 7.68432576050067 6.91124381999988 6 6 6 6 5.68947976250461 5.14654317382794 5 5 5 5 5 5 5.31567256815683 6 6 6 6 6 6 6 6 6 6 6 6 5.71281950048156 5.68432910318567 5 5 5 4.788967537855 4.18991699847761 4 4 4 4 4 4 3.12553621999994 3 2.98793807452804 2.1879134818044 1 1.16128857446986 1.78839608919752 2.26077300713523 2.6963927
-9999 -9999 -9999 -9999 -9999 -9999 -9999 -9999 -9999 9.19695741999986 9 8.05410062000009 7.98267221999982 6.91124381999988 6 6 6 6 5.55410181999985 5 5 5 5 5 5 5 5.01732538000016 6 6 6 6 6 6 6 6 6 6 6 6 6 5.98267701999987 5 5 5 4.69696341999995 4 4 4 4 4 4 4 3.12553621999994 3 2.98267941999973 1.91125101999996 1.12298757210675 1.82159507523412 2 2.37446258000008 3
-9999 -9999 -9999 -9999 -9999 -9999 -9999 -9999 -9999 -9999 8.16075049999999 8.00869670171532 7.98267221999982 6.91124381999988 6 6 6 5.68572642436989 5.08907214461588 5 5 5 5 5 5 5 5.01732538000016 6 5.86556718552601 5.16075049999999 5.16075049999999 5.47502206143142 6 6 6 6 6 6 6 6 5.15796582230348 5 5 5 4.69696341999995 4 4 4 4 4 4 4 3.12553621999994 3 2.96814313189479 1.14648405709049 1.16017738000003 2 2 2.0601950469663 2.16075049999999
-9999 -9999 -9999 -9999 -9999 -9999 -9999 -9999 -9999 -9999 8 8 7.98267221999982 6.91124381999988 6 6 6 5.62553022 5 5 5 5 5 5 5 5 5.01732538000016 5.91917389401245 4.9291399199999 4.08932209999998 4.08932209999998 4.46378948000012 5.49538953254936 6 6 6 6 6 5.20364297557648 4.22791681026416 4.08932209999998 4.08932209999998 4.08932209999998 4.30024255098531 4.97293213629758 4.91067790000002 4.91067790000002 4.91067790000002 4.37451612245283 4 4 4 3.12553621999994 3 2.96535883999946 1 1.16017738000003 2 2 1.65898520401693 1.08932209999998
-9999 -9999 -9999 -9999 -9999 -9999 -9999 -9999 -9999 -9999 -9999 8 7.98267221999981 6.91124381999988 6 6 6 5.62553022 5 5 5 5 5 5 5 5.92897138320911 5.96540095030415 4.92913991999981 4.01502744812565 4 4 4.00670060695747 4.46378948000002 5.0178936999999 5.0178936999999 5.0178936999999 5.0178936999999 4.22922523712357 4.02013996451482 4.00096814615385 4 4 4 4.00414432729045 4.31550783434843 5 5 5 4.98946508090419 4.9821063000001 4.26359047581804 4 3.12553621999994 3 2.00026319073728 1 1.00286616598449 1.24535519565442 2 1.62553741999992 1
-9999 -9999 -9999 -9999 -9999 -9999 -9999 -9999 -9999 -9999 -9999 7.94589937999991 7.98359985750379 6.96002698453043 6 6 6 5.62553022 5 5 5 5 5 4.95700948487575 4.9464653 4.9464653 3.9464653 3.9464653 3.79485842495156 3.219211377083 3.9464653 3.9464653 3.97033619681357 4 4 4 4 4 4 4 4 4 4 4 4 4.37446498000011 5 5 5 5 4.26839301999999 3.19696461999978 3 3 1.98267941999973 1 1 1 1 1 1
-9999 -9999 -9999 -9999 -9999 -9999 -9999 -9999 -9999 -9999 -9999 7.94589937999991 8 7.83357888739673 6.10494593831104 6 6 5.62553022 5 5 5 5 4.90857552397465 4.17234711031726 4 3.88179778109852 2.9978349668065 2.87503689999996 2.87503689999996 2.87503689999996 2.91290559036162 3 3.39017526105437 3.87503689999996 3.87503689999996 3.87503689999996 3.87503689999996 3.87503689999996 3.87503689999996 3.87503689999996 3.87503689999996 3.88612754757405 4 4 4 4.32767067525785 4.93075711903427 5 5 4.91750203808957 4.14342991999995 3.17235131049428 3 3 1.98267941999973 1 1 1 1 1 0.944280080877116
-9999 -9999 -9999 -9999 -9999 -9999 -9999 -9999 -9999 -9999 -9999 -9999 7.80020547129405 7.5358917793243 6.67488280994308 6 6 5.69907290179889 5.19639150000004 5.09479295696393 5 4.87034559572668 4.2156790548918 4 3.82826180387087 2.85771151999991 2.78968567736611 2 2 2 2.24352470015938 2.87715071045927 3 3 3 3 3 3 3 3 3 3.07132136335478 3.80360849999996 3.80360849999996 3.80360849999996 3.80360849999996 4.16193221026175 4.60721699999992 4.60721699999992 4.07669188159396 3.21568291221265 2.84229067716866 2.80360849999996 2.61784331593146 1.78968953468681 1 1 1 1 0.926458732219899 0.44528671839846
-9999 -9999 -9999 -9999 -9999 -9999 -9999 -9999 -9999 -9999 -9999 7.37064818263813 6.71949304430666 6 6 6 6 6 5.88057959402217 5.35340387292287 4.84231970013187 4.24880696681316 4 3.78492985929637 2.85771151999987 2.03961315459386 2 2 2 2 2 2.27417756373523 2.73218009999998 2.73218009999998 2.73218009999998 2.73218009999998 2.53624054900929 2.46436019999996 2.69855964488098 2.73218009999998 2.73218009999998 2.73218009999998 2.73218009999998 2.73218009999998 2.73218009999998 2.73218009999998 2.73218009999998 2.87072916738742 3 2.82319103872222 2.73218009999998 2.14421357516789 1.76580119788674 1.03961666905839 1 1 1 1 0.918841416215806 0.458006050729267 0
-9999 -9999 -9999 -9999 -9999 -9999 -9999 -9999 -9999 -9999 -9999 -9999 6 6 6 5.921425690277 5.66075169999994 5.66075169999994 5.36612371953797 4.82449783719013 4.27173084608148 4 3.75180194737496 2.85771151999984 2.08294509916833 1.6791060575598 1.66075169999994 1.63064213101633 1.32150339999989 1.32150339999989 1.32150339999989 1.32150339999989 1.32150339999989 1.49700474861383 1.66075169999994 1.66075169999994 1.17733955842901 1 1.87446618000008 2 2 2 2 2 2 2 2 2.51732178000003 2.80026750231022 2.22453758096135 2 1.72757161249503 1.08294827077653 1 1 1 1 1 0.69696581999998 0 0
-9999 -9999 -9999 -9999 -9999 -9999 -9999 -9999 -9999 -9999 -9999 -9999 -9999 5.96354990489294 5.58932329999998 5.45282837430345 5 5 4.81688000690152 4.28445069269663 4 4 2.96793230850836 1.78628311999987 1.58932329999998 1.03188417028634 0.589323299999979 0.537018629482852 0 0 0 0 0 0.304871192927417 0.589323299999979 0.589323299999979 0.589323299999979 0.589323299999979 1.82291236506412 2 2 2 2 2 2 2 2 2.30486977855148 2.2423591010467 1.72888003935487 1.58932329999998 1.11607583984151 1 1 0.596436458636577 1 1 1 0.8214148970296 0.410676700000021 0.410676700000021
-9999 -9999 -9999 -9999 -9999 -9999 -9999 -9999 -9999 -9999 -9999 -9999 -9999 -9999 5 -9999 5 4.81946620926612 4.28696650665864 4 4 3.3634444511334 1.92528001035798 1.10200448628286 1 0.543978241867381 0 0 0 0 0 0 0 0 0 0 0 0 1.74893236000017 2 2 2 2 2 2 1.81946852337055 1.5178949 1.5178949 1.5178949 1.17599178032872 1 1 1 0.543980555971888 0.0089702400471826 0.560681235877819 1 1 1 1 1
-9999 -9999 -9999 -9999 -9999 -9999 -9999 -9999 -9999 -9999 -9999 -9999 -9999 -9999 -9999 -9999 -9999 -9999 -9999 -9999 3.34820879055619 1.93799985697294 1.11982634922458 1 1 0.0541030199999507 0 0 0 0 0 0 0 0 0 0.365432288492936 0.553533500000074 0.998041812995903 1.88790670950603 2 2 2 2 1.87179711349589 1.44646649999993 1.27928043100673 1 1 1 1.36543096001252 1.14856452773618 1 1 0.577690829018104 0.00958752126958152 0.593156946479255 1 1 1 1 1
-9999 -9999 -9999 -9999 -9999 -9999 -9999 -9999 -9999 -9999 -9999 -9999 -9999 -9999 -9999 -9999 -9999 -9999 -9999 -9999 1.68350320187048 1.12744417951317 1 -9999 1 0.0541030199999507 0 0 0 0 0 0 0 0 0 0.660180980000102 1.45722798818265 1.92613166323951 2 2 2 2 2 1.76839181999989 1 1 1 1 1 1.24759212030392 1.10065760827406 1 1 1 0.631457777414202 1 1 1 1 1.23402484547576 1.6249619
-9999 -9999 -9999 -9999 -9999 -9999 -9999 -9999 -9999 -9999 -9999 -9999 -9999 -9999 -9999 -9999 -9999 -9999 -9999 -9999 -9999 1 -9999 1 1 0.0541030199999507 0 0 0 0 0 0 0 0 0.410001585812001 1.35657128000012 1.918514004379 2.55922772052572 2.69639030000002 2.03767848966541 2 2 2 1.76839181999989 1 1 1 1 1 1 1 1 1 1 1 1 1 1.161288018616 1.69639030000002 1.81008077157506 2
-9999 -9999 -9999 -9999 -9999 -9999 -9999 -9999 -9999 -9999 -9999 -9999 -9999 -9999 -9999 -9999 -9999 -9999 -9999 -9999 -9999 -9999 -9999 1 1 0.0541030199999507 0 0 0 0 0 0 0 0 1.04080782059735 1.92110037817173 2 2.80303778000025 3 2.05410541999998 2 2 1.75402193910811 0.410587511676776 0.464858452908018 1 1 1 1 1 1.5617415202946 1.15123311847424 1 1 1 1.06814312644996 1.76781870000009 1.821593231088 2 2 2
-9999 -9999 -9999 -9999 -9999 -9999 -9999 -9999 -9999 -9999 -9999 -9999 -9999 -9999 -9999 -9999 -9999 -9999 -9999 -9999 -9999 -9999 -9999 -9999 1 0.0541030199999507 0 0 0 0 0 0 0 0.868325635649836 1.86778156923496 2.55405497294023 3.4532481504978 3.80758485194458 3.83924709999998 2.89335251999996 2.82470883927152 1.92551566171395 0.974823755843584 0 0.0487140090410945 0.475021548516662 1 1 1 1 1.11760794369526 1.70560774772494 1.83924709999998 1.83924709999998 1.83924709999998 1.85351375590703 2 2 2.25432055676589 2.83924709999998 2.83924709999998
-9999 -9999 -9999 -9999 -9999 -9999 -9999 -9999 -9999 -9999 -9999 -9999 -9999 -9999 -9999 -9999 -9999 -9999 -9999 -9999 -9999 -9999 -9999 -9999 -9999 -9999 0 0 0 0 0 0.341018268515331 1.31674186239955 1.91377044743286 2 3.26139162405221 3.97602614206382 4.73130683182065 4.91067550000003 3.10337790041117 2.98267701999987 1.99207232735719 1.60462391875853 0 0 0.374464980000113 1 1 1 1 1 1.80303538000022 2 2 2 2 2.14586961562022 3.12159320950451 3.84841937661147 3.91067550000003 3.50461350884281
-9999 -9999 -9999 -9999 -9999 -9999 -9999 -9999 -9999 -9999 -9999 -9999 -9999 -9999 -9999 -9999 -9999 -9999 -9999 -9999 -9999 -9999 -9999 -9999 -9999 0.983072133056326 0 0 0.157315543688604 0.982103900000111 0.982103900000111 0.98880540567929 1.44589578000012 2 2 3.3203619600002 4.7185164253747 4.99647514441468 4.14118335420372 3.05507369600683 2.98267701999987 2 1.67964043999988 0 0 0.0067014627285384 0.455809727482211 1 1 1 1 1.80303538000022 2 2 2 2.08716071937907 3.14228128000014 3.98624874019955 4 4 3.55410901999976
-9999 -9999 -9999 -9999 -9999 -9999 -9999 -9999 -9999 -9999 -9999 -9999 -9999 -9999 -9999 -9999 -9999 -9999 -9999 -9999 -9999 -9999 -9999 -9999 -9999 -9999 1 1 1 1 1 1 1.42202595333643 1.97416125320103 2.03151727973832 3.30321224744889 3.98563243281298 4 3.9531878141124 3.05120903242492 1.99907266103774 1.94171663450045 1.58972542407372 0 0 0.0200459716488507 0.4755559818139 1 1 1 1 1 1.87446378000006 2 2.01824779048502 3.05353229999998 3.0449576364406 3.21920738990339 3.94646770000003 3.59205096317127 3
-9999 -9999 -9999 -9999 -9999 -9999 -9999 -9999 -9999 -9999 -9999 -9999 -9999 -9999 -9999 -9999 -9999 -9999 -9999 -9999 -9999 -9999 -9999 -9999 -9999 -9999 -9999 -9999 1 1 1 1 1.05571944879588 1.57763968834035 2.51518164547639 2.87503929999995 3.51522625974858 3.7500785999999 2.98488632597899 2.87503929999995 1.85771631999982 0.797378354570661 0 0 0 0.374464980000113 1 1 1.07357063461798 1.12496070000005 1.12496070000005 1.12496070000005 1.89015087392661 2.11819934893737 2.15743746819935 4 3.85983849752895 3.09601907960718 3 3 2.94428115101546
-9999 -9999 -9999 -9999 -9999 -9999 -9999 -9999 -9999 -9999 -9999 -9999 -9999 -9999 -9999 -9999 -9999 -9999 -9999 -9999 -9999 -9999 -9999 -9999 -9999 -9999 -9999 -9999 -9999 -9999 1 1.07354131173762 1.55471580907215 2 2 2 2 2 1.82826437392926 1.8036108999999 0.982677019999871 0 -9999 0 0.0595130812133165 0.497313239596433 1 1 1.58875018000017 2 2 2 2 2.76012926607267 3.01732058000027 4 4 3.81387907068895 3.1963891000001 3.12284873093017 2.55410901999976
-9999 -9999 -9999 -9999 -9999 -9999 -9999 -9999 -9999 -9999 -9999 -9999 -9999 -9999 -9999 -9999 -9999 -9999 -9999 -9999 -9999 -9999 -9999 -9999 -9999 -9999 -9999 -9999 -9999 -9999 -9999 -9999 2 2 2 2 2 2 1.12553381999992 1 -9999 -9999 -9999 -9999 0.48969558073588 1 1 1 1.58875018000017 2 2 1.7849330721168 1.73218250000001 1.98550897891715 2.74950308000028 3.75595102995117 4 4 3.91884214349785 3.35771991999992 2.52512633507219
-9999 -9999 -9999 -9999 -9999 -9999 -9999 -9999 -9999 -9999 -9999 -9999 -9999 -9999 -9999 -9999 -9999 -9999 -9999 -9999 -9999 -9999 -9999 -9999 -9999 -9999 -9999 -9999 -9999 -9999 -9999 -9999 -9999 -9999 2 2 2 2 -9999 -9999 -9999 -9999 -9999 -9999 1 1 1 1 1.38901909531083 1.66075409999997 1.66075409999997 1.13014518021979 1 1.94589217999999 2.01144464424956 2.71939535240581 3.3758477194377 3.73932541128131 3.5941627168751 2.41332641496835 2.29462429318816
-9999 -9999 -9999 -9999 -9999 -9999 -9999 -9999 -9999 -9999 -9999 -9999 -9999 -9999 -9999 -9999 -9999 -9999 -9999 -9999 -9999 -9999 -9999 -9999 -9999 -9999 -9999 -9999 -9999 -9999 -9999 -9999 -9999 -9999 -9999 -9999 -9999 -9999 -9999 -9999 -9999 -9999 -9999 1.09511552719584 1.41067430000008 1.25689115646399 1 1 1 1 1 1 1 1.94589217999999 2 2 2.09439664659267 2.7258169384225 2.82147973949502 2 2
