catData/variables/futureClimate2070/rcp45/IPSL_CM5A_LR_2070_rcp45/bio15.asc
NCOLS 409 
NROWS 350 
XLLCORNER 60.897278365 
YLLCORNER 5.843756025 
CELLSIZE 0.0892857 
NODATA_value -9999 
[rows 104 to 129 of 350, columns 240 to 299 of 409]
136.26735958 135.333386725891 134.91127262 133.894177949222 133.10767132 131.938827708668 130.402568207562 129.080182759447 128.714044 128.12531782 126.617695912115 125.805105950329 125.441617972773 124.781471490432 123.41271357064 123.350991419792 123.92904152 123.0177665 123.0177665 122.920352060242 122.6962775 122.545014674767 122.01522192279 122.474269499309 121.485230475803 119.220118713625 119.194828107942 120.477048378859 121.284758336254 121.637583174317 120.441887492957 121.890148758409 122.99177128989 123.765309896369 126.362969780392 126.016779550201 123.472902062812 123.952642312265 125.090896887378 126.05306718 126.063331217602 125.406686247285 124.37562562 124.01729178 124.763938269025 122.550890086836 123.656630187585 123.242559723389 121.331868757003 120.705653735966 123.709598914364 124.922036696161 123.971102111573 121.678675267031 119.086035055411 112.535254652863 110.0899110797 109.115467314515 116.386677035564 123.283276430524
134.55741676131 135.168437632572 134.537027626455 133.934226599662 133.452839814221 133.124442388104 133.631347998014 134 134 133.653054183634 133.021644177517 132.3902341714 131.758824165283 130.61209271833 127.845989179144 126.066702379207 126.914832424069 127.809014885303 127.654317217159 128.339598575076 128.15655160731 127.013758229772 125.807161931779 125.168904522007 124.610961691876 122.385706677275 120.03671764 118.565383539427 119.137059917779 120.200863370318 121.673245979311 124.018682087166 123.651572365309 119.373321250463 121.72979642 124.470989012483 121.146897439999 119.292334047649 122.762015504939 124.130683419765 125.311420654 123.481329772116 122.621219681766 124.420874224352 124.895431539062 123.755597356586 122.757320065406 120.71375553118 121 120.371029401055 120.596263855862 120.60023604671 118.508362161186 116.30479674 113.688716648358 110.914449842241 109.64345512 109.534797999988 116.720838177213 117.731448504408
134 134 134 133.917057291454 133.4821123 133.639038788127 134 134 134 134 134 134 134 134 133.05413182 130.91115262 129.983921290773 130.702357377538 131.721979010812 132.068792585196 130.467419685012 128.841111695221 126.716014774568 124.92916392 124.5178877 124.491715112118 123.650375352537 121.666178792955 120.008682193313 118.579964095518 122.192874694212 123.320371468055 123.769119422767 121.983556317735 125.186225068228 125.144518559999 120.609241365084 118.254402504287 120.215146678539 121.786559375959 124.416067258398 121.95511920059 121.061875330382 124.526224279827 124.914453819927 123.952836420246 123.149810332274 122.085371959336 121.543741245632 119.788917963248 118.715429568708 117.127452358498 115.539475148289 113.57262384 111.04262884787 109.647947344677 109.484049145096 110.519165197942 112.395484664833 110.201650873648
134 134.543965010501 134 134 134 134 134 134 134 134.325883901786 134.5535407 134.5535407 134.109041218607 133.515961992071 132.50059112 132.438737081001 131.832050835073 130.23293588371 130.8929186 130.286898239999 128.51848002 127.693857140216 126.180917206751 124.085393646712 123.081038200176 123.21953955364 124.228374205791 124.056058599431 124.202569263869 121.872933014994 121.650479305766 120.357809214425 119.971511523668 121.276600481354 123.886021465182 124.128723718592 122.789856234762 120.420138230419 117.066292063369 118.790488335724 120.882460798011 119.0795812328 118.363547697469 122.881495267983 122.39862775379 124.1070814 124.210471096387 124.050363269553 120.813485363315 118.032042943221 118.431020219513 117.148441956292 114.502409054342 111.578350770635 108.9284015559 107.962425277564 108.83877958 110.431021291015 109.504431797956 109.177294857159
134.6249691 134.993512347961 134.6249691 134.6249691 134.6249691 134.6249691 134.6249691 134.6249691 134.6249691 134.845759609139 135 135 134.19698862 132.579062377689 131.42916272 131.3750309 131.397206661796 131.46481572 130.480237643377 129.772723638971 128.87549962 127.413978944368 125.663733768072 124.190486610935 123.789966347595 123.8749073 124.477213660955 125.171465442385 125.368259104258 125.00432247622 125.116843363888 123.58966362 122.662965176697 122.715695541321 123.172279452734 121.844788748293 119.711277263706 118.330782844037 117.464779730974 117.125026346126 115.820231820403 115.718678304918 115.7500618 117.666280537289 120.388153528955 123.974679244364 122.454068327086 122.708538761464 117.798599532481 116.613074274642 117.3750309 116.78631192 113.734441379999 110.18030356 108.772728139342 107.204043177466 107.94586098 109.978389343483 108.716789891121 108.69532326
135 135.684350533575 135 135 135 135 135 135.310502321559 135.6963975 135.6963975 135.236667500874 134.490527441685 133.50059112 131.554722939999 130.35773432 130.3036025 130.39232748 131.254979533449 130.929691192638 130.6963975 130.582717011016 129.676195360409 128.628537829394 127.89326372 127.222683024457 126.579721613039 126.392795 126.658276374662 126.409230284528 127.094443056284 127.331008817094 126.647775262095 126.231523698716 125.907411360473 126.165435479323 124.31263065885 121.650591636079 119.823567491086 117.651132121494 115.735011391213 114.816012889591 114.961878146016 115 114.353935542913 117.50750620845 119.87741818 116.960511530212 117.362843285592 114.797128468307 115.363564487497 116.663842366686 116.821263445875 114.975257950126 110.366062527242 109 106.642182177369 107.24946348 110.001542083026 109.965626819604 108.905164460613
134.958438029372 135.995983624888 135.7678259 135.7678259 135.7678259 135.7678259 135.7678259 135.871345222019 136 136 135.846729204528 134.474514559957 132.580415684441 130.483294539999 129.28630592 129.2321741 129.32089908 130.355144013136 131 131.232659064168 131.7678259 131.664307135199 131.5356518 130.94692802 129.87549962 128.242344702739 127.7678259 127.096410231708 127 127.2321741 127.279698509678 127.7678259 127.53624652 126.605519237229 126.807177693802 127.45727127725 126.55401062 124.757174983447 121.705410478962 118.751927871042 116.221595850017 115.09641207449 114.273741598974 114.789132383459 115.925552279716 115.135107317861 114.875955373824 114.323648197207 114 114.207035300731 114.98163878 115.012314519334 113.376227539999 109.99223611509 108.383432592788 106.951700325455 107.71368688 110.745289578723 109.355032449274 108.51528466479
134.94587058 136 136 136 136 136 136 136.374197794404 136.8392543 136.8392543 136.28521673007 135.150818201772 132.559300786386 130.251120439999 129.05413182 128.17526192914 129.014262159018 129.32089908 130.355101704667 131.30301018 132.314249188351 132.8392543 133.273396672035 133.583873783877 132.30357516428 130.21534744 129.004579860596 127.96481692 127.045432376912 126.17525991493 127.014261773228 127.295153098614 127.962774610456 127.790547102298 127.798886611719 127.625806234017 127.077593077825 125.82255724 123.573584201508 120.64451976 119.45201473558 118.48258222 116.617333911122 115.03180398072 116.661813939999 114.864997495596 114.962774996246 114.8392543 114.52500914007 114 115.385567267229 114.60753481363 111.840450939999 109.579996479141 108.870920530983 108.698693022825 109.62436958 108.462168526509 107.530600733407 109.99880096
135.85655328 136 136 136 136.21089970632 136.9106827 136.9106827 136.950506549174 137 137 136.33984542 134.6021770565 132.411571731669 130.251120439999 128.192746031993 128.001544883825 128.170117604344 129.16015338 130.23158178 131.30301018 132.37443858 133.812086690375 134.867568826644 134.9106827 133.590378339999 132.113759317862 130.287070033969 129.03624532 127.103433317632 126.001544669463 126.170115418706 127.16015098 128.210895335043 128.634738756788 128 127.960176579549 127.9106827 127.269378315886 126.102252824055 124.869784744447 123.090845099216 121.85761312 119.84032134 118.598577735508 115.992672873066 115 115.210893149404 116.186624457573 116.105941254258 114.504643726089 113.667521411684 113.14693804099 111.679705239999 110.86931525317 110.8213654 108.432373531232 109.03517828 108.9721190163 112.245487055429 110.174450004403
136.981142784219 136.9821111 136.9821111 136.9821111 136.986253886238 137 137 137 137 137 135.691500279265 134.273218705229 131.605330850275 129.269009339999 128.055100178715 128 128.08872498 129.16015338 130.23158178 131.30301018 132.742178865686 134.435954149819 135.508041534677 135.403918940828 134.328038423667 132.532037111837 131.182626072658 130.10767372 128.09037954 126.9821111 127.07083368 128.14226208 128.986253800371 128.994579524124 128.9821111 128.9821111 128.47407192239 127.989468422105 127.970301746601 127.23264402 126.146850715591 125.07189832 123.983549464582 122.910533958153 121.80394642 120.420815505798 117.495607312312 116.005420432942 116.004492483106 115.974135116048 114.938894799456 113.403923654961 113.624719448602 115.383310688059 114.333276862951 113.040615446039 113.85641648 113.894812559949 112.820977376505 111.299538621001
138.16120842 137.0535395 137.0535395 137.0535395 137.0535395 137.0535395 137.407933097151 138 138 136.82254764 135.304501073864 133.48329454 131.34043774 129.244398008601 128.003490510577 126.96375708 128.039935771067 129.16015338 130.23158178 131.30301018 132.354391325646 133.368455984825 133.892921 133.892921 133.268113037641 132.21487992 131.14345152 130.118840060106 129.05413422 128.0535395 128.14226208 129.222264883394 130.33865838 131.090856114963 130.67910332 129.583803553319 129 129 129 129.039168329968 128.25053292 127.17910452 125.16181274 123.96726802651 121.934388674076 120.009044194899 118.98258102 118.197935243457 117.806231717364 117.636148941814 118.67790908 119.19213821983 119.249501960651 120.038441481473 118.715228639999 115.697939259999 112.534294983939 112.32216266476 112.46349428 113.69506886
140.30406522 138.247773982797 138.1249679 138.104953568501 138 138 138 138 137.935354382759 136.77115161439 134.679690839999 132.53683404 130.494327885834 129.141251217016 127.10826364 126.01945809728 127.291330085573 129.180167411576 130.35654968 131.390111534127 131.953207196978 131.81931303983 131.7500642 131.7500642 131.7500642 131.109907708763 130.172373465912 129.89072339694 129.047369180208 129.002161217357 129.21369048 130.44526986 132.385487268802 132.909061774049 131.656946713803 130.039021700247 129 129 129.082497531692 129.76512229116 129.297343465989 128.141256616862 126.10827324 124 123.933454169164 123.2499358 122.989419131121 121.784096573972 120.953207796824 120.8750321 121.39232268 122.46375108 123.53517948 125.246760171083 124.344755332131 121.595254266427 119.476416100363 118.51716098 119.59967625466 120.905105596385
142.44692202 140.37549362 139.375366870859 139.03624052 138.1963963 138.1963963 138.1963963 138.108829203485 137.48270222 136.41127382 134.679690839999 132.680514230415 131.23567645611 129.422857177364 127.49042495084 126.42738576 128.48151758 129.681645828735 131.382496275261 132 131.552023068311 130.35773672 129.702008801361 129.491584227886 129.540462545589 129.750887119064 129.8036037 129.272638852027 129.1963963 129.210293967037 130.071297793562 131.12390566 133.221281126612 134.001191839999 131.557436740338 129.35773912 128.905198127288 129 129.530498805762 129.8036037 129.8036037 128.054733739999 126.097641008137 124.003396041612 124.28511648 125.164943711438 124.491365177962 122.257102075512 120.62556622 120 120.415696624063 121.39232268 122.46375108 123.53517948 123.8036037 122.92917112 122.043506316786 122.21368568 123.356408016264 125
144.58977882 142.51835042 141.423158636069 140.10766892 139.2678247 139.186670446665 139 138.673545452937 137.75052692 136.521423107459 134.856496542341 133.340305727856 131.609043521945 130.627581491746 129.58978122 129.096627057301 130.62437438 131.610016718095 132 131.918846389444 130.98329814 129.166894129841 127.80851074004 126.765476889761 127.301307839563 128.46375588 128.7321753 129.60661268 129.985501518769 129.99536819143 129.755937398372 130.234517183654 131.633907302025 131.671663307776 129.71547824 128.137899567379 128.24946828 128.7321753 128.555370883216 128.4643506 128.4643506 126.949675926187 125.78631192 124.280485314209 125.064958724408 125.57202672 124.03744436 121.42916992 120.458024134798 120 120 120.431045495797 121.39232268 122.267817016194 122.679414953607 122.091937363408 122 123.01728938 124.08871778 125
146.73263562 144.994591587408 143.501051439999 141.51835042 140.599940549024 140.03624052 139.3392531 139.18799053064 138.48270222 137.022274821616 135.67909852 134.124278933872 132.87549482 132.6785062 131.73263802 132.6785062 132.737130955488 133.17909972 132.260688263231 131.594192677103 130.038899189024 128.108266039999 125.96540924 125 126.096345686464 127.39232748 127.933170185793 128.87443738 129.624977881951 129.649319824177 129.058623169695 129.6607469 129.582182877439 129.01848602 127.826678709634 126.848739059055 127.002546632927 127.121768246799 126.32209092 125.9822407 126.254663171585 125.743713597713 125.035770603841 124.99413371003 124.630648303902 124.107014317774 122.366072968353 120.224079448963 120 120 120 119.800275261006 120.32089428 120.90893625125 121.80300418 122 122.320886269634 123.01728938 124.08871778 125
148.8532624686 147.78676504 145.643908239999 143.595434204036 142.17909732 141.232110580873 140.667587016672 139.96481212 138.89338372 137.82195532 137.021640193146 136.08978002 135.01835162 134.821363 133.87549482 134.4106815 134.374243792126 133.83984662 132.76841822 131.393979639999 129.62556142 128.291375360146 126.37609074 125.4106815 126.07083368 127.14226208 128.21369048 128.926003625126 129 129 128.963563277762 128.5893185 128.35773912 127.28631072 126.5893185 126.14345392 125.376875843034 124.348138640579 123.378917021875 123.47908262433 124.39232508 124.948432769239 125 124.98270822 123.874844083397 122.203251280943 119.810587421512 118.89232388 119.5893185 119.772425848876 120 119.41128102 119.66014738 120.431131141306 121.722101641149 122 122.94586098 123.01728938 124.052283029033 124.655087573422
150.938123470737 149.92962184 147.786765039999 145.64390824 143.73263562 142.818134435357 142.10766892 141.03624052 139.96481212 139.177214439767 138.645952741452 137.75052692 137.066238256111 136.542643725108 135.992254133673 135.955880947546 135.39338492 134.32195652 133.25052812 131.876089539999 129.92715077364 128.55413302 127.214802463922 126.4821099 127.14226208 128.21369048 129.28511888 129.4821099 129.4821099 129.47377220461 128.91127742 127.922789627047 127.28631072 126.360965370515 126 125.55413542 124.48270702 123.106385645639 122.163845155579 122.378877096798 123.32089668 124.813898840765 125 124.974371681673 123.340449739999 121.191862791778 119.25053292 118.639033386549 119 119.230907608987 119.5178901 119.496825617152 119.823993692643 120.352699926138 121.313845730161 121.939462703701 122.489852037518 122.53517948 123.560661820044 124.082938121175
152.529371587127 151.51894034 149.376083539999 147.321879098196 145.747301706696 144.25052572 143.17909732 142.10766892 141.03624052 140.5535383 140.25880456395 139.37549362 138.662579045834 137.67909852 137.5535383 137.545816039489 137.01835162 135.94692322 134.87549482 133.501056239999 131.565465535027 129.967943469864 128.58978122 128.1070766 128.401809264542 129.28511888 130.35654728 130.069503719218 130 129.438740510997 128.91127742 127.83984902 126.76842062 126 126 125.55413542 124.48270702 123.41127862 122.33985022 122 122.80300658 124.748869960001 125 124.421449802505 122.871669657612 121.39338972 120.32196132 119.5535383 119.5535383 119.5535383 119.5535383 119.816378776633 120 120.326620566418 120.89095526869 121.390400656202 121.4464617 121.46375108 122.53517948 123.535108744229
153.6249667 152.59036874 150.447511939999 148.46481092 147.306530740746 145.94692082 144.87549242 143.52541050495 141.784375033516 141 141 140.725632020787 139.82195532 139.297022663655 139.2499334 139.2499334 139.16120842 138.08978002 137.01835162 135.833284312261 134.50046152 132.983166139999 131.35760472 130.139034584004 129.6249667 129.899333779133 130.301155107699 129.50059592 129.3750333 128.3750333 128.28631072 127.314971349472 126.913150020907 126.814336472341 127.015923256225 126.17910212 125.10767372 124.03624532 122.96481692 122.6249667 123.42797328 124.827343916185 125 123.98270822 122.91127982 121.939938949552 121.538117620986 121.060565127579 120.6249667 120.34631768471 120 120 120 120 120.301153307539 119.828542056105 119.7500666 119.778161266764 121.46375108 122.53517948
154.734090562854 153.66179714 151.518940339999 149.424707619571 147.76841582 146.90800389595 146.061195256289 144.418762491472 142.66179954 141.286409073006 141 141.509470802515 141.452596910276 140.783834621963 140.6963951 141.380744946441 140.66945776132 140.23263682 139.16120842 138.08978002 137.01835162 135.811555820124 134.211647952115 132.21534264 130.933063456593 130.186925968833 129.440788481072 128.42916752 128.3036049 127.315648482211 127.973063389971 127.6963951 127.6963951 127.788389746746 127.886319341015 126.940032611224 125.48270702 124.41127862 123.33985022 123 123.80300658 124.87443498 125 123.98270822 122.91127982 122 122 121.908006081906 121.6963951 121.25053292 120.6963951 120.286414087051 120 119.490534211529 119.3036049 118.42917232 118.3036049 119.022538520486 120.39232268 121.46375108
155.82195292 154.74650810337 153.290065272541 150.570483311545 149.126247044367 147.53516332028 146.538622623807 145.32195412 143.73322794 142.17909732 141.7678235 142.49940648 142.151252491668 141.796975632419 142.494083316506 142.777088361187 143.235345375319 142.252524091232 140.53624172 139.697471656943 139.16120842 138.08978002 136.103864690794 133.59037594 132.10767132 130.474518158532 129.19699102 128.12556262 127.27374202627 127.01729418 128 128.122967685992 128.59001140992 128 127.712499101746 127.025137944683 125.853340813571 124.41127862 123.33985022 123.561722918691 123.954262757221 124.203023253134 124.2321765 123.228161755041 122.91127982 122 122 122 122 121.896481279565 121.370635636347 120.41128102 119.493123328172 119.062321795915 118.383434519998 118.02915380409 118 118.24946588 119.32089428 120.269358679561
157.73263322 156.646686618167 154.647534382246 152.383936977339 150.570441003075 149.12118733651 147.46481092 146.39338252 144.804656339999 143.25052572 142.8392519 142.956852474027 142.870917446387 142.8392519 142.991298412785 143.85654848 144.676064311957 142.814102268457 141.60767012 140.8392519 140.46481332 139.39338492 137.287365759999 134.66180434 132.625065748645 130.53683884 129.19699102 128.12556262 127.84795387301 127.01729418 128 128.16015098 128.76842062 127.74570014492 127.100558195494 126.625807304092 125.560301256321 124.41127862 123.33985022 123.73157818 124 124 124 122.98548784078 122.146486499633 121.865594999953 121.1607481 121.1607481 121.474992361289 122 121.48270942 120.41128102 119.33985262 119 118.19699582 118 117.206184375399 118.002779234985 118.24946588 119.1607481
158.96480972 157.891836180296 156.643905839999 154.50104904 152.378877269482 150.580602727258 149.105923596001 147.46481092 145.876084739999 144.32195412 143.9106803 143.244442092299 143 142.203664918817 142.0893197 143.090864625337 143.162789622808 142.83984662 141.76841822 141 140.62556142 139.55413302 137.919204571847 135.73323274 133.590375939999 131.44751914 129.376386861191 128.12556262 128 127.912225010969 128 128.014304637488 127.85774032 126.78631192 126.0893197 125.64345512 124.57202672 124.036735282955 123.941035619695 123.976024643564 124.731282273176 124.114349590083 124 122.98270822 121.919204279861 121.075015276879 120.78910740638 120.0893197 120.46375348 121.0893197 121.043115460582 120.41128102 119.33985262 119 118.19699582 117.203671475715 117.004835681025 117.0893197 117.17803748 118.0893197
160.03623812 159.94691842 158.786762639999 156.486615455107 153.74638117796 152.363613528972 150.600968484095 149.080455822838 146.94751314 145.39338252 144.333765143637 143.98691102943 143.193464237503 142.12556022 141.071054631369 141.052769721698 141.930753725234 141.032917247832 140.78630952 140.0178913 139.275713332966 138.027805460101 137.491340833168 136.400743186235 135.310145539302 133.50105624 130.569557334564 129.10767132 128.05316568843 127.983015235363 127.105026517705 127.842714329228 127.013748043839 126.994578796906 126.614371670027 125.55413542 124.48270702 123.421811610826 123.666230142241 124.718489295308 124.996475531625 124.984355221442 124.053168045491 122.98270822 121.91127982 120.842716686289 119.78631432 119.0178913 119.39232508 120.0178913 120.0178913 120.007358352113 119.98818910518 119.263621761753 118.19699582 117.12556742 117 117 117.001587276417 117.0178913
161.0535371 161.0535371 160.960059513384 159.52810693601 156.371182905402 153.787839205203 152.30465514 150.161798339999 148.046636162977 146.486829327629 145.39338252 144.32195412 143.207534819448 141.297935409945 140.10766892 140.069907671267 141 140.84842076752 140.041138883086 139.713212106307 138.67909852 138.029666674905 138 137.442794783882 137.018194466724 134.844424962669 130.884491952063 129.185821978543 128.15831023085 128.0535371 128.0535371 128.044963080969 127.780818708425 127.324100564363 127.57202672 126.078604036605 124.455012654 123.389259955393 123.624807275213 124.67804108 124.989453543574 125 124.104775402361 123.035319568245 121.91127982 120.831277529458 119.71488592 118.9464629 118.966508998723 119.44586218 120.51729058 121.031518306904 121.0535371 119.59038554 118.25053292 118.006722515521 118 117.052611476734 117 117
162 161.997838224315 161.708667601404 159.67968844 157.536831639999 155.431840958565 153.37608354 151.233226739999 149.60766772 147.94751314 146.46481092 145.39338252 143.51894274 142.25052572 141.17909732 141.127126975768 141.249931 141.229917352792 140.922323452928 140.212065181351 139.703735015631 138.55413302 138 138 137.33984782 135.53683884 132.69132147869 130.376090739999 130.1249655 129.247769824149 129.113878238429 128.83984902 127.971060566989 127.609892238731 126.62556382 125.55413542 123.96541404 123 123.082495947333 123.765121646947 124.80300658 125 125 123.967577315933 122.025158358346 120.67970284 118.76842302 118 118.37443378 119.44586218 120.452647104025 121.46375348 121.8750345 120.503304673135 119.19699582 118.12556742 118 117.984871196016 117.1249655 117.104952752543
