catData/variables/futureClimate2070/rcp45/IPSL_CM5A_LR_2070_rcp45/bio15.asc
NCOLS 409 
NROWS 350 
XLLCORNER 60.897278365 
YLLCORNER 5.843756025 
CELLSIZE 0.0892857 
NODATA_value -9999 
[rows 130 to 155 of 350, columns 300 to 359 of 409]
117.150914065093 116.756504956954 116.122857860999 115.641704361047 115.1963939 114.723297665141 113.602994372812 112.321143970766 110.39399644 108.953837066672 107.85774752 106.78631912 105.643598499467 103.808404958485 102.617513283561 101.69699942 100.926464432345 100.445312389702 99.8984082282512 99.3305117937954 98.8703520241576 98.215711197889 97.8422958200641 97.1009106019822 97 97 97.0712902918775 97.8036060999999 98.5479696511353 101.564519865737 102.594280212619 102.2144244 101.068939461613 99.0538152449003 98.2631402955031 100.835317006913 101.8036061 104.083418618727 108.194233419999 111.003394114731 111.125105536777 110.23264882 109.16122042 107.543306982917 104.539443784965 101.798268768045 100.885250521885 101.062744468896 103.233579520547 105.85592016 107.038079142755 106.32197092 104.118931698661 100.934274523385 96.9476911054311 94.0725146400003 91.4168746981019 87.0908651052821 82.6435386463804 77.6969493356651
117.76842542 117 116.62556862 116 116 116 114.679710039999 112.34092157475 110.341235923623 108.251139639999 106.80081939963 105.71489072 104.64346232 103.45478021549 101.937979806136 101.510327432237 100.62557102 100 99.4827142199997 98.8423292142698 98.2488360241033 97.8040689775232 97.1442394608501 96.7658087407764 96.7321777 96.7321777 96.7321777 96.7321777 96.7321777 96.9540262105369 97.7385021921634 98.1965331000001 98.5752764554168 99.2440510859135 99.5114162653201 100.99878176 100.89046310577 101.37241246355 104.48780831553 109.419605486394 110.95246947157 111.03639412 110.275060261583 109.848504013309 107.81981137519 106.920095462817 106.49197548362 105.363773919634 105.038716242887 106.65966546 106.981473244697 106.05428782 103.34447675205 100.426399791269 98.1379219975922 96.4831937400001 94.4478653889135 91.4498620199982 85.2218486245787 80.4659163599991
117.76842542 117 116.62556862 115.848741757533 115.485258922833 115.121776088133 113.885912586566 111.374965241266 109.585328604033 107.869289290666 106.089915325366 104.64346232 103.572033919999 102.554934409466 101.76842782 100.897206841135 100.413345613565 99.8487425717347 99.3189530829648 98.4112858199999 97.776046167635 97.1773642870646 96.7275818982353 96.0829717564641 96 95.6607492999999 95.6607492999999 95.6607492999999 95.6607492999999 95.7635416446638 96 96 95.8245112512366 96.6384519765367 98.630060085511 100.76688366 99.4395901351252 98.9822478999997 99.9281016799997 102.331977948337 104.945168900912 104.986161664248 106.055145128476 107.80129719046 106.575215210323 105.99309057986 104.657264714562 103.337898290738 101.304358019999 102.179443821338 101.822250519999 101.344119336122 99.4120437399995 96.9586336225386 96.8058109729646 98.3948025868607 96.38386364156 92.6240811362588 87.4348599819203 83.7169422886791
117.76842542 116.875563008876 116.21488952 115.14346112 113.859593275797 112.58992522 111.518496819999 110.015936937282 107.98331734 106.71489072 105.64346232 103.98271302 102.91128462 101.934232296559 101.452850574467 100.69699942 99.8462298434797 99.3265678275465 98.7875615414267 98.2423793295996 97.3398574199996 96.6995590883474 96.1160965826789 95.6408907862944 95.5893208999999 95 95 95 95 95.054128140272 95.1786417999999 95.1786417999999 94.8737958929432 94.9362610560302 95.1786417999999 96.0408991079547 95.5542866199997 95.3572835999998 95.9146950008977 95.3776530997431 96.431367402309 95.640403343456 97.3981812935844 97.9467646084676 97.633446098957 97.6942791688603 97.1118196980592 96.0947749333593 94.4651085199993 94.2559345992139 93.8306666114188 94.58899018 93.599747226944 91.7719722534957 92.4229572934267 96.6735908665514 95.4302151472655 91.6805036972073 88.3266535392613 86.4586781039429
117.76842542 116.69699702 115.445052443467 114.07203272 112.23392762876 110.163243741408 109.211793365945 108.30421162 106.816914620651 106.065031668004 104.598135904643 103.50060552 102.471947470063 101.83985622 100.888357315231 100.360970772122 99.62557102 99 98.4827142199997 97.7161764784656 97.1760096088872 96.26842902 95.6128679764066 95.0650329109461 94.5439956417007 94.5178925 94.5178925 94.5178925 94.5178925 94.3609720150642 94 94 94 93.7161776355236 93.5178925 93.5178925 93.1020263865353 93 93 93 92.9572319640525 92.5178925 92.5178925 92.5178925 92.3239810253594 91.7850511272875 91.2499965600652 90.7161787925816 89.8577547199997 88.7863263199999 88.1307627905226 88.0670762263394 88.0715700000001 88.5715756369275 89.6845195244431 90.5838294537579 89.6909353815718 87.6008160028446 86.5178925 86.9637426800003
117.76842542 116.69699702 115.25113724 113.307340825404 111.180937138275 108.82256684 107.634586054365 106.71489072 105.64346232 105.4464641 104.078313620353 102.98271302 101.950892852288 101.374965651392 100.76842782 99.8322783012491 99.2792950024303 99 98.4827142199997 97.4112858199999 96.6345873828511 96.1198439208281 95.1970006199998 94.5159728318124 94.0241732718669 93.4560317355465 94 94 94 94 94 93.753203262376 93.4464640999999 93.1836254249828 93 93 92.5555123439783 92.4464640999999 92.4464640999999 92.4464640999999 92.4068580107396 92 91.8718191419009 91.4464641 91.4464640999999 91.2474069291375 91 90.41129062 89.3398622199997 87.8634856761439 86.6434695199998 86.0560656312148 84.9528746102108 85.3298273214256 84.7462513822533 84.1792557199999 83.57095728 84.3393922999998 84.3393922999998 84.5384483993485
117.913151265287 117.132595274706 115.0171309947 112.48331614 110.34045934 108.19760254 106.71489072 105.64346232 105.073881365336 104.453512354657 103.42917712 102.98271302 101.91128462 100.899915854633 100.288187865373 99.6969994199998 99 98.7213550546082 98.1810350653975 97.4112858199999 96.3398574199996 95.542794254584 94.5720363199998 94.0470940654281 93.4088736545656 93.0064823345596 93.3750357 93.3750357 93.3750357 93.3750357 93.3750357 93.2078241654771 93 93 92.5874359545042 92.3750357 92.0738831655078 92 91.40887515448 91.3750357 91.3750357 91.3750357 91.2881896655444 90.8106384544491 90.3750357 90.3750357 90.3750357 89.7863263199999 88.7148979199996 87.3691060855872 86.1970054199999 85.4535168544001 84.0744562856057 83.3577559199998 82.3750357 82.3149787656241 82.0868451343699 82.5643957456365 83.2340002456425 83.6249643
117.142340452982 116.21221770335 114.441064439683 111.797786943984 109.26903094 107.536152068681 106.33985502 105.26842662 104.440795422321 104.038123914012 103.05414142 102.298358846677 101.91128462 100.83985622 99.8387348243247 99.2116141120077 98.7392503916595 98.168241744673 97.639765958994 96.7148931199999 95.6434647199996 94.57203632 94.0598108263365 93.3910548773305 93.0164384590019 93 93 93 93 93 93 93 93 92.5900254140039 92.1031839223286 92 91.4407987650059 91.3036073 91.0164391876594 90.3036073 90.3036073 90.3036073 90.3036073 90.0006115199997 89.3036073 89.3036073 89.3036073 88.71489792 87.6434695199997 86.5720411199999 85.5006127199999 84.4291843199996 83.35775592 82.2863275199998 81.3036073 81.3036073 81.4648674616478 82.3029933800003 83.113677185687 83.6140941106459
116.00060432 114.696523838593 112.71549504 110.469119006725 108.594787319384 106.959254407956 105.57203392 105.062322997362 104.19699822 104 103.05414142 101.986726692001 101.211581060658 100.83985622 99.7684278199997 99 98.62557102 97.657661296045 97.1120760566139 96.4112858199999 95.3398574199996 94.26842902 93.3834401327489 93.02915521991 92.2737516674306 92.2321788999999 92.3002945978882 93 93 93 93 93 92.6028189061566 92.0954924465025 91.4931304408379 91.2321788999999 91.0457399444802 90.3285977428601 90.2321788999999 89.2321788999999 89.2321788999999 89.2321788999999 89.054376579564 88.3940085730947 88.2321788999999 88.2321788999999 87.834999648927 87.3276719037318 86.5720411199996 84.9389007709492 84.2779194017095 83.3577559199995 81.5600828729716 81.2148991199998 80.3002909123468 81 81.2315649800002 82.0703486696757 82.5196678429836 83.1035170043572
114.92917592 113.55474454 111.41188774 109.26903094 107.64346232 106.477397435407 105.33985502 104.386027406622 104.031667562364 103.26613490865 103.008703260336 101.997221109321 101.764795161692 100.83985622 99.7684278199997 98.7457069147351 97.78632152 97.0890787032362 96.5658681677776 95.5720363199999 94.5006079199996 93.42917952 93.0316679481653 92.2661369228485 92.0087036461369 92 92.0142606558915 92.1607505 92.3550953220803 93 93 92.6258164309622 92.0775969380233 91.5059239329908 91.0546326359948 90.3860314350191 90.1607505 89.2863251199996 89.1607505 88.985495939076 88.1607505 88.0263539411044 87.2842764278813 87.1607505 87.1607505 86.7865689451611 86.2383478238244 86.1607505 84.9465924182032 83.4723351907817 83.1607505 81.5524684712457 80.2236035377393 79.318723266725 79.2494586800004 80.1607505 80.3923154800002 81.4150375426685 82.0601884883459 82.5349300406401
113.85774752 112.75925425752 111.25113724 108.702245791855 106.57203392 105.50060552 105.030356564082 104.26842662 104 103.12556982 103 102.894935029356 101.91128462 100.83985622 99.5575401534186 98.0622574518931 97.62557102 96.5939675374818 95.5720363199997 94.5006079199999 93.4291795199996 93.0239766437673 92.2687262109201 92.011216374392 91.1386296802956 91.1050627850169 92 92 92.0206842990462 92.0893221 92.0893221 91.6434671199997 91.0893221 91.0367371275156 90.3988249271716 90.0239768581404 89.2687283965471 89.0112165887651 88.1386318659226 88.0720399199998 87.0893221 86.9291831199999 86.0893221 86.0893221 86.0893221 85.6434695199997 85.0893221 84.5531974781112 83.4595415272007 82.3577559199998 81.3580526821741 80.2261159231377 79.1434707199999 78.0893221 78.1780302800004 79.2351549443875 80.0206838703001 80.3923154800003 81.0893221 81.5351722800002
113.76842542 112.69699702 111.25113724 108.662420659999 106.48271182 105.41128342 105 104.26842662 104 103.12556982 103 102.98271302 101.91128462 100.83985622 99.5368556399995 97.7024212214781 96.6434647199999 95.5720363199996 94.5006079199996 94.0073594250773 93.3398574199996 92.2815195316447 92.0035250699941 91.1412189683664 91.000968833272 91.0003092850891 91.0178936999999 91.0178936999999 91.0178936999999 91.0178936999999 91.0178936999999 91.0099157047443 90.4919727336166 90.0178936999999 90.0060813496611 89.2815218886997 89.0035251129389 88.1412213254216 87.07203992 87.0006115199997 85.9307704805048 85.0329219211334 85.0178936999999 85.0178936999999 85.0178936999999 84.5720411199996 84.0178936999999 83.4291843199999 82.3577559199996 82.0048032742449 80.4083793841159 79.1434707199995 78.0720423199998 78 78.0887081800004 79.0028654359215 79.2453151257175 80.3029933800003 81 81.0079779093658
114.0535347 113.766752893633 112.35820664 110.21534984 108.07249304 106.486836054505 105.358049056539 104.26842662 104 103.12556982 103 102.98271302 101.906535268746 100.634750989219 98.7684278199997 97.6969994199998 96.6055260768844 95.5006079199997 94.4291795199997 93.3577511199999 92.3216632549772 92 91.1970006199999 91 90.9493638731606 90.9464653 90.9464653 90.9464653 90.9464653 90.9464653 90.5920835346323 90 89.9723073894367 89.3892700285287 89 88.9608356955403 88.1864565224251 87.1255746199996 86.9493640016438 85.9301083163215 84.9112894199996 83.9914270077474 83.9464653 83.9464653 83.9464653 83.9464653 83.4568768020798 82.41129062 81.964659721989 81.2148991199999 80.1864587939418 79.1255770199996 78.1047844898728 78.9827202199998 78.0047489658039 78.2050984162306 79.2315649800002 80 80.3744217800001 81
115.2499262 115.2499262 114.594643651964 112.552416819726 110.275671005434 107.998925191142 105.804673139999 104.39338972 104.024617508266 103.12556982 103 102.85774992 101.708692288902 99.83985622 98.7684278199997 97.6591355282212 96.1729687460706 94.5541426199997 93.4827142199997 92.4112858199999 92 91.9085806224691 91.1723828118227 90.890728793885 90.047377840407 90 90 90 90 89.9621364081328 89.8750369 89.8750369 89.4223948547432 88.9264327509646 88.8750369 88.2348873976192 87.8996550080885 87.1098824262031 86.0541462200001 85 84.9112894199996 83.8398610199999 83 83 83 83 83 82.41129062 81.3398622199997 80.2684338199999 80 79.1255770199996 79 78.984879554876 78.2025860308322 79.0200111634602 79.327591002248 80 80.3744217800001 81
117.090958558256 117.511797419494 117.785566 116.535549730984 113.328501958397 109.788178395558 106.81319931432 105.26842662 104.19699822 103.297300474695 103.010632914686 101.98271302 100.91128462 99.83985622 98.7684278199997 97.3939988399996 95.62557102 94.4665800203553 93.3879132502626 92.4112858199999 91.8703536084998 91.2157118421187 91 90.1255722199996 90 90 89.9825775247882 89.8036085 89.8036085 89.5601165870672 89 88.9124378716952 88.8036085 88.3305147095418 88 87.8563261492209 87.1583133013976 87 86.0541462200001 85.1929974267465 84.9112894199996 83.8713109544906 83.1054357697814 82.8036085 82.8771422263464 83 83 82.41129062 81.3398622199997 80.2684338199999 80 79.2973062606764 79.1963915 79 79 79.1915860431509 80.1963915 80.1368861756117 80.3008885249932 80.8911696856255
117.730969060001 119.954976087804 121.836480324246 121.566790061693 118.122146474083 112.859876799999 108.162879779998 105.875956410526 104.51757816358 104.033630096635 103.05414142 101.98271302 100.91128462 99.7969665288548 98.5006079199997 97.2073285250352 95.5252914880192 93.9598748189253 92.8614605741289 92.3011352928161 91.3398574199996 91 90.7849407863483 90.0919414805965 90 89.9953708455128 89.667226221432 89 89 88.9188510577321 88.7321801 88.4057339561579 88 88 88 87.2684314199998 87 87 86.0541462200001 85.9827178199998 84.9350478786642 84.2249314943903 83.5988835925545 82.1866716004999 82.37442418 83.1194081933904 83.1292817596645 82.41129062 81.5166602542256 80.5362537199999 80.0527619718838 80.2341878750614 80.2678199 79.2678199 79.2440620841031 79.2773853971579 80.7941978097871 80.7781542767321 80.2678199 80.8330776306229
118.202462142589 120.909008940001 124.250319349132 125.89338852 121.893720175674 115.7349137 111.037916679998 107.96716481451 105.73324474 104.46481812 103.072508804695 101.98271302 100.881188078151 99.3947926451206 97.7684278199997 96.5942069883357 95.0389181349356 93.5541426199997 92.4827142199997 92 91.3398574199996 91 90.1970006199999 90 90 89.649330884381 89 88.9456723090753 88.6607516999999 88.4605451374678 88 88 88 88 88 87.5166148170983 87.0668329396298 87 86.3750255069137 86.3219661199999 85.3392483000001 85.17910932 84.1862397600004 83.3755008199998 82.9258980134562 83.6338461501846 83.4827190199998 82.6110092763591 82.1152976803691 81.5166164029025 80.53625372 81.2136712800004 81.3392483000001 80.3333861640106 79.9413859192609 79.49938488 80.4922552541956 81 81.2540439046961 82.1164352131412
116.873370340001 120.087655540001 123.36883163297 124.91143342 121.890878728133 116.887512582309 112.630526241906 109.21595656 106.80467314 105.177138419297 103.496724920301 101.98271302 100.822569239999 98.83985622 97.6733265213054 96.1077574182922 94.62557102 93.5541426199997 92.4827142199997 92 91.3398574199996 91 90.1970006199999 90 90 89 89 88.8398586200001 88 88 87.8462317277333 87.5893233 87.5893233 87.5893233 87.8604274906599 88 87.5267751698563 87.4106767 87.4106767 87.4004919086511 86.7849220317504 86.2505377199999 85.4106767 85.1076809199997 84.4106767 84.4106767 83.8933957199998 83.4106767 82.7505389199997 82.4106767 81.6076821199999 82.2850996800004 82.0222375765711 81.8040736199999 80.7849230173745 80.6365776422236 81.6311567163559 81.1244323214204 82.3132865610189 83.1924029393829
114.618870253952 117.316614358027 119.82044236 120.840671093823 119.251207429747 115.964746745672 112.855719221596 109.80527986 107.39399644 105.251139639999 104.05414142 101.98271302 100.822569239999 98.83985622 97.6484977689957 96.0330263950787 94.62557102 93.5541426199997 92.4827142199997 92 91.3398574199996 91 90.1970006199999 90 90 89 88.9572310199056 88.4349584960191 87.888359028056 87.5178949 87.3239812837936 87 87 87.2838209515681 87.8239883325073 88 88 88.4215649352676 88.4821051 88.4821051 88.3933945199996 87.3219661199999 86.4821051 86.1791093199997 85.4821051 85.2671572973337 84.7321028185909 84.4821051 83.8219673199997 83.4821051 82.6791105199999 82.934964301785 82.51014839414 82.9910508900648 82.3506302540097 81.3974758219143 83.0189751399996 81.6390238262359 83.3037759896895 84.5904047399995
111.930732947779 114.49893896 116.434535447719 117.3393995 116.591159476784 114.452657609035 112.126176539999 109.656696733538 107.39399644 105.735166038041 104.084110509708 101.98271302 100.822569239999 98.83985622 97.7684278199997 96.3939988399996 94.62557102 93.5541426199997 92.4827142199997 92 91.3398574199996 91 90.1970006199999 90 90 89 88.9112870199996 88 87.7684302199997 87 87 87 87.2863336798233 87.8163735879254 88 88.4049477165776 88.5535335000001 88.94393513892 89.5235617533316 89.5535335000001 89.4648229199997 88.4820368100859 87.9788866976628 87.2505377199998 86.5535335000001 86.3544752590914 85.8207346486572 85.5535335000001 84.8933957199997 84.1485871119029 83.6414898203485 83.0695110874 83.5235604248513 83.5535335000001 83.523425988062 83.4286208551838 84.0904035399997 82.5535335000001 83.6367106232811 84.8015591506106
111.030235060984 112.791678741914 114.12450758 114.7500762 114.23278802 112.940568472398 111.054748139999 109.369096829554 107.39399644 106.12556982 104.10828284 101.98271302 100.822569239999 98.83985622 97.7684278199997 96.3939988399996 94.62557102 93.5541426199997 92.8059981239117 92.2570379675102 91.3398574199996 91 90.6988446382236 90.0784778531981 90 89 88.9112870199996 88 87.7684302199997 87 87 87.2786423754255 87.8189628759968 88.3679224325812 88.6249619 88.899327990263 89.5018425183151 89.6249619 89.979693104529 90.6249619 90.5362513199996 89.6249619 89.3933945199998 88.3219661199997 87.6249619 87.3463210244831 86.8059999240946 86.2570409673274 85.7524231812505 84.8933957199999 84.6249619 83.7505389199996 84.5708132800001 85.2283253917191 84.144147412719 85.5248826387038 84.5368700399996 83.1893593184524 84.6078048070305 85.5254342443915
111.070308288762 111.60661268 112.417290698952 112.6072194 112.08993122 111.01850282 109.746648000665 108.57203632 107.256808790475 105.51662512462 104.070579280284 101.98271302 100.822569239999 98.83985622 97.7684278199997 96.3939988399996 94.6255710199999 93.8646333746153 93.3361575004799 92.4112858199999 91.3398574199996 91 91 90.1255722199996 90 89 88.9112870199996 88 87.9296931685651 87.6963903 87.6963903 87.8317561967214 88.3602311281833 88.8751289069123 89.4597152179925 89.6963903 89.9401879721988 90.6089413527061 90.6963903 91.708425442515 92.3040700199996 91.1697421353521 89.9296938972283 89.3933945199997 88.6963903 88.5610251319419 88.0325511431534 87.10768092 86.6963903 85.9648241199999 85.6963903 84.8219673199996 84.9835599537264 85.9774739111779 84.7502556278349 85.3665082419743 85.3945199458915 84.6957739800003 86.5160459400004 87.1905944993941
110.409988592969 111.0703516258 110.944685884569 110.4643626 109.94707442 108.87564602 107.804217619999 107.294504941586 106.42917952 105.154724784048 104.05414142 101.98271302 100.822569239999 98.83985622 97.7684278199997 96.3939988399996 94.9130645926659 94.4254810661028 93.4827142199997 92.4112858199999 91.8467272375902 91.2061048211787 91 90.1255722199996 90 89 88.9112870199996 88 88 88 88.2874917299011 88.7678187000001 89.2851020800002 89.7678187000001 90.4279588800004 90.7678187000001 90.7678187000001 91.6422440800005 91.7678187000001 92.0172821800002 92.9112894199996 91.8026797434428 90.7678187000001 90.6974687459051 90.248147512864 89.7678187000001 89.2505377199999 88.1791093200001 87.7678187000001 87.03625252 86.7678187000001 85.8933957199997 85.7678187000001 86.0092556964318 86.5356374000002 86.5728181193221 87.0696534857278 87.9089802137198 87.7964386068863 87.9216270768069
110.037226285301 110.1607529 109.78632152 109.1607529 108.64346472 107.57203632 106.50060792 106.1607529 105.35775112 105.020185712717 103.260332349725 101.98271302 100.822569239999 98.83985622 97.7684278199997 96.6482911980631 95.210770228758 94.0890800331785 93.4827142199997 92.4112858199999 92 91.26842902 91 90.1255722199995 90 89 88.9112870199996 88 88 88.2542903438706 88.8994372585721 89 89.5172833800001 90.4940746541009 90.9453665483416 91.6139668092162 91.8392471 92.7136724800004 92.8392471 92.8420252605533 92.9857395170042 92.8135042945619 92.4841519478802 91.8392471 91.7790573272349 91.3043137152072 90.3219661199998 89.7446103599078 89.1244754825343 88.721645715023 88.0045833274192 87.6986810701383 86.8846911723039 87.6812719747464 87.8392471 87.8392471 88.1080368220737 88.6970066199997 88.3142323930419 88.4650686294003
110 110 109.284583135803 107.683290921918 106.66136082 105.58993242 104.51850402 104.178649 104.106921267502 103.293002358613 103.009672310542 101.98271302 100.822569239999 98.83985622 97.7684278199997 96.4210642153078 94.6814498385759 94 93.4827142199997 92.4112858199999 92 91.26842902 91 90.1255722199995 90 89 88.992075757418 88.7648386686979 88.2108849251866 88.9377406609295 89 89.4060292068393 90.4279588800001 90.9632618853926 91.6011734884919 92.6422440800002 92.9106755 93.7851008800005 93.9106755 93.9264139579128 94.7405644482029 93.9106755 93.8899908595652 93.5454201665504 92.9106755 92.4648229199998 91.3933945199998 90.9106755 90.2505377199997 89.9106755 89.10768092 88.9106755 88.8261877984073 88.9106755 88.9106755 88.9106755 88.931359926056 88.9729352678282 88.9441205382876 88.9601746555966
109.245326398159 109.70241959163 108.63676385858 107.116259591208 105.50060792 104.42917952 102.709420160576 102.0357922 102.0357922 102.020143310056 102.0178961 101.98271302 100.909696960688 99.6646822891014 97.7684278199997 96.3939988399996 94.9932991815311 94.544225628258 93.4827142199997 92.9894643121633 92.3337752976256 91.9869077325849 91.1934750772043 90.9843511530064 90.053174856783 89.9651286465721 89 88.9971340938494 88.9862480959399 89.2975756942713 89.9821039000001 90.4279588800004 91.4993872800002 91.9821039000001 92.6422440800005 93.7136724800003 94.7707303657465 94.9798566040431 95.9110305861679 95.9645170836217 95.9805163265894 95.9642078000002 95.7367845729892 94.6791081199998 93.9821039000001 93.5362513199998 92.972846587854 92.3860340219355 91.9702900082755 91.2457338015139 90.9677334286971 90.1054335810921 89.9821039000001 89.9990744393294 90.8770871504599 89.9821039000001 89.9821039000001 89.9821039000001 89.9821039000001 89.9821039000001
