catData/variables/futureClimate2070/rcp45/IPSL_CM5A_LR_2070_rcp45/bio11.asc
NCOLS 409 
NROWS 350 
XLLCORNER 60.897278365 
YLLCORNER 5.843756025 
CELLSIZE 0.0892857 
NODATA_value -9999 
[rows 78 to 103 of 350, columns 0 to 58 of 409]
-9999 -9999 -9999 -9999 -9999 -9999 -9999 -9999 -9999 -9999 -9999 -9999 -9999 -9999 -9999 -9999 -9999 -9999 -9999 -9999 -9999 -9999 -9999 -9999 -9999 -9999 -9999 -9999 -9999 -9999 -9999 -9999 -9999 -9999 -9999 -9999 -9999 -9999 -9999 -9999 -9999 -9999 -9999 -9999 -9999 -9999 -9999 -9999 -9999 -9999 -9999 -9999 -9999 -9999 -9999 -9999 -9999 -9999 -9999
-9999 -9999 -9999 -9999 -9999 -9999 -9999 -9999 -9999 -9999 -9999 -9999 -9999 -9999 -9999 -9999 -9999 -9999 -9999 -9999 -9999 -9999 -9999 -9999 -9999 -9999 -9999 -9999 -9999 -9999 -9999 -9999 -9999 -9999 -9999 -9999 -9999 -9999 -9999 -9999 -9999 -9999 -9999 -9999 -9999 -9999 -9999 -9999 -9999 -9999 -9999 -9999 -9999 -9999 -9999 -9999 -9999 -9999 -9999
-9999 -9999 -9999 -9999 -9999 -9999 -9999 -9999 -9999 -9999 -9999 -9999 -9999 -9999 -9999 -9999 -9999 -9999 -9999 -9999 -9999 -9999 -9999 -9999 -9999 -9999 -9999 -9999 -9999 -9999 -9999 -9999 -9999 -9999 -9999 -9999 -9999 -9999 -9999 -9999 -9999 -9999 -9999 -9999 -9999 -9999 -9999 -9999 -9999 -9999 -9999 -9999 -9999 -9999 -9999 -9999 -9999 -9999 -9999
13.0373671077315 14.1593325694332 -9999 -9999 -9999 -9999 -9999 -9999 -9999 -9999 -9999 -9999 -9999 -9999 -9999 -9999 -9999 -9999 -9999 -9999 -9999 -9999 -9999 -9999 -9999 -9999 -9999 -9999 -9999 -9999 -9999 -9999 -9999 -9999 -9999 -9999 -9999 -9999 -9999 -9999 -9999 -9999 -9999 -9999 -9999 -9999 -9999 -9999 -9999 -9999 -9999 -9999 -9999 -9999 -9999 -9999 -9999 -9999 12.3973509550334
11.93651920027 12.8680107207972 13.6171384208173 14.6003298806247 15.032093748 -9999 -9999 -9999 -9999 -9999 -9999 -9999 -9999 -9999 -9999 -9999 -9999 -9999 -9999 -9999 -9999 -9999 -9999 -9999 -9999 -9999 -9999 -9999 -9999 -9999 -9999 -9999 -9999 -9999 -9999 -9999 -9999 -9999 -9999 -9999 -9999 -9999 -9999 -9999 -9999 -9999 -9999 -9999 -9999 -9999 -9999 -9999 -9999 -9999 -9999 15.67678307 15.5778343329125 14.7196979345005 13.4412353022162
-9999 -9999 11.0658163005039 13.1789526413416 14.4511952491422 14.8937062297554 15.155310678 15.2830162413902 15.4 -9999 -9999 -9999 -9999 -9999 -9999 -9999 -9999 -9999 -9999 -9999 -9999 -9999 -9999 -9999 -9999 -9999 -9999 -9999 -9999 -9999 -9999 -9999 -9999 -9999 -9999 -9999 -9999 -9999 -9999 -9999 -9999 -9999 -9999 -9999 -9999 -9999 -9999 -9999 -9999 -9999 -9999 15.428516208 15.579076554838 15.726727798 15.7784637442223 15.78392591 15.703621412 15.0296254525617 14.4813203762856
-9999 -9999 -9999 10.3053895112588 13.043024897539 14.2835222354743 14.9832125927948 15.2054132910002 15.2178625 15.173271482 15.0190152641926 -9999 -9999 -9999 -9999 -9999 -9999 -9999 -9999 -9999 -9999 -9999 -9999 -9999 -9999 -9999 -9999 -9999 -9999 -9999 -9999 -9999 -9999 -9999 -9999 -9999 -9999 -9999 -9999 10.1376416177798 10.7469887130592 11.7549320979092 12.7832897623497 14.0709739549494 14.6491522055381 14.7841803612103 -9999 15.0835681914001 15.114230528 15.2489714048049 15.4229294840926 15.535659048 15.6474223038876 15.758875978 15.8 15.8 15.7928278045224 15.4178489768746 14.6413459170906
-9999 -9999 -9999 10.8813666730785 10.887827500397 12.6844255206749 14.1993244718477 14.9262070572187 15.1632215489602 15.057197392 14.8475120494898 14.644700122 14.5387379820195 14.5040567867156 -9999 -9999 -9999 -9999 -9999 -9999 -9999 -9999 -9999 -9999 -9999 -9999 -9999 11.0279956120156 10.3378924252852 10.0315845505657 9.91425465078674 9.70730155815473 -9999 -9999 -9999 -9999 -9999 9.55353258800002 10.2177149222286 10.9013392596594 11.3829530137408 12.8238627630998 13.8431923698947 14.4318651598377 14.6889873449891 14.801733258 14.917752196 15.1157324537109 15.2441209184461 15.4272697688188 15.535659048 15.642801888 15.749944728 15.857087568 15.89821159 15.8263583624078 15.8 15.3643272269374 14.0805743970119
-9999 -9999 -9999 -9999 9.49588883792756 10.0857452768877 12.4674948742586 14.122449098219 14.8400814619092 14.9363788568451 14.7259650827871 14.460828884 14.3160977119485 14.2146917603163 14.18929114 14.184608794948 14.0842810085802 13.9558300857875 13.2362956675338 12.8242679754768 12.6762125948911 12.8226427517765 13.0186962825066 13.0150143419778 12.7580923956377 12.3226315674601 11.6663525481957 10.7122574463971 9.80575004599988 10.1041582888054 10.0800817225691 9.36388188425213 9.34378599460954 9.38558265599999 9.59862814195962 9.68920280640819 9.85312588400005 10.2786886388629 10.7870812234185 11.9274945923618 12.6622218700001 13.5441585469246 14.2025782590172 14.562342734 14.694590418 14.803466516 15.008876098 15.116018938 15.246323556 15.430304618 15.5354423600746 15.639235868 15.749148722661 15.8063049460577 15.8731927466034 15.8936022607067 15.6268784053386 14.8395287534995 12.6699572186038
-9999 -9999 -9999 -9999 -9999 10.20871886452 11.6225702362588 13.218209358343 14.1512999884263 14.515387869576 14.343075488 14.0469734838323 13.9667548200834 13.9533648900829 13.9600468799175 13.885988751918 13.662181104163 13.2900527518378 12.6617710040805 11.9544509064005 11.696357276 12.024282109525 12.6450158594491 13.1183967157653 13.0624504777667 12.7034935660773 12.2531377399231 11.5936324638473 10.8402871154686 11.4104865525281 11.4888329301499 10.630969257851 10.2768892862221 10.4530071361471 10.6260347979269 10.6859578519274 10.9011545843608 11.5297033021435 11.9961587 12.6496253360001 13.2593365200704 13.7816607900698 14.2236803220694 14.5514141740689 14.6939143679316 14.803466516 15.008876098 15.116018938 15.2434289660666 15.417807348 15.5015424598032 15.5751574079349 15.7344928560647 15.9133149362568 15.9420032602549 15.6963881960633 14.9600472560627 13.553921146623 11.8142595567629
-9999 -9999 -9999 -9999 -9999 11.3472697831322 11.8590060519142 13.1317774760001 13.6423785612956 13.8595263550735 13.9463480143291 13.8312035582516 13.7343617523459 13.6215666835178 13.696077251151 13.6509405308637 13.262716078 12.5162071482515 12.1643178131509 11.446222136784 10.618812079956 10.8548260454969 12.2338771343753 13.3688670335473 13.6369873614822 13.3858215202306 12.9734035779999 12.5147774531446 12.316096122 12.4025973454088 12.228659344 11.753653884 11.548244542 11.4602670641803 11.5185359801866 11.65712088 11.7547544358407 12.007021736 12.3561865653082 12.956003904063 13.4837163420001 13.8979186247547 14.2409142140001 14.474895156 14.6706031738553 14.7838264060001 14.9909792634109 15.1223112120881 15.262441998 15.3755366983103 15.5565532601132 15.791305538847 15.8711303567421 15.6291342055722 15.2928060373313 14.9684283884361 14.0963312910312 12.2358051935051 11.9423703579328
-9999 -9999 -9999 -9999 -9999 -9999 12.5652250196125 13.4182843024761 13.8600621987896 13.7903780198891 13.8743317140364 14.023456631413 13.8778976472638 13.78748065 13.9265829796157 13.6109054679999 13.182334108 12.6297965918183 12.6987337807627 12.4618620117057 11.0503700737898 10.3758266743073 12.0962567738732 13.6667555224474 14.1080604280842 14.016161834 13.7052013891473 13.4607513528394 13.2909425377895 13.0858020639999 12.8968505526368 12.5835493720973 12.3541987071683 12.303499828 12.4044391963001 12.4606977 12.478086201537 12.6082555374973 12.8475477097108 13.1733019839712 13.5554954794109 13.9122976585604 14.1978982583477 14.421329256 14.5916927267155 14.757032416 14.9689408151107 15.1662590756899 15.4025822354209 15.5443762946267 15.6136748203331 15.4992404639091 15.2356513124199 14.6047412939959 14.4324917429534 14.4091575485935 13.372274403094 12.677073121497 11.8997200238428
-9999 -9999 -9999 -9999 -9999 -9999 -9999 14.3066909053707 14.5229985697729 14.4579788993766 14.40355474 14.4235291249224 14.4811024181792 14.50355474 14.5566157783823 14.3088390515485 13.9893148562438 14.104743925687 14.0419229064229 13.6542955445495 13.1017568970583 12.9076354801865 13.5888070475584 14.3141430531855 14.6222204401938 14.5718503375005 14.371516144 14.1807509354052 13.894788226 13.6904748870942 13.575038292 13.2650165588911 13.00355474 13.008704652624 13.0278452624136 12.9914962075151 12.9431083093833 13.0204212917183 13.1854025371802 13.3584318019214 13.6222871829771 13.9696042101245 14.175400334774 14.376672526 14.6213675308584 14.9028784945308 15.0719390216323 15.1427328067339 15.1895414728482 15.0373691272442 14.681400023537 14.5344495511781 14.5719808730332 14.7930878793731 14.8345851533345 14.3845503690928 13.1308474591835 11.8394869814989 10.9378503134468
-9999 -9999 -9999 -9999 -9999 -9999 -9999 14.9767272854004 14.7934809900126 14.6946368087826 14.9048077901802 15.023151218 15.06427452 15.09432130632 15.0723628971489 15.0127401813822 14.9495994379133 14.944678042 14.8395950909264 14.7507367450131 14.6612673520377 14.8015980634313 15.1179606787005 15.2627921311072 15.253609532 15.1222869373069 14.932235924 14.644788106 14.3563397402864 14.1819817111825 13.9919896873028 13.7615194478796 13.6016977595892 13.5548341989419 13.472668808527 13.333969662 13.2796537765351 13.3578987798676 13.4536930784027 13.599889696 13.825968188681 14.119485694 14.360609476 14.5389816337472 14.4592868440806 14.4060623967401 14.2736413749249 13.6152280170172 13.9085092487154 13.8140291484687 13.7658550578522 14.4981516824895 14.989069812 15.1579577024363 14.9158991519051 14.1075894502447 12.1299230150578 10.8217550118163 10.2436564526575
-9999 -9999 -9999 -9999 -9999 -9999 -9999 -9999 15.036660115306 14.826231968937 15.1266828605705 15.3638588111865 15.476463399757 15.5307356000792 15.5030455180845 15.49284588 15.447242217588 15.4919480025757 15.449933928 15.5487805469032 15.623597943067 15.7991745175385 15.94105735 15.896466572 15.789323732 15.623304434 15.409018754 15.121570936 14.841731183623 14.617950244 14.4002809994089 14.287535322 14.180392482 14.0815457388043 13.994733314 13.810752492 13.7423968766261 13.7231366561493 13.6714815179855 13.7091937256436 13.817807588 14.0007293709886 14.0998267819917 13.9452201810008 13.4518938260062 12.7322420843214 12.3935027592711 10.9897038171654 11.6605015288625 13.7912754927098 14.6243968881851 15.0641500098568 15.2249545130792 15.289335492 14.9204789127311 13.6948700436056 11.4931215648092 10.2705695592458 9.92077543128944
-9999 -9999 -9999 -9999 -9999 -9999 -9999 -9999 -9999 15.3580220369924 15.224426515074 15.3757487438574 15.7202992071753 15.8512071495215 15.9105153293179 15.8730109708857 15.771472032 15.8670226287071 15.9352073865035 16.0839235297001 16.1420991398074 16.2577888958927 16.36606293 16.321472152 16.214329312 16.048310014 15.834024334 15.5870749126712 15.3249545724675 15.101875914 14.982180892 14.8740784861432 14.712540902 14.5965307565504 14.381275368262 14.0529200969576 13.8657401623224 13.6399809627296 13.4428584175684 13.335283615772 13.378538888 13.2426921450752 13.1889934992344 12.7054586965864 12.2252853916301 11.54563587409 12.2252168040706 12.4207819483892 13.0686119141534 14.9262209440797 15.4309376840116 15.52141724 15.573150378 15.464770087867 14.9592414019999 13.3417789961773 11.3060424915334 9.98138075512635 9.23658741112266
-9999 -9999 -9999 -9999 -9999 -9999 -9999 -9999 -9999 -9999 15.6206480573402 15.463194365623 15.6190603426137 15.8771197302445 16.0679965405513 16.176509573941 16.092900552 16.1903087248385 16.3621941477325 16.4774797703034 16.4249943 16.485604496 16.6483981939838 16.642900672 16.5034257951581 16.3440374922709 16.155452854 15.941167174 15.7770698165581 15.575092964 15.455397942 15.346521604 15.1300173454513 14.8629213548897 14.3927415577349 13.8329591614384 13.4674570740281 12.9172770743212 12.4444008203026 12.3758446651112 12.6685848268275 12.5588770634077 12.605498610565 12.7139920659343 12.5003165614231 12.4774012460352 13.440360774 14.7431116242897 15.4435432134428 15.7352159408632 15.824938908 15.9153591154265 15.9047265274333 15.5901974297153 14.8388475731451 13.2147986308566 11.480265426287 10.1365532379972 9.27805433171975
-9999 -9999 -9999 -9999 -9999 -9999 -9999 -9999 -9999 -9999 -9999 15.9660583477986 15.8815910070163 15.9961465485541 16.199890416 16.414176096 16.4105621739081 16.4415400810302 16.5846982160316 16.723260562 16.63927998 16.699890176 16.876727918 16.894689202 16.735812744 16.580403522 16.4532172165252 16.313545799587 16.1423306033513 15.934024334 15.814329312 15.635812984 15.4064694851044 14.9449210841708 14.1450759310189 13.4431796455157 12.6399581725726 11.9770905750207 11.7913892635952 12.181635615638 12.9621979015573 12.978536237098 13.1040136175128 13.59435781 13.467939084 14.1598275607917 15.0767359464041 15.6719589550722 15.922983806234 15.9907441229447 16.076727438 16.1528175989318 16.066173714 15.5522564244251 14.2787033522265 12.3479047054249 10.7007771679998 9.95810623782304 9.85051968600146
-9999 -9999 -9999 -9999 -9999 -9999 -9999 -9999 -9999 -9999 -9999 -9999 -9999 16.3596870123237 16.506081136982 16.6380995122876 16.65356566 16.6539681848988 16.6877202982045 16.8085809069799 16.8713502971843 16.9676895741213 17.062260011427 17.0664301132674 16.950098424 16.794689202 16.7382378473505 16.6010103919551 16.392955704 16.2458149334336 16.063128447872 15.8487676351776 15.5344619744832 14.9312274415777 13.8718933261889 13.0899317407996 12.7749957270023 13.0420578349659 13.202062877683 13.671045864868 14.1953318255697 14.3328424168306 14.3844587426186 14.83541468 15.2174003529446 15.6022009245641 15.8433461455241 15.9805019740677 16.0177842686267 16.107087448 16.1854770699845 16.1657623072902 15.9800287265958 15.4206331580985 13.8488239136208 11.7688250449747 10.1221713679998 9.87297328662821 10.2112212171409
-9999 -9999 -9999 -9999 -9999 -9999 -9999 -9999 -9999 -9999 -9999 -9999 -9999 -9999 -9999 -9999 -9999 16.8663962887674 16.792802248 16.9133894918866 17.091013598 17.1727226814593 17.18392567 17.18392567 17.1238762195217 17.008974882 16.9124442018242 16.737601394 16.5907122048298 16.480403522 16.3580558674839 16.2305021859999 15.9136695684139 15.5650455418599 14.8545194987521 14.6992427931905 14.8827205909853 14.955252598 15.0790270257997 15.1901305078642 15.3104256704916 15.4898945410812 15.6066529894083 15.7668563970589 15.8635035696885 15.98392567 15.992801768 16.08392567 16.107087448 16.1887969343026 16.2 16.155409702 15.9013832033215 15.2051183659888 13.3616264240018 11.4519801246385 10.244866127933 10.6529596981958 10.8794610900779
-9999 -9999 -9999 -9999 -9999 -9999 -9999 -9999 -9999 -9999 -9999 -9999 -9999 -9999 -9999 -9999 -9999 -9999 17.082082108 17.1906557207167 17.284205754757 17.29106851 17.29106851 17.250460352878 17.148266382 17.0947414550414 17.025049212 16.844744234 16.710763532 16.603620692 16.5826201548398 16.4785151967994 16.2716199515183 16.2307388643131 16.055429574 15.8849821288089 15.8430664225979 15.8414621694424 15.8510316214827 15.801724855523 15.7701705255634 15.8529018756037 15.889309429644 15.978516088 15.99106851 16.0015784522351 16.0918612778053 16.1 16.123161778 16.1724020359262 16.10893149 16.0237334720068 15.3811422423301 14.2432646561748 12.8810371147218 11.1782521563363 10.881639305499 11.300647342995 11.1915071308672
-9999 -9999 -9999 -9999 -9999 -9999 -9999 -9999 -9999 -9999 -9999 -9999 -9999 -9999 -9999 -9999 -9999 -9999 -9999 17.3967092313201 17.39821135 17.39821135 17.39821135 17.353620572 17.246477732 17.19821135 17.0673536081736 16.9255292474187 16.739037768989 16.612552182 16.6 16.498235495788 16.39821135 16.382192172 16.274635044565 16.166117842 16.0596448102503 15.99821135 15.9474033010656 15.8989469105267 15.89821135 15.971373248 15.99821135 15.9997754811039 16 16.0982423519192 16.1087173356731 16.1824789347345 16.1004142831422 16.071484032 15.9650109959575 15.5954330358257 14.3386091526371 13.5116685130145 13.1640364452947 12.0329321220168 11.2132138096312 11.4480007020001 11.1232344124376
-9999 -9999 -9999 -9999 -9999 -9999 -9999 -9999 -9999 -9999 -9999 -9999 -9999 -9999 -9999 -9999 -9999 -9999 -9999 -9999 17.5012401513016 17.50535419 17.467906252 17.4029667150234 17.3510362982016 17.246477732 17.139334892 16.9629471538766 16.8261037208984 16.717906372 16.6056989684484 16.5052613752234 16.491123662 16.4 16.376837982 16.2713177216765 16.167906492 16.10535419 16.0563907153515 16.01070838 16.01070838 16.01070838 16.0867134497485 16.10535419 16.10535419 16.1 16.0995247568485 16.078626872 15.9702439063985 15.8541193015205 15.6548716518455 14.8050241549351 13.2482227539882 12.4035553415383 12.3801579098059 11.8701130122353 10.8519309137954 11.195224704506 11.4083355308117
-9999 -9999 -9999 -9999 -9999 -9999 -9999 -9999 -9999 -9999 -9999 -9999 -9999 -9999 -9999 -9999 -9999 -9999 -9999 -9999 -9999 17.58750297 17.5594147920925 17.467906252 17.41249703 17.353620572 17.246477732 17.139334892 16.951887074 16.825049212 16.623315714 16.598266502 16.4922329406228 16.4104951085196 16.3797325463381 16.31249703 16.275049332 16.21249703 16.21249703 16.2051392513737 16.2 16.2 16.2 16.2 16.2 16.0997833942278 16.0797361206299 15.9819791705125 15.8324958109644 15.5136446991886 14.956619731758 14.198885718918 12.6761244802065 12.0231225266335 12.6216008129823 11.6293960887901 10.1560177659998 10.6870230594877 11.6040277503131
-9999 -9999 -9999 -9999 -9999 -9999 -9999 -9999 -9999 -9999 -9999 -9999 -9999 -9999 -9999 -9999 -9999 -9999 -9999 -9999 -9999 17.46072026 17.498168198 17.5248870528312 17.4905205453215 17.441123542 17.3469468063021 17.2321087832076 17.0551618372827 16.932192052 16.7490360362633 16.617906372 16.517896568756 16.4871269677343 16.41963987 16.41963987 16.382192172 16.31963987 16.3094795018142 16.2526869946761 16.21963987 16.21963987 16.203868123853 16.2 16.2 16.117566202382 15.9965134917835 15.928682384 15.6039708821999 14.8296209108417 13.8775617420695 12.9609469505597 12.0019419927017 11.8247987938384 12.5424918560001 12.1506429170421 10.9545398910566 10.944257526505 11.3754001680321
-9999 -9999 -9999 -9999 -9999 -9999 -9999 -9999 -9999 -9999 -9999 -9999 -9999 -9999 -9999 -9999 -9999 -9999 -9999 -9999 -9999 17.2277683965126 17.2738529453645 17.3315944887585 17.398168198 17.4190955440088 17.3823182428726 17.2464878172503 17.119695022 17.012552182 16.905409342 16.725049212 16.617906372 16.52678271 16.5205792938889 16.5 16.472581810357 16.41484015552 16.3621222226029 16.32678271 16.32678271 16.3071879710282 16.219695262 16.2 16.1746661226593 15.9818075905362 15.7459579331733 15.5547413197423 14.9585766371626 13.6745757420444 12.6520168202355 11.8956469324028 11.6898579142711 11.956976064 12.4363900845779 12.1467096133867 11.4383199100814 11.7912090638786 12.0312878771867
