catData/variables/futureClimate2070/rcp45/IPSL_CM5A_LR_2070_rcp45/bio16.asc
NCOLS 409 
NROWS 350 
XLLCORNER 60.897278365 
YLLCORNER 5.843756025 
CELLSIZE 0.0892857 
NODATA_value -9999 
[rows 100 to 124 of 350, columns 0 to 55 of 409]
-9999 -9999 -9999 -9999 -9999 -9999 -9999 -9999 -9999 -9999 -9999 -9999 -9999 -9999 -9999 -9999 -9999 -9999 -9999 -9999 37.8219193199998 36.766716845266 36.1070838 36.083209050234 36.0535419 36.0535419 36.6783868934843 37 37.0429968110158 37.9748413032659 39.0023447444843 39.0699487322345 40.0047525600156 40.2051567077345 41 41.30304858 42.3744769800001 43.4459053800002 44 44.5572387342348 45.6066486800002 46.7172493502652 47 47.8276546852348 47.9971036070151 49.0346651600005 51.0047524315151 51.205154436235 52.4756368160154 54.3890394165299 56.32414960103 62.6312413289426 73.8826816050738 80.8983908364116 81.9293045409705 86.4784763888232
-9999 -9999 -9999 -9999 -9999 -9999 -9999 -9999 -9999 -9999 -9999 -9999 -9999 -9999 -9999 -9999 -9999 -9999 -9999 -9999 -9999 38.2120682281141 38.1249703 37.7347877490388 37.2499406000001 37.2499406000001 37.2499406000001 37.2499406000001 38.0529903800002 39.7803293590041 40 40.0021663576511 40.2026408937724 41 41.0289456433807 41.3901468080429 42.3744769800001 43.4459053800002 44 44 44.6601905800002 46.3718073165837 46.9753867719928 47 48.0641141091458 49.0346651600005 51.08876098 52.0400378297508 52.9447939400007 56.2726944560854 60.5908208012104 66.6059346091829 77.8891581334516 83.4836612599997 80.6820524952664 87.6485210495367
-9999 -9999 -9999 -9999 -9999 -9999 -9999 -9999 -9999 -9999 -9999 -9999 -9999 -9999 -9999 -9999 -9999 -9999 -9999 -9999 -9999 40.0897464199999 39.3927973999999 39.305221691688 39.094794546785 39 39 39.1436894879242 39.8417305471728 40 40 40.0173349800002 41 41 41.1861302777544 41.8631196471489 42.448023772052 43.5547288430452 44 44 44.6601905800002 45.73161898 46.8030473800002 47 48.8918083599999 49.0346651600005 51.1061935210827 52.51677746 55.1641886253342 60.3121037315836 67.3889103600001 74.7137596288049 82.6336758054888 85.0721865708083 80.8287192003064 84.7619542495788
-9999 -9999 -9999 -9999 -9999 -9999 -9999 -9999 -9999 -9999 -9999 -9999 -9999 -9999 -9999 -9999 -9999 -9999 -9999 -9999 -9999 42.50043032 41.7031855736449 41.0897464199999 40.1568746688145 39.6457941899559 39.3588366287262 39.8035004474966 40 40 40 40.2805193025782 41 41 41.0620341611109 41.57087568 42.91648597643 44 44 44 44.6601905800002 45.73161898 46.8030473800002 47.2342083121777 48.9062966865927 50.1106156946376 52.4928848641336 54.5203963312887 58.8352826833503 67.8446689195555 76.0276957784302 82.0619734959715 84.4987641270224 84.0332718444739 81.9755016085179 84.8731676391998
-9999 -9999 -9999 -9999 -9999 -9999 -9999 -9999 -9999 -9999 -9999 -9999 -9999 -9999 -9999 -9999 -9999 -9999 -9999 -9999 -9999 45.37546002 44.30403162 43.2326032199999 42.503001855586 41.9502325419702 41.0183180199999 40.6785110000001 40.6785110000001 40.6785110000001 40.6785110000001 41.3392555 41.3392555 41.3936014424198 41.8315527600242 42.5394931824678 43.3744769800001 44 44 44 44.6601905800002 45.73161898 47.0754856204259 48.2137312800001 49.606062875538 53.397133413095 56.8576099319513 59.6059146564133 66.0746905657646 74.3386495366811 81.99307627825 85.1263362094119 84.2842578759877 82.8002600064562 83.7688776222003 85.7894903940313
-9999 -9999 -9999 -9999 -9999 -9999 -9999 -9999 -9999 -9999 -9999 -9999 -9999 -9999 -9999 -9999 -9999 -9999 -9999 -9999 -9999 47.9290007199999 46.8575723199999 45.7861439199997 44.7147155199999 43.9902555661036 43.4323054477788 42.9315865783381 42.4915681844554 42.4106839 42.4106839 42.4106839 42.4106839 42.5050874950416 43 43.1244571727239 43.6313692133934 44 44.2124606543721 44.8942741965098 46.4345015642756 48.3859667520406 49.8212848001937 49.8504959086421 52.4901113953372 56.5547883546555 62.1605571363024 67.8521708620487 73.9783671808026 80.2830525787524 85.5082610161391 85.5689309845438 83.5546533400001 81.7587621573863 82.6169394270079 83.9581907007582
-9999 -9999 -9999 -9999 -9999 -9999 -9999 -9999 -9999 -9999 -9999 -9999 -9999 -9999 -9999 -9999 -9999 -9999 -9999 -9999 -9999 51.1432859199999 50.07185752 49.0004291199998 47.92900072 46.8575723199999 46.1280497439683 45.23260322 44.5483349964502 44.0247402133403 43.5081914031311 43.9558671929217 43.4821123 43.4821123 43.5937792377063 44.1211697320845 44.6626522581249 45.1792010683343 46.961322594174 49.8361599487531 52.2008981420761 53.3239181941427 53.8692713193809 54.7448462175406 60.4646432791974 67.3279438099751 72.9787468578194 75.2960650382905 77.6106767406372 80.7409140183079 83.9013437242214 83.4072357436762 82.2839471473699 80.7368960766331 79.2232213543221 80.5347839599999
-9999 -9999 -9999 -9999 -9999 -9999 -9999 -9999 -9999 -9999 -9999 -9999 -9999 -9999 -9999 -9999 -9999 -9999 -9999 -9999 -9999 54.35757112 53.2861427200001 52.2147143199999 51.4296525512126 50.62539822 49.1885261357156 47.5240185091799 47.1070814000001 45.7485439561079 45.1312319104279 45.5553969539274 45.6606221000001 45.6606221000001 45.7640310834288 46.1070814000001 46.4815583800001 47.7998135561794 50.1018297891406 52.8868420107496 54.9185515357869 56.413106633935 60.6823867420098 65.6244494553947 70.0980873064891 74.448629600738 74.5019227200073 74.140522566151 76.6948533400007 80.244635329219 82.3649228496912 80.6234783337687 82.4110860626514 81.9796804792465 78.0558229854216 78.8682127138247
-9999 -9999 -9999 -9999 -9999 -9999 -9999 -9999 -9999 -9999 -9999 -9999 -9999 -9999 -9999 -9999 -9999 -9999 -9999 -9999 -9999 58.6323970217751 57.359435061087 56.40025913605 55.4998763999999 54.9111118199998 53.1794904399996 51.9511151507985 50.2441707052142 48.6724727811239 48.4998763999999 47.2781070068493 48.8194329302883 48.2499381999999 48.3946936554365 49.0643032982988 50.1083899211613 51.4593020919525 52.3922410799999 54.7883479994976 59.095621510445 64.0084370754731 67.6590316533128 69.3431950528097 69.8548668959393 70.2415169676932 69.9497685195715 72.8409843452963 78.0895454955113 80.1174042195236 77.7666759086485 79.0352456804906 84.9788955799997 82.3554117112394 77.9223569434261 80.2770565955475
-9999 -9999 -9999 -9999 -9999 -9999 -9999 -9999 -9999 -9999 -9999 -9999 -9999 -9999 -9999 -9999 -9999 -9999 -9999 -9999 -9999 64.0869294848446 63.1783850000001 63.2181566296678 63.2675775000001 63.0888271016007 58.8850485952618 53.7285942001287 50.7572975191672 50.0381087383565 50.6587269775456 51.5166574600004 53.39322412 52.2588731897749 51.3208126800002 51.9701565330189 52.4453514600002 54.6279796756062 57.7440035842303 61.516216209754 64.0773955633871 65.2975066282526 65.5180124999999 65.8615022140051 65.9108074999999 67.3450758107617 70.0863062891391 74.4925513612073 76.2432917764192 74.3919859549558 74.3284147253024 81.0598212420602 87.0640978220751 79.3120551233207 77.8562278646536 80.4681790336472
-9999 -9999 -9999 -9999 -9999 -9999 -9999 -9999 -9999 -9999 -9999 -9999 -9999 -9999 -9999 -9999 -9999 -9999 -9999 -9999 -9999 -9999 69.1266644669801 68.6833450100177 66.3439794459668 62.9718306323665 58.1391538361679 53.7598934536732 53.6281360202935 55.1820234911781 56.3206878800002 55.28490667352 54.0752558978644 52.3899634353021 52.409464153167 54.395531514729 57.163149708396 60.3701197402874 62.2075129238556 62.7258450370221 62.1896108737397 61.7588334217755 62.9297234545825 64.10664988 65.6847535566445 68.5876495400008 71.3660798858196 69.416415415393 68.4623226623069 69.6267565177001 73.9671408442473 81.3863294384142 78.8502789657457 71.5807772273963 78.4336801539137 75.6247394710726
-9999 -9999 -9999 -9999 -9999 -9999 -9999 -9999 -9999 -9999 -9999 -9999 -9999 -9999 -9999 -9999 -9999 -9999 -9999 -9999 -9999 -9999 -9999 -9999 -9999 -9999 -9999 53.3546600382739 52.5842106170628 52.7633743143578 52.9557789153369 52.6374097530109 52.4419448333902 54.0818335205689 56.6595118600002 58.0880779445043 58.7085993885682 59.9298724373255 59.2088082005999 59.203208702485 59.9301820861692 60.7747600749266 63.2800557267692 66.1815451972217 68.4095712599998 68.1109183439337 65.1544007824119 63.7522289919588 64.1398588778222 67.4849627496636 72.8422629384947 73.5633904064335 67.6460406778494 72.5063078273536 83.0802176645049 69.5954575506894
-9999 -9999 -9999 -9999 -9999 -9999 -9999 -9999 -9999 -9999 -9999 -9999 -9999 -9999 -9999 -9999 -9999 -9999 -9999 -9999 -9999 -9999 -9999 -9999 -9999 -9999 56.1915230655473 55.0897440200001 53.286992078115 52.1143105499464 52 52.015786666391 53.0073741854405 54.0429236918154 54.3093272782061 54.4195190190654 54.4241637455314 54.9021550508059 55.7821892671431 57.3035723117405 59.3507320199094 62.0641644761553 65.2305075400006 66.85205281117 63.7232969244978 61.6190287030091 61.260024008921 61.1786345999999 61.8734879400006 65.9427771468541 69.2110468440421 65.0186208688206 66.157833879331 79.2270508983072 77.3990502717764 62.3783211868313
-9999 -9999 -9999 -9999 -9999 -9999 -9999 -9999 -9999 -9999 -9999 -9999 -9999 -9999 -9999 -9999 -9999 -9999 -9999 -9999 -9999 -9999 -9999 -9999 -9999 -9999 57.3219181199999 56.25048972 54.3760115399998 53.1076329199999 52.053125748219 51.9832852274473 51.0373656792284 51.0536666999999 51.0536666999999 51.6489214485145 53.3856668987525 54.8838340032482 57.007524127743 59.1417465600003 61.9329838567341 62.985596876314 62.2544151571041 61.2283666395615 60.1106656641432 61.0170225192099 62.0692842437049 62.4922508953997 61.3951654180874 66.5919992112376 64.3379245681985 60.3027711479927 71.6940742347339 76.5276187813966 63.0268978609961 57.8036328424304
-9999 -9999 -9999 -9999 -9999 -9999 -9999 -9999 -9999 -9999 -9999 -9999 -9999 -9999 -9999 -9999 -9999 -9999 -9999 -9999 -9999 -9999 -9999 -9999 -9999 -9999 60.4650791179471 58.6438362399999 56.5009794399997 54.3581226399997 53.16117242 53.0362045199998 51.9647761199999 51.0621160878053 51.5579185313732 53.6434115905511 56.0632830091881 58.707318708908 59.8135397919144 59.8709035327362 59.9636135471159 60.0391705143797 60.0965342552015 60.98155478 62.0529831799999 63.0835647716658 64.5480723709323 62.1328083779315 62.4993152800001 61.8932633704589 57.3546992706553 61.9253795314284 73.3470119726441 65.5748569775483 60.1422236048111 62.0737178953092
-9999 -9999 -9999 -9999 -9999 -9999 -9999 -9999 -9999 -9999 -9999 -9999 -9999 -9999 -9999 -9999 -9999 -9999 -9999 -9999 -9999 -9999 -9999 -9999 -9999 64.5211438131568 62.4296782399997 60.3782506274537 58.2689325399997 56.2353574417502 55.05409342 54.1076329199998 53.03620452 52.2451220193123 53.1066522800002 54.2159520246406 55.046797601789 55.7380448568122 57.0818554960857 58.2136016800001 59.7802153992356 61.10652268 61.9772407906419 62.7808808763451 63.1116903261451 62.9547571083719 60.6303511667275 63.7507792704209 66.4041647670152 62.7879333060469 54.9520876581341 58.2430356819723 60.2282682369762 61.9063025466893 63.4173692695405 67.947648234353
-9999 -9999 -9999 -9999 -9999 -9999 -9999 -9999 -9999 -9999 -9999 -9999 -9999 -9999 -9999 -9999 -9999 -9999 -9999 -9999 -9999 65.69694902 64.6990669846583 64.0212470237335 63.3878704316081 62.4112354199999 60.6796140399997 59.26837862 57.5516164455076 56.3219181199999 55.25048972 54.9860695459324 54.1250657194075 53.2640618928824 52.8662984263576 54.3916823600001 56.2336080733074 58.4153063528724 61.027858979486 62.1611044525362 62.1514931255861 62.8933247406816 62.5690829541565 61.1928477047366 56.8458138433197 55.6003992908369 55.3745044319435 57.564394215406 59.4030339200486 56.1190342969623 56.8408126019562 58.9268978400007 62.65851442 66.5867287247621 67.5811103517115 68.1063906800001
-9999 -9999 -9999 -9999 -9999 -9999 -9999 -9999 -9999 -9999 -9999 -9999 -9999 -9999 -9999 -9999 -9999 72.2458439414024 70.8050236651961 68.6432799199999 67.6338857680016 66.7682478199999 66.0712988 65.2989083574058 64.0620126855846 63.0570238229908 61.2152634399997 59.80402802 58.9476761864134 57.6947890637848 56.3364056739835 55.2678247 55.2678247 55.2678247 55.6069978495554 57.0947807749283 58.5773609751748 59.5414520253731 59.2544970355717 58.6941499742298 57.7799320161251 58.5356972923344 59.1437771236344 57.7441296271788 56.1505140464745 55.3091004330383 53.5768472657989 53.4709167526417 55.0609179224437 57.3284032077553 59.3848921020462 62.2606068718482 66.1406243199998 70.8574132885499 73.8172916825043 75.6585750531604
-9999 -9999 -9999 -9999 -9999 -9999 -9999 -9999 -9999 -9999 -9999 -9999 -9999 -9999 -9999 -9999 -9999 74.6615907399996 72.666151433961 72.033779103499 70.1820957434099 69.2548849355769 68.3214938 67.8755860199998 66.1113135371928 63.6049713310646 61.546574155063 60.4988241411913 60.3214938 58.2758680065523 56.7322310191508 55.6607469 55.600520396337 54.9822407 55.0608185640876 55.1212553902156 54.7811389273128 54.6876101024715 53.9796671085997 53.6607469 54.9811280600004 55.9089509069838 57.3479200062241 59.72412637924 58.0923537477923 57.2922820514958 56.4385058681202 54.65963186 57.0341064400007 59.8479179920163 62.2682247021364 65.9893503517365 70.2625910943921 74.7120515200004 78.7855187132974 83.2101881127762
-9999 -9999 -9999 -9999 -9999 -9999 -9999 -9999 -9999 -9999 -9999 -9999 -9999 -9999 -9999 -9999 76.5574416612302 77.1439622399996 75.0534167563209 73.1271787799998 69.3047103399997 67.16185354 65.4603719930051 64.5006847199999 62.39458396 59.6638882017224 58.1077625199999 57.7679555 57.1083601235498 55.4005539920388 55.5671033331343 54.5821993444111 54.0375637180435 52.5893185 52.8209386800002 53.5893185 53.2148415199999 52.5893185 53.0142373255421 54.3778564409028 56.3737886600003 57.7850264799999 58.8135661270528 60.1869032398238 55.0703142674989 53.6035548399068 54.5358949724079 56.14174176 58.6113374773178 62.1411830399999 65.7299428200002 69.5697534400006 73.3937845457289 78.4910988687707 83.6725398279561 88.8901273999997
-9999 -9999 -9999 -9999 -9999 -9999 -9999 -9999 -9999 -9999 -9999 -9999 -9999 82.6399616274133 79.970956033805 77.2802639049756 76.0521556324862 75.0011054399996 72.9010435013191 71.0315757802006 67.907197201118 65.2477941623372 62.7689313399999 61.0719823199998 58.9658815599999 56.9291255199999 55.8576971199998 54.8124462793006 53.7218872382615 53.0962955120879 53.98168678 53.0268025854742 52.5147141285109 52.4048798569634 52.2316201800002 52.853897279401 52.3239521793801 52.2149753981614 54.0156009338849 56.665986117106 58.2017024309907 57.8744062668563 55.6319788479324 55.1118318816964 53.1139983177764 53.5334874768218 56.6666442071918 59.24881836 61.7432454952468 65.2093666764648 68.4621181200002 72.5169029810982 75.99832384 81.2838012413409 87.559822292324 92.7159128037777
-9999 -9999 -9999 -9999 -9999 -9999 -9999 -9999 -9999 -9999 87.7136332819024 86.5948328132052 85.3398046199999 83.1317706565791 80.4818252985281 78.7350973336361 76.66172034 74.5284604438514 73.0183108199999 71.7866882399999 69.4122088599994 66.3656739842824 63.7043674606097 61.4143417855017 59.5742605392113 58.0718503199999 57.0004219199998 55.19737214 53.32705846989 53.0936361502886 54.576578700252 54.1949620492803 53.0975721190651 52.9284805055752 52.5287371986342 52.4789111115812 53.1754003526951 54.6600585800002 55.8516680144311 54.8169496188922 52.582447886012 51.4432148657478 50.6012362861785 51.8049933166524 53.46949837176 55.7491337137369 60.9357092360489 62.8923227029167 64.6737206278096 67.3273783272987 70.1904028751873 74.5240850525436 79.4989717726217 84.0949097045414 90.7283938600013 96.4385207179448
-9999 -9999 -9999 -9999 -9999 -9999 -9999 -9999 -9999 -9999 87.5043334902506 87.0361997199999 85.9647713199999 83.4300953599999 80.0151005982747 77.4075102354065 74.0509587125381 71.2220271348345 69.4809916634005 67.7799940680339 66.0751217594677 63.8334946109024 62.2198026446733 60.2332843399997 59.2543994904105 59.1542269766395 59.1650042761476 58.243929639508 54.9638713890571 55.6709313223768 59.5401936014325 59.1009973252448 57.4946143499615 54.7747855718862 53.8735583204517 52.92801528 53.5782194279172 53.3886865522983 52.7328660200001 51.1461726835968 49.6322529444608 49.524314880412 50.4280140800002 53.4669547449131 56.3578670738906 58.9355664387004 62.46379428 63.6353357081937 65.6079889596285 68.5341052399999 72.0760182874896 77.0638386321396 82.3192589199999 86.9729277767998 92.6710261035338 99.1975215993354
-9999 -9999 -9999 -9999 -9999 -9999 -9999 -9999 -9999 -9999 88.2137336800001 88.5176425599138 88.1923516476747 85.89431396 82.4362181831959 79.1621386599999 75.00194448 70.3339681070417 66.6988363315204 63.1123402939982 59.893478510238 57.3075352024775 55.7507549199998 54.5439467330435 53.6184248183904 53.4288391999998 53.6292770236734 54.0198178081743 53.149994907392 54.0507887403911 56.3090536705207 56.8163664151304 56.4102285115656 55.0318563493476 53.4665677568261 52.8809654876521 52.3798237078695 51.5540946199998 50.8429349294565 50.6963951 50.6963951 51.205890972739 53.3143141010002 56.0655222234788 57.9130566679569 60.0105245124354 60.7577834915432 62.735538759304 65.6948533400007 69.1201784148257 73.8295502625869 80.5538790510438 86.9115680581083 90.482131796524 95.1534829136311 102.21050136
-9999 -9999 -9999 -9999 -9999 -9999 -9999 -9999 -9999 -9999 87.3522903608193 87.916422123268 87.7252629726444 85.8312395914427 83.4396222955298 80.3765582599998 76.942655223705 72.4529854322067 67.3446039281199 62.4822241359671 59.2508010200543 56.92954504 54.8736335517706 53.3219157199999 52.6477101964043 52.5356470000001 53.5494703691585 55.3646714686668 56.4557179927543 56.8099742831591 57.0587347790716 57.290160294984 56.3993377817932 54.9256144663817 54.5356470000001 54.4652862413658 54.3034705000002 53.85756512 52.9062494663723 52.5356470000001 52.5356470000001 53.2672659800001 54.0949931900678 55.3096850059351 57.1365446381521 60.0133083622398 60.877192693673 62.6035653104144 66.6405184145028 71.4458896557678 78.3734953626773 84.1199161194167 86.6005609457426 89.5578966597556 95.7002135790275 103.12131606
