catData/variables/futureClimate2070/rcp45/IPSL_CM5A_LR_2070_rcp45/bio17.asc
NCOLS 409 
NROWS 350 
XLLCORNER 60.897278365 
YLLCORNER 5.843756025 
CELLSIZE 0.0892857 
NODATA_value -9999 
[rows 270 to 296 of 350, columns 183 to 243 of 409]
4.87445178000038 5.94588018000004 7.22418929175282 8.78620482811093 8.15821571965374 5.617514367419 5.05950443518446 5.19636990000009 5.55469166928554 6.41572378152025 6.80363009999992 6.93326647401021 6.41207018177532 6.19636990000008 6.36808543730589 7.91301150985839 9.21367608000019 10.3738390600008 12.3565328800001 13.2418474761316 13.3927398000002 13.466270151662 13.055676380573 12.8084616528082 14.8469605250432 17.8508494372788 19.3915579895123 18.1589117182523 16.2264512060173 14.8683831662169 14.1963699000001 14.3738342600007 16.0676600370786 15.1611508199999 -9999 -9999 -9999 -9999 -9999 -9999 -9999 -9999 -9999 -9999 -9999 -9999 -9999 -9999 -9999 -9999 -9999 -9999 -9999 -9999 -9999 -9999 -9999 -9999 -9999 -9999 -9999
5.14225008000041 6.21367848000007 8 7.91126301999962 6.72256125648275 5.26779830000002 5.48967165533393 6 6.11940563284981 6.40633233694154 6.37793415896686 6.92796248000033 7.07187905078336 7.21504765330841 8.14224768000038 8.26779830000002 10.2851044800001 11.469030429676 13.6957595800001 14.8292077578591 15.8845430819505 16.3453647939581 15.9116417399996 14.8033949000001 15.8231998616831 17.5023397551827 18.1959186065007 17.2497327094073 16.1255530199997 14.3615530587759 15.2677983 15.4215003330413 17 16.7684110199997 -9999 -9999 -9999 -9999 -9999 -9999 -9999 -9999 -9999 -9999 -9999 -9999 -9999 -9999 -9999 -9999 -9999 -9999 -9999 -9999 -9999 -9999 -9999 -9999 -9999 -9999 -9999
5.91704108836174 6.94588018000004 7.66664483247507 7.97146692578662 7.57262039331173 7.01768010000018 7.01768010000018 7.01768010000018 7.46355908000043 8.35950300459723 8.28943251582148 8.45389896376073 8.44321229331594 8.61511546584788 8.95962962501124 9.32086699791279 11.3624035983312 12.9145560012518 15.4993896800001 16.8809714395867 19.0842655800046 20.1447029204226 19.6164068808406 18.5206498387412 18.5462120166457 18.9023979020958 19.0047455124586 17.6663681829318 16.4647797199997 15.3933513200001 16.3450966041871 16.7370852553951 17.2848959549766 17 -9999 -9999 -9999 -9999 -9999 -9999 -9999 -9999 -9999 -9999 -9999 -9999 -9999 -9999 -9999 -9999 -9999 -9999 -9999 -9999 -9999 -9999 -9999 -9999 -9999 -9999 -9999
6.05155701683877 6.94588018000004 7.01730858000014 8.12517727339614 9.41065510000007 9.50576026688544 9.82131020000013 9.82131020000013 10.2671891800004 11.0337451138649 11.2319653000002 11.2319653000002 11.6631256559011 11.0182892199999 9.94686081999978 10.7671879800001 12.8559225600003 14.9623400521773 16.7023615691365 18.831635258688 21.8006596141747 24.5814927348032 24.8349525284525 23.1111026634152 21.6432319200001 21.349929476436 19.9474747399999 18.6076365199999 17.1771120079829 16.830981717523 17.8386139800004 18.7848718777489 18.2504945200001 17.4313463942593 -9999 -9999 -9999 -9999 -9999 -9999 -9999 -9999 -9999 -9999 -9999 -9999 -9999 -9999 -9999 -9999 -9999 -9999 -9999 -9999 -9999 -9999 -9999 -9999 -9999 -9999 -9999
5.7039894453158 6.00780345224499 6.53522508000014 7.69539046000076 9.59512958696926 10.3432413200409 11.6281654931122 12.1446834461835 12.8921294800002 13.7141725276739 13.964167 13.964167 13.6114782884595 12.6790625199998 12.029191737683 12.91004478 14.9987793600002 17.0529015800004 18.3674440100313 21.1685590260815 24.8152685638895 28.5325480708171 28.5903303399996 26.1795527553254 24.0916149716026 22.5036686185307 20.5368196399998 19.5841034276113 18.1547460006823 18.91004238 19.9731289131745 20.3505750001025 18.9170501929684 -9999 -9999 -9999 -9999 -9999 -9999 -9999 -9999 -9999 -9999 -9999 -9999 -9999 -9999 -9999 -9999 -9999 -9999 -9999 -9999 -9999 -9999 -9999 -9999 -9999 -9999 -9999 -9999
5.25109643999923 5 5.46379668000006 6.67307903440096 9.24881882379813 11.0166994600005 12.6888076974062 13.5817134319921 14.9993908800003 15.5535119000001 15.8793841601859 15.7416150704162 14.82191932 13.7504909199999 13.5535119000001 14.4993896800001 17.6759897068532 18.7404777719438 21.0695137753698 23.8840359504664 26.9836528116701 29.1671866564367 28.8015329329609 26.9653900399997 24.8225332399997 22.6796764399991 20.9417635105531 20.5535119000001 20.1630817293491 21.0528991800001 22.097445951855 21.4251618575426 19.9297222261183 -9999 -9999 -9999 -9999 -9999 -9999 -9999 -9999 -9999 -9999 -9999 -9999 -9999 -9999 -9999 -9999 -9999 -9999 -9999 -9999 -9999 -9999 -9999 -9999 -9999 -9999 -9999 -9999
4.70461628227021 4.37505969999995 5.01730858000014 6.26621094000114 9.42042456062698 11.943395573649 13.189370772076 14.6078507178007 16.9744073235254 17.8748209000001 17.3597825350783 16.7523990206984 15.8933477199999 14.3200791478522 14.5464786578723 16.1619352235967 19.6465709586423 21.0855708249554 23.6302772392301 25.9433922735059 27.4166702877812 28.1410519420562 27.582889063668 26.3404497399996 24.1975929399997 22.0547361399991 21.5578698931326 22.126778972291 22.7963577580156 23.8206962800001 22.9826962199997 21.9112678199997 -9999 -9999 -9999 -9999 -9999 -9999 -9999 -9999 -9999 -9999 -9999 -9999 -9999 -9999 -9999 -9999 -9999 -9999 -9999 -9999 -9999 -9999 -9999 -9999 -9999 -9999 -9999 -9999 -9999
6.20346720775356 5.43042474869764 7.07025521993957 6.32800459540593 10.1768648400002 12.9279624800002 14.2104060415583 16.5160891400004 18.9739991943404 19.6963687 18.1089199702379 16.5402823281866 16.0814968938642 15.5123553918305 16.2671867800004 17.6258132799826 20.7430325420689 23.5702065600007 25.4899983876586 26.0703183917783 26.6066510800002 26.9291831199999 25.9931368056248 24.2124176435734 22.143402638477 20.7466550405277 21.5446779825795 23.3622155846308 25.1797531866821 25.6799347712674 23.6790649199998 -9999 -9999 -9999 -9999 -9999 -9999 -9999 -9999 -9999 -9999 -9999 -9999 -9999 -9999 -9999 -9999 -9999 -9999 -9999 -9999 -9999 -9999 -9999 -9999 -9999 -9999 -9999 -9999 -9999 -9999
5.56080135922569 4.51852561999977 8.01854075011663 9.28987232818779 12.0160903400004 14.9450050126626 16.6767761089609 18.0839418011657 19.4458789800002 19.6028128938272 17.4659955599999 16.0789108629278 16 16 16.8744493800004 18.6721199964386 21.0519185400003 24.1774691600007 26 26.1778151899493 26.6055014633466 25.8577547199998 24.7863263199997 23.0774732234591 20.9592388381625 20.0789114202147 21.4631803600002 24.8391478339411 27.2844881600008 26.8093538262747 24.7504933199998 -9999 -9999 -9999 -9999 -9999 -9999 -9999 -9999 -9999 -9999 -9999 -9999 -9999 -9999 -9999 -9999 -9999 -9999 -9999 -9999 -9999 -9999 -9999 -9999 -9999 -9999 -9999 -9999 -9999 -9999
5.23091148770291 4.84792658700061 6.35616616000021 8.57349329641001 11.9101003822266 16.496772465818 18.7271692394785 19.2136760800001 19.5367184601399 18.6434671199998 17.8768133980152 17.6784510000001 17.0644798512532 16.8392255 17.7136748800004 18.9371763071406 21.0519185400003 24.1774691600007 26.134412856972 26.6821020966474 25.8577547199997 25.1005727810846 24.5541234199998 22.5312545095065 20.477387805197 19.4459754000982 20.6239548600001 25.0467624893107 27.7488939600007 27.8479273587182 -9999 -9999 -9999 -9999 -9999 -9999 -9999 -9999 -9999 -9999 -9999 -9999 -9999 -9999 -9999 -9999 -9999 -9999 -9999 -9999 -9999 -9999 -9999 -9999 -9999 -9999 -9999 -9999 -9999 -9999 -9999
6.27608131617998 5.04928442515026 6.97679531176149 10.8365552861781 12.8573360279424 18.3051873610277 19.9106539 19.9441095989658 19.5541210199998 18.9537806030958 19.9829229682532 18.9284184445273 17.9346350561881 18.6419280872191 18.8994364417505 21.5792662585608 22.841706459378 24.0966626686585 25.24950908 26.0686543134033 25.9729263644341 25.569661204535 24.5541234199998 22.4480850599995 20.4112666199999 19.9410171195879 22.040059710619 26.1051286983514 29.4558664126812 28.9599426962891 -9999 -9999 -9999 -9999 -9999 -9999 -9999 -9999 -9999 -9999 -9999 -9999 -9999 -9999 -9999 -9999 -9999 -9999 -9999 -9999 -9999 -9999 -9999 -9999 -9999 -9999 -9999 -9999 -9999 -9999 -9999
9.81608629863176 8.92929890269927 11.9286504698323 13.3143426322421 17.5568126104592 20.9545461557441 20.9820823000001 20.9820823000001 20.5362033199999 19.4740438784425 19.0210975821705 19.000349528816 18.9820823000001 19.7851032800003 21.699644816689 22.9260205885976 24.0163845730589 25.878609859168 25.0028697522267 25.0179176999999 25.3155080624881 25.9932907498453 25.0983182227971 22.9561211245596 21.9715335519174 22.6124977992752 24.4225356733686 28.176238920001 29.8699477373075 30.9119795574078 -9999 -9999 -9999 -9999 -9999 -9999 -9999 -9999 -9999 -9999 -9999 -9999 -9999 -9999 -9999 -9999 -9999 -9999 -9999 -9999 -9999 -9999 -9999 -9999 -9999 -9999 -9999 -9999 -9999 -9999 -9999
14.4092961268602 12.2652666305478 15.1097999826954 15.5147709283382 18.8457670384007 23.4631875600004 24.4101705689668 22.3046095399997 20.5837724236646 19.5103741000188 23.3006758148113 25.4660859304527 22.2054364421408 24.9178157114742 24.1841539368761 24.0983330463667 26.0352784541937 24.9112654199996 24.16016298 25.2315913800003 26 26.0200369842255 25.6076341199998 24.5362057199998 23.496280855277 23.7671831800004 26.2626440373553 29.4625664400006 30.974749950013 31.9516678726069 -9999 -9999 -9999 -9999 -9999 -9999 -9999 -9999 -9999 -9999 -9999 -9999 -9999 -9999 -9999 -9999 -9999 -9999 -9999 -9999 -9999 -9999 -9999 -9999 -9999 -9999 -9999 -9999 -9999 -9999 -9999
17.5518089248368 16.2566398816031 17.7993978215933 20.5359585199999 20.2253351831438 23.7801346231229 24.8219169199998 23.3760379399998 21.1774734215294 19.9353680815194 25.6155932950896 26.6547702740039 23.9364546955352 22.8978800570443 23.0778805555984 26.4352809141731 27.0903267399998 25.0251181014356 24.16016298 25.2315913800003 25.9621409814046 26.24950908 26.5405991572324 25.6722657386267 25.2498782000001 25.9925199986482 27.8379976600003 30.6835446213322 32.8895195413218 -9999 -9999 -9999 -9999 -9999 -9999 -9999 -9999 -9999 -9999 -9999 -9999 -9999 -9999 -9999 -9999 -9999 -9999 -9999 -9999 -9999 -9999 -9999 -9999 -9999 -9999 -9999 -9999 -9999 -9999 -9999 -9999
21.4382477390881 19.4180649462468 24.1992267896682 25.32142307892 24.8465307094861 26.1963675000001 25.8933453199998 24.3739364157317 21.8374753412097 19.87542762 19.865862206721 19.5362033199998 19.6406380680937 20.6066534800001 23.2552672013737 29.4854508401429 27.1833160113006 25.2857021029137 24.1287121760249 24.989746859688 25.423251693298 25.3744481800001 26.4458765800002 27.1015818856602 27.3119756019973 28.8426928783354 31.0522828600004 32.8797661579842 34.0708144800004 -9999 -9999 -9999 -9999 -9999 -9999 -9999 -9999 -9999 -9999 -9999 -9999 -9999 -9999 -9999 -9999 -9999 -9999 -9999 -9999 -9999 -9999 -9999 -9999 -9999 -9999 -9999 -9999 -9999 -9999 -9999 -9999
25.9536202442946 25.8033877 28.9700180067586 27.2440325005775 27 27 26.7781259174129 25.2447204900763 22.8509036945193 21.344159824596 21.0475261561346 20.7844209807306 19.8039992199999 20.3386127800002 22.2844905600007 24.3600163744596 23.7195324440486 23.064971823288 23.7750950893758 23.9379807779606 24.1163713347032 25.3744481800001 26.4458765800002 27.5173049800002 28.7463937653573 31.2482812400013 33.7309762600001 34.4828409833479 35.4100387800003 -9999 -9999 -9999 -9999 -9999 -9999 -9999 -9999 -9999 -9999 -9999 -9999 -9999 -9999 -9999 -9999 -9999 -9999 -9999 -9999 -9999 -9999 -9999 -9999 -9999 -9999 -9999 -9999 -9999 -9999 -9999 -9999
27.8744517800004 28.6417310838889 28.9826914199999 27.8811612800749 26.6607756999999 26.7393379379049 26.8972075131049 26.16592001177 23.850334375124 21.140868473865 20.7178419285781 21.2062708318455 21.3344807625071 21.8698410501744 23.4522642811846 23.3566273756122 23 23.0301009257864 23.4450561052237 23.8469700437663 23.8424721872438 25.5014701017469 26.9363530507373 28.3712359997274 29.9954269912833 32.434991022294 35.0505778266977 37.0262740113756 38.2313441800006 -9999 -9999 -9999 -9999 -9999 -9999 -9999 -9999 -9999 -9999 -9999 -9999 -9999 -9999 -9999 -9999 -9999 -9999 -9999 -9999 -9999 -9999 -9999 -9999 -9999 -9999 -9999 -9999 -9999 -9999 -9999 -9999
27.1562598110463 28.2935984604128 27.7507333199996 26.627008020426 25.2444669457434 25.7258364689398 26.1245461727536 25.6924617166127 23.5782800870092 21.0720399199997 19.4118757399999 20.876100697763 25.018601001386 23.4684251312504 24.4139447778216 25.2000613157732 23.0071068295437 23.4993872800004 24.4106527000001 24.505756325494 25.248761070811 26.9808544600004 29.1237112600007 31.2665680600006 32.8206914800004 34.2811844426071 37.0160759400004 41.2196463840827 42.2095224533126 44.8501807840184 -9999 -9999 -9999 -9999 -9999 -9999 -9999 -9999 -9999 -9999 -9999 -9999 -9999 -9999 -9999 -9999 -9999 -9999 -9999 -9999 -9999 -9999 -9999 -9999 -9999 -9999 -9999 -9999 -9999 -9999 -9999
25.5829426959991 24.6059369847147 24.0543670199998 23.0684954618581 23.2732158825724 24.4062719157843 24.1927787141413 23.9853710875018 22.12810051829 20.2333085092112 18.6242657324318 21.9846439118518 31.6257945500288 26.0506314731903 25.7802371019913 27.8597970025919 25.8764208508352 25.095674043935 26.5234548455777 27.1599157800004 28.3882838511363 30.0146252694928 31.8559153600005 33.7493892062064 35.3546317154373 36.9425754970811 39.9936996387239 45.3593157996343 45.99335068201 45.9622224926934 -9999 -9999 -9999 -9999 -9999 -9999 -9999 -9999 -9999 -9999 -9999 -9999 -9999 -9999 -9999 -9999 -9999 -9999 -9999 -9999 -9999 -9999 -9999 -9999 -9999 -9999 -9999 -9999 -9999 -9999 -9999
22.8554541324775 21.9413089709832 21.4387623834614 21.0396202185688 21.6781682005989 22.7895765773707 22.4464904999999 22.0720399199998 20.7538132687192 19.1447007892497 18.1836255672199 21.6662280451914 30.5562580747245 24.908559465644 23.7674303800002 26.1058351087929 27.3354486351933 27.2844881600009 29.3558337109786 31.0203079089489 32.3493334530825 32.8277160551126 33.751975237143 35.0708144800003 36.7309762600004 39.6046446935354 43.9918313347374 49.2291309000014 49.2460085786472 47.637592611354 -9999 -9999 -9999 -9999 -9999 -9999 -9999 -9999 -9999 -9999 -9999 -9999 -9999 -9999 -9999 -9999 -9999 -9999 -9999 -9999 -9999 -9999 -9999 -9999 -9999 -9999 -9999 -9999 -9999 -9999 -9999
20.4221504790443 20.3750621 21 21 21.0600719637701 21.3750621 21.3750621 21.0006115199999 19.761950813415 18.8059776077116 18.6249379 20.5231148984787 24.0610041575971 23.0928731640737 22.9529107208066 23.94587778 25.4204897477865 28.1774691600007 30.420417876379 33.0881206600007 34.8143064449718 35.4838826592681 36.3206902800003 37.0688351921394 38.7952643621575 42.5154608200018 47.5327646000004 52.3880698549547 50.4080317213139 48.10824924 -9999 -9999 -9999 -9999 -9999 -9999 -9999 -9999 -9999 -9999 -9999 -9999 -9999 -9999 -9999 -9999 -9999 -9999 -9999 -9999 -9999 -9999 -9999 -9999 -9999 -9999 -9999 -9999 -9999 -9999 -9999
19.9125724505673 20 20.3156868118129 21 21 20.8387258963182 20.5146481343047 20.6255494199999 19.5541210199998 19 19.4099757567962 19.896814392581 21.4631851600002 22.8030209800002 23.6089370792882 23.9835666700892 25.0519185400003 28.1156773888438 29.7841226400001 32.9280888924034 35.5140325430259 37.3315675736485 38.5281157557289 39.4168338097887 41.4453249544833 44.5736653038615 49.3543172000004 52.7900504652288 50.4147811880077 47.4495735013683 -9999 -9999 -9999 -9999 -9999 -9999 -9999 -9999 -9999 -9999 -9999 -9999 -9999 -9999 -9999 -9999 -9999 -9999 -9999 -9999 -9999 -9999 -9999 -9999 -9999 -9999 -9999 -9999 -9999 -9999 -9999
20.0672422958207 20 20.0173085800001 21.0681317829383 21.7677947000001 21.7140173968371 21.6059527562138 21.39334412 20.3219157199999 19.7677947000001 19.9045022684157 20.5068705585341 21.6692669545168 22.8030209800002 23.2030517806177 23.9584452463318 25.7931380534378 27.3209398800002 28.5897219528197 31.3369993741307 35.3035588221592 38.5166910600003 40.4524780499568 42.3379940600007 44.4808508600006 47.2838694400017 51.3996239372245 53.5250731502749 49.8016622466484 46.3945791599999 -9999 -9999 -9999 -9999 -9999 -9999 -9999 -9999 -9999 -9999 -9999 -9999 -9999 -9999 -9999 -9999 -9999 -9999 -9999 -9999 -9999 -9999 -9999 -9999 -9999 -9999 -9999 -9999 -9999 -9999 -9999
19.2863251199996 19.1607769 19.1780854800001 20.3239840034409 22.1344144867163 22.6448642500075 22 21.6255494199999 20.5541210199998 20 20 20.6601641800003 21.7315925800001 22.1291072237994 23.628493138954 23.9912983972473 26.031829926029 27.7790214613902 27.4811028600001 30.2814992558585 35.212079120001 39.0631419224092 42.1051661856856 45.1471904489615 47.6951360600003 49.9441316244879 52.9908395412111 54.6422416800002 51.2008443053399 47.0470195913828 -9999 -9999 -9999 -9999 -9999 -9999 -9999 -9999 -9999 -9999 -9999 -9999 -9999 -9999 -9999 -9999 -9999 -9999 -9999 -9999 -9999 -9999 -9999 -9999 -9999 -9999 -9999 -9999 -9999 -9999 -9999
19.1255482199996 19 19.9279600800002 21.007316996058 22.1601653800001 22.9793074431477 22.6347038972495 21.6255494199999 20.148080658044 18.6182617584417 18.7148301211606 19.7495126800003 22.1533928407321 24.3731960199375 26.4808532600009 27.5933195191739 27.840155461224 28.9027231983789 28.9957763020187 31.0686084000017 36.398676037188 40.9446475400004 44.5649709163929 47.812784884006 48.9265078888059 50.3203235600009 53.1947705400002 54.0717485055951 51.3878770340065 47.2164984800001 -9999 -9999 -9999 -9999 -9999 -9999 -9999 -9999 -9999 -9999 -9999 -9999 -9999 -9999 -9999 -9999 -9999 -9999 -9999 -9999 -9999 -9999 -9999 -9999 -9999 -9999 -9999 -9999 -9999 -9999 -9999
20.1076281199997 19.9820799000001 20.0173085800001 21.0887369800004 22.1601653800001 23 22.9945698122322 22.2398889318385 19.6703532559087 16.9925755399798 16.6245759799997 18.3443383518784 21.9311802078075 26.1833034874737 28.713058560001 29.9100375800003 29.9814659800004 30.9641598000003 31.1243227800003 32.6672342213787 36.5150989000013 42.2265586335094 47.7297460200013 50.4728148369726 50.385976581043 50.6540718451143 52.4762905291847 54.5951769134896 54.0762925653474 52.0205885772064 -9999 -9999 -9999 -9999 -9999 -9999 -9999 -9999 -9999 -9999 -9999 -9999 -9999 -9999 -9999 -9999 -9999 -9999 -9999 -9999 -9999 -9999 -9999 -9999 -9999 -9999 -9999 -9999 -9999 -9999 -9999
21.3581130399992 21.1070166 22.1252513326913 23.3332506950538 24.9554213972026 24.1605249 24.1280964965718 22.9501927739695 19.7693796599992 17.5620289815185 16.46477252 18.0693251029936 23.4574258047522 29.025644912497 30.8744493800004 31.8952654679844 32.0009260242713 32.058256336527 32.1241566975655 33.1156145979244 37.9089212067074 44.3001973800005 49.8370146200009 52.6538536101842 53.8342687023172 54.2675415 55.6915757131716 57.0600199390844 59.890882440001 60.4699902343825 -9999 -9999 -9999 -9999 -9999 -9999 -9999 -9999 -9999 -9999 -9999 -9999 -9999 -9999 -9999 -9999 -9999 -9999 -9999 -9999 -9999 -9999 -9999 -9999 -9999 -9999 -9999 -9999 -9999 -9999 -9999
