catData/variables/futureClimate2070/rcp45/IPSL_CM5A_LR_2070_rcp45/bio11.asc
NCOLS 409 
NROWS 350 
XLLCORNER 60.897278365 
YLLCORNER 5.843756025 
CELLSIZE 0.0892857 
NODATA_value -9999 
[rows 104 to 129 of 350, columns 118 to 176 of 409]
19.13392555 19.13392555 19.1091831409809 19.0973131012635 19.13392555 19.1139519577522 19.1 19.051659629759 19.0869855124854 19.0422204452703 19.0964246969741 19.0350698392185 19.1058638814629 19.1554909762927 19.1 19.120022658196 19.16607445 19.16607445 19.1836247130708 19.258874538 19.366017378 19.4 19.4 19.3422206038489 19.3964245383954 19.33392555 19.33392555 19.33392555 19.33392555 19.33392555 19.3212218638617 19.3 19.351731458 19.3610991314051 19.33392555 19.33392555 19.33392555 19.3042591295724 19.3 19.298268662 19.191125822 19.0945661385499 19.0582173407943 19.001846202 18.9321489 18.8294296503629 18.7368768504564 18.9641313000809 19.0776034042606 18.8949351305049 18.9941807517521 19.2947082049812 19.3963280735238 19.4333382654825 19.4 19.3891324399424 19.3321489 19.3527094510801 19.3752582252956
19.2 19.2124451258876 19.24106839 19.24106839 19.2198229159476 19.1653041454407 19.14106839 19.14106839 19.1080891183945 19.1 19.1 19.1 19.1 19.1065781285469 19.14106839 19.14106839 19.14106839 19.14106839 19.192800088 19.2757641031235 19.3389051037352 19.35893161 19.3919107830414 19.4 19.4 19.4 19.4 19.4065780299827 19.431556910629 19.4 19.3779326001476 19.34106839 19.3715545710759 19.4241787263124 19.44106839 19.411022764911 19.4 19.312554342 19.3 19.298268662 19.191125822 19.083982982 18.9578173803862 18.7377812012193 18.6304810579172 18.8401434459435 19.02328564764 19.0758213722517 18.9658026348634 18.8185661120993 19.0373891401738 19.2592702686028 19.3936215466207 19.4579114460779 19.3890668496014 19.2579169397089 19.1684428922428 19.2854943792621 19.4975149610193
19.2852564604711 19.278514648 19.34821123 19.34821123 19.296479292 19.2198269753664 19.2 19.2 19.1584119096964 19.1903700887173 19.19642246 19.1955875292408 19.1524898117801 19.204717725199 19.24821123 19.24821123 19.24821123 19.24821123 19.2750024400943 19.3283841389266 19.34821123 19.34821123 19.428514288 19.44821123 19.44821123 19.44821123 19.44821123 19.464228488 19.525051132 19.44821123 19.44821123 19.44821123 19.44821123 19.4787015047803 19.5 19.4621113472615 19.4094962537175 19.3547129693034 19.3026089516757 19.250057432 19.142914592 19.0434937533871 18.9751830356322 18.7997686437159 18.6826527577504 18.9354056130583 19.0500619350164 19.0212986195127 18.8997937625336 18.9566421775546 19.079597894849 19.3201777424037 19.3973909326174 19.3052467072766 19.3776564206591 19.1250455729595 19.0490682314022 19.3358190197222 19.685656528
19.4450138145585 19.4074632075758 19.4 19.3753181194807 19.3215497251729 19.241125222 19.2 19.2 19.2 19.287446138 19.3 19.300185445496 19.3097578291968 19.3 19.3128201897088 19.35535407 19.35535407 19.35535407 19.35535407 19.3816391550233 19.4365433056303 19.45535407 19.4912061170625 19.5484048635911 19.55535407 19.6097496411018 19.5602664215518 19.6178591937946 19.632193972 19.55535407 19.55535407 19.55535407 19.55535407 19.55535407 19.5188108972195 19.5 19.4641480600877 19.4069493392587 19.305411502 19.198268662 19.091125822 19.0088660713556 19.0656940039908 19.1032448553256 19.11070814 19.13061503603 19.103622852 19.0227648827228 18.9705261419307 19.0611766534157 19.2333522357138 19.344143850217 19.3452254269098 19.2015457296026 19.2666318981476 19.0390830870352 19.161180646319 19.5611880647479 19.7720718715334
19.5480222644119 19.4886352818744 19.4390941558394 19.355410902 19.3 19.2779201390194 19.26249691 19.2167738844082 19.2 19.287446138 19.3591151884506 19.3631463952632 19.3966717290231 19.36249691 19.3711827524045 19.4189385498818 19.439094305832 19.4 19.4323307127405 19.46249691 19.528514288 19.56249691 19.56249691 19.649942808 19.721611948458 19.7618475147442 19.7283220009695 19.76249691 19.753811157603 19.72499382 19.72499382 19.6971273115383 19.66249691 19.6257022929658 19.5752415333204 19.56249691 19.5123101301071 19.412554342 19.3645263904654 19.260765572 19.153622732 19.0685037866759 19.1289483912208 19.255296518 19.3015915158171 19.26249691 19.2430961047554 19.166119762 19.0837352986721 19.135656648 19.3532180140997 19.3453493158134 19.242914832 19.1407487382772 19.3039179430452 19.0654711246791 19.1092325868536 19.7056817478082 19.8390947558097
19.646479172 19.56963975 19.532193492 19.425050652 19.3336137577066 19.3 19.2540254958688 19.2081485520501 19.2 19.287446138 19.394588978 19.46963975 19.46963975 19.46963975 19.4857685514824 19.5484796205987 19.532193732 19.5006913192391 19.554985372842 19.56963975 19.635657128 19.66963975 19.66963975 19.757085648 19.864228488 19.86963975 19.8634596274908 19.8111543784281 19.86963975 19.86963975 19.8435626038152 19.7864627841036 19.76963975 19.710765452 19.6236655801396 19.6 19.5756198636982 19.482194092 19.403768556464 19.3667027125451 19.2034857327475 19.2504337112927 19.3391104987885 19.4273767517391 19.3886314410494 19.4006909849683 19.4392795 19.380405442 19.273262602 19.2614909793561 19.4861674205628 19.3909373115183 19.275051492 19.2408561970417 19.3126123739999 19.110909314629 19.1296829936955 19.6423701799952 19.888631513914
19.753622012 19.6535148408011 19.562553742 19.455410902 19.3879891838536 19.3315770105948 19.2846724189567 19.2206080954917 19.2 19.3545895476114 19.471371568 19.5 19.5 19.5 19.523160338 19.6 19.6200580269445 19.6639175579762 19.67678259 19.67678259 19.742799968 19.77678259 19.77678259 19.864228488 19.8987436451153 19.9 19.891125582 19.816017258 19.9 19.9232673806425 19.939336812 19.8425462942544 19.8 19.741125702 19.6846725304003 19.6206084640482 19.6 19.5796973830549 19.482194092 19.397866690158 19.2924705917096 19.4818804792612 19.6179421503746 19.5930142847286 19.63034777 19.6407000365326 19.65356518 19.5494860954295 19.3600762078779 19.4123478833472 19.6328145147749 19.6361774675534 19.4631321976717 19.4522359981202 19.3862892717256 19.48391295 19.505421203862 19.651458397828 19.8807203492752
19.796277036677 19.7790542858612 19.730404602 19.5858401697703 19.48392543 19.474461562598 19.4124452902177 19.3721652009665 19.36785086 19.3959640413302 19.4152047714809 19.41607457 19.4309707597751 19.58392543 19.5876483547441 19.6254320724402 19.721371448 19.78392543 19.78392543 19.833336139177 19.8784628696388 19.88392543 19.88392543 19.8979819820861 19.9793840050981 19.98392543 19.975051012 19.899942688 19.98392543 19.9887964969809 19.962554222 19.855411382 19.8 19.741125702 19.7 19.6882398481244 19.6165309446914 19.5266108555072 19.6596374830311 19.566119522 19.485599216 19.6864425447703 19.7802025824139 19.7727218884019 19.78392543 19.78392543 19.78392543 19.7155876203349 19.6466269950383 19.6592219465932 19.7610617321124 19.8573143730718 19.758057946256 19.8310649591195 19.5930462266245 19.8248919903827 19.7616726659715 20.0039376614688 20.0113153286387
19.89106827 19.89106827 19.853622012 19.7831031143144 19.7260934290259 19.68213654 19.616118922 19.5155105765753 19.4179374457584 19.4 19.4 19.4015771366922 19.500735588491 19.6 19.6210917191428 19.721371448 19.7944128472235 19.8406063015934 19.89106827 19.8963267847729 19.9 19.9666257448608 19.99106827 19.99106827 19.9995166806886 20 19.9992073609452 19.992498888238 20.0210915005789 20.09106827 20.0195212697874 19.8960174650295 19.89106827 19.832193972 19.79106827 19.724442743703 19.619697182 19.512554342 19.689176996 19.7819819015645 19.7828716056187 19.8835671368018 19.89106827 19.89106827 19.89106827 19.89106827 19.89106827 19.8858097980994 19.88213654 19.9487618477331 20.053507388 19.9217451398993 20.0638314125512 20.1711644780012 20.0577191385476 20.0792753892687 20.0936383616464 20.1883617362681 20.1513802678301
19.99821111 19.99821111 19.960764852 19.8544196619152 19.7990745725343 19.79821111 19.732193492 19.6969023498829 19.6949856823324 19.6087515072181 19.59642222 19.596453200319 19.5983698678695 19.61573096258 19.721371448 19.828514288 19.89821111 19.942799968 20.0490173848276 20.0386008827228 20.0630475097267 20.0977309758238 20.1770776346258 20.1105406329247 20.09821111 20.0965105080257 20 20.0157307268734 20.121371208 20.1684502582276 20.0618843582219 19.99821111 19.947405070879 19.8989468035705 19.83337494598 19.6549887955305 19.521486072 19.5002245833686 19.7820734098181 19.99642222 19.9965809692828 19.99821111 19.99821111 19.99821111 20.0349867885153 20.09642222 20.09642222 20.09642222 20.0315862916866 20.1432218387629 20.276724798 20.0356502683379 20.187387626 20.298180142561 20.29642222 20.29642222 20.2740912021809 20.2 20.1993301448086
20.076839422 20 20.0020048539302 20.00535395 19.9563917140945 19.9664305518233 20.00535395 19.8629500083411 19.8107079 19.8060260774945 19.80535395 19.8107079 19.8107079 19.8107079 19.8326282450837 19.90535395 19.9782411449193 20.1047745303258 20.162439598 20.2107079 20.2071733625906 20.20535395 20.2813576224262 20.2219177213119 20.116119162 20.10535395 20.1058290819025 20.1258676020153 20.20535395 20.1766734161491 20.1087030717688 20.1029666976866 20.048268542 19.941125702 19.7715002485599 19.632193972 19.525051132 19.680245266 19.8894667251113 20.0000926949709 20.014228128 20.10535395 20.0834340592174 20.041010598 20.185598976 20.3107079 20.3107079 20.3075558123717 20.30535395 20.3092708857926 20.391010478 20.3185806980429 20.3002897419608 20.403622852 20.3048788437964 20.2982849394285 20.266132482 20.1622343989002 20.1040096050645
20.0672369607954 20.0037869545103 20.0452634677749 20.10557220594 20.11249679 20.11249679 20.11249679 20.0484790407993 20.02499358 19.937547442 19.92499358 20.02499358 20.0261026273735 20.03749037 20.03749037 20.03749037 20.0702568377672 20.2085991200524 20.3706932896625 20.4176361526227 20.3547294650922 20.32499358 20.32499358 20.4015115477633 20.317908052 20.21249679 20.221371208 20.31249679 20.31249679 20.31249679 20.275051012 20.167908172 20.0543005603298 19.933768304615 19.8297360950999 19.7176973731853 19.6172356665295 19.774891316 19.894588498 20.001731338 20.1099831653889 20.2144984031037 20.22499358 20.255296278 20.3952051657518 20.5180689059631 20.5185288383221 20.4609800993927 20.42499358 20.4890106991776 20.592799368 20.448533824252 20.3422258179669 20.5105493603182 20.3900171046034 20.2494649046657 20.0413242661313 20.0465860825411 20.1952047157441
20.01963963 20.049943048 20.12699393652 20.183868358 20.249439221215 20.25891889 20.24595327409 20.23927926 20.223507989395 20.1493675899525 20.13927926 20.2199797526475 20.248153918 20.3424250373425 20.35891889 20.3529674579626 20.3539877787699 20.423147378 20.5718620019201 20.600044352 20.5459533212251 20.53927926 20.5235080365301 20.5024655791826 20.4239881401649 20.33927926 20.348153678 20.43927926 20.4347307024452 20.4136882450977 20.362554222 20.255411382 20.096537084 19.882251404 19.7740689567204 19.614400784 19.5922630926695 19.774891316 19.8760116669702 20.0020713663773 20.1356451302753 20.3191627010722 20.4241881404197 20.4636306202328 20.5497310028853 20.644588378 20.6584286018097 20.61963963 20.61963963 20.61963963 20.699942208 20.632194212 20.61963963 20.596537804 20.3822521239999 20.1324986537484 19.8711969920001 20.2272608547358 20.3693704400204
20.1391884197094 20.210650828 20.307764635185 20.398154038 20.505296878 20.55356494 20.487547322 20.45356494 20.3947688486958 20.38034741 20.3550141453438 20.3548329343637 20.4380339806164 20.569582438 20.6473620294232 20.6127111711138 20.645210477463 20.7862118004828 20.8923691944973 20.894690402 20.787547562 20.75356494 20.673261882 20.566119042 20.55356494 20.55356494 20.5600625696615 20.6224926526813 20.576839902 20.477812937279 20.389336692 20.282193852 20.123319554 19.8932658828004 19.6856467441797 19.480462514 19.587388106 19.7782536788799 19.8253331361003 20.0565639209196 20.235656648 20.3545267529592 20.523159858 20.608115811001 20.6368113099812 20.6862114490387 20.72678247 20.7425503969216 20.75356494 20.7339709551181 20.7855780341379 20.7359746248422 20.72678247 20.6237839048025 20.4381937237826 20.264330632 20.2605804465141 20.52678247 20.5167536942967
20.3402397881157 20.498154038 20.5805543791099 20.6312380382773 20.719582558 20.76785062 20.701833002 20.66785062 20.66785062 20.66785062 20.6053512460123 20.5684381446251 20.6165144907621 20.783868118 20.844690282 20.798153798 20.905296638 20.982977528302 21.0876891870852 21.1289494515276 21.035758552 20.9769560992468 20.887547562 20.8100710139788 20.80177593 20.7672631767956 20.7309146361828 20.68941664643 20.610765212 20.5236449443444 20.462554222 20.355411382 20.214087141494 19.9772757041068 19.7122474071215 19.5354689226649 19.6333626560548 19.7831865585581 19.9587673803417 20.2023186997837 20.342799488 20.449942328 20.557085168 20.664228008 20.771370848 20.83392531 20.83392531 20.892799368 20.9115288727011 20.826840262 20.8 20.8 20.8 20.766119522 20.658976682 20.5572675835885 20.5323812215974 20.6236451071859 20.5498512685731
20.6368534070861 20.712439718 20.819582558 20.8821363 20.933868238 20.9821363 20.916118682 20.8821363 20.8821363 20.8821363 20.8821363 20.784579343614 20.932079108 21.039221948 21.1095556343503 21.0696858688084 21.1042039311587 21.1673451889133 21.2942222006644 21.3579576164223 21.275050772 21.1979534800686 21.101833242 21.0821363 21.0432904551951 20.898268422 20.7947701412959 20.7476461415413 20.758976202 20.651833362 20.5139339454446 20.355411382 20.248268542 20.1064299890141 19.765206494519 19.62320445 19.6705283862495 19.892939929996 20.1681241977586 20.2438197975132 20.408874178 20.5225949109778 20.6547166827768 20.730302698 20.837445538 20.9183116219596 20.94106815 20.999942208 20.975051252 20.8378630610585 20.8329787831869 20.84106815 20.84106815 20.8586226118466 20.8358385741687 20.7755585055858 20.74106815 20.6983210330948 20.5404874951506
20.9075879239435 20.9603268101784 21.033868238 21.09642198 21.123213438544 21.14821099 21.1140211192122 21.09642198 21.09642198 21.09642198 21.09642198 21.0963075960001 21.2974400575191 21.360650468 21.4334671417628 21.3515093398847 21.2662640859934 21.3179187098715 21.4499473365008 21.489336452 21.4140212435058 21.361150714616 21.3066228312621 21.2542634468598 21.153622252 20.994690402 20.89642198 20.9047171593473 20.925050892 20.7886893591822 20.575557636574 20.403622372 20.2715392839567 20.1695095839213 19.9819870917994 19.89642198 19.9738515471114 20.1708640991324 20.385598976 20.39731862281 20.457085168 20.580245026 20.7593765868244 20.8121154472975 20.885656528 20.992799368 21.04821099 21.107085048 21.082194092 20.9371625479712 20.9380098901507 20.94821099 20.94821099 20.849942088 20.9439327766382 20.8917050692399 20.84821099 20.8022151889961 20.658976682
21.1210479710269 21.1721279324839 21.248153918 21.31070766 21.31070766 21.31070766 21.3472509400378 21.36606149 21.36606149 21.36606149 21.4184201120809 21.5229617008168 21.6156201231024 21.6732126893868 21.7003674561239 21.6222291036347 21.5381335328545 21.610650348 21.6605222356659 21.6290686036778 21.61070766 21.4970504593007 21.45535383 21.367907932 21.260765092 21.1545807467424 21.1057953297468 21.046487664236 20.976839902 20.8426388595711 20.6525342097037 20.4860837041929 20.3251724273178 20.2227646511714 20.1045087383394 20.1363475297003 20.2822164406391 20.398153318 20.5475262996175 20.61070766 20.619581838 20.7338756630852 20.878513688 20.9721275339363 21.0274256585529 21.099942208 21.15535383 21.214227888 21.2258798134902 21.137547922 21.11070766 21.11070766 21.11070766 21.0114805289559 21.0513919565548 21.0018417599344 20.9425340944236 20.8864711130871 20.7557263122063
21.32499334 21.355296758 21.4390369337104 21.4903633714331 21.52499334 21.5617881157199 21.6122488151367 21.62499334 21.6751802271502 21.7421409342936 21.785460696563 21.8239110114195 21.771371328 21.86249667 21.86249667 21.8511319691542 21.82499334 21.841715646559 21.8430955605845 21.7881987142721 21.76249667 21.6618989340147 21.5748066028418 21.475050772 21.427022743445 21.26249667 21.2480760362681 21.0939929948753 21.039336572 20.9132554048378 20.7017060796944 20.448326094 20.3181023105924 20.241125702 20.2164998877586 20.3255907459773 20.442799488 20.549942328 20.657085168 20.7635786985965 20.8283214522601 20.878513688 20.985656528 21.0549230136597 21.0609055443136 21.144588378 21.2323302886004 21.2845764022561 21.3 21.2725626620307 21.26249667 21.26249667 21.203382158539 21.1 21.1 21.083983222 20.9623663919652 20.83750333 20.6643200736784
21.60891853 21.6181187961916 21.6653564105845 21.7224559986394 21.73927902 21.798153798 21.83927902 21.890227604465 21.933299004759 21.9658280959829 22.0355108107932 21.9703197511386 22.0054326513093 21.96963951 21.9857682558976 22.0181760353264 21.96963951 21.96963951 21.96963951 21.910764972 21.8236653314459 21.7777881993301 21.689336452 21.6430905068823 21.5075367526832 21.3 21.2884312652105 21.1584851700134 21.076839902 20.9182913064612 20.5919460996851 20.3336463341819 20.2639744661329 20.2944855099294 20.405296158 20.4614907478047 20.549942328 20.657085168 20.764228008 20.871370848 20.96963951 20.985656528 21.092799368 21.160439462404 21.1506476688199 21.214227888 21.2853453612678 21.3 21.3 21.3 21.3 21.3 21.205411742 21.1 21.0938202330591 20.969727689132 20.6699961919723 20.7936679398075 20.8824361402262
21.794565586062 21.8768323764707 21.9390411911206 21.9193281427118 21.916503347697 22.012439478 22.1042545785144 22.1473331890768 22.2152234593319 22.23034705 22.1796807477012 22.1539667874419 22.1747218629669 22.1535647 22.1589419862157 22.1697466641931 22.1248127673982 22.07678235 22.07678235 22.017907812 21.910764972 21.87678235 21.796479292 21.709639334537 21.5834499798718 21.4522351537195 21.367907932 21.248466664902 21.0590570344933 20.8090415280846 20.4541556846483 20.2657638112671 20.290648079425 20.4261082264496 20.5934889979592 20.6535647 20.733867518 20.841010358 20.8755259264059 20.901731338 21.0068138024116 21.092799368 21.199942208 21.27678235 21.2480307859535 21.2788243824553 21.37678235 21.37678235 21.3260930243185 21.3 21.361658206499 21.3096397030922 21.205411742 21.1754531722748 21.077498825732 20.803245585628 20.5875365880972 20.7606589027205 21.07678235
21.991010958 22.072721596867 22.08392519 22.0767575772158 22.119582318 22.226725158 22.333867998 22.36785038 22.3807589825772 22.38392519 22.289336212 22.28392519 22.28392519 22.28392519 22.28392519 22.28392519 22.246479172 22.18392519 22.1405092641633 22.0905360298781 22.017907812 21.98392519 21.903622132 21.7230901559563 21.6847950400851 21.582193612 21.4676028998321 21.2410804555814 20.8275179552479 20.4354576928763 20.2258316236665 20.1158990591247 20.3902943648326 20.626724678 20.744479647501 20.8453248405404 20.948153198 20.9819071033768 21.0633087666646 21.069581718 21.176724558 21.283867398 21.3715732831698 21.38392519 21.377905890913 21.4196062550456 21.4405096670042 21.4 21.3893879090786 21.38392519 21.3968336768386 21.3859433152028 21.289336932 21.366119282 21.2486760353269 21.0735104594735 21.18747633 21.186400247293 21.1524991525074
22.1842047558788 22.19106803 22.19106803 22.2316744431434 22.333867998 22.441010838 22.4880327338345 22.4244422421604 22.4731306315137 22.49106803 22.396479052 22.39106803 22.39106803 22.39106803 22.39106803 22.363471522768 22.296655332906 22.2504618354199 22.1953793402542 22.1374521480718 22.0941033476023 22.0244424607237 21.919696942 21.8843787172488 21.7098558594031 21.598268422 21.4741694063534 21.1156897353588 20.5320868649946 20.1599647133313 20.0849642377139 20.3119192720169 20.5859082826183 20.749942328 20.857085168 20.964228008 20.9982406536129 21.0796350380612 21.185656528 21.192799368 21.299942208 21.3924986652427 21.4210912264314 21.49106803 21.49106803 21.4950506505464 21.4953793831276 21.49106803 21.49106803 21.49106803 21.49106803 21.49106803 21.4826194351719 21.489336932 21.38948279504 21.3760653176119 21.39106803 21.3331697204578 21.162554702
22.29821087 22.29821087 22.3349871657643 22.3972194969291 22.449942808 22.557085648 22.59821087 22.5969019342978 22.5978584703955 22.5123292570888 22.3125143637821 22.4 22.4087158788313 22.49821087 22.49821087 22.467907692 22.39821087 22.353622012 22.2474047193284 22.1989466579783 22.133374628715 22.0986910685917 22.017907812 21.9123294927949 21.8037189465118 21.6947786941814 21.4559454597494 20.8445519582722 19.9863315892159 20.0233261882721 20.369524166 20.5408167246825 20.6508678710345 20.8166952582722 20.8993920024211 20.973159978 21.0788660961923 21.185656528 21.292799368 21.299942208 21.407085048 21.5139413227259 21.5968360999675 21.5684503266607 21.5 21.5437906339527 21.6490165492594 21.69642174 21.69642174 21.69642174 21.69642174 21.610540834207 21.5053149189004 21.5016691548127 21.59642174 21.5806915229802 21.4754656076735 21.3393950839999 21.1993300549399
22.4065936601804 22.441010838 22.51070742 22.5529093470015 22.6081232879379 22.6664302131227 22.70535371 22.701436911244 22.6153974963046 22.4057091760958 22.1843431844259 22.1123736985135 22.5191069545472 22.60535371 22.5809534346684 22.4139574988127 22.2849389123692 22.3577983001496 22.256391577089 22.2075554479716 22.2018193310323 22.126839782 22.019696942 21.912554102 21.805411262 21.6962587330063 21.3779209646037 20.2446708761731 20.0545477670348 20.262228207422 20.4407947496386 20.5469757633007 20.708816626 20.8610760488206 20.966017138 21.073159978 21.180302818 21.2921272449369 21.399942208 21.407085048 21.514227888 21.6205132233056 21.676840142 21.5729419391462 21.585598496 21.755295798 21.8596690986088 21.8990498173389 21.9571288347301 21.9971261004186 21.8479931782973 21.6451797321759 21.62141484 21.898268902 21.782727208906 21.6044962181545 21.5561605615696 21.3787826562758 21.267908412
22.535657128 22.642799968 22.71249655 22.7180686489261 22.776725038 22.8249931 22.8167431753578 22.739336092 22.551889954 22.0861936103582 21.7530465249303 22.270276169991 22.7113875239257 22.7 22.6594678104366 22.5212062482097 22.475050532 22.4069244810656 22.3935353224936 22.3359861980784 22.233982622 22.126839782 22.019696942 21.912554102 21.805411262 21.677330847426 21.0090629784953 20.0930257626546 20.1961860896799 20.3121150922014 20.5171759803707 20.6085982970574 20.8094948184853 20.9073572560867 20.978513688 21.085656528 21.192799368 21.3764601756252 21.494588498 21.5265080804812 21.6202617619092 21.7 21.6826285084698 21.655295798 21.7858459748632 21.932091828 21.993968067523 21.904323562285 21.8539893193341 21.990517339522 22.027454598189 22.0140654396169 22.01249655 21.910765452 21.8025136759008 21.6859847666712 21.6096023967568 21.5431818458151 21.375051252
