catData/variables/futureClimate2070/rcp45/IPSL_CM5A_LR_2070_rcp45/bio15.asc
NCOLS 409 
NROWS 350 
XLLCORNER 60.897278365 
YLLCORNER 5.843756025 
CELLSIZE 0.0892857 
NODATA_value -9999 
[rows 182 to 207 of 350, columns 120 to 179 of 409]
-9999 -9999 -9999 -9999 -9999 -9999 -9999 -9999 -9999 -9999 -9999 -9999 -9999 156.578993943215 158.318581145757 159.44588858 160.51731698 161.58874538 162.66017378 163.73160218 164.73129642041 164.03621172 161.157504017534 156.109395479999 151.734937699999 146.509352071099 141.631082873422 134.995193042395 128.3063697 123.434944580338 120.658250621377 119.553178318283 119.237631247255 120.665834163772 121.98168678 123.92757176 125.985933316856 128.125502652116 130.26740038 131.32452088994 132.110017839032 132.1786586 132.519664143023 133.0893293 133.0893293 133.625478096107 133.398803452865 133.023976218163 133 133 132.138612448754 132.070471942274 130.830448266697 129.07502162433 128.789092144642 128.116398273614 128.92756456 131.476472468442 133.60663908 134.0893293
-9999 -9999 -9999 -9999 -9999 -9999 -9999 -9999 -9999 -9999 -9999 -9999 -9999 156.308456321591 157.760118085764 159.44588858 161.025373520473 162.57084448 163.64227288 164.71370128 164.99647407011 163.266735642755 160.18023876 155.913731068045 150.574179999999 145.534515926663 141.610394119999 134.283584577257 126.531267548726 121.358547347838 117.53638812 117.043163670789 117.684155518144 119.48110046 121.609582332853 122.890110139793 124.90967086 127.035524205084 128.21169680227 130.17807108 131.0179009 131.0179009 131.39235628 132.0179009 132.525952726397 133.010538986248 133.006083281106 133 132.211349104185 132.0179009 132.000968750524 131.00058992 129.927573005232 128.842699367413 127.78630472 127.315501067296 128.74890596 131.775543842006 133.991359410641 133.421800763286
-9999 -9999 -9999 -9999 -9999 -9999 -9999 -9999 -9999 -9999 -9999 -9999 -9999 -9999 157.42798768 158.921437359034 161.006943275353 162.53521788 163.60664628 163.9464725 163.14344192 161.19755454 158.953435766534 153.752838599999 148.311702674094 142.083508462224 136.437414598542 129.394095770276 121.64619832 117.00117264 115.431011532362 116.145972020138 117.60664388 118.67807228 120.509544769095 121.814209054586 123.83824246 125.96378588 127.12395606 129.10664268 129.9464725 129.962692776672 130.354411719647 131.39235628 131.9464725 131.9464725 131.9464725 131.9464725 131.9464725 131.07201832 130.9464725 130.877487246964 129.916010617163 128.901933100844 128.107055 128.107055 128.815873896226 130.867895844433 131.9464725 131.9464725
-9999 -9999 -9999 -9999 -9999 -9999 -9999 -9999 -9999 -9999 -9999 -9999 -9999 -9999 158.37446018 159.44588858 160.51731698 161.58874538 162.66017378 162.908581991156 162.07201352 160.016857331141 156.084732888867 150.663509299999 145.306367299999 139.78905272 133.186761157792 126.18182372 119.75325332 115.10822764 114.388031562146 115.33883118 116.41025958 117.48168798 118.653459488957 120.62395726 122.76681406 124.89235748 126.05252766 128.03521428 128.8750441 129.17807108 129.921834509018 130.44588378 131 131.07356660904 131.042463890952 131 131 130.23481402907 130.006762290922 129.14226688 130.136044409093 130.2499118 130.2499118 130.212047090884 130.1249559 130.459406261738 130.8750441 130.948610409146
-9999 -9999 -9999 -9999 -9999 -9999 -9999 -9999 -9999 -9999 -9999 -9999 -9999 156.546552876007 158.251613980327 159.44588858 160.51731698 161.58874538 162.530526014336 162.07201352 161.00058512 158.180238759999 154.780196129 148.517251952664 142.984554163667 137.709106680005 131.887477896336 126.37820802 120.317325765024 115.936273258644 113.570676634981 113.161118923985 114.07101848 115.14244688 117.01690346 119.331489803344 121.684758319678 123.82092908 124.98109926 126.96378588 127.849098025014 128.30302698 129.37445538 130.44588378 131.101591990351 131.669505473315 131.33983102 131 131 131.171729072022 130.436258208356 130.41007958 131.464080958977 132.1963843 132.1963843 131.952868990026 131.3927686 130.94688722 130.291177080972 130.78512248
-9999 -9999 -9999 -9999 -9999 -9999 -9999 -9999 -9999 -9999 -9999 -9999 -9999 156.03521908 157.48110766 159.17807588 160.38804833717 161.58874538 162 161.26839782 159.981907632187 157.108810359999 152.695317126867 146.355842534204 139.794051543089 135.02024618 130.734532579999 126.005070452875 121.621535021804 118.463275347033 113.66292898 110.98577147292 110.94774370026 111.92816168 114.017679405062 117.321934917723 120.56984224 122.754137423044 124.153717384296 125.89235748 126.96378588 128.03521428 129.10664268 130.297484419008 131.51731218 132 131.33983102 131 131.215060502311 131.908076945028 132.253319367633 132.548300279707 133.2678127 133.2678127 133.329837098276 133.5356254 133.5356254 133.209156716257 132.28612832 132.234504718421
-9999 -9999 -9999 -9999 -9999 -9999 -9999 -9999 -9999 -9999 -9999 -9999 153.384637374605 155.066591514382 156.74892036 158.44588858 160.03463396 161.58874538 161.776041920682 161.177346248306 159.39393884 156.376623059999 151.2705631 144.194433115744 136.419705946757 130.00234528 125.716631679999 121.43091808 117.51966226 114.751263239999 111.92476601433 109.543483472305 109 109.73159978 112.136664376886 116.455236832102 119.83765494 122.367994449924 124.08874178 125.16017018 126.23159858 127.30302698 128.37445538 129.740505456001 131.17807108 131.6607589 131.224546370961 131.248187899948 131.869847531065 132.296650797923 133.28512368 134 134 134.054335493872 134.57083728 135.3392411 135.466270940834 135.527220910179 134.82193132 134.3392411
-9999 -9999 -9999 -9999 -9999 -9999 -9999 -9999 -9999 -9999 -9999 -9999 153.326715824263 154.892287150423 156.74892036 158.44588858 160.03463396 161.58874538 161.33982622 161 159.723719006773 156.428178927912 150.882116002599 142.861473759998 134.305901683942 126.472192686658 121.746476121343 117.14520448 113.387727049283 111.059330994597 109.356477159911 108.5893305 108.860442750539 109.73159978 111.935835541167 116.42383975352 119.83765494 122.620864034216 124.49941128 125.505062672265 126.23159858 127.178583041637 127.96378588 129.03521428 130.10664268 130.831108299618 131 131.73159738 132.32977819556 132.926012019127 133.94588258 134 134 134.16016778 135.136486692558 135.713773452756 136.22067656193 136.14344912 135.284464068698 135.241776814012
-9999 -9999 -9999 -9999 -9999 -9999 -9999 -9999 -9999 -9999 -9999 -9999 153.94530466 155.78512968 157.23101826 159.142948428052 160.99882976 162.269108268667 161.503655727027 161.352703874613 160.67906732 156.984261979999 150.80677362 142.362680057648 132.797792062814 124.2349413 118.989453646095 114.159694752264 110.28688864 108.58991802 107.767885892657 107.5179021 108.496340715938 110.084302497578 112.504044240782 116.076252639141 119.35555704 121.569842240001 124.64942610578 125.922782292579 125.74950068 126.5179021 126.89235748 127.96378588 129.03521428 130.10664268 130.836168178903 131.73159738 132.80302578 133 133.94588258 133.5179021 133.560683168745 134.082951229614 134.5179021 134.674839166334 135.0358042 134.804881296947 134.5179021 135.10664028
-9999 -9999 -9999 -9999 -9999 -9999 -9999 -9999 -9999 -9999 -9999 -9999 154.335008198001 155.917241539966 157.74892036 159.644966104101 161.48110766 163.098245803667 162.23317874 161.880167432233 161.641467965734 158.539726423701 152.955301861669 144.021777920728 132.446221397601 124.771056264431 118.924254212928 113.652587831503 109.59733851053 107.307304092563 106.732820925403 107.32588472337 108.508446838663 110.46319956 113.050553577272 115.692861324762 118.314082726795 120.488830428828 123.07043096 124.821435627106 124.549876374927 125.06068080304 125.82092908 126.89235748 127.96378588 129.03521428 130.10664268 131.17807108 132.24949948 132.930507086775 133.422311695258 132.4464737 132.486093499324 132.981604478643 133.4464737 133.4464737 133.4464737 133.4464737 133.4464737 134.03521188
-9999 -9999 -9999 -9999 -9999 -9999 -9999 -9999 -9999 -9999 -9999 151.380422833427 153.751390300867 155.60606356 157.74892036 159.724548743748 161.336288981959 163.17749076 163.092231146628 162.6249547 163.126812435215 160.62653246 156.111609263802 148.324494174284 137.642551455222 129.063637413318 121.965472799023 115.283987309462 110.267562210437 107.10822764 106.19401640185 106.96378828 108.447793886737 110.92041628103 113.532183004677 115.74891316 117.89176996 119.40967206 121.497069267503 122.850189706791 123.3750453 123.488694144622 124.358563629671 125.542271916035 126.26740278 127.33883118 128.822835286845 130.10664268 131.17807108 131.703005230274 131.7500906 131.3750453 131.3750453 131.53521308 132.3750453 132.3750453 132.3750453 132.3750453 132.3750453 132.96378348
-9999 -9999 -9999 -9999 -9999 -9999 -9999 -9999 -9999 -9999 -9999 151.208806810885 152.76682366 154.90968046 157.313305000975 159.581267888405 161.181184682215 162.35750609433 162.86652774691 163 164.362247504695 162.681964615315 158.60921668 152.641748796554 143.745017827174 134.945549062205 126.538142623168 117.848923941929 110.937785910344 107.10822764 106 106.58874298 108.32034276 110.685325617244 113.468888513376 115.139956376004 116.536688545384 117.64186056 119.69597558 120.76740398 121.768515137096 122.3036169 122.791763261664 123.917739728956 124.82092908 125.482368489804 126.92757176 128.33883118 129.41025958 129.6072338 129.6072338 129.619288873917 130.3036169 130.46378468 131.3036169 131.3036169 131.3036169 131.3036169 131.3036169 131.482367761123
-9999 -9999 -9999 -9999 -9999 -9999 -9999 -9999 -9999 -9999 -9999 -9999 151.69539526 153.83825206 156.35556904 159.020435459443 161.03463396 162 162.66017378 163.561732567229 164.140720431649 163.154690201122 160.668976896138 155.42368727003 148.565708965886 142.093299860001 132.756793992433 121.181672074397 112.375821110252 107.533682603304 106 106.58874298 107.813455582465 109.69538806 112.024698768572 114.010251398375 114.451812114679 115.49900376 117.621255739214 119.39235868 120.46378708 121.464856100054 122.086944232999 122.67807228 123.352302439106 123.464377 124.277829625213 125.42816288 126.49959128 127.367981475627 127.464377 128.23620791048 128.532512116467 129.39235628 130.2321885 130.464854257307 130.712490695747 129.8898356488 129.464377 129.916416945093
-9999 -9999 -9999 -9999 -9999 -9999 -9999 -9999 -9999 -9999 -9999 -9999 149.979097757472 153.021140020744 156.12338054 158.89177716 161.03463396 162 162.66017378 163.117612439617 163.1607601 162.28630112 160.26898534 155.92516950695 151.16028124325 144.423436039978 134.026419456702 121.1304663 112.228273329841 108.036546933114 106.405088863612 106.58874298 107.66017138 108.849211833793 110.76681646 112.175794407247 112.3215202 114.19538686 116.33824366 118.32093028 119.39235868 120.46378708 121.475017995666 122.071680321061 122.1607601 122.1607601 122.266888931242 123.05311758 124.12454598 125.19597438 126.115342601851 126.336048265124 127.323973108398 129.02574858833 129.355124854944 130.048714261783 130.10056300149 129.179917175236 127.726613091964 127.416165808691
-9999 -9999 -9999 -9999 -9999 -9999 -9999 -9999 -9999 -9999 -9999 -9999 149.272982427322 151.08775874 154.984061971077 158.485720564862 160.12396566 161.625483454338 162.66017378 163 162.268705506863 161.21487272 160.058946592336 156.825636248063 151.386718408463 143.501914388865 132.589674001468 121.245665450335 112.697372570065 108.10822764 106.48268542 106.58874298 107.66017138 108.73159978 109.874764052467 110.96378828 111.0893317 112.229056906332 115.26681526 117.395363785531 119.442508065131 121.21369528 121.94411903567 122 122 122 122 122.73159738 123.80302578 124.87445418 125.94588258 126.01731098 127.177478760001 129 129.23159618 130 129.658997541273 128.603618978326 127.011592602074 126.625476897526
-9999 -9999 -9999 -9999 -9999 -9999 -9999 -9999 -9999 -9999 -9999 -9999 149.23160338 150.90909534 154.136788685881 157.357506585972 159.526578661088 161.184853574838 162.66017378 162.281495913309 162.003526402617 161.12554102 158.196206871061 156.930426870395 152.360887439999 144.537675862249 134.871491736348 126.093934842304 118.524668969918 110.722904402139 106.95672917812 106.010540442194 106.67807468 108.468004809659 109.80302818 110.015655658489 110.946853817437 112.034936726637 114.19538686 116.495546265216 119.235744958857 120.618532077069 122 122 122 122 122.648349776701 122.995194707373 123.80302578 124.87445418 125.94588258 126.99940768 128.072424807742 129.157300248184 129.986243035889 130 129.62554702 128.11621998811 126.491331967815 126.010540356258
-9999 -9999 -9999 -9999 -9999 -9999 -9999 -9999 -9999 -9999 -9999 -9999 149 149.892875533672 153.42427260142 156.78472696 158.465645666172 160.145978104661 161.60664868 161.9464749 161.14344432 160.07201592 158.105328856603 156.000650931143 152.714767295564 148.34434638 138.287874682456 127.256515902133 118.285184659759 111.211839824745 106.939535054626 105.968487473121 106.60664628 108.370515508615 109.69597798 109.8929498 109.943578388143 111.03462676 113.261475427352 116.26681526 118.17807348 119.536309310593 121.28744794166 121.970340873913 122.51731218 123.031512398419 123.678358469329 124.039158822924 124.85655088 125.92797928 126.99940768 128.12436118 129.279779175812 131.0535251 130.82192892 129.734281099053 128.62554702 127.530252774547 126.401476062294 125.924462069958
-9999 -9999 -9999 -9999 -9999 -9999 -9999 -9999 -9999 -9999 -9999 -9999 149.826275925886 149.85597056 152.279707319797 154.89177716 157.55195094 159.58874538 160.66017378 161 160.297310901578 159.359761230157 158.422211558737 157.051363045367 152.242748344103 144.30853978 135.042068080835 126.458532444902 116.613922031066 109.479885702414 106.478358385256 105.28630352 105.53521788 106.60664628 107.67807468 107.8750465 108.939123118848 110.90967326 113.041441463993 115.07043336 116.98169158 118.05311998 119.49900376 121.19597678 122.332045147484 123.46378708 123.957536924642 124.73159738 125.80302578 126.87445418 127.94588258 130.01947404754 131.21369288 132.1249535 131.864418566722 130.393950839999 128.62554702 127.052522800984 124.96970627519 124.71369168
-9999 -9999 -9999 -9999 -9999 -9999 -9999 -9999 -9999 -9999 -9999 -9999 -9999 151.487043646566 153.055233581623 154.870524153058 157.646741148565 159.935602189022 160.990027117507 161.1963819 161.1963819 161.539837731929 161.217635378259 157.703123925775 151.255191058634 142.102772988823 131.898462599998 122.0337572546 115.667332840612 111.085793120848 106.746029380118 104.688402354976 104.59726186014 105.53521788 106.60664628 106.975345544648 108.706015270446 109.83824486 111.89235988 113.092503935728 114.884316549178 116.10664508 117.55252886 119.24950188 120.736651711198 122.311594773707 123.46378708 124.53521548 125.764343608425 126.87445418 127.94588258 130.031222396857 131.89235748 132.8036181 132.385907037861 130.453459382767 128.748393132327 126.837481925157 125.3927638 125.865884457609
-9999 -9999 -9999 -9999 -9999 -9999 -9999 -9999 -9999 -9999 -9999 -9999 -9999 150.626689463823 151.74892036 154.783554320001 158.03463396 161.35498152 162.870230234222 162.411569701387 162.482870160539 163.816160316457 162.10822524 156.636336111526 150.26159408906 138.941945986702 127.612748999998 117.585678149167 111.247086239202 108.76917614 107.041945858592 105.602236308193 104.516629315329 104.803480123438 105.80302818 106.87445658 107.94588498 109.029990058509 110.82093148 111.89235988 113.19538686 115.116370426422 116.648627752346 118.17807348 119.110960349881 120.484189768648 122.033538132585 123.391906093817 125.33824126 126.60664388 127.67807228 129.74950068 130.82092908 131.7321897 131.50059352 130.510318223677 129.35137640491 127.82192892 127.2678103 127.425480448607
-9999 -9999 -9999 -9999 -9999 -9999 -9999 -9999 -9999 -9999 -9999 -9999 -9999 -9999 151.32450572933 154.783554320001 158.210127899783 161.694220220001 164.883542754902 164.21527304 164.48150798 164.381827072421 162.126582334863 155.521928291908 146.728642341277 135.574502686556 124.005512799998 114.097517647067 107.611483350492 104.42975024 103.66334405439 104.182008303169 104.3215226 104.569709558287 105.46378948 106.53521788 107.60664628 108.683948048524 110.08874178 111.16017018 112.46319716 114.50325548124 116.03521668 117.10664508 117.6607613 118.24950188 119.757144393445 121.78471736 123.92757416 125.492625479233 126.60664388 128.33883358 129.41026198 130.375857709469 130.507731507028 130 129.752575962146 129.044617539705 128.6784774 129.067492805177
-9999 -9999 -9999 -9999 -9999 -9999 -9999 -9999 -9999 -9999 -9999 -9999 -9999 -9999 150.754729343814 154.783554320001 158.764396003957 162.282091904314 165.569854240001 166.027463376843 166.62436478 165.587763686614 162.184560132729 154.819731178841 143.749457749744 133.437752413569 122.273323099998 112.040653663301 104.901514969415 102.242447908941 101.5893329 102.17807588 102.5893329 103.32093268 104.39236108 105.46378948 106.92366172167 108.03462676 110.125185109442 111.505060656673 112.368087242788 113.89235988 114.96378828 116.03521668 116.801775992755 117.58874058 118.66016898 120.46319476 122.276275291702 123.979131697817 125.512991236069 126.19597678 127.26740518 128.33883358 129.273774731612 129.5893329 129.743108419383 130.183108813269 130.4106671 130.4106671
-9999 -9999 -9999 -9999 -9999 -9999 -9999 -9999 -9999 -9999 -9999 -9999 -9999 -9999 150.942854972293 154.301458820001 158.836568608131 162.745153756688 165.308178722888 167.437006417536 168.76722158 166.793700300807 162.242537930595 154.319083060381 141.839351490169 128.046413039793 118.050533780505 108.818429881398 102.236406790678 100.035809 100.534599062205 101.304912638685 101.836170151527 102.73159978 103.415891908049 104.39236108 106.40967446 108.03462676 110.17748356 112.077217323012 112.71369408 113.78512248 114.676027626351 115.44588378 116.51731218 117.58874058 118.66016898 120.11049495529 121.32093028 122.39235868 123.953663924653 124.526869934441 125.12454838 126.19597678 127.26740518 128.181895786408 129.07287957662 130.44588138 131.249392717044 131.4820955
-9999 -9999 -9999 -9999 -9999 -9999 -9999 -9999 -9999 -9999 -9999 -9999 -9999 146.34742356731 150.609941778457 154.090268234234 159.159279524612 164.136144681156 166.21369768 168.74833044 169.912057861539 167.860657004999 162.300515728462 152.665993443843 138.543485879997 123.86383344 111.933096559998 104.135462124232 99.4233262907706 98.1397608573097 99.1947592761516 100.544718820774 101.66017138 102.326641816535 102.4464761 103.804965296542 105.368200016919 106.93716232962 109.673080356159 112.248828202697 113.78512248 114.85655088 115.5535239 115.99940768 116.784491424609 117.58874058 118.66016898 119.73159738 120.80302578 121.87445418 122.94588258 123.4464761 123.53521548 124.60664388 125.67807228 126.74950068 128.19538206 130.139163480395 131.51730978 132
-9999 -9999 -9999 -9999 -9999 -9999 -9999 -9999 -9999 -9999 -9999 -9999 -9999 -9999 150.340927921499 155.51993622723 160.20288201408 164.877159398691 166.459971835579 169.484287170152 170.6249523 168.329539189193 162.915810213672 151.725114470385 134.827263700595 119.778320284536 109.186766690265 102.4848531 98.4851026908639 97.7921808862709 98.5173145800001 100.17748596 101.66017138 102 102 102.655925858158 103.69598038 105.416167803349 108.01632074 111.170534482382 113.751384345248 115.30302698 116.234016750978 116.792179986156 117 117.58874058 118.66016898 119.73159738 120.80302578 121.87445418 122.354751086099 122.385866236766 123.033281500369 123.53521548 124.60664388 125.67807228 127.12395366 129.266810460001 130.89235748 131.3750477
-9999 -9999 -9999 -9999 -9999 -9999 -9999 -9999 -9999 -9999 -9999 -9999 -9999 -9999 150.421608095459 156.464586804389 161.224213218691 164.123745060308 166.326261657114 170.3543916 171.6963807 169.073003759999 163.308246084195 151.717690114994 134.179818797429 117.340136080144 109.145492367426 102.695876911765 99.32192292 98.6963807 99.2136952800001 100.87386666 101.896821472276 102 102 102 102.94588498 104.33824606 106.631642702876 110.48051054 113.46319716 115.30302698 116.37445538 117 117.360246218027 117.875133702781 118.66016898 119.73159738 120.80302578 121.265501166014 121.3036193 122.00525594763 122.365415691562 123.16016778 124.23159618 125.30302458 126.48814413167 127.884878872479 128.764303833287 129.320843805905
