catData/variables/futureClimate2070/rcp45/IPSL_CM5A_LR_2070_rcp45/bio10.asc
NCOLS 409 
NROWS 350 
XLLCORNER 60.897278365 
YLLCORNER 5.843756025 
CELLSIZE 0.0892857 
NODATA_value -9999 
[rows 130 to 155 of 350, columns 232 to 289 of 409]
36.0122855504273 35.9195822937774 35.767909372 35.71963939 35.6665887723914 35.6249108894039 35.61963939 35.61963939 35.6010630687899 35.51963939 35.51963939 35.51963939 35.51963939 35.51963939 35.51963939 35.51963939 35.51963939 35.51963939 35.51963939 35.51963939 35.51963939 35.51963939 35.51963939 35.43927878 35.437536275515 35.41963939 35.396481212 35.295289307099 35.2319250346963 35.175052692 35.078069217713 34.980406402 34.9263137938776 34.860849128327 34.7432072754683 34.6493690687364 34.544692202 34.4378890091458 34.3571757126496 34.33927878 34.33927878 34.33927878 34.33927878 34.3480352883738 34.4004881494215 34.43927878 34.43927878 34.43927878 34.43927878 34.43927878 34.43927878 34.4378892020112 34.3571757597841 34.323263922 34.216121082 34.108978242 34.001835402 33.894692562
36.089337892 35.982195052 35.875052212 35.82678223 35.82678223 35.753623692 35.72678223 35.72678223 35.632195172 35.62678223 35.62678223 35.62678223 35.62678223 35.62678223 35.62678223 35.62678223 35.62678223 35.62678223 35.62678223 35.62678223 35.62678223 35.62678223 35.62678223 35.62678223 35.6202859848211 35.5492751953416 35.5098263284957 35.4454491716669 35.3993666721704 35.308977762 35.2397101361549 35.1836771876824 35.087549242 35.0339711006429 34.8876868051944 34.85356446 34.758977882 34.65356446 34.644692202 34.55356446 34.55356446 34.55356446 34.55356446 34.5862096702696 34.6406364895677 34.65356446 34.65356446 34.65356446 34.65356446 34.65356446 34.65356446 34.6531013475709 34.6202863362664 34.537549602 34.4242046140589 34.3127120115568 34.2328751403843 34.1089782419999
36.1413336098775 36.0705390533475 35.982195052 35.93392507 35.9115291982425 35.8516605472275 35.83392507 35.83392507 35.7714267376375 35.7672632708926 35.73392507 35.73392507 35.73392507 35.7236453470126 35.7127029364574 35.73392507 35.7163757066026 35.7 35.7223957903373 35.73392507 35.73392507 35.7042596392527 35.7320886442173 35.73392507 35.7309150688427 35.6894178766272 35.63392507 35.6139036935672 35.5551472849628 35.489338372 35.3997448139772 35.3478776445528 35.2903055609171 35.194692082 35.087549242 35.06785014 34.973263562 34.9011885037329 34.8619878017371 34.796342076793 34.76785014 34.76785014 34.76785014 34.76785014 34.802030237443 34.83392507 34.83392507 34.858743910967 34.86785014 34.86785014 34.86785014 34.866120962 34.7558107867323 34.5998358466393 34.3997717845137 34.3696432429076 34.4717410061969 34.323263922
36.14106791 36.14106791 36.089337892 36.0168900576621 35.933984302 35.8699553174568 35.8919101876458 35.9 35.8611550721489 35.8586230579075 35.8374240619436 35.8 35.8095106782617 35.810766652 35.7631344995331 35.8 35.7695145606722 35.74106791 35.7799721991225 35.8300445839802 35.84106791 35.7895353461854 35.7990329794238 35.8 35.7947712514934 35.74106791 35.74106791 35.74106791 35.719001461904 35.637549122 35.58213582 35.523263442 35.48213582 35.408977762 35.301834922 35.28213582 35.187549242 35.180406402 35.0784921690696 35.0316298780331 34.98213582 34.98213582 34.98213582 34.9638250935564 34.9623120515463 34.98213582 34.98213582 35.0252492511458 35.04106791 35.04106791 35.04106791 34.9522319511464 34.5396122003673 34.2010809377605 34.1886198228636 34.4356911616233 34.603624532 34.496481692
36.24821075 36.24821075 36.196480732 36.0609548456118 35.933984302 35.826841462 35.8028735848117 35.7614209866706 35.7519829521295 35.7044744012 35.7507726255353 35.7190209605413 35.7896638769822 35.7396749557412 35.7396826609531 35.8 35.8 35.8 35.8 35.873158298 35.9 35.9 35.8510141963589 35.84821075 35.84821075 35.84821075 35.84821075 35.84821075 35.84821075 35.825119633506 35.7714823017587 35.7177211869766 35.664595068288 35.6103227404472 35.516120602 35.4542642180821 35.3992250706531 35.346481332 35.2436158741237 35.1964215 35.1964215 35.1818132676703 35.1301589009351 35.0984044736005 35.1232117154645 35.14821075 35.14821075 35.14821075 35.1869242994767 35.1964215 35.1508207170527 34.9360446253651 34.2222934624178 34.056902432 34.4751379903344 34.7336026333762 34.662556622 34.555413782
36.1271124639958 36.0972738611081 36.1948316461413 36.1148425244386 35.989337892 35.882195052 35.775052212 35.667909372 35.6452259834432 35.4883352593536 35.43393923 35.4393747938532 35.4600186712506 35.4507120641182 35.4812744060555 35.4925589308541 35.4659634715559 35.41252487 35.4856087219159 35.5153988593482 35.6014239953877 35.7684421931855 35.8940072188595 35.9009574277977 35.95535359 35.95535359 35.95535359 35.95535359 35.9760801096375 35.9860268419945 35.903624052 35.85535359 35.8258801651093 35.7702115685227 35.675052692 35.6163131002132 35.5583501134189 35.508977762 35.41070718 35.401842248315 35.342534839947 35.2361540851581 35.1347547491555 35.2306134328432 35.2267195664752 35.2325878418928 35.25535359 35.25535359 35.2912049510034 35.3 35.2577705957325 35.1604715125024 34.825084684 34.6448345601452 34.6888503687957 34.769699462 34.6418303680597 34.4753801196917
35.3470090049742 35.3712936640001 35.8802268783953 36.141127142 36.0752417564896 35.7607305195489 35.8206403744541 35.775052212 35.667909372 35.3971889775073 35.2319584255067 35.158991562 35.069219189011 35.0424411290098 34.9735344484957 34.932104788 34.9810460874908 34.9382138555025 34.9207697125055 34.9890270954963 34.8720009190037 35.0998640640001 35.3858191505006 35.6549868615037 35.9430485645018 35.9699729564927 35.7835646409939 35.801140177022 36.0765392134957 36.0832783965049 36.010766892 35.96249643 35.9212392754933 35.8725631165073 35.782195532 35.7078472154914 35.6645266565092 35.660767012 35.56249643 35.546481332 35.439338492 35.3284048095367 35.2921138004615 35.3346314854865 35.280599666514 35.2845755834853 35.3 35.2542789754841 35.0367633919339 34.98751785 34.8692916809645 35.2368550665183 35.1822559639999 34.951955426 34.6797394944394 34.6011469265208 34.4767196094786 34.251203068522
35.032194932 35.0413004334545 35.2874168409394 35.3340965434607 35.2183559098274 35.0614206928352 35.3896519154392 35.6991977373622 35.635773672 35.3977448923389 35.2545876220277 35.0728312903945 34.9233296652387 34.869698742 34.7886316985053 34.7831761898615 34.8157055382282 34.8124865734051 34.733984542 34.6934758819851 34.4817198906098 34.327320576371 34.5304159944286 34.9425773447718 34.9153864894861 34.8126982538849 35.0225352977767 35.875957557049 36.1 36.1 36.048270462 36 35.9799572979041 35.9186925324626 35.819699102 35.7734514428039 35.76963927 35.767909852 35.6634606942963 35.583984902 35.4929690809702 35.4485380293965 35.4 35.38646322587 35.3336153644967 35.2180037457268 35.0228044136904 34.878645832 34.810204978182 34.7391049863303 34.8705342305147 35.13036073 35.1126166939999 34.8600108955945 34.444766794 34.3121832634693 34.2744666211025 34.1168240287358
35.1873693292081 35.0871343119422 35.0602806006762 34.905472174 34.757202192 34.6108725517568 34.6628750980626 35.4383690859208 35.5244746609193 35.2460341341852 35.2054724139999 35.0034838327171 34.9 34.869698742 34.8 34.8 34.7602807849533 34.72321789 34.657202432 34.4938871071555 34.3474904121104 34.1280272873762 33.9260448627887 34.1617220498163 34.1255944186964 34.26382705688 34.8241547800003 35.9908526240563 36.02321789 36.02321789 36.0112073827696 36 36 35.8144973408651 35.7894483296667 35.8 35.8 35.798270582 35.691127742 35.583984902 35.5 35.4929647986948 35.4480321100393 35.3657655767733 34.9934566665517 34.6132021137584 34.7699818401956 34.6351079431289 34.3801102797748 34.3190048048222 34.5272230779118 34.9477634793541 34.9918496087599 34.6141724717718 34.2591215248481 34.0534709255822 34.0235167296836 33.94643578
35.225111324 35.0625802331571 34.964345032 34.7489203173599 34.6215380435386 34.6539527733117 34.7352427913358 35.1858919325939 35.327607291133 35.1970963679369 35.0144046239999 34.8967809169722 35.2356998 35.1799682263741 34.9889249689511 34.9213445154231 34.8727059316783 34.7345161347798 34.5231776617624 34.1630373739653 33.983999062 33.7894122439999 33.5599216857131 33.4154285792234 33.6353514435515 34.4093363869059 35.6212461983112 35.974569885794 35.91607505 35.91607505 35.91607505 35.91607505 35.8052685726022 35.6515467031949 35.7637684364961 35.8 35.8 35.7157970451918 35.691127742 35.583984902 35.4805647121125 35.3906451372139 35.2632819443153 35.0662195294167 34.6372933909636 34.273277962 34.5068219527211 34.7853775132432 34.594797826 34.3155390640757 33.99680840476 34.3171569515439 34.5523330146704 34.2028151644309 33.8692074154029 33.8321501 33.8575553945296 33.9
35.0770754750967 34.964345032 34.9043115761592 34.9914524794522 35.2356960616651 35.468324721753 35.5267827977159 35.6394186415539 35.5776493213068 35.287607994 35.1137233460456 35.3389744323581 35.2789101405284 35.2035190660056 35.3207766692042 35.5414571289347 34.7834188656485 34.012585062 34.194243036613 34.2827935987609 34.2660307037214 34.4079163970108 34.4977830583518 34.7715700852063 35.6081867289217 35.7696102843356 35.8672515503645 35.787563402 35.6837651260286 35.6674007505026 35.6236465259323 35.2676599721747 35.0084780540962 35.2980401817652 35.578466216 35.69749749969 35.70893221 35.6984250572475 35.600059952 35.492917112 35.3646848496538 35.0495923976128 34.6217373094086 34.5050242459398 34.2756114474133 34.0053787269976 34.1908565420001 34.4130236678704 34.4231431797882 34.1555339259999 33.739519068 33.7482738598103 33.951215858163 33.9064903297567 33.8 33.8 33.8033445211541 33.80893221
35.3078635729965 35.5778340172392 35.6856850400001 35.6299725417776 35.5945969452859 35.5271899527942 35.5806538592325 35.5156851832072 35.2232025908794 35.1018178877241 34.9848377245597 34.8261786421038 34.9294871184317 35.122614965519 35.4358753983692 35.5455784827075 35.5343856650711 35.5299251700707 35.5743057532034 35.504888964637 35.4785275600001 35.4816569526184 35.2980101884358 35.6876622978509 35.8001587618175 35.7546030769607 35.5067430945103 35.4750670919999 35.4046981008381 35.404376560998 35.251105128834 35.1597091899787 35.3249079264811 35.4694474813698 35.4222203725356 35.491022478 35.5964728141492 35.501849322 35.403419982477 35.3071316287954 34.7416767871951 34.419996676906 34.1329402488674 33.9643603919999 33.8553662949207 33.8032612292485 33.8065143788473 33.7384071600958 33.7913893721159 33.7201633465596 33.7003874817749 33.7000618827848 33.7122920047715 33.8015028049354 33.8227433210993 33.9279689792632 33.9228745051458 33.756211594409
35.6404815377954 35.5702661411981 35.5187332810054 35.3658921679558 35.3017147911754 35.3745954876157 35.4631057372767 35.2490225658414 34.9272355462261 34.5978284972887 34.7884088567341 34.9221816051635 35.1384838080798 35.2552605007566 35.301625354 35.4470930703497 35.3891078537074 35.3345221558285 35.233984542 35.2653252829281 35.137288578665 35.187443978 35.1206042127767 35.4103572505558 35.6689790090372 35.3581648323153 35.1069876416647 35.0611012001833 35.0153698108854 35.0702661155014 35.021503112 35.1004325512836 35.3213234960001 35.3775435759372 35.212630854 35.3621639488422 35.085278669691 34.6608888758738 34.5594818956703 34.4117443484007 34.0686146285269 34 33.9979954671435 33.99464653 33.9974158424496 34.0031517022462 33.9428725840427 33.91070694 33.91070694 33.91070694 33.7164706127711 33.7983633930254 33.7044035483559 33.7258188953814 33.912450758 33.963858912635 33.90535347 33.9029665601952
35.2720772791078 35.0653608520506 35.0223973376493 35.111889944317 35.3240259109171 35.3292967915002 35.1217952416457 35.3810750497667 35.0939534759503 34.5359752054168 34.4721683946163 34.7460453777248 34.9961855331131 35.0212060808664 35.1154703428744 35.28750369 35.184044134 35.2126058308504 35.2587330308388 35.1460464565824 35.092426951724 35.1640203974328 35.3760008779964 35.464240728 35.5569647765644 35.465967997716 35.2209230737132 34.9204564734272 34.662601214 34.5653605519975 34.548270462 34.7575775157037 35.0612994197116 34.9146900237176 34.6969859522937 35.0450935571198 34.4733829700158 33.9752234934345 33.9863949851363 33.958992282 33.898165318 33.9712209008487 33.9110302402585 33.8473087880388 33.9332009314389 34.046375828 34.0957531262973 34.1091420277265 34.11249631 34.1234235205849 33.8530534080141 33.8002160834433 33.7958609488725 33.6390062116983 33.735654008 33.8730973860001 34.01249631 33.9734817240185
35.4005405234126 35.2283387295363 35.23257900017 35.3669498791081 35.2679686039999 34.8485750250155 34.8644713979225 34.9 34.8628478115976 34.8206583617892 34.867941331675 34.7878032826132 35.0133016704487 35.2345671015105 35.1939395902829 35.1846131674631 35.0681008600882 35.1650557722421 35.4123917660001 35.260885956 35.0039881130564 34.9778949540054 35.264121304 35.2210291178709 35.3160025128091 35.4417506647585 35.1975100133147 35.0529665876235 34.9717442394384 34.7785005025002 34.626827062 34.555432530752 34.5663990349425 34.4484123547477 34.3526887585713 34.3239093431285 33.9616730879333 33.7424723250049 33.816056014114 33.744706602 33.6611395270964 33.6381759872425 33.4397442363044 33.3626372792674 33.6761437404282 33.8641612129801 34.0004231585519 34.1286079416137 34.1764920666756 34.2506311882626 34.1087009295986 33.8992457362777 33.9483030430769 33.8329879360302 33.8186097229532 33.9350111578914 34.0680752611705 34.0891172042324
35.2598866445651 35.1689893728935 35.2326010627433 35.3511886758846 35.2411866139999 34.9197704826625 34.8855770609742 34.8531613965593 34.6825942004149 34.9855356640001 35.2697293814116 35.1724182275016 35.2955321960355 35.4918847201126 35.398329814 35.0948702579999 34.911093524029 35.0484139973345 35.2693651993601 35.1465543740545 34.832314596 34.8138235131129 35.0020855554477 35.1139157804978 35.2041207695272 35.3239432562216 35.323277842 35.2242502176106 35.1458023623052 35.055413302 34.948270462 34.8137896327774 34.6392137330832 34.428815176889 34.1108091375277 33.9121539356664 33.609112306 33.3924088674442 33.3702099734993 33.396510972 33.2322986312787 32.9742052013339 32.9206537701136 32.8772317752771 33.0729893623303 33.3269393338881 33.6420585152259 33.912344775501 34.096530896391 34.0565246633299 33.9957718128309 34.2197772851162 34.2137901599471 34.0526053516681 33.8947237752748 33.8757494309429 33.9541972862484 34.044586218
35.1629255760111 34.8144982253233 34.8378966006691 35.115971226 34.9318198340809 34.8220918215289 34.8866345519483 34.7251115639999 34.4449704488575 35.1718517289557 35.5058626767172 35.56064191239 35.4932790141256 35.3339994219999 35.2021153305915 34.9501298438373 34.76607517 34.824947788 34.9521433844989 34.8997720804548 34.6233972659999 34.5361871437634 34.3092098531643 34.3694755146083 34.7850556558633 35.0033744956191 35.007217672 34.9714941253791 35.06607517 35.0063625105008 34.8453224863474 34.6844112633861 34.6073772429612 34.3299357172311 33.883704804865 33.565559435462 33.248390606 33.166120242 33.0529576051126 32.8785518072292 32.719759294 32.596375948 32.703518788 32.810661628 32.8845421776268 33.0594633114678 33.476132141756 33.8037609532236 34.0797352822846 34.0478101942553 33.3331145740843 33.8689015933032 34.1273660329759 34.1021682154049 34.1172597827136 34.0781290660056 34.10177449 34.1161091106802
35.2030445031635 34.8444080428765 34.6397270967505 34.722009572871 34.2525795050025 34.3003653260747 34.7380185906125 34.7147988297646 34.132477652 34.742283563614 35.4069331797145 35.2983777461649 35.2674106513629 35.0448107007174 34.8496657247978 34.6465554439999 34.53572932 34.594601938 34.4765873935595 34.3345728331995 34.2694897341605 34.346376308 34.0413766491189 33.9889616368022 34.3961270276013 34.5852234381592 34.5506132384762 34.7087601499212 34.9281776899226 34.824245029997 34.6037437159999 34.2476203319182 34.0304606586099 33.9515479018378 33.633157953393 33.3481337482424 33.1117939334346 33.3825366170315 33.3932960945479 33.2507328891936 33.0673867917734 32.7804429974506 32.8170915194763 32.8583717108193 32.8702118244162 33.1470404566443 33.6706889258407 33.937428498 33.9270063405884 34.2520171683903 33.3743340190985 33.8477339766558 33.9179745230746 33.8991613959312 34.1094300820115 34.230300538 34.3 34.2737243028737
35.176900814 34.8718450118167 34.5715411864991 34.3559784267199 33.8887380980574 33.9547457182784 34.3780379327751 34.5432620569267 33.987846122 34.0153449335725 34.5051342228893 34.8064209896665 35.0545396348515 34.9754941070181 34.7057196966107 34.4805322242031 34.39642102 34.3985280592237 34.2337800149806 34.001893914 34.1116867476688 34.2813906557582 34.2510139693506 34.1474385371708 34.1081740014645 34.2016949267681 34.491776712559 34.6660721874351 34.6683739938109 34.625074454498 34.5464790241808 34.3283587233658 34.0442232045507 33.8705128042642 33.6066027890792 33.2858792959999 33.3360266185814 33.5042925972379 33.7356959638484 33.60715796 33.5686913721375 33.3804509939999 33.3339915452002 33.4398893807564 33.4016136971557 33.2875659262452 33.9190067980003 34.365999858 34.1490661215103 34.3156957682619 34.4917826300599 34.3919465075326 34.3324980597498 34.2374838538473 34.2111644443101 34.278511048 34.366262153495 34.3749257769125
35.0558580149366 34.8909189626934 34.651893314 34.3850381162875 34.1481648594755 34.0561419892478 33.9471500167233 34.1465249900444 33.8204926730778 33.6333528234837 33.6602092111214 34.3603792298897 34.812451718 34.8286907839999 34.6351316666203 34.4753793481545 34.4179274650706 34.385774032 34.1760739664791 33.983472272746 33.8027009381443 34.0879773695889 34.2386538948428 34.141187334 33.9495578748717 34.096092028 34.5847016960341 34.4565652854528 34.2371337404555 34.212466598 34.0157121364422 34.1125880733719 34.2491578486728 34.013188448102 33.4900953466307 33.4066736160894 33.5897527548533 33.669333722403 33.8395086860945 33.6856316432488 33.7503191361044 33.8171951267963 33.8615457663032 33.9505194197013 34.046190797251 33.9767809025958 34.2954713915773 34.4921672119002 34.4175901925501 34.4968058110004 34.6576497447253 34.7097495420495 34.6474312323512 34.5428950944008 34.4317525363741 34.479588225149 34.5274239139238 34.5354470973013
34.7657088607586 34.654075268957 34.509051394 34.1843858344176 33.9425082678961 33.6073963279999 33.4096822513025 33.5952023993748 33.5540753589662 33.1903300683409 33.3888338068015 33.8535851398305 34.2955545425715 34.5329717822278 34.2189666034805 34.0501822914383 34.1965703483455 34.216135002 33.9769612459999 33.8475704709188 33.516299258 33.7107762360968 33.939188876 33.9112140547 33.8131064687529 33.6085738176719 33.8760942586171 33.9473715431248 33.7206187908049 33.4724821654969 33.3426643081275 33.233205069814 33.3165597341404 33.197021163856 32.9392344465005 33.3137972779309 33.4104811904986 33.426752278 33.497298743915 33.2485746601495 33.5591046413257 33.9662872506289 34.0311673405926 34.152857217506 34.18748857 34.2905192975569 34.3294987616826 34.1936327630629 34.2503849435899 34.5045434706528 34.726676486 34.7379359727366 34.76249619 34.7564900080839 34.72499238 34.7060556982005 34.6390955053427 34.5442706249698
34.5640608853194 34.4454387169456 34.1155743084919 33.7394375344889 33.2751607470601 32.9727333266761 32.92144388 33.0354370107938 33.2494133790902 32.7212896234384 32.7727332967109 33.4614358303362 34.0015660733173 34.4787352559999 34.1345699532789 33.9184782594804 33.8536999478982 33.6822948818892 33.5064254652024 33.3499113918166 33.1031641051643 33.0440073917821 33.0344533683108 33.3893929223212 33.7432800669118 32.9313729052428 31.8465192055747 32.5210974081842 32.7807640264709 32.4315751839738 33.0332832503802 32.7577996301372 32.3035696681296 31.9659434541678 32.4235393044849 32.7200145423664 32.74288776 32.644617178 32.7294192420514 32.594517168397 32.7403134150441 33.134030862 33.0202102597674 33.1773813791755 33.8245694535302 34.219594078 34.0367476033321 33.6222890595268 33.8968105032593 34.3752030116107 34.619533646 34.701729178 34.8061783872767 34.8584864382329 34.7838732037425 34.700060432 34.592917592 34.4722379437288
34.710289022149 34.4984331579999 34.1890196235152 33.930508906 33.6644737290897 33.4055333049179 32.9675316920149 32.7628021706381 32.9575717220896 32.9067258300335 32.9412659456871 33.6350176205594 34.2802693619861 34.5090962259999 34.0726665914039 33.8536936906329 33.9778125877905 33.789382244 33.5904241188585 33.2155120862063 33.0627111547754 32.8318375189783 31.3981536845896 32.442559248 32.9291989947188 31.6581367420322 30.8916332335163 32.3615417010026 32.6042374439998 32.0152025185305 32.4590406961438 32.2778345109674 31.7441391471349 31.9805379848452 32.5473247533329 32.5864228027657 32.5041565266426 32.4004015385195 32.4095935587927 32.2659359837267 32.3035058163003 32.5091027499459 32.5491050463842 32.6602630486851 33.151290610631 33.8610390772577 34.163283425531 34.0989799635581 33.933059179653 34.2029359840845 34.5808592541618 34.701729178 34.8020599166729 34.807203272 34.700060432 34.6161829116964 34.5913063478196 34.532195652
34.678630952 34.4377265779999 34.1209310044105 34.0531675073808 34.112640688202 33.9776213168567 33.70738607645 33.5538212603682 33.4108935595039 33.2488705062404 33.1148218790935 33.503936543826 33.9887229742943 34.3590430676114 34.2475154266345 34.0554609479281 34.0916842881701 34.0155881479259 33.8912217856816 33.6701763083123 33.4013707684204 33.0894421959999 31.6515331515235 31.9426361029345 31.5320502406484 30.5350677317202 30.5968744579058 31.8521715649674 32.1157007947605 31.3268619120099 32.0725621390104 31.7562297194141 31.5723351516734 32.4823609920183 32.7712579589044 32.5497071649406 32.421488712 32.31607529 32.3057767907969 32.1865593754473 32.162391166 32.3718059080643 32.56886806582 32.8407683347274 33.1290063113424 33.3906027674763 34.0877800167448 34.5681171697965 34.4492803967092 34.3723319455586 34.5080508424016 34.617804468 34.71607529 34.7135008551334 34.676842302 34.6 34.6 34.5928326361565
34.8105911207697 34.5939277392374 34.4168518740072 34.3159149192088 34.348150798 34.3024417121724 34.2588568891217 34.2475268389493 33.9710930676624 33.9403145569045 34.0960405235419 34.0577801784912 34.216792878326 34.3661795814404 34.2647990013364 34.1504633179434 34.1 34.041127382 33.8738658817781 33.662615854 33.368029036 33.0466005159999 32.6322338735312 31.9871447314919 31.7482649189715 31.5678628120001 31.4855430840492 31.6864067744119 31.717158054212 31.0178649 31.7513198622345 32.2821999988841 32.5345056717014 32.9116677146628 32.7627509186902 32.60586697565 32.4103432927865 32.3 32.291127742 32.1985694593787 32.237383426 32.3964807536889 32.483819686 32.9496934617297 33.8018007825666 34.4267141534185 34.6428456990237 34.7594300390279 34.484210550251 33.8436930444224 34.1155258699539 34.6033038980398 34.79106755 34.79106755 34.767909852 34.6358796348131 34.5430312169818 34.6
34.8618855543827 34.7090360339999 34.546480372 34.497156795446 34.497602203533 34.3532025665119 34.694321482546 34.5334140274091 33.8410823317947 34.4911138668553 34.485758432 34.3791888247709 34.2990392807287 34.3012473356567 34.262555902 34.1116240563011 33.95098559328 33.902525629741 33.7049246552378 33.457262624 33.1626758059999 32.2400937832223 31.4607697046142 31.4140731594698 31.5947067219999 31.5347500597288 31.6523084750693 31.7710823518556 32.3872600807014 31.9370577600606 31.7614286248952 32.3355904121804 32.761663066943 32.9726776919218 33.0745526063972 32.9195189858796 32.705458014 32.5997265744877 32.8542496444491 32.4789026797953 32.4654801572258 32.7243896822469 32.867728796 33.3933217582893 34.20420499607 34.6162722193378 34.8296671347045 34.969578598 34.9118089161831 34.2789474639998 33.1759931304521 34.0209889458305 34.60357922 34.6193074744997 34.7013751775208 34.6691572005419 34.562107192874 34.5455779085841
