catData/variables/futureClimate2070/rcp45/IPSL_CM5A_LR_2070_rcp45/bio11.asc
NCOLS 409 
NROWS 350 
XLLCORNER 60.897278365 
YLLCORNER 5.843756025 
CELLSIZE 0.0892857 
NODATA_value -9999 
[rows 104 to 129 of 350, columns 59 to 117 of 409]
12.7433223142239 12.831182171919 12.4200301484092 12.5333114786198 12.7847712811059 13.2652140059944 13.3408767740001 13.4184341365805 13.4944475276653 13.9543012484907 14.1156042482202 15.0338768800022 14.9452839035553 15.5992613191115 17.5433979695984 19.4147401337776 19.555490341978 19.5 19.4897191545107 19.46607445 19.46607445 19.46607445 19.4860482865117 19.5 19.548340845977 19.56607445 19.5957412775342 19.6624996227102 19.7 19.7030110208011 19.7284912814433 19.676838942 19.569696102 19.462553262 19.355410422 19.248267582 19.141124742 19.056378904846 18.960764612 18.853621772 18.83392555 18.7714260858685 18.73392555 18.73392555 18.73392555 18.73392555 18.73392555 18.73392555 18.73392555 18.73392555 18.792800568 18.83392555 18.8587457191803 18.9209112210641 18.9635922146916 19.062440318 19.13392555 19.13392555 19.13392555
13.8017833370449 13.4971348759791 12.3260760487351 11.859274279291 12.6478265509913 13.5776829092733 14.0061214518414 13.6645201192196 13.4289641849084 13.6521553070855 14.1442863931575 14.0500979634482 14.9286646337563 16.8158449030244 18.8331997439195 19.408875618 19.5 19.4904880278083 19.44107289358 19.4 19.4 19.3787542302552 19.417807108 19.45893161 19.45893161 19.4919111772979 19.5515338413138 19.5977780760745 19.6596431354628 19.705230403149 19.742913392 19.6452824256276 19.569696102 19.462553262 19.355410422 19.248267582 19.1653038625689 19.1139558200428 19.026839062 18.9526756907338 18.94106839 18.9022220224897 18.84106839 18.84106839 18.84106839 18.84106839 18.84106839 18.84106839 18.8593805132283 18.88213678 18.9168327759952 18.9681808613931 19.0252515572186 19.0740477601696 19.1336703384421 19.235657608 19.24106839 19.24106839 19.234490162889
14.1328620656484 13.2076785551484 12.5407986906642 12.0270415175791 12.5014622131543 13.4672664363915 13.828166689161 13.4485319999641 13.0055476190773 13.1234575895177 13.1489082869806 12.5294651246615 15.2703321015379 18.0048353174337 18.9587198820001 19.360664388 19.45178877 19.4397938186498 19.3853900023293 19.35178877 19.35178877 19.3249970627335 19.3304908962456 19.35178877 19.35178877 19.432092788 19.45178877 19.546378468 19.60089726012 19.65178877 19.635770552 19.55178877 19.5360947539637 19.462553262 19.355410422 19.2732084170265 19.2198267439525 19.1658100390684 19.1103220800893 19.0577070208897 19.04821123 18.953621772 18.94821123 18.94821123 18.94821123 18.94821123 18.94821123 18.9662646472777 19.0195147297013 19.0731519493196 19.09642246 19.162440318 19.19642246 19.2380106745967 19.2903702044242 19.3454090525548 19.3473761835339 19.304278697487 19.339915840508
14.2910567939903 13.1629813433496 12.900418392696 12.1576950297455 12.0249460083876 13.1235281155012 14.147201428245 14.0311035814317 13.7494658518723 13.7864022596374 13.623348306 12.5160753907451 15.9573406108012 18.3911213385455 18.961326018853 19.308875618 19.4 19.3871792788922 19.3311163657614 19.3 19.2753177209314 19.24464593 19.24464593 19.24464593 19.24464593 19.324949948 19.3930513249901 19.4422304503563 19.54464593 19.5397330470491 19.4821403776045 19.4574665182581 19.5 19.462553262 19.3800925682188 19.3267180711276 19.273714593526 19.2188103658204 19.2 19.1641476314868 19.15535407 19.060764612 19.1097492425525 19.05535407 19.05535407 19.0681745254083 19.11070814 19.1274264772845 19.15535407 19.207086248 19.25535407 19.321371928 19.35535407 19.399805346637 19.4497493887094 19.45535407 19.3992267065977 19.3593163507487 19.4088664699049
14.2587590826995 13.353034195916 13.4444021136334 12.7950637595056 11.9651678606026 13.0785666816072 14.3721325915828 14.7384106698483 14.9137523949896 14.973012474 14.5811307326268 13.9181298807873 16.9699240751924 18.7374191038953 19.1291092212929 19.3658255410066 19.3899889587204 19.3288168875659 19.2810608501479 19.23750309 19.192913272 19.13750309 19.13750309 19.13750309 19.13750309 19.217807108 19.324949948 19.33750309 19.4364203072854 19.366130802 19.2950279625741 19.423161058 19.5 19.462553262 19.4 19.3805987447183 19.3257016929955 19.2752411732908 19.26249691 19.26249691 19.2078454758505 19.2236415188715 19.260764612 19.16249691 19.16249691 19.185657728 19.26249691 19.26249691 19.26249691 19.2818980752743 19.3 19.366017858 19.4457231755844 19.542800448 19.56249691 19.56249691 19.4635793927294 19.52499382 19.5310009666981
14.3909083491945 13.4051431820001 13.7264469727596 13.1728382381152 12.3932249532349 13.5584822210313 14.4410322165803 14.9628733873203 15.5548229535386 16.0078445793456 14.8363226663083 15.3412095352324 17.5218120946996 19.0668236486966 19.3403316514655 19.4 19.383981542 19.283870529976 19.2211598379429 19.1739220181382 19.085770432 19.03036025 19.03036025 19.03036025 19.0813095114563 19.1243805006248 19.217807108 19.296232279213 19.328627712 19.2276656630508 19.232036436 19.4070317551114 19.43036025 19.4189913267263 19.4 19.4 19.3821253244831 19.36963975 19.36963975 19.3137163997602 19.3343485943173 19.3679970959224 19.3691138199965 19.3330988760846 19.2807946298343 19.3463111822469 19.3485363583279 19.3 19.3 19.3 19.3410004153477 19.435657608 19.542800448 19.649943288 19.7305371890233 19.7392795 19.709445107139 19.73309904322 19.66963975
14.0335478230556 13.7221884510287 13.8164269247913 13.3643337740818 12.9916555285704 13.42041836041 13.8807150863404 14.2305604489664 15.4635626542163 16.1562960155826 14.2792248758941 15.1731798711729 17.9891405901397 19.1533370320694 19.4 19.4 19.383981542 19.276838702 19.1767316979664 19.085770432 19.0128648091367 18.9602783253118 18.92321741 18.92321741 18.996378588 19.02321741 19.110664268 19.217807108 19.2201545844508 19.0600643102014 19.2197372333478 19.3410010702038 19.4 19.4 19.4 19.4 19.4 19.4 19.4 19.3813555426162 19.3970854298322 19.4726282357194 19.47678259 19.4747220128225 19.4449851212519 19.4 19.3929642754771 19.3480301989713 19.3 19.3397213061318 19.3904518443166 19.466017858 19.6293353767865 19.757086128 19.864228968 19.87678259 19.9522352610073 19.867907692 19.77678259
13.649399577617 13.7696450399562 14.3093274027076 14.1432442976388 13.7205372809093 13.9225191041886 14.4179064720862 14.2910473141183 14.9394198617427 16.1543418085296 15.2196802451564 14.7313953879646 18.1733601281908 19.3299804259999 19.4824711886125 19.4 19.383981542 19.276838702 19.1442629838757 18.978627592 18.91607457 18.864341912 18.81607457 18.81607457 18.889235748 18.9834700624138 19.014056706402 19.110664268 19.1155175739328 19.0942274868494 19.2294615763349 19.387648470481 19.4 19.4 19.4 19.4434166542559 19.4345141165599 19.4554059726243 19.48392543 19.48392543 19.48392543 19.578514888 19.58392543 19.58392543 19.567907452 19.48392543 19.48392543 19.446478932 19.38392543 19.435657608 19.5333365420191 19.633868718 19.7527718256125 19.9316240575717 19.9819074892441 19.98392543 19.9997215791243 19.975050532 19.8704824745072
14.9535530023974 14.3247068066567 15.0993702577098 14.999344425696 15.114347024 15.0732630068299 15.2334952264126 15.4031332526063 15.7311031235831 16.7046511340002 15.7759464189596 15.3907779689817 18.2882164141762 19.4482709861306 19.4998452329475 19.4829853982356 19.383981542 19.2557461086018 19.075920908215 18.962553022 18.8593928241512 18.757199072 18.70893173 18.70893173 18.782092908 18.889235748 18.98856807075 19.094589698 19.1 19.108875378 19.2174489219826 19.3300241048343 19.4 19.4 19.4406069572849 19.4956888698982 19.4947414209186 19.4969648282645 19.5666264005524 19.59106827 19.59106827 19.685657728 19.69106827 19.69106827 19.6896375874536 19.68213654 19.6545395229127 19.5877236499042 19.58213654 19.633868718 19.741011558 19.9082757191717 20.046365508 20.0144187575838 20 20.0861407644391 20.09106827 20.082193372 19.975050532
13.6487115465005 14.8906956740256 14.92052569734 15.2742094460661 15.7661440418511 14.880261106 15.2681210154688 15.750757468639 15.3781260220845 16.1336918370403 16.8277829629004 17.1108539791591 18.336123459437 19.5389907681742 19.5965093294924 19.491124382 19.383981542 19.253677404 19.069695862 18.9257759292447 18.757199072 18.650056232 18.60178889 18.6666262325534 18.7013087729971 18.782092908 18.889235748 18.996378588 19.1 19.108875378 19.216018218 19.323161058 19.4 19.4 19.444589578 19.5 19.5 19.5648371068467 19.5995198787038 19.6788672317458 19.69821111 19.6999032113552 19.79821111 19.79821111 19.79821111 19.79821111 19.7976690108924 19.7596455986581 19.7420027937915 19.797347651759 19.9149079366905 20.06362106486 20.0276679408209 20.0003523480391 20 20.094589218 20.1017010733877 20.189336212 20.082193372
13.2838366486627 15.3576586800013 15.7962372933051 15.2993510683975 15.2207353474755 14.9381079839843 15.1564147210515 15.6174077495828 15.755544004769 16.1211275910296 15.8675666831318 17.5233916845368 18.9679214453238 19.5785932920144 19.603621172 19.496478332 19.389335492 19.259031354 19.0734273436035 18.9271109364786 18.7583768154392 18.648267342 18.6 18.6 18.673161178 18.780304018 18.887446858 18.994589698 19.1000927592183 19.114229328 19.221372168 19.3272749765352 19.401622455547 19.4407958083709 19.5023873037113 19.5543166402065 19.6031521518757 19.60535395 19.6745978879599 19.7042994241222 19.7881187197956 19.8050642722866 19.90535395 19.90535395 19.90535395 19.90535395 19.9037315073025 19.9 19.9023872908618 19.954316413056 20.058875018 20.0964654368916 20.0254023391906 20.080303538 20.1827645426451 20.19464605 20.1016393244807 20.1862463096015 20.1
14.2229366972405 15.5660173186749 16.1176073706514 16.3396380087642 14.8314142645616 15.0013711110285 15.6082235353641 15.8089850718802 16.3617507020001 17.2180650881074 16.0547212547683 17.1810659000003 19.1053161832076 19.703353332 19.710764012 19.603621172 19.496478332 19.366174194 19.151888514 18.975049812 18.823317154 18.660764132 18.61249679 18.61249679 18.685657968 18.792800808 18.899943648 19.007086488 19.101732538 19.208875378 19.316018218 19.40289438878 19.4390136735051 19.5046796402097 19.5515141020755 19.6064648916394 19.6640145306458 19.7082501430691 19.71249679 19.792800568 19.81249679 19.907086248 20.0002164816432 20.01249679 20.01249679 20.01249679 19.9859801165026 19.9203139697826 19.957086128 20.0060319283529 20.0515175306381 20.0297354650768 20 20.080303538 20.1 20.1118206159361 20.11249679 20.1113877126342 20.0979982969194
15.4294781252166 16.5937695430349 17.610138229018 17.3818182701928 15.874451793731 15.4608338615161 15.9951228372242 16.4635117070658 16.6066544002199 17.5678887792075 16.7353948365855 17.7801779576912 19.3291900590143 19.8969368658404 19.817906852 19.710764012 19.6004752061171 19.4582261972304 19.2649829745779 19.0944778340746 18.9392172692728 18.787546602 18.7277163300321 18.71963963 18.792800808 18.8841722359897 18.987446858 19.094589698 19.121372168 19.228515008 19.335657848 19.4382519419047 19.5059515734428 19.5497319672097 19.6087572281378 19.6612119925148 19.7115628828327 19.7726920178198 19.8143685375277 19.8841720431248 19.9171741922227 19.9956520684298 20.0210317110823 20.1017430442652 20.11963963 20.11963963 20.11963963 20.0895474856552 20.0663542359947 20.0685878387003 20.03927926 20.03927926 20.0249107696074 20.099943168 20.1368137750876 20.1967145331298 20.2192994602174 20.1928680991301 20.103621892
17.8927313770777 17.5228325119515 18.9901395760825 18.762607262235 17.213784485679 15.9533517379267 16.1380970105593 17.3023096827568 16.8229627666013 17.4555330507493 17.5624186527565 17.9482121708865 19.2287873871511 19.9924874188393 19.925049692 19.817906852 19.6990356927083 19.5242004743115 19.396478332 19.2619177396488 19.0970328673711 18.988905095609 18.894689442 18.85356494 18.9071317474505 18.9482898695296 19.0175913694902 19.121372168 19.228515008 19.335657848 19.4385106135696 19.5062031034105 19.557086368 19.62678247 19.671372048 19.72678247 19.785657728 19.82678247 19.899943408 19.92678247 20.014229088 20.02678247 20.12678247 20.135657608 20.22678247 20.22678247 20.22678247 20.22678247 20.194135258073 20.205297118 20.2377967559666 20.22678247 20.1732160139936 20.233868478 20.3175910180461 20.2575265809341 20.3255142999142 20.2511880231056 20.210764732
19.2685551529154 19.1777953259502 19.8228894082732 19.0074878521051 17.2269713043984 15.9669887787216 16.1896987497832 17.4883022900184 17.9029199793631 17.5813361343622 17.965910702569 17.5165819848332 18.7634523280002 19.9743779993905 20.032192532 19.925049692 19.817906852 19.6954602561465 19.5272657092407 19.396478332 19.2598729079849 19.1503001554023 19.075049812 19.03392531 19.03392531 19.114229328 19.1635919276618 19.262440318 19.335657848 19.442800688 19.539359540113 19.5831542172742 19.6539485166614 19.7127039219514 19.778514888 19.83392531 19.8728269542102 19.9223968444026 19.9822661729846 20.0272433056282 20.121371928 20.13392531 20.23392531 20.242800448 20.33392531 20.33392531 20.33392531 20.33392531 20.3490523811435 20.4020324962437 20.395023824369 20.36785062 20.36785062 20.4209109337925 20.4635917648203 20.46785062 20.43392531 20.4280612486587 20.3572669492715
20.2138379548636 20.4064503279366 20.3890834521546 19.3380317275042 17.8206591147221 16.0310221370684 16.2789137005729 17.2378542571 18.3865610359773 18.2706356768953 18.4384742889318 17.7911898075818 18.5251035980954 19.6386257555089 19.6139888604186 19.9947694341137 19.9316281763591 19.8494630853954 19.69290522285 19.544689322 19.437546482 19.330403642 19.223260802 19.1550237899226 19.14106815 19.221372168 19.328515008 19.435657848 19.483868838 19.5873667244499 19.657086368 19.750579968041 19.7821363 19.8042043554681 19.885657728 19.94106815 19.9652471292683 20.0210419864862 20.04106815 20.121371928 20.1926020597498 20.2388461404956 20.3007114227411 20.3462984330135 20.406578287232 20.44106815 20.44106815 20.4564467339684 20.5084136217862 20.54106815 20.54106815 20.5681804629502 20.5821363 20.5821363 20.5977574586268 20.6 20.5417794741775 20.5821363 20.5887144886684
21.2374269537307 21.4154460749872 20.9976147162182 19.852217283076 18.7649903193526 16.9142032022221 16.5344019896305 17.2800953071555 18.077960812404 18.8964595464151 18.9578028297475 18.7257841215879 18.5264380972793 19.2602975239999 18.4436337734267 19.90357802 19.9190233343691 19.9648436950626 19.7594671522369 19.6081878460944 19.651832162 19.544689322 19.437546482 19.330403642 19.29642198 19.376725998 19.483868838 19.591011678 19.6973192442781 19.7524898976001 19.8047176565218 19.871372048 19.94821099 19.94821099 19.992800568 20.04821099 20.0787019032531 20.131827978625 20.14821099 20.228514768 20.24821099 20.342800448 20.3491081299845 20.4042787918937 20.4565065422282 20.5111660596499 20.54821099 20.585657488 20.64821099 20.64821099 20.64821099 20.714228848 20.74821099 20.74821099 20.7029233765529 20.6508195815689 20.698154038 20.8007006561873 20.8529283979346
21.6492570635128 21.8939063406967 21.5486400974366 20.5245428912601 19.6299281130452 17.7139800976512 16.9038644212935 17.764069780413 17.9806203625336 18.2912743239166 19.165986423961 19.2522080970878 18.5985779739999 18.848553936179 18.5303050041395 19.6512992745157 18.8845632561789 19.866131042 19.6377716499999 19.521993598169 19.866117842 19.758975002 19.6844220050746 19.5634994734146 19.51070766 19.591011678 19.698154518 19.805297358 19.8563128561392 19.91467017635 19.9642205271608 20.0210481853285 20.0721281981823 20.11070766 20.1306151987962 20.15535383 20.15535383 20.221371928 20.25535383 20.335657608 20.35535383 20.3975844002208 20.45535383 20.464228968 20.55535383 20.578514648 20.65535383 20.6720722571561 20.7246819063547 20.75535383 20.75535383 20.784828275113 20.8 20.7555489160915 20.74464617 20.8071332167901 20.912439718 21.019582558 21.11070766
21.0552928274052 22.0591679276839 21.9408919749641 21.3320537520583 20.4378407873425 18.8947970730305 17.7629615193904 18.195721390911 18.5942395205672 18.646438132 18.9234463345549 19.1981170929457 19.1172373623547 18.7452799915696 18.5229853714852 19.6175278381563 17.8078858099999 19.5222555119151 19.4481044857555 19.3822951567969 20.0111444848181 20.0055918705525 19.9506947843041 19.8754751896787 19.8042633800172 19.8176066908738 19.912440198 20.019583038 20.026725878 20.12499334 20.1310007051567 20.1769715599868 20.2363583108698 20.26249667 20.26249667 20.26249667 20.2992917457039 20.3497523251527 20.36249667 20.3926132608658 20.4546512242776 20.46249667 20.5010826285645 20.571371808 20.66249667 20.685657488 20.76249667 20.76249667 20.779219156575 20.8 20.8367949257119 20.86249667 20.8167736700012 20.7698834991422 20.76249667 20.892559994571 21.126725398 21.233868238 21.32499334
20.7242622520003 22.1061811040195 22.1438941015912 21.8720149707149 21.1570009206954 20.0542434109907 18.8726568831008 18.330890311916 19.0025791050689 19.6201040146845 18.7530793719489 18.1518813486359 19.2350257249029 18.9642043106651 18.2882364530229 19.2233747159239 18.1717469764101 19.2089536073106 19.4089746872129 19.381556268 20.1452814587651 20.23927902 20.2214041303173 20.1629436829067 20.1170669278694 20.1648418546455 20.2051073345784 20.2376364258023 20.241011558 20.33927902 20.33927902 20.346310830698 20.3907429960781 20.43927902 20.43927902 20.4032528175936 20.3875143268176 20.4459746799585 20.46963951 20.46963951 20.4961887317132 20.5658716350629 20.571371808 20.672334045385 20.7111548413911 20.7766712478328 20.8211033189433 20.86963951 20.86963951 20.86963951 20.928514528 20.9236649971763 20.8777880535998 20.9255625003759 20.93927902 21.033868238 21.271371568 21.3846948434802 21.5504336942563
21.329206488376 22.1788431156449 22.1962808347638 22.1143265795176 21.7344996167438 21.0693213219501 20.0624229732023 18.7913851315401 18.9243394567026 19.930432681 19.8791725525059 19.196734844 19.7600412349345 18.9739357071805 19.2139629413011 18.7968296448516 18.875809565083 19.1446149824204 19.3274374978218 19.5560057988629 20.2234167461212 20.4165039005299 20.4987706909386 20.5150191433474 20.4509545282439 20.4489917558352 20.5207084525736 20.53034705 20.530749304609 20.5535647 20.5535647 20.5535647 20.560600552974 20.57678235 20.57678235 20.5647712982522 20.5535647 20.5688925509303 20.57678235 20.57678235 20.57678235 20.5987437992953 20.6771845488866 20.7068145395221 20.792800328 20.87678235 20.907086008 20.97678235 20.97678235 20.97678235 20.9904517456167 21.0353622675841 21.0535647 21.0722092943905 21.1439257340183 21.175526093573 21.3798443228358 21.571314496 21.7572836423468
21.5960563160001 22.28392519 22.270481467268 22.1925536535468 22.0671945036296 21.6424451008562 20.9270666504879 19.8535580918781 19.0064513103527 19.789071942131 20.1654377229368 20.0257135117321 20.1472260574161 19.6830545583117 19.583151101059 19.4764922027578 18.9691597698041 19.6366081092351 19.5441487961831 19.893491984257 20.3551167334772 20.5761663064815 20.69221206156 20.8232563956014 20.778614392 20.75177557 20.7658324862745 20.76785038 20.76785038 20.76785038 20.76785038 20.76785038 20.76785038 20.76785038 20.7304284919433 20.68392519 20.68392519 20.68392519 20.6225247337777 20.6 20.6733897403051 20.68392519 20.7014538343879 20.792800328 20.8865000495293 20.9194377605121 20.9887964454465 21 21.0374216866363 21.08392519 21.08392519 21.0945374352396 21.1614002548018 21.18392519 21.271371568 21.28392519 21.4049177489675 21.701674986 21.8973681070502
21.4347297420566 22.39106803 22.375049332 22.29106803 22.2277524960483 21.9290024137224 21.3570909133963 20.4894345041411 19.6290192507445 19.4919461817208 19.4917595860926 20.1938388476673 20.1421057902369 20.0751369904593 19.7822908312111 19.7192703184628 19.1569083341369 20.003720196 19.8089217410299 20.1090603923183 20.5703492243337 20.69106803 20.808819026 21.0172079678554 21.1422277690588 21.16427212 21.0846359891225 21.07320409 20.98213606 20.98213606 20.98213606 20.9610437407522 20.89106803 20.89106803 20.8870853022699 20.835024366056 20.79106803 20.79106803 20.717907092 20.69106803 20.6988787356858 20.7 20.792800328 20.899943168 20.99106803 20.9931367473155 21.0275969443585 21.09106803 21.135657368 21.19106803 21.19106803 21.19106803 21.264228728 21.29106803 21.378514408 21.477208567425 21.5841775318019 21.7258319907731 22.0216728064472
22.3841207715046 22.49821087 22.482192172 22.3754637220248 22.2691534372819 22.0851992365886 21.6718759017905 20.9780547272021 20.3523913075262 19.4736565002147 19.8243722183436 20.417313607427 20.1499870202644 19.8213071968732 19.5104727190469 19.8335969158682 20.2131466753386 20.4388832773455 20.467181310121 20.419314478 20.8838122460001 20.99463261 20.9389171895921 21.2265482283281 21.467793788 21.4157653352772 21.3948572020295 21.39463261 21.2929310693571 21.19642174 21.1806901087437 21.097796488563 21.09642174 21.0596449728236 20.99821087 20.9972853097898 20.9385998369035 20.89821087 20.825049932 20.79821087 20.79821087 20.79821087 20.8982418630632 20.908875138 21.0157313955502 21.09821087 21.0987530418364 21.1367765314703 21.199008631223 21.2508066220838 21.29821087 21.3630475826972 21.3977306799961 21.39821087 21.3997753993827 21.587486111924 21.5086243956922 21.9056142049252 22.0477666358441
22.60535371 22.6048785223027 22.5848388966367 22.482192172 22.375049332 22.1950168714548 21.8323471879999 21.3548125593335 21.0540333557271 20.2290878136365 20.0684951700291 20.1499534325465 20.9758377296968 20.4527730078789 19.6260867263639 20.2217483188485 20.4865542873634 20.4135811525457 20.4708291729996 20.8066449273941 21.2028535564548 21.3051681870308 21.3094560702719 21.580134482 21.789222308 21.735757112 21.71606113 21.6164073738792 21.508974882 21.4102322580005 21.3901930609389 21.287546362 21.2090850371824 21.169911761757 21.1083202233037 21.10535371 21.046478452 21.00535371 20.932192772 20.8293491633931 20.81070742 20.81070742 20.907086008 21.0137536988494 21.10085755609 21.1272745649707 21.2 21.2020047769081 21.2475558641526 21.3027695907868 21.30535371 21.371371568 21.478514408 21.50535371 21.592800088 21.525956589269 21.5262680192755 22.123103506 22.321371448
22.7 22.6922333180329 22.6104947653951 22.5797328551769 22.482192172 22.342281724321 22.0522050868929 21.630558058 21.2976658658889 20.6388329764361 19.8195305825351 20.77934762521 20.9969155280493 20.7155541148972 19.9405221310617 20.1491081680412 20.557030016 20.6873535935556 20.7140034400001 21.193552340683 21.4682307458026 21.4469539289466 21.5317518379547 21.9058095373827 22.110650828 22.057185632 22.0265618096666 21.8476341529054 21.723260562 21.616117722 21.5229913753785 21.489335492 21.3859795937655 21.3203135496625 21.2734791309096 21.2185283325184 21.153621292 21.11249655 21.0484782051976 21.0149578982303 21.01249655 21.01249655 21.0140123705143 21.1011090860577 21.128514528 21.21249655 21.21249655 21.249943048 21.31249655 21.3577639905101 21.4073573460619 21.478514408 21.5765146847941 21.6 21.67651859765 21.900322663844 21.8439849870121 22.229137289934 22.418019402638
