catData/variables/futureClimate2070/rcp45/IPSL_CM5A_LR_2070_rcp45/bio10.asc
NCOLS 409 
NROWS 350 
XLLCORNER 60.897278365 
YLLCORNER 5.843756025 
CELLSIZE 0.0892857 
NODATA_value -9999 
[rows 286 to 311 of 350, columns 174 to 231 of 409]
26.3827117493533 24.2919771315859 23.9904259389784 25.0607703174077 25.2298787164006 26.9590843927977 30.1702553459042 31.7164696569846 32.331215714018 32.206108535068 32.142731820389 33.0385278549066 33.3030101739925 33.3605223071085 33.4226656422094 33.1254961033105 33.0823024715885 33.2560413634626 33.2810174752269 32.7541850585688 32.2647705960772 32.2881831666629 32.787798356913 32.9015454056448 33.4321925641939 33.9028680813592 34.174951028 34.2715106874776 34.3153029956234 34.36607757 34.3413349441747 34.3 34.1623567479727 34.0728245011283 34.033983822 34 34 33.9703366335322 -9999 -9999 -9999 -9999 -9999 -9999 -9999 -9999 -9999 -9999 -9999 -9999 -9999 -9999 -9999 -9999 -9999 -9999 -9999 -9999
24.6765839289865 19.8805012767203 19.4497305001919 20.2475054008039 21.7903611691529 24.9660275508163 29.9637236704841 32.1727588933879 32.562296339832 32.7568502175524 32.8325493830206 32.980265906 33.1893218960427 33.3470404671487 33.435893871318 33.162591374 33.0827090118307 33.323861850598 33.4297812549308 33.4441754389426 32.643034546967 31.1528974792396 32.2162387959063 32.4231822169805 32.5015162641134 33.8279862331369 34.108873458 34.216016298 34.3 34.3 34.2846231843873 34.2223146457112 34.094586462676 34.0420459552077 34.0200282737393 34 33.9670238251973 33.9073994333344 33.9 -9999 -9999 -9999 -9999 -9999 -9999 -9999 -9999 -9999 -9999 -9999 -9999 -9999 -9999 -9999 -9999 -9999 -9999 -9999
24.2207676915782 19.2303882071389 19.9107162465437 21.6003792042805 25.3611382194494 29.4499452479509 31.5977596772194 31.982216172 32.1991605431288 32.346404628 32.4045585457643 32.610629276 32.829192798093 33.103425284 33.3768750856862 33.4168199271717 33.3459662784996 33.4373839060001 33.5750004369212 33.5695082612432 32.3162579026669 29.3319348169914 31.5784698077792 31.9818592954027 31.3966607207041 32.8614219425825 33.9288741971804 34.1600870334422 34.20358378 34.20358378 34.166138962 34.035903331215 33.9249996873794 33.9304916144563 33.9836170417081 34 33.919698142 33.9 33.9 -9999 -9999 -9999 -9999 -9999 -9999 -9999 -9999 -9999 -9999 -9999 -9999 -9999 -9999 -9999 -9999 -9999 -9999 -9999
22.3844024831341 20.1259351975278 23.0480767678935 26.6468852304169 29.5085302540073 31.2608912583574 31.6409759947225 31.7269201334747 31.905253726 32.0804959647523 32.194588018 32.4578546196539 32.6167977417138 32.837347714 33.158776234 33.4228432310682 33.483281137331 33.5445267460001 33.59808404015 33.609823219444 32.6214989544426 29.9963029582146 32.4247977425329 33.2182187198199 32.3867759401898 32.4512806119383 33.6801428820001 34.0535142230978 34.0871811971052 34.0278766173082 33.951853282 33.8693901342857 33.8732823720827 33.9 33.966016178 33.9595057885263 33.9087950332706 33.9 33.8476448991354 -9999 -9999 -9999 -9999 -9999 -9999 -9999 -9999 -9999 -9999 -9999 -9999 -9999 -9999 -9999 -9999 -9999 -9999 -9999
22.9397460957924 24.490893122338 27.6281983712533 29.2075615968344 29.6052931539499 30.5890102973465 31.3895583592312 31.646318996 31.860604676 32.1295381619045 32.257081808 32.5028125367637 32.671367488 32.800534062377 33.0550049609474 33.3170476504823 33.5234008359119 33.6516695860001 33.6913608127711 33.7059424057992 33.3003132700869 32.5959269260213 33.5491778083295 33.912432518 33.759447220698 33.6646080273283 33.8063391213753 34.016016298 34.0913138850675 34.032191812 33.925048972 33.86249379 33.8818959392139 33.9367921802157 33.9459979447093 33.910067035075 33.9 33.8453524940657 33.8020300093639 -9999 -9999 -9999 -9999 -9999 -9999 -9999 -9999 -9999 -9999 -9999 -9999 -9999 -9999 -9999 -9999 -9999 -9999 -9999
28.4888047275748 28.588040740965 28.1987592960695 27.9943514336103 29.1297682346504 30.5390190815023 31.2944300020001 31.576682366 31.7350482040056 31.9621683989434 32.085678128 32.294551826 32.5061431522436 32.7039131933059 32.976682126 33.2212700240001 33.4938839044928 33.658126286445 33.786703259852 33.8571492623204 33.757648603258 33.8018912836084 33.9439577811335 34.057081568 33.975048852 34.067906012 33.978510088 34.0633465076441 34.03036337 34.0422639446051 34.032191812 33.9385872875729 33.9360233754894 33.9465151508966 33.910318633614 33.9 33.8440804922614 33.8038122128009 33.7341324261368 -9999 -9999 -9999 -9999 -9999 -9999 -9999 -9999 -9999 -9999 -9999 -9999 -9999 -9999 -9999 -9999 -9999 -9999 -9999
31.8965098680002 30.0502996214261 27.0303233330511 28.8097706624327 30.2744011740502 30.9192788777127 31.2655638516277 31.3571965763619 31.388308218486 31.567772476 31.7600943169039 32.1280111895989 32.4109342177062 32.5589727310113 32.8105414636837 33.0908613016214 33.321331176 33.5252633097686 33.726682006 33.9136261723169 33.9461207457068 34.0204856354517 34.0722055127567 34.0970846480618 34.005412222 34.0995981413281 34.0788399339769 34.096280930718 34.07677947 34.0838157498921 34.062555182 33.955412342 33.9120120958072 33.864347192 33.82322053 33.82322053 33.8045740129725 33.7328604243325 33.7012568023625 -9999 -9999 -9999 -9999 -9999 -9999 -9999 -9999 -9999 -9999 -9999 -9999 -9999 -9999 -9999 -9999 -9999 -9999 -9999
32.3428753044127 31.370493062576 29.5107795058245 29.3719487999016 30.4617655170178 31.4336004558477 31.4354977848647 31.322525169294 31.3673915770336 31.5588126660001 31.773098346 32.105192574 32.4237677226882 32.699877696 32.8984509840016 33.0606044360001 33.3063148736545 33.4982597180359 33.5761255356904 33.7004944693627 33.8590380759298 33.989236948 34.0834690656201 34.1733858119477 34.1687147802753 34.18392231 34.18392231 34.1704810627419 34.1 34.0745698800867 34.0100574282409 33.955412342 33.8565865711039 33.8066122172237 33.7445976984487 33.71607769 33.71607769 33.7020186025341 33.7 -9999 -9999 -9999 -9999 -9999 -9999 -9999 -9999 -9999 -9999 -9999 -9999 -9999 -9999 -9999 -9999 -9999 -9999 -9999
32.4359728503557 32.536893582965 32.4610416379166 32.3645456952482 32.2651998276202 32.0156528019654 31.7411621339999 31.4667903388141 31.5444949325532 31.7570206560001 32.0574430564738 32.196257724 32.5015245512116 32.6263824416455 32.7621192003148 32.9971340462751 33.2782357757647 33.3683308138044 33.369600438 33.476743278 33.6499025360001 33.791028958 33.898171798 34.005314638 34.1040062019174 34.10893485 34.10893485 34.092918552 34.00893485 33.978632872 33.90893485 33.864347192 33.8043128075994 33.7463869064403 33.70303640352 33.7 33.6268729925595 33.60893485 33.60893485 -9999 -9999 -9999 -9999 -9999 -9999 -9999 -9999 -9999 -9999 -9999 -9999 -9999 -9999 -9999 -9999 -9999 -9999 -9999
32.348111246 32.532094468 32.60179201 32.557203872 32.3465990759999 32.0819343245881 31.7365074082259 31.3823135159999 31.462396686 31.6766823660001 31.7997700814827 32.106984584 32.4019510275555 32.4038710379626 32.4744391456303 32.7944906740001 33.078474136 33.1589961219999 33.104511039998 33.2220681655948 33.3707834588122 33.4066870512192 33.724059367121 33.889236948 33.996379788 34.0000924048476 33.90358402 33.887567722 33.7808398960688 33.704833015524 33.740357823117 33.757204352 33.70179201 33.7007369938957 33.6351668385113 33.60179201 33.6003529926744 33.6 33.5071074801397 -9999 -9999 -9999 -9999 -9999 -9999 -9999 -9999 -9999 -9999 -9999 -9999 -9999 -9999 -9999 -9999 -9999 -9999 -9999
32.2220435495757 32.3612474478124 32.2489268628308 32.0951222459682 31.9372453498727 31.8118701394941 31.5858975359999 31.2762129371005 31.2760054964076 31.4695395260001 31.8679399979565 32.0892057247309 32.0932960244947 32.1758528551608 32.2186692821084 32.59464917 32.746433023397 32.9976141773774 32.5808032659998 32.4269932569263 32.9853968480002 33.4048614864752 33.5685464367504 33.681422307976 33.7841757167984 33.7877529268543 33.6916013456527 33.6044938251217 33.6 33.630301978 33.7 33.6976141902194 33.6456866830061 33.6 33.5964675865427 33.59464917 33.514347312 33.49464917 33.400061632 -9999 -9999 -9999 -9999 -9999 -9999 -9999 -9999 -9999 -9999 -9999 -9999 -9999 -9999 -9999 -9999 -9999 -9999 -9999
31.598392413292 31.3039856150155 29.2546146802812 28.2837026350752 29.8290980103439 30.9173416589252 30.9393899661864 30.8593175462536 30.9730307102319 31.3279432035834 31.658776714 31.8734980496867 31.8019277743653 31.9660499687748 32.1398082878296 32.456460945598 32.6778687660444 32.935995426836 32.5059757644713 32.2530407084749 32.7211364880001 33.0987773248069 33.3431885442544 33.5623962060001 33.5993238148437 33.6015144002981 33.68750633 33.6734910554183 33.6 33.6265161488652 33.68750633 33.6484893068512 33.5935369622905 33.58750633 33.5214901519999 33.48750633 33.407204472 33.3765812779994 33.2922425768588 -9999 -9999 -9999 -9999 -9999 -9999 -9999 -9999 -9999 -9999 -9999 -9999 -9999 -9999 -9999 -9999 -9999 -9999 -9999
30.3887703669545 28.8309264802983 27.2914219439604 28.2922265084055 28.3124277066721 27.9020863023902 27.519037469353 27.3371332008738 28.962026796317 30.6948000035105 31.0395633947062 31.4027333091658 31.1941819725259 30.582597940118 30.5974425172306 31.877786851356 32.6049822714414 32.78036349 32.6150131644595 32.0601726500313 32.2023886390446 32.7854328000001 33.2250763724961 33.4748898760001 33.594587778 33.6 33.5982575625325 33.58036349 33.58036349 33.5863137409402 33.6 33.5912445400781 33.5387910564128 33.4884393310963 33.4143473119999 33.3659976121145 33.2961936043763 33.192918792 33.18036349 -9999 -9999 -9999 -9999 -9999 -9999 -9999 -9999 -9999 -9999 -9999 -9999 -9999 -9999 -9999 -9999 -9999 -9999 -9999
31.1136917811172 29.7415838619997 28.8024093615403 28.2937139751313 27.8053742367436 26.2796662171471 23.8080993948621 22.4612447879446 26.9753193478493 28.7600381310549 27.407963759272 28.4769098612181 27.797496406587 26.4105362352226 28.1628199280005 30.8614283908888 32.4779179640233 32.5096458985261 32.401666724933 31.7938514899188 32.1815836379708 32.8997634162428 33.2246768842385 33.4715277120044 33.5439277937443 33.6 33.5935027963749 33.5224902895015 33.5 33.5221873052545 33.57322065 33.5405732769926 33.5 33.441126662 33.333983822 33.226840982 33.1784956843897 33.085775952 33.07322065 -9999 -9999 -9999 -9999 -9999 -9999 -9999 -9999 -9999 -9999 -9999 -9999 -9999 -9999 -9999 -9999 -9999 -9999 -9999
31.5144871561061 31.0041282919997 30.0528748296036 29.3010032720083 28.0394804528937 26.351690846771 23.2968802814642 21.8563924045483 24.765487542081 24.8273696948642 21.438546379045 23.123975842606 25.2973982190434 26.853863768772 29.577667553089 31.5812933526095 31.878333572109 31.0847300504295 31.6195435741897 31.6775371667019 32.3520540913329 33.0695863794987 33.248146478 33.5005159559864 33.439334412 33.56607781 33.56607781 33.560927670077 33.5260661032053 33.5 33.5 33.5 -9999 -9999 -9999 33.226840982 -9999 33.012555302 -9999 -9999 -9999 -9999 -9999 -9999 -9999 -9999 -9999 -9999 -9999 -9999 -9999 -9999 -9999 -9999 -9999 -9999 -9999 -9999
31.7136491139204 31.5749324936211 31.1717896868563 30.9903523335076 29.7430612601746 27.0802120127848 23.0119370248875 21.6810216169768 21.4895077159999 21.2226149321643 21.3226270548839 24.4129145821479 29.3345551963387 30.6528582766536 31.8440342162886 32.5373195078248 31.7909255798315 30.3901000867896 31.275303707369 32.3156728546445 32.8343452589965 33.279563516491 33.462432158 33.5852013559537 33.544254721412 33.4992893211991 33.4625788581897 33.5094392004214 33.5452861389674 33.5 33.4846232742548 33.477244905134 -9999 -9999 -9999 -9999 -9999 -9999 -9999 -9999 -9999 -9999 -9999 -9999 -9999 -9999 -9999 -9999 -9999 -9999 -9999 -9999 -9999 -9999 -9999 -9999 -9999 -9999
31.6147490185379 31.682094588 31.6936109777429 31.3073919203974 29.9210050010078 27.2709248573906 24.3102281746738 22.529641127115 22.1263064428401 24.7501777547247 26.618078392211 29.2045270129609 31.7171112831842 31.8962759261895 32.0508030310344 32.6090989678606 32.7688492445848 32.5379144816143 32.7677115856744 32.8474223616796 33.0498664392235 33.4657615600416 33.5897980369889 33.6421553420326 33.64820787 33.546477252 33.457081328 33.5404867538814 33.4888354728598 33.45179213 33.414347312 33.3286992322047 -9999 -9999 -9999 -9999 -9999 -9999 -9999 -9999 -9999 -9999 -9999 -9999 -9999 -9999 -9999 -9999 -9999 -9999 -9999 -9999 -9999 -9999 -9999 -9999 -9999 -9999
31.4549898950037 31.5363736636505 31.6653755283046 31.5359621397526 30.0619273243866 28.200684003075 27.0965093393702 25.5680055555756 24.6290528830154 28.1829359720939 30.2426103959933 30.8672006478872 31.6457624980762 31.5876908945012 31.5085941329277 32.6101045676177 33.0743801510742 33.3047101462342 33.4695136060001 33.5397654954254 33.5803545638409 33.6433665092663 33.6109029286121 33.687444938 33.6476449933038 33.598269382 33.5039619359955 33.5374981266587 33.476840862 33.3832276400329 33.3279304446212 -9999 -9999 -9999 -9999 -9999 -9999 -9999 -9999 -9999 -9999 -9999 -9999 -9999 -9999 -9999 -9999 -9999 -9999 -9999 -9999 -9999 -9999 -9999 -9999 -9999 -9999 -9999
31.33750645 31.3602372025171 31.4733655440283 31.5025600516848 30.4102016214168 28.8200394404462 28.0489575083509 27.1284599891613 26.2878163979936 29.2870014401095 30.8134456705118 31.104731828684 30.6858850560684 31.0471472401161 31.9190347802393 32.8314200944863 33.237383666 33.4516693460001 33.6336266513826 33.7367921889042 33.76249355 33.7167737325221 33.619697902 33.6327974919485 33.542918672 33.598269382 33.5 33.4899908468012 33.4288202794856 33.369698022 -9999 -9999 -9999 -9999 -9999 -9999 -9999 -9999 -9999 -9999 -9999 -9999 -9999 -9999 -9999 -9999 -9999 -9999 -9999 -9999 -9999 -9999 -9999 -9999 -9999 -9999 -9999 -9999
31.283872478087 31.23036361 31.2270275447442 30.7907328976141 29.6078764299541 28.10265261351 27.3930923277193 27.0434840973972 26.8328328550752 29.6790187648716 30.4981632388922 30.3061379834084 30.4643482003199 30.8880551585986 32.3691337164288 32.9212088720001 33.3009655026246 33.527762783456 33.651730738 33.717876143617 33.7763350603025 33.726840742 33.619697902 33.6 33.5712797359804 33.5994745218999 33.5634572341806 33.483983702 33.3838728123417 33.3211628355778 -9999 -9999 -9999 -9999 -9999 -9999 -9999 -9999 -9999 32.198269622 32.1 32.083983942 32 -9999 -9999 -9999 -9999 -9999 -9999 -9999 -9999 -9999 -9999 -9999 -9999 -9999 -9999 -9999
31.2946221583713 31.3000452239235 31.3448633734756 31.0930361862773 29.434716300402 27.2794381199996 26.9666678801049 26.2858579844009 27.0267930254029 29.726137730639 27.9859169376492 29.7006103491104 30.1461377769969 30.4023033741566 31.7256068273157 32.9747222923468 33.2835851467946 33.5020429127576 33.651730738 33.7 33.715329520586 33.7062326269661 33.619697902 33.6 33.6 33.5986712448253 33.514347312 33.4195016622789 33.376840862 -9999 -9999 -9999 -9999 -9999 -9999 -9999 -9999 -9999 32.1273764166476 32.121490392 32.0164079815433 31.9427224880087 31.92322077 31.916184473113 -9999 -9999 -9999 -9999 -9999 -9999 -9999 -9999 -9999 -9999 -9999 -9999 -9999 -9999
31.2355139608297 31.279441557971 31.2007309908007 31.1641465295362 30.31829478067 27.3428786944048 26.3355284798771 26.2476012243552 27.6195328646162 27.559813763274 25.2164368487429 28.2180151104217 30.846089229519 31.8982825493043 32.6325707233325 33.0493984753985 33.274890116 33.4517567090289 33.6112221741559 33.7 33.7 33.7 33.619697902 33.6 33.6 33.5157996824494 33.491126542 33.386558791181 -9999 -9999 -9999 -9999 -9999 -9999 -9999 -9999 -9999 -9999 -9999 31.930425482 31.8307292302212 31.81607793 31.81607793 31.81607793 31.8100576169604 -9999 -9999 -9999 -9999 -9999 -9999 -9999 -9999 -9999 -9999 -9999 -9999 -9999
31.202069332712 31.2062275381055 31.162554702 31.1851922857404 31.1321364406938 29.642285079505 27.7904430493747 26.7669925409492 26.7005862772756 25.7721293919995 24.9228223248622 27.3128951657204 30.3506925218771 32.2885952300852 32.8674088227323 33.1240746584503 33.274890116 33.4039839688154 33.465288015998 33.625096521639 33.7 33.7 33.619697902 33.6 33.5138637250933 33.4984240142758 33.400061632 33.307504019359 -9999 -9999 -9999 -9999 -9999 -9999 -9999 -9999 -9999 -9999 -9999 -9999 -9999 -9999 -9999 31.8 31.8 31.8 -9999 -9999 -9999 -9999 -9999 -9999 -9999 -9999 -9999 -9999 -9999 -9999
31.2 31.2 31.1993288866466 31.1560170047099 31.0001225439999 30.6501514059472 29.4168497219996 27.2819641094404 25.3575347210974 25.6125819943516 26.5222788557111 31.4357317246556 32.1918465433436 32.543534033207 32.8694781340001 33.160061344498 33.336323917052 33.4 33.451730738 33.5599287397017 33.60179225 33.60179225 33.6003530356486 33.5141222939013 33.5000970005488 33.400061632 33.292918792 33.20179225 -9999 -9999 -9999 -9999 -9999 -9999 -9999 -9999 -9999 -9999 -9999 -9999 -9999 -9999 31.7004150653494 31.70179225 31.70179225 31.7455805500009 -9999 -9999 -9999 -9999 -9999 -9999 -9999 -9999 -9999 -9999 -9999 -9999
31.117809028 31.1962707702875 31.2 31.195228543094 30.993446558143 30.3954343573813 30.0004788442858 27.9672731892156 25.2048425084013 24.7240659217982 29.7652229891618 31.9069234320001 32.3266210940001 32.648049614 32.946318756 33.158983088554 33.369539526 33.4994208412232 33.5025826903056 33.5031500837771 33.5678347401402 33.6 33.6 33.512555062 33.405412222 33.2999074017264 33.285775952 33.162616814 32.971490272 -9999 -9999 -9999 -9999 -9999 -9999 -9999 -9999 -9999 -9999 -9999 31.691126782 31.6 31.5987608623195 31.5930280882367 31.591302325846 31.59464941 31.6436117939885 31.7513219760943 31.798181652177 -9999 -9999 -9999 -9999 -9999 -9999 -9999 -9999 -9999
31.0202661873369 31.117809028 31.1921847720939 31.1163943118093 31.0060304564753 30.5437201744802 29.4327869639996 27.0587820920385 25.0928048013632 25.323010617731 30.7323751823764 31.894430002 32.3141276640001 32.6335551690366 32.9242252966789 33.1215945743943 33.274890116 33.4836052381749 33.548701719081 33.5640116787441 33.6082477149713 33.6033533293133 33.5899675135978 33.5109865041175 33.405412222 33.298269382 33.191126542 33.067967404 32.8739474913053 32.76099034841 -9999 -9999 32.3422389855563 -9999 -9999 -9999 -9999 -9999 -9999 -9999 31.691126782 31.59599809001 31.5547475827104 31.4609905584258 31.4327664658588 31.48750657 31.4939694535721 31.6103909267126 31.753522508 31.7966466107183 -9999 -9999 -9999 -9999 -9999 -9999 -9999 -9999
