catData/variables/futureClimate2070/rcp45/IPSL_CM5A_LR_2070_rcp45/bio17.asc
NCOLS 409 
NROWS 350 
XLLCORNER 60.897278365 
YLLCORNER 5.843756025 
CELLSIZE 0.0892857 
NODATA_value -9999 
[rows 189 to 215 of 350, columns 122 to 182 of 409]
-9999 -9999 -9999 -9999 -9999 -9999 -9999 -9999 -9999 -9999 1 1 1 1 1 0.411254619999889 0 0.431155478540417 0.589330499999936 1.46378948000011 1.97777759740088 2.0071110627148 2.37422497197149 2.06577799334231 2.64227048000026 3.71369888000003 4.25689111071632 4 4 3.6530358052251 3.13955724946105 3.30044571585273 3.88391849883358 4 5.50332384820568 4.99288992289201 4.58933049999994 4.56071433547099 4.68364571390161 5.71377443836311 6 6 6 6 6 4.96795788975394 4.58933049999994 5.46378468000035 7.0926505338124 8.61684336849909 10.25154611363 10.9342239778712 10.5893304999999 10.8923550800003 12.11755989807 13.2627714966162 13.2844640686975 13 13 13 13
-9999 -9999 -9999 -9999 -9999 -9999 -9999 -9999 -9999 -9999 1.4820979 1.33600691522874 1 1 0.750602570307672 0.212989631332645 0 0 0 0.874458980000171 1.94588737999994 2.01731578000022 2.95403920281514 2.64227047999997 3.60204453390416 4.30302937999996 4.62554221999997 4 4 4 3.65809585593802 3.8609949624215 4 4 4.48987581750041 4.9910333641398 4.52488012578032 5.04714827257935 5.4820979 5.7851248800001 6.4820979 6.4820979 6.4820979 6.19826730273719 6 4.8895068005434 4.4820979 4.93497955617599 5.9458825799999 8.00896539289514 8.73816192874631 10.8398322199999 10 10.3030245800003 11.3878599693865 12.2507626769472 12.5179021 12.5179021 12.5179021 12.5179021 12.9050379851489
-9999 -9999 -9999 -9999 -9999 -9999 -9999 -9999 -9999 -9999 2.42532773800104 1.86470427996584 1.34625274206728 1 0.769031573866625 0.227640248166475 0 0 0.444498545734407 0.943949236298912 1.42231383833181 2.01731578000022 3 3.07151284443112 3.57467093353582 4.13529464849727 4.27928814946955 4 3.71365277459644 3.44647369999992 3.44647369999992 3.85143341930415 4 4 4 4.45605711117192 5.03962087086123 5.53513210710564 6.25639181014553 7.2423461769606 7.55352630000008 7.55352630000008 7.26718040305965 6.73714281490727 6.18810540712578 5.67336101084112 5.10903041119194 5 5.9458825799999 7.46563786541766 8.72150527864945 10.3749629986425 10.1281945766097 10.6888188054237 11 11.1990743094898 11.4464736999999 11.7723557664442 11.6345804355887 11.4464736999999 12.24949708
-9999 -9999 -9999 -9999 -9999 -9999 -9999 -9999 -9999 2.16017498 2.76839661999978 2 1.62553981999994 1 0.676700321959187 0.154239112334225 0 0 0.803030580000166 1 1 1.40318265809547 3 3 3.08686085902446 3.37504529999995 3.37504529999995 3.37504529999995 3.18102889814946 3 3 3.73159977999993 4.50185623532357 3.53196320076594 3.37504529999995 4.01731338000019 5 5.16017017999995 6.46319716000034 8.18937813537789 8.62495470000005 8.62495470000005 8.10764251999996 7.25701850744826 6.33983101999987 6 5.19697421999989 5 5.35474881598079 7.64875808168767 9.03328128739406 9.57524051379921 10.7118137588071 11 11 11 11.3232951783671 11.8457581873396 11.7524076269538 11.6249547 11.9261248444592
-9999 -9999 -9999 -9999 -9999 -9999 -9999 -9999 -9999 2.04863183088516 2.2332981997348 2 1.62553981999994 0.68949072840485 0.146550722215038 0 0 0.509475394075139 0.940196755304856 1 1 1.02257314344496 2.30361689999998 2.30361689999998 2.30361689999998 2.51464143903544 3 3 3 3 3 3.22212605724425 3.54742982662425 3.07623420799151 3 4.00525663476418 4.36541517585599 5.16017017999995 6.46319716000034 8.30302698000011 9 9 8.12244036042368 6.71487631999993 6.10317844081619 6.50947205143634 6.45257090205632 6.39276620000003 6.39276620000003 7.32092788000015 8.42721010907351 9.79364238968703 10.4648965657767 11 11 11.3105042576369 12.2136928800002 12.6963831 12.6963831 12.6963831 12.1371711892631
-9999 -9999 -9999 -9999 -9999 -9999 -9999 -9999 -9999 -9999 2 2 1.62553981999994 0.554111419999793 0 0 0.506889020282677 0.937681112770945 1 1 1 1.01731578000022 2.0681388019622 2.76781150000009 2.58998560414465 2.30302937999996 3 3 3 3 3 3 3 3 3.72626136532129 3.23218849999991 3.3890672392146 5.0371896738389 5.69538566000024 7.53521548000001 8.23218849999991 7.88983380605228 6.82695088089382 6.09548970784062 6 6.73159738000007 7 7 7 7.00401941047977 7.40966726000072 9.35516716341346 10.2315961800002 11 11.2875093042533 12.2136928800004 13.2851212800003 13.7678115000001 13.7678115000001 13.7678115000001 12.96478812
-9999 -9999 -9999 -9999 -9999 -9999 -9999 -9999 -9999 -9999 2.83923989999999 2.58492353925597 1.62553981999994 0.554111419999793 0 0.494098613836747 0.945369502890203 1 1 1 1.7938264302024 1.8420235865244 2.01426652325124 2.29518332002193 2.7683990199998 2.04871503343174 2.47502000984146 3 3 3 3 3 3 3 3.94588497999991 2.98546992069998 2.26376801742714 3.45594140584616 4.62395726000035 6.20947474760754 6.32152020000003 5.87563641999988 5.67250606442404 6 5.4459598512416 5.89235748000008 6.83469137530472 7 7 7 7.17747876000081 9.16016778000009 10.2315961800002 11 11.37445298 12.8200828247636 14.3565496800002 15.3333324713095 15.6784798 14.4505124042884 13.1969766199999
-9999 -9999 -9999 -9999 -9999 -9999 -9999 -9999 -9999 -9999 3 2.69696822000001 1.9665488355383 1.46477971999983 0.910668300000035 0.96326192566257 1 1 1 1 1.08449772766391 2 2 2.01430848886478 2.06864239073489 2.27595925033463 2.94411925006565 3 3 3 3 3.66624472793293 3.91066830000003 3.11432841286746 3.08449751326782 2.99845336633184 2.91859575406847 3.16017017999995 4.04137818973799 4.17866339999993 4.5196680443304 5.04950014393014 5.04621237647009 5.62547908312965 5.33983101999987 5.73159738000007 6.80302578000011 7 7 7.91066830000003 8.00733491967282 9.16016778000009 10.2315961800002 11 11.37445298 12.8917627600005 14.9884073979264 15.9632612824743 16 15.8692907534503 14.287025283675
-9999 -9999 -9999 -9999 -9999 -9999 -9999 -9999 -9999 -9999 2.01790329999989 2.01247803113305 2 1.55411141999979 1 1 1 1 1 1 1.92895287446969 2 2.08715536632237 2.98209670000011 2.98209670000011 3.28512608000008 3.98209670000011 3.98209670000011 3.47404375812005 3 3.64835213373268 3.9951947503413 4 3.98434434151138 3.05314618256253 3 3 3.16017017999995 4 4 4.00670398700471 4.45580428892161 5 5.58874058000006 5.98818079670044 6.71369408000018 6.9964735114471 7 7.92894816040549 8 8.08873938000041 9.16016778000009 10.2315961800002 11 11.7422020159632 12.9980621962211 14.0525228600003 15.5961011237422 16 16 14.3939532399998
-9999 -9999 -9999 -9999 -9999 -9999 -9999 -9999 -9999 -9999 1 1 1 1 1 1.03151265533903 1.0181892324081 1.0391590798447 1.05352509999998 1.88117857564976 2.94588737999994 3.00092682885609 3.1375192388912 4 4 4 4 4 4 3.44276954687871 3.67836074086851 4.03915895138446 4.05352509999998 4.05352509999998 4.00289651185701 3.98268661999981 3 3.16874330490146 4.05352509999998 4.05352509999998 4.40793771833995 5 5 5.58874058000006 6 6.73159738000007 7 7.87445418000041 8 8.01638440806456 8.94647490000002 9.10664268000011 10.1904672886944 11 11.37445298 12.9156286054532 14.5708348800002 15.0535251 15.6783561977891 15.960841305536 14.3834100467167
-9999 -9999 -9999 -9999 -9999 -9999 -9999 -9999 -9999 -9999 1 1 1 1 1 1.51517958416024 1.37985476883834 1.85655568000001 2.12495350000005 2.12495350000005 2.95264894126312 3.01731578000022 4 4 4 4 4 4 4 4 4 4.73159977999993 5 5 4.17230665884856 3.98268661999981 3 3.30032653541326 4.87504649999995 4.95077506349087 5.12495350000005 5.12495350000005 5.12495350000005 5.71369408000011 6.12495350000005 6.76513522677824 7 7.87445418000041 8 8.1227904324606 7.98891170388112 8.03521428000003 9.33823886000039 10.912910481857 11.37445298 13.226215261969 15.3320424475954 15.8014816038253 15.7500929999999 15.1099133733332 14.1723637019127
-9999 -9999 -9999 -9999 -9999 -9999 -9999 -9999 -9999 -9999 -9999 1 1 1 1 1 1.66017378000019 2.73160217999996 2.84229932894139 2.97534601596448 3 3.01731578000022 4 4 4 4 3.92646326969378 3.8036180999999 3.8036180999999 3.8036180999999 3.8036180999999 4.67889083483587 5 5 5.18575468955394 4.17906851999991 3.21380917936591 3.52147945572839 4.1963819000001 4.7429268459166 6 6 6.10159074880161 6.66950448629258 7.12964523861355 7.1963819000001 7.1963819000001 7.899109106669 8.18575421823737 8.97928945685654 7.73230552804881 7.16016778000009 8.41771106213923 10.1066426800002 11.1780710799999 12.2494994800002 13.6350571050302 13.9377336423905 13.6072361999998 13.6072361999998 13.6072361999998
-9999 -9999 -9999 -9999 -9999 -9999 -9999 -9999 -9999 -9999 -9999 1 1 0.880586445623573 0.732189700000005 0.732189700000005 1.39236348000019 2.26786128069352 2.09146854107787 2.64026985822864 2.985508083004 3.01267843576362 3.7559563054691 4 4 4 3.62554221999997 3 3 3 3 4.26726960343814 4.94724891779429 5.23418847902681 5.96037753974064 4.98732332149168 4.35655208000012 5.26781029999999 5.26781029999999 5.48968353357818 6 6.11941226888697 6.78512248000008 7.42548109135198 8.0189895274156 8.07188098618296 8 8 8.69256548248536 8.70683985749395 7.24404498002027 7.11727319878793 7.96378588000023 9.03521428000032 10.10664268 11.058659453858 11.6029202873748 11.5745195513927 11.6411788098399 11.9281183710723 12
-9999 -9999 -9999 -9999 -9999 -9999 -9999 -9999 -9999 -9999 -9999 -9999 0.872968615334988 0.366135382223869 0 0 0.436217285098791 0.660761299999928 1.73621093001965 2 2.94588737999994 3 3.08874418000015 4 4 3.89720070706698 3.2863035199999 2.66076129999993 2.66076129999993 2.86048570316933 3 3.48341282171241 4.46378948000007 5.53521788000007 5.66076129999993 4.99412663147613 4.74950308000005 5.71509722364189 6 6 6.12702975631923 6.63386144612185 7.51731218000009 8.58874058000005 9 8.26840261999993 8 7.70335130076703 7.66076129999993 7.66076129999993 7.60212575190967 7 7.15302979297196 7.96378588000024 8.90818533785356 9.47278281970539 10.0025795827356 9.93250719482333 10.3209278800003 11.3923562800001 11.6607612999999
-9999 -9999 -9999 -9999 -9999 -9999 -9999 -9999 -9999 -9999 -9999 -9999 0.368651196186022 0 0 0 0 0 1.60606116000033 2 2.55744255272873 3 3.01585554991506 3.24444340892804 3.58933289999996 3.41074771669939 2.62554221999997 2 2 2.58874298000008 3 3 4.1328054338991 4.92601313221557 4.61155615832984 4.57201951999978 3.67807468000009 4.81527970332697 6.0951099172128 6.53511031109845 7.04201307501606 7.41066710000004 7.71553618724479 8.34696419335909 8.8604425805266 8.26840261999993 8 7.48465538218327 7.02222424393093 7 7 7 7 7.17858235450286 7.74310841938292 8.07966375346282 8.17866579999993 8.17866579999993 9.10994107492593 10.0204858911889 10.1786657999999
-9999 -9999 -9999 -9999 -9999 -9999 -9999 -9999 -9999 -9999 -9999 -9999 0 0 0 0 0 0 1.21892373101985 1.51790449999999 1.51790449999999 2.51790449999999 2.4719434898291 2.08295409995859 2.62955829025368 3 2.80606663067798 2.26713577910973 2 2.30491263868545 2.83617015152686 3 4.60605636000028 5 4.51012191237565 3.99103332258769 3.52805526720009 4.32034035999989 6.11994594677569 6.82093148000009 7.69842775364878 8 8 8 8.66016898000013 8.62110242470976 8.09496038507796 8.4215704251344 7.99221865534647 7.48209550000001 7.39653378845804 6.51790449999999 6.51790449999999 6.51790449999999 6.71183538338038 6.80488502683163 6.51790449999999 6.80173252725628 7.68380648506354 8.38850764768064 8.90503845789283
-9999 -9999 -9999 -9999 -9999 -9999 -9999 -9999 -9999 -9999 -9999 0 0 0 0 0 0 0 0.803030580000166 1 1 2 2 2 2.10340430230665 2.44647609999991 2.6537474307709 2.80092247730966 2.26717791615152 2.32588331038732 2.84827464307412 3.40495796346477 4.71508496999672 5 5 4.5439405303802 4 4.2316823373026 5.57467144923609 6.30302698000011 7.16718537768638 7.69328342885238 8 8 7.92933036306262 7.89295219999982 7.53442038154598 7.83689899191511 8.41652081462351 7.44647609999991 7.31811670770051 6 6 6 5.79273132614376 5.69328210039508 6 6.26285752652753 6.44647609999991 7.17807108000004 8.24949947999999
-9999 -9999 -9999 -9999 -9999 -9999 -9999 -9999 -9999 -9999 -9999 -9999 0 0 0 0 0 0 0.803030580000166 1 1 2 2 2 2 2 2.14043952913611 2.65370529372932 2.8059823565945 2.84575900054018 3 3.73159977999993 4.80302818000014 5.54649365092124 5.0338193062136 5.00432669330359 5.19444522048286 4.68502375761758 5.37633664524801 6.738601871887 7 7.16722768615635 7.37504769999998 7.37504769999998 7.1274528424396 6.54278653469497 6.87690050817036 7 7.9458825799999 7 6.91126061999959 6 6 6 5.62554702000003 5.16722678604192 5.37504769999998 5.37504769999998 5.78762032255433 6.73159498000013 7.80302338000008
-9999 -9999 -9999 -9999 -9999 -9999 -9999 -9999 -9999 -9999 -9999 -9999 0 0 0 0 0 0 0.803030580000166 1 1.65869771580555 2 2 1.88845890661881 1.4649017525732 2 2 2.44588618000018 3 3 3 3.73159977999993 4.80302818000014 5.87445658000014 5.71281106449194 6.38596137263246 5.97305628287561 5.69638070000003 5.99829707874084 7 7 7 7 7 7 6.77787291560257 6.94019482520559 7 7.9458825799999 7 6.97305701156184 6.58484294924612 6 6 5.62554702000003 5 5.36024454671342 5.69638070000003 5.8968200149031 6.73159498000013 7.24381339651923
-9999 -9999 -9999 -9999 -9999 -9999 -9999 -9999 -9999 -9999 -9999 -9999 0 0 0 0 0 0 0.803030580000166 1.67141756242091 1.98743554206083 2 2 1.96280938449449 1.82158473998718 2 2.28751209104984 2.87133981343184 3 3 3 3.16987081135794 4.65179142416067 5.2030408603211 5.95844999519724 6.22817089071565 6 6 6.05377508272895 6.23219089999993 6.51970114830792 7 7 7 7 7 7.61657050141874 7.76780910000007 7.9874344275445 7.75451757202602 7 6.83983221999991 6 6 5.91305542556615 5.76780910000007 6.28511888000029 6.76780910000007 7.27469100764024 7.7054878968418 7.76780910000007
-9999 -9999 -9999 -9999 -9999 -9999 -9999 -9999 -9999 -9999 -9999 -9999 0 0 0 0 0 0 0.803030580000166 1.14058021177228 1.1607625 2.01453205191793 2.8392375 2.8392375 2.8392375 2.8392375 3.21369528000003 3.8392375 3.40508770516715 3 3 3.61398597036769 4.09743113557454 4.89463925405787 5.94588497999991 6 6 6 5.80563378671711 5.1607625 5.53521788 6.53496488881788 7 7 7.55403856435286 7.8392375 8.64226328000011 8.1053627601119 8 7.99721704357772 7.76476408457691 6.97425102726774 6.64487330088707 6 6 6.37420037464798 6.92240151350729 7 8.21420313018336 8.22525555797214 8
-9999 -9999 -9999 -9999 -9999 -9999 -9999 -9999 -9999 -9999 -9999 -9999 -9999 0 0 0 0 0 0.803030580000166 1.79633997403498 1.91066590000005 2.00154688962212 2.17015039854956 3.14586370672101 3.91066590000005 3.91066590000005 3.94411774876433 4 3.95378616757884 3.91066590000005 3.91066590000005 4.64226567999998 4.91066590000005 4.9887846915634 5.08449978339176 5.08933409999995 5.08933409999995 5.08933409999995 5.06864444929437 5 5.37445538 6.44588378000015 7 7.5361459701523 7.96964150167625 8 8.80302578000011 9.71821702567735 8.95994878899012 8.89490138081832 7.91126061999959 7 6.76840381999978 6 6 6.44588138000027 7 7 7.7191419672747 8.6902163217945 8.91066590000005
-9999 -9999 -9999 -9999 -9999 -9999 -9999 -9999 -9999 -9999 -9999 -9999 -9999 -9999 0 0 0 0 0.0143788246562413 0.892364680000086 1.01790569999992 2 2.00158902666382 2.17807827999989 3.24535970233254 4 4 4 4 4 4.64835054932135 4.99519410618077 5 5 5 5 5 5 5.22745164530628 5.68449323019574 5.37445538 6.00798386119951 6.52595504329862 7.58874058000005 8 8 8.01437873870888 9.75115634578998 9.0541174200001 8.98268901999984 7.99841105928353 7.82479443621833 6.99585310827979 6.68449558722185 6.36774813727602 6.99007811822592 7 7 7.66016658000033 8.01309972023333 8.01790569999992
-9999 -9999 -9999 -9999 -9999 -9999 -9999 -9999 -9999 -9999 -9999 -9999 -9999 0 0 0 0 0 0.0429803648241676 0.881178274351314 1.94588737999994 3.08972961999977 2.19578958000013 3.10704539999998 3.10704539999998 3.39385582940302 4.05352269999999 4.05352269999999 4.57083728000011 5.02201158610435 4.96466584527967 4.94647730000001 4.94647730000001 4.94647730000001 4.94647730000001 4.94647730000001 4.94647730000001 4.95505004049309 5.2192027986824 5.65966914214235 5 5 5.51731218000009 7.11445918911778 7.30345367253158 7 7 8.70210521126092 8.99710348956456 8.98268901999984 8 8 8 7.98378130631202 7.96651903451265 8 8 8 8 8.03915693863605 8.01054272053927
-9999 -9999 -9999 -9999 -9999 -9999 -9999 -9999 -9999 -9999 -9999 -9999 -9999 0 0 0 0 0 0.803030580000166 1 2.18226671721429 5.10763531999985 4.19151791418097 4.89506264006078 5.02893879721212 5.12495110000007 5.12495110000007 5.06923713133422 5.45267555418303 5.35987000296818 4.33982861999984 3.9085858027292 3.87504889999993 3.87504889999993 3.87504889999993 3.87504889999993 3.87504889999993 4.03521907999988 4.87504889999993 4.87504889999993 4.92183751163187 5 5.51731218000009 6.07356378308569 6.70263123976326 7 7 7.7651901683097 8.82093147999983 8.85990094599287 8 8 8.02893819744684 7.85978977459785 7.57756686825081 8.06923773109949 8 8 8 8.64018138249459 8.07202551999985
-9999 -9999 -9999 -9999 -9999 -9999 -9999 -9999 -9999 -9999 -9999 -9999 -9999 -9999 0 0 0 0.143671670307352 0.841711336215037 1.171725817263 3.84828874925912 5.98948514843689 5.30401481999999 4.49002235765188 5.27708266465216 6.19637950000007 6.19637950000007 5.75049331999989 5.19637950000007 5.0807624479591 4.46947274551863 3.46477972000014 3.03868122752568 3 3 3 3 3.16017017999995 4 4 4.30092001970326 4.97874536754907 5.61210217274779 6.58874058000005 7.12964365420798 7.0527087723143 7 7 7.76013063188074 8 8 8.03145366855254 8.38249493796992 9 8.92646511101407 8.53286304492725 8.19637950000007 8.19637950000007 8.06673631710285 8 7.19697661999992
-9999 -9999 -9999 -9999 -9999 -9999 -9999 -9999 -9999 -9999 -9999 -9999 -9999 -9999 0 0 0 0.731602179999955 1 1.64027195693017 3.87728297287416 5.48633728267892 6.6672143124829 5.8827229022874 5.60696071581681 6.81334576189609 7 6.67352566150469 6.26780790000001 5.67906491999993 5.09100878908206 4.26840022000007 3.41202911052653 3.03362151966898 3 3 3 3.11727534045154 3.79421602935282 4 4 4.77235636123439 5.87073238857024 6.74640995837466 7.75117841182116 7.46433017798326 7.05275125221231 7 7 7.73682811720078 8.02376510700521 8.38508148319061 9 9 8.62554702000003 8.3264708239733 8.87073174583132 9 8.51663124543975 8.26780790000001 7.46478451999993
