catData/variables/futureClimate2070/rcp45/IPSL_CM5A_LR_2070_rcp45/bio10.asc
NCOLS 409 
NROWS 350 
XLLCORNER 60.897278365 
YLLCORNER 5.843756025 
CELLSIZE 0.0892857 
NODATA_value -9999 
[rows 130 to 155 of 350, columns 116 to 173 of 409]
35.3356462101697 35.519163524035 35.6568633535207 35.7922634228887 35.849731431351 35.9 35.9101598370584 35.9080767427369 35.8469478394677 35.7321106643276 35.474861183877 34.9808320024088 34.7843884788594 35.5413819420356 35.6535894906958 35.58036061 35.5617488211051 35.4940486406902 35.48036061 35.435771752 35.38036061 35.3687980098715 35.3076692523332 35.2659923894621 35.180418162 35.0904491629472 35.0432073076962 34.5832074861391 33.2785533796124 32.8868541137659 33.3273706700295 33.7348998298247 34.08224567838 34.308816626 34.523102306 34.737387986 34.9387083028014 35.0875281514033 35.199942208 35.4648025701874 35.6706003919826 35.882091948 35.9821034444267 36 36.046319716 36.2487028659185 36.323275682 36.4024392887006 36.630288778 36.796305676 37.0377123058077 37.1784310017312 37.1354683584735 37.1024656433218 37.0239882988828 36.9968777810875 36.8090226647078 36.6968544025031
35.435657128 35.554527798568 35.7062029192693 35.7792731348934 35.9 35.9 35.9378769713814 35.9301109704559 35.9 35.7732730861306 35.5876826479679 35.4895383478053 35.5496026303574 35.6688264950401 35.4172764786827 35.3885812368454 35.3846974149758 35.416132362 35.34643554 35.3137885725039 35.2593628676587 35.2033289161786 35.1555368439841 35.073275322 34.9876394316906 34.9263778469441 34.5024790737128 33.0975716636336 32.68256448104 33.0561432011227 33.5168419632855 33.817691044 34.1290907496108 34.3772354097734 34.576680686 34.790966366 34.9569157697386 35.146319956 35.280302818 35.474891316 35.594588498 35.801731338 35.9064974752374 35.97321777 36.0133347595628 36.1383198017254 36.1423802726714 36.4892866662032 36.9526585355731 37.1287625603761 37.2 37.2 37.2 37.112554582 37.0746671551895 36.998268902 36.8846287624851 36.7064758016774
35.508874898 35.616017738 35.723160578 35.830303418 35.9 35.9 35.9 35.9 35.8776034768812 35.8177342085888 35.719696702 35.7 35.6679106230012 35.5948352894062 35.292900552 35.1694558697738 35.0694810140001 35.2285753246051 35.1024104834561 35.1509481287113 35.080418162 35.03214986 34.9885289236986 34.892914712 34.8388320613613 34.568259817674 33.3615413496855 32.2431575061945 32.9033478120001 33.3264853060114 33.680245266 33.9145535910714 34.1621880496015 34.3409169877371 34.537387986 34.7317005191915 34.932034276 35.146319956 35.280302818 35.474891316 35.594588498 35.8011439803716 35.8630643589016 35.8267160754316 35.7899566558464 35.7425020235083 35.8709738450216 36.3711312988967 36.8031181559183 37.0631199087767 37.1769424177167 37.2248194923283 37.2066823642017 37.112554582 37.005411742 36.998268902 36.891126062 36.7734001471482
35.5462980728768 35.6225958882259 35.764228488 35.8589263475688 35.9 35.9 35.9 35.9 35.833982382 35.769954528953 35.678628792 35.6230197887477 35.523275202 35.5168435834576 35.450057432 35.3211743046516 35.1546388769379 35.0825264362636 34.8045126209708 34.9915870340734 34.907200392 34.8347535477212 34.81786418 34.7146585895159 34.3326629113064 33.1646038515917 32.2505750424636 31.9534459306841 33.0017188379946 33.489119684 33.787388106 34.001673786 34.178513688 34.3565221504896 34.603462916 34.758874298 34.9049224171816 35.135297319921 35.3132815070237 35.4800471218737 35.594588498 35.67679627 35.6715665314343 35.5755357438523 35.3126467749186 35.1892409547422 35.3368901323103 35.73001256821 36.1996265220501 36.6375034943056 36.9538060062554 37.1689784487161 37.2035187829214 37.0766425764366 36.964343832 36.9579119177686 36.8874817211286 36.742915312
35.6042786548875 35.6725239543772 35.823160578 35.9 35.9 35.9 35.9 35.8716160279654 35.785771632 35.678628792 35.571485952 35.464343112 35.3115982162889 35.3027435775536 35.2507716311817 35.2035785 35.180418162 34.9645032009382 34.7222042975083 34.7872993814253 34.7053057811871 34.6730878183288 34.4926518846793 33.8411619864068 32.599761325722 31.1784313114005 31.4279226760266 32.1970427888157 33.0936003345241 33.6367512337888 33.894530946 34.0942073523182 34.2554986684171 34.4158914788476 34.5785227921123 34.710663548 34.8496337453584 35.0842089599063 35.351109476829 35.4031292428715 35.3613615251014 35.4052478820697 35.4871650766896 35.3138922825272 35.1187525824815 35.1939273820479 35.271312576 35.485598256 35.7553175572723 36.0844142903311 36.4406134356526 36.778425464 37.0166777782463 37.0069511895753 36.905411742 36.899165424671 36.8340413739999 36.635772472
35.664228488 35.7625049349802 35.823160578 35.9 35.9 35.9 35.8713645151404 35.785771632 35.678628792 35.5309890120365 35.408989522 35.301846682 35.0477564689327 34.9778124454352 34.93393923 34.93393923 34.9235989705391 34.8119125670929 34.5303006536247 34.371493907858 34.441024518 34.4241144792421 33.9023267950123 32.5924314208852 31.3256225843104 31.041987261403 31.694242706 32.8184065794135 33.2849887531362 33.6301934633225 33.890966606 34.0917231120585 34.2541639735736 34.4139164287944 34.551731458 34.6914633355303 34.887387866 35.101673546 35.1740095808292 35.0427356709978 34.9387713127401 35.248109086 35.4425847565299 35.4391463489479 35.5656214431582 35.6632388832099 35.707012616 35.9459795639458 36.0533010890588 35.9173438945916 35.9260003867518 36.2683507568352 36.619493374 36.8628394143071 36.8994205550429 36.8438735368894 36.7871641672573 36.639336812
35.708874898 35.8 35.823160578 35.9 35.9 35.8721334055808 35.785771632 35.678628792 35.5302272975789 35.2372408751567 35.1198976764222 35.025064572 34.4922848383061 34.5521789288482 34.6694607955753 34.61251071 34.61251071 34.4458475582938 33.9923070221358 33.9809072695723 34.1319119435716 33.995470719571 33.0458104214221 31.8351936710116 31.4195017430158 31.6388868812944 32.1597559927038 32.7216013708654 33.2663447948666 33.6005379895661 33.8607944304346 34.123102306 34.3233444824357 34.4584375071273 34.584061772437 34.780245026 34.9532723515618 35.1005975815612 34.8765251451212 34.74692022288 34.8557324388812 34.9523949315588 35.105266206 35.3295619504424 35.5587000535569 35.6064559544437 35.7015032315557 35.921282984 36.0810459073365 35.9866876457845 35.9002341664467 36.0703990822106 36.2780388151041 36.5748469640001 36.8253275368983 36.7989181255502 36.728629632 36.621486792
35.8419730238196 35.86963927 35.876670990553 35.9 35.8739226992865 35.785771632 35.678628792 35.571485952 35.3523513067534 34.968079628 34.8047988294869 34.6427391998536 33.8275779264407 34.1273186068259 34.4456665549538 34.29108219 34.2749534996872 34.030423585946 33.6953907243171 33.9277656307875 33.6757698083878 33.1146233590418 32.4034475611233 31.6469754694912 31.2703300111056 31.5712265120001 31.999797872 32.6800287380001 33.3051369420001 33.701673786 33.9229910408216 34.160605876 34.374891556 34.5310511880783 34.6370767762885 34.817748596 34.9200432850219 35.003520708 34.8209940504892 34.5869497163663 34.6840277164888 34.8737819902889 35.126666166 35.3235064607671 35.4 35.4092001203225 35.4938830673108 35.7648161549441 36.0573957305773 35.9342812189471 36.0209506192193 36.2633861854771 36.2773761297792 36.2274937702817 36.5710782663769 36.728629632 36.6276665376434 36.5616752874465
35.8300322239447 35.9 35.8822168195234 35.82321789 35.8145236590084 35.755410902 35.6085471884597 35.464343112 35.2758547560721 35.0197064546761 34.811602355396 34.601889834 33.9433635474076 33.7792403948036 34.3259110230031 34.3412656470664 33.8801788518094 32.8013522823781 33.6399790656569 34.0037538580134 33.3411298087368 32.8917167677041 32.5770415499999 31.631123377634 31.3951738419616 31.5554836152215 32.2456459774351 32.4072496543742 33.2655295273907 33.732034516 33.946320196 34.160605876 34.3461398975457 34.5020425897203 34.6120109530138 34.740966486 34.772528538482 34.8757695327839 34.9475868481496 34.6240846246842 34.3808624296732 34.5967362161524 34.8202102437728 34.9117180475179 35.2407841805817 35.546583262734 35.7245165676455 35.7265023473409 35.796333996 35.734115501925 35.6998565437952 36.1103211780275 36.2277912157728 36.1826119280774 36.337254561086 36.5473630291411 36.5931864031635 36.4874655761024
35.8014266442909 35.81607505 35.8123519755062 35.7745678715952 35.71607505 35.671485952 35.5560271771005 35.3917145940009 35.2394450668977 35.053679084 34.7719989013051 34.6145719015934 34.270617389476 34.2920518484377 34.5457534034217 34.1049551679307 31.7833595827766 31.6727121606227 34.0570013469321 33.9468022144357 33.3319121284033 33.1201134994208 32.6161428040886 32.2524232768931 31.9794147583501 31.5667370909586 32.4315520561442 32.9739047682636 33.1678949908694 33.732034516 33.9268830953336 34.076680926 34.253520828 34.3678313106378 34.4755657002608 34.633823646 34.7054627620579 34.723521006087 34.8798470178551 34.8598473170147 34.6473927056523 34.6684065268983 34.7 34.737183523304 34.9470419350137 35.0619268698549 35.2753776480875 35.4408815897693 35.619537486 35.499506886521 35.5144390959142 35.9161598809268 36.0995439984352 36.1894635733338 36.2152051097676 36.249956248 36.3542461080591 36.4109256398562
35.8 35.8 35.7789081734642 35.7062254450671 35.6658985204017 35.564343112 35.457200272 35.344798613192 35.233982382 35.053679084 34.8322205447857 34.703621652 34.6657211315446 34.5808678308617 34.4919755970893 33.9714819460932 32.4026363633016 33.4888296063647 33.8987371907507 33.538628847401 33.6271610327846 33.5818861054827 32.6385646993576 32.6818447901507 32.3147360573308 31.8245411367542 32.4606711301435 33.1031538196335 33.3192186153041 33.7466210788792 34.014227888 34.0964812341167 34.146377988 34.253520828 34.360663668 34.526680806 34.5488118614021 34.51786442 34.678470056 34.71786442 34.6148270787228 34.79106779 34.7991493077853 34.8704105830505 34.7878410391522 34.750873818621 35.0039901777306 35.389176756 35.603462436 35.6253496785118 35.5908936738945 35.892638952 36.080302578 36.1078108083711 36.10893221 36.1985781526173 36.126738358 36.2324505457538
35.8 35.8 35.776839422 35.7 35.662553742 35.555410902 35.448268062 35.2833039316151 35.135771752 35.0273198007127 34.839393404 34.7984352650405 34.7053141987956 34.3967444338951 34.0434926791928 34.4236535430089 34.4487130645214 33.8841906016903 33.3717293329385 33.4787427334065 33.8008103274845 33.721587016 32.6751486331565 32.6402704149928 32.7917309381975 31.8383120166551 32.4568067314988 33.1102655306511 33.7196245701735 34.0741449639811 34.4914675698456 34.49284252 34.4199610945534 34.2552177227078 34.30432661881 34.4021069580522 34.4023974491378 34.40178937 34.4835291025344 34.50357874 34.5947821615867 34.8034007159145 34.9965800518789 35.029384854855 35.2151735468979 35.3195664780001 35.4293894748933 35.585598016 35.6982725857911 35.641125942 35.7296712228646 35.8735082932116 35.982091948 36.00178937 36.00178937 36.1999690242517 36.1983694175844 36.2002865994205
35.8 35.7991424952015 35.7727258465951 35.669696582 35.5645584161881 35.460764372 35.353621532 35.2433268484222 35.1375166153743 35.032193012 35.00535347 35.000672067236 34.7263606511211 34.2383991055005 34.5675474538464 34.2100630619502 33.748325854 33.4479974546298 33.0953121967381 33.6253797526365 34.3594837852012 34.217072724541 33.3182898471559 32.9710744360646 32.8831960012853 32.2825020733252 33.0563624217122 34.0739742460701 34.1594823213895 34.6382454651018 34.833867038 34.8787817433051 34.7284572655085 34.4662341459999 34.3 34.2442775198811 34.2607679849669 34.4512794058969 34.5064079527292 34.4959907158653 34.683823526 34.896377868 35.003995784457 35.1017149325071 35.1777068018999 35.430302698 35.5354409023568 35.550058152 35.5436083327637 35.5335708070328 35.626680326 35.840966006 35.9706501335775 35.906529006219 35.9942985420155 36.1980835543758 36.0808941856086 36.042696864
35.8 35.783982262 35.7 35.669696582 35.6 35.555410902 35.448268062 35.2896076187707 35.2042465438001 35.1359818996291 35.1024613609417 35.012553862 34.8935908900833 34.7700283393458 34.4486780436746 33.9999559414303 33.696956629267 33.5132355311882 33.7603925485243 34.4739602763155 34.4961038072993 34.0489881313226 33.4576702430436 32.9274909452759 32.2880531893357 32.2389999375037 33.1840525180744 33.6511251706454 34.454942798352 34.8045286253605 35.0423644027153 35.0356073749284 34.7704870154992 34.4691011856499 34.3568825000776 34.3970492043652 34.2639331015648 34.5807225497659 34.654724691076 34.4298151724843 34.589176996 34.7894513813636 34.9166394112072 35.119537726 35.310663548 35.417806388 35.48750369 35.4373434100611 35.37500738 35.3970786343918 35.5362804297736 35.7371772083443 35.78750369 35.8093585910282 35.9898527840567 36.1948067059999 35.9011089148017 35.9565436315382
35.8 35.7871280095924 35.7150906093457 35.669696582 35.6 35.555410902 35.448268062 35.3526877279636 35.253621532 35.2052710579127 35.119696702 35.012553862 34.810822044 34.6165156283347 34.3876131383796 33.8957285926246 34.084550269439 34.0755327645822 34.413685496356 34.7859325692941 34.5228720237678 33.7263457584888 33.1154911049766 32.9312751505801 32.8164438240761 32.7963915 33.5548080213053 33.9889773099962 34.6353502182627 35.206291306649 35.2206666483864 35.0620573965518 34.6821411554899 34.5526005138598 34.8831888926339 35.2025345323044 35.079696757515 34.9440651910837 34.8604243455937 34.4382014278861 34.569537846 34.683823526 34.8909778411287 35.0288884298094 35.203520708 35.3047123556857 35.3754296707523 35.319580022438 35.2094795785002 35.3534974448766 35.526738598 35.6482493886854 35.68036085 35.8552516860001 35.993525437871 36.1758475018657 35.928513088 36.0325103689434
35.77321801 35.77321801 35.7562602956839 35.6778124403784 35.6167531369271 35.555410902 35.462122904462 35.4110141528435 35.351663213851 35.253621532 35.146478692 35.039335852 34.8629368446291 34.725050172 34.6226609520362 34.5717663605748 34.4883149730356 34.4131825018984 34.7084421140192 34.9347058509813 34.7122236641852 34.1566529846391 33.2535604627225 33.301624168925 33.6102988531103 33.7238232349733 34.112264902 34.4101273649532 34.6377134045175 35.258816506 35.4329847251304 35.3729308771243 35.0303312135581 34.9963481915028 35.4872718020001 35.7507914401912 35.6502850207025 35.1682307240161 34.6396466326864 34.354358108143 34.465293621849 34.630244666 34.8421536645355 35.0117273418409 35.0901751971464 35.1545516855481 35.2380804257574 35.3376726068114 35.275050772 35.2541207593477 35.3215542689793 35.492755496 35.5679426484097 35.7481088460001 35.962394526 36.0719505344932 36.008873938 36.0957103881177
35.7309140359408 35.7 35.7 35.7 35.662553742 35.570537677695 35.53392483 35.475050052 35.43392483 35.360764372 35.253621532 35.146478692 35.039335852 34.866117842 34.7707028927208 34.7733989129668 34.6723884007061 34.8405834796211 34.9586673500517 34.9848733057245 34.8275119927948 34.4837451677191 33.9389920337708 33.882019756 33.8267286163548 34.0920035662385 34.512279782 34.7701686728929 34.9371146863401 35.332034516 35.523160098 35.6405831582015 35.697143523586 35.63569932 35.772425915268 35.8810717130204 35.6474020441626 34.8977079931774 34.5337875694419 34.4127771175433 34.4320889871461 34.7022879690536 34.841024518 34.93215034 34.9400072824547 35.0066580067819 35.137445538 35.2589236931275 35.3155185775268 35.241125942 35.1776038795822 35.2627560125101 35.4330131141443 35.6113002966008 35.8534157617264 35.9672497141073 36.0367778312384 36.050058392
35.7537021458235 35.7 35.7 35.687555092297 35.6522426833256 35.6227559663774 35.6 35.541125222 35.5 35.426839542 35.319696702 35.2484659533816 35.146478692 35.039335852 34.9358376272611 34.866117842 34.8148070891808 34.9340301294378 34.9435541228996 34.9098990121204 34.7780532200802 34.4603257361208 34.2164659416381 34.1303199346029 33.9615454022967 34.2011626163617 34.580577231221 34.9027520372612 35.0730366493014 35.249899176 35.469558695855 35.6892288354219 35.852823886538 35.94106767 35.9198227655424 35.958874298 35.8172665491318 34.9053734706743 34.8132683077031 34.4941980232296 34.4968108757834 34.6185756801764 34.667806508 34.7655101460961 34.823159858 34.960605396 35.137445538 35.2 35.2304864121048 35.2242364758551 35.133983102 35.0699550002253 35.2668616662655 35.4412218736944 35.742697104 35.902751274386 36.050058392 35.9494932695337
35.7042786335878 35.74821051 35.7370446772272 35.6843060143652 35.6676037360423 35.655410902 35.6 35.5695090527352 35.5163830796723 35.426839542 35.3584113315126 35.3060522808949 35.205411022 35.146478692 35.04821051 35.039915129475 35.020410261865 35.06861227732 34.958975002 34.919513362155 34.9232703945625 34.6865642392096 34.6058536967552 34.3131407637851 34.273145098 34.3412594958004 34.5407732980153 34.7587696531697 34.9649423101774 35.1397565177698 35.4296853006378 35.7595213399096 35.9352069749055 35.9785035998602 35.900058032 35.8538965893506 35.8530057298344 35.2965437025485 35.1373044816935 34.5813785643052 34.4543984027129 34.453520828 34.5649419544721 34.7237389040646 34.871370368 34.9795977355009 35.089235028 35.1732857744345 35.2 35.2 35.165810185212 35.0397800891955 35.0831765912061 35.2784698160001 35.587343754 35.8526860168256 35.9075395543007 35.9404887396406
35.7593156946479 35.8 35.776839422 35.7 35.7 35.6800924614778 35.6267179892971 35.6 35.5705253451532 35.482192892 35.45535335 35.367907212 35.260764372 35.253621532 35.15535335 35.1464871282708 35.1128200229543 35.15535335 35.117907332 35.05535335 35.003621652 34.98794237908 34.9741638696948 34.7515387861213 34.6681689424891 34.5302099180194 34.4482213323828 34.6605480840001 34.9829267613121 35.2963796462377 35.5120137538938 35.790908814 35.9792725074434 35.9247393257817 35.8769036370068 35.666123467072 35.6364997854571 35.4449829060468 35.1416996322777 34.4287695928673 34.3440672567154 34.401731338 34.517748356 34.732034036 34.923159858 35 35.0167181782915 35.0645538670663 35.1179282621588 35.14464665 35.1811892146091 35.0941768898342 34.9664530158813 35.1679414542846 35.483764774 35.74464665 35.7574825040401 35.882142345185
35.73750381 35.73750381 35.728817710832 35.7 35.7 35.7 35.648268062 35.6 35.6 35.5725620408366 35.5123096883056 35.4672043665521 35.367907212 35.2993505022677 35.26249619 35.246478692 35.185656528 35.2435578583011 35.1859563165567 35.16249619 35.110764492 35.0477820417398 35.0952614699637 35.051832162 35.045062025407 34.875092964 34.7790359988382 34.9530151534463 35.1493977057307 35.4460477859774 35.7193345871498 35.8780248305839 35.9859564065659 35.96249619 35.96249619 35.6681247 35.553272270003 35.4079578451452 35.0664787397126 34.3004347359999 34.2354742905718 34.339235148 34.4607981891439 34.7220240099984 34.8461896391406 34.8939456517172 34.914101775425 34.9028736574328 35.0215650682906 35.0632059568516 35.103520708 35.110066120864 34.9895808957218 35.1701823894205 35.4246507165626 35.6989181297048 35.646377748 35.7475136860108
35.7 35.7 35.7161288018616 35.748536023648 35.7 35.7 35.6842936818234 35.6286392056861 35.6 35.6 35.519696702 35.5 35.405411022 35.3 35.293819774253 35.2254979022375 35.223160338 35.2907996612184 35.2435619862912 35.2 35.1842937546897 35.1927638063604 35.2490041226587 35.196478812 35.1940198173485 35.207797629426 35.20891709 35.171370608 35.2812078073867 35.464069032 35.8392885655943 35.9577366238306 35.93036097 35.8682588078688 35.8631334811121 35.717988460093 35.5437087789261 35.310881036 35.0453746195178 34.6049162760415 34.1529720750074 34.3029370249893 34.4900816725204 34.716017018 34.7838716995394 34.760663668 34.792915432 34.806000261932 34.9674373175776 34.971486912 34.9504043405967 35.0626174037875 35.0756193583842 35.0618414433761 35.249898456 35.5601963618555 35.533055183654 35.5878926468365
35.7 35.7122987187681 35.7821593231088 35.769696582 35.7 35.7 35.7 35.641125222 35.6 35.543826032247 35.5045732058761 35.5 35.405411022 35.3 35.2979394703685 35.27678187 35.2821592673853 35.3 35.2913057348609 35.27678187 35.3165024351072 35.3672333067698 35.37678187 35.303621652 35.27678187 35.364227768 35.2315278663084 35.278513448 35.385656288 35.5285525517849 35.846320196 35.9464298995387 35.7944665614155 35.7257309734151 35.7240221543387 35.4794037920924 35.3282337681537 35.2393035244 34.8544203480306 34.5073174159999 34.2652574898466 34.226680806 34.440966486 34.6269369820613 34.6410589740617 34.653520828 34.714523976308 34.7549409655689 34.874949348 34.8191394693227 34.74643626 34.8365823210765 34.9929700320932 35.0029149391697 35.1165498827072 35.42321813 35.4300317055391 35.5197355743379
35.7 35.716017738 35.8 35.769696582 35.7 35.6625787288119 35.61607529 35.6066109986996 35.6 35.5882392442112 35.516530400033 35.5 35.405411022 35.38392471 35.38392471 35.38392471 35.38392471 35.3584928557427 35.3 35.3374210697688 35.3922407304754 35.4 35.3445951069639 35.3657140735837 35.38392471 35.3979818916966 35.3695891721183 35.469580998 35.5841716675707 35.7729410293471 35.8719337707533 35.771544704 35.6261310625937 35.61607529 35.4858288616842 35.0205195861389 34.9017982796168 35.1367383794902 35.0006676313849 34.7628256708841 34.5617272193602 34.2859343656044 34.4103007278486 34.51607529 34.51607529 34.5718094394187 34.6685739408256 34.660663668 34.767806508 34.7971469388835 34.7285202198025 34.7117606400467 34.876680446 34.91607529 35.010663548 35.23215058 35.241024518 35.3616093924879
35.7 35.701430776438 35.70893245 35.7062256123389 35.7 35.6960171011157 35.69106755 35.6374517321075 35.6 35.6 35.519696702 35.5 35.405411022 35.4 35.4 35.4 35.4 35.3972931837767 35.39106755 35.3950504274464 35.447110789942 35.49106755 35.4851705807188 35.4220448817855 35.3268699725043 35.4682021237682 35.663346842545 35.7733573223391 35.7837205059013 35.7722576846867 35.603637252 35.4385953307854 35.3380326578091 35.50893245 35.4479592187597 35.037821762 34.7427412555298 34.8040948349097 34.9676433997343 35.064012538966 34.884025654 34.5733573009012 34.5748462850255 34.4708273882487 34.3389560152641 34.4419419213475 34.5827215641228 34.6544448411413 34.660663668 34.70893245 34.7631554951892 34.724442769017 34.7874755656286 34.80893245 34.903520708 35.10893245 35.117806388 35.240966006
35.7 35.7 35.7 35.7 35.7 35.7 35.7 35.641125222 35.6 35.6 35.5985628841487 35.5123291968303 35.4983072261908 35.4965095647881 35.4 35.4 35.4 35.4 35.4 35.4437908913384 35.4991361856406 35.5 35.4351640755984 35.328629392 35.4580843913312 35.6713125760001 35.7927022875141 35.70178961 35.70178961 35.6854857055491 35.576839902 35.409091186 35.2755616893877 35.3579989543666 35.3026534286545 35.1798265327023 34.7692712772134 34.6030988882823 34.8430505667388 35.0751159897599 34.910823004 34.794720426198 34.6806208471769 34.467965964 34.3004144711348 34.3618527058863 34.5381156670926 34.6009916519285 34.6009257870504 34.60178961 34.667806508 34.628629872 34.6032267129661 34.7753401921099 34.801692760924 34.90357922 34.9211682871182 35.133823166
