catData/variables/futureClimate2070/rcp45/IPSL_CM5A_LR_2070_rcp45/bio16.asc
NCOLS 409 
NROWS 350 
XLLCORNER 60.897278365 
YLLCORNER 5.843756025 
CELLSIZE 0.0892857 
NODATA_value -9999 
[rows 125 to 149 of 350, columns 168 to 223 of 409]
857.071081611617 886.786031987984 917.347224520927 948.853074642872 992.219117007888 1020.12132496948 993.405459698341 968.389373688371 955.009459010148 962.510420561361 975.454959400003 990.538186127668 1002.64191813949 991.83887078807 973.361666492843 951.400045619867 962.698889604747 1002.9240890526 1018.78781839813 1030.19018566365 1046.82611757958 1069.22137324185 1102.84908257423 1115.17400336568 1136.11277574156 1177.07899750196 1225.65550502715 1274.51618224233 1263.45979907435 1202.51075764017 1152.0074695 1123.14876449336 1115.60098568805 1118.97021611275 1124.14837533156 1128.06144186949 1133.84509425393 1137.26707699307 1134.27076961593 1120.51966228362 1091.34763977009 1049.18384481707 1007.54438315399 990.348945329411 993.6770566 1012.52766357074 1047.65521284132 1069.94665805823 1071.28606497923 1088.67002717015 1128.57894375989 1169.00457577272 1174.67518005187 1151.63656420529 1122.61427243967 1108.00642946382
864.702254305289 884.213981100263 892.860896613896 913.466576846947 944.395902471601 960.520852391805 968.260871717801 980.809910578082 996.070810504326 1004.3906507111 1013.8891319205 1020.34452361616 1031.01108137738 1016.91760169654 969.41132425965 964.723885785614 986.814380570434 1015.14698634325 1013.89113675655 1031.46176407477 1043.39868134781 1057.98610525444 1077.11128155388 1091.99011580251 1119.07536283998 1153.43700651574 1188.65897572414 1213.68523667303 1198.26482503485 1153.13638959796 1113.42608780453 1096.77536405266 1114.49793721264 1137.74856323068 1143.5899939155 1141.06349177922 1142.5315522391 1144.09785634473 1138.56208245124 1120.43824932664 1086.18006841641 1035.9026981786 981.996187685249 959.339389467672 953.616427751788 959.828468988771 976.913550013586 994.034325410422 999.539446487515 1003.20184075248 1023.18294254841 1067.36917760411 1103.77820993985 1113.74008411714 1105.14572599116 1097.92547517793
873.683646281654 882.154637558638 893.356843865978 890.536820402793 902.290306551396 923.234505833756 954.859811348566 992.541615582983 1028.58693071279 1040.84772246028 1041.55519505574 1043.9687021286 1049.013525445 1043.96054213048 983.918553151769 983.669263546955 1007.41530944 1013.05243520801 1014.66652370008 1032.62493788804 1039.77009589723 1052.68573935312 1056.94540438299 1072.02701210162 1096.75957617528 1120.51216019614 1142.32286046012 1151.22371899024 1135.95911425369 1105.54940089329 1075.14839587812 1063.17297418901 1101.23126163718 1143.05244118392 1146.20037730685 1137.0894565 1140.41929393166 1148.16362773007 1145.7017111 1127.33389316 1095.38201577017 1047.91600958183 991.429619618951 947.934045304812 920.835222343536 903.934681819663 905.776417505948 925.171599748175 941.407273432078 937.90374376156 943.880505263944 1002.89485048569 1060.37627476526 1087.65993290643 1088.65368330194 1081.16863090934
898.901769590676 911.077653410083 898.493435989728 865.156321685989 875.083514389728 900.574123620003 934.705893511402 983.090147739323 1028.06675363991 1043.45787170823 1047.62066077796 1054.53677794445 1060.12082936947 1047.82480354477 992.603393660977 1000.47370766479 1019.45472276 1021.62328331764 1021.46872129486 1030.28700935986 1028.54642672192 1036.76178734626 1041.02272616224 1052.6399486423 1070.47522168147 1090.01117888836 1106.95740812 1117.60701758512 1111.19336440705 1089.49250388291 1066.22394311307 1056.11251822353 1077.0368771221 1102.35689843409 1106.54609412174 1105.90313510106 1116.08333428692 1135.21200231336 1141.99431220756 1126.7109354427 1103.90363717615 1069.64516552313 1009.6685852062 952.73114836457 904.601427030388 866.401100393601 867.981221754387 905.627670648837 939.208095192391 956.455006282596 973.790714295464 1013.67163407034 1057.24495882098 1084.14639155041 1077.78169778754 1057.31546997863
931.92152046189 914.27444430681 896.628369340902 885.836883354186 876.846136196037 883.629170993022 917.555780890829 965.159053025886 1005.26828909225 1026.15679428633 1038.88894745657 1051.1969738631 1062.88919053377 1048.94138055978 997.128875847222 1007.7517421961 1027.07292394963 1033.71084511212 1031.67705996 1033.23934488603 1033.43803249497 1040.21567303647 1042.33016277604 1043.87438892455 1054.10884700144 1067.33860240335 1082.65777701368 1094.08474722 1092.78635885483 1082.69322998795 1066.71392144113 1050.32570218845 1047.85592881074 1051.70147887873 1052.20150736143 1053.02827248336 1069.51765363653 1098.30192494879 1113.40641863287 1106.96535786599 1090.98310202767 1062.87907406638 1014.47400723373 959.918514468538 910.580327468999 878.1243424352 888.731282942495 932.186145635683 982.28269658826 1024.67125783762 1050.44618547699 1059.33060547526 1069.61663482873 1074.77257060206 1058.61891123701 1030.77140471994
961.435681623675 947.963749672526 929.072952791176 913.869248181751 902.391656692924 905.025773385162 929.641981179702 961.672642832203 990.294030472237 1012.82683258316 1032.29498698 1048.60723878175 1065.02832165719 1059.53616184477 1006.11004675288 1014.11012724283 1034.39737343497 1041.43924623577 1046.33660066316 1047.77625594536 1044.64043344897 1048.70982179055 1049.89615542189 1043.83496327733 1042.44543306 1053.3037024441 1070.90670349796 1081.98938928002 1081.95689377387 1079.72951405909 1058.91055771407 1031.07393550455 1015.78560437161 1013.88411020594 1009.03668704297 1002.33014312363 1022.49128523051 1061.53921535954 1081.57363081749 1079.68533598176 1068.13827759302 1050.83270451304 1019.28121192978 973.553106052732 928.96122326521 912.405851662074 934.204942292217 981.691436021869 1041.59916097704 1099.35431717488 1124.42418414464 1103.94549207201 1080.24926720551 1063.49076604715 1051.18239225571 1040.14490664573
997.824207611358 980.980056169188 963.510401409161 952.754860365913 944.004480684851 946.714009840647 962.077603239217 975.105812520283 991.470068996545 1008.68930797313 1028.1476812751 1046.32390348693 1066.07880962001 1069.51763687148 1014.23494599716 1016.85803605913 1039.07349322133 1054.45401992594 1068.60993181455 1074.25223276136 1073.97210787644 1067.41129014 1061.851480469 1050.4333008 1045.23397309841 1054.65739843862 1069.94163860216 1074.62727210793 1068.9252481935 1055.72925472559 1021.30269048465 991.260325831182 982.426264107496 991.588272605177 996.575848864982 996.524608641953 1018.43844505124 1055.55123709946 1073.11189506091 1067.42330421665 1056.85605769887 1055.88626280997 1040.91198927038 998.161898277161 951.83024156086 946.904629721589 981.334912596546 1034.27740056038 1094.01493560707 1148.25101126505 1167.35270954972 1131.29104428042 1082.14184838456 1052.28647706456 1056.71545269369 1084.53865762512
1008.15941475395 1002.1838385078 998.335677043362 991.132516554581 987.779186967135 991.417191222592 998.912389316727 998.732820204123 1002.48809393767 1012.51869374916 1029.99352345502 1048.82206994064 1068.90016782001 1079.31512119806 1031.85411247672 1028.21074168886 1053.07405495955 1068.70989863696 1085.35896747161 1092.94892672368 1094.94902098773 1084.05841705332 1080.94350344828 1074.15599035608 1067.95283152312 1073.00532151424 1077.93772793856 1074.46859870512 1062.86865688958 1038.77913133859 1003.92350316367 979.844726052644 979.966814249735 1000.98836713692 1019.47208014225 1038.6761724248 1062.81710991386 1084.07049059061 1098.03720588579 1091.62841850151 1080.46213821609 1083.3449933878 1074.46935167849 1035.17359022092 990.891455606894 991.632101562103 1031.92870831166 1084.01636902898 1136.4923440992 1178.91734138652 1186.70703222107 1138.76779897998 1072.05336360909 1032.10705357415 1061.22190638509 1136.60284063202
992.93460995225 1011.49507349705 1024.83199116658 1024.96255116843 1028.661890161 1036.86462733974 1040.47849827694 1030.01189665311 1019.57940520873 1026.22835638385 1042.70298679488 1060.14924522821 1079.07495130308 1095.33410275205 1067.59111497034 1047.21254929989 1065.49264356558 1081.24378988 1092.08983792308 1093.86839867767 1101.44699088163 1101.12667508384 1099.97973961751 1098.20514255821 1092.90069003379 1091.63544351786 1089.00836554259 1084.74039284928 1073.2750459733 1052.01081410998 1027.9536362954 1018.61074555142 1020.01946038038 1033.80237175216 1051.383120781 1080.34072041894 1106.46815118936 1124.29477744069 1144.43123618696 1150.4330715503 1140.53667670601 1128.17561435294 1108.5939706951 1076.25768137497 1046.97698078702 1051.60057072161 1089.88047890455 1138.2683797772 1179.32750522411 1199.61280289214 1187.15983678035 1138.34409064258 1072.84584226569 1036.76973938414 1075.06148989904 1158.77587104693
995.160145140595 1015.38358339983 1038.80553194968 1050.39984241949 1063.13155390129 1075.989288872 1079.03560894465 1064.0007084254 1046.47432017978 1051.56497422964 1069.24080091048 1085.8121902 1102.59103090214 1116.85800738636 1110.16483002347 1076.40681970472 1084.66200576888 1095.20376551391 1101.96658427076 1105.00811743625 1111.12014774 1116.63966584258 1118.371957573 1121.61563436245 1114.98827583837 1110.21791823551 1108.53273674241 1107.61183614929 1100.86664052538 1088.33354383553 1065.50108156818 1059.36489870413 1062.70498335306 1071.69750312896 1080.91347147014 1104.91415579707 1130.7666417997 1156.13488738634 1185.48293018129 1202.99691203998 1197.49111052675 1177.84933622 1148.59552193971 1115.30405075776 1093.84025139476 1104.46442411906 1148.3090400663 1197.17442510953 1229.06446691737 1230.1207666186 1201.92113226559 1155.55841867973 1109.68860399403 1090.18059327812 1107.69317563169 1142.9007232185
1025.92729442429 1017.45044586013 1036.0361221635 1066.05943317784 1090.77719528971 1101.94623708248 1103.05857351926 1094.46340565973 1081.33431178729 1084.67135916321 1100.52583826535 1116.65596561834 1133.02572502403 1145.39722950862 1151.78052157243 1122.16689390353 1118.98388067525 1124.69986135796 1123.61274976277 1120.85377741554 1125.25842043987 1129.43468913076 1134.49774230358 1142.0983562348 1138.7716643215 1135.89931547907 1140.7622376082 1147.51843806645 1147.96368124 1133.78168563718 1112.66474130121 1104.41475344039 1102.09113994399 1106.23111992072 1107.97924760079 1119.00161696009 1143.8978601716 1173.72417869801 1204.41097376465 1227.87251741223 1232.64003554045 1218.56537999231 1187.6791264276 1148.0535941953 1121.5469209422 1139.75116328811 1196.94822088098 1258.33001642795 1290.09845179183 1274.10433085692 1231.5437086145 1184.98294715242 1152.23120255354 1139.54518936277 1136.15594066483 1143.15701081838
1065.77724427136 1041.12063338653 1041.91479032567 1080.294793598 1111.97037436649 1119.17426621098 1117.40083917742 1114.88589627688 1114.15596106717 1116.77385024826 1128.56478026454 1144.67597803546 1162.38696956911 1176.66230959824 1189.78660657826 1186.78227629371 1167.43510512218 1161.25207865749 1146.08470037705 1133.92438635404 1133.83017590301 1139.57535965844 1146.1081473677 1150.41332223842 1153.20650499253 1161.71331695559 1181.37173055278 1199.79508616323 1202.01520649535 1187.94405333862 1164.2430820027 1144.87987946599 1137.84668497662 1132.89712416169 1122.48274586219 1130.18121411062 1152.7045397518 1179.59111671647 1207.01897301529 1234.32109644831 1248.70822357307 1242.64406106838 1216.13592762841 1174.74040202947 1142.31205720575 1167.98147307806 1237.40662874288 1311.94587329907 1345.17978689975 1311.17773644087 1261.08573399914 1215.09153851436 1182.04961643121 1166.22882100078 1157.29074638481 1157.5020672911
1081.81646497766 1086.29120641465 1078.81795001362 1099.31828773848 1121.79415187783 1126.01814051321 1129.3923220545 1124.69289638 1131.59609877589 1138.6821986381 1148.87782109114 1163.86697022924 1181.63249624001 1200.826574364 1220.22189173857 1235.66991182876 1219.36790034427 1191.91374806364 1162.17125995963 1144.49387209145 1136.88489173794 1140.03362856591 1149.01199707465 1156.51440645378 1169.3710910125 1190.27243827942 1223.45609038056 1255.22726132504 1258.77409966316 1242.62172095624 1211.88181303349 1185.22082090133 1165.53358580375 1152.94857335983 1134.4028816551 1139.87780728901 1157.26893078644 1177.62035515835 1203.35231551524 1232.80662316 1252.61066898647 1251.52381460149 1232.27419205661 1202.81856179454 1182.67573967535 1206.50660011675 1266.37174625429 1327.15061169671 1338.34016191217 1317.47252855388 1275.66954875547 1233.53921054034 1199.72466917758 1177.86769907632 1166.66849164693 1163.5959560118
1099.5860696641 1110.63775500575 1123.5972029114 1132.68732252589 1134.71312070798 1130.9327041041 1140.48355026842 1138.73098621172 1147.32054040699 1153.91621287499 1165.63954500432 1180.52747212 1197.66124621037 1219.2726842246 1253.44499219915 1271.71491906954 1258.93028018028 1214.62977883184 1171.41620857762 1148.92675232873 1135.28987987635 1132.72427207857 1141.83074104985 1157.99575815335 1185.25759451255 1216.61207246 1254.24728064062 1299.89884151245 1310.93284001312 1289.54092978607 1258.39137089252 1227.31706577737 1190.18627664305 1171.49218667548 1150.98880168672 1147.52401195439 1158.0892670127 1174.85289861224 1200.83682564123 1234.42853626295 1254.22208524722 1254.91969952378 1242.51337903649 1226.07709074282 1220.03636928735 1242.56135344086 1288.83056897848 1322.36545383085 1325.5248585224 1310.71867852621 1277.06154134138 1233.18266188314 1192.20362322394 1171.77436448401 1170.12927475725 1173.04976444392
1109.48893496611 1126.95814063339 1156.76498830788 1178.65896438345 1170.72868285586 1151.2400006051 1149.3706703392 1154.56600606198 1156.79104758257 1160.65329809568 1173.40952997158 1190.06982363598 1210.99225524873 1230.321388733 1270.36536655077 1293.2338314557 1271.5530851825 1217.60071976844 1174.4886035278 1148.6308416295 1129.38057535593 1125.79725367916 1134.8118251298 1154.25118002129 1187.31781657994 1224.52434366797 1263.9910076301 1309.3290410591 1329.89024045146 1318.87576578422 1295.10757405748 1268.18470959708 1225.85924544481 1199.27698313647 1169.2513463543 1139.60974127259 1147.82978754114 1177.6403773451 1211.48192211488 1250.5987704592 1265.31167757837 1265.54601191108 1264.23213020282 1253.92043464148 1252.98871155918 1275.48209386317 1302.99410796603 1314.70871881326 1316.22980944268 1304.77264472793 1273.7320368245 1221.96212039633 1174.22762742838 1162.26659800959 1178.14707215337 1188.90381347714
1110.45176134976 1139.2739003629 1176.557466588 1204.40767567827 1213.30529726777 1187.3321772317 1160.47518025163 1149.48558565061 1164.35974134823 1172.47584988485 1186.6122144487 1203.45064462353 1217.47016304748 1229.52939119978 1250.21094936627 1261.49258205339 1251.58846403156 1206.48831375029 1171.13886389999 1144.10435468044 1120.18274244 1117.44989878761 1130.10880947924 1150.24586278104 1176.52572417375 1212.59076477514 1258.0266467237 1298.2426394959 1324.36074537751 1325.92784963538 1315.08075822417 1295.39364187659 1261.58365437805 1230.31649478459 1192.08621773074 1168.30938076455 1178.87207615556 1209.73572711247 1247.37800719708 1283.00654698395 1297.35840887124 1292.2526686546 1281.81206558495 1274.99793315645 1272.66459206584 1294.49763384899 1290.49196963724 1292.24318063869 1291.84351862 1282.00055859384 1256.86602056253 1214.48011440096 1173.29609638887 1160.24086705975 1174.07721708647 1189.67846714209
1108.32651819361 1145.38646715545 1184.87336792088 1209.18836286252 1221.23443760077 1198.72505171682 1164.76005870796 1139.94840039132 1148.90127684637 1181.23670251172 1202.39047988011 1216.78747324252 1222.59453455826 1220.69390133312 1233.12057471782 1238.11343864908 1223.34323659706 1189.80011038731 1160.6755993768 1141.67301241244 1123.00751157114 1122.91743741202 1135.87935399269 1150.88700610234 1169.01592725533 1204.26760629572 1249.52986027938 1296.20711694037 1322.47606630604 1323.42808639487 1320.09757098738 1306.5404162377 1287.10387665999 1257.5471135919 1234.86682187977 1233.20537412964 1250.12204602681 1275.66431859585 1311.68476177929 1350.88910828305 1352.4866010937 1318.30600825612 1319.38538618732 1311.86463048348 1280.61346464861 1267.4317791427 1262.39757321402 1261.20719373611 1257.95561952373 1248.62957775162 1232.30394417319 1208.9440905237 1188.51839061084 1176.23145990198 1162.95075687863 1174.37077524967
1105.62408472 1147.98657501126 1181.77114135798 1197.53347361436 1206.62604326391 1191.93595150646 1157.79333120824 1139.80829937966 1146.05832399282 1177.50664384087 1210.29363632776 1224.38235410709 1219.70386974075 1208.10699218669 1206.42666480259 1207.58961898 1197.15857298498 1168.48625770601 1148.83271400843 1141.46859099114 1132.27123279534 1127.0602803525 1130.55446917893 1139.02449267945 1158.33609406619 1197.39369911328 1246.6015381294 1287.83818995354 1323.14442259291 1336.34153413835 1327.8280237174 1316.55014997039 1303.50886067031 1284.30429277085 1278.17503726082 1287.85351896731 1312.59111066277 1355.84118099632 1390.68831603806 1393.46694178536 1375.24897153184 1360.4964125163 1335.9291662894 1291.74412619523 1264.05008153647 1251.56663194596 1244.20667476809 1232.4261954514 1223.10607696627 1218.94144371253 1215.264551455 1210.45108108139 1201.21097998429 1183.87944005837 1164.78983029796 1175.21661880442
1112.3783154017 1149.8403549829 1170.9215065817 1183.71929103883 1195.16080466801 1181.38667545463 1159.1277156098 1157.72720978894 1172.97925592741 1191.75074030001 1218.97953116462 1228.65432525582 1218.35015951294 1196.75590161006 1183.32269905063 1181.28244772771 1168.71798519713 1145.60786458288 1137.73336100053 1139.06414492719 1134.05015719007 1135.53396922472 1137.9322580611 1151.27515744 1176.83304882473 1216.61607199185 1259.74795513269 1293.9991300094 1318.01083603385 1340.47267382278 1348.68230918351 1333.3177598922 1329.36982047277 1321.88411791232 1328.7197538239 1356.6075860482 1399.77956765856 1456.73563363483 1480.6222676974 1459.60972074922 1415.02833199901 1353.01763740915 1300.23928579565 1273.88594969999 1259.55158666121 1246.14128060788 1231.59893123515 1216.71777665743 1206.88261279327 1207.90182473915 1213.95365154897 1212.20254899743 1209.34864789158 1199.49939841331 1190.81381775143 1197.85453363382
1120.69152289264 1145.62501888337 1160.73080301161 1163.01384715336 1170.9883847 1160.36557764453 1151.10281694118 1154.52194108001 1181.1619129539 1209.03192633913 1227.33069635268 1226.12922091433 1212.65747816489 1188.02998442897 1165.02523653253 1152.32538699624 1142.39055159578 1126.44701983989 1126.11973561443 1132.85686855304 1133.00410434705 1143.82575000371 1157.55731822676 1172.72117514001 1202.65781825697 1245.66456265119 1286.07231207934 1312.8949089233 1329.10427574165 1343.66408072212 1344.22603436412 1356.70008366675 1350.49996512088 1349.62451136675 1368.52287859047 1401.49808239542 1450.71390907666 1509.16456411448 1520.3199090657 1456.30497506474 1379.02191873973 1323.75864730954 1297.22669947582 1276.29001135407 1262.9421257679 1254.96146222318 1246.015108997 1226.00175301036 1211.62830166149 1197.01594091557 1202.15317171799 1222.6722545775 1221.02708473252 1209.35630840414 1209.81591289649 1220.14537254654
1126.77085718216 1142.64958968958 1147.8452263561 1147.11271865041 1149.60720024375 1140.50219816 1136.88674666577 1140.88569244187 1172.98361029385 1211.7430736268 1231.08076500129 1226.25207687753 1210.95397388743 1186.10256252315 1153.84801080803 1133.07661969725 1115.2071236278 1108.93513475299 1118.82073243309 1135.18329059716 1150.09830528101 1176.60914708962 1195.92740763824 1210.63650087617 1240.84060591532 1281.55464935819 1317.43738331198 1339.17140509869 1348.85228416 1356.28995255798 1356.77168922793 1353.42582897879 1344.44531917805 1350.93266912069 1371.83400321722 1389.33230429645 1417.26897344562 1456.70256614719 1441.38474442084 1391.75037601832 1353.41451943521 1322.14334417806 1295.33569903579 1279.19868254025 1289.24055095368 1280.91113929662 1254.07010001216 1225.4004188474 1207.56761535549 1193.38748251292 1201.2829226422 1226.649135774 1231.86158193441 1227.21454854781 1231.08356437827 1235.01553575392
1139.49376963053 1140.56896337809 1137.78857446821 1135.91183615839 1133.55025688189 1129.34325830124 1127.06638632141 1131.59385284551 1165.89598648621 1211.06600027917 1231.80240927719 1229.7549497471 1214.38189694003 1190.65932217349 1153.52060136 1123.26870940121 1096.97798743693 1099.93273849073 1118.33788619613 1153.90956597191 1189.3101824185 1227.53925734856 1257.4589337481 1274.47420737224 1298.3901983091 1330.1721240924 1356.63366889901 1370.76654508283 1379.34344286466 1378.71728927358 1366.97577200691 1348.91465363643 1342.46208078584 1347.6675383705 1352.75264524317 1350.47453558768 1351.58390794 1366.00582593195 1378.91190121635 1375.43937840991 1351.16485364091 1317.24757722972 1292.55855804133 1289.53965453157 1314.87850034532 1288.36340280358 1265.70432542854 1244.39990738203 1220.45036816658 1202.82567032207 1217.62575657678 1236.37217310969 1240.93988428681 1244.53204396061 1249.7642595 1253.41003602934
1148.86129440389 1137.10565928917 1130.05184779037 1126.29864872526 1126.41199092296 1131.16892420269 1134.78412079442 1143.75501312361 1173.50330751737 1210.13694411763 1230.8734934733 1237.63267920341 1228.98029408282 1204.15387965938 1164.46040730139 1129.25992288603 1105.9647530601 1108.00901557155 1133.51504663036 1178.53020475828 1229.67367096105 1285.62650044693 1329.54892213403 1345.74241778758 1359.59285746296 1380.66611971428 1394.6162711241 1402.019199607 1406.94739894684 1394.63273309999 1373.10551253588 1357.81316052043 1350.88929709306 1346.52108995138 1339.93435216525 1318.17435438057 1306.47652421061 1324.2802697219 1367.35989508033 1386.05501483357 1352.33663283658 1313.1481956035 1292.91185335763 1291.99177056093 1314.54747960198 1306.06822587194 1293.81778088866 1280.44191959079 1257.83088002837 1244.42642542105 1251.67386149015 1258.83988090943 1263.35747021063 1270.85150224 1277.4424513 1279.10259968375
1138.80768617175 1126.48574357968 1120.91136147073 1120.1974561057 1129.95312965233 1137.63727906156 1149.98616381519 1166.39631478735 1188.96148839495 1214.61792322376 1236.38384887035 1249.76629663229 1251.8045718504 1231.23061828794 1186.31811942466 1146.12362024578 1126.15550098616 1124.33900315754 1155.9999577968 1208.64283907233 1267.65765275755 1330.24726225128 1378.7123482459 1397.99870532096 1409.06167769233 1423.49780551164 1428.92093278794 1431.89781197212 1429.02342292054 1412.82800427104 1393.58244918343 1378.72517150832 1363.22923369861 1352.34217822 1341.07505466751 1308.17107981447 1275.98673551895 1296.84700305914 1367.88052300607 1405.49284841466 1353.65304237589 1296.11361118091 1291.68488151189 1306.64916493612 1333.87218882527 1334.07213688998 1337.71008470327 1338.31454727882 1311.10095604836 1299.61509327286 1301.02439835915 1301.71068724773 1302.05397013557 1306.49797102403 1313.32890270782 1311.39750926082
1114.43065620237 1106.17168160853 1112.28357934645 1122.64979458613 1141.9827994388 1151.11729368815 1166.93859316411 1186.4765277673 1203.14205354558 1225.48212816086 1249.90463344554 1267.92074456144 1277.76129812089 1263.18428278986 1213.53834406732 1163.31667125324 1133.38776218061 1132.53399872755 1175.09923215786 1237.7485278636 1303.50529993564 1364.18509422065 1409.56527576013 1432.31219127238 1445.36561570001 1459.08209858 1464.84363756391 1466.86559523724 1462.19702465363 1437.62977408938 1425.5349322739 1403.64807097193 1384.53810394264 1370.79189267066 1355.75947442571 1319.98426313934 1290.51698240178 1312.43567846548 1374.09952562882 1396.10745741203 1345.32891096855 1298.41867786894 1312.25727810272 1339.94874415924 1364.30605501724 1363.60122291903 1370.13265681348 1373.87824402587 1352.67047740393 1346.48653805635 1347.07436378633 1347.68269100166 1346.80356626 1347.25844828041 1352.1126611635 1346.85962872674
