catData/variables/futureClimate2070/rcp45/IPSL_CM5A_LR_2070_rcp45/bio15.asc
NCOLS 409 
NROWS 350 
XLLCORNER 60.897278365 
YLLCORNER 5.843756025 
CELLSIZE 0.0892857 
NODATA_value -9999 
[rows 208 to 233 of 350, columns 180 to 239 of 409]
126.6965727 126.526703003158 126.4643818 126.4643818 126.244757029714 127 127.08873698 128.357519703731 130.69537846 132.838235260001 134.406078934351 134.593043658342 135.101803246139 136.600646078759 137.2321909 135.938874879583 133.858339839999 131.715483039999 130.298879806972 128.45634512498 127.843134201991 126.07202792 125.00059952 123.999529555436 123.377438340082 123.335719384399 123.4643818 124.05311518 125.12454358 126.026103397675 127.03520948 128.10663788 128.2321909 127.44707802 126.307520244732 124.413439369215 122.519358493695 120.928294998177 120.854534082659 124.09352552572 129.387128545133 132.778541736104 136.030644218829 138.525498434933 139 138.79696192597 137.82193612 136.255540382993 133.331235602424 131.355161808043 131.946227703562 131.232136460919 129.62555662 128.55412822 126.96539964 125.41127142 123.019529059999 120.706696707809 117.82314956 114.140497213543
124.606725949817 124.321525 124.995452333873 125.1607625 125.1607625 126.175288509408 127.08873698 128.32033076 130.46318756 132.351736783213 133.475015468633 134 134.51730738 135.189293271665 135.321525 134.472319767858 132.55472054 130.411863739999 128.421068616607 127.1607625 126.983293339999 125.00059952 123.92917112 122.85774272 122.1607625 121.786566153692 121.321525 121.91025838 123.535719301844 125.506330593688 126.80301858 127.140578282622 127.1607625 126.128936738932 124.069593267086 121.16196634 118.824751383396 116.085729071552 114.549760399414 117.923165576416 126.531982071949 131.33822446 135.355430527674 138.46317556 139 139 138.05412702 137.801853326897 135.337820301256 132.133806430588 133.289762715134 131.648271574277 130.150547193877 128.928320537968 127.80463714 125.756425818342 123.019529059999 119.922855354652 116.077801882807 112.557620949036
123.119692812726 123.0893341 123.161071470931 123.975001617241 124.0893341 125.090880346417 125.348214921756 127.263807710073 128.64185576 131.03359431254 133.033451205559 133.495380882613 134.51730738 134.463858401044 134.0893341 133.35774152 130.752008316529 128.429769439999 127.148291279814 125.1786682 125.001199039999 123.01850522 122.1579791925 121.78631432 120.748336911157 120.138836217015 120.0893341 120.67806748 122.409657660001 125.218748689701 126.80301858 127.796329046044 127.049289445784 125.96539244 123.733803459999 120.38797328254 116.694801446901 114.207351744926 112.145217423245 117.320328954254 128.430842259589 132.837185204481 135.009093528138 138.218741704103 139 139 138.915501288617 137.933885686421 134.066158634881 133.085131666868 133.747724841303 132.331705510524 130.25111324 128.593959774181 127.52582137399 125.82254284 122.418346609665 118.228348101495 113.235335813323 110.441000434847
122.0179057 122.0179057 122.0179057 122.033563371237 122.964754933261 123.052810057759 124.021083495485 124.371179986755 126.49899896 128.944877940001 131.40355718025 132.46378468 133.53521308 134.007363973744 133.351656521757 132.28631312 130.397485087238 128.251101239999 126.125181043765 123.983913098534 122.050539390462 121.85774272 121.0179057 120.71488592 120.011200943223 119.562107152278 118.50986342778 119.202736476718 121.338229260001 124.931166785714 127.591658550213 128.85654128 128.965157739208 126.930492796293 123.646660091794 119.534556172703 116.991706474402 116.650319743398 116.663859332395 121.491493997223 129.603831989614 134.734568019075 136.630083511621 137.739881262625 138.806543313186 139 139 137.98176924004 136.85755312 135.791860208648 134.523067859825 132.096380755326 129.26901894 128.009922053669 126.974662261833 124.262261557335 120.395183479998 115.390984048337 111.615918712318 107.551451978683
120.8929546 120.200516558636 120.706520700539 120.8929546 121.83883478 121.87564602 120.976942137241 121.991024796416 123.236701235592 125.960693785235 129.554851966058 130.887161193766 131.46378468 132.503702351468 132.23279042 130.508083060363 129.19697902 127.251101239999 125.10824444 123.01983661348 121.102296085695 121.0535227 121.041127304046 120.713198656779 120.0535227 120.0535227 119.563905279253 119.632757579845 121.320323560001 124.19477054 127.409055740001 128.921249743377 129.104148504201 128.056060205025 124.983103739999 122.848819166675 121.627687690001 122.442620164973 121.53501388 124.342210220054 129.612348169202 134.323413448377 136.017144324896 137.477541706727 138 138 138.895247304253 137.98269862 136.916019277396 135.884792421779 134.536826839999 132.393970039999 130.231072019305 128.03086947848 125.230304850623 119.683805112675 114.947817043992 112.404993690363 109.387411094357 105.381745492933
118.8750489 118.8750489 118.774710245343 118.859361511808 119.702740311041 119.61000084611 118.7500978 118.7500978 118.98169158 121.18948279057 125.670335351867 128.572617729018 130.332043306169 130.94861208332 130.33983582 129.908586702377 129.07202792 127.235413551925 125.226432909077 124.109807346228 123.16116762 122.20987711894 121.76840862 121 121.046787711984 121.1249511 121.1249511 120.609780603438 121.487737819412 124.31972164 127.433668785109 129.858157072043 131.07082648 130.09034354 127.958573923496 126.08974162 124.815661537798 123.64000832505 124.62434798 126.531812270749 130.064886367193 133.64124184 136.19536766 137.60663668 137.975386655009 138 137.881812130689 137.737120072925 137 136.699695580765 134.632840942083 132.356107984932 129.658144535562 126.231819190629 121.008368793041 115.910349776327 113.304832739999 109.698805179999 105.513429035125 102.891950927721
117.8036205 117.8036205 117.00059712 117.67807228 117.617869023192 116.8036205 116.8036205 116.835073697242 117.23159378 118.909066540001 122.49780232 126.337636940001 129.136203324631 130.669499641892 130.469478531586 129.321117134936 128.19697902 126.95382668798 125.85774272 125.003398578975 125.090219267547 123.67967404 121.76840862 121 121.37444818 122 122.10158809332 122.1963795 122.856541280001 125.247480726247 127.60603716 130.623340940001 131.94587538 131.16177194 129.10764732 128.03621892 127.010269848098 126.333252598424 126.644358755054 128.196946811469 130.129397037991 132.650578244513 135.12393926 136.678877122443 137.80301618 138 137.05412702 136.210283243647 137 136.808390036691 135.108860759999 131.894575559999 127.784337592514 122.452254225557 117.431601599999 113.010030852528 110.157285742345 106.484519979999 103.317211049219 100.180293959999
116.4643842 116.4643842 116.091472830097 116.640266685147 116.039626104657 116 116.023764464266 116.42797328 117.49940168 119.095722706322 122.49780232 126.457046853289 129.681191036908 131 131 129.732741112505 128.24973155769 126.251101239999 124.800808678082 124.477055648277 125.042870961527 123.14405824 121.23279282 120.4643842 120.83883238 121.583793470549 122.388035440354 123.157667450158 123.92796968 125.535062630234 127.60603716 130.389157130626 131.42475458082 131.702218628983 129.91126782 128.882731688593 128.205786541603 127.859283516403 128.083948283989 129.44587418 130.51730258 132.019795152581 134.229306757224 136.267250572973 137.320154203168 137.4643842 136.771823476441 137 137 136.67968364 134.243219544341 130.498547938149 124.839299049466 117.927745960283 112.88714954975 109.98579735532 107.660708514483 104.001774924288 101.766879351814 99.075240183896
114.6607637 114.908947274114 115.530608699755 115.957409486376 116 116.3392363 116.397870475232 117.16016538 118.31015879703 119.945280660001 122.582984161416 126.293021284578 129.35614216 130.521247947685 130.884715353816 129.772041900106 127.715485439999 125.572628639999 123.42977184 121.9822911 121.863454529398 120.377061936732 118.75069972 117.9822911 118.35673928 119.579425201256 121.35613736 123.109980513518 124.32092548 125.39235388 127.26680086 129.113013501959 129.642402664172 130.310093690303 129.602132696434 129 128.846974408696 128.539459185173 129 129.294617472911 130.35355409322 131.58873098 133.532578089038 134.804934048388 135.254703337743 135.3215274 135.642401850005 135.6430548 135.673155162267 135.607643271602 132.63814590547 127.182713639997 119.695976800744 114.296236847078 111.272612460947 108.683024645183 106.679686039999 103.557063542554 100.524133783576 97.9544731102918
113.449777710526 114.32093028 114.919108655441 115.87445178 116.388439600356 117.4106647 117.447105845271 117.915720512272 118.87385226 120.892268547357 122.74890116 124.971423424884 127.000845479985 128.35674168 129.15706395507 127.463002707387 125.161963939999 123.019107139999 120.87625034 118.7680059 118.590536739999 116.60784292 115.53641452 114.892445427048 115.55311878 117.07042376 119.21328056 121.35613736 123.109937519336 124.32092548 125.86560107575 127.05311758 128.12454598 128.1786706 128.1786706 128.244442896537 128.684440718995 128.875561458547 128.43556363609 128.1786706 129.21327576 131.009172611283 131.97839052626 131.878233323802 132.57102208 133.127109421112 133.73610693643 132.596440366027 132.979415214546 132.090217427173 127.568287766798 122.609549007569 117.619775838315 114.296177058454 110.534343726459 108.169501374313 105.997918171854 102.552765370601 99.9833077399997 96.9660087599986
111.69598038 113.120105671853 114.708062310637 116.296018949421 117.42797328 118.4820931 118.57083008 119.559307724557 120.204074233318 121.30302218 122.568381119091 123.96378588 124.785823961523 125.056898665478 124.753367003955 123.12634934 120.983492539999 118.840635739999 117.153780091181 115.545377510034 114.936936768749 113.39355772 112.433777926317 112.33883358 113.41026198 114.92756696 117.319812921454 119.411549359762 121.356137360001 122.76740398 123.83883238 124.91026078 125.525689185842 126.0358138 126.0358138 126.27318669051 127.637848430706 127.878879008078 126.962943393138 125.820860934354 126.33893785557 128.24908956 129.389885881998 129.174826340782 129.451701420434 130.42816528 131.009719537134 131.044774304082 131.419037154702 129.152075873487 123.823147159999 120.305846979998 116.76902014 113.503499708621 109.96539964 107.538720853809 104.537435959999 101.675843023758 99.0068450374567 96.3161429013258
110.10664508 111.90966846 114.497015965833 116.748903560001 118.469445196054 119.563102171165 120.195779980001 121.178553398614 121.5535215 121.85654368 122.513439186565 122.645553878172 122.892957 122.30422122 120.136547618519 117.364255117729 114.628339662618 113.344503804983 113.333642095204 112.331708662713 111.80422242 110.821447672934 110.318287691955 110.19597678 111.26740518 112.78471016 115.44487194 117.807566963598 119.401388321292 120.62454718 121.69597558 122.76740398 122.892957 123.349013514261 123.892957 124.124625835517 125.3394355 125.3394355 124.797807729814 123.200281875074 122.85673808 124.51689746 125.99959488 126.744385065367 126.892957 127.283377704412 128.808869510699 128.88338031419 128.25070572 126.627295596031 122.454573562282 119.620214773746 115.69759174 112.909790996472 109.679062868416 106.68029276 103.831418641804 101.53682924 98.5909586599996 96.2511156399991
109.66016658 111.46318996 114.40907014 117.295392112467 119.51671026 120.64225848 121.71368688 122.6249499 122.6249499 122.738598398911 122.62554942 121.442695952073 120.4268090046 119.53641452 116.484493579999 112.93037256 109.716087359999 109.1251503 110.07102808 110.3750501 110.341770186897 109.799812323331 108.663241829772 108.488697698791 109.358559732646 111.26680326 113.60367534448 115.92756696 117.822830018396 119.10664028 119.676222298731 120.62454718 120.7501002 120.756589984419 121.1251503 121.28531088 122.269881809892 122.7501002 122.37565442 121.415649888407 121.194014384359 122.184584692922 123.41025958 124.024482270048 124.626995181389 125.296584252827 126.675672835736 126.721986324299 124.870065518585 121.80984955715 119.413343830012 118.367552125797 115.408046434227 112.037434759999 109.146436255761 106.23381426 103.679686039999 101.53682924 98.5909586599996 96.7975981929462
110.35654488 112.15956826 115.10544844 117.710784396012 119.89176036 121.71368688 122.723320772721 123.111535695043 123.857655182807 124.181738529429 122.800409203331 120.101363293901 117.369452752276 116.035733841625 114.189656398778 111.618309157153 109.150143444916 108.087430727319 108.287189019556 109.3036217 109.365414535972 109.67967404 107.677449577001 106.6072434 107.35613976 109.49899656 111.64185336 113.78471016 115.927566960001 117.33883358 118.166448113609 118.569122778627 118.6072434 117.9108651 117.972656264664 118.76740398 119.83883238 120.6072434 120.493553535718 120.3036217 120.663859991246 121.17875150099 121.504060413227 122.116705254537 122.547434837699 123.48168798 123.894430962172 124.584688945592 123.072281566711 120.37606194 118.373834562233 116.789593663352 114.37022412441 110.966006359999 108.629257959938 106.23381426 104.139405035465 102.23320754 99.8465383309927 97.3004293024856
111.42797328 113.23099666 115.56031010858 118.420313495512 120.65956706 122.78511528 123.7678067 123.92797208 124.99940048 125.46478452 123.356949295857 118.977665323532 114.515272387676 113.148615176414 112.650936720504 111.330729824594 110.010522928684 108.221949227225 108 107.477674400955 108.252796874954 108.267034849136 106.769010539999 105.2321933 105.98108966 108.12394646 110.26680326 112.40966006 114.552516860001 115.96378348 117.03521188 116.560787049961 116.4643866 115.4643866 115.55311878 116.62454718 117.69597558 118.69704537458 119.2321933 119.2321933 119.74949588 120.2321933 119.725318504968 120.19597438 120.4643866 120.667426772697 121.422827511393 122.473653450966 122.822540439999 120.802654163664 119.30463354 116.69646287631 112.821363024065 109.811457940049 108.48269982 107.137873756411 105.368583467704 102.742919783613 100.39397244 97.3766734599987
112.214201545784 113.6884448738 116.279972166617 118.728719812967 120.89176036 123.871069647867 125.752941388284 126.409037862598 125.876467250882 125.69697782 123.50219768 119.144802390367 115.63829060157 114.118265617596 113.17907092 112.10764252 111.03621412 109.090336339999 108.045421266714 107.002782226297 107.1607649 107.00060192 105.891941754953 105 105.434646304213 106.678322783796 108.35613976 110.49899656 112.641853360001 114.667096137871 115.289862101712 115.180949418705 114.366953080878 114.1607649 114.24949708 115.32092548 116.39235388 117.209479458794 117.635777841623 118.53495816204 119.083164097543 118.666681197126 117.66137042 117.439143436293 117.4822947 118.216159284541 119.26740278 120.33883118 121.218535385791 119.866196353792 118.052712226625 116.457306594083 113.027215552541 109.55412822 108.916836288292 108.744588208709 107.358156239999 103.255769800913 99.0461377400801 96.4320658303755
112.629807051675 114.39783182507 116.588449558188 118.748903560001 120.89176036 124.03461716 126.08873698 126.83983462 125.789095997727 124.78631432 122.932532655759 119.622529792502 117.347141689246 116.23259122 115.16116282 113.423499760523 112.10764252 110.161764739999 108.96478572 107.894903393549 106.919192656806 105.92917352 104.85774512 104.0893365 104.46378468 105.53521308 106.652855696346 108.35613976 110.498996560001 112.64185336 113.178673 113.178673 113.094171804115 113.0893365 113.17806868 114.24949708 115.110025848912 115.178673 115.212124675425 115.71388368 116.739098078062 116.58994202 115.51851362 114.512442711708 114.2680095 115.93877884178 117.12454598 118.180218644734 118.260082692009 118.004206848752 116.85774992 115.20736185776 111.988439937965 109.148089064273 108.56042289247 109 108.280866905956 104.252736599999 98.9673330405563 96.2511156399991
112.66016658 114.46318996 115.817404002991 117.766811660001 120.838609723149 123.05252526 125.10664508 125.85774272 125.013760695428 124.399382191501 122.262301241568 120.100257194638 118.46478452 117.39335612 116.32192772 114.51890674 113.17907092 111.233193139999 110.03621412 107.98269382 106.824119907731 104.85774512 104.013760738408 104 104.006705655452 104.46378468 105.53521308 106.617184576242 108.356139760001 109.062018980205 109.860270442967 110.912511596038 111.0358162 111.052810102177 112.10664028 113.020776271683 113.263257861387 113.422726271085 112.0537243 112.49959848 113.062988206333 113.061089346737 112.393564919999 112.040622952877 112.0358162 113.784705360001 114.98168918 116.0358162 116.0358162 115.87565802 114.576790315633 112.442267917436 109.91248606 107.581959703576 107.53520828 108.596093669717 108.33984302 105.779041251712 100.9491149 97.3565168580024
112.624834266589 113.599764314384 114.685440532205 117.516314740001 119.835343550998 121.96378828 123.03521668 124.10664508 124.71488592 123.64345752 122.217619247377 120.55412102 118.993071686169 118.022010984434 116.715003824962 115.32192772 114.25049932 112.304621539999 110.16176474 107.96538764 105.91126542 104.831265049261 103.727283160135 103 103 103.422013131676 103.9464797 104.503703892882 105.55312118 105.8929594 106.69597798 107.720605715297 108.7346909459 108.8394391 108.92817128 109.99959968 111.07102808 111.265839502165 109.9464797 110.39235388 110.9464797 110.9464797 110.9464797 110.985634497462 111.760038513142 112.82092428 112.9464797 113.96378108 114.862498764444 113.991428286159 113.483306539999 111.356667192633 109.645596942031 108.631511711427 108.568968658353 109.58872858 110 107.805243859999 104.59095866 100.549031687805
111.8750513 111.14345632 112.48109806 115.498406640001 118.594505341153 120.76957386457 121.96378828 123.03521668 123.672394861739 122.69697782 121.62554942 120.609833018908 119.60764132 118.53621292 117.547271176077 116.426893278199 115.422264147524 113.500998639999 111.23995564103 108.09033634 106.025126849584 104.699686196139 103.096011658138 103 103 103 102.935363415245 102.8750513 103.4527267238 103.7501026 104.452785052353 104.6251539 104.6251539 105.5002052 105.577850409461 106.53541708 107.635782221985 108.575928455417 108.796889113431 109.265214080846 109.814738884878 109.948612470601 110 110.640176837953 110.8750513 111.640235166507 111.868288199216 112.89235268 113.8750513 113.71489312 112.440814582108 110.734846347831 110.1249487 110.069237600722 109.48269982 109.58872858 109.917514243553 107.680295159999 104.566345487893 101.485933873615
110.8036229 110.215696420547 111.448351357403 114.255255935355 116.684755366696 118.83824006 120.89235988 121.96378828 122.8036229 122.560107336944 121.699082938994 121.108816678957 120.584279943093 119.60764132 119.066735972808 117.680482869242 117.038682168708 115.251101239999 112.348115395391 109.354743302559 107.018907939999 105.03621412 103.96478572 103.136870954361 103 102.912440050262 102.387904771788 101.884386246162 101.673982244113 101.6072458 101.6072458 101.6072458 101.6072458 101.4108687 101.393443731815 101.343200309765 102.526771232285 104.880032034334 106.858847056383 107.694805278433 108.422511860483 109.473117697467 109.933263084582 110 110 109.828279109269 110.74949588 111.824321874831 112.98257550312 112.64346472 111.617514620979 111 111 110.466569212871 109.28632272 109.276738668772 108.947088819999 106.699822890653 104.39397244 102.422836059425
109.7321945 109.928119659416 110.80302338 112.514720563832 115.56983504 117.76681166 119.82093148 120.89235988 121.79421658805 122 122 121.673529863178 121.129267738445 120.568930899931 119.60764132 118.340288403317 117.19697902 115.485283593435 113.37604994 111.220521650188 108.334378231435 106.10764252 104.974192674683 103.778130583693 103.167526217931 102.55412342 101.861462881179 101.14346112 99.8952377644256 99.464389 99.464389 99.464389 99.464389 98.7321945 98.6672252858307 98.0428918842072 98.838530834834 101.560096919041 104.21328056 106.149078295424 107.896068683912 108.889859894464 109.66015938 109.804076768783 109.7321945 108.857749919999 109.67806748 110.762163855279 112.399421543098 111.57203632 110.7321945 110.813343578226 110.899722003397 109.840450939999 108.21489432 107.7321945 107.07203752 106.00060912 104.34121844686 103.12555782
108.884716983583 109.483413161714 110.46378948 111.53521788 114.177532017606 116.362021017097 118.74950308 119.82093148 120.89235988 121.763561495908 122 122.151257265314 121.82192652 121.139514765281 120.33983582 118.784995844124 117.53621292 116.46478452 114.768352148233 112.637984597064 110.073030159999 107.124738207659 105.536817239999 103.794410836507 103.074109536449 102.063633068848 100.979714605855 100.07203272 98.3404425399991 97.6607660999999 97.388354975334 97.3215321999999 97.3215321999999 97.3274022287741 97.720968026954 98.5537263781797 99.8314939471179 100.73968112483 102.40965766 104.84713300301 107.014321351694 108.24949708 109.32092548 108.92917832 108.6607661 107.786321519999 108.28576690009 109.33883358 110.3215322 110.215705104018 109.739328118721 110.200222026576 110.28632272 108.769022539999 107.318951677532 106.800283307765 106.00060912 105.17735928164 104.19698622 -9999
108.24950428 108.5893377 109.39236108 110.46378948 112.092660729757 114.223493158728 116.893191012302 118.404614663331 119.916038314361 121.30302218 122 122.44587898 122.48269262 121.653035809507 120.75049812 119.67906972 118.60764132 117.177109526375 116.05412222 113.94808146 110.733796259999 107.67967404 105.536817239999 103.393960439999 101.84622824917 100.880689241859 99.7875623471116 98.7588337160821 97.1294553949461 96.2889011940236 95.7054262770053 95.5893376999999 95.5893376999999 95.6066414800002 96.7668020600006 98.8438869478478 100.273780263181 100.5893377 101.18445849476 103.070423760001 105.425717227299 107.419838298328 108.389056810643 107.85774992 107.5893377 106.714893119999 106.200903326525 107.19597678 108.215113375533 108.655108626563 109.136482702408 109.5893377 109.368664099651 108.291359170679 106.985790936581 106.242377752738 105.33984302 -9999 -9999 -9999
107.17807588 107.5179093 108.32093268 109.39236108 110.007789441908 112.07043576 114.256071832805 116.83824006 118.869447652484 120.33884078 121.216337742228 121.96378828 122.249990996939 122 121.33983582 120.26840742 119.19697902 117.672665153718 116.080214038925 112.51015250843 109.855171091572 107.67967404 105.536817239999 103.393960439999 101.44503383479 99.8570797674339 98.2691257000781 96.6600840272773 95.6939146746332 94.7863191199999 94.5179093 94.5179093 94.5179093 94.5268710885873 95.2132829600006 97.2731911061246 98.6378513865197 99.1819004608365 99.7118382518078 100.712615164452 103.355022402904 106.78092402052 107.681743302384 106.433629855028 106.0358186 105.16137402 104.08994562 105.061460814395 106.60663908 107.755278249107 109 109 109 108.55412822 -9999 -9999 -9999 -9999 -9999 -9999
106.10664748 106.851432694894 107.80302338 107.906400255482 107.8929618 109.92757896 112.159172740001 115.21329256 117.12455558 118.363712544354 119.82093148 120.89235988 121.732820415401 122 121.33983582 120.26840742 119.19697902 117.641526186186 114.507602505009 110.96538764 108.862149135139 107.12615494 104.983298139999 102.840441339999 100.490320320409 98.0012086399994 96.1446900269547 94.8577475199998 94.4464808999999 93.7148907199998 93.890967021685 94 94 93.4560588727323 94.1774643600007 96.2316692199029 97.5746698237796 98.1352914725381 98.6537437911444 99.1990743051733 100.943017502982 104.042618935617 105.303066771748 104.281214949556 103.8929618 103.018517219999 101.94708882 102.946717848573 -9999 -9999 -9999 -9999 -9999 -9999 -9999 -9999 -9999 -9999 -9999 -9999
