catData/variables/futureClimate2070/rcp45/IPSL_CM5A_LR_2070_rcp45/bio17.asc
NCOLS 409 
NROWS 350 
XLLCORNER 60.897278365 
YLLCORNER 5.843756025 
CELLSIZE 0.0892857 
NODATA_value -9999 
[rows 54 to 80 of 350, columns 122 to 182 of 409]
10.74948388 11.6842259460303 12.8134456527417 13.2321645 14.0351974800002 15.9810872600001 18.12394406 17.4603083333994 17.2797034692552 17.8050224441442 17.7146265370837 16.5351569416878 15.9130636395404 15.4254664192312 15.1201026380032 15.2321645 15.7390693644533 16.1698520543186 16.2321645 17.1066234800002 17.2321645 17.2494802800002 18.3209086800002 19.3551506930506 20.0537695257213 20.53519388 21.8941442567353 23.995291302037 25.7494790800001 26.5055349391605 28.0168362600004 28.6964935000001 28.6964935000001 29.3679323053328 29.4643290000001 31.5029753122115 33.8945797509832 36.6923230702453 41.6766567885272 46.3734407927024 51.4818351539301 56.3513825048425 61.8003665800006 70.4472146376152 79.7456808400011 87.9252125398587 95.8654171522059 104.254893129894 113.695765064977 121.043545394693 126.141011259538 119.662898420476 104.323815461251 93.0657481711352 87.4931935156244 78.0017124847002 65.7477222950687 62.2068642280926 58.487044688112 80.9296646454724 117.39424622687
10.0831518995956 10.2553691220409 11.535710415514 12.7747454130687 13.1290763893766 14.9096588600001 16.258664514267 17 17.08874658 18 17.7683966199998 16.69696822 16 15.5541114199998 15 15 15.1061137587195 15.1607361 15.8346906763902 16.1405571260552 16.1607361 16.1780518800002 17.1750004933909 17.6160718441638 19.3551104417188 20.30302938 21.4346466631719 23.0525084600004 25.1122141319379 26 26.766284752953 27.1607361 26.4867835378432 27.1959287800001 28.1153193172661 29.3560989600004 31.5734335323761 34.9615869999997 39.8927580925153 43.8366071000005 49.1937491 54.4792214801503 60.2646091800005 67.0717070389641 75.0850323400011 84.1528687007378 87.9306102403835 93.6731702345245 100.425995333934 107.043829077651 114.253165396288 122.022452068126 126.029678984549 124.338980955645 118.687397644747 104.281473602245 92.5986471069426 80.1607229553783 89.5176795489061 117.826838887057 122.320115981811
9.08930769999998 9.62547576988822 10.7191349962306 11.82091228 12.8206236515322 13.1561922691732 14.9859197192946 16.1050792331762 17.08874658 18 17.5574772051796 16.0622446287013 15.6589819974173 15.0494864164639 15 15 15 15 15.0717168141295 15.885670759752 15.1385876463669 16.0015464324855 16.1701263413959 17.0286092894457 17.8320508383174 20.30302938 21.7154735969212 22.9903344383952 24.1239368600002 25.6254713985651 26.6601713800002 27 26.928283400209 27.7851488800002 27.9951671120283 29.9453190600004 32.1769176400004 35.4198117007686 38.9950184834976 43.2391705626222 47.9615846 52.9126636748597 57.8113762609782 63.2642050670967 68.834950219646 76.5432702193342 81.7114155636428 85.3041875147148 91.3897570799993 96.9234001561924 104.424376640003 112.280790236276 115.965779662165 117.95540363515 119.906704669569 125.677556884382 124.792787019753 111.108072405175 106.830692624055 125.713406204998 114.301748613366
9 9.58874778000014 10.0118034879751 10.74948388 11.8209122800002 12.8767059226486 13.0338236942871 15.0351974800002 16.0194660267278 16.0357586 16.0274767873759 15.7023862161042 15.0111842141037 15 15 15 15 14.2814783548569 14.8065522553512 15.0156347144411 15.0009674957668 16 16.0887441800002 17.1573088063904 18.2220034068036 19.6185201068061 21.381152822986 22.4557933472221 23.5265638025703 24.6066222800001 25.6780506800002 26.0178793 26.8065498982615 27.8744565800001 28.928973218677 30.9997436311152 32.2662253400004 35.4805105399998 38.6989365604919 42.2299872200004 46.5223958200756 51.257205410133 55.58831419932 59.9973408000002 65.3544828000006 70.750866147109 75.3193789200004 78.7306383400012 82.9246295568247 89.280334903592 98.5378531939925 102.994321371156 102.909340140001 106.399560583135 109.553167737322 111.621777733916 120.370551421761 125.029607235333 126.955398867334 126.069205045399 125.583598577967
8.48961739278846 9.5036717662542 9.9282536402805 9.98562766681489 11.5630642666511 11.9932775198838 12.8952382335818 13.9637690800003 14.9512031994871 15 14.987597847444 14.9302238209097 14.8929018000001 14.8929018000001 14.4032866786938 13.9779776852282 14 14 14 14.8276324886343 14.9464509 15.9473781444349 16.0839920090309 17.1237776750074 18.272748055962 19.6060587599999 21 21.8917723600004 23.545016310176 24.0850757567103 24.7672695800001 26.5311212502206 27.8565772800001 28.9280056800001 29.9994340799999 31.1417249600003 33.3638194550975 36.3289173289857 38.9923453155209 43.3029792979456 47.17691524 50.3434470897532 53.9879980183424 57.6591235400002 64.0328478210936 73.8771500562169 75.2560170023663 86.8610257796942 88.1322362286468 81.3069384312113 87.2672664982029 94.2765226414044 93.815605147003 95.5991368141488 98.5682070399288 102.461091880002 106.6819157943 113.741966882606 121.013142229675 115.828928343895 116.787944090109
8 8 8.57766901146407 9.60662707999996 10.6780554800002 11.640195882881 11.8682599399799 12.7651987971592 13.7138140799999 14.6250674999999 14.4224093314237 13.5227575285699 13 13 13 13.5151654542711 13.95752936859 14 14 14 14 14.8923382800002 15.8972045515119 16.565459302766 18.903967411478 19.568186905661 20.9686200943999 22.0167498600004 24.0949539770783 25.5887429800001 26.6601713800002 27.640166268495 28.8787715887321 29.9994340800002 31.1890768200879 33.1617680429494 35.3497875058101 36.8554430399999 40.5039807884689 45.1969074943933 48.4515001427461 50.5843878997702 52.4226317740483 55.5162667400001 59.3082146513025 65.5633827368825 72.0929070255806 78.8248787735976 87.4289064791471 84.0342725180166 79.252176844818 83.465510428725 85.7422716715863 89.4962845600021 94.7963636773078 98.2868285603395 100.586028158179 100.4567552552 108.552120647492 116.947728203226 112.301275770265
8 8 8 8.73160457999998 9.80303298000019 10 10.7601114464583 11 11.08874658 12 12 12.30303178 13 12.9124248521454 12.8035941 12.8035941 13.4637678800002 13.8035941 13.9613140437925 14 14 14.0207167013554 15.3564643794576 17.16017258 18.1861131810824 19.1661402381053 20.7489155600001 22.8917723600004 24.5173145800001 25.5887429800001 26.6601713800002 27.1436905132307 29.4477709675821 31.046205011606 32.9023984692065 34.4413514900195 37.3913188691687 39.9362390767119 43.6210432649133 47.3668545730756 50.2825537140813 51.1400469302126 51.3209062800001 53.3385515930374 56.1319670746625 60.3885773162874 65.7980066010449 68.9139688804644 71.123139542904 76.0563408716412 77.1604948955885 76.9933178490546 79.6217853276618 83.5677833139312 88.5642126363666 93.9770854110566 100.143090610803 96.858276976857 98.4346971025918 106.028879328554 109.595155796699
8 8 8 8.53565577943891 9.53519868000022 9.96637645158934 10 10.7368041026177 11.08874658 12 12.06203132916 12.4085414706519 12.7321657 12.4057013757022 12 12 12.4833565977555 13.1240620155175 13.8557857467272 14 14 14.0392693198157 16.3328097446707 17.16017258 18 18.6060587599999 20.7489155600001 22.8917723600004 24.5173145800001 25.5887429800001 26.8369879194425 27.8034865650435 29.3909778695297 31.2468693940156 32.9168972629975 35.7760666940264 38.5815958250545 42.4756565958762 46.2771070293343 47.1964971000001 47.5709524800001 48.6423808800002 49.8523632256119 51.0530719800001 51.9476844833601 53.999395495692 58.833749636996 64.0577687895492 63.5290827360896 66.2151163573692 71.5054661789 73.6074863261945 75.0257912807533 76.7251360623982 78.3194152753438 85.9517093562329 92.5225360512366 90.2915656132946 96.3671288476782 103.709594117408 111.863864865939
8 8 8 8 8.53059384301626 9.53519868 9.98164242066519 10.0114427674943 10.74948388 11.7150786961872 12.1530289919722 12.4605128998686 12 12 12.1755063553906 12.1395233527686 12 13.2149990290872 13.9331756227534 14 14 14.0401981434497 16.3816897802322 17.1058319980432 17.7393108737975 18.6060587599999 20.7489155600001 22.7404998106808 24.1780518800001 25.2494802800001 26.5331370103171 27.4786209333643 28.4637654800001 29.8318643803638 32.1958479555912 34.7358646040457 39.4437089000006 44.1573210568211 44.7506133199998 43.8794061485922 44.2714820664966 45.7673583800001 47.1805942330704 48.7706901987704 49.3214745999999 49.8048682775483 52.1188525457078 57.874119401603 61.1755570698685 60.695051330557 63.1167520616572 68.6743728930087 72.9240227506734 74.7873824887084 75.08816866 81.2280951148518 86.804780636195 89.0936892290808 97.6194539000034 106.361128478895 110.185672979876
7.58930890000003 7.58930890000003 7.86043738155803 8 8 8.51532787394033 9.53519868 10 10.0522991494386 10.8152663187287 12 12 12 12 12.3048595004351 12.2423560077321 12 12.4311396759334 13.0625419677663 13.1786178000001 13.5670853285683 14.0102043432646 14.7667972600003 16.5893089 16.9160263412376 18.4816072905954 20.1844379824283 21.8076254657393 23.1066234800001 24.1780518800001 24.8604354102408 25.862276523184 26.9816459800002 28.9275309600003 30.12450278 33.258074248924 38.1387446815123 41.7863743200002 40.6198304444213 39.4817273874919 40.9419582157394 44.2183131800806 45.5173121800001 46.6939001271704 47.4497433245822 47.8897694327493 49.2762560190836 52.7279950709177 58.0769821654975 60.3964721691633 60.0124117592454 65.0350773852588 69.610808109921 73.8549481561753 76.5702881599999 80.2100738023146 84.5180926174117 89.3003557800013 95.9294716496914 98.2939507961845 98.5189211694849
7 7 7.34189237018652 7.5178805 7.51788050000001 7.5178805 8.00773837221128 9.52622993228263 10 10.2431264787299 11.629541005764 12 12 12 12 12 12 12 12 12 12.0338258785962 13.035761 13.1704640603107 14.7080861483666 15.9810824600004 17.82090988 19.0728716776648 20.6768019378418 22.0351950800001 23.1066234800001 23.8597703843602 24.3884795201337 25.7080642246277 27.3273205908789 28.4637654799999 30.6312421381098 35.2164180547948 37.1430153212895 37.0546833399997 35.9670026960843 39.24673228 43.8917675600003 45.018499600869 45.3196043140593 46.1780494800001 46.8967605169531 48.2259411675409 50.7196516279665 54.3632628834714 59.5440574230662 59.180652168969 61.9195476699908 67.9349364690083 73.7299788200013 77.8083797104732 80.8719469240307 82.7852144275216 86.1987831090834 88.7316885800004 85.7662633059595 84.5249245809078
7 7 7 7 7 7 7 8.46377028000022 9.49557758299116 10.16017498 11.2316033800002 12 12 12 11.7136402720867 11.4464521 11.4464521 11.4464521 11.8909679911949 11.5159450679847 11.0241586928355 11.456037213656 12.0396200255238 12.7667972599999 14.7814518238833 16.3636748569372 17.9880873422423 19.5856097385783 20.9637666800001 21.7092976397813 22.2583406810392 23.1780518799999 25.0525084600003 26.3209086800001 27.3923370799999 28.5234352148599 33.0307688059614 34.6781305932183 35.9425106704079 36.8808897084227 40.0782600230292 43.3382196600003 43.9291399199999 44.3610887917038 45.6601689800001 46.4049741933446 47.7150862258353 49.7489083600008 51.7904651083886 55.2687363932521 57.4772171774469 59.516422023467 64.2787820809143 70.9475746797238 76.7651690999998 80.5856022815485 82.822829107106 84.5697312072449 85.5530707800003 84.9913886041476 84.5746432687002
6.69833605203071 7 7 7 7 7 7 8.00649472794096 8.40830577079398 9.11043351270601 11.0868567565002 11.3750237 11.3750237 11.0963539050593 10.5560412720876 10.3750237 10.3750237 10.3750237 11.1780542800002 10.5005647199999 10.3750237 11.0064938278841 11.4304867092631 12.3203451599999 14.2316009800002 15.2272863985926 16.3585324178507 17.9881277650028 19.5906713321447 20.7429741092914 21.2475799135618 22.10662348 23.9810800600003 25.7959949178793 26.354729284974 27.4334567678278 30.9829924693202 33.6352964464667 35.4631971600003 37.7196962592397 40.12393446 41.1521240797824 41.0044220244028 42.6705011693485 45.6479862794859 47.35657368 47.926129999211 49.2023952220647 50.3209062799999 51.1553661355408 53.1080572693779 55.9805981400004 59.4554455089894 65.3144875024554 73.8404081759287 79.1991407502235 82.4226264154842 83.5292566294051 83.6226018134481 82.195494761505 80.8221425200001
6.51731938 7 7 7 7 7 7 8 8 8.48052494 11 11 10.7392241706851 10.1682256227883 9.63973802373821 9.30359529999999 9.30359529999999 9.30359529999999 10.1066258800002 10.0381136636292 10 10.3156540905763 11.0269423159504 11.735485397523 14.0703129690035 14.5146263844701 15.4881414020565 17.0599987114173 19.0346291600002 20.178739601636 21.2230882036752 21.918514954689 23.6060563600003 24.5309618154842 25.9246280914627 27.0398830207955 29.5698206400004 32.7354789261517 35.3019108203749 36.4875904338024 36.8773792002831 36.8613509201372 37.7883567135194 39.9634106330074 43.5514618200005 46.6613589878795 48.4220571548265 48.3529108782265 48.5907608056398 47.9160414321664 48.3570022973864 50.3020751400002 53.3550756717464 57.5223296748198 66.7002071208036 75.8471528746998 81.0020671221486 83.5335954068647 84.3928094 81.4664294799995 78.471327507916
6.12010443676451 6.68422693303561 7 7 7 7 7 8 8 8.48052494000001 11 10.7673221689641 9.85770671999992 8.88979888936381 8.34422992043601 8.23216689999997 8.23216689999997 8.79391526983612 9.18643712036382 9.23216689999997 9.23216689999997 10.0040201509637 10.3003076188365 11.1115603140908 12.2299933953097 14.30302938 15.37445778 16.8917723600004 19.0346291600002 20.4520563474367 21.5812744227635 22.5617465270367 24.3738894600003 24.7678331 26.6596030599998 27.0213329737634 28.4983922400003 31.466709508326 32.9280992800001 33.6965006999999 33.609564555237 34.2525819050374 36.2667912600002 38.8617025646373 41.6268767311258 45.2208706242375 47.8382184600002 47.3577127199996 45.7796069927253 44.6832087565624 43.9492699467625 44.2723914708874 45.6761819856757 50.5141734600021 58.9369493951243 68.7667487222399 77.9575506442658 83.7662145400006 85 84.8823342871893 80.580331566286
6 6.09463443503557 6.71479895109112 7 7 7 7 8 8 8.34609624602274 10.1607385 9.85770672000004 8.78627831999998 7.71484991999982 6.7265742753898 6.32147700000006 6.32147700000006 7.05307918000002 7.99542964911685 8.89463825524342 8.20615313863021 9.17527096749668 10.0887441800002 11 11.5004291541242 13.7180887720028 15.37445778 16.8917723600004 19.0346291600002 20.5887429800001 21.6601713800002 23.9596068375247 25.6106287251111 25.8392615 26.1433417657155 27.0173133800002 28.1172702212092 29.48164718 30.3587038083514 30.7365343777754 31.3214770000001 31.8390314699718 34.3851602523105 37.9269602400002 41.0351308684087 44.9263895200003 47.6060515600002 44.9238586396344 42.5904503400003 42.3041660199999 41.3214770000001 41.3214770000001 42.0534919625797 45.8404369693585 51.7059798806515 60.2988404200027 70.8931639819301 81.8442263444346 85.8392615 86.5708564800001 89.4345338907725
6 6 6.0589604006534 6.75557500179972 7 7 7 7.08931009999997 7.17013071406552 8.02861048696259 8.17862019999994 7.87558841999994 6.80416001999988 6.54486407266282 6.48268302000003 6 6 6.06533946385599 6.16102884140282 7.84944014105059 8.00483280350347 9.01731578000022 10.0079257515902 10.3810452017258 12.1629751866841 13.6060587599999 15.37445778 17.2978364006761 19.9453190600003 21.4994328800001 22.5708612800002 25.1054892399998 25.9824084270586 26.7963587753947 26.9106899 27.9122361596992 27.9271092944918 27.3387903799999 28.3895346876604 29.3923370800001 30.0893101 30.9412557350201 33.1270267650542 37.0171621398525 40.9805069400004 42.9276144855026 44.1426743927144 40.8594236799982 38.4654752400001 38.355694354645 38.2679302999999 38.4137934795514 39.6624964379958 42.2040671955431 45.6143690723561 50.9152938812736 60.5835085800022 73.9776947228136 86.2384481039623 89.0418422616466 89.1799702918507
6 6 6 6.73160457999998 7 7 7 7 7.08874658000001 8 7.77253808215992 6.71484991999998 6.01118571539928 5.57005791164175 5.0265128929587 5.01788169999998 5.66625045051835 6 6 6.89009579314282 7.94685500563699 9.00030963558323 9.10503898319662 10.3203451599999 12.2316009800002 13.6060587599999 15.0066959416846 15.9176272629052 18.5784566758751 21.1848399346547 22.6601713800002 24.4762818077859 26.5952190419877 27.8565748800002 27.9821183 27.0178817 27.0162948461126 27.0028641151077 27.022023076328 27.3387903800001 28.7712823624629 30.453856939989 32.0525060600002 35.9615846000003 39.3500246036499 41.4858759551302 39.6662422243605 34.7327743273083 31.2865564485309 33.1234113604981 35.140797669029 36.19593118 37.4989557600004 39.3496251692646 41.1948857399998 44.4410634082917 49.8012235731734 61.4569149200025 77.0698594970703 90.7521252546013 92.3332635863482
6 6 6 6 6.76003321393004 6.94645330000003 6.94645330000003 5.94645330000003 6.12394646000005 7.78627832000002 6.72725151670766 6 5.9799488930796 5.52444058202651 5 5 5 5.69242729754817 5.9894529375581 6.82763458733582 6.05121506777071 8.94738050287697 9.08399222201694 10.26679846 12.1780542800002 13.265708903302 13.2711354184083 13.3673295064859 17.0969588086213 20.7567251525459 22.5712746811668 23.6636811339397 25.5095101509543 26.7673631800002 26.8929066000001 27.8755932199999 26.7154230399998 24.8929066000001 24.8929066000001 25.2121596747901 26.6753132101038 29.2305579400005 31.955231320109 34.6811499247851 37.177894689679 38.6101319054278 37.3298544205337 32.6210065356382 29.1623522600003 29.0519329400005 32.3454541180835 35.9014830560654 35.9340520888284 36.2121571462783 38.0698122399999 41.2840974400008 44.470682408404 48.1848093465948 55.4445144855288 71.0560552770161 82.9850888720232
6 6 6 6 6 5.89071410158832 5.87502489999996 5 5.16640204728986 6.73486780414296 6 6 5.62553981999994 5 5 5 5 5 5.80303058000017 6 6 7.89234068000018 8.8861157127699 9.32034515999995 11.2316009800002 12.5681876329315 13.6409608155038 14.1417225600004 17.5779173345327 20.33879278 20.7500497999999 22.2132493599998 23.5530779800001 24.6245063800001 24.8682618699639 25.7327364199997 24.5836567528294 22.8550076157374 22.7211057443045 23.2311286600001 25.093125277122 27.1569518700065 30.2373351985734 32.80255586 34.2027389957076 35.96329436 35.897790274316 32.5800880757713 29.2873273600003 29.1747445985439 32.1774787600008 34.1401507956778 34.6723724757549 34.6060491600006 37.1701562386207 40.4626192400009 43.094943818514 44.9567435212423 46.202736895648 50.6153760126455 59.753976391129
6 6 6 6 5.84228151211255 5.10088239564681 5 5 5.08874658000001 6 6 5.94048349779678 5.5026816099626 5 5 5 5 5 5.80303058000017 6 6.1857755920378 7.01731578000022 8.10617384755681 9.48529020468391 11.1861137369247 12.10662588 13.4789672414058 15.4989653600004 17.2261099741132 18.3923394800001 18.8035965 19.9794185452175 21.3715352251508 22.4816495800002 23.5530779799999 23.782882711571 22.4835928276234 21.0856738039477 20.270164463414 20.3501349005338 22.6570147927742 25.3025570600004 27.4454138600002 29.5882706600002 30.4107895000001 31.7302959739774 33.0174117800002 32.683423543083 29.9553199093013 30.0346219600003 32.1774787600008 34.0943725377377 34.5892105 35.1952596600006 38.0134785441424 41.555305812767 43.4157083286239 43.3304885591355 43 44.9074093106915 50.1099000751729
6 6 6 6 5.19696701999981 5 5 5 5.06497741486011 5.77506806922587 6 5.69696822000001 5 5 5 5 5 5 5.80303058000017 6 6.94588737999994 7.28050996174277 8.15371983765692 9.93524000642928 11 11.30302938 12.2741660413128 13.5045179172272 15.4989653600003 17.2107633309452 17.5553531449689 17.660281959117 19.1231478967973 20.1045854127112 21.1423892799999 22.1711516909214 20.4421748804528 17.5072348836327 17.9637666800002 19.1163553718048 20.6486196641094 22.6239356600003 24.7667924600002 26.5942822437031 27.0196899877655 27.8562148963205 29.2146060004065 30.3387903800004 28.5725710400002 29.2357626926647 31.6893494335015 34.5234013808365 37.2678319 37.7927214109924 40.0230684869059 42.1780494800003 42.593616038734 42.4643362 42.641149869438 43.4637630800001 46.5141110647807
6 6 6 6 5.19696701999981 5 5 5 5 5.16017498 6 5.69696822000001 5 5 5 5 5.223970754655 5.3392603 5.86985448452014 6.5933384317851 7.30350594369494 8 8.08874418000015 9.32034515999995 10.9214269820448 10.8609632416324 11.4485180587801 12.1066258800002 13.519864560395 15.4989653600002 15.8852779604301 16.3923394799999 17.4637678800001 17.6607397 18.6066246799999 19.6666134424929 19.7052460058103 16.7843513966821 17.5708588800002 18.8425092358573 20.37445538 21.7404968950323 23.5198605746197 24.3214794 24.1092486724109 25.4631947600001 27.6060515600002 27.6877838302276 25.7511936400002 25.3615043682687 28.9979163200016 33.2836299200004 36.8001015790115 37.6245039800003 38.9433483296693 40.4281004800003 40.6404119911556 40.5212148915683 41.0969379680194 42.3012755123935 43.9943525071943
6 6 6 5.69953826612577 5.11607489061321 5 5 5 5 5.09439292569128 5.68442819104791 5.69696822000001 5 5 5 5.24179107474324 5.79973656851782 6 6.659591169921 7.85203451660115 8 8 8.05229794808332 8.90965645999997 10.2625944146048 9.42752408426801 10.37445778 11.2627657643879 12.1066258800001 13.5250071709098 14.720872451659 15.4311400174315 16.0625448806925 16.5377520360467 17.5351962799999 18.5995142704753 19.1104747787916 18.4106887 18.547172360258 19.1785772235189 19.96376668 20.8520756500408 21.6959347800001 22.4204117034375 23.5206042201767 25.1627359830845 26.5357756326908 24.1445713599988 21.8761687400003 20.8300683961287 24.7122027200017 28.9979163200004 32.8204375600005 34.7847185508288 36.14238688 37.2138152800003 37.9803871810456 38.7673607800002 39.4497455545238 41.0525012600003 42.0625420519983
6 6 5.68171777460929 5.13899739845632 5 5 5 5 5 5 5.11994343008432 5.36094792298144 5 5 5.24940736217835 5.78701826475606 6 6.35271792137526 7.70102348555934 8 8 8 8 8.24312322023084 9.16633973283445 8.45996311409954 9.89234068000002 10.7328522520318 11.2679083749027 12.1066258800001 13.5199457487716 14.0357658 14.4229194173599 15.3923394800001 16.4637678799999 17.5262299765569 18.0459578503776 18.5178829 18.5178829 18.5178829 18.89233828 19.3029147050493 19.3036729319837 20.426231181082 22.0378250058526 23.28524608 23.9408011602789 21.8339925733434 19.6261177400002 18.5614699205247 21.3907233200016 25.6764369200003 29.4989581600004 31.4957216282621 33.1086318648039 34.4816471800003 35.5530755800002 36.6245039800002 37.6959323800003 39.146241309868 40.3279513063957
5.4464545 5.4464545 5.15171587364617 5 5 5 5 5 5 5 5 5 5 5.2468196169605 5.7845039936474 6 6 6.73160217999996 7.80303058000017 8 8 8 8 8.16017257999997 8.8966007002745 8.52109378066642 8.82091228000003 9.64552239154889 10.1792661578435 11.0351974800001 12.1066258800002 12.85142826602 13.8030281800001 14.3904050751957 15.3923394799999 16.4541841364113 16.9420316129811 17.5351159823732 18.1282003517655 18.3858062788423 18.1671772894502 17.7537537600578 16.6065531706658 17.5168446600001 18.9995324800001 20.0709608800001 21.5869005869032 21.11210099259 19.6318238856875 18.5881674600003 20.8593817355296 24.3746906584082 26.8025558600004 28.8101259726489 30.4345381979594 32.0320605114332 33.4102187800002 34.4816471800002 35.5530755800003 37.0294750890018 38.6079912816063
5 5 5 5 5 5 5 5 5 5 5 5 5.23402783908933 5.79219375519201 6 6 6.41259138196445 6.89934381231688 7.80303058000017 8 8 8 8 8.06006889800433 8.37502610000002 8.07199672000005 7.51545754084809 8.02871942487084 8.89234068000013 9.9637690800001 11.0351974800002 12.1066258799999 13.1780542800002 13.9215386391834 14.9458849799999 16.0108204106209 16.6582543836605 17.1601701799999 18.2315985800002 18.8863569734958 18.3909490607854 16.8295667150663 14.5344073093478 14.9275333600001 16.8228095620899 18.1066234800001 19.9810776600002 20.9215371392462 20.0541174200001 19.6487769493168 21.2662181400012 24.0600670978791 24.6934768921606 26.166718906442 27.7335546192772 29.3631507350044 30.9656931907151 32.3387903800002 33.8228056621528 35.3809882921292 36.5530755800001
