catData/variables/futureClimate2070/rcp45/IPSL_CM5A_LR_2070_rcp45/bio16.asc
NCOLS 409 
NROWS 350 
XLLCORNER 60.897278365 
YLLCORNER 5.843756025 
CELLSIZE 0.0892857 
NODATA_value -9999 
[rows 75 to 99 of 350, columns 112 to 167 of 409]
92.4115827915927 92.6985454956786 91.78627592 91.4770177761497 92.332792895873 94.4157782320226 98.587274392217 100.757535759806 101.64229448 102.594299051634 103.138554632452 103.2678319 104.894727958752 107.92698184 111.729222171205 115.96218172 121.632995966064 127.32113465684 134.90171891486 141.08622658 147.159132053377 151.720478442602 155.44506154 158.21345816 159.83899798 161.341486966259 162.890838477828 165.176778163827 171.263481654002 180.928059740173 193.475825259999 206.630791801746 221.432570877659 237.131235520712 251.307828769487 260.463485969202 267.143468937375 277.534442597229 293.005099526861 311.454718440002 330.433888170065 347.367005299999 359.423290400001 367.108162814579 367.742801934125 359.952882058154 344.740184502717 330.335166010938 337.282920561756 376.548345440005 422.018020064656 463.007634780193 492.456643139689 505.804139171852 511.768932555532 531.576110852643
90.5305973560707 91.2385326356581 90.6964908847545 90 90.2060289288411 93.3397336039682 99.6835183664049 102.914973433183 102.798902605541 103.151273107642 103.681073751945 104 104.66017618 106.698404961416 109.730578340001 113.81932492 117.78413566947 123.384414029059 128.4081711 133.816806056465 139.059301572181 142.53427324 145.49447949399 147.83843446 149.46397428 150.934878548485 152.94552546 156.55158662 162.988234170961 173.922747280002 186.333445023694 200.177794226568 213.498228742872 227.814388062457 239.691805820002 248.625796821632 256.63825672 267.770042339195 283.577249159607 302.743768060019 323.277113700864 340.938434899999 352.994720000001 362.256759241669 366.799974570401 357.717420024983 340.174644066146 324.425762789768 331.220416758972 370.576989277861 409.584470614446 442.184518850196 464.137617862338 474.340452305793 481.640609708262 503.041466633384
89.5084201562663 89.9484436930053 90 90.0071133664836 90.5358858832226 93.131407740077 101.1580289 104.69696582 103.62553742 103.262768593082 103.5893113 103.5893113 103.978360582865 104.91022718 107.257924969387 111.624910827353 114.627825695908 118.426517920001 122.76453088243 127.521474365691 131.367164428953 135.03427444 137.653425844526 139.244523558735 140.64249608 142.649624165257 145.305963871483 149.952970064664 157.781489840001 168.258033136603 180.717559496877 193.73345277518 205.990892144252 218.344826642688 228.977521820002 237.835740022134 245.67392172 257.100322040002 273.1905536353 292.668540920002 314.074898354174 332.045732299999 344.102017400002 353.941844820002 361.304466187214 354.922361676196 342.871872075166 339.409675536035 357.268921079231 385.748345371492 406.701395914238 430.795952670125 445.777289366414 451.583579166251 461.92245229912 488.21753362299
88.8979953913971 89.8744637800001 90 90.4994376800003 91.7024024608657 94.7765788442754 99.9704724860066 102.914595380062 102.359720933128 102.0357658 101.786357280741 102.12133944465 102.5178829 102.896768401544 104.254675828478 108.082770030825 111.393253335306 114.622921420001 118.865848776215 122.55205654 125.766341740001 128.834530137018 131.157801203953 132.768156489113 134.10673148 135.483061044756 138.40609980831 144.71062976 154.175123463324 164.327488247508 175.99030491771 188.262624492727 199.994739200001 210.54885062 219.856729841497 227.78215176 236.03106612 247.24249708797 262.206456074904 280.031299345512 299.498948466317 316.425289235705 328.739327617361 339.095708990427 345.961436279999 345.617253622783 341.36717489849 347.470831748063 372.223325845483 395.925940904097 404.489870143035 420.627960555348 430.32075076 432.179765658918 439.405699100001 468.814965538363
90.107091 90.497499289668 90.5535455 91.5708660800003 92.7706658414915 95.3918666720993 98.0130675027072 99.7251657933148 99.5466455760774 100.13972994547 99.92913512 99.9721526914921 100.3393635 100.3393635 101.586911772431 104.51629314 107.62928205757 110.864677120608 115.556477970001 118.26634294 121.480628140001 124.559623438176 126.506542932432 127.43077554304 128.74958948 129.82101788 133.238403845138 140.716983449058 151.726245380002 162.637498800002 172.929487122705 183.949390727904 194.119714300002 204.496500098235 212.386585699727 218.69284166 226.734476600941 237.121906371551 250.651549384315 266.12554962553 282.376971770119 297.427149653979 309.869490980002 320.780746800001 328.235081254196 332.254071214355 332.957376512982 341.258697228133 363.374523617646 383.503168686947 394.23409320945 404.012975600349 410.429335018669 413.821409374906 422.475828936239 445.860032232362
92.3730455467232 91.7034307610046 91.6249739 92.6314695695672 93.1774979600001 95.2202480781297 96.693490092411 97.6364064733079 97.7494886800001 98.5422468552547 98.23273282 97.7500522 97.7500522 98.2072859676205 99.4792174066611 101.826920800942 104.608014284777 107.825819689506 112.413500052429 115.755445858067 118.589608407653 122.094734486629 123.984080039089 124.82091468 125.89234308 127.331721976246 131.300868900001 140.041651887683 150.9564371266 161.198075760881 170.651590050321 179.645124509444 188.651646707448 197.546183396009 203.533239800001 209.307055106567 216.74592324 226.097674530261 237.902094629412 251.381843027385 265.455200937975 278.596753204508 290.583779780002 301.495035600002 309.962818084902 316.067505591863 320.57417386902 330.232915511766 346.78228001334 362.06110483301 373.386647780786 381.300902980001 386.694849020001 390.465460710888 398.022352831643 410.670347498493
95.4233381343863 93.6057645323413 93.3928046000001 93 93.1156929662054 94.57532297584 96.2316057800001 96.7889663000693 96.4172836780241 96.6071954 96.0898760199999 95.6071953999999 95.6071953999999 96.3387999799999 97.4102283800001 99.35611816 102.44486474 106.360809999617 109.900378397571 113.342689284474 116.694898046521 120.90966126 122.93883281061 124.44588858 125.877577714701 128.283896696747 132.233926961209 139.993445218326 150.333903500002 160.782703764929 168.249662746054 174.620338492946 181.015131737874 187.8368399 193.193981900001 199.065183637199 206.467268280755 214.738436458711 225.187090596665 237.29808619462 249.609508305149 261.601563079999 272.828044808484 282.384181852876 291.690554915606 298.980301332959 306.745446120001 316.854523974769 329.545773172424 341.375998008332 350.80682545212 357.740339890075 360.947111160149 360.734617883938 359.71621899121 361.135189055151
98.8486568220492 95.8831244036778 94.8093763453061 93.754531426934 93.08874898 94.1973656501905 95.6416091081816 96.9296447665533 96.1927829701495 94.8898005167027 94.344232921669 94.2321693 94.2321693 94.96377388 96.0352022800002 97.3096537664717 101.0282911519 105.284123840001 108.566551388644 112.357537672984 115.390186200001 119.83823286 121.98108966 124.362791761007 126.80246466 129.53406684 133.408525820001 139.497154912018 148.029292035276 157.098224798532 163.83617078 167.698468412522 172.321678974151 177.8903866 183.425358942595 189.745884799034 196.423207980662 203.888782440001 213.217733347838 224.262204380001 235.541016927176 245.942308937605 255.896231610432 266.053230655883 274.310775967374 281.866509584686 291.349354183058 301.889258598571 313.030123880002 323.977108901829 332.33589646 337.917037935252 338.89390452 334.973470081701 326.229830239809 316.78590678756
100.760761659425 97.2158677599998 95.89336692 94.0117523287648 94.6927837909193 94.8650061562208 95.2688343015225 96.1607409 95.4118157399999 93.7148499199998 93.1607409 93.1607409 93.7147997666683 94.73160458 95.8030329800002 97.6083610507636 101.62281822 105.891213640001 109.19424542 113.428465679115 117.092668467233 119.860385738954 122.58817946 124.802708791649 127.03463396 129.76623614 133.640695120001 137.547601718565 142.884615174471 149.492321926918 155.16740688876 158.501398794062 162.051129900001 167.4082719 172.997014880001 179.42558528 186.168422779431 193.639543505872 201.829079251173 211.750214776475 222.530604600002 232.51328882 241.48219571238 250.366406215362 258.03230836 266.406193020002 276.063313053586 286.281663862227 298.44284486419 309.183224741022 318.55007846 323.820658360001 324.845737574606 322.129283507913 315.24027971601 312.577389283115
102.985571317375 98.4016204263511 96.1033831353263 94.0173205800003 95 95 95.2316057800001 96 95.2510748399998 93.5541090199998 92.5288837071262 92.6254777438989 93.6601761800001 94.73160458 96.5343450769741 98.6596102600001 102.69424662 106.962642040001 110.26567382 114.55138742 118.584812563124 121.73047034 124.57029536 126.713152160001 128.85600896 131.051448081752 132.747746592179 134.707170579701 137.089160666029 140.393552292954 144.671841586626 147.960841604399 152.2475334 157.750542566448 164.104105880001 170.808641348498 177.905377940476 184.835703260001 192.853016640001 202.065768927402 212.405526300001 221.72195174535 229.586042714327 237.181733463302 243.831539232275 251.390428341252 260.380811609322 272.8479271792 284.898876163649 297.840595948547 309.33568766 316.230510699596 319.828359735924 321.129927301693 322.521748381764 331.720267238988
103.181787719999 97.6433200976876 96.0550754896637 94.0173205800003 95 95.1573127517184 96.2137216800001 96.9821159 96.2331907399998 93.6603916777501 92.0086323084762 92.5887477800001 93.6601761800001 95.4501250705308 98.3768533178829 100.71315456 104.74779092 108.051078899938 112.31921812 116.60493172 120.659041940001 123.87332714 127.080915456695 130.276039124047 132.96309756 133.949521962501 133.327671247798 133.026168093095 133.064491158392 133.977273203689 135.103941013478 137.248104120001 141.796876040422 149.261416317562 156.742253584915 164.22851026 171.721812219617 179.64853566697 188.210053040001 196.213795536658 204.412288781955 212.995871039999 220.764270060001 228.264268860001 232.960445323141 240.317348040002 249.156587646869 261.115902760483 273.958023960002 287.415799355188 301.253178890154 311.640542279781 319.619327583451 326.436674798373 334.08532397167 348.43381289789
101.826225879998 97.3833304090244 96.05410782 94.0526168816683 94.08874898 95.1516007943121 96.1904626493661 97.30303418 97.2510748399998 94.2641859207999 92.1070886 92.6958363800001 95.0522684685654 97.5167534599999 99.7026080987914 102.683650317531 105.941860646147 110.159970429826 113.51561922 118.113106322818 123.81429978086 127.085953864538 130.33755774 133.551842940001 136.276510535572 137.82494292075 137.518654877071 135.619082286787 133.404485429715 131.204259746037 128.007499804718 127.838027502639 134.549320540001 143.272343991324 152.431831484708 159.727313176031 166.922067860291 175.014114660001 183.003728792935 190.960567960001 199.085389725579 206.2145944781 213.374569196444 219.198205730914 225.41338348173 232.730924245627 239.694183230529 251.324941379831 263.553684407696 278.457396212477 294.18540986722 308.206907924646 322.427485171358 335.534268166714 346.476963820001 359.542769102437
102.973396579266 97.642806180361 96.0608698203565 95.1076521199997 94.2026304803472 95.0200177996575 95.559239860338 97.2272921806662 97.0479270396714 95.0946937393521 94.1249727 94.7872978796858 96.5702977600001 98.71315456 101.558687140301 104.092463059409 108.040266820291 112.319218120001 116.60493172 121.070837799723 126.301331620001 130.58704522 134.49829864 137.768307739742 141.05184174 142.647044999502 141.181977540732 137.44850938 133.865469460234 130.51728496023 125.631955999549 123.756897740664 131.959898840001 140.53132604 149.276466620415 158.12120566 165.62120446 173.065479660194 180.496229360001 187.849074560367 195.16377816018 202.621307659999 208.615606699831 215.636994760166 220.40185891984 225.634288840312 233.949007740152 242.726892899999 254.599169800002 270.746335999728 288.162130039868 307.303026659494 326.570218839512 344.846034999176 357.068711220341 364.938263641085
104.221035308027 98.7747712966041 96.1188424753666 95.5966807819291 95 95.16017738 96.1406305200833 96.4827123588688 95.8219385199999 95.1964011 95.2980031952833 96.4546670483857 98.5167534600001 100.803298204277 103.156584720609 106.743558466121 110.219844233271 114.458673610399 118.568817345933 123.322393537736 129.168301778597 133.60492932 137.589727131258 141.285184612411 145.046354763921 147.651063819748 145.221592156582 140.66279458 136.534797069245 132.459513185576 129.515890003816 129.654386861762 135.032472776289 143.035526969098 151.210410160001 158.650893656435 165.940462740105 172.784145643774 179.621202060001 185.9437149 192.090686665222 199.030225556896 205.621767980001 211.878594145787 217.3366227 221.511276613124 227.818159076793 235.58823870046 247.295572100003 264.092081724405 283.402591268533 304.861928144867 327.988065760002 351.559490560001 364.308895852285 364.320141249432
103.364705217229 99.1424014630343 96.1478317896233 94.2805111177191 94.9762304050611 94.8494476524034 95.356796940509 95.60606836 96.72582954557 96.2678294999999 96.78514888 98.0142613035436 99.85601136 102.73047274 105.729682018484 108.01675226 112.05138862 116.329060678981 120.223452447852 125.3365339 130.631645682537 135.47995662 139.665378737221 143.337665740001 146.930715171905 149.478599260753 147.889746920231 144.073024426068 140.877301538725 138.184182382767 136.92891912 138.207261443301 142.318527400001 147.910216675969 154.898324785328 161.727173865338 167.78240568 173.765089900001 180.018308954697 186.053861662038 192.621199660001 198.6579989 204.603094444066 210.338658668594 215.476088998749 218.828011467818 224.776512513434 231.398633320775 242.206149200003 259.408523555462 279.853158402802 301.647692170437 324.358236572462 346.753416784146 358.598313831317 357.643434902434
101.703262976644 97.7810399256286 95.7506012346132 94.3214842 94.2929528051639 94.0543414415663 94.5708636800001 95.73971278093 96.7877814885194 97 97.8683287529762 99.6562740245278 101.65961026 104.53407164 107.217759142426 109.42743856 113.46207492 117.759231370623 122.664136241637 126.8008749 132.004986796333 136.55138502 140.3355998657 143.488936963285 146.715704967731 149.17749076 149.787764560476 147.980112898445 146.023404908206 145.118497637191 144.731459552351 146.766010540001 150.127676935857 155.121328386872 160.268008355776 165.56914912 170.476740519919 176.247204600001 181.946158121951 187.03348772 193.299715460001 199.3365147 204.421223046013 210.585997380001 215.443696771956 219.12721995812 225.873285849776 232.63839304 242.752438652109 259.266650746246 277.94576233655 297.302748525156 316.945393088508 335.034579881554 347.560675465401 352.36259603549
97.8672579889807 95.8112543428765 95.0318864796031 93 93.0523009897751 93.8152737355359 95.1364884591532 95.7137656861577 96.5282492314688 97.5938076167797 99.1608747579095 100.99943408 103.002163972712 105.715726361977 108.819785240001 111.518738368645 115.216467746044 119.479959020001 123.713373044578 127.556465830111 132.473586864801 137.21212712 140.902706025822 144.011120288868 147.247088956443 149.58817706 151.341984407065 151.690688404752 151.499301935374 152.182374445996 153.23137778 155.741012686381 158.60402110107 162.449713735758 166.295406370448 170.389999034863 175.028837339651 180.055295445486 185.427550389204 190.239505796107 195.861261135747 201.779829506729 207.103756964081 212.94104364265 217.983708097338 223.139998400001 228.726920706717 237.055666037189 247.611383556097 262.528516092352 278.4382033 294.931688840811 311.620029929703 327.188936620001 341.021794347315 352.102551186492
93.757666062636 93.5536559000001 94.0096844245931 92.5262358062307 93.042787187868 93.7252455904946 95 95.5952286455609 97.5326206455822 98.9280056800002 100.267346182307 102.156435698661 104.626477299032 107.298041182605 110.373328340001 113.58761354 116.345871372482 121.025152770846 124.83710102 129.04559190757 133.038072914069 137.69424182 141.60549524 144.819780440001 148.03406564 150.65960546 153.439021227786 155.53066244553 157.118642227168 159.581080988805 161.750628000885 164.41778265208 167.080365266283 169.85532064 173.06960584 176.59775996274 180.714478440267 185.138068716191 190.247122083543 195.07044675482 200.523979300453 206.411686571545 211.936553899816 217.300741700001 222.168023773367 228.03171977001 234.599448093285 243.458619399999 254.756042060085 268.168059878447 281.967927570424 296.242833240002 310.439310813534 324.638916543792 339.242365720002 354.921621345519
89.676799193655 90.2698809916189 91.28526288 91.4733651675474 93.08874898 94.16017738 95 95.9091025400001 98.3744625800001 99.939530730663 101.338047006705 103.31978644 105.87389546 108.74835684 111.962642040001 115.660979303116 117.99886576 122.071127258088 126.412947462992 130.122731794972 134.00869819413 138.21212712 142.330660388864 145.891208840001 149.10549404 152.382825745512 155.935889779281 159.380237237368 162.264745596648 165.875143174613 170.206099605152 173.024250209461 175.654956888505 178.285080787064 180.569604640001 183.78388984 187.16535429964 191.104803320001 196.194187416289 201.22977362 206.765134735568 212.4257144 217.424338928145 223.177590906109 228.6042266 234.005579062038 242.227020820001 252.118707697964 263.632871064073 275.896930066108 288.36826626 301.17765906036 313.633710076646 326.171973160001 340.349451920002 357.139270978324
85.9281208800002 87.5460642202824 89.2871048345729 90.4096696600005 92.5192430631541 94.16017738 95.2894940234707 96.9696578139742 98.9994340800001 100.683975285393 102.323309868898 104.39121484 106.94532386 110.277017251769 113.15716921394 116.576303579649 120.074087869282 123.314887162137 127.321703823222 131.26567142 135.464527151805 139.272683893906 143.12281222 147.519972549352 151.750173808966 154.75102027023 158.430672435095 162.80132322 166.785877466129 172.090745800839 178.070418554709 182.045225429001 184.835513456709 187.15994458 188.549830928128 191.28388864 194.49817384 198.158345220001 202.508767372897 207.590753086651 213.463274197617 219.490028411906 225.014912900001 231.246511480001 236.7291969 243.366581301864 250.85390910336 261.486717277649 273.652556868061 284.958040280001 296.884184119478 308.347164270377 318.599645430898 329.453852293214 342.704693422318 359.412728591976
84.1066354800002 86.0525276600001 88.19538446 89.3503033101807 92.1774979600001 94.2717248914143 95.9983212179687 97.8171013326486 100.331638183266 101.974063326117 103.5739804445 105.749039244883 108.476498885735 111.809728763648 114.30246586 117.928758857586 121.517641371797 124.760414818821 128.74778612 133.03349972 137.319213320001 141.512926441289 145.326266388094 149.311725937478 153.76566782 157.515151951273 161.166978591251 165.31920852 170.16415253561 176.335953580001 184.740671610529 191.991828925079 193.625084683845 194.450116148695 196.33800126 198.572857810071 201.562545100546 205.347828928837 209.090600961781 214.40725718 221.295570863016 228.470283893632 234.84196874425 241.819709954867 248.707252210966 254.091993352203 262.182416833283 272.470898562664 284.441270027954 295.993695680001 307.518637390814 317.666439600198 326.202896419159 334.122209575849 344.751913216691 361.643039702273
83.6518003706656 85.7489275600001 87.89178436 89.8064908085042 92.1774979600001 94.32035476 96.4094392523277 98.4442526207288 101.036448126215 103.898454706318 106.33812366 107.576866045908 109.74835684 112.96264204 115.990485707878 119.362065925179 123.331778581765 126.591631931292 130.12281462 134.40852822 138.694241820001 143.212631796483 147.65903714 151.319210920001 155.60492452 159.438582755742 163.255249751203 166.900320461854 171.782981200001 179.357450884068 188.090192221023 197.334096225921 199.207593785729 200.804329920192 202.480173246752 205.678377627391 209.64045752 213.822648967584 218.774130569054 224.52651565853 230.792584391587 239.155139190715 247.497455904604 256.445828978492 261.959787591433 267.874809536869 275.712305469925 285.09879477702 297.707180223966 310.082892980001 320.919115124298 330.123372024796 337.411332364784 341.402519765271 346.320553600618 362.524406885141
84.2800235830027 85.8542846737278 87.89178436 90.0346411600005 92.2519811360833 95.0251815206466 96.8519649652478 100.28458176 102.487630910836 104.802712647566 107.468802515705 109.82747773795 112.49829864 115.71258384 118.252918231214 121.30189754 124.668228184673 128.730467940001 132.03349972 136.31921332 140.799301608409 145.524286096644 149.591173669897 154.301324420001 158.152876278511 161.44474954 165.319208520001 167.645315877401 171.341204105431 176.95472846648 186.79775688222 197.238972013143 202.004960055303 205.786051201842 208.730343140001 212.24765772 217.161903721464 222.871811284003 229.525517234546 236.669645090543 244.140215187628 254.561991854166 264.526279420355 274.137473120001 279.05090382 282.856257089837 289.843702740306 301.215725463294 313.173662800026 325.082890580001 336.373765213032 346.441061220001 353.49735592 354.629170454692 355.049602601209 370.799255902869
84.4091061400007 87.4671860498715 89.71315456 90.9453262600005 93.1769320400001 96.0708624800001 97.6261882870804 100.882037072517 103.65961026 106.208533331711 109.37332834 111.99886576 114.200686129499 117.771760230098 121.158746329695 125.151798389292 128.48040974 131.799781248486 135.836086343836 138.46207012 142.768469352725 147.095746966872 151.6936711 156.604924520001 160.844434005663 165.03445308526 168.682225095144 170.46365748 171.018945683799 176.257966563648 187.320279343243 197.086578900001 202.516612724876 208.447754722034 213.059604924895 219.228156802456 225.191214359175 231.822412301267 240.71647832002 250.694631818463 260.542855779214 271.61855918 283.260826816814 294.058795598005 302.532170250399 303.270281168411 307.538622096795 320.15420378 331.729002804015 343.090905635586 355.1368856 365.811345534779 373.372265620001 373.589378466029 376.058531047842 389.978028114176
85.3912196400007 88.6055048400002 90.87389786 92.0337654354467 95.1433123686309 97.2996032472927 99.4315811767842 101.89121604 105.098803415063 108.301899940001 111.00811879309 113.737826202833 116.932947298757 120.15424008532 123.373325940001 127.46207252 130.80189634 135.015613220001 139.210992874297 142.41184390978 145.872754020001 150.15846762 154.8186414 160.167808013915 165.505785909837 170.843763805761 175.521567921685 178.324913057607 179.645575173531 184.226957410547 192.474762883867 201.032038961302 207.443032580001 213.708565473148 219.282286880001 226.008466524994 234.218123563672 244.246159613685 255.439429985531 267.197344728689 278.952084869225 291.444154600534 304.28213129646 317.104467024766 328.960476064915 332.534114435772 335.146193359241 343.211063683924 353.940369300002 364.367886596235 374.054839116155 383.716858820233 390.275005444308 392.278321046463 399.214613850159 415.731191906927
