catData/variables/pastClimate/midhol_MPI_ESM_P/bio15.asc
NCOLS 409 
NROWS 350 
XLLCORNER 60.897278365 
YLLCORNER 5.843756025 
CELLSIZE 0.0892857 
NODATA_value -9999 
[rows 78 to 103 of 350, columns 180 to 239 of 409]
147.4821171 147.4821171 147.869268403198 148.83868598 151.835704901342 155.544155297605 157.12450278 158.112984268526 158.74947668 159.82090508 160.698411927723 160.769086900788 161.285831038438 161.70981300076 160.161788739999 157.640052653051 154.555171259999 151.340886059999 147.636746932248 143.911696690627 140.66543832324 137.252093325665 132.58323432902 127.496231912727 122.788117845507 122.720772025953 122.235769149041 120.348778179032 118.727510463235 116.54932731209 111.490460710963 108.630416244202 108.830842395167 108.769259659999 105.778391698702 105.284750830725 106.356402019438 107.983690519503 99.9306059915131 98.1468265531329 98.6790679803078 96.985052067242 95.3040748199998 94.611523221111 93.2919530880451 91.703970734979 91.973904438086 89.9826986199998 88.9112702199997 87.9227850027171 87.509600020697 87.3143532502423 86.7345505764798 86.2115700513636 84.4493369695554 81.8583086399998 80.0337248087418 80.2494682800002 82.1813513205057 80.7779798917562
148.5535455 148.958516609002 149.465604401606 150.42799728 152.44530586 154.46376308 155.53519148 156.60661988 157.549850585253 158.19593118 159.26735958 160.139723302924 160.732807672316 161.58873578 160.679671639999 158.941784620492 156.588991209884 152.999695340722 149.71591216 146.616444381938 143.801271307452 139.69965862 134.350451458713 132.141644571259 128.552393595066 127.638441947928 126.362850495226 123.820625527205 123.840040009636 123.205572539916 119.834736305501 117.730507329232 119.00491544016 118.920419730447 115.634335613666 116.9488341 113.655381384987 112.456325350151 100.619342866052 100.264366595434 104.376671450595 102.01039229062 97.1031158414263 94.7148667199999 93.2849281328659 91.2511108399991 91.4222892483494 89.4291531199998 88.3577247199997 87.3749511598272 86.9751991615612 86.8604588227768 86.5785465519962 87.5618217965649 88.3457762207289 85.0544456152781 80.4685544665628 78.5166879951055 78.7838681643571 77.9248219325011
150.037560782152 150.524315012129 151.12684255359 151.577890040692 152.925583834973 153.39233468 154.408304783535 154.91021758 155.894792267902 156.67804828 157.74947668 158.82090508 160.215637090778 161.58873578 161.092257022214 159.436155052066 157.39395804 154.595218558741 152.00346338509 149.19802926 146.039200856527 143.114139184492 138.83539236407 137.155241813683 135.12544742 133.775357794878 131.84031174 128.740778563441 125.352034373166 126.021065815993 126.02266804743 125.219040818867 125.243177984542 122.952413701742 120.749063996592 125.374407346927 121.649832011833 115.87875179994 107.629648564278 106.458533000003 108.314185838264 101.195592606757 95.8194019540401 95.4723313922358 93.5663130586664 92.3441209189925 90.4765100243544 89.6076725199998 88.5362441199997 87.6249739 87.2486517519093 85.6969850199996 84.8595739595278 85.5168105580284 89.7288757677231 87.9887824299472 80.9541151048034 78.451272776243 77.0455109646384 75.0011678399991
151.35656888 151.6964023 151.940198351214 152.608970230831 152.983569347124 153.01730858 154 154.16016538 155.23159378 156.091996836897 156.67804828 157.74947668 159.698466509239 161.58873578 161.79957567333 160.742699895375 158.78676264 156.034937280533 153.80464674 150.64448376 147.518933139999 145.167288247647 141.768341070307 139.301386411737 137.757589846217 136.115158615828 134.35819464 131.447866359918 127.908297961963 126.942455403962 126.440776013945 126.9125645881 126.05412462 125.06664973219 124.19441569153 127.403266262312 122.367338021593 122.782820720372 119.642458454504 113.619233519672 108.168264079046 101.911662174213 100.237304571796 99.4055075641367 94.7586975506207 91.8695066497954 90.0869926975598 90.0067960616504 90.2422831971291 88.5848677750842 87.3755494130381 85.422623378013 87.2609816863109 89.4289443199999 91.3690235091462 91.6777805775017 88.3460403176983 84.2999611523292 77.4140486000569 74.2511156399991
152.42799728 152.7678307 152.7678307 152.970851557646 153 153.01730858 154 154.16016538 155.23159378 156 156.37445058 157.44587898 159.1547176523 160.82090508 161.739063624445 161.26840742 160.010542201188 158.487340719119 155.685462542068 152.48374286 149.358192239999 147.178150513047 144.786540931419 142.535635130208 140.55459574 138.172900066929 135.73322074 133.453678123278 131.06206854165 128.448427119955 126.348229801605 125.531592506467 127.423551840553 127.451925752449 123.187699203766 127.196837080508 121.982902105498 122.929173946998 121.21766392 115.266768694964 112.212251534792 110.14428336 105.515510569143 99.3261251310843 94.1115717712007 91.9516863479445 90.82195772 92.3207934800002 93.2622914381763 91.9411491152394 86.8930481316636 87.2341667010212 91.703607989697 93.7744977018955 92.8428306247631 92.0118670753829 92.9394105242535 88.9139798199988 78.8432108143844 74.3475227888198
152.66016658 153.613997744479 153.165314420822 153 153 153.002782196727 153.235214217972 154.16016538 155.23159378 156 156.37445058 157.44587898 158.600459833838 159.74947668 160.82090508 161.043144050257 159.523036355044 158.28629152 156.116944094353 153.801864929051 151.426577736249 148.51893314 146.376076339999 143.978907432154 141.565362682543 140.250041314483 138.91732025194 137.17956964 134.482666058661 130.709013043964 127.398540389265 125.230924534567 123.074619019214 127.910699674828 123.148244311418 125.091685871547 117.671147805375 116.021235948117 118.653317033286 115.590707243019 112.185807191407 109.370868492417 105.523241341345 103.176827452696 97.6409330704621 94.0148206775773 95.1141427377272 95.5205583393924 95.5295836493875 93.4165495800178 89.3480052411872 87.5637818006006 90.652607603601 89.126970433605 88.3874708974833 90.5532387345855 92.2122284542131 89.7739385827752 82.7018540091604 80.7746196309662
152.350684532324 153.73159498 153.928279974374 153.114335194601 153 153 153.08873698 154.014304770501 154.32090628 155.365271011549 156.033443117426 156.53519148 157.60661988 158.67804828 159.74947668 159.423060282301 158.303884208723 157.21486312 156.920355081548 154.87607514 152.725293232823 150.355190616151 147.447504739999 145.277584485898 143.105921543076 141.058756692051 139.48269502 137.82253324 135.019514659999 132.406139344097 129.41231926 127.072481039999 125.706542630248 128.008031116893 128.245477816957 123.989434169006 113.975859113791 116.446350219006 115.294402392357 109.287564959999 106.498179166647 103.732950595651 101.698834166121 104.599176731994 99.468964942575 99.2690825022447 98.7716868615789 99.5482130970065 94.1627756430474 93.6653795125488 91.8072696178687 91.3234881724075 90.5921141456237 87.3947445134031 87.6118305260432 94.1592723373982 96.5534375000002 96.3574183422465 95.0521712106429 85.1935022464103
152.968693254868 154.71371088 154.9821159 153.248851123078 152.071036035727 153 153.08873698 154 154.23159378 155.005419278969 155.0178841 155.46376308 156.53519148 157.60661988 158.67804828 158.28629152 157.21486312 157.002245359843 157 154.982384314546 153.804646739999 151.658925569249 149.501049039999 147.358192239999 144.847583928696 142.528265218655 140.938873373992 139.382853553359 138.28045722142 134.309764195814 130.573060159999 127.374413657234 127.912043120233 129.87956967519 124.892485144819 123.173712290397 123.360805742385 118.332355543756 108.986252331129 106.591830003155 104.475227851071 102.425979372561 101.988193643632 104.203046818033 103.325684410011 101.224244957252 99.1072860269617 94.1054480823396 93.8257141445164 91.8727457350931 91.2453289624449 91.6969850199996 88.0513290399656 87.0184244874924 92.4297360688949 94.1838044831905 92.4423655337825 91.1073046 87.1496804149709 76.5443384086038
152.337225185183 154.73159498 154.957002675234 153.197552139999 152.101868504244 153.07085288 154.0535443 154.0535443 154.260337026331 154.659658630512 154 154.422004702131 154.974154561547 156.17747156 158.320328360001 159.73159258 159.282973412519 159.060266820062 157.16178874 155.96538764 153.827282070971 151.89338132 150.82195292 149.766749502006 148.378241805684 145.894625608087 143.748563353919 141.44797706 140.143481399206 137.219900364075 132.188537067752 129.371639937137 127.265984075109 122.988035255149 119.071252730137 117.196553507713 118.678423449466 119.207860052499 112.9671382 107.235744082566 103.48269742 103.620254168213 104.71370368 103.629541095569 99.9380208192461 96.5372991599986 95.164113813397 95.1597065097188 95.0041058981219 93.6518660129122 91.6439154399994 90.9350099150329 89.1951798433584 85.6152020335529 91.4295733041125 94.5667073397062 95.6601569800004 90.3431780953102 86.0736642137018 82.9589378544171
153.190412240096 154.85656768 154.32194932 152.485351739966 153.077616380029 154.140118180024 155 155 154.76840622 153.962130500005 153.828231200001 153.805777300004 154.39233468 156.05249886 158.195355660001 159.60661988 160.67804828 160.00057792 158.101480640037 155.96538764 153.91126542 152.83983702 151.797351220055 151.1249727 150.797320320065 150.2499454 148.956626460296 146.204362860236 143.804430739999 140.564268559647 136.312433779906 131.892820879901 130.547251320102 124.7498362 124.272888620556 119.21453912 119.532695179035 119.965989119746 110.159152799739 105.593126860134 103.41804871986 103.758188059423 104.952793979851 104.701433020307 102.592836160791 99.8294840604877 97.3717282396648 98.2304818198274 96.7700535799988 93.2451000796366 93.382912139813 91.1440246399992 88.1586089011742 85.2211844206011 89.0133233183602 93.9789094597904 95.3277099797859 93.4303257599994 93.7293354588811 92.6884596409132
155.24936988 156.177112221174 155.58977882 154.51835042 154.20703029218 155.1964011 155.1964011 155.164944443186 154.722920946855 153.50057672 152.42914832 152.24947788 153.32090628 154.98107046 156.994270288868 158.33879038 159.41021878 158.904491240126 157.85772112 155.772385492789 153.91126542 152.83983702 152 152 152.073542034445 152.1964011 152.612106812893 153 151.938989439539 147.133781636607 141.871543364864 136.591776099998 135.406698104715 131.764211418574 131.499903717757 130.450170749557 128.413395100839 123.715284234006 112.981411813835 106.939643763517 103.73740625702 101.330967652076 100.200235214778 100.444218490523 101.897803637861 103.073104987006 99.970220661197 100.354801429936 97.8763352327884 94.42904512 92.9399274190564 90.2390869153878 89.1358256048408 89.4964183875415 90.9552790750579 92.5538757985732 92.9332544570448 90.3741913398716 86.2131914114637 86.6624513418855
158.46365508 158.607545782304 157.73263562 156.66120722 155.58977882 156.2678295 156.2678295 156.10766412 154.80464194 152.802490762083 151.458008831616 151.326459435726 152.24947788 153.751961250411 155.301316622248 156.46376308 157.53519148 157.7321705 156.78629272 154.978058714464 153.667201658194 152.882733390852 152.2678295 152.2678295 152.64227768 153.148410598517 152.861450465859 152.574490333201 152.464341 151.928692252114 149.968330954316 146.334437587148 143.290513690087 141.393161719999 140.315405118386 138.163705379694 131.751894557124 129.494752093376 123.127362358103 114.671843077382 107.847490194049 104.592736995992 102.267650016665 100.215678141353 99.8034884999999 103.238903181445 104.052960956484 102.760851999909 100.185452392612 98.4468188199998 96.8957009682865 93.9891749682416 92.2841446897311 89.3698974672103 89.9485141344074 92.2535925387828 91.6850894245005 87.8591606595973 82.4060093310947 80.7702247318476
161.793231452419 161.28617872 159.94231829445 158.507399345465 157.39337772 157 157 156.83983462 155.53681244 153.193736128439 151.212222582575 151 151.341806764607 152.24947788 153.757104546638 155.301275342347 156.46376308 156.6607421 155.71486432 154.632000998284 153 153 153 153.102801854221 153.586671576794 153.55412342 152.307195218825 151.07200872 150.436777000857 150.569681948127 150.6607421 150.6607421 149.089887035081 147.97095533187 145.966555479999 140.831396530168 132.248554562035 128.689822060004 124.382197997973 118.378076019998 112.448419438267 108.84031174 107.145383509848 105.742510829542 105.392579 105.673699116246 107.893080715692 106.00047232 104.98924847766 104.53613132 102.935310634391 99.5066934573491 96.532241032323 94.7250915612395 93.6464595472634 92.2220044834415 89.6980448599988 87.4765441387578 89.4445887400005 90.6288702353168
165.363615340248 164.91115022 162.377117038508 159.713343673942 158.076346088632 157 156.96355693801 156.42914832 155.12612614 153.107716397922 151.62554942 150.816883611456 150.5893137 151.17804948 152.24947788 153.752043810213 154.98164838 155.1786274 154.62120866572 153.168428631031 152.5893137 152.655090441653 153 153.30301978 154 153.55412342 151.96539004 150.41126662 149.33983822 149.431136115859 149.259524970548 149.1786274 148.621210080073 147.133822485384 144.270826070694 140.170588032012 135.358194639999 133.339782926628 131.195615035816 127.338215971747 120.677800727681 115.025422396385 112.61170304727 112.314794746026 112.080898556196 112.921167465577 112.10755852 110.44681642 109.479967369904 109.548361790359 109.421495224331 110.713062522942 108.735043810333 103.559920811601 97.7745551801232 94.4738416622245 93.2045091150699 93.4961552728466 94.9646984073713 97.3400646834692
167.802447860001 168.455945108608 165.23425058 160.97981664484 158.134331600783 156.5178853 156.42914832 155.35771992 154.166352505766 152.69697782 151.62554942 150.55412102 150 150.304897606046 151.17804948 151.896766342771 152.83879158 153.457355500504 153.5178853 151.991656436221 151.560665545416 152.16016298 153 153.156929489671 153.5178853 153.07200872 151.732675675241 150.41126662 149.33983822 148.294579239693 147.23275202 147.0357706 147.0357706 145.483277739999 143.29446784834 140.513789219957 137.612703891615 136.14332672 135.07189832 133.538646553056 130.304354732663 126.24688497941 122.46301142144 119.451606316921 116.820922505852 116.885732515527 116.474375687991 116.87538682 115.889514282531 115.702488374193 115.012623485459 115.870515483822 116.734540077816 114.428074141639 105.950512847633 101.211595582728 102.434075557463 102.801944295987 99.695264734156 104.502855344949
166.294273204791 167.51742258 165.907258233413 161.5582447491 157.115188565868 155.4464569 155.35771992 154.28629152 153.21486312 152.14343472 151.27928085485 150.800934252814 150.267191169222 150 150.294734853294 150.85142492467 151.80302098 152.87444938 153 151.992273536526 151.64227768 152.625048967546 153 153 153 152.55412342 151.48269502 150.085377319761 148.78629512 146.98327654 145.64343832 145.4464569 145.4464569 144.421427728023 142.822535639999 140.768334623951 139.450148601915 138.80406882 137.73264042 136.66121202 135.358830313771 133.48316734 131.045577829699 128.424374427663 125.889162976882 123.773096587182 121.964686615334 121.118515998559 121.758213765033 121.517621850895 120.7677155 119.896607520369 118.721995997359 116.444618530782 109.186252086338 110.445179605855 113.607743675217 111.19673882252 110.371611522611 113.346157278946
161.53530908 163.063963492043 162.195223893666 159.470350261247 155.57798090983 154.3750285 154.341749603496 153.83983462 152.76840622 151.886358046368 151.390950559341 151 150.80599498924 150.25702841647 150 150.73159258 151.80302098 152.87444938 153 152.6249715 152.658249496436 153.100097297855 153.6249715 153.435592773564 153 152.55412342 151.159394150692 149.565503323598 147.92725592211 146.36907115218 145.19698142 144.453495559239 144.3750285 143.35772472 142.253019223632 140.939935217923 140.6249715 140.32195412 139.484543660795 138.80406882 137.73264042 136.440421123667 134.55459574 132.41173894 131.07189832 130.00046992 128.81072652536 126.991123282357 126.355702636298 125.075103095984 126.269592512283 125.878617752864 123.032295611363 119.674168096387 115.05121872111 118.15118063253 121.914830616052 120.170725149266 121.306576320357 118.361440317305
157.57096688 158.864507589088 158.16757904153 156.161896739999 154.390581485528 153.3036001 153.3036001 153.254973874615 152.929688105233 152.48537528415 151.886316766467 151.385889822916 151 150.821259758318 150.6963999 150.918511480447 151.80302098 152.87444938 153 153 153.061794752639 153.745025396744 154 153.90800316449 153.435634224893 152.55412342 150.96539004 149.001272753041 147.443013137575 146.26840982 145.19698142 144.12555302 144 142.98269622 141.91126782 141 141 140.69698262 140 139.55412582 138.48269742 137.821261215599 136.835816066216 134.92962424 133.58978362 132.51835522 132.3927998 132.066645619302 130.669931449919 129.467713438391 129.785663251154 131.208223923541 130.799913214326 127.662001804974 120.790659531889 121.81621906424 125.593223525144 124.455338534526 123.440781283909 120.149312093414
154.110720814323 155.222021109782 156.126659873451 153.81183931633 153.244736790613 153 153.068134764501 153.7678283 153.590004041612 152.929646825332 152.480314547725 151.55412102 151 151 151 151.561737486994 152.57084928 152.970850699119 153.726271727825 153.7678283 153.788429958287 154.122977668656 154.5900058844 154 153.62555182 152.55412342 150.96539004 148.82253324 147.33983822 146.26840982 145.19698142 144.12555302 144 142.98269622 141.979398898925 141.644852474132 140.822179427188 140.161819639756 140 139.55412582 138.879896980587 138.315783992469 137.33984062 136.098558241418 134.96481212 133.89338372 133.7678283 132.995983109193 132.747227756137 132.867394352322 134.714505499952 134.676337749096 133.7678283 133.146715445132 129.584982606794 127.307858007829 127.028769388313 121.934265788217 118.741268014426 118.455389470071
152.50057672 153.009937271349 153.450567228078 152.326653590383 152.1607433 153 153.08873698 154 153.962772851543 153.584943305186 152.62554942 151.928327941354 151.405103015375 151 151 151.73159258 152.129080242294 152.894630800976 153.152043515754 153.175267627516 154.074471090787 154.865001825943 154.962773237327 154.584945319402 153.62555182 152.55412342 150.96539004 148.82253324 146.78579302305 145.42915312 145.031663443489 144.85943850676 144.8392567 143.82195292 142.764787623429 141.83983942 140.962773623111 140.584947333618 140 139.928328712922 139.405107043808 138.41126902 137.893883802733 137.10766892 136.03624052 134.96481212 134.8392567 133.8392567 133.913723762355 135.024574114375 136.8392567 136.741841444331 135.889261869129 134.090854942588 132.828133147905 128.37574650852 121.497825908897 119.119898046083 122.111515305402 118.612068871705
153.25051852 152.976027432479 151.537397145765 151.100528226714 151.0893149 152.105077565908 153.08873698 154 153.789090995301 153.062250504295 152.62554942 152 151.48269262 151 151 151.73159258 152 152.07810135893 152.0893149 152.10662108 153.17804948 154.235172939458 154.789093180945 153.78629512 153.055871098248 152.148070262155 150.525806877442 148.82253324 146.679676439999 144.602161543768 144.0893149 144.885660735426 145 143.98269622 142.992074894217 142.75052452 141.69978046659 140.69698262 140 140 139.48269742 138.947417551394 138.309487789009 137.26841222 136.928278690185 136.03624052 135.9106851 134.926441208976 135.829295091428 136.085147791831 137.210902447766 138.186636327363 138.07248344 135.929626639999 134.350272633847 133.490027226001 130.979847541387 127.905516060224 127.554771377297 124.785111712411
153.006078430467 153 151.39395324 150.141189101763 150.94684819416 152.01730858 153.08873698 153.842699418069 153.013744097854 152.702397826222 151.64343592 151.0178865 151.008633681548 151 151.648356153395 151.995199130682 152 151.141191458835 149.159967825824 149.07096568 150.229541508935 152.19593598 153.031630640782 153.012466536705 152.632249387371 151.564034748552 150.48269502 149.400736240398 147.013436143677 143.818315047754 143.806541888169 144.015640795908 144.0178865 143.98269622 143 142.83983942 141.995857683709 141.67909612 140.614365244444 140 139.990747267403 139.403912856674 138.33984062 137.26841222 137 136.98435924702 136.053158877057 135.982422961133 136 136.002864669287 136.022028773363 136.33878798 137.022378036967 136.108256439999 134.99074731033 134.9821135 134.946689806532 134.170697616201 132.315379651952 131.022730399894
152.30448684699 151.17569213474 150.13288821751 150.040097719519 151.94530226 153.123465645741 154.0535419 153.89337652 152.80954814899 151.68075343674 150.9464581 150.9464581 150.974155720009 151.58873578 152 152 151.153983750991 149.197559339999 147.05470254 144.980143854241 147.070385360001 149.21324216 150.905316042509 150.9464581 150.9464581 150.9464581 150.42915312 149.35772472 147.001319076007 144.575990368258 143.207528179491 143.827627427242 143.00058272 142.947384577258 143 142.991424698242 142.727268834008 141.69698262 141 140.577998770758 140.025844536992 139.442790795258 139.0535419 138.32195412 137.25052572 137.0535419 137.002898063492 136 135.906519458992 134.78629992 133.934058514492 133.8929162 133.912964610008 133.524459142257 132.510397054507 133.788205993243 137.015816999009 138.824297751258 141.473130256493 143.802426260001
151.679666839999 149.628237684129 149.024616227294 150.858184061283 153.134937589859 155.247777541565 155.113880812988 154.83983462 153.47892775167 151.181883812741 149.8750297 149.8750297 150.39233708 151.46376548 151.957530615624 151.9085726558 150.26898774 148.235411141353 146.10824444 144.14227648 145.291350272918 147.300310344341 149.10662108 149.8750297 149.8750297 149.8750297 149.422372478542 148.41126662 146.762177055694 145.301953075728 143.494316312848 143.015690398575 142.05412462 142.015141321422 142.8750297 142.734884435731 142 141.69698262 141 141 140.547344878613 140.1249703 140.1249703 139.39338252 138.32195412 138.015690698504 137.05412702 135.997837841351 135.708658727225 133.819826804198 132.672384564378 132 132.37444338 133.055720730108 133.189617458685 134.42739776 137.808068504164 140.679567504415 142.655262414019 144.639605058434
151.93897855619 150.66120242 149.747486767901 152.212551440001 155.612606277708 157.37548882 156.286632592486 154.973320775166 152.922710897319 149.69697782 149 149 149.51730738 150.58873578 151.530508793262 151.07200872 149.355271616544 147.953809898552 146.097614906351 145.406704668746 146.28513328 147.32510587894 148.186107134037 148.863113990866 148.926458864231 148.8036013 148.8036013 148.330494390478 147.33983822 145.680503000285 144.235668314812 143.12555302 142.05412462 141.806999739897 142 142 142 141.69698262 141 141 141 141 141 140.412095108928 139.39338252 138.321954119999 137.25052572 136.17909732 135.090242506556 133.711138498346 132.15091539675 132.059511748153 132.57084208 133.64227048 134.815295962862 136.454629032235 139.047215667333 142.194756140001 143.315421724948 144.095500272623
153.176810500638 152.928114043736 153.018552723098 155.694663740001 159.601496774443 159.509074206427 157.846292208016 155.78733096 152.69709994095 150.50045912 149.703193287065 149.416235725836 149.646585544606 150.431056383376 150.7321729 150.196520639083 148.981908239687 147.217475381542 146.05412222 147.272462164002 147.576857729538 148 148 148.22186287108 148.45801209015 148 148 147.842321246161 147.248820335068 146.26840982 144.609032977527 143.39338012 142.32195172 141.280496458784 142 142 142 141.69698262 141 141 141 141 141.176808572283 141.071888066487 140.412053314742 139.39338252 138.32195412 137.25052572 136.114131779661 134.37549602 133.36609278212 133.02534065665 133.91009758 134.98152598 136.57025456 138.12438278 139.679160230503 142.070706458545 144.123131608043 144.932744426374
