catData/variables/pastClimate/midhol_MPI_ESM_P/bio15.asc
NCOLS 409 
NROWS 350 
XLLCORNER 60.897278365 
YLLCORNER 5.843756025 
CELLSIZE 0.0892857 
NODATA_value -9999 
[rows 104 to 129 of 350, columns 0 to 59 of 409]
-9999 -9999 -9999 -9999 -9999 -9999 -9999 -9999 -9999 -9999 -9999 -9999 -9999 -9999 -9999 -9999 -9999 -9999 -9999 -9999 -9999 70.3214889999999 70.4485331893015 70.3661133868577 70 70 70.6601929800002 71 71.2581716707224 71.9148320643901 72.6250025702488 73.3156080126925 72.8649336697271 71.7150904424198 72.0785784199761 72.64230408 73.4596457298232 73.9632962052893 74.1637471697992 73.4112378199999 73.6601905800002 74 73.7418291008511 75.1307918420183 76.28515968 75.011452406906 75.6322088213008 75.65963426 77.4178331057629 77.8787470966811 78.7137300800001 79.0367054231371 77.8015892559876 77 77 77 76.7275625737875 74.9117977399996 72.7689409400001 72.6548651411189
-9999 -9999 -9999 -9999 -9999 -9999 -9999 -9999 -9999 -9999 -9999 -9999 -9999 -9999 -9999 -9999 -9999 -9999 -9999 -9999 -9999 69.2862257416348 69.0668940755041 69.5448864922617 70 70.2417961338963 70.7997462522211 70.6995348783382 69.7862663199999 69.901736022291 70.3350491033102 71.5791003171927 71.0364536910756 71.57087568 72.6423040800001 73.5892753072761 73.7793146866066 73.7531161785321 73.6612984200001 73.3152554647647 74.3420041221379 74.5209036639796 75.2137312800002 75.9260265562141 76.1689689446627 75.0071182115516 75.5358975854342 77.010172161366 78.2316177800002 79 79.2206838990348 78.8806353148477 77.6951282887308 77.1688897373864 76.7288713435036 76.889779250379 75.867157375738 74.1995014781443 72.4966630720274 71.57910314591
-9999 -9999 -9999 -9999 -9999 -9999 -9999 -9999 -9999 -9999 -9999 -9999 -9999 -9999 -9999 -9999 -9999 -9999 -9999 -9999 -9999 68.396716724985 67.8418371351944 67.9797480091928 68.5536631 69.1424276800001 69.8719502560317 70.009601352482 69.9712705729006 69.0584616133191 69.418322583131 71.0083574070783 71.57087568 72.64230408 73.6020655422939 73.8538965520845 73.5178877 73.5019352566683 73.463604477087 74.0561622824945 75.1659214620759 75.4917137383429 75.8980006606193 76.4215955295901 75.9922401597994 76.4553132299914 77.0561610395639 77.9227707295726 77.7495054800002 78.5178877 78.6984265010554 78.7690723312645 78.4821123 77.6095041883165 76.3398118199998 76.378895227898 75.298955602311 75.8119041100825 74.0704856545403 71.0250652788179
-9999 -9999 -9999 -9999 -9999 -9999 -9999 -9999 -9999 -9999 -9999 -9999 -9999 -9999 -9999 -9999 -9999 -9999 -9999 -9999 -9999 66.4464593 66.4464593 66.4464593 66.1600926687874 66.48168318 67.1876678957157 68.4759814908201 70.1404891173562 70.930518563892 71.5235977904278 71.5516844460726 71.4860885365004 72.05311038 72.8929185999999 72.9253694662144 73.2072882496431 73.9994460800003 75.07087448 75.2276368707492 75 75.73161898 76 76.3904178446057 76.9700557619301 77.4464593 77.4464593 77.5522839446133 78.2104893119265 78.5535407 78.5134414377092 78.6932847476814 79 78.1483829407529 76.8933525199998 76.5535407 76.1950138003607 78.2464449331039 74.1450499597029 71.5959382800322
-9999 -9999 -9999 -9999 -9999 -9999 -9999 -9999 -9999 -9999 -9999 -9999 -9999 -9999 -9999 -9999 -9999 -9999 -9999 -9999 -9999 64.7500618000001 65.2181378821744 66 66.1293020736241 66.83870278 67.2499381999999 67.7986994492013 68.6023369634765 69.0780181388759 70.0709992800001 70.7543944736984 71.0554743697116 71.78516088 72.6249691 72.92801768 73.7654095388387 74.4459053800002 75.1940161531138 75.1542268897486 75.4125987126112 75.8993488245265 76 76.5465203411984 76.3885515118784 76.3858632269235 77.0554728697857 77.7451210347037 78.5197848555108 78.810605501627 78.2345913612355 78.1672273959022 78.6983470269604 78.043283550177 77.1274399326852 77 77.5018782984102 76.6413216536371 73.1893504565402 72.6921219409931
-9999 -9999 -9999 -9999 -9999 -9999 -9999 -9999 -9999 -9999 -9999 -9999 -9999 -9999 -9999 -9999 -9999 -9999 -9999 -9999 -9999 64.6963975 65.1845697559665 66 66.1570645575885 66.8923670800001 67.7633592407896 68 67.4407581408323 67.9125869183567 68.94590658 70.0052629432655 70.39236588 71.3522371248874 71.7685047143016 72.60665108 73.0428176673204 72.7425829881315 73.2710774510575 74.0172175102466 74.9637930800002 75.3036025 74.1851221243726 74.1763005329974 74.5859564323831 74.6366079453809 76.4541764045696 77.8884445162414 77.3739222370525 77.30415882 77.1287713226512 78.3105257205147 78.8534606002964 77.4124696011071 77.2231092961634 78.2058934572705 76.3996473977018 74.5053495112968 73.0705225748376 73.7830484000011
-9999 -9999 -9999 -9999 -9999 -9999 -9999 -9999 -9999 -9999 -9999 -9999 -9999 -9999 -9999 -9999 -9999 -9999 -9999 -9999 -9999 -9999 64.31911851302 64.4643481999999 64.861572318011 65.82093868 66.8923670800001 67.2321741 67.0457267400733 67.2030311844111 68.9043722511044 69.2321741 69.32093748 70.3551734976511 71.2316201800001 72.30304858 72.9130561441978 73.1102035997136 73.6557633047711 74.3565880800002 74.4141936274798 74.7939301017756 73.3939052399996 73 73.2196144516777 74.0213567561625 75.2733901012932 75.5363329199999 74.6965222999999 74.6261628259 75.5008286414157 77.6780770800002 77.0405128026598 75.0665470759244 76.7985437269564 75.9228457850329 74.4150855180357 74.0291440300245 73.7803861055401 77.1047282557779
-9999 -9999 -9999 -9999 -9999 -9999 -9999 -9999 -9999 -9999 -9999 -9999 -9999 -9999 -9999 -9999 -9999 -9999 -9999 -9999 -9999 -9999 -9999 -9999 -9999 -9999 -9999 66.1607457 66.1607457 66.8946552728213 68.0979569953367 69.0145484565056 69.92801768 70.8650044398103 71.2316201800002 72.0487137561261 72.4750271157161 73.4459053800002 73.1316508011995 72.9102535800002 73.7694363861692 74.1176046050734 73.2286119067685 73.7339075586109 73.8392543 74.002786137705 74.1607457 74.2694355719587 74.8392543 74.5849214903364 75.1234237400002 76.3232249999563 75.6669333007598 76.2387328740641 77.4963183133777 74.459521319284 73.1607457 75.362462333202 75.6785085999999 78.0027857519153
-9999 -9999 -9999 -9999 -9999 -9999 -9999 -9999 -9999 -9999 -9999 -9999 -9999 -9999 -9999 -9999 -9999 -9999 -9999 -9999 -9999 -9999 -9999 -9999 -9999 -9999 64.7495102800001 65.7555922337161 66 66.0781060299465 68.7580653964443 69.9122310136092 70.08876338 71.1458838827282 72.1423028800002 73.1866637990656 73.5137829655315 72.6337487491939 72.5573478107148 73.4994448800002 73.9696491400911 73.3337272519224 73.7489126324928 74.7851584800001 74.9106827 74.9106827 74.9106827 74.9249903829103 75.2109303052586 75.60763652 75.0110238752127 74.6929047697642 74.6066486799999 76.214250426102 75.8565223171882 74.2749512497567 73.9106827 75.7377350612238 74.2771672261096 74.388833790228
-9999 -9999 -9999 -9999 -9999 -9999 -9999 -9999 -9999 -9999 -9999 -9999 -9999 -9999 -9999 -9999 -9999 -9999 -9999 -9999 -9999 -9999 -9999 -9999 -9999 -9999 63.6780818800001 64.74951028 65.8065730027907 67.7176694545719 68.9439712364379 70.0170248762765 71.0708744800001 71.9849767547333 72.2316201800002 73.30304858 73.2577450212473 72.4478407664957 73.49944488 73.9926434077618 74 73.9869121412287 74.7851584800002 74.9977545097808 75 75 75.0871731437049 75.6674635635998 74.2495066800002 75.0124677371906 74.6322243583141 74.0099121861811 75.0254082706763 76.0031756296569 75.3458906796666 74.9869121841621 74.9821111 75.013397833695 74.0550659776478 75.9478220735709
-9999 -9999 -9999 -9999 -9999 -9999 -9999 -9999 -9999 -9999 -9999 -9999 -9999 -9999 -9999 -9999 -9999 -9999 -9999 -9999 -9999 -9999 -9999 -9999 -9999 -9999 64.9818069020527 65.0391706428745 66.5736492926077 67.8677578045183 68.94590658 69.0337418538386 71.0304715330166 71.9100741756107 72.2192193513731 72.6596369894489 72.3544276697294 72.9464605 73.4914920719143 74 74 74.6532779512406 74.9359157552015 74.8996415039767 74.9435642368451 74.9473884776669 74.9952477815113 74.803424038621 74.2727565798679 74.7294037019082 74.4214060346723 74.9703339225977 75.4896337165805 75.4837883369651 75.7147682448108 75.26838342 75.7600503532935 74.2911514750567 74.9994412799999 76.9136558383438
-9999 -9999 -9999 -9999 -9999 -9999 -9999 -9999 -9999 -9999 -9999 -9999 -9999 -9999 -9999 -9999 -9999 -9999 -9999 -9999 -9999 -9999 -9999 -9999 -9999 63.1553437136862 64.6177280103055 65.73162138 66 67.5303929564994 68.8141787388988 69.0173349800002 70 70.2803458993123 71.7500642 71.7879355446406 71.921829701789 72 72.9053673278287 73.823640573234 73.8750321 73.2348420075308 73.7026922353211 73.2191191236549 74.07087208 74.265102363876 75.0472991932725 74.3700881191582 75 75.2651751352824 75.2664748455979 74.6958387800002 75.3792354323254 77.1189987933782 76.8470571095402 75.3933513200001 75.1249679 75.1249679 76.0708696799999 76.0021657162012
-9999 -9999 -9999 -9999 -9999 -9999 -9999 -9999 -9999 -9999 -9999 -9999 -9999 -9999 -9999 -9999 -9999 -9999 -9999 -9999 -9999 59.1840147976333 59.6807537646582 60.2495114800002 61.83827606 62.919234885083 64.1907265014423 65.53522508 65.9613197055078 66 67.5202680550846 68.6211378540675 69.4282438994074 69.6386684728824 69.8490930463574 70.30304858 71.3744769800001 72 72 72.5887621800001 73.2593179744138 73.2491053393183 73.1963963 74.0708720800001 75.14230048 76 76 75.8712712215313 75.2873740500125 75.5891889000001 75.8901180580441 76.9262692754313 78.4206477221882 79.900786322381 78.4122280599995 76.6611760200001 76.5505076628057 76.5891889000001 77.7208622897554 77.1854972303093
-9999 -9999 -9999 -9999 -9999 -9999 -9999 -9999 -9999 -9999 -9999 -9999 -9999 -9999 -9999 -9999 -9999 59.6940932957914 57.5768678432025 58.0429039582002 58.4374130319984 58.8592780956064 58.91012878 59.8621320625939 61.0253862455847 62.3209398800001 63.2155522931895 64.0000257033879 65.2146522464137 65.6985574562151 66.4921867380496 67.2678247 67.35658808 68.42801648 69.4994448800002 70.57087328 71.5420074951746 72.119424474627 72.4063794644284 72.9667265257702 74.2345751719376 74.1965019538328 74.2150759236343 74.9080942665642 75.6925676767627 76 76.0237723828402 76.3536300452834 77.2046766975572 78.5356494 78.4353558579539 79.0402068281527 80.1385541216491 82.0760819058026 81.1817442587473 80.123462184214 80.51549201829 80.6069481999999 81.2320724577101 84.112578690259
-9999 -9999 -9999 -9999 -9999 -9999 -9999 -9999 -9999 -9999 -9999 -9999 -9999 -9999 -9999 -9999 -9999 59.3392531 59.2806013860389 58.7843540078331 59.2606744217049 59.200239995577 59.9081829894489 60.3214938 60.4970017028072 61.2495114800001 61.8847194150633 62.2482048211913 63.9453526600003 65.2137312800001 67.5351693608492 68.0058809457035 68.42801648 69.4450993220405 70.2316201800002 71.30304858 72.1270424763437 72.6338836975285 73.3418266914003 73.8604862947278 74.2239717008559 74.3392531 74.8698641668882 75 75.3209009253679 76.0176403944882 77.076407842376 77.8901954724958 79.3101948298804 80.4420624560081 80.3040316199999 80.1244091800002 81.5468501287845 85.2903553384396 86.0423256998898 86.8250118616707 86.2815319210953 85.1277558849024 83.7667952158027 92.0240677372884
-9999 -9999 -9999 -9999 -9999 -9999 -9999 -9999 -9999 -9999 -9999 -9999 -9999 -9999 -9999 -9999 61.4869867012301 60.4035613587754 59.9635455363209 59.5235297138663 58.9470144199998 58.178637 58.3324287534975 58.5893185 59.10665468 60.4198778008614 61.9313220233161 63.4427662457705 65.0976648717751 66.2851596800001 67.35658808 68.0173349800002 69.08876338 70.0657878004981 70.6423016800001 71.5892736345927 72.2206862121382 72.5893185 73.0142373255421 73.7576499447744 74.3890625223199 74.5893185 74.9191152025896 75 76.3343695274986 76.8662425700473 79.4106815 79.4106815 79.8739170600004 81.8381831397716 82.2930986377736 81.8565844800002 84.3875924942708 87.7565310904102 89.8706122879556 90.4106815 87.8152043891379 84.914346899408 88.423443869315 98.0747590529532
-9999 -9999 -9999 -9999 -9999 -9999 -9999 -9999 -9999 -9999 -9999 -9999 -9999 66.6114967325866 66.0662171261945 64.6681434750241 62.59029194 60.9910211425379 60.3505492586807 58.8398058199999 57.6567098811182 56.6639939776627 57.5550195964439 58.4821099 58.99944608 60.6596390600002 62.4842102884317 64.8159646703497 66.2851596800001 66.9349934920881 67.4898756533068 68.0173349800002 69.08876338 70.16019178 71.2316201800002 71.853897279401 71.6984291593801 72.2149753981614 73.51677746 74.4821099 74.4821099 74.8348306532859 75.380110087933 75.9037033308482 77.3999983903706 78.5000626431792 79.5606826471917 80.0772288859729 80.8336802352463 82.4599907964648 83.4910925492654 84.1072069210978 86.7668647603639 89.6596294600002 91.4605813374413 91.9642198 87.9489948999992 86.4800498613533 91.6637761223028 103.927939837307
-9999 -9999 -9999 -9999 -9999 -9999 -9999 -9999 -9999 -9999 75.7175323161951 73.4065577467945 71.4473007399998 69.6310859365792 68.3251129229428 65.8740569463636 63.138123491256 60.9904030961482 60.2689301399999 58.2862675199999 57.2396404783495 56.85658928 57.8879197012195 58.6932887344981 59.8037015696057 61.7310674600001 63.2137312800002 64.9384415301423 66.2495114800001 66.4464617 66.970057220252 68.0173349800002 69.08876338 70.16019178 71.1034095393172 71.4789111115812 71.9280152800001 72.9994436800002 74.0154777377725 75.0982665324431 75.5535383 75.8801781535631 76.4445174815448 77.42801408 78.49944248 79 79.08876098 80.2488603370832 81.7851560800002 83.0243321472987 84.8560257600001 86.2584094274577 87.7674871926218 90.5034206477299 92.1430357743256 92.4464617 91.0983337183161 91.6421648800002 94.5041128934635 107.046108935128
-9999 -9999 -9999 -9999 -9999 -9999 -9999 -9999 -9999 -9999 79.5169035548745 77.0723994399997 74.9295426399998 72.7866858399999 70.6438290399996 68.7195341445932 65.6621398599999 63.4716941348343 61.6973685399998 59.614589891966 58.2499334 58.1741908381952 58.2340371423366 59.3495519937712 60.9612878747948 62.0665793467211 63.0352262800002 64.5638936795081 65.8030497800001 66 66.94590658 68.0173349800002 69.08876338 70.16019178 71 71.30304858 72.3744769800001 73.1672293661493 74.0216660705702 75.4345343032808 76 76 76.8030473800002 77.87447578 78.94590418 79.6249667 79.7692003367594 81.4701991318063 83.0013378796283 85.0454195310621 87.155780975007 87.1790637199998 87.8536459546349 90.0303688264015 90.3374709717663 91.0395718993357 93.6837073933069 95.6709235225367 95.9932323180878 102.727046176216
-9999 -9999 -9999 -9999 -9999 -9999 -9999 -9999 -9999 -9999 79.7274401556938 77.2497047198275 75.2198524123251 73.3498565554354 70.8346540368032 69.4291243199999 66.4658779599999 64.9894725729575 64.2152586399999 62.0724018399999 60.3927902000001 60.08973922 59.7672695800001 60.9740777669564 62.2137312800001 63.1064078685657 63.5932280236737 65.15963786 67.0586848118484 66.783807880391 68.3010263873698 68.7016580848695 69.08876338 70.16019178 71.1612991584132 71.7884021338261 72.6352609139349 73.6963951 74.010525241087 74.8923670800001 75.7633583849783 76 77.3622856405002 78.5708708800001 79.64229928 80.7084654237826 81.5703121600001 83.5529795800001 84.5334307858704 85.6980986651742 87.0428226374134 85.8507821696522 85.2249433837834 87.3368125576075 89.78602887452 92.3655175613907 94.6236554525455 95.5309888061752 94.0025866553268 98.7164524075672
-9999 -9999 -9999 -9999 -9999 -9999 -9999 -9999 -9999 -9999 83.2790505383614 79.3465953836596 76.8010644147109 74.4483308571143 71.3586669599996 69.2218961803822 66.888564203705 65.7545114522075 64.8906248918798 63.44743514 61.5899782399453 60.6969490199999 60.6620134482295 62.5561097523172 63.2585374271916 63.5887645800001 64 65.46324276 66.9894990672463 67.0291432168412 68.1655238590713 69.0133102050162 69.7884322708966 70.16019178 71.2316201800002 72.2326878213657 73.5167774600002 75.1102001295407 75.5356470000001 76.1244091800003 76.6889277381975 77.3295777458901 78.5251431100229 80.313742334065 81.4815511800001 81.0173325800002 82.17752196 84.2831865504144 85.7678235 85.6758579242323 85.3774088026765 85.7098696870564 87.892347263406 90.825676430123 92.2989580429216 93.0452395306591 93.4186246727989 93.4643529999999 93.0251206707517 98.8185785021478
-9999 -9999 -9999 -9999 -9999 -9999 -9999 -9999 -9999 -9999 86.1264880599998 83.2170403198665 81.5360641199999 79.6154048074501 77.3003179278638 75.859711628278 73.0283413313079 70.1498212617874 67.2799962209599 64.7877500798679 64.0917434296517 62.121116709238 60.9596455976484 61.6783347084104 62.6725107640075 63.5887645800001 65.1081364256636 65.9137172935088 66.8030497800001 68.4678149481473 68.8305564855125 69.0173349800002 70.1489896706309 71.7042543242706 72.0708720800002 73.14230048 73.9596448260575 74.6066534800002 76.0290948155984 76.9338943017869 77.5540661986273 78.57087088 78.968340240545 79.2811406402621 80.26740038 79.3679215813945 82.0285363177783 82.64187496 84.3214962 84.7814462670582 87.096365911067 90.0880654600004 91.5288996456215 92.5226536959915 93 93.6140106048365 93.1652948747494 93 94.5876997321567 97.3270677870154
-9999 -9999 -9999 -9999 -9999 -9999 -9999 -9999 -9999 90.4249415564954 88.2693448599999 85.6438266399999 84.16116522 83.6906637669152 81.3052930398016 79.0611880830614 75.98363366 72.7693484599994 69.6359005071601 67.5861552160994 66.7799836812824 66.0366192400001 63.6196282176334 61.9505086491373 62.9884640476033 65.5717974886879 67.451202118916 69.1539069556498 71.1770925945658 71.7096177573885 72.5934593880466 73.5391632304263 72.6670624754178 72.145883498268 73.1423004800002 73.9377485082511 74.6820576169792 76.2672659800003 76.913776796059 77.5361741187112 77.9696483245485 78.0653479878079 78.8206391289328 79 79.0844878775863 80.841789461692 82.0808328758947 83.0851777473648 84.4218594987519 86.4274529600001 88.9782322971435 90.9903361408055 90.1470727073243 89.85671888 93.2740609490951 94.8867083734407 94.8389525633 95.6177262800407 96.7624303432191 95.1944216535216
-9999 -9999 -9999 -9999 -9999 -9999 -9999 -9999 96.8161807941296 94.9204568871969 94.8827759207915 93.1011024666695 89.2694146408066 85.7728325616054 83.3616366925318 80.3564212544008 77.14438176 74.9122052599995 71.78668584 69.6466951221327 67.9821087000001 67.9712647480032 67.9262263312062 67.8926522000005 68.9273245600005 71.0807151237308 71.2739739413263 71.6910371375962 74.3589991354717 75.8051587285386 77.8033244616056 77.9451494893452 78.6295382445216 75.6166493575808 73.9862526861265 74.2976266469407 74.9955084599845 75.4637966800001 76.5259693061418 77.5887621800001 78 78.7185293653432 78.2077964431793 78.0178912999999 78.9468720245443 80.0522463576118 82.08876098 83.16018938 84.9181832336263 87.9750611802406 88.3878742541063 89.9116329920282 90.9814885381621 92.1312032821485 94.302137334355 95.7185270082823 96.7707861613496 95.2622070367504 95.0348147125164 95.948378518348
-9999 -9999 -9999 -9999 -9999 -9999 -9999 -9999 98.1107517285038 95.7979025821021 94.613719398126 93.40172836663 91.7321069782356 89.6046576245277 87.318453485402 82.5673400542591 78.2641094273062 74.2667573069531 74.1253826199999 73.0539542199999 71.970125418772 70.8575603199999 70.555139220015 71.2141483999999 72.2211240811977 74.8953842918043 76.1070742 77.5311480730168 79.7456225727539 80.1606113 80.1099702048359 80.0207232691151 77.9878366739513 76.2055721966549 76.1606113 76.46365988 77.1606113 77.5826441990806 77.1277997406264 76.6768281011726 77.6601905800002 79.3849004430117 78.3298238678874 78.82093868 79.89236708 80.0882022600005 82.23105906 84.21372648 85.2851548800002 86.35658328 88.4912905708894 91.8324764648616 92.0484265054726 92.8638496575646 94.0535371 95.4776016299948 95.2829404187974 96.7623874224155 95.2094781163722 95.0352791124201
-9999 -9999 -9999 -9999 -9999 -9999 -9999 -9999 102.25103644 100.163903028599 97.2495596029569 93.6599854999607 92.6225836512031 90.738053122959 86.2858005515988 82.20481388876 79.9761810286406 79.471691748198 77.7973613800805 76.8798433116015 75.8156306715208 74.1475873544826 74.2801922540775 75.4863426773635 76.2068128544022 77.7065963796344 78.4573978458425 79.4143382431251 82.5605780508703 83.359210603003 82.5471956087233 81.372730225557 81.1611676200001 80.1497945576509 79.6248275000003 79.8900054626763 80.4062685939118 80.1942082112357 80.1249655000001 78.5794038406142 77.9125494422253 78.1249655000001 77.3219181199999 78.1087205830857 79.0776297911942 81.2802642109486 83.17752196 85.16018938 86.2605620116869 87.4658819974069 88.6712019831272 91.0470634423065 93.7069454545675 94.7651161197126 95.1249655000001 95.673728416544 96.7784323974483 97.1092790031685 97.0067604111114 96.0903051399996
