catData/variables/pastClimate/midhol_MPI_ESM_P/bio11.asc
NCOLS 409 
NROWS 350 
XLLCORNER 60.897278365 
YLLCORNER 5.843756025 
CELLSIZE 0.0892857 
NODATA_value -9999 
[rows 130 to 155 of 350, columns 236 to 294 of 409]
15.31963939 15.392797928 15.41963939 15.4899100969946 15.5185763212102 15.6003397414148 15.6267695763805 15.7031453618242 15.7382496359712 15.8059509822335 15.8497296955618 15.9 15.951729778 16.058872618 16.166015458 16.2143678434616 16.2841698743338 16.387443978 16.494586818 16.5210293537197 16.601742504485 16.635654728 16.71963939 16.71963939 16.71963939 16.7283959455084 16.770689586574 16.8 16.8129649861224 16.81963939 16.81963939 16.8024659732636 16.8185762269411 16.81963939 16.81963939 16.81963939 16.81963939 16.81963939 16.81963939 16.81963939 16.81963939 16.81963939 16.81963939 16.81963939 16.81963939 16.81963939 16.81963939 16.81963939 16.81963939 16.81963939 16.81963939 16.7952896928299 16.73927878 16.73927878 16.687549722 16.521534984 16.2942844121467 16.132114109942 16.019699582
15.4444627060745 15.5071295100882 15.52678223 15.5502017415865 15.6228189945762 15.6280488227389 15.7023763170985 15.7385084790642 15.8 15.830301258 15.9 15.9119413762851 15.978512008 16.0698874480402 16.166015458 16.273158298 16.3215064354718 16.414226208 16.521369048 16.6004632409838 16.635654728 16.7385083033416 16.8062022764958 16.82678223 16.82678223 16.8594276159923 16.8621247858451 16.82678223 16.8751171004803 16.9 16.9 16.8359756450317 16.921368808 16.92678223 16.92678223 16.92678223 16.92678223 16.92678223 16.92678223 16.92678223 16.92678223 16.92678223 16.92678223 16.92678223 16.92678223 16.92678223 16.92678223 16.9272453424291 16.95356446 16.9492753238963 16.9205800820589 16.9162303195568 16.95356446 16.9416232765469 16.8889073672904 16.735820664 16.4201598080698 16.153684844 16.019699582
15.5775448962425 15.6248190852275 15.63392507 15.7213692880001 15.73392507 15.7345119391074 15.7737127954226 15.83392507 15.8417815795174 15.8878716750127 15.93392507 15.978512008 16.0681054846027 16.1199725768673 16.199940528 16.2822643641927 16.380301138 16.487443978 16.594586818 16.635654728 16.7397875668428 16.8054332146272 16.8492268199028 16.9 16.9127028550372 16.93392507 16.93392507 16.93392507 16.93392507 16.93392507 16.93392507 16.93392507 16.9964230852029 17 17 17 17.0078563466771 17.03392507 17.021222296383 17.015125987087 17.03392507 17.03392507 17.03392507 17.03392507 17.03392507 17.03392507 17.066013551377 17.0684060683062 17.0939803233662 17.0052688984262 16.8568545525137 16.9235893721807 17.13392507 17.1044647576668 17.06785014 16.950106344 16.515380903923 16.1627911544532 16.0469415550168
15.64106791 15.6841817654569 15.7329780976458 15.7926006152516 15.7611550721489 15.801729898 15.9 15.906577263159 15.9547156497384 16.0124440933643 16.04106791 16.0673439244304 16.1212443386722 16.199940528 16.2799721991225 16.3300445839802 16.421369048 16.528511888 16.5968098987119 16.701729658 16.8036437494934 16.850506083404 16.9095105796987 16.94106791 16.978511768 17.04106791 17.04106791 17.04106791 17.04106791 17.04106791 17.04106791 17.04106791 17.04106791 17.04106791 17.04106791 17.04106791 17.0547153668643 17.1 17.077933693341 17.0673436415564 17.1 17.1241775566489 17.14106791 17.14106791 17.14106791 17.14106791 17.1968096158379 17.112584315676 16.7947805939999 16.6105188282904 16.6707096108636 16.9946232516233 17.2 17.2 17.1787559570167 17.041188294 16.6441762815656 16.262663086 16.18213582
15.7163840868764 15.7 15.7028735848117 15.7035785 15.7001937021295 15.7526851512 15.8035785 15.8273153082706 15.9406244029941 15.933879758 16.0396826609531 16.1214956972118 16.1750012140529 16.258872618 16.3 16.373158298 16.480301138 16.587443978 16.6456010143589 16.7491065269058 16.808872498 16.9077211145648 16.9602041966999 17.0146083480354 17.0676026432293 17.1 17.1 17.1 17.1 17.1 17.1 17.1 17.1 17.1 17.1 17.1 17.1111646155943 17.14821075 17.1301589009351 17.1214954658002 17.14821075 17.1787001887292 17.2318263160061 17.24821075 17.24821075 17.24821075 17.24821075 17.0386693316825 16.4872319968358 16.456902432 16.8982956883345 17.24821075 17.24821075 17.2267153999055 17.148270942 16.982256204 16.7337819863003 16.4992776500712 16.4059188162291
15.8258799508066 15.7702113028255 15.675052212 15.65535359 15.6452259834432 15.5883352593536 15.5388506090143 15.6035935812355 15.6810652535004 15.719594078 15.8227277110277 15.8984921071459 15.92323205 15.94951656041 16.0409623119159 16.1112481936741 16.2479827506938 16.4628363801237 16.6885940368595 16.7465612655955 16.864226088 16.9625038634664 17.0128188829016 17.085654608 17.1760801096375 17.1860268419945 17.15535359 17.1879415647414 17.1741653868907 17.15535359 17.1109041601548 17.1484032482132 17.15535359 17.1543962950509 17.1 17.108864931685 17.1528740278941 17.1111012731581 17.0794011591555 17.1752598428432 17.2 17.2325878418928 17.2848269077393 17.3 17.3444492969966 17.35535359 17.35535359 17.2068471005024 16.9825641495316 16.9429921789816 17.0566544767957 17.24464641 17.24464641 17.1753801196917 17.0661976526762 16.9920780320883 16.823324114 16.682196012 16.575053172
15.9412574544896 15.7064519940392 15.7329513099632 15.76249643 15.667909372 15.498270102 15.4033275935068 15.4274944055061 15.3836923735055 15.4238747635049 15.4266130555043 15.4153830944963 15.4823435444969 15.51251071 15.5620270170037 15.6789604989975 15.6723716080025 15.9248569240001 16.246285444 16.5181319750025 16.846376068 16.9274945554976 16.8692192489939 16.9560635160147 17.237443858 17.2832783965049 17.26249643 17.2845756734939 17.2752419365067 17.2167752554927 17.1698842965079 17.1406417389829 17.13750357 17.1379358010196 17.16249643 17.168502663489 17.1913149465116 17.1397686830244 17.1296173704615 17.2 17.2323289645141 17.2845755834853 17.3 17.2542789754841 17.1170640499339 17.08751785 17.0284047654822 17.3010806745184 17.348079717481 17.1779789985196 17.0798663569597 17.13750357 17.0907020209572 16.979067863044 16.9698323845226 17 16.9092273785238 16.789338852 16.682196012
15.2932894178274 15.1925499690293 15.5045503708783 15.7737687352173 15.705412942 15.567909372 15.4634603600278 15.383984422 15.3 15.3 15.2886316985053 15.2831761898615 15.351729778 15.4 15.4 15.4444227866568 15.3560403103049 15.2882159243092 15.565924834 15.9146256571812 16.0243042994861 15.9313408109425 16.1669511874632 16.9274794067868 17.167804588 17.23036073 17.23036073 17.23036073 17.23036073 17.2081494095374 17.1440790408293 17.1038121728039 17.1 17.1005250639296 17.13036073 17.13036073 17.1464877489703 17.2 17.2 17.2 17.2157053924967 17.1893626028634 17.0687767624602 16.9992316724031 16.9179425921092 16.9 17.0688906032117 17.3005249910638 17.3187951025694 17.1616798815945 16.944594608164 16.9121832634693 16.9379852942051 16.9310495167358 16.9853445896309 17 16.933985262 16.8777888252689 16.789338852
14.9493117541443 14.92321789 15.0164393180626 15.6373475722673 15.7012567709193 15.5228162441852 15.491127262 15.3962815207171 15.37678211 15.37678211 15.37678211 15.37678211 15.3887926729533 15.4 15.4 15.3438275151555 15.242916752 15.1154712653763 15.0206316807887 15.31608945 15.3255944186964 15.46382705688 15.9778384240003 16.9908526240563 17.060661748 17.12321789 17.12321789 17.1684213440356 17.2 17.0876553988651 17.0894483296667 17.1 17.1 17.1 17.1 17.1 17.1053767845711 17.1464834666948 17.2 17.2 16.9616869210444 16.7256384717585 16.8881856521467 16.8082657611289 16.6231227008874 16.6600125228222 16.8807872979118 17.2245455893541 17.28431585938 17.0874698618859 16.876842302 16.8070351455823 16.82321789 16.867804108 16.9629365522155 16.9547969145185 16.9078906607474 16.9 16.7580432267207
14.9893879435386 15.0453232164372 15.1352427913358 15.4843910128282 15.5321501 15.4985481839684 15.407202312 15.3698393133148 15.6712105407273 15.6848391687482 15.5364249594756 15.5213445154231 15.5244357096784 15.48392495 15.3731180697624 15.1201206219653 15.0353167019159 14.8713188071854 14.7384334537131 14.6993535292234 14.9118301540412 15.5690137936794 16.562025970926 16.91607505 16.953518908 17.01607505 17.01607505 17.0255388141997 16.9767468613011 16.9247047611949 16.996375948 17.0894621633947 17.1 17.1014514131918 17.1764789119096 17.1 17.1 17.1048708652139 17.0846505123153 17.0321501 16.7651880994817 16.4666666376196 16.6962100120001 16.9810626190656 16.875098484 16.7029825620757 16.4761899416333 16.7850068515439 17.0379269506704 16.8866799224309 16.6639376249353 16.71607505 16.7474993862648 16.844586218 16.908315471938 16.9066113629605 16.8445971641408 16.81607505 16.7228662996563
15.5446282716651 15.710633068 15.817775908 15.8609066335539 15.7781328166534 15.589337892 15.5145158776365 15.7610611302387 15.7720464890569 15.7035190660056 15.8241212546702 16.0503893389347 15.4382991848416 14.9161394621277 15.122156437295 15.2559518967609 15.27320337 15.4168486070108 15.5151639615679 15.7952163925759 16.4601352566146 16.6921153434685 16.7883411912734 16.80893221 16.7781774800573 16.8080048710052 16.8147143159323 16.5659553093048 16.387578042 16.6867103931376 16.9623613611588 17.087443738 17.1 17.1001544752475 17.1081397212837 17.0854154041851 17.00893221 16.8985552144903 16.6413165074086 16.63572884 16.5184085354133 16.350060072 16.5729921220001 16.7285360398055 16.8676396623842 16.7251130039999 16.3301032983415 16.5214772298103 16.726004162721 16.7135729777567 16.6931362842165 16.7275940303147 16.7944123111541 16.844586218 16.8528914900916 16.8625455464397 16.8941034249709 16.89106779 16.7376395559666
15.8297625123812 15.7995197069314 15.880301378 15.9 15.6196238508795 15.598270102 15.4917623264478 15.4228864800519 15.5276977484317 15.6910665391393 15.9358753983692 16.0455784827075 16.0879667173283 16.1356108080001 16.2451161696018 16.2097767772739 16.2627599235271 16.2852356926184 16.1944832382905 16.4911791378882 16.6090312598175 16.6703318413071 16.5281119025103 16.5738199193257 16.5414719496762 16.559596134994 16.4545023091658 16.4600267093191 16.6266972964811 16.8430858410273 16.8222203725356 16.891022478 16.9964728141492 17.00178937 17.00178937 16.9385886860772 16.5844139231951 16.4472609079373 16.2685944968674 16.20715748 16.2053062229207 16.2025252996243 16.2713481046355 16.30715748 16.388895013884 16.4058174745596 16.3985981117749 16.5000618827848 16.5210052695431 16.7157282929354 16.8209539510993 16.926721798 16.9596478825729 16.899008442409 16.848270942 16.858871898 17.0296669801654 17.09642126 16.935820424
15.7070682611754 15.7799489576157 15.8684592072767 15.7324576538867 15.4320094557739 15.2032745768591 15.3986407973671 15.526677686 15.717804948 15.79464653 15.8715392845532 15.9578000103497 16.0005050115612 16.0398756258285 15.939338012 16.0438370509281 15.9383431513325 16.070206668871 16.0152507427768 16.3087201892779 16.4916024885186 16.373322794 16.2028739377764 16.1914022181833 16.2173743565903 16.3202062835014 16.3296259072979 16.407987776189 16.6266769660001 16.7560551039372 16.698285222 16.8675174188422 16.6902823817682 16.37858612 16.3790610936704 16.3527667574669 16.1698543817903 16.135654248 16.2407925551435 16.344586458 16.4027693124496 16.4085051722462 16.476721918 16.5146234218393 16.5920621963642 16.698150438 16.6110569507711 16.7038094340509 16.632379563534 16.8311723653814 16.9971260108302 17.035654008 17.1073579900082 17.1529062481953 17.1046646536013 17.0044035612043 17.0730828963888 17.2531056270091 17.3096523287875
15.8240259109171 15.8475810269001 15.6367531525166 15.8279817428834 15.6851568459876 15.23748893 15.2530168763082 15.4425261097248 15.6289463134088 15.7212060808664 15.8201494734372 16 15.948270222 16.017745236 16.0587330308388 16.0192047545824 15.922160492862 15.9765167074328 16.1884971879964 16.376737038 16.4772248497096 16.467969324 16.2565775617132 16.0556807831424 15.8922278625716 15.9099472499975 15.9935357165699 16.2009225774222 16.4737957297116 16.4003443917176 16.2897831602937 16.6685171076959 16.2757289140105 15.9752234934345 15.996375948 16.071488592 16.033819566 16.2140179888487 16.265649238839 16.3113162040291 16.4521614948778 16.571368448 16.678511288 16.785654128 16.8225309291557 16.912436118 16.7594595480283 16.8144415714434 16.916120602 16.841007478 16.9684141582691 17.1465832971602 17.262435998 17.32499262 17.273263562 17.107248824 17.2065380213877 17.3822995757354 17.492796728
15.7876077539999 15.5001635359999 15.499940528 15.5899100668607 15.505412942 15.5399577745262 15.5768140696751 15.574933028 15.7283927040001 15.9345671015105 15.9313836882829 15.9933696630973 15.9293104993922 16.0061831542421 16.2123917660001 16.1484119218817 15.9236272630564 15.8975341040054 16.183760454 16.2210291178709 16.3160025128091 16.4546207265057 16.3010290413147 16.2149281443765 16.15891745 16.114330752 16.0173471535621 16.025866943376 16.0990030126283 16.046481092 16.0683992203809 16.1334581742572 15.8944748158666 15.7817506250049 15.871336394057 15.9674909811189 15.9235757650964 16.0077550652426 15.946556164 15.9910328306338 16.356992144 16.5953623504701 16.7397014585519 16.8678862416138 16.9960710246756 17.0899094882626 17.1185759527993 16.9816753601389 17.150045432 17.0686419440302 17.1382488729532 17.2606010760001 17.437443378 17.5087563542324 17.467910092 17.3250192347121 17.3119674545821 17.4712259295202 17.5526286093751
15.8856489216367 15.6268996883313 15.6123590509742 15.6033626882797 15.505412942 15.783805766 15.9762258236078 15.9456362375016 16.0579963584213 16.2186667101126 16.152527627418 15.9394571959999 15.811093524029 15.9210758966655 16.1052489260001 16.100059712 15.853820838749 15.8406055031129 16.0541997775858 16.1670165236652 16.2309027595272 16.3507252462216 16.37321801 16.37321801 16.3832462203052 16.3673545069997 16.3129277903058 16.3157671943887 16.2784469610832 16.1412195544445 15.9766867450554 15.858992282 15.7265172741387 15.61965403 15.6326462114994 15.76609005 15.715222705918 15.576736798 15.6016332220852 15.6486002232772 15.9136254877477 16.2236083217762 16.5688405052259 16.839126765501 17.0821074301955 17.10336288111 17.1185900272464 17.3026553945581 17.4470680649735 17.3686202096681 17.3009258676374 17.3328319589429 17.4809792762484 17.5833092844462 17.601834922 17.5377969141648 17.5444620505297 17.626721558 17.5574812937561
15.7541560754008 15.6899414815289 15.7272421059742 15.6168153096986 15.4091474461145 16.0040466609557 16.2397875067172 16.3 16.2764306381884 16.1782039022643 16.0699649905915 15.8474403989186 15.7175492392459 15.831697630427 15.9424483883991 15.9159612102274 15.737623234 15.6701119737635 15.5377215011643 15.6355955166083 15.9498953360001 16.1427325018096 16.19822551 16.2290642165343 16.337443858 16.3848740385009 16.2967964741737 16.2311056555396 16.2751669509613 16.1283888296156 15.825172476 15.678631432 15.476902014 15.50177449 15.4957546931127 15.4284917352292 15.4 15.430300778 15.5501463017523 15.7079718659205 15.8526472292201 16.0594633114678 16.476132141756 16.8285796186118 17.140901974 17.2312167341702 16.6614675915632 17.2367512533032 17.49822551 17.5145245500537 17.6004109310352 17.632075028 17.70177449 17.7606953286802 17.8172937619742 17.742902592 17.7453938403586 17.841007238 17.8936665174084
15.2807028019998 15.3825006660747 15.7398525526125 15.6969341697646 15.2649424071579 15.763046246812 16.2890685197145 16.1899514394433 16.2084783213629 16.0161796287174 15.9061108133989 15.7286907839999 15.669594438 15.7525596655194 15.6447660739999 15.5467525815997 15.5070382694403 15.587443978 15.3381865348392 15.3475849692814 15.7319659278007 15.87679699 15.9053285623572 16.0909030540001 16.3066892179226 16.3098993979971 16.196540924 15.982255244 15.9235867884879 15.9226598816757 15.7429173815953 15.612556262 15.4885158514347 15.7842660350315 15.8985247229109 15.8256803171937 15.7726349977734 15.6518191509671 15.739157916 15.8539252796916 15.9325235118122 16.2291757966443 16.7257134525251 17.0216097747246 17.1402846078237 17.4930848383903 16.8383694204788 17.3484441097705 17.46427068 17.4991613959312 17.7189404090058 17.871368208 17.9564447929139 17.98213534 17.9913765603329 17.9894827355868 17.98213534 18.025248805287 17.9937447626729
15.1029643060574 15.1676861240001 15.5751639625167 15.6975257734633 15.23064369 15.309974142869 15.6894210784077 15.8951208178332 16.1027501448515 16.0393974839999 15.8431637946107 15.7020278144063 15.6464829284087 15.64821051 15.5161795939999 15.375052212 15.4700991978344 15.587443978 15.5966147567011 15.4982125821139 15.6045950214645 15.6903948706401 15.939987222559 16.1288909727481 16.1841869969055 16.217871662498 16.2464190721809 16.1070589376829 15.9762536405508 15.9436708622642 15.7869036870792 15.660766772 15.785012524936 16.0007755127622 16.244250685509 16.219594078 16.289099148107 16.210751772 16.2339915452002 16.4075669379637 16.4801935267705 16.4479100222006 17.0529918200003 17.465999858 17.3709540807551 17.6096422146096 17.837383186 17.8454651755326 17.8885647948749 17.8529255432824 17.919578718 18.026721558 18.133864398 18.1749257769125 18.12142029468 18.1269104757275 18.14821051 18.1834801514575 18.19642102
15.4329920071066 15.3639748544359 15.3381580947233 15.4697874720444 15.1734293258084 15.0887061734837 15.0978170851213 15.5997170018897 15.98062402817 16.0226247226048 15.8279291146203 15.7506392723091 15.7234660172117 15.7227653837043 15.5679690839999 15.426841702 15.3025036581155 15.5112400915889 15.6915904404214 15.6534385027069 15.5544690997434 15.7265650139031 16.0975205233561 16.0422196534528 15.93393995 15.9984331150026 15.9354164388873 16.0362379730289 16.2 16.126841942 15.8146480688769 15.8024120270447 16.094466434 16.2685615952015 16.4076954600709 16.4016467412488 16.5631378305783 16.6860767590972 16.7822720632274 16.9504592277014 17.1015441472511 17.0847031273966 17.4471860672269 17.6880158649501 17.7085975505501 17.8465531035003 18.055232726 18.1668320700496 18.2067456411756 18.16606005 18.189217748 18.279588225149 18.3274239139239 18.3601270626026 18.3374262834736 18.2781191322484 18.25535335 18.2880157577981 18.344448971427
15.4087579439481 15.1680434359999 15.027286897535 15.1327505613748 15.0790677389662 14.8153224483409 14.9960807108014 15.272571067887 15.6772552727429 15.8841038459999 15.6048042161104 15.5098057239507 15.6086342256546 15.6529281452033 15.5054728939999 15.4100666609188 15.159096586 15.3404776027312 15.5050680985078 15.5747912150501 15.546971346753 15.4215534738031 15.6347642176937 15.7462241493436 15.6204988868049 15.4974745454969 15.4581873214184 15.440552901876 15.5950559021404 15.610097230928 15.4795668951431 15.8434987345745 16.0064207114959 16.151744658 16.2422530283491 16.2045656920748 16.526332662528 16.9041609142097 17.0468016692963 17.169578838 17.2896500607275 17.4530154875569 17.5580099296827 17.5292867710629 17.6429969397949 17.9591923253056 18.189172676 18.3010806703683 18.3680408632261 18.4350010560839 18.4961735890583 18.5060556982005 18.46249619 18.4513530329698 18.4504321327458 18.4404169852307 18.42499238 18.42499238 18.4551080961959
14.9804545050601 14.7851699246761 14.7048008392842 14.8394224332064 14.9924609593935 14.5605676834384 14.5942658807108 15.1007138903362 15.6015584176587 15.9483742859999 15.6530214726395 15.5049412326103 15.4436574311389 15.3090862697784 15.1657464586012 15.0704971509083 14.8668223695821 14.8745415598548 14.9108832954369 15.2279916062141 15.5583312864558 14.9679294914493 14.2017381545249 14.7270898881535 14.9906443719768 14.7790815599775 15.3218819814069 15.1861815691143 14.9088629461296 14.7293261341258 15.1765356280365 15.5201875733054 15.6176740254294 15.5863039378397 15.8160564728206 15.7864617161985 16.0351685558265 16.4217264001183 16.4134735065116 16.5641659823129 17.1321280741182 17.489233108 17.418373801666 17.1347249375269 17.4360885632593 17.8801349620001 18.1854026542957 18.3029333607862 18.478511048 18.5745012962329 18.5838732037425 18.521161432748 18.5 18.4864631917289 18.4493208595613 18.4713587887098 18.5459720232003 18.56963903 18.56963903
15.4058951222538 15.2019099729179 14.8337622433433 14.7270282586382 14.8397665340896 14.8067258300335 14.823520469687 15.3227205602797 15.8927335887917 16.0858780959999 15.7156428380529 15.5730227458608 15.6666051448953 15.489382244 15.341112022 15.0654522542063 15.0011497401631 14.8057041154676 13.7600244831253 14.646629006243 14.984102070599 14.0367624980257 13.5633180532635 14.7009396650026 14.9453191123724 14.5816321910262 15.0005938047625 14.9395939422256 14.5637181051349 14.8119014658809 15.3518985164441 15.4738665407657 15.4987431046426 15.5547683555585 15.62321813 15.6269365362733 15.7212869141502 16.0161853979459 16.1345806242882 16.2841452231234 16.7411144769733 17.300978430327 17.6214077169425 17.6159658408464 17.5179336564877 17.7826332390423 18.1796023030809 18.378912530796 18.508872018 18.6 18.576842302 18.5232653196965 18.57678187 18.57678187 18.525052812 18.4904508238111 18.515327387688 18.5793898864351 18.6
15.9020284733029 15.773306474 15.58768745445 15.4678781719999 15.3117637056279 15.1503223181202 15.088447532729 15.3692114132173 15.8016258340001 16.0429677776114 15.9749034819758 15.8482934683425 15.8756089981701 15.750104184 15.6572372436817 15.5433346063123 15.3816719064204 15.1628293009489 14.0496285261141 14.327456328316 13.9943665746485 13.2810646198321 13.3625480470891 14.4179136174838 14.6333256467606 14.132130589005 14.750680810007 14.5876836554405 14.5239152588863 15.3092029340182 15.6386502546783 15.5210756129406 15.5 15.6 15.607446016797 15.6704840854473 15.6889090463086 16.0445262660001 16.25279277582 16.4944413915758 16.7367659666739 16.9716750336509 17.6108386570586 18.0681171697965 18.0295810547092 17.9723319455586 18.1874321522678 18.401729178 18.508872018 18.6 18.5962773328892 18.5887956093551 18.6314242464007 18.68392471 18.6756091139122 18.66784942 18.66784942 18.6796097128205 18.68392471
16.239218348 16.1935092621724 16.1570973195609 16.1475268389493 15.957231184 15.8404690791784 16.0041804206564 15.9577801784912 16.0915658462173 16.1848417447202 16.1502787766682 16.0009266358867 15.9 15.8894824656669 15.7618977795562 15.5602182323897 15.4214584529987 15.2251120439999 14.93478608198 14.3888743894919 14.2587224798668 14.185727712 14.1435185620369 14.4141656651295 14.4490685862121 14.0039826845055 14.5825780831173 15.0495012055274 15.3495094690209 15.714065357711 15.7161798771268 15.604745393825 15.59106755 15.6015749386019 15.6918600600097 15.7131540167574 15.8536774852329 16.1240749298445 16.240788250456 16.6051070037297 17.3075835739249 17.7909656397093 18.0839827403166 18.1928070065418 18.0465715001255 17.6029583469482 17.9061098473026 18.3138110680796 18.599939568 18.69106755 18.69106755 18.6634735924066 18.637443378 18.7406035763703 18.79106755 18.79106755 18.79106755 18.7244447360761 18.7
16.495812593533 16.423262242 16.6330136695276 16.5192933349395 15.9338797797947 16.3911138668553 16.385758432 16.2949177863855 16.2968352253644 16.2684514063433 16.1993298966778 16.1090365139999 15.94740637328 15.9 15.7679690839999 15.553683404 15.419698862 14.7098376130477 14.0499876926143 14.1087352836024 14.3 14.3311708397288 14.4495581372079 14.5104803158555 15.0267142357828 14.7737929000424 14.7078475729252 15.2330647781443 15.659873456943 15.8708880819218 15.9756371421986 15.9930662681204 15.8999477128586 15.8997575243251 16.1736249916328 15.9949177777954 16.0658945940001 16.3564800702469 16.5688483112679 17.0049467660002 17.65333955538 18.0152186376689 18.2302403460001 18.3700589683733 18.3935466427888 17.9556240699999 17.1564635747617 17.9174406713729 18.5019483845213 18.5350357289995 18.7 18.6994577385419 18.698880480437 18.744586218 18.8 18.8578183206262 18.89821039 18.8969011546684 18.89642078
