catData/variables/pastClimate/midhol_MPI_ESM_P/bio16.asc
NCOLS 409 
NROWS 350 
XLLCORNER 60.897278365 
YLLCORNER 5.843756025 
CELLSIZE 0.0892857 
NODATA_value -9999 
[rows 200 to 224 of 350, columns 168 to 223 of 409]
497.615717688426 511.385994840005 527.206329199998 543.239733676858 556.940466923906 569.358497427045 574.881870142139 578.129262234466 580.195428432326 572.471926850943 559.858962022393 563.726920785657 580.494064138115 599.880142883393 619.276129440001 634.876487748064 646.268903192317 654.595232416347 665.066172086538 675.897943324915 677.369005379633 677.394188454351 676.109939036356 673.911282841261 669.217081199999 665.03741076 666.302687823923 670.371844479114 679.767425273664 693.033643735814 709.980326357582 719.844608195407 718.185680834578 707.744374058065 703.907820745895 713.76165892308 714.862753476236 706.164526840108 711.905191564558 725.519826860244 749.010769790685 784.011654932154 825.388426193153 869.100708263104 913.994530718559 957.946989469202 1000.33128051281 1047.04889649602 1090.36424860525 1124.17113025636 1157.98435856862 1168.78609624137 1163.90137975525 1149.22239083688 1129.18761521343 1090.39297129729
492.100283640002 505.794665003723 521.074742704969 536.257182401255 548.714878940045 559.137283862425 564.37351644489 566.927946160001 567.873838134729 565.166509376852 562.113192802124 566.245526040002 578.730921660645 594.582113066785 612.685253475392 630.756820966469 639.22536240523 645.183284507996 653.334541868299 662.52727247387 667.9772433376 672.637543284663 674.568655466495 673.853015243397 669.475434110739 664.879554054137 667.803172325812 672.782561824983 675.9402283722 681.820668584454 692.352960319749 699.367496933257 690.840569588977 679.597253218613 669.609882213909 672.656760478063 694.254960207247 706.139570951098 713.789797486805 728.293810501827 750.987408155661 781.627775737671 816.69131556593 854.505505719772 893.912849262878 936.541782561036 980.670012349543 1032.55402507787 1079.11163187211 1109.9989316271 1149.57281006043 1171.16825056954 1163.25461866258 1146.41871478 1130.22816535518 1104.04587548825
487.149201618327 499.246549262306 511.959162709623 524.45292252565 535.697686188093 544.71107136 551.751980781085 556.522055153762 559.507897848585 561.587324778822 563.558514469059 569.006653390355 578.831640375238 590.857232120235 605.468574942497 621.090727339765 628.925295842619 633.705592739822 639.889533160002 647.658365930592 657.808645571423 669.944314383317 677.903236607842 680.615168556598 675.923240690724 668.100429494795 668.416106361792 673.893186448463 673.701254240015 672.10172638379 671.878863803984 668.707566666002 661.483875294252 653.723892526738 649.095384836045 649.39029948 664.143954585391 689.862498116318 707.524224518376 726.246137812958 749.723521079826 775.906877850426 806.153340441695 839.318146446581 872.843400845812 909.204488948176 954.01847613062 1003.10862364425 1064.35376720373 1104.60302406069 1119.2941710642 1153.88972340092 1153.44836192118 1137.40926348308 1120.02192808959 1105.27526548165
483.566089723406 493.27897675782 503.816157399999 514.680671000182 523.530359352322 531.258944897726 539.294053023225 547.441330127489 554.844698577532 561.332851959807 567.030992307156 573.416872881041 582.537052109855 590.055488609512 598.114163101123 609.489867406839 618.291374000936 624.608324171293 629.335822060002 637.250542347875 649.538766368088 668.951614579072 685.885588290257 695.298307373675 694.396680715532 684.245410524562 677.715388280133 673.898890955797 667.247494700328 659.210202356071 651.021630380531 640.243725504988 632.21676885472 626.949146319571 627.809738322867 632.458979251478 644.591387408182 667.807880348272 698.672070419766 725.300293350165 744.531273786496 763.933188491955 790.843632917015 823.867160921531 848.936794286605 872.679225893706 916.233208349274 968.467829273539 1039.14228852002 1100.91137496774 1118.3136994755 1118.11615558845 1124.12005485527 1121.19941633439 1110.22113669061 1099.45944401193
481.453201914923 491.356678790272 501.940921299999 510.588388197766 514.865273645377 519.287156403933 530.044651548588 541.686210945633 553.550598916619 564.107967007825 573.708800831134 580.572733678233 586.61769966785 590.696103070723 593.919921104215 601.154575959478 609.252334885049 618.674825794118 624.139063360003 632.268252955816 647.442845355001 675.330969045655 700.981792557954 717.550862339213 727.292044020254 730.973944485903 711.108462982863 679.047060991107 658.29544121136 646.434551199996 633.896253514848 620.105066968498 609.05489881486 601.755629811924 606.019570970687 617.314302941748 633.942767087685 659.053814214459 691.715519534034 718.102235460409 730.448449892723 741.407170377401 763.867091504667 802.555619860478 820.773575874447 832.718084175298 870.400092422549 921.292181541255 982.080360048512 1046.40760301234 1087.47902974851 1092.04677750084 1093.64459809448 1102.65058696851 1100.7564962 1088.87933696296
477.176676156908 487.869874500003 498.584158499998 505.635176883487 509.477977338507 513.744699971521 526.056688422339 540.963599367322 554.8515776 567.102581119609 579.78199857387 587.667285726946 590.133037480012 593.169207686901 596.709127626178 600.241312421119 605.288718207668 615.605959010821 625.674674873955 638.968811132045 660.914890312329 693.050127337731 722.347160423808 736.472151009 744.144901075238 754.073628489848 732.905408237283 689.126341012367 657.222915782943 640.081401381804 622.479309591454 605.749607272741 595.979163264716 589.930170953374 592.519855168411 605.983992241615 626.127736346118 650.069139666084 678.103442219851 699.960355470327 707.153189670709 708.275030714009 719.963164793562 758.341784403731 780.660107060266 793.916066706308 819.469989007399 857.199595986976 902.193203068908 948.9575301786 987.266668395151 1022.65222409069 1048.27575133309 1068.4413516572 1074.30298983567 1066.98256380118
471.850522311831 482.244732600004 491.776753612197 499.586745700001 505.110261338897 513.076822722498 525.473942700003 541.355992791777 555.587608002185 568.142755646045 580.690407580002 589.90036235969 594.110264125109 596.155217909161 598.833343203431 602.216932562301 608.181863002047 617.722654690644 632.038459078483 653.348688318281 683.460004858344 719.949170676694 749.302122715173 754.496454451126 747.866022316744 747.551500740984 731.573635487998 696.580225178734 662.458405763195 640.541191437464 622.051612262389 597.75842013399 590.659295020277 585.354724094548 584.709656320003 597.117610774635 616.63098016868 637.711956243256 659.583984417688 676.750338740084 683.901327891133 681.824497879999 686.171310622974 711.986136817944 735.838218343021 750.987773180235 766.085491020355 787.371888531713 814.241126280129 847.458651171434 883.981522702982 929.080008134316 975.174047297509 1017.33692642062 1044.54918875534 1051.75626834644
471.954136685206 481.528350186018 490.922135713177 500.199807064741 507.130022148441 515.435830629247 527.401805690057 542.002044112591 555.579340544988 570.364344335047 582.755441286576 589.87398503638 592.668283809806 593.436603555711 595.12414326 599.015903620001 606.797950461865 619.998967625285 639.412529101499 667.782116976084 705.606590353168 748.070984909131 779.290278685971 779.426209155165 765.7097334492 752.016885744397 728.96373686621 697.565111038922 665.783974556495 641.647754865916 614.644281092287 586.698593543085 572.181661117867 568.457936061264 573.35392485464 586.491148560004 605.079879540001 624.015344520427 641.267750547744 654.888733650168 665.234719877291 669.400031733292 674.080620639147 687.664740659506 703.771829485339 710.660366840422 712.950897633307 718.097200881432 727.728553155912 744.30956559284 777.739734974388 837.441310848172 906.592284795451 966.898537231609 1015.82367966313 1046.40169988765
476.925557862839 486.476942220004 496.846055072455 506.52242361595 515.531457560003 523.26600314198 532.727901947356 543.868888580004 556.289887683301 569.789826657834 581.749555876605 590.038750468487 595.730194318201 596.812938416842 594.513489407939 594.812158983219 603.222060449714 619.614212660931 643.971858003014 677.50954668881 719.938489195371 764.868730570788 791.903073811758 783.233461854909 761.920404142969 744.393107625656 720.477968679992 692.451156222079 665.759201139669 641.090703448538 607.677096799084 574.149573762565 550.892629098006 549.277146960581 559.509449656186 575.705906604568 594.542280619919 611.4288899932 625.466368477763 637.822232146638 649.005573957847 658.779553806048 668.80420083916 677.629856085156 685.837954170389 685.905680644524 669.405061146258 658.405596058217 650.512841086526 647.306622890841 666.510262011908 735.375889345801 840.680054589976 921.404735515588 991.674701243032 1039.57874429467
479.40978256413 491.01631209978 502.609595931732 514.884226843579 525.174313160003 532.834479740001 541.248774721776 549.190694516171 557.754128328789 567.762938310707 577.787093767016 586.913162076677 594.443286980002 597.592638346083 593.440051812254 592.321525 600.040628502438 615.187383830595 639.864364182518 676.830417371687 726.494330079552 778.363234260738 806.133377365469 792.231200359037 764.082015409091 736.658072085819 708.37041264398 683.977642559286 663.02548155851 637.741447836896 599.460002743036 562.321209004759 536.811885034165 537.04909182 548.081495700005 565.061981040005 584.287495014464 599.746472654771 609.995147045543 622.036441439997 638.284552974749 655.578322195815 672.042058407667 676.019472978356 677.073130244664 673.08728562718 640.581774902996 606.994005707665 585.900355967173 569.637602461729 569.163299572682 638.615487720594 787.540573203227 890.111172472523 970.821225852094 1033.88108461325
480.008842144002 494.918668688521 509.631521013029 522.563535619184 533.82569093265 540.364284868951 546.963596016305 553.763835660003 560.274281199842 566.240666895369 572.993191410854 580.834648220001 586.693430501824 588.600958259102 588.462916774412 589.15366981724 591.666758787529 601.631466160002 626.259807481767 664.528950780002 717.544859220992 787.902134431999 833.450201280057 803.469797846024 764.065174433719 730.123578122088 700.121234199992 678.926840181194 663.47004377735 638.163766068349 598.105931620186 557.865322063953 534.588035195371 531.507093291343 540.588070555004 555.341179497989 572.040747962315 585.768187922986 594.435330214814 608.138103093433 631.073894890716 655.791774838207 677.594755631494 687.834627768355 680.996934512061 659.702170114315 630.099831928311 586.285930435553 544.947107796621 537.362722410144 537.130223799469 626.093427256722 810.44828793261 905.452099708418 962.706338037326 1026.18561490462
481.220928258711 497.083249285795 517.780220061723 531.995267450431 541.494246819287 548.817761080001 555.018882191722 559.507838596112 562.094252382724 566.227468836453 569.572266654911 573.65358288769 578.772091175269 578.701449100699 576.601767631469 573.654143744946 574.249308026738 582.669094044483 605.026578990981 639.640046773245 692.265497571264 758.518347013479 797.696271004741 782.681626032216 750.790185566223 724.55062249744 703.05220554769 685.173984842739 665.703533396565 636.67003516478 598.004460332469 556.534882056333 529.012344200923 529.471542559458 538.873465068867 549.337231201278 565.098605080001 578.236553992279 584.739652923341 597.187524460002 622.628124863659 656.855310042856 688.297868561703 705.074654413557 705.614235233669 670.114312051807 626.20289092666 562.565037510268 546.546016230027 563.604573047187 583.842876914933 669.512628837379 821.449075031349 936.447101943964 977.287672633771 1018.24852808788
487.418867659578 506.407433901186 525.513383760869 541.494909229612 548.75058438636 553.784093995923 557.491923754274 560.093700845249 563.10683948 564.998436313989 567.08912818 568.192067436987 570.016342055623 573.005485317273 571.645261657303 563.971022099141 555.227557676669 561.894196606459 582.279352592415 608.784512851904 648.705574707747 717.428309059091 778.158439239339 764.674520590765 732.052360380194 717.815349144773 711.280383904563 696.470268728001 672.935996451945 640.43236182365 600.839207488589 562.554769936121 527.324406716951 530.798617158444 544.233681932368 555.27364237034 568.971550842397 585.18023888629 592.68935997253 597.609072858836 617.669303470084 652.615864396549 689.275787175317 710.345413977146 721.244814845207 700.580216875478 648.216947026792 613.171320553375 614.848750142522 644.35214109795 643.15335532851 702.656110220762 804.998753112864 902.026641547023 949.924308033444 996.015811681096
490.098443329081 516.299005266773 534.745352717682 548.476556154008 554.438469043145 556.675175719705 558.2499022 558.212038945402 558.452615768251 558.888573262199 559.26740758 560.854010676797 564.018347398938 568.9082683 571.85634016 563.177642379036 552.534065840633 554.817319377229 566.892625470649 580.667724815871 597.310832686284 639.729212211402 702.816044323064 713.297929328564 700.384724751041 707.207965829882 725.803428621891 711.99720314098 679.856447419993 648.172196871542 616.714043317996 588.50582819929 573.781688242283 563.652689065685 562.701766380868 567.730445525841 582.991834635874 597.267147094327 607.228389780002 608.946862827502 615.963880374705 645.422439104523 685.967093165117 718.327455080437 737.007902553553 729.337451350755 696.46655863244 670.72675039806 664.243980295409 666.369393965655 689.609172613625 731.232731968707 798.83182805351 873.123485043125 935.994632241424 979.905319887146
486.87025156953 516.128163040011 537.226588284355 549.918476464791 555.694506235076 558.735955111447 559.319900015939 558.655570104491 557.821723 557.19264612739 556.92817128 557.305903023484 558.281680628691 561.9050168745 564.799949089852 560.84449583665 559.43723050085 560.467997500573 566.176248152474 570.983864822759 576.217140749283 593.972145160261 631.326975452551 656.581165762307 667.956253678523 686.704351671347 709.198037375727 702.538804750637 674.538768563953 648.729762540089 630.485784509477 624.446642546682 638.01461297735 605.92073928883 580.960714444728 577.047813062684 590.618587601816 607.198042278897 616.106117439921 623.09277873399 629.101076301932 653.489703488717 691.17824682939 730.747297260012 758.633897013494 752.557586641311 729.239627617712 714.997046826203 707.131516985273 701.993721811641 718.686562173987 756.717571154419 798.981275417906 851.040097576727 907.416931444152 956.645823719541
477.900765812214 503.105250226498 525.607593925205 541.403085291604 550.527896155028 555.3931526 554.929960239999 552.624798687163 550.45641093511 550.351597136027 551.57142288 549.898765878177 550.503425443681 552.125396964756 554.946047145049 556.354572783972 561.007847473973 568.005086108925 575.795304361332 580.22980674 584.415992908377 595.416683609534 614.860653945166 631.401888260275 644.024452530725 660.466957348413 674.701605363797 670.917645099999 652.603262024615 632.857201836336 622.05971038 625.885220488991 645.552725682899 617.986389396656 584.625145901131 574.19227725624 581.148332334789 597.838203358239 617.215922706716 631.036383099686 642.190547980005 661.631901100469 692.071673860435 729.074780103761 761.067443785743 761.315782243739 748.645103786666 736.995255717185 739.244275227177 739.640667144602 739.589981609916 762.80994777067 795.840437621475 832.691555458398 878.34823622778 929.886098445947
473.746173874413 492.12694986055 510.67119898663 526.79209390561 539.097158738939 547.824975900265 548.579955671197 546.091720179998 541.297894406163 538.082340312049 537.890550301394 538.553117109259 539.462953444034 542.054054941138 547.266334440979 554.45817543913 563.243905130027 575.226425211826 586.840937049541 595.175470429101 598.332345748911 603.908604184197 613.052974504249 621.630658224579 629.792643433786 640.998133970836 648.080827349474 640.144359980371 622.096119493917 604.789129592202 594.310010979999 594.241485175296 598.478117897588 580.650246517122 552.527504979994 541.255807755028 542.434056164374 560.207491263772 595.010982226485 619.153919942766 633.590187697194 652.882495400001 680.979183940452 713.365722521968 738.632782063309 745.934837092122 748.246156270077 748.552522922565 753.280018056523 758.567586988268 757.664673375212 767.323883490385 787.668119188147 812.670485385847 843.326717062969 882.714644632914
466.285230301037 486.173072566994 503.332130263802 516.13617419796 527.780746800003 537.33669836003 539.52487109578 538.357691272952 533.71905856 527.377038259999 522.370798086333 520.501967183522 522.61362449368 529.364883068067 541.659729349848 554.509158465292 567.958440381423 581.320060222816 597.351358000004 606.981641763185 610.159169860001 612.713331149429 616.464255494699 620.764176249769 625.432755359939 628.892469457743 626.079746015623 609.904337855669 588.103570900612 570.202448515387 560.091609394758 557.37032818278 554.657789638369 537.362192110662 514.848444379994 502.451185272949 500.572266787525 516.616251920378 552.469179122324 585.492032507512 611.423070992031 635.087830285378 660.202627731504 689.762367973178 713.017100658329 726.743373963246 735.483028638563 747.536610688837 755.823682832968 762.285950874191 762.68380989654 764.292259657225 773.609411375876 788.522572752306 799.663464878942 812.156598615063
457.882598977021 478.632338800008 499.081148570454 512.157610631977 519.745118186022 526.89854566158 528.1432552 528.727599436594 528.339652145527 522.8188971397 514.380622899998 506.957111268576 507.512945914658 515.59123782297 530.267829374907 546.820357910585 564.78081543282 582.381942267957 600.97292877155 611.919442349114 617.503209723341 619.275232973625 619.171527237273 619.764799320921 620.108681086092 616.674095116433 603.488024063498 579.004868751021 552.811369612767 534.068420264788 524.94409281118 520.951314980137 516.282782712492 505.552361375333 490.008732405265 478.476419784693 474.837944768915 486.395202803986 514.165072988375 547.563033561667 580.520129080013 609.997855506836 636.191359273184 662.382785613886 685.362837771683 705.125986950596 718.663448108279 735.42699101357 752.181431658592 762.278485584234 759.634199238827 752.085604614828 751.251462280128 761.985280676072 764.634704616001 761.158004457652
450.833287165717 468.747808653032 489.305348755492 506.093426381152 510.801438900001 516.121359109186 520.1253495 521.672909060118 525.894278395845 524.467897161677 516.720715370779 505.699970815991 499.833084601942 507.528266587835 524.738973649994 542.782946282837 558.65785379157 578.733510455825 602.22100458628 614.693067178615 620.930016476497 622.719061556786 618.520939346259 612.705041705373 608.662562739999 603.376189216147 581.814564301232 547.813202901831 519.654287754755 502.799188864977 496.004466102805 494.348846161701 492.468279011292 487.948598617604 479.895330891952 468.22009616422 458.567450672138 460.515128306107 479.573397654541 513.281876670796 549.874546634846 583.592930401458 611.897991500004 636.934807540006 657.169347522546 677.272627051309 697.341157716236 717.328476924481 737.960569699597 750.420597298815 751.104212528327 741.893489920296 734.839011399964 743.602628894563 749.969843732823 753.552841925877
441.860308096367 455.602893642968 472.857953524867 490.19952183044 495.041379266631 503.096922598094 509.790073219063 512.947398841939 519.966241424811 523.8632311269 522.102935136399 512.390354166867 502.958548527381 505.779598152043 521.577843210743 543.472975602337 558.894343175612 575.503779823302 598.26489387356 612.711769571073 621.590894239304 624.412861179999 615.446740449687 596.375555872622 581.233876085995 576.295001687861 557.966830542737 525.922005027402 495.016335610802 479.772621217754 475.774593028046 478.257502919144 486.29354170967 491.23379698 483.590147602732 463.617795730323 446.818268229414 441.265904999583 452.420498431359 485.263174160878 526.419604691991 563.243944669834 592.076266100004 612.741197718355 629.898834411712 645.625696375585 669.18345401615 696.940070649184 722.013999119789 736.50807616133 741.312698951065 738.726900470441 735.254023311282 741.777246184612 754.501495162184 771.643203349572
430.91877078987 441.006436114115 453.145481984698 469.171043890824 475.814651434354 487.724130373649 495.127532330575 502.397094565639 511.154169620715 516.440746754813 520.038504091019 516.181045884666 507.807802259997 507.728176063079 521.057121732451 542.983627352032 559.884581000001 572.160610143875 587.732687907285 604.355714655217 619.520440008072 629.113875062283 614.927998094973 572.046093983142 536.638384801376 529.303390944874 525.503993666561 508.01368912868 480.456707044577 463.855932909273 458.382881958667 465.869983324625 480.759153891525 501.153442527471 493.153355625495 465.309065346628 442.009828594052 434.001629546048 441.910318027665 473.106672848417 514.991545438099 551.945279088312 578.267619245569 593.324381494513 603.117894097772 611.400199260004 636.519616789967 677.618880954564 709.064293680579 726.275746415911 733.656511207156 738.738206578307 743.112427262493 747.106106645942 760.771565026778 782.658318434539
421.664085009216 427.274180207013 436.751083717661 447.787606339282 457.032763349486 469.669587543824 479.637536056096 489.886925677214 499.378847340636 505.312519858062 509.73544285506 509.377808577448 505.617495699439 506.65917154 521.545894142843 543.363487380008 557.283190141595 567.315510885235 577.373265684441 593.608676587489 614.57558837174 634.024611980687 619.791955121279 551.653443062385 496.804692133728 490.014412707721 496.375640622519 487.711980462968 470.083147695526 454.383061779994 444.264707715673 444.596020220955 461.933475865238 491.241831185679 488.720935265482 469.56114999706 453.722074522814 449.116230623978 457.67543070248 480.769594395873 517.427526604482 552.394889396286 572.234305912415 580.751445779769 582.871881855224 576.797582801783 602.52040309235 658.594966618398 696.183739211476 716.514406969163 726.304779257341 733.72133705448 739.40945414 742.171707749058 751.931359769811 775.386420655611
416.776700738438 417.345967294012 423.578373735155 431.435563384064 442.845104955108 454.255641668596 467.278739343284 478.637894800003 488.22881986 494.391174520001 499.11103264495 500.174759305366 499.627890937349 501.99860944 516.584319933385 534.658723644839 547.17309588 559.48269171147 571.885377320005 587.039868747796 603.768136165297 619.222765094191 603.005905749556 540.334955625875 492.037083555491 481.610982603174 481.995846261906 474.992002356106 463.771186362259 450.868505505734 441.450379666572 439.20149688519 452.975547347051 477.947325318146 481.755844649532 474.930526689072 471.745669653659 476.65276249343 486.171019820277 500.074973786664 527.741823520379 558.702043704259 568.387595600543 569.667491306475 568.180790261756 566.889239898622 594.401794840461 645.879659819628 683.511887637639 702.07529413759 711.507606901623 721.777752332242 729.99879184 726.201257922645 723.256364357227 733.556055260687
410.539838650379 409.6253555 413.577889498216 420.994449280002 432.691422300004 443.886209640001 457.351586480002 469.110227724612 480.017864182704 487.319544520001 491.180377630323 492.609500383165 492.594995971674 494.82014044 506.35161663275 518.195942068668 530.7847810353 545.474176252044 558.999644576072 569.85037232 584.279727246364 591.596652329834 576.067977306712 537.726759360067 502.605013741502 486.22877773208 478.554038283597 469.773012779999 460.789699992439 451.870596971852 445.838433869121 447.3548192671 457.784935568067 473.535004939937 480.286127000084 481.638167307393 487.130736170838 496.494168720002 504.723752029039 513.310866318013 526.839652411468 544.894638621157 552.694251211884 553.429384 555.844504160573 566.462564482581 596.506304194405 641.076714936966 673.847902658032 682.038301977347 685.887984635425 695.307030657367 702.582241161938 695.506310275582 680.180862846766 667.256754160989
