catData/variables/pastClimate/midhol_MPI_ESM_P/bio16.asc
NCOLS 409 
NROWS 350 
XLLCORNER 60.897278365 
YLLCORNER 5.843756025 
CELLSIZE 0.0892857 
NODATA_value -9999 
[rows 125 to 149 of 350, columns 280 to 335 of 409]
1232.9543539955 1201.49249051195 1141.25466656628 1093.08601783922 1096.89124513891 1122.02978674005 1153.50381089908 1187.26814176001 1220.93865870516 1249.82544984852 1256.76765423153 1240.56166224481 1238.78016155706 1267.87739563008 1304.58428222378 1340.98118112001 1380.5514203708 1425.9306223596 1475.02223889344 1528.2127084173 1582.34002850616 1629.5611891533 1661.56717923542 1675.01667346249 1674.42413223912 1669.18273487829 1664.77602390622 1660.40509492338 1655.19203348259 1647.45467900014 1641.38547113604 1647.09397378163 1669.95923306246 1701.86437550983 1740.12237583617 1775.43379642001 1803.4363029356 1825.65435060683 1850.29348466113 1876.17260040473 1893.59193314722 1896.62390319455 1882.51251927973 1850.66399773243 1807.9281145286 1763.28528631284 1759.43447869147 1797.2827972092 1830.51630108253 1906.07855365484 1959.54661043735 1947.70691278987 1947.36340377873 1937.85117554877 1806.11279817031 1843.54013688647
1289.82194065882 1267.93312561007 1171.60445988702 1085.5126766268 1091.22772751987 1115.27236683561 1141.92830071191 1170.84288383857 1201.1922333787 1227.91243012848 1240.04868518814 1238.7692433918 1245.03031846219 1269.35812652277 1300.46710228229 1328.03538157717 1360.12837363283 1392.03691254258 1409.40391110637 1436.24023458632 1470.12235131215 1506.20215234109 1534.8497128 1552.02659840925 1560.04197569959 1563.50867122182 1564.30847964529 1561.22577496517 1553.11624831426 1539.54454848673 1521.74651771068 1520.88154090133 1553.3637996155 1589.91096797368 1634.52327038942 1672.45255590181 1695.13379534581 1707.04744783939 1731.31121213453 1765.26062166239 1791.14461488238 1804.03481851584 1803.69648931161 1790.37841680131 1774.23156819422 1762.845860769 1821.5917521978 1884.34812157983 1941.76560685709 2060.69344733541 2081.50486118778 1989.32734538829 1972.65464497727 2115.08679572785 2103.29675490476 2176.53095532403
1350.87565559928 1351.23027315586 1229.81297825727 1138.60963820786 1115.90038736842 1121.79514445547 1136.25520524578 1157.19303384078 1183.77040664 1211.07927465197 1229.88270573046 1241.83235962536 1255.07531113037 1275.98119836877 1299.6772029808 1309.56398332113 1321.08382774847 1337.00320033484 1340.68485500267 1348.8557185269 1368.40026957142 1399.54585493722 1427.9953309317 1447.07779644891 1458.33613858793 1467.88125139031 1475.42865656871 1475.94197964237 1470.53441048275 1460.53496692927 1437.60014815806 1430.44440300983 1489.45228921914 1530.52251874328 1567.47700705141 1599.74879114855 1619.46538804362 1623.78599502957 1643.05297354985 1679.81991491598 1709.83395136424 1730.638061513 1740.65462983473 1746.95123113493 1754.87345300986 1786.18330019016 1842.98963183984 2080.90065998619 2180.04613360315 2358.25253627484 2407.29207094335 2195.2577150917 2126.28120547676 2212.71191915581 2308.06614393357 2700.16491684221
1301.59721078632 1307.4872365989 1237.19984462043 1173.68550923403 1142.74099393655 1133.60768691783 1136.49666958045 1149.92058934135 1174.78475391107 1204.28329563189 1227.39061040249 1245.50455908691 1260.61830538741 1274.0796542374 1283.62017276458 1280.81805808448 1268.89725039387 1274.91944071714 1279.98483642936 1275.19898065179 1282.54950795699 1317.15227925581 1347.52714423024 1365.90109299814 1377.39177691609 1393.33884098317 1406.53318277658 1409.38062813119 1408.5631336066 1415.19991019985 1437.71384011765 1484.96314420268 1498.10516486162 1511.13725923723 1530.23497387338 1550.55751196119 1566.56931454175 1576.96671206456 1593.83176743734 1620.5741895603 1648.02371076137 1673.34905502871 1691.84022564864 1711.89397276751 1733.86513426273 1780.2095297685 1906.77487582541 2258.15206960514 2470.12069803562 2702.97305165035 2700.05392136952 2520.2395436559 2477.86533643725 2433.53506043376 2498.19041088948 3002.138891565
1218.43757061926 1217.02201375955 1196.03419091618 1175.88086344713 1153.75493304496 1141.82952440212 1140.46425410547 1149.00667359052 1175.86936899361 1208.65635913695 1228.8843337444 1245.47133810474 1258.93219059034 1264.23810675941 1267.98703377199 1266.45462763033 1257.25709459385 1255.33356478382 1252.12393334784 1242.46464403254 1244.12398342235 1269.07968444662 1295.98792224 1317.5096339227 1334.52290625635 1351.32427499467 1360.96903275252 1358.60258078138 1355.92217527273 1374.86422346 1429.17592158151 1491.19387083028 1494.92345049637 1495.04663128492 1502.2784638137 1513.12958232408 1523.8231010753 1536.42235344 1552.80806578772 1574.69599575442 1599.10216429243 1624.43411802 1647.94009591804 1677.26596316846 1714.216720412 1788.37151610057 1871.74077880722 2120.57699747676 2501.44700206776 2968.7556164742 2940.86272995963 2642.51284293989 2485.18445753637 2489.91241213391 2511.44892526055 3053.10693959075
1145.20607524687 1124.86495610341 1126.49755661612 1154.28188910257 1148.28534243454 1142.44493965467 1147.21496274629 1164.6391355962 1198.76555444758 1225.81412459976 1228.46061426233 1229.0237914773 1234.50981886733 1242.36809650869 1255.52740992991 1267.10121455478 1273.0528991608 1270.2508102948 1254.47888708861 1236.30899130426 1232.43653491056 1244.45289425828 1266.806901601 1291.76471764524 1316.93306571094 1336.24944776571 1338.46378369375 1323.21398052918 1306.9157738759 1322.84847920002 1380.21106858462 1435.58289692195 1461.22712475734 1469.11009465848 1473.60305125288 1479.72979258 1487.50900776469 1499.31514724 1514.69398200825 1533.86565125241 1556.19366040832 1580.66370708633 1605.88994837981 1640.439308602 1705.53741642893 1781.12289382052 1883.05503662433 1978.34848498235 2245.97619812263 2776.15216969598 3006.97064853445 2986.06738398434 2822.77048963603 2485.52090270866 2343.76702790618 2776.24444255331
1090.51839904322 1035.21722066121 1029.45358796757 1094.77382763876 1118.31841517595 1131.55089553349 1151.86472697352 1186.35199427563 1228.36731947616 1242.39080645844 1220.12844279159 1194.94779638318 1187.66659549105 1205.64374062036 1240.32413192714 1270.6411327668 1295.14608992288 1302.93288446813 1270.77909840174 1236.99336305215 1223.98348722018 1229.19324462495 1246.65149033985 1272.39545014001 1304.77855774079 1332.21890853953 1328.8996775781 1302.49861086 1278.87930417986 1291.07450041601 1343.50717495444 1396.5817762575 1428.54180953154 1438.89562678902 1441.76757933227 1446.16653956777 1453.35785680122 1464.25483354204 1478.92115080001 1496.28570698281 1516.38444789591 1538.25763445753 1564.2706141983 1598.48693274468 1676.91441116333 1746.23329447181 1815.48698822409 1908.95754919804 1955.33915341765 2042.31916632201 2198.08191814132 2293.3410157278 2404.15733041711 2566.80773839555 2622.32229390124 2926.94714767602
1069.41680170689 996.056006445088 975.470424173771 1034.7583831092 1084.46952255902 1114.98419364426 1143.95876025945 1186.0177068527 1239.07989862331 1248.27023360994 1200.24394881536 1150.72493463503 1133.04470193769 1160.94236704562 1217.00006558236 1264.38996150329 1305.5492491587 1325.71771605451 1272.99041911308 1227.97616130068 1215.99133109837 1216.3600096616 1228.2632790734 1250.14974320027 1281.02001745683 1309.6718824932 1305.99009983192 1282.93465796026 1270.23632201563 1282.87950395867 1322.40886966243 1368.06558611994 1400.69087221141 1406.23204039053 1407.32868018416 1410.84681471773 1418.67604199356 1430.35092363653 1444.23078657407 1459.57524690467 1477.33632372291 1497.58277176587 1520.95153541294 1549.58402457415 1592.0554572502 1649.84731776031 1716.19518699269 1786.90653292997 1839.94866550896 1900.69594874055 1924.5349989859 1966.30610299756 2013.77338566253 2155.4639061335 2540.70686064242 2985.2267947688
1074.44628465007 1021.49626986605 1006.97456949135 1038.22434625677 1081.75398133755 1107.59762897778 1122.60766631964 1150.0375920774 1203.0231668222 1217.19240123821 1165.97895930614 1113.70079027374 1094.96544673943 1127.78662111127 1192.0807955782 1246.40677539022 1287.10261541207 1302.81885070035 1250.52977030719 1215.08939185487 1208.90139869893 1204.60747295551 1210.34924482925 1223.91702918188 1241.49727255696 1257.35226432293 1258.79338490881 1253.55919319108 1252.83844581323 1267.51795329734 1298.43993864602 1332.21946834335 1359.21936067449 1363.6162417172 1366.41592265787 1372.60226318198 1383.05249059304 1396.6099442551 1410.99366304 1424.6804596304 1439.87833655875 1456.70298368174 1475.06485232393 1498.94369814519 1528.31019267634 1564.95966021091 1614.08103371146 1669.62393011811 1715.44383843581 1780.14587898463 1833.08617881842 1897.24302750749 1925.70579808964 1960.42800337859 2037.30247477021 2189.45353436661
1074.62801211965 1048.45605470028 1044.63246573579 1063.68436497713 1094.30281308149 1101.56300819314 1094.20132501226 1095.86737512405 1121.59065409381 1138.33065859888 1119.6302634504 1092.98384703735 1084.79385838901 1114.6402982868 1171.2299312875 1220.97602352001 1257.68055470483 1273.58205295189 1251.29699891121 1232.6222959042 1211.98851899076 1196.07157 1197.9839239808 1201.95142276948 1203.82629345141 1206.81415830985 1213.10269847729 1221.0200913199 1227.36355374326 1244.200454724 1264.14975025107 1286.55677782103 1303.60434804 1312.00416996967 1320.00227368385 1331.29699314062 1346.41428183738 1363.17243057366 1379.24237234837 1392.48002061693 1404.66958017557 1416.70798431504 1430.14764227282 1447.70613785244 1469.8572096336 1502.22913759131 1544.383649021 1591.03683470036 1636.21880743857 1675.8416011104 1714.32479802484 1752.1492095884 1788.97929565987 1828.20636295343 1866.68741468648 1906.88902462001
1060.78915962949 1053.49614673739 1060.44264237593 1079.38502093297 1095.90048591315 1090.24226110654 1073.7636186716 1060.61726048843 1061.92957701314 1067.15391371075 1064.36755480057 1060.38453748882 1065.83993693533 1092.0391523954 1137.34671140669 1190.21146149677 1238.0844922791 1262.2561798029 1269.66671234 1255.57984351927 1234.00328124624 1214.39721633697 1204.23477483075 1193.02325196484 1181.46362067207 1175.39345845218 1181.53236394619 1191.34081079068 1201.81004209198 1216.26738077664 1228.25642551859 1242.58898581984 1253.20682199686 1260.51375205139 1272.08531585043 1289.88062517126 1311.50933635215 1333.31456059055 1351.74162475021 1363.95053133306 1372.45311196856 1379.91179451669 1389.59135192197 1399.98256983088 1413.08898854506 1440.17810744219 1485.68317737537 1534.03003342 1580.37478608659 1623.52199799028 1665.56644362183 1707.6811683905 1750.76774392521 1794.70586991495 1839.04749927466 1883.20550320937
1038.05760539297 1045.38654607689 1064.81925200213 1084.87785596519 1098.26293243405 1084.80205836883 1061.87541762879 1038.13370361229 1022.78648836786 1016.24504045912 1011.42376565909 1017.93495291325 1038.02903855239 1061.16281978755 1097.7162242885 1162.08897482413 1234.21378999157 1268.59185961701 1300.62971838724 1281.27665814 1266.62264436161 1256.24558448883 1223.6887569193 1194.56596227755 1174.68042942406 1163.67356909873 1163.39347612273 1170.02091529467 1181.63659256 1190.6683198426 1198.36516478395 1206.32454436787 1210.61219842783 1213.15276890926 1225.82766480299 1251.79585035766 1280.65792556693 1308.20294388697 1330.66081980159 1341.12769686758 1345.59890854377 1348.82988871834 1354.41945680373 1360.10764272372 1367.4905403837 1391.62604017457 1438.34325230368 1487.22251912909 1532.33145038909 1574.80717065455 1617.69671189094 1663.06341029644 1710.39550024194 1757.19092744 1803.26234864001 1849.79097408551
1007.78653910146 1026.69094012697 1051.77286712 1075.48579516128 1088.19862714555 1078.52612517419 1056.63753174655 1024.80577320899 995.738630309744 984.309792658864 987.452675426435 1004.43149220012 1027.37480988551 1041.77868888042 1070.10702248588 1150.03048732176 1244.63625164868 1306.97575546952 1329.73342350989 1290.69382357973 1266.20023956666 1253.48486713695 1223.36887127714 1193.30302248804 1171.6101322953 1157.27476277396 1151.94651549994 1155.95123159865 1164.48328607161 1169.92452820599 1175.48139386966 1180.38625020665 1180.77069103398 1179.64828682132 1191.70206930703 1222.79860738402 1255.42412164834 1285.41390256001 1309.326663299 1318.85678896 1320.74035139266 1322.01814618 1326.3015721 1332.61112168801 1343.00301441401 1367.225125308 1408.87360482668 1451.195985796 1493.10160100268 1531.26975177535 1571.302526134 1619.44284386001 1668.61164814068 1715.868873126 1760.3878452307 1803.6968363267
994.80894863351 1019.56615993179 1044.20664615912 1062.79203803354 1076.6275215882 1077.94323657315 1061.96086737455 1028.37409377492 988.470698981119 974.089443133956 989.29125661509 1011.04009293556 1033.77802580243 1052.5398733016 1091.46376999748 1173.94410060187 1269.84994722945 1326.8026733123 1334.07265426684 1286.51151686997 1241.314346145 1225.69664633406 1208.71534853472 1187.07553768017 1166.84970726 1150.78095409591 1142.12419762589 1143.58779432527 1149.79059754998 1155.18745236268 1161.24168987534 1167.116156716 1168.69969386329 1170.91706757327 1184.00659337817 1210.46101162819 1238.97493596352 1264.69897943628 1284.31306231355 1293.57016126782 1297.01400008386 1299.16904351459 1303.6585749 1313.45018885964 1329.69637822284 1354.94804699478 1393.3595382748 1427.44105457562 1462.9637895368 1499.19742045587 1537.07395777737 1582.22923749527 1628.69518693847 1672.01396456098 1711.4269908242 1749.0993717609
974.230561976955 1008.02757601698 1045.591094271 1065.30660615544 1081.91644238035 1094.1442064726 1088.21816186338 1061.2748700176 1029.07443201853 1011.36107062222 1017.13428027442 1032.15297929276 1053.75614169719 1083.95907332608 1135.34554531251 1214.83554661228 1300.97422417465 1337.9532429573 1373.65848340986 1309.02541908508 1248.19281971044 1218.14119662321 1201.16746220535 1183.38510327743 1163.14204606716 1144.50744617378 1132.50230458682 1133.14777111338 1140.61260286473 1146.4974044 1155.18183900101 1164.26786490661 1170.90670045154 1178.28908388729 1191.32100194233 1210.20066839789 1230.7438615145 1249.72539648059 1263.99432764334 1272.49190848121 1276.87393674 1279.97062153918 1284.7477554 1298.28691638861 1317.75693021227 1344.12820735415 1376.76640952056 1412.08699734143 1441.18384705377 1475.88328258214 1513.08570951974 1551.48216256771 1590.31372585384 1626.67586073795 1659.35440472404 1689.15985870016
983.539052199065 1010.86714099492 1047.05069043366 1069.10318563139 1092.41565437932 1115.51955035252 1113.92757068051 1100.32792734609 1088.79067793535 1073.18124341965 1062.02228731282 1063.09226662724 1075.74206583204 1106.20043283502 1164.58705712235 1243.29071378873 1337.05440862054 1424.88253587053 1433.68649617148 1350.49076743931 1281.68394783245 1233.38598971223 1206.30500696867 1186.21120091185 1162.55977261925 1138.70397630492 1124.08277043591 1125.03867140939 1133.04926894 1141.38637832006 1155.17687814666 1169.64804774258 1180.88936893192 1190.68971638 1202.5788513471 1215.44907608054 1228.83320386236 1239.7875985249 1249.30256154434 1256.78279448 1261.23093714 1265.11144786377 1268.71363662184 1286.43785847197 1310.30996969882 1335.24731099004 1368.15615319804 1399.0753997 1426.19610097524 1455.46780952241 1487.42098397369 1520.43232459555 1552.14839232458 1580.03332439988 1605.07501330304 1627.09129101302
1013.09088979537 1024.25819307243 1042.17057168457 1059.52539142785 1081.26005113686 1104.00424902419 1113.05349320291 1114.61686995685 1120.75693488261 1114.09712175636 1096.27424585471 1086.90510252894 1088.42315107256 1112.13800100768 1170.52121352412 1245.95015829705 1334.55387203571 1411.17967732868 1447.8270771013 1365.2277902046 1298.1762217218 1249.43328685769 1216.46469087671 1189.79401178687 1159.50231543703 1131.75484833786 1117.82047118754 1118.04194312918 1126.33790324705 1138.53793719476 1158.85140954196 1181.99241003197 1194.74007618722 1206.33589786476 1216.84192518624 1225.93881046887 1232.06282417888 1235.841213411 1239.70550032281 1244.72911578 1251.12224900015 1258.94335539342 1270.57824968995 1286.10518194184 1306.96789820018 1329.64226577492 1362.94724660761 1387.00463819094 1416.78151334104 1439.23410679121 1464.36641748137 1490.64158497154 1515.4731923617 1536.32208433186 1554.40254608203 1567.3102913183
1010.29615572543 1017.68099372568 1032.76546947542 1042.4305409672 1053.6138064389 1066.15077888474 1084.63168828906 1101.93813194212 1111.11655620033 1106.53698300438 1098.14772489203 1092.56871625979 1090.62794766056 1105.10405928072 1150.96688807701 1221.62464925578 1301.31440387149 1366.02404405823 1385.24202173289 1344.76768969864 1302.06629924468 1259.69160517086 1226.36285233479 1189.88933266435 1149.74681531482 1122.11140664351 1111.68212847308 1112.18035000143 1121.83301958 1137.21007741472 1161.75703906468 1190.21224817302 1206.50300424753 1220.58986150766 1232.66799508719 1239.3652300891 1238.85722659196 1234.50114299027 1231.97135840286 1233.76597502 1241.45842312494 1254.85288055294 1270.71323613091 1285.18678962663 1304.86129944684 1326.1841621752 1348.52646513447 1380.65660693779 1405.8932194826 1425.57830827667 1444.08406255221 1462.50816104662 1480.31698690719 1495.79508007177 1504.05433986104 1506.10189164878
1004.16860707156 1011.7147735717 1024.68493859972 1028.73494795897 1028.4520001749 1037.71829201698 1060.66337603346 1082.7917522368 1093.92000522589 1095.33000522056 1092.77595600134 1094.47279046385 1090.92852725837 1096.90357726 1133.04831337368 1190.6406162072 1251.4289190377 1300.26797713261 1321.53678827932 1308.58337225454 1288.22528379755 1268.9277504938 1248.24797503777 1210.73704530191 1162.37980526347 1128.0833795274 1112.68331002959 1112.27684998767 1122.28363696347 1139.47443696603 1163.14316799936 1189.50743689462 1212.99094916452 1233.41698284236 1248.97832290744 1254.85938544577 1245.80517026894 1230.64841755673 1221.17705331069 1221.62754531789 1231.37968412324 1246.83968501012 1264.04897586365 1281.67815070447 1302.6671974 1323.07416095061 1343.99522307708 1373.22856331313 1395.91725617213 1413.91654644814 1430.86859866 1441.77517327865 1451.82014295154 1459.53226545868 1460.05353790336 1454.56340245428
1000.25186072702 1010.51413880688 1022.35778020799 1028.08107825028 1023.38801963231 1034.97817568091 1054.95812986766 1072.26115001674 1081.93953167659 1084.821651 1087.29717921177 1094.67444901288 1097.53046520179 1106.1009336248 1131.52896294626 1168.16313342724 1214.32944790692 1247.82665232364 1273.44232718203 1274.87922533019 1281.54882569646 1289.5515287524 1291.71517015132 1268.64800465885 1219.31625547275 1164.31257744559 1125.83813697752 1116.70996370617 1126.89114119185 1144.77102243061 1166.28771192406 1190.19781402407 1214.73638612001 1240.25618366868 1263.08958159789 1271.30414387115 1249.80664867241 1219.31388462319 1203.89848641079 1205.74383676705 1218.21746788901 1237.36695658636 1257.55235509821 1279.04644996672 1300.5243406 1320.9044494046 1339.70302663437 1363.09505622753 1386.3167045329 1400.87165002587 1416.64589266926 1425.8030572717 1430.95911292646 1430.81613889046 1424.74043365952 1412.71649808454
1001.92006905414 1019.21529427571 1035.5472710543 1039.65844883768 1037.93636926265 1043.73080062987 1056.4583542255 1068.79552553772 1075.64566397503 1078.09626232892 1082.39286452859 1091.03464685176 1099.61579367589 1111.77830504 1135.91697731301 1154.84896437095 1178.7644826646 1196.83632801987 1218.46895585665 1239.03230510261 1269.12605091803 1308.02508274972 1347.30732771743 1352.73941027863 1297.68638061219 1216.46866337299 1153.29505144963 1131.77566751789 1136.78951867223 1150.83321295645 1168.61909483876 1188.82615457098 1211.45097048741 1236.41024165084 1261.07449944865 1270.42930342489 1237.22958692406 1191.44712239999 1175.34907784807 1185.65883454816 1206.12184623858 1230.00353932683 1253.27458649365 1277.1701496812 1299.17044270754 1319.57431318552 1338.59051021428 1357.60823481162 1374.96489641533 1389.9867994464 1401.91609808315 1408.03394132 1410.2505214 1406.9916250399 1399.12721733398 1381.76293250818
998.884315291462 1021.8972915166 1054.08192154504 1061.59339706 1053.28498173855 1049.27966386595 1053.94795922894 1059.97868801955 1063.31717007667 1068.1833091662 1074.22855106 1085.07158858629 1097.33539515283 1109.48225198126 1123.30473991409 1132.59679783639 1139.80407480499 1151.34985360168 1168.4399317921 1199.05444351726 1244.4729064259 1306.12675727033 1379.93582599872 1416.73680013364 1358.61689188106 1264.34182549157 1193.54254772663 1159.11471123059 1152.34529627238 1157.86430855577 1170.01297612817 1185.58560124712 1203.22976764522 1222.28716209391 1235.98171989929 1232.794926245 1198.94586998378 1157.33413128206 1149.6746430674 1171.21403505901 1198.81842804408 1227.17796560259 1254.18456405653 1278.55626073082 1300.89909287889 1320.96060693124 1338.33069470001 1354.3449513163 1370.1165535 1384.26719880253 1391.42039407778 1394.61566688797 1396.61924371457 1393.42494125166 1385.89562607234 1368.43242182549
995.151005004113 1011.84270042854 1049.01359329747 1060.83866719442 1040.17777773044 1038.62540389654 1046.53538288983 1046.96819831138 1044.59360384517 1050.11651114622 1061.53189194336 1074.89352555207 1087.86211056494 1096.74317928435 1104.94611849271 1108.76524105367 1108.70193263407 1110.21915206686 1122.80198956416 1152.16126144112 1199.75975853138 1267.26687126868 1343.68454423213 1385.57493179424 1348.14519500742 1275.21418029773 1215.37341492288 1179.24404918151 1164.36365627558 1162.41738005649 1168.03533493849 1178.0966656603 1190.63233614252 1201.65450950542 1206.3539413613 1197.65129133951 1173.17026598414 1149.28900452484 1148.48654112331 1171.10722164663 1200.22719548744 1230.24848679588 1259.98607948712 1284.89766144064 1305.83633171064 1323.88777875145 1339.04275103839 1353.44525352653 1366.74729361307 1380.640005862 1385.88548805227 1387.21382488 1388.80253666 1388.38020362425 1382.8249360333 1371.33221421284
978.175919612038 995.230127574769 1013.19049864958 1017.04125179064 980.705583717517 996.391405785044 1023.3157206769 1023.47051762487 1016.85955904 1022.67839220701 1043.2518683816 1063.89064629908 1074.6806547508 1075.81506605968 1075.1356137075 1076.38203865358 1077.90679783175 1078.51716206691 1084.63701857863 1101.0783014079 1139.65245272607 1204.31931584818 1268.11310004102 1302.16600533676 1290.76122118369 1251.93612018479 1211.64112320235 1182.05092725009 1166.34058439345 1160.60515456125 1162.03293864941 1167.31014809389 1175.39260626571 1182.20743850693 1183.61910373799 1178.51593585937 1167.750121131 1159.24003203739 1162.93960544539 1181.92075164552 1209.30301618456 1239.16602041953 1266.86729631279 1294.13011298305 1313.90835505175 1328.12812098749 1340.41835391972 1351.48852507592 1362.36592199223 1375.71647867508 1380.31689525827 1380.63092421747 1387.11789081643 1392.11345120941 1393.52690790744 1392.42692701076
971.573263730494 981.56264164997 981.66029520944 965.964773889093 942.569881135419 957.315166631798 981.18703259122 979.554093334035 973.717832643805 984.102501712058 1015.70868529897 1050.37771076274 1058.22270160326 1049.1229405299 1042.75858031719 1042.23086635348 1050.25889783018 1057.76800614205 1061.76606951379 1062.96594076946 1085.22439529557 1148.68887755974 1202.41824897262 1230.93924590453 1231.69732414462 1213.33113548649 1189.34992517286 1169.26513500184 1157.19744307737 1151.46947349804 1151.33342566971 1154.32739697746 1159.18018284521 1164.64104145409 1167.30011847719 1166.9559879293 1165.36453398661 1166.83403685237 1176.08448360492 1194.49590141889 1220.5473071272 1250.01932244 1280.19126710924 1306.25171065045 1323.18123823275 1331.25121001781 1340.14667210737 1348.28310192287 1355.11389844428 1362.64550115703 1364.51812398852 1371.84466498387 1390.85320295912 1403.79517402452 1414.81133394327 1423.82615847262
