catData/variables/pastClimate/midhol_MPI_ESM_P/bio17.asc
NCOLS 409 
NROWS 350 
XLLCORNER 60.897278365 
YLLCORNER 5.843756025 
CELLSIZE 0.0892857 
NODATA_value -9999 
[rows 216 to 242 of 350, columns 183 to 243 of 409]
10 9.05411981999996 8.98269141999986 7.91126301999962 6.89416853089926 6.10764251999985 5.2364401768388 5 4.55412101999975 4.17548944155398 4.7282515323152 5.6601641800003 6.97977533994683 8.41467114607795 9.55292198000044 9.67847260000009 9.66703730447035 9.07634148939911 9.6241395032679 9.33923630000004 9.43666546201207 9.28631551999987 9.40125933874445 11.3561373600002 13.698713893518 15.3209254800004 15.1773554657795 15.5306055280896 15.9574078580415 15.6791247358277 14.9771325806061 13.5881690706973 12.554935402565 11.8428732226078 10.9210816296534 10 9.70538252708852 8.8219337199999 8.33923630000004 8.33923630000004 8.82264294838763 8.46939605774326 7.76143506387402 7.67847260000009 7.67847260000009 7.64837223773297 7.39356776839798 8.06308318547169 9.94526626000079 11.8340734864187 12.8120195929217 13.5173001800001 14 14 14 14.2724114235763 14.6358788297074 15.9452168158381 15.0637373980317 17.8844556438013 20.2659809057691
10.0515582221017 9.44255942035567 8.98269141999986 7.91126301999962 7 6.76840621999981 5.82141833264289 5.25689106489946 4.73722777755788 4.92797208000025 5.41066470000005 6.34193500493096 8.28451456000031 10.097598990155 11.2851140800004 11.4106647000001 11.4106647000001 11.4106647000001 11.25050172 10.4106647 9.9832053929519 8.62555181999991 8.44587658000022 10.0346099600003 12.5244281231227 14.2494970800004 14.8897735617927 15 15.5153424732925 15.4203351783302 15.3964525967547 14.3960171081593 12.3448924034625 11.5368220399994 10 10 10 9.69513532882487 9.65243573128253 9.55022524626008 9.41066470000005 9.41066470000005 9.41066470000005 9.02222805643022 9 8.9477084084846 8.57082288000003 9.64225128000033 10.8922571041434 12.1537706783147 12.6734326792281 13.5173001800001 14 14 14.3004362906022 14.8839090669405 15.8744421800004 17.5033055020253 17.0274938795683 18.6416254771107 19.3388263799998
9.64345511999959 9.06190459179517 8.50059831999984 7.42916991999959 6.59512152455688 6.88005598334083 6.33600819787492 5.80606946090895 5.6970482796932 6.23210326152306 6.76591855726116 7.96625396395534 9.94527826000024 11.6722449536136 12.8386355800004 12.9641862000001 12.9641862000001 12.9641862000001 12.80402322 11.7408889873648 10.5400441851011 9.28816380388555 9.19510875733056 10.2673138985466 11.8936424597625 13.4963281190224 14.3788956021943 14.5179069 14.939471755374 15.94587538 15.9737344729415 14.3505837482736 12.76262710949 11.2780238385877 10.3360105119218 10 10 10.2493880044303 10.7870009367858 10.6580989019982 10.1293996792177 10 10 9.51012585713449 9.96418620000006 9.96418620000005 10.12434438 11.0841264877296 11.7851080800004 12.6760199101614 13.2149517086229 13.7500064325933 14 14 14.7315853800002 15 15.8744421800004 16.4898728998889 16.526866161105 17.0785886576792 17.6780626799999
9.12554821999962 8.05411981999996 7.98269141999986 6.91126301999962 6.07151039861435 6.57467063649633 6.86470711160676 6.3462550532825 6.44587898000025 7 7.58873578 9.02557924716038 11.4216588822708 14.6020637147631 15.1204823150168 15.1070430000001 14.563100842713 15.1070430000001 14.9468800200001 13.5156694319546 11.0827737568444 10 10 10.5173049800002 11.5887333800001 13.3203235600009 14 14 14.39042177596 15.3923538799999 15.4387527342611 14.8716508093714 13.2332003400001 11.4253320204068 10.8647092547036 10.7607852898144 11.1070430000001 11.3380074799647 11.5535215000001 11.1881090897432 10.6733617853673 10.5535215000001 10.5535215000001 10.5535215000001 11 11.0491138409204 11.71367968 12.5535215000001 12.6888111737481 13.2072624613627 13.9993932800004 14.5535215000001 14.2276475733055 14 14.3266371430844 15.3354492840527 15.9439411328633 16 15.4560538573581 16.0396148675315 16.6066342799999
8.42213697246564 7.42916991999993 6.74360861534003 6.34176928677713 6 6.08685927034844 6.56442378108894 6.85956227252591 6.79217685603701 7.3232911954004 8.21368568000003 9.94527826000064 12.3625189302885 16.2120839200009 16.672037672586 16.0338236759768 15.6422560800001 16.5694952331023 15.7397431816652 13.680275959999 11.1477549024178 10.3909385473538 10 10.5173049800002 11.9566622469579 13.5327054216058 14 14.5018463812693 14.0784643472935 14.94587538 14.9891860044192 14.3417710870176 13.7797711784549 12.3933609199997 11.6249499 11.7653858272336 12 12 12 11.752407158515 12.0821556099523 12.2498998000001 12.2498998000001 11.6587765757364 11.635762395701 12.3386295800004 13.3099671414249 13.6249499 13.8143190814498 14.6243431800001 15.4171240556764 15.6249499 15.0362213199999 14.6249499 14.6249499 15.7291340784906 16 15.4088782756161 15.6206268883578 15.3750501 15.5352058799999
7.39105075601132 7.01643195175208 5.30362169999995 5.24182719272015 4.71877909504321 5.30362169999995 5.81766195057115 7 7 7.15706574613818 7.89235747999995 9.62395006000056 11.257341662847 14.2601209350839 15.5198126726806 15.3200543804441 15.332979528208 16.9112654199996 15.6796740399999 13.4665010714983 11.4853619007371 10.8863094070265 11.0068770747904 11.5498216174462 12.4638639096825 13.6601617800004 14 14.2438138663912 14.6470665227452 14.3248795017275 14.9826962199997 14 13.9513717724274 13.4647893199997 12.6963783 12.6963783 13.0068754034826 13.3927566000001 13.3927566000001 12.4733152664528 12.73158778 13 13 12.7128124378284 12.7016313744081 13.0887297800003 14 14 14.5140280366476 16.0708216800001 16.3858828678254 16 15.4112714199999 15 14.4905398167706 14.547434109007 15.216185958757 15.0164348665204 15.298369354284 14.9382121779518 14.4637774799999
7.12554821999962 6.27374686039869 5 4.91126301999962 4.16016538000006 5 5.14071943989487 5.75189226414284 6.23219329999992 6.23219329999992 7.27296435641369 8.81344987949631 9.96378588000003 12.0246913513158 13.3388359800002 13.4643865999998 14.2535178590446 15.4437830250455 15.0348415491359 13.7146346532259 12.6974475373166 12.8231172214071 13.4069496545032 13.5356134000002 13.6723133463225 13.9210918422322 14 14 14.2030407299612 14.012567374129 13.4603687782191 13.3003224623098 14 13.9462265904901 13.7678067000001 13.7678067000001 13.8713356972391 14 13.5479684090583 12.9256241300636 13.4993944800001 13.7678067000001 13.7678067000001 13.7678067000001 13.7678067000001 13.7884091604266 14.1229705236638 14.9456204277544 15.9089864281562 17.7172503518695 18.1728616399495 15.9734336117694 15.0954944682054 15 14.2684146199998 14.6165593604765 15.6422488800005 16.494052468657 16.5223311272528 -9999 -9999
7.12554821999962 6.84793566745033 6.67847020000003 6.58973321999965 5.56980276259831 5 5 5.06019851004866 5.5349621903684 6 6.68338382879811 7.82092908000029 8.89235748000009 10.7668068600004 12.0352142800003 12.1607649 13.1780710800001 14.1607649 14.00060192 13.3178927499071 14.0935399353705 15.0529183800001 15.6784702 15.6784702 15.1843844829623 14.2852041625452 14 14 13.2661334012947 12.3669530808781 12.1607649 12.2494970800003 13.1607649 13.1607649 13.1607649 13.4750129416229 14 14 13.9053527228734 13.2852061767096 13.1176136362929 13.8346842641241 14 14.7938098049576 14.8392351 14.8392351 14.8649829137919 15.2315865800003 16.3030149800004 17.4948380850828 17.7322969557505 15.9653996399998 14.5059183112908 14.7147918091263 15.4963588790858 16.4814839800002 18.2867749503774 18.6697680892067 -9999 -9999 -9999
7.92187953855601 7.04928494470053 7 6.91126301999962 5.83983461999994 5 5.2759512390167 5.91066350000002 5.54445105499334 5.5604294492468 6.05259559400996 7.350688102734 8.73159258000011 9.87476006378 10.9637858800003 11.0893365 12.1066426800001 13.0893365 13.0750280999372 13.4424931966813 14.937734226576 15.7154444701676 16.9106635 16.9106635 16.3219301199999 14.6493164828581 14 13.268720289372 13.0112164673712 12.05412462 11.9842420791417 11.0972635223986 11.3245253943448 12.3002361310885 13.2759468678318 13.944115175425 14.4060413413188 14.9106635 13.8383918703893 12.4291771199997 11.4231062117079 12.7129667050357 13.8856612617793 14.0845009814777 14.1208479705316 15.8298605279907 15.1458502087524 15.7204551890081 15.3923514800004 16.46377988 16.6434647199996 15.0547361399998 13.5006079199999 13.7494934800004 16.1533780853998 18.4449526194433 20.5702113600009 19.9599571870703 -9999 -9999 -9999
8.12329988992105 7.98306108314863 7.96509328378146 6.91126301999962 5.99713174235844 5.7546455245715 5.30302218000029 6 5.9920151546383 5.99135589229183 6.57819264077824 7.6540783661522 8.73159258000011 9.80302098000022 10.0156597269419 10.0179080999999 11.018218020802 11.1229617122681 12.0179080999999 12.2536468415924 13.6310027429559 15.7488963600002 17 16.4919589693121 15.4291747199998 14.9942636136552 14.2636031101024 13.1969814199998 12.1412127039621 11.0720327199999 11.9996901221774 11.9820919000001 11.8276676633655 11.2494970800002 12.3209254800001 13.0179080999999 13.4637822800003 13.5098694263326 12.4365421667368 11.3577487199997 10.2863203199999 10.835304774053 11.9102607800003 12.9647503920867 14.0006196696864 14.0342272182266 14.1780662799999 15.0137608243666 15.3030149800004 15.6389677589867 14.5899444199995 13.5092521566463 12.4291795199998 12.6780650800003 15.9311483158572 19.3946608889269 21.730976260001 -9999 -9999 -9999 -9999
8.12554821999962 7.94937620900234 7 6.91126301999962 5.84840671918716 5.04112533141626 5.30302218000029 6 6.02386357677331 6.05352030000001 6.05352030000001 6.67835229503743 7.7315925800001 8.76004305624432 9.77412828684791 9.94358306254893 9.94647969999999 9.94647969999999 10.0980707092615 11.1245507800003 12.4989989600005 14.2674075800001 14.8929594 15.3825780622791 15.2822149071175 14.8929594 14.1613692199999 13.0899408199998 12.0653130847034 11.9464797 11.9464797 12.030462907107 12.7499425045795 12 11.9675648378343 11.5385540704793 10.9464797 10.4568633092722 9.9684909413311 9.94647969999999 10.0247892949239 10.8135588131417 11.8744445800005 12.94587298 13.0154494299042 13.8977082444445 13.7948932338411 13.2067974135251 14.2121918326345 14.2577139060918 12.6611688199997 12.1070406 12.1070406 13.4273545600008 16.2234874019741 19.3230862631809 20.8142019878067 -9999 -9999 -9999 -9999
8.12554821999962 7.17230631884677 6.99783731543014 6.79740189029256 6 5.79734356173893 5.39010865253811 6.04678711318528 6.51511568109191 7 7 7 7.7315925800001 8 8 8.82769158103009 8.99783761530702 8.86396402958387 8.77011475613906 9.1066426800003 10.4810908600005 12.24949948 12.8193396009685 12.7501025999999 12.8236640704776 12.8750513 12.2348723619237 11.2973175476467 11.01568768663 11 11 11 11.1401487237378 11.8750513 11.3068781677079 10 9.94428860084537 9.87505129999996 9.28632031999985 8.95753735632382 10.3717646179532 10.97538712777 11.9837052934936 12.8344504815677 12.8577499199997 11.9526944093379 12.7701141563853 12.6724011621082 12.6060299600007 14.37444338 14.6098393192774 14.0603127149992 14 15.2378282035538 16.6980473221702 17.8030137800001 19.6396239463846 20.8209218799999 -9999 -9999 -9999
8.10089342464592 8 6.78971332874533 6 6 6 6 6.30091706100634 6.80362289999992 6.905210223093 7 7 7.73159258000011 7.84230506870833 7.97534473334126 8 8.97929528255939 7.73231375948976 7.12871063846025 8.03521428000025 9.40966246000044 11.17807108 11.4453062697381 11 11.5887333800001 11.8703593441126 11.8036228999999 11.9613173599865 11.297274382036 11.1963771000001 11.3927542000002 11.375329231815 11.1649252297654 10.9545212277156 10.5006055199997 9.80362289999992 9.44530819843294 9 8.52688230253252 8.59725611083573 9.67887776663187 10.8030161800002 12.5771682692697 12.0434977127808 11.7829239251692 10.6072457999998 10.7988553789295 11.8036228999999 12.3501476569716 13.9816891799999 14.6072457999998 14.1915315291777 13.8036228999999 14.4637798800003 16.2667936600003 17.6066366800001 18.6780650800004 19.9352408014756 -9999 -9999 -9999
7.49801150383106 7.21107708545493 5.73219449999998 5.75595875129747 6.04289316967361 6.20578341195018 6 5.89972007519777 5.73219449999998 6.24950188000017 6.88986117993078 7 7.7315925800001 7.19697901999978 7.64026702656465 7.73219449999998 8.43904602037578 7 7.0428925269404 7.43737543468367 8.52488919630765 10.2069219620691 11 11 11.4310673428025 11.2488276755735 11.19592387395 11.855771287674 12.2341817107025 12.2678055 13 12.9112678199997 11.7969475357928 10.5626263225831 9.69698261999977 9 9 9 8.84233460553557 8.07203511999973 8.99944682878325 10.4824573295932 11.3724580120311 11.2110790136546 10.4344196447212 8.73219449999998 9.00961961852594 10.5264091598502 10.9540604017739 11.83883238 12.5837959149788 12.870730333355 13 13.6601569800004 15.2672481715167 16.75025978686 17.8744421800004 -9999 -9999 -9999 -9999
5.74372410769102 5.03576054239407 5 5.05863438820062 5.82093148 6.58630124241019 6.23643850409204 5.62554941999989 4.84874273468647 5.00258527998386 5.91026797999988 6.54548226942173 7.14417767587551 6.790923158827 6.36412322646979 6.64240600823269 6.66663694293548 7 7.10583026765899 7.73932974704385 8.30301978000026 9.62187084355082 10.8120225511521 11 11 11.2239492552605 11.822643890037 12 12.8744469800003 13 13 12.9413687834767 12.0732446381797 10.521342134235 9.79977638758505 9.21220919771207 9.15125563699085 9.16374732830652 8.21155151360359 7.0006067199997 7.39235387999999 8.99438814949567 9.32153219999988 8.69653139990999 8.64933393461258 8 8.16015817999997 9.23158658000028 10.102792953424 10.5866533918735 11.4458717800003 12.5173001800001 13.1997166922349 13.9993908800004 14.8226407183598 16.6060275600003 -9999 -9999 -9999 -9999 -9999
4.58933769999993 4.58933769999993 5 5 5.16016538000006 6.1364869456396 6.4107553053896 5.62554941999989 4.55412101999975 4 4.34696419049287 5.24950188000024 5.58933769999993 5.58933769999993 5.07399171362415 5.55744143534625 6.01730618000011 7 7.06577289774168 7.54714783122927 8.30301978000026 9.37444818000009 10.4458765800002 11 11 11.9312653349476 12.1102257940238 12.3297694570057 12.9260068719653 13 13.4106623000001 13.4106623000001 13.1847298078479 11.631926903181 10.4106623000001 10.03621652 9.49032904746124 9.07203511999979 7.65364535832785 6.61094318935727 6.84181455961335 7.80301618000017 8 8 8 8 8.16015817999997 9.23158658000028 10.4274518086218 11.5644320796507 12.0840936493204 12.7155267982909 13.5887285800001 14.6601569800004 -9999 -9999 -9999 -9999 -9999 -9999 -9999
4 4 5 5.04277927280427 5.56504183984006 6 6.14608417487186 6.10764011999989 4.82125761041615 4 4 4.34190516834903 4.87060327900706 5 5 5.45599888107465 6.49105373156953 7 7.08294989685773 7.62955735049833 8.15693676214609 9.07287546521005 10.4458765800002 11 11.2838228872776 12.4841564053672 12.6211026419893 12.8979814906549 13 13.455997724057 13.991658008587 13.5179093 13.2748000661246 11.7684110199997 10.8539181391635 10.3239803481922 9.55412581999964 8.48269741999986 7.41126901999989 7 7.35269166497167 8.28510688000017 8.90365229968363 9.42017796703927 8.95584056560472 8.43931489824881 8.16015817999997 9.23158658000028 10.6060299600007 12.5549590511746 13.4820907 -9999 -9999 -9999 -9999 -9999 -9999 -9999 -9999 -9999 -9999
4.48402576225928 5.07708184594161 5.54393847037612 5.08873698000038 6.0886545969888 6.55351910000008 6.68881271564654 6.62554941999989 5.3550445717182 4.26717958459897 4 3.63458651723394 4.17807348000003 4.44648089999992 4.93050533381335 5.94587778000001 7 7 7 7.23159138000033 8 8.54163214040986 10.139158683273 11 11.5887333800001 12.2947496256802 12.8514300380025 13.444486121685 13.5535191000001 13.4522743019004 13.438755092732 12.9508850435852 12.2863203199999 11.2148919199996 10.1434635199997 9.44648089999992 9.24740659482663 8.48269741999986 7.41126901999989 7 7.73158778000005 8.80301618000017 9.87444458000047 11.9929905012079 11.6145259871406 -9999 -9999 -9999 -9999 -9999 -9999 -9999 -9999 -9999 -9999 -9999 -9999 -9999 -9999 -9999 -9999
4.79599073378217 5.94588018000004 6.60763891999991 5.71368448000043 6.68501792618251 7.14473395382668 7.4355745461643 6.62554941999989 5.55412101999975 4.4826926199998 4 3.3398358199997 3.73159258000011 4 5.42093433390817 5.97970132608346 6.37505249999995 6.43050695393473 7.10009345394358 7.71180642604761 8.37874290792345 9.39033272602956 10.2380512060208 11 11.5887333800001 12 13.1887956340157 14.4279660800002 14.0784640459663 13.05412462 11.7392910459482 11.0918782740603 10.5899444199999 9.66324697407835 9.26140507408743 8.7659910459034 8.37505249999995 7.85774991999981 7.15424747412349 7 7.27438382585843 7.67622572584943 9.17103153416026 11.6215504858313 -9999 -9999 -9999 -9999 -9999 -9999 -9999 -9999 -9999 -9999 -9999 -9999 -9999 -9999 -9999 -9999 -9999
4.74890356000077 5.28719201836033 6.31042207595048 6.6615242913783 6.41515941064637 7.07031745301815 7.21161926331736 6.62554941999989 5.55412101999975 4.4826926199998 4 3.3398358199997 3.2221291386692 3.86282855766654 5.13995328599851 5.30362409999998 6 6.08873458000035 7.16016298000003 8.16127465567998 8.88038411596956 9.30362409999998 9.7495006800002 11.0241015420442 11.8751295426425 12.4597207536934 14.1595562600002 15.4993944800002 14.2129851172997 11.7367549819293 9.60199435537079 9.30362409999998 9.14346351999998 8.30362409999998 8.09261009928667 7.49355743704866 7.6141201333845 7.84293446971979 7.28639783394455 7 6.49053990127345 5.74442298493779 6.74719522860294 8.80261825999986 -9999 -9999 -9999 -9999 -9999 -9999 -9999 -9999 -9999 -9999 -9999 -9999 -9999 -9999 -9999 -9999 -9999
4.84530002317383 5.7262508694889 6.77182327784923 6.91126301999962 6.03718971252487 6.2321956999999 6.2321956999999 5.85774511999979 5.1286645181235 4.87988345078574 4.7678043000001 4.10764011999979 3.76780430000009 3.33769935713139 4.10664508000026 4.95844472675846 6 6.08873458000035 7.16016298000003 8.05377452259312 8.23219569999991 8.51969862273118 9.44587658000022 10.6374209719447 12.1362597414353 13.4279660800005 14.6692665739583 15.8030185800002 13.579701888633 11.8470639280564 9.75451838330965 9 8.83983942 8 7.69698261999977 7 7.44587418000036 8 7.41126901999989 7 5.70669597668839 4.42917951999974 4.43523797136424 6.35613735999972 -9999 -9999 -9999 -9999 -9999 -9999 -9999 -9999 -9999 -9999 -9999 -9999 -9999 -9999 -9999 -9999 -9999
4.87445178000038 5.15206660266209 5.32153459999994 5.30726859531513 5.29518332430395 6 5.74569387771846 5.10056789126993 5 5 5 4.89386718722466 4.22525628378655 3.87090048520203 3.97981556580934 4.15206621682057 5.17529121216815 6.08873458000035 7.16016298000003 8 8.25430410812303 9.21368088000012 9.91091507389988 10.9514442350892 12.5226151559227 14.214191133067 15.5708228800001 15.9683318289565 14.8443880600641 12.9387804709791 11.6756835180096 11.4432311530015 10.5183048200001 9.48410835502415 8.28191322603527 7 7.07168198805836 6.72663005906947 5.73280361999983 4.76750726109199 3.63309872789628 3.19243585688502 3.16076729999997 -9999 -9999 -9999 -9999 -9999 -9999 -9999 -9999 -9999 -9999 -9999 -9999 -9999 -9999 -9999 -9999 -9999 -9999
3.16746146012821 3.17867779999993 4.08933889999996 4.17014821581779 5.01430899886728 5.30024234644811 5.69697781999971 5 5 4.52890829229089 4.08933889999996 4.08933889999996 4.02397922365462 4 4 4 5.91220721508445 6.08873458000035 7.01430878445392 7.30024016086159 8.30301978000026 9.37444818000009 10 10.5635204378779 12.2142088674378 14.3203235600009 15.7315901800001 15.2687222166166 15.0112167686984 14.8309930680275 14.7162254206709 13.8133949646442 13.5718227200001 12.2894952447248 10.2152874399996 8.13933578818962 7 6.48269741999986 -9999 -9999 3.02397965248134 3 3.7963226631123 -9999 -9999 -9999 -9999 -9999 -9999 -9999 -9999 -9999 -9999 -9999 -9999 -9999 -9999 -9999 -9999 -9999 -9999
2.87670041139467 3 4 4.08873698000038 4.84270326203841 4.24950428000008 5.01248322124503 4.63225601711293 4.01791049999989 3.50060311999969 2.43971927218751 2.68416130945425 3.01791049999989 3.80654897273791 4.85878755437996 4.98208950000011 6 6.08873458000035 7 7.23159138000033 8.00542723576966 8.39235867999997 9.45580120751406 11.533384558312 13.5634568892028 14.6540751075612 15.7315901800001 15.985617535723 16.8408746973652 16.9641790000002 16.94687522 15.8770360577098 14.979220943932 14.2735599344256 11.3760547399997 -9999 -9999 -9999 -9999 -9999 -9999 3.19345574129175 -9999 -9999 -9999 -9999 -9999 -9999 -9999 -9999 -9999 -9999 -9999 -9999 -9999 -9999 -9999 -9999 -9999 -9999 -9999
2.87445178000038 3.94588018000004 4.06990016114653 5 5 4.76840621999981 4.28680506927326 4.61211113739067 4.05351789999998 4.02583269536788 3.44277212260045 3.05351789999998 3.74595718146291 4.04297599650554 4.88116858552643 5.05062139244224 6 6 6.15159139365269 6.95887638431574 7.30301978000026 8.37444818000009 9.89175316000044 12.0346099600003 13.6202411541576 15.338510987875 16.7315901800001 17 17 17.0506212639993 17.9826962199997 16.8177868800633 14.6347323979044 13 -9999 -9999 -9999 -9999 -9999 -9999 -9999 -9999 -9999 -9999 -9999 -9999 -9999 -9999 -9999 -9999 -9999 -9999 -9999 -9999 -9999 -9999 -9999 -9999 -9999 -9999 -9999
2.99939808000044 4.0708264800001 5.00216264302927 5.12494630000005 5.10493422838094 4.76840621999981 4.03786150020899 4.45261066549628 5 4.4826926199998 4 4.08248507168361 4.12494630000005 4.92796728000028 5.12494630000005 5.9526401511368 5.99783765684185 5.87505369999995 5.89506547174793 6.23159138000033 7.30301978000026 8.37444818000009 9.89175316000044 12.0346099600003 14.1774667600003 15.6601617800004 16.6401806938927 16.9753879004023 16.8907410853027 17.8209290799999 17.7328036199996 16.4839108599989 13.6099582918768 12.7881953961716 -9999 -9999 -9999 -9999 -9999 -9999 -9999 -9999 -9999 -9999 -9999 -9999 -9999 -9999 -9999 -9999 -9999 -9999 -9999 -9999 -9999 -9999 -9999 -9999 -9999 -9999 -9999
3.89910627403836 4.94588018000004 5.21028431279528 6 5.87128704844785 4.96478091999991 4.43989099030945 5 4.9124406490661 4.38790400155508 3.88438718782318 4.4637894800002 4.94729157341972 5.6453279759589 5.97534503466274 5.81425353471574 5.78971761590546 5 5.1287110228514 6.03521668000024 7.10664508000016 8.17807347999999 9.78293733963495 11.9330243497442 14.0967044008778 15.5305227085013 15.9472911021204 16.6453260472582 16.1008975833631 16.760129386015 15.7863215199997 14.5548535152268 12 -9999 -9999 -9999 -9999 -9999 -9999 -9999 -9999 -9999 -9999 -9999 -9999 -9999 -9999 -9999 -9999 -9999 -9999 -9999 -9999 -9999 -9999 -9999 -9999 -9999 -9999 -9999 -9999
