catData/variables/pastClimate/midhol_MPI_ESM_P/bio11.asc
NCOLS 409 
NROWS 350 
XLLCORNER 60.897278365 
YLLCORNER 5.843756025 
CELLSIZE 0.0892857 
NODATA_value -9999 
[rows 156 to 181 of 350, columns 177 to 235 of 409]
18 17.9972307217664 17.9389246028873 17.771500707541 17.6361101281948 17.530404122 17.51070646 17.600230963844 17.807084088 17.8969545614634 17.8098490578828 17.8260330584582 17.9536290585754 18.2036332340784 18.3970336627321 18.3020770547716 18.2727316760396 18.4410245046134 18.50535323 18.50535323 18.4225894206545 18.316118682 18.3122517900761 18.391126542 18.283983702 18.1549214859231 17.9176915651537 17.5368536289224 17.2326988502313 17.3708806338477 17.4433282668082 17.2679676439999 17.053681964 16.911100655694 16.6269594459999 16.410245440921 16.3034375897716 16.1941717662321 16.173277482 16.0429757439999 15.7426512151873 15.4013442412343 15.3524462190366 15.204847203071 15.2863757593119 15.2214413559911 15.12676615 14.8901600263052 14.725950510164 14.7951668067745 15.3845662173322 15.2084375478782 16.2000774325565 16.428773988683 16.5130722281698 16.7220448626054 16.7970336241888 16.8 16.7474303409926
17.98750393 17.935772952 17.88750393 17.8297367597953 17.8091420620817 17.7422283683681 17.72499214 17.7368119249409 17.889234788 17.98750393 17.971487392 17.8614505399135 17.8166698371185 18.0622763020001 18.357083968 18.425424688464 18.5405215989632 18.61249607 18.61249607 18.6024614636225 18.6 18.505412222 18.498269382 18.391126542 18.283983702 18.176840862 18.0734845783822 17.9703721213313 17.816396388955 17.6543012927586 17.482253324 17.2679676439999 17.053681964 16.749059849613 16.4360969866733 16.4236394499195 16.4075211652461 16.1150101184674 15.9904758785432 15.8344779682106 15.6431830503917 15.437606914 15.3347827698579 15.4077463587492 15.4867869073883 15.5537638145291 15.59329180422 15.4594658567928 15.0424054534138 14.9047048869692 15.2278038182333 15.388612703542 15.3559552416567 15.1857863476559 15.6185659515878 16.31854079475 16.6891917777913 16.8 16.8515160644533
17.9 17.8685878224231 17.83927782 17.8522427720497 17.932076228 17.9904577377755 17.9638479903865 18.0720808037258 17.8796066547104 17.9357924248722 17.8934198824488 17.8489839692159 17.9193838060371 18.2774763070398 18.5143869608409 18.6420594998437 18.71963891 18.71963891 18.7052712291647 18.619697902 18.6 18.505412222 18.498269382 18.391126542 18.283983702 18.176840862 18.1 18.025110364 17.8466558119742 17.6870593999447 17.4706912421361 17.2483287339999 17.034043054 16.6591536579999 16.4398180650799 16.590238024541 16.5354772366219 16.3001498707028 16.0516626640808 15.8027427051353 15.763727997783 15.5864497849199 15.6502747733231 15.8088000435658 15.6973009981913 15.507245944 15.5424926162944 15.5961314524876 15.5656537231867 15.616449922977 15.4578661524894 15.4035824156726 15.4366102478345 15.2968983699908 15.1727431318417 15.3235085848004 16.1550557962413 16.734321625102 16.808076922403
18.0310099672976 18.112421478 18.1764579387522 18.2358084916961 18.3142566041444 18.494513426 18.3824377429589 18.5245342094893 18.3317143379376 18.1941326672282 18.092723576 18.37483682113 18.7757502537308 18.82678175 18.82678175 18.8129273530757 18.8 18.7823196479723 18.7196523215794 18.619697902 18.6 18.505412222 18.498269382 18.391126542 18.2796942571104 18.1438566895586 18.030205700014 17.917983364 17.7395217492892 17.621487752 17.4281328563996 17.1417085307453 16.9197117293032 16.5950233037098 16.52678175 16.5707048920834 16.69619914253 16.4561019990616 16.223143058 16.3178811816698 16.2020548099999 15.9010363912685 16.024932668 15.9805715494876 15.9305781020764 15.8286586239999 15.648345319946 15.6229100822639 15.4753119901303 15.5853325919073 15.5955298604677 15.7399398607855 15.6466173776861 15.4161428855555 15.0980234571187 15.1128540200461 15.5208737443682 16.4129333201915 16.8458797552948
18.5285465399898 18.653504748 18.760647588 18.80177377 18.80177377 18.9351362070731 18.9100694201113 18.9642731907044 18.79948642696 18.66962295 18.6907889363026 18.8245223539009 18.9 18.9 18.9 18.8658187027705 18.8139519700452 18.733983582 18.6751810216765 18.585773312 18.5364100733077 18.3733860102468 18.4245491513903 17.9840314619999 17.8717392508593 17.7772889649123 17.7715468639999 17.557261184 17.4464861176658 17.4476698607029 17.373277482 17.0692570831603 16.8111277781909 16.605471694 16.6254059205465 16.5714254864576 16.63215082 16.6144043839999 16.4427334959893 16.5064935767801 16.4338146018968 16.2276250177451 16.3275626967481 16.4184054721351 16.43392459 16.2571014413976 15.996236706971 15.7460793593301 15.6422207158542 15.4464277551158 15.3361802928854 15.4763421256292 15.632031636 15.784697821776 15.6733215939999 15.3580773852764 15.3477415993165 16.2865793945136 16.9127698236978
18.9048910876386 18.933865838 19.0168307140045 19.0681787748125 19.08213486 19.1294590915535 19.14106743 19.14106743 19.0814240411025 19.0374232302854 19 18.9863515833486 18.94106743 18.9256897070174 18.8633777924007 18.81786514 18.758991562 18.6247374757493 18.5336830790676 18.437563042 18.3663315907017 18.1917035445561 18.3227413523356 17.244108592778 16.8799053478789 17.1473091052134 17.5161937539999 17.3480409472623 17.2187903315244 17.1271068658904 17.1010347088718 16.9718765016887 16.7885216715175 16.580463714 16.6800455358602 16.7 16.5417780517739 16.5680324265909 16.4034701397763 16.3694766940001 16.6248882900839 16.622623229859 16.5391334992962 16.485958024507 16.49039814493 16.3583368253809 16.161066512056 15.8163418144779 15.9206233878903 15.7910262904199 15.5176104443638 15.228204103942 15.549896776 15.6988438086738 15.5626832375198 15.3565244100509 15.6574721457721 16.6252135713445 17.1989052962519
19.1251181937178 19.148151518 19.19642054 19.2306103889332 19.24821027 19.24821027 19.24821027 19.2026091311346 19.1991035933151 19.139336572 19.0404886537855 18.9665044040076 18.8407604088862 18.8238709526904 18.7841098800131 18.575302357686 18.4568412938249 18.1960295805514 17.886176730941 17.8573162367844 18.161209654978 18.1123774136784 18.2904449580523 17.4562138518794 16.573667959451 16.8341196929597 17.2093738994091 17.1229720301412 17.0216062159999 16.8784569302744 16.9 16.9294635549725 16.9093606498929 16.735816824 16.783865238 16.8420214474562 16.842781728 16.923622527289 16.7043040208052 16.5288228722356 16.7088137460001 16.8288178241542 16.7287414186038 16.491291699893 16.4396809254905 16.4693899839528 16.44655235161 16.2366908542608 16.3699611941891 16.0636721397515 15.8359801199999 15.3409883327458 15.3278898268995 15.5095355379517 15.6421824279995 15.9430995377981 16.7883745637059 17.2765542019535 17.7454174869926
19.2800340310741 19.3338024928436 19.35535311 19.35535311 19.3148570525966 19.3 19.3 19.2577693916504 19.2 19.1862144341849 19.002033396308 18.7603871699186 18.703244222124 18.7648693318557 18.810765212 18.4966994199999 18.1838732624349 17.6282157405789 16.5566298798847 16.4640510346382 17.6589032259267 17.8434880012116 17.8573123482295 17.1693905519347 16.2784615991496 16.4857148011324 16.9086725403564 16.72323445 16.7128747528958 16.803460996 16.9977646706315 17.1250076707478 17.2441772588339 17.2050609855816 17.1781097482538 17.2189959440446 17.212436598 17.2939097702401 17.0805149377976 16.8404209894305 16.8327295403671 16.9899794815506 16.910765692 16.705700691228 16.5008831486073 16.5284368595574 16.509898591695 16.5781926658867 16.5609587690256 16.2192342048921 15.8348668319029 15.8706757745452 15.714193808 16.0628408954985 17.0248669775981 17.4350989411752 17.7488172106315 17.7512209731672 17.9358276630578
19.407084088 19.46249595 19.46249595 19.4212382124246 19.3725622252903 19.36249595 19.3078462552797 19.3 19.1945914192487 18.8697728539999 18.673502535901 18.6521067245904 18.855294118 18.9156336685497 18.8275464715598 18.6081688246204 18.3476607178701 17.8208663883401 16.5208626186 16.6167935890753 17.6010040525102 17.55948627333 16.5901136063199 16.0061966486244 15.8745733587698 16.2897463494756 16.5799373921193 16.6092989394698 16.7487976855502 16.9607823621649 17.3009013158799 17.4912412375948 17.5947925340707 17.6249919 17.6468459914795 17.5908704195453 17.5506327618303 17.578614632 17.4494490635997 17.2036660039999 17.0840769369112 17.1016500272554 16.9275472515404 16.7663728501745 16.5086672002209 16.5895545512091 16.5262449393195 16.5729139269656 16.4360522657516 16.1523894189289 16.4640084208973 17.2646486757888 17.3234573432188 17.6716429167837 18.2567890448034 18.3172842657371 18.0829604635306 17.9827615305528 18.1868779533955
19.5914032284265 19.56963879 19.528639775518 19.4799565438296 19.46963879 19.46963879 19.382193612 19.2378988875596 19.1241176171356 18.7518913939999 18.5410404349476 18.4766896746108 18.8332288339168 18.988631227306 18.8494125213463 18.6122446019987 18.2076198172555 17.6520851699998 16.9164626463975 16.9039618788655 16.5364923856475 16.2302514461741 16.0706271514778 16.1321372884353 16.26755302 16.6692788320895 16.6062145335242 16.7009657541729 16.8831761424795 17.055191494 17.5174907124317 17.7593208904366 17.76963879 17.76963879 17.857083488 17.840920868954 17.7732538329049 17.9758611436493 17.8827016670093 17.4607046313108 17.2 17.2033386971194 17.1507916723874 16.9187519247947 16.4521493718345 16.5863703628608 16.623321234 16.5380982577487 16.3898183609464 16.3780725434627 17.4011583684946 18.1812491034839 18.2235041584086 18.3946995436344 18.7300179665591 18.7705252816269 18.6854487285087 18.5917754601941 18.8408374740504
19.689647361143 19.6370617418766 19.5863304591036 19.57678163 19.57678163 19.5151241859555 19.2111293229255 19.1257315180102 18.7916678489561 18.6986576040342 18.4106848849459 18.2980737340738 18.6606099309067 18.9807202217737 18.9772532508671 18.7898214878474 18.2278216583446 17.5466995399999 16.9548124692116 16.7383427402314 16.4062054692421 16.4620183749168 16.6413344672906 16.8675029656898 16.9806601759899 17.2319360986015 17.2606847093694 17.2210551223891 17.2922195188176 17.3623180140001 17.6795509137928 17.8 17.8 17.9233141509854 18.041007958 18.1261891134533 18.1877706715665 18.3866875157584 18.0598091688176 17.3893647067488 17.2 17.266195135335 17.332194212 17.1095799332956 16.6003246719999 16.5975945482315 16.6330733162365 16.4580414907832 16.2686326318028 17.0672807297736 17.9933622596849 18.5439705242759 18.6962053561183 18.805356689606 18.983864758 19.091007598 19.1774456060788 19.2348348040394 19.3153670520001
19.78392447 19.732193492 19.68392447 19.68392447 19.5611270280977 19.3009865688718 18.8250579758228 18.92306710558 18.530698446597 18.4290527000158 18.2404433678865 18.3339662187582 18.4940539927263 18.6495444654031 18.9552357352419 18.932193732 18.6011089595327 18.2950804456779 17.9230861910648 17.3224328811276 17.1754323455166 17.0430421505149 16.803461236 17.0163204605972 17.215957066 17.4496789298232 17.6835373073081 17.7316612559021 17.7374380053238 17.7879847514503 17.9201109491122 17.9124452124992 17.88392447 18.044528186 18.171369168 18.278512008 18.4713096960001 18.6486760871784 18.3370863377914 17.6505081191912 17.3424183669827 17.3273884623698 17.4302520904864 17.3994868557122 17.2789129048145 16.9386607792616 16.649367575305 16.5741821786158 16.3929600239999 17.4876911065338 18.4414445517065 18.7855948960001 18.983864758 19.091007598 19.198150438 19.305293278 19.412436118 19.519578958 19.56784894
19.8504620921443 19.7953790321013 19.7374525076531 19.5797608108149 19.371546384 19.076958366 18.6602734613291 18.7119699624251 18.2219147203589 17.9592402062645 18.124949228 18.2130702008853 18.196495852 18.3481235670486 18.7218482787058 18.4866281658409 17.7053470152878 17.3102279280309 17.2810519211062 17.3675074786995 17.5503348155356 17.5563034640268 17.258797786 17.4650026464955 17.5817162242498 17.6583177280168 17.7220202567243 17.98213462 17.98213462 17.9867555450218 17.9963262827762 17.9941029794694 17.99106731 18.151671026 18.1988784737938 18.2084492115482 18.5961038746975 18.8805493858861 18.7959130135659 18.2815650216971 17.6787775466403 17.3149805784473 17.2021318645133 17.4514211408333 17.49106731 17.4556853154472 17.3577773451535 17.0360243864037 16.8690136396446 17.6458316944388 18.7768167538642 18.9998805760001 19.198150438 19.2842033111273 19.321368808 19.428511648 19.535654488 19.642797328 19.7446812381007
19.899201939212 19.8474050789097 19.6254860520629 19.4363814428467 19.1836208012749 18.7838076393966 18.6132289594447 18.694588018 18.5910477824762 18.4721488075346 18.2809771060108 18.2 18.169697782 18.1040212622237 17.9355797339693 17.5608544807717 17.4616011419058 17.5594652731425 17.6646904170207 17.7727901351011 17.7100910616684 18.1626841432774 17.5946924009326 17.6157982444121 17.812436598 17.9414950345056 18.1229798078598 18.1964203 18.2402099058033 18.3454350496816 18.2193818193206 18.0333755625619 18 18.2394682911947 18.29821015 18.2053155870489 18.7051006908295 19.0964203 18.9851678842423 18.2396775639998 17.6406440183424 17.4598746148827 17.3960327916043 17.4009258940228 17.6330672814218 17.6649617465326 17.596900717612 17.3540781674902 17.2930653253685 18.421116292987 18.9998805760001 19.2054520909968 19.314225968 19.4209543027598 19.496962651362 19.5724286285163 19.6972183436054 19.749940168 19.857083008
19.955411862 19.796538044 19.5727978352295 19.1856625259095 19.03211794 19.2644278017542 19.2386477136338 19.3061631065658 19.0197737546556 18.9169412356668 18.7831685303225 18.5668666623768 18.355941299902 18.130462874 17.8317749694422 17.567097373232 17.518260463257 17.5125251177461 17.51070598 17.591008078 17.9651666507868 18.5785223637024 18.4221289348508 18.1481094507224 18.0526298771697 18.1271591146351 18.1393858961479 18.2842514607261 18.458259855126 18.4672828671547 18.3741945797916 18.3445386088134 18.4135035381647 18.4331723795714 18.4461606578184 18.7218130010992 18.9386689441549 19.31070598 19.2955472599831 19.0795849689879 18.3286137170147 17.5659303594841 17.5640729039197 17.6669125864623 17.9135759310487 17.8467467283213 17.632194212 17.4705409794882 18.3025537238159 18.8895749427936 19.2071757421141 19.319103988375 19.421368808 19.528511648 19.635654488 19.742797328 19.8077397371796 19.8596668953095 19.9610743897986
19.9373443740753 19.7780105990682 19.4446324854825 19.5225429532894 19.6408414335011 19.697720940715 19.6906418284278 19.498328134 19.3495841098535 19.2961862415663 18.9559865447207 18.7366008460157 18.6386433045899 18.2594596855822 18.0663791519346 17.9560149649218 17.8837529997782 17.771471072 17.746629346509 17.8603886589576 18.3137685292041 18.8006357582414 18.9426793440001 19.1997730733607 18.8084597312593 18.691940331486 18.367402012685 18.495083551199 18.73748749 18.8474126410883 19.008856658 19.1655171372493 19.1701162950379 19.0897502293251 19.3045282515818 19.4202555300503 19.5127120550932 19.52499166 19.52499166 19.4410377575718 18.9768721596726 18.4235791935668 18.1456036545439 18.0107649947859 18.278934326791 18.0461376733852 17.739337052 18.0838740703628 18.830823000736 19.208753554 19.3282357408968 19.5136045822468 19.541007478 19.6452564514661 19.742797328 19.849940168 19.9515114700354 20 20.0073566522518
19.8458497931238 19.7471422541144 19.8008935514998 19.9261253579518 19.8731956096141 19.760781652 19.5490205640616 19.2951176265708 18.8980050165091 18.6447701950679 18.2541424271297 18.3031797943611 18.550059112 18.4950687527439 18.475050772 18.367907932 18.2134535017006 18.1251199079074 18.2197262885062 18.5625474879708 18.9357313735836 19.073142458 19.3027054632841 19.5660468388658 19.6009539681791 19.2887524566865 18.8649856194629 18.851611794 19.0305209169847 19.1748301640001 19.3900739485678 19.43927734 19.512436358 19.619579198 19.63927734 19.6207016055511 19.6603065647749 19.73927734 19.7361319992224 19.7010278715538 19.6333264816699 19.4170320533189 18.5435056639996 18.1686179586826 18.47502665113 18.0909397197886 17.8646721959498 18.5816305720002 19.0915209134603 19.4044635466839 19.521368808 19.628511648 19.735654488 19.81963867 19.849940168 19.9497294380265 20 20 20.058872858
20.0695208060001 20.2182211709538 20.194689202 19.9731933038638 19.734025534 19.5355236559549 19.1908261878187 18.6667565100021 18.2547009358167 18.0202913042207 18.1406120174523 18.368869620325 18.4461609928073 18.6121012118584 18.7190000472766 18.5267597209178 18.478278564256 18.7476617211767 19.0285134120084 19.2638585207818 19.3477328283701 19.3974867275523 19.6486310836327 19.7803478281249 19.8023660473515 19.4350686311405 19.1011700438048 19.1797484486457 19.2773786439139 19.3346091170102 19.5555425270962 19.6444616393127 19.7071289482784 19.7855773178696 19.8234190105393 19.7828579138964 19.92678151 19.92678151 19.910765452 19.82678151 19.796479772 19.634504222803 19.0766485359142 18.684883162465 18.6024606349745 18.046467054074 18.1834090221217 18.929436712726 19.3192589577364 19.5174057093274 19.628511648 19.735654488 19.8385080501007 19.9 19.9384166967171 20.02678151 20.0148403904652 20 20.058872858
20.3455706180192 20.3824506019648 20.307201832 20.1340423339999 19.8949377698402 19.5926680866039 19.0077028352712 18.2396238965687 17.6684665713037 17.7628089767352 18.4245939391821 18.6576379713516 18.6048938140635 19.0084466474664 19.2418670788758 19.0689119095504 19.2283199747089 19.645818677201 19.76962175 19.7423797852172 19.648252462 19.4769330442681 19.5367984850925 19.7236101110511 19.9663596269717 19.8756227710962 19.5993864587791 19.705293518 19.6937994571567 19.6359543128018 19.6668048462806 19.7544873872814 19.8248187213229 19.8611662333644 19.9256283525941 20.028511888 20.033337330511 19.9969898184694 19.9609262791442 19.9260678443863 19.8799779296552 19.796479772 19.689336932 19.4085369608806 18.6683690679999 18.1697065607661 18.8103152400957 19.3363446181081 19.5469970020126 19.662435998 19.735654488 19.842797328 19.9284910878463 19.9078564241952 19.9842477597633 20.1 20.0705387323198 20.0163752776386 20.058872858
20.39603357665 20.1811568059034 19.994723042 19.7944523576274 19.5230957260466 19.1424491259536 18.6179440477655 18.374515162693 18.5415587350261 18.7349977087473 19.3771946239082 19.5201828057661 19.5035789234403 19.5118312457712 19.8181586927888 20.0524402396858 20.181098993863 20.2171301923775 20.1931571185146 20.101832282 19.9587782631661 19.7349929410161 19.683864998 19.7998812960001 20.0010120889388 20.0727033384096 19.964276572879 19.9452688534468 19.937546722 19.88213438 19.8127429551516 19.8691901267501 19.9663162350758 20.062436238 20.08213438 20.1378774740532 20.097559004379 19.9537035732951 19.916016058 19.976841102 19.9 19.877932857992 19.796479772 19.3577112206595 18.5426746990436 18.5685979940664 19.2846551245483 19.6097599979629 19.7285116480001 19.7968101426145 19.8420868089403 19.908872978 19.9905614284081 19.964225848 20.0589247142435 20.1153773374307 20.14106719 20.089337172 20.0757626195467
20.0482776192937 19.677024450013 19.400076032 19.0654199241195 18.9090816277346 18.651878988405 18.8812311209263 19.3471034338542 20.0820383363221 20.1014987876605 20.3457651702252 20.4012544149184 20.4399653487769 20.4762557786094 20.6103263269935 20.644689322 20.5680370903841 20.4503670770772 20.2915706417704 20.1327742064635 20.0130045256865 19.905412222 19.755189250914 19.9659569460001 20.14821003 20.14821003 20.14821003 20.14821003 20.1251180952981 20.071480771395 20.0765928839118 20.1306098187814 20.14821003 20.228511888 20.24821003 20.2026093495539 20.0483292139999 19.8560677510598 19.916016058 19.976841102 19.9 19.9 19.8124213668119 19.3645553947025 18.7233541802077 18.894879018971 19.4305240211786 19.6708050221283 19.787444458 19.8 19.9008341000489 19.9528053426443 20 20.023158658 20.1 20.137444338 20.2 20.1732090391968 20.14821003
19.7669514325631 19.7843787620083 19.6067136640584 19.4390599310487 19.6129566796413 19.81250668724 20.2501397198026 20.5723929294436 20.767789468 20.86605861 20.86605861 20.86605861 20.8795876806634 20.91070574 20.9353864212157 20.914327872 20.7420086018106 20.4867780519657 20.2941772329737 20.094748674 19.9101430214418 19.8994205815845 19.760544724 20.0681880723288 20.2 20.2 20.2 20.2 20.2 20.1769038173083 20.1816381257522 20.2 20.2404956161268 20.2912053449337 20.2515968499941 20.0977026750547 19.9984548717697 19.9244905388244 20.0643439724723 20.0065557425932 19.84464713 19.84464713 19.686204460478 19.373813882307 19.1346328670046 19.2632775009789 19.5479130121602 19.7268597257806 19.7943943108411 19.8 19.9561253269621 19.9950885520225 19.953512344917 20.023158658 20.1 20.1167178222645 20.14464713 20.14464713 20.177234946554
20.4406446909057 20.59996568 20.5925988756897 20.6369709677293 20.7722131911699 20.892780888 20.9780699362963 21.022961694576 21.089217988 21.18748713 21.18748713 21.18748713 21.1685495437151 21.101589865143 21.0792180845708 21.1129282460027 20.9851641465735 20.5656655885629 20.326840742 20.139395804 19.8923145208621 19.8979701845657 19.9280201499871 20.1144189885787 20.26249571 20.248022242277 20.2189374362952 20.26249571 20.26249571 20.26249571 20.26249571 20.26249571 20.335654728 20.3123104936997 20.212555302 20.1881643843339 20.18748713 20.1885974242332 20.183983942 20.0305233059999 19.8 19.7765987451224 19.6148850648994 19.4948249020219 19.5617845805941 19.6370047476675 19.735654488 19.7926122616894 19.8546490348828 19.86249571 20 19.991127022 19.916015818 20.023158658 20.1 20.1 20.0721349265399 20.0698333320322 20.158872858
21.0610412724496 21.07530180298 21.1267905948152 21.1392771 21.1392771 21.219579438 21.2392771 21.3051468242089 21.341007958 21.4392771 21.4392771 21.4392771 21.3878728567669 21.2582696874379 21.2703274656427 21.3246218521525 21.2625286500523 20.858790018257 20.5035008490761 20.3905153373335 20.1427689371283 19.9771765358472 20.2070307361563 20.111567568514 20.2638220030726 20.416117962 20.3484772198995 20.3435625216947 20.3310501985102 20.333614181285 20.3 20.3459727091246 20.3918506886706 20.319698142 20.2734505217391 20.2983566980561 20.3684335398513 20.2973059623535 20.2201624403249 19.9235012475263 19.8 19.762555422 19.6418751953776 19.621368808 19.728511648 19.76963855 19.842797328 19.86963855 19.8961879553935 19.9658692228114 20 19.991127022 19.9048626345742 19.953520108 20.0514629738355 20.0739243059597 20.0168241362451 20.051730018 20.158872858
21.3432100341315 21.342355384031 21.35356278 21.35356278 21.35356278 21.3722078666811 21.4439230131564 21.4755248030062 21.5539646611687 21.5835947386688 21.65356278 21.6357806876562 21.4929104898187 21.3 21.344587898 21.4397195796937 21.4631117635311 21.2248573367371 20.887647786 20.8687826270436 20.6215721359999 20.4673572047186 20.602335531444 20.3392176280001 20.4537979915381 20.5714041600684 20.4837639402823 20.3145244437434 20.3103526344192 20.3112075074183 20.3452037672558 20.3921094289067 20.4 20.3813550247682 20.3096401353943 20.3726256264432 20.398269622 20.2863740397637 20.0577782840888 19.6764058847586 19.8837644931083 19.685774032 19.6128660313055 19.651730258 19.758873098 19.850687954818 19.8937678413446 19.8383433015071 19.8903596803304 19.9219618558321 19.92321861 19.9211584278428 19.9 19.923158658 20.0070355866448 20.0145245551927 20.0342346550302 20.0887923811324 20.1136694592949
21.48392423 21.48392423 21.4345148315719 21.4554039718983 21.48392423 21.48392423 21.571369408 21.58392423 21.68392423 21.692797928 21.78392423 21.7218921926814 21.4760309222588 21.38392423 21.428512128 21.535654968 21.58392423 21.4966825169601 21.232294916 21.0972889531593 21.0417518886714 21.0204912063606 20.946580836 20.660646148 20.754347433229 20.7484123317588 20.5675875942886 20.3314252751814 20.38392423 20.38392423 20.3439795768164 20.371479339062 20.4 20.4 20.3859425914723 20.478511768 20.398269622 20.2822535639999 20.09799312547 20.1060844658851 20.0260822454137 19.6311303482367 19.51607577 19.6112202487035 19.758873098 19.8106125703562 19.81607577 19.735774152 19.803520228 19.81607577 19.8175277749945 19.8925534215354 19.8295169219347 19.9037229325952 19.941506068875 20 20.044587178 20.1 20.1
