catData/variables/pastClimate/midhol_MPI_ESM_P/bio17.asc
NCOLS 409 
NROWS 350 
XLLCORNER 60.897278365 
YLLCORNER 5.843756025 
CELLSIZE 0.0892857 
NODATA_value -9999 
[rows 108 to 134 of 350, columns 61 to 121 of 409]
4.37503090000003 4.60664628000023 5.90537624310588 8.48254278130981 10.7500618000001 11.396691054069 12 12.2475900672407 12.1006529756218 12 12 11.4088421157909 11.0064984529285 11.3195610300659 10.7500618000001 10.6631997756589 10.3750309 10.00056112 9.37503090000003 9.18101744710866 8.63204633002887 7.7148475199999 6.91779614430401 6.44889691855843 5.50056231999992 4.42913391999998 3.9935024471457 3.56950072999172 3 3 3 3 3 2.67668837281714 1.78627832000001 1.12744263290769 1.45723325577016 1.62496909999997 1.62496909999997 1.62496909999997 1.61414277277997 1 1 1 1.1893884986697 1.62496909999997 1.79219289560546 2.51732178000003 3 3 3.4572317558443 3.92613218129332 4 4 4 4 4 4 4.18938699874384 4.76540413839373 5
4 4.07031900840651 5.02872414156541 7.67272324005697 9.61412654916066 10.3141247433008 11.0172141675386 11.3036025 11.3036025 11.8628393451056 12 10.3953786565166 10.3036025 10.2766559018615 10 9.83870529976033 9.30360249999998 9.18991253861754 9 8.63973506300438 7.71484751999993 6.64341911999986 6.08148333456253 6 4.51655368705925 4.01642581212953 3.98793464868134 3.27665663050751 3 3 3 2.73922185273635 1.99308179354735 1.45014408564151 1.12485574483054 1.45974838401963 1.91851593679147 2 2 2 1.99474069996451 1.63459126084642 1.11154879834259 1.69639750000001 1.78840016327947 2 2 2.51732178000003 3 3.45974671266561 3.91851520814546 4 4 4 4 4.06180456779958 4.58485037301144 4 4.30303418000002 5 5
4.76782590000003 4.76782590000003 5.44427237688241 7.17388548273307 7.91024878000012 8.8615667896645 9.82093148000006 10.7390818406958 11 11.1864456882732 10.5607326327575 10.0251215255159 10 10 9.87700613069542 9.17839956482012 9 9 8.65762782863301 7.71484751999989 6.64341911999992 6.0788966179135 5.43824952657083 4.61557905105521 4.05829028892039 4 3.22815159549128 3 2.87700797347747 2.23217409999997 2.23217409999997 1.85770671999983 1.12864864858466 1 1 1.6601809800001 2 2 2 1.27371764280634 2 2.04753983644952 2.44985121251941 2 2 2 2.34236848580262 2.88793461868192 3.45205763683381 3.9211022676508 4.56174678786481 4.15123453661949 4 4.72628051441148 4.76782590000003 4.78843111455745 4.96281096095814 4.76782590000003 4.83818258801076 5 5
5.83925429999997 5.83925429999997 6.19101106454688 7.31427738729538 7.91093090086252 8.51732897999994 9.58875738000008 10.6601857800002 11 10.3260430616518 10.0201782501902 10 9.98545758612539 9.16074570000003 9.13499671755873 9 9 8.68572462691496 7.71484751999988 6.64341911999994 5.57199071999998 5.16074570000003 5.04314225229565 4.19695981999989 4 4 3 2.92551300849367 2.13499710334839 2 1.74567323296733 1.10055167887473 1 1 1.4941131344011 1.94537555375679 2 2 1.26610049823038 1.00869721361169 1.17528408545395 2.08875138000007 2.97425178913804 2.64487613901971 2 2.3142713446645 3.28514768000006 3.83925429999997 4.42800448000014 4.83925429999997 4.95685697612498 4.87091551571707 4.83925429999997 4.99130240059862 4.98546362875628 4.16074570000003 4.16074570000003 4.35512184676995 5 5 5
6.91068270000003 6.91068270000003 7.21372648000017 7.94412954404274 8.40607394412614 9.42801167999998 9.9632689195367 10.6601857800002 10.3337316231992 10.0175917049693 10 10 9.08776962947536 9 9 8.7890740660184 8.08931729999997 7.71484751999997 6.64341911999982 6.04311108665614 5.41124501999995 5 4.33373380883771 4.01759191933087 4 4 3 2.91124621999991 2 2 1.69696101999992 1 1 1.47111818101776 1.96326849081365 2 2 2 1.12553381999992 1 1.92800568000016 2.91860973363291 3 2.97931338270448 2.63471252912681 2.71548375904207 3.9505086927895 4.47111599537925 4.96326827645214 5.60121321171665 5.24442088011475 5 5 5 4.08777027255991 4 4.14587076889736 4.72044972586794 4.36528528523468 5 5
7.15732141113345 8.20958313562894 8.3743979996279 7.38566218461921 8.44590058000018 9.51732897999994 9.42177484189498 9.67807468000013 10.0048011270954 10 9.14117234391396 9.01788889999997 9 9 8.84268094593321 8.01374559856206 7.70237969694257 6.64341911999998 6.00991227204778 5.49192782345686 5.00735672103827 5 4.26838821999993 4 4 3.07102407648545 3 2.99841229250496 2.82479440299974 2 1.69696101999992 1 1.43791919498129 1.99136546052362 2 2 2 2 1.98435676195262 2.91108466644791 2.98242098905695 3 3 3 3.29219459784814 3.97761973316148 4 4.51732178000003 5.57821808690518 5.99392096859977 5.9869123558955 5.19344113960907 5 4.07102879061878 4 4.08716135837172 4.9849764971331 4.99585682736216 4.98753204814262 5 5
8.80342618163146 8.02873835672495 7.6596415324592 7.0200490532811 7.92146736589742 9 9 9 9 9 9 9 8.99907227932268 8.86245628149902 8 7.76838701999983 6.98377531603549 6.57199072000003 5.94646050000003 5.45683132642984 5 4.33981661999987 4 4 4 3.05410301999995 3 3 3 3.01240031464791 2.7505005199999 2.40795808370861 3 3 3 3 3 3 3 3 3 3 3 3.23160818000011 4.30303658000005 4.6656323555933 4.52909947138154 5.54316413055971 6 6 6 6 5.12553621999994 4.10475041437109 5 5 5 5 4.9837757015199 5.30087454069821 5.49477558024724
8.39010454950203 8.66173713999961 7.1249679 7.452643078057 8.50162383909158 9.06031838376026 9 9 9 9 9 9 8.8598697362781 8 7.97998206942503 7.64341911999984 6.5719907199999 5.54735902202007 5 5 4.92642452653485 4.29735045061339 4 4 4 3.05410301999995 3 3.01109137350367 3.1249679 3.32763459219974 3.69696101999992 3 3 3 3 3 3 3 3 3 3 3 3.02001733072907 3.32763249212267 4.30303658000005 5.37446498000011 6 6 6 6 6 5.89964635493567 5.10984822221261 5 5 5 4.97998296919389 4.8750321 4.60986746510281 4 4.39016892060066
10.1963963 9.77865394365478 8.33327592287 8.19639630000002 9.08819746000038 9.67906732000008 9.0807665289703 9 9 9 9 9 8 8 7.83981542000006 6.76838701999983 5.6969586199999 4.92645552074618 4.80360369999997 4.80360369999997 4.33047801967852 4 4 4 4.1717423935783 3.25049931999998 3.19639630000003 3.26771916599709 4 4 3.75647675442772 3.12285229209729 3 3 3 3 3 3 3 3 3 3 3.16017978000006 4 4.30303658000005 5.37446498000011 6 6 6 5.87034336954871 5.80360369999997 5.15828149740091 5 5 4.80360369999997 4.80360369999997 4.67488456477565 4 4 4 4
11.2678247 10.9741770003359 9.69695621999987 8.89970710073315 9.62397646000036 10.4919532777396 9.67906731999991 9.09101064152719 9 9 9 8.74666478232135 8 8 7.83981542000006 6.76838701999983 5.77812058668601 4.79306266351243 4 4 4 4.17681341569352 4.26782469999999 4.26782469999999 4.90808899490215 4.30743759489936 4 4 4 4 4 3.62553261999986 3 3 3 3 3 3 3 3 3 3.0237698117231 3.38510437847547 4 4.22187589887251 5.20693125092915 6 6 5.84231815966651 5.07199671999993 4.73217530000001 4.73217530000001 4.73217530000001 4.73217530000001 4 4 4 4 4 4 4
12 11.6153454756724 9.9334007781991 8.75256866792874 9.07978110594349 10.5173289799999 10.6109803863128 9.45509724755887 9 9 9 8.05410062000009 8 7.9698891907908 7.55490543533724 6.84696244146513 6.23644537240668 5.37810047372132 4.3392531 4.3392531 4.3392531 4.77546722176661 5 5 5 5 4.33337541112627 4 4 4 4 3.75257183951378 3.18798157435804 3 3 3 3 3 3 3 3 3.08875138000007 4 4 4 4.49485314938727 5.47276451143451 5.6607469 5.07199671999983 4.22453594981855 4 4 4 4 4 4.03010836658685 4.28491242728511 4 4 4 4
12 11.7683846199998 10.5183669141359 9.25689270340931 9.44590058000018 10.5173289799999 11 9.67962843999968 9 9 9 8.05410062000009 8 7.91124381999988 7 7 6.8214121085004 6.03621171999999 5.41068149999998 5.41068149999998 5.41068149999998 5.41068149999998 5.41068149999998 5.08088775431728 5 5 4.98267461999984 4 4 4 4 4 3.73722536777399 3.1982260297713 3 3 3 3 3 3 3.00711422741092 3.46298433013455 4 4 4 4 4.44589338000009 5 4.41124981999983 4 4 4 4 4 4 4.08874898000004 4.90560450668445 4.41068149999998 4.28623096840631 4 4
12.8097643421818 11.8800486876902 11.0329657135284 9.62552781999997 9.44590058000018 10.5173289799999 10.7161542384039 9.83408274075428 9.12939146084157 9 8.57840888327922 8.02801817550191 8 7.91124381999988 7 7 7 6.80606580818883 6.48210990000001 6.23270163424882 6 6 6 5.58411344087573 5.060519940343 5 4.99102735721918 4.43932082399954 4 4 4 4 4 3.48267581999994 3 3 3 3 3 3 3.01732298000013 4 4 4 4 4 4.23092376715758 4.51789009999999 4.21298221040469 4 4 4 4 4 4 4.08874898000004 5 5 4.84306159821637 4.48210990000001 4.48210990000001
14.2331643400001 12.4253303163008 11.5616587788066 10.17906612 9.75261583097786 10.5173289799999 10.4112426199999 10 9.2683858199999 9 8.12552901999986 8 8 7.96037376499164 7.46486999990062 7 7 7 7 6.76903349563798 6.5535383 6.5535383 6.14856315903879 6 5.60958327117656 5.02994809371564 5 4.96037483649973 4.46487132839246 4 4 4 4 3.76903456714607 3.22764119774617 3 3 3 3 3 3.56127234709992 4 4 4 4 4 4 4 4 4 4 4 4 4 4.00958760440836 4.59316132048408 5 5 5 5 5
14.7797375682736 13.2485994202918 11.8863484911421 11.0164618774235 10 10.194015594555 10.5221834337585 10.2123725716864 9.2683858199999 9 8.12552901999986 8 8 8 7.83981542000006 7 7 7 7 7 7 7 6.72562121982769 6.12309332873792 6 5.64525713413053 5 5 4.83981781999991 4 4 4 4 4 3.41124741999997 3 3 3 3 3.59115261421048 4 4 4 4 4 4 4 4 4 4 4 4 4 4 4.6314624942754 5 5 5 5 5 5
14.83981302 13.6980650557164 12.4853568965225 11.5118362312383 10.3858721210007 10 10.5887573800001 10.3398142199998 9.2683858199999 9 8.12552901999986 8 8 8 7.83981542000006 7 7 7 7 7 7 7 7 6.75619306645511 6.69639510000003 6.03767707802317 5.68432979026228 5 4.9513679052593 4.53510262697977 4 4 4 4 3.82125183182437 3.23664830041474 3 3 3.6089739628678 3.98357332937145 4 4 4 4 4 4 4 4 4 4 4 4 4 4 5 5 5 5 5 5 5
14.716817692362 13.0005611199997 12.1618168558128 11.62552782 10.8964723639876 10.370606151925 10.5887573800001 10.3398142199998 9.2683858199999 9 8.12552901999986 8 8 7.93185091922567 7.19498540486159 7 7 7 7 7 7 7 7 7 7 6.78038494982308 5.98267461999984 5 5 4.76838941999986 4 4 4 4 4 3.3398190199999 3 3.61659127887207 3.9708539970408 4 4 4 4 4 4 4 4 4 4 4 4 4 4 4.72627824427029 5 5 5 5 5 5 5
13.2699966946405 12.9627682677342 12.8392519 12.46477972 11.4650289910237 10.4826710200001 10.5887573800001 10.3398142199998 9.2683858199999 9 8.12552901999986 8 8 7.98573261270172 7.70481668688434 7 7 7 7 7 7 7 7 7 7 7 5.9972149780832 5.76476512150274 5 4.76838941999986 4 4 4 4 4 3.89387716180884 3.8392519 3.96833869736326 4 4 4 4 4 4 4 4 4 4 4 4 4 4 4 4.94589217999999 5 5 5 5 5 5 5
13 12.7890724362568 12.3652957004836 12.62552782 11.9601722939646 11.3933513200001 10.9632679325544 10.3398142199998 9.93465244092668 9.17936524233271 8.12552901999986 8 8 7.91917149537063 7.07501206136974 7 7 7 7 7 7 7 7 7 7 7 6.89490241774389 5.91124621999991 5 4.97931261247757 4.63470867078187 4 4 4 4.53616537618023 4.30946648707923 4 4 4 4 4 4 4 4 4 4 4 4 4 4 4 4 4 4.0844868057499 5 5.08082194773113 5.91068030000005 5.69976147878783 5 5 4.59393586856607
13 12.7683846199998 12.3030437800001 12.62552782 12 11.4826710200001 10.4217762549127 10.0060797181543 9.28147534877848 9.00352382428843 8.12552901999986 8 8 7.91124381999988 7 7 7 7 7 7 7 7 7 7 7 7 6.98267461999984 5.99841207949589 5.98210870000008 5.75464193436988 4.99457823869715 5.34987637176446 5.96421740000017 5.4561488221017 4.99264224903459 4.3398190199999 4 4 4 4 4 4 4 4 4 4 4 4 4 4 4 4 4 4 5 5.08874898000004 6 5.76839421999992 5 5 4.55410901999976
12.991424053633 12.7024475042392 11.8929258 11.5385017745479 10.5244345439414 9.48267102000006 9 9.66018578000016 9.30755432151598 9.01054452909027 8.12552901999986 8 8 7.91124381999988 7 7 7 7 6.97612790454752 6.45683248484604 6 6 6 6 6.8276520681858 6.94646290000001 6.93006507060146 6 6 6 6 6 6 6 5.41124741999998 4.3398190199999 4 4 4 4 4 4 4 4 4 4 4 4 4 4 4 4 3.95318374516377 3.94646290000001 4.01639328637674 4.95121426301717 5 5 4.98377642880192 4.57200031999993 3.52444362998514
12.6948296739508 11.3447261035383 10 10 9.94427781106996 9.42235379465021 9 9.57768533390951 9.87503449999993 9.17234453753086 8.12552901999986 8 7.99783462530839 7.79736978041162 7 7 7 6.95320419670739 6.48485820901262 6 6 6 6 6 6 6 6 6 6 6 6 6 6 6 5.48482118053601 4.38228467374372 4 4 4 4 4 4 4 4 4 4 4 4 4 4 4 4 3.12553621999994 2.88179611078015 3.87719897493996 4.06656785867964 4.75006899999987 4.75006899999987 4.48490363782066 3.54736682354087 3
11.6796260400001 10 10 10 9.55409941999982 9 9 9 9 8.84228733584766 8.1008758861989 8 7.98267221999981 7 7 7 7 6.62553022 6 6 6 6 6.1436840907602 6.03868170719309 6 6 6 6 6 6 6 6 6 6 5.88437258467869 4.61289965736781 4 4 4 4 4 4 4 4 4 4 4 4 4 4 4 4 3.12553621999994 2.05410782000001 2.8209266800002 3.73228687830313 3 3 3 3 3
-9999 -9999 -9999 10 9.67352153890679 9.12927006271974 9 9 9 8.19695741999986 8 8 7.98267221999982 7 7 7 6.91883876061321 6.45799927776012 6 6 6 6 6.53566983037338 6.14420958799994 6 6 6 6 6 6 6 6 6 5.86144904826679 5.30110619010653 4.51663020847976 4.07188099314681 4 4 4 4 4.02376959871979 4.26782229999996 4.20579246453353 4 4 4 4 4 4 4 4 3.12553621999994 2.05410782000001 2.01732058000027 3 3 3 3 3 2.8805804521871
-9999 -9999 -9999 -9999 10 9.48267102000006 9 9 9 8.19695741999986 8 8 7.64929998149424 7 7 6.92142513440584 6.46051492029384 6 6 6 6 6 6 5.72756805680677 5.66074929999992 5.66074929999992 6 6 6 6 6 6 6 5.48267581999994 5 5 4.5165896142916 4.06681957100849 4 4.32089539839129 4.33925070000008 4.39789311220915 5 4.84696505719067 4.23644532810944 4 4 4 4 4 4 4 3.12553621999994 2.37500240418961 2.35069526111086 3 3 3 3 2.87296330761113 2.21485831999968
-9999 -9999 -9999 -9999 10 9.48267102000006 9 9 9 8.19695741999986 8 8 7 7 7 6.76838701999983 6 6 6 6 6 6 5.69954233264014 5.11607253838616 5 5 6 6 6 6 6 6 6 5.48267581999994 5 5 5 4.52675305275629 4.41067910000005 4.96811454519074 5 5 5 5 4.82141420994146 4.25689415903207 4 4 4 4 4 4 3.12553621999994 3 3 3 3 2.90488434671476 2.46487109568829 1.95796317533795 1.32654802636435
-9999 -9999 -9999 -9999 10 9.73207920122537 9.48210749999998 9.8003880159314 9.96421499999997 9.16117241999983 8.96421499999997 8.05216462931339 7 7 6.92277381259768 6.39794187475528 6 6 6 6 6 5.6817206411266 5.13899624622632 5 5 5 6 6 6 6 6 6 6 5.73208168710931 5.19826546553763 5 5 5 5 5 5 5 5 5 5 4.62553501999989 4 4 4 4 4 4 3.12553621999994 3 3 3 2.92277728377164 2.28628671999993 1.36095337093435 1 1
