catData/variables/pastClimate/midhol_MPI_ESM_P/bio15.asc
NCOLS 409 
NROWS 350 
XLLCORNER 60.897278365 
YLLCORNER 5.843756025 
CELLSIZE 0.0892857 
NODATA_value -9999 
[rows 208 to 233 of 350, columns 180 to 239 of 409]
102.80421522 103.026107083158 103.2321909 103.2321909 103.2321909 104 104.08873698 105.283141816269 107.053176848213 108.232663187306 108.567246554351 107.682782878342 107.120114066139 107.68422758938 108 107.438276559583 106.42916992 104.280252951453 103.05412222 101.21488472 100.122852958008 98.8770254064729 98.1784174890454 98 98 98.1035284843991 98.2321908999999 98.8209242800001 99.7390691221565 100.73159018 101 100.328591651288 99.28631552 98.2016011202511 96.3075202447325 94.5364121199998 93.5187565736958 92.6961040981774 92.5354002799997 94.8409232928601 98.7577480167553 101.778541736104 105.69080359883 108.525498434933 109 108.79696192597 108.328562902976 105.992763945986 101.39936313495 100.283129088043 101.7678091 101.46479412 100.480308065401 100.342344410117 99.8533211343642 98.4112714199999 96.6796860399992 94.5368292399996 91.7774111522902 87.2660550335421
101.50059592 101.278375537972 101.995452333873 102.1607625 102.1607625 102.350577018816 104.08873698 105.32033076 107.23159378 108.557329756788 109.46478692 108.39335852 107.8392375 107.439794991664 107.1607625 107.043149847858 105.523053700297 104.145734451547 102.260306116607 100.14345632 99.0720279199997 98.1350142989278 97.805639829227 97.1607625 97.1607625 97.1607625 97.5949042381529 98.5887333800001 99.1061292581573 99.8923526800001 100.834685805533 100.12555302 99.05412462 97.1261549399995 94.9088307670863 92.0269516552422 90.2506985199997 89.1792701199998 88.5424843397073 90.8007410521395 96.8539169919492 100.683376844172 104.461559400001 108.237913959518 109 109.733866683208 109.045425424947 107.781770533795 104.11685686377 100.454727110588 102.8392375 102.281920985722 100.62555662 100.44587178 100.399537349813 99.2505089199999 96.4108665529931 93.6975917399996 89.4038826056138 85.577805938074
101.030358712726 101 100.340451361862 100.1786682 100.1786682 101.108188926417 102.348214921756 104.263807710073 105.621166538098 107.97133042627 109.62554942 108.960167802613 108.439571709216 107.41126422 107 107 105.39395804 103.329219388357 101.19757854 99.9826938199999 98.9112654199997 98 97.7684086199997 97 97 97 97.0462129748138 97.6780674800001 98.6905209215297 99.7315901800001 100.80301858 100.12555302 99.05412462 96.9496344776121 93.9039429305579 91.5338260612698 88.8577451199996 87.7863167199997 87.0893340999999 90.1307898228354 97.531783960001 101.49939688 104.61027816407 108.19476334 109.731279452274 109.988783619554 109.915501288617 107.93234008321 103.888094754881 102.155955746868 103.9106659 103.304635939999 101.195229702353 100.44587178 100.95378745399 99.2496672356769 96.0498886303318 92.2043695229901 87.1635992999992 85.1479910096948
101 101 100.19697662 99.1412058912367 99.0179056999999 99.05311998 100.213285360001 102.353274286755 104.48109326 106.629375884249 108.396852380499 108.562104795252 108.008642949246 107.41126422 106.351656521757 105.299412797259 104.218411767238 103.127798691736 101.10824444 99.965697519267 97.9291711199996 97.0179056999999 97.0137588942271 97 97 97 97 97.5887333800001 98.0118206587841 99.4679864257141 100.80301858 100.98434241471 100.03621892 96.9480886599992 93.7353922717945 90.6947167527026 88.9958532372008 88.976668561699 89.3319296661973 92.6295116693072 99.0772667448077 104.305393299075 106.623998427432 109.17685764 109.996472866814 110 110 108.96386354004 107.838058651178 106.758916552971 105.509308879651 103.096380755326 100.636757649171 100.007983646331 99.5098681418328 97.2696256599996 94.0553404599986 89.3909840483375 85.6159187123183 83.2846788393414
100.624832682189 100.254039258636 100 99.0787451997142 98.05122318111 98.0163821780654 99.0352142800004 100.258235576416 102.35614216 105.088824754768 108.233924086058 108.470940266883 107.42916992 106.9464773 105.661482709356 105 104.239958871006 103.17907332 102.10764492 100.07243304 98.102296085695 98.0535227 98.0411273040456 97.7131986567788 97.0334812223963 97 96.4826950199998 95.9684893999223 96.571305439098 98.3561349600002 99.738952902552 99.9932800633765 100 98.0025375050251 94.9295810399993 92.7952964666751 91.586560257501 92.7294192366488 92.48149118 94.8666777300275 99.6123481692021 104.35492392 106.695492892448 109.209129486728 110 110 109.949374324253 109 108.827289497395 106.89336452 105.590349539999 103.431274560129 101.605515399305 100.03086947848 97.7199177282794 92.104574519012 87.6261633399992 86.1757354951817 84.2869270399997 82.1908727464666
99.8750488999999 99.9664624975055 100 98.2510964399992 97.8818112310407 97.8750488999999 97.9748736632621 99.1401525395871 100.280360664872 102.496350285285 105.295884771867 106.680859769018 106.362066672338 106 105.422324060471 105.1249511 105.024612745226 104.12555062 103.172310689077 102.094663592455 100.275031236621 99.2298896594698 98.8933597199997 98.0870884451673 97.672339531984 97.0692383308647 96.4826950199998 95.4112666199999 94.9175120594109 96.3382292600001 98.4810860600003 99.8587589920431 100 98.9675545663447 96.9585739234959 95.0897416200001 94.0183132199998 93.5529195800004 94.6243479800002 96.5318122707485 100.064886367193 104.22997282 107.277855300707 109.46317556 110 110 109.05412702 108.754421452925 108.922357103614 107.944780979235 106.507889842083 103.966003959999 101.032587915562 98.1761070212587 93.0126921460839 88.5504671726548 86.3873200808228 84.2869270399995 82.344745150252 81.2348203322771
98.8036204999999 99.3915452236251 99.7649383298526 98.3981657466605 97.25049932 97 97.1600478362368 98.8350736972417 99.0454802707196 99.7429165158033 101.97628290465 104.140681471153 105.32092788 106.034851776217 106.1963795 106.1963795 105.39335852 104.32193012 104.1963795 103.1963795 103.018910339999 101.004763794069 99.7684086199997 98.6969802199997 98 97.5541234199998 96.5842831133198 95.6076461199999 94.6658599602753 95.7122700462469 97.6447202727693 99.5771704992916 99.9893710341867 99.1790757199998 98.1076473199997 97.0362189200001 96.0102698480977 95.6362699784246 96.5708252800001 98.0005673114694 100.03460516 103.123694529027 106.717360908965 109.26679606 109.96131641592 109.828277010602 109.043497582876 107.224186987293 108.821045209832 108.67968364 106.305240259999 103.031449129734 99.1587809725143 94.0939425227775 89.560994309301 86.125645076704 84.1434635199995 82.4841181111314 82 82
97.7321921 97.9281190152444 98.5879673749513 98.9663771948532 98.3074340046574 97.2724432744618 97.6005883157342 98.4279732800001 99.4994016800002 100.57083008 101.64225848 103.040155946713 104.655846383093 106.44527946 107.444605082701 107.339689527495 106.24973155769 105.12555062 104.746686458082 103.995365268277 103.554722939999 101.454759051331 99.7063866188637 98.4291723199997 97.7321921 97.4057247905488 97 96.5689340701576 96.0910113600378 96.7315901800001 97.8030185800002 98.6402631706251 99.67806748 99.7148883199997 98.667223098788 97.83983942 97 97.0811504482014 97.5419741419944 98.4458741800004 100.03460516 102.019795152581 105.196033722778 108.123484747028 109.320154203168 108.824122786636 108.7321921 108 108.064967243951 108.41187574 105.975411644341 102.008874863611 96.2137424294664 90.0471539453537 85.6722576297504 84 83.3398430199996 82.2684146199998 82.2150534340929 82.2678079
97 97.4834114058863 97.9331783802447 98.8744517800004 99 98.6899094813627 99.3693391047686 99.7843040691008 100.49226506297 101.30302218 102.37445058 103.597137315423 105.198361618446 107.377192107685 108.99940048 108.111278200106 106.05472174 104.489669347791 103.37564962 103.30422122 102.174160230601 100.50060072 99.2761451428625 97.5941849110056 96.6607637 96.6607637 96.8362523273868 96.8002802664822 96.2245527596483 96.7315901800001 97.5306055280896 97.6607636999999 98.60663908 98.3100936903029 97.6908648764342 97.894171702565 97.3392363 97.5394591851733 98 98.4458741800004 99.8591173467806 101.24949468 103.417291814519 105.771747345163 106.576230737743 106.939698143874 107.303165550005 106.6430548 106.703255524534 106.946879571602 103.898819630941 98.2855073206571 91.2826316939532 86.8933645199997 85.1291489409472 84 83.5637922313141 82.6076509199999 82.5974272328476 82.9574062297073
97 97.3004402329833 97.8839147245594 98.8744517800004 99.3884396003557 100.4106647 100.46296053473 101 101.095107390186 101.71368688 102.78511528 104.119315902442 105.51730738 107.282661335054 108.56772865507 106.873667407388 104.242856270154 102.019107139999 100.82212812 100.757806757218 100.08993602 99.0842809021327 98.3577439199996 97.1077352670473 96 96 96.3048660855799 96.2423739368776 96 96.4311519182074 96.5893353 96.5893353 97.1467730508348 96.5893353 96.6780674800003 97.5893352999999 97.6844407189951 98 97.84622833609 97.8521046936327 98.69597318 100.009172611283 101.36744575252 101.467568623802 102.16035738 103.590889301113 104.71387888 103.596440366027 104.068144994546 104.024446116231 99.0211409201975 93.9125639875697 89.7735465166293 87.5985853184551 85.4623086064591 84.4106647 84.1395615318552 83.2684146199998 82.8565250461192 83.3366690444833
97.4820931 97.8609911881474 98.3871320306367 99.7781120494213 100.91006638 101.4820931 101.4820931 101.404878475443 101.23159378 102.30302218 103.193930539091 103.96378588 105.03521428 105.822817222739 105.399292607909 103.25574670517 100.180471559999 98.2622017523966 97.5817509711812 97.5620638899653 97.9898575487492 97.5179069 97.2863155199996 96.3609708651014 96 96 96 96 95.6817405609781 95.5179069 95.5179069 95.5179069 95.5179069 95.5179069 95.5638619082742 96.1130261105099 96.7494958800003 97.3718243119218 96.841885746862 96.3029540343536 96.3037283755698 97.7311826600001 98.5537206999999 98.1748263407822 98.8388299800001 100.36313926165 101.49959368 102.044774304082 102.46499092 100.587035746973 94.9347934522699 92.0909550599989 89.4450400501613 87.6101949772448 85.9647929199999 85.1982711138092 84.3398430199996 83.6211068837588 84.2851068800002 84.4820931
98 98 98.3585326741673 100.195382060001 101.915923696054 102.543940828836 102 101.928489601386 101.656923143504 102.135292888393 102.4464785 102.89235748 103.677445123061 103.892957 102.207213572839 98.7397055377289 94.9323616826178 93.8419696524912 94.3094776876021 94.3567416799999 95.3394354999998 95.3394354999998 95.3642257360892 95.4464784999999 95.4464784999999 95.6932807733765 95.7136605715128 95.4464784999999 94.7863167199995 94.4464784999999 94.4464784999999 94.4464784999999 94.4464785 93.8929569999999 93.9420721693719 94.6066390799999 95.549878000407 95.7576662547035 95.2392147101856 94.4470828199995 93.8929569999999 94.7445437048539 95.7048479102567 96.2979065653672 96.8050079595221 97.7674015800003 98.8388299799998 99.8929569999999 99.7551133790791 97.7159465920617 94.111493491141 92.0909550599989 89.2511132399999 87.5541282199997 86.4826998199999 85.4112714199999 84.7052541018049 84.5535215000001 84.9120498879738 85.4840225471372
98 98 98 99.2024150075347 101.26681046 102.37937551068 102.6249499 102.6249499 102.480215390348 101.810626318911 101.609062952526 102.167226956037 102.3750501 102.007119733163 99.769607659999 95.8237298799995 91.538016279999 90.7501001999999 91.69597798 92.3815407845396 92.7501001999999 92.7501001999999 93.1264245897723 94.3750501 94.6090614526462 95.4458765800002 95.8059847155205 95.2570210330423 94.3398382199996 94 93.4981536187307 93.3750501 92.7839253758565 92.3750501 92.4083291129823 92.9102607799999 93.8948317098922 94.3750501 94.0006043199999 93.2078249442034 93 93.2208036129221 94.0352094800002 94.6494321700477 95.2519450813895 96.2494946800004 97.3209230799999 97.7392877042989 96.8367874057229 93.5949576371503 92.1830237400247 91.8447435228983 89.87606314 88.1790781199997 87.1076497199999 86.03622132 85.6249499 85.6249499 85.6249499 86.4993920800005
97.3036217 97.813088568461 97.4407919437752 98.1780734800003 99.5366916282479 102.01730858 103.06179450728 103.6963783 103.46478452 102.39335612 101.549310363331 101.3036217 101.3036217 100.71488592 98.7828531693886 95.5830948771527 92.0435007649161 90.7838090273194 90.9835673195558 91.3036217 91.2418288640281 90.7187774237353 91.6055292485013 92.8182597992629 93.9388274670266 95.4458765800002 95.6397600374459 94.7148883199998 94.1031822580812 93.4905364741548 92.5006031199998 92.3036217 91.35774632 91.3036217 91.3036217 91.4637822799999 92.5352106800002 93.3036217 93.1899318357185 92.6895028965174 92.3036217 92.7136011790098 93.2004387132266 93.8130835545372 94.2438131376991 95.1780662800004 95.5908092621716 96.2983686255919 95.7068703733548 92.6477508011196 92.3017994422335 91.6969850199996 90.2511132399999 88.5541282199997 87.8429364399381 87.5176275277019 87.3927566000001 86.8832964167707 86.6963783 87.5708204800005
97.5068803232404 97.3759546253391 97.0457366514206 97.2030418444891 98.9043266196013 101.262791523692 103.08873698 103.877023948128 103.178418775962 102.929640280053 102.105850455857 101 101 100.41126422 98.6796716399994 96.3669439445941 93.9753086486842 91.9897559272246 91.7678067000001 91.7545188990446 90.9112654199997 90.1601629800001 91.2315913800003 92.3030197800003 93.1738887171864 93.9102631800001 93.9470816199997 93.3276866536775 93.2321932999999 92.5006031199998 92.0457377659484 91.3285937499609 90.2863179199999 89.4643865999998 89.5325157623097 90.3923538799999 91.4637822800002 92.2321932999999 92.2321932999999 92.1286643027609 92 92.1366993890584 92.2321932999999 92.96378108 93.2321932999999 93.4352334726973 94.1906342113928 95.2454774154833 95.8700652991466 94.4126428763363 93.7140338477541 92.9999414881551 90.7314198040653 88.8964715600249 89.1649932441154 89.5356134000001 89.5356134000002 88.80402802 87.9190540395236 87.9708463154335
97.3913317484339 97.0431501061998 97 97 98.0979445125497 100.19538206 102.24950188 103.135015928701 103 102.745693150465 101.726115809951 100.625802709632 100.594907410785 100.905351951202 99.5189067399994 97.3760499399998 95.2331931399996 93.8242049528689 92.8846563667139 92.8219289199999 91.7505005199997 90.99939808 91.8764668650466 92.0487149446298 92.1607649 92.2324462037961 92.2383653166207 92.1607649 92.1607649 92.0431508778713 91.3260786217117 91.020184518705 90.05412462 89 89.0887321800003 90.16016058 91.0372313792108 91.1607649 91.1607649 91.1607649 91.1607649 91.1607649 91.1607649 91.2783785362929 91.3215298 92.0553943845411 93.1066378799999 94.1780662800002 95.1465002657912 94.9742521862081 94.8392351 94.4875059470414 92.2408940325413 89.4650438521243 89.9514366482925 92.3214801661277 92.8029134908737 90.5581756609138 88.3623039700401 88
97.0303595283258 97 96.2687159181873 96.8856678185564 97.94588018 99.1239536600002 101.17807348 102.0893365 101.878432497727 101.151602059016 100.71488592 100.049503232503 100.046214430753 100.0893365 99.3701955627331 97.5368148399998 96.12523993622 95.0362141199997 93.96478572 93.8933573199999 92.9027362631938 92.8356354000628 92.6997616833191 92 91.6590037098325 90.6832929730889 90.6497637636543 91.0893365 91.0893365 91.0893365 90.2863179199998 90.0893365 90.0048353041146 89.0157579208582 89.9185905223986 90.0143081856552 90.0893365 90.0893365 90.0893365 90.0893365 90.0893365 90.0893365 90.0893365 90.0893365 90.0893365 90.9637810800005 92.0352094799999 93.1066378800002 94.0893365 94.2351867087524 94.7891025545039 93.7863215199996 91.5915629799999 89.049503875726 90.0346003600002 93.3023193692132 94.8516873859562 92.6265708599995 90.2152994399998 89.0250044238132
96.3516557491309 96.0179080999999 96.0035274770086 96.0156597699213 96.96378828 98.0525252600002 100.019497210711 100.0358162 100.031668795428 99.7203124715012 99.0291105015681 99.0179080999999 99.0179080999999 99.0179080999999 99.0060858138481 98.2553059869181 97.1790709199999 96.1076425199997 95.9651530261282 94.981781979198 94.8770382877319 93.9820919000001 93.7505005199998 92.9820919000001 92.2399011954521 90.9920151976177 90.4833148186245 90.0179080999999 90.0179080999999 90.0179080999999 89.2148895199997 89.0179080999999 89.0179080999999 89.0003098778226 89.0179080999999 89.1752005083172 89.7725583386124 88.7203171855424 88.4035563675271 89.0179080999999 89.0179080999999 89.0179080999999 89.0179080999999 89.736394532877 90 90.8744445800005 91.94587298 93.0003098348432 93.105048898227 94.0028681287032 93.7863215199996 92.4173045625625 90.273518301013 89 90.5426366766469 93.7588206502838 95.6483348227869 94.5058198358562 92.3581562399999 91.0897416199997
96.3398334199997 95.9608448171919 95.9464797 95.9932806216011 96.0506237909977 97.0173085800001 98.0839877502097 98.9464797 98.9340847314162 98.60615505798 97.5720291199999 96.9464797 97.4637870800002 97.9779890155663 98.6601641800003 98.3075624743593 98.0535203 98.0535203 97.1582661825489 97.0897344199999 96.1070406 96.1070406 95.8754492199997 94.8040208199998 93.7325924199999 92.6373005716752 91.5362153199998 90.4647869199999 90.0181882434858 89.2684098199999 88.9570222046928 88.1188333847034 87.9493764658998 87.9464797 87.9464797 88.10664028 88.9588744116863 88.7294177821654 88.0870001495207 88.4516678402486 88.9464797 88.9779887586689 89 89 89.8030161800002 90.8276440437455 91.9429760856515 93.000925975048 93.1375012355558 94 93.7808080032373 92.7667227726338 91.3781941620306 90.6064326800004 92.1674751991766 95.39893705956 97.6248251803837 96.6007729470393 95.3899818968194 95.1672807921937
96.3398334199997 95.3598168616774 95.1249487 95.8901388668767 96.9458801800001 97.0173085800001 97.988912429707 97.8750513 97.6723948617389 96.9621377725378 96.5473878331851 96 96.5173073800002 97.5151740096455 98.6177021360779 99 99.1003364275238 99.1249487 99.1249487 99.1098049046929 98.238810129584 98.1449608561392 98.0183060199998 96.9468776199998 95.8286624066916 94.2889072390311 92.6679558352454 91.4626538495223 90.2573518637988 89.1434611199999 88.1723688476467 87.89073898663 86.92917592 86.8750513 86.8861382705392 87.1401487237377 88.1066402800003 89.1780686800002 89.5006055199999 88.4848885191542 88 88.5887309800001 89 89 89.8030161800002 90 91.8917459599999 93.0194631649395 94.1249487 94.1249487 94.1249487 94.1628100278316 93.9222402335547 93.7650067807227 94.7025615949994 96.2288449892763 97.082485756447 97.7651234378302 98.8030137800001 98.2348182336158
96.5362105199998 96.1963771000001 96.1963771000001 96.0246547953537 96.94588018 97.2102866712547 97.9112630199996 97 97 96.6969778199997 96 96 96.4157200569071 96.9192371251426 98.1906872328082 98.9472909292419 99.8030209800002 100.171721833341 100.1963771 100.1963771 100.12506795949 99.5214648384604 100.010264963589 99.0302282743608 97.3739476923112 95.5541234199998 93.9653900399997 91.8225332399997 89.6796764399991 88.2684098199999 87.8423055400134 86.9291759199996 86.0434957840858 85.8036228999999 85.9097800481854 87.0629037404695 87.5333856354316 88.2435117056662 88.5027096963835 88 88 88.5887309800001 89 89.1436670866319 89.8416992913187 90 91.8917459599999 93.2309798600005 95.1963771000001 95.1963771000001 95.2418554009795 95.6362639769715 96.1963771000001 96.1963771000001 96.1963771000001 96.6694928687726 97.6601569800004 98.1436666153269 98.8416973626237 99.1717204194262
97.78443516104 97.3396858405836 97.2678055 96.3933537199996 97.2136856800001 98 97.9112630199996 97 97 96.7781288264258 96.2678055 96.1483966568216 96 96.58873578 97.6601641800003 98.7315925800001 100.01807441506 101.14225488 101.521116771812 101.530976309812 101.244041891436 100.95710747306 100.670173054683 100.020650167385 97.9769347420687 95.7025207195545 94.1039271588211 92.0903387399997 89.7706869844252 88.0724859460499 86.9291759199998 86.0919292307021 85.7466893709214 85 85.1537013941696 87.0096237757928 88.2948208225831 87.7321945 87.7321945 87.7321945 87.8707309760882 88.5887309800001 89.1767943128407 89.8034700487833 90 90.2341810679693 91.9062414736545 94.0346027600005 96.0237623230979 96.2678055 96.4993920800003 97.3489545782265 97.535611 97.4162040850211 97.2678055 97.2678055 97.7511688098929 98.7315853800002 99.2150515068598 99.9080672547643
99.3392339000001 98.6076389199999 98.0668211470114 97.4221919076911 97.9642394576059 98 97.9413656117994 97.2849003734976 97 97 97 96.7053782853133 96.3392339000001 96.7282505452811 97.6601641800003 98.7315925800001 100.60604196 101.87444938 102.94587778 103.310186034129 101.541929742361 100.215701932341 99.4291747199996 98.5579715182533 97.699661356449 95.7690129399995 94.3189485058547 92.8225332399997 90.0195146599987 87.784999829963 86.2638041953339 85.7033579406312 85.0357637140714 84.6607660999999 84.7494982800003 85.7665947818203 86.4000950328824 86.6607660999999 86.6607660999999 86.8120217369908 87.5173025800001 88.5887309800001 89.8841078210993 90.0910545241983 90 90.8744445800005 91.94587298 94.0346027600005 96.0887297800003 97.0543310840183 97.6493824987215 98.8786898265765 99.3392339000001 98.8933621199997 98.3392339000001 98.3392339 98.3392339 98.8226407183598 99.8030137800001 -9999
100 99.2684050199999 98.5267480481846 98.051557920786 98 97.5893376999999 97.5893376999999 97.4949462033311 97 97.12443978539 97.2568895635809 97 97 97 97.3890596394637 98.32093028 99.8656092174052 101.412228173625 102.53521548 102.708987564316 99.252761533424 98.1786753999999 97.9470840199995 97.0000944198 96.2148895199999 94.8806892418585 93.7875623471116 92.4118709399997 89.8799559149457 88.2684098199999 86.7237322970053 85.1771129119647 85 84 84.0522932188774 84.6551096121521 85.1364841168187 85.5893376999999 85.5893376999999 86.0352118800003 87.3190769472989 88.8305005983283 90.459878490643 90.5688477403867 90.0808938285839 90.5153431575549 91.9236450534746 94.0346027600004 96.1251677555337 97.57082048 98.8738354600006 100.535099128621 100.513785040699 99.7372309506797 99.1982266182908 99 99 -9999 -9999 -9999
99.5179093 99.1390094560246 98.6128698966194 98.0650225907362 97.5439999619076 96.5179093 96.5606885728043 97 97.1116492075159 97.6390287051284 97.6255494199999 97 97 97 97 97.3788986009931 98.3209302800002 99.8452441462818 100.525697498925 97.5895129737219 95.5965060157866 96.1130316831423 96.2863179199997 95.5179093 95.1434611199999 94.0720327199998 93.0006043199998 91.3404425399997 89.5158435946328 88.2684098199999 87.1969814199998 85.6726687967006 85.026092975943 84 84 84.16016058 85 85 85 85.4458741800004 87.2839919229044 89.9433743902602 91.3060840823844 91.1293990350283 90.5841104523274 90.4820907 91.4618435259214 93.5608528943957 96.1346837582494 97.7552782491069 99.4631731600006 101.30301498 101.431628911175 100.267140061469 -9999 -9999 -9999 -9999 -9999 -9999
99.3654148112119 99.1485673051058 98.1969766199999 97.0319484754814 95.9470816199998 94.9025424296238 95.4861002666938 95.9816163969886 96.5498830993288 97.0606903643537 97.279295868036 96.7531974682813 96.4464808999999 96.4464808999999 96.4464808999999 96.4464808999999 96.8050144298692 97.2833867461868 95.7687584475127 92.9025411011779 93.4860991951396 93.9644715114569 94.236041572225 93.8929617999998 93.7257778395901 93.0006043199997 91.9291759199998 90.920764481275 89.8933573199996 88.4169797819975 87.1969814199998 86.1255530199997 85.05412462 84.5439411272677 84.0491149564148 84.625027739903 85.1281889237797 85.5535191000001 85.7607819911445 86.5529123800005 88.3726090814912 90.6679643556168 91.4464808999999 91.1198409295566 91.4444847932392 91.5535191000001 91.5535191000001 93.0519041400007 -9999 -9999 -9999 -9999 -9999 -9999 -9999 -9999 -9999 -9999 -9999 -9999
