catData/variables/pastClimate/midhol_MPI_ESM_P/bio10.asc
NCOLS 409 
NROWS 350 
XLLCORNER 60.897278365 
YLLCORNER 5.843756025 
CELLSIZE 0.0892857 
NODATA_value -9999 
[rows 104 to 129 of 350, columns 174 to 231 of 409]
29.8474514902156 29.9290641766201 29.962554702 30.0337644140001 30.1316380816137 30.2833731054376 30.43392555 30.5554247839263 30.519697662 30.5 30.4375014873406 30.3988563450962 30.33392555 30.3284918513925 30.2846975683631 30.203623332 30.096480492 30.01879886037 29.9658191993855 29.93392555 29.93392555 29.9091058693476 29.846940830408 29.83392555 29.739337772 29.73392555 29.7309151805695 29.7 29.7 29.6799781346974 29.621222189547 29.5705389502086 29.53392555 29.475052212 29.43392555 29.360766532 29.253623692 29.146480852 29.101836207502 28.9333385097464 28.8852638520091 28.717909492 28.610766652 28.503623812 28.4212222709683 28.355412582 28.3166307089142 28.3321489 28.3545451700542 28.439233228 28.4130155975654 28.4 28.3375019630766 28.33392555 28.33392555 28.33392555 28.3186235940991 28.2678511
29.6273745022428 29.7871731788932 30.0908260250579 30.1841714727773 30.3033818597959 30.4031125072635 30.5131555671448 30.5841824600393 30.519697662 30.5359123267373 30.5022226138745 30.4403575544862 30.4 30.3905611962903 30.3315572063214 30.2821424150669 30.203623332 30.096480492 30.04106839 30.04106839 30.0139565099917 29.9568860713965 29.94106839 29.9051561618269 29.8442578995614 29.84106839 29.832194932 29.74106839 29.7315573048855 29.7 29.677933165891 29.64106839 29.6198235073324 29.5653049940558 29.5139566085558 29.426840982 29.319698142 29.212555302 29.1442580409972 29.039338012 28.932195172 28.825052332 28.717909492 28.5983222160613 28.4471775366731 28.314344192 28.207201352 28.15893161 28.224947548 28.332090388 28.3919101916566 28.4359120310448 28.44106839 28.44106839 28.4447123792097 28.48213678 28.48213678 28.4696924426255
29.4120225381034 29.8110331234443 30.353260217257 30.44821123 30.499942208 30.5177212038058 30.5648008903466 30.6 30.519697662 30.587445178 30.5510140289104 30.4991036099313 30.4439331110477 30.4 30.3880060429941 30.3336021579849 30.280607665036 30.203623332 30.14821123 30.14821123 30.082194812 30.04821123 30.04821123 29.960766292 29.94821123 29.9473768777756 29.8954045452453 29.84821123 29.825052092 29.74821123 29.7301586226709 29.7 29.648269502 29.6 29.5658110334128 29.475052212 29.367909372 29.3029246964756 29.2508206445035 29.146480852 29.039338012 28.932195172 28.825052332 28.687607754 28.473322074 28.2606315267138 28.100058512 28.05178877 28.1496318037059 28.273158778 28.380301618 28.487444458 28.5 28.54821123 28.5528064361686 28.6077214228524 28.64821123 28.6325184568942
29.4971600554785 30.090675864935 30.4720718715334 30.5 30.551730978 30.6 30.6 30.6 30.5641482743882 30.642799248 30.65535407 30.5543959696511 30.4960382550025 30.45535407 30.4425344116903 30.3864712929633 30.3346267063831 30.2800933182704 30.25535407 30.2227651484224 30.1705263562312 30.15535407 30.1109035904616 30.060959394192 30.05535407 29.9992273494991 29.95535407 29.9464883971937 29.8896603874599 29.85535407 29.817909252 29.7306729865793 29.6769044380743 29.6227652812721 29.6 29.567337476035 29.475052212 29.4069498706578 29.3577705139958 29.253623692 29.146480852 29.039338012 28.9193757793898 28.7561697692637 28.580464914 28.3462727665708 28.1303430787755 28.05535407 28.1873859460001 28.2880164868147 28.380301618 28.5358485244925 28.55535407 28.65535407 28.65535407 28.6625044808932 28.7128192597604 28.738580957586
29.2970091840893 30.2037897538082 30.5 30.5 30.5840612407628 30.66249691 30.66249691 30.66249691 30.66249691 30.695291553806 30.7 30.5993508747665 30.56249691 30.552487068661 30.4913145176252 30.4435589600885 30.3859569461977 30.36249691 30.36249691 30.303623332 30.26249691 30.2167746343711 30.1698842319152 30.16249691 30.1033824715123 30.06249691 30.06249691 30.0564903033464 30.0105200743673 29.9435591100811 29.8859570362051 29.817909252 29.76249691 29.703623572 29.6212388386499 29.6 29.5698843219226 29.475052212 29.46249691 29.360766532 29.253623692 29.146480852 29.0161791139999 28.832195172 28.687607754 28.4733220739999 28.32369601957 28.28749073 28.337006763285 28.4082188856438 28.45510940807 28.5827357417838 28.6591141385025 28.76249691 28.76249691 28.76249691 28.7711821223525 28.7886360019337
29.2597046155432 30.0333353459952 30.456437061914 30.5310510678329 30.6010510584965 30.6713598296707 30.7 30.7 30.7 30.7 30.7658708592652 30.66963975 30.663460128897 30.5951373390219 30.56963975 30.539337532 30.46963975 30.46963975 30.4336145933836 30.3821258345353 30.3236660815458 30.2777886663731 30.26963975 30.26963975 30.175051972 30.1684345519513 30.1 30.1 30.0929688278053 30.039337772 29.9435632723568 29.8864630755621 29.833614760519 29.7821259073999 29.703623572 29.66963975 29.66963975 29.582195052 29.56963975 29.4667043410867 29.2973060688321 29.253623692 29.1233219539999 28.939338012 28.8208269045077 28.6811552304266 28.5728944276544 28.5392795 28.5392795 28.5614906878977 28.6255615960212 28.66582785606 28.764227048 28.86963975 28.86963975 28.8807931256157 28.9231518684654 28.86963975
29.769740510793 29.9655292896558 30.2933519369128 30.5103522108108 30.5629377947407 30.658873818 30.7 30.7 30.7 30.7 30.7219608879499 30.7 30.6979397571532 30.6644846772953 30.6 30.569697782 30.5 30.5 30.4879894624625 30.47678259 30.410766172 30.37678259 30.3151245593312 30.3 30.2780391677719 30.275051972 30.17678259 30.1644848615735 30.1177821859781 30.146480612 30.039337772 29.9425470313672 29.8879895181843 29.87678259 29.810766412 29.720609201161 29.7 29.6796976059421 29.6041558285064 29.4978678730452 29.3699695034032 29.283983942 29.1714642056998 29.046480852 28.939338012 28.832195172 28.7647721639061 28.75356518 28.75356518 28.75356518 28.833866798 28.85356518 28.8755259007846 28.901328444767 28.97678259 28.9805010481299 28.9946231594216 28.9535163150268
29.9971840449644 30.3293691296459 30.4387052272774 30.58392543 30.635656408 30.6439790381722 30.6714793340982 30.7 30.7 30.7 30.779383400835 30.7824727999808 30.7 30.6974254103876 30.68392543 30.653623212 30.58392543 30.58392543 30.58392543 30.58392543 30.517909012 30.48392543 30.403623332 30.38392543 30.38392543 30.2997218105982 30.28392543 30.267909132 30.1876481618492 30.169698022 30.062555182 29.9928327257034 29.9405103871123 29.9 29.833983822 29.7882400024403 29.7165317503755 29.7 29.605412462 29.582195052 29.475052212 29.367909372 29.260766532 29.153623692 29.046480852 28.9767581942824 28.96785086 28.96785086 28.96785086 28.96785086 28.9807589997965 28.98392543 29.0633082265719 29.0681289722439 29.08392543 29.08392543 29.08392543 29.053623932
30.4078662496464 30.58213654 30.5888255658301 30.6406056459018 30.6956887412813 30.6947415495356 30.6969646996476 30.7 30.7731299499862 30.79106827 30.7995166163801 30.7998454044368 30.79106827 30.7764822859295 30.7 30.6972934877042 30.6569677034789 30.6 30.6 30.6 30.5941035917886 30.5244433993945 30.4928276334223 30.49106827 30.404928816944 30.39106827 30.39106827 30.375051972 30.2699776436765 30.1972935091404 30.153623452 30.09106827 30.039337772 29.9374533395921 29.8941036132247 29.8244436179584 29.719698142 29.7 29.605412462 29.5998454473091 29.582195052 29.475052212 29.367909372 29.2883618005765 29.244691962 29.18213654 29.1350266889729 29.144682981844 29.18213654 29.2487609734778 29.2000755157054 29.18213654 29.1905848220717 29.19106827 29.1829878024379 29.1145853283789 29.19106827 29.160766772
30.5972508201809 30.6 30.6 30.6007976327419 30.6525944577077 30.7 30.6351643073933 30.4580873798875 30.485669008 30.7630093098659 30.8 30.8 30.8 30.7997134817534 30.79821111 30.7684509653476 30.6993301491019 30.69821111 30.69821111 30.69821111 30.69821111 30.625051852 30.59821111 30.59821111 30.5965190386981 30.4965114508523 30.4 30.3997134860467 30.375051972 30.29821111 30.260766292 30.1544210761552 30.048269502 29.9989468207438 29.9333758888066 29.8986912656429 29.817909252 29.712330701458 29.6983079329915 29.696511686559 29.5998412678905 29.582195052 29.475052212 29.39821111 29.3975412676886 29.3526324218618 29.2972857125877 29.2974753949628 29.3630460954867 29.469580998 29.416120602 29.39642222 29.3035269847152 29.29821111 29.289338132 29.1984976153666 29.2 29.1994579395324
30.4826981956321 30.4547712558003 30.4040096050645 30.455296038 30.6631311833034 30.80535395 30.801819451139 30.8 30.7153983149746 30.6806007366774 30.6887125903794 30.6087229967281 30.8 30.8 30.8012399415184 30.80535395 30.80535395 30.802966736235 30.8055392756943 30.751834322 30.769655345977 30.8 30.7239972361758 30.617909012 30.60535395 30.6052612935776 30.5916016225046 30.489337652 30.404114021331 30.3713203747511 30.3033491731667 30.2577995429155 30.153623452 30.046480612 30.001819476838 29.926840982 29.8239974633264 29.8006722045914 29.7104766314907 29.698269622 29.6004750676551 29.60535395 29.582195052 29.50535395 29.50535395 29.50535395 29.50535395 29.50535395 29.50535395 29.578512728 29.60535395 29.60535395 29.510766652 29.4106152692765 29.3969560268056 29.3098504211122 29.30535395 29.275052452
30.1221191037838 30.2071909985412 30.499884176 30.6640096320293 30.8030293226288 30.88750321 30.821486552 30.7783606211699 30.604366529455 30.3220297765195 30.476679246 30.701730858 30.8 30.8 30.820265199166 30.8912900145488 30.9046794302636 30.8734809479784 30.9155256926134 30.941126422 30.833983582 30.8 30.8100351845527 30.725051852 30.71249679 30.6984856536972 30.61249679 30.596480492 30.489337652 30.41249679 30.375051972 30.3069247640138 30.248269502 30.1484839394158 30.046480612 29.939337772 29.91249679 29.825052092 29.80067638401 29.710766412 29.6202611405803 29.7 29.6797352208493 29.61249679 29.61249679 29.61249679 29.61249679 29.61249679 29.61249679 29.685655568 29.71249679 29.7015690397171 29.6172330779977 29.610766652 29.51249679 29.496480972 29.41249679 29.382195292
29.8371558580001 30.4015541101038 30.6994616200408 30.8 30.8 30.7884373999779 30.714343712 30.5928326172829 30.3513558901291 30.2640765502361 30.448094926 30.720690619786 30.78036037 30.777214781198 30.769817572299 30.842204704994 30.962016176311 31 31 30.952688974887 30.853623212 30.81963963 30.8841706930706 30.8297289242769 30.8010629403756 30.71963963 30.7178969156806 30.6871292436669 30.6010288610144 30.5333280636381 30.4748407882906 30.3641691930568 30.267909132 30.2080771242481 30.133983822 30.0412091424468 30.0038686422057 29.912555302 29.8239891044893 29.798269622 29.7 29.7 29.7045483218793 29.7255907792268 29.7319252834257 29.71963963 29.71963963 29.71963963 29.7326049159642 29.7980699246883 29.81963963 29.732195172 29.7010630346458 29.6986096547017 29.6178970099508 29.5871296293967 29.5150913552558 29.4756496040916
30.3068996825142 30.757084928 30.8167536942967 30.8 30.7861451663364 30.7301115746437 30.6163024503761 30.446492454604 30.319697662 30.4748903560001 30.6638430284556 30.7451677685246 30.6708409344953 30.6518666444244 30.726666166 30.9387913342193 31.0458011834253 31 31 31.0157677983658 30.960766052 30.92678247 30.92678247 30.9033625557136 30.8307451652665 30.8 30.791126542 30.7 30.7 30.669698022 30.5451676582948 30.4416232638724 30.3611972668923 30.2568943960878 30.160766292 30.1071886779519 30.019698142 29.9359751520084 29.9014495910114 29.825052092 29.7244060030511 29.7 29.7293614229092 29.8489686541107 29.8725840048695 29.82678247 29.82678247 29.82678247 29.87511770921 29.9 29.9 29.8359753277305 29.732195172 29.7263190963092 29.6935034246709 29.6224930383489 29.5830438026312 29.52678247
30.6308371331948 30.8539475651859 30.8498512685731 30.7509480259603 30.680418402 30.63214938 30.5449087757562 30.402020915509 30.3402579862075 30.4494835705669 30.5927519863294 30.6684378189422 30.7019335206649 30.7458833713289 30.9984555944389 31.0799779033934 31.03392531 31.03392531 31.03392531 31.0728258441554 31.0563798564574 31.03392531 31.03392531 30.946480372 30.93392531 30.86785062 30.858977162 30.762417041253 30.7260685006402 30.6799780619726 30.63392531 30.589337652 30.430464314 30.33392531 30.267909132 30.160766292 30.053623452 30.03392531 29.939337772 29.898269622 29.7941370487135 29.7284918126737 29.7463177960001 29.9102799585519 29.9466284991647 29.9527242002225 29.93392531 29.93392531 29.93392531 29.93392531 29.93392531 29.9042595065457 29.8375017360671 29.832195172 29.73392531 29.717909492 29.63392531 29.6236454328688
30.9315569233403 30.8875553410949 30.784041254 30.6509667587921 30.589337172 30.4685329863391 30.4178637 30.271544704 30.3311447226234 30.5384924343441 30.7922941851143 30.9645817952805 30.9925951687897 31.1 31.1 31.1 31.084622007413 31.0772432748325 31.1 31.1 31.1271117215689 31.14106815 31.14106815 31.053623212 31.04106815 31.0403574172038 30.9947707070416 30.9184742547129 30.7863518915325 30.74106815 30.7103123619531 30.6326555182689 30.5177837625144 30.4168899592401 30.3610954450053 30.2378640767492 30.1526766294962 30.1051562302583 30.0442578139871 29.939337772 29.84106815 29.8316295907235 29.8189431650311 29.971369888 30.0631349325401 30.0920350374107 30.0608916400492 30.04106815 30.04106815 30.04106815 30.04106815 29.953623692 29.94106815 29.898980397669 29.8374241820855 29.79056158216 29.74106815 29.710766652
30.988005863118 30.9325176469961 30.8395841328743 30.7247319597429 30.598388988739 30.2985729154913 30.2190215987735 30.3523664418538 30.588585168143 30.948228261937 31.0942007344033 31.1508926157773 31.1 31.1 31.0888346345883 31.05178901 30.9962913188321 30.948165918 31.0534578218482 31.1 31.166016418 31.2 31.1612855635634 31.1065021423147 31.1 31.0991037300709 31.043933008051 30.9756890198271 30.8370457402947 30.8 30.725110364 30.6 30.548269502 30.441126662 30.4 30.2889526508521 30.2094966692698 30.1547132566083 30.1026094015136 30.0473148443645 29.9921441137573 29.94821099 29.971369888 30.078512728 30.14821099 30.1713023723668 30.1732094115114 30.14821099 30.14821099 30.1129404188543 30.1 30.0547133809019 30.00260951722 29.94821099 29.939338012 29.84821099 29.8370459717075 29.7843071541706
31 31 30.9003724822063 30.5707185076738 30.3272243964778 30.3145083730418 30.4641562960001 30.8574238858483 31.0398744853498 31.0850314204801 30.8899881406318 30.8824170647795 31.0950880682943 31.0269146355672 30.9235987347272 30.8557454635241 30.7658763852462 30.8139151772595 30.9461915864595 31.0544699005621 31.1294738022082 31.1851426213026 31.119697902 31.0515958776759 31.0970041278349 31.0456041333457 31.091126542 30.983983702 30.889660331878 30.8385805246112 30.7458375048995 30.6306728535897 30.5769043139211 30.496480492 30.4188113470574 30.3673373004534 30.3195021259642 30.262303670525 30.160766292 30.15535383 30.1513922780072 30.11070766 30.1210472209712 30.1688823954604 30.2207270080503 30.25535383 30.2839885090719 30.2781191454173 30.25535383 30.182195052 30.15535383 30.15535383 30.060766532 30.05535383 30.046480852 29.95535383 29.932195172 29.85535383
30.9710520199305 30.87500666 30.6784213393569 30.2106709343949 30.2508850010423 30.7590703035038 30.9832386973141 31.0515167518064 30.8441454604536 30.8093721206512 30.765203381876 30.8879230703254 30.8869989947323 30.6130065097986 30.5644871600427 30.5708434311861 30.5358536323296 30.670947223054 30.7771699672329 30.9184564602401 30.97500666 31.0024438179533 30.932207892 30.825065052 30.966211979477 31.0631457093796 31.091126542 30.9939933549073 30.9480229799493 30.869698022 30.762555182 30.683278143481 30.6301668313756 30.5779205377678 30.496480492 30.46249667 30.46249667 30.375051972 30.327023193485 30.3239119113716 30.26249667 30.26249667 30.26249667 30.2814342472021 30.3390363036544 30.36249667 30.3818972393676 30.3779206277758 30.3212389070807 30.2725630220627 30.26249667 30.2078467956504 30.164526613493 30.1 30.0966723377798 30.06249667 30.039338012 29.9435592427899
30.5307171719723 30.6965938863459 30.8710675642715 30.761092686464 30.896294480013 31.0430844610121 30.994704322 30.7856656501486 30.2883882985965 30.5131936919115 30.8529208947618 30.8536431809099 30.428666857612 30.2022353085822 30.2677522806418 30.324086200403 30.4227370061792 30.5849241547461 30.7706904310748 30.858873578 30.9459735100148 30.96963951 31.0011813871339 31.043266044686 31.1056321757618 31.1684343161048 31.0973059746712 31.0584858385527 30.976840862 30.8908001709995 30.832194692 30.7385888834483 30.6842943673278 30.6286404058961 30.5799571648799 30.518691928344 30.5 30.4734513612082 30.4037692120157 30.4006796755207 30.43927902 30.4281255156875 30.3857672530886 30.4484787761353 30.46963951 30.4385890505831 30.4 30.4 30.3799572377451 30.36963951 30.3137178567027 30.2734514340733 30.2037693791506 30.16963951 30.16963951 30.1584861728223 30.0929689179538 30.039338012
30.3875365880972 30.6212638187205 31.07678235 31.0871346678224 31.0722904568272 30.8834829630048 30.7036362919999 30.6186952014378 30.1181859719999 30.5715108152604 30.6687822568059 30.4087629534475 30.0023769394252 30.103718663735 30.1765645940214 30.3211021156699 30.2751864954913 30.6042761497002 30.9932847763088 31.0440161112825 31.119581118 31.1535647 31.233866798 31.2738673596476 31.27678235 31.1995981911699 31.1699691004213 31.0962813919874 31.0358410816038 30.9 30.862555182 30.755412342 30.7 30.641126662 30.6 30.5830141952573 30.57678235 30.5096402559252 30.4780389964835 30.4771841031077 30.506813065301 30.5730637977098 30.5589416518815 30.57678235 30.57678235 30.5664301993447 30.5138449922465 30.47678235 30.426093761429 30.4 30.3813558513884 30.37678235 30.3548214022059 30.27678235 30.2699694689766 30.1962815034321 30.1590005881591 30.0929647042496
30.98747633 31.0215737678418 31.1 31.062579320466 30.8775131888492 30.5716029759999 30.2713985606836 30.3031725453991 30.4055615199275 30.591411005306 30.3627204443525 29.9646389373257 29.9942253180935 30.1268838198959 30.3178919620107 30.3978895599692 30.3002967301442 30.7425451878867 31.135655928 31.18392519 31.249941608 31.28392519 31.2968335996795 31.3 31.3 31.2824727655553 31.1985736084861 31.1704834814725 31.0731180745688 30.9584941973897 30.8939808166517 30.839337532 30.7405102712655 30.6905362227758 30.7393293928173 30.7064515351414 30.68392519 30.6698686209414 30.66785038 30.58392519 30.592798408 30.68392519 30.68392519 30.68392519 30.68392519 30.68392519 30.632194932 30.58392519 30.517909252 30.48392519 30.48392519 30.48392519 30.4045426204376 30.38392519 30.375052212 30.2704838843134 30.196277289728 30.18392519
31.1699770221319 31.0724041484578 31.00893197 30.9237382931097 30.6155606234356 30.3037896822383 29.9596938960874 29.973114906 30.5530493723028 30.5306774351962 30.1390284713913 29.8122390862827 30.0007925960433 30.0263791003692 30.1852734853049 30.4284078479156 30.619639740653 30.969378226692 31.151730738 31.2536150076751 31.2969645966508 31.3666246950232 31.39106803 31.39106803 31.39106803 31.389337412 31.2829871466065 31.183983702 31.076840862 30.9972934364156 30.99106803 30.946480372 30.8864474774378 30.8285212708881 30.7368449424282 30.7023974284599 30.7 30.7 30.7 30.69106803 30.6918605831698 30.7145855085043 30.79106803 30.79106803 30.8251680695264 30.8415311767995 30.739337772 30.69106803 30.6851715062226 30.6155118021033 30.59106803 30.59106803 30.496480732 30.4894924274071 30.3992074682669 30.375052212 30.29106803 30.2634730527109
31.176840382 31.0399372343668 30.90178913 30.7688224557533 30.4474597915532 30.0684005162799 29.7061362921666 29.6061960970531 30.4058697603405 30.341018103913 29.925226188 29.803461716 29.982570127986 29.8510547606274 30.1239880807592 30.3231606937814 30.7479911020001 31.0435965034595 31.151730738 31.258873578 31.3 31.3013089142327 31.30178913 31.30178913 31.30178913 31.3017581669942 31.291126542 31.183983702 31.0995856529143 31.068451033779 30.9632251184723 30.9009913988344 30.9 30.7833066445521 30.7006080147545 30.7 30.7 30.7 30.7 30.79821087 30.79821087 30.814226928 30.89821087 30.89821087 30.8988808021784 30.8992022731283 30.8972853484351 30.8386019582582 30.79821087 30.7969019643552 30.7175568223381 30.6123309070314 30.5983077102753 30.596480732 30.49821087 30.482195052 30.39821087 30.367909372
31.176840382 31.0393950839999 30.862554702 30.7108237239999 30.3930760879999 29.9676566614816 29.6037693955789 29.6502357433604 30.4237755977003 30.1627741099998 29.816235946 29.791023438 29.8808939540572 29.842695904 30.140965046 30.4142328691248 30.8036324538147 31.036847081246 31.1437928316934 31.19464629 31.19464629 31.19464629 31.1989454314508 31.2921264863902 31.30535371 31.398269382 31.291126542 31.1991425338523 31.149567887087 30.969698022 30.9 30.9 30.8972304991555 30.835772952 30.7321644267232 30.7 30.7 30.7 30.794587538 30.9 30.908873218 31 31.0024797204762 31.0090851528225 31.00535371 31.0029666289438 30.9510392299956 30.9022018150651 30.8375183638743 30.80535371 30.80535371 30.717909252 30.70535371 30.60535371 30.596480732 30.50535371 30.5041138626108 30.4713207563285
31.176840382 31.0431818458151 30.875051252 30.7177482950407 30.3995406755312 30.0285178998967 29.6359333679999 29.7103360807527 30.4399571758194 30.1627741099998 29.816235946 29.6137948129292 29.68750345 29.735553064 30.033822206 30.2746233721766 30.6201077916045 30.873654247935 30.990964926 31.08750345 31.08750345 31.08750345 31.1778405398276 31.3639622756004 31.3993236589717 31.3980531144563 31.278629992 31.171487152 31.0672384052597 30.969698022 30.9 30.8944280810242 30.8422374795478 30.741126662 30.7 30.7 30.7 30.7 30.794587538 30.9 30.908873218 31 31.0463177960001 31.169698262 31.1 31.060984470984 31.0060320524439 30.9484840081281 30.9042468352999 30.9 30.9 30.8234830824162 30.81249655 30.7122803424398 30.6922358381322 30.6104951252957 30.5797353752763 30.5087099081517
