catData/variables/pastClimate/midhol_MPI_ESM_P/bio10.asc
NCOLS 409 
NROWS 350 
XLLCORNER 60.897278365 
YLLCORNER 5.843756025 
CELLSIZE 0.0892857 
NODATA_value -9999 
[rows 286 to 311 of 350, columns 174 to 231 of 409]
21.8062806649663 19.7840006237925 19.4225927909784 20.4455078473091 20.6675958696003 22.2909774770983 25.3163672475106 26.7681276384819 27.365138144018 27.240030965068 27.2070691600001 28.0735939938132 28.406020347985 28.5050280762171 28.6305218659999 28.3897207513105 28.4162249015885 28.6194263929751 28.6292867372269 28.0741564068543 27.6647094440773 27.7221055966629 28.3020228849131 28.4635858778816 29.0624430797551 29.5373775790389 29.8516693460001 30.0550887910447 30.1970928503767 30.330301978 30.4127021921747 30.4633848709263 30.4658177439727 30.492795768 30.5115281382293 30.5 30.5 30.5296633664678 -9999 -9999 -9999 -9999 -9999 -9999 -9999 -9999 -9999 -9999 -9999 -9999 -9999 -9999 -9999 -9999 -9999 -9999 -9999 -9999
20.1460627829866 15.598359948526 15.2019739576439 16.0148485695463 17.5478742375742 20.5072755568162 25.1988562550421 27.3138241633879 27.670385237916 27.8568502175524 27.8379613650206 28.080976687511 28.3319728479574 28.512552431723 28.659053249318 28.492893592 28.4827090118307 28.723861850598 28.7992938841634 28.8199376931782 28.1090509649671 26.6829405260673 27.804629890547 28.0075562787626 28.1562941808453 29.529716851137 29.9177469160001 30.1065771360177 30.1778731834507 30.330301978 30.4220680023873 30.4406246878556 30.439112728676 30.517808068 30.5200282737394 30.5 30.5 30.5515352966656 30.5031898198661 -9999 -9999 -9999 -9999 -9999 -9999 -9999 -9999 -9999 -9999 -9999 -9999 -9999 -9999 -9999 -9999 -9999 -9999 -9999
19.7272898414572 14.9596046917096 15.726526094094 17.3841020184385 20.9113829898927 24.7656372187788 26.8153602923263 27.182216172 27.3188582051288 27.446404628 27.5011687192928 27.760568244 28.0728050521859 28.3081367717428 28.6482425736863 28.7807221285859 28.7640178332498 28.8855920160001 28.9982701358423 28.9695082612432 27.782274320667 24.9403627705632 27.1879657940431 27.7114597853032 27.0958800327689 28.6113606705825 29.781678038787 30.067808188 30.174951028 30.282093868 30.35179189 30.307204232 30.3284606833794 30.458873338 30.5 30.5 30.5 30.5 30.5 -9999 -9999 -9999 -9999 -9999 -9999 -9999 -9999 -9999 -9999 -9999 -9999 -9999 -9999 -9999 -9999 -9999 -9999 -9999
18.0711364319754 15.8915729683988 18.7751958833735 22.2104059403277 24.8768052053091 26.4836549907931 26.8775168420838 26.9417766063164 27.0693994949552 27.187445178 27.389176036 27.6586274313077 27.8712701440001 28.192698664 28.524467626263 28.8396157966022 28.95535095 29.0445267460001 29.103620212 29.120525119444 28.1982172724427 25.6723346855827 28.1333915927588 29.0070072880002 28.2391311738967 28.3083621799383 29.6354938320001 30.016016298 30.1103403351052 30.174951028 30.24464905 30.2247410842857 30.303460996 30.458873338 30.5 30.5 30.5 30.5 30.5 -9999 -9999 -9999 -9999 -9999 -9999 -9999 -9999 -9999 -9999 -9999 -9999 -9999 -9999 -9999 -9999 -9999 -9999 -9999
18.6002851927547 20.0920464488053 23.1376768690473 24.6075615968344 24.9535621759499 25.8669289595324 26.6355561840001 26.8563858510452 27.060604676 27.2420929839045 27.451669826 27.7653063267637 27.9460631638067 28.210543404 28.5174987509474 28.8098436584824 29.06249379 29.151669586 29.2430915507712 29.342734736 28.9875673164565 28.3416469190814 29.3417898718398 29.712432518 29.654034998698 29.6277509065497 29.8118844815836 30.078510088 30.1914398361351 30.2799096390057 30.26249379 30.2903583073565 30.396120227214 30.4845749477843 30.5 30.5 30.5 30.5 30.4408886626361 -9999 -9999 -9999 -9999 -9999 -9999 -9999 -9999 -9999 -9999 -9999 -9999 -9999 -9999 -9999 -9999 -9999 -9999 -9999
24.0817726870709 24.1365757604067 23.6613139980695 23.3943514336103 24.4780372566504 25.8800168243099 26.5980499740001 26.846318996 27.0046848340056 27.1443598509433 27.284034867881 27.5957571371813 27.8784741360001 28.1199297313059 28.4928095363682 28.8001074285696 29.0825143229855 29.227762916445 29.3720470852347 29.5160228403204 29.503620212 29.5937415298042 29.799877456 29.926718198 29.93927326 30.0703163001068 30.1204776288844 30.244136347822 30.2998276627598 30.4119005746051 30.43927326 30.4528115755729 30.4853437525106 30.5 30.5 30.5 30.5 30.4391064591991 30.4016434058632 -9999 -9999 -9999 -9999 -9999 -9999 -9999 -9999 -9999 -9999 -9999 -9999 -9999 -9999 -9999 -9999 -9999 -9999 -9999
27.4197303980001 25.5664837600755 22.5216283363954 24.2523155963934 25.6623889667844 26.2645261548543 26.5734549637518 26.6571965763619 26.688308218486 26.847467242209 27.1094979658078 27.505192574 27.8245605742939 28.1162507960225 28.392698664 28.6908613016214 28.921331176 29.1594976615371 29.4431800624635 29.6808558691585 29.7889166337068 29.8972651054517 30.0292870807568 30.1410038780001 30.15355894 30.2539607986719 30.285652928 30.37677947 30.399938608 30.4838157498921 30.5 30.5 30.5 30.5 30.5 30.5 30.4383446590274 30.4029154076675 30.4 -9999 -9999 -9999 -9999 -9999 -9999 -9999 -9999 -9999 -9999 -9999 -9999 -9999 -9999 -9999 -9999 -9999 -9999 -9999
27.9267976144127 26.9289848498355 25.0107795058245 24.8647800572972 25.9456878270178 26.8586489478476 26.7640173904863 26.68392231 26.7513138870336 26.8693489626388 27.167686364 27.5066451500165 27.9179904163442 28.299877696 28.5178868690008 28.7445267460001 28.9902371836545 29.2267699260359 29.4117785836904 29.5844167793627 29.7535743009649 29.9506338872925 30.080302098 30.2608307499477 30.3633025582753 30.46784462 30.4692712670695 30.48392231 30.4876457644143 30.5 30.5 30.5 30.4565865711039 30.41607769 30.41607769 30.41607769 30.4031670062065 30.4 30.3206199531383 -9999 -9999 -9999 -9999 -9999 -9999 -9999 -9999 -9999 -9999 -9999 -9999 -9999 -9999 -9999 -9999 -9999 -9999 -9999
28.1059476594845 28.1341861037964 28.018007171125 27.8239414404963 27.7212435703324 27.4567789839654 27.1352636446326 26.8643921802211 26.871367488 27.1377744930271 27.456959504 27.6874775235661 28.0103982492116 28.240967926 28.455253606 28.6971340462751 28.9782357757647 29.1129187118045 29.221331176 29.4303565901161 29.6409676860001 29.7886307779634 29.9712990239969 30.1838247260001 30.3896591299174 30.4105108398776 30.5 30.5 30.5 30.4724054582813 30.40893485 30.40893485 30.4043128075994 30.4 30.4 30.3333776305198 30.3820618574405 30.3203683545992 30.300483595361 -9999 -9999 -9999 -9999 -9999 -9999 -9999 -9999 -9999 -9999 -9999 -9999 -9999 -9999 -9999 -9999 -9999 -9999 -9999
28.024951628 28.132094468 28.2011209865153 28.1108237239999 27.8457340902988 27.5808792998821 27.2347153982259 26.880521506 26.880302338 27.0764573823343 27.1997700814827 27.606984584 27.9195394060001 28.1023660459252 28.1744391456303 28.5242498732233 28.876682126 29.00179201 29.054449767998 29.221331176 29.435616856 29.576743278 29.9219143687473 30.1748898760001 30.2962828004405 30.4000310128476 30.40179201 30.3860627256618 30.30358402 30.303041005524 30.338565813117 30.4 30.4 30.4 30.3351668385113 30.3004809930815 30.3014390173255 30.3002249922674 30.2071074801397 -9999 -9999 -9999 -9999 -9999 -9999 -9999 -9999 -9999 -9999 -9999 -9999 -9999 -9999 -9999 -9999 -9999 -9999 -9999
27.9728519471513 27.9936578697856 27.9081343690698 27.6951222459682 27.5372453498727 27.3561465594098 27.0877159268586 26.7069680794673 26.7530649812228 26.886101603636 27.3678788459565 27.5980182707309 27.7986468544947 27.8963632054405 28.0199085010543 28.4286807978286 28.646433023397 28.9422020753775 28.6325340039999 28.530143482 29.1532316697009 29.608776114 29.8541993647505 30.0695390460001 30.1841757167984 30.1947417724271 30.2 30.183983702 30.123159138 30.230301978 30.337444818 30.3976141902194 30.3456866830061 30.3 30.2964675865427 30.29464917 30.2186441279084 30.195320982866 30.1051228503596 -9999 -9999 -9999 -9999 -9999 -9999 -9999 -9999 -9999 -9999 -9999 -9999 -9999 -9999 -9999 -9999 -9999 -9999 -9999
27.3079925970458 26.9774690461199 24.8624300583185 23.8837026350752 25.4290980103439 26.5099861583879 26.4691275415819 26.3684578525074 26.4152547513439 26.8294506096132 27.2540408871715 27.489237188 27.6030364249102 27.7785436387748 27.9754613358296 28.368954615598 28.5950406980222 28.9 28.563737104777 28.4119142864749 28.9211364880001 29.3719365828069 29.7234906422545 29.9623962060001 29.9993238148437 30.1015144002981 30.1886149505601 30.1859847254183 30.1327593817235 30.230301978 30.332766586007 30.3484893068512 30.2935369622905 30.28750633 30.2297379954259 30.2 30.1899673508576 30.100061632 30.08750633 -9999 -9999 -9999 -9999 -9999 -9999 -9999 -9999 -9999 -9999 -9999 -9999 -9999 -9999 -9999 -9999 -9999 -9999 -9999
26.1656107489545 24.5309264802983 22.9613295956467 23.9118630184055 23.9219060580041 23.489455537026 23.1105468770029 22.9941092767331 24.5932671064222 26.3144365135105 26.6777736903196 27.1433973070616 27.022692180526 26.502234450118 26.5356907116537 27.8837371494238 28.6547109368827 28.88036349 28.7353293875404 28.246758532 28.4220251490446 29.0782285680001 29.6092464509921 29.8748898760001 30.0131615164858 30.11963651 30.125025093065 30.18036349 30.1849111364493 30.2243517270598 30.28036349 30.28036349 30.2387910564128 30.2 30.1870367266054 30.18036349 30.100061632 29.992918792 29.98036349 -9999 -9999 -9999 -9999 -9999 -9999 -9999 -9999 -9999 -9999 -9999 -9999 -9999 -9999 -9999 -9999 -9999 -9999 -9999
26.8905321631172 25.4415838619997 24.5024093615402 23.9937139751313 23.4674964784006 22.0673009953666 19.7917948847663 18.4880241379446 22.7611916838492 24.5102347313296 23.2814405336703 24.4041527237399 23.7551761672963 22.4105362352226 24.169021858893 26.9103952218728 28.5879455071629 28.6364252485261 28.6180543955464 28.0938514899188 28.4992624056045 29.2801104504856 29.6461812641193 29.8748898760001 30.0638455638722 30.1736840982514 30.1935027963749 30.1224902895015 30.123159138 30.2 30.2 30.2 30.2 30.1842341027603 30.1248831753632 30.0804084905132 29.992918792 29.9091930737338 29.9 -9999 -9999 -9999 -9999 -9999 -9999 -9999 -9999 -9999 -9999 -9999 -9999 -9999 -9999 -9999 -9999 -9999 -9999 -9999
27.3252497281061 26.7277712246223 25.7528748296036 25.0010032720083 23.7394804528937 22.1494671943688 19.3173857036227 17.9563924045483 20.6790611514226 20.7826592528642 17.5313941406786 19.1584546007272 21.3606226364346 22.8823527983203 25.600826931089 27.6915725285737 28.0369986363886 27.2847300504295 27.8712743121897 27.9975083736909 28.7519926993329 29.5035085694987 29.7351305357425 29.9427342560001 30.0303459122301 30.101730618 30.1969899287177 30.160927670077 30.1492252412053 30.2 30.2 30.2 -9999 -9999 -9999 30.026840982 -9999 29.9 -9999 -9999 -9999 -9999 -9999 -9999 -9999 -9999 -9999 -9999 -9999 -9999 -9999 -9999 -9999 -9999 -9999 -9999 -9999 -9999
27.55893497 27.344630035621 26.8717896868563 26.6720422012615 25.4019962301746 22.8221973518087 19.0099869988876 17.7810216169768 17.5421815571903 17.3152157515851 17.3837844569158 20.4701186941479 25.3023638643387 26.7089311009229 27.8987482187651 28.6676217258248 28.0063024041327 26.6494751504796 27.5879212622901 28.6914350101768 29.3003616769965 29.8096063877365 29.9705211073657 30.1211106459769 30.14106503 30.1003092603982 30.1199281465692 30.1505042304214 30.1904896930325 30.15893497 30.15893497 30.177244905134 -9999 -9999 -9999 -9999 -9999 -9999 -9999 -9999 -9999 -9999 -9999 -9999 -9999 -9999 -9999 -9999 -9999 -9999 -9999 -9999 -9999 -9999 -9999 -9999 -9999 -9999
27.4147490185379 27.4664002995595 27.4418188477429 27.0110116523973 25.5692128710078 23.0368803633907 20.2928355693399 18.6167018928035 18.1875943961301 20.7598144269932 22.618272371717 25.2036305647354 27.6699150303882 27.9122924641895 28.1619676738734 28.7876090558607 29.0545021725848 28.9092153737107 29.1926498725995 29.2956302316796 29.5640907272236 30.0165916480624 30.1387119310111 30.1934974659674 30.2455987530541 30.1473115460756 30.1056072458058 30.2 30.176840862 30.1 30.0819486508168 30.0286992322047 -9999 -9999 -9999 -9999 -9999 -9999 -9999 -9999 -9999 -9999 -9999 -9999 -9999 -9999 -9999 -9999 -9999 -9999 -9999 -9999 -9999 -9999 -9999 -9999 -9999 -9999
27.267808908 27.374951748 27.4653755283046 27.3160538527114 25.7886445707736 23.9532574865408 22.9518245773702 21.570957935151 20.6822956634746 24.1508415040939 26.1878388449174 26.8672006478872 27.6555858077688 27.7055435850008 27.6871042209277 28.8789850028089 29.3910991036113 29.6740391543513 29.9212443440001 30.0397654954254 30.1098304257614 30.15535071 30.1912050266121 30.2 30.294587778 30.2 30.2 30.2 30.176840862 30.0832276400329 30.0279304446212 -9999 -9999 -9999 -9999 -9999 -9999 -9999 -9999 -9999 -9999 -9999 -9999 -9999 -9999 -9999 -9999 -9999 -9999 -9999 -9999 -9999 -9999 -9999 -9999 -9999 -9999 -9999
27.2086863505454 27.2299347445171 27.2733655440283 27.330424762 26.2209641934168 24.5825329904462 23.8362115631754 23.0290590176989 22.3056251859936 25.2370627121095 26.7745869231575 27.1683070532937 26.8175285742754 27.2571565432994 28.1902145907692 29.1314200944863 29.5607844120438 29.8308862336695 30.0853573893826 30.2367921889042 30.26249355 30.26249355 30.2123099182353 30.2 30.2354765176617 30.2 30.194454661088 30.13750645 30.114347312 30.0261412537724 -9999 -9999 -9999 -9999 -9999 -9999 -9999 -9999 -9999 -9999 -9999 -9999 -9999 -9999 -9999 -9999 -9999 -9999 -9999 -9999 -9999 -9999 -9999 -9999 -9999 -9999 -9999 -9999
27.183872478087 27.100061152 27.0531030984961 26.6428582862712 25.422532647545 23.9436502150204 23.2627287177193 22.9862799853972 22.8827715830752 25.6612099768716 26.5623876468923 26.4762999243811 26.6643482003199 27.1040716965986 28.6691337164288 29.2212088720001 29.6384105606247 29.9588121860001 30.1370744475365 30.258873578 30.3 30.350945466222 30.2334148098585 30.2 30.2 30.2684312501001 30.191126542 30.0888468282612 30.0233316596583 29.9788987964222 -9999 -9999 -9999 -9999 -9999 -9999 -9999 -9999 -9999 29 29 29 29 -9999 -9999 -9999 -9999 -9999 -9999 -9999 -9999 -9999 -9999 -9999 -9999 -9999 -9999 -9999
27.1946221583713 27.1697427659235 27.1823086714756 26.982682477305 25.2717768838222 23.1383119379997 22.8666678801049 22.3151887816372 23.1222190766145 25.7386925526389 24.1531289075418 25.9006103491104 26.3461377769969 26.6183199121566 28.0256068273157 29.2979881020001 29.6690594075891 29.9466308107576 30.151730738 30.2136708981382 30.273907667414 30.3169881430339 30.2859272390365 30.27677923 30.27677923 30.2228189071746 30.191126542 30.083983702 29.9822185921689 -9999 -9999 -9999 -9999 -9999 -9999 -9999 -9999 -9999 28.9273764166476 28.9218921990955 28.8532543284566 28.92322077 28.9410019935609 29 -9999 -9999 -9999 -9999 -9999 -9999 -9999 -9999 -9999 -9999 -9999 -9999 -9999 -9999
27.2 27.2 27.1431706904022 27.0267272411522 26.1260554402388 23.2511606391585 22.3194505498771 22.2550483601088 23.7030021789242 23.6457543887667 21.4101547320653 24.4180151104217 27.0535362205662 28.1847797470723 28.9520065527493 29.438192514797 29.674890116 29.896344607029 30.1112221741559 30.2494079253407 30.2945361434746 30.3 30.3 30.2266143979202 30.21607793 30.1985476295506 30.107204472 30.000061632 -9999 -9999 -9999 -9999 -9999 -9999 -9999 -9999 -9999 -9999 -9999 28.7318776510364 28.7175045597788 28.745596867406 28.839236828 28.91607793 28.9475021949604 -9999 -9999 -9999 -9999 -9999 -9999 -9999 -9999 -9999 -9999 -9999 -9999 -9999
27.1300253752881 27.1724050938945 27.0681440209229 27.0812082954808 27.0232013506938 25.5438708467545 23.7594961495674 22.8336151719593 22.798826273448 21.9517612646446 21.1223387593997 23.5144713700004 26.6425503047797 28.5885952300852 29.1905682007323 29.5240746584503 29.7089894243672 29.8990328476308 30.012396566 30.2214218388195 30.3 30.3 30.2268729667282 30.2011218060893 30.2 30.107204472 30.0081422385416 29.983983702 -9999 -9999 -9999 -9999 -9999 -9999 -9999 -9999 -9999 -9999 -9999 -9999 -9999 -9999 -9999 28.8365293404381 28.937444578 29 -9999 -9999 -9999 -9999 -9999 -9999 -9999 -9999 -9999 -9999 -9999 -9999
27.123159618 27.169697542 27.0993288866466 27.0560170047099 26.9001225439999 26.4923327539503 25.2846586299996 23.3287641543375 21.5363978404446 21.8123569805543 22.8151716199585 27.7339704959582 28.4918465433436 28.8592635148047 29.2453566539045 29.4916127209959 29.773768975052 29.9437887713981 30.0000620383036 30.119539406 30.2666254887484 30.3 30.219697902 30.2 30.1071074714512 30.098269382 29.991285576551 29.885775952 -9999 -9999 -9999 -9999 -9999 -9999 -9999 -9999 -9999 -9999 -9999 -9999 -9999 -9999 28.723158898 28.830301738 28.9006711004492 28.9455805500009 -9999 -9999 -9999 -9999 -9999 -9999 -9999 -9999 -9999 -9999 -9999 -9999
27.117809028 27.19464941 27.1592076563703 27.095228543094 26.893446558143 26.2397106359998 25.8718460922859 24.0150283104316 21.3851448464013 20.9287447547478 25.9705735791618 28.2070160431151 28.6403705868023 29.048049614 29.346318756 29.589285306554 29.8715430575289 30.044587898 30.0510371616943 30.064224168 30.171367008 30.2745953960574 30.219697902 30.2 30.105412222 30.092918792 29.985775952 29.8634737804391 29.6756017114781 -9999 -9999 -9999 -9999 -9999 -9999 -9999 -9999 -9999 -9999 -9999 28.6 28.6151591044023 28.69464941 28.69464941 28.732093988 28.8368511380713 28.941029078 29.0513219760943 29.098181652177 -9999 -9999 -9999 -9999 -9999 -9999 -9999 -9999 -9999
27.0202661873369 27.0912923863785 27.1 27.0163943118093 26.9060304564753 26.4437201744802 25.3988036219996 23.1319415900385 21.2731071393632 21.5995308936292 27.0316990401936 28.2084380464674 28.7152362932482 29.0460485990366 29.3367187266789 29.5606044360001 29.812335174 30.0501584558251 30.11249343 30.171367008 30.2702621330287 30.3 30.219697902 30.2 30.105412222 29.998269382 29.891126542 29.783983702 29.6507883533053 29.46099034841 -9999 -9999 29.0422389855563 -9999 -9999 -9999 -9999 -9999 -9999 -9999 28.6 28.6 28.6 28.6 28.637444578 28.7 28.751730258 28.9103909267126 29.053522508 29.1698053887183 -9999 -9999 -9999 -9999 -9999 -9999 -9999 -9999
