catData/variables/pastClimate/midhol_MPI_ESM_P/bio10.asc
NCOLS 409 
NROWS 350 
XLLCORNER 60.897278365 
YLLCORNER 5.843756025 
CELLSIZE 0.0892857 
NODATA_value -9999 
[rows 104 to 129 of 350, columns 232 to 289 of 409]
28.2551479023896 28.189338372 28.0480152071216 27.8890053011228 27.7242903426328 27.521534024 27.2011309562881 26.4111432571973 25.646677674966 25.7016524117672 25.8908993621659 25.8078968484553 25.664370667389 25.6118075866005 25.3720638278905 25.0989673139447 25.1685772208993 25.2927434067206 24.4291828698069 23.7597669271644 23.3934323007228 23.4587740383461 22.1813432161279 21.6321273059587 22.7145600300385 23.3413315690018 23.1773768172566 23.461555414964 23.8551006693741 24.4370350237204 25.0398213170685 25.544403455516 25.2856306394821 23.1362000597288 23.4776834482296 24.1837127515437 23.5120372133082 23.382179407344 23.8882176775622 21.7368493405567 21.0141400188679 20.4818348862246 19.6716631192289 20.3580719566138 22.1144573660175 22.1485846269336 21.4747454717866 20.2872581320079 17.568004104839 15.0623280597862 18.565710183652 18.3569870034109 13.8857126151275 7.39476230708838 5.29384673275688 3.7133785264417 6.74540853717644 7.82403401095556
28.403624052 28.296481212 28.189338372 28.0475008089276 27.8890094976841 27.694751314 27.5134441170924 27.2557160584806 26.8668060256069 26.1563837987427 26.1405851300635 26.4145580538648 26.5790007951559 26.799981397569 26.9673379896027 27.0673441904131 27.0695148089752 26.9475011903634 26.8043288355034 26.50559338284 26.2027588705282 25.6879629932487 24.4845880741819 24.1967614309103 24.882730036814 25.4166384405303 25.3635003677159 25.6641710612614 25.976114492731 26.3143003748407 26.6094189283559 26.7925940504014 26.7243568975627 25.6387165637895 23.9532228036771 22.6624348454843 21.3188434945172 20.6520330892299 20.3042337203448 19.6377662260001 19.8319977693454 21.3341720485435 21.0028493341408 20.4178427468794 22.0100079769192 23.0404277738813 21.4263415644131 19.7028498902814 16.8568082971998 18.0395984141311 20.031094722408 17.1286535177224 14.3712302501862 11.0941058683896 10.3447658282695 7.06087871953825 9.7030773137766 10.424539226837
28.5409257460848 28.403624052 28.296481212 28.189338372 28.0161798339999 27.8371647850198 27.6774067999592 27.5154807270616 27.3528499280826 27.1955265671035 27.144951115751 27.1399169591454 27.1084159198337 27.14821123 27.14821123 27.1267153187708 27.1 27.069510595271 27.04821123 27.0129407146871 26.8781118903338 26.84821123 26.7502405307513 26.2215570159999 25.9476651576496 26.2231450112615 26.5778646497031 26.7010840310394 26.7604131114988 26.8537712030444 26.8019098769137 26.75536631 26.75536631 26.6038156764236 26.0133278076416 24.3642854069549 23.7882938239755 22.0369294051371 19.4026535975248 18.698852378926 18.9384743851503 19.7356942147193 18.7166705380001 19.0079455964899 21.2151235713111 22.3365402451426 21.3994483608768 20.0163685725258 17.0630327231213 19.4752818038829 19.9362243484264 16.7415419661384 16.2517646831987 14.7403955024039 12.3172155025469 11.3207955167385 13.9609837399612 14.7499051018968
28.6458382890676 28.510766892 28.403624052 28.296481212 28.1598650496819 27.9970533736645 27.8392013949891 27.6748599883573 27.560767012 27.4097505710501 27.3513927536034 27.31070814 27.2978890130894 27.2385810904358 27.2 27.1800937468714 27.15535407 27.15535407 27.1188118271678 27.0673377974857 26.975052932 26.9069502692071 26.9523576534465 26.9530374043002 26.7799040285218 26.4161775245202 26.6958497638783 26.4700910785711 26.3192201092639 26.4558304160865 26.5304787139999 26.1732317313697 25.7718525701056 25.6994767726359 25.7759821604477 25.4694210716587 25.1056541171607 23.8612228725006 23.0024454879032 21.0488408153102 20.6692286382217 20.4804532181349 18.9067854819271 18.3382956109236 19.3202170166985 20.6435802567903 22.1190696172548 21.0503040489307 19.1084010424708 20.4258679801063 21.2620540107592 17.6900179336105 17.7453951703183 15.2505233151395 12.90959497742 14.5487004480599 16.9743195223429 18.5563663765913
28.725052572 28.617909732 28.510766892 28.403624052 28.255223440635 28.0994047496511 27.982195532 27.8422584082236 27.730406762 27.623263922 27.5194486329176 27.46249691 27.439338492 27.3511330019411 27.3015924157726 27.26249691 27.26249691 27.26249691 27.196481452 27.16249691 27.082195772 26.975052932 26.9979698894827 27 26.9988901152694 26.9614663006239 26.7699924316622 26.5723364757941 26.4766332577652 26.2635312477475 26.021559464 25.7851802698417 25.621459193038 25.660624068 25.7778119641432 25.6578819077614 25.2355146407526 24.7129410901098 24.6764758390415 23.9838457572181 23.7792297316331 24.0377930532951 23.3205091526641 22.2462344401132 21.464943605706 21.2577914089718 21.1615680920616 21.4868393455901 22.6012196353143 22.8499350960326 21.9041449652283 21.0501925814425 18.6591591984522 15.9320315932901 16.3267076370489 16.4396486445726 19.8361265540153 20.0655788401803
28.832195412 28.725052572 28.617909732 28.510766892 28.3835815210479 28.266120962 28.1030564431142 27.982195532 27.875052692 27.767909852 27.660767012 27.56963975 27.5626087963991 27.5181777796819 27.432195652 27.36963975 27.36963975 27.36963975 27.303624292 27.26963975 27.189338612 27.082195772 27.06963975 27.06963975 27.0723334625741 27.0902754066897 27.0252177385275 26.9666569116347 26.9165434022031 26.7838025691431 26.6706511368181 26.733828878 26.8150412704457 26.7559937919118 26.6149150607701 26.4125907739999 25.8283951953583 25.4365728601417 25.4716360348377 25.3535307468378 25.5370313452298 25.4448459022363 25.6211781898985 25.2198966231952 24.6560292886277 24.0697441392284 22.9519046796415 22.865653792787 22.7671125001338 23.5499115571725 22.2677174639041 23.0074073329057 20.508267255689 19.0085304321482 20.5302280338025 20.293598808469 22.6583621498463 21.4282747750056
28.8913063945248 28.832195412 28.725052572 28.617909732 28.510766892 28.403624052 28.2778373118341 28.166120962 27.9863517290628 27.951835282 27.844692442 27.7412680044081 27.67678259 27.646481332 27.5680890402465 27.55356518 27.5138457166503 27.47678259 27.410767132 27.37678259 27.296481452 27.2564803631074 27.180938971341 27.1 27.1 27.1122969913136 27.17678259 27.1697474784168 27.15356518 27.15356518 27.1655754389286 27.235654968 27.27678259 27.1866391257261 27.0546204932777 26.9897434276584 26.8014841575231 26.566096482 26.4684585239356 26.4283453886811 26.0912811979999 25.7189902848915 25.7508467464505 26.1522756209 26.1280900840339 25.8186246913791 25.2761369713778 24.7440361716563 23.9115412439978 22.7644972632656 22.2669314272306 22.7249146885408 22.0001167554327 22.8685832419829 22.5722162795582 23.1185591160504 22.8219824374096 21.724356829647
28.98392543 28.939338252 28.832195412 28.725052572 28.617909732 28.510766892 28.403624052 28.2964812119999 28.1741339091509 28.082195532 27.9824991755193 27.951835282 27.86785086 27.837549602 27.76785086 27.76785086 27.716121082 27.66785086 27.601835402 27.56785086 27.487549722 27.3944631254544 27.289338612 27.2663992370859 27.18392543 27.1864998267175 27.2 27.2 27.2 27.2 27.2 27.258872378 27.3 27.2882401567561 27.2710174059404 27.26785086 27.2526464743088 27.217897732 27.1136072466455 27.0389044993071 26.9370778851368 26.8036968509193 26.7321454186875 26.5736359106155 26.3554740553474 26.1167724590333 25.6699251099998 25.1342109099999 24.9641287886739 24.6882617103671 24.3171797293367 22.311726680704 20.4820192433066 23.2256651349733 24.3901309760063 24.0980389224263 24.0913288238396 23.266699025859
29.0569683591705 28.9960175936464 28.939338252 28.832195412 28.725052572 28.617909732 28.510766892 28.403624052 28.296481212 28.280406642 28.1740562910017 28.0896378018151 28.061046569368 27.9883618434488 27.98213654 27.9415319869174 27.8864479058994 27.88213654 27.816121082 27.78213654 27.701835402 27.594692562 27.487549722 27.3909137816175 27.3740565095656 27.29106827 27.29106827 27.29106827 27.29106827 27.29106827 27.29106827 27.2963265918475 27.3601189169694 27.39106827 27.39106827 27.39106827 27.39106827 27.389338852 27.2902758238705 27.28213654 27.258978602 27.18213654 27.175447814276 27.1483437118195 27.076816862 26.9055435835886 26.6097769368109 26.2692089984447 25.9716744878431 25.91961443 25.7135453613459 25.3705682328979 23.9542229760264 24.2782390339226 23.1283836255359 21.4715763908535 21.7313913629667 23.9398380970379
29.160766772 29.09821111 29.046481092 28.939338252 28.832195412 28.725052572 28.617909732 28.510766892 28.4965190515782 28.396481212 28.2980523864772 28.2806931430733 28.1977968313762 28.1666630181742 28.09821111 28.0974134987248 28.09642222 28.09642222 28.030406762 27.99642222 27.916121082 27.723098540578 27.603624292 27.594723503679 27.489338612 27.39821111 27.39821111 27.39821111 27.39821111 27.39821111 27.3474069565323 27.3 27.366015218 27.4 27.4 27.4 27.4 27.3999690626143 27.3894975669361 27.3 27.2995857299629 27.29821111 27.29821111 27.29821111 27.246481812 27.1961047944211 27.06142243866 26.9170691962192 26.8060930211182 26.6998096499914 26.8698822638326 26.8814967465229 27.0242472898568 26.6310931150337 25.4000578754372 23.0214689695284 22.0883239194777 23.36901795575
29.2033491988656 29.1577999972165 29.1025843507013 29.0442791653809 29.0018195025369 28.9307583335452 28.825052572 28.717909732 28.6158310357918 28.510615282126 28.4969562539561 28.4107079 28.387549482 28.3107079 28.3107079 28.3107079 28.3107079 28.3107079 28.2482268766135 28.2121449913042 28.130406762 28.0185822151398 27.8212444449423 27.7090708470245 27.6151117917866 27.5901960651889 27.509468022729 27.5037316486468 27.4645608674354 27.40535395 27.40535395 27.4022019523181 27.4 27.4 27.4 27.4827620439894 27.49464605 27.4 27.4 27.4 27.3780819264215 27.30535395 27.30535395 27.30535395 27.30535395 27.246481812 27.2678345190854 27.3 27.228297856158 27.2934697168389 27.3948761827567 27.1094228759765 26.7064576528153 26.4125167389798 26.1220324214323 25.739775173383 25.5452992956278 25.3946119214514
29.275052452 29.21249679 29.160766772 29.1051395725687 29.0422341451461 29.0033543211391 28.9297337165758 28.825052572 28.81249679 28.7109830737203 28.6238847725649 28.61249679 28.5922324308648 28.52499358 28.5203142697055 28.51249679 28.5189613517241 28.517636392561 28.51249679 28.4484809308686 28.3346573774165 28.1485365242982 28.030406762 27.924777428272 27.8958605714427 27.7229921768423 27.689338612 27.5859824265873 27.5203142996978 27.51249679 27.5060322582682 27.4484847794467 27.41249679 27.41249679 27.4024617554088 27.4 27.4118202860208 27.4122806682643 27.4 27.4 27.4 27.4 27.4 27.4 27.4 27.341127862 27.3 27.3 27.3602306488022 27.3859340503137 27.3993234660286 27.3984869137434 27.3047334894582 27.22499358 27.2220996111121 27.1443225247945 26.98750321 27.032089428
29.382195292 29.31963963 29.267909612 29.160766772 29.11963963 29.046481092 29.01963963 28.932195412 28.91963963 28.81963963 28.812509464914 28.73927926 28.7347310323909 28.71963963 28.689549414304 28.63927926 28.680849501001 28.6723293763465 28.626314068306 28.61963963 28.474808200389 28.351835282 28.244692442 28.1372099035685 28.010767132 27.903624292 27.796481452 27.71963963 27.682195772 27.61963963 27.5780695818639 27.5277169427886 27.51963963 27.51963963 27.439338732 27.41963963 27.4956497540511 27.4793102545927 27.41963963 27.41963963 27.4150914966612 27.4 27.4 27.4 27.4 27.3526901320763 27.3066745325762 27.3 27.219699342 27.287443498 27.394586338 27.4 27.4 27.4 27.3813903882037 27.2222411322048 26.9908444091013 27.0143881697538
29.489338132 29.4148409224283 29.3621245585518 29.267909612 29.22678247 29.153623932 29.12678247 29.039338252 29.02678247 28.9531016305871 28.92678247 28.92678247 28.903624052 28.82678247 28.82678247 28.82678247 28.82678247 28.82678247 28.760767012 28.72678247 28.6679879601945 28.5427013048253 28.432195652 28.3237863991349 28.144692442 28.037549602 27.930406762 27.8454495789444 27.789338612 27.72678247 27.72678247 27.667910092 27.62678247 27.6071889350636 27.5412056659166 27.5033628771033 27.5 27.428048707143 27.5 27.5 27.4830443297975 27.42678247 27.4167541442422 27.4119413547379 27.4129280862819 27.4 27.3516654636783 27.3071889993415 27.2412058416386 27.314225968 27.396036250401 27.4004631165791 27.42678247 27.42678247 27.42678247 27.42678247 27.3993673534798 27.35356494
29.5752587697439 29.5044644703567 29.4503010510304 29.375052452 29.33392531 29.260766772 29.23392531 29.1464810919999 29.13392531 29.132195412 29.03392531 29.03392531 29.0186234570976 28.9575708242896 28.93392531 28.93392531 28.93392531 28.93392531 28.8903058007744 28.8430314406128 28.83392531 28.6887029946128 28.573263802 28.4655341701615 28.3280628344512 28.251835282 28.144692442 28.037549602 27.930406762 27.8527244444847 27.83392531 27.775052932 27.73392531 27.660767252 27.63392531 27.546481572 27.53392531 27.5333385995823 27.5 27.5 27.5 27.5 27.4752592454817 27.4633856739055 27.4658200267073 27.43392531 27.43392531 27.3855865085457 27.36785062 27.4256286402287 27.43392531 27.4350678590031 27.5 27.5 27.5078563208354 27.53392531 27.53392531 27.53392531
29.64106815 29.6227570208582 29.5695145433873 29.5063732856327 29.4550248741218 29.367909612 29.34106815 29.253623932 29.24106815 29.239338252 29.14106815 29.14106815 29.14106815 29.1232110580873 29.0821363 29.0821363 29.0821363 29.0579584049308 29.04106815 28.967909852 28.94106815 28.853624172 28.746481332 28.6383191725419 28.4784925292126 28.425052812 28.317909972 28.210767132 28.103624292 27.996481452 27.94106815 27.882195772 27.84106815 27.767910092 27.74106815 27.653624412 27.64106815 27.5989808219784 27.54106815 27.54106815 27.54106815 27.54106815 27.54106815 27.54106815 27.54106815 27.54106815 27.54106815 27.54106815 27.54106815 27.5051567230761 27.5 27.54106815 27.54106815 27.54106815 27.5547154098488 27.6 27.6 27.6
29.7301587039513 29.6769087419268 29.623271436195 29.6 29.5658111235612 29.475052452 29.44821099 29.360766772 29.34821099 29.3473150929518 29.29642198 29.288700711292 29.24821099 29.24821099 29.24821099 29.24821099 29.24821099 29.2177214439767 29.1645952741451 29.110323031733 29.0577080063889 28.960767012 28.853624172 28.794692322 28.6832719628764 28.532195652 28.425052812 28.3325183927579 28.258978122 28.151835282 28.0714826576078 28.0177215682703 27.9645953898515 27.9103231560266 27.8577081220953 27.760767252 27.74821099 27.69642198 27.6921445765828 27.64821099 27.64821099 27.64821099 27.6301590510704 27.6214955728077 27.64821099 27.619828149436 27.6318264744421 27.64821099 27.64821099 27.560767492 27.54821099 27.64821099 27.64821099 27.64821099 27.64821099 27.6336028006549 27.6180518232232 27.6267155328986
29.817909492 29.7306731192881 29.6769045282227 29.65535383 29.6188116127557 29.567337514755 29.55535383 29.5163133357765 29.4583501007127 29.45535383 29.45535383 29.439338252 29.35535383 29.35535383 29.35535383 29.35535383 29.35535383 29.35535383 29.289338372 29.25535383 29.175052692 29.067909852 29.0131244384381 28.953624172 28.8425201014596 28.694692322 28.587549482 28.493934886008 28.4386365815027 28.3414405169864 28.203624292 28.15535383 28.089338612 28.05535383 27.975052932 27.9163135500781 27.91070766 27.85535383 27.846481572 27.75535383 27.75535383 27.75535383 27.7386366886536 27.7059334936713 27.7 27.6737158451859 27.721368808 27.75535383 27.75535383 27.716313657229 27.6583504992603 27.7 27.7 27.7 27.7 27.6864719702936 27.6720708641956 27.655413782
29.862555662 29.783278323497 29.76249667 29.76249667 29.696480972 29.66249667 29.66249667 29.6078469456424 29.564526703501 29.56249667 29.56249667 29.546481092 29.46249667 29.46249667 29.46249667 29.46249667 29.46249667 29.46249667 29.4377386749352 29.3792718399213 29.3323810692221 29.237549362 29.165879728491 29.060767012 28.953624172 28.846481332 28.7538115820827 28.694692322 28.6015921756305 28.5011884755129 28.373263802 28.2882000642002 28.196481452 28.16249667 28.1323811592301 28.0703439156264 28.06249667 27.96249667 27.9591692778038 27.9149844370528 27.86249667 27.86249667 27.86249667 27.817910212 27.76249667 27.76249667 27.7872544850488 27.8 27.8 27.8 27.7645269735249 27.7614159913316 27.7 27.7100087529552 27.7480238799013 27.7 27.7 27.6832786835289
29.9582712255059 29.9082287277179 29.86963951 29.8286407401658 29.7799573106103 29.76963951 29.7137180238375 29.6734515069385 29.66963951 29.6684348175093 29.6 29.5951375920429 29.56963951 29.56963951 29.56963951 29.56963951 29.56963951 29.56963951 29.56963951 29.496481212 29.4137181909724 29.3734515798037 29.275052692 29.167909852 29.066945776132 29.023263682 28.9231517783159 28.839338492 28.732195652 28.625052812 28.5539341687885 28.4394082064355 28.3495969663406 28.2883321068833 28.26963951 28.2430911626689 28.173409390555 28.1380746617789 28.06963951 28.053624412 27.96963951 27.96963951 27.96963951 27.925053052 27.86963951 27.86963951 27.86963951 27.86963951 27.86963951 27.8087442864659 27.8 27.7994750130862 27.76963951 27.7745016993616 27.7929692094145 27.76963951 27.7435641250334 27.7
30.0480317073417 29.9896479050671 29.97678235 29.917909492 29.87678235 29.8206095052979 29.7813559071108 29.77678235 29.77678235 29.775052452 29.67678235 29.67678235 29.67678235 29.67678235 29.67678235 29.67678235 29.67678235 29.67678235 29.67678235 29.603624052 29.496481212 29.47678235 29.382195532 29.2763807640594 29.2467521875319 29.160767012 29.053624172 28.9697471656943 28.916120842 28.808978002 28.7138455450794 28.6042411893293 28.502876664262 28.4597967681468 28.3919077834445 28.37678235 28.282195772 28.275052932 28.17678235 28.1730640205992 28.1535647 28.1302990505833 28.07678235 28.0664304222342 28.0138457293571 27.97678235 27.97678235 27.97678235 27.97678235 27.889338852 27.87678235 27.8754546464959 27.8 27.8 27.8 27.8 27.7913065275478 27.77678235
30.146480852 30.08392519 30.08392519 30.025052332 29.9285213900236 29.8882399040177 29.88392519 29.8105374638994 29.8 29.7997219221833 29.78392519 29.78392519 29.78392519 29.78392519 29.78392519 29.78392519 29.78392519 29.78392519 29.7285215914441 29.6882399425973 29.603624052 29.58392519 29.489338372 29.4663987612371 29.375052692 29.2813507548456 29.244692202 29.1424201930715 29.046481332 28.939338492 28.832195652 28.725052812 28.617909972 28.58392519 28.5710169732182 28.4944630567404 28.468720577301 28.3836471893424 28.3604043206162 28.28392519 28.28392519 28.279054397508 28.2364257524506 28.18392519 28.1756098036322 28.1184418263264 28.08392519 28.08392519 28.08392519 28.0698688138391 28.06785038 28.066121202 27.96785038 27.9544098799953 27.88392519 27.8584954059125 27.8 27.8
30.1966554829631 30.1504633653628 30.1 30.041127142 29.9941034976593 29.99106803 29.9179391469925 29.8921895086815 29.89106803 29.89106803 29.89106803 29.89106803 29.8699781149482 29.8 29.8340996023999 29.89106803 29.89106803 29.89106803 29.825052572 29.79106803 29.710766892 29.69106803 29.596481212 29.589338372 29.4902755411404 29.4675512071856 29.367909852 29.2883615521626 29.244692202 29.137549362 29.030406522 28.923263682 28.816120842 28.78213606 28.7090076141191 28.683257581555 28.595997926771 28.5805611130969 28.4902755625771 28.4675514257488 28.39106803 28.39106803 28.353624412 28.29106803 28.29106803 28.2858095882955 28.28213606 28.2155126763564 28.19106803 28.2707011009917 28.1959981453343 28.1909135803398 28.1740564879861 28.0896375876879 28.061046800638 27.988361595036 27.9480371132899 27.8504642396159
30.29821087 30.253623692 30.147406369271 30.0989466880357 30.0333762786576 30 29.9985633039558 29.99821087 29.99821087 29.99821087 29.9894968768173 29.9 29.899585665796 29.89821087 29.8988807935906 29.9 29.9 29.9 29.8988188976363 29.89821087 29.817909732 29.79821087 29.703624052 29.696481212 29.59821087 29.5979243347832 29.573263562 29.4666628466033 29.3975409507034 29.3080460579899 29.1972853613168 29.137549362 29.030406522 28.9245725747631 28.8967741825436 28.8105424841497 28.796518593157 28.696481452 28.59821087 28.5979243390772 28.59642174 28.5666630823094 28.4975409549973 28.452632991696 28.39821087 28.39821087 28.39821087 28.3969019815308 28.39642174 28.3979862178558 28.396518597451 28.39642174 28.387549722 28.29642174 28.273264042 28.1666633180155 28.060767492 27.9974131645979
30.3699140332679 30.2637331737927 30.2025842348533 30.144279024086 30.1018194209746 30.1 30.1 30.1 30.1 30.00535371 30.00535371 30.00535371 30.00535371 30.00535371 30.00535371 30.0029666546416 30 30.0031518692371 30.0018194338235 29.9307583851159 29.90535371 29.90535371 29.810766892 29.80535371 29.7969562198126 29.709850005248 29.70535371 29.675052692 29.567909852 29.460767012 29.3563936214488 29.3075555636118 29.239338492 29.0629542642669 29.0064083427937 28.917909972 28.90535371 28.80535371 28.7969564469637 28.7098500180969 28.70535371 28.6766751477818 28.6087027972788 28.60535371 28.60535371 28.60535371 28.6088879604787 28.606790762582 28.6096527743574 28.61070742 28.61070742 28.6037171071755 28.51070742 28.5098500309458 28.4834358079936 28.380406882 28.273264042 28.166121202
30.5 30.4163975029923 30.260766532 30.2051394738636 30.1422339867084 30.11249655 30.11249655 30.11249655 30.11249655 30.1 30.1 30.1 30.1 30.1 30.1 30.0609848910006 30.01249655 30.0640121218553 30.0422341967167 30.01249655 30.01249655 30.01249655 29.917909732 29.91249655 29.91249655 29.896481212 29.81249655 29.782195532 29.675052692 29.5734816510089 29.5185286924191 29.453624172 29.346481332 29.248480725297 29.134657360131 29.025052812 29.01249655 28.9247769824149 28.91249655 28.896481452 28.8153904933012 28.8212065481268 28.7797320924452 28.7249931 28.7249931 28.7249931 28.791008078 28.751835282 28.7952589461227 28.8234239704493 28.8131730709787 28.7249931 28.7249931 28.708978242 28.6249931 28.594692562 28.487549722 28.380406882
