catData/variables/pastClimate/midhol_MPI_ESM_P/bio16.asc
NCOLS 409 
NROWS 350 
XLLCORNER 60.897278365 
YLLCORNER 5.843756025 
CELLSIZE 0.0892857 
NODATA_value -9999 
[rows 50 to 74 of 350, columns 112 to 167 of 409]
377.216651083177 397.503054521811 423.4385713701 440.022077561555 454.576354570812 469.459553622783 490.023327381297 503.164756196121 510.186506108355 522.742034852946 546.192223024595 569.348535603146 583.313654018328 595.323292459683 606.28294453744 609.147044627987 609.911190898683 619.165860421541 626.063159987913 633.67310529707 646.081852673555 660.38467453233 680.974164639266 712.599928403741 756.7641528029 807.393415573897 861.775879377148 919.447171908539 978.805849339121 1038.86411730073 1098.52749417418 1155.01299395949 1207.18419528396 1254.28180292842 1301.05957895934 1352.40620213603 1415.12903720546 1492.91923089859 1580.24432533539 1657.97015123588 1659.4672760137 1671.75856852644 1830.18051183636 1971.92899169504 2079.39803039573 2200.85809551087 2329.7274454204 2436.32144145471 2633.09156665962 2792.15693159341 2860.12795551292 2845.55394124069 2789.54255237641 2673.5800806633 2684.70258718214 2809.81212409433
385.023494495514 406.067379203275 436.067681840013 442.376911242556 456.210604289926 454.687371169744 474.043269471001 486.05835926125 491.801306900001 500.884936571048 521.302788770131 550.510693212196 569.585075122298 578.886113871559 583.098124298068 581.392758380764 585.14259365229 594.873636874941 605.936284775983 618.192112107074 629.181717238562 638.657886490901 651.920196220185 676.706136848331 715.207608782104 759.53842468967 807.246115356184 857.245795636462 907.737017450733 959.58675527571 1011.21889875924 1059.68723944873 1105.06893661016 1146.11031606232 1184.06972856846 1223.39531736109 1274.65989100481 1344.87620235908 1422.66117942285 1483.11629987794 1412.45409819296 1351.25921719453 1512.91529963962 1709.65362114348 1865.20492745111 1994.33974591341 2110.4620054213 2234.61114983005 2383.33462391287 2526.14430085694 2661.80793281228 2798.24552257863 2913.84456863298 2902.77431395746 2928.01252255966 3062.72194308592
397.814169415697 417.084271161472 433.438653240082 434.521240377133 428.936569600109 434.808382638557 451.45207640211 462.008106187872 469.199896209342 476.510209109957 485.876371952014 502.09129093004 521.799364655517 535.774351213902 544.146664686874 553.26125765298 567.735954505238 581.979678147249 596.009664637802 607.716660569227 616.081942301305 622.242701244154 630.650221267004 649.314848994346 680.447080990813 717.717798166664 758.125141384418 800.240825264383 843.700089380264 888.150720824341 932.394359809405 974.786762718987 1015.36880639326 1052.20193450753 1083.29185316481 1109.69902355646 1146.42629577726 1209.94613527439 1272.67454546492 1300.97043920494 1241.86361306089 1210.42445271354 1342.72492545204 1531.98322338565 1700.28722418454 1829.68446583924 1932.58264126321 2023.34372530525 2127.43639673267 2267.43567902677 2417.7549195842 2590.74585193748 2756.02225362882 2857.42162570606 2952.69356634117 3088.91523528501
379.260821957255 398.916366395595 416.967623429797 395.136805466197 398.948945400211 413.300050085926 427.137402590408 436.82953916899 445.413966040604 453.279025868598 462.03132532 472.672936834103 485.795671363989 501.547682967809 517.86783379284 536.675811821124 554.739668538609 571.974790620003 586.832155976826 599.518097133314 607.818284061785 612.218242233765 618.069067895943 631.279023749557 653.765931975241 682.63070661821 715.329916434251 750.156038944834 786.368812638002 824.149426708352 862.863105271068 902.058570627874 940.812642697041 977.409586385811 1009.4208312942 1036.05198816566 1069.39369535022 1121.70499297376 1168.4093024691 1188.5281701529 1182.35685588243 1202.10994032531 1297.89574373793 1445.32244937473 1592.99976417531 1702.48103004942 1787.70758188908 1866.08813807215 1964.62667164287 2100.68260113856 2237.03488737265 2406.31578571119 2599.36249584276 2781.85187599908 2923.3476217372 3049.93453947185
362.548483835607 370.244979482548 370.754522715639 365.390829183799 378.564862240001 392.001471925357 402.77990579978 413.137401317766 421.536072884693 430.100211416429 439.160709604803 450.803741526032 464.07231086726 480.11679878 498.679283389719 520.136612201887 540.247333764342 560.081618573602 578.215449863883 593.60239732 601.909402722917 604.604046665064 606.935066661839 614.99462179616 629.899536804026 651.535418467103 677.221814348834 706.022753577274 736.132746125458 768.725409727456 802.809139662536 840.419006921198 880.751469459119 922.253308104405 962.851615365633 1002.6373561126 1043.45004865633 1084.55619180852 1120.31932440081 1145.56269960378 1167.63923851791 1207.63448089725 1283.13266030971 1390.17412134271 1502.30239170349 1595.53713974107 1672.23110187493 1743.69657215951 1836.61504715382 1972.33812877974 2111.70489614677 2274.78298521329 2476.9645671422 2703.45772899927 2895.98257854712 3066.03496168264
321.355786509442 328.828028768939 336.616477579461 346.940360660003 359.588315179697 369.951485612631 380.37362883963 389.91175910774 398.117075469411 406.566607565701 416.5486519 427.946316702042 442.226608611029 458.92039528 478.343272230627 499.683771011822 522.568181257198 543.970711979732 568.399715284213 588.514113476794 597.010760304288 594.429330365973 592.330326375754 595.694526745536 606.266881867658 622.190539453921 642.897959897443 666.826777565822 692.607197630834 721.461507838171 751.8526136855 788.270726376226 832.908298219662 881.563982477474 933.291516442352 988.904391988372 1041.38292843683 1077.09649617618 1104.98552126419 1133.59047478645 1165.79191970229 1209.71811239539 1271.82801334981 1347.48820546809 1428.49484522834 1509.41613259037 1583.29136749238 1655.46484359944 1749.73628383277 1869.49293698441 1995.25238465329 2128.18202369284 2277.72227314301 2486.79288902579 2757.14260122237 3076.94460790415
300.157827780001 308.33532574 318.7985373 329.605222722327 340.40627942 350.0634400934 359.570376719519 367.934456545637 375.837719948244 383.98703385575 392.666844423993 404.066470749889 418.8674121 436.33670933765 456.864404271536 479.071746845414 501.645006920704 525.023174920006 550.794500088229 574.720492338123 581.101354815538 575.48471918 572.355828297417 574.055418183537 581.716116078618 594.527707315774 611.780788867571 632.44195001602 654.936639022391 681.939798900252 710.838511486364 747.989648002553 796.35266094559 850.313587331661 910.016266873279 975.544055821276 1035.68237828769 1073.46456423081 1101.66033098937 1133.1826022357 1169.41067911734 1212.47666474101 1264.68995959792 1321.43573505456 1379.88031016853 1448.81756118704 1516.28831061148 1590.91156878884 1684.54992944406 1786.41636773671 1892.68248658103 1987.76849723325 2097.72540853076 2277.97032576838 2484.6623907944 2805.46546378668
287.032763880001 293.492603880524 302.780251710054 312.442263699848 322.10268892 331.43091747886 338.965088109223 346.776441400985 354.599872437613 361.496702160001 369.523269648391 380.458317960001 395.944359992025 414.531267162232 435.418245600004 455.144795112055 477.274909279999 500.792843133876 524.142687880367 542.68121079304 548.792633935816 548.847962247792 547.05464302 548.658546100001 555.068820590961 566.707297120001 583.039445725067 600.95921976457 623.188694135354 649.395608914445 680.862264987298 719.244071900009 768.163543288555 825.535333412779 887.73058519661 953.858632039579 1015.45501033611 1064.54614066111 1103.04301432715 1138.33594851528 1176.30726185785 1218.88351637194 1264.52343901218 1312.47786810072 1361.77212580926 1412.56054801559 1474.78154363819 1549.51273358839 1630.64536110542 1718.26950739426 1800.85902860242 1875.27874955067 1981.51669675763 2149.76840020398 2367.29313950648 2586.62305491159
272.863067861868 279.538928711599 287.876793990128 297.372484161473 305.013853540001 313.559548676383 321.764454860001 328.674612507609 334.777897291716 341.788888240679 348.274832667212 358.818957726256 374.670681439721 393.872622019556 412.580578660004 432.543784220001 453.745510507164 475.0246940941 493.929417501027 508.639004512044 515.314935692558 517.964304280001 519.035732680001 521.914592332161 529.887991400001 541.22254756523 555.706329111766 573.951582401703 596.392041895173 622.669949082737 655.144428579999 695.619372924446 745.499670601947 802.441326417503 866.895784992128 935.368749192861 1001.71793303686 1061.00396946006 1110.37536464106 1151.50382077013 1187.74953934 1227.26121616132 1271.15476557844 1316.88282391431 1357.46809491753 1403.15506163717 1458.41631714324 1518.2049548342 1582.93222863137 1653.60745723535 1723.23150271423 1781.04959327754 1861.16817849027 2005.94820742724 2377.77921023725 3003.94046975302
262.361915165797 268.044075288805 274.307362840074 282.759482774428 291.074192714352 299.071220468509 304.99653296 312.117752671538 318.044449797092 324.371551860001 332.000857225628 342.344502682976 356.862965862928 373.489621668602 391.301604605745 411.021617725762 430.519703479979 449.525421497162 466.27922304 479.587110588562 488.205853731424 491.67850428 492.74993268 496.106530020008 504.802925765735 516.815349560001 532.230678611413 549.879796937097 571.138753925691 598.751599762831 631.684455560065 672.312127577115 723.167658220008 782.025863237232 848.229527894447 920.833588966031 994.306884232001 1064.42187968074 1123.78339862046 1169.67322611422 1206.62271769679 1241.58463321699 1280.08679516001 1323.55533447169 1367.41275483991 1407.87973426167 1447.15275322191 1490.62319476797 1541.73993441316 1602.56131895925 1662.22221504197 1709.14286423989 1763.95035175703 1890.23429264155 2099.94031026075 2498.04109234055
255.623482540001 258.666017894272 263.375873790168 271.332868515898 277.63975303671 284.800599380001 291.324309335003 297.581489521708 302.889904680001 309.589214821544 317.702982663168 327.38750269521 339.70294524321 354.740597288042 371.509627380004 389.355193785647 409.065042952917 426.528060600004 442.439423791918 456.066443600001 465.759175510878 470.475977738959 471.968275857335 475.960755160002 485.945734752958 498.708073760002 513.027087798334 528.54415633079 548.209865512419 574.464317674045 608.707575877831 650.282591101366 700.488685800552 759.806176059999 828.133032498932 904.85315666863 986.819023632932 1069.7193761837 1140.41879451401 1188.39373570116 1220.41156520766 1251.21026190061 1288.45326064275 1334.44474508322 1379.15381143555 1407.04876010016 1432.75315954333 1466.56723212657 1510.15833142229 1560.25878583923 1610.50413902898 1652.31984176639 1707.19820470283 1812.15865408949 1965.23112892658 2177.05104159479
251.658357121123 253.711213265608 256.76633934 262.479597100002 267.854178017198 273.507654583552 279.248080120001 283.977536185048 289.83217603402 295.718624497011 302.40722406 311.946840280936 323.818798309907 337.22551074 353.348099103928 370.203988228412 388.25910886 406.448032105239 422.980872698132 437.712936360938 448.824909427482 456.742073554022 460.917547860753 466.704975715704 476.42265248 487.693306812887 498.235151268779 510.245189808965 527.256129940185 551.396119411218 584.643875859998 625.916849300195 676.67320352935 736.191942749155 804.479977780014 883.197496938126 971.647178672161 1067.36246760772 1150.85700337573 1196.96102218072 1219.22125060558 1242.61384984017 1275.47895235812 1320.31629795213 1367.49214580351 1386.06383532806 1406.26586084506 1437.25278888412 1477.7645483729 1520.71340254838 1559.14735770917 1599.92396194001 1657.6812021295 1743.68364509186 1853.9335187541 1989.19303114169
248.655105408786 250.153348623055 252.517339270209 256.378536946528 260.89140804 264.317363579164 268.715908415483 272.377438825901 276.55373910594 282.08679880444 289.21082056 297.488834597077 307.5128213 319.925506749713 335.005589663019 351.306864228825 369.633565480664 388.21134397251 406.67184611304 423.513409228561 437.990684356058 449.193843999474 457.450857346838 466.850727494202 477.199543913828 483.563339569381 486.812213167424 492.77582990361 505.782152431742 528.945448454597 561.822975153563 602.320997283458 651.470813969659 708.447412734127 774.794347137228 851.006217860529 937.096587640171 1034.16047314158 1123.14215700001 1170.31337688301 1187.60756904905 1207.80581123004 1237.8062358 1274.86804693746 1310.50427935016 1334.37041006832 1360.24523765474 1396.5364372909 1439.69343520001 1480.34274741126 1516.8780647665 1558.54130633474 1609.69317861606 1673.48979947566 1750.79283644862 1845.64259404645
246.473235896449 247.619967476563 249.102288379886 251.394970523895 253.72920350756 256.129219915613 258.76699166 261.21288264 264.714727653334 269.118038242945 274.857334429553 281.960867960001 291.441395300001 302.586820390275 316.671404120003 333.420324480001 352.45495844 372.583389107188 393.116283770562 412.653235996186 430.421358580691 444.76091076519 456.862158343231 469.5337854314 480.12431198087 481.202855701339 476.588740864603 475.032598639668 483.005630698833 506.310943840406 538.697995679999 578.294664709803 624.6499010653 677.985279021579 738.918943510115 807.038334835358 883.042803596428 964.458827190975 1039.70573859142 1090.60040332074 1119.52787614386 1148.3621004409 1181.86628873288 1215.64720171475 1243.57563558836 1266.00402319539 1299.4148321332 1346.64693317929 1396.20957583369 1443.81654465873 1486.42338341574 1530.99759300097 1575.25553678804 1606.03329806436 1637.54773844007 1695.52569816853
245.5178805 245.939476540382 247.89178436 247.080491990631 247.635363866137 248.350413121643 249.976713397149 251.759949165311 253.747194448162 256.265276683669 260.551753139174 266.569834174681 275.215521180373 285.954854634307 299.623511361202 316.277470080001 335.768135947788 357.63070764457 381.114683303882 403.90015856381 425.22381810306 443.231608200515 457.096692050498 468.50672206453 475.964141861304 473.859313468232 466.215697412725 460.407958928339 464.448623358287 486.750733547588 518.178654778594 555.034163879226 597.386181961559 645.806952390716 698.951679070594 757.270532835118 819.864097795031 883.009680367633 940.479255040178 988.351816642296 1030.46179110333 1075.094570882 1119.06269079091 1157.09188140561 1184.07931922723 1201.0106609219 1237.39946250521 1291.56179218258 1349.78374128319 1406.25518778826 1452.22470659884 1501.74463365044 1544.65106922348 1532.4929800105 1507.08937233787 1536.63331415086
244.78194129645 245.390406190955 246.291043200269 243.329768529314 242.736681588494 242.12644032302 241.675017686853 241.985615212065 242.28543568 243.755002008784 246.87315482 252.010463882752 259.166299701931 269.33945370111 282.582662340002 299.13461568 319.638734721349 342.677406866518 369.237392951965 397.181001402869 423.463130393901 444.820315105452 458.990682207455 466.440664524536 468.157686468347 464.039144519999 457.315838149553 451.950482171123 455.603991880001 474.478090279928 501.307239082985 533.531385405384 571.147361033148 613.246676318812 659.502201531072 707.831103190624 757.407230264665 804.965320279914 847.757754646018 888.613153218688 938.612995172475 1001.57371931718 1062.72962194556 1110.35526829151 1141.8909112216 1161.89118711944 1195.14678219443 1244.13803345862 1297.96420806118 1348.32767974736 1388.67552112757 1429.05306265836 1458.12228605321 1426.11317330725 1369.70542927194 1399.30066349368
244.729168979439 244.453480862292 243.783863505145 240.086100615995 237.730903510851 235.829680373704 233.335669653114 232.07217912 231.515645642263 231.917456685117 233.547913515939 237.083140181646 242.833994293676 252.316425 265.439807940003 281.991761280001 302.9181748 327.108098536185 357.317975695237 391.335675038118 424.050610857505 449.162777660647 462.809424288825 465.748380785296 462.27987675165 455.724741710765 449.039146919999 445.719851107057 450.570200760676 464.33628331307 486.107198855092 513.892713879427 546.167996833691 582.092091281541 622.002951538668 662.027454995074 701.731641277198 738.352504215025 769.714733318561 798.670124249925 854.933429555903 941.958217893211 1022.99297717026 1080.0832157694 1116.9916935801 1143.06684833131 1171.06504489749 1206.956830603 1245.18473691303 1281.27408741164 1307.75740377558 1330.17631761935 1348.47263685862 1333.74244333654 1302.13825786527 1342.8646759963
244.665868292899 243.516555533628 240.381531840464 235.466014759999 232.216868126415 228.756183240266 226.197068886261 223.611098492787 221.907207398627 220.72543242584 220.653659764734 221.892968797787 226.51498658 235.8699753 248.993358240002 264.936332565 285.116598311525 309.687468243902 342.880330897105 383.48582180005 425.401386763687 457.208149804159 468.243647514796 464.18510664048 455.119567011215 445.791129940528 438.838253743208 437.323333213364 441.931507919689 452.311506072743 471.902170782896 494.913380868277 522.941165287855 554.334602812383 588.103857945023 621.873113077648 655.154226808226 686.36426265717 715.001065059564 745.729796778734 809.852507707362 913.365340163724 1009.62787204664 1067.85600251872 1101.37062989988 1127.60556972398 1149.60022000786 1172.10112703848 1197.17538622338 1222.39726545451 1241.45197854657 1258.93285292009 1282.35242972223 1296.30780072475 1309.38658835772 1357.21819673455
243.687001705236 241.140354869929 234.734070005494 230.108872759999 226.873982984435 223.362333851529 219.520349475964 215.786420266164 213.10841004 210.726704513128 208.527239113529 207.470630513929 210.197583434329 219.030716199999 233.387289744874 249.3672573 267.043385973892 289.206796523679 324.980833628179 371.643619748615 422.560089634841 463.920351811036 471.033343009968 457.222275546817 443.189026798692 432.403686370235 426.224204080035 425.51760498 429.801155700001 439.530592600001 455.852728463053 476.353140541932 501.623445264658 528.776058674089 558.273045206259 587.357860435289 617.52078332 649.069899231351 683.275235078733 727.030187511553 798.314373520013 912.207915371469 1020.35846919154 1061.82081100745 1081.18673320632 1100.99532538882 1117.06159047982 1131.76597683665 1151.07834546 1174.90406004719 1198.85297372761 1223.78977108519 1253.54383555419 1284.5995586542 1322.827291851 1376.19360771577
236.186362284857 232.94879138 229.0008047993 224.737194264047 220.69818406 217.32372148 213.232385694331 209.640265039542 205.586961786831 201.94823506 197.948770523487 194.191149030071 194.068123866727 203.115876914436 220.991652353381 236.99040393053 252.314662228805 271.11424697656 305.72366093215 352.633748132046 402.983798499492 443.07641835377 449.980116849428 437.131308155449 423.923813484611 413.838179790737 408.806656316863 409.078162222991 414.934874198235 424.994928800002 438.85095597726 458.941014005012 481.799714599135 505.296888120751 531.490601908253 557.852352475994 586.359953620002 619.820009997031 661.38850877345 715.30699171557 787.669164906833 894.362727786081 1000.05108255535 1031.74716165391 1040.51747844286 1053.92877441347 1067.25078147879 1082.54702021104 1103.46099861825 1133.15179591998 1167.58748694292 1203.78228837026 1240.26802016847 1277.75688157141 1321.1363347116 1369.78393738919
226.054883760182 223.987976544723 221.738218714815 218.466578279999 214.26961366 211.041023002174 207.540812115372 203.875664214161 200.518370790465 195.296740736024 190.98080886888 186.071807189319 181.969793862613 191.849770865399 213.255359592763 228.185593626588 242.09552545084 261.188258413557 291.241259227476 329.855728694812 369.1485910744 398.778152879998 409.220753458781 404.310145345323 396.298191332706 390.630718153712 388.097417947381 390.492621692287 397.139485760001 408.059222461052 423.448317707006 442.67174426809 463.381899480003 486.070678518273 509.622565400055 532.98862510846 560.00271802 594.967650822033 641.03912085252 699.148946131168 771.591122211976 860.183084888275 940.774311596473 966.251189844605 977.015408071388 993.450814841204 1010.14594656275 1026.90822927041 1051.49529266129 1090.32389713102 1135.55260902567 1181.63162961012 1223.13841787495 1260.0677226603 1295.56016669383 1326.36532830335
217.146575662245 215.39412604 213.25126924 211.089911297168 208.910323557364 206.748307796144 204.12722198 199.852345912593 196.320395257449 193.244226191262 188.957854729957 184.659716657644 183.612955890409 191.309930668091 206.952566949034 220.61870846 235.35071470272 253.507720252502 277.623433577757 306.868311248458 335.651116819446 356.93278696676 368.179628796996 369.686242865073 366.938866838876 364.844595515215 365.696211571554 370.002562609297 377.749637388078 390.658563713717 406.474417899999 426.631237608838 449.096089880003 471.598950438023 493.431585697735 513.678443240928 538.095742405054 571.774985217102 619.740058351755 679.075588120004 746.345331892536 814.142883959073 865.008975303174 884.74482644 907.912363031187 929.383923654668 948.629730078338 969.288039554243 1000.87410071469 1045.29957801471 1098.10431306862 1152.34682580008 1199.57658455638 1234.91289035215 1259.16159908745 1271.05404764766
207.747497409165 207.5716264 205.730491444795 204.66139922 203.505974055007 201.57208912 200.28145666522 197.941616581305 195.231023604567 192.656532341077 189.50158856 186.939102141502 187.48099246 193.203522138072 203.757910181792 215.418332737647 228.981081787434 244.879644314449 264.113362854019 285.455466330391 306.722025269881 322.962229376372 332.801000180001 337.469892122028 338.663187034267 339.366675324479 341.837844067347 347.99673456 357.94882473756 371.437505917996 390.16632808777 411.635002171513 435.608649193954 461.014527419268 483.173830351808 502.2777072 520.575828901592 551.840674512434 600.710928414144 658.777170816278 720.239289548176 773.972113736359 812.828624303821 835.026724040003 854.954426104448 871.78820883072 887.628524392648 908.583726815423 943.741995598744 993.744130758327 1055.43854922886 1120.60662689005 1175.63589328077 1208.69522259264 1222.6052948884 1224.46218689457
198.827850253081 199.0001992 198.172519989784 197.987207902435 197.183583245301 196.39997677225 195.672364075516 195.30303418 194.970209256763 192.748333950185 190.83162512499 189.55129668732 190.655241591774 194.725108388908 202.223545586044 211.292344524765 222.54348674031 236.111185596171 250.886970741869 267.447926663427 282.781086453275 295.93996239299 304.325535581558 309.393988309874 312.224858401306 315.09036245274 319.098723304173 325.530281204393 336.30921810704 352.601127278473 372.951970429711 396.829862062679 425.054639198314 453.964446625216 479.00570050691 497.518931291726 515.067432401499 543.32910340027 587.572693274537 643.175592828805 699.504128811542 746.471743913 780.462623065806 801.75650584147 815.587829920214 823.081075124634 828.657917398873 843.796392598683 878.685465894178 934.808056084158 1006.6960701528 1084.89858371998 1150.97436752 1181.10221708 1188.51412916722 1190.54909406595
190.821579 190.821579 190.821579 190.038704902534 191.30313498 192.566200158053 194.592742243249 195.49943768 195.895486681331 194.58859958909 194.00492654315 193.80405922 193.392807 195.300241339744 200.502760904226 206.682214004353 215.366469329781 226.612469277671 238.1199499843 250.949357926631 262.268718036671 272.633071237797 280.017776189963 285.051887820001 288.82028444 292.50768336676 297.372798900001 303.46154308 314.866014976521 332.47762976856 355.656438452037 382.538789340006 412.751132235118 445.346307265948 475.899585580004 495.309772149165 509.880714501406 535.823942153652 576.005391231779 627.321688914387 680.683474650376 725.35650265478 757.500618905155 777.379813194183 785.342831377322 782.363128973567 774.400978332424 776.415403448419 808.072321000495 872.90266403574 953.012889260001 1034.54957157517 1100.55486793805 1130.38682772202 1145.25409520958 1169.35478968069
