catData/variables/pastClimate/midhol_MPI_ESM_P/bio11.asc
NCOLS 409 
NROWS 350 
XLLCORNER 60.897278365 
YLLCORNER 5.843756025 
CELLSIZE 0.0892857 
NODATA_value -9999 
[rows 104 to 129 of 350, columns 118 to 176 of 409]
14.0260681965303 14 13.9752575909809 13.9633875512635 13.9658184064922 13.93392555 13.93392555 13.909105462241 13.9 13.9 13.9 13.8350698392185 13.8969892234629 13.8554909762927 13.8 13.789719480196 13.76607445 13.7812014653152 13.8 13.858874538 13.9223967585821 13.93392555 13.93392555 13.846479652 13.83392555 13.8333381026398 13.7941362771158 13.7233422348714 13.6678511 13.6678511 13.6551474138617 13.6187986161061 13.651731458 13.6610991314051 13.63392555 13.6091056250836 13.546940354672 13.53392555 13.5018358818168 13.498268662 13.3969893863055 13.350057432 13.242914592 13.1557940930387 13.144852504717 13.0482283478903 12.9368768504564 13.1641313000809 13.2776034042606 13.0949351305049 13.2744833297521 13.5369291259875 13.6302536235238 13.6344820789649 13.66607445 13.650057672 13.5582174222156 13.5629897266201 13.6212220267044
14.0863510984993 14.04106839 14.04106839 14.04106839 14.04106839 14.0168894665593 14 13.9568853642172 13.94106839 13.9051556690062 13.9 13.9 13.891125342 13.8065781285469 13.84106839 13.8232102393234 13.78213678 13.8084137119 13.84106839 13.8757641031235 13.9389051037352 13.95893161 13.95893161 13.9073983344296 13.9 13.8989795532062 13.84106839 13.84106839 13.84106839 13.8286234612407 13.7779326001476 13.696479772 13.6715545710759 13.7241787263124 13.74106839 13.667908412 13.64106839 13.6051558661345 13.505411502 13.498268662 13.391125822 13.283982982 13.1673287611931 12.9788495912193 12.8782384267503 13.0911101358869 13.24310885928 13.2758213722517 13.192914712 13.0295889755744 13.3176917181739 13.5233578433014 13.6913990313103 13.698268902 13.5927112330676 13.5084242748545 13.4452832742427 13.5157968372622 13.7754478440386
14.14821123 14.14821123 14.14821123 14.14821123 14.1232706263874 14.041125222 14 14 14 13.9968715794346 13.99642246 13.94821123 13.9436151537801 13.904717725199 13.94821123 13.94821123 13.94821123 13.94821123 13.94821123 13.94821123 13.94821123 13.9129397890315 13.9387150919894 13.94821123 13.94821123 13.94821123 13.94821123 13.94821123 13.94821123 13.917908292 13.84821123 13.803622612 13.74821123 13.7787015047803 13.8 13.7621113472615 13.7094962537175 13.612554342 13.5510137803243 13.498268662 13.3868474716338 13.2434937533871 13.1871772412242 13.0661667171449 12.9452072197504 13.1584973855875 13.3 13.241125942 13.133983102 13.2058136286637 13.3693968422735 13.5748908360001 13.694588258 13.6035156092766 13.5865303586592 13.4250455729595 13.3370741501033 13.5997235200002 13.985656528
14.25535407 14.25535407 14.2346260421343 14.2 14.148268062 14.0737148078265 14.0188106315199 14 14 14.087446138 14.1 14.05535407 14.05535407 14.0464877329448 14.0128201897088 14.05535407 14.05535407 14.0306723223305 14.0286356003231 14.05535407 14.05535407 14.0226910102839 14.0465601870625 14.05535407 14.05535407 14.0563125688982 14.11070814 14.1018419357946 14.05535407 14.025051132 13.95535407 13.9354470668198 13.8820726725267 13.85535407 13.85535407 13.8148570445659 13.7641480600877 13.667908412 13.6029954866051 13.498268662 13.382251644 13.2088660713556 13.278513928 13.35535407 13.3386361613164 13.33061503603 13.3267187353764 13.2737151292772 13.2258802119307 13.3491935688313 13.4889014904759 13.6371943781086 13.5928669763647 13.5007728648013 13.5210357344431 13.2925949555411 13.4483608551595 13.822607638561 14.0720718715334
14.36249691 14.3435582101256 14.2859564961606 14.2346301015531 14.1805989247331 14.1257019929806 14.0752413533056 14.0167738844082 14 14.087446138 14.1591151884506 14.1 14.1 14.0939929433093 14.085657248 14.16249691 14.139094305832 14.0832778004543 14.0818978952595 14.1 14.141258821313 14.16249691 14.16249691 14.2171478941718 14.22499382 14.2256432152558 14.26249691 14.246479652 14.16249691 14.1511323718892 14.12499382 14.0971273115383 14.0430960147479 13.9881992029658 13.9212382386796 13.8725627476067 13.8123101301071 13.712554342 13.605411502 13.498268662 13.3877977310379 13.278513928 13.385656768 13.4814351598966 13.5015915158171 13.46249691 13.4430961047554 13.42499382 13.3837352986721 13.435656648 13.623102066 13.6406409596268 13.5074413124728 13.4407487382773 13.6005899420905 13.3239648300159 13.3525241500892 13.9795430159041 14.1390947558097
14.46963975 14.439336332 14.3435622695444 14.2864626383744 14.2336137577066 14.141125222 14.0540254958688 14.0081485520501 14 14.087446138 14.194588978 14.16963975 14.16963975 14.16963975 14.192800088 14.2485366925987 14.1886312953202 14.2006913192391 14.2392795 14.2392795 14.2593225410043 14.26963975 14.26963975 14.357085648 14.36963975 14.3684338834097 14.3 14.2951371204281 14.26963975 14.26963975 14.2435626038152 14.1864627841036 14.1336140919774 14.041125702 13.9799570318604 13.9186913242208 13.8756198636982 13.782194092 13.675051252 13.567908412 13.4731254827475 13.524936268 13.632079108 13.6970165017391 13.6582711910494 13.6392795 13.6392795 13.6392795 13.573262602 13.5614909793562 13.730244906 13.682194332 13.575051492 13.4724219793611 13.6064325857615 13.3475608749435 13.4063540616193 13.9423701799952 14.188631513914
14.57678259 14.546479172 14.439336332 14.3425459256979 14.248268062 14.141125222 14.0846724189567 14.07678259 14.0151236379402 14.1545895476114 14.271371568 14.2 14.2 14.2122986498176 14.2821598206309 14.2929643869207 14.3055346124723 14.3639175579762 14.37678259 14.37678259 14.3260927373215 14.35617431023 14.37678259 14.464228488 14.47678259 14.475051012 14.3699685820122 14.3122984655394 14.37678259 14.3535152093575 14.2913060601941 14.2425462942544 14.1879892952972 14.117908292 14.0260929215997 13.9830141479518 13.9151240064966 13.8796973830549 13.782194092 13.675051252 13.5924705917096 13.769582198 13.8589422991873 13.8697470883643 13.85356518 13.85356518 13.85356518 13.8083601534295 13.6600762078779 13.7123478833472 13.914170336 13.9332626187767 13.7631321976717 13.7294205042403 13.6774153337256 13.699929728 13.805421203862 13.9281913857419 14.1039377592752
14.664487815323 14.5951288558612 14.546479172 14.439336332 14.332193492 14.274461562598 14.26785086 14.2064506310335 14.1710170201507 14.1959640413302 14.2152047714809 14.2 14.2074480948875 14.2865001739283 14.3 14.3254320724402 14.3899447163756 14.4374213908086 14.48392543 14.48392543 14.4733134203612 14.4796110504546 14.48392543 14.4979819820861 14.5 14.4997216562823 14.475051012 14.3865001353493 14.4 14.3951289330191 14.3524988997967 14.2179901926124 14.1594904185718 14.141125702 14.0893880289402 14.0225256038756 13.9870916673086 13.8371471410143 13.9596374830311 13.866119522 13.785599216 13.983867878 14.06785086 14.06785086 14.06785086 14.06785086 14.06785086 14.008976802 13.9466269950383 13.9592219465932 14.0610617321124 14.08392543 14.053516118512 14.1310649591195 13.891619779249 14.0979498987654 13.9777472359715 14.2405727098229 14.2952407586387
14.7889996297066 14.7545397414765 14.6877236713403 14.637547442 14.5775159829741 14.5195885682091 14.48213654 14.3423501185753 14.2179374457584 14.2 14.2 14.2 14.216956655509 14.3764814116741 14.3210917191428 14.421371448 14.49106827 14.4950508264066 14.5471111624102 14.5374522467729 14.560120884044 14.59106827 14.59106827 14.59106827 14.5049279426886 14.5894913518717 14.491125582 14.414586639762 14.49106827 14.49106827 14.453622492 14.301891034 14.1956887841536 14.1947415066632 14.1309476045199 14.026840022 13.9268696128861 13.8933109098614 13.9941051572524 14.0819819015645 14.0828716056187 14.1835671368018 14.19106827 14.19106827 14.19106827 14.19106827 14.2381789952825 14.223262482 14.1220160930837 14.1576935777331 14.33556928655 14.2139347512662 14.3633480503675 14.3816726890018 14.3577191385476 14.377844813903 14.3847066316464 14.4545406157319 14.3944127829151
14.8754648492638 14.7994579051857 14.79821111 14.753622012 14.6474045994657 14.5989467949838 14.59821111 14.5237418918829 14.4949856823324 14.4087515072181 14.3035253347686 14.29821111 14.3072445258695 14.39971346458 14.421371448 14.528514288 14.59821111 14.6420023223781 14.6973476431724 14.639336572 14.664228488 14.69821111 14.7770776346258 14.7105406329247 14.603622372 14.598268422 14.4998412464238 14.514228368 14.59821111 14.5684502582276 14.462554222 14.3984047173429 14.345616180879 14.2403900084295 14.133982862 14.026840022 13.8408308930809 13.8876702413686 14.0874849118181 14.29642222 14.2965809692828 14.29821111 14.29821111 14.29821111 14.3349867885153 14.39642222 14.3973476345857 14.3971579178639 14.2655693936866 14.4150728295258 14.5763724327876 14.249769152676 14.4820726941114 14.49821111 14.49821111 14.49821111 14.4986254100904 14.4994579223591 14.49821111
14.876839422 14.801622429848 14.80535395 14.8077412280124 14.758975962 14.7664305518233 14.80535395 14.732193492 14.6293500504232 14.6060260774945 14.60535395 14.5159691293302 14.5107079 14.5107079 14.5326282450837 14.635657128 14.70535395 14.7523300731629 14.8596699087549 14.90535395 14.839336572 14.80535395 14.80535395 14.80535395 14.710765212 14.60535395 14.60535395 14.621371208 14.70535395 14.675051012 14.567908172 14.5029666976866 14.448268542 14.3379736015222 14.1696808231199 13.959033994 13.825051132 13.980245266 14.194530946 14.301731338 14.400475119053 14.40535395 14.3834340592174 14.341010598 14.485598976 14.5685067614639 14.51606185 14.5129097623717 14.5107079 14.583867638 14.6867111181252 14.617908532 14.510765692 14.60535395 14.6044037375929 14.5937885197143 14.5648925276321 14.4585028273502 14.4020048025323
14.8797337507954 14.8390132534897 14.9046795802251 14.9515136820601 14.9611977253096 14.9176361226304 14.91249679 14.8484790407993 14.8149582454859 14.735978612229 14.72499358 14.8109813936586 14.7261026273735 14.73749037 14.73749037 14.764006623482 14.82499358 14.9085991200524 15.0189615916625 15.0176361526227 14.9547294650921 14.92499358 14.92499358 14.92499358 14.830404842 14.71249679 14.71249679 14.728514048 14.81249679 14.782193852 14.675051012 14.567908172 14.4543005603298 14.289608801385 14.1959967438003 14.041183254 13.9172356665295 14.0858192162444 14.2780327340816 14.301731338 14.4099831653889 14.5144984031037 14.52499358 14.555296278 14.6905256755035 14.8055721159631 14.81249679 14.7609800993927 14.72499358 14.7890106991776 14.81249679 14.735979242252 14.630405322 14.7122804583182 14.6822521239999 14.4759768895543 14.3210588569575 14.2855984960001 14.462438878
14.91963963 14.9255911091726 14.96937121148 15.0283967638675 15.091011198 15.080404482 15.03927926 15.03927926 14.958975962 14.93927926 14.93927926 14.93927926 14.948153918 15.0424250373425 15.05891889 15.0529674579626 15.0539877787699 15.1143902912676 15.210650588 15.200044352 15.1459533212251 15.13927926 15.1235080365301 15.0852915283652 15.0043485101649 14.83927926 14.83927926 14.8521507877927 14.9150910724452 14.8756484469023 14.782193852 14.6662939724027 14.496537084 14.3295630077077 14.148326094 13.934040414 13.9119027226696 14.1476285966355 14.18036037 14.3020713663773 14.437387986 14.635656648 14.7241881404197 14.7636306202328 14.81963963 14.864228008 14.91963963 14.91963963 14.91963963 14.91963963 14.9354107591997 14.9221053034528 14.8436281558947 14.8175685507578 14.6822521239999 14.4324986537484 14.1711969920001 14.5272608547358 14.6620163220408
15.0329854448547 15.083868358 15.15356494 15.198154038 15.305296878 15.3104582817554 15.2626662612644 15.25356494 15.173261642 15.15356494 15.15356494 15.12678247 15.1380339806165 15.269582438 15.3473620294232 15.3127111711138 15.345210477463 15.45356494 15.505296638 15.494690402 15.4052286464576 15.3607532965622 15.273261882 15.078673144 15.05356494 15.05356494 15.05356494 15.0492751226813 15.003622372 14.918666594721 14.862554222 14.7227646972392 14.523319554 14.2932658828004 14.067965724 13.853680044 13.98211271414 14.0908080208799 14.1506662722006 14.3565639209196 14.5421541019394 14.7203067710407 14.8437395459791 14.908115811001 14.92678247 14.971370848 15.02678247 15.0425503969216 15.05356494 15.0339709551181 15.0855780341379 15.0359746248422 15.02678247 14.9237839048025 14.7381937237826 14.5600409432372 14.5400006942571 14.82678247 14.789337172
15.191011198 15.298154038 15.3805543791099 15.4312380382773 15.5020323376645 15.5538987609483 15.501833002 15.46785062 15.387547322 15.36785062 15.36785062 15.2684381446251 15.3165144907621 15.483868118 15.544690282 15.498153798 15.605296638 15.66785062 15.719582318 15.7289494515276 15.6793793298596 15.594690402 15.487547562 15.3522914079575 15.3036117174084 15.2672631767956 15.2309146361828 15.18941664643 15.110765212 15.003622372 14.8837759357316 14.755411382 14.614087141494 14.3772757041068 14.0686267878411 13.8693942326649 14.0203478041096 14.1254071111161 14.323102306 14.535656648 14.642799488 14.7605255229907 14.9078570536221 14.964228008 15.03392531 15.078513688 15.13392531 15.192799368 15.2115288727011 15.126840262 15.1 15.1 15.1 15.0327814923629 14.958976682 14.846684547177 14.7816091773961 14.9236451071859 14.8498512685731
15.446365028 15.5410628148406 15.6042040725952 15.6593800676503 15.6821363 15.7168322958588 15.7021627463867 15.6821363 15.601833002 15.5821363 15.5821363 15.484579343614 15.632079108 15.739221948 15.8095556343503 15.7696858688084 15.8042039311587 15.84106815 15.9140450993322 15.9579576164223 15.875050772 15.767907932 15.693744072314 15.6462238874405 15.546479412 15.4386254449496 15.2984147005917 15.2755583084587 15.217908052 15.110765212 14.9507983057223 14.755411382 14.648268542 14.5064299890141 14.165206494519 14.02320445 14.0705283862495 14.292939929996 14.4735356997586 14.6420884595132 14.708874178 14.8225949109778 14.9547166827768 15.030302698 15.1153781897141 15.185656528 15.24106815 15.299942208 15.275051252 15.1378630610585 15.1329787831869 15.14106815 15.14106815 15.1 15.0984147863375 15.0755585055858 15.04106815 15.010765692 14.866177554
15.719582558 15.79642198 15.8144751916998 15.8677252224221 15.89642198 15.89642198 15.89642198 15.89642198 15.8548336969684 15.84463297 15.84463297 15.7954726693972 15.953507628 16.060650468 16.1334671417628 16.0515093398847 15.94821099 15.9697077198715 16.0749450122504 16.089336452 16.0140212435058 15.923261762 15.8577070807379 15.760765092 15.653622252 15.5464174557928 15.4449504984509 15.432193732 15.325050892 15.2032987055911 15.005715646287 14.803622372 14.6715392839567 14.5695095839213 14.3819870917994 14.2611508303224 14.3256405571114 14.5648115265662 14.691010478 14.74821099 14.7613634970682 14.9207340530537 15.0593765868244 15.1121154472975 15.185656528 15.292799368 15.34821099 15.407085048 15.382194092 15.2371625479712 15.2380098901507 15.24821099 15.24821099 15.1490455694837 15.1967394912764 15.1917050692399 15.14821099 15.117908532 14.9913731428743
15.878514408 15.9721279324839 16.0274259800053 16.05535383 16.0839894390162 16.11070766 16.11070766 16.11070766 16.11070766 16.11070766 16.1630662820809 16.2221885104084 16.2700236848976 16.3178588593868 16.3450136261239 16.2668752736347 16.16606149 16.210650348 16.2605222356659 16.2290686036778 16.1741645128114 16.082193612 15.975050772 15.867907932 15.760765092 15.7097491652576 15.646479412 15.539336572 15.432193732 15.294747954 15.080462274 14.8860837041929 14.7251724273178 14.5901754723428 14.4856979226788 14.4631875517003 14.5822164406391 14.7371944551283 14.849942328 14.91070766 14.923543818596 15.071370848 15.178513688 15.2721275339363 15.3274256585529 15.399942208 15.45535383 15.4816388420206 15.4705259834902 15.422690809001 15.3662571074883 15.4037582180225 15.3583494364667 15.311480528956 15.3513919565548 15.3018417599344 15.2425340944236 15.1864711130871 15.0557263122063
16.0817014079945 16.1117387151462 16.22499334 16.22499334 16.276725278 16.32499334 16.32499334 16.32499334 16.3751802271502 16.4421409342936 16.485460696563 16.46249667 16.4680430357239 16.52499334 16.52499334 16.5136286391542 16.4640874957024 16.441715646559 16.410764972 16.36249667 16.296479292 16.189336452 16.082193612 16.0297015463016 15.871289790555 15.7993506005884 15.7480760362681 15.583982742 15.476839902 15.3583324511622 15.1408003853888 14.848326094 14.7181023105924 14.6190458797359 14.56249667 14.635656648 14.7929860751662 14.912438998 15.019581838 15.0635786985965 15.1283214522601 15.178513688 15.285656528 15.3738611908298 15.4234022143136 15.479218796543 15.5323302886004 15.56249667 15.5212383071127 15.5457224000307 15.5323805291741 15.5031378093648 15.464526253461 15.4 15.4 15.383983222 15.2623663919652 15.13750333 14.9643200736784
16.3322473550324 16.3484222141916 16.43927902 16.43927902 16.4549850898633 16.5106396169128 16.53927902 16.590227604465 16.689221828 16.6745705439658 16.66963951 16.63927902 16.6419734096546 16.66963951 16.66963951 16.66963951 16.632193492 16.56963951 16.517907812 16.46963951 16.403622132 16.296479292 16.2452591081062 16.1783821251177 15.980462034 15.8 15.7884312652105 15.653622252 15.5303508332372 15.3274914269224 15.0370149243149 14.7722345490909 14.6639744661329 14.6944855099294 14.7852530314192 14.8311302578047 14.8880396780572 14.987445658 15.1604594645235 15.171370848 15.2758194440757 15.355296038 15.4463104663721 15.46963951 15.4810081588199 15.5310511279562 15.5853453612678 15.6 15.5799569462844 15.5918511649395 15.6 15.5734511426126 15.5037687106113 15.4 15.3938202330591 15.269727689132 14.9538679474792 15.0451309130767 15.1824361402262
16.5535647 16.583868118 16.6535647 16.6535647 16.6535647 16.712439478 16.8042545785144 16.903507508 16.9489915886681 16.866118562 16.8535647 16.8522349694419 16.77678235 16.77678235 16.77678235 16.77678235 16.739336332 16.67678235 16.625050652 16.57678235 16.510764972 16.403622132 16.3151237749457 16.212554102 16.0834499798718 15.9522351537195 15.867907932 15.748466664902 15.5358969364932 15.232308836 14.910880316 14.678629032 14.690648079425 14.8261082264496 14.9934889979592 15.0535647 15.1152230907767 15.1506498768147 15.1974871528118 15.278513688 15.3788427255884 15.416017018 15.5177826832291 15.57678235 15.5480307859535 15.5788243824553 15.67678235 15.67678235 15.67678235 15.67678235 15.67678235 15.6096397030922 15.505411742 15.47678235 15.447467557598 15.103245585628 14.8821594690486 15.0444767713603 15.37678235
16.76785038 16.772721596867 16.78392519 16.78392519 16.8273413172572 16.926725158 17.033867998 17.0796107846186 17.08392519 17.0698683894642 16.9884664004944 16.9836468035469 16.9604023064116 16.88392519 16.88392519 16.88392519 16.846479172 16.7465039062047 16.6916842278367 16.6345146221219 16.5893878319195 16.510764972 16.403622132 16.296479292 16.189336452 16.0807403818735 15.891125582 15.7410804555814 15.3237950134985 14.8988222242921 14.635887096 14.5158990591246 14.7902943648326 15.026724678 15.0890746390019 15.1613996505405 15.264228008 15.3573141246233 15.36785038 15.468128689294 15.4913728607474 15.583867398 15.6715732831698 15.7093567868716 15.730404842 15.7196062550456 15.7405096670042 15.7 15.7 15.76139944912 15.7165310988386 15.6859433152028 15.589336932 15.6663975527144 15.5633243766539 15.3735104594735 15.48747633 15.486400247293 15.4524991525074
16.89106803 16.89106803 16.89106803 16.89106803 16.9899112248174 17.141010838 17.1880327338345 17.0578164543208 17.0820626015136 17.1 17.0915513408617 17.09106803 17.082193372 16.99106803 16.99106803 16.963471522768 16.896655332906 16.846479172 16.79106803 16.732193492 16.6309473043977 16.526839782 16.419696942 16.312554102 16.205411262 16.0981137579725 15.9579483390602 15.5246217053588 14.9621102799893 14.6296617753313 14.4849642377139 14.7525252480337 15.0298654929274 15.149942328 15.19106803 15.264228008 15.371370848 15.478513688 15.49106803 15.5926447254093 15.6829286989167 15.6924986652427 15.7210912264314 15.7937746578946 15.7966553757795 15.7950506505465 15.7953793831276 15.79106803 15.79106803 15.7976026358502 15.7928273978238 15.79106803 15.7826194351719 15.789336932 15.68948279504 15.6760653176119 15.6699770221319 15.569697542 15.462554702
16.99821087 16.99821087 17.0349871657643 17.09642174 17.1490792296224 17.257085648 17.29821087 17.2955929985956 17.2960693403955 17.1246585141776 16.9142066835642 17.0034899635246 17.0998412208313 17.09821087 17.0754649005552 16.9994578367515 16.9614348099418 16.8992022473649 16.8474047193284 16.741125462 16.698818863285 16.625050652 16.517907812 16.410764972 16.303622132 16.0965678241814 15.8575758148747 15.2602826467042 14.4849568234772 14.4930232502721 14.769524166 14.9416144730237 15.051731458 15.158874298 15.2648360055789 15.371370848 15.3996475918077 15.487445658 15.5928961868057 15.699942208 15.79821087 15.8139413227259 15.8968360999674 15.8684503266607 15.8 15.8875812679054 15.99642174 15.99642174 15.99642174 15.99642174 15.99642174 15.910540834207 15.8053149189004 15.7999690284064 15.79821087 15.79821087 15.775051252 15.6381481043668 15.462554702
17.028514288 17.1069760671198 17.1461489139408 17.2077408809985 17.21070742 17.3253049911228 17.40535371 17.401436911244 17.239393404 17.0063812734611 16.8738681428518 16.8052881705135 17.114228368 17.2044961796078 17.1549192613315 16.9479920425418 16.8829341611589 16.9524445901496 16.802075734178 16.7632780139433 16.733982622 16.626839782 16.519696942 16.412554102 16.305411262 16.1945271550063 15.7779209646037 14.6606881341731 14.5545477670348 14.731925269422 14.842799488 14.949942328 15.108816626 15.2610760488206 15.3 15.373159978 15.4846019979976 15.592799368 15.699942208 15.8000926908156 15.814227888 15.9205132233056 15.976840142 15.8745642577193 15.8889474804875 16.055295798 16.1596690986088 16.2022017636694 16.2624825447301 16.2293200724186 16.1293502991486 15.9451797321759 15.92141484 16.103622612 15.996479772 15.889336932 15.782194092 15.6463710997241 15.5087027073364
17.135657128 17.242799968 17.3171760403541 17.3640100990739 17.4189612574981 17.4765105619299 17.51249655 17.4301935587858 17.239393404 16.6971786727165 16.3530465249303 16.868544351991 17.2202621819257 17.283982502 17.1797339052183 17.1087096982096 17.0297874243624 16.9069244810656 16.9 16.841125462 16.733982622 16.626839782 16.519696942 16.4016263816335 16.292914712 16.163535494447 15.4215595284953 14.519537966 14.6932918764532 14.773102426 14.949942328 15.0626572069427 15.2155267209706 15.3073572560867 15.3207464146587 15.3890106047692 15.573102186 15.699942208 15.807085048 15.8265080804812 15.9202617619092 16.0020015746629 15.9951250584698 15.9943082541931 16.1484004368632 16.237663836951 16.306464617523 16.26833694419 16.245739484667 16.314003494761 16.327454598189 16.3249931 16.3131728310449 16.210765452 16.1025136759008 15.9859847666712 15.8922310852432 15.794690642 15.6828684316128
