catData/variables/Elev/Elev.asc
NCOLS 409 
NROWS 350 
XLLCORNER 60.897278365 
YLLCORNER 5.843756025 
CELLSIZE 0.0892857 
NODATA_value -9999 
[rows 275 to 299 of 350, columns 168 to 223 of 409]
872.714517422958 879.353139032484 867.123662409518 831.176114995351 804.338941658545 778.661265197566 766.250132072941 777.136119983438 746.421453359138 732.00636336601 718.32388053552 682.078558938245 649.417529677368 633.112841616087 629.469345302965 691.924963408621 691.608933102852 663.881546351098 785.569177751473 886.948121630749 883.595196831631 849.004987559206 795.035201836211 709.247114616395 623.596996116 535.099953959776 513.326173495492 482.87345199102 449.574909884395 401.156188243639 490.38210655585 683.938798152563 664.535802900849 673.810714609305 395.88998807482 249.200312833046 174.619250238506 158.085889024026 146.099190061472 130.432473994664 104.991807270586 81.2930992423288 61.1690447720487 47.1557930357197 37.774062840058 24.4005882853964 15.7860574387219 6.82004711298341 -9999 -9999 -9999 -9999 -9999 -9999 -9999 -9999
896.940603697556 896.155010057162 874.387222353096 848.068181345931 806.586435228134 780.289899786572 775.286110435989 769.09498480368 723.505142198828 702.78538152872 699.746248238649 685.204968219578 651.199854386223 623.240658052955 606.561253504544 723.105308605735 696.27358286697 626.574494135534 697.4705365584 786.266434548246 767.819870372448 874.738702499506 887.570174041741 690.829130661286 604.239055349867 536.898589247137 487.068275758075 443.031144016564 405.946413665528 374.490221567906 457.399942855761 768.777454889463 513.801967124298 420.789900780536 231.503899451136 195.681499441396 178.631282012189 160.687250546271 140.462418964348 122.926671943865 101.252594709713 79.3900468484572 55.0837410356417 40.8830442974922 38.7907520364934 23.7794243646026 10.5826565098761 -9999 -9999 -9999 -9999 -9999 -9999 -9999 -9999 -9999
919.445250096802 912.361620831824 861.862149759329 831.564695847793 794.377711166397 786.313547076744 794.473648846851 776.560269388811 743.070713749692 716.391633548989 681.376058167093 674.452625819937 661.084634246453 634.788153006869 602.276670739635 601.233289035609 607.202617237257 537.653916845368 681.099227708167 679.570870989714 619.987691097342 788.609263337953 806.673194773496 610.833831458099 527.767603199428 487.40694441125 446.917119441152 425.784100903576 407.388846746053 357.451025164566 478.152678724821 518.17675331934 316.111221222945 257.579169279472 220.027889597098 191.531667000705 174.550058674885 149.32956467924 121.784785102137 103.461921260323 87.0102615026739 70.5536535972031 49.3908284103134 32.0332745251567 23.7417348526987 13.9152581669196 -9999 -9999 -9999 -9999 -9999 -9999 -9999 -9999 -9999 -9999
895.631525580611 880.897155065641 842.728994660396 813.350708969123 772.467540292567 747.373033845269 759.15037682716 750.433889390455 716.834429597254 693.289858393192 669.361882569786 657.91297103358 650.435975166053 641.507177348702 676.632246879667 650.350230937698 639.067578212629 494.401105400745 529.552960065249 518.990175603868 488.088009569818 566.491959746727 560.481172941764 505.925343030148 502.134010314548 458.2770715483 432.837915190072 410.869197472287 387.504825690966 342.408386423824 348.765835135507 333.998835294181 256.402844048456 224.906070000265 202.235138085802 180.776500468698 155.579993133656 158.82403109463 141.09622209178 96.8677838472332 71.0362897115458 53.4136441433283 41.5085648699146 28.1188318384388 16.0614752273971 6.42049286513747 -9999 -9999 -9999 -9999 -9999 -9999 -9999 -9999 -9999 -9999
840.332138828225 837.989211305574 847.993984217525 803.222808225387 739.249671814133 706.653311310348 700.69640390085 696.543479807192 680.158129223096 672.952148597057 681.387199346805 669.086995352738 649.375943075828 667.425213758229 706.263436216667 675.589234196844 614.664242484269 548.590654120899 642.006278814627 746.847347723907 444.567448904882 421.607289402311 484.406033018577 471.328868082081 463.797394139174 493.418134796601 494.165926187563 435.158215112962 382.729246405858 335.379882906427 305.519041347027 285.046400654641 245.050813098404 192.814736049389 174.033756233629 159.507760450985 136.815763299605 156.769600457482 141.075911242294 82.8606706041488 56.033436671942 45.7530279343789 29.7811612571632 17.2263206839971 7.11333000556015 -9999 -9999 -9999 -9999 -9999 -9999 -9999 -9999 -9999 -9999 -9999
826.902740112679 848.720590819454 832.920132323617 773.964389921096 725.607343933011 703.972183132089 712.571498851483 710.488135561547 707.242783134628 702.29276554875 720.200141782862 699.62671147846 666.235673801857 759.686434902681 872.158957070585 751.727479752151 652.967424622724 570.830095581838 778.93794953677 669.968599980325 384.818524536404 399.276952883317 426.922716280453 434.301933474289 470.303627648884 609.843992273526 548.678039810738 438.867457230232 383.252596304713 369.575936459885 401.325468568908 401.641930895832 315.105447437348 231.804892118585 154.420805349527 133.925158974331 120.696550409902 121.062111512339 105.712006047527 70.1010997322678 45.0008748451833 34.3904898387022 31.6376949700946 24.9313776389863 6.03241815346408 -9999 -9999 -9999 -9999 -9999 -9999 -9999 -9999 -9999 -9999 -9999
1038.16846226295 937.318632693046 831.607077859046 746.675038182969 703.625179889683 717.675590011186 734.352389240795 769.891448445471 778.55346421133 744.30281076568 749.530358729007 717.354945862149 688.032121795974 880.445516811851 1102.04811448332 841.621472876638 620.980029059749 521.029905675474 677.885071309008 430.685157463687 307.665240429064 299.1672825216 355.295712056072 410.878859114374 468.466638849022 484.700470196654 496.151680351482 449.483529290373 479.435498877722 602.604769838278 521.682518211833 596.936610114709 578.995868853524 235.648486943106 149.053001188226 124.587656869602 108.214610923444 93.0986532732267 78.1664061859916 59.0010859320316 42.4507493123222 29.2965027603722 19.7991810315741 25.8687642290421 26.0523467400989 -9999 -9999 -9999 -9999 -9999 -9999 -9999 -9999 -9999 -9999 -9999
841.400880709385 830.907631634127 768.233983952539 739.734658979234 776.172012330375 781.720470763282 810.039439191815 867.704419365999 811.247671702331 789.934124678512 795.455902543483 754.078152273702 741.655603523458 998.803179119589 1221.24993488575 926.611355978542 742.176462698897 574.970000920359 778.249810082757 491.154585548251 288.149970838399 258.087870960389 300.712520590761 349.329876220912 389.981081617772 734.285937615717 898.165936399409 663.530006703867 807.832397925543 702.937681162432 632.434114280067 720.723275073539 357.510207945564 170.65451342784 142.779157264797 121.120078534642 97.7110448869464 80.4083680403941 66.7223181204122 52.739928832541 38.7940202634496 26.7648610162461 16.6136284813231 8.81298796338173 7.5242362376725 -9999 -9999 -9999 -9999 -9999 -9999 -9999 -9999 -9999 -9999 -9999
766.304576039951 748.50776595415 767.694722844285 801.057225133537 893.026424930725 847.059422278173 868.434554833954 918.232941667613 854.983608720067 848.533658542832 861.208478471499 823.249417178113 809.505848386701 972.347376428742 1154.33788818443 896.858402487602 759.746276265847 716.01669802552 924.523479134568 650.916743744357 383.204296287537 328.174175838419 336.373237416566 316.852824700861 348.376796839659 773.678659365237 884.163463969552 720.417701931017 595.766658957877 531.518062111705 760.514038022771 728.158674215802 333.287630231913 154.130129593629 126.895517460906 113.820231062646 97.938345913113 74.1535755938698 57.0095554370317 47.0704675428761 37.272054442533 26.6853049833636 15.4694376520465 7.80141485330257 -9999 -9999 -9999 -9999 -9999 -9999 -9999 -9999 -9999 -9999 -9999 -9999
845.552431510989 753.538946547486 762.91697016753 838.822560113519 907.140359140309 888.110903976127 938.719273336736 996.872270241486 927.108623939459 886.747914912667 893.993153965885 866.77944342263 908.717437189184 1021.09253982455 1101.72179409068 890.115095687512 758.574041551161 954.286389051084 776.334679410662 439.332849411737 451.573963356004 315.571654422706 282.176861451418 277.794012990052 301.704779956329 363.683825547437 396.046390267954 395.56929806176 361.902396852805 464.663718500329 811.872020381634 601.668584908259 330.90155120606 142.110255315264 114.943981337169 97.9281982715198 86.5792389427473 72.0604546820592 63.7389299355227 65.2719734364609 64.1880363254268 48.4837795814848 25.4117646715084 18.3816570224815 -9999 -9999 -9999 -9999 -9999 -9999 -9999 -9999 -9999 -9999 -9999 -9999
814.671946748116 807.833962260392 850.509763007579 814.554871241742 894.975640585907 940.557314663676 982.464362830644 991.711883826576 955.158057165153 867.545880557074 849.163994625161 795.686542494785 826.058898537656 849.485449409158 731.281389877699 750.181819124655 721.43596319619 761.464137210044 402.320149525364 232.104038018296 233.470241311645 230.332685078599 246.461932843035 275.036605350603 289.296511320434 384.673223168825 453.678004596313 389.887239668607 327.323908021536 285.878853919299 295.171613549942 215.918777039967 158.480385445765 128.288541311483 104.683265415727 85.608067192594 69.1996997160215 60.9421669298431 66.7026248247554 73.8902964094731 61.6067909543857 36.2821321364019 14.4939311317378 9.23348836048967 -9999 -9999 -9999 -9999 -9999 -9999 -9999 -9999 -9999 -9999 -9999 -9999
537.483984951245 712.223315853329 1087.94314363044 646.36121987885 757.002488463805 906.917696008487 1045.45249958269 1365.30359381041 1428.29216286569 1288.03115244373 1268.01863044142 1034.76427043047 599.199464420311 394.444031132318 316.505388212741 347.26395621692 359.469585806723 240.539244033874 205.963179883551 203.963194080753 203.603142947374 254.852524710528 267.861464574087 247.233280188424 256.483774848069 352.688606577813 437.29797197596 442.271940110863 368.613563637073 352.30586563438 268.679684076555 193.162073986603 149.293380117999 125.627272985197 105.353606801985 83.7195394675541 62.5665069178897 48.1677806001221 47.1401929851794 39.4692571005395 25.4320205315789 13.4388635783786 6.04909399082391 3.25143120135019 -9999 -9999 -9999 -9999 -9999 -9999 -9999 -9999 -9999 -9999 -9999 -9999
76.5986476289809 277.612027142929 1152.45771342871 414.329315997791 299.163126107964 601.586546298934 1283.77517924127 2014.69491852042 2087.93579883927 1973.69289844964 1747.4402976254 1301.03706526138 616.944413179236 315.635188570859 272.800132412244 251.878271947534 253.08498095201 239.252639180105 211.838964012425 198.39877640226 191.092858208626 234.380217942562 256.368789552386 228.328401119643 226.429618691345 238.478594168352 365.846207610152 601.963024627408 442.899243374768 419.020530497996 404.745422274945 197.954310991905 142.894983354815 117.443651705424 99.8652322253539 79.3329299405544 59.8777252944991 49.4993285116926 45.2761447831871 31.6096207147075 17.3656807776512 9.93216404993188 5.7076092746663 3.25143120135019 3 -9999 -9999 -9999 -9999 -9999 -9999 -9999 -9999 -9999 -9999 -9999
39.0742470517287 130.443732404916 662.376896431824 202.921089688579 64.1283314662013 346.651678735015 1345.14654426323 2115.10759965971 2003.83218286055 1758.14630310821 1223.97733620707 660.372953191778 378.829062032615 334.398491623407 320.118294933934 308.635852647391 309.687524390982 287.75904613814 257.474012887471 227.378589782459 185.372828286503 187.531192546732 209.044338729667 199.930060306414 192.664898209375 211.889810295687 412.252642935583 870.231771138472 533.552342666134 471.154116158195 574.230659565031 341.935562826235 161.797247589735 119.674069875337 99.6197162992419 81.848677106896 67.924387405904 69.8214418214365 65.8046253243011 41.6908208385099 19.4260595560625 9.47234705763933 5.97850940301607 3.7335569400149 3.49902965538897 -9999 -9999 -9999 -9999 -9999 -9999 -9999 -9999 -9999 -9999 -9999
40.2250402663868 56.247615171028 182.501974424542 43.0068174823477 81.7619030329497 584.073928766302 1616.05588936233 1966.79175286769 1527.36533320519 1018.15593155341 635.767869749149 411.078072598494 370.022761355944 368.441028894104 354.119594475227 342.21671880477 327.457027541862 298.710893595694 283.840048667143 252.421650466854 206.400079585297 172.609177381004 173.39291049785 176.369133318579 179.903844436317 191.274169948651 353.057106775999 760.574388696407 390.244476145375 266.995088006764 400.294221963498 390.603279872827 186.777360464597 123.713610077789 102.975968892761 93.4760352217632 86.6230750578816 86.8122910346275 67.8403639462229 39.3342732268315 18.8136223570764 10.2725340378206 7.05697180789218 4.32102158537429 4 -9999 -9999 -9999 -9999 -9999 -9999 -9999 -9999 -9999 -9999 -9999
52.6176298356269 64.3543413694548 52.5939539124451 49.7484721240684 102.000349900245 659.37141010003 1512.68465505863 1303.51851773772 864.346602276368 658.164469624216 621.623107865493 502.235963348039 404.839654880625 379.337733580171 352.523514913701 328.999454738505 309.352487745471 284.083658697691 265.847638081407 246.365298437508 218.409080412577 179.048297118747 155.507756597709 154.546750685019 156.459522172041 161.224806407264 234.551098996766 347.776450642264 202.514495921833 149.977757963321 173.32617426031 184.759089484929 159.850357554877 116.960122012819 92.8284499265763 81.8761707152592 79.561877049307 73.647626318287 52.520039887971 29.7145062063169 16.8850295082092 12.0556817205134 8.84139668818455 5.6271116558559 5.01356990615226 -9999 -9999 -9999 -9999 -9999 -9999 -9999 -9999 -9999 -9999 -9999
40.6352571734355 64.0772989220532 58.555463219197 84.2954019658838 79.4717735431215 305.760240400468 680.739003535073 692.336352390828 771.489820154072 819.95950175841 682.185713982591 499.878796405329 409.875457427201 377.65408816548 361.212986886894 343.159601366903 332.228574404099 308.434480418468 282.242078908187 255.38582161457 215.808300420015 180.392642619672 151.225591581392 145.583159048503 136.487544279262 130.625678717489 150.426860084863 149.863217136128 130.847551201471 120.015198937993 133.82689791171 112.498144215292 117.611503807543 96.541148883744 85.9971205190935 68.0840738461654 54.9435977833102 48.6220078310997 35.8547045700661 23.4124969158025 17.7528240740964 13.1797901362608 9.03231422990679 5.07187495834205 4.97867479616058 -9999 -9999 -9999 -9999 -9999 -9999 -9999 -9999 -9999 -9999 -9999
35.455950794373 63.5950707446084 64.5125046116932 70.03921307795 95.3833341702986 101.35247131459 176.239157433315 474.852275024661 927.369286614268 697.356836050876 513.313625161996 439.640934831634 406.817530296306 401.258491188468 404.051114914354 387.114069997018 365.520521158378 323.501819784427 288.758352251292 262.600605648228 231.006513447282 197.406221599936 172.214707197551 151.250089520389 129.638387366186 115.000653702706 113.158244784357 106.085903660986 100.430712087236 95.6979456579264 108.060521241528 92.1473642614609 88.9288587535301 73.9196368350786 67.8145319844969 53.3979523480807 43.3912367950306 35.3065906248377 29.7002139276057 23.72946628536 18.1142949872522 12.5750223293054 8.02073666397265 4.40633304711547 4 -9999 -9999 -9999 -9999 -9999 -9999 -9999 -9999 -9999 -9999 -9999
17.0075743831312 37.5781428920225 37.6277395116063 47.9116801293191 68.6621870755331 81.3884280063502 98.4373025790217 273.958319074905 564.89758547077 603.275059902541 468.243604358416 346.190144601862 367.057155022429 392.524107343646 393.43214564665 378.563193385715 348.924581820042 317.452682553479 266.395845791027 229.312069338983 209.351542100304 193.44668431592 173.380265664833 156.004534734492 149.302108936155 136.211503497002 124.446661728928 110.197809176095 97.1239340976849 84.7382670749978 78.9122867132025 71.1200521203507 65.0372842398454 57.4759681393109 51.8818594013456 45.2893744713037 39.2571470691272 32.8430691241052 28.0921618256012 23.217877426276 17.7546523306042 12.3428614444713 7.78857577913858 4.37714680202529 4 -9999 -9999 -9999 -9999 -9999 -9999 -9999 -9999 -9999 -9999 -9999
7.19186526409846 20.286085406339 27.1644797727918 36.2440155575479 57.1845057371121 65.9453477541953 70.9700514150524 92.9674124760274 129.14385236832 166.453422129067 197.089347210195 250.197552477987 307.495594948258 361.437188828545 365.850765353555 334.372593244437 302.686986411649 281.862593880123 250.225137862731 236.693263064195 225.16096136627 197.163852350413 171.129939922253 174.087568594548 180.186411601546 167.701049625908 152.717326248583 136.706627485258 115.588777253373 99.230575866506 80.4422464765237 77.8679485732732 68.5928053266641 60.5184578281529 54.1855708109621 49.7833621073428 45.8160780055473 35.6023911921218 28.3399418897363 21.6104399215953 16.4796702119669 12.0982737880613 8.51973341937074 4.49163547198409 4 -9999 -9999 -9999 -9999 -9999 -9999 -9999 -9999 -9999 -9999 -9999
7.77416178849997 7.34001434190849 31.5009296532784 51.040461588986 69.6754099093789 67.9734589371563 65.5952827874989 76.7561138549482 91.2790708529038 120.665700835847 166.447330854049 221.398256279623 287.805670489424 354.235715585677 353.326207388093 337.504899054607 329.758099514519 291.270337796262 262.837189300175 265.107381728904 264.753732746892 226.184332095648 196.54649941461 198.181392221537 215.000166648035 205.587130654223 193.992103039611 188.443434369074 144.945945814225 113.780115641131 95.6033185210235 88.7679698547426 85.2663733571274 80.8003386868667 79.9193597157807 72.1789670643951 58.1790060704291 39.0396331511096 28.346328771001 19.9083999010184 14.3957542369315 10.1100408604934 6.62718353927025 3.3972699280128 3.47382680270597 -9999 -9999 -9999 -9999 -9999 -9999 -9999 -9999 -9999 -9999 -9999
-9999 10.7806527081289 16.0101251255625 43.5817296352786 115.112157471083 137.394228444387 69.256535263654 78.3590935395228 115.343825124515 163.163317460446 206.902540182027 243.996656476375 293.154071309038 360.463926291949 370.408436454194 354.859318066421 308.106125191149 283.237861773354 286.706011946788 290.861219378824 297.984415528493 259.916182372713 246.433617368899 220.44981264344 298.809255025874 331.129290954218 248.98951926141 188.218197027181 153.354563397847 133.736404354912 111.450438955948 109.896904027573 106.154805173033 107.113827716605 102.401415065837 79.2245147026657 51.125948150289 34.762732490765 27.2240987857936 20.0551888033706 11.5057950973619 6.6306766764185 3.47376930155946 1.19114632602553 0.524236410427899 -9999 -9999 -9999 -9999 -9999 -9999 -9999 -9999 -9999 -9999 -9999
-9999 9 4.50778287051543 14.1303684071181 55.8418185835396 120.913739128593 154.941431650089 218.302734083329 550.954277084872 717.536240306979 507.680167597942 361.999792040296 373.204700501564 404.277631821783 406.135868975205 359.708206379628 320.497147482363 306.186174875903 316.598000284306 314.388742516101 307.621946610159 274.756213360011 256.101173267951 233.866947891811 312.686917907141 357.711429493225 291.272987226616 229.64236836529 184.807743241441 149.865489091211 134.178470108173 126.042923946821 105.771053281671 93.9850503783959 92.6278070802398 66.2729624864851 43.9500431304919 30.492899576307 23.56111901191 15.5122023479762 7.34256270259718 3.28718290620369 1.34500945958809 0.562790780466686 1.91856495366273 -9999 -9999 -9999 -9999 -9999 -9999 -9999 -9999 -9999 -9999 -9999
-9999 -9999 6.85154957662572 9.92355392605394 38.6123509130621 167.984969707752 315.84991953782 580.628660652751 834.323006494972 708.164000135172 721.836101740789 798.654584927949 872.371348933837 913.990654928049 687.808301859266 440.556427832335 408.865896316438 360.983241811433 400.644868673186 512.568636665726 534.884029117781 358.65835633637 261.701269226422 251.583876364779 295.153344452825 389.256828779499 371.861682657982 276.844075481583 202.416803448253 158.139565668264 135.485816094293 118.427450935346 104.354169028835 95.0389640026822 79.2695331716236 60.7643950051266 41.1707685924384 27.691001952726 20.2701168841633 11.989894149712 4.30325624860198 1.48439451477819 1.15768829939678 3.64754489600616 4 -9999 -9999 -9999 -9999 -9999 -9999 -9999 -9999 -9999 -9999 -9999
-9999 -9999 10 8.92234331726283 17.9150363588487 54.3360948889801 183.886148505018 428.749866473333 594.086635564084 687.652657946117 782.141097436495 1024.81482860361 1411.86505749319 1638.26531669032 975.697563110794 718.269895026602 941.258548128498 789.902628360432 912.336992659444 1145.88765747428 901.995752184232 510.184270440217 285.874403003973 299.929691199004 326.142962791144 421.136526991198 370.575340535417 259.70589269182 202.63264883943 159.815702897425 129.731704515846 106.151522792999 96.039914711819 100.22554001853 81.8819277612593 57.2502946515457 36.5499540817943 22.4502300048527 14.6726081073747 8.11428977113429 2.68000126600758 1.07266850173526 1.75005350916416 3.04607029217599 2.53781039169148 -9999 -9999 -9999 -9999 -9999 -9999 -9999 -9999 -9999 -9999 -9999
