catData/variables/Elev/Elev.asc
NCOLS 409 
NROWS 350 
XLLCORNER 60.897278365 
YLLCORNER 5.843756025 
CELLSIZE 0.0892857 
NODATA_value -9999 
[rows 50 to 74 of 350, columns 56 to 111 of 409]
-9999 -9999 -9999 -9999 -9999 -9999 -9999 -9999 -9999 -9999 -9999 -9999 -9999 -9999 -9999 -9999 -9999 -9999 -9999 -9999 -9999 -9999 -9999 -9999 -9999 -9999 -9999 -9999 -9999 -9999 -9999 -9999 -9999 -9999 -9999 -9999 -9999 -9999 -9999 2627.99371783748 2616.71392932322 2599.11579060875 2485.48688799325 2072.663670596 1827.93826610663 1694.9137443812 1468.20487147014 1349.22436306586 1327.0688903521 1076.08576211227 676.845398817772 452.169431586261 354.499242461334 311.118788567866 294.185559268404 294.563834062158
-9999 -9999 -9999 -9999 -9999 -9999 -9999 -9999 -9999 -9999 -9999 -9999 -9999 -9999 -9999 -9999 -9999 -9999 -9999 -9999 -9999 -9999 -9999 -9999 -9999 -9999 -9999 -9999 -9999 -9999 -9999 -9999 -9999 -9999 -9999 -9999 -9999 -9999 2593.8699640186 2468.86802988088 2427.58931894421 2237.24657313164 2165.68125365257 2004.01589799829 1720.76547277438 1405.6391669297 1172.82141812874 1009.96477580159 943.059006016531 737.187982646805 503.577249140682 387.059863021491 360.876171904539 340.55728854576 335.388722810408 358.659807251542
-9999 -9999 -9999 -9999 -9999 -9999 -9999 -9999 -9999 -9999 -9999 -9999 -9999 -9999 -9999 -9999 -9999 -9999 -9999 -9999 -9999 -9999 -9999 -9999 -9999 -9999 -9999 -9999 -9999 -9999 -9999 -9999 -9999 -9999 -9999 -9999 -9999 2442.31676078621 2430.17580226437 2123.27726457054 1948.36886249405 1856.68827136445 1821.25725951341 1738.87820280631 1471.51521887842 1234.61510777244 1033.44471524496 797.189245691067 714.792098169814 557.935282437214 358.96009751706 290.154849027179 312.308627285557 350.927393366974 391.113055682682 468.653676040648
-9999 -9999 -9999 -9999 -9999 -9999 -9999 -9999 -9999 -9999 -9999 -9999 -9999 -9999 -9999 -9999 -9999 -9999 -9999 -9999 -9999 -9999 -9999 -9999 -9999 -9999 -9999 -9999 -9999 -9999 -9999 -9999 -9999 -9999 -9999 -9999 -9999 2145.99366068154 1965.84683093029 1687.65051714931 1542.33204718261 1516.43978174135 1586.03399392415 1595.14395157524 1204.03868786432 1092.3585831824 1015.41932442356 755.651116814758 559.172673110592 422.253265336383 294.253495863679 254.93347809605 260.251179560639 297.292237198854 498.126152311678 509.327383744706
-9999 -9999 -9999 -9999 -9999 -9999 -9999 -9999 -9999 -9999 -9999 -9999 -9999 -9999 -9999 -9999 -9999 -9999 -9999 -9999 -9999 -9999 -9999 -9999 -9999 -9999 -9999 -9999 -9999 -9999 -9999 -9999 -9999 -9999 -9999 -9999 -9999 1798.52029889278 1771.67979046255 1662.75970135054 1445.42672400077 1299.43600433792 1216.93812255747 1311.86519624441 1253.31193043724 1096.55274122394 807.187092084402 551.728091463459 394.569504893044 303.894357302176 259.624555062695 241.159023990993 232.759944109191 239.211853350071 307.508501205566 328.180487189956
-9999 -9999 -9999 -9999 -9999 -9999 -9999 -9999 -9999 -9999 -9999 -9999 -9999 -9999 -9999 -9999 -9999 -9999 -9999 -9999 -9999 -9999 -9999 -9999 -9999 -9999 -9999 -9999 -9999 -9999 -9999 -9999 -9999 -9999 -9999 -9999 -9999 1529.58272320008 1489.67822134626 1449.04423586565 1337.43007188828 1112.01956987376 977.935216302183 999.097055375089 1009.68865092725 814.68398808271 548.984573498077 369.485935847086 294.604962692977 253.842125218127 236.865434977809 226.735919040098 219.181638087647 214.181645614462 211.537031963297 219.84302580832
-9999 -9999 -9999 -9999 -9999 -9999 -9999 -9999 -9999 -9999 -9999 -9999 -9999 -9999 -9999 -9999 -9999 -9999 -9999 -9999 -9999 -9999 -9999 -9999 -9999 -9999 -9999 -9999 -9999 -9999 -9999 -9999 -9999 -9999 -9999 -9999 -9999 1333.75525046066 1214.83741530622 1177.71670528665 1231.70868951681 1007.73887130276 941.019129112861 826.778792509351 932.554123946377 935.366750376756 572.57885715648 384.470027998435 275.30159379591 251.832909960146 230.2171734487 220.286312172061 212.358151814982 204.55712959777 197.270570267546 188.711762933833
-9999 -9999 -9999 -9999 -9999 -9999 -9999 -9999 -9999 -9999 -9999 -9999 -9999 -9999 -9999 -9999 -9999 -9999 -9999 -9999 -9999 -9999 -9999 -9999 -9999 -9999 -9999 -9999 -9999 -9999 -9999 -9999 -9999 -9999 -9999 -9999 -9999 -9999 1203.13743352404 1067.2139344497 1040.49792518732 1067.91206659495 1068.44524046648 946.811569256072 1401.05480583858 1231.4161569433 682.295203067144 561.567021113614 290.664204126858 237.331002252617 224.724814455375 215.075545126521 206.985507215922 199.951133916097 192.45113550733 184.912029932682
-9999 -9999 -9999 -9999 -9999 -9999 -9999 -9999 -9999 -9999 -9999 -9999 -9999 -9999 -9999 -9999 -9999 -9999 -9999 -9999 -9999 -9999 -9999 -9999 -9999 -9999 -9999 -9999 -9999 -9999 -9999 -9999 -9999 -9999 -9999 -9999 -9999 1473.68378405914 1265.81705772902 1171.48462495822 1205.79417782806 1345.25835193411 1143.82418874817 1261.18144936873 1670.90528389228 1210.96078879845 668.006723040252 483.115227878252 313.45226892414 239.324919419887 221.360956826927 210.569839678191 201.104120362283 191.753636980472 185.37932089062 181.391193366463
-9999 -9999 -9999 -9999 -9999 -9999 -9999 -9999 -9999 -9999 -9999 -9999 -9999 -9999 -9999 -9999 -9999 -9999 -9999 -9999 -9999 -9999 -9999 -9999 -9999 2100.09556118725 2151.98636228509 2116.9464044429 2049.43268755048 2037.45217990385 1968.92688191929 -9999 -9999 -9999 -9999 -9999 1683.28530525966 1712.28132999041 1532.29445446615 1258.23759335163 1286.27062650333 1229.12120777611 1195.76277337149 1595.21904913202 1687.49376324642 1712.60412639875 792.914270620168 520.994911268562 335.070144055468 241.727560392093 218.837917574983 205.09689726881 196.99585932898 189.018202782696 179.469756978016 173.366846173604
-9999 -9999 -9999 -9999 -9999 -9999 -9999 -9999 -9999 -9999 -9999 -9999 -9999 -9999 -9999 -9999 -9999 -9999 -9999 -9999 -9999 -9999 -9999 2067.68614465286 2077.21825691623 2073.49995452353 2122.98876132222 2098.92252031133 2035.88522241844 1994.87047335913 1964.34162293369 1909.38667617593 -9999 -9999 1749.33525713145 1713.14467315013 1863.84942715077 1865.80617578395 1483.27225949257 1304.37411307105 1257.20878532664 1282.49485349091 1568.10014433029 1721.71699810733 1570.52103691881 2038.61682496104 976.109421656632 533.782099160478 407.611927921515 258.431793760977 220.098778465597 204.178545456936 192.256644214866 184.012370943564 176.214913883436 167.276353067376
-9999 -9999 -9999 -9999 -9999 -9999 -9999 -9999 -9999 -9999 -9999 -9999 -9999 -9999 -9999 -9999 -9999 -9999 -9999 -9999 -9999 2069.29813381371 2083.92992862353 2074.73853684232 2068.69704618684 2055.52727469736 2052.30224030795 2028.74410543998 1995.13529760812 1965.50325305563 1964.57608287195 1895.33193194965 1821.83670832655 1810.40211693126 1818.58008009845 1831.63118452216 1973.31942467356 1762.62114322184 1478.42327900931 1461.0454018716 1348.73031813323 1440.48731442143 1954.03692073441 1899.86197928783 1678.02106238723 2461.30423183776 1167.31800889736 679.343950307111 523.648870115899 320.157603732143 223.685589390923 201.642526604309 185.930107815325 176.307283348575 168.532851946611 162.127581552795
-9999 -9999 -9999 -9999 -9999 -9999 -9999 -9999 -9999 -9999 -9999 -9999 -9999 -9999 -9999 -9999 -9999 -9999 -9999 2126.84219043102 2172.10490193858 2124.45393158524 2133.63015619556 2113.06741906337 2114.69635375953 2115.09759741137 2085.54428768452 2052.90440512369 2036.59191526303 1965.06219890012 1968.14239563988 1922.06001108521 1858.53880764803 1926.13744494777 2006.5724700424 1932.44510680625 1834.78737730133 1691.88053351522 1603.58370984394 1518.71107353332 1384.44293742858 1546.87704734079 1948.4998550274 1815.82844199686 1819.3327200439 2142.63073054118 1287.60550111277 766.534708829783 574.238674398624 374.578303861682 230.52209020686 206.105176790457 186.032711351909 170.387267896859 162.439355069125 160.010708164005
-9999 -9999 -9999 -9999 -9999 -9999 -9999 -9999 -9999 -9999 -9999 -9999 -9999 -9999 -9999 -9999 -9999 -9999 -9999 2126.84219043102 2197.89047285176 2231.38605870942 2220.45686603636 2167.96617415954 2156.20377697195 2173.02980599214 2144.8839278845 2077.7888271374 2011.46171662785 1951.33336571233 1979.20340810729 1949.65879009013 1934.80231784974 2088.1313608579 1973.57186912686 1947.89255459422 1904.89957303394 1663.81881188695 1479.55237100658 1388.51064510539 1440.2669213274 1716.53593593179 1940.36325338273 1839.28459242163 1814.33671271758 1881.9749660337 1505.34494446235 839.71738344771 558.027401193022 374.235207309306 247.724298705877 209.806806185336 185.875253516514 167.276824780161 158.280955173066 157.862016282898
-9999 -9999 -9999 -9999 -9999 -9999 -9999 -9999 -9999 -9999 -9999 -9999 -9999 -9999 -9999 -9999 -9999 -9999 -9999 -9999 2199.32805344668 2227.40869958802 2225.98252391852 2189.74869080553 2157.38811737622 2146.32488126382 2121.7627938302 2064.8186145377 2001.52759691021 1991.34026515463 2056.58776763509 1982.43165705553 2070.26640383553 2032.00079806482 1941.76198967138 1927.92410940128 1754.09319406095 1522.70103163549 1403.47059732022 1441.27665798078 1622.95358975464 1769.69252240157 1858.44375753677 1890.67192134944 1652.74007684256 1728.09047155073 1834.28855975197 921.964005651472 607.710090068861 432.005541844493 270.960311477133 212.4940097335 183.728652650253 164.434448469682 156.397356373905 155.906158144602
-9999 -9999 -9999 -9999 -9999 -9999 -9999 -9999 -9999 -9999 1958.31689866359 1999.4764198669 2037.34630391459 2026.46291907152 -9999 -9999 -9999 2164.7556081368 2214.11348668536 2277.39520746862 2281.61859349782 2288.23467082742 2274.39900400587 2239.43716255762 2210.46076530162 2174.35756845112 2155.01592205101 2181.60488523945 2215.57893646666 2169.71258199396 2107.30015509464 2084.62413446498 2040.73116389423 1980.09581371024 1959.21648970145 1810.93248703844 1617.01302262067 1496.74187542669 1477.76136423355 1634.22481847897 1803.36502834295 1812.53879896063 1908.28250038058 1749.8755896041 1509.93366072778 1858.80114317059 1759.58761454874 938.187897618943 626.957941215835 484.169475539812 301.621444229587 211.040707956005 183.945571338717 165.983232402671 155.230221090174 153.624239990918
-9999 -9999 -9999 -9999 -9999 -9999 -9999 -9999 -9999 2043.45545420645 2017.43379836934 2029.88964028863 2098.64148403976 2139.13041779347 2244.8303815746 2278.61747846379 2293.24042395326 2234.53970555114 2343.14724900921 2412.96238462768 2438.43029314262 2467.10180813489 2446.78022560325 2338.70769889677 2299.33686603032 2261.71850918797 2237.28117761176 2230.85720065276 2213.05394160816 2129.06967556719 2004.12803583802 1931.48757464533 1929.00720542633 1990.71248706551 2014.91549389541 1810.58236526017 1569.87789908746 1484.38723436173 1545.88693367148 1747.11104996458 1814.70703278099 1827.38289085993 1919.54620900307 1661.29982365593 1342.01511274381 1584.00817228677 1438.0692015417 911.317788324898 650.375848542524 483.469770509129 323.130057030038 217.800344131833 186.445611729854 166.339516731155 153.312185720715 150.399169328465
-9999 -9999 -9999 -9999 -9999 -9999 -9999 -9999 -9999 2174.18845907792 2207.76978373743 2244.93435817655 2278.46382565478 2323.13370401062 2329.6881890901 2317.80963996526 2313.64823509978 2312.32397425933 2396.76239547714 2421.29800444323 2339.05247057958 2289.02428610976 2229.81517866677 2178.72523996301 2215.82541475078 2230.31581897371 2227.70063449025 2140.81924726079 2076.45482958891 1977.22931299664 1922.90509874813 1851.96116481562 2018.62768199097 1984.49890261989 1859.61726725413 1661.82632990603 1496.12237787711 1499.71786571134 1681.7294480062 1791.40138233331 1755.67669839041 1813.536959152 1938.48008226476 1644.97428913599 1272.28247225708 1642.5956710205 1501.41135040214 1085.34072267308 685.605863103432 542.067501203122 376.4095976995 241.537907974964 190.239259319925 161.961259792531 150.179434018846 147.794111420193
-9999 -9999 -9999 -9999 -9999 -9999 -9999 -9999 2199.97371493262 2197.39936892225 2306.00752271076 2430.05937883611 2460.12947982128 2427.30364055126 2370.11028593722 2411.91045665806 2430.41639698688 2369.93283327384 2463.00579287522 2559.84057085768 2552.59698278737 2429.42799125534 2259.64948561036 2101.81708757031 2015.09452828565 1997.36976031634 2026.36683086197 2076.19725053995 2101.35187873551 1949.73308549685 1960.9392105876 1803.28629539628 1780.10968724499 1812.58212367651 1654.34824712797 1498.86723626528 1504.44752781322 1578.06113354044 1668.49222249704 1744.43852402177 1811.79198885433 1885.79709204315 1881.50816275167 1534.47344644798 1319.85316554347 1667.53862242631 1635.8538834448 1101.66104614784 775.56135616912 632.965214197355 422.395561501864 261.514816825283 189.950384032719 158.51572588318 147.302001380449 146.29444310375
-9999 -9999 -9999 -9999 -9999 -9999 1499.51029530575 1902.92641404226 2088.51152904047 2090.27591474727 2198.23382891535 2251.76146263053 2251.86688765341 2229.13278147414 2194.66241968017 2219.83497766126 2178.7346684193 2373.48372790219 2659.91436623531 2555.4360167159 2190.65270035939 2055.98607328057 1939.50632671412 1832.20775066063 1755.57135541864 1746.25832244617 1733.8581725847 1723.18741460127 1733.9996808772 1729.56908166697 1678.88495682781 1591.09917456525 1561.23774751705 1541.61167491164 1496.24262912412 1478.79718372693 1560.29015129077 1688.45313694751 1758.32378151199 1812.60080729149 1811.02554564979 1787.27976597973 1660.23667263777 1426.67996784032 1320.65336791913 1483.97635985138 1644.32656135845 1182.80880083633 839.534712137822 667.71784544615 433.013777850047 272.148508324668 185.214283432602 155.504521640298 145.001319961041 144.321363249551
-9999 -9999 -9999 -9999 -9999 1423.09119246407 1705.84457937164 1960.36887048117 1789.47848594633 1795.02909304892 1830.96579518914 1808.92656733321 1803.39149309519 1851.24256338363 1847.607607612 1914.90799798978 2137.93780798742 2581.4950810301 2565.26110022312 2040.14235131391 1874.28278258443 1845.57420448645 1871.40425769112 1829.02144060357 1730.21823837886 1626.73951015892 1581.33132693301 1563.05108546609 1548.94260712012 1536.67646048653 1524.01676827074 1507.4351068424 1499.82634614032 1494.58838873389 1532.32803754218 1587.19362729134 1613.85402201444 1700.45607818087 1785.38473615551 1700.93060926813 1650.10867961115 1621.49853375439 1523.19014774256 1439.65773663344 1328.08031998502 1490.02844488175 1828.24407358044 1417.00035609818 810.684140834692 666.873010714885 481.505765953121 263.31585694494 188.467852949655 156.175009303426 143.477731617079 142.178506561301
-9999 -9999 -9999 -9999 1489.48917311655 1644.80857830798 2010.69725955956 1855.60343654259 1593.27153443082 1513.59599714215 1497.71143114951 1506.08426320778 1527.5135013145 1578.69763287338 1762.99419091118 2047.67859650827 2145.4694586061 2271.02478873326 2269.63148648064 2242.66643428533 2254.7560393892 2299.61538066829 2259.64116087706 2282.85388504957 2093.62427817892 1794.06393139059 1631.37856721534 1579.01485909106 1543.21230915811 1525.56711143832 1513.60983391286 1517.91629014038 1532.15877719932 1584.44311724678 1655.32701308792 1626.36969419268 1567.92929224212 1548.07021348491 1546.51725578549 1539.69166396493 1594.74856911133 1557.6845947971 1423.4427785782 1356.34381646906 1156.36662021403 1337.70990058433 1549.54097326495 1311.08939315469 747.938024407011 641.68179019288 484.284944599925 298.578333895038 190.829246753616 159.40572094717 143.399072874832 140.03564987305
-9999 -9999 -9999 -9999 1873.7343129747 1901.85354796666 2010.1728514124 1605.12938456462 1483.83639403058 1463.02207747134 1466.9735075901 1494.12945692804 1550.69059514784 1690.14120619806 1891.58910888702 1960.06243191756 2074.94408436356 2280.31072043418 2470.70938234088 2612.94267482347 2666.2051288388 2491.4102528513 2364.82324102357 2263.2061448263 2072.66217819548 1964.27104806931 1930.82829588537 1846.48397076809 1779.84018112217 1742.48214972021 1709.9102019528 1706.52123957286 1660.12464929721 1607.78834104822 1627.4392213547 1555.60434568785 1460.17014662832 1471.64690192072 1507.35587907329 1491.0109829636 1507.96154162323 1410.87146959737 1284.43412208631 1268.67827703667 1158.09327998717 1099.94039017362 1258.43883744369 1107.19331076983 733.419605238008 556.80988190371 490.871612829696 384.553538855527 201.345110476542 158.051385353079 141.186012408368 137.531431553698
-9999 -9999 -9999 -9999 1916.20591203537 1884.80748298779 1741.96219484342 1479.31740184647 1445.89326092903 1451.31450720228 1481.24109333434 1517.10037646792 1601.97262888108 1780.33953314901 1863.81547562209 2041.02155636218 2207.35607813172 2283.59216316146 2477.81877917858 2528.99223400851 2622.69814173382 2561.74177540306 2382.48605058633 2215.07886741361 2048.29554389762 1928.34448631014 1885.93005156467 1850.71979419247 1844.9893599854 1796.32883886189 1746.20624151146 1704.9371357126 1620.10536597586 1501.73531396877 1410.78234259799 1392.58216297381 1417.00111388137 1398.04198642349 1398.55192751439 1429.37214332527 1397.25132006012 1317.47713867412 1290.34785425942 1323.34701491902 1319.98069645898 1231.58686071162 1386.48655941252 1039.66981341354 741.780444154761 597.989985772936 525.529791810206 381.170566095668 210.247783873196 154.504260140243 136.602186284168 133.499872993097
-9999 -9999 -9999 -9999 1724.05995699237 1810.84670790677 1571.21000539053 1496.59414323595 1451.95262483177 1472.09223283086 1552.79404257446 1572.65792710234 1659.68323148756 1892.26192126501 1978.80015193808 2039.75611709591 2207.88067943536 2320.73124293885 2267.6329074552 2508.15797953678 2676.34324587221 2768.78750396076 2676.12173585451 2444.2533149244 2201.34898549968 1993.66877988983 1841.85129244239 1734.6045166926 1634.92535814165 1576.29719259764 1555.46425521293 1510.95270426342 1384.85452142466 1298.56010140958 1279.47532723073 1262.42842742263 1304.31386088799 1341.99773281817 1375.95876237317 1405.27062420582 1409.31871058123 1373.54108382424 1359.89123161779 1329.96580125255 1300.38274553813 1303.35907824602 1214.39166926334 1188.68442735828 880.287912207022 657.267595865535 538.444648405827 371.616015395586 212.345782627338 150.167772214707 132.743611089539 129.554320447272
