catData/variables/Elev/Elev.asc
NCOLS 409 
NROWS 350 
XLLCORNER 60.897278365 
YLLCORNER 5.843756025 
CELLSIZE 0.0892857 
NODATA_value -9999 
[rows 50 to 74 of 350, columns 168 to 223 of 409]
1288.09661120345 1493.14315284949 1433.29037435061 1983.90460400107 2734.03923745 3422.97429837754 3643.14211095724 4040.28887307942 4410.03522935771 4353.29784196718 4224.70646266193 4028.93862240365 4047.73084034693 4288.17151386615 4445.14265672948 4648.45559682239 5298.48777734694 5100.2582858981 5022.76881680651 5285.16030346461 5246.41569842451 5342.08192188046 5350.330863677 5364.45906244715 5320.85966091746 5345.67336053003 5315.76242994143 5348.05840685083 5049.02158089689 4688.47939866348 4846.60034443903 5310.99877794524 5293.39763597211 5069.84282396281 4886.39437739859 5136.08745649998 5400.27525532493 5568.74911278161 5514.87681454726 5244.7886136198 4697.76048361489 -9999 -9999 -9999 -9999 -9999 -9999 -9999 -9999 -9999 -9999 -9999 -9999 -9999 -9999 -9999
1220.49589295378 1794.75518886622 1840.65903467904 1997.35023836311 2242.41508071649 2476.57519282353 2677.49303920373 3321.41982857912 3722.79844525074 4225.72052839801 4595.8953416317 4240.9873801914 3778.02171770695 3833.87602737876 4401.80227560378 4617.058012888 5120.08190567761 5218.73067323334 4817.58146236525 4823.43983356648 4846.36262070893 5038.83505484594 5046.1535777109 5209.90709802751 5305.35467568181 5415.50281161668 5535.06975505467 5586.89732919395 5598.29920120441 -9999 -9999 -9999 5326.38140333542 5409.97095968917 5141.87644163579 5302.44689348498 5607.26575655534 5691.85714163332 -9999 -9999 -9999 -9999 -9999 -9999 -9999 -9999 -9999 -9999 -9999 -9999 -9999 -9999 -9999 -9999 -9999 -9999
892.567396783083 1422.48405263699 2103.37148345989 2483.96035292162 2835.4044108869 2753.35648776357 2546.17900490494 3088.83273117783 3800.04582088875 4047.236487306 4193.95156695844 4071.62595346615 4209.6741419801 3904.47706226037 4020.857422775 4160.03250325516 4852.23731203654 5240.95727502454 5029.65188590915 4644.71551031997 5034.08419289155 5025.38705995613 4705.38892456074 4751.47475195406 5146.84129660257 5412.7216713468 5409.9178467278 5284.52730499543 5281.66301509873 -9999 -9999 -9999 -9999 5532.72110067536 5421.60991484971 -9999 -9999 -9999 -9999 -9999 -9999 -9999 -9999 -9999 -9999 -9999 -9999 -9999 -9999 -9999 -9999 -9999 -9999 -9999 -9999 -9999
666.298185134863 934.374073419053 1434.76601927558 2018.48705650251 2703.0086931591 3400.83696167815 3303.17011273672 3104.30693059298 3395.28150795925 3618.12484066005 3853.6494411305 4143.95484119344 4586.93944755642 3937.82613352901 3395.33697253546 3984.99750082893 4434.1448367044 4664.60559935196 4801.51197515193 4842.14665092089 5327.8684038647 5081.70802074443 4702.26137690695 4387.912885642 4675.21050567841 5217.18828574781 5085.12676508219 4844.16697883565 5273.72634789925 5361.4577303324 -9999 -9999 -9999 -9999 -9999 -9999 -9999 -9999 -9999 -9999 -9999 -9999 -9999 -9999 -9999 -9999 -9999 -9999 -9999 -9999 -9999 -9999 -9999 -9999 -9999 -9999
562.066798939665 631.808604331758 814.151996503952 1032.52012625923 1456.77412393838 2213.95826968298 2965.46838003732 3275.55804375188 3373.24911647843 3730.10591646641 4103.5862690433 4215.89862699942 4400.1296181797 3627.10174546788 2739.20497405682 3831.20310817757 4680.06359599344 4803.7309159368 5022.05393373046 5023.57309038987 5448.78923299643 5386.65809552356 5038.00156740931 4468.59219393192 4392.51462680258 4817.79898129011 4757.85189366949 4994.57032258095 5472.29406508861 4910.80570514149 -9999 -9999 -9999 -9999 -9999 -9999 -9999 -9999 -9999 -9999 -9999 -9999 -9999 -9999 -9999 -9999 -9999 -9999 -9999 -9999 -9999 -9999 -9999 -9999 -9999 -9999
484.524208318066 511.730192438424 607.778539629025 721.498591438101 836.21147493253 1108.67053415161 1528.09903837671 1946.89563178706 2387.60856262962 2996.37670517131 3338.643300882 3679.63734226727 3468.02956312419 2553.3795176947 2563.42257795196 3764.92038137124 4309.63921901644 4543.34726243891 4936.54024428374 5160.67777370581 5453.62787205773 5494.98933227074 5133.8892427334 4839.77097934214 4491.09338392029 4240.81841471742 4661.42735799635 4676.67374677147 5090.8353691162 4598.25686766187 4627.73994933903 -9999 -9999 -9999 -9999 -9999 -9999 -9999 -9999 -9999 -9999 -9999 -9999 -9999 -9999 -9999 -9999 -9999 -9999 -9999 -9999 -9999 -9999 -9999 -9999 -9999
443.191718429832 424.939806077619 523.512528214121 607.574375964189 710.989430177786 870.110936331574 968.840846863502 1051.3808359426 1261.59909361806 1856.36883369197 2402.01555167 2857.43206168908 2976.25708531583 2228.33571830894 2687.7616745338 2808.62579122169 3212.11447223171 3632.42092827428 4566.97648439771 5089.87503122228 5154.53010439027 5186.83294367716 4699.08042346181 4475.16851675189 4323.3130292064 4232.47695826486 4178.12200871982 4387.81684276535 4190.92267189917 3891.46740414316 3712.36527429343 -9999 -9999 -9999 -9999 -9999 -9999 -9999 -9999 -9999 -9999 -9999 -9999 -9999 -9999 -9999 -9999 -9999 -9999 -9999 -9999 -9999 -9999 -9999 -9999 -9999
409.891356808675 427.565225248747 427.783203005074 547.921156084919 726.926868777261 803.62251096183 760.243788172616 840.591059974711 962.167875355102 1069.25117818895 1486.15807522424 2117.64182431635 2260.14873151898 1916.81288709312 1977.6803477181 2661.44320180569 3321.49874779436 3631.12321237226 4149.6104513569 4397.36620149256 4831.15284101227 5212.35823647845 5079.25961311313 4700.29557210726 4551.76026416599 4878.08426111756 5000.78266805476 5166.04414954166 5141.20265184973 4266.37804950378 4001.88626861808 5577 -9999 -9999 -9999 -9999 -9999 -9999 -9999 -9999 -9999 -9999 -9999 -9999 -9999 -9999 -9999 -9999 -9999 -9999 -9999 -9999 -9999 -9999 -9999 -9999
512.205788645158 686.900049454951 669.773909909532 496.91224409064 574.15171695367 747.2105145725 662.057299370719 647.910617928628 731.625598860215 925.428440637342 1147.64528180847 1420.38178956381 1955.6327354861 1747.50552063849 1794.83504353342 2314.70975517738 3078.58982636523 4060.07484229442 4588.59356325395 4857.49679839183 4827.85702199012 4927.14725598409 5077.35476540784 4773.35788305422 4770.99931627821 4955.85852831414 4661.3415196541 4477.90820470539 4810.38647756781 4165.74912882187 3658.21975704252 4795 -9999 -9999 -9999 -9999 -9999 -9999 -9999 -9999 -9999 -9999 -9999 -9999 -9999 -9999 -9999 -9999 -9999 -9999 -9999 -9999 -9999 -9999 -9999 -9999
530.50938043096 621.499162409729 743.824332919498 680.860500484966 527.133442398403 585.890367353892 668.590328408566 799.656737139455 914.802319916034 999.628318156214 1101.34437378843 1147.38450052699 1500.05030611676 1968.87456173254 1752.17461658718 1968.95957731358 2337.56073065697 3008.05846907657 3637.30712154409 4147.42573867626 4754.35178085606 4850.29747292698 4846.74144021606 4775.80019947277 4863.91175689405 4658.05643094532 4807.28759855934 4510.03583550348 3837.73229325829 3936.90619580801 3576.32181371614 -9999 -9999 -9999 -9999 -9999 -9999 -9999 -9999 -9999 -9999 -9999 -9999 -9999 -9999 -9999 -9999 -9999 -9999 -9999 -9999 -9999 -9999 -9999 -9999 -9999
459.821759873458 508.561513894377 537.947496063777 626.522101212243 656.365431902286 604.010206540293 711.415373923717 861.761342869132 961.609649333411 1075.92804924257 1249.88553329752 1140.46845114 1245.64823843867 1610.32817600443 1819.7838762261 1971.58779984453 2524.57396041776 3013.06850837937 3753.40768694427 4361.64331819283 4327.57366745972 4149.8470199274 4156.13944472245 4124.00650324827 4571.84822595054 4715.61625896444 4221.10535341998 4037.47817899679 3530.42573893943 3543.08756201103 4262.37038181037 5142.83600147426 -9999 -9999 -9999 -9999 -9999 -9999 -9999 -9999 -9999 -9999 -9999 -9999 -9999 -9999 -9999 -9999 -9999 -9999 -9999 -9999 -9999 -9999 -9999 -9999
368.873260662937 474.788608160051 451.021890138055 487.349640079554 611.387147786058 671.064245066104 758.3129969929 838.140222905374 855.652103502563 1005.34064551918 1126.33947773177 1011.43019344918 1298.77041799533 1724.4144106328 2313.63263567839 2323.44625741555 2335.92878750206 2632.1306295395 3189.03137949313 3604.77255186749 3058.42374514707 2707.12099551121 2815.72740900157 3168.58710116757 3730.8458222488 4174.5369521925 3566.7202977293 3411.89952473027 3301.52255257236 4204.80397677567 4775.25684711342 5097.5638120901 5019 -9999 -9999 -9999 -9999 -9999 -9999 -9999 -9999 -9999 -9999 -9999 -9999 -9999 -9999 -9999 -9999 -9999 -9999 -9999 -9999 -9999 -9999 -9999
311.053159108141 390.623430178552 459.92930468929 406.911768480962 467.35715236933 593.801990827246 726.607280886956 795.614140356757 769.278032356592 893.530819522428 1041.06511049874 1121.50160041416 1652.22594892162 2187.5460803119 2369.71599039888 2509.64714655178 2420.66265854933 2681.86349979999 2263.45954837759 2446.97594397311 2175.24786367298 2394.47717262684 2948.77856801752 3063.32635409733 3123.61264306121 3302.11133666078 3281.14109976017 4095.65946092453 4172.44898647689 4519.22936914659 4902.07756714251 5100.3000762444 -9999 -9999 -9999 -9999 -9999 -9999 -9999 -9999 -9999 -9999 -9999 -9999 -9999 -9999 -9999 -9999 -9999 -9999 -9999 -9999 -9999 -9999 -9999 -9999
282.994102871684 321.665359463299 424.789052948015 447.826898925492 388.465727239905 492.83148389925 574.646933827846 654.284156318043 673.728907858161 753.870391506634 908.281471029012 1267.11001697013 1837.45136921034 2127.21867703943 2137.92668800441 2026.45778228315 1709.09170464623 1954.963609913 1663.5689911044 1763.55920570911 2173.61114549071 2855.97191108677 3756.73136974456 4062.36253565492 3950.42483614303 3668.6044303618 3778.59449673625 4380.33342687308 4790.99611946754 4566.22577654586 4702.63103469154 4942.53431842872 -9999 -9999 5089.48788264425 5040.35680046544 -9999 -9999 -9999 -9999 -9999 -9999 -9999 -9999 -9999 -9999 -9999 -9999 -9999 -9999 -9999 -9999 -9999 -9999 -9999 -9999
261.079272745459 283.326916883257 343.709951291138 482.230019884263 389.458384412779 365.866236020169 470.679059191325 584.90694208422 628.003609123294 681.313810164312 869.392245557302 1227.15859662622 1470.04538813558 1596.09974202017 1542.81488893081 1548.40216974705 1530.49296291372 1817.3820567972 1791.16716757324 1959.3280923418 2352.87762522475 2822.17933003961 3268.52394506225 3657.32136054855 3826.79434736446 4007.17437600656 4257.97046779781 4404.99488740773 4558.5714935132 4790.08624010451 4927.28267157111 5024.33480053573 5301.90992459125 -9999 5028.46116468503 5023.34694711992 4986.80400144214 -9999 -9999 -9999 -9999 -9999 -9999 -9999 -9999 -9999 -9999 -9999 -9999 -9999 -9999 -9999 -9999 -9999 -9999 -9999
248.558967958054 257.468630716642 276.50585416016 372.521082737655 404.821292856591 348.444429572125 345.705112552669 455.306921943884 615.325548639558 783.179234314793 1046.01933990235 1289.768473166 1250.79978123431 1309.49230090056 1401.77828554391 1656.6048724299 1974.84789325389 2257.24117828974 2306.78005999124 2319.73564363803 2235.7809419099 2440.8772152488 2724.66532818535 3090.04852789605 3145.48423727783 3533.03682395175 4133.94861417345 4607.49653544523 4720.44498608103 4973.84375909458 5072.91442742431 4990.18669275254 5269.60739196549 4845.21817637789 5026.06393966738 4846.83315769742 5012.85419717809 5257.47028751762 -9999 -9999 -9999 -9999 -9999 -9999 -9999 -9999 -9999 -9999 -9999 -9999 -9999 -9999 -9999 -9999 -9999 -9999
248.283696836381 252.372275815432 256.776109878999 279.090667449587 337.885344219412 366.089879237456 322.36035750981 316.909356036227 480.849198813971 764.045622789904 1014.60872701636 1151.44029518413 1239.37170199844 1451.57066476271 1698.64634834949 1951.92691319697 2061.780656162 2137.98102001604 2254.05766717881 2351.78660277727 2035.35384751395 2287.98039276532 2766.74040815075 2882.37496237742 2686.81025829969 2864.18170703691 3301.77647157608 3896.87810268256 4369.04937775751 4985.4527751529 4900.80510948005 4550.5843388171 4844.33056219844 4797.93159840811 4487.68163922258 4561.72515345359 4902.96058734968 5210.08845448351 -9999 -9999 -9999 -9999 -9999 -9999 -9999 -9999 -9999 -9999 -9999 -9999 -9999 -9999 -9999 -9999 -9999 -9999
247.45650830188 250.798878488921 253.392660782517 259.69412544312 278.220472501582 316.95635884128 328.814975917737 291.465185680574 356.37099293406 573.828749143941 886.408547955705 999.52077695562 1160.34244416972 1522.60915977039 1777.11879269727 1955.60147605139 1736.23910247423 2051.04599233548 2312.56068920134 2510.22037695552 2370.60096184686 2220.64207021337 2412.18770724334 2278.76442885427 2154.19522185563 2567.11532677286 3139.81313673409 3814.10209474005 4238.37341187368 4929.08747722539 4690.07162989005 3660.5461906629 3850.31858806642 4042.47513834622 4353.99356504498 5111.37172644135 5404.4230783193 5454.18386814353 5520.67888373417 -9999 -9999 -9999 -9999 -9999 -9999 -9999 -9999 -9999 -9999 -9999 -9999 -9999 -9999 -9999 -9999 -9999
243.999306034845 246.64785014093 250.272305895901 253.995815113797 258.513257905739 268.132567278168 282.779938869367 293.243685800719 345.842988967176 443.617185996843 673.565278485998 982.688334392969 1211.29044860459 1428.48041876716 1675.82136635044 1597.29859739374 1801.94424515213 2122.3239613905 2239.03178457154 1968.22373061272 2093.24329231539 1951.69854395057 1716.9376757637 1776.26647824223 1912.12175711725 2356.80282107417 2913.91519640121 3218.12756981477 3488.88880677127 4428.97794297649 4073.25617849348 3232.88794110142 4423.63102291209 4377.844164562 4393.38702254003 4929.15863041499 5592.6774251277 5752.20463263837 5564.67560112796 5339.7733938573 5640.51963792183 6022.97692175417 5710.64337377271 5404.54889096405 -9999 -9999 -9999 -9999 -9999 -9999 -9999 -9999 -9999 -9999 -9999 -9999
251.261703353817 254.036264245294 258.176072915569 261.459030500119 265.572585029395 269.923277591817 277.087725928402 295.040538142975 337.957589721451 409.548694876941 520.512448714704 927.809111238465 1310.38238495307 1416.93293474846 1335.48200273964 1527.31150491201 2078.6209070538 2710.95692086151 2350.22258304271 1969.3958400072 1708.13753964313 1663.15927481722 1849.44210901138 2005.7105930527 1884.29800159521 1927.81799063571 2108.00791908202 2655.8331284664 2952.75935420907 3380.8158744545 3013.65943807987 3131.47964540179 4672.74414866969 5254.98783879604 5156.40664175597 5071.89024515578 5288.02719815338 5623.35457947328 5414.44938281281 4985.0313524803 5189.28529675273 5768.64883179071 5499.02727193313 4994.69802503387 4928.47312030875 5003 -9999 -9999 -9999 -9999 -9999 -9999 -9999 -9999 -9999 -9999
256.638441176592 260.176615436914 263.475309286283 267.606716252005 270.835956764454 273.6215300545 280.578065053372 295.978741631882 321.49851816094 363.56357880878 440.613022723923 622.698532545756 949.08433413735 1251.71760233462 1394.99933001088 1353.41291049773 1669.85959626507 2103.42718736695 2126.49048195904 1619.66755953447 1525.57563791955 1894.02457926908 2184.32172458398 2171.94298430119 1756.33347420682 1703.11600538123 1995.68241002703 2119.54618758401 2088.90127733945 2600.76181924408 2305.10365422715 3123.4666440738 4192.28127193269 4781.38525609699 4645.27580102129 5229.0579341982 5203.64558627639 5369.10601688554 5029.50872142831 4430.10891304634 4520.42250857498 5045.10147000319 4939.30830846971 4443.32840965531 4734.62018055152 4930.56444021333 4774.87363471909 5072 -9999 -9999 -9999 -9999 -9999 -9999 -9999 -9999
254.648664290438 259.393776074975 262.854991809018 265.104926714398 268.317632832047 271.521376083288 276.621217412145 289.361612032607 305.625761719868 323.77598292866 355.669469683349 460.987824261355 686.754055378729 952.338701894572 1269.20437747222 1326.54334843079 1257.95984392383 1556.52384775251 1927.61967900713 1679.98018755172 1385.08590185301 1618.2928656777 1827.31115913949 1617.82900588774 1634.52526605565 1881.88696845707 1816.08111323736 1529.09799295769 1706.98815826568 2131.51112845801 2782.97161116364 3196.04860048674 3882.78276015714 3648.36858095603 3824.50520065298 3859.55726672191 4259.48065084746 4771.17357375778 4864.4999150359 4158.27375640428 3888.94426681227 3941.20516429315 4864.01039420388 4409.46031225099 3706.10455322555 4362.09873592321 4335.32763423673 4789.31968221089 5110 -9999 -9999 -9999 -9999 -9999 -9999 -9999
252.767445125969 255.574301125019 258.727050587125 261.837038274422 264.9627443277 267.257031401317 271.314815411668 278.977850287183 287.805947148225 295.977479898787 305.592107078634 329.667447261696 382.309466738861 552.26369056496 715.945454843021 999.096743352815 1100.90358930125 1024.49492997487 1433.7311257288 1352.64148595844 1239.99202926011 1227.5310021661 1532.00272724302 1499.15455685231 1696.69512014305 1868.50597955744 1525.77764719749 1632.48515233537 2010.11520563164 2151.36135236552 2201.6484527679 2413.80372164073 2917.48236252108 2933.11389914808 2631.38643675931 2464.03459119336 2792.9369539729 3456.38296925297 4448.38487184808 3998.26131055833 2818.69945067386 3108.42984025149 4222.26147297813 3842.94270932236 4079.0368056001 5322.91948803727 5210.95433403323 4985.79194433403 5093.15627255491 -9999 -9999 -9999 -9999 -9999 -9999 -9999
248.183181363416 252.028483276072 256.164516841753 257.799244027442 260.779912333091 262.694855887692 265.329520717341 270.582053454875 277.105907732223 282.618340943935 293.308649635901 307.165302406005 322.312018664791 348.652522571628 399.225613571906 551.379867116777 697.165930792447 709.241713299047 673.987138905938 711.645642574316 855.985825048258 838.636584496091 1057.71395307422 1311.85661419111 1650.05218775239 1954.24995151094 1772.91161144218 1445.16623042097 1719.95851135365 1937.26456786492 1625.35319058302 2045.65307014952 2177.2217789575 2673.0431757216 2409.32282593387 1869.58003764009 2240.61131400471 3191.38490325276 3150.33774917704 2248.82205019539 2044.45134575965 2520.67094357379 3382.00854732871 3654.54180594514 4935.61072448506 5303.79710034209 5172.08446112298 5092.87477450986 5078.19848141603 5227.83788928679 4914.84272636414 5156.49564190463 5353.22044699059 -9999 -9999 -9999
246.251540056129 248.012139956592 251.237123180995 255.245091471094 257.06990622489 257.895659400574 260.522330175421 265.852841606756 270.446897552057 274.224975585619 282.08085260159 291.93239335709 303.574229418062 312.192480435444 332.235795102041 389.032815137649 399.590142677516 479.269302918315 455.139121111703 449.043618204465 471.386596586063 546.712060261654 869.729537330582 1269.49278448408 1471.00275196971 1689.85820547023 1892.28025985236 1555.9180769393 1274.40414537626 1732.95915325306 1421.29349306817 1616.41892278133 2158.6959126722 2116.74001929889 1799.99907263215 1614.05727320974 2015.43576086713 2215.9907396888 2143.06248955733 2052.74497095468 2585.98593295142 3130.36362340499 3409.11562506318 4136.59889585923 4977.10997836271 5116.12322641671 5120.29142096666 4357.72097602014 4855.20418325261 5187.51882782545 4872.42219905069 5055.98891813143 5272.53862890106 5105.00662478929 -9999 -9999
