catData/variables/futureClimate2070/rcp85/CCSM4_2070_rcp85/bio10.asc
NCOLS 409 
NROWS 350 
XLLCORNER 60.897278365 
YLLCORNER 5.843756025 
CELLSIZE 0.0892857 
NODATA_value -9999 
[rows 78 to 103 of 350, columns 116 to 173 of 409]
38.1 38.1 38.1 38.069696582 38 38 37.948268062 37.9 37.9 37.826839542 37.8 37.8 37.7510139857653 37.7 37.6954039663784 37.632194212 37.54821171 37.517908532 37.410765692 37.3251199029113 37.2465419475643 37.141125462 37.1 37.0621115741375 37.0897992905559 37.1 37.1456028480572 37.1490465333638 37.1921449113296 37.14821171 37.1362174912835 37.08181385541 37.010765932 36.94821171 36.896480252 36.84821171 36.8163837188771 36.7621116984294 36.667908892 36.64821171 36.553623212 36.5473770023443 36.4954042149622 36.4404896317312 36.3880059055754 36.34821171 36.3301585758115 36.3 36.248268782 36.2 36.1658109774148 36.1129401492787 36.0584126680279 36.0060527786655 35.951014358641 35.8991034939476 35.8439334327458 35.8
38.1 38.1 38.0871795662707 38.0311163526685 38 38 37.948268062 37.9 37.9 37.8673371843038 37.85535455 37.8069491338177 37.8 37.75535455 37.75535455 37.7482034659392 37.6978887991216 37.625051372 37.517908532 37.45535455 37.351891154 37.196480012 37.1188109274863 37.1 37.1444513963921 37.15535455 37.249943288 37.257086128 37.351392526149 37.3107091 37.2978889319725 37.225051612 37.117908772 37.05535455 37.003623092 36.9227649472764 36.8705263516628 36.814857173398 36.7641484455412 36.7069493995196 36.6577705394197 36.5992270363589 36.5504422887019 36.4928491302373 36.4425345148235 36.4 36.362554462 36.3 36.2769043649334 36.2227650801274 36.2 36.1673375057511 36.1109034193097 36.012554582 36 35.9 35.891126062 35.8
38.1 38.1 38.076839422 38 38 38 37.948268062 37.9 37.9 37.9 37.9 37.8672054159058 37.86249739 37.86249739 37.86249739 37.86249739 37.8538116587652 37.794691602 37.687548762 37.5971279075192 37.459033994 37.303622852 37.2377391501964 37.22499478 37.2551105226598 37.3171487939121 37.3604680255161 37.364228968 37.46249739 37.4524870218004 37.3913143587714 37.332194452 37.225051612 37.1346306675129 37.0805993530589 37.003623092 36.96249739 36.889337412 36.8123102246535 36.7672055959183 36.7033820475098 36.6614153489379 36.596671951634 36.5524871717942 36.4913144487777 36.4435589946504 36.3859569459214 36.3346308175066 36.3 36.241125942 36.2 36.2 36.119697422 36.0672056859246 36.0033821975035 35.9614154989316 35.8966720416402 35.8524873217879
38.1 38.1 38.076839422 38 38 38 37.948268062 37.9 37.9 37.9 37.9 37.9 37.9658719818338 37.96964023 37.96964023 37.96964023 37.96964023 37.939337052 37.832194212 37.725051372 37.6022029074701 37.480405922 37.3933058061208 37.36964023 37.36964023 37.3961886035072 37.4658718146973 37.4701659330982 37.5061801651064 37.553622972 37.4535114844846 37.39080009772 37.332194452 37.225051612 37.1336143236664 37.0821258985381 37.0236657432574 36.926840022 36.8756202491517 36.8087428726438 36.7712831495607 36.6994743697653 36.6634602320302 36.5951372701743 36.5535116516211 36.4908001705834 36.4435630712121 36.3864630709925 36.333614490803 36.2821259714015 36.2236659103939 36.2 36.119697422 36.1 36.005411742 35.998268902 35.9 35.8951373430378
38.0931855808562 38.02321693 38.000056352 37.92321693 37.92321693 37.92321693 37.871484992 37.8684227920041 37.9 37.9 37.9 37.9671438293528 37.99874372681 38.0013297430272 38.07678307 38.07678307 38.07678307 38.046479892 37.9680892542132 37.8747405879496 37.725051372 37.6631142097247 37.587548762 37.55356614 37.55356614 37.55356614 37.5755267410893 37.57678307 37.578843437415 37.583982742 37.4946229362594 37.4535155439034 37.362554222 37.289647891771 37.225051612 37.1315775765546 37.0846728472825 37.003623092 36.9151241010431 36.8796978027941 36.8041551173687 36.7 36.6979396883057 36.6644847118572 36.576840142 36.5 36.4913062956544 36.4425467445084 36.3879895993288 36.331577760834 36.2846729030032 36.2206087771596 36.1813562066775 36.1096397934852 36.0780395103519 35.998268902 35.9 35.9
38.007199192 37.91607409 37.9123512378478 37.9 37.9 37.8625781937427 37.8077586517271 37.858874778 37.9 37.9614005801367 37.98392591 37.9979820809236 38.0793846605462 38.084204283984 38.1074481374859 38.18392591 38.18392591 38.153622732 38.08392591 38.0321697988351 37.916120122 37.8184408282252 37.7733142172446 37.7064514412855 37.68392591 37.68392591 37.68392591 37.6824726674061 37.6 37.583982742 37.5 37.469697062 37.3939809319431 37.3465045065871 37.2916846388828 37.225051612 37.1285204261775 37.0882401992923 37.003623092 36.910536345768 36.8847957597018 36.7824728688283 36.7 36.683982982 36.5962772635812 36.5584940949489 36.5 36.4928328239907 36.4405100145394 36.341125942 36.3 36.2882402378701 36.21653124066 36.1859439448098 36.1045418537204 36.082194812 35.9764783767806 35.9
37.9992073606724 37.9764815962251 37.9 37.9 37.8658981609176 37.8049488861849 37.8 37.858874778 37.9 37.973160458 38 38 38.094588978 38.1015771450049 38.199943408 38.29106875 38.29106875 38.2883622974149 38.2480358794826 38.146479892 38.0864484627224 38.023262962 37.9220162990726 37.8845346280299 37.8090065088676 37.79106875 37.79106875 37.6998453484399 37.6829869284576 37.5985694586449 37.5699771382526 37.4972935688499 37.4569673480476 37.3960176790549 37.3439575578426 37.241125702 37.1941038443624 37.1244428725351 37.019697182 36.9921900096699 36.9049281872276 36.7998453698749 36.7829871470226 36.6985694800799 36.69106875 36.660766052 36.59106875 36.5504626715101 36.448268782 36.3947418106949 36.3309479862026 36.3 36.219697422 36.2 36.105411742 36.098268902 35.9992074464124 35.9764824704851
37.9912838215633 37.9015019471718 37.9 37.9 37.862553742 37.8 37.8 37.8010529224172 37.8666253623179 37.9013084089469 37.9806555557883 38.0858822425234 38.192800568 38.199943408 38.2983703052711 38.3 38.3227461361992 38.39821159 38.360765572 38.2974141584046 38.2456166568602 38.139337052 38.032194212 37.99821159 37.917908532 37.89821159 37.8053144864493 37.7965109797141 37.699841289021 37.6824807862438 37.5995858024914 37.5684505927735 37.4993303159617 37.4544203993031 37.348268542 37.2989470861671 37.2333751090977 37.1986915996375 37.117908772 37.0123298188922 36.905411502 36.8965112154219 36.7998412933132 36.7824810219516 36.7 36.669697302 36.6 36.555411622 36.448268782 36.4 36.3988193471945 36.3263602480704 36.2985638606648 36.2123300546 36.1983083741351 36.0999690408702 36.0894963543945 35.9997135543406
37.9 37.9 37.9 37.8983774246956 37.8592043456722 37.75779839404 37.7543164175921 37.8 37.866017618 37.973160458 38.0042997838791 38.0881183257531 38.194588978 38.3000927289825 38.3137539006497 38.4008576457182 38.428514768 38.50535443 38.467908412 38.40535443 38.353622732 38.246479892 38.139337052 38.032194212 38.0010546589715 37.9172363313963 37.9002897422359 37.898268422 37.8 37.783982742 37.676839902 37.6 37.562554222 37.4577988483388 37.4025845052934 37.341125702 37.233982862 37.2 37.119697182 37.0172365585456 37.0002897550865 36.9 36.8916009836491 36.8044968099831 36.7780802203847 36.7037318932475 36.662554462 36.5577990754881 36.502584518144 36.4442783122238 36.4018196014084 36.4 36.319697422 36.3 36.2104764040628 36.198268902 36.1 36.083983222
37.9 37.9 37.8971055600338 37.8609864119667 37.8 37.8 37.8064650799681 37.81249727 37.878514888 37.9765146680305 38.080303298 38.1109283799704 38.207086248 38.301731818 38.4011090899718 38.428514768 38.5327631980272 38.6037870699733 38.575051252 38.5069248800258 38.448268302 38.3484831719751 38.246479892 38.139337052 38.032194212 38.001568920023 37.9172322719775 37.898268422 37.7988909400216 37.771485472 37.6672370119793 37.5962129600202 37.5547366519803 37.4944276400193 37.4422362919812 37.341125702 37.2422332019821 37.2033542700174 37.119697182 37.1 37.005411502 36.9122809000155 36.9 36.883982982 36.7971056500141 36.7609870419863 36.6672341319868 36.6069249400127 36.5547337719877 36.5051396200118 36.4422334119887 36.4033543000108 36.3297330519896 36.31249727 36.3006763200094 36.210766172 36.11249727 36.096480492
37.8982569602704 37.88035989 37.8617480749958 37.8 37.8 37.8087573478952 37.8612118384717 37.9 37.966017618 38.0143687944277 38.0841717519392 38.187446138 38.294588978 38.301731818 38.408874658 38.516017498 38.6045487158596 38.6380401330146 38.6502683111258 38.555411142 38.4584284643921 38.4080770859748 38.333982622 38.226839782 38.1354685509246 38.032194212 38.0010627778092 37.898268422 37.791125582 37.683982742 37.6 37.569697062 37.4926456080104 37.4445285256227 37.4 37.3526886788889 37.3066742714779 37.2412087221552 37.1235657302117 37.1 37.0239887870546 36.998268662 36.9 36.883982982 36.776840142 36.7 36.7 36.6641688284864 36.6094800418805 36.541125942 36.5 36.4412089150189 36.403868595348 36.4 36.305411742 36.2986088915514 36.2178972588155 36.1871289348177
37.891125102 37.8 37.8 37.8081161492912 37.82678295 37.8594297721772 37.9 37.9157684023544 37.9751191023799 38.073160458 38.1 38.187446138 38.294588978 38.328514768 38.4332807127852 38.516017498 38.6169573162536 38.6510299570121 38.6 38.555411142 38.5 38.441125462 38.333982622 38.226839782 38.1784924721274 38.085771152 37.978628312 37.8719492396699 37.791125582 37.683982742 37.6 37.569697062 37.4725833059988 37.4148408027354 37.4 37.4 37.333982862 37.2804055996722 37.155626341187 37.1033624231407 37.1 36.9987323653909 36.9244061833433 36.8882728119224 36.803623092 36.72678295 36.7167539302802 36.7 36.648268782 36.5568941515171 36.5091016772171 36.5 36.4412048213144 36.4033624874198 36.330745267846 36.3 36.2935027643775 36.2224931843566
37.8632210705164 37.8284916458434 37.8 37.830303418 37.9 37.9 37.9 37.958874778 38 38.0483401946559 38.0933177382426 38.187446138 38.294588978 38.4011442850622 38.4690850078363 38.5105834352653 38.5739315376332 38.6 38.5872961425699 38.5366124743285 38.5 38.441125462 38.333982622 38.226839782 38.119696942 38.012554102 37.905411262 37.799412548484 37.757199792 37.6554909333128 37.6 37.569697062 37.5 37.4705384229066 37.416375484195 37.3800264292965 37.3224539076019 37.226840022 37.1727566346012 37.1082951822972 37.0679101048044 36.9994126299059 36.9602106669925 36.8945661001091 36.8507715167894 36.8 36.762554462 36.7 36.6658190063831 36.6139523007184 36.55637985618 36.5091057709216 36.5 36.412554582 36.4 36.3333385013278 36.3 36.289417040469
37.8052300989775 37.8494918975536 37.8 37.8178582193842 37.8743100351469 37.9 37.921245598209 37.9757643432599 38 38.0300459978023 38.121371928 38.1926018371355 38.294588978 38.4 38.408874658 38.5 38.51364870448 38.55893137 38.5368639185821 38.5 38.4787545003557 38.400056832 38.3200264247065 38.1967938827624 38.078628312 37.971485472 37.9031889308309 37.798268422 37.6947701838931 37.6344905615758 37.6 37.569697062 37.4846215319826 37.45893137 37.4284453130796 37.341125702 37.2728876658582 37.185771392 37.078628552 37.05893137 37.0031890722662 36.998268662 36.9 36.883982982 36.8 36.8 36.762554462 36.7 36.6787546974851 36.624236081046 36.6 36.526840262 36.5 36.4484672171703 36.4022225282985 36.3989798402325 36.3374242252363 36.3
37.7560672487868 37.8 37.8 37.8 37.837446258 37.9 37.951731938 38 38 38.073160458 38.180303298 38.2 38.294588978 38.3526234649155 38.408874658 38.5 38.5 38.5 38.5 38.478503056102 38.4249974440618 38.341125462 38.2681720516107 38.140739710553 38.019696942 37.912554102 37.8543973789558 37.799103241208 37.7439329826282 37.6917048975355 37.6370456463007 37.569697062 37.4806073820267 37.4267146418095 37.3750595036458 37.292914232 37.185771392 37.1139000528455 37.019697182 37 36.9543974946633 36.9508918955004 36.9 36.883982982 36.7888342920083 36.75178853 36.7323960363192 36.678503287517 36.6249976926467 36.6 36.6 36.526840262 36.5 36.5 36.4510141316292 36.447376882207 36.3954043179567 36.34821147
37.7593165694489 37.8 37.8 37.8167742479403 37.8720724502633 37.9 37.951731938 38 38 38.073160458 38.1358519614849 38.1930508963116 38.294588978 38.3007731820957 38.353520348 38.44464569 38.44464569 38.44464569 38.44464569 38.4247386866828 38.3713642755208 38.285771152 38.178628312 38.071485472 37.964342632 37.9056048654612 37.805411262 37.799041496946 37.7406836448504 37.6911337573532 37.6343057044432 37.569697062 37.479272147964 37.4247387938324 37.348268542 37.241125702 37.133982862 37.1 37.019697182 36.9515950593891 36.9024160024073 36.9 36.8950877599999 36.828628672 36.7343058115929 36.6832261506107 36.64464569 36.6247389009821 36.6 36.5674106714251 36.54464569 36.5119830201677 36.5 36.5 36.5 36.4992271393533 36.45535431 36.4464883330539
37.8 37.8 37.8 37.830303418 37.9 37.9 37.9194009511102 37.9742979083188 38 38.073160458 38.1 38.187446138 38.2354735625359 38.3 38.3033282496778 38.3475133297513 38.4 38.4 38.3765973059615 38.33750285 38.285771152 38.178628312 38.071485472 38.0100656831838 37.919696942 37.9 37.805411262 37.7993506089 37.7569508916709 37.683982742 37.6 37.5507585893837 37.4234596160453 37.3721333845256 37.285771392 37.178628552 37.1127445417616 37.0542770988094 37.0073870046197 36.912554342 36.8408848845222 36.83750285 36.828628672 36.731496011765 36.6855257488059 36.6261384746231 36.5765976059478 36.53750285 36.53750285 36.5154234003393 36.5 36.5 36.5 36.5 36.5 36.5 36.5 36.4939932517718
37.8 37.8 37.8 37.8092001207351 37.83036001 37.8614118533883 37.9 37.958874778 38 38.073160458 38.1 38.187446138 38.2 38.231566047882 38.3 38.3048629139945 38.33036001 38.3092568798711 38.2493514051906 38.23036001 38.178628312 38.1124856943757 38.033982622 37.9490512315008 37.9059799935609 37.8391026853774 37.8016428596843 37.8 37.791125582 37.683982742 37.5838713100688 37.4908570969929 37.3739227639454 37.3168229011163 37.248268542 37.141125702 37.0540256716985 37.0081486333632 36.9440771255751 36.842914352 36.8016429325483 36.73036001 36.7276658086718 36.6888457502665 36.6233286747952 36.5788972041431 36.5189915409186 36.4689486580196 36.43036001 36.43036001 36.43036001 36.43036001 36.43036001 36.43036001 36.43036001 36.5 36.5 36.5
37.72321717 37.7355160425384 37.8 37.8 37.8 37.844589098 37.9 37.958874778 38 38.073160458 38.1 38.1203025185179 38.1958452641765 38.2004020791292 38.22321717 38.2355158582596 38.282216837046 38.2161816296483 38.2 38.1657634129629 38.071485472 38.02321717 38.0078898031202 37.926839782 37.838341039491 37.8029147072033 37.8 37.7218876154079 37.6443739512864 37.607199912 37.500057072 37.4161816853695 37.362554222 37.2657635972417 37.171485712 37.064342872 36.957200032 36.92321717 36.842914352 36.735771512 36.6505894443811 36.62321717 36.6164033249924 36.542715641702 36.52321717 36.492914472 36.42321717 36.4128650104795 36.3602793068261 36.32321717 36.32321717 36.32321717 36.32321717 36.2560741033542 36.3916894226802 36.5 36.5 36.5
37.7 37.716017738 37.8 37.8 37.8314270229164 37.8910930687565 37.9 37.9094637261025 37.9714800582245 38.0117600534484 38.01607433 38.0894640872056 38.194588978 38.2 38.1925518838133 38.1186490354863 38.1284257908408 38.11607433 38.11607433 38.071485472 38.0077588061489 38 37.9445944731971 37.90431431513 37.819696942 37.8 37.8 37.698268422 37.6 37.583982742 37.476839902 37.3745680562538 37.278628552 37.171485712 37.064342872 36.957200032 36.850057192 36.7546743282916 36.7192405200354 36.628628672 36.6008698626894 36.51607433 36.507200152 36.41607433 36.41607433 36.385771632 36.31607433 36.31607433 36.264343112 36.21607433 36.2714794539597 36.3 36.1652110467724 36.1180923949408 36.305250846 36.41607433 36.41607433 36.4295165182489
37.7 37.716017738 37.8 37.8 37.8033445087886 37.80893149 37.8560429951307 37.9 37.9058963569499 37.9755576290098 38 38.0078102430709 38.103520468 38.10893149 38.1081388508082 38.1 38.0789082252724 38.00893149 38.00893149 38.0049490406066 38 38 37.9941036644857 37.9244425895547 37.892827740405 37.8114328336353 37.7138594456756 37.698268422 37.5919181997562 37.492914232 37.385771392 37.278628552 37.2055870240825 37.155411382 37.0011574739981 36.850057192 36.742914352 36.635771512 36.60893149 36.521485832 36.50893149 36.40893149 36.400057312 36.30893149 36.30893149 36.3062250075584 36.2658989064819 36.1683255185222 36.1132426114374 36.10893149 36.174948388 36.20893149 36.1214566952762 36.0203647607641 36.2842481231955 36.30893149 36.30893149 36.324948268
37.7 37.7002865012707 37.7245349663216 37.7702386040861 37.7385651255063 37.8 37.851731938 37.9 37.9 37.973160458 38 38 38.001691865755 38.00178865 38.00178865 38.00178865 38.0013743926144 38 38 38 38 38 37.9351634418316 37.9004800697607 37.8211332826469 37.714342752 37.607199912 37.600057072 37.492914232 37.385771392 37.278628552 37.2012466364995 37.1632239959082 37.0134089483158 36.8509205472765 36.742914352 36.635771512 36.528628672 36.50178865 36.414342992 36.40178865 36.3982996295771 36.3016299220152 36.2842694703925 36.20178865 36.20178865 36.164343112 36.057200272 36.00178865 36.00178865 36.067805548 36.10178865 36.1003523179386 36.0984359075309 36.1961833137534 36.20178865 36.193073435692 36.1510546658006
37.7 37.7 37.7 37.730303418 37.7979950561988 37.79464581 37.79464581 37.7977980774762 37.7964652912988 37.7985629599262 37.8760037068488 37.89464581 37.89464581 37.89464581 37.885771152 37.79464581 37.8165660994989 37.88929162 37.88929162 37.88929162 37.88929162 37.88929162 37.8268089378511 37.7254027290761 37.7 37.6906359609477 37.594702882 37.4928215200239 37.3808923552011 37.262611294 37.0934057743489 37.058988682 36.9538507601011 36.850057192 36.742914352 36.635771512 36.528628672 36.49464581 36.414342992 36.3118821586761 36.2949355520989 36.292914472 36.19464581 36.178628792 36.071485952 35.993023345974 35.953850987251 35.89464581 35.891876022299 35.8829871621479 35.87858324 35.955660089376 35.992536535202 36.082091228 36.189234068 36.189384306276 36.186246999501 36.116016778
37.7 37.7 37.7 37.7265163907615 37.7547363820961 37.6944276870462 37.6939679258114 37.7515171793309 37.721485352 37.760663428 37.78750297 37.78750297 37.78750297 37.78750297 37.7797373806726 37.7 37.697105645612 37.68750297 37.6828233298967 37.6805782229609 37.6939678958186 37.6926424313238 37.6957531815339 37.6908571456085 37.6774674727508 37.5110422841068 37.392914232 37.3717591798221 37.1863939313202 37.1449731055374 36.964342872 36.857200032 36.78750297 36.742914352 36.6422364078257 36.5337681633166 36.429736013541 36.3908571756013 36.3172356192563 36.289071889886 36.2047352249716 36.185771632 36.0863939613131 36.058988922 35.9547403764022 35.857200272 35.78750297 35.78750297 35.735771752 35.555039836619 35.4460086069037 35.6295482980289 35.8505697187366 35.9640203078789 36.0814149209787 35.9894504038364 36.1 36.116016778
37.7 37.7 37.7 37.7 37.6926456036089 37.6445282728814 37.6415718526283 37.68036013 37.6273082863523 37.6587918391574 37.68036013 37.68036013 37.68036013 37.68036013 37.6786171587059 37.66072026 37.6421085822748 37.58036013 37.542914112 37.524948988 37.611771751528 37.5937687347263 37.6008061835668 37.5770174454138 37.480417202 37.373274362 37.266131522 37.1593287616681 37.0697427878415 36.9478487706488 36.857200032 36.750057192 36.68036013 36.64452865861 36.5898400088997 36.4741743695906 36.4 36.326840022 36.2842286309385 36.2100886855518 36.1814229419578 36.078628792 35.971485952 35.864343112 35.7758115639966 35.730417562 35.653366005016 35.64108039 35.6096690599292 35.3679894749098 35.1265029728357 35.5188352588223 35.7448913860742 35.7950685928323 35.9705995050935 35.883822326 36.0821029598871 36.1128711036226
37.67321729 37.67321729 37.67321729 37.67321729 37.645800154686 37.6 37.6 37.5842317389451 37.57321729 37.57321729 37.57321729 37.57321729 37.57321729 37.54643458 37.5399367959156 37.47321729 37.4670143238384 37.44643458 37.4190176204075 37.3819798344086 37.3549926126534 37.3354200667764 37.2980984448993 37.3267832189777 37.266131522 37.158988682 37.051845842 36.9727535264858 36.9310625536371 36.77321729 36.750057192 36.651030300006 36.589971005871 36.57321729 36.5353409183749 36.441125702 36.3823188213791 36.3196515367438 36.219697182 36.1765796830103 36.078628792 35.971485952 35.864343112 35.7529104805184 35.623274722 35.5242477657275 35.4257428221495 35.2867247001328 35.264252248 35.3366855279743 35.366538974973 35.4411601241388 35.4875936565883 35.7380207541338 35.867805548 35.8297812710429 36.0064972569199 36.0689275627969
