catData/variables/futureClimate2070/rcp85/CCSM4_2070_rcp85/bio16.asc
NCOLS 409 
NROWS 350 
XLLCORNER 60.897278365 
YLLCORNER 5.843756025 
CELLSIZE 0.0892857 
NODATA_value -9999 
[rows 275 to 299 of 350, columns 168 to 223 of 409]
685.718601743133 454.988901917033 355.659970079684 304.35841189971 313.627881685662 325.587258851094 329.908936830252 330.078861048979 342.890021121681 368.530229090552 394.968177181572 406.344266488614 406.501251263975 405.07998911482 399.854477062341 387.829551530344 390.89739550879 405.959502884971 442.581798664013 482.200894990384 502.136663244743 502.603714432628 487.88231148004 472.833251212509 468.639325827638 470.455604139816 474.418227032084 481.291168922039 494.379399065144 514.168794357786 534.190501982597 547.55479202343 558.030965974035 572.915458282958 592.171430761871 615.241039890021 626.227619752874 625.041523014078 626.848528265846 632.450398629457 634.337749686931 633.936972612766 641.187692619905 657.456775589355 683.925416525012 713.448046363717 740.943312795093 764.24224812 -9999 -9999 -9999 -9999 -9999 -9999 -9999 -9999
732.694849256045 516.719306096511 397.997452837263 328.876144772827 315.862062395728 325.839908716132 323.263561555166 319.697608423867 332.567414731713 357.33022848677 381.316864885366 393.290355983815 396.078243921665 394.72953594744 388.403971296012 371.369808646806 371.13582148964 388.267389955758 413.795612656088 450.289743570597 471.142246370544 501.992459670966 511.433686366597 496.721639014101 496.416503747749 495.28493350021 491.820961073713 494.913349373578 509.673457744299 529.270373584263 548.177097974387 570.932283356112 575.791129245326 594.526967797691 613.078414721554 626.321703446687 631.562194371775 631.540360227336 631.836026730608 633.898038124883 637.020267861685 641.873882792832 650.777750127712 666.94358420199 689.336068945041 714.079162458935 741.838036274441 -9999 -9999 -9999 -9999 -9999 -9999 -9999 -9999 -9999
889.843801520874 639.33492056061 469.168244532544 381.11938670229 329.921078112486 314.467655065037 307.974839726331 307.764140940002 319.411521580424 340.040777575282 363.511012513979 378.780701322096 384.423628103099 384.673538895447 381.8477115088 378.605580912779 373.907434669581 388.07611465976 401.890333941369 428.681862324734 449.634198103953 487.171858564432 509.095063544656 510.706818047922 520.047897177112 518.184434191666 504.656146441864 501.922672384543 515.318434108173 534.741765417973 556.378143280035 576.17602650551 592.758528963528 610.164508784464 620.919352438893 627.789440619455 631.313281652324 633.310494494375 634.573908676427 637.390155156955 642.805269921588 650.50516866258 660.357313824632 675.040594966642 693.816054473802 717.228577238439 -9999 -9999 -9999 -9999 -9999 -9999 -9999 -9999 -9999 -9999
1166.10018402073 848.164612858386 618.165922970539 484.848207568613 383.84415202485 322.123167192061 299.341577669249 299.352091252496 308.899410075738 326.789072929497 349.537858111118 369.290068338109 380.950555253848 384.097310704019 374.065518226451 370.352228234581 367.915955294908 388.682611305176 402.792083944567 423.556140802854 445.27658744806 471.784621724808 495.375571483591 511.115043158979 526.173073800002 530.852321163704 520.38682058878 512.583733230862 518.790828262537 536.478732721946 559.357472696439 580.808466199268 606.593000767231 619.163992853715 623.981678820205 627.141262240001 630.35554744 634.389793205411 638.502983623461 642.645946801838 649.734785360219 659.350726777187 669.940359700003 683.481033764657 699.76977751255 726.785362055285 -9999 -9999 -9999 -9999 -9999 -9999 -9999 -9999 -9999 -9999
1575.65491821197 1180.42976967635 893.600897287512 681.283025599992 459.289972564557 363.301976261182 320.301391961031 301.149666433371 303.093210282532 317.366345407791 338.037110821229 361.330311300882 380.623572117291 385.182099654224 377.542967500737 369.421137498515 365.984182785999 379.156097637051 404.54532821383 439.413952064397 444.280391162551 464.326468655833 484.956520576131 504.313768590214 516.44935657683 524.475624895368 524.317251554467 517.470996802506 518.603935126197 532.126196967384 556.361567665719 580.713414529748 604.17839860454 617.28374992 621.494995543353 625.484910266381 630.226858423254 637.102092471579 643.342952470494 649.127954530396 658.263921939807 670.096869569212 681.261666300002 694.599291240005 712.007216677437 -9999 -9999 -9999 -9999 -9999 -9999 -9999 -9999 -9999 -9999 -9999
1985.30410453351 1566.06457405003 1160.20408214808 826.075912033266 540.282559327861 419.608095783281 353.847556046437 309.763095161975 300.436431720189 311.165118387101 330.44270846867 355.201929639701 377.812945592186 384.113327041757 389.365581024612 378.089933793262 368.279373810902 380.431085885854 421.183998721935 433.341919795304 443.325080924112 459.535835310001 478.594747218968 496.858057415873 509.185657632385 532.111971019037 528.144075236217 516.234919248564 512.379489729467 521.568097905255 549.129342977121 576.596280897201 591.403783420004 605.531416431863 614.695632287019 623.583901997739 631.157342980001 639.289745032994 648.685524810107 657.031843308559 666.886849000005 680.396764261239 695.061812806601 708.320646787324 726.779747263711 -9999 -9999 -9999 -9999 -9999 -9999 -9999 -9999 -9999 -9999 -9999
2156.59810367471 1827.49205607082 1376.10590839555 908.962698457554 628.621326341434 491.716592050487 393.41337115884 320.842569777579 304.914832116959 311.232410788806 330.37154615856 357.435104837743 378.878142566927 397.651243131914 427.222356843643 394.36717143974 385.845659076195 399.080551958995 423.083538980693 426.196094659083 440.296066020002 455.907537440519 473.818490533159 492.207673928404 507.741673206232 517.809863130387 523.394254216977 518.373702861853 526.176754126778 554.61326848855 556.953728168962 582.117474140002 594.566174032512 592.971065675545 605.628150190787 622.471732664883 639.713355388919 650.474285711192 655.945036281762 662.620278540002 673.808695698555 690.272283919898 710.006234789951 731.094829470781 742.253302521668 -9999 -9999 -9999 -9999 -9999 -9999 -9999 -9999 -9999 -9999 -9999
2360.76939486202 2005.8347925034 1510.01907441069 1093.34223449618 889.622448127722 666.104511257655 471.592272139384 358.618283331227 319.592439321077 321.534819650481 337.714119029336 363.402547207234 383.027392391629 415.935504201012 462.840976605022 416.522931182936 402.271144703287 407.284152501945 436.812715100839 428.88759406321 435.659711214719 449.687822780005 468.568924851817 492.349706894351 513.292244880135 600.580342980684 640.266706960761 571.445028649968 614.89632099899 586.699745891271 574.713299460968 598.70038469613 572.351710994589 572.687207512696 591.680533107439 617.33205877784 643.442035938875 657.227680743276 659.210577401154 665.706852616387 677.134939916888 698.028051804965 737.960398906584 772.261503600186 799.646700432992 -9999 -9999 -9999 -9999 -9999 -9999 -9999 -9999 -9999 -9999 -9999
2542.79951572403 2153.74819543652 1809.28570594583 1506.9606784704 1265.30945789001 931.397080407722 628.626427923378 414.876210844939 343.20327249518 344.245992958328 356.378555263336 375.052675978212 393.521347110138 425.485589468177 463.254393081628 426.620308169662 418.719385409618 426.599140223709 465.911403119544 443.848732395561 435.668817800594 446.473537580004 470.075436444601 505.031068390829 533.487663280005 645.997561871232 661.559072649073 595.809069734513 561.173007955661 552.829779876908 603.330788111534 600.872888251318 564.251624982868 557.183248981426 579.954419248499 606.564707348433 627.554277885577 641.665877614466 652.259789304895 666.065658107737 682.519320567836 717.353680587927 776.806625624008 826.022122483978 -9999 -9999 -9999 -9999 -9999 -9999 -9999 -9999 -9999 -9999 -9999 -9999
2758.87506873933 2444.44947126898 2138.64604645872 1924.43562579276 1640.11717572606 1264.32415551339 860.692180549993 545.901108841323 389.5662672159 378.01895186057 388.272746685988 399.003994077199 418.00230604989 446.697995269773 473.59897004782 439.15778041526 428.585114876218 469.490400060511 462.480131852985 430.104514890113 444.426348157095 440.67076212759 468.149924587199 510.727122041218 543.224918692483 556.695774606883 546.133219927307 530.018894498326 526.586747222289 552.579010770211 631.861778167751 586.572277930327 561.372877650949 556.98019501205 577.197821858133 596.979860296757 612.535637198959 627.087289314587 646.181742779625 670.743228573984 696.718829993349 740.976511313361 799.752674633964 843.862836091871 -9999 -9999 -9999 -9999 -9999 -9999 -9999 -9999 -9999 -9999 -9999 -9999
2883.68539949482 2733.256587331 2480.77114133543 2252.38355504651 2030.05473036711 1610.49727378365 1137.55178665677 745.245624713871 499.870658042316 427.241943874505 435.78223318228 435.516512331903 443.931709877632 456.30702849791 447.771348833985 442.953484062862 443.269328189524 461.448118777384 425.558669470175 413.022484971656 416.9092682895 424.874935980701 452.616903909468 492.752356269049 529.42726489541 547.936923969413 543.669989506574 526.170924579998 520.583930223652 530.255278883839 543.367474520913 536.958223140487 540.725940130141 555.030213281249 572.021407389808 585.689575970597 599.776437878933 621.117595580275 649.128388461554 680.908887405361 712.137439212096 760.987134890688 817.04170056001 852.003423156021 -9999 -9999 -9999 -9999 -9999 -9999 -9999 -9999 -9999 -9999 -9999 -9999
2627.91519865517 2666.57554490416 2557.2910670949 2258.39018328673 2134.48682133663 1830.44565450678 1439.74379225237 1008.22455155006 729.936366829399 554.268815053182 547.135568291976 526.021653455156 462.357872326012 435.065677645129 429.515501436035 426.006512162273 421.825192734166 411.924529869065 408.435527100074 406.301047913255 406.662645054666 411.845568559318 432.241267480577 466.198593460506 501.052955913869 527.334934014299 533.606211439225 524.879187520055 515.770315461391 520.637731825921 522.246616965866 520.453396723204 531.338201851577 548.136536949553 563.541230876236 574.000207238272 590.85823687223 621.043578873692 656.149550720825 690.497634531288 724.493127213137 776.460529953492 834.528899138449 873.134702802111 -9999 -9999 -9999 -9999 -9999 -9999 -9999 -9999 -9999 -9999 -9999 -9999
2192.27650092979 2267.15115283666 2451.6248707379 2042.46695003252 1754.2089817654 1698.45368372055 1501.71935598283 1140.97925775889 937.70778011903 727.223065868433 643.44204928748 581.540238128362 476.304287292638 432.857443827685 426.110314199999 419.363364624474 412.860802719999 406.638436264889 402.037914759998 399.18111197723 397.651093237878 396.928090492609 411.360224051534 440.604787572996 473.896390387677 498.490261903504 517.336291007299 542.356456513856 517.005992042812 519.427129499303 525.368532426186 511.077655938175 523.081010754866 541.866821240531 559.92874239846 573.436116204867 594.971305123877 629.083230298564 663.279909832682 694.169278563773 730.050495686986 787.308578833558 852.10602734423 898.287363180046 935.171294386789 -9999 -9999 -9999 -9999 -9999 -9999 -9999 -9999 -9999 -9999 -9999
2113.28459047348 2120.48383858749 2375.2324768112 1932.25434595195 1601.1297215971 1453.49617352945 1390.7266110709 1114.94411653458 867.92926603611 688.337103697303 582.303578240868 492.320039257538 440.908887134218 423.594834179999 417.164072099999 412.197148347996 405.95015122 398.040120021427 391.912978059999 389.33935438 389.356161052646 386.939314128283 393.913511837479 416.874948083425 448.715966490794 476.254487084863 508.19497268666 581.950333298822 528.779247184411 523.54663643593 543.705483425919 522.736604730643 518.504728448203 536.947277191156 558.929093743332 579.484919775462 603.885955537973 635.085427079253 665.485767280004 693.059088444567 731.23323396834 793.361910016176 865.834372662581 915.155218280014 938.832207241733 -9999 -9999 -9999 -9999 -9999 -9999 -9999 -9999 -9999 -9999 -9999
2068.96773404102 2027.71641465435 2067.38835090134 1821.42679864781 1653.5219687445 1534.79060015189 1323.63571187502 1054.80021197968 753.7130975132 568.914612345018 495.125739475195 444.878154127705 422.536469326381 410.666512179998 404.680231169551 402.633073262564 396.789623919999 388.897254439998 381.703086798567 378.447764261197 377.894698439998 376.693337310681 381.169337473379 397.223151721042 423.460144716752 449.779792007217 483.527655083804 555.478735860955 509.009554053055 501.294523394597 524.718879587929 523.542862466041 514.009961700005 531.557135483913 557.372555446852 582.052220333088 605.906610180451 632.776912394291 660.842539259176 687.192028962408 729.354185170924 795.016542060005 869.039424109187 919.606317601366 943.067066494584 -9999 -9999 -9999 -9999 -9999 -9999 -9999 -9999 -9999 -9999 -9999
2036.3885706616 2003.6917383547 1922.62802180383 1807.9449620196 1677.74624263751 1566.06265441064 1270.31853443807 1004.52303280142 705.501445118977 524.379432576569 487.603956155622 439.681399864728 404.138765052305 392.084623649547 386.790988224747 386.1261799 382.815364313363 376.797914390548 372.076066081932 368.64014458754 366.142701709473 363.974247280709 366.995986720001 380.540338773173 401.62755546458 425.66710284 454.354568539789 485.196466046571 482.135833616665 492.507520017586 502.65161015302 505.26767878 507.359576891674 522.914858480001 550.974596192035 578.178218624977 601.254225700734 625.382290259312 650.713395036421 679.095893061575 724.050960057755 788.188245137005 857.596824914782 912.349076314756 941.194508748194 -9999 -9999 -9999 -9999 -9999 -9999 -9999 -9999 -9999 -9999 -9999
1968.15837236388 1947.92715821999 1874.36503852679 1787.09922227998 1668.0859827234 1570.09086995837 1361.12032523804 1041.19124527017 763.383632715859 580.565088805813 488.535945222001 414.430102727227 383.053411097392 369.415258142713 364.692901799887 365.594185201134 365.853317183569 363.627837995438 362.590079244871 360.64493976 357.108106352636 352.915644505694 353.624127925218 364.595695473352 383.36135875383 407.522647353592 432.855921444521 453.522281510212 472.984284957334 491.207394559294 500.87065594 501.564316377331 499.545390339592 507.464716171102 533.022138772411 563.005185738159 589.635789767298 612.035805194376 636.007518689369 666.841883683453 711.242270940021 775.682505827057 845.048531394784 905.374176320062 939.441997634526 -9999 -9999 -9999 -9999 -9999 -9999 -9999 -9999 -9999 -9999 -9999
1895.19070727138 1879.96520511357 1814.40972499175 1723.35200629347 1645.44561651756 1593.69541775131 1498.15257261393 1182.51640506791 801.816939731439 550.614202109708 428.438088274696 384.895278674366 364.025491139994 353.075448869141 350.367792015139 352.74235600209 351.130760723842 350.071826643953 353.273637851752 354.926478619774 352.716463476836 348.090026412426 346.600522338528 355.293194002317 372.574398835368 397.028065111583 424.636412158541 450.102055347419 473.955824929736 494.511818758772 505.858475632664 505.471105513594 497.604614158846 498.308465482558 516.613540449359 543.966729977847 571.599207496057 597.608467034807 624.944997818076 656.655901837758 703.340677403328 770.836580085557 844.511180048642 910.397188463396 948.465128010874 -9999 -9999 -9999 -9999 -9999 -9999 -9999 -9999 -9999 -9999 -9999
1812.70696602634 1804.44074565747 1755.44490454945 1682.25135594269 1610.23850933514 1597.06033194596 1548.28887294798 1322.52513821882 977.223940255359 689.114361125215 468.845686288478 385.775114408308 353.967338489722 341.755009159999 338.933853229664 339.190320839164 337.207040556888 337.085711680986 346.677693080644 354.377492566865 355.430517279999 351.096084713267 349.065422666912 356.314096040003 372.912373216907 395.503334480882 422.879070609657 451.400130098777 478.334979352407 502.012228078438 517.347772531011 517.710573441913 505.753686713473 499.799697041611 506.579286161436 525.94234228174 554.454907636865 587.232286608432 620.10256730481 658.446952930139 710.704266406564 778.483241762427 854.112131984145 928.911280933435 972.806574983086 -9999 -9999 -9999 -9999 -9999 -9999 -9999 -9999 -9999 -9999 -9999
1766.29666532629 1772.91721140838 1751.64157969813 1703.65862903729 1653.28216018333 1620.38095027604 1577.68443867591 1480.76399848227 1291.76267040377 996.710835582179 675.749647260482 444.555075865988 355.599654664067 337.90413252814 330.808649892339 324.936863049189 322.359118639999 328.908859890381 346.041058211832 357.795870014181 363.291790272591 362.908868191002 363.408673660001 368.425997430225 380.533700873771 399.932565697679 426.467038860008 456.061831540369 484.360054259975 507.905476720437 523.79554642 526.040807149788 505.652215354584 490.192842354129 489.550304782419 507.432638554379 538.093901353581 577.539472920319 621.061565863957 667.81876319359 722.635538584825 789.367484865203 867.11766298323 953.480002528118 1004.87772894166 -9999 -9999 -9999 -9999 -9999 -9999 -9999 -9999 -9999 -9999 -9999
1784.30828679844 1789.78273587716 1793.03721075946 1769.09081005102 1720.79729398551 1658.4564045522 1579.77413327455 1460.55660349401 1276.1536722849 1042.44794620384 788.04365622846 537.5292274447 387.01675536553 343.002646476808 329.184933816359 320.93034800334 319.090929852586 326.41507810258 349.185377068895 363.346147560749 371.784333685214 375.398062884466 377.883680248163 381.564595303641 389.030953599924 405.099559628103 431.401086431887 462.113474107811 491.559655643743 510.944100481679 518.775028275242 510.923601948472 488.447576050179 468.418214356615 467.314695097248 490.284203526689 528.13478740702 574.881621849702 627.74597738726 679.473347760008 733.154951790252 799.842150990822 878.047192500016 959.38846072131 1007.77798082419 -9999 -9999 -9999 -9999 -9999 -9999 -9999 -9999 -9999 -9999 -9999
-9999 1839.8948538508 1841.5429459397 1831.34234152555 1790.9563492067 1709.74833791373 1593.55625790936 1449.68228865754 1281.20890846291 1102.26988765743 892.508958710772 662.723162026841 452.207370749642 360.497866510899 337.713496504454 327.933945800896 328.111479341742 340.36255955462 358.462181730112 375.13745584 383.233303290543 389.014713220001 392.94601245397 395.74789076 404.04307564304 414.933271161474 438.910738034024 476.622310283762 503.216110417492 509.710446441202 505.865098683875 493.216838038439 470.892120238316 448.046385931217 450.163116536892 482.068822580129 530.819933832255 580.189528693427 631.62426729007 685.861721111592 742.949953303743 809.014092719034 882.285081586424 955.415604468682 1000.83563152 -9999 -9999 -9999 -9999 -9999 -9999 -9999 -9999 -9999 -9999 -9999
-9999 1882.47263256831 1888.81541484 1886.69326264685 1834.99691203824 1757.81591149715 1647.76073942059 1499.61311094654 1300.89031046581 1094.01372609592 933.879854702961 791.896701686252 565.953615871127 409.319752146099 361.538476437362 349.251915671907 352.386372958579 361.870324538802 377.205105200007 392.27543674419 400.579097661706 405.036919702394 409.590354759558 413.307738505084 420.572836552232 432.084538269728 455.146013524828 488.010804771935 511.154271622549 512.453960940729 499.710323304071 485.818271964225 474.622846000025 464.641750892352 464.043369689586 491.472171746532 535.367468860353 583.097600028111 637.149225960009 694.923920522717 756.038497040027 818.638727031481 884.663494765741 955.587441260023 1000.77045887141 -9999 -9999 -9999 -9999 -9999 -9999 -9999 -9999 -9999 -9999 -9999
-9999 -9999 1910.82410733036 1908.96723210637 1865.82481905621 1803.99026414041 1704.40639446679 1540.26654176753 1336.44552982864 1159.71200313414 1013.21191373897 917.664324799147 765.169874530546 624.821600733108 468.482238523042 397.096546302839 392.652991792941 390.231575738771 405.082560970663 432.114114376461 434.748587487319 425.732292698309 427.781275280002 434.114186981985 441.661653470812 455.963184959062 475.926052930452 503.732582120005 527.261446309926 524.487387420153 502.370976725998 487.005613808365 489.0727086665 494.564202515007 487.419709451454 505.856649060009 542.74988430311 591.742537183136 648.730162439369 707.744830552898 770.186301873973 830.645383522295 893.909720423776 963.840100954005 1007.56424429926 -9999 -9999 -9999 -9999 -9999 -9999 -9999 -9999 -9999 -9999 -9999
-9999 -9999 1902.39280166625 1896.22715462222 1876.95227796652 1843.07332972062 1790.33894562983 1663.79300866898 1475.82843432552 1295.5100078739 1123.28439988278 1045.041508906 1082.69089947141 1067.37350093656 642.971962897898 495.532514578445 544.861731236658 489.688720402585 512.066433437216 554.317501409455 505.99209771999 460.060867002231 446.999743842791 454.981583827372 465.131888353868 478.9191132 499.128311956344 526.592476132142 551.051805725697 547.656790000212 517.045215104659 495.30851512721 495.903630772499 488.062463169908 492.041371957326 517.252801371841 560.857407558222 612.921745211265 661.587423303745 715.591141252405 777.681751520026 837.825821504608 900.444504599496 965.819514046634 1006.37102352143 -9999 -9999 -9999 -9999 -9999 -9999 -9999 -9999 -9999 -9999 -9999
