catData/variables/futureClimate2070/rcp85/CCSM4_2070_rcp85/bio15.asc
NCOLS 409 
NROWS 350 
XLLCORNER 60.897278365 
YLLCORNER 5.843756025 
CELLSIZE 0.0892857 
NODATA_value -9999 
[rows 78 to 103 of 350, columns 177 to 235 of 409]
119 119 119.283840744001 119.4821171 119.103236570132 118.9642342 120.260274136264 123.807677172013 128.07038296 130.12450278 131.0357658 131.26735958 132.495717985343 134.30254986 135.983580461577 137.303094926146 137.14213382692 134.855666799985 132.157935553051 128.270033179999 124.405906579181 120.18072308 116.412273410627 112.137367101619 108.32931063711 103.953697264509 98.9561804551512 95.2926083067906 95.2188362585377 95.2524552025878 94.1357902291937 93.4112834574266 92.6693954280598 89.1985111799993 87.9577243621012 89.294600675167 90.3127887882323 88.8211710000001 88.9270285107248 91.1817611068683 94.2617797585125 86.9306059915131 85.8076642997599 87.1611850803079 86.0559001472421 85.1280771741765 85.6958219800001 84.7740701880451 84.5133923099594 85.4299259761719 83.4821171 83.4393389557826 82.9227850027171 82.7411866006973 83.3143532502423 82.7345505764798 82.4265324609092 81.1993549869443 79.1421447556766
119 119.286354500825 119.816390309783 120.36543223961 120.958516609002 121.107091 122.855994560001 124.475263642822 126.47149057343 127.98164598 128.981567825355 129.67804828 130.581740115861 131.434534726469 133.23112146 135.143024052316 135.630065261708 134.4915570511 132.941784620492 130.230478879768 126.553240840722 121.799993491331 118.05517246 114.752152679999 110.3062761 105.565314578713 102.723383615629 99.6124766700442 99.0255548167571 98.2712112676127 96.4858797404035 97.4638081748189 98.2637844479328 96.4427206441257 95.9819095 98.9208303803195 100.498994360895 98.7721850926105 101.66254018 99.5439098072585 99.4563253501512 87.8266156425647 88.4628488095291 93.9493724811897 92.3803248859308 87.6566613414263 86.326620656526 85.7294341257322 84.6791009199995 85.3981239966988 83.4464545 83.4068406904348 82.9284966598272 82.6321375323419 82.8604588227768 82.785818 84.5612390765652 85.8993217207289 82.8708316390977
119 119.51730978 120.367945996434 121.28514048 122.35656888 123.12684255359 124.452341820692 124.979703654973 126.006491169254 126.408304783535 127.010316762184 128.60661988 129.3750261 129.51545484066 130.363147434942 132.15969306 133.860967292992 134.127447302215 133.26840742 131.39395804 127.502202479999 123.45290895018 120.187213349191 116.325492376526 112.649328264492 109.123565652034 107.155241813683 105.12544742 103.942573149757 102.53863995084 100.329511943441 98.672357933167 100.752655995993 101.82568662743 102.967934778868 105.134928744542 104.969717481742 103.871073060002 110.009690209235 107.881420991833 103.068129753687 95.6290682442781 95.5293810800038 98.6504642873619 92.1955926067565 87.2319843363804 87.3716698041769 85.8674650848888 85.593591598993 84.4426820495696 83.6249739 83.6249739 83.6249739 83.2486517519093 81.8863614738089 81.8589912395278 83.3089980127819 87.7288757677231 86.3567224266313
118.614110518559 119.877565500605 121.69513910265 123.05297118 123.61491515326 123.940198351214 124.87445178 125 125.315651434922 126 126.208791220988 127.53519148 128.514623043103 128.739231754852 128.438965532806 129.64181016 131.78466696 133.06693525333 133.081487875375 131.95318369742 128.807573339464 125.55517126 122.311527816443 117.491993525601 114.91231566 111.768341070307 109.301386411737 107.757589846217 105.80464914 104.17909732 102.340197439918 100.532219221964 100.977643283962 101.547392293945 104.574023136201 105.287165589855 106.399601604382 107.28314787153 111.612051226031 108.063803799921 110.085838100372 108.277669136921 103.45100219521 98.3253159525386 92.625253482766 92.357200462395 92.1019098641367 88.0143221653101 85.527790613061 84.0705598587799 84.036146162476 85.9656236542587 84.5848677750842 83.5368268399994 82.2110203290067 84.6354250663109 87.4289443199999 89.3690235091462 90.2665091575018
118.020412092123 120.03461956 122.17747636 124.167062747239 124.7678307 124.7678307 124.970851557646 124.273724159274 125.004018520903 125.30030427747 126.16016538 127.23159378 127.83768271483 127.377402670957 127.574528869329 128.6374102723 129.957591453928 131.631397104445 132.2321693 132.662316642376 131.487340719119 127.739584762068 124.462418716303 120.057889805323 117.05517246 114.018710231419 111.767804430208 109.78676504 107.301550513464 105.25052572 104.042411503279 102.87549962 101.412186599955 100.383417681605 102.387102746468 105.601596520553 107.718702612449 105.508600683766 110.712143170761 107.446080065498 110.464857373996 110.44687521463 105.266768694964 102.609452336906 101.952890760485 98.3577094514292 92.3261251310843 87.2980074756 85.8552810419175 85.5482280323445 87.1099424092841 89.2622914381763 87.9411491152394 83.1246347116639 84.2341667010212 89.078051369697 91.7744977018955 91.2400295840827 90.9163824776915
117.517552754315 119.629517400385 122.671580235083 124.605541450219 125.613997744479 125.165314420822 125 124.05411982 125 125.014263662029 125.32090628 126.39233468 127.112032842067 127 127.071670988536 127.67804828 128.74947668 129.927020464441 130.935477530258 130.615876550088 130.341662919654 128.919480283058 125.784558749051 122.412314459999 119.063611021552 115.376076339999 112.978907432154 110.565362682543 109.250041314483 108.00047232 106.92904392 105.303568738662 101.987350407928 100.19698142 100.281118789135 100.929645239476 107.916262525169 103.707396870474 108.277590807321 102.100703506451 102.203062601741 107.188503713286 105.49985606906 103.542368871407 101.399393887583 98.7920717755761 97.0160865526964 91.4801921704621 87.9946387863667 90.0600157177272 91.3771188193926 92.2943754740812 89.5509637900223 86.2244897764844 84.8180898800022 88.866310083601 87.966229533605 87.3098812939867 89.5532387345856
117.44588138 119.080821789727 121.855527040001 124.350684532324 125.73159498 125.928279974374 125.114335194601 124.915521076424 125 125 125.014304770501 125.32090628 126.0893125 126.0893125 126.0893125 126.60661988 127.67804828 128.74947668 128.488400644602 128.196217688724 128.178625 127.23274722 125.053154481798 122.814605732823 120.415894003849 117.147284865125 114.277584485898 112.105921543076 110.058756692051 108.953798198974 107.785801990001 105.679676439999 103.406139344097 102.01835642 101.821375 101.821375 107.113101953042 108.430867069784 106.384763487205 98.2074480937908 102.355402359006 103.668848172357 98.7732612777002 96.6336932533231 94.9838754843483 94.4179540307473 98.3547370783928 93.468964942575 94.065428250694 93.7668526421052 95.5655144770067 91.0740458630471 89.9713917450975 89.7179571178688 89.2612386978088 88.9665575256238 86.3947445134031 86.6118305260432 93.1592723373982
117.990090087188 118.526561399837 120.784098640001 124.634937449735 126.71371088 126.9821159 126.10766412 125.053151935727 125 125 125 125.23159378 126 126 126 126.009251576915 126.60661988 127.029690542212 127.02268432514 126.229224427508 126.0357682 126.018852027195 124.000268414546 122.909678481897 121.658925569249 119.4969072366 117.340308139999 114.829699828696 112.07247864 110.456178353993 109.382853553359 108.940619001421 106.028270543876 104.16121322 101.387806951704 103.80476185035 107.91475755519 104.08783360482 104.511917550397 106.837726041909 103.943809496883 96.3785822111294 95.4934884047327 94.9832789399997 94.0073551762806 94.6483530236324 97.9346345980328 98.1143393683466 97.0808054372523 95.0894019269617 91.0708814415595 89.9291543199997 89.0178841 89.2453289624449 89.6969850199996 86.4257724199656 86.0184244874924 90.921687337044 92.2016885831905
119.1070886 119.1070886 120.28456496 124.337225185183 127.424017218913 127.9464557 126.244374048443 126 126.0535443 126.0535443 126.0535443 126.0535443 126.037319189487 125.62554942 125 125 125.58873578 126.624816151097 127.67804828 127.186431916259 126.12555062 125.05412222 123.98269382 122.91126542 121.84841283465 121.0535443 120.766749502006 119.023843191368 116.370172338725 113.79704959304 111.134296706562 110.197025699206 108.658280055925 104.938011347752 103.192542617137 102.208961390219 100.005339035149 97.1647360126028 96.7220038615689 101.360790119646 104.473557985999 100.070426102822 96.2060738034226 93.0276986045343 94.8197372400003 97.3738630600005 96.6295410955685 94.5010562399997 91.5305763829235 90.21475992 91.2296257994379 92.0041058981219 90.6518660129122 88.6563155813149 88.2753444700397 87.5696232233584 84.591328141203 89.8864273001404 93.1239128600002
121.305668399938 121.439567699943 122.603790960053 125.272915040049 126.890110980043 127.1249727 126.25052092 126.1249727 127 127 127 126.97105710001 126.57200512 125.547372819999 125 125 125.515159879987 125.957529800018 126.640163479978 126.8750273 126.00057792 125.047358420037 123.98269382 122.922354820046 122.104956699949 122 122.03786920006 121.844116120129 121.430640500069 120.659227840222 117.814177780315 115.136878340083 111.847757859559 108.164686959721 104.767267859902 105.439002080102 101.769302480107 102.564236580445 99.5348602800001 101.995873139035 104.534154979621 96.7830716597394 93.9697504402691 93.388005179721 95.2955216395675 97.5304514597025 97.7593173206143 96.4204699406329 94.7039286404882 93.3176012196648 95.1055091198274 93.6561696801758 90.2451000796366 90.6144987198133 89.1440246399992 86.4862570809785 83.7060617408012 87.0779717185654 92.1038821597904
123.926255173502 125.10651308 126.17794148 127.779879017505 128.3928022 128.3928022 127.51835042 127.20703029218 127.1964011 127.1964011 127.1964011 126.919322046855 125.69697782 124.926457494192 124.8035989 124.8035989 124.919227254801 125.530507208868 125.8035989 125.8035989 125.100892340126 124.814228563542 123.98269382 123 122.871293205451 122.1964011 122.49942088 123.57084928 124.64227768 125.612106812893 126.115627883439 125.66589581977 120.689561688809 114.619040717296 109.883684031235 110.50548009962 108.988423115722 110.409661895515 110.770491909557 110.83108873042 107.881413460758 98.8038449369173 94.9402230441043 93.2547088370204 92.3928022 92.2631461715926 93.8164258610459 95.8591157989305 97.9475495670061 95.7303231474647 96.1651963500631 94.1440394863939 91.42904512 90.1260301399994 88.0426858153878 87.0129655965606 87.4964183875415 89.3709809306758 91.3574746985732
126.69525126 128.459349099723 129.66005618 130.554672494962 130.8034885 130.588415149646 129.66120722 128.58977882 128.2678295 128.2678295 128.2678295 127.80464194 125.883649041041 124.725838331616 124.148409955726 124 124.431054970411 124.7321705 124.928112574905 125 125 124.05412222 123.719499425536 123.023765738194 123.2678295 123.2678295 123.652006916168 124.809818911175 125.594287178517 126 126.273373046403 126.464341 126.660282432114 124.968330954316 121.334437587148 119.489722400175 119.397796182745 118.736933882983 118.484026539694 113.983483537124 113.100786853376 109.150412072069 102.969306016075 97.3647927740496 95.1814679759919 94.4111586199996 93.1437894306763 93.8215761019814 98.1469752068066 98.7996282691875 97.7908209399544 96.9176228926118 95.2218844052701 93.9577266862147 91.1758481176555 89.5583010864874 87.1020679672103 87.8192328829668 90.2535925387828
129.721547340629 132.05239326 133.60651188 134.241740427581 134.108832223435 132.94231829445 131.507399345465 130.714275043518 129.3392579 129.3392579 129.3392579 128.87607034 126.733213539999 125.212222582575 124.55412102 124 124 124.223965913362 124.822651917654 124.727568788669 124.6607421 124.035760829299 123.005871258284 123.397888572732 124 124.078569205237 124.842495605779 126.127034503206 126.18799074781 126 125.211534169841 124.6607421 125.144134531873 125.593914597112 125.6607421 125.98163779508 125.654871655935 125.055287659999 121.151717690168 114.480143542035 112.295856820004 110.004055868987 105.779300142027 101.462705205223 99.0897848199999 98.6902492747723 98.2259016756339 99.3869238771075 99.9951833162459 101.589586816554 101.0177737 100.95914619883 100.3570316 99.7490717375922 96.7307631289156 93.6592739070907 92.0643494612395 91.1520212817906 89.8827465834414
132.342134114192 135.26667846 136.82079708 138.163346850124 137.91115022 135.706907739254 133.124029973942 132.044452537265 130.403577903321 130 129.9342222727 129.221238532611 127.393955639999 125.62554942 124.737237408544 124.198235246145 124.241785719166 124.528609711047 124.5893137 124.116082435098 124 124 123.010198768969 123.625755776342 124 124.23159138 125.30301978 126.37444818 126.55412342 125.787549931792 124.895416407037 124.13956690117 123.699545935859 124.062543550549 124.537750794762 125.146731019927 124.57200992 123.359558250694 120.425133436006 117.274207741317 116.8213726 116.159374515816 113.373403851748 108.301719587681 104.445250824257 103.660903394087 104.20456152452 104.883914736196 105.562045056461 105.085329294426 105.046326060263 104.6427452 104.6427452 105.010808924331 106.480947101962 105.441893356625 101.149234511601 95.0590167970367 91.4738416622245
134.480606187755 137.749446310609 139.07085288 141.120723872667 141.938059808608 139.132239284058 134.97981664484 132.134331600783 130.98269142 130 129.83983462 128.76840622 127.540047087404 126.10766412 125.4821147 124.96480732 124.787012306046 124.658110675591 124.129403162771 124 124 124 123 123.045954334584 123.672319154108 124.602052471309 125.30301978 126.193921208034 126.286972373604 125.48269502 124.716162983121 123.85772352 122.78629512 122.5178853 123.39233228 123.5178853 123.50058152 122.383200028341 120.673949799957 118.9642294 118.9642294 118.9642294 118.502406033056 116.856845192663 114.658396379606 112.15894140144 109.866255473843 108.564740490568 108.890223708234 108.9642294 110.39327212 109.453351431266 109.815473587097 109.530508785459 110.680576736179 112.423967564369 110.893767420546 102.950512847633 98.2115955827281
135.536135438684 138.230956520719 138.383411165509 139.589009129581 141.368848833174 140.351766284551 136.1117878491 131.668731665868 130.43872936503 130 129.83983462 128.76840622 127.864713656886 127.38636705485 126.860272967186 126.03623572 125.5535431 125.188113773294 124.67337544467 124.5535431 124.5535431 124.5535431 123.543963383474 123.049118414491 123.785211947546 125 125.135285271618 125.4464569 125.4464569 124.92915192 124.183612820239 123.33983822 122.673376516167 122.109037705869 122.390402887905 122.970039690059 122.992274608023 122.46481092 121.482038303951 121.1070862 121.1070862 121.1070862 121.1070862 121.1070862 120.51835522 119.152194109699 117.275796695327 115.606187205627 115.024497730774 113.411143515334 113.021006858078 114.204670665033 114.035582475448 113.788822453412 114.116826231746 114.554823166698 112.643095943479 105.89990414107 106.891636505855
136.197479055359 136.728420761657 135.168402736538 135.16028058 137.420529972043 137.623218773666 135.095321761247 131.20295240983 130 130 129.939933417787 129.39337772 128.6249715 128.390950559341 127.832782674949 127.10766412 126.6249715 125.96480732 125.6249715 125.6249715 125.6249715 125.6249715 124.618481189274 124.283220996436 124.78513448 125.6249715 125.6249715 125.390952059273 125 124.48269502 124 123.752420517889 123.6249715 122.82195292 122.6249715 122.979701724948 123 122.91126782 122 122.144736512214 122.6249715 122.6249715 122.6249715 122.6249715 122.404180603667 121.58978362 120.51835522 119.948789046539 120.74935908 120.40187018048 119.247554792947 118.869766968895 116.450131595984 117.73147258 118.158968239719 117.000442493091 114.870096876387 110.93057128 113.415303465059
136.135369631556 134.908726060938 132.839721049678 132.504026739705 133.783019798175 133.41137702 132.074464972146 131.049292348292 130 130 130 129.929688105233 129.6963999 129.32194932 128.6963999 128.17909252 127.286404361682 126.799574088935 126.6963999 126.6963999 126.6963999 126.6963999 126.3927998 126.3927998 126.441425296744 126.535119686127 126 125.886317495107 125.385891494275 124.48269502 124 124 124 123.75620347881 123.6963999 123.6963999 123.684349549338 122.973060901279 122.6963999 122.766710337487 123 123.260764003747 123.6963999 123.336150435018 123.409992195599 123.03624052 122.474289776833 121.833579412549 122.57084448 122.983567031315 123.685894498604 122.919654809757 121.052579197855 120.62438638 121.814839003542 122.330875409551 120.32917894798 114.915159911889 115.655952628479
135.657639657993 134.07744744895 131.959211984105 130.725277117161 131.19593838 131.277904096726 130.35771992 130.2321717 130.013290017557 130.7678283 130.890807811444 131.357832341612 130.7678283 130.39337772 129.425469800781 128.879895866163 128.17909252 127.7678283 127.7678283 127.7678283 127.7678283 127.7678283 127.7678283 127.7678283 127.7678283 127.53623692 126.7678283 126.480316390512 125.55412342 124.48269502 124 124 124 124.61658039115 124.7678283 124.7678283 124.763810851981 124.467525521075 123.7678283 123.7678283 123.7678283 123.8547640133 124 123.879896980587 123.452470664938 123.078901374474 123 122.813562368362 122.970849584694 123 123.2321717 123.279700392274 123.939407872322 124.892909349976 124.746689252128 124.287508223912 124.353753063421 121.169428468995 119.319729457315
135.92832755557 134.370481441159 131.82252364 129.785784194618 129.89233828 130.1607433 130.020181035192 130 130.01730858 131.074473105003 131.865002211727 131.962772851543 131.8392567 131.46480612 130.39337772 129.405103015375 128.905364667895 128.285209488835 128.613993974435 128.8392567 128.8392567 128.8392567 128 128.074471090787 128.8392567 128.60766532 127.584945319402 126.62555182 125.55412342 124.48269502 124 124 124.613991960219 124.968336556511 126.46777097352 126.6785134 125.824734386699 124.985736896571 124.8392567 124.644894096889 124 124 124 124 123.41126902 123 122.386010053997 122.1607433 122.1607433 122.1607433 122.175263599084 123.08872978 124.185902534375 125.355103888895 126.156892096496 125.949451133693 124.625799121294 123.828133147905 119.470380683274
136 134.91917696873 132.73320874 131.191555807924 130.886712532479 130.179383672882 129.203649793285 129.0893149 130.01730858 131.08873698 132 132 131.724042215704 131.055870883892 130.55412102 129.953796743086 129.374532197317 128.94103750228 128.976027218123 129 128.203651978929 128.0893149 127.105075380264 128.08873458 129 128.76840862 127.69698022 126.966556198248 126.46480852 125.39338012 124.9106851 124.9106851 124.309778727535 124.820611955829 126.748893960001 127 125.99845451462 125.9106851 125.9106851 125.89000075341 125.545416786993 124.569682907396 124 123.528900248202 123.036732451394 122.398802689009 122.023973210588 121.268705129815 121.0893149 121.950707329379 122.001545271025 122.17804468 123.395326748169 125.23158658 126.30301498 126.59211324696 125.46481332 124.439587533847 123.579342126001
135.562093877303 133.98326694 132.418617854543 131.33983342 131 130.19697662 129.12554822 129.928961694161 130.982423089916 131.08873698 132 132 131.69697782 130.632247030299 130.009911285624 130 129.989469577471 129.9821135 129.9821135 129.193455754759 128.12555062 126.142081325824 125.036082546989 125.229541508935 127.193071224858 128.013744140782 127.69698022 127 126.992024828552 126.46480852 126.560316500399 125.667519407355 123.549905227754 123.82090508 125.766780460001 126.0178865 126 126 126 126.22744666371 126.67909612 125.60766772 124.54421444852 123.48269742 123 122.33984062 121.281497764827 121.003523351096 121 121.016918357057 121.0178865 121.10661628 122.023615838573 122.28524608 123.654269582561 125.029075518484 124.134118025592 123.534567800661 124.578198286254
136.686229196259 134.50853437149 132.82252364 130.679666839999 129.26840502 128.95700460249 129.040097719519 129.99942208 132.0535419 132.14227888 133.044966341241 132.53681244 130.69697782 129.979951204491 129.970331307759 130 130.031522032259 130.0535419 130.0535419 129.207525650991 127.251101239999 124.16236666 121.96376428 123.123927260001 125.10662108 126.17804948 126.962682354759 127 127 127 127 125.679676439999 123.53681964 122.957004859491 123.82090508 123.9464581 124.893842677258 125.03519028 125.9464581 125.9464581 125.9464581 125.592060858508 124.55412582 123.510394783008 123.022020124742 122.375186807508 121.32195412 121.010546887992 120.12555542 119.949356163492 119.945531751242 119.8929162 119.8929162 119.8929162 120.19593118 121.26735958 121.048918284515 119.510397054507 121.902619859728
136.900492129469 135.030028798399 132.94749394 130.804637139999 129.39337532 128.32194692 129.983154361283 131.314027709859 133.2499406 133.316498605977 133.83983462 132.507870095835 130.57200752 129.547374321318 129.390157350106 129.939677758471 130.58873578 131 130.9085726558 129.369341512776 127.141821038646 124.15560298993 121.265084021494 122.291350272918 124.16016298 125.23159138 126.265151307188 126.8750297 126.930751029966 127 126.926425812881 125.637206755694 123.628246684272 122.221598247152 122.765167078576 122.756823369999 122.89233348 123.96376188 124.8750297 124.903971444307 124.962131827116 124.8750297 124.484876550037 124 123.41126902 123 122.26841222 121.19698382 120.12555542 119.05412702 118.98269862 117.988911412774 117.855014684198 117.7500594 118.090942252955 119.24947308 119.930750430108 120.064647158685 121.376001047261
135.228225026773 135.48269022 133.938151053192 132.13537725619 130.85760112 130.101598215803 132.433607647196 134.67735516 135.585796717389 135.269204764972 133.83983462 132.305218659999 129.69697782 129 129 129.415708883068 130.39233708 130.8036013 130.215692551642 129.039266743455 126.351993881447 124.10824444 123.3927974 123.464104623843 124.35656168 125.382505834037 126 126 126.358306999328 126.905199325576 126.41126662 125.33983822 124.26840982 122.551674645187 122.024658449909 121.05412462 121.82090508 122.89233348 123.835056629703 124.186105205394 124.560096139509 124 124 124 123.526895019122 123.066744255975 122.412095108928 121.39338252 120.32195412 119.25052572 118.98269862 117.91127022 116.83984182 116 116.606029960001 118.37444338 119.44587178 120.618897262862 122.846958912235
133.830978806102 135.094857654537 134.568941859409 134.444637600638 134.195941143736 134.87433178 136.820211960001 138.96306876 138.509074206427 136.781321396031 134.332592190754 132.69709994095 130.50045912 129.703193287065 129.416235725836 129.2678271 129.698883483376 130 130 128.39395804 126.251101239999 124.10824444 125.272462164002 125.511888674769 125.385094093539 126 126 126 126 126.378756687391 126.301118273838 125.516647435068 124.53623692 123.46480852 122.39338012 121.32195172 121.280496458784 122.064967297554 122.89233348 123.7321729 123.7321729 123.7321729 123.7321729 123.7321729 123.7321729 123.248822092283 123 122.19698382 121.359755375972 120.32195412 119.25052572 118.17909732 117.10766892 116.2678271 116.792701436651 118.37444338 119.56528832581 121.30242746 123.44528426
