catData/variables/futureClimate2070/rcp85/CCSM4_2070_rcp85/bio16.asc
NCOLS 409 
NROWS 350 
XLLCORNER 60.897278365 
YLLCORNER 5.843756025 
CELLSIZE 0.0892857 
NODATA_value -9999 
[rows 25 to 49 of 350, columns 112 to 167 of 409]
-9999 -9999 -9999 -9999 349.736283820668 313.422400058744 301.686282915609 282.685744096236 286.234122077719 289.218623101588 295.495222463608 326.773647982722 349.326088587573 357.018029883343 369.158212122993 336.355089832757 347.568048898728 380.024595474211 381.306617651889 392.417629866462 404.175419670088 405.62079657534 407.780743647141 403.565776168133 367.978133842833 319.844237207014 282.761282614335 249.440020710616 241.714941051493 264.005831321866 241.672455457853 203.995364442752 202.675281889022 194.032410150674 206.149853086713 214.82411870397 239.620567011525 247.15633544448 248.746847172447 249.926340202087 233.145352936923 225.49889172341 197.682597133532 187.008365564746 163.153095910426 155.919782495838 166.26246217409 148.67968777308 127.722343122809 117.529575907671 97.5721823202349 85.052467421635 82.1172588068416 80.7677569533231 67.2937105273887 59.1543988014403
-9999 -9999 -9999 318.096174708532 304.339268885127 273.435758560098 272.041027122699 283.356417517489 301.319196143979 290.134159896892 293.97715851304 313.794960307004 293.690885235834 303.032248524146 324.36659915846 346.54370054412 379.720265049306 403.723325383472 396.560406526724 422.337473663652 426.34027850488 426.772429537189 436.872762140342 443.975692636538 416.367794030712 373.136672049199 345.574969238895 308.341520089938 306.497778988742 306.935857337151 281.153693243635 218.802933434202 230.855423371329 233.082531474364 249.537351638257 253.567532719328 263.513065872555 257.850736944959 259.774196236113 263.724219447227 238.615842574464 240.363302789428 256.76078154886 235.88677316279 207.499651649369 216.803435497644 173.115831585463 138.712443514681 130.056012336852 123.259218951856 112.433120792369 98.2395738811895 88.3908096636069 91.6613156907082 88.0030601883855 76.2080772356617
-9999 -9999 -9999 250.964264545279 244.359227004981 249.893717320001 261.357758672766 296.204288572533 277.764078795563 264.377506546893 265.99018896694 273.932412503692 267.615979558742 285.547553571376 335.537507027278 378.637800109665 410.887944797971 388.586365627172 422.887525785391 444.427186559999 442.376438802328 433.452346220593 449.931748317649 477.039140152959 466.375891975564 423.93567395466 400.265887068734 385.577985543132 361.904221365962 337.872936081125 276.86977015909 251.858569244343 269.050517733536 258.671409457084 265.245426219578 264.189884175257 275.092303762255 279.558746115188 283.092445913903 279.718502126375 252.613129523472 238.580290202731 260.194095249928 258.174015478884 256.937510135366 264.998713579241 208.486616868238 145.508226747559 126.361426140841 117.421177704734 105.350782799981 108.339242017235 109.637803109563 103.808787111502 109.14951526275 106.231354378322
-9999 301.257615488995 288.272864339976 259.1900440271 212.467132678715 223.086742239129 220.948169363083 252.401868303857 253.884603865664 255.450352084081 274.34250366086 289.827938614041 293.048640494769 302.567361769061 344.532244840834 348.669009509912 353.740183530425 361.095007245224 407.886943596492 442.735376543135 459.716684876184 444.867822727376 477.315185860145 494.235800329444 495.877412204003 489.140147468585 471.60366972892 461.867444469436 389.907869073694 352.712689994306 303.61330764564 296.800433856047 279.720999450525 263.248643544105 271.410303550118 276.826057312095 289.697013491822 302.315815175777 306.678873918968 308.291650596251 290.216214491416 273.30788814598 259.468358996506 213.398343305898 209.240278703561 234.915224291964 247.230649366433 222.34567667373 195.869195169039 147.703086992697 100.384225756773 94.4386938161893 85.5552547336375 76.2003444011416 72.5699378104651 65.8567994476664
-9999 233.265393842986 219.263323380456 217.379680275483 193.918339265501 201.786858836687 218.016066069945 244.12988885571 230.525225459998 236.168038910075 265.599942042164 287.098084760002 296.623874347835 299.548635952782 323.674967241022 354.196650682465 351.314508915599 363.111652309489 377.622904499255 414.471636475359 441.743704316905 461.177295072242 513.978894843532 537.43987541235 564.452043682971 607.720345953531 612.902179816854 581.215748482493 463.098272043863 424.470687643695 350.36905115922 331.452777954554 277.731522364032 294.59321811825 292.385239310904 282.524269249222 290.744728048823 311.672071572138 317.626440652982 314.869044427209 309.448138353358 306.194513997057 317.193216749494 272.617502179994 195.269662263857 184.863604240215 184.337186549889 169.420513189641 178.244620489899 129.538310709281 119.887115050413 120.818175971123 112.798708683439 120.504262818583 123.068610513031 107.72011153895
-9999 -9999 -9999 178.272008754074 205.948148226002 206.586518869139 201.82957868 186.580543287791 185.96621854844 215.103650719053 242.57957290069 262.670209880003 277.761825721749 290.034066865933 297.030097995817 301.221383747581 346.845609959056 385.211021391762 391.986671862416 448.222764225843 475.999690157156 477.433627569144 496.756046545508 546.251686837886 597.560906967292 646.803167617294 625.834534407171 617.444953710691 608.28029551679 433.025153126106 385.840101303782 304.222605855896 257.513856255525 301.061861852973 293.272463345306 296.102401440909 289.630862876487 307.816897505998 326.315415192575 321.698015806765 305.491855363795 283.865624818543 308.332501067459 295.68860712455 225.137059662306 271.188534054802 214.585855270543 167.306381173181 159.93416206806 140.46983625222 111.777818542574 111.839961800739 125.958528340227 118.360578437558 103.755544501227 91.3074672125067
-9999 -9999 -9999 174.001575926666 168.519991445355 181.422433658477 164.384356180009 156.99649725036 171.143121410977 198.998685179547 226.920206751894 248.265908334995 262.262079580001 271.12137366 278.721737368818 292.476999238265 302.172024480752 347.90819023727 357.327128554152 444.676579468569 486.731899289199 463.193795890237 493.888287681682 550.152046985723 595.249745550263 611.840939663894 539.132144413007 479.914502431941 569.397259360069 477.525876179965 361.793728947634 367.76165393595 331.478621760223 318.947293651024 320.220185966318 290.249955051201 287.308477638389 295.790064098743 310.78185373746 318.314729586997 305.074632317196 282.813405822289 300.063152863845 302.690101235422 329.444363510073 327.70173537397 236.242752694529 269.543062383001 251.369378811279 219.90261530797 169.441743068876 140.033310135355 114.045157290081 87.0567992046238 76.033878465126 86.7787915541727
-9999 -9999 -9999 181.191126874816 164.249584003554 156.207461327288 138.895266926747 142.611673764582 160.918491497463 187.109457639511 215.278643103099 239.782336137969 255.132272314363 263.781126392319 271.715993900552 280.21004824 291.433361906187 309.621045732435 334.220437442988 378.431385220612 418.500574755786 425.302735711775 460.71235005823 520.392894764206 568.47004797049 579.339401039225 529.62762570729 509.65311176443 500.361487509821 423.70239191309 325.680500011375 289.942973075069 265.789665274589 285.730026197294 307.453607188912 285.563442595269 282.83565469469 293.557719084482 299.952188149776 301.260272337534 294.934891591462 280.38538086982 264.954016179998 264.882554180052 310.789503013549 345.043259555313 305.767030061763 225.659557622738 195.018058010181 179.890813640745 153.748188042787 131.520332857436 112.868437074784 94.0376056312748 86.5915261392792 80.9153990203865
-9999 -9999 200.486680604917 206.790067037111 179.797102525353 137.919896895898 130.24198922899 134.413574142041 152.748202140413 179.967700060006 209.41358624 237.058590320003 253.707226393893 261.782062492263 267.852352418734 275.221689792988 285.330677832625 296.435617777025 315.497484984115 336.482630975029 375.998454334801 400.187724649497 417.422877856898 487.343483527597 557.230133055433 564.852642872291 527.403436515967 533.790153975765 497.342120263892 401.443440023314 268.142442538582 252.181959472591 270.765245392609 253.612145290498 261.900928843172 257.713586878033 280.793561112168 293.090195971701 301.235867418289 301.622915628629 295.561419312554 283.076553713178 268.220914134992 253.574189033245 269.272503409518 325.603262592417 307.908863126559 233.420678486158 237.896343259705 231.107080576778 174.749491603676 148.894018882571 137.880593266766 110.101929743724 86.7813677927804 92.6794181044621
235.90628113128 221.378802799037 214.502582870356 196.453022000493 170.113738652591 134.435397757076 129.311702253966 132.175273871337 150.803816033282 177.905582641949 206.461439028983 232.652439770199 249.450309302149 258.176684903155 262.631640936916 267.954843226239 277.13813552 289.91445369127 307.101136332972 333.094638205896 385.035421663182 413.861974503373 403.464168669719 462.862008194119 538.396620614877 555.279441870888 514.624086571614 536.345502802729 465.556557261581 410.368288711548 307.816590973807 266.225129932008 245.42809821081 313.176594397772 332.347268378862 286.038247823875 301.174839511238 302.015311417622 302.479962346274 304.01984077446 303.93862468855 298.683032263612 284.315278210823 264.779952124691 265.722520713983 267.368229897206 334.141712880613 306.68864656444 272.836993558635 304.84512152658 213.980272025025 167.5731127759 162.858512567941 125.606405155601 100.83849173653 88.8151170294038
241.629143407381 212.200001734808 193.258473174958 182.99961333761 155.649080982088 145.031257753239 142.529976275738 144.887630458857 160.800700454765 185.021101590674 210.720859071644 233.640118300623 248.262719007982 254.530076072864 256.205963002648 261.244846976526 271.236474628995 286.905050676569 307.311042162725 340.995309144277 384.750744801988 392.892386226934 423.406961117903 483.189702260151 527.808087168662 530.481960547266 489.937577383658 477.98208998792 412.764419447849 425.674824802495 356.080481980147 250.018002670915 190.754616152629 231.622517798898 302.05715147571 283.707207933057 284.221698207219 305.269483800295 302.379781235566 288.852914391163 303.925747671575 321.999511871998 312.987117908882 289.507732612802 265.811267042112 252.211762994611 293.460885267897 316.955634074737 338.859850874732 300.635562789279 204.379229294908 201.858010783881 190.796747529224 131.999507611564 116.778841327683 98.2463175451637
274.067604816336 245.67556930985 216.64343935737 206.215314679927 174.781737780426 173.220599647209 171.48264174 172.088760352366 183.409995082967 204.328410213223 225.958506312493 239.209132271202 245.372392688045 248.910637464037 251.603731713516 257.708606942129 268.92266328 287.318961715415 310.11194311448 341.39782159033 368.020445972067 400.872528776964 451.129822990871 500.834133682944 520.232565258836 528.933837813162 519.463341524282 472.479745319406 401.770298609367 405.79872328751 344.374300940778 235.111805498306 209.065890637659 209.740660373742 210.770489417365 209.15339442144 239.917329636526 278.566227672671 297.954552130495 289.309853372187 295.92796449323 323.326263592748 332.060441176558 317.790189199075 292.31612878477 267.876351689079 256.408225294772 287.787785161298 314.693690726021 315.003462249517 251.111096295119 217.636540321849 218.068780361144 165.251076479829 144.990804652715 135.481572978717
296.240771493094 277.787178022344 248.971746057634 231.148404449752 220.433392072483 210.183931029398 203.927686110872 201.521733788531 210.802024127793 226.837838681734 238.362404784387 237.604242043809 237.719624214574 245.897876424731 254.135661628537 259.626855292332 270.095398538378 290.024339880005 313.185183011026 343.803646635909 376.608957817977 418.56583867999 467.621039600002 505.820224047364 528.209791531731 541.03307707404 547.108568852895 511.258036108143 425.966679757591 398.9997934569 380.431130674253 259.859753162038 209.166195675688 204.60074546487 237.77997121444 209.553849952694 214.063787989071 245.193937040007 297.094940572683 308.170129482659 287.103614810783 307.382126938458 333.141572326078 332.250711393376 318.377396430254 295.78326013877 273.861519152703 270.904498415211 291.711667995227 324.013036613136 296.800184744569 221.603388916731 229.4259216281 232.994231832293 180.557661258483 178.080842955181
290.608330695133 277.461614627018 249.487826121653 232.239807834015 238.217668282309 232.049083316327 227.245616435752 224.181483269075 228.41785913327 234.379901203557 236.120803109673 233.865862606168 237.161271250341 246.849645464133 256.928100310355 265.417657076619 277.607255205548 301.276791098512 319.262893299241 347.425311089614 382.485133845597 427.4810418048 477.11654534642 522.152856592889 552.871617403953 560.984592192664 556.003713258274 534.420230293064 498.66525014642 466.372438906927 456.245395221513 352.447731128455 288.279854629774 256.740661540947 318.561411020874 243.097690671328 219.114167243345 227.128564652244 271.340758968139 311.439634901237 304.214783458865 310.213934224695 325.185740905189 332.746834062166 329.125232426917 318.50734284443 303.972939070558 297.521024018863 312.215794602298 339.044861753038 320.385740015279 236.413429959904 210.347932442017 267.696778345611 245.538166361831 184.109104613212
291.343946705064 281.697896932404 265.758176661405 253.833675923763 245.322531234426 243.781597070883 241.339511729106 237.33098735467 236.737474941894 237.246888856691 234.491110727702 233.641280861288 240.290143866852 248.825387760244 257.138248411746 268.31548468 281.99297664 303.839573200602 324.21914642 350.671383144531 384.030857285945 428.398356818424 477.33554571345 526.605236433902 554.1682601674 556.553752602852 550.420602076127 541.539573470709 530.047250236486 530.877174918583 526.286923530314 482.927605089528 431.350031761561 395.27120891957 346.013397114619 257.600205724724 216.437745002158 220.114297616663 248.465284311992 307.74765760188 317.812801301512 300.118968903212 304.056211213279 311.632932111052 321.148336615668 322.613360387709 322.748565709111 322.597540684781 337.918217936631 351.316534497947 314.105076853131 250.443861871092 244.827402343678 242.791102557764 277.855179750764 234.616502460924
293.441903278246 296.592470424303 282.56520857953 260.832453655512 254.992932848709 250.505016313826 246.555482595743 242.859773416799 243.163167782112 241.982960397725 236.890212659106 238.15297287805 244.688064324957 252.42474576 261.157942873989 271.78682009035 286.094208762306 302.337086670079 323.66238510762 351.209015221103 384.967144223619 420.631187712938 459.077170001064 496.529520643785 523.349007141823 534.119429152428 530.73232473774 530.05110884916 532.37498024366 544.737976801038 558.438535594956 538.522223680252 512.262034150381 488.709689614086 400.775982695129 281.109851101675 223.506314616529 225.003485751462 235.250707657602 271.5698576375 323.123997976233 325.836945138716 317.528969363931 310.260353711516 308.81781462299 308.936246003953 309.634375037954 326.807017915845 341.671405121797 325.839915099231 303.107921538687 284.917282592603 326.352098583486 318.556920099005 318.963981740456 298.356045074279
299.731746739292 299.516474949878 285.774903380215 269.020065190001 256.854191212293 255.119650111169 252.948440979999 249.826156295022 247.754968655944 243.088731190915 242.142251985912 244.735739049046 249.548703820126 257.092308328919 265.749669802099 276.101679 287.424108456526 302.329045420005 322.920736444663 346.020951143377 369.745916209206 398.582211558435 429.730651062344 461.320759489999 487.531534574952 498.673082606861 498.272200111397 501.180312104043 521.08766492961 548.998877037054 577.659295522807 594.434765240403 583.775100305897 515.046409245873 464.635570178034 386.648802884048 290.877942890234 281.634477789415 301.828893158081 271.640257612634 276.411157981668 287.221822507949 290.271876130792 312.885907871515 306.54307657566 329.954465267146 318.581230993221 336.530215894337 352.582003133281 320.508142553978 292.28316496181 288.84061019458 335.409398261189 357.755912204708 341.146758339461 330.081208491639
273.859889013128 271.941442489786 269.635115416266 265.498402565289 263.366937145717 262.687762146923 259.048894692671 255.443061548486 248.719783026954 247.267477158112 252.173131095147 254.711546074235 257.895914251808 262.473320585993 267.873089003567 274.469839123517 285.58823050943 300.476112870525 318.735973139705 335.498766103924 354.318293488 379.112928676089 406.896530860001 433.587788527442 454.516653811904 467.231387791646 469.031938522523 475.376615791336 508.350615690877 551.515805179901 587.51917131505 611.834393435685 635.978396605608 549.932642656364 471.519002560019 428.27719498621 354.702954354131 381.888654246039 396.342038600538 338.727958263933 307.830173704545 289.012472450157 292.207591309908 334.035002151799 344.006644167627 335.071410571508 341.821673656867 368.313079113064 361.569743198673 356.48953654679 347.0783769691 332.86733122059 319.835002602284 337.325452717595 352.667088546904 301.627633609502
246.48025478497 255.250551924514 264.576333120873 272.958740812065 278.64468407664 277.266327784995 273.586238780105 267.66423794 259.067628320385 252.904811690762 255.541595033176 258.53511708 258.993576914209 259.788717945749 266.452704219161 274.982302622712 285.457930477008 296.246856567607 307.353524467472 321.9525109279 340.854871100932 363.230842077656 387.189859303152 408.881117031116 427.715365303919 441.89154685315 452.205035352877 471.134948511859 507.511640837382 551.727277160007 594.717128461273 623.273356579746 650.779772905172 649.475292465748 575.180536007407 497.656665884671 487.186998251425 490.877513492335 499.101347920101 480.581494153656 436.088697530028 352.292368619716 396.182810140212 524.377799847547 429.942239979881 377.318169709564 391.887024621716 477.294887491817 411.658679332943 410.683171963006 367.110790577234 369.202576989373 373.583597571336 362.951522096678 366.311856346455 354.423225660657
221.005167056612 240.119403014231 259.949327300618 280.484577152644 292.812758646968 292.617670098966 286.011480470782 272.098163929342 264.21610003141 251.887101761631 252.925680802444 253.902402153481 255.37286113411 258.994342797334 265.588775118744 272.240045498591 279.519920826893 288.027063236454 299.734144935043 312.619552298235 327.22022320958 345.171385453634 364.037106207014 383.871739442297 403.187124140001 422.010202752871 441.809692800903 468.228176042426 503.538099815797 546.716753349401 579.511665084089 616.242530732067 650.448255831422 660.843748130962 632.035585795919 561.79490996333 549.407045006185 588.822552889862 625.132231978277 612.739589548345 598.630518630316 589.252669775573 533.427380489065 679.552015033413 618.270401506647 515.355537556676 520.180972249463 466.52382336622 411.473651346932 433.155418862193 448.53262707641 435.8334328144 419.502651649438 411.94065129253 421.720874738264 407.728487915415
209.698969561492 231.020178688445 258.809344530336 280.910310030297 281.944099203743 272.135464751737 267.835767608355 259.454898607564 258.085864457031 250.086014349909 251.189634424381 252.50103699867 256.510803094083 260.411229507248 265.164761718464 271.809049176695 277.236291989884 284.382172766788 292.740463622612 303.026758614034 312.807115410913 325.496612890632 342.2104251717 360.847305120003 380.881090413285 402.261177457437 427.009509226018 457.015475665405 491.199242695248 526.482528240005 560.893778059997 590.073428055552 617.807750680003 645.04421711303 654.969011306531 621.211127903459 598.389578635948 591.885073391747 643.530091794364 677.719517627203 669.04243734526 720.190780918546 832.1695053624 944.912325244479 838.099978592691 501.559554954538 466.981320544791 508.601690140969 500.702105405246 476.950539018017 456.905476783258 451.343299710881 432.726613905812 455.697184392736 486.926356927586 494.590971516503
208.062376560004 227.85383497556 259.908586530114 246.340347319417 237.354870017731 238.74908836 240.6561800876 244.619672184407 251.993275213757 252.252779101266 252.903332640034 254.96265164 258.047272758786 261.63903189634 265.819315320001 269.402319013062 273.215589612646 278.294154831415 283.479231145274 291.290630768951 298.324265881581 306.221083643244 319.573517477887 339.024109837991 360.219899434191 383.728612219221 410.432760580005 439.609410599549 470.689585786807 505.339755440006 539.007884730809 568.526087962918 595.541259199418 622.286567567566 644.995320099044 660.907352140638 671.035636687849 674.973139984291 694.311612421127 744.595541260004 800.722518850827 834.739828151875 884.136768074981 963.838264700755 946.251105078349 907.153315771249 899.139050581822 895.126874130382 698.150302762229 532.042367710707 512.870611090825 488.356731927725 450.616041196322 486.255599368087 500.812611616284 493.019737596115
204.202844321516 222.664900853792 252.018234099249 222.709374920969 225.949280012137 231.420613483496 235.095996372184 242.67160764 254.533846302109 257.454463764926 254.334845973244 255.072881677473 257.69366166947 260.123486316412 263.944295220001 267.761583119407 270.08826946 273.70813259582 276.8367127 282.108053223869 286.969815575026 293.063450392199 303.704901505538 320.33208051916 338.578683157783 360.520312439723 389.256459579962 417.880561905584 446.736662620552 479.559465695075 509.732075685568 540.133359175887 566.863361495058 590.293493700001 611.846124184405 634.535849027427 659.643515756509 688.922342484221 731.970850920254 786.335506806183 839.05908163157 894.954222587609 958.786771687508 977.605747397014 972.60898225057 1009.49944057274 1051.99974065769 1111.27814229718 1037.75869882961 777.122672812484 613.970815211327 599.708891506559 532.974821902269 440.344185398602 509.999573799983 549.900585404928
198.134932506006 213.429864612929 231.34825096 218.729708995084 223.088263814724 228.676141774844 235.004998878113 241.559046990332 253.678726159552 258.169849562943 252.597165524751 252.698706934457 255.417288702275 258.268075639006 261.649454491475 264.349271487532 266.213811769199 268.361812676279 272.074359182662 276.638969398178 279.532023440621 285.1225079 291.97082698876 303.083556372638 317.014776866465 337.163129538681 367.249718141627 394.454075953242 421.931263039898 450.196153033414 477.755910153742 504.833704960339 528.513436896902 549.57850663363 571.185352460006 595.6658654 624.07644697618 658.624637421115 700.635173406431 748.494289840166 797.982780988975 849.896452752347 900.427588115799 935.2577145706 956.716503506564 997.793832056802 1053.5207560567 1105.19247916561 1110.57917980324 965.676832674365 755.568496565536 732.713874859151 711.526539323939 648.931710863519 726.078292266264 771.743351218237
192.219562567494 203.003551498275 217.276151399785 215.591820508868 219.425610989218 227.29985466 234.3366419 239.499001407985 243.726110624802 246.892841088779 248.78214541358 250.94485634 254.854615689904 257.69528966 259.83814646 261.778057825699 261.780477426913 263.829153796254 267.440058958681 268.971163146297 270.314427265489 274.121983582339 280.668074621935 290.574779963063 307.138967195497 327.18494591856 349.149509818422 371.801372180264 395.658772101482 420.209157404491 443.679888843905 466.371606466831 487.006893104225 506.483975345031 526.655860525845 550.256316106649 578.03425764746 611.709605744141 650.413913913621 690.017520964494 724.06939085766 762.627943760534 815.192434859964 857.700450146882 894.145327612132 951.911356453673 1013.86039975099 1076.15721007643 1105.24291149635 1033.35814945334 1000.3658852794 1000.50775091248 947.215662317469 940.977391848953 969.441203983559 1045.95622146033
