catData/variables/futureClimate2070/rcp85/CCSM4_2070_rcp85/bio15.asc
NCOLS 409 
NROWS 350 
XLLCORNER 60.897278365 
YLLCORNER 5.843756025 
CELLSIZE 0.0892857 
NODATA_value -9999 
[rows 52 to 77 of 350, columns 59 to 117 of 409]
-9999 -9999 -9999 -9999 -9999 -9999 -9999 -9999 -9999 -9999 -9999 -9999 -9999 -9999 -9999 -9999 -9999 -9999 -9999 -9999 -9999 -9999 -9999 -9999 -9999 -9999 -9999 -9999 -9999 -9999 -9999 -9999 -9999 -9999 43.3836372950797 40.7929985404848 42.1633782041402 43.0047509412902 43.8473486031192 45.2537204155909 47.4674264527409 52.2429117501092 56.9334015264799 60.6937143000003 65.8306056906709 69.5697606400003 73.0870824200002 77.1387633836044 79.6958507800001 80.2499574 81.059501437879 82.2851572800001 82.6249787 82.9261340721537 83.3279425435785 83.9661837649966 86.0389705671439 88.4385546535599 90.6353061307219
-9999 -9999 -9999 -9999 -9999 -9999 -9999 -9999 -9999 -9999 -9999 -9999 -9999 -9999 -9999 -9999 -9999 -9999 -9999 -9999 -9999 -9999 -9999 -9999 -9999 -9999 -9999 -9999 -9999 -9999 -9999 -9999 -9999 -9999 44.5338739541038 43.8097577639074 46.0170228662894 47.548976021757 48.2951263666586 48.4103874253193 49.7982438270764 56.4184891254542 59.4327192937351 62.2019710911672 68.1450836560687 72.7840458400003 76.3013676200002 79.9518361692269 81.8387075800001 82.3928142 82.1615447690434 81.7406724792401 82.6261783905631 83.5592395401833 84.3053898850849 84.6799803500135 87.4206515902242 89.08874898 90.2088060953086
-9999 -9999 -9999 -9999 -9999 -9999 -9999 -9999 -9999 -9999 -9999 -9999 -9999 -9999 -9999 -9999 -9999 -9999 -9999 -9999 -9999 -9999 -9999 -9999 -9999 -9999 -9999 -9999 -9999 -9999 -9999 -9999 -9999 -9999 46.218418549184 45.3786597487628 46.8617347916407 49.6740017657378 51.829036034097 53.9668723813011 54.5778685034464 57.0901295755289 60.8556862560398 66.3035393197622 71.6262574570677 75.2304955400003 78.7478173200001 82.2846009600002 83.639191613621 83.7678355 83.1790853199998 82.6145654700635 83.4371311487082 83.3376727349599 84.7780726137483 86.4525791899527 88.0173205800002 89.08874898 90.16017738
-9999 -9999 -9999 -9999 -9999 -9999 -9999 -9999 -9999 -9999 -9999 -9999 -9999 -9999 -9999 -9999 -9999 -9999 -9999 -9999 -9999 -9999 -9999 -9999 -9999 -9999 -9999 -9999 -9999 -9999 -9999 -9999 -9999 -9999 48.6068562513163 48.4346390288711 49.6291945535742 51.9442685760196 55.3697732430709 58.7661689400007 60.090963496645 61.14221408 66.1104441764917 70.8008125000003 75.7031618331362 77.8238554711627 79.7970825580267 82.4346550204719 83.5349583170831 84 83.9053665921925 83.2851998502527 83.117595652698 83.7056179297137 85.5881914600001 86.1433419400674 87.1925932175216 89.08874898 90.16017738
-9999 -9999 -9999 -9999 -9999 -9999 -9999 -9999 -9999 -9999 -9999 -9999 -9999 -9999 -9999 -9999 -9999 -9999 -9999 -9999 -9999 -9999 -9999 -9999 -9999 -9999 -9999 -9999 -9999 -9999 -9999 -9999 -9999 -9999 50.8213846 51.7636308946598 53.284101918789 54.4512171249077 58.414093148974 60.6785495942901 64.1742673302096 64.7272448693823 66.1901514289988 72.1927988032395 75.5555417522618 78.6534557522863 81.1785481799514 82.3744649800001 83.4458933800001 84 83.4638297444502 83.0303486694309 83 84.534353517194 85.8632524289252 86.8614167249562 87.9295597411628 89.08874898 90.16017738
-9999 -9999 -9999 -9999 -9999 -9999 -9999 -9999 -9999 -9999 -9999 -9999 -9999 -9999 -9999 -9999 -9999 -9999 -9999 -9999 -9999 -9999 -9999 -9999 -9999 -9999 -9999 -9999 -9999 -9999 -9999 -9999 -9999 -9999 -9999 53.9988897600001 56.1312200759965 57.6065430800001 58.7302941343514 60.6095971066205 64.4978647200003 60.3550867648208 64.1907362517322 73.1612102725486 75.7951710953192 80.2041315642655 81.3030365800001 82.3744649800001 83.007972261509 83.0178793 83.0073528589067 82.3516249508853 82.0178793 83.6239500600004 84.89234308 85.96377148 88.0173205800003 89.08874898 89.8455503388604
-9999 -9999 -9999 -9999 -9999 -9999 -9999 -9999 -9999 -9999 -9999 -9999 -9999 -9999 -9999 -9999 -9999 -9999 -9999 -9999 -9999 -9999 -9999 -9999 -9999 -9999 -9999 -9999 -9999 -9999 -9999 -9999 -9999 -9999 53.2671656268618 54.9331163254836 57.2625814307817 58.0717461026838 57.478647815402 61.9569663288463 62.8729638154029 59.3090333972692 66.8064596699194 74.4038020634775 78.4805393400002 81.2316081800001 82.0324546722521 82.7958713720186 83.9225737108051 83.4309842514588 83 82.3751733887982 82.7068022893346 83.7064844581331 84.0333820452048 85.1513963048079 89.1398843570595 91.0047524280049 91.0449717454606
-9999 -9999 -9999 -9999 -9999 -9999 -9999 -9999 -9999 -9999 -9999 -9999 -9999 -9999 -9999 -9999 -9999 -9999 -9999 -9999 -9999 -9999 72.9837800599998 69.6869867916256 66.5216671712347 62.6382462340955 59.2516167599996 55.2096504198178 -9999 -9999 -9999 -9999 -9999 50.1404673950803 49.9848633986044 53.5738495572946 58.9940285888662 59.7123198252839 61.5118687174223 64.1572600692508 60.7991795850544 61.432280659744 61.1175442200018 75.1745524167821 78.6904566030903 81.2605539913161 82.6931779058231 83.6723347170379 82.6790841199999 82.5776456972401 83 83 82.359827431343 82.325700208408 84.9983238400002 89.0402859800741 91.127142182787 91.3276123543521 91.984818688509
-9999 -9999 -9999 -9999 -9999 -9999 -9999 -9999 -9999 -9999 -9999 -9999 -9999 -9999 -9999 -9999 -9999 -9999 -9999 -9999 75.802968873351 73.667334947461 70.7252883082735 67.0293766018275 64.1966776698984 61.1980676599997 58.1555332484763 54.9659031599999 52.7723461468515 -9999 -9999 48.2521805888287 48.2781100347862 48.2806507939473 49.8643885079092 57.2916770541769 60.78515848 62.7760947390797 63.889749883818 61.4475962925099 61.50856586841 65.1879890451601 58.6984932038229 74.5325082800004 80.1916400338528 81.6596222600002 83.49944248 84.1228587685846 83.7292588012058 83.3928117999999 83.508445808978 83.5892176999999 83.7329096273531 85.3916943600003 88.2372650942718 91.4268942399999 92.4067305158967 93.213836723291 93.3613520175214
-9999 -9999 -9999 -9999 -9999 -9999 -9999 -9999 -9999 -9999 -9999 -9999 -9999 -9999 -9999 -9999 -9999 -9999 79.0449180641165 76.3409220600001 73.8990063930883 71.6445173599998 68.1568547358795 65.0581594330918 62.1976124889679 59.0552108599997 56.7153942399998 53.8799841155103 51.9826746199998 50.9112462199999 49.8712931538416 49.4281076800002 49.552490811567 48.7466902057855 53.824284207127 59.6282569003768 61.5261483854125 65.085377330652 65.0724498399999 58.3264474216779 60.5355796571942 66.4258841964597 54.4866624542247 74.5562789437367 80.5881938600001 82.7310506600002 84.4897072897213 84.7258295857927 84.7137276800001 85.406390816821 86.1244187800001 86.7124870678493 87.5351098799999 89.1944932411228 91.2845961600001 94.3733451399999 94.5356686 94.5531075171979 94.6148893164481
-9999 -9999 -9999 -9999 -9999 -9999 -9999 -9999 -9999 -9999 -9999 -9999 -9999 -9999 -9999 -9999 82.5016581600001 79.4404082950497 76.8366356967902 73.9858461886311 71.2784016195277 68.6057417723123 66.1439646399998 62.6807410799994 59.6100424521652 56.8455329396749 54.8692120115158 52.7689433399999 51.3100270751972 50.5117618259238 48.6646968766358 47.388764241439 49.27921287232 52.1586068200005 56.4522520587247 60.2489023684928 63.8693701300775 67.3318951094197 66.1314206191875 60.5175324363329 64.3049411145715 65.6259502634953 61.254432779035 75.269675027193 81.6596222600001 83.8024790600003 85.3392627 85.4663047001703 86.1244187800002 87.1958471800001 88.2672755800002 89.1147300124671 89.8226627206264 91.3479152824291 93.1307800169451 95.8560333051043 96.3333864732635 95.8827204771541 94.7328676104178
-9999 -9999 -9999 -9999 -9999 -9999 -9999 -9999 -9999 -9999 -9999 -9999 -9999 -9999 -9999 -9999 78.5317771413635 75.9477608285912 73.9832261399998 71.5327865282702 68.6133585740319 66.1439646399999 64.0011078399999 60.5378842799996 57.284248906701 55.3130299948682 53.7663949569642 51.3090434687971 50.3893449618894 48.9852572350746 47.1315707914093 48.4210935361285 50.2862356879609 52.4206120412387 59.3226467083741 66.0711860869186 70.3361223505838 70.0296314142492 65.7526441999998 63.177342795258 66.4821526183613 67.8275042388095 67.2182794406169 74.3235074931518 82.7310506600001 84.778788041787 86.1244544263805 86.9389455145478 88.0841511372851 89.1404723308821 90.1683379209506 90.4106911 91.0116200507677 92.9815804728982 94.28515488 96.6909449598855 97.3933705199997 96.3742426837799 96.16017738
-9999 -9999 -9999 -9999 -9999 -9999 -9999 -9999 -9999 -9999 -9999 -9999 -9999 -9999 -9999 -9999 -9999 73.4062153658888 72.4296782399998 69.53788188 66.1439646399997 64.0011078399998 61.8582510399999 58.7133147610735 56.4073812455676 54.8097984899383 52.7689433399998 50.136224939049 49.5183711670855 47.5147065760734 47.8024838600002 49.8336766829759 51.8657690321451 56.8794776959535 64.6197983589893 70.3014478250007 72.21932478152 69.4186458120254 67.5879834363281 67.0808721951263 67.4215971974685 73.1236608439247 72.000495552912 71.1965567109508 83.8024790600001 85.7137276800001 86.9312559244314 88.532632091075 89.6970933934189 90.5000607241746 91.5676958848132 91.964239 93.42745296 94.7672743800002 96.2602988203818 97.9159358453735 97.9826794199997 96.9540386338631 96.5650722416431
-9999 -9999 -9999 -9999 -9999 -9999 -9999 94.6464684714645 92.5596332713083 90.8226589957421 89.7148379199999 -9999 -9999 -9999 79.5170366075383 77.2198089429486 74.4123504600001 71.4048734626161 69.3474735595119 67.2560511006649 64.3078297388468 61.8582510399998 59.7153942399998 57.2777971836136 54.499893826697 52.1797280399997 50.5209314860747 49.4947609137906 48.0018554754314 48.1958495800002 49.2501231412873 50.7444407807076 54.9999712780062 61.3539000800009 67.3365747000007 70.7445739527089 69.5100456314427 67.1240063705935 68.6700237481615 67.481858636739 71.7469375204808 76.9552534264787 72.1281292168032 74.3672941599165 85.4274553600002 87.3387039800002 88.5454236975179 89.9280128800001 90.9994412800001 91.8399102849433 92.9586947342366 93.918988366584 95.5703097600001 96.9101311800003 97.8879081819099 98.5235966298654 97.4387192906856 97.0491268115062 97.4648820476735
-9999 -9999 -9999 -9999 -9999 -9999 92.4037483946564 92.4267290481969 90.9475563399999 88.8046995399998 86.936215396756 84.3921270596089 81.7982291975376 79.253561354685 78.0622583081678 74.2338262599998 71.0195410600003 67.9500084832721 65.2538486787419 63.2033068526988 62.0660523547129 59.7153942399999 57.57253744 55.4296806399998 52.7380803266015 50.8958007204476 49.7505077199999 49.6249763 49.8705983762229 49.7137300800001 50.5248662338176 50.868550653342 56.2122032023815 64.1217331800007 69.2683849156903 70.4826758199999 68.0129460890637 68.5229496786325 70.0486469132846 69.1457566205042 75.6520832446975 81.2361451243953 78.6551027361092 80.9850103545388 87.4702035937608 89.0013341033863 90.55298918 91.62441758 92.4171731851731 92.8189842280262 93.956705089121 95.6977508462677 97.2559295365854 98.4280116800002 98.6249763 98.9797082851447 97.6141513479975 96.9778169617016 96.6899770862961
-9999 -9999 -9999 -9999 -9999 -9999 89.8179141010656 88.3367818868818 86.7504751465915 84.8940096399996 82.7511528399997 80.3644960870118 78.7708296404854 76.7153918400002 75.5499466274319 72.0991369809057 69.6309995543797 67.5557714757059 66.2991274626527 64.0741457356002 62.1904874517262 59.3014828782528 56.4124783047794 53.9832285399997 51.8403717399998 50.5005551199999 50.0381107491143 49.3412728974122 50.2862699199998 49.3923490800001 50.7011712350414 54.1256293259278 60.5464385502246 66.8144566931433 69.9671484261957 68.7054701488728 68.3181939069439 71.2701848826778 71.8833131892039 70.8933669199997 77.4266503177437 84.7269023112167 79.9401726846902 82.0509475000003 87.2135701865481 90.5334397097792 91.30303658 92.3744649800001 93.3105222455309 93.6964047 94.4638966675224 96.7801086259515 98.9375062194248 99.6366071671018 99.0874240136282 98.3412762401547 97.9826794199997 96.9730562267922 96.5848564197343
-9999 -9999 -9999 -9999 -9999 90.5809074193325 88.7658216153663 85.8002866255669 82.9714416115332 81.115208534033 79.7950299238332 78.4748513136332 76.6862481565663 73.8462421867667 72.657822203033 70.0823716414988 65.7174703173664 63.2151612875661 62.4844559444671 61.9869555240673 61.0435569236673 59.4746281032675 57.0015681599999 53.4336450375318 50.7689433399998 49.4291267199999 49.2321669 49.012560930434 51.5582498207025 52.859771189966 53.7120611200004 58.6926064600011 65.1211605811319 67.883421923063 69.1490808780688 69.9167964241718 70.8379846640969 71.4885739062622 72.4179861147035 73.814592284104 81.0670618400008 85.7874377894617 81.3115429451309 82.3478824944698 88.7354241888961 91.1778364268349 92.0708696800001 92.8547714735652 93.4458933800001 94 95.0408120558353 97.7483688400002 99.669295004565 100.616597145235 99.2219270849648 98.05410782 97.9826794199997 97 96.83982262
-9999 -9999 -9999 99.9690142287571 93.8208641921048 90 88.6622982599995 85.8821873557484 83.5671107618746 82.0183372199998 80.3328932058717 79.0362189199998 77.0903195399997 74.795420292508 71.0533702468265 64.8186086790443 63.7819805162135 65.9646945199997 64.6876455737179 62.5749502921975 60.5541018199999 58.1801565754377 55.2100699476472 53.3429429613214 51.3760379399998 51.3841427320541 50.7838766878462 50.6785229999999 54.5378947355932 55.9019858916006 58.8370362200002 63.0400541888537 66.2397205421736 67.1607385 67.6783068988337 69.2729714472932 70.74949108 72.7168154381853 74.98100326 79.1457361353994 84.8295810462222 86.7677624318947 85.3279689796411 84.1508114273885 89.4547922824326 92.0708696800001 92.8879711453143 93 93.0716722330612 93.5949067530655 95.6716157191925 97.7116723093628 98.2783359085548 98.4505557024283 98.201095507397 98.0086972098251 97.9826794199997 97 96.83982262
-9999 -9999 100.78736936 96.6673082327479 92.0498527776308 92.9607035356861 90.4836780599995 87.3155955629369 84.7331751399999 82.6492795980301 80.5367716399998 77.7343118862477 76.2260501293289 73.3360903282179 67.2990668769409 64.3153906034434 67.4647954242914 66.7683870199998 65.1179405159516 62.3069266065012 59.7419518820908 56.5804379714072 54.9841465677214 54.2505065199999 52.4474663399999 51.9824094987798 51.9219011236734 52.7721087261266 55.03310342858 57.1769512400003 60.2596660330283 62.5732164240611 64.7576337183924 66.7713574216912 68.3565856800002 69.9453382600001 74.180297621025 77.8434621893423 80.0166682600002 83.8373200044367 85.8296204279298 87.8073112204708 86.8444922141517 83.4522420146232 88.0967818634909 92.9313748497166 93 93.3410214751898 93.9106899 93.956891959904 95.2300816974512 96.74948868 96.4230430125444 96.1786201999999 96.9749855323618 97.0893100999999 97.0719895199997 96.0893101 96.0750046421744
-9999 101.7531931143 97.9259122020812 92.0782984628161 92.5936247979611 93.2510556399999 90.6622982599995 87.4480130600002 84.2442558428417 80.4007490681237 77.5904167399997 76.2218829869942 73.4257428154457 72.0739171421134 68.9292711898361 66.7783652083033 64.7361403126042 62.3849711276483 59.7934110299103 57.9548136162649 55.1896387225143 54.0437747638832 54.0178817 52.7093201411459 51.2910691576335 51.0178817 51.0178817 52.8927614139728 55.0346507600003 57.179094628468 59.3382460600001 61.708571849092 65.201318215743 68.7131713600003 71.7238995962929 75.4533134042108 78.6905512310295 79.9699652164602 82.8823909810995 85.5811498213418 87.7154137181093 89.8560257600001 89.9110894113369 88.0912683111037 90.5928025935443 93.9821183 93.9821183 93.9888143704329 94 93.4919288128734 94.1953820600003 95.67806028 96.0047993234657 96 96.0156368989748 96.0178817 95.0354536785845 95.0178817 95.0178817
-9999 99.4139018199991 93.1712508524861 90.2279635821962 93.3403657399998 91.1774571905192 88.5552048599995 85.3132184003069 81.5158563947994 78.6078858099057 76.4832249399998 74.3403681399998 73.0251572847751 70.9504580496692 66.8771421799993 62.6801847599997 59.3142923356501 56.1944066477317 56.5525453858624 55.2041219029062 54.029670323925 53.9445977376374 52.778448412575 51.3398166199999 50.3075636165 50.0105465483936 50.8744685800001 51.996546641819 54.1045951230752 57.2757662840633 60.4446122142757 63.1282271377564 67.3565692826499 71.5849114275439 74.5471949751259 77.2022358173309 80.28459856 82.4628058728819 86.047902352012 88.6701689369061 89.8811881017995 91.89178916 92.9826770199999 92.0935037235195 93.21372648 93.8219385199999 93.0535467 93.387908952111 93.5005599199999 92.4568323941571 93.1459747307369 94.6066318800001 94.254021459476 94.8030353800002 95.8276391303115 95.00056112 93.9455258400989 93.8136620500147 93.16017738
-9999 98.1036158324104 92.5097533753768 91.5973963388922 92.1439622399997 89.6266332599998 86.3566215904238 82.6204120210085 78.9837776599997 77.0073572361256 75.2532798953067 73.1439646399996 71.0011078399996 67.9123516600002 65.437285103114 61.6087563599996 58.3744520760962 55.2578779846628 53.5872020732302 53.8277699817973 54.0406786592704 52.7843803632043 52 51.4223231039337 51.1249751 50.6230150003986 51.3743689800003 53.1552672206698 55.4160717832946 58.1936195000007 63.3505417520731 67.2236776953972 70.496120113171 73.5765034417383 76.6568867703054 79.7372700988723 82.3024802600001 85.1055180400003 88.3198032400002 89.9280128800003 90.1249751 91.8985509902751 92.9870069023155 92.4163612474096 94.2851548800001 94.8933669199999 94.0871030731109 93.6255350199999 92.5541066199999 91.8706953176246 92.3387999800001 93.41022838 93.7500497999999 94.452725753081 94.6250746999999 93.6791825199999 92.7348938612172 91.9526824673496 92.9502635481664
-9999 95.6085045873004 91.8152006094206 92.4912791687138 90.1975089399998 87.5330846663907 83.7147636145634 80.0552060600002 76.8409208599998 74.2868214399997 72.5881956487967 70.7660212133608 68.6618475399998 65.7588693088801 61.5898652199999 60.323492435601 56.8644336164743 53.259671460082 50.5005551199999 49.8771436754362 50.3583222168045 51.3209230800001 51.8035965 51.9332588264739 52.1436911142332 53.8024838600002 55.2426207697521 56.1359169100457 59.061838869459 64.0155478469702 68.7131713600001 71.2737601914515 74.6834456273833 76.699624668136 79.350921535482 81.7186580804134 83.76671566 86.3104297297894 89.1038503542705 90.6066342800003 91.1470929367673 92.14229808 93.0173229800001 94.0190270533527 94.5004052576851 95.7683918199999 94.6374459750599 93.4291315199999 92.2701280995411 90.57254944 90.1959431800002 91.2673715800001 91.7508831714965 91.8035965 91.6318487529848 91.0328538895493 90.9965981774659 90.8210271102935 91.4490727419472
-9999 95.8224828399997 93.7969098367914 92.0993559472941 89.1504180658579 85.6250301863995 81.5428718604469 78.1801811600002 74.9658959599998 72.5886153518101 70.0011070758961 67.3893872200882 63.77446309559 63.4566184652338 59.9687494232791 57.8652513163257 54.3470541604122 53.0538495579918 50.5004543199999 49.7767856693201 49.851593856756 50.5173265800001 51.3153747298557 52.1958471800001 53.4632245530998 55.4095760600002 57.3182222787285 60.3058861785695 62.7887845294441 66.3312440264708 70.0525324600002 72.6751306468066 75.9658227115749 77.8370290200005 82.0909379441629 84.9237119980454 86.3977955157374 87.6601809800001 89.3194543709097 90.391454345611 91.8161762830498 93.1992353225611 93.280515233353 93.7575163107328 92.0258295451813 95.7683918199999 94.4750897029908 92.6927795858461 90.720956868837 88.5682479152487 88.3209182800002 89.3923466800001 90.46377508 90.5170896084073 90.0582910113571 90.94589218 90.4516546238503 89.7971472720636 90.8704921840449
-9999 95.4832225399997 93.3403657400001 91.1189310366961 88.0118819474313 84.1240120958715 81.0284137445403 77.6235222449536 74.5729881599997 72.2311248684427 69.9493036938087 65.0481048532064 57.300905447015 61.0519382577137 58.9246652356817 55.5450284012681 54.4657297373323 55.0355618 54.6297105105086 52.6999348899037 51.1789088793675 51.3478426678137 52.3170290688588 54.3321054146617 57.2256249558992 59.9140818123791 63.0293255167485 63.4103839 65.1108885927677 68.6711940740292 72.0344467600001 74.8638988108768 79.2845985600001 81.6682224572843 84.0699246521833 86.2101559165042 87.7387410538331 88.6779618800001 90.9513943490336 91.9331785381542 92.2966716585667 94.23104946 94.6726436006083 94.1918673598041 93.15621179935 95.4291315199999 94.2548948389582 92.325125561454 89.1717856381329 86.6286508777206 86.970448405384 88.3209182800001 89.1441414764831 89.0633200678587 89.5777929356581 90.2857282152455 88.9941238148329 88.6908487055795 89.6407095200001
-9999 94.8589349858338 93.0245277574269 90.3051538599994 87.0908686599996 83.8765834599999 80.6622982599995 77.5404197074631 74.895942466015 71.477180980506 67.3828487070282 64.4642769328991 58.9561091898909 58.738943119782 56.1510833634418 54.9490794609063 58.9631239599998 61.0232381346375 62.7995278735856 64.0017208756871 61.5748744373567 55.9957012756899 53.264329710581 55.6407335200005 60.6580589000003 65.3985191227163 71.2759430670675 73.5538768042005 73.4916676222109 75.2991080964153 78.0759567487327 79.7374191280066 81.6763647294912 83.6427547999999 84.7973177817766 87.5715794450373 89.7570885282982 90.5286119431182 90.88977500518 92.1328363219194 94.0034216373164 96.12385526 96.7827113635907 94.6099074866263 94.849989128771 94.6732729576463 92.8587844409073 90.4296926399998 87.9444191977122 85.16358693069 85.5244574939515 87.2494898800001 88.1902367390543 88.8839265237339 89.3591323930053 89.0222214702556 88.9969061529668 88.8736781767775 89.9856151800385
