catData/variables/futureClimate2070/rcp85/CCSM4_2070_rcp85/bio17.asc
NCOLS 409 
NROWS 350 
XLLCORNER 60.897278365 
YLLCORNER 5.843756025 
CELLSIZE 0.0892857 
NODATA_value -9999 
[rows 196 to 223 of 350, columns 122 to 182 of 409]
-9999 -9999 -9999 -9999 -9999 -9999 -9999 -9999 -9999 -9999 3 2.69696822000001 1.9665488355383 1.46477971999983 0.910668300000035 0.96326192566257 1 1 1 1 1.08449772766391 2 2 2.01430848886478 2.06864239073489 2.27595925033463 2.94411925006565 3 3 3 3 3.66624472793293 3.91066830000003 3.11432841286746 3 2.98268661999981 2 2.16017017999995 3.04137818973799 3.75764744473088 5.46378707999996 6.04950014393014 5.52890019647001 5.03673850312959 4.33983101999987 4.73159738000007 5.80302578000011 6 6 6.9279792800002 8.00733491967282 9.14585971992746 9.93135718047295 10.3030245800003 11.37445298 12 12.9884073979264 14.5519994624745 15 15.6008857334504 14.287025283675
-9999 -9999 -9999 -9999 -9999 -9999 -9999 -9999 -9999 -9999 2.01790329999989 2.01247803113305 2 1.55411141999979 1 1 1 1 1 1 1.92895287446969 2 2.08715536632237 2.98209670000011 2.98209670000011 3.28512608000008 3.98209670000011 3.98209670000011 3.47404375812005 3 3.64835213373268 3.9951947503413 4 3.98434434151138 3.05314618256253 2.98268661999981 2 2.16017017999995 3.22745220114288 3.99294706586212 4.39235867999989 5.01790329999989 5.00864170484775 5 4.98818079670044 5.71369408000018 5.9964735114471 6 6.92894816040549 7.98240662366835 8.08873938000041 9.16016778000009 10 10.3030245800003 11.37445298 12.4378986318898 14.0167162600006 14.992637056258 15 15.7315949800001 14.3939532399998
-9999 -9999 -9999 -9999 -9999 -9999 -9999 -9999 -9999 -9999 1 1 1 1 1 1.03151265533903 1.0181892324081 1.0391590798447 1.85655568000014 2.88117857564976 3 3.00092682885609 3.1375192388912 4 4 4 4 4 4 3.44276954687871 3.67836074086851 4 4 4 3.94937141185703 2.98268661999981 2 2.16874330490146 3.27272734284578 4 4.37445538 5.02386597391288 5.05352509999998 5.61075328158149 6 6.03915882292422 6.05352509999998 6.92797928000039 7.94877922031715 8.01545783612895 8.8089602041881 8.10664268000011 9.19046728869437 10.3030245800003 11.37445298 12.4697472254529 14.0881446600004 15.0535251 15.6783561977891 15.960841305536 14.3834100467167
-9999 -9999 -9999 -9999 -9999 -9999 -9999 -9999 -9999 -9999 1 1 1 1 1 1.51517958416024 1.37985476883834 1.85655568000001 2.82764259842213 3 3 3.01731578000022 4 4 4 4 4 4 4 4 3.91750927546911 3.96646245311021 4 4 3.17230665884856 2.98268661999981 2 2.30032653541326 3.87504649999995 3.95077506349087 4.49940888000005 5.51512254109593 6 6 6.08249042464248 6.76513522677824 7 7.87445418000041 8 7.98268901999983 6.98891170388112 7.03521428000003 8.30930010672272 10.0909815618573 11.2494994799999 12.7668092600005 14.8450263924051 15.7500929999999 15.7500929999999 15.1099133733332 14.2727042838256
-9999 -9999 -9999 -9999 -9999 -9999 -9999 -9999 -9999 -9999 -9999 1 1 1 1 1 1.66017378000019 2.73160217999996 2.84229932894139 2.97534601596448 3 3.01731578000022 4 4 4 4 3.92646326969378 3.8036180999999 3.8036180999999 3.68799963497577 3.07671052992976 3.67889083483587 4 4 4.18575468955394 3.17906851999991 2.21380917936591 2.52147945572839 3.1963819000001 3.7429268459166 5.37445538 6 6 6 6.66016898000013 7 7 7.70272720666891 7.8036180999999 7.97928945685654 6.73230552804881 6.12871372704487 7.08069557786133 8.54654061723344 10.1780710799999 11.6078178274213 13.12454598 13.6072361999998 13.7368809672968 13.8036180999999 14.60664148
-9999 -9999 -9999 -9999 -9999 -9999 -9999 -9999 -9999 -9999 -9999 1 1 0.880586445623573 0.732189700000005 0.732189700000005 1.39236348000019 2.26786128069352 2.09146854107787 2.64026985822864 2.985508083004 3.01267843576362 3.7559563054691 4 4 4 3.62554221999997 3 3 2.41125701999992 2 3.26726960343814 3.94724891779429 4.23418847902681 4.96037753974064 3.98732332149168 3.35655208000012 4.26781029999999 4.26781029999999 4.5708372800001 5.54198267234558 6 6.13854153011947 6.42548109135198 7.0189895274156 7.07188098618297 7 7 6.74668290248546 7.70683985749395 6.24404498002027 5.95710541878784 6.19538206000045 8.03521428000032 9.10664267999998 10.058659453858 10.9816891800002 11.6220495486073 12.3923562800003 12.7321897 13.5352130800001
-9999 -9999 -9999 -9999 -9999 -9999 -9999 -9999 -9999 -9999 -9999 -9999 0.872968615334988 0.366135382223869 0 0 0.436217285098791 0.660761299999928 1.73621093001965 2 2.94588737999994 3 3.08874418000015 4 4 3.89720070706698 3.2863035199999 2.66076129999993 2.66076129999993 2.27174272316924 2 2.48341282171241 3.46378948000007 4.53521788000007 4.66076129999993 3.99412663147613 3.74950308000005 4.71509722364189 5 5.30302698000011 6 6 6.51731218000009 7.38901699100355 7.66076129999993 6.92916391999986 6.66076129999993 6.66076129999993 6.03575869679191 6.99412744564902 6.60212575190967 5.89416732946904 5.72386467297225 7.20022691541294 8.0352142799999 8.66076129999993 9.17807108000015 10.2494994800001 11.0969738276175 11.5697079299417 12.46378468
-9999 -9999 -9999 -9999 -9999 -9999 -9999 -9999 -9999 -9999 -9999 -9999 0.368651196186022 0 0 0 0 0 1.60606116000033 2 2.55744255272873 3 3.01585554991506 3.24444340892804 3.58933289999996 3.41074771669939 2.62554221999997 2 2 2 2 2 3.1328054338991 3.92601313221557 3.61155615832985 3.57201951999978 2.67807468000009 3.81527970332697 5.0951099172128 5.58925086890173 6.15377650498401 6.41066710000004 6.71553618724479 6.75822361335904 6.8604425805266 6.26840261999993 6 6 6 6.57913096995463 6 6 6.13648724838844 6.71377512549742 7.22067746061701 7.77244171326869 8.30486767284587 8.93629567896018 9.4497744949256 10.0204858911889 10.98168918
-9999 -9999 -9999 -9999 -9999 -9999 -9999 -9999 -9999 -9999 -9999 -9999 0 0 0 0 0 0 1.21892373101985 1.51790449999999 1.51790449999999 2.51790449999999 2.4719434898291 2.08295409995859 2.62955829025368 3 2.80606663067798 2.26713577910973 2 2 2 2 3.60605636000028 4 3.51012191237565 2.99103332258769 2.52805526720009 3.32034035999989 5.11994594677569 5.66399244343663 6.19393212635121 6.51790449999999 6.51790449999999 6.21299310428536 6.34190448550247 6.49170672941958 6.48209550000001 6.48209550000001 6.48209550000001 6.48209550000001 6.43931464422903 6 6.1116514761953 6.63903329359278 7 7.23092397316835 7.26851178295588 7.31963702725627 8.17807108000032 8.51790449999999 9.32092788000007
-9999 -9999 -9999 -9999 -9999 -9999 -9999 -9999 -9999 -9999 -9999 0 0 0 0 0 0 0 0.803030580000166 1 1 2 2 2 2.10340430230665 2.44647609999991 2.6537474307709 2.80092247730966 2.26717791615152 2 2 2.40495796346477 3.71508496999672 4 4 3.5439405303802 3 3.23168233730261 4.57467144923609 5.1352943042252 5.65374610231353 6 6 6 5.63458069153125 6.17807347999998 6.44647609999991 6.44647609999991 6.9700447146236 7 6.96037998770101 6.55352390000009 6.65692605922147 7 7 6.75319399960483 6.2155096469336 6.5887381800002 7.29474859998883 7.85143140655007 8.80302338000008
-9999 -9999 -9999 -9999 -9999 -9999 -9999 -9999 -9999 -9999 -9999 -9999 0 0 0 0 0 0 0.803030580000166 1 1 2 2 2 2 2 2.14043952913611 2.65370529372932 2.48268541999988 2 2 2.73159977999993 3.80302818000014 4 4 3.9935066566517 3.62495230000002 3.68502375761758 4.23159858000017 5 5.37445538 6 5.67670456329092 5.37504769999998 5.1274528424396 5.27438391469504 5.87690050817036 6 6.9458825799999 7 7 7 7 7 7 6.83277321395808 6.30165836317637 6.5887381800002 7 7.27438301458058 8.17807108000006
-9999 -9999 -9999 -9999 -9999 -9999 -9999 -9999 -9999 -9999 -9999 -9999 0 0 0 0 0 0 0.803030580000166 1 1.65869771580555 2 2 1.88845890661881 1.4649017525732 2 2 2.44588618000018 2.48268541999988 2 2 2.73159977999993 3.80302818000014 4 4 4.69638070000003 4.6345826371243 4 4.23159858000017 5 5.11369188035682 5.30361929999997 5.14655333802688 5 5 5 5.24381412520556 5.91257231398661 6.9458825799999 7 7 7 7 7 7 7 6.84293476671319 6.87513297409495 6.54027273490274 6.81308792428897 7.24381339651923
-9999 -9999 -9999 -9999 -9999 -9999 -9999 -9999 -9999 -9999 -9999 -9999 0 0 0 0 0 0 0.803030580000166 1.67141756242091 1.98743554206083 2 2 1.96280938449449 1.82158473998718 2 2.28751209104984 2.87133981343184 2.48268541999988 2 2 2.16987081135794 3.65179142416067 4 4.72625909519731 4.9867066292841 4.21158586623411 4 4.05377508272895 4.46485777278955 5 5 5 5 5 5 5.61657050141874 6.64226328000048 6.9874344275445 7 7.06813490349268 7.64483082098919 7 7 7 7 7 7 7.35359723528002 7.7054878968418 7.76780910000007
-9999 -9999 -9999 -9999 -9999 -9999 -9999 -9999 -9999 -9999 -9999 -9999 0 0 0 0 0 0 0.803030580000166 1.14058021177228 1.1607625 2.01453205191793 2.8392375 2.8392375 2.8392375 2.8392375 2.89943626885725 3 2.48268541999988 2 2 2.61398597036769 3.09743113557454 3.89463925405787 4.94588497999991 4.98268661999981 4 4 4 4.04871537487227 4.47501949697275 5 5 5 5.55403856435286 5.8392375 5.96833393195727 6.87445418000041 7 7.01452802357789 7.85350346457732 7.97425102726774 7.64487330088707 7 7 7 7 7 8.21420313018336 8.22525555797214 8.67392733387282
-9999 -9999 -9999 -9999 -9999 -9999 -9999 -9999 -9999 -9999 -9999 -9999 -9999 0 0 0 0 0 0.803030580000166 1.79633997403498 1.91066590000005 2.00154688962212 2.17015039854956 3.14586370672101 3.91066590000005 3.91066590000005 3.5696599687643 3 2.95378616757884 2.91066590000005 2.91066590000005 3.64226567999998 3.91066590000005 3.9887846915634 4.08449978339176 4.08778742477968 4 4 4 4 4.03345163436244 4.49538525380921 5 5.5361459701523 5.96964150167625 6 6.73128819466704 7.78512008000046 7.91066590000005 7.91221236081848 8 8 7.76840381999978 7 7 7 7 7 7.7191419672747 8.6902163217945 9.71368928000013
-9999 -9999 -9999 -9999 -9999 -9999 -9999 -9999 -9999 -9999 -9999 -9999 -9999 -9999 0 0 0 0 0.0143788246562413 0.892364680000086 1.01790569999992 2 2.00158902666382 2.17807827999989 3.24535970233254 4 3.62554221999997 3 3 3 3.64835054932135 3.99519410618077 4 4 4 4 4 4 4 4 4 4.00798386119951 5.03400438659732 5.99263611220334 6 6 6.80302578000011 7.87445418000041 8 8.01700101478558 8.98209430000008 8.82479443621833 7.99585310827979 7.68449558722186 7 7 7 7 7.66016658000033 8.01309972023333 8.82092908
-9999 -9999 -9999 -9999 -9999 -9999 -9999 -9999 -9999 -9999 -9999 -9999 -9999 0 0 0 0 0 0.0429803648241676 0.881178274351314 1.94588737999994 3.08972961999977 2.19578958000013 3.10704539999998 3.09464949022773 3.34033312940303 3.64558421142158 3.05352269999999 3.57083728000011 4.02201158610435 3.96466584527967 3.94647730000001 3.94647730000001 3.94647730000001 3.94647730000001 3.94647730000001 3.94647730000001 3.94647730000001 3.94647730000001 3.65966914214235 3 3.44588378000015 4.51731218000009 5.58874058000006 6.66016898000013 7 7 7.82765103126051 7.99710348956456 9 9 9 9 8.69697541999968 8 8 8 8 8 8.03915693863605 8.05352269999999
-9999 -9999 -9999 -9999 -9999 -9999 -9999 -9999 -9999 -9999 -9999 -9999 -9999 0 0 0 0 0 0.803030580000166 1 2.18226671721429 5.10763531999985 4.19151791418097 4.89506264006078 4.82627661442404 4.2120383456368 4.07816218848548 4 4.45267555418303 4.35987000296818 3.33982861999984 2.9085858027292 2.87504889999993 2.87504889999993 2.87504889999993 2.87504889999993 2.87504889999993 2.87504889999993 2.87504889999993 2.87504889999993 2.92183751163188 3.44588378000015 4.51731218000009 5.58874058000006 6.66016898000013 7 7 7 7.9458825799999 9 9 9 9 8.73483867459778 8.12495110000007 8.06923773109949 8.06463842605182 8.12495110000007 8.12495110000007 8.67371888498911 8.87504889999993
-9999 -9999 -9999 -9999 -9999 -9999 -9999 -9999 -9999 -9999 -9999 -9999 -9999 -9999 0 0 0 0.143671670307352 0.841711336215037 1.171725817263 3.84828874925912 5.98948514843689 5.30401481999999 4.49002235765188 5.2316009800002 5.75647937812976 4.89545755160758 4.30519609491476 4.19637950000007 4.0807624479591 3.46947274551863 2.46477972000014 2.03868122752568 2 2 2 2 2 2 2 2.30092001970326 3.33706671377465 4.51731218000009 5.58874058000005 6.53052532579215 6.9472912276857 7 7 7.76013063188074 9 9 9 9 9 9 8.72924254492731 8.80847974405877 9.19637950000007 9.19637950000007 8.60845477637492 8.23506167014736
-9999 -9999 -9999 -9999 -9999 -9999 -9999 -9999 -9999 -9999 -9999 -9999 -9999 -9999 0 0 0 0.731602179999955 1 1.64027195693017 3.87728297287416 5.48633728267892 6.6672143124829 5.8827229022874 5.43738430790841 6 6 5.6735256615047 5.26780790000001 4.67906491999993 4.09100878908206 3.26840022000007 2.41202911052653 2.03362151966898 2 2 2 2 2 2 2 2.7723563612344 4.24950428000008 5.47860205837465 6 6.53566982201674 6.73219209999999 6.96637783759213 7 8.46902021720077 8.7559572070052 9 9 9 9 9.3264708239733 9.87073174583132 10 10 10 9.19697661999992
-9999 -9999 -9999 -9999 -9999 -9999 -9999 -9999 -9999 -9999 -9999 -9999 -9999 -9999 0 0 0 0.731602179999955 1 1 3.5167828049919 4.03463156000043 6 6 6 6 6 6 5.82450811594468 5.2717437101861 4.33982861999984 3.26840022000007 3 2.4221908347098 2.33923630000004 2 2 2 2 2 2 2.44588378000015 3.51731218000009 4.97775898398101 5.88471698215 6 6.27241549441189 6.62039727891463 6.66076369999996 7.01143846719553 7.74950308000036 8.71509842506641 9 9 9 9 9.34181952427911 9.86048506185198 10 10 9.19697661999992
-9999 -9999 -9999 -9999 -9999 -9999 -9999 -9999 -9999 -9999 -9999 -9999 -9999 -9999 -9999 0 0 0.43115899023089 0.919111612226584 1 2.11488964571686 3.63107783959944 6.03644410205651 6.34488747548613 6 5.87555653057111 5.58933529999995 5.58933529999995 5.07202071999983 4.58933529999995 3.92916391999979 3.15817772417379 3 3 3 2.40355470599629 2 2 2 1.87555751616633 1.58933529999995 2.21832780874875 3.51731218000009 4.58874058000006 5.38906088387904 5.8897765185785 6.47325143896406 6.0739885834932 6 6.58933529999995 6.71451681086641 8.09439252667668 8.6844436757809 9 9.15377462069581 9.41066470000005 9.19822383438917 9.34696419193184 9.86044241052584 9.6995597670167 9.44585863088139
-9999 -9999 -9999 -9999 -9999 -9999 -9999 -9999 -9999 -9999 -9999 -9999 -9999 -9999 -9999 0 0 0 0.415895078293066 0.517906899999972 0.973912679275046 3.04359952194142 5.60665108000013 6.35773432 5.51790689999997 5.21487752000001 4.33738338802063 4.2507724507634 4.24998610954732 3.71617107166851 3.17599958711539 3.3526992058995 3.09495875531638 3 3 2.98268661999981 2 2 1.88834792261211 1.36096713617176 1 1.6768100662603 3.03521908000006 4.39047525130807 5 5.73159738000007 6 6 6 6 6.13469811720434 7.59512268158034 8.11994525963575 8.66399295914853 9.37445297999997 10 9.48269021999977 8.71617338571533 8.85981172693153 9.00961260370526 9.41589134936334
-9999 -9999 -9999 -9999 -9999 -9999 -9999 -9999 -9999 -9999 -9999 -9999 -9999 -9999 -9999 0 0 0 0 0 0.945887379999937 3.03463156000043 5.03962236837019 5.37496488674043 4.87180387814881 4.14344911999997 3.27929115207222 3.19907859281718 3.16013375770637 2.63009591740395 2.81189755251474 3.32664357237465 3.53243704547179 3.06949098215346 3 2.99226994806759 2.50440101682172 2 1.76840141999983 1 1 1.44588378000015 2.51731218000009 4.17748116000011 5 5.73159738000007 6 6 6 6 6.03962022527351 6.60664628000003 7.57467196494794 8.30302458000032 9.37445297999997 10 9.48269021999977 8.4112618199998 8 8.32664142927794 8.8909692058327
-9999 -9999 -9999 -9999 -9999 -9999 -9999 -9999 -9999 -9999 -9999 -9999 -9999 -9999 -9999 -9999 0 0 0 0 0.945887379999937 3.01298857004132 3.75010019999993 3.85020003785367 4.14344911999977 3.07202072 2.37505009999997 2.65370662360248 2.48268541999988 2 2.66017138000016 3 3.80302818000014 3.12554341999986 3 3 2.96671738653678 2.52485156202608 1.91313892941109 1.62494990000003 1.62494990000003 1.79217865627745 2.51731218000009 3.80954779340311 4.78762263803417 5.73159738000007 6.50185088090852 6.62494990000003 6.03382067621732 6 6.05545766665732 6.68502084190584 7.08686017046869 7.86744986096903 9.14043862759427 9.37505009999997 9.5043257105601 9.03621171999984 8.21237886184546 8 7.7993246179426
-9999 -9999 -9999 -9999 -9999 -9999 -9999 -9999 -9999 -9999 -9999 -9999 -9999 -9999 -9999 0 0 0 0 0 0.945887379999937 3.70843663343977 4.33095707879669 3.63346946206601 3.07202071999976 2.21161540449443 1.73923572774179 2.06001334002217 2.48268541999988 2 2.66017138000016 3.50947021107676 3.94019508115956 3.12554341999986 3 3 3 2.83982982000005 2.16128022542294 2.69637830000005 2.69637830000005 2.69637830000005 3.21369048000013 3.87513271575862 4.66016898000013 5.73159738000007 6.24381605246742 6.91257261529658 6.71280952306009 6.69637830000005 6.72332150141271 7 7 7.60604916000063 9 9 9.51730978000023 9.4112618199998 8.33983341999967 7.49053313153894 7.05980637622462
-9999 -9999 -9999 -9999 -9999 -9999 -9999 -9999 -9999 -9999 -9999 -9999 -9999 -9999 -9999 -9999 0 0 0 0.671415463719367 0.987435412190544 3.24950908000014 4.27972587198003 4.48465253991983 2.94622380417054 2.53513871173924 1.91305341235115 2.31722466355886 2.48268541999988 2.45204080462208 2.92109407128782 3.73159977999993 4.61657041689298 4.5647637409832 4.53561340000016 3.75451337083629 3.06813653325403 3.73061625734431 3.5893890385657 3.53514055447521 3 3.34235255370548 3.88792312220445 4.45203896188598 4.92109351402389 5.73159738000007 6.61656857415688 6.9708491017531 7.72625498233728 6.98670851357231 6.30032799051809 7 7.17782109869859 7.90852725442281 8.23219329999992 8.23219329999992 8.74950308000014 8.64345511999972 8.07890704323998 7.83012854733039 7.15123996857931
-9999 -9999 -9999 -9999 -9999 -9999 -9999 -9999 -9999 -9999 -9999 -9999 -9999 -9999 -9999 -9999 0 0 0.673931449109509 0.979817410473831 1 3.03184779036027 4.77902481844647 4.10926464238711 3.83923510000001 3.53620572000005 2.83923510000001 2.91091794713912 2.91683397327775 3.4279780800001 3.83923510000001 4.57083487999994 4.96833384505491 5 5.79381987577873 4.83645171619562 4.69273676338757 4.83923510000001 4.83923510000001 4.790518997863 4.67847020000003 4.37595134260656 4 5.08283233953047 5.83923510000001 5.95685027963598 6.80302578000011 7.73387264119808 7.99129981838543 7.82192411999985 6.85350127755184 7 7.23159618000022 8 8 8 8.51730978000022 8.4112618199998 8 7.38601981380008 7.03166692661662
