catData/variables/futureClimate2070/rcp85/CCSM4_2070_rcp85/bio15.asc
NCOLS 409 
NROWS 350 
XLLCORNER 60.897278365 
YLLCORNER 5.843756025 
CELLSIZE 0.0892857 
NODATA_value -9999 
[rows 104 to 129 of 350, columns 236 to 294 of 409]
126.320313960001 128.214976396116 129.46375828 131.690752402007 132.607212283447 131.988569794109 131.309154248334 130.83984422 129.693964053556 128.077869313002 125.833669389452 124.097949259447 123.7318105 123.14308432 120.763075396345 119.253189900658 119.329225325545 118.205920980864 116.4310780883 116.333694839792 115.870416977452 114.302689084992 113.864750112565 113.156809690121 112.448869267677 112.186795825234 111.691188345579 112.020559718617 110.291357631607 106.349174662709 105.859072448899 107.137792878859 108.26639300438 108.631716028634 107.162831239436 109.280891036819 110.879980814836 112.608498620462 115.920751347319 115.266467354281 111.285674097083 112.062579658398 114.411791167378 115.962003601245 115.532749036404 115.323719850928 113.108872886086 113.373839060001 115.161815139999 113.656707380253 115.395938451723 115.545565103389 113.335596136253 112.23123457916 117.744180074364 120.111303372322 118.632443731572 115.75197316 111.992840790823
126.320313960001 127.73158538 128.80301378 129.87444218 130 131.1786322 131.126343726455 130.494933720338 130.095107894221 130.4106839 130.631347998014 131 131 130.653054183634 130.292759035034 129.3697844428 128.580191965283 126.043699297495 122.132172699144 119.863670172275 119.325516324069 120.059545405303 118.969894208579 119.2854712 119.131695303655 118.771323109317 118.005400947668 116.82196012 116.021645591876 112.502993934551 108.073435279999 104.77164972533 106.082925697779 106.801295055477 109.009868968966 112.400757865276 111.366726916494 105.497761667283 109.043127590703 113.37200258331 108.595018499998 106.227998415297 111.553707157409 113.972498119648 115.641202528 112.814664568467 111.073477707062 115.252432348704 116.306115439062 115.166281256586 114.209371070813 112.60607701118 112.994222465062 111.896536923165 113.597034303035 113.77946536671 110.887274981779 107.451406765524 103.510218365075
126.484156460012 127.73158538 128.80301378 129.452862849383 129.973903540826 130 130 130 130.23158418 131 131 131 131 131 131.66015458 132 131.612858336662 130.64344792 129.082166023756 126.358671759999 123.423258186598 123.619415911923 123.972509530812 123.853915065197 123.14344912 121.841111695221 119.448113859999 117.41127622 117 116.621123416059 114.818638405074 109.975807905909 107.970970119939 105.080607987933 109.789312041318 111.516297848055 112.436813640389 109.878984775469 114.876942232342 115.447921781847 108.539474725083 105.325236184287 108.404643003418 111.398330992928 115.606213187597 111.235502419998 110.515950940765 116.526224279827 116.914453819927 116.030046020491 115.511991762729 114.060436698008 113.169307465632 110.788917963248 109.733935846123 107.85833744 106.057362848289 102.98006166192 99.6554906557406
126.66015698 127.73158538 128.80301378 129 129.94587058 130 130 130.08865274257 130.656933610894 131 131 131 131 131 131.66015458 132 131.19698862 130.12556022 129.05413182 128.413718282001 126.296866555072 123.697825169637 123.66133682 122.422179952855 120.96493932 120.387121960432 119.180917206751 116.433628500136 114.608535700352 114.63725612636 115.230335352895 114.168175798294 113.780278689836 110.516260934994 109.252489308648 107.340660023275 106.967820891557 109.389721080002 113.94611058 114.563589225466 112.364203431271 109.017719220839 104.959682983368 107.728846980001 111.045939609215 108.154124523733 107.780040174939 114.327954567983 114.041527975956 117.750554565846 117.764011796387 117.133172779403 112.024522909945 108.418567269663 109.486412419026 107.92964344 104.325112868685 100.293234290635 97.4608476676999
126.66015698 127.274367123488 128.17804468 128.921530242237 129.94587058 130 130 130.060063366314 130.519763856549 131 131 131 131 131.367935670861 131.459971252553 131.3750309 130.57201952 128.954093277689 127.80419362 127.35773432 126.308481681796 125.30466234 123.39338732 122.397692738971 121.50046872 119.927508853948 118.038764668072 116.123938292805 115.167357981393 115.39921082334 115.801029580477 115.8749073 115.993228204258 115.008644952439 115.300234145833 112.92938904 111.162841576697 111.367113283083 112.406290495156 111.525532252439 108.944046083706 107.227988606056 106.629776378718 106.192115212658 104.820231820403 104.390738167377 105.32089428 107.448762821841 112.257108606863 118.089473650456 115.493587040629 115.723790002195 108.127388619969 106.851117649284 108.89232148 108.19759294 103.826718333944 99.0736968799997 97.1969958199998
126.200425309521 126.813076729669 127.80301378 128.87444218 129.94587058 130 130 130 130.070309536009 130.3036025 130.56436226237 131 131 131.178738740063 131.103177919125 130.490527441685 129.50059112 127.554722939999 126.35773432 125.60195371507 125.3036025 125.206356566897 124.46481572 123.6963975 123.582717011016 122.540829030613 121.324935329394 120.58966122 119.919080524457 118.766648226079 118.392795 117.783838994661 117.409230284528 117.099693612567 117.634611317094 116.902755524189 116.231523698716 116.026431301418 116.671910239662 114.8736625577 111.886335194118 109.681513176628 107.088226088659 105.325974142426 104.512410389591 104.658275646016 104.983563986826 104.750438073463 108.230367056898 111.690982661481 108.243459100423 108.420292711184 105.23277122 105.809426667498 107.82089308 108.356111817624 105.551783085062 100.143954291495 97.8933933199998
126 126.169855177175 127.03518788 128.10661628 129.17804468 129.2321741 129.300301280403 130 130 130 130.086935497535 130.574524157981 131 131 131 129.706688659957 127.812589784441 125.715468639999 124.51848002 124.2321741 124.2321741 124.2321741 124.178406808652 124 124 123.896481235199 123.7678259 123.63113948623 122.368617678254 120.30466474 119.7678259 119.564804188292 118.809391556192 118.754546980677 117.979400914839 117.644857829646 116.94623326587 116.908527017229 117.807177693802 119.141964022083 118.692471472068 116.388315026895 113.087792597926 109.663534402084 106.989421750017 105.86423797449 105.041567498974 105.78511768 106.782098359717 106.657000762717 105.2321741 105.161824098603 104.913066174119 105.078378851097 106.37882788515 106.464792038003 103.79498513618 99.9922361150898 98.1969958199998
126 126 126.129081012176 127.03518788 128.10661628 129 129.014262544807 129.1607457 129.355103718877 130 130 130.44586938 131 131 130.44596243007 129.311563901772 127.39397724 124.517243094543 123.21487752 123.1607457 123.235208520983 124 124 124 124.314249188351 124.8392543 125.273396672035 125.6785086 124.912239795719 123.05460174 121.843834160596 120.944633268754 119.89338852 118.15796573493 118 117.974256418614 118.033608290456 118.6785086 119.113133785859 119.982595928035 119.99444045565 118.66181154 116.412838501508 113.366176013351 111.456596610386 110.321836519999 108.456588211122 106.88557048144 109.280125134875 106.813511104404 106.6785086 106.6785086 106.6785086 105.930125096455 106.90285784723 106.018815833629 102.734335087298 99.8052726599998 98.8709205309829
126.9106827 126.244440550861 125.268709242692 125.96375948 127.03518788 128.0893173 128.170119789983 129 129.02068447368 129.365265614489 130 130.039823849174 130.0893173 130.0893173 129.42916272 128.35773432 126.48329454 124.262335139837 123.05413182 123 123.007924675656 123.235166212512 124 124 124.37443858 125.406043345188 126.42797808 126.9106827 126.25053052 124.44752154 123.10767372 122.03624532 120.103433317632 117.105066810537 118 118.145846726874 118.931366744957 119 119.37443618 120.406041159549 121.381772467718 121.716199391772 120.923618224055 119.024914552223 116.929805419608 115.67897852 113.66168674 112.42148759061 109.895431326133 108.8213654 108.8213654 108.8213654 108.480375034258 107.42499731391 106.064002227526 104.022082870743 101.769022539999 102.225756992925 101.911448785246
128.315874702199 127.25052572 126.17909732 126.85655328 126.999031684219 128 128.08872738 129 129 129.30301258 130 130 130 129.421805483761 128.35773432 126.567810154771 124.42975504 123.145695254219 122.07202072 122.03487606321 123 123.16015338 124 124.297589661191 124.988809394314 125.44586698 126.009253845323 126.0178889 126.006079503667 125.255332248162 124.17910212 123.10767372 121.09037954 118.964531573857 118.9821111 118.984976024866 119.227436679629 119.9821111 120.35654728 121.42797568 121.99136490239 122.578189802105 122.970301746601 122.938047942192 122.111072915591 120.177328219913 118.965660564582 117.892645058153 116.78605752 115.245642907731 111.491464654875 109.9821111 109.60767732 108.974135116048 107.92964104 106.364971685039 105.922714679068 108.810684448059 107.494494882951
129.71369648 129.32195412 128.25052572 127.225914517096 127.951666704164 128 128.08872738 129 129 129 129 129 128.972304135508 128.35773432 126.626151339999 125.175708933042 123.329891067779 122.07202072 121.00059232 121.01729658 122.08872498 123.32030676 125 125 124.979952745646 124.9464605 124.918764764003 124.892921 124.268113037641 123.9464605 123.14345152 122.118840060106 121.05413422 121.0535395 121.0535395 121.062113903394 121.119477644215 121.447403394963 122.087031874141 122.0535395 122.543136872497 123.58872138 124.035344089146 124.78511768 124.29352549079 123.23264402 122.110574567566 120.019881733255 117.85516856223 115.10754892 114.03612052 113.235251986915 112.806231717364 112.66002018 114.221043680992 115.223657939659 115.338385421303 116.145520481473 114.019303459999
130.702626448539 130.359839308609 129.32195412 129.1249679 128.17909732 128.1249679 128.202607205649 129 129 128.962133154204 128.8750321 128.8750321 128.35773432 127.28630592 125.554722939999 123.503290528686 122.19698862 121.12556022 120.05413182 120.89449019728 122.099812754429 123.425260628423 125 125 124.62556142 123.88856187966 123.297414137318 122.801460525533 122.7500642 122.7500642 122.047405565912 121.8750321 121.047369180208 121.877193317357 122 122.180164711654 123.385487268802 124.21206955405 123.703739216901 122.944281239753 122.939677117395 123.58872138 124.66014978 125.73157818 126.100350045989 125.141256616862 123.10827324 121.10767612 120.1249679 119.96481932 118.864451231121 117.393989239999 116 116.44586218 117.51729058 119.10386698538 121.195326860001 123.155336682165 121.517132998197
131.259304776582 131.3927926 130.58977882 130.221055391284 129.25052572 129.1963963 129.178970570859 128.968545997384 128.8036037 128.560101669565 128 127.912432903485 127.28630592 126.21487752 124.612946456939 123.26841702 122.19698862 121.12556022 120.23989683084 120.423988775686 122.356421002211 124.16015338 125.045481804739 125.1963963 124.674881016621 122.911869739999 121.600413902722 120.937710492114 120.6072074 120.750887119064 120.961311692539 121 121.185764539489 121.210293967037 122 122.288848900087 124.221281126612 125.30419962 123.85833504 122.248908973813 122.32089668 123.39232508 124.46375348 125.53518188 126.60661028 125.226469534662 123.10827324 121.986104261612 121.213820615087 121.201191431438 119.687761477962 117.393989239999 116 116.358296497538 117.32089428 118.276700450588 119.797851657114 120.554489876362 120.6072074
132.143507614879 132.928111934923 132.19698622 131.359755034526 130.575281624327 130.263191605871 129.91127262 128.83984422 128 128 127.899715456864 127.405720752937 126.48270222 125.41127382 124.33984542 123.26841702 122.412054901945 121.627581491746 121.5356494 122.28512128 123.35654968 124.385085049047 125.23158178 125.918846389444 124.709143460357 121.988851849841 119.55904006004 118.4643506 118.641155659563 119.659691229364 120.587943340834 120.966371228967 121.692539561231 122 122 122.16015098 123.169556702025 123.42916752 122.083586197578 121 121.51729298 122.58872138 123.129736529649 123.92810408 124.99953248 124.556286206188 122.825949415989 122 122.08872018 122.636811094606 120.03744436 117.207316864996 115.899717385202 115.7321753 116.110922685599 116.622024084203 117.39232268 118.267817016194 118.679414953607
131.66015698 132.48339277192 132.402582948415 132.3392531 132.018363573536 131.32195412 130.25052572 129.17909732 128.260687449024 128 127.62555902 127 126.48270222 125.611001001616 124.67909852 123.60767012 123.3392531 123.3392531 123.3392531 123.689934861616 124.397877855488 125 125.074452106463 125.01848362 123.699646089024 121.625669470305 118.787366959999 117.139526732591 117.66015218 119.46316116 120.272423285793 120.917034888079 121 122 122 122.105819263567 122.6607469 122.460535448689 121.62556382 121 121.341799732927 121.850017173598 120.661941139999 120.71381888 122.057669751585 122.618148577714 122.035770603841 121.99413371003 121.689269887805 121.50179496 118.366072968353 116.121283934481 115.41334094061 115 115 115.388994241006 116.32089428 116.6607469 117.46375108
131.24947548 131.889767081237 132.473230876309 132.948435726146 132.831032517201 132.39338252 131.28551542649 129.774071204036 128.452841658419 128 127.62555902 127 126.695146848237 126.168902549308 125.610958693146 124.979546115601 124.491581081944 124.4106815 124.4106815 125.4106815 125.374243792126 125 124.76841822 123.69698982 122.779336417692 121.96481452 120.071239002601 118.23263922 118.210402892489 119.573396050035 120.80300898 121.359115254875 121.4106815 122 121.963563277762 121.5893185 121.5893185 121.5893185 121.368656332057 121 120.787557343034 120.00059712 118.540130241875 118.43113255567 119.865551713216 121.412186249239 121.5893185 121.57202672 120.464162583397 118.69819126 115.810587421512 114.713757203967 115 115 115 115 115.66014738 116 116.473225218851
130.505730448776 131.24947548 131.905030993174 133.296019411956 133.971966909263 133.456470910482 131.822545239999 129.67968844 128 127.853914635357 127.323970823424 127 127 126.695104539767 126.4821099 126.4821099 126.066238256111 125.542643725108 125.4821099 126.473771047546 125.954050211235 125.404898369984 124.880066088798 124.17909972 123.30158935364 122.55413302 121.214802463922 119.89338612 119.800375801485 120.69580038 121.76722878 122.417082262172 122.4821099 122 121.91127742 120.922789627047 120.406243388266 120.181863250515 120.698409489296 121 120.48270702 119.41127862 118.33985022 117.647298916798 118.32089668 120.266760060001 120.5178901 120.50059832 119.340449739999 117.114653575889 114.88006857467 114.639033386549 115 115 115 115.567654497152 116.306103592643 116.129409973862 116
130.89338132 130.88016315245 132.247512662658 133.818385422235 134.523575592873 133.96540204 131.822545239999 129.67968844 128 127.864716488412 127.5535383 127.306732521373 127 127 127.365420843951 127.5535383 127.109040745834 126.609596129273 126.5535383 127.001852058978 127.057963925403 126.482035949704 126.1070766 125.80406642 124.525371924972 123.10767132 122.03624292 120.96481452 121.21369048 122.28511888 123.801043505674 123.623042019218 123.029965364111 121.990427009003 121.35773912 120.28631072 119.21488232 118.74946948 120.028162646536 121 120.769048496751 119.96481692 118.527970333033 116.863465277926 117.24946828 119.195331660001 119.970033307397 119.42916992 118.318131357612 116.768351212721 115.425351572172 115 115 115 115.286340148259 116.079219253266 116.4464617 116.119841133582 116
131.96480972 131.6249667 132.729137387859 133.87444218 134.35473296499 133.34043534 131.253030197878 129.67968844 128 128.189372772181 128.390953556385 127.55413062 126.676706113516 126.3750333 127.03518788 127.832248300787 127.698843992221 127.6249667 127.6249667 127.64226328 128.591691877958 128.2499334 128.2499334 127.94692322 126.50105624 124.80406642 123.409345633436 122.03624292 122.28511888 123.35654728 124.227276915398 124.047090163735 123.05413422 121.98270582 120.91127742 119.83984902 118.76842062 118.681747324682 120.764795616225 121.6249667 121.301675813356 120.41127862 118.679700439999 116.994055640946 116.926120907619 118.202377216185 119.32089668 118.35774152 117.28631312 116.314972249552 115.913150920986 115.6249667 115.390958056145 115 115.51729058 116 116 115.542789498973 115.3750333
133.03623812 132.6963951 132.940194018376 133.265484930615 133.3036049 132.281053864907 130.849483307331 129.094825040429 128 128.09199610405 128.189922783711 127.55413062 126.48270222 125.590013973006 125.96375948 127.544658682515 128 128 128.658697965798 128.71369168 129.75818274132 130.3927902 130.231517783159 129.39338492 127.94751794 126.25052812 124.66180434 123.10767132 122.896820536594 123.222111448833 123.3036049 123.3036049 122.35773912 121.29835430221 120.91127742 119.951377377732 119.626086465493 119.879787273493 121.37443618 122 121.48270702 120.001295935702 118.443030412058 117.777889279819 117.13718525242 117.87443498 118.287168756899 117.28631312 116.21488472 115.3036049 115.3036049 115.514616361906 115.886320069666 115.6963951 115.493208429624 115.3036049 115.3036049 114.57202912 114.3036049
134.10766652 133.206095052979 132.383427148892 132.2321765 132.2321765 131.21487752 130.122848707457 128.83984422 127.822184224368 127.46483667972 127.712495416193 127.128656107894 126.48270222 125.41127382 125.66015458 127.46316596 128 128 128.94586818 129.78512008 130.85654848 131.7678235 131.53624172 130.232154983056 128.53862558103 126.979609374882 125.362600789205 124.17909972 123.26094314262 123 122.383430834445 122.2321765 121.28631072 121 120.979400701905 120.7678235 120.7678235 120.838174785833 121.086935281746 121.2321765 120.317693813571 118.738944350516 117.57202672 117.2321765 117.045737242779 117.203023253134 116.505920369046 115.460338255041 115.14345632 114.2321765 114.2321765 114.53518188 115.2321765 115.574519959565 115.48270942 114.54796773226 114.2321765 114.062321795915 113.383434519998
134.33984302 133.26841462 132.870917060591 132.105374638995 132 130.98270102 129.91127262 128.83984422 127.962773283075 127.633656713022 127.100557423903 126.625803275683 126.077593464731 125.905363385145 125.945370494441 126.849183554027 127.834676926387 128 128.94586818 130.01729658 131.014262371958 131.026339071544 130.08991442 128.969777709284 127.78630952 126.643208850112 125.48270462 124.41127622 123.33984782 122.386019608232 121.35773912 121.1607481 120.21488232 120.175262273424 121 121.134407014252 121.644898465334 120.74570014492 120.1607481 119.786555404092 118.721049356321 117.57202672 117.05463027715 117.613978377564 117.8392519 117.105380681608 115.260318981195 114.14623594078 113.307234599633 113.1607481 113.355099520461 114.048707539125 114.474992361289 115.071671498297 115.077594622117 114.41128102 113.445970057055 113.1607481 113.031666703773
135.25052332 134.17909492 133.9106803 133.03623812 132.049294596444 130.998454860296 130.82195292 129.75052452 128.699781149482 127.69698742 127 126.55413062 126 126 126 126.73158298 127.071724735558 127.0893197 128.03518788 128.19593598 129.1786394 129.01848602 127.94705762 126.87562922 125.80420082 125.138814695106 125.043115031847 124.41127622 123.33984782 122.26841942 121.19699102 120.20366710445 120.00483525229 120.001544710969 120.170117605771 120.868458294977 119.94706002 119.151574835993 118.748328047267 117.73277482 117.132434946214 116.50059832 116.690505099696 117.73157818 118.731282273176 118.03624532 116.01895354 113.087775203398 113 113 113.020684386381 113.36526073036 114.033444312899 114.495357603841 115 114.41128102 113.941035834063 113.244448649197 112.268719912456
136.32195172 135.25052332 134.193461880442 133.984355092625 132.107290394308 131.965119221241 130.91127262 129.83984422 128.99585665796 128.67909612 127.9821087 127.53623932 126.474066049771 126 126 126.73158298 126.211355537503 126.0178913 126.034814111369 126.05307918 127.0357826 126.87562922 126.031639300899 125.71488112 124.64345272 124.0178913 124.525931593168 124.989466966235 124.32195652 123.25052812 121.390457614564 120.12556262 120 120 120.001587362296 119.85774032 118.78631192 118.0178913 117.64345512 116.57202672 115.509853363893 115.025249609174 115.67804108 117.467958775308 119.591646328375 119.966463921442 117.143549985491 114.947234992423 113.894975839356 113 112.772566233222 112.32089668 113.385625972912 114.44586218 115 114.989467052113 114.9821087 114.25053292 112.390467128685
136.910074480508 136.985629859648 136.239977249041 134.351467838434 133.16120362 133.03623812 131.96480972 130.89338132 130.041138754597 129.69698742 128.64560550419 127.60766772 127.025842477022 126.41127382 126 126 126 126 125.104770859339 125.01729658 126.004750078127 125.90195786752 125.1070742 125.1070742 124.73263562 124.50520032981 125.027694494489 125.64226088 126.0535371 125.32195652 121.884491952063 120.185821978543 120.0535371 119.983631700244 119.137509730363 119.83984902 118.780818708425 118.037314942181 117.62556382 116.10827084 114.48270702 113.968481564607 114.641955184787 117.15556796582 118.792460123574 119.827620267033 118.156013704723 116.03624532 114.876096739999 112.89338852 112.041139140064 112 112.728821461277 114.416195248117 115.544984817511 116.673774386904 117.1070742 115.604756194308 114.25053292
135.152879807085 136.698042812805 137.100349018525 136.25052332 135.17909492 134.109828295685 133.150115758594 131.96480972 130.89338132 129.82195292 129.078173295714 128.55413062 127.547346595726 126.53623932 126.1249655 126.1249655 126.1249655 126.1249655 126.1249655 125.26722758 126.327568418512 127.144979147208 127.278870732929 127.3748965 126.906874111262 125.67909852 125.64226088 126.71368928 127.1249655 126.39338492 123.71593856 121.376090739999 121.1249655 120.122804324149 120 119.859862367291 119.096026066989 118.734857738731 117.75052932 116.288954030172 114.667994244108 113.53624412 114.362769112668 116.46315636 118.60601316 119 119 117.230478344066 115.936438178346 113.819838372626 112.672396653094 112 112.421225084535 113.960972469746 115.969937684025 118.05247246 118.8750345 116.771728893135 115.19699582
