catData/variables/futureClimate2070/rcp85/CCSM4_2070_rcp85/bio17.asc
NCOLS 409 
NROWS 350 
XLLCORNER 60.897278365 
YLLCORNER 5.843756025 
CELLSIZE 0.0892857 
NODATA_value -9999 
[rows 112 to 139 of 350, columns 0 to 60 of 409]
-9999 -9999 -9999 -9999 -9999 -9999 -9999 -9999 -9999 -9999 -9999 -9999 -9999 -9999 -9999 -9999 -9999 -9999 -9999 -9999 -9999 -9999 -9999 -9999 -9999 -9999 8 8 8 8 8 8 8 8 8 8 8 8 8.04620685642838 8.6254928317404 8.33980941999978 8 8 8 8 8 8 8 8 8 7.96655294159577 8.35658568000024 7.92222658206694 5.82248043999978 5.54225572854117 8.08156115756073 7.37631854939185 5.25105323999966 6.72283277389036 6.80558310488598 5.99944128000018
-9999 -9999 -9999 -9999 -9999 -9999 -9999 -9999 -9999 -9999 -9999 -9999 -9999 -9999 -9999 -9999 -9999 -9999 -9999 -9999 -9999 -9999 -9999 -9999 -9999 -9999 8 8 8 8 8 8 8 8 8 8 8 8 8 8.58876218000014 8.33980941999978 8 8 8 8 8 8 8.15732376820012 8.75463670730444 8 8.3677756416859 8.99008781381894 7.96533724000006 6.97893547034314 8.92116665933424 9.96770784751393 7.58734175134224 6.96871326630508 7.9270451223522 6.03459904428617 6.98369889336179
-9999 -9999 -9999 -9999 -9999 -9999 -9999 -9999 -9999 -9999 -9999 -9999 -9999 -9999 -9999 -9999 -9999 -9999 -9999 -9999 -9999 -9999 -9999 -9999 -9999 -9999 8.05353949999997 8.01436885712548 8 8 8 8 8 8 8 8.0162250694489 8.05353949999997 8.05353949999997 8.05353949999997 8.05353949999997 8.01819322644207 8.03917051437969 8.05353949999997 8.05353949999997 8.05353949999997 8.05353949999997 8.13754826151127 9 9 9.0162249409541 9.05353949999997 8.60763651999977 8.08123716341947 9.28459856000017 10.6965748898739 9.49759645411521 7.3833651667064 8.79576562752883 10.0500843883502 6.15721384165635 9.17276507000638
-9999 -9999 -9999 -9999 -9999 -9999 -9999 -9999 -9999 -9999 -9999 -9999 -9999 -9999 -9999 -9999 -9999 -9999 -9999 -9999 -9999 -9999 -9999 -9999 -9999 9.48481209315691 9.04246496969464 8.26837861999999 8 8 8 8 8.0110925731955 8.1249679 8.15391298749224 8.51511303535943 9.1249679 9.1249679 9.1249679 9.1249679 8.46477731999978 8.76515799246924 9 9 9 9 9 9 9.02894478756929 9.39014303528237 10 9.66554413802853 9.76726717999997 11.3538792866891 11.3822773895404 8.89657884760792 7.52263260951216 9.77976163619146 12.0167714599999 8.14879522860396 9.59972215334974
-9999 -9999 -9999 -9999 -9999 -9999 -9999 -9999 -9999 -9999 -9999 -9999 -9999 -9999 -9999 -9999 -9999 -9999 -9999 -9999 -9999 10 10 9.64166685813309 9.6121295683919 10 9.46946647855787 8.46477492000002 8.03868029449217 8.17174427898279 8.19639630000003 8.19639630000003 8.28515968000006 9.19639630000003 9.38252713364282 10 10 10 10 10 9.4694684072067 9.05270903931824 9 9 9 9.0034040545815 9.19639630000003 9.19639630000003 9.38252520499399 10.0595171484811 10.1963963 10.6422992800002 11.71372768 12.7851560800001 12.0056784558554 10.2169330186615 10.4309151171946 11.2919189437197 13.4703677697553 10.4236733206188 13.3739134600003
-9999 -9999 -9999 -9999 -9999 -9999 -9999 -9999 -9999 -9999 -9999 -9999 -9999 -9999 -9999 -9999 -9999 10 10 10 10 10 10 10.1194251174062 10.2678247 10.2678247 10.2678247 9.73214959661207 8.94767618641345 9.20953856756996 9.01448755398348 9 9.06499035438054 9.77507861542098 10 10 10 10 10 10 10 9.26838102000002 9 9 9 9.01269048696145 9.75594768284022 10.0429026726417 10.2678247 10.4897076277553 11.1002935420461 11.7137276800002 12.6466019583509 13.5887597800001 13.8702559237561 13.9994190910535 14.0712988 14.0712988 15.895660698168 16.2424472405186 14.9334477798783
-9999 -9999 -9999 -9999 -9999 -9999 -9999 -9999 -9999 -9999 -9999 -9999 -9999 -9999 -9999 -9999 -9999 10 10 10 10 10.1028109844231 10.4662963905511 10.973138383321 11.3392531 11.1395128910648 11 10.7517951788087 10.6607469 9.78626871999986 9.0357420595754 9 9 9.1058462220405 9.73932476408762 10 10 10 10 10 10 9.51658502698385 9.06681678688805 9 9.32090092536794 9.3392531 9.42801408000001 10.4450977362479 11 11.1028093560082 11.8407693421363 12.9731352117359 13.5147593743923 14.2672659800001 15.9988825600004 17.1619195872236 17.3392531 17.0425852949675 16.3749983311606 17.3333737827114 17
-9999 -9999 -9999 -9999 -9999 -9999 -9999 -9999 -9999 -9999 -9999 -9999 -9999 -9999 -9999 -9999 10 10 10 10 10.0951231085883 10.5892750489571 11.37447938 12 12 11.4112354199999 10.7288709566841 9.85769712000001 9.58931850000002 9.07397233067959 9 9 9 9 9.13649805704743 9.71377494540729 10 10 10 10 10 10 9.19695261999981 9.35913102504407 9.96812033250131 10 10.1252134724079 11.4106815 11.5058026373171 12.12440918 13.2627325955475 14.1831241046809 14.92801288 15.9994412800001 17.4599307879556 18.3004613944992 17.7510900660921 16.7148451199998 17.3662472237261 18.8040328199998 17.821363
-9999 -9999 -9999 -9999 -9999 -9999 -9999 -9999 -9999 -9999 -9999 -9999 -9999 10 9.61284059380533 9.93948584497578 10 10 10.0427948613193 10.4821099 10.6020649411186 11 11.37447938 12 12 11.1273861872125 10.1759826915684 9.62110053034966 9.09495165086912 9 9 9 9 9 9 9.15694585940106 9.51789009999999 9.73286549816137 10 10 10 10 9.58410971206697 9.93499224915179 10.4560297696294 10.4904661084107 11.0561566656166 12 12.3432830047544 13.6390545164648 14.1805379023164 14.9280128800002 15.7500307001213 16.87260669866 18.1422980800002 19.21372648 17.8760199399997 17.0292287937844 18.3999947474343 18.5363401199998 17.639253080256
-9999 -9999 -9999 -9999 -9999 -9999 -9999 -9999 -9999 -9999 8.51733858000006 8.67409492679461 9.1066570800001 9.4464617 9.08792965852842 9.39042208636383 9.97005854874394 10 10.0887657800001 11 11 11.1677503242826 11.7207290006098 12 11.7136346103943 10.5948362847133 10 9.59501954507114 9.08793073003651 9 9 9 9 9 9 9 9 9.19907967399405 9.73282576111377 10 10 10.8099582528738 11.1070766 10.6230207633476 10.9758482882399 11.0173325800002 12 12 12.3350262478093 13.6142093672987 14.3744745800001 15.4459029800002 16.2863627326218 17.4051567722706 18.6601881800002 19.73161658 19.2829423461053 19.1070766 19.5293855167318 16.9826698199998 16.1283858865166
-9999 -9999 -9999 -9999 -9999 -9999 -9999 -9999 -9999 -9999 7.89237188000007 8.52218583311916 8.87256195200619 9 9 9 9.94590898000002 9.37503330000002 9.46379908000008 10.3750333 10.3750333 10.6780842800001 11.3750333 11.3750333 10.85769712 10.1542269766395 10 9.26837861999999 9 9 9 9 9 9 9 9 9 9 9.19401739471488 10.110946813439 10.6249667 11.630967160412 12 11.12552422 11 11.631466994675 12 12.1001130281936 12.7118310803721 13.30304618 14.3744745800001 15.4459029800002 16.840646265365 18.2137264800001 18.8725592517665 19.73161658 20.5018763711023 20.6249667 20.6249667 19.4500442637843 16.7137252800001
-9999 -9999 -9999 -9999 -9999 -9999 -9999 -9999 -9999 -9999 7.87761063215307 8.87514764008625 9 9 9 9 9.94590898000002 9.68432143352104 8.96513367152061 8.60720979999994 8.44590897023844 8.21386567999996 8.91081469999991 8.91081469999991 8.75374890080464 9.01722256856557 9.30360489999997 9.59097860817449 9.69639510000003 9.08741278039099 9 9 9 9 9 9 9 9.31052632169581 9.69639510000003 10.0538972655654 10.7633583849783 11.73161898 12 11.7345048682607 11.0376720639785 12 11.9381872884568 11.46379428 12.464902387065 13.30304618 14.6352568425867 15.8317734296527 15.9538616456752 17.3195933317384 18.76335671363 20.2411107813907 21.4994400800002 20.4784371461749 19.6448835353267 20.9548165848677 18.5433598201953
-9999 -9999 -9999 -9999 -9999 -9999 -9999 -9999 -9999 -9999 7.2402277216387 8.36849124653617 9 9 9 9.67144673961775 9.26115019258987 9.22815116779232 8.91123421999994 8 7.9462226800546 7.83818481585803 8 8 8.39722287640428 8.90452079950841 9.50691168457919 9.93768879133359 9.38339950724601 9.02914321684119 9 9 9 9 9 9.23268782136566 9.76782350000006 9.87135225045966 10 10 11.1671004218031 11.93768823411 12 12 11.05409582 12 11.91123902 11.0371922095856 11.6416358545022 13.7684181371785 15.4220050119701 15.9169260735284 16.2504921200001 16.1779120551835 18.1383571780529 20.4632331599999 21.186448172799 20.1546709512882 19.7803838353759 20.9919526789264 20.5768623128989
-9999 -9999 -9999 -9999 -9999 -9999 -9999 -9999 -9999 -9999 6.59492548620835 7.18928634675551 7.3214962 7.3214962 7.3214962 7.46206729172192 7.33019122869206 7.3360466291062 8.14647916951997 7.86555673006601 7.1607481 7.4150842107619 8.31428253117584 8.8392519 8.92241270799626 9.49412179241777 10.4994448800002 9.61122263350874 9.03165937365956 9 9 9 9 9.1344412557294 9.8392519 9.8879663834427 10 10 10 10 10.7663149613731 11.1607481 11.1607481 11.1607481 11.0086958002829 11.1462016993029 10.3817208622217 11 11.4632355600004 12.891810210589 12.5827963227667 12.9998253368196 13.9940037071892 15.803849492026 18.2657522555779 19.8492225551634 20.8347051252506 20.8594300656644 20.0454020339217 20.9854556135075 20.0862572930936
-9999 -9999 -9999 -9999 -9999 -9999 -9999 -9999 -9999 5.49540131649554 6.04620852676401 6.08931969999995 6.08931969999995 6.08931969999995 6.08931969999995 6.08931969999995 6.95074037367911 7.01733738000021 8 7.98569150390066 7.69974617935869 7.0270684226183 7.46379907999998 8.49539913086287 9 9.0525882756562 9.14828793891564 7.71539663999989 7.1786393999999 7.17863939999991 7.1786393999999 8.12089294957408 9.91068030000005 9.92498858173211 10 10 10 10 10 10 10.6601905800002 11.6662709921921 11.1793608710672 11 10.1385836975863 10.0877715591541 10.08876098 11 11.2523058106245 12.3382298922325 12.5696536771432 12.8519780395977 15.3702586726756 17.4259763738435 18.6298362901814 19.73161658 20.8030449800002 21 20.0540982200001 20.0877717735214 19.9112414199999
-9999 -9999 -9999 -9999 -9999 -9999 -9999 -9999 3.39237307999997 3.5879369456066 3.05367389999975 4.21014024666152 5.01789129999992 5.01789129999992 5.01789129999992 5.87672628559912 6.0169235413338 6.05225587173355 8 8 7.99585597093446 7.68447969599849 7.00669992293137 7.0258691698642 6.527702236797 6.05367389999975 6.05367389999976 6.02749458480789 6.01789129999992 6.87672392853829 7 7.01851159065527 7.22802447547865 9.17521704080644 10 10 10 10 9.49192199385807 9.01789129999992 9.67808188000013 10.7495102799999 11.7922035568206 11.1232784285227 10.9830765445444 10.9821087000001 10.9836967493216 11 11.0041439431873 11.3209374799999 12.3789662058937 13.4359894639863 15.0439184909189 16.60665108 17.0297029247847 18.4859261882821 19.8209362800001 20.8767192144166 20.0540982200001 20 19.9112414199999
-9999 -9999 -9999 -9999 -9999 -9999 -9999 -9999 2.30089601149603 2.9167985378977 2.94646290000001 3.56675075668508 4 4 4.04299308486588 4.92801768000007 5.94880485634686 6.87651661304662 5.94646290000001 5.94646290000001 5.95886330122774 6 6 6.02387260940864 6.02584042119772 6 6.03534481758956 6.74598959301681 7 7 7 7 7.08401124604864 8.098078476655 8.90532607273871 8.94646290000001 8.92641448847405 8.89292580000002 8.86522924968679 8.90242993941379 9.01715227820106 9.78515607999997 10.0535371 9.22587821728139 9.05643323332491 10.0164046439315 10.9512149054624 11.303226610288 13.575378995751 15.8393887 14.8362546582214 12.6669636151386 14.0397733545273 15.9244462912179 16.6066510800002 18.3313587999897 19.5994409806014 19.0518285263771 19.8417238418139 19.8938536075797 19.8624561969732
-9999 -9999 -9999 -9999 -9999 -9999 -9999 -9999 1 1.39018679140128 1.93968397431897 3.10395839996097 3.95753614575938 4 4.7026983628003 5.64023517707996 5.75006899999987 5.00433314872084 5.23883833991953 5.10494675419926 5.20267774847916 5.87503449999994 5.92183150296135 6.39018469131853 6.42234749440173 6.07357526012204 6.70265713415797 7 6.89964648271734 6.87503449999993 6.87503449999993 7 7 6.9799815541164 7.04876561679245 7.6251034999998 7.29742322304394 6.75006899999987 6.29738409448449 6.97898389979536 8.98794911407524 10.2652953483545 10.3997847826343 10.4844518030853 9.79064459761147 9.75223497452589 9.96379547999994 10.8950526459663 11.4053470966272 12.7879393174067 13.858069030619 14.2738740376936 13.2674003799998 14.2652541197123 15.3677924260078 15.9329226634559 16 17.6396677568319 17.8750344999999 18.0151645053914 18.8750344999999
-9999 -9999 -9999 -9999 -9999 -9999 -9999 -9999 1 1 1.51733858000006 2.47313673660663 3.46380148000003 3.94729254748693 4 4 4 4.83147094865231 6.35691863544126 5.6748730797674 5 5 5.30093391409221 5.80360609999993 5.80360609999993 6.39237068000001 6.80360609999993 6.51623414771667 5.45005444181124 5.38616658023492 5.78235886456365 6.80360609999993 6.78617351362454 6.478481108422 5.61747471046872 5 5 5 5 5.47313287929737 6.3341392772506 6.60721219999987 6.11959203368582 6.70273407111022 7.56374046906334 8.02073659298355 9.28515488000007 10.3880434970769 11.2108345235057 10.9697748011702 11.7300615767828 11.3364544705274 11.51733138 12 13.1907194285962 15.4105242934507 16 16.8744733800002 17 -9999 -9999
-9999 -9999 -9999 -9999 -9999 -9999 -9999 -9999 0.832472271627731 1 1.51733858000006 2 2.48338033487912 3.46380148000007 3.94725298186766 4 4 4 4.06499232463916 4.77508127373426 5 5 5 5 5 5.43108029602595 5.55536329765256 4.1970571607208 2.34115277909387 2.64027342253272 -9999 -9999 5.91123661999996 5 5 5 5 5.11942340445402 5.12926877717269 5 5 5 5.58797338367959 5.96638181469391 6 7.77148491144112 10.0649888101862 11.0096541718129 11.6619490931203 -9999 -9999 -9999 11.51733138 12 -9999 -9999 -9999 -9999 -9999 -9999 -9999
-9999 -9999 -9999 -9999 -9999 -9999 -9999 -9999 0.247438573997758 0.660749299999916 1.0025804045979 1.5212382101018 1.88472104480177 2.48341990049832 3.46380148000008 3.95741744890142 4 4 4 4.16019418000006 5 5 5 5 5 4.80026120409972 4.22452725059995 3.51658168530002 2.26376571999999 -9999 -9999 -9999 -9999 -9999 -9999 -9999 -9999 -9999 5.48266622 5 5 5.24820225109834 5.33925070000008 -9999 -9999 -9999 -9999 -9999 -9999 -9999 -9999 -9999 -9999 -9999 -9999 -9999 -9999 -9999 -9999 -9999 -9999
-9999 -9999 -9999 -9999 -9999 -9999 -9999 -9999 0 0 0 0.346972686543917 0.97838783551742 1.1786417999999 -9999 3.87448058000008 4 -9999 -9999 -9999 -9999 -9999 -9999 -9999 -9999 -9999 -9999 -9999 -9999 -9999 -9999 -9999 -9999 -9999 -9999 -9999 -9999 -9999 -9999 -9999 -9999 6 -9999 -9999 -9999 -9999 -9999 -9999 -9999 -9999 -9999 -9999 -9999 -9999 -9999 -9999 -9999 -9999 -9999 -9999 -9999
-9999 -9999 -9999 -9999 -9999 -9999 -9999 -9999 -9999 0 0 0 0 -9999 -9999 -9999 -9999 -9999 -9999 -9999 -9999 -9999 -9999 -9999 -9999 -9999 -9999 -9999 -9999 -9999 -9999 -9999 -9999 -9999 -9999 -9999 -9999 -9999 -9999 -9999 -9999 -9999 -9999 -9999 -9999 -9999 -9999 -9999 -9999 -9999 -9999 -9999 -9999 -9999 -9999 -9999 -9999 -9999 -9999 -9999 -9999
-9999 -9999 -9999 -9999 -9999 -9999 -9999 -9999 -9999 -9999 -9999 -9999 -9999 -9999 -9999 -9999 -9999 -9999 -9999 -9999 -9999 -9999 -9999 -9999 -9999 -9999 -9999 -9999 -9999 -9999 -9999 -9999 -9999 -9999 -9999 -9999 -9999 -9999 -9999 -9999 -9999 -9999 -9999 -9999 -9999 -9999 -9999 -9999 -9999 -9999 -9999 -9999 -9999 -9999 -9999 -9999 -9999 -9999 -9999 -9999 -9999
-9999 -9999 -9999 -9999 -9999 -9999 -9999 -9999 -9999 -9999 -9999 -9999 -9999 -9999 -9999 -9999 -9999 -9999 -9999 -9999 -9999 -9999 -9999 -9999 -9999 -9999 -9999 -9999 -9999 -9999 -9999 -9999 -9999 -9999 -9999 -9999 -9999 -9999 -9999 -9999 -9999 -9999 -9999 -9999 -9999 -9999 -9999 -9999 -9999 -9999 -9999 -9999 -9999 -9999 -9999 -9999 -9999 -9999 -9999 -9999 -9999
-9999 -9999 -9999 -9999 -9999 -9999 -9999 -9999 -9999 -9999 -9999 -9999 -9999 -9999 -9999 -9999 -9999 -9999 -9999 -9999 -9999 -9999 -9999 -9999 -9999 -9999 -9999 -9999 -9999 -9999 -9999 -9999 -9999 -9999 -9999 -9999 -9999 -9999 -9999 -9999 -9999 -9999 -9999 -9999 -9999 -9999 -9999 -9999 -9999 -9999 -9999 -9999 -9999 -9999 -9999 -9999 -9999 -9999 -9999 -9999 -9999
-9999 -9999 -9999 -9999 -9999 -9999 -9999 -9999 -9999 -9999 -9999 -9999 -9999 -9999 -9999 -9999 -9999 -9999 -9999 -9999 -9999 -9999 -9999 -9999 -9999 -9999 -9999 -9999 -9999 -9999 -9999 -9999 -9999 -9999 -9999 -9999 -9999 -9999 -9999 -9999 -9999 -9999 -9999 -9999 -9999 -9999 -9999 -9999 -9999 -9999 -9999 -9999 -9999 -9999 -9999 -9999 -9999 -9999 -9999 -9999 -9999
-9999 -9999 -9999 -9999 -9999 -9999 -9999 -9999 -9999 -9999 -9999 -9999 -9999 -9999 -9999 -9999 -9999 -9999 -9999 -9999 -9999 -9999 -9999 -9999 -9999 -9999 -9999 -9999 -9999 -9999 -9999 -9999 -9999 -9999 -9999 -9999 -9999 -9999 -9999 -9999 -9999 -9999 -9999 -9999 -9999 -9999 -9999 -9999 -9999 -9999 -9999 -9999 -9999 -9999 -9999 -9999 -9999 -9999 -9999 -9999 -9999
