catData/variables/futureClimate2070/rcp85/CCSM4_2070_rcp85/bio10.asc
NCOLS 409 
NROWS 350 
XLLCORNER 60.897278365 
YLLCORNER 5.843756025 
CELLSIZE 0.0892857 
NODATA_value -9999 
[rows 286 to 311 of 350, columns 174 to 231 of 409]
26.6566456245576 24.5919771315859 24.2904259389784 25.375107695605 25.579582261201 27.345133392497 30.6138775493059 32.207364706482 32.8842775476216 32.7440679856588 32.7391557141945 33.6385278549066 33.9030101739925 33.9605223071085 34.0226656422094 33.7254961033104 33.6823024715885 33.8409160649751 33.8470950452269 33.2813603988543 32.7647705960772 32.7881831666629 33.287798356913 33.3718819577632 33.8678553017551 34.3017245310389 34.508873458 34.6105831805224 34.66607757 34.66607757 34.6413349441747 34.555412342 34.4140872459727 34.3139511631283 34.2563781137707 34.2091051133303 34.2 34.112555302 -9999 -9999 -9999 -9999 -9999 -9999 -9999 -9999 -9999 -9999 -9999 -9999 -9999 -9999 -9999 -9999 -9999 -9999 -9999 -9999
24.8997435469866 20.1805012767203 19.7497305001919 20.5029172628039 22.0633356129423 25.3417899464953 30.3637236704841 32.645918391388 33.062296339832 33.3083857971047 33.3914841130206 33.539911417511 33.785677888 33.9125524317231 34.035893871318 33.7501476863623 33.6416437418307 33.856518823299 33.9297812549308 33.9441754389426 33.143034546967 31.6228544324119 32.7081497992657 32.8716467788715 32.959483859268 34.1876316460913 34.508873458 34.6 34.6 34.6 34.5846231843873 34.4960370298556 34.366138962 34.3073491124154 34.2728902782606 34.215818660271 34.1670238251973 34.1073994333344 34.1 -9999 -9999 -9999 -9999 -9999 -9999 -9999 -9999 -9999 -9999 -9999 -9999 -9999 -9999 -9999 -9999 -9999 -9999 -9999
24.4327624954572 19.4821800971389 20.1625081365437 21.8505731535085 25.6629312318927 29.8301190928936 31.9977596772194 32.45537567 32.6991605431288 32.846404628 32.9501576415285 33.1597338300714 33.420319100093 33.619441822 33.9657103872647 33.9529177257576 33.8459662784996 33.9373839060001 34.0750004369212 34.041126422 32.7680497926669 29.781104840135 32.0295557683069 32.4758067373032 31.8020729427041 33.2105263723534 34.324596470787 34.5113049345578 34.5406273072779 34.5181917908864 34.4962956329492 34.314408464 34.2017298727588 34.2304916144563 34.217600863708 34.2 34.119698142 34.1 34.0544011356347 -9999 -9999 -9999 -9999 -9999 -9999 -9999 -9999 -9999 -9999 -9999 -9999 -9999 -9999 -9999 -9999 -9999 -9999 -9999
22.5844024831341 20.3259351975278 23.2688030960668 26.9221443604466 29.8085302540073 31.5871778587931 32.0221658920838 32.1595851543165 32.3943508829552 32.532094228 32.733825086 33.0025036696539 33.1623964460001 33.3909845901198 33.7059037774742 33.9614216155341 33.983281137331 34.0445267460001 34.09808404015 34.083536726166 33.0768499044426 30.4438244775827 32.8780406427588 33.7126130039101 32.8445433958967 32.9056736484345 34.076180967301 34.4071511249022 34.421489912 34.3581785953082 34.3351345264887 34.1801534262857 34.151730498 34.2 34.2 34.1595057885263 34.1087950332706 34.1 34.005412462 -9999 -9999 -9999 -9999 -9999 -9999 -9999 -9999 -9999 -9999 -9999 -9999 -9999 -9999 -9999 -9999 -9999 -9999 -9999
23.1397460957924 24.7098302768053 27.9047364733563 29.5075615968344 29.9052931539499 30.8890102973465 31.7143187056157 32.0295453490452 32.2907230395252 32.534246999809 32.751669826 33.0028125367637 33.1746956758067 33.332033076 33.5636911658948 33.8431886469646 34 34.089175796 34.1611955215423 34.2059424057992 33.8003132700869 33.0684876610814 34.0417898718398 34.3577848620807 34.196953430698 34.1628774093283 34.2063391213753 34.4100091916379 34.439334652 34.36249379 34.325048972 34.217906132 34.1818959392139 34.2 34.2 34.126840982 34.1 34.0453524940657 34.0020300093639 -9999 -9999 -9999 -9999 -9999 -9999 -9999 -9999 -9999 -9999 -9999 -9999 -9999 -9999 -9999 -9999 -9999 -9999 -9999
28.7049323050709 28.8457766078483 28.4291226660694 28.2557644802932 29.4297682346504 30.8800168243099 31.6180948561303 31.949841864 32.1350482040056 32.3621683989434 32.514398237881 32.724915196 32.9365065222436 33.1454299406117 33.476682126 33.7212700240001 33.9564388464928 34.058126286445 34.2024104552347 34.328510208 34.257648603258 34.3018912836084 34.4439577811335 34.5305303379288 34.3788177410089 34.4977439080534 34.378510088 34.4633465076441 34.4233314752402 34.4 34.3886304913648 34.325048972 34.2336132545106 34.2 34.154028558386 34.1081498266763 34.1 34.012555302 34 -9999 -9999 -9999 -9999 -9999 -9999 -9999 -9999 -9999 -9999 -9999 -9999 -9999 -9999 -9999 -9999 -9999 -9999 -9999
32.0251081840457 30.2129703567248 27.2590736343954 29.0969037343935 30.5744011740502 31.2329496902835 31.5734549637518 31.7303560743619 31.788308218486 31.967772476 32.1600943169039 32.5280111895989 32.8177473960001 33.0394713260225 33.292759816 33.5140818316214 33.7646068821472 34.0020427797686 34.203461476 34.4040763991584 34.4461207457068 34.5204856354517 34.5722055127567 34.5970846480618 34.4834484386332 34.575048852 34.4856529280001 34.560763172 34.47677947 34.4535137718921 34.4 34.355412342 34.248269502 34.1547973631123 34.1078912235826 34.0438288937224 34.02322053 34.0029154076675 33.9273761896375 -9999 -9999 -9999 -9999 -9999 -9999 -9999 -9999 -9999 -9999 -9999 -9999 -9999 -9999 -9999 -9999 -9999 -9999 -9999
32.5267976144127 31.5592873078356 29.7482248038245 29.6719487999016 30.7617655170178 31.7830087238985 31.7640173904863 31.695684667294 31.7673915770336 31.9588126660001 32.173098346 32.505192574 32.8326414206882 33.1864362473284 33.330241066 33.5190964246732 33.712335174 33.951756602018 34.0761255356904 34.2004944693627 34.3036355729649 34.4667115772925 34.5834690656201 34.6 34.6641727185505 34.6836440666029 34.661824456139 34.583983702 34.5 34.469698022 34.3685754437591 34.271490032 34.164347192 34.1066122172237 34.0445976984486 34.0043154098789 33.9326088257935 33.91607769 33.9008701988617 -9999 -9999 -9999 -9999 -9999 -9999 -9999 -9999 -9999 -9999 -9999 -9999 -9999 -9999 -9999 -9999 -9999 -9999 -9999
32.6359728503557 32.7644885617964 32.7213528523333 32.5734805452482 32.5212435703324 32.320913089293 32.0441984946326 31.7733270302211 31.8534297825532 32.1455875885136 32.4574430564738 32.596257724 32.9023174028173 33.033886238 33.164188456 33.4033614385501 33.6782357757647 33.7723146756089 33.8256439621558 33.976743278 34.1440040680764 34.2886307779634 34.398171798 34.4975015639571 34.603522628 34.5178697 34.5170768698379 34.5075038177981 34.4789100962416 34.378632872 34.271490032 34.2049510096392 34.148269502 34.0463869064403 34.00303640352 33.9333776305198 33.9017599994405 33.9 33.813863716639 -9999 -9999 -9999 -9999 -9999 -9999 -9999 -9999 -9999 -9999 -9999 -9999 -9999 -9999 -9999 -9999 -9999 -9999 -9999
32.6235746406705 32.7623969260001 32.9011209865153 32.855411862 32.696538044 32.422323521294 32.1013410411129 31.780521506 31.860604676 32.0764573823343 32.1997700814827 32.506984584 32.8019510275555 32.8038710379626 32.8744391456303 33.1944906740001 33.478474136 33.602785000409 33.603646049996 33.7220681655949 33.8707834588122 33.9066870512192 34.224059367121 34.389236948 34.496379788 34.4983003948476 34.3930775652547 34.30358402 34.2804248819999 34.1732820419999 34.1029130051169 34.10179201 34.050061512 34.0007369938957 33.9351668385113 33.9004809930815 33.8211371593255 33.80179201 33.707204472 -9999 -9999 -9999 -9999 -9999 -9999 -9999 -9999 -9999 -9999 -9999 -9999 -9999 -9999 -9999 -9999 -9999 -9999 -9999
32.4947723333635 32.5915499058124 32.5489268628308 32.3951222459682 32.2862082911826 32.2096695474098 31.9858975359999 31.6069680794673 31.6573618228152 31.8742185688181 32.2732908279565 32.48929834 32.498172038 32.5758528551608 32.6186692821084 33.024951388 33.244429402 33.4922633473774 33.078220459848 32.9269932569263 33.4853968480002 33.9048614864752 34.0728432655009 34.182094108 34.2841757167984 34.2876603244271 34.1867253193054 34.1036368202435 34.0739684442077 34.0340314006706 34.1 34.055412342 33.9972319889939 33.9389260442317 33.8964675865427 33.821490152 33.7186441279084 33.695320982866 33.6895879516404 -9999 -9999 -9999 -9999 -9999 -9999 -9999 -9999 -9999 -9999 -9999 -9999 -9999 -9999 -9999 -9999 -9999 -9999 -9999
31.810886083292 31.5467817430156 29.5624300583185 28.5837026350752 30.1290980103439 31.2688599763879 31.3351441995819 31.2593175462536 31.3830634193439 31.8169569396132 32.158776714 32.28750633 32.2941627269102 32.3785436387748 32.5494085015682 32.886763163598 33.1451019700222 33.348489096836 32.963737104777 32.7530407084749 33.2211364880001 33.5987773248069 33.9234906422545 34.074951268 34.0993238148437 34.1 34.1077648374399 34.1594757808367 34.0298659554469 34.08750633 34.08750633 34.042918672 33.9422388697095 33.8926445594323 33.8214901519999 33.714347312 33.6774736808576 33.587567962 33.4922425768588 -9999 -9999 -9999 -9999 -9999 -9999 -9999 -9999 -9999 -9999 -9999 -9999 -9999 -9999 -9999 -9999 -9999 -9999 -9999
30.68422262625 29.1415924282983 27.649046035333 28.6118630184055 28.6219060580041 28.2136470655492 27.8917272697032 27.7227672287331 29.4384612009486 31.1948000035105 31.5395633947062 31.9220299390616 31.6924394879308 31.0629614301179 31.0637420163843 32.3217752812882 33.1049822714414 33.2716079829504 33.1055347659999 32.5717333660627 32.7090618285224 33.2854328000001 33.7896099409921 33.9849795619949 34.094587778 34.1 34.096515125065 34.06072698 34.0466631348985 34 33.9926471445689 33.9445312919219 33.8898419355872 33.821490152 33.714347312 33.607204472 33.500061632 33.392918792 33.38036349 -9999 -9999 -9999 -9999 -9999 -9999 -9999 -9999 -9999 -9999 -9999 -9999 -9999 -9999 -9999 -9999 -9999 -9999 -9999
31.3967341582801 29.9905508687133 29.1298270521303 28.6788750386648 28.1674964784006 26.6495533593666 24.2080993948621 22.8076769279722 27.4411989296981 29.2600381310549 27.8826337028737 29.0225473282617 28.2886227085869 26.8105362352226 28.5859793060005 31.3614283908888 32.9779179640233 32.9769983497892 32.8663236575464 32.3369591064087 32.7241454052382 33.4069511924856 33.7461812641193 33.9748898760001 34.0692577858722 34.1 34.0846293383749 33.9224902895015 33.916957271378 33.97322065 33.9458033108691 33.8880597150074 33.8353432431162 33.741126662 33.633983822 33.5072494725132 33.392918792 33.285775952 33.27322065 -9999 -9999 -9999 -9999 -9999 -9999 -9999 -9999 -9999 -9999 -9999 -9999 -9999 -9999 -9999 -9999 -9999 -9999 -9999
31.8144871561061 31.3041282919997 30.3655770947373 29.6643883271185 28.4394804528937 26.751690846771 23.7192745776226 22.2654972906337 25.2185495684102 25.2934475048642 21.8421224982282 23.525706700606 25.791534673739 27.2877859587721 30.026892952881 32.0812933526095 32.378333572109 31.5847300504295 32.1370917734225 32.191488149713 32.9180705093329 33.6212443440001 33.8351305357425 34.0130710179863 34.0018359442301 34.06607781 34.0602144232823 33.9894167810385 33.9260661032053 33.9 33.9 33.855412342 -9999 -9999 -9999 33.453681964 -9999 33.212555302 -9999 -9999 -9999 -9999 -9999 -9999 -9999 -9999 -9999 -9999 -9999 -9999 -9999 -9999 -9999 -9999 -9999 -9999 -9999 -9999
32.023159618 31.9035538101526 31.5092349848563 31.3720422012615 30.1232395718096 27.4802120127848 23.4779536828875 22.1078621189767 21.8895077159999 21.6226149321643 21.7226270548839 24.895353945434 29.8345551963387 31.1528582766536 32.3440342162886 33.0373195078248 32.2909255798315 30.9084101204796 31.8256129892112 32.8399106991123 33.3732520151399 33.8685413577365 34.0294560773657 34.0926006779768 34.044254721412 33.9992893211991 33.9625788581898 34 33.976840862 33.9 33.8846232742548 33.832657247134 -9999 -9999 -9999 -9999 -9999 -9999 -9999 -9999 -9999 -9999 -9999 -9999 -9999 -9999 -9999 -9999 -9999 -9999 -9999 -9999 -9999 -9999 -9999 -9999 -9999 -9999
31.926743878 32.0328005991189 32.0792641457429 31.7110116523973 30.3209438490078 27.7191327273906 24.7926274780068 22.9917502648035 22.5358022661301 25.2344886701878 27.114494132211 29.8036305647354 32.2567635115921 32.3557892880071 32.5508030310344 33.1237070217212 33.3170571145848 33.1092153737107 33.3159808476744 33.3474223616796 33.5816915481916 34.0165916480624 34.1 34.1421553420326 34.1026091169459 33.9991036760756 33.9528036229029 34 33.9656763348598 33.85179213 33.814347312 33.6841115742046 -9999 -9999 -9999 -9999 -9999 -9999 -9999 -9999 -9999 -9999 -9999 -9999 -9999 -9999 -9999 -9999 -9999 -9999 -9999 -9999 -9999 -9999 -9999 -9999 -9999 -9999
31.767808908 31.9052542060001 32.082094588 31.9853829936702 30.5117420851607 28.6779203693421 27.5965093393702 26.108499857151 25.148549169245 28.7717246943264 30.8426103959933 31.4662426056951 32.1873993566149 32.0966783175003 32.0214130130823 33.1789850028089 33.6536540456113 33.8493594362342 33.9910654887713 34.0397654954254 34.1098304257614 34.15535071 34.1109029286121 34.1390435439579 34.1024165186962 34 34 33.9911348653413 33.9111497613128 33.7832276400329 33.7279304446212 -9999 -9999 -9999 -9999 -9999 -9999 -9999 -9999 -9999 -9999 -9999 -9999 -9999 -9999 -9999 -9999 -9999 -9999 -9999 -9999 -9999 -9999 -9999 -9999 -9999 -9999 -9999
31.660666068 31.7602372025171 31.8733655440283 31.9471481896849 30.8584706434168 29.2789132584462 28.5489575083509 27.6558995196989 26.8755066297428 29.8870014401095 31.4134456705118 31.7040826452937 31.2461613262754 31.5886557584827 32.475741473299 33.3689265444863 33.7608458040438 33.9516693460001 34.1336266513826 34.2367921889042 34.221237546809 34.2 34.119697902 34.1 34.0408887396617 34 33.994454661088 33.921490152 33.8288202794856 33.769698022 -9999 -9999 -9999 -9999 -9999 -9999 -9999 -9999 -9999 -9999 -9999 -9999 -9999 -9999 -9999 -9999 -9999 -9999 -9999 -9999 -9999 -9999 -9999 -9999 -9999 -9999 -9999 -9999
31.607032096087 31.6092620721675 31.5834667084961 31.2042714659427 30.0585562331359 28.5901652199997 27.8930923277193 27.5944297307466 27.4268519338064 30.2790187648716 31.16403092 30.9049326763811 30.9920174352666 31.4040716965986 32.9621016932144 33.469743891295 33.8009655026246 34.027762783456 34.151730738 34.217876143617 34.2103186423025 34.2 34.119697902 34.1 34.005412222 34 33.9849473861806 33.8255004837388 33.7838728123417 33.700061632 -9999 -9999 -9999 -9999 -9999 -9999 -9999 -9999 -9999 32.2 32.2 32.183983942 32.1 -9999 -9999 -9999 -9999 -9999 -9999 -9999 -9999 -9999 -9999 -9999 -9999 -9999 -9999 -9999
31.6 31.616229529847 31.6823086714756 31.527270615305 29.8837892152423 27.7026588899996 27.4405757317891 26.8590174824009 27.6267930254029 30.326137730639 28.6078810037565 30.2988794911104 30.6461377769969 30.9060225376076 32.2488275973157 33.4909066540001 33.7835851467946 34.0020429127576 34.151730738 34.2 34.2 34.1438288850339 34.1045740045182 34.1 34.005412222 33.9986712448254 33.9122868267267 33.7877028097211 33.700061632 -9999 -9999 -9999 -9999 -9999 -9999 -9999 -9999 -9999 32.2327888786476 32.197342858191 32.04644154 32.0427224880087 32.02322077 32.016184473113 -9999 -9999 -9999 -9999 -9999 -9999 -9999 -9999 -9999 -9999 -9999 -9999 -9999 -9999
31.5355139608297 31.6048720079855 31.5906734896015 31.5713153791522 30.7260554402388 27.7922868211585 26.8300646619387 26.759363757232 28.2030021789242 28.159813763274 25.8164368487429 28.7338147542841 31.3535362205662 32.4687632090723 33.1325707233325 33.5493984753985 33.774890116 33.9517567090289 34.067808668 34.1654858553407 34.1445976554745 34.1043154357102 34.1 34.0266143979201 34.0008701732646 33.9157996824494 33.891126542 33.770542493181 -9999 -9999 -9999 -9999 -9999 -9999 -9999 -9999 -9999 -9999 -9999 32.0301472730364 31.91607793 31.91607793 31.91607793 31.91607793 31.9100576169604 -9999 -9999 -9999 -9999 -9999 -9999 -9999 -9999 -9999 -9999 -9999 -9999 -9999
31.502069332712 31.50893509 31.471489792 31.5347315234808 31.5321364406938 30.101158897505 28.2904430493747 27.3336151719593 27.2256990216204 26.3606963546446 25.5228223248622 27.8128951657204 30.8514853947797 32.796099228 33.3674088227323 33.6240746584503 33.774890116 33.9039839688154 33.960665828 34.1214218388195 34.133983582 34.1 34.0268729667282 33.921490152 33.90893509 33.8073591042758 33.7089967219999 33.6150080387181 -9999 -9999 -9999 -9999 -9999 -9999 -9999 -9999 -9999 -9999 -9999 -9999 -9999 -9999 -9999 31.9 31.9 31.9 -9999 -9999 -9999 -9999 -9999 -9999 -9999 -9999 -9999 -9999 -9999 -9999
31.4245367897464 31.5 31.5361030712932 31.5112348785165 31.3527186235467 31.0512065719503 29.8186419719996 27.7569158574404 25.9367508717918 26.1264790387569 27.1169638699585 31.9357317246556 32.6918465433436 33.043534033207 33.3467338299522 33.5618535944979 33.774890116 33.9 33.9009271441518 33.9617209897017 34.0672345594968 34.0281519388015 34.0003530356486 33.912555062 33.8071074714512 33.7017612329989 33.691126542 33.5842707541009 -9999 -9999 -9999 -9999 -9999 -9999 -9999 -9999 -9999 -9999 -9999 -9999 -9999 -9999 31.8004150653494 31.80179225 31.80179225 31.8455805500009 -9999 -9999 -9999 -9999 -9999 -9999 -9999 -9999 -9999 -9999 -9999 -9999
31.317809028 31.424951868 31.4966529543703 31.497614271547 31.3449923010715 30.7932338639999 30.4004788442858 28.4404326872156 25.7048425084013 25.2240659217982 30.2652229891618 32.406830820885 32.8217452991979 33.132033076 33.346318756 33.5606044360001 33.774890116 33.944587898 33.948269262 33.958873578 34 34 33.919697902 33.812555062 33.7949389958091 33.692918792 33.5769024939999 33.378633112 33.270251121478 -9999 -9999 -9999 -9999 -9999 -9999 -9999 -9999 -9999 -9999 -9999 31.791126782 31.7 31.6987608623195 31.69464941 31.69464941 31.7368511380713 31.7920666940115 31.853522508 31.9641975901771 -9999 -9999 -9999 -9999 -9999 -9999 -9999 -9999 -9999
31.210666188 31.317809028 31.424951868 31.4484890198093 31.348269022 30.89523863324 29.8285412789552 27.5228014593675 25.5903438877496 25.823010617731 31.2323751823764 32.392699144 32.7230013620001 33.1175386310366 33.3242252966789 33.5481110060001 33.762396686 33.932094468 33.948701719081 33.9640116787441 34 33.9908598993133 33.907204472 33.800061632 33.692918792 33.585775952 33.4708682532637 33.283983702 33.1507883533053 32.96099034841 -9999 -9999 32.4905084875562 -9999 -9999 -9999 -9999 -9999 -9999 -9999 31.791126782 31.697999045005 31.6672410127104 31.5962142735742 31.5921846821412 31.5944295021433 31.639236828 31.7537349372875 31.9237842209972 31.9966466107183 -9999 -9999 -9999 -9999 -9999 -9999 -9999 -9999
