catData/variables/futureClimate2070/rcp85/CCSM4_2070_rcp85/bio11.asc
NCOLS 409 
NROWS 350 
XLLCORNER 60.897278365 
YLLCORNER 5.843756025 
CELLSIZE 0.0892857 
NODATA_value -9999 
[rows 182 to 207 of 350, columns 116 to 173 of 409]
25.7 -9999 -9999 -9999 -9999 -9999 -9999 -9999 -9999 -9999 -9999 -9999 -9999 -9999 -9999 -9999 -9999 26.5365291463215 26.6 26.6039830914729 26.6043117736298 26.6 26.5398799081646 26.435772712 26.314283040082 25.9412834779999 25.5296112095069 24.8499797433493 24.6334119953564 24.2847610422253 23.1258041779732 23.451529591521 23.8268581888633 24.0129160000339 24.0271081298622 24.1051244176567 24.4117688672745 24.7576092543772 24.92320793252 25.1913787051657 25.22679879 25.4122409467884 25.6 25.598569210994 25.5931359239032 25.6551915583991 25.7513785693953 25.655411622 25.6424889910158 25.7462673763893 25.79106707 25.717907332 25.69106707 25.7863239259782 25.894588258 26 26 25.985413989567
-9999 -9999 -9999 -9999 -9999 -9999 -9999 -9999 -9999 -9999 -9999 -9999 -9999 -9999 -9999 -9999 -9999 26.530303178 26.6 26.6 26.6 26.6 26.4043114069636 26.1585693777464 25.8673360900218 25.7168084711734 25.4181207424599 25.1757718344368 24.1024148047607 22.9596283613288 22.7221316768035 23.2843129082743 23.7020109393822 23.9243224780403 24.298030656687 24.3938935429211 24.4641921665569 24.719479934 24.9591681432853 25.260546884 25.3911051887562 25.4017623305084 25.50179009 25.5175203889625 25.6227452756979 25.7290550535666 25.762554462 25.655411622 25.651731218 25.7010538986248 25.7666252261106 25.798690374846 25.7193448204185 25.7015653516831 25.8892733910523 25.90179009 25.90179009 25.9015033752587
-9999 -9999 -9999 -9999 -9999 -9999 -9999 -9999 -9999 -9999 -9999 -9999 -9999 -9999 -9999 -9999 -9999 -9999 26.5 26.5422021279034 26.5456846204647 26.441125462 26.1948803755981 25.796653628 25.4569821698741 25.0548971683051 25.0695628959602 24.6415284690413 24.0002823535043 23.4472354022224 23.6375847044371 23.8414873399448 24.1468072857638 24.21844496725 24.3738363183819 24.6306554520138 24.7107055 24.7799494072776 24.965958386 25.0974791554586 25.299882496 25.4139828276104 25.608874178 25.715159667069 25.7934075607009 25.7909165276672 25.7926428839647 25.7375460087898 25.6131979036855 25.5603293811396 25.628547648 25.7317744301242 25.6854722144878 25.663202765388 25.757119008 25.7627160726964 25.7653123114326 25.699958528
-9999 -9999 -9999 -9999 -9999 -9999 -9999 -9999 -9999 -9999 -9999 -9999 -9999 -9999 -9999 -9999 -9999 -9999 26.5 26.5 26.5 26.4337687411171 26.0491682591163 25.5915097488844 25.3971670111148 25.0798904833422 24.60003662266 23.7547208235495 23.3457754402237 23.7075245697778 23.8935600184414 24.1700862917809 24.299841744 24.532093028 24.6845031751073 24.833883118 24.8915072817884 24.909141770895 25.0630669151043 25.274891316 25.4773576051027 25.575441501796 25.6077652971013 25.6855029891005 25.6402731183989 25.5439696552969 25.5313779883929 25.270346979805 24.8944083634197 24.803752768904 24.9242837389048 24.9807967118111 25.0577727070937 24.9766365810929 25.057101488 25.0905339841829 25.271387168 25.378530008
-9999 -9999 -9999 -9999 -9999 -9999 -9999 -9999 -9999 -9999 -9999 -9999 -9999 -9999 -9999 -9999 -9999 26.48036157 26.4877153800327 26.5 26.4796814134009 26.3082879592011 25.8705274648317 25.5236219005994 25.2667686543336 24.7293090449331 24.3768590984999 23.5575237667334 23.4893313705327 23.6323240839987 23.7972595703663 23.8546773385341 24.0823072736965 24.2635919061355 24.4548994326692 24.6115209958007 24.792757416 24.9482505890675 25.060664388 25.255252886 25.3563743720322 25.3831442307976 25.5375992115308 25.4606269050558 25.1470940500055 24.7864526305393 24.5660561703778 24.2676130188033 24.271856956965 24.4651014653315 24.6583459736981 24.8515904820647 24.9315403311375 24.7643860239999 24.7967138203289 25 25.008873938 25.1128713342642
-9999 -9999 -9999 -9999 -9999 -9999 -9999 -9999 -9999 -9999 -9999 -9999 -9999 -9999 -9999 -9999 -9999 26.3813343059188 26.4274174988152 26.47321873 26.3420465225661 25.941050848983 25.6096989130036 25.5001259089697 25.2075499655624 24.8597861541419 24.2081991546268 23.8277087471589 23.8697250195365 23.728653104 23.537527522 23.5575528370688 23.6706745176391 23.638763590945 24.0438755356743 24.395720625416 24.614354048026 24.819538686 24.9750276625062 25.1046341426833 25.0183281858467 24.97862476 24.9703828742818 24.7630444821827 24.1151038443078 24.160605396 24.3849194666347 24.5387226039008 24.605293758 24.6966693775671 24.792798168 24.899941008 25.0658803757689 24.9953661444916 24.885755552 24.9995363899707 24.982092668 25.07321873
-9999 -9999 -9999 -9999 -9999 -9999 -9999 -9999 -9999 -9999 -9999 -9999 -9999 -9999 -9999 -9999 26.3078569385395 26.3436671211236 26.3787791183369 26.4 26.2281722442688 25.832350068 25.4497403696591 25.2159672868306 24.9835446662707 24.790692386744 24.2325000849466 23.937387266 24.1458090953242 24.2466811284458 24.112536342 24.0557193759797 24.10177233 24.0723100038178 24.104060482567 24.3034825039238 24.441849081486 24.6354423874127 24.8860753223114 24.8150409607898 24.5161385963266 24.2351090989924 24.219520686 24.3594387812202 24.1287910560737 24.160605396 24.412336614 24.644588378 24.7692805732987 24.8538966101974 24.9114694729039 25.007083848 25.114226688 25.221369528 25.171424076691 25.032193012 24.9397876435116 25
-9999 -9999 -9999 -9999 -9999 -9999 -9999 -9999 -9999 -9999 -9999 -9999 -9999 -9999 -9999 -9999 26.3356935547211 26.3124521039153 26.322068080511 26.35893305 26.2342250234482 25.9549018792495 25.7868443027708 25.5655941514162 25.3856681427093 24.9888612663738 24.273611034 24.0020409434571 24.1429038416057 24.4131555986685 24.4684849478656 24.42320085 24.4078230110716 24.3821339 24.3821339 24.323259602 24.2821339 24.3814355476589 24.6257966358834 24.6096416279441 24.6219453355382 24.6228915274216 24.6157943975157 24.6968900469058 24.4906889965246 24.324873196 24.5458489332646 24.726722278 24.8643519025696 24.9757632280382 25.0271111264932 25.0841822149754 25.180302578 25.2515342519127 25.2977775626187 25.1400467611501 25.074845388637 25
-9999 -9999 -9999 -9999 -9999 -9999 -9999 -9999 -9999 -9999 -9999 -9999 -9999 -9999 -9999 -9999 26.2943039836869 26.1484926964771 26.2337375633588 26.1605880303896 25.951965746 25.7199030108667 25.6860504904865 25.2989285225387 24.9610957186223 24.3474888082105 24.105602075488 24.19283916 24.2155018171555 24.480244306 24.6593752246096 24.69641958 24.658973802 24.59641958 24.59641958 24.5659284574298 24.54462937 24.471469392 24.4890935462344 24.6296030260859 24.79178586975 24.897316243586 24.943931567422 24.8127666157738 24.3888665867183 24.5459965289299 24.6531309175317 24.699959008 24.8569808711245 24.95179021 25.017807108 25.05179021 25.132092788 25.1939474623824 25.2489874574535 25.24820979 25.2304619139999 25.0404881349614
-9999 -9999 -9999 -9999 -9999 -9999 -9999 -9999 -9999 -9999 -9999 -9999 -9999 -9999 -9999 -9999 26.3243311845996 26.2149224520137 26.1832813377933 26.1155371251799 25.910862796 25.4853657880832 25.487346874 25.2718217463302 24.5401847182796 23.8739806627401 23.9689255353327 24.2921701618905 24.4691392717602 24.6250078288862 24.6975206512928 24.7228416863005 24.8040086678939 24.81070526 24.81070526 24.81070526 24.7741630378663 24.7226886239304 24.6748521637271 24.7925457344762 24.905293758 25.05535263 25.046478452 24.8786968668423 24.494964361971 24.585655328 24.5764529117987 24.5632782676921 24.865898914 25.01070526 25.0401800687126 25.0958484690841 25.0576590713576 25.132092788 25.14464737 25.2456055782709 25.2871640820675 25.1304701441357
-9999 -9999 -9999 -9999 -9999 -9999 -9999 -9999 -9999 -9999 -9999 -9999 -9999 -9999 -9999 26.4939927126573 26.46249547 26.420827227516 26.32499094 26.2971249236253 26.1396303438041 25.6496630932334 25.4205070613489 25.2637456980921 24.3769009309569 23.9563784698032 23.9841046163802 24.2666080461905 24.5122027267612 24.5974642873271 24.3933105761951 24.4920574295269 24.712454838 24.8307407927712 24.9 24.9367937692443 24.9377360526736 24.92499094 24.92499094 24.9577870230383 25.057083968 25.16249547 25.1591672512497 25.1069696180373 25.0182652162169 25.0109575473867 24.9078505609014 24.9043589364141 25.0780207283484 25.2360827085104 25.2462288393155 25.2524291558861 25.2022612610864 25.2749318280001 25.2283730335981 25.1381537701687 25.1716809312606 25.1355002560699
-9999 -9999 -9999 -9999 -9999 -9999 -9999 -9999 -9999 -9999 -9999 -9999 -9999 -9999 -9999 26.5111543149115 26.56963831 26.539335132 26.4435615359025 26.479614850638 26.5111149242215 26.2179420218505 25.8531689429634 25.5509235745925 24.7629846794084 24.3173347354054 24.373141978 24.509966402689 24.5352527649772 24.1515635513386 24.0465017696831 24.321270504 24.567807468 24.719538926 24.8663866030896 24.958874298 25.0459732192136 25.06963831 25.1255598353376 25.13927662 25.1679952865384 25.2708439845236 25.33927662 25.33927662 25.3140520768712 25.1486540072284 25.0389526995008 25.2006889028956 25.291007838 25.3750269379608 25.3799561540816 25.36963831 25.4255596682056 25.4658265267324 25.4409197163296 25.235660097825 25.03036169 25.046378468
-9999 -9999 -9999 -9999 -9999 -9999 -9999 -9999 -9999 -9999 -9999 -9999 -9999 -9999 -9999 -9999 26.6412156022794 26.5627170576648 26.6448677652496 26.6956383481115 26.7647696446389 26.6221432333336 26.3169628400282 25.8752974325542 25.3577682816702 24.7766193757755 24.5112080547725 24.4437786489969 24.1783039702339 23.0596172013451 23.4853600127566 24.0070511582801 24.3358536269748 24.535614936 24.698169158 24.8957207241177 25.066017138 25.1 25.180302818 25.2671417818375 25.27678115 25.301731338 25.4068136959215 25.47678115 25.4660262446215 25.3859688760109 25.2524867904996 25.2103529086053 25.274950068 25.3684230287841 25.4506885334787 25.47678115 25.495426485132 25.5 25.5 25.451027319904 25.3003110883533 25.209466628976
-9999 -9999 -9999 -9999 -9999 -9999 -9999 -9999 -9999 -9999 -9999 -9999 -9999 -9999 -9999 -9999 26.7570403937471 26.6775910638512 26.6685738075983 26.7355063654581 26.88392399 26.766174914 26.4858718559999 26.1409208480766 25.9327403290968 25.3788685519999 24.0671860097571 23.7207852959572 23.2554363251231 23.1023399279978 23.6101694363296 24.2314762773432 24.4638115440317 24.5356806786886 24.651731458 24.8272132340339 24.982093148 25.01607601 25.096378828 25.2769095532754 25.3793824416027 25.385655328 25.492798168 25.58392399 25.5644873130881 25.4951285352392 25.4404587035666 25.36784798 25.3761642957788 25.343979130903 25.382092908 25.41607601 25.41607601 25.4894636938578 25.5 25.4997217085124 25.475050052 25.365332353167
-9999 -9999 -9999 -9999 -9999 -9999 -9999 -9999 -9999 -9999 -9999 -9999 -9999 -9999 -9999 -9999 26.8889978776339 26.88213366 26.7423849373385 26.6426997440001 26.8560435874738 26.8358660994337 26.5328947626062 26.4470181114148 26.383964262 26.1581287610945 25.0542594309345 23.6918702991615 23.7617127634607 24.074737332 24.4462419835591 24.5999842839331 24.7162343429934 24.817789108 24.8778217490866 24.9462672991267 25.057083968 25.09106683 25.171369648 25.2863241572868 25.3084497513268 25.310664508 25.417807348 25.5235193605531 25.5979310905131 25.59106683 25.587721756433 25.58213366 25.535023679647 25.5394222486259 25.5189783954541 25.49106683 25.4179378178071 25.4078116478472 25.3227946418872 25.4105096260728 25.4992072760328 25.475050052
-9999 -9999 -9999 -9999 -9999 -9999 -9999 -9999 -9999 -9999 -9999 -9999 -9999 -9999 -9999 -9999 27.09641934 27.0368980377734 26.8605427601178 26.7970238731043 26.9025372278912 26.8236941530323 26.6970626143058 26.9114900453382 26.8318799237383 26.5320665561456 26.5688963413637 23.8862468787228 23.3442904406322 23.7554998557751 24.0093662921825 23.9517636717696 23.8903341230026 24.1902822617861 24.4597569441879 24.566035618 24.8028488847465 25.0472810059317 25.180302818 25.2015655658489 25.2946853817437 25.2018213266636 25.221170138929 25.4335376085216 25.6 25.6297601797069 25.69820967 25.69820967 25.646478452 25.5992637099226 25.6636530573401 25.6245694027373 25.5967719888553 25.510539483552 25.403621412 25.4000309923668 25.40179033 25.4015035768184
-9999 -9999 -9999 -9999 -9999 -9999 -9999 -9999 -9999 -9999 -9999 -9999 -9999 -9999 -9999 -9999 27.1793189808149 27.1090830393672 26.9635856454322 26.8135536429167 27.0193355473827 27.1664282924661 27.1982853364816 27.0561588699689 27.00535251 26.917906612 26.7111121623397 26.0723028572837 23.8717031855523 22.7569043666553 23.3474637509469 23.7584973015735 23.9133696660481 24.1377725888135 24.451731458 24.558874298 24.6695507119132 24.9130847585846 25.069597798 25.079933904822 25.1782413168143 25.101731338 25.2172733647352 25.410664508 25.4934078562846 25.519597678 25.626740518 25.6916815773913 25.69464749 25.69464749 25.69464749 25.6985633722924 25.6957017964823 25.611882596743 25.6 25.503621412 25.40535251 25.4036379107117
-9999 -9999 -9999 -9999 -9999 -9999 -9999 -9999 -9999 -9999 -9999 -9999 -9999 -9999 -9999 -9999 27.3413137962943 27.2708327075433 27.1750093 27.2307412257362 27.3 27.292643420416 27.1719680988838 27.0942120994003 27.0774705018422 26.9220033759055 26.427163884021 24.3159731882425 23.8033266687687 23.8715219784475 23.9631288786108 23.7734651030197 24.1123512638294 24.322323215517 24.401750058 24.5162494475951 24.694548226 24.771655545311 24.8252097634931 24.6626319339999 24.8030619182303 25.0769569747428 25.1952699683993 25.291026318 25.3547433473166 25.3064480634764 25.3921430890325 25.507102328 25.5689779467484 25.5676527803937 25.5707629924642 25.648169038 25.6047408101801 25.58750465 25.58750465 25.598268902 25.5 25.4699677964698
-9999 -9999 -9999 -9999 -9999 -9999 -9999 -9999 -9999 -9999 -9999 -9999 -9999 -9999 -9999 -9999 -9999 27.296640275015 27.0662682901623 27.1685371107357 27.2905209791435 27.1717541001956 27.159958568748 27.053679564 26.919696942 25.9959412568601 24.1804178445223 23.1882934519567 23.7729370092047 24.1449062744412 24.3476862861482 24.1965233496201 23.9410541649694 23.7868560518303 23.9528604539763 24.1114813025024 24.346807896993 24.5089745134836 24.4277898539226 24.225108684 24.107122655223 24.7470371628919 24.9821708599999 25.0013333304271 25.1109054038355 25.0923818368167 25.055252886 25.2337065383896 25.3415721431198 25.3446113507415 25.385655088 25.4784306796481 25.5 25.5171726973332 25.51963819 25.5793106246286 25.5178955091951 25.4871286272955
-9999 -9999 -9999 -9999 -9999 -9999 -9999 -9999 -9999 -9999 -9999 -9999 -9999 -9999 -9999 -9999 -9999 27.3778123251911 27.3541986186856 27.310822284 27.251731698 26.9351798570524 26.9173261537335 27.0301448035145 26.9034659998922 24.8681930667082 23.4013531726009 23.5544895288473 23.6532406463594 24.158815546 24.349941128 24.4489685290833 24.3629129351996 23.9674919691631 23.6535378528543 23.6671163803613 23.9268092844671 24.165976866 24.3644774933383 24.295365227708 23.8580641480519 24.0787533115525 24.3976290725449 24.4698929312086 24.6516004930379 24.8626686892844 24.9648627752346 25.162395726 25.27321897 25.3478601071352 25.4483368927416 25.47321897 25.47321897 25.5372456043718 25.5717696497515 25.5012674921253 25.5667215639979 25.5
-9999 -9999 -9999 -9999 -9999 -9999 -9999 -9999 -9999 -9999 -9999 -9999 -9999 -9999 -9999 -9999 -9999 -9999 27.4 27.3259485502224 27.2505567800434 27.0106054562657 26.6117044765098 26.9384858117381 26.6411555859843 24.8093561127575 23.7787620761101 23.7718983142697 24.007321041821 24.1017727097815 24.3292452895374 24.4629920478799 24.5466269270492 24.4643342556102 24.112136815122 23.8047240413662 23.8453341879272 23.9984541743425 24.3278933184154 24.5171106093406 24.314334534193 24.1380141548524 24.2843572413918 24.4193947029074 24.3794229812794 24.611545741752 24.8229709523681 24.953481276 25.0994029822875 25.2299280171003 25.29822839 25.29822839 25.2709866478326 25.2939693899233 25.4249046456792 25.3994029008702 25.469086513191 25.5
-9999 -9999 -9999 -9999 -9999 -9999 -9999 -9999 -9999 -9999 -9999 -9999 -9999 -9999 -9999 -9999 -9999 -9999 27.35893329 27.314344432 27.1859570856043 26.9927387404901 26.6683752031728 26.7711480692628 25.5745322145998 24.2816390714324 23.9349894614543 23.9866170518844 24.2274356270255 24.0828966568575 24.0862313054373 24.267708684 24.545001146117 24.6692779073412 24.5694278616713 24.3118216832242 24.2171285547745 24.22320013 24.2992199570506 24.5286689507785 24.580877944501 24.526662806 24.7247856421117 24.693015656 24.3471920353936 24.1196109886705 24.3279106804984 24.442776496 24.657062176 24.8366514366641 24.8675554819473 24.85359974 24.8062747888298 24.9539337804368 25.0882878147861 24.998128646 25.2108288567681 25.3899549975452
-9999 -9999 -9999 -9999 -9999 -9999 -9999 -9999 -9999 -9999 -9999 -9999 -9999 -9999 -9999 -9999 -9999 -9999 27.2216334567707 27.2286976797919 27.096536604 27.0042164766625 26.968243070278 26.3028665592318 24.6449948878781 24.3807336478385 24.3438502669405 24.1990474700383 24.365958386 24.4990106520166 24.2298823709746 24.2399202838603 24.4244420018644 24.619471713911 24.7266679513307 24.6872270222629 24.5467849468473 24.5316891961739 24.3453093868048 24.432284599351 24.6865681352375 24.7508375557412 24.89540402328 24.8156019606025 24.5383359606121 24.1429351262817 24.0459695372702 24.0943945932278 24.2303134985927 24.3929460975715 24.4211809014497 24.4035809 24.4035809 24.5394460264598 24.55895225 24.510623996 24.7380616995772 25.0719616728034
-9999 -9999 -9999 -9999 -9999 -9999 -9999 -9999 -9999 -9999 -9999 -9999 -9999 -9999 -9999 -9999 -9999 26.9967561114621 27.0060139720772 27.0833048271534 26.9552800203082 26.7260182917689 26.821329976 25.8245562388078 24.6481047813842 24.5818407915001 24.5476428728462 24.5221826681923 24.5690693986153 24.6017146122309 24.6003643497694 24.56605717 24.5827758149229 24.630612532269 24.7015461092303 24.8098242720775 24.7964022413852 24.7582255553071 24.6033429940007 24.56605717 24.5880376924595 24.802689674962 24.95535239 24.9482011742697 24.8772045989236 24.678392913155 24.4600434122314 24.3580721413443 24.2605194569218 24.314226448 24.3918943208469 24.41070478 24.41070478 24.41070478 24.41070478 24.4122505677675 24.5207599416897 24.73394283
-9999 -9999 -9999 -9999 -9999 -9999 -9999 -9999 -9999 -9999 -9999 -9999 -9999 -9999 -9999 -9999 -9999 -9999 26.8765980249251 26.8709506672771 26.847834881888 26.5299292444582 26.7708578215476 25.5700308944469 24.457780196794 24.2906611778387 24.4293889094688 24.7010821536537 24.753620812 24.6685024657732 24.7 24.7378757815997 24.82499046 24.8528562193729 24.88748569 24.931647030108 25.0037527922325 24.951830482 24.8948730728056 24.8328363249079 24.6949267633787 24.7398854423348 24.8916473538551 25.06249523 25.039335372 24.9208275748113 24.82499046 24.6633597166156 24.410764012 24.3845758100426 24.466016898 24.5457213465305 24.56249523 24.56249523 24.56249523 24.62499046 24.6283186100369 24.66249523
-9999 -9999 -9999 -9999 -9999 -9999 -9999 -9999 -9999 -9999 -9999 -9999 -9999 -9999 -9999 -9999 -9999 -9999 26.9582687362271 26.7840220392687 26.7508923561963 26.8158709698769 26.891528682962 25.4021464278231 24.4919265229687 24.4432595833228 24.5343472492583 24.7005257405003 24.7338474588379 24.76963807 24.7857663152573 24.857677253647 24.9260765170957 25.014226688 25.06963807 25.06963807 25.135655208 25.1474252886916 25.13927614 25.051830482 24.944687642 24.8398018076316 24.8839009914249 25.0526698144135 25.146478212 25.0604375860451 25.03927614 24.923023599767 24.6907964401973 24.4859179368343 24.4200440043589 24.503521668 24.5862830954795 24.6608953013987 24.66963807 24.701205503237 24.76963807 24.76963807
