catData/variables/futureClimate2070/rcp85/CCSM4_2070_rcp85/bio11.asc
NCOLS 409 
NROWS 350 
XLLCORNER 60.897278365 
YLLCORNER 5.843756025 
CELLSIZE 0.0892857 
NODATA_value -9999 
[rows 78 to 103 of 350, columns 174 to 231 of 409]
18.6 18.6 18.6 18.6 18.6 18.6 18.6 18.6 18.6 18.6 18.6 18.6508919082395 18.5957218384539 18.5595101368526 18.6 18.5843069994657 18.4900352443169 18.1699073499999 18.0554398189167 18.4363304901519 18.329996617997 17.3606734708641 16.8029703008933 15.682336679509 16.209358293752 13.9101811174392 14.0745131072965 13.77792360511 12.4204437576082 11.2871525610911 10.5177712235237 11.2235240816397 11.8009128086486 11.7786737766292 11.5622306935515 11.1545005924179 9.98212355619261 9.26763603294175 9.38074224910023 9.76536194528815 8.10732627774039 8.29936433479881 9.64655988377507 9.78284183834588 4.54913048240912 2.2418688926526 6.12351256932418 4.81549779651265 2.6934839754175 3.94420960911085 2.44783343004492 -1.76461817607514 -5.54446174427723 -2.75531138884855 -3.10689431548191 -1.49327770417373 -0.973074461988676 0.835545986826438
18.6 18.6 18.6 18.6 18.6 18.6 18.6 18.6 18.6 18.6 18.6 18.545603558657 18.591126302 18.5071506554645 18.54464545 18.5614191064139 18.6207275433531 18.5558222114617 18.3517612447684 18.525941775146 18.3557783815598 16.9192050178029 16.3152113730577 15.5901959118551 15.4184823116655 15.0268411974898 14.8337295198009 13.4920305961073 11.7933944994854 11.7107403731258 11.3165604995333 11.9773952614958 12.3249099437098 11.9605950869223 12.3249555034093 12.8098070551647 12.0051186486875 11.8135392887697 12.5525303200799 12.4967087319998 11.9866289200998 12.6184306451663 12.0302569803604 11.8053151785003 6.62560336979519 6.52665059767903 10.3139238890651 9.67193006424814 6.6597370758147 5.58338643487342 4.25946927416519 -2.42918794874604 -5.19738891122286 -2.64894060104292 -3.1002178390432 -2.34129931349883 -2.72990391443803 0.171580355389448
18.6 18.6 18.6 18.6 18.6 18.6 18.6 18.6 18.6 18.6 18.5408849574973 18.5006491169254 18.5341747416465 18.5 18.4855259932098 18.467804828 18.574947668 18.6653688825059 18.6935296072332 18.6948559770512 18.4441777651073 17.1510741819666 15.8015249236168 15.0175414579369 14.949313738545 15.4056058766469 14.9259892985271 13.7692079024492 12.4522211920176 12.624991528105 12.9553094992831 13.9150059393908 13.941364820168 12.9093208051615 12.0382482448612 13.2254229747979 13.6549004132011 14.0543798674906 13.9351404622101 13.2678672752613 13.0521608036138 14.8878633698471 14.1754882299584 13.0352050619763 10.1547446641067 10.4057542089684 12.3003017563962 9.65666081408114 6.09372122218979 6.58257551623583 4.20876512311086 -4.29657499945026 -2.77595016340253 0.0781857307745693 -0.0315084269049567 -3.28016140996837 -3.92587987790905 -1.19512412757081
18.6 18.6 18.6 18.6 18.6 18.6 18.6 18.6 18.6 18.6 18.5712832952876 18.5 18.5 18.5 18.476840622 18.4091996836897 18.4938816525149 18.644587898 18.751730738 18.8231258122569 18.7532216093329 18.1941738333749 17.0560248164519 16.0549073182135 15.8702944213957 15.8062323958206 14.1363321910414 13.9490739190587 12.7404460432769 12.406021924695 13.2817271175133 14.6398547827484 14.2014495605518 12.9220395179104 11.918924519607 12.4973361627878 12.9421369355781 14.4769708585306 13.7739204889855 13.6162653636572 13.7458986314244 15.6981120558092 14.3146631574822 15.3362876807443 15.5929070108346 14.1339980905466 12.6461046376664 10.412721925383 9.71780178003536 9.80366083572306 6.43579770137781 0.215057161302709 -0.98797844297087 1.29389419406354 3.48310528145268 -0.58153277167666 -0.7153441197781 -1.63473642888607
18.6 18.6 18.6 18.6 18.6 18.6 18.6 18.6 18.6 18.6 18.5273724159274 18.5 18.5 18.5 18.4946231034213 18.47678307 18.5229217209043 18.6788238549329 18.7887933592299 18.858873578 18.833983582 18.7320586651265 18.4590370450692 17.9265879777358 17.3065657750341 16.9488858357162 15.8043768754539 14.8813887233905 13.6536289925676 13.382048028 13.7265870412249 14.5073893958422 14.6004388559627 13.806471122295 12.7668404228441 12.5161762279865 12.3255768388027 13.2331340402042 14.4591575343868 14.6988100050326 13.6651676167537 15.8966012061523 14.4299829279623 16.0618680622984 17.1056888175565 15.3784659029789 15.1639162874944 14.8747838342424 13.1010259450288 10.4037281918795 5.43840014567752 3.15344564947879 2.23678171486124 5.2993066450724 8.58584463199076 6.33891677011297 0.715558605995797 0.288279723136924
18.6 18.6 18.6 18.6 18.6434156940384 18.68392591 18.6285208290219 18.6 18.6 18.6 18.5847958368575 18.5824732716727 18.5 18.513442025267 18.58392591 18.58392591 18.621370968 18.7356809068537 18.8 18.8094633919139 18.8608674311118 18.88392591 18.8710180784956 18.5180720679999 17.805737374 17.9519334854307 17.7134105246246 17.0490254956895 15.8864348740558 15.4673148772155 15.2077228892021 14.1160124359982 13.0194140188059 12.4242624933277 12.1334743897383 12.7718376276393 12.5636339878531 12.1972814529376 12.196264091725 15.1398876294825 13.7495256203784 15.4895069704226 13.8617453877203 14.4765252300877 16.7427675706291 16.8071342103019 16.0444946263881 14.8819578275165 13.686830208365 12.534149934353 9.49908936823359 6.92854297845648 9.72257507822711 11.2919567584813 12.384042358081 8.67299366101564 3.79352172411783 2.77247894839669
18.69106875 18.69106875 18.69106875 18.69106875 18.6956889729726 18.7 18.6941038872324 18.69106875 18.6179384145626 18.6 18.6 18.5998454127449 18.59106875 18.5924992270501 18.6 18.6 18.637445058 18.744587898 18.8 18.8 18.8058960913326 18.8755564717699 18.9731301168724 18.8801940339246 18.7189999964643 18.3746277363598 18.4198499179999 17.9652490706941 17.311688697025 16.7382831325899 16.1578481387685 14.3567882663843 13.4276226693843 13.3754656249994 13.0623955293856 12.7160616499269 12.0165853053851 12.142008400689 12.9320511481486 15.120641042372 15.7780500887831 15.2658547178012 13.3544631870598 15.204541897702 15.9805096404334 14.4944574023905 13.8141967466531 13.0309046179998 12.6678179533737 14.2312408711964 11.8094265220604 12.3131377683305 12.8203840440525 14.3336243178049 11.1472909358276 9.10374819384121 9.8458967667827 7.48169583318353
18.7 18.7 18.7 18.7 18.7 18.7 18.7 18.7 18.698563864957 18.69821159 18.69821159 18.6 18.6 18.6157300966328 18.69821159 18.69821159 18.6988812611618 18.744587898 18.8508055803086 18.8403909129563 18.8648357737789 18.899519977486 18.980302098 18.9984361259843 19.0894161334389 19.0858124130907 18.9381345896202 18.3774727236997 18.2159328143004 17.9790810036047 17.6005219750432 15.4643932204191 12.4296886641831 11.9175494333589 11.6672023396444 11.1096175328062 11.0959912798721 11.4622976620001 13.6643496621631 15.479529422304 14.7314877899279 15.0440199503363 16.4286070044775 16.2048818043151 14.1570975050292 14.2233012740509 13.8233141179637 13.1941007886525 13.3831676727265 15.1678645829017 15.2579271026727 14.4695684372139 13.6317967455693 11.5187055665065 9.66351015425658 12.3300566404162 13.0182646879547 10.3762782525301
18.70535443 18.70535443 18.70535443 18.7029669893625 18.7 18.7 18.703534815741 18.7745966538913 18.7239973944766 18.70535443 18.70535443 18.70535443 18.70535443 18.7205133736844 18.7780806746834 18.70535443 18.70535443 18.7921427982132 18.9 18.9 18.9 18.9039172612581 18.9813568083741 19.0046821779938 19.099942208 19.1052617652706 19.0916016650972 19.006212011465 19.01070886 18.9230479224012 18.4693287768421 17.7854387518724 15.772078503905 12.8040677880309 11.8785827178016 11.6409015535175 11.3323694126962 11.8409255194259 12.4298077745765 12.2102756083024 12.2327337547949 13.013507843085 15.0707249508403 16.4243647977499 15.731076551411 14.8257413837116 13.5828461087205 14.568980843179 16.1474506803784 15.927890376898 14.0616420890958 11.5166608206312 9.17348370994274 12.1661728283538 14.2701631206202 14.0542305052749 8.3401911969707 5.15338044000598
18.8 18.8 18.8 18.7609841619938 18.71249727 18.71249727 18.7702636480048 18.8 18.8 18.8 18.8 18.81249727 18.81249727 18.8104956400015 18.802894289999 18.8087103200005 18.8046796099999 18.8515128979996 18.9 18.9 18.9 18.973159258 19 19.087444938 19.1827668879963 19.1984856620041 19.11249727 19.128513568 19.21249727 19.185982212006 19.0594640640129 18.7883551680207 18.2188912060517 16.9256050961179 16.0148565580166 14.8083318379471 13.2380280379534 12.5018128079121 13.6198038660408 12.684505083979 13.8897514341448 13.5720861379768 15.1002235197108 16.417446787899 14.4363075198567 14.0040924920269 14.0530721038604 15.0280499036684 16.5248421119109 17.0939615944454 16.7058725584589 15.4303584023416 13.8554735057486 16.4673718615346 15.6692802183528 11.3589300602908 8.57293931205593 9.0892618262491
18.81964011 18.8136886739161 18.8 18.8 18.8101600209833 18.81964011 18.81964011 18.81964011 18.8038686424842 18.8 18.818577190782 18.9 18.9 18.8871291276814 18.842799488 18.889337892 18.8497309174192 18.9087571122139 18.91964011 18.9080772745199 18.9 18.973159258 19 19.087444938 19.1 19.2 19.2 19.216016298 19.3 19.3059513418114 19.31964011 19.2838095170776 19.1977096487107 18.9938631043438 18.7724593839539 17.5707675554225 15.8134442569186 14.3831717957523 15.3667432978101 15.0848590184314 16.0137321271032 16.7384800850936 17.4580966532101 17.1796796955523 14.7208395746164 13.6402428429968 13.046932258255 12.3661272348304 12.4616176471855 14.0005484270459 16.0415713294654 17.5919074128251 15.5581246209576 18.0038107731074 15.3848350443941 13.1416619819972 11.973354269623 12.8762526310635
18.9 18.8778134341749 18.82678295 18.82678295 18.8646588460278 18.9 18.9 18.9 18.8412049970354 18.82678295 18.8960375064331 18.92678295 18.92678295 18.92678295 18.94373956337 18.9778136098958 18.92678295 18.9594288935726 19 18.941126422 18.9176811442247 18.9803480005095 19 19.087444938 19.1 19.2 19.2 19.216016298 19.306202700351 19.3489691643833 19.4100288268825 19.42678295 19.42678295 19.3405723073597 19.2980299299456 19.4338556927886 19.0902934958176 18.3137640089156 17.9136576970262 18.070500642549 18.1928597536775 18.7793259926838 18.2679109729938 18.6594596706753 17.8045243210172 16.4065970948226 14.9404101836199 14.2003202495991 13.5327972506654 12.2649437359999 12.8839535558207 16.4053413709093 17.3598422948095 16.7384225080314 15.3870184821797 14.5969762977973 14.9499903455305 14.1304959881208
18.93392579 18.93392579 18.93392579 18.9187989119372 18.9 18.9 18.9 18.9248199376565 18.906682587445 18.9296664674534 18.93392579 19 19.0030104721487 19.03392579 19.03392579 19.023645523156 19 19 19.0175500615393 18.975052212 18.9775456166638 19 19 19.087444938 19.1 19.2 19.2030103907268 19.2445084323748 19.323159138 19.4102801854221 19.4586671576794 19.515126715219 19.53392579 19.5538990350159 19.6114712480857 19.707084808 19.814227648 19.921370488 19.9035173910161 20.0046510815936 20.1825877066951 20.1065447206772 18.8683127833053 18.6153495860004 17.9833298635066 16.9113472312171 15.8361147534802 15.182253804 15.236725265909 15.0261770875529 15.2987981985787 15.8812952801231 17.6661863469845 16.6401319876299 15.6710909087019 15.8649055680927 16.2547195864756 13.5762783849394
19 19 19 18.9737235994191 18.94106863 18.94106863 18.94106863 18.9841825244565 18.9526767320746 18.9926012713944 19 19 19.0052293918011 19.05893137 19.05893137 19.0410738577922 19 19 19.051730738 19.0653049939166 19.0139565915523 19 19.0329789715099 19.0926011299591 19.138845904572 19.2007107411031 19.2462978803658 19.3065776741653 19.3547166273036 19.430301978 19.5 19.544587658 19.6212450068208 19.6757634946481 19.727111939883 19.814227648 19.8883916150549 19.987444698 20.094587538 20.201730378 20.308873218 20.4094384823994 20.45893137 20.4232169113256 20.0167582155204 19.0601273615244 17.5884765468165 16.3609818509155 16.244638303635 16.8488411164106 17.1672882598153 18.1864129093463 18.2052239169836 16.8714291104469 16.7212488554758 16.2545627386769 16.6358981987009 16.2073017806863
19.04821147 19.04821147 19.0301585413883 19 19 19 19 19 19 19 19 19 19 19.0077218084129 19.04821147 19.04821147 19.04821147 19.04821147 19.0750020587684 19.1 19.0658110675591 19.0129403162771 19.080302098 19.1 19.1489856197859 19.201730618 19.3 19.316016298 19.4 19.430301978 19.5180526971966 19.592799128 19.6750019344759 19.7283837016879 19.7824002781484 19.873159018 19.9 19.987444698 20.094587538 20.153518908 20.260661748 20.35178853 20.35178853 20.35178853 20.3323965334891 20.2291315762642 19.819573267799 19.1842103577836 18.5443798131525 18.0834825970764 17.3571828771703 18.1777434024932 18.6050306384018 19.2196359016281 18.5796397923922 18.0497305077419 16.9696611141836 16.5368595350572
19.1425344632575 19.1 19.0832822883353 19.05535431 19.0267189840718 19 19 19 19 19 19 19.000958104503 19.05535431 19.0625050039042 19.1 19.1 19.1 19.0753186767186 19.0732808830778 19.1 19.1 19.067337544467 19.0912057357366 19.1 19.1523584118562 19.201730618 19.3049118414491 19.3625048967546 19.4128195810419 19.485656288 19.5720718073653 19.644587658 19.7286350602275 19.7816387179761 19.8 19.873159018 19.9 19.987444698 20.0422292589941 20.1007725391977 20.1486071994013 20.1981569583951 20.24464569 20.24464569 20.24464569 20.289233108 20.3732806173771 20.4 20.3775961249098 20.2027517238317 19.74847115419 19.2910061605138 18.6430144636669 18.6521103531833 19.4619476857615 19.0946123875294 17.7433493845411 16.0768953197982
19.1913144832009 19.16249715 19.139094905941 19.1 19.0805994089171 19.06249715 19.0212386202247 19 18.9498133273666 19.0468043381249 19.06249715 19.0631462710795 19.1 19.1 19.1 19.1 19.1 19.0832782674949 19.081897651076 19.1 19.1412583797821 19.1167746987888 19.1 19.1546505940693 19.1979702625017 19.2631461810726 19.308873458 19.4 19.423159138 19.530301978 19.6 19.644587658 19.751730498 19.8 19.8 19.873159018 19.9 19.987444698 20 20.0385842869342 20.0944544916367 20.053518908 20.13750285 20.13750285 20.1609046440795 20.1888556869828 20.226735958 20.3117997083667 20.403518788 20.43750285 20.4876890726539 20.5218561301659 20.0047318121441 19.0152527583555 19.0640965095581 17.9730837023935 17.9123672967386 16.3030308985443
19.26963999 19.248537361279 19.1886316037827 19.16963999 19.16963999 19.1286402690322 19.0799573360295 18.9677434558175 18.9619027523059 19.0836335327854 19.1 19.1 19.1 19.1 19.1 19.1 19.1 19.1 19.1 19.1 19.166016418 19.1777888419553 19.16963999 19.1961882819213 19.2 19.3 19.308873458 19.4 19.423159138 19.530301978 19.6260765675107 19.6831768074276 19.751730498 19.8 19.8 19.873159018 19.9 19.987444698 20 20.0005253429338 20.0276661001279 20.0048624768104 20.03036001 20.051462137313 20.1113681776253 20.1478739388729 20.1493203550036 20.189233108 20.296375948 20.33036001 20.410661628 20.4569081561933 20.4320033068685 20.1433181915811 19.7769906739187 18.5570117920698 16.9888875347301 16.9923084306556
19.3 19.292964626812 19.2480312704937 19.2 19.2 19.1863311655894 19.1260933717162 18.953681004 18.8569855226549 19.001022400367 19.1684718841226 19.17678283 19.1699693535499 19.1 19.1177824258388 19.17678283 19.1480314547725 19.1 19.1 19.1452047993107 19.192109973995 19.2 19.2 19.2 19.2726271727825 19.3013288174769 19.3788429958287 19.4122977668656 19.48215972644 19.530301978 19.637444818 19.7342356656431 19.7887931876625 19.8452046150319 19.87678283 19.8937682835794 19.9 19.987444698 20 19.9986713668019 19.92321717 19.9355147525868 19.9822179427188 19.953518908 20.05196817667 20.1103519366357 20.1112068680587 20.1136686672469 20.189233108 20.22321717 20.303518788 20.32321717 20.32321717 20.221487032 20.0747321712272 19.4283380443174 18.4865793469587 17.5328520217604
19.3 19.3 19.262554702 19.2 19.1565844301159 19.11607433 19.1054625945381 18.953681004 18.9544862123843 19.1427416960001 19.1982601203076 19.2 19.1985736125003 19.18392567 19.1876483848457 19.2 19.1939809578084 19.1465049778646 19.1434153684625 19.1933892032105 19.2 19.2613993974435 19.28392567 19.28392567 19.2991300215754 19.301730618 19.4074471090787 19.4865001825943 19.5194364617328 19.614227648 19.6899446736132 19.744587658 19.8434151670408 19.8933891646321 19.8445954803051 19.8774735260219 19.9 19.914056149324 19.91607433 19.91579618333 19.9 19.9025744740159 19.9123516923111 19.9048708013619 19.953518908 20.0534946192922 20.1 20.1 20.1106116197267 20.11607433 20.196375948 20.21607433 20.1366913064186 20.1128921620915 19.9175705949418 19.692921120875 19.0258187031102 18.0538313351141
19.3699773909657 19.327595996994 19.353623212 19.2504627570866 19.148269022 19.0463844911673 19.0690518767924 19.0869315335042 19.162439358 19.1977573346571 19.2 19.2 19.2 19.2 19.2 19.2 19.2 19.2366231706979 19.2396469333828 19.2536152902683 19.29106851 19.2976027218123 19.3 19.3796348021071 19.39106851 19.3912230799736 19.408873458 19.5 19.523159138 19.6027064181349 19.6771323656496 19.7950508522155 19.8046203042558 19.80893149 19.8631552113271 19.8976027003768 19.9 19.9 19.9 19.9 19.9 19.9 19.921090463341 19.9634731686993 19.9033443587396 19.953518908 20.0560414651798 20.1 20.1 20.1 20.1071721309815 20.10893149 20.014344192 19.8264854157951 19.8081390008572 19.7782623772677 19.6394530813191 19.5046122897911
19.3995857554926 19.398753354915 19.362554702 19.2992024742697 19.246480372 19.139337532 19.164228008 19.3419132112781 19.3172043675373 19.29821135 19.29821135 19.29821135 19.29821135 19.29821135 19.29821135 19.29821135 19.29821135 19.2990088714376 19.2990747181548 19.2992643922529 19.3 19.3718506949318 19.39821135 19.3997754338835 19.4 19.4016996633012 19.4983700651065 19.5157298224858 19.5986255859218 19.6297599816705 19.7363259247372 19.8 19.8 19.8 19.8011807983678 19.8736391092245 19.9 19.9 19.9 19.9 19.9 19.9 19.9004142316291 19.9012466579633 19.9367748255556 19.9990088628521 20.051730258 20.1 20.1 20.1 20.0211346968903 20.00178865 19.907201352 19.7966016162266 19.612291571479 19.7015021830713 19.7 19.7286755347681
19.327273798049 19.4 19.364559594401 19.302966856374 19.196538044 19.103152216076 19.3658861646992 19.430757600526 19.40535419 19.400672209024 19.3104764042009 19.30535419 19.30535419 19.3044966341241 19.3 19.3 19.3 19.3 19.3 19.3 19.3035346444509 19.3745963623241 19.4 19.487444938 19.5 19.50535419 19.50535419 19.5205129449741 19.6012399842509 19.6340337425241 19.7 19.744587658 19.8 19.8 19.8624815463992 19.8985628828259 19.8957004859491 19.89464581 19.8051226685008 19.8 19.8083981290492 19.8955033401758 19.9 19.9 19.937444578 20 20.051730258 20.1 20.1 20.0307582819758 20.0010546887992 19.9953180575742 19.900058512 19.7913708037515 19.6048791138992 19.583984182 19.523158658 19.630301498
19.4 19.4 19.4 19.355411862 19.196538044 19.1735887753952 19.4147939124448 19.5033542655871 19.5 19.4234828721282 19.41249703 19.4 19.4 19.3859850535588 19.31249703 19.31249703 19.31249703 19.31249703 19.31249703 19.31249703 19.3702633564376 19.4 19.4100353772777 19.4890139478647 19.511820662993 19.6 19.6011089187083 19.61249703 19.6327619635764 19.7 19.7046794901389 19.7515125550035 19.8 19.8 19.8082500615695 19.8673706391457 19.8172364592848 19.8 19.8 19.8 19.8011088887154 19.8265115564269 19.9 19.9 19.932765117854 19.9930750730037 20.0452655121387 20.094860358719 20.1 20.1 20.019698382 19.912555542 19.805412702 19.7122808141351 19.691127022 19.5859856835802 19.5327615435622 19.630301498
19.3954514811323 19.386311493358 19.4 19.355411862 19.2066979408289 19.2846985826808 19.5320333160001 19.5412089322998 19.51963987 19.51963987 19.5010629062292 19.41963987 19.41963987 19.41963987 19.415091398268 19.4 19.4 19.4 19.4 19.4 19.4129655386739 19.41963987 19.4841707403455 19.5 19.5760108613649 19.6 19.608873458 19.7 19.7 19.7 19.737444818 19.8 19.8 19.8 19.8530506864619 19.8215694480285 19.8 19.8171740250091 19.81963987 19.8 19.80713052952 19.8835056629703 19.9 19.9 19.9073540664412 19.9554703770685 20.0101597554219 20.0669503680878 20.1129654444025 20.11963987 20.039338252 19.932195412 19.825052572 19.798609658854 19.710766892 19.61963987 19.61963987 19.6439901931848
19.376840382 19.322186638551 19.37321729 19.3525129753899 19.275051732 19.344530346 19.5411349759362 19.6195940961868 19.6052755676902 19.6 19.5307452165557 19.5 19.5 19.5 19.4830433310475 19.4186669548295 19.4 19.4 19.4 19.4157679396624 19.4751181422147 19.5 19.5 19.5 19.5253331702772 19.6 19.608873458 19.7 19.706202644769 19.72678271 19.754198790985 19.8 19.8138548292609 19.8110148346161 19.8176809215068 19.82678271 19.82678271 19.8908073481243 19.8746668940013 19.8 19.8 19.816016058 19.9 19.9 19.9274159052635 19.9851590088594 20.0378754930176 20.0889851011054 20.1483350807717 20.17321729 20.092915672 20.0091928275972 19.905412702 19.8263193321569 19.7935034459661 19.72678271 19.72678271 19.72678271
