catData/variables/futureClimate2070/rcp85/CCSM4_2070_rcp85/bio11.asc
NCOLS 409 
NROWS 350 
XLLCORNER 60.897278365 
YLLCORNER 5.843756025 
CELLSIZE 0.0892857 
NODATA_value -9999 
[rows 208 to 233 of 350, columns 116 to 173 of 409]
-9999 -9999 -9999 -9999 -9999 -9999 -9999 -9999 -9999 -9999 -9999 -9999 -9999 -9999 -9999 -9999 -9999 -9999 26.8657163032417 26.8548345583791 27.0087319780686 26.9768231398959 27.0599566863462 26.3242282067991 24.6160944308854 24.0885361430316 24.3530380051756 24.3227430567288 24.6816189824095 24.5297709493483 24.7108141199974 24.6929241415531 24.72638153979 24.737464978 24.912036012626 25.0684233117605 25.1153285786876 25.2355648837284 25.27678091 25.189335252 25.1548183215197 24.9754515729284 24.9156878526234 25.0965169338247 25.1946224917271 25.200047597279 25.1960597703384 25.0792939687653 25.029538783869 24.830501466 24.5550585148855 24.43759522282 24.503521668 24.610664508 24.62321909 24.7004019452026 24.7300325803493 24.8122978279011
-9999 -9999 -9999 -9999 -9999 -9999 -9999 -9999 -9999 -9999 -9999 -9999 -9999 -9999 -9999 -9999 -9999 -9999 27.076879214 26.8307615482737 26.8540419736011 26.9971466141695 27.1265716247308 26.8603134498151 24.8342410487231 24.2522855596455 24.3759027039782 24.2780495880822 23.918062996 23.6658534568784 23.8314259429811 24.0682680499298 24.2532894253428 24.4302378082988 24.6439318945167 24.7576935293322 24.8197090578523 25.0559473030368 25.2669387724426 25.3593296928116 25.2090830708195 25.082192412 24.9867770200815 25.032093268 25.1549494926566 25.2887952874872 25.2879603233945 25.2678475 25.2678475 25.1406346432508 24.9091244124352 24.7011368663802 24.6646808931957 24.6819054440112 24.68392375 24.6175290523578 24.708873938 24.8025748972732
-9999 -9999 -9999 -9999 -9999 -9999 -9999 -9999 -9999 -9999 -9999 -9999 -9999 -9999 -9999 -9999 -9999 -9999 -9999 27.1661999580022 27.1648851587292 27.2357482141349 27.4052345260001 26.6475627718467 25.368073993622 24.085478853158 23.9441836397793 24.2065830761511 24.0789030354198 24.0513787932953 23.6694802940001 23.9882017283064 24.3000587391236 24.571310416 24.7384860212421 24.79106659 24.857083728 24.9772979295813 25.2426680840265 25.387445658 25.2969615236608 25.281978512478 25.2570369474097 25.0924974558877 25.1252288230706 25.2641246774932 25.39106659 25.39106659 25.39106659 25.3805476680305 25.3012853118324 25.1845709626495 24.8628176721332 24.7114330297161 24.786138301101 24.7807113741637 24.7169551307354 24.89106659
-9999 -9999 -9999 -9999 -9999 -9999 -9999 -9999 -9999 -9999 -9999 -9999 -9999 -9999 -9999 -9999 -9999 -9999 -9999 -9999 27.2406012613244 27.1202760261849 27.5931664885391 27.4915075386766 26.8124307941375 25.8798652479367 24.8370285656602 24.3980884277676 24.5104276533337 24.6735958909172 24.5605929930671 24.4908843659509 24.5701903388672 24.785596096 24.8973451479675 24.9560295424823 25.062435998 25.0258788432362 25.0831785743365 25.2769066802816 25.3000968967314 25.3017003371812 25.397891633262 25.3788980679192 25.2740883889388 25.260605396 25.4735500988605 25.5526288681199 25.49820943 25.5560293067797 25.530401962 25.4951088836793 25.3311473862582 24.8600831456841 24.7999030989713 24.994687762 24.8967366481433 24.9
-9999 -9999 -9999 -9999 -9999 -9999 -9999 -9999 -9999 -9999 -9999 -9999 -9999 -9999 -9999 -9999 -9999 -9999 -9999 27.4685021980701 27.3098245938475 26.984659760705 27.3336998040953 27.5332347091998 27.51070454 27.3951765986107 25.5763422533528 24.2536816481896 24.6522347435631 24.5962436477895 24.8853003019089 25.0121376481194 25.0933038582843 25.144588618 25.2027688073071 25.2085033813896 25.273188262528 25.30535227 25.2293474756369 25.21070454 25.21070454 25.3071762738844 25.4191037480332 25.489335252 25.382192412 25.3340330857858 25.474891076 25.644588378 25.7 25.6474281390882 25.6731880353734 25.632192532 25.525049692 25.1602509128738 25.0009284251306 25.001731098 25.1004749571214 25.0901927532039
-9999 -9999 -9999 -9999 -9999 -9999 -9999 -9999 -9999 -9999 -9999 -9999 -9999 -9999 -9999 -9999 -9999 -9999 -9999 27.7055714268549 27.56376394857 27.3514028054298 27.4237858119998 27.6246838762846 27.654941869139 27.0488247351455 24.9643692082536 23.2134583414551 23.9506007909095 23.7680389259635 24.211851912788 24.6023070903089 24.9264526794543 25.119598398 25.226741238 25.333884078 25.37500978 25.3841511997271 25.3975388154422 25.4109264311573 25.4243140468725 25.4282365634125 25.61249511 25.5984794360178 25.501830362 25.4212038645519 25.4827073248368 25.6501597448783 25.7189589825934 25.7765078996915 25.81249511 25.739335372 25.632192532 25.361085257169 24.9702750017684 25.0262887128014 25.1077651296856 25.18750489
-9999 -9999 -9999 -9999 -9999 -9999 -9999 -9999 -9999 -9999 -9999 -9999 -9999 -9999 -9999 -9999 -9999 -9999 -9999 -9999 27.7242931790631 27.4153001883351 27.3919462973659 27.4406002828463 27.2174005364859 26.5863412168209 23.9462999887409 22.5394280926254 23.7244946268482 24.3635796087045 24.2582031415347 24.0169279747481 24.5161158578747 24.787485018 24.9454228472815 25.0537136271836 25.0495699374481 25.1591577376989 25.3136527224949 25.4628768771904 25.574950548 25.582093388 25.6821047566385 25.7 25.6813882633341 25.5952860806819 25.5693679019703 25.7000584626226 25.8618901687252 25.91963795 25.91963795 25.846478212 25.7551051521164 25.5643850639999 25.3872497736239 25.237544802 25.1375332404925 25.11963795
-9999 -9999 -9999 -9999 -9999 -9999 -9999 -9999 -9999 -9999 -9999 -9999 -9999 -9999 -9999 -9999 -9999 -9999 -9999 -9999 27.8794405862145 27.462593294 27.525354577903 27.4249164340767 26.921877978653 26.0974893449209 24.0200813889881 23.0860748073214 23.395228443262 24.3025775317713 24.6044566124641 24.307494575052 24.28869829917 24.1532838830971 24.3192136329527 24.4076234265567 24.361697677459 24.6266734818555 24.9175546258947 25.2752703000662 25.4395776750135 25.501731338 25.6112507529744 25.7310702739548 25.75356158 25.7454462780843 25.7368090008962 25.7742677182468 25.903462436 26.0157669378375 26.0091009431821 25.9464330177983 25.92678079 25.7753085277591 25.75356158 25.5049284602799 25.3690919212994 25.25356158
-9999 -9999 -9999 -9999 -9999 -9999 -9999 -9999 -9999 -9999 -9999 -9999 -9999 -9999 -9999 -9999 -9999 -9999 -9999 -9999 27.8 27.6423061631293 27.5769437220968 27.795957639323 27.6283601648238 27.0449427619999 24.7349264965057 24.4217412553166 23.777921620908 24.3355790373401 24.7388735899064 24.7974981591325 24.5855457748207 24.2637017222075 23.8994827208111 23.9134985179628 24.2319158120001 24.5389857362448 24.682073708 24.9906754726451 25.221329736 25.5023186706972 25.6486615426898 25.816017018 25.9078566645364 25.9139007071495 25.905292798 25.923258882 25.9362114820224 26.0788462756019 26.090302060215 26.06784726 26.0406057105588 25.946478212 25.93392363 25.864385064 25.6500993839999 25.4624137874934
-9999 -9999 -9999 -9999 -9999 -9999 -9999 -9999 -9999 -9999 -9999 -9999 -9999 -9999 -9999 -9999 -9999 -9999 -9999 -9999 -9999 27.6539237069708 27.6010121525377 27.8135300660924 27.796497532 27.3957689758735 26.2430770508548 24.8852174603607 23.4756177119436 23.9762652845139 24.8010357293029 25.0070301028287 24.948307854 24.5190457591311 24.1835550373603 24.2473770059259 24.4198907993135 24.6894357135826 24.8722138806631 25.0077325347266 25.1346880916907 25.4220407354004 25.667807708 25.774950548 25.882093388 25.9713777783834 26.037445538 26.0920333677497 26.0608887548794 26.1346370886337 26.2271108096121 26.24106647 26.160763892 26.053621052 26.0022224114049 26.0383151748408 25.8643850639999 25.666116162
-9999 -9999 -9999 -9999 -9999 -9999 -9999 -9999 -9999 -9999 -9999 -9999 -9999 -9999 -9999 -9999 -9999 -9999 -9999 -9999 -9999 27.8588432425355 27.7327655751722 27.7352700362923 27.7840469025121 27.7022595720982 27.503465966145 25.7064149899996 23.7019062355784 23.5170934413118 24.7575188832057 25.1278068213609 25.125108444 24.6862827861525 24.3500027780905 24.5156400836663 24.5645922132884 24.5181796630502 24.7064818304684 25.0598659923468 25.2403827666755 25.3517339917929 25.560664868 25.6755294018604 25.8343250657388 25.978512008 26.0676026125044 26.144588378 26.1981473085048 26.1985271237384 26.266016898 26.3352698048876 26.267906732 26.160763892 26.053621052 26.146478212 26.0304614339999 25.839914110158
-9999 -9999 -9999 -9999 -9999 -9999 -9999 -9999 -9999 -9999 -9999 -9999 -9999 -9999 -9999 -9999 -9999 -9999 -9999 -9999 -9999 27.941125462 27.7314232059033 27.6368165607846 27.8389991351188 27.8408925153702 27.6548911362817 25.4214315965189 23.9624399798149 23.6891747759336 24.4791709225555 25.1781945053923 25.1182794643783 24.7204870268731 24.5393387742294 24.6775029645192 24.7258769172515 24.491224366 24.4738154089057 24.8874813837847 25.2807701112957 25.4561251551932 25.5137862263178 25.687386186 25.8760329073201 25.974950548 26.0653747603621 26.144588378 26.251731218 26.3063020557905 26.3036376531874 26.373159738 26.319697422 26.309360419879 26.216116042 26.2001853019232 26.1929564239999 25.9929730380325
-9999 -9999 -9999 -9999 -9999 -9999 -9999 -9999 -9999 -9999 -9999 -9999 -9999 -9999 -9999 -9999 -9999 -9999 -9999 -9999 -9999 -9999 27.6606903122206 27.5100662629231 27.6907237859332 27.759357722421 27.0767740284578 24.6217822234732 24.4474464272083 24.5379317512878 24.6342014153547 25.223100866 25.222069570433 24.8704420816397 24.776721438 24.883864278 24.8837325762086 24.643015056 24.4320069339212 24.8372282900001 25.2192409196337 25.5021639990199 25.6371924193463 25.7845191922026 25.8855262490589 25.8488700399152 25.9358571432285 26.1099588903723 26.251731218 26.358874058 26.3752403558034 26.3899335570529 26.3698825100908 26.449940408 26.367906732 26.201731098 26.2877978906657 26.1404711178094
-9999 -9999 -9999 -9999 -9999 -9999 -9999 -9999 -9999 -9999 -9999 -9999 -9999 -9999 -9999 -9999 -9999 -9999 -9999 -9999 -9999 28.0231233633715 27.7752061479999 27.5883284717615 27.6743226389852 27.8483413237912 27.2902485239732 24.2538607405603 23.9342289588424 24.7041457140703 25.0620954306539 25.3787792275506 25.4355297776775 25.1516338279934 24.9573939527786 25.0571511744451 24.9116748873373 24.5599352148923 24.300118704 24.7588478886605 25.1799970414368 25.5022570097869 25.6330565630105 25.676741358 25.7536925045423 25.7514643113187 25.874891076 26.0581263771286 26.182093388 26.2482376115758 26.3066970752005 26.3813090239769 26.4 26.4265503264704 26.467512332612 26.271368928 26.360763892 26.2647747886351
-9999 -9999 -9999 -9999 -9999 -9999 -9999 -9999 -9999 -9999 -9999 -9999 -9999 -9999 -9999 -9999 -9999 -9999 -9999 -9999 -9999 -9999 27.8098384031448 27.6830126875539 27.6337692760742 27.6638280332562 27.6544323719047 24.87092788086 23.744133976411 24.0433489780401 24.939138284 25.2464945256521 25.4807215684702 25.3092489619999 25.080243586 25.2219847504622 25.1061983268712 24.7377020980001 24.4080793323107 24.4753871154101 24.6533542644779 25.1972673238327 25.4600659666508 25.5914210705312 25.54643866 25.6000079725525 25.798110406 25.967807708 26.1146701237796 26.1547961038114 26.189236228 26.296379068 26.32321933 26.3903605078247 26.494588258 26.4539632893573 26.4747202010518 26.45356134
-9999 -9999 -9999 -9999 -9999 -9999 -9999 -9999 -9999 -9999 -9999 -9999 -9999 -9999 -9999 -9999 -9999 -9999 -9999 -9999 -9999 -9999 27.9127560676551 27.5608539056538 27.5701058467328 27.5266123330474 27.610665228 25.4898410308197 23.8656028127768 24.527233506329 24.5920965554832 25.106985304 25.4223938572444 25.5569902917165 25.4333445546889 25.3773119406305 25.3626970328223 25.1819274609057 24.9461020394945 24.6833786633914 24.5082130652664 25.0198175043805 25.249901336 25.416135962 25.3127164142554 25.308834866 25.585971765656 25.8980849998697 26.0166331281773 25.923869746047 25.9696500659947 26.105312718 26.1995457220781 26.3769091721198 26.494588258 26.5 26.5074473202449 26.5704816677135
-9999 -9999 -9999 -9999 -9999 -9999 -9999 -9999 -9999 -9999 -9999 -9999 -9999 -9999 -9999 -9999 -9999 -9999 -9999 -9999 -9999 -9999 -9999 27.6674475903693 27.450222560564 27.5693227646 27.685655088 27.2222178599379 26.1123761724222 24.7359178627682 25.3508709348548 25.1902541752619 25.2871704807463 25.4990777538561 25.5907569852048 25.6357473742767 25.5529602540978 25.4113705156254 25.1483982187002 24.9879965139482 24.9562986392969 25.0929523596773 25.1935041860087 25.110783932 25.0247319293458 25.1336638180403 25.549782152 25.889176756 25.9528902679568 25.791185534 25.840967446 26.0487172910662 26.2534312047405 26.3863238355852 26.4084501839108 26.40893365 26.417807588 26.5075027671122
-9999 -9999 -9999 -9999 -9999 -9999 -9999 -9999 -9999 -9999 -9999 -9999 -9999 -9999 -9999 -9999 -9999 -9999 -9999 -9999 -9999 -9999 -9999 27.7523694035 27.537603074 27.673100986 27.885692761421 27.2743026269035 25.6677294544901 25.207567107264 25.3705733938941 25.563076490044 25.459193540211 25.44538711543 25.50179081 25.618485079184 25.632800620491 25.525049212 25.178435988895 25.012554342 25.2786837931569 25.3946585749741 25.378828943667 25.1664619883601 25.022745108947 25.1896599477461 25.4762322328781 25.692758376 25.751850402 25.7592927104458 25.930242986 26.144528666 26.2010853231942 26.289236228 26.30179081 26.30179081 26.3019497253691 26.3350415158758
-9999 -9999 -9999 -9999 -9999 -9999 -9999 -9999 -9999 -9999 -9999 -9999 -9999 -9999 -9999 -9999 -9999 -9999 -9999 -9999 -9999 -9999 28.0205245808758 27.785871376 27.5533416015101 27.6815876246106 27.8050031856344 26.9853230057217 24.9010166149726 24.6034174461866 25.1381149410352 25.608894818 25.67859188 25.6857510686358 25.6891106036968 25.6870948800913 25.6963624540618 25.5615111319411 25.430401242 25.235812744 25.2157664647895 25.507083368 25.587603674 25.3750324652169 25.2148165674519 25.2361413295367 25.3340976044274 25.4023863833671 25.4543145776933 25.6703202595073 25.921329736 25.9932114711257 25.9903501519347 26.076741358 26.1889465899446 26.1947406188843 26.208873938 26.332033556
-9999 -9999 -9999 -9999 -9999 -9999 -9999 -9999 -9999 -9999 -9999 -9999 -9999 -9999 -9999 -9999 -9999 -9999 -9999 -9999 -9999 -9999 -9999 27.9021554901308 27.7948884518906 27.7765788787246 27.9996439555432 27.4463971170402 25.7494842121528 24.997031524694 25.1443364404109 25.2840687307093 25.36247435 25.4795263344384 25.5344543808524 25.494141244003 25.6487752604292 25.71249487 25.632192052 25.4485297752877 25.5313969478601 25.6387832911353 25.694746514 25.516497481154 25.5114309578507 25.3681706267216 25.3030181434122 25.457083248 25.51249487 25.571368928 25.7280312148338 25.8515236538446 25.8248087901832 25.8890140967 26.0773578361276 26.089236228 26.196379068 26.319538686
-9999 -9999 -9999 -9999 -9999 -9999 -9999 -9999 -9999 -9999 -9999 -9999 -9999 -9999 -9999 -9999 -9999 -9999 -9999 -9999 -9999 -9999 -9999 28.092954984 27.8141359276511 27.671467232 28.0761316338167 28.029225994266 27.2351491918838 24.9826604659441 25.2849894247143 25.5921713414296 25.7705860268365 25.7389615269917 25.7810423274016 25.7526872659058 25.785654848 25.81963771 25.7551045265207 25.651829762 25.8098774010694 25.8986086571355 25.805374724681 25.684656414909 25.7824141255009 25.6345611879554 25.5711973938397 25.5859892352693 25.6094788834297 25.658874058 25.6870357930198 25.6947291871852 25.8290659812197 25.8435523024048 25.9914000314003 26.021028859995 26.10713129979 26.209250517585
-9999 -9999 -9999 -9999 -9999 -9999 -9999 -9999 -9999 -9999 -9999 -9999 -9999 -9999 -9999 -9999 -9999 -9999 -9999 -9999 -9999 -9999 -9999 28.2928649815232 28.0499437828015 27.9359725944368 28.115958026 28.2176589338878 27.4928797142511 25.3426417535746 25.2229573669995 25.4054468486872 25.6903296292007 25.5724172817244 25.7431700470246 25.82678055 25.8751179353493 25.9 25.9 25.8359727701635 25.8707064079977 25.9004636618388 25.92678055 25.922491104486 25.9 25.9081152291892 25.8993631330269 25.808972722 25.7156837867021 25.7076821149206 25.660763652 25.699940288 25.7052750779474 25.6593913097804 25.9812516205443 26.1009271951309 26.1488081211939 26.1245955404814
-9999 -9999 -9999 -9999 -9999 -9999 -9999 -9999 -9999 -9999 -9999 -9999 -9999 -9999 -9999 -9999 -9999 -9999 -9999 -9999 -9999 -9999 -9999 28.4 28.1332708070945 27.9491883279298 28.0892429895122 28.1901900018323 27.4913036005712 24.9836992093041 25.0607604891069 25.6708856598392 25.808517635381 25.7963285515595 25.86810578375 25.8800278422797 25.7988908564282 25.8139431293217 25.83215322 25.8024886883986 25.7357289570717 25.867220619458 25.93215322 25.916136202 25.8242966110472 25.8490919328461 25.9787794058933 25.9856634007272 25.96784678 25.9289447983042 25.835753272 25.8501116447553 25.787544202 25.8552921980001 25.9928482086889 26.1707217288742 26.319185854596 26.2104636799337
-9999 -9999 -9999 -9999 -9999 -9999 -9999 -9999 -9999 -9999 -9999 -9999 -9999 -9999 -9999 -9999 -9999 -9999 -9999 -9999 -9999 -9999 -9999 28.4 28.2723713224953 27.9271933715982 27.9378771692988 28.037603074 27.5962269149066 25.0143476339701 24.8388417146614 25.5515324424316 25.7737311226375 25.7525555071566 25.7753792209507 25.676860782 25.4376836659999 25.482055036 25.6016897598727 25.530421882 25.5955554002844 25.8007109952452 25.84106623 25.831626797451 25.768483482554 25.7767742570294 25.9066905964804 25.962455918 26.0391116009657 26.1072884821372 26.1292706343431 26.0931547437255 26.0348071233774 26.0747335715197 26.0044447968335 26.2613757646862 26.4020586373674 26.4420772722159
-9999 -9999 -9999 -9999 -9999 -9999 -9999 -9999 -9999 -9999 -9999 -9999 -9999 -9999 -9999 -9999 -9999 -9999 -9999 -9999 -9999 -9999 -9999 28.4486897517078 28.3291926545566 28.0798191601789 28.0026087190855 28.192954984 27.7995915978568 25.6129093519083 24.7942656551449 25.1542956337774 25.5855295986719 25.55537279 25.4768491287992 25.4014730650697 25.2656010825408 25.272198605988 25.4993188777416 25.5450768889544 25.733804206 25.8964801541033 25.9 25.9077216554195 25.94820907 25.94820907 25.9288156776263 25.8980152332762 25.951731218 26.117748116 26.266016898 26.226840262 26.2774262520797 26.29641814 26.152841743511 26.203462196 26.4220259189823 26.6636521494355
-9999 -9999 -9999 -9999 -9999 -9999 -9999 -9999 -9999 -9999 -9999 -9999 -9999 -9999 -9999 -9999 -9999 -9999 -9999 -9999 -9999 -9999 -9999 -9999 28.3838431603914 28.2288630887596 28.0637584088721 28.2421433954961 28.0129929722369 26.764059802976 24.9049580304035 24.9793253393397 25.137271712012 25.3019956185281 25.4322548020739 25.469578118 25.4812284288103 25.46605573 25.6180658969064 25.742797568 25.944528906 25.9963520046968 25.78929618 25.805313198 25.9021156037563 25.9781943342491 26.05535191 26.0601245697221 26.0891527307708 26.163276104805 26.1929336700685 26.156631754334 26.305253246 26.441453508141 26.4131200594387 26.3685597301931 26.5275018456497 26.7231679634565
