catData/variables/futureClimate2070/rcp85/CCSM4_2070_rcp85/bio16.asc
NCOLS 409 
NROWS 350 
XLLCORNER 60.897278365 
YLLCORNER 5.843756025 
CELLSIZE 0.0892857 
NODATA_value -9999 
[rows 200 to 224 of 350, columns 224 to 279 of 409]
1291.56943568738 1248.58475501257 1222.52951781949 1192.13276697061 1177.02857242051 1159.84927640924 1140.26741677259 1126.42476171 1112.56731016722 1100.43246144731 1089.62382141556 1080.38117089725 1077.55858768203 1084.19636037468 1094.30745233553 1103.5353685735 1110.06150604662 1112.12900014656 1109.73549114 1101.81792839275 1093.00073617151 1090.89026576434 1083.8996336691 1057.146764172 1024.17886707097 981.783012420654 938.829728793558 902.172802750659 879.405582039472 871.130719163701 849.41698222135 833.555466429509 816.814471179842 797.255448384833 777.983587189957 761.657162294862 749.488643899772 736.227663095314 711.087922004136 680.26308298288 665.169157396986 661.020964964303 659.684607141581 661.88710099177 -9999 -9999 -9999 -9999 -9999 -9999 -9999 -9999 -9999 -9999 -9999 -9999
1311.63578850336 1276.17273524408 1238.50928847307 1196.03537848231 1173.899235318 1151.9530457521 1131.94393081146 1120.14206059809 1110.58943466358 1101.20679642483 1089.86363904 1077.63716855051 1073.80263938 1083.45716623991 1096.51083746 1107.15072465489 1117.35851448758 1123.96104423516 1124.05692110246 1115.83319607726 1114.08184970407 1111.28845354102 1091.84037412644 1058.48287955999 1020.29903102729 978.225084059532 937.496152809896 897.626662024093 873.350557178579 861.925263440741 843.321407462091 826.558843537718 807.856409752969 786.690865720002 765.580359999997 749.141163393489 735.393174603116 723.732652465104 698.017540101776 670.671681327166 662.1965691 660.197752174604 657.85836144 657.870450105862 -9999 -9999 -9999 -9999 -9999 -9999 -9999 -9999 -9999 -9999 -9999 -9999
1302.53258444996 1260.72123673203 1225.6238502006 1186.40937296701 1156.35834045609 1138.78233720222 1126.99204351101 1117.40600655579 1111.50222648 1104.99505308904 1095.03853162401 1086.48143643253 1084.63344957569 1092.874876767 1103.73331095515 1113.58166482511 1123.51410645036 1131.05673536257 1135.00552753032 1134.80367926465 1146.52748829453 1128.77623395415 1092.3345246559 1054.05854516926 1011.44312048559 967.16318071624 920.116750233645 884.238920764314 863.550354676634 848.885165497407 832.454399507016 817.64138092931 798.362667926245 774.91841067341 752.019892598005 732.24651648179 710.372382431561 701.54131995066 688.741382698948 668.328614157007 660 658.785019284904 656.460809017536 -9999 -9999 -9999 -9999 -9999 -9999 -9999 -9999 -9999 -9999 -9999 -9999 -9999
1286.78811628357 1238.48666448042 1204.95823201901 1170.74984335775 1141.24397118718 1129.59369760597 1123.92685023841 1117.02003048309 1112.16978910302 1107.20508899432 1102.727254359 1099.96061397318 1100.20921570748 1104.79939416156 1110.44387679942 1120.72376194583 1126.56324519581 1127.7995059239 1132.10209345507 1160.83229468391 1171.0280995659 1140.22383527503 1090.58978816347 1040.67941265262 979.535601685509 922.936224763377 883.025117056109 861.925694428059 850.172155030989 836.391812694303 820.864629090147 805.085562585556 784.060528613505 764.193212767643 736.206735311963 713.23136407999 688.371626734221 677.041056359997 668.589642360642 661.02349628177 658.628434381319 658.63729027041 -9999 -9999 -9999 -9999 -9999 -9999 -9999 -9999 -9999 -9999 -9999 -9999 -9999 -9999
1268.14356098888 1228.80497780331 1189.13430633325 1156.43305913395 1138.56913325234 1129.2162728464 1123.98092917192 1118.37226871316 1115.41720003701 1116.2998850143 1119.01963046429 1114.22130199205 1111.8804035613 1114.41382581869 1116.22813864134 1121.8181911801 1124.0591343894 1123.2927601066 1138.11628983315 1182.98367611079 1177.62800429006 1130.16797906484 1071.02813497705 1013.08090663493 952.018859818679 889.746849102928 845.751334286054 831.946910432673 829.73577187824 822.34025131775 807.066517112683 782.635012407064 762.472576968763 753.96955732381 723.191089567834 696.872263287708 677.529137768887 665.358311836714 656.485750219999 652.454238159676 652.32129268 656.566946429549 -9999 -9999 -9999 -9999 -9999 -9999 -9999 -9999 -9999 -9999 -9999 -9999 -9999 -9999
1241.71752984803 1214.62646395424 1179.8064559743 1140.61448702466 1141.21093030774 1132.41205286123 1128.17202309559 1126.69898880047 1127.76936906014 1137.37729874597 1150.63456247036 1133.93887283106 1115.75930469345 1123.73293116897 1117.69804797407 1113.10906769361 1111.75706535533 1110.43227821213 1135.37359901261 1159.52792694851 1143.40532256339 1092.85671297028 1032.64807440843 976.222262915389 922.768928426633 846.74334022576 797.301902163098 790.253544112785 793.097768744808 795.672100425428 792.55205150595 760.439544360833 745.313075330426 736.24504334447 709.349838650304 686.018476983422 672.245723716885 660.456004308251 650.536790695239 644.216913679999 643.962780998534 -9999 -9999 -9999 -9999 -9999 -9999 -9999 -9999 -9999 -9999 -9999 -9999 -9999 -9999 -9999
1223.00415038628 1197.672865657 1170.94468259436 1123.8246780689 1135.08110902107 1135.04529876659 1138.63895410656 1145.29440579212 1152.61981597241 1164.5228363726 1178.33578307728 1168.36866144469 1151.07056463807 1143.95663464139 1122.87497096754 1101.82327228783 1089.92421931185 1085.28416337186 1094.33026727735 1092.10533958624 1068.66922823934 1030.13265451678 980.702242831647 929.15949974921 853.312805159763 771.540655113056 742.178462535629 735.021606702105 741.708693842 757.305701060676 773.675490222581 766.019084056027 736.421174711709 709.978843471838 693.190189314438 677.890754415654 666.083994295338 655.068577181417 644.400617337508 637.52034338 -9999 -9999 -9999 -9999 -9999 -9999 -9999 -9999 -9999 -9999 -9999 -9999 -9999 -9999 -9999 -9999
1214.86606453908 1197.8082999735 1176.42945880754 1140.12355323231 1131.54028823892 1138.71927757299 1149.35170552 1157.93949220059 1167.35524260152 1184.80511758041 1200.66402920438 1200.5919300226 1183.96505738236 1159.44596572482 1127.27886975241 1090.34822277355 1056.60921381798 1042.14438803778 1033.78273879008 1017.45823866581 990.195946066481 956.605113875956 922.842988748175 879.815268879983 799.65787522258 717.219190265251 687.461724068823 681.049870697203 690.964837366912 711.151664100007 733.813284114704 741.512440982826 713.139581956786 685.538478100102 677.420384468252 667.520720941252 657.666245779998 647.617268718915 638.550380236492 -9999 -9999 -9999 -9999 -9999 -9999 -9999 -9999 -9999 -9999 -9999 -9999 -9999 -9999 -9999 -9999 -9999
1203.11649137316 1201.43104613551 1193.25458031935 1178.55576812585 1142.33912081192 1135.89991444848 1155.15551562 1163.05063866092 1170.8064616562 1194.49847353177 1216.34161194619 1220.62482719385 1200.71835274994 1164.4518743737 1120.29879602748 1046.79843127148 1016.04895093492 990.071541157346 970.693416121287 946.002731649394 918.69263676819 892.287177485342 865.447329279996 821.69274983885 743.257006426017 679.857864259661 654.477281482478 649.526146828346 658.651930440129 670.908137074656 682.054657435935 684.027002669792 671.203903213778 660.495874490238 657.912407650389 651.755308806399 642.439790127343 636.634254852433 -9999 -9999 -9999 -9999 -9999 -9999 -9999 -9999 -9999 -9999 -9999 -9999 -9999 -9999 -9999 -9999 -9999 -9999
1188.14961264591 1194.67405970246 1193.73198340021 1185.07785022485 1159.19729134514 1134.88691364823 1164.40592393811 1165.91815437144 1172.08144482 1201.00673707766 1233.51602817813 1242.32405621834 1204.66392386139 1153.73751113325 1085.25522530421 1014.51947925688 981.412241451174 938.239958825445 908.81061534627 880.481699720001 853.513667988257 831.344507860641 809.604358815858 778.260051921518 733.473490968268 677.303263525414 638.310951145329 631.03536596 638.928396536978 646.401332555399 649.073478979724 644.798936402883 633.386242318385 624.594499453486 628.455004844557 628.006150723749 623.643324202262 -9999 -9999 -9999 -9999 -9999 -9999 -9999 -9999 -9999 -9999 -9999 -9999 -9999 -9999 -9999 -9999 -9999 -9999 -9999
1174.91892084137 1183.22934258 1184.75955065723 1178.95364034816 1145.34824912369 1144.10363634242 1167.26538800782 1171.76701038 1176.00123863177 1198.40019707601 1232.35210785389 1233.27347558596 1191.91170843497 1128.02254881438 1033.01026678643 985.258467440262 940.016316748674 880.474719444755 853.402802838074 827.853228557668 804.113826892875 781.088996991624 766.879769668678 744.888232139329 700.85781984446 662.373167742528 631.658078851579 624.087187678719 631.121888657845 633.004708344503 629.711027892894 622.459831303219 607.181387282349 589.367765656127 593.786572890536 600.256097164509 -9999 -9999 -9999 -9999 -9999 -9999 -9999 -9999 -9999 -9999 -9999 -9999 -9999 -9999 -9999 -9999 -9999 -9999 -9999 -9999
1154.01291619319 1162.60478148 1169.87760575309 1168.23709469384 1170.68606181589 1172.34142077242 1171.69000625878 1168.34502783327 1163.72825957415 1177.52110580965 1193.25765736399 1183.69572288799 1143.51178157998 1068.51603687672 992.05948212093 929.993409602874 875.81177827422 831.526185066877 812.992316155072 783.489784570548 767.201720018881 749.77044947058 734.909250866409 705.071111313416 680.652994510185 664.742579779999 642.923284661636 635.779006326826 636.692319565202 634.334124529105 626.464988887482 614.84829520737 598.784933102747 584.554651510258 582.840818409391 -9999 -9999 -9999 -9999 -9999 -9999 -9999 -9999 -9999 -9999 -9999 -9999 -9999 -9999 -9999 -9999 -9999 -9999 -9999 -9999 -9999
1123.0310717223 1137.38256056954 1150.66901230679 1158.96993833257 1164.42142902438 1165.91994116534 1166.51363640191 1162.08079496052 1158.90314215166 1157.25165691721 1146.24133719247 1079.64510538835 1020.732211392 994.302221343634 952.075900362496 889.176277502258 818.967924909815 793.690279608114 775.364089898818 744.878426530235 726.560321245862 717.554631188216 703.680216689285 694.66056706322 687.220110034991 670.291513855856 653.382657204456 649.482278798182 646.552776954376 639.164809984101 631.744889796513 617.283817283374 -9999 -9999 -9999 -9999 -9999 -9999 -9999 -9999 -9999 -9999 -9999 -9999 -9999 -9999 -9999 -9999 -9999 -9999 -9999 -9999 -9999 -9999 -9999 -9999
1094.74144665505 1114.85043885217 1119.25424639862 1135.01549341633 1150.66623839446 1157.30040473847 1154.74541712833 1147.09958802959 1135.24460101009 1116.98914242196 1060.60051849996 1007.11119188903 981.183779134811 937.918228708838 866.581909799653 817.368185242753 784.355275783715 754.134225612634 739.333506217607 726.283642605 711.364409134436 705.880724108158 715.761125460944 712.783106552559 693.973108646802 671.033055443788 651.805573293407 642.727211902891 640.046401660973 640.734240111553 -9999 -9999 -9999 -9999 -9999 -9999 -9999 -9999 -9999 -9999 -9999 -9999 -9999 -9999 -9999 -9999 -9999 -9999 -9999 -9999 -9999 -9999 -9999 -9999 -9999 -9999
1067.22209876408 1087.71738059422 1095.57133054876 1103.33539664376 1132.59869675865 1143.57383296 1138.46556855927 1125.03876147734 1097.98534961263 1052.26141771726 1000.82927314043 945.997933693199 913.144988024448 855.086522011671 805.447093744525 771.319695474247 747.655214442174 723.427841450598 718.317321411178 714.039104891976 740.827279634046 736.534448145101 730.738414499455 715.121975188174 691.101816241831 666.164994787133 643.821162951708 624.450767421074 620.815068366804 -9999 -9999 -9999 -9999 -9999 -9999 -9999 -9999 -9999 -9999 -9999 -9999 -9999 -9999 -9999 -9999 -9999 -9999 -9999 -9999 -9999 -9999 -9999 -9999 -9999 -9999 -9999
1031.80495613901 1047.60891315991 1064.9917966844 1087.11181325874 1108.25847622001 1125.09213586 1118.37105939473 1094.47984409973 1045.736663553 976.615817903391 911.592339039137 882.571244774927 860.479473775225 811.656198461394 773.433224562695 743.125835583885 721.316621387735 703.143997872193 719.769098606766 738.767457156724 761.665656887075 735.983940161864 716.739787185055 705.838150120983 681.015841439993 654.75751040388 637.431148584428 617.36890604155 609.499487457292 -9999 -9999 -9999 -9999 -9999 -9999 -9999 -9999 -9999 -9999 -9999 -9999 -9999 -9999 -9999 -9999 -9999 -9999 -9999 -9999 -9999 -9999 -9999 -9999 -9999 -9999 -9999
971.801992008717 995.224983821367 1024.55421212006 1050.75218240387 1074.05515480494 1093.96332094961 1082.76216223847 1041.94508451734 972.350752575717 913.024087395384 880.301330101787 856.554054850319 851.254908043428 804.759040543418 762.070587532977 734.791443207354 739.87356820601 723.079899418969 751.172378620804 751.61763680346 743.946957264696 718.807636651929 692.572323532775 682.310101975013 664.69906769816 641.523425237966 629.943637457114 616.435310162616 -9999 -9999 -9999 -9999 -9999 -9999 -9999 -9999 -9999 -9999 -9999 -9999 -9999 -9999 -9999 -9999 -9999 -9999 -9999 -9999 -9999 -9999 -9999 -9999 -9999 -9999 -9999 -9999
890.387145907895 934.145778081152 977.581229315694 1007.31801247617 1032.41848549576 1049.51977927514 1021.85112197498 981.720477448837 936.795319876404 906.470415946088 867.819286399492 852.450640171755 844.860292500812 797.369984622868 772.948469730595 752.548952311372 773.761428038482 753.431882109632 749.651301785542 727.727227994653 715.691724667801 698.821486519465 671.705871978157 657.417374701412 650.047470183438 635.969411801285 623.051211894898 -9999 -9999 -9999 -9999 -9999 -9999 -9999 -9999 -9999 -9999 -9999 -9999 -9999 -9999 -9999 -9999 -9999 -9999 -9999 -9999 -9999 -9999 -9999 -9999 -9999 -9999 -9999 -9999 -9999
833.13897587827 890.221570491778 938.659928494325 977.951848708168 1004.51959008119 1008.47693677579 972.273706047724 947.899135466314 915.310973301612 886.270887575196 857.081871257778 841.984451722373 818.522733590039 785.856456793823 768.697540269483 749.349154254587 752.822270138223 745.701792771157 732.06371729214 712.400221350611 698.345019059008 679.358290229833 652.749807206598 644.730142213602 641.786407351149 637.525751713339 -9999 -9999 -9999 -9999 -9999 -9999 -9999 -9999 -9999 -9999 -9999 -9999 -9999 -9999 -9999 -9999 -9999 -9999 -9999 -9999 -9999 -9999 -9999 -9999 -9999 -9999 -9999 -9999 -9999 -9999
825.687316821441 876.573043663842 915.807534842308 953.430840756765 976.228184292638 976.476119560308 952.27376416456 929.808711047482 896.675528499998 868.55220315999 840.861842044157 814.268251753134 785.578428325402 758.964196161488 736.734779779864 726.406913545638 725.685589148989 722.839054946788 716.936621659745 706.545713464842 688.494259753096 666.399854733801 647.572973415444 640.616492023954 -9999 -9999 -9999 -9999 -9999 -9999 -9999 -9999 -9999 -9999 -9999 -9999 -9999 -9999 -9999 -9999 -9999 -9999 -9999 -9999 -9999 -9999 -9999 -9999 -9999 -9999 -9999 -9999 -9999 -9999 -9999 -9999
838.597506623333 872.10808213479 905.558836648526 939.554967453087 947.9546756973 926.800296592874 912.56960360027 905.74788181043 878.565424818245 844.74850483837 811.723850976952 779.928474379996 752.075216835896 728.970364130068 710.351690073584 707.01651519884 703.572447240544 704.552232568357 699.876764632739 692.428610894782 676.574151711719 660.700977024705 -9999 -9999 -9999 -9999 -9999 -9999 -9999 -9999 -9999 -9999 -9999 -9999 -9999 -9999 -9999 -9999 -9999 -9999 -9999 -9999 -9999 -9999 -9999 -9999 -9999 -9999 -9999 -9999 -9999 -9999 -9999 -9999 -9999 -9999
841.0811944285 867.163035369947 897.847680488685 930.642758787107 940.16637792677 910.97656268112 896.945950786801 882.421272116992 849.889294042355 810.602495327813 777.177958539686 748.799010726207 724.326369950922 702.351591499995 683.748113105032 681.375849779999 676.856364779561 678.754674302851 675.732526852285 673.44028598755 -9999 -9999 -9999 -9999 -9999 -9999 -9999 -9999 -9999 -9999 -9999 -9999 -9999 -9999 -9999 -9999 -9999 -9999 -9999 -9999 -9999 -9999 -9999 -9999 -9999 -9999 -9999 -9999 -9999 -9999 -9999 -9999 -9999 -9999 -9999 -9999
829.87132383679 852.551758490798 880.937675228604 915.41008579677 940.574692451467 925.826735190691 903.604551470208 872.18605391494 818.821434373499 769.304194780111 742.595912681147 721.988610501024 700.24495601999 677.353112687222 657.734950520472 651.186472692597 649.855106454626 652.398823849229 -9999 -9999 -9999 -9999 -9999 -9999 -9999 -9999 -9999 -9999 -9999 -9999 -9999 -9999 -9999 -9999 -9999 -9999 -9999 -9999 -9999 -9999 -9999 -9999 -9999 -9999 -9999 -9999 -9999 -9999 -9999 -9999 -9999 -9999 -9999 -9999 -9999 -9999
783.878022280623 814.599647029962 843.808401559998 876.184047647758 900.677063272121 898.359275534497 884.883254839495 861.312334184486 805.807163403035 743.274235549108 714.65915590829 699.225733292253 678.922417801739 655.120419639995 634.216229040078 626.898479470374 629.551294063173 -9999 -9999 -9999 -9999 -9999 -9999 -9999 -9999 -9999 -9999 -9999 -9999 -9999 -9999 -9999 -9999 -9999 -9999 -9999 -9999 -9999 -9999 -9999 -9999 -9999 -9999 -9999 -9999 -9999 -9999 -9999 -9999 -9999 -9999 -9999 -9999 -9999 -9999 -9999
709.57550693511 757.670180453819 794.441636951131 822.845348737878 839.682795168036 843.187026952514 836.155965514499 814.228200442224 763.670702728806 711.542246695882 692.604454974815 679.917843910786 666.037435985513 652.858986269694 632.922841501111 619.74930024669 616.200576129491 -9999 -9999 -9999 -9999 -9999 -9999 -9999 -9999 -9999 -9999 -9999 -9999 -9999 -9999 -9999 -9999 -9999 -9999 -9999 -9999 -9999 -9999 -9999 -9999 -9999 -9999 -9999 -9999 -9999 -9999 -9999 -9999 -9999 -9999 -9999 -9999 -9999 -9999 -9999
