catData/variables/futureClimate2070/rcp85/CCSM4_2070_rcp85/bio10.asc
NCOLS 409 
NROWS 350 
XLLCORNER 60.897278365 
YLLCORNER 5.843756025 
CELLSIZE 0.0892857 
NODATA_value -9999 
[rows 182 to 207 of 350, columns 116 to 173 of 409]
31.6258899375741 -9999 -9999 -9999 -9999 -9999 -9999 -9999 -9999 -9999 -9999 -9999 -9999 -9999 -9999 -9999 -9999 33.1365291463215 33.237446018 33.348571949473 33.460664628 33.567807468 33.60893293 33.6154682810618 33.603519028082 33.3376623059999 33.0331328775069 32.3711540786987 32.3593010158086 32.1395708891154 30.7899902339733 31.385193323042 32.1017497448633 32.5060763060678 32.7395039758623 32.9834500453133 33.5908416798235 34.1397021623772 34.485573104 34.8866358225829 35.1164591916856 35.3246365527885 35.70893293 35.70893293 35.755252646 35.9641244883991 36.1352025753953 36.119756174 36.0514219210158 36.1604594847786 36.20893293 36.062613454 35.928630352 36.0838237660001 36.298109446 36.40893293 36.417806868 36.510363697567
-9999 -9999 -9999 -9999 -9999 -9999 -9999 -9999 -9999 -9999 -9999 -9999 -9999 -9999 -9999 -9999 -9999 33.1005424541591 33.1024604074236 33.1919597153119 33.3027161339527 33.362454718 33.2739089649636 33.1353097757464 33.0300848890109 33.0060444591734 32.8144995704599 32.675833828046 31.5975971469682 30.3677186413276 30.1947775642052 31.1073147502742 31.8786925853822 32.3590802456484 33.0522989910306 33.3509777509211 33.5967998849282 34.0662803505498 34.5197737792853 34.9479925420001 35.187386906 35.3018243155252 35.414085592227 35.5350407779249 35.746319716 35.9308451435666 35.9656851696623 35.8599837199042 35.855311398 35.9046340786248 35.9702054061106 36.0009609296921 35.761967242837 35.7925909496831 35.994546786 36.1070703797878 36.2037390314767 36.2211003332587
-9999 -9999 -9999 -9999 -9999 -9999 -9999 -9999 -9999 -9999 -9999 -9999 -9999 -9999 -9999 -9999 -9999 -9999 32.932093268 33.039236108 33.1436098795353 33.1335713688328 32.9555450035982 32.664461096 32.4319324778742 32.1369903163052 32.2587988839602 32.023924015124 31.3038040215044 30.8596146377776 31.2124177484372 31.7648077609172 32.3829090715276 32.6575635712501 33.1288453311458 33.646202692 33.9462735083543 34.1545460645552 34.446261204 34.767689724 34.994529746 35.2087227518052 35.4172733434371 35.625823935069 35.7880548107009 35.814244448 35.8819373839647 35.8244538043864 35.6398703501425 35.5367170122792 35.607136648 35.7064473722484 35.5827042827317 35.3715816639999 35.6201111280398 35.7290537973928 35.6532502491489 35.7310932739156
-9999 -9999 -9999 -9999 -9999 -9999 -9999 -9999 -9999 -9999 -9999 -9999 -9999 -9999 -9999 -9999 -9999 -9999 32.812454838 32.919597678 32.9814730008821 32.98750441 32.7069363762326 32.3521743768844 32.27500882 32.0564095004563 31.68212977066 30.8439568115495 30.5432631791119 31.0555763437778 31.5601463215517 32.1219831086713 32.5075000071088 33.0477916811081 33.4241717548927 33.810506012 34.173060234 34.3024341326849 34.5433697331043 34.8404832722071 35.064185816 35.276740158 35.383882998 35.487022996201 35.5123879774986 35.4026963843959 35.3673585056875 35.0438610527074 34.4836335321295 34.317783396 34.4743013789048 34.4759380956222 34.5327815270937 34.3532731621857 34.419614718 34.4672739021829 34.7641438640001 35.085572384
-9999 -9999 -9999 -9999 -9999 -9999 -9999 -9999 -9999 -9999 -9999 -9999 -9999 -9999 -9999 -9999 -9999 32.510664748 32.617807588 32.724950428 32.8219339747004 32.8029129653352 32.4442153813981 32.1771436885993 32.1077363403336 31.6096706149331 31.3518094064999 30.5592553447335 30.603594613799 30.9410989979987 31.3997546267326 31.6866708625341 32.1982835396965 32.6026103566695 33.0708169466692 33.537305042 33.899859264 34.250022726135 34.501690346 34.6457033223344 34.849900136 35.0424760403988 35.1250922102962 35.1087680815837 34.7106518445069 34.2758107049438 33.9365038436825 33.4872514488033 33.4813361879299 33.6651014653315 33.8583459736981 34.1247502200647 34.2473104967062 33.926306525202 33.8988393826578 34.202071058469 34.3445175418977 34.6417594465284
-9999 -9999 -9999 -9999 -9999 -9999 -9999 -9999 -9999 -9999 -9999 -9999 -9999 -9999 -9999 -9999 -9999 32.376740638 32.4939119971848 32.617807588 32.6178011071321 32.287488308983 32.0398340432527 32.0465048569697 31.9198686327812 31.6296427361892 31.0506745573134 30.8031227937384 30.972101701382 30.903486148 30.98746889 31.1671274094251 31.5455660736391 31.7605880467692 32.4584342982324 33.059906681416 33.4621691019741 33.8802391062796 34.1964927850124 34.3510716026832 34.4032786397701 34.34471841 34.3364765242819 34.0779387426923 33.1677438084104 33.2863140746314 33.6313569266347 33.7971013978016 33.8544898243337 33.9234506475671 34.019579438 34.1802889090349 34.4246769035378 34.327977443486 34.0486922427633 34.2029985859707 34.3909666060001 34.5935250045615
-9999 -9999 -9999 -9999 -9999 -9999 -9999 -9999 -9999 -9999 -9999 -9999 -9999 -9999 -9999 -9999 32.0384637374605 32.196379068 32.3282646976631 32.476740638 32.3778735424032 32.0183986210331 31.7593793177273 31.6800223476612 31.5638477242707 31.448473042116 30.9306643624733 30.8069263120001 31.2237699706484 31.4892991902229 31.6174860442433 31.7399693599593 31.976663886 32.1614872398178 32.3899739618505 32.7873069899238 33.1835806589721 33.4924130388253 33.885514832 33.8471927407898 33.5803786824355 33.20177233 33.219520686 33.3488553940252 33.0701614726662 33.156983984 33.478412504 33.755252646 33.9870876812987 34.1399450003948 34.2114694729039 34.3319026379948 34.448150798 34.6130739762078 34.508924043382 34.3023289088206 34.3516719860001 34.5605241166128
-9999 -9999 -9999 -9999 -9999 -9999 -9999 -9999 -9999 -9999 -9999 -9999 -9999 -9999 -9999 -9999 31.9630708991474 32.0195469189577 32.155312118 32.262454958 32.2448897714482 32.0727094672495 32.0117947307709 31.9408029672702 31.9168153173866 31.5477943163738 30.927132822 30.7644371494571 31.1195857276058 31.6107009640027 31.9284540960001 32.124881330397 32.2673367281433 32.4485553714598 32.633865358 32.741008198 32.8599457258922 33.1025061972442 33.4650325038834 33.4685746779441 33.5366222723588 33.5649788077108 33.6157943975157 33.6903123461323 33.4359732358295 33.2427315001637 33.5201597236323 33.752999569101 33.9750161705696 34.217748116 34.3271111264932 34.4573419529754 34.580302578 34.6515342519127 34.7366220752375 34.6221806611501 34.5637943975926 34.5815274302129
-9999 -9999 -9999 -9999 -9999 -9999 -9999 -9999 -9999 -9999 -9999 -9999 -9999 -9999 -9999 -9999 31.7580889813738 31.6969853929542 31.9049211447177 31.9302535031948 31.8305479110308 31.6823579688667 31.8193019670812 31.5368183530773 31.2960641733716 30.7450169219999 30.6493722654414 30.896302316 31.1332506531555 31.6205741935544 32.0574856306096 32.308815666 32.4662623209377 32.630185434 32.848151038 32.955293878 33.0282463035938 33.0825190762421 33.2211865742344 33.3813932360859 33.589176996 33.849941128 33.943931567422 33.7890278270318 33.2406567967183 33.3977867389299 33.5243142502975 33.6250353913982 33.8854418106868 34.1411552662737 34.269597318 34.376740158 34.483882998 34.5878949247649 34.7435757154535 34.8490443487105 34.8740758728744 34.6612196159229
-9999 -9999 -9999 -9999 -9999 -9999 -9999 -9999 -9999 -9999 -9999 -9999 -9999 -9999 -9999 -9999 31.6264457807995 31.6201761780137 31.7486560635865 31.78003373559 31.6841450213867 31.3116517208999 31.49350402302 31.4016125911069 30.6848320882796 30.1060739307401 30.4027503813327 30.9412391618541 31.3868881077602 31.7570423448862 32.0310211239393 32.2280949323005 32.5235475938939 32.7891184840001 33.007084088 33.1468154003371 33.276722398 33.3512012319304 33.36605789 33.4925457344762 33.699882256 33.9561256268828 33.9862137310861 33.7448234115529 33.239611731971 33.347076038304 33.355725821698 33.3771948555894 33.8693613500001 34.169579318 34.276722158 34.383864998 34.4021086602384 34.5748908360001 34.694588258 34.8482948845418 35.0474286701351 34.9483264742715
-9999 -9999 -9999 -9999 -9999 -9999 -9999 -9999 -9999 -9999 -9999 -9999 -9999 -9999 -9999 31.516017498 31.623160338 31.718938113516 31.799941488 31.8792183116253 31.8288665718041 31.3871676232334 31.2900463473489 31.3201322681842 30.4267151574354 30.0813288978033 30.3107866223802 30.8707206223811 31.3674560927612 31.6569932726589 31.6059537462927 31.9091057990538 32.387346394 32.708774914 32.9914001536299 33.217748596 33.4072748586737 33.535655448 33.6126810935324 33.6577870230383 33.851672466 34.06249547 34.0558390324995 33.9634579807164 33.8287822941085 33.8037557153867 33.7797040228357 33.8252906696212 34.1439786343484 34.4206586172552 34.553503308 34.660646148 34.6573693055432 34.8248727160001 34.8263433851962 34.7405341083375 34.9236052085213 35.0455100167598
-9999 -9999 -9999 -9999 -9999 -9999 -9999 -9999 -9999 -9999 -9999 -9999 -9999 -9999 -9999 31.516017498 31.623160338 31.7092005569645 31.7417309339025 31.9159780157976 32.0932083122215 31.9303021784175 31.6628952362724 31.5276057005925 30.7689650038779 30.4656764789369 30.6660877654065 31.0449970903445 31.3406416115421 31.0394583371181 31.1393119565247 31.6699744101929 32.1294990109656 32.5255399940276 32.885556064 33.148110286 33.4083691852136 33.6241073502756 33.749941128 33.8305339883996 33.8967139530768 34.1024113490472 34.23927662 34.23927662 34.2070203525808 34.0063904416852 33.9328363673344 34.2317394957912 34.4280838380424 34.657024736 34.7593204659184 34.842798048 34.9255596682056 35.0532719447324 35.1067893806593 34.9058239984334 34.7542892264538 35.032033556
-9999 -9999 -9999 -9999 -9999 -9999 -9999 -9999 -9999 -9999 -9999 -9999 -9999 -9999 -9999 -9999 31.5875947902794 31.6162390856648 31.8055326332496 32.0080349141115 32.2397201926389 32.3083157066672 32.1169628400282 31.7654446118313 31.4043023545054 30.894008389551 30.8016419635793 30.8695331819938 30.7479605202339 29.6859047371268 30.4780591567567 31.2838398905603 31.8481909609748 32.2905565183305 32.6645709323642 33.0093906590588 33.321270264 33.5133657335518 33.7500553722856 33.9545874398375 34.0494072865321 34.103462676 34.3068136959215 34.37678115 34.3838086499323 34.3557140880163 34.1946868223993 34.212395606 34.426681286 34.640966966 34.8245959169575 34.949940888 35.057083728 35.164226568 35.271369408 35.2291376268561 35.16686817906 35.225483406976
-9999 -9999 -9999 -9999 -9999 -9999 -9999 -9999 -9999 -9999 -9999 -9999 -9999 -9999 -9999 -9999 31.576839662 31.5654778979256 31.7220958355983 31.9407600914582 32.2951470030563 32.3933886666163 32.2573522837109 32.0754800401149 32.0772704350968 31.6361806286928 30.1272982506559 29.8721981133048 29.6024838764729 29.6395243159934 30.4312386286592 31.433589598 31.9447228870476 32.1963453066886 32.4795867383613 32.8581845739661 33.1587232077066 33.3667107706207 33.589591135052 33.8804312212754 34.0900469496027 34.187386666 34.392798168 34.48392399 34.4876471710881 34.5205597684785 34.5183629451331 34.4874523701061 34.6118195037788 34.6373677203545 34.748109806 34.889235748 35.0637717155305 35.187445418 35.294588258 35.3853767965124 35.46784798 35.465273121167
-9999 -9999 -9999 -9999 -9999 -9999 -9999 -9999 -9999 -9999 -9999 -9999 -9999 -9999 -9999 -9999 31.6190224332678 31.6875477288123 31.6317981968923 31.7408106300001 32.1684401534738 32.30893317 32.176898414 32.3022717174147 32.453503548 32.4341420363682 31.2427711474018 29.8864002851615 30.1786100806143 30.8034919171135 31.4699005314122 31.8543640028996 32.1911258989935 32.5029831669535 32.7252412961733 32.9640158951267 33.223101106 33.437386786 33.651672466 33.7941358265735 33.998110166 34.1108191713668 34.2348219505932 34.4235193605531 34.5210909485131 34.621369528 34.6877217564331 34.726722038 34.786754897647 34.8930369869389 34.9760621234541 35.055293398 35.0964807916142 35.1078116478472 35.1173828998872 35.3122407240728 35.5161624280656 35.68213366
-9999 -9999 -9999 -9999 -9999 -9999 -9999 -9999 -9999 -9999 -9999 -9999 -9999 -9999 -9999 -9999 31.6004146464793 31.5720296788867 31.5390154561178 31.7335728194029 32.1077909538912 32.1843590210323 32.2308877003058 32.7314512200073 32.8924860397383 32.8069583521457 32.9600981782577 29.9915003647228 29.6727040246323 30.3896114635502 30.8592671481825 30.9861897923595 31.1073720440054 31.7268304923815 32.213278732188 32.485574544 32.9354915661198 33.3217507889658 33.6412610985585 33.787445658 33.8962819442562 33.905311998 34.030044316929 34.3335376085216 34.523159858 34.6600628777069 34.8349848092995 34.941007718 34.99641934 35.0563474379226 35.1630446476701 35.1977291407374 35.2770745668553 35.29641934 35.2035245239595 35.303462196 35.5090328107742 35.6175203548184
-9999 -9999 -9999 -9999 -9999 -9999 -9999 -9999 -9999 -9999 -9999 -9999 -9999 -9999 -9999 -9999 31.6 31.6286811973672 31.5923309452902 31.5997654720001 32.0689927527655 32.476623614 32.6624837912408 32.7717236159845 32.960606116 33.0921264484351 33.1002896383397 32.6460688148261 30.1726531937741 29.1308210933191 30.0978968103855 30.7477841477867 31.1849130010601 31.6269498248136 32.155194374 32.476622894 32.7355678499132 33.2286487974462 33.544548106 33.579261932411 33.7728298148143 33.7982028360396 34.0261475427352 34.310664508 34.4165677142846 34.549900376 34.764186056 34.933883358 35.0437951166166 35.153521548 35.19464749 35.2717231102924 35.380302578 35.404680524743 35.499940768 35.5054451671936 35.5191039795812 35.6196546887117
-9999 -9999 -9999 -9999 -9999 -9999 -9999 -9999 -9999 -9999 -9999 -9999 -9999 -9999 -9999 -9999 31.5586862037057 31.5799316736955 31.637405986 31.9520124497363 32.245700404726 32.4619104548321 32.5915075048838 32.7371788107001 32.9380766178422 33.062487727874 32.7322546906525 30.4931467997058 30.1221843943583 30.43006769 30.7891829119163 30.7427798708563 31.3153306357868 31.7865097515171 32.080222274 32.4163638931903 32.748070014 33.005480151311 33.1930172314931 33.126655600973 33.3726597162302 33.6804196507428 34.0041441463993 34.191026318 34.2779032053166 34.3329643333018 34.512414326 34.6932545757808 34.865976386 35.0140314883937 35.0665166849285 35.221328776 35.355311878 35.462454718 35.569597558 35.601731098 35.7 35.6859845744698
-9999 -9999 -9999 -9999 -9999 -9999 -9999 -9999 -9999 -9999 -9999 -9999 -9999 -9999 -9999 -9999 -9999 31.4512956353434 31.4215221361623 31.7826654947358 32.1743461851434 32.2698649861956 32.472355134748 32.653522028 32.760664868 31.9122305900707 29.8924009348704 29.1934881859568 30.0978174881365 30.7604481 31.1940064821483 31.2327772361601 31.0907844599388 31.0760332878304 31.4461642479645 31.85690416 32.299477796979 32.6409271739999 32.6884544819226 32.5226432384648 32.4459847463568 33.3112234588919 33.7500259300633 33.8487096652814 34.0189752487533 34.0923818368167 34.0699601377979 34.3358906232209 34.583824246 34.7034854087415 34.8387074621387 35.046319476 35.180302578 35.287445418 35.394588258 35.5824328643143 35.7017426808049 35.71963819
-9999 -9999 -9999 -9999 -9999 -9999 -9999 -9999 -9999 -9999 -9999 -9999 -9999 -9999 -9999 -9999 -9999 31.4813344731911 31.6023096246856 31.817807828 32.028414064 31.9261479030524 32.1225798797336 32.5228444275145 32.6372910858922 30.4665202407082 29.0944927189013 29.5596842628474 29.9733661429063 30.7293587633298 31.1962613240001 31.5095744050833 31.5829696652794 31.298289974 31.1320503408543 31.2958788629517 31.7895005594013 32.2051677796562 32.5395052031177 32.582810885708 32.0195507001038 32.4812886472542 32.9488202050897 33.0976374448129 33.464936730519 33.8172220039266 34.0129728212346 34.3149087717774 34.4896082829881 34.690967086 34.8569158732585 35.0267265446183 35.153521548 35.260664388 35.367807228 35.476681166 35.6820929080001 35.7775084281212
-9999 -9999 -9999 -9999 -9999 -9999 -9999 -9999 -9999 -9999 -9999 -9999 -9999 -9999 -9999 -9999 -9999 -9999 31.574892036 31.744588858 31.9200963060434 31.8944306622657 31.7098153625098 32.3240425957381 32.2405959269824 30.2962816095153 29.4661038426239 29.8104295000001 30.3309337497955 30.7053170295629 31.1755654855374 31.5235979238799 31.8215184830492 31.9089228736102 31.6814175856831 31.4775497690492 31.6337468940001 31.9538793045137 32.4612571308308 32.8002973486812 32.6464226132895 32.5725253617048 32.7669428727835 33.0584684061791 33.0686589692794 33.418204417628 33.7851590527361 34.064145784 34.3172103302875 34.4960041471003 34.696338316 34.8126456435885 34.8561997436652 35.0389729377699 35.1909807756792 35.2683539714351 35.510112711191 35.6536025489469
-9999 -9999 -9999 -9999 -9999 -9999 -9999 -9999 -9999 -9999 -9999 -9999 -9999 -9999 -9999 -9999 -9999 -9999 31.5595141883814 31.703522148 31.7894204816043 31.7863099807058 31.6864544143457 32.03053973414 30.9397240286498 29.678726503448 29.6187556754542 30.0497246000001 30.5451844630255 30.6243706699647 30.9009958817187 31.32831456 31.819892702117 32.1321776037883 32.171468672 32.0191104476726 32.0631184741618 32.196360108 32.3795227750506 32.8035602667785 32.975466442501 32.9880384375556 33.3336598201117 33.376998638 32.9608409016723 32.8267053535607 33.167845148 33.364164744 33.7068375732755 33.9786956553282 34.1314115998947 34.17146632 34.1571189956596 34.5033814120001 34.703931970393 34.717726324 35.0412136091522 35.3743442797726
-9999 -9999 -9999 -9999 -9999 -9999 -9999 -9999 -9999 -9999 -9999 -9999 -9999 -9999 -9999 -9999 -9999 -9999 31.3807129315414 31.5911619335839 31.6501207623737 31.6950550644969 31.918085654278 31.4278172272318 29.7967853378781 29.7074158938386 30.0250077358809 30.2516169680767 30.687985538983 31.0792547180166 31.025241456924 31.2669255199068 31.6812811167966 32.060439399911 32.3283374075512 32.3964191 32.3964191 32.5048491741739 32.3868985776097 32.658966365351 33.0329470832375 33.2025097817413 33.54820955 33.5073066749037 33.1977107739346 32.8404393355944 32.7640218626351 32.8656966648417 33.0838971597781 33.3554010555715 33.5226051488995 33.55537135 33.5969604165078 33.8726293869733 33.9597303844653 34.015935994 34.3593904755773 34.8915593508034
-9999 -9999 -9999 -9999 -9999 -9999 -9999 -9999 -9999 -9999 -9999 -9999 -9999 -9999 -9999 -9999 -9999 30.9270592894621 31.0809060080772 31.3923904025768 31.3999276303082 31.2884149777689 31.6274875234617 30.7870116768078 29.6818496632303 29.8497835920001 30.2259978248461 30.6256458241924 30.8956926526153 31.2426150633464 31.4788768377694 31.5955449735768 31.840948726 32.0504612925381 32.3050090252303 32.5424126031162 32.6472468436926 32.7313855333071 32.6477925230011 32.7478976143458 32.8826261904595 33.250799960962 33.6098241392317 33.694687762 33.6003644569236 33.4648634827324 33.2528413402314 33.1887437984591 33.117788388 33.251217087807 33.442738576 33.51070478 33.5551541761547 33.6441417483831 33.7077092514624 33.8130234616513 33.9782434909197 34.339254828
-9999 -9999 -9999 -9999 -9999 -9999 -9999 -9999 -9999 -9999 -9999 -9999 -9999 -9999 -9999 -9999 -9999 -9999 30.9280880858501 31.0697672439156 31.187504109184 30.9740907645891 31.4191598297687 30.3349742359393 29.4134639563823 29.5529988718387 30.0486304121016 30.7431322333075 31.080244066 31.3165542397732 31.623160098 31.7795437667998 32.037386786 32.2349496073729 32.3961236823406 32.602324496054 32.8072747002325 32.9082167265191 32.9751758908056 33.0202819829079 32.9895152613787 33.1422661146697 33.4469004798552 33.8040027264765 33.8105166534752 33.7397653156226 33.724931228 33.5812665686156 33.3120625906582 33.358874058 33.4907763837561 33.5832261165305 33.730487858817 33.8171444451036 33.919578718 34.0260723136766 34.0941419900737 34.1685022857503
-9999 -9999 -9999 -9999 -9999 -9999 -9999 -9999 -9999 -9999 -9999 -9999 -9999 -9999 -9999 -9999 -9999 -9999 30.96963807 30.7968711869762 30.9174914543271 31.1872319918616 31.4436075890582 30.0325083578231 29.3072761272265 29.6272167729842 30.0484753932583 30.6372882420001 31.0604707128379 31.4065357346619 31.6392883432573 31.8394445028235 32.1009680730957 32.3277646529852 32.4877562469341 32.687386666 32.901672346 33.042798048 33.149940888 33.23053353853 33.23927614 33.2415331456316 33.3954695411373 33.6990487624135 33.8929682201259 33.8907402840451 33.9506453280357 33.870898123534 33.6604345101973 33.4324325493906 33.3504059343589 33.5357776571205 33.7046839905206 33.817807348 33.924950188 34.101731098 34.2061796391562 34.26963807
