catData/variables/futureClimate2070/rcp85/CCSM4_2070_rcp85/bio17.asc
NCOLS 409 
NROWS 350 
XLLCORNER 60.897278365 
YLLCORNER 5.843756025 
CELLSIZE 0.0892857 
NODATA_value -9999 
[rows 140 to 167 of 350, columns 122 to 182 of 409]
1.04311404660769 1 0.398792142767523 0.755578222544762 1 0.203647346830455 0.866234156963713 1 1 1.33465712558106 3.13069670053741 2.88373221513096 2.37446018000006 3.44588858000021 4.04620783901925 4.6254795062932 5.60120567160565 5.24442396308222 5 5.87445898000017 6 5.98423090183254 5.08932209999998 5.07501514879197 5 4.42100846058336 2.71486431999995 2.08932209999998 2.56042905535388 3 3 3 3.80302818000014 4.79634828191573 5.85656287999993 5.98423308745953 5.08139549785263 5 5 5 5 5 5 5 5 4.93465218566391 5.71370368000013 5.91067790000002 5.99516611839901 5.98268901999984 4.91126061999959 4 4.21090952285063 4.91067790000002 5.25168395347514 6.30706424121283 7.42798768000024 9.08815426000042 11.2310110600007 12.6422728800002 13.8571567493015
1 0.421787096150792 0.00608070548790036 0.0130911128730751 0.0178936999999034 0.861060380809487 0.999031767956391 1.01700829368277 1.89494772467862 1.00573224607922 1.26324653859934 2.31008076047638 2.98880677812293 3.44588858000021 4.508060265155 5.57085168000021 6.64228008000029 6.25050412000014 5.9821063000001 6.85656528000027 6.9821063000001 5.01758385662731 5 4.84269350009476 3.79043691845551 3.02494276636606 2.62554221999997 2 2.0092566719001 2.0178936999999 2.66625217137782 3 3.80302818000014 4.87445658000014 6.87484457793328 6.94778934042743 5 5 5 5 5 5.437905269406 5.9821063000001 5.40390046731633 5 5.71850639596163 5.99647540239961 6 6 5.98268901999984 4.9984121241561 4.9821063000001 4.98625041256614 5 5.74220561071176 7.42798768000037 9.00746927399021 10.5634854843718 11.6540857027329 12.7315949800001 13.8030233800001
1 0.411252219999861 0 0 0.042990129674419 1.75564343236017 2 2 1.91600444153632 1.2051347604982 1.78079543746707 1.64337554456722 3.33436695320356 3.47091253136352 3.49147668932918 4.58874538000011 5.62483157474001 5.98563140322564 6 6.87445898000017 6.05411262000006 3.99907300491242 3.8624720130529 2.99142520898148 2.9464653 2.9464653 2.57200751999997 1.9464653 1.9464653 1.97798347881141 2 2.73159977999993 3 4.74891316000028 5.89524731136111 5.93007878660411 5 5 5.01239856050074 5.0535347 5.40794372356832 6 6 5.96848194967187 5.39232216488071 5.79950093374099 6.0535347 6.83436159562027 6.9464653 6 6 6 6.01239843201746 6.35655928000032 7.42798767999998 8.49941608000028 9.57084448000023 11.1994931381555 12.6601665800003 12.9608342822242 13.7494886800001
0.875036899999962 0.35986086770678 0 0 0.803032980000194 1.87446138000003 2.11820131916715 2.12279896654085 2 2 2 2.26516398937266 2.54737042491929 2 2.96998842649649 4.53735372779559 5 5.73160217999996 6 6.76518387503648 5.69274748148861 3.85988495354749 3.01108974783978 2.98480618213186 2.19204304715233 2 1.62554221999997 1 1.06464523359203 1.64013493211605 2 2.73159977999993 3.10034889076021 4.65532664989582 4.99323761934422 5 5 5.02001536222036 5.32762040348778 6 6 5.94428098061145 5.87503689999996 5.43343801594516 6.36280429773562 7 7 6.34409483028127 6.24992620000008 6.1271263337249 6.23883705198314 6.14497816230897 6.4525814033993 7.42798768000035 8.49941608000001 9.62656319947744 10.637946712462 11.6623087280614 12.7026332176471 12.3598273966451 12.8276381890628
0 0 0 0.143680920873095 0.841715628508494 1.87446138000003 2.76012506727107 2.78629031999972 1.80360849999996 1.83506550458464 2 2 2 2 2.41572032232229 3.98109926000018 4.93326101891489 5.58792173046647 5.48819173969569 5.41082549999988 3.13045608416795 3 3.08874418000015 4 3.62776696772704 2.27375821103553 1.69908254510086 1.19639150000004 1.61210989366204 2 2 2.73159977999993 3.80302818000014 4 4.76012120995022 5 5 5.16017017999994 6 6 5.92646014623872 5.44529250437973 4.89840428500149 5.39234908000002 6.59342905623581 7 7 8.046189548092 8.19639150000004 7.2103027506715 7.92868827994695 7.32510368943423 8 8.30302458000032 9.37445297999997 10.8917627600005 11.5842854636587 12.1426215114454 12.8036085 12.9472875355147 12.6845860677334
0 0.157678371564872 0.267819900000022 0.803486214544852 1 1.64026322065454 1.73218009999998 1.9873199732356 1.26781990000002 1.38509683287392 2 2 2 2 2 2.86213530240601 4.30134165574243 4.53624247731259 3.28843417926483 3 3 3 3.08874418000015 4 4 3.55625583649739 2.43535255480621 2.14840270786098 2 2 2 2.53566280008031 3.75027520686495 4 4 5 5 5.16017017999995 6 5.91884334451906 5.45801132242605 4.88058345062873 4.35341441631631 4.58874058000005 6.32033796000026 6.8040636628481 6.94724638409705 8.51471212895851 8.98550627798731 8.26318367506748 8 8 8.06202606576804 8.4896884672871 9.37445297999997 10.772346853397 11.7321801 11.7321801 11.908985847439 12.535659285616 11.3411989813291
0.175499720222084 0.728264396506341 1 1 1 1 1 2 2 2.05433908966754 2.33924830000006 2.23644528378907 2 2 2 2 2.87242189486103 3.08629081168257 3 3 3 2.99412565107175 2.7494958800001 3.71508997547156 4 4 3.75257638528678 2.89336211999988 2.16375020816977 2 2 2 3.33363041508309 3.95740960818886 4 4.66662523473226 5 5.16017017999995 5.92143057545252 5.46052610781902 5 4.7053815343625 4.33924830000006 5.12771812090618 6.55091215164475 6.26840261999993 6.80302578000011 7.87445418000041 8.62499352273527 8.97681629946344 7.66075169999994 7.71508834707976 8.15302756964864 8.76355227362328 9.37445297999997 10.4458813800003 11 11 11.6601665800003 12 10.9245523034746
0.715545064175565 1 1.27111897502104 1.41067670000002 1.41067670000002 1.05155578618414 1 2 2.03644615261069 2.50507154779105 2.90488588819266 2.53518770281105 2.41067670000002 2.22756064939784 2 2 2 2.43115021100475 2.58932329999998 2.58932329999998 2.58932329999998 2.16844200738816 1.67806748000013 2.74949587999995 3.68443642618323 4 4 3.55411381999982 2.48268541999988 2 2 1.69954901662889 2.39235148000012 3.82289882256788 4 4.42087987823589 5 5.16017017999995 5.86351356055899 5.41067670000002 5.25689660024437 5.183114079354 5.41067670000002 6.34637582144961 6.72888398185117 6.158175917747 6.80302578000011 7.87445418000041 8 8.1582430722801 6.96355680426139 6.74949108000007 7.58932329999998 7.8923478800003 8.80999716586839 9.62452798000023 10.3910936733282 10.8311043529265 11.6601665800003 12 10.7237362317211
1 1.28383830735174 1.82400697672351 2.35271029920135 2.09495880487371 1.54712091105102 1.4821051 2 2.08874658000001 2.9227788252496 2.39794869067512 2.30303177999999 3 2.55411141999979 2 2 2 2 2 2 1.5439828700764 0.526242925848584 1.08874418000015 2.08295256230183 2.7494958800002 3.66398690954782 4 3.55411381999982 2.7320854173223 2.19826910675276 2 1.26840022000007 1.80302818000014 3.32733318305366 3.97391087287135 4.52624176879633 5 5.08295131935405 5.5178949 5.5178949 5.50449321684088 5.7130260356548 6 6.58874058000006 6.65810185211973 6.12939827195533 6.41588295603058 7.39234908000042 7.5178949 7 6.95404232766863 6.56505517640637 7.11165369951862 7.6390399845568 8 8.44588138000027 9.26791209678224 10.6743004382858 11.8240020049326 12 11.1969766199999
1.28635360702927 1.81638966071946 2 2.32663693621651 2.08793917603473 2 2 2 2.03962237495957 2.37495373729177 2 2.30303177999999 2.79272374595391 2.2473921862973 2 2 2 2 2 1.51595766019401 0.500579119999988 0.0173157800002153 1.08874418000015 2.17732177762285 3.21046907893739 3.68882596668581 3.79272507443433 3.49420619563407 3.55353350000007 2.63890155768007 2 1.67336520682272 1.91205868092605 2.87445658000014 3.42230595642306 4.00772984417185 4.49558804807963 5 5 5 5.37445538 6 6.28634962158812 6.81638644616062 6.63457435390905 6.11983277834218 6 6.87445418000041 7 7 7 7 7.23159618000022 8 8 8.44588138000027 9.28634829310779 10.9938617346415 12 12 11.1969766199999
1.81897637736838 2 2 2 2 2 2 2 2 2 2 2.30303177999999 2.62553981999994 2 2 2 2 2 1.49813648296499 0.500579119999827 0.61143786838163 0.642277680000218 1.71370608000015 2.74510354015058 3.51977988850278 4 3.62554221999997 3.16722430576352 3.69834000281457 2.82251403999983 2 2 2 2.87445658000014 3 4 4.08874178000012 5 5 5 5.14043503424998 5.65369847432808 6.19401177709409 6.3750381 6.12744958006181 6 6 6.87445418000041 7 7.01081870295176 7.6249619 7.52486313989237 7.23159618000022 8 8 8.44588138000027 10.1639075859953 11.6915222968495 12 12 12.2006946546185
2 2 2 2 2 2 2 2 2 2 2 2.09200338781626 2.18991995708823 2 2 2 2 2 1.19696941999983 0.734505771419856 0.983570883675568 1.01731578000022 2.02694359386659 2.41515233103794 3.07031630405756 3.30360969999998 3.18992068575152 3 3.15706172443945 2.53611864046498 2 2 2 2.87445658000014 3 4 4.08874178000012 5 4.8387169953941 4.30360969999998 4.5643767944148 5.44588378000015 6 6 6 6 6 6.26549277125366 6.9623131536509 7.01731098000016 8 7.95137150836451 7.76670514673102 8 8 8.75638884798309 10.5278206142261 11.3036097 11.7633433026964 12.5094756476008 13.4994136800001
2 2 2 2 2 2 2 2 2 2 2 2 2 2 2 2 2 1.4382621652352 1.04573261599579 1 1 1.00402040031096 1.3003207409202 2.03718907784873 2.23218129999991 2.23218129999991 2.23218129999991 2.23218129999991 2.23218129999991 2.09548618953767 2 2 2 2.87445658000014 3 4 4.02060418184473 4.23218129999991 4.17840844061734 4 4.08694153692036 4.67806508000006 5.62938326554179 6 6 6 6 6 6.9458825799999 7.00401928584071 7.30031705539063 8 8 8 8.28751200031474 9.31722539845458 10.5173097800002 11 12.1670548252397 12.9376813735299 13.8030233800001
2 2 2 2 2 2 2 2 2 2 2 2.25431854257283 2.83924709999998 2.4650364023117 2 2 2 1.88239282791867 1.16530601452354 1 1 1 1.01426588429315 1.16075290000002 1.35512335082234 1.74568347162024 1.16075290000002 1.16075290000002 1.16075290000002 1.65485373861043 2 2 2 2.87445658000014 3 4.83924709999998 4.83924709999998 4.70482474092855 3.80563156337074 3.41506741418686 4 4.44588378000015 5.51731218000009 6 6 6 6 6 7.73971179220532 7.83924709999998 7.85351221267925 8 8.19436642243626 8.83924709999999 9.21370007999996 9.91092382489104 10.5173097800002 11.4940968102244 12.0514944844363 12.1607529 13.6377113228974
2.43956541495883 2 2 2 2 2 2 2 2 2 2.2109155238834 2.93774366223263 3 2.55411141999979 2 2 2 2 1.19696941999983 1 1 1 1 1 1.02068764173802 1.06225655214617 1 1 1.47110571379891 1.96326467231703 2 2 2.73129808933574 2.98878589678023 3.86139427710394 5 5 4.83982982000005 3.97931257264078 3.93774323347504 4 4.03982834570661 4.60663668000005 5.62547612206183 6.60119971594613 6.91067550000003 6.17937959628552 6.796343997599 7.9410485685171 8.01576468536714 8.91067550000003 8.76481462686456 8.44250514702002 9.91067550000004 9.94412332521203 10 10.9884111225568 11.9632642435594 12 12 13.6060467600002
3.46478452000011 2.40389240914557 2 2 2 2 2 2.01700825211914 2.98210390000011 2.98210390000011 2.98624869724891 2.70239130703803 2.01789609999989 2.0099164333834 2 2 2 2 1.19696941999983 1 0.0710403151411746 0.0178960999998889 0.0178960999998889 0.0178960999998889 0.0178960999998889 0.315502435912469 1 1.43790655633433 2.49941848000023 2.98210390000011 2.98210390000011 2.98210390000011 3.78513208000025 3.98210390000011 3.99903155219058 4.03489963802026 4.91284635176893 4.01502967844161 4 4 4 4 5.02536648949573 5.99264006029379 6.66016898000013 7.71850464012793 7.96773287033874 7.97985711945083 7.99903150923994 8.98241369902929 9.08715129118199 9.97923752139247 9.97249713679397 10 10 10.8758036844714 11.9827234551078 12 11.3516478271319 12.4549006661572 13.7994982667109
3.48268062 2.41125221999986 2 2 2 2 2 3 3.00475080854453 3.04495776491813 2.98760173838082 2.65965790815652 2 1.97613055876887 1.94646770000002 1.94646770000002 1.98180832084311 2 1.19696941999983 0.953188199544958 0.0512158469924348 0 0 0 0.0123981331416588 0.340339820320974 1.39450336621631 2.47554916724654 3.51731458000012 4 4 4 4 4 4 3.94739452505221 4 4 3.98760199533586 3.96268943120148 4 4 4.51731218000009 6.17748116000011 7.66016898000013 8.73159738000007 9 9.04681154350001 9.10416757003728 10.0544589965746 10.1910535568884 11.0449581503507 10.7684038199998 9.72941862544757 9.81587990147741 11 11.4896169976643 12.0095007177464 12.6783586445898 13 13
3.35771991999995 2.3598618547121 2 2 2 2 2 2.87503929999995 2.95269604524055 3.60991919762319 2.67237724048693 2 1.95320719378505 1.4848692690786 1 1 1.57767800232968 1.96646082053431 1.19696941999983 0.234814026261983 0.00676195087404469 0 0 0 0.231600980000197 1.03786676344538 1.82708375369084 3 3.51731458000012 4 4 4 4 3.89072729364353 3.87503929999995 3.01731338000019 4 4 3.76840141999983 3.26516051646039 3.92183150640353 4 4.45266848786872 6.05252046000006 7.53520828000008 8.69805760072303 9 9.98372658645124 10.9526451306853 11.0151477878217 11.8861282350424 11.8398322199999 10.7684038199998 10.3030245800003 11.0467919064979 11.0692430506382 11.0646433922257 12.2288679249109 13 13 13.1003463636812
2.38788740745071 2 2 2 2 2.17173468340305 2.01062665740661 2 2 2 2 2 1.62553981999994 1 1 1 1 1.73160217999996 1.19696941999983 1 0.239874591259699 0 0 0 0.186117071978818 1.16615194721165 2.37445778000003 3.08756718559272 3.61210873521706 4 3.87034953683595 3.8036108999999 3.96131688154485 3.12554341999986 3 3.01731338000019 3.98257208169337 3.8036108999999 3.61749575668727 3 3.30091642493161 3.89117761425877 4 5.06185892736037 6.59342987183024 8.3195170089795 8.8036108999999 10.5525192600007 10.9893719285919 11 11.0713119330276 11.674898326163 10.7684038199998 10.2435138554561 11.2516023637344 11.6416848629248 11.6121048778848 12.5887381800002 13 13 13.6453183411228
2 2 2 2 2.2150662851212 2.90808281936187 2.30743605615517 2 2 2 2 2 1.62553981999994 1 1 1 1.1768060913252 1.80348381315782 1.19696941999983 1 1 0.263180031089786 0 0 0 0.606058759999927 2.37445778000003 3.44588618000018 4 4 3.33982861999984 3 3.58796318040296 3.09192069511405 3 3.01267655385199 3.66720732166507 3 3 3 3 3.32646830074996 3.87072775476718 4.58874058000005 6.32033796000027 7.5356627986819 7.94724685683518 9.51471422764857 10.931388987869 11 11 11 10.7684038199998 10 10.5483358380577 11.464365 11.464365 12.0531031800002 12.6411691630392 12.7321825 12.7321825
1.82450152134444 1.66075409999997 1.66075409999997 1.66075409999997 2.46378708000017 2.66075409999997 2.66075409999997 1.66075409999997 1.690861013404 2 2 2 1.75257390077824 1.18798002737812 1 1 1.4362125318476 1.66075409999997 1.40257318367921 1.04258927631676 1 0.98855852737016 0.309139800786112 0 0.0785696829010554 0.842503185255417 2.37445778000003 3.29462112156844 3.66075409999997 3.8604827421188 3.56378905396225 3.33924590000003 3.0668218823505 3 3 3 3 3 3 3 3 3 3.34181614391498 4.44922250792868 6.09637834022802 6.90894551161576 7.80302578000011 8.87445418000041 10.249991585707 10.6607541 10.6607541 10.7150903626771 10.689835765479 9.55795425363563 9.32150819999994 9.47277163005139 9.66075409999997 10.2494922800002 11.5448794855825 12 12
1.48268062 1 1 1 1.80303298000019 2 2 1 1.0523006403811 1.58932569999992 1.58932569999992 1.58932569999992 1.58932569999992 1.32655210046933 1 1 1 1 1.80303058000017 1.48465884949018 1.0222226623397 1 0.947700774000491 0.410674300000078 0.547162709659362 1.30302937999996 2.37445778000003 3 3 3.34696136880859 3.86044111936157 3.69955077246832 3.11608055570168 3 3 3 3 3 3 2.87555460710732 2.58932569999992 2.58932569999992 2.80177251740297 3.93570053442695 5.24949468000005 6.32092307999999 7.39235148000003 8.46377988000034 8.58932569999992 9.19286974918761 10 10.0286141981319 9.81056963910369 8.41074552727405 8 8.44588138000027 9 9.5887381800002 11.3203331600007 12 12
1.24997898986032 1 1 1 1.41588861215305 1.51789729999999 1.51789729999999 1 1 1 1 1 1 1 0.750600087186161 0.801733037310575 1 1 1.41588736919951 1.93947633529733 1.05411262000006 1 1 1 1 1.30302937999996 2.37445778000003 3 3 3 3.34190097523935 3.13900374925744 3 3 3 3 3 3 2.88834569926575 2.36096044523078 2 2 2.51731218000009 3.30490715678246 4.17806628000012 5.24949468000006 6.3209230800001 6.9707747587959 7.03579459999998 7.06207088980258 8.55369189999996 8.47074143919093 7.91585156368755 7.66398626818451 8.18052479268104 8.71302346282242 9 9.5887381800002 11.3203331600007 12 12
0.732821265462696 1 1 1 1 1 1 1 1 1 1 1 1 1 0.769034056988114 0.816387602188751 1 1 1 1.39041873889576 1.02415960192754 1.00958482275088 1.50440843642596 1 1 1.13529319395625 1.82092667999998 2.69328076769027 3 3 3 3 3 3 3 3 2.95087866490057 2.44646889999995 2.34306733674573 2 2 2 2.51731218000009 3 3.66016898000013 4.32663547749148 4.80499493666821 5.37697538415518 5.44646889999995 5.46377988000012 6.44646889999995 6.53512674744797 7 7.47075810909494 8.72071271008234 9 9 9.91462307238773 11.5084415267899 12 12
0.818975218934899 1 1 1 1 1 1 1 1.05546301826352 1.5248566245867 1 1 1 1 1 1 1 1 1 1 1.59114130406109 1.64227528000023 2.53621531999986 1.62495950000002 1.62495950000002 1.62495950000002 1.76539633304011 2.44588618000018 3 3 3 3 3 3 3 3 2.91125821999988 2 2 2 2 2 2.51731218000009 3 3.66016898000013 4 4 4.32795573289443 4.37504049999998 4.39235148000015 5.43049901855535 6.16016778000009 7.14473823285485 7.85225247999122 8.60905844715428 9 9 10.5454138786042 11.8725487042466 12.4572172329034 12.6249595
1 1 1 1.50948057709659 1.69638790000003 1.69638790000003 1.03768170247436 1.01206017100219 1.72333243552165 1.95136893795475 1.69638790000003 1.69638790000003 1.43561836161616 1 1 1 1 1 1 1.60896265271849 1.98357075380528 2.01731578000022 2.91125581999985 2 2 2 2 2.44588618000018 3 3 3 3 3 3 3 2.98794317165977 2.2766690218164 2 2 2 2 2 2.15706223732539 2.30361209999997 2.9637810800001 3.81308766310374 4 4 4 4.01731098000016 5.08873938000041 6.16016778000009 7.23159618000022 8 8.37445297999997 9 9 10.3562243951804 11.7633441182966 12.2221210882273 12.3036121
1 1.45205014207296 1.76781630000006 1.93768295832136 1.38341818851822 1.90360940128451 1.05411022000003 1.01731818000024 2 2 2 2 1.91305644990495 1.76781630000006 1.37061189048928 1 1 1 1 1.87445898000017 2 2.00402044186883 2.21157874793404 2 2 2 2 2.44588618000018 3 3 3 3 3 3 3 2.98268661999981 2 2 2 2 2 2 2 2.45204461379553 3.4279852800002 3.93768128659874 4 4 3.27373593718996 3.2627863326132 5.08873938000041 6.28314721221898 7.82158915797837 8 8.37445297999997 9 9.39719888123362 10.4932498889639 11.6601665800003 12.5617305506423 12.7678163000001
1 1.09464432599826 1.1607553 1.1607553 1.03166349239018 1.87446138000003 1.84794320464917 -9999 2 2 2 2 2 2 1.91683855368501 1.34514326018542 1 1 1 1.87445898000017 2 2 2 2 2 2 2.31426170723879 2.91092326663178 3 3 3 3 3 3 3 2.98268661999981 2 2 2 2 2 2 2 3.08283799144003 3.94537036243061 4 4 4 3.84794436208734 3.85933851178338 5.08873938000041 6.32033556000018 8.19436586660543 8.8392447 8.89944000113579 9 9.95145927112358 10.9338874827474 11.6601665800003 12.1176077704884 12.8346884156412
