catData/rasterBestHybridModels/Pviverrinus/RD_BM01_RM1.5_L/Pviverrinus_stddev.asc
ncols         409
nrows         350
xllcorner     60.897278365
yllcorner     5.843756025
cellsize      0.0892857
NODATA_value  -9999
[rows 116 to 144 of 350, columns 132 to 197 of 409]
4.44498E-6 4.31587E-6 4.18086E-6 4.32997E-6 4.86013E-6 4.74571E-6 4.50508E-6 4.3833E-6 4.41227E-6 4.67588E-6 4.51111E-6 4.26081E-6 4.30148E-6 5.73908E-6 4.85693E-6 2.44074E-6 4.32575E-6 4.13892E-6 1.08117E-6 1.62069E-6 1.35338E-6 1.39944E-6 1.1267E-6 1.09047E-6 1.1069E-6 1.63761E-6 4.18791E-6 4.31938E-6 4.93762E-6 5.394E-6 5.42877E-6 5.01829E-6 5.12139E-6 5.03285E-6 3.58708E-6 6.19193E-6 5.60604E-6 5.74421E-6 2.54576E-6 6.06593E-6 6.0682E-6 2.30171E-6 1.79796E-6 3.21667E-6 6.17829E-6 6.74743E-6 7.55365E-6 7.64658E-6 8.19371E-6 6.94246E-6 6.6408E-6 6.00195E-6 6.58246E-6 8.00706E-6 8.40232E-6 8.5266E-6 8.89358E-6 8.53861E-6 8.31906E-6 9.04424E-6 8.90887E-6 8.2677E-6 8.11781E-6 8.35673E-6 8.4746E-6 8.38784E-6
4.66659E-6 4.61883E-6 4.81041E-6 5.2578E-6 4.87597E-6 5.2268E-6 4.75809E-6 4.72622E-6 4.57591E-6 4.32232E-6 1.87669E-6 4.57583E-6 4.64983E-6 5.6701E-6 5.00927E-6 4.71685E-6 4.35509E-6 1.88402E-6 1.65279E-6 9.33022E-7 1.77564E-6 1.10824E-6 1.42111E-6 1.26162E-6 1.16833E-6 2.30236E-6 3.43176E-6 4.96423E-6 5.28488E-6 5.31902E-6 4.2106E-6 4.83784E-6 4.10582E-6 2.30832E-6 5.50873E-6 5.76093E-6 5.7359E-6 5.94346E-6 6.10325E-6 6.33458E-6 5.04052E-6 2.14196E-6 2.78608E-6 6.31725E-6 6.36404E-6 6.48797E-6 6.72719E-6 8.17399E-6 4.79118E-6 6.35802E-6 6.27035E-6 6.89156E-6 6.97241E-6 7.88551E-6 7.91297E-6 8.2107E-6 7.74886E-6 8.38951E-6 8.81477E-6 8.56083E-6 8.46526E-6 8.45298E-6 8.35012E-6 8.52728E-6 8.6912E-6 8.52989E-6
4.71418E-6 4.81419E-6 5.46409E-6 5.27305E-6 5.06211E-6 4.98326E-6 4.855E-6 4.80296E-6 4.59013E-6 3.47336E-6 1.95265E-6 4.79233E-6 5.72696E-6 3.29531E-6 2.62587E-6 4.72383E-6 3.53334E-6 1.94503E-6 3.54249E-6 4.45999E-6 2.13029E-6 1.6526E-6 1.07938E-6 1.45855E-6 1.06057E-6 2.72647E-6 2.9308E-6 4.10208E-6 4.94712E-6 5.23681E-6 5.48709E-6 5.72891E-6 5.67963E-6 3.58957E-6 5.67393E-6 4.5078E-6 5.69676E-6 5.02764E-6 6.11327E-6 5.28642E-6 4.51473E-6 3.7405E-6 3.51898E-6 4.43875E-6 7.09528E-6 5.37608E-6 2.98477E-6 3.28355E-6 3.79301E-6 6.04436E-7 4.20918E-7 2.45598E-6 1.49823E-6 8.20548E-7 2.22233E-6 3.40573E-6 3.91934E-6 4.07651E-6 8.47882E-6 8.49235E-6 8.40117E-6 8.32848E-6 5.153E-6 8.51882E-6 3.85661E-6 8.53617E-6
4.90998E-6 5.03159E-6 4.97502E-6 5.07829E-6 4.92252E-6 4.92212E-6 4.87545E-6 4.86505E-6 4.77157E-6 3.64819E-6 2.50417E-6 2.07747E-6 3.94799E-6 3.09303E-6 5.09493E-6 2.11279E-6 1.93018E-6 2.42866E-6 1.76177E-6 1.8396E-6 1.50497E-6 1.40332E-6 1.88951E-6 2.21232E-6 3.90374E-6 4.00952E-6 4.18023E-6 2.5498E-6 3.69416E-6 4.96138E-6 4.93935E-6 5.2803E-6 5.68831E-6 5.90352E-6 5.84256E-6 5.77943E-6 5.56684E-6 3.24726E-6 3.28883E-6 5.09736E-6 6.52577E-6 6.80998E-6 6.679E-6 7.42631E-6 2.99817E-6 2.71214E-6 2.85663E-6 3.07769E-6 2.1247E-6 8.2988E-7 1.01301E-7 2.23741E-7 8.67184E-7 1.66111E-6 3.22236E-6 3.83048E-6 5.64533E-6 8.31133E-6 8.28065E-6 3.76983E-6 8.14835E-6 4.317E-6 3.56446E-6 3.88272E-6 3.79077E-6 8.2442E-6
5.25228E-6 5.10411E-6 5.18034E-6 3.02799E-6 4.84501E-6 4.76302E-6 4.9167E-6 5.01079E-6 5.02826E-6 4.9039E-6 3.02951E-6 2.30825E-6 3.237E-6 2.57672E-6 2.29005E-6 1.60877E-6 1.81421E-6 2.33535E-6 1.59723E-6 1.57229E-6 1.52647E-6 1.28632E-6 1.50662E-6 2.66064E-6 4.07317E-6 4.06652E-6 4.11033E-6 4.43342E-6 2.64672E-6 1.98905E-6 3.36079E-6 4.23381E-6 3.00338E-6 5.68906E-6 5.92007E-6 4.73621E-6 4.6163E-6 3.96103E-6 6.01239E-6 2.6888E-6 6.33687E-6 7.79979E-6 6.8168E-6 3.80393E-6 2.59113E-6 2.79257E-6 2.72408E-6 1.29832E-6 1.06842E-6 3.4371E-7 1.49798E-6 1.80244E-6 3.51261E-6 3.98147E-6 4.77232E-6 8.11645E-6 6.55928E-6 4.00487E-6 3.58048E-6 9.48534E-7 3.74595E-6 3.525E-6 3.70222E-6 3.81467E-6 4.7682E-6 7.68622E-6
5.43797E-6 5.20266E-6 5.27403E-6 5.35401E-6 5.09294E-6 4.81444E-6 4.81244E-6 5.08141E-6 5.20463E-6 2.35844E-6 2.24062E-6 5.47662E-6 6.07948E-6 5.04883E-6 2.09187E-6 2.08114E-6 1.85076E-6 1.70709E-6 2.2441E-6 9.72149E-7 6.7043E-7 1.20816E-6 2.69646E-6 2.78826E-6 3.43371E-6 2.97831E-6 4.26341E-6 4.48917E-6 3.95027E-6 2.46663E-6 2.88949E-6 3.59379E-6 4.48562E-6 6.36005E-6 4.88993E-6 2.61893E-6 3.32962E-6 4.05444E-6 6.51316E-6 3.04122E-6 5.73557E-6 3.01718E-6 4.64634E-6 6.96319E-6 4.70087E-6 2.53368E-6 2.58116E-6 9.21123E-7 6.71059E-7 1.86136E-6 1.73796E-6 3.44973E-6 3.2782E-6 2.80622E-6 6.39997E-6 3.56396E-6 3.00648E-6 2.37439E-6 5.77735E-7 1.00493E-6 3.35969E-6 4.08457E-6 3.55194E-6 3.62053E-6 7.08544E-6 7.10619E-6
5.76398E-6 5.31138E-6 5.11651E-6 5.27968E-6 5.31809E-6 5.49978E-6 5.50267E-6 5.25141E-6 5.1387E-6 5.03465E-6 5.11975E-6 6.57784E-6 5.36944E-6 2.13207E-6 1.30273E-6 1.93962E-6 1.79195E-6 1.90201E-6 1.93903E-6 1.44194E-6 3.48831E-6 3.66028E-6 2.00282E-6 1.67029E-6 1.69218E-6 1.30415E-6 1.86607E-6 1.94255E-6 2.07674E-6 3.31157E-6 2.79618E-6 4.81614E-6 3.6989E-6 5.82246E-6 6.0053E-6 2.99479E-6 6.13543E-6 5.24129E-6 5.65074E-6 2.79073E-6 6.96117E-6 3.38881E-6 4.65113E-6 2.78975E-6 2.65297E-6 1.9017E-6 1.88111E-6 2.69754E-6 2.82354E-6 2.60772E-6 2.02983E-6 2.56569E-6 1.81581E-6 2.23799E-6 1.02155E-6 1.08077E-6 1.24719E-6 2.0734E-6 1.11331E-6 1.08604E-6 2.85266E-6 3.08009E-6 3.22351E-6 5.50117E-6 2.89591E-6 2.01317E-6
5.50535E-6 5.35696E-6 5.20171E-6 5.41159E-6 5.60874E-6 5.65666E-6 5.55957E-6 5.47801E-6 2.25013E-6 2.73E-6 3.94809E-6 3.87972E-6 2.2613E-6 2.1845E-6 1.9254E-6 1.89085E-6 1.41179E-6 1.47597E-6 3.43406E-6 3.39058E-6 2.4523E-6 2.13102E-6 3.78137E-6 2.27902E-6 1.58054E-6 1.76229E-6 1.85669E-6 4.81638E-6 2.12771E-6 4.09051E-6 3.40289E-6 2.54837E-6 3.75826E-6 3.82006E-6 3.85852E-6 2.47127E-6 2.53694E-6 4.12102E-6 6.90292E-6 4.59516E-6 4.95301E-6 2.43332E-6 2.12267E-6 1.44204E-6 2.97086E-6 2.48907E-6 2.82584E-6 3.15969E-6 3.10613E-6 2.9677E-6 1.3246E-6 1.45277E-6 2.7353E-6 4.79234E-7 5.77276E-7 9.70987E-7 1.48474E-6 8.70888E-7 2.02293E-6 2.26304E-6 2.58732E-6 2.73303E-6 2.84462E-6 2.77574E-6 2.74773E-6 3.27894E-6
5.36257E-6 5.45944E-6 5.49309E-6 5.73663E-6 5.77607E-6 5.70821E-6 5.75703E-6 4.27214E-6 2.84211E-6 2.8059E-6 2.55978E-6 3.12339E-6 2.13896E-6 2.14135E-6 1.82652E-6 1.4669E-6 1.16875E-6 2.24742E-6 2.17707E-6 2.78461E-6 2.03539E-6 1.08361E-6 1.50462E-6 1.55828E-6 1.75422E-6 1.55988E-6 1.31156E-6 2.13303E-6 1.95279E-6 2.13467E-6 5.14031E-6 2.26995E-6 3.6005E-6 2.44138E-6 3.78922E-6 2.31454E-6 5.97034E-6 5.37823E-6 4.63334E-6 7.18678E-6 2.81174E-6 1.64135E-6 1.07502E-6 2.50677E-6 4.66623E-6 3.30852E-6 3.1175E-6 2.78658E-6 3.50701E-6 6.20752E-6 1.96553E-6 1.89317E-6 1.92639E-6 8.37872E-7 9.63787E-7 1.20356E-6 1.13088E-6 1.27533E-6 1.15181E-6 3.51244E-6 2.93207E-6 5.18637E-6 5.48847E-6 4.51723E-6 6.99369E-6 3.72924E-6
5.76656E-6 5.81455E-6 5.79668E-6 5.68415E-6 5.6327E-6 5.46922E-6 5.60311E-6 3.29779E-6 5.51976E-6 4.1807E-6 2.37956E-6 2.20324E-6 2.16865E-6 1.94979E-6 1.30559E-6 1.22703E-6 1.08944E-6 9.36529E-7 3.14382E-6 3.41123E-6 1.65134E-6 1.69551E-6 3.22308E-6 2.75292E-6 1.70857E-6 1.18171E-6 1.32738E-6 1.85763E-6 2.2239E-6 2.3195E-6 4.29839E-6 3.79945E-6 2.60627E-6 2.59258E-6 3.0429E-6 5.67914E-6 4.88704E-6 6.39471E-6 4.97621E-6 2.75201E-6 4.28312E-6 2.90362E-6 2.98028E-6 5.92298E-6 6.09586E-6 4.11711E-6 3.13733E-6 2.04565E-6 1.26022E-6 2.2037E-6 1.71545E-6 6.12111E-7 2.08061E-6 1.33408E-6 9.00447E-7 1.05846E-6 1.0878E-6 1.46885E-6 1.39509E-6 2.21077E-6 6.64259E-6 6.97995E-6 7.48542E-6 3.35156E-6 3.69211E-6 7.31816E-6
5.80054E-6 5.75205E-6 5.57607E-6 5.62068E-6 4.33503E-6 5.70961E-6 2.28548E-6 3.3106E-6 2.57562E-6 2.63905E-6 3.19574E-6 1.89002E-6 1.88239E-6 1.69794E-6 1.32957E-6 1.06292E-6 7.1362E-7 1.39006E-6 2.16973E-6 3.40351E-6 3.53722E-6 1.57874E-6 1.57449E-6 1.37697E-6 1.70544E-6 1.81406E-6 1.89222E-6 1.91138E-6 1.65158E-6 2.31526E-6 5.42863E-6 2.0401E-6 2.82167E-6 2.13434E-6 2.08125E-6 2.65273E-6 5.76149E-6 6.95524E-6 2.61382E-6 2.68409E-6 2.74235E-6 4.5613E-6 3.29126E-6 7.60814E-6 3.24744E-6 4.49844E-6 2.27431E-6 1.85307E-6 1.04018E-6 1.7578E-6 1.45006E-6 1.64851E-6 1.74214E-6 8.06258E-7 1.5014E-6 7.41505E-7 1.45364E-6 1.8149E-6 2.5568E-6 3.99128E-6 2.71882E-6 2.78957E-6 3.15358E-6 2.81457E-6 1.38531E-6 3.1603E-6
5.7235E-6 5.65695E-6 5.79768E-6 5.61563E-6 5.38711E-6 4.32844E-6 5.89526E-6 3.1221E-6 1.30158E-6 2.59905E-6 2.43293E-6 2.07968E-6 1.80132E-6 1.48308E-6 6.95981E-7 8.88311E-7 1.98751E-6 1.76858E-6 1.23917E-6 3.32654E-6 2.3814E-6 1.30492E-6 9.88043E-7 1.60541E-6 1.61396E-6 2.15215E-6 1.83246E-6 1.91028E-6 1.96934E-6 1.98472E-6 1.88201E-6 1.63495E-6 2.10764E-6 3.62752E-6 3.61898E-6 3.85733E-6 6.07909E-6 6.92291E-6 6.22039E-6 5.02998E-6 2.71428E-6 7.57002E-6 4.73968E-6 4.60512E-6 4.17019E-6 2.69809E-6 1.89077E-6 7.02306E-7 5.18787E-7 9.08357E-7 2.03627E-6 2.22105E-6 5.76285E-7 1.24088E-6 9.421E-7 1.21619E-6 9.468E-7 1.56304E-6 1.39549E-6 2.57018E-6 2.33214E-6 1.80172E-6 2.93362E-6 2.6627E-6 2.31298E-6 2.3615E-6
5.68026E-6 5.64122E-6 3.11218E-6 5.45384E-6 4.20458E-6 2.94398E-6 2.35872E-6 2.73323E-6 2.6187E-6 2.41228E-6 1.704E-6 2.0635E-6 1.96579E-6 1.23007E-6 1.10667E-6 1.01848E-6 4.09067E-7 2.02483E-6 3.11924E-6 2.70559E-6 1.10474E-6 8.71561E-7 9.71009E-7 1.02704E-6 1.65467E-6 2.14791E-6 1.79209E-6 2.10556E-6 2.38695E-6 1.68798E-6 1.88224E-6 2.01263E-6 3.41238E-6 3.74733E-6 3.20094E-6 2.5437E-6 2.50564E-6 2.28108E-6 2.37667E-6 3.71911E-6 3.75748E-6 9.2453E-6 5.70446E-6 8.34121E-6 3.06937E-6 2.74548E-6 9.95429E-7 1.31803E-6 1.10417E-6 1.2076E-6 1.70711E-6 3.23043E-6 1.2897E-6 6.24403E-7 7.05015E-7 1.29315E-6 1.4553E-6 1.30535E-6 7.75886E-7 1.47259E-7 1.64277E-6 2.2492E-6 1.75851E-6 1.30297E-6 5.80015E-7 3.54531E-7
5.77702E-6 5.66662E-6 5.44569E-6 5.45456E-6 2.99176E-6 2.97147E-6 1.93069E-6 1.94031E-6 3.93132E-6 2.10416E-6 2.06697E-6 9.3835E-7 1.47653E-6 6.2003E-7 3.87655E-7 5.22254E-7 1.27427E-6 2.9223E-6 3.13895E-6 3.26714E-6 1.2304E-6 1.04178E-6 1.00481E-6 1.47435E-6 1.32758E-6 1.71699E-6 1.80953E-6 3.74226E-6 1.89491E-6 1.57574E-6 3.30059E-6 3.53858E-6 6.00053E-6 2.13513E-6 2.17951E-6 1.96777E-6 3.3335E-6 2.78677E-6 2.72139E-6 5.44242E-6 3.01938E-6 5.97069E-6 3.16838E-6 4.93137E-6 9.17709E-6 3.72849E-6 1.9015E-6 3.19287E-7 9.54689E-7 1.44287E-6 1.27308E-6 3.04691E-6 3.146E-7 2.75331E-7 4.38394E-7 3.66877E-7 1.24075E-6 1.2036E-6 1.37541E-6 2.01327E-7 6.36569E-7 8.90555E-7 2.26422E-7 8.28716E-7 5.39681E-7 4.91755E-7
2.75312E-6 4.39519E-6 4.27727E-6 2.79829E-6 2.86262E-6 1.93197E-6 1.40033E-6 1.3262E-6 1.89076E-6 2.06838E-6 1.84986E-6 1.65029E-6 6.41185E-7 3.8974E-7 4.5742E-7 8.3176E-7 7.99008E-7 1.72993E-6 1.24587E-6 1.03062E-6 1.37882E-6 1.38816E-6 1.3792E-6 1.43318E-6 1.42237E-6 1.50522E-6 1.72238E-6 1.73851E-6 1.82686E-6 2.74882E-6 3.24132E-6 3.24383E-6 3.54639E-6 3.8328E-6 2.52063E-6 2.62324E-6 2.97037E-6 6.7891E-6 3.11371E-6 2.78606E-6 2.83642E-6 8.03121E-6 8.95546E-6 4.86042E-6 7.87657E-6 1.79272E-6 1.88903E-6 4.04112E-7 6.04571E-7 9.32161E-7 1.14086E-6 1.53189E-6 8.34333E-7 3.62519E-7 1.03361E-6 7.80572E-7 1.05121E-6 8.51969E-7 1.27133E-6 6.60527E-7 2.43153E-7 1.39726E-6 2.57523E-7 4.44308E-7 3.52848E-7 1.67285E-6
3.21179E-6 3.59984E-6 2.71263E-6 2.44447E-6 2.73711E-6 2.57469E-6 3.74356E-6 2.23416E-6 1.97237E-6 1.77619E-6 8.68643E-7 9.27507E-7 3.45792E-7 2.75258E-7 1.58264E-6 4.37999E-7 1.15828E-6 3.07816E-6 1.1994E-6 1.28095E-6 1.36313E-6 1.35004E-6 1.66329E-6 1.64661E-6 1.57027E-6 1.71977E-6 1.87727E-6 1.62209E-6 3.04518E-6 3.72865E-6 3.59506E-6 4.15701E-6 2.79502E-6 7.80786E-6 2.29524E-6 2.88893E-6 3.95185E-6 2.97775E-6 2.74092E-6 2.8738E-6 3.55266E-6 7.77805E-6 8.52753E-6 7.1073E-6 2.56215E-6 7.7901E-7 1.1579E-6 4.24383E-7 1.12327E-6 9.24349E-7 6.76675E-7 1.08211E-6 1.35349E-6 3.42623E-7 4.76947E-7 7.40792E-7 1.15312E-6 8.93424E-7 7.6726E-7 6.89505E-7 3.85045E-7 3.35844E-7 6.50013E-7 1.57131E-6 1.35718E-6 8.83815E-7
2.94007E-6 3.10041E-6 2.73778E-6 2.56488E-6 1.19543E-6 1.35573E-6 1.80302E-6 9.64786E-7 3.63258E-7 1.46901E-6 1.12256E-6 9.85396E-7 2.11314E-7 1.63669E-7 9.31024E-7 1.04936E-6 1.00171E-6 1.17179E-6 7.65542E-7 4.95421E-7 1.14485E-6 1.31563E-6 2.24876E-6 1.78397E-6 1.68371E-6 1.77208E-6 1.98059E-6 1.69836E-6 1.60393E-6 1.45018E-6 4.09331E-6 3.83628E-6 4.13687E-6 4.69781E-6 5.66747E-6 7.19093E-6 7.32138E-6 7.70982E-6 8.38848E-6 4.28954E-6 2.5995E-6 8.04784E-6 8.3825E-6 3.53271E-6 3.47492E-6 1.45961E-6 1.36046E-6 1.93142E-6 9.49248E-7 6.72491E-7 6.97244E-7 2.9572E-7 8.15568E-7 5.55906E-7 5.69916E-7 7.49051E-7 1.02221E-6 5.29976E-7 7.32419E-7 1.56342E-7 1.17473E-6 8.23347E-7 1.09341E-6 1.66049E-6 9.27014E-7 1.08682E-6
2.99226E-6 2.81371E-6 2.29161E-6 2.57344E-6 2.37282E-6 1.45402E-6 1.40437E-6 1.26768E-6 1.92837E-6 1.05384E-6 1.7464E-6 8.70741E-7 5.4568E-7 1.60591E-7 4.82041E-7 2.4241E-6 1.03233E-6 1.06435E-6 8.70977E-7 1.38476E-6 2.56511E-6 1.47446E-6 1.64932E-6 2.1576E-6 1.74745E-6 2.18798E-6 1.67746E-6 1.59615E-6 2.14245E-6 2.80783E-6 1.31864E-6 1.37973E-6 4.14321E-6 2.08773E-6 3.87644E-6 3.35184E-6 6.4937E-6 7.76818E-6 4.15602E-6 3.19829E-6 7.4354E-6 7.7227E-6 7.8645E-6 5.15736E-6 4.03126E-6 2.99001E-6 2.73215E-6 2.00609E-6 1.00286E-6 5.25088E-7 8.08405E-7 1.23519E-7 4.1597E-7 6.50862E-7 8.55703E-7 1.21401E-6 1.01753E-6 5.83445E-7 3.14588E-7 1.97171E-7 1.04048E-6 6.81933E-7 1.16249E-6 1.18307E-6 1.05663E-6 6.28064E-7
1.83639E-6 2.67632E-6 1.7313E-6 2.62706E-6 2.25032E-6 2.11722E-6 1.25639E-6 1.45684E-6 1.57517E-6 7.01889E-7 6.37257E-7 7.29315E-7 9.93835E-7 4.98434E-7 1.00384E-6 1.12972E-6 1.15049E-6 7.14494E-7 1.29512E-6 1.42786E-6 1.44494E-6 1.68848E-6 1.95049E-6 1.69425E-6 3.49624E-6 2.08214E-6 3.36506E-6 1.45055E-6 1.10868E-6 1.57915E-6 1.08406E-6 9.84184E-7 1.31563E-6 1.44618E-6 5.3908E-7 1.56178E-6 2.07578E-6 7.35999E-6 5.88874E-6 2.32939E-6 7.35318E-6 7.387E-6 6.80069E-6 2.40951E-6 3.11811E-6 1.82016E-6 1.80748E-6 1.78014E-6 1.20289E-6 6.11488E-7 3.2999E-7 2.35805E-7 5.54501E-7 8.18486E-7 7.46209E-7 1.31184E-6 1.15405E-6 3.73394E-7 9.58385E-7 8.55487E-7 4.13029E-7 5.25435E-7 1.58074E-6 4.33853E-6 1.83058E-6 1.30773E-6
2.65912E-6 1.90607E-6 1.84423E-6 2.52989E-6 4.02449E-6 1.9935E-6 4.1489E-6 2.88583E-6 4.66634E-7 6.89327E-7 1.47243E-6 3.03974E-7 5.00302E-7 5.2636E-7 5.88963E-7 3.66466E-7 6.55059E-7 1.31752E-6 1.4228E-6 1.42145E-6 1.47457E-6 1.91818E-6 2.94722E-6 4.05538E-6 3.02236E-6 1.48773E-6 1.38916E-6 5.22027E-7 1.92166E-6 2.01603E-6 1.34328E-6 1.32477E-6 1.46228E-6 7.46198E-7 9.12052E-7 8.24752E-7 1.66006E-6 2.11506E-6 2.26733E-6 3.1409E-6 2.37877E-6 7.10163E-6 7.46733E-6 7.14719E-6 6.19117E-6 4.99276E-6 1.98321E-6 1.61066E-6 1.42422E-6 8.10695E-7 8.10494E-7 1.27935E-6 1.01972E-6 1.03142E-6 1.15497E-6 1.06063E-6 1.20189E-6 1.08048E-6 8.0957E-7 6.26716E-7 1.045E-6 8.28748E-7 4.8965E-7 1.96686E-6 9.90944E-7 1.82122E-6
2.43513E-6 1.57484E-6 1.98179E-6 2.20908E-6 1.79966E-6 2.04353E-6 2.97845E-6 1.57535E-6 7.82005E-7 1.28253E-6 8.31993E-7 6.88436E-7 8.64579E-7 5.27261E-7 2.23597E-7 8.37519E-7 5.68524E-7 1.39269E-6 1.39794E-6 2.03031E-6 2.46826E-6 1.87271E-6 2.35075E-6 3.78338E-6 3.64535E-6 3.08053E-6 2.66012E-6 1.38115E-6 1.47487E-6 2.70803E-6 2.30011E-6 2.11497E-6 3.31499E-6 1.90398E-6 1.6564E-6 1.57317E-6 1.88962E-6 1.18363E-6 2.16484E-6 2.99175E-6 2.41074E-6 5.80257E-6 2.1582E-6 5.05646E-6 2.61906E-6 4.02957E-6 4.53534E-6 1.91435E-6 1.3336E-6 6.06466E-7 6.11877E-7 8.59749E-7 7.35279E-7 8.4648E-7 1.04988E-6 1.27806E-6 1.20156E-6 2.59975E-6 9.81405E-7 9.99492E-7 1.06662E-6 1.14582E-6 1.33502E-6 1.53056E-6 1.43143E-6 1.6351E-6
2.48019E-6 1.35278E-6 1.4237E-6 1.43086E-6 1.80912E-6 1.69286E-6 2.55482E-6 1.14536E-6 1.66965E-6 8.39453E-7 8.60888E-7 1.51703E-6 2.48795E-7 5.28159E-7 3.90459E-7 1.19914E-6 1.28961E-6 2.59191E-6 1.65787E-6 2.3963E-6 1.95287E-6 1.34074E-6 2.08238E-6 1.30852E-6 1.01995E-6 1.186E-6 1.21611E-6 1.76703E-6 2.70457E-6 1.34165E-6 1.46314E-6 2.01015E-6 3.58705E-6 2.54055E-6 3.50741E-6 3.75381E-6 2.03432E-6 1.06413E-6 1.00234E-6 2.12931E-6 2.56017E-6 2.55622E-6 1.98298E-6 2.12927E-6 5.57619E-6 3.27434E-6 3.81869E-6 1.96006E-6 1.06291E-6 1.06161E-6 5.83702E-7 8.70439E-7 8.92876E-7 1.17487E-6 7.70368E-7 1.13982E-6 1.23017E-6 1.83463E-6 5.45512E-7 6.07202E-7 9.84652E-7 1.24691E-6 1.77697E-6 1.53037E-6 2.91707E-6 1.64595E-6
2.20816E-6 1.47438E-6 2.06995E-6 1.69897E-6 1.9065E-6 3.11624E-6 2.76254E-6 2.19751E-6 2.40022E-6 1.06024E-6 9.06032E-7 1.00426E-6 3.53052E-7 3.24947E-7 3.49557E-7 1.31121E-6 3.84885E-6 1.39361E-6 1.54871E-6 4.11443E-6 1.90655E-6 1.35517E-6 1.42319E-6 1.25915E-6 7.65128E-7 6.96141E-7 1.18718E-6 1.63772E-6 1.2925E-6 1.88979E-6 3.15589E-6 4.67443E-6 1.81486E-6 1.99731E-6 1.16761E-6 1.72789E-6 1.78844E-6 1.59576E-6 1.07289E-6 2.00197E-6 6.82383E-6 3.99717E-6 4.149E-6 1.95073E-6 4.13495E-6 4.20856E-6 2.09632E-6 1.56378E-6 1.57064E-6 2.35467E-6 1.05215E-6 3.78194E-7 7.27375E-7 9.17963E-7 9.61974E-7 1.03277E-6 3.6938E-7 9.36513E-7 1.05966E-6 7.48182E-7 1.08274E-6 1.55254E-6 4.87455E-6 2.32686E-6 1.82184E-6 1.90434E-6
3.13665E-6 1.84668E-6 2.37631E-6 2.07173E-6 2.62241E-6 9.29382E-7 1.34097E-6 2.77351E-6 1.20969E-6 7.14168E-7 8.47099E-7 1.63813E-6 7.07748E-7 1.13687E-6 1.27594E-6 1.98336E-6 2.04286E-6 1.39607E-6 1.93955E-6 3.26573E-6 1.5484E-6 1.12154E-6 1.33028E-6 2.79575E-6 1.29902E-6 1.37336E-6 1.10185E-6 1.17087E-6 1.12908E-6 1.24353E-6 2.19865E-6 1.09327E-6 1.9171E-6 1.58952E-6 1.14886E-6 1.64293E-6 1.85008E-6 1.41986E-6 1.80592E-6 1.95477E-6 2.79683E-6 4.83335E-6 2.72875E-6 1.62139E-6 2.12305E-6 2.03607E-6 1.69095E-6 1.55391E-6 1.45761E-6 1.64653E-6 9.19784E-7 4.027E-7 7.26264E-7 8.4282E-7 4.53958E-7 8.52413E-7 5.33302E-7 6.10658E-7 9.63597E-7 8.35377E-7 5.97091E-7 1.24277E-6 2.58044E-6 1.79661E-6 1.62055E-6 7.55275E-7
5.05204E-6 2.40157E-6 1.98776E-6 1.64979E-6 3.90153E-6 7.09363E-7 2.88634E-6 9.58881E-7 1.52272E-6 5.18735E-7 7.44296E-7 1.08166E-6 1.18289E-6 5.52058E-7 9.66228E-7 2.38811E-6 1.35509E-6 1.35808E-6 1.44799E-6 4.01351E-6 2.37189E-6 1.05871E-6 1.25503E-6 1.98864E-6 2.5597E-6 2.57488E-6 3.08635E-6 1.1964E-6 1.00618E-6 9.15383E-7 1.85989E-6 1.49869E-6 -9999 2.16861E-6 1.5899E-6 1.10308E-6 1.51368E-6 6.69407E-7 1.56265E-6 1.9046E-6 2.00508E-6 1.81301E-6 1.81432E-6 1.67761E-6 1.46371E-6 1.50113E-6 1.43769E-6 1.26152E-6 1.0804E-6 2.7469E-6 7.81843E-7 4.33452E-7 4.16339E-7 8.71381E-7 5.52575E-7 3.36295E-7 9.94054E-7 6.24689E-7 1.26119E-6 9.27686E-7 5.11314E-7 1.0108E-6 1.8532E-6 8.06823E-7 1.35675E-6 9.95382E-7
3.24472E-6 2.77454E-6 2.87487E-6 3.24589E-6 3.48262E-6 2.37379E-6 4.01049E-6 1.14697E-6 1.92398E-6 7.6001E-7 2.29029E-7 1.27863E-6 9.84299E-7 1.06585E-6 1.36316E-6 1.362E-6 8.65698E-7 8.16047E-7 1.93865E-6 1.7828E-6 1.98318E-6 1.33731E-6 1.25077E-6 1.90295E-6 1.32106E-6 3.75944E-6 3.84898E-6 3.85871E-6 1.64558E-6 2.43907E-6 1.91846E-6 2.43204E-6 4.13448E-6 1.61816E-6 1.54271E-6 1.61103E-6 1.63113E-6 9.25595E-7 1.08825E-6 8.70244E-7 1.7119E-6 1.1178E-6 1.14595E-6 7.33204E-7 1.1993E-6 1.03894E-6 1.1007E-6 8.12459E-7 1.24837E-6 1.42001E-6 1.27232E-6 9.76272E-7 5.23971E-7 1.09197E-6 7.90215E-7 3.68704E-7 9.88983E-7 2.52517E-6 3.06566E-6 6.42832E-7 4.70475E-7 7.82958E-7 1.16281E-6 1.27382E-6 1.09351E-6 3.27488E-7
1.13992E-6 8.6232E-7 1.48951E-6 4.13756E-6 2.54473E-6 2.23577E-6 4.92125E-6 1.32429E-6 1.14202E-6 7.3941E-7 8.32512E-7 1.12757E-6 2.2566E-6 3.02022E-6 2.93275E-6 5.31773E-7 1.48808E-6 1.57347E-6 1.46201E-6 3.70857E-6 3.64333E-6 1.41052E-6 2.3061E-6 1.27067E-6 1.65423E-6 3.96375E-6 4.03906E-6 4.06981E-6 1.50814E-6 1.60965E-6 1.72242E-6 1.59642E-6 1.40797E-6 1.57712E-6 7.45852E-7 6.33122E-7 1.2144E-6 1.2565E-6 9.85993E-7 1.80056E-6 6.50487E-7 9.46849E-7 3.7596E-7 5.54903E-7 3.84365E-7 1.28905E-6 3.01946E-7 1.2135E-6 6.32609E-7 1.12495E-6 9.96331E-7 1.44098E-6 7.99332E-7 1.19121E-6 1.2615E-6 5.16859E-7 3.35689E-7 4.47679E-7 3.9364E-7 1.97757E-7 6.84204E-7 4.98991E-7 6.97607E-7 1.23018E-6 1.20886E-6 1.27181E-6
1.17884E-6 5.45918E-7 2.09261E-6 2.70599E-6 2.93199E-6 3.2796E-6 5.1863E-6 1.18012E-6 1.47876E-6 9.33176E-7 1.11257E-6 1.26452E-6 1.95767E-6 2.15541E-6 3.47501E-6 1.55039E-6 8.13391E-7 1.6748E-6 4.04499E-6 4.06626E-6 3.27445E-6 9.24524E-7 8.87512E-7 1.48886E-6 1.03974E-6 4.15992E-6 3.94494E-6 2.9274E-6 1.60161E-6 1.53626E-6 1.71573E-6 1.53723E-6 7.25788E-7 7.29487E-7 6.02496E-7 6.5049E-7 1.01269E-6 1.2995E-6 1.67006E-6 1.56528E-6 7.16081E-7 9.0661E-7 1.51903E-6 1.3071E-6 7.09337E-7 1.45475E-6 1.07012E-6 9.81708E-7 6.0941E-7 6.9662E-7 8.25354E-7 1.02937E-6 2.83909E-7 1.13892E-6 1.06903E-6 7.14136E-7 3.42826E-7 5.96733E-7 5.03482E-7 1.73527E-7 2.19188E-7 1.23734E-7 3.07322E-7 1.95735E-7 7.78513E-7 6.11082E-7
3.17188E-6 2.94893E-6 2.94561E-6 3.75478E-6 6.77154E-6 4.96882E-6 5.18703E-6 1.27314E-6 3.08444E-6 2.87518E-6 1.2745E-6 1.19815E-6 4.39326E-7 1.3664E-6 2.79428E-6 2.46925E-6 2.20688E-6 4.38128E-6 1.58728E-6 4.30954E-6 5.07426E-6 1.98682E-6 1.58919E-6 1.4477E-6 1.38831E-6 3.26569E-6 3.91274E-6 1.5109E-6 3.66622E-6 1.59915E-6 1.39508E-6 1.08735E-6 1.35E-6 1.13917E-6 3.59886E-7 1.38742E-6 4.19938E-7 1.48199E-6 1.87486E-6 1.65313E-6 9.03713E-7 1.07E-6 1.25816E-6 1.2411E-6 1.60419E-6 3.23538E-6 2.23824E-6 2.96207E-6 1.1999E-6 1.17324E-6 5.08418E-7 6.67956E-7 2.5576E-7 9.37608E-7 4.94791E-7 5.04864E-7 4.87017E-7 1.12986E-6 7.33069E-7 1.04094E-7 7.07832E-8 2.70302E-7 1.98947E-7 1.47826E-7 3.55523E-8 7.39099E-7
