catData/rasterBestHybridModels/Pviverrinus/RD_BM01_RM1.5_L/Pviverrinus_median.asc
ncols         409
nrows         350
xllcorner     60.897278365
yllcorner     5.843756025
cellsize      0.0892857
NODATA_value  -9999
[rows 174 to 202 of 350, columns 130 to 194 of 409]
-9999 -9999 2.63578E-4 3.421E-4 3.35438E-4 2.29474E-4 1.91446E-4 1.52803E-4 9.62918E-5 6.45908E-5 6.36411E-5 6.59409E-5 4.98589E-5 1.80932E-5 4.03686E-5 8.35042E-5 9.17636E-5 8.99059E-5 8.48056E-5 8.24562E-5 6.79654E-5 6.78483E-5 4.83839E-5 5.16814E-5 2.89854E-5 3.22343E-5 2.95433E-5 2.47288E-5 2.62429E-5 1.4151E-5 4.96145E-6 3.91045E-6 5.62742E-6 4.13219E-6 9.91519E-6 4.17103E-6 5.85795E-6 1.68875E-6 2.74816E-6 3.3843E-6 3.01731E-6 1.36009E-6 3.06281E-6 4.48639E-6 2.04167E-5 1.21801E-5 1.05963E-5 1.60157E-5 1.81135E-5 1.18097E-5 1.131E-5 1.26662E-5 1.29449E-5 1.06152E-5 6.63027E-6 3.38671E-6 6.35135E-7 9.01802E-7 1.41603E-6 2.5855E-6 3.97853E-6 1.07734E-6 6.80191E-6 5.74864E-6 1.00541E-6
-9999 -9999 -9999 3.60686E-4 3.54485E-4 3.10546E-4 2.10083E-4 9.12385E-5 5.80048E-5 3.48267E-5 7.68095E-5 6.25922E-5 4.76685E-5 4.6289E-5 8.09737E-5 1.13393E-4 3.56749E-5 4.34561E-5 7.08049E-5 6.42855E-5 6.57607E-5 5.99874E-5 5.98607E-5 6.13909E-5 5.6184E-5 5.23422E-5 4.21625E-5 2.28864E-5 2.01284E-5 1.86526E-5 5.92994E-6 6.82851E-6 7.51011E-6 6.33729E-6 1.02234E-5 1.11655E-6 6.6519E-7 3.81667E-6 1.06365E-5 5.0234E-6 4.27322E-6 7.56223E-6 3.02731E-6 9.1184E-6 1.62854E-5 1.38806E-5 6.94919E-6 1.54336E-5 9.80994E-6 3.75248E-6 1.48561E-5 1.35303E-5 1.10054E-5 7.58384E-6 2.9573E-6 5.76724E-6 6.81074E-6 9.82334E-6 6.60498E-6 7.61923E-6 1.08874E-5 1.41088E-5 1.46872E-5 8.97819E-6 3.4986E-6
-9999 2.78947E-4 3.53686E-4 3.821E-4 3.72974E-4 3.10074E-4 2.64699E-4 2.56529E-5 1.16977E-4 1.43938E-4 1.16044E-4 8.82282E-5 7.69564E-5 1.03265E-4 1.19016E-4 3.39174E-5 6.89354E-5 1.38552E-5 2.37976E-5 1.95869E-5 2.68832E-5 2.39489E-5 2.78336E-5 5.01992E-5 5.449E-5 5.2176E-5 6.73489E-5 3.65681E-5 1.67712E-5 1.31149E-5 9.0685E-6 1.3822E-5 1.80451E-5 1.97973E-5 1.44257E-5 1.12282E-5 1.14519E-5 1.03394E-5 1.78262E-5 2.41983E-5 8.3237E-6 1.0162E-5 2.7109E-5 7.43244E-6 8.5304E-6 4.01607E-6 5.07346E-6 9.28464E-6 1.17499E-5 1.14943E-5 9.93299E-6 8.91103E-6 7.07249E-6 7.17379E-6 7.24792E-6 2.96448E-6 1.41997E-5 4.22328E-6 9.41778E-6 1.33221E-5 1.70727E-5 1.90302E-5 2.46968E-5 1.17405E-5 2.07695E-5
-9999 -9999 3.43321E-4 3.37352E-4 3.61116E-4 3.58926E-4 3.32541E-4 2.75437E-4 2.58078E-4 2.13907E-4 1.62733E-4 8.11389E-5 9.17314E-5 1.52833E-4 7.12522E-5 5.47232E-5 4.26994E-5 1.78157E-5 1.07018E-5 8.93891E-6 1.56793E-5 1.33271E-5 1.35419E-5 2.1714E-5 4.14701E-5 3.91245E-5 5.06691E-5 3.59631E-5 4.65088E-5 5.25309E-5 4.48061E-5 2.89926E-5 3.18044E-5 2.35884E-5 1.96737E-5 2.61117E-5 2.2381E-5 2.27948E-5 3.18348E-5 2.13261E-5 4.25083E-6 1.77617E-5 6.55693E-6 5.93832E-6 7.26065E-6 1.36083E-5 1.26079E-5 1.2873E-5 1.26514E-5 1.18549E-5 1.09739E-5 9.55862E-6 1.08774E-5 7.94173E-6 3.04744E-6 5.78588E-6 2.27034E-5 2.09748E-5 2.0453E-5 1.69061E-5 1.63592E-5 1.62201E-5 1.30068E-5 1.59763E-5 1.6598E-5
-9999 -9999 5.35101E-4 3.27985E-4 3.7501E-4 3.64011E-4 3.38131E-4 3.18037E-4 2.7409E-4 2.20788E-4 1.29094E-4 1.76015E-5 1.69942E-5 2.25519E-5 2.30932E-5 3.98702E-5 1.78993E-5 5.69037E-6 5.78915E-6 6.63397E-6 6.18708E-6 1.2563E-5 2.42605E-5 3.3316E-5 3.19948E-5 2.65008E-5 2.72164E-5 4.31792E-5 5.35667E-5 5.32495E-5 4.9109E-5 4.30973E-5 4.97904E-5 3.99466E-5 3.39477E-5 3.90526E-5 1.91967E-5 2.95807E-5 4.06648E-5 5.2336E-5 1.86331E-5 1.50578E-5 8.27946E-6 5.22854E-6 1.54522E-5 9.75013E-6 5.45368E-6 8.60781E-6 1.47919E-5 1.88533E-5 1.42263E-5 1.15302E-5 2.13445E-5 1.28704E-5 1.04737E-5 1.38658E-5 1.49357E-5 7.96924E-7 3.04901E-7 8.43668E-6 1.86525E-5 1.84569E-5 8.11823E-6 2.23038E-5 1.56083E-5
-9999 -9999 -9999 2.91082E-4 3.91196E-4 3.78329E-4 3.48627E-4 3.10881E-4 2.67365E-4 2.16963E-4 1.24673E-4 9.57921E-5 6.30196E-5 5.49752E-5 3.09858E-5 1.826E-5 1.06225E-5 1.33287E-5 1.33025E-5 1.11512E-5 8.39647E-6 1.02295E-5 1.84666E-5 2.00736E-5 1.83347E-5 3.31453E-5 4.54053E-5 4.51309E-5 3.81216E-5 4.36632E-5 4.31373E-5 3.17225E-5 4.69251E-5 4.61995E-5 4.31946E-5 4.47057E-5 3.12034E-5 3.86364E-5 3.75093E-5 4.58669E-5 3.37566E-5 2.32635E-5 1.51093E-5 8.8947E-6 1.26262E-5 2.17367E-5 2.31463E-5 2.42326E-5 2.74083E-5 2.65357E-5 2.41253E-5 2.37291E-5 2.373E-5 1.92323E-5 7.15942E-6 1.95833E-6 6.21206E-7 5.65374E-7 1.2648E-6 1.03946E-5 7.1462E-6 1.79402E-5 8.76405E-6 1.54094E-5 1.12333E-5
-9999 -9999 -9999 3.26775E-4 3.12995E-4 3.79477E-4 3.38426E-4 2.94298E-4 2.67156E-4 1.89127E-4 1.24729E-4 9.44462E-5 7.50465E-5 5.01385E-5 3.01401E-5 3.71066E-6 6.64637E-6 7.01193E-6 8.91197E-6 8.73879E-6 8.82352E-6 1.34205E-5 1.61639E-5 1.26875E-5 2.31453E-5 2.69133E-5 3.89318E-5 2.64649E-5 4.14085E-5 3.14371E-5 3.65207E-5 4.05155E-5 3.17674E-5 3.82814E-5 2.33559E-5 2.66579E-5 3.5988E-5 2.35528E-5 3.48881E-5 2.78449E-5 3.1473E-5 3.26412E-5 3.35485E-5 3.12757E-5 3.07393E-5 3.04864E-5 2.99679E-5 2.98132E-5 2.92155E-5 2.81615E-5 2.74743E-5 2.64875E-5 2.56423E-5 1.16833E-5 8.88623E-6 1.27775E-5 2.60601E-6 7.99396E-6 1.13964E-5 7.65842E-6 3.12867E-6 1.98276E-5 1.89229E-5 1.25697E-5 8.34182E-6
-9999 -9999 -9999 2.20744E-4 4.15887E-4 4.07953E-4 3.60751E-4 2.80457E-4 2.38682E-4 1.65672E-4 1.07312E-4 7.72849E-5 6.21398E-5 4.68565E-5 3.24755E-5 2.11776E-5 1.22822E-5 4.58715E-6 7.00086E-6 5.48623E-6 5.10382E-6 1.20511E-5 2.10337E-5 1.96161E-5 1.28012E-5 1.9475E-5 2.89319E-5 3.0412E-5 3.051E-5 1.96743E-5 3.23127E-5 3.67389E-5 2.83233E-5 3.38656E-5 1.37951E-5 1.17311E-5 3.15541E-5 3.002E-5 1.59447E-5 2.8302E-5 3.08662E-5 3.30609E-5 3.24442E-5 3.06574E-5 3.24032E-5 3.23427E-5 2.93342E-5 3.05724E-5 3.03918E-5 2.59994E-5 1.92038E-5 2.02629E-5 2.75761E-5 2.04591E-5 1.22179E-5 2.06301E-5 4.54517E-6 8.6383E-6 1.88799E-5 1.48333E-5 1.28134E-5 1.96047E-5 1.16973E-5 3.10788E-6 7.4073E-6
-9999 -9999 -9999 2.70367E-4 2.48192E-4 3.87193E-4 3.44862E-4 2.6386E-4 1.98905E-4 1.48167E-4 1.26164E-4 8.57182E-5 5.58554E-5 3.00274E-5 2.45067E-5 1.82648E-5 7.79245E-6 3.34888E-6 9.59279E-6 1.08988E-5 1.25067E-5 7.71004E-6 8.09014E-6 1.86663E-5 1.0557E-5 8.8987E-6 1.33402E-5 1.89375E-5 2.15189E-5 2.96935E-5 3.08097E-5 2.56388E-5 3.77981E-5 3.05982E-5 1.12565E-5 2.44174E-5 2.45273E-5 1.35166E-5 2.57874E-5 2.4833E-5 2.84673E-5 2.90414E-5 2.96138E-5 1.15052E-5 3.00629E-5 2.38629E-5 2.91625E-5 2.62883E-5 2.68552E-5 2.8314E-5 2.50114E-5 1.04892E-5 2.80645E-5 2.03621E-5 1.98699E-5 2.52184E-5 1.99881E-5 1.96705E-5 1.0733E-5 6.93298E-6 1.00208E-5 1.01462E-5 4.65581E-6 2.90264E-6 5.32271E-6
-9999 -9999 -9999 -9999 1.98148E-4 3.68511E-4 3.40993E-4 2.49259E-4 1.63011E-4 1.16489E-4 8.48139E-5 6.4432E-5 4.73196E-5 3.85686E-5 1.78707E-5 7.68955E-6 6.11689E-6 5.18547E-6 1.07231E-5 1.04307E-5 9.46791E-6 7.61866E-6 1.05022E-5 7.01487E-6 8.28993E-6 1.74699E-5 2.6259E-5 1.34678E-5 1.12554E-5 2.41096E-5 3.21418E-5 3.09878E-5 3.56244E-5 2.47887E-5 2.33448E-5 1.87797E-5 9.97528E-6 1.85314E-5 1.41285E-5 6.60002E-6 1.84483E-5 2.22337E-5 1.62242E-5 1.11248E-5 8.7084E-6 5.20374E-6 5.59846E-6 2.61868E-5 2.37795E-5 2.53118E-5 2.0437E-5 9.23861E-6 1.83622E-5 2.38473E-5 8.88547E-6 1.80332E-5 1.22564E-5 1.53085E-5 7.27877E-6 6.16514E-6 7.97797E-6 1.38068E-6 3.20725E-7 1.37201E-6 1.13556E-5
-9999 -9999 -9999 -9999 2.62333E-4 3.42372E-4 2.94287E-4 1.16946E-4 5.31252E-5 3.81523E-5 4.01484E-5 2.21254E-5 3.2155E-5 1.2258E-5 7.111E-6 9.16627E-6 3.83985E-6 5.2402E-6 1.42032E-5 1.23932E-5 1.08271E-5 6.54438E-6 7.32479E-6 7.85469E-6 4.25353E-6 7.59427E-6 1.95041E-5 1.81588E-5 2.42161E-5 2.64143E-5 2.72121E-5 3.14145E-5 2.43224E-5 1.46849E-5 8.30153E-6 2.31748E-5 2.34357E-5 2.37527E-5 2.11516E-5 1.89445E-5 1.97904E-5 2.02546E-5 1.88859E-5 1.96135E-5 2.19436E-5 1.66923E-5 1.49813E-5 2.31341E-5 3.96362E-6 2.66322E-5 6.6108E-6 1.06131E-5 1.08688E-5 8.81369E-6 1.51189E-5 1.10572E-5 3.67256E-6 3.01322E-7 4.23205E-6 2.21541E-6 6.12733E-6 1.73936E-6 1.15939E-6 4.39067E-7 5.55248E-7
-9999 -9999 -9999 -9999 1.99414E-4 3.10581E-4 1.35251E-4 4.45576E-5 3.08592E-5 1.76143E-5 1.91137E-5 2.50557E-5 1.84778E-5 1.63795E-6 1.09955E-6 2.42255E-6 7.98719E-6 9.07792E-6 1.50606E-5 2.00777E-5 1.98866E-5 1.00813E-5 1.40681E-5 4.29328E-6 3.9406E-6 8.62701E-6 2.23063E-5 2.81768E-5 2.72743E-5 1.21679E-5 1.21074E-5 1.18694E-5 1.64253E-5 4.00378E-6 9.4917E-6 1.23972E-5 5.60689E-6 1.81498E-6 2.84067E-6 5.12089E-6 2.36102E-6 9.66365E-6 1.26156E-5 1.57395E-5 1.0995E-5 1.10551E-5 1.07346E-5 1.0544E-5 1.45647E-6 3.75568E-6 3.95179E-6 4.39132E-6 1.29091E-6 2.02634E-6 2.33897E-6 1.80381E-6 1.21278E-6 4.97301E-7 8.09762E-6 9.57233E-6 2.7871E-6 2.22327E-6 1.03093E-6 4.11044E-7 3.66197E-6
-9999 -9999 -9999 -9999 2.64545E-4 3.28454E-4 1.05033E-4 3.03976E-5 3.80112E-5 2.93647E-5 2.36353E-5 2.24062E-5 1.22344E-5 2.30649E-6 4.84894E-7 6.44435E-7 4.49371E-6 4.72388E-6 9.42129E-6 9.53191E-6 1.68479E-5 2.2192E-5 1.91449E-5 2.22382E-6 1.36487E-5 8.87384E-6 2.20666E-5 1.87616E-5 2.62109E-5 1.15116E-5 1.74333E-5 1.18978E-5 1.13799E-5 9.86611E-6 8.95114E-6 8.82729E-6 6.82494E-6 6.69295E-7 7.87584E-7 9.48929E-7 6.27773E-7 3.17074E-6 6.87193E-6 9.17164E-6 1.17408E-5 1.44702E-5 1.57497E-5 1.96178E-5 6.82576E-6 6.52242E-6 1.67495E-6 2.49102E-6 8.881E-6 7.22384E-6 2.62431E-6 2.00079E-6 4.19183E-6 2.37161E-6 1.04384E-5 9.40712E-6 7.43756E-6 1.36382E-6 8.19919E-7 1.55849E-6 1.82687E-6
-9999 -9999 -9999 2.29932E-4 1.39283E-4 2.1013E-4 6.19235E-5 4.22365E-5 5.55669E-5 4.60955E-5 2.49205E-5 2.72693E-5 1.03928E-5 6.83735E-6 1.68297E-6 7.3279E-7 1.8638E-6 4.84376E-6 3.40691E-6 3.10682E-6 5.02009E-6 3.63142E-6 7.17449E-6 1.26489E-5 4.35912E-6 5.04444E-6 9.54472E-6 9.25078E-6 1.74954E-5 1.54933E-5 3.44343E-6 5.47329E-6 7.85488E-6 1.23659E-5 1.1885E-5 1.10874E-5 4.20115E-6 3.3427E-6 4.45526E-6 1.10047E-6 1.05329E-6 1.84711E-6 8.37484E-6 5.46047E-6 3.44261E-6 1.2232E-5 1.35011E-5 1.67701E-5 8.61673E-6 1.68404E-5 1.45476E-5 1.18346E-5 3.72491E-6 1.05073E-6 2.8571E-6 3.98274E-6 4.87976E-6 5.74727E-6 5.2526E-6 1.58255E-6 1.54777E-6 7.43118E-7 8.87451E-7 3.85872E-6 3.63866E-7
-9999 -9999 -9999 2.96394E-5 9.61191E-5 1.57588E-4 3.16376E-5 5.60948E-5 4.43815E-5 3.11843E-5 1.64501E-5 1.87765E-5 7.97237E-6 7.70319E-6 8.28674E-6 9.97711E-6 4.60285E-6 6.91978E-6 8.1556E-6 6.56847E-6 4.82821E-6 7.30008E-6 3.22358E-6 3.40409E-6 5.90527E-6 3.42408E-6 5.20526E-6 4.60776E-6 5.28694E-6 7.87497E-6 1.82782E-6 3.29248E-6 8.30051E-6 1.1344E-5 8.16826E-6 1.20279E-5 3.61796E-6 1.55301E-6 2.09715E-6 1.0353E-6 6.41615E-7 9.21743E-7 2.30997E-6 1.7934E-6 4.61172E-6 8.32673E-6 9.55513E-6 1.09444E-5 1.03184E-5 7.0369E-6 5.14533E-6 1.05895E-5 4.75827E-6 4.12647E-6 1.83241E-6 2.47112E-6 6.02409E-6 5.53696E-6 1.88195E-6 1.11336E-6 1.44935E-6 1.10093E-6 3.53029E-6 6.74578E-7 3.99389E-6
-9999 -9999 -9999 7.99523E-5 5.38108E-5 4.84639E-5 8.55034E-5 6.23006E-5 4.25723E-5 3.9697E-5 4.478E-5 3.25525E-5 1.64185E-5 8.55232E-6 3.7609E-6 7.1095E-6 7.87039E-6 5.2011E-6 5.66501E-6 6.99177E-6 6.91968E-6 5.57639E-6 4.96336E-6 3.78983E-6 5.23023E-6 9.10112E-6 1.47723E-5 4.86366E-6 3.09471E-6 4.04636E-7 6.34019E-6 6.16494E-7 4.7367E-6 1.69351E-6 1.59436E-6 4.10652E-6 2.47952E-6 3.01491E-6 1.13557E-6 1.67454E-6 8.68804E-7 1.8796E-6 1.17769E-6 6.03951E-7 1.1833E-6 7.28447E-6 1.8272E-6 2.62587E-6 2.45647E-6 1.87785E-6 6.4146E-7 1.70536E-6 3.3398E-6 9.14716E-6 1.20712E-5 8.10133E-6 4.01098E-6 1.67069E-6 6.40918E-6 7.82216E-6 2.56723E-6 3.73949E-6 1.27082E-6 2.21899E-6 6.45605E-6
-9999 -9999 -9999 2.04216E-4 2.24456E-5 1.44553E-5 2.68417E-5 4.41833E-5 4.02426E-5 4.23653E-5 3.33113E-5 1.28019E-5 9.03849E-6 7.87582E-6 2.80835E-6 6.42343E-6 2.04822E-5 2.45982E-5 1.5423E-5 5.7685E-6 4.60271E-6 3.41419E-6 7.43499E-6 6.46609E-6 4.54521E-6 9.21294E-6 5.91096E-6 3.39992E-6 1.29243E-6 3.29714E-7 1.41706E-6 3.27814E-7 1.02927E-6 5.78383E-7 8.78132E-7 1.77966E-6 1.77567E-6 3.50299E-6 8.68481E-6 8.83024E-6 1.96259E-6 7.97482E-7 7.82895E-7 1.51544E-6 1.05745E-6 2.65522E-6 3.37725E-6 5.58211E-6 2.69881E-6 3.30002E-6 9.22893E-6 2.69779E-6 2.43531E-6 3.44429E-6 1.22214E-5 1.05045E-5 5.18311E-6 4.67062E-6 2.33712E-6 6.1002E-6 4.344E-6 4.32447E-6 4.09209E-6 2.198E-6 4.30509E-6
-9999 -9999 -9999 2.29369E-4 3.06033E-5 4.45654E-5 2.67154E-5 1.40475E-5 5.44532E-5 3.39525E-5 1.51191E-5 1.17426E-5 1.21478E-5 7.30673E-6 1.98859E-5 8.961E-6 1.49618E-5 1.08559E-5 9.14953E-6 8.02497E-6 5.31394E-6 1.82182E-6 4.21351E-6 1.79664E-5 1.14819E-5 5.68221E-6 7.45E-6 2.01348E-6 3.16545E-7 4.31755E-7 8.77169E-7 2.63486E-6 3.52899E-6 2.09968E-6 2.66685E-6 2.5012E-6 2.21724E-6 8.22335E-6 9.07524E-6 9.38554E-6 1.70979E-6 1.20938E-6 4.29131E-7 1.51011E-6 8.76928E-7 1.8633E-6 1.35922E-6 2.87673E-6 2.42887E-6 5.18964E-6 9.70837E-6 3.81207E-6 4.29344E-6 4.82723E-6 1.77953E-6 7.24949E-6 5.05579E-6 1.11613E-6 2.42872E-6 8.11646E-6 1.55438E-6 1.33724E-6 2.70672E-7 1.40772E-7 1.18997E-7
-9999 -9999 3.13244E-4 2.59012E-4 1.24828E-4 4.02098E-5 4.87311E-5 4.13944E-5 4.11817E-5 4.28514E-5 8.40467E-6 1.33848E-5 1.19986E-5 1.58091E-5 6.89424E-6 9.31618E-6 4.87584E-6 1.87923E-6 8.16816E-6 6.41537E-6 8.56392E-6 5.36013E-6 5.11742E-6 4.70501E-6 9.37821E-6 4.29924E-6 2.49091E-6 6.13712E-7 5.10049E-6 1.39796E-6 3.83182E-6 8.47621E-6 1.87057E-6 3.15734E-6 2.08243E-6 9.92119E-7 6.37687E-7 3.23899E-6 4.66119E-6 2.44724E-6 3.45735E-6 2.0368E-6 9.74074E-7 3.49328E-7 2.21297E-6 3.33828E-6 7.20764E-6 2.01901E-6 1.5659E-6 1.56147E-6 1.22793E-6 1.13929E-6 3.19241E-6 2.52948E-6 3.17209E-6 5.9511E-6 7.52335E-6 8.0843E-6 3.78794E-6 1.81687E-6 2.62764E-6 1.01884E-6 1.5267E-7 3.55792E-7 2.96422E-6
-9999 -9999 1.17701E-4 1.23949E-4 1.70321E-4 2.4849E-5 1.48239E-5 8.78435E-5 6.78713E-5 5.38362E-5 2.38739E-5 1.08683E-5 8.53715E-6 9.72588E-6 1.25747E-5 4.51E-6 3.06105E-6 3.46579E-6 6.9617E-7 6.14747E-6 9.07799E-6 1.11435E-5 2.55897E-6 4.69407E-6 1.05761E-5 1.18035E-5 7.18539E-6 3.70655E-7 6.58658E-7 2.21638E-6 3.51427E-6 5.66622E-6 3.16979E-6 1.28533E-6 8.84942E-7 5.56149E-7 8.40599E-7 9.28143E-6 3.46039E-6 1.06266E-6 2.7639E-6 2.71587E-6 3.56692E-6 1.80193E-6 1.71901E-6 3.21336E-6 9.88669E-6 4.10471E-6 7.82354E-7 1.51398E-6 2.56572E-6 1.25159E-6 4.3828E-6 1.3878E-5 1.68789E-5 4.65818E-6 1.0561E-6 6.28538E-6 5.20448E-6 2.27359E-6 1.71253E-6 9.60742E-7 4.05265E-6 7.21236E-7 4.36677E-6
-9999 -9999 -9999 1.13154E-4 2.50139E-5 2.45313E-5 1.77481E-5 5.04517E-5 9.08015E-5 2.08786E-5 1.38821E-5 1.05922E-5 2.9865E-6 8.50831E-6 2.18752E-6 2.61737E-6 4.92482E-6 2.17142E-6 2.91316E-6 1.77581E-6 6.35176E-7 5.33592E-6 7.32288E-6 6.12529E-6 2.56303E-6 6.33445E-6 6.20201E-6 2.4734E-6 1.24895E-6 4.44071E-7 6.45198E-7 5.52283E-6 2.41485E-6 2.44774E-6 1.67412E-6 9.22013E-7 1.00034E-6 9.38285E-7 1.43939E-6 2.81648E-7 6.27465E-7 1.5667E-6 2.74326E-6 6.88356E-6 6.22266E-6 4.09328E-6 5.75059E-6 8.49425E-6 3.13769E-6 3.51838E-6 1.16024E-6 2.25833E-6 2.58292E-6 1.81652E-6 7.5972E-6 4.36374E-6 1.14788E-6 7.22449E-7 2.68652E-6 5.42433E-7 4.6558E-7 1.46947E-6 6.06593E-7 1.68492E-6 2.22256E-6
-9999 -9999 -9999 2.29574E-4 1.38091E-4 3.63406E-5 1.49947E-5 3.10123E-5 3.78917E-5 3.69676E-5 2.77363E-5 4.04157E-5 4.31458E-6 2.27038E-6 1.01665E-6 2.80957E-6 3.67059E-6 8.92612E-6 6.10524E-6 3.29141E-6 4.17309E-6 5.09342E-6 7.25692E-6 9.0514E-6 4.78321E-6 7.75899E-6 7.56289E-6 1.25377E-5 6.90589E-6 4.80367E-6 2.12198E-6 4.81678E-6 5.66471E-6 2.67351E-6 2.86844E-6 4.6438E-6 3.03292E-6 6.09923E-6 1.50323E-6 3.55515E-7 6.895E-7 7.68324E-7 3.22882E-7 1.51471E-6 8.4922E-6 4.01257E-6 2.36339E-6 2.73281E-6 2.87515E-6 4.58349E-6 3.72863E-6 1.01345E-6 6.66917E-7 1.80046E-6 2.60187E-6 4.18413E-6 7.88673E-6 5.29824E-6 1.66969E-7 2.42269E-6 1.32944E-6 2.20741E-6 2.1799E-6 1.01922E-5 1.40162E-5
-9999 -9999 -9999 1.46145E-4 1.56847E-4 9.56622E-5 2.28935E-5 1.06504E-4 3.39254E-5 4.17311E-5 7.0148E-5 4.93706E-5 1.43249E-5 4.18477E-6 3.9613E-6 4.36865E-6 5.55426E-6 1.46224E-5 1.95206E-5 1.1299E-5 1.86665E-5 2.45604E-5 2.16194E-5 2.2862E-5 1.8577E-5 9.51155E-6 6.54919E-6 4.96527E-6 8.53051E-6 1.43932E-5 2.65355E-5 1.33972E-5 5.42384E-6 1.85648E-6 4.42186E-6 1.35604E-6 1.50489E-6 6.04671E-6 1.08202E-5 6.7996E-6 4.8594E-6 7.11282E-7 3.85349E-7 5.63622E-7 1.75146E-6 3.9235E-6 3.94531E-6 5.65545E-6 1.82315E-6 3.65441E-6 1.73615E-6 1.78277E-6 1.02238E-6 5.03361E-7 8.44808E-7 1.26345E-5 6.47741E-6 1.18302E-5 8.1875E-6 2.17587E-6 1.8148E-6 2.19404E-6 2.49642E-6 1.13186E-5 7.51485E-6
-9999 -9999 -9999 2.93152E-4 1.00854E-4 6.36655E-5 5.31713E-6 7.99275E-5 7.59411E-5 3.48653E-5 7.79496E-5 7.16416E-5 5.11948E-5 6.41098E-6 5.23802E-6 7.11397E-7 2.96503E-6 3.33508E-6 2.62727E-6 7.00753E-6 1.01391E-5 5.848E-6 4.69895E-6 1.06945E-5 3.04719E-5 3.09378E-5 1.44011E-5 7.72005E-6 6.64128E-6 1.9674E-5 3.56825E-5 1.54977E-5 1.21639E-5 3.74696E-6 6.83706E-6 8.33487E-6 1.69132E-6 4.99628E-6 5.73756E-6 3.15355E-6 7.33338E-6 2.623E-6 3.07008E-7 6.16505E-7 1.03424E-6 1.55167E-6 1.61807E-6 3.1649E-6 9.12761E-6 7.58235E-6 6.84675E-6 1.78705E-6 2.00653E-6 2.23272E-6 5.29744E-7 2.14462E-6 4.82625E-6 2.80237E-6 2.00186E-5 4.86406E-6 1.38439E-6 3.96696E-6 2.47989E-6 2.37551E-6 1.98121E-6
-9999 -9999 -9999 2.08289E-4 1.22752E-4 1.28712E-4 2.31066E-5 6.19057E-5 1.12452E-4 1.03981E-4 1.08765E-4 1.02105E-4 7.72023E-5 2.87296E-5 1.18882E-5 1.17405E-6 4.41826E-7 3.36215E-6 4.71588E-6 5.58194E-6 5.31705E-6 6.07683E-6 1.15937E-5 1.78723E-5 2.52668E-5 2.61177E-5 2.10155E-5 1.38545E-5 1.31058E-5 1.00056E-5 1.18609E-5 1.32241E-5 7.43101E-6 1.42388E-6 3.20692E-6 3.59383E-6 1.37879E-6 9.02432E-7 3.67075E-6 5.21706E-6 1.62715E-6 6.83989E-6 2.344E-6 5.14073E-6 3.0921E-6 2.18163E-6 1.81575E-6 6.89295E-6 6.78821E-6 1.28721E-5 8.86873E-6 8.10144E-6 1.08497E-5 1.85322E-5 1.21224E-5 5.07774E-6 9.3541E-6 5.70496E-6 1.02534E-5 6.99533E-6 1.05281E-6 1.65862E-6 7.13322E-7 4.90518E-6 7.92722E-7
-9999 -9999 -9999 3.3431E-4 3.5148E-4 1.35468E-4 1.54711E-4 1.20192E-4 1.27889E-4 1.62421E-4 1.19458E-4 1.25317E-4 8.84872E-5 8.76195E-6 2.41469E-6 3.46147E-6 7.74989E-6 8.6646E-6 6.31816E-6 3.18789E-6 9.34847E-6 6.16302E-6 1.79996E-5 9.96257E-6 6.10296E-6 5.41275E-6 5.72783E-6 5.42806E-6 6.49056E-6 1.86969E-6 2.14053E-6 3.29198E-6 1.18229E-5 6.08899E-6 5.9265E-6 9.313E-6 8.23919E-6 3.64189E-6 3.86958E-6 9.98854E-7 1.16128E-6 1.22851E-6 2.89525E-6 5.34175E-6 2.34573E-6 1.83425E-6 7.90395E-7 2.44208E-6 1.02085E-5 1.20825E-5 1.79551E-5 4.87654E-6 1.37051E-5 1.68134E-5 2.88637E-5 2.18491E-5 1.18614E-5 6.06249E-6 1.84734E-6 4.1405E-6 1.3193E-6 1.60353E-6 3.67349E-7 3.88411E-6 6.08011E-6
-9999 -9999 -9999 6.22054E-4 7.16513E-4 4.36921E-4 2.70078E-4 1.79479E-4 5.50302E-5 8.33813E-5 8.67906E-5 4.96043E-5 1.49141E-5 2.30819E-6 1.02046E-6 4.20808E-6 8.50047E-6 3.73016E-6 5.55279E-6 7.67995E-6 5.61834E-6 8.47648E-6 1.22099E-5 6.63625E-6 4.15194E-6 3.17601E-6 3.17059E-6 8.37121E-6 9.49768E-6 7.55702E-6 3.43961E-6 6.25816E-6 8.73517E-6 6.21945E-6 7.86766E-6 4.23765E-6 2.10046E-6 3.82091E-6 3.042E-6 5.27955E-6 9.02191E-6 6.33768E-6 8.92101E-6 1.05409E-6 3.39166E-6 1.69035E-6 3.23122E-6 4.36813E-6 8.20297E-6 2.0295E-5 1.09238E-5 5.33999E-6 1.07797E-5 2.73261E-5 2.96329E-5 2.76309E-5 3.76577E-6 2.95334E-6 1.58333E-6 1.00968E-6 1.52158E-6 3.21673E-6 7.15322E-7 1.20412E-6 1.84515E-5
-9999 -9999 -9999 9.61049E-4 9.52313E-4 3.682E-4 1.17557E-4 8.50107E-5 6.40669E-5 1.1466E-4 5.54815E-5 2.9452E-5 5.52144E-6 1.69299E-6 3.27671E-7 3.75383E-6 7.88591E-6 6.69896E-6 1.32055E-5 2.85871E-6 3.25769E-6 1.77496E-6 5.7026E-6 1.03537E-6 2.99674E-6 9.56971E-6 3.04622E-6 3.02642E-6 3.83753E-6 7.04192E-6 2.15471E-6 5.06418E-6 3.88459E-6 1.70746E-6 1.50618E-6 1.59163E-6 4.56057E-7 4.09317E-7 2.83108E-7 3.46691E-6 9.34615E-6 4.30932E-6 9.2917E-6 2.13686E-6 1.62557E-6 2.96334E-6 2.14348E-5 2.68524E-5 2.44556E-5 2.34203E-5 4.83716E-6 2.58817E-5 1.79046E-5 1.5857E-5 1.80126E-5 1.67095E-5 2.47875E-6 1.52039E-6 1.28508E-6 3.19574E-7 4.39302E-6 3.14561E-6 3.48052E-6 9.22854E-6 4.42914E-6
-9999 -9999 -9999 -9999 6.32289E-4 2.4971E-4 1.08234E-4 4.05966E-5 1.07318E-4 9.37045E-5 9.77196E-5 1.66966E-5 3.38431E-6 3.42987E-6 1.16857E-6 2.39974E-6 3.39849E-6 8.05477E-6 1.29084E-5 5.93551E-6 6.16907E-6 5.75304E-6 9.33729E-6 1.00989E-5 4.8044E-6 3.35028E-6 3.80378E-6 2.7877E-6 4.11563E-6 8.22922E-6 4.47925E-6 5.64409E-6 3.26683E-6 4.32053E-6 5.9257E-6 1.06899E-5 7.49559E-6 1.11104E-6 2.12932E-6 1.99385E-6 6.57988E-6 3.02174E-6 8.22216E-6 7.31869E-6 4.38801E-6 1.80581E-6 2.93136E-6 4.51792E-6 1.91326E-6 2.18019E-6 4.42939E-6 3.60047E-6 2.8212E-6 9.77395E-6 5.52762E-6 4.48738E-6 5.15089E-6 4.7462E-6 1.03631E-6 6.99356E-7 1.29112E-6 4.64183E-6 8.23089E-6 2.39467E-5 1.96112E-5
