catData/rasterBestHybridModels/Pviverrinus/RD_BM01_RM1.5_L/Pviverrinus_median.asc
ncols         409
nrows         350
xllcorner     60.897278365
yllcorner     5.843756025
cellsize      0.0892857
NODATA_value  -9999
[rows 145 to 173 of 350, columns 195 to 259 of 409]
4.88922E-8 2.90866E-7 3.53284E-6 2.89096E-6 3.90828E-6 4.27041E-6 1.36083E-6 1.22295E-6 6.47917E-6 5.07026E-6 5.96576E-6 2.8657E-6 2.50896E-6 4.38915E-6 4.25935E-6 8.60278E-6 2.10255E-6 3.84899E-6 6.89482E-6 1.95399E-6 1.8102E-6 5.36203E-7 1.7274E-6 4.07471E-6 6.59343E-6 9.13504E-6 7.19043E-6 5.1154E-6 4.18152E-6 4.34668E-6 2.80007E-6 4.3174E-6 5.1328E-6 6.6092E-6 1.32551E-5 9.01592E-6 9.45659E-6 1.80793E-5 1.16386E-5 5.65715E-6 1.01605E-6 2.53355E-6 5.38686E-6 6.01913E-7 8.89352E-7 4.13336E-6 1.5294E-5 1.29703E-5 1.40219E-5 3.28318E-5 6.79615E-5 4.7401E-5 2.82615E-5 2.47603E-5 2.58977E-5 4.12207E-5 3.3311E-5 3.23502E-5 2.908E-5 3.9515E-5 4.67851E-5 5.49377E-5 5.98924E-5 4.80295E-5 5.03461E-5
1.70261E-7 9.8329E-7 1.00923E-5 4.30421E-6 3.30602E-6 3.01362E-6 1.17988E-6 2.90405E-6 9.22008E-7 1.02212E-6 4.80821E-6 9.78692E-6 4.80544E-6 5.397E-6 5.50077E-7 3.85246E-7 6.83705E-6 5.31904E-6 1.32075E-6 1.51875E-6 4.42074E-7 4.26674E-7 2.4964E-7 2.80995E-6 6.11206E-6 2.7499E-6 1.75082E-6 3.5125E-6 2.5538E-6 4.02456E-6 6.65036E-7 5.21597E-7 6.91961E-6 1.12161E-5 2.55937E-6 5.37739E-6 2.3116E-5 1.9749E-5 1.88504E-5 1.64945E-5 8.31262E-6 8.71513E-6 2.24614E-6 1.97227E-6 7.38521E-6 1.3263E-5 7.56431E-6 5.58135E-6 1.01636E-5 3.26044E-5 3.29075E-5 2.51769E-5 2.74764E-5 1.05576E-5 2.2964E-5 3.48276E-5 3.21306E-5 2.17322E-5 1.73628E-5 2.60379E-5 2.91298E-5 4.30688E-5 4.81582E-5 5.13698E-5 2.08482E-5
6.63829E-7 4.46477E-6 4.1628E-6 3.8916E-6 4.39735E-6 3.53436E-6 3.41701E-6 2.32478E-6 7.08694E-7 2.77382E-6 1.17013E-5 4.12291E-6 2.51791E-6 6.42352E-7 1.35437E-6 5.5205E-6 4.1952E-6 4.77405E-6 2.3049E-6 4.81214E-7 2.73644E-7 7.01309E-7 5.91286E-7 2.6482E-6 3.1896E-6 3.58071E-6 2.92906E-6 1.07946E-6 1.72307E-6 8.6698E-6 6.87629E-6 6.60049E-6 4.65893E-6 5.15117E-6 2.10931E-6 6.14884E-6 4.41568E-6 1.57944E-5 1.51155E-5 1.58829E-5 9.6748E-6 1.17933E-5 1.15142E-5 7.99482E-6 3.4597E-6 1.3373E-5 9.02813E-6 7.71089E-6 1.26306E-5 2.01323E-5 2.87072E-5 1.41109E-5 1.40726E-5 6.88308E-6 2.30661E-5 2.63748E-5 1.67172E-5 1.44878E-5 1.65968E-5 2.15543E-5 1.6776E-5 3.53E-5 3.93801E-5 3.94896E-5 4.39724E-5
5.79562E-6 5.97441E-6 2.43385E-6 3.82378E-6 2.25572E-6 1.0813E-6 9.6231E-7 6.70561E-7 1.21321E-6 1.40343E-6 4.3117E-6 2.87573E-6 4.08955E-6 2.22761E-6 2.04946E-6 3.17608E-6 5.55219E-6 5.69643E-6 1.7382E-6 4.18678E-6 7.62129E-6 1.86843E-6 2.47679E-6 6.4837E-6 8.25157E-6 4.21685E-6 4.37795E-6 7.58727E-6 1.07298E-5 9.4272E-6 1.80468E-5 6.17905E-6 5.86328E-7 6.68054E-6 6.70163E-6 8.27174E-6 5.79247E-6 9.35319E-6 9.14781E-6 1.57637E-5 1.47374E-5 1.22204E-5 1.29349E-5 1.34641E-5 5.23099E-6 8.41859E-6 1.47008E-5 9.13553E-6 1.89712E-5 2.15043E-5 1.95727E-5 2.28894E-5 1.30994E-5 5.1372E-6 1.18637E-5 6.01936E-6 4.91601E-6 4.07418E-6 9.68754E-6 1.35154E-5 1.69241E-5 1.41907E-5 2.90207E-5 3.62416E-5 4.03371E-5
7.72509E-6 3.79206E-6 8.62737E-7 5.61478E-6 1.89155E-6 3.8519E-7 3.71729E-7 5.7511E-6 2.57934E-6 3.81446E-6 2.64307E-6 3.54417E-6 2.56192E-6 1.46927E-6 1.23041E-6 6.05901E-6 3.45169E-6 5.701E-6 3.06093E-7 1.24363E-6 3.4171E-6 2.99602E-6 4.11038E-6 4.83904E-6 7.87008E-6 1.09257E-5 4.08887E-6 4.11459E-6 9.46716E-6 1.1217E-5 8.38708E-6 8.31231E-6 3.20728E-6 2.99346E-6 2.56462E-6 4.22944E-6 4.7979E-6 4.78817E-6 7.39237E-6 1.27576E-5 1.32253E-5 1.2967E-5 1.27389E-5 1.32457E-5 1.45043E-5 1.29543E-5 1.26154E-5 1.26186E-5 1.74413E-5 1.25453E-5 2.141E-5 1.38408E-5 1.02334E-5 1.08015E-5 1.3563E-5 1.66546E-5 1.38938E-5 1.36669E-5 1.0054E-5 9.09513E-6 1.56568E-5 1.63658E-5 2.51677E-5 2.68413E-5 3.13221E-5
2.13746E-6 4.76453E-6 3.80679E-6 3.06682E-6 2.10943E-6 2.65732E-7 2.54968E-6 5.33816E-6 2.4071E-6 2.38652E-6 3.2389E-6 2.45537E-6 5.06121E-6 1.45258E-6 1.33978E-6 2.60535E-6 5.84878E-6 6.84303E-6 3.0677E-6 3.06644E-6 9.65452E-6 7.57678E-6 1.35738E-5 1.38982E-5 6.49921E-6 6.12136E-6 4.77746E-6 1.17457E-5 1.73817E-5 1.47943E-5 1.50419E-5 1.03145E-5 1.58823E-5 1.29344E-5 6.14958E-6 2.64168E-6 2.6296E-6 4.58407E-6 1.39993E-5 1.22243E-5 1.24339E-5 1.16782E-5 1.04265E-5 9.99783E-6 1.11192E-5 1.10903E-5 9.12368E-6 1.07119E-5 1.31077E-5 1.68875E-5 1.86295E-5 1.75021E-5 1.64042E-5 1.12927E-5 9.01786E-6 3.36756E-6 6.94098E-6 6.85696E-6 1.6238E-5 1.15837E-5 1.17113E-5 8.59969E-6 1.88956E-5 2.21073E-5 2.12931E-5
1.75981E-6 4.91861E-6 3.6478E-6 4.05331E-6 1.04788E-6 2.5241E-7 6.05363E-7 3.98918E-6 5.95573E-6 1.44666E-6 5.13016E-6 1.11963E-6 9.47178E-7 1.31304E-6 2.05413E-6 5.24006E-6 6.53985E-6 7.22057E-6 6.28952E-6 7.59699E-6 1.19672E-5 4.96821E-6 1.05976E-5 1.16627E-5 8.02085E-6 7.56985E-6 7.55001E-6 8.97109E-6 1.32003E-5 1.00411E-5 1.51641E-5 1.62269E-5 1.70468E-5 1.34344E-5 3.77084E-6 4.81611E-6 1.19257E-5 1.06002E-5 3.25246E-6 6.72251E-6 9.7421E-6 8.68794E-6 7.83507E-6 7.83484E-6 8.52115E-6 9.56544E-6 7.74778E-6 7.99144E-6 1.10249E-5 1.49443E-5 1.72024E-5 1.59027E-5 1.28848E-5 1.22418E-5 1.04688E-5 9.8414E-6 5.79548E-6 7.07896E-6 8.57063E-6 9.84408E-6 1.10074E-5 6.81383E-6 8.42581E-6 8.85748E-6 1.22555E-5
3.33994E-6 2.36392E-6 1.1089E-6 3.59171E-7 4.47717E-7 2.30417E-6 1.80592E-6 1.67096E-6 1.27166E-6 3.43631E-6 1.9382E-6 1.65679E-6 3.56124E-6 4.53593E-6 3.25791E-6 8.86127E-6 7.85879E-6 1.34392E-5 3.04412E-6 3.96453E-6 7.076E-6 4.78711E-6 4.55628E-6 1.15304E-5 9.05556E-6 1.06234E-5 1.15815E-5 7.71136E-6 3.61678E-6 9.37894E-6 1.32821E-5 1.4563E-5 1.51078E-5 9.071E-6 4.41386E-6 3.52389E-6 1.37083E-6 2.23419E-6 1.07438E-6 6.28101E-6 4.6869E-6 4.51127E-6 9.74453E-6 7.94025E-6 7.52222E-6 7.91633E-6 7.39152E-6 5.94536E-6 1.05849E-5 1.61028E-5 1.25947E-5 1.28914E-5 8.78295E-6 4.60988E-6 8.34775E-6 6.07928E-6 7.96152E-6 9.11209E-6 1.01774E-5 5.68226E-6 8.87823E-6 9.34034E-6 7.48246E-6 5.39442E-6 6.90168E-6
3.93159E-6 2.35392E-6 3.54627E-6 2.57312E-6 1.22168E-6 4.67863E-6 1.35518E-6 1.42967E-6 1.46037E-6 2.08457E-6 3.72609E-6 2.15205E-6 7.44593E-6 3.88727E-6 1.57601E-6 8.08005E-6 5.20111E-7 1.5973E-6 7.83545E-6 1.29301E-5 8.38869E-6 3.94999E-6 6.03902E-6 8.09113E-6 9.34955E-6 9.26434E-6 7.10842E-6 5.5764E-6 4.0177E-6 6.53375E-6 4.70439E-6 1.1427E-5 1.12952E-5 8.95466E-6 4.47174E-6 7.5458E-6 4.17151E-6 2.85843E-6 2.46619E-6 8.46478E-6 3.68131E-6 9.11856E-7 1.01272E-5 8.19594E-6 6.63475E-6 8.06531E-6 6.86829E-6 3.82291E-6 8.34626E-6 9.99838E-6 6.99295E-6 4.81542E-6 2.55542E-6 3.07665E-6 6.7821E-6 7.43273E-6 7.44553E-6 9.04089E-6 1.03489E-5 5.58434E-6 3.88408E-6 6.20565E-6 4.13338E-6 2.64049E-6 7.84762E-6
9.47627E-6 5.4794E-6 7.08647E-6 7.52765E-6 4.10417E-6 1.8088E-6 1.34042E-6 1.12668E-6 2.24776E-6 9.22033E-6 1.11332E-5 2.88952E-6 3.31575E-6 1.74898E-6 3.24499E-6 2.09418E-6 1.23069E-5 9.48245E-6 5.81094E-6 9.51944E-6 3.1677E-6 6.06219E-6 5.50618E-6 8.17947E-6 4.98779E-6 1.60531E-6 3.07005E-6 6.08284E-6 4.78254E-6 4.27976E-6 4.6386E-6 3.77609E-6 4.59075E-6 5.26857E-6 2.9666E-6 6.38154E-6 1.8753E-6 7.42209E-7 1.42216E-6 9.02813E-7 2.5076E-6 3.20868E-7 1.22548E-6 6.75727E-6 5.47379E-6 7.6676E-6 7.08837E-6 3.24654E-6 6.09534E-6 4.9316E-7 5.35551E-7 1.96339E-6 4.00277E-6 7.26843E-6 3.86079E-6 5.78661E-6 9.70517E-6 1.07419E-5 8.01502E-6 6.55391E-6 2.74168E-6 2.7362E-6 3.44504E-6 3.28782E-6 3.92158E-6
9.50268E-7 6.75228E-7 2.6982E-6 3.77719E-6 9.21576E-6 1.14085E-5 9.4381E-6 8.50685E-6 9.946E-6 1.03526E-5 1.10412E-5 6.76238E-6 6.21505E-6 4.88406E-6 1.32785E-6 1.58603E-5 1.0727E-5 1.14783E-5 1.21502E-5 7.77057E-6 1.11213E-5 5.34486E-6 2.18495E-6 3.10667E-6 1.32681E-6 1.48127E-6 3.75897E-7 1.97995E-6 2.54106E-6 2.71389E-6 3.74355E-6 3.69576E-6 4.9434E-6 6.43352E-6 2.39224E-6 4.71083E-6 8.21897E-6 6.43184E-7 6.7176E-6 3.42338E-6 1.32985E-7 1.00433E-6 2.20401E-6 9.39473E-6 9.07812E-6 7.49117E-6 9.47756E-6 5.96582E-6 2.29971E-6 1.50513E-6 3.76248E-7 1.04084E-6 2.98375E-6 4.72137E-6 6.32317E-6 3.78964E-6 9.89365E-6 8.92461E-6 6.32583E-6 3.40725E-6 5.06304E-6 4.42797E-6 3.89326E-6 5.68842E-6 6.83558E-6
2.43552E-7 8.7061E-7 2.77122E-6 1.95126E-6 7.47078E-7 8.0531E-6 1.39072E-6 5.70251E-7 5.13022E-7 6.27102E-6 1.22322E-5 5.66775E-6 6.30673E-6 2.46308E-6 4.56228E-6 6.31754E-6 1.11499E-5 1.54435E-5 1.03361E-5 4.0445E-6 3.67688E-6 2.09537E-6 4.16997E-6 9.72478E-7 1.69072E-6 2.76504E-6 2.06384E-6 2.83187E-6 1.79854E-6 2.51337E-6 3.99844E-6 3.69564E-6 5.55914E-6 2.31779E-6 9.92267E-6 6.63053E-6 4.22245E-6 5.75201E-6 3.50704E-6 2.57106E-6 6.81519E-7 7.79021E-7 3.3255E-6 8.97024E-6 6.8343E-6 7.43959E-6 4.45387E-6 1.68415E-5 1.28281E-5 2.38679E-6 4.76539E-6 4.17939E-6 2.30692E-6 7.98439E-6 7.52367E-6 4.11088E-6 1.03773E-5 8.63125E-6 3.65252E-6 2.28413E-6 4.09677E-6 6.07216E-6 5.1741E-6 6.41989E-6 7.20318E-6
1.32817E-6 4.33736E-6 7.67474E-6 4.76681E-6 4.0208E-6 7.55108E-6 2.37942E-6 3.48668E-6 1.23508E-5 3.86496E-6 7.08702E-7 4.93914E-7 1.32025E-6 6.45579E-6 2.42492E-6 4.62637E-6 7.39868E-6 7.92537E-6 7.74478E-6 7.23935E-6 6.30991E-6 3.18019E-6 2.75243E-6 1.69335E-6 1.58358E-6 4.39618E-6 3.1249E-6 2.57632E-6 9.26358E-7 5.36368E-7 3.24503E-6 3.29078E-6 2.38064E-6 8.39069E-7 3.0841E-6 1.75451E-6 1.86109E-6 4.81241E-6 2.79896E-6 5.47893E-6 1.92229E-6 1.55098E-6 7.84479E-6 8.78907E-6 1.35059E-5 8.62387E-6 5.33264E-6 8.72963E-6 1.15133E-5 1.08617E-5 1.347E-5 6.75522E-6 2.19878E-6 2.16467E-6 2.23465E-6 4.10691E-6 6.91724E-6 6.56934E-6 4.38525E-6 2.71226E-6 4.9958E-6 5.65173E-6 8.20447E-6 6.56565E-6 6.22963E-6
1.87142E-5 1.69838E-5 9.33789E-6 6.30226E-6 1.12824E-5 3.45053E-6 1.04062E-6 2.83307E-7 3.9814E-7 4.41796E-6 1.26933E-6 6.63167E-6 3.98808E-6 3.20071E-6 4.58528E-6 3.10707E-6 4.57025E-6 6.29066E-6 1.31552E-5 6.66134E-6 4.69703E-6 5.15581E-6 4.7741E-6 4.90336E-6 4.50393E-6 5.76863E-6 1.97782E-6 2.66826E-6 1.53934E-6 5.64997E-7 1.54633E-6 1.36231E-7 7.0896E-7 2.93499E-6 1.52359E-6 6.63277E-7 1.18535E-6 3.13136E-6 5.09417E-6 3.76734E-6 6.28253E-6 1.06705E-5 9.93874E-6 1.00115E-5 7.47022E-6 5.85747E-6 3.99269E-6 5.72494E-6 1.65767E-5 5.81222E-6 3.82581E-6 5.8788E-6 2.54699E-6 7.48283E-6 3.2455E-6 6.36261E-6 6.58526E-6 9.45773E-6 8.25926E-6 1.05104E-5 8.15355E-6 1.1372E-5 1.04824E-5 9.73108E-6 7.64199E-6
2.0232E-5 2.46838E-5 2.6568E-5 6.93182E-6 1.2217E-5 6.34547E-6 1.68282E-5 6.82686E-6 2.71953E-6 4.47003E-7 8.93097E-7 1.23643E-5 9.82146E-6 7.11331E-6 3.43596E-6 3.8291E-6 7.79884E-6 7.92019E-6 1.27751E-5 5.78942E-6 4.9314E-6 8.05734E-6 4.47797E-6 6.0597E-6 7.40703E-6 4.23036E-6 1.45156E-6 3.47453E-6 2.38927E-6 4.93169E-7 3.5853E-6 5.5855E-7 6.3538E-7 2.38454E-7 3.4781E-7 2.98046E-7 3.23694E-6 1.63425E-6 1.06956E-6 8.72429E-7 4.82243E-6 6.96655E-6 9.63861E-6 1.23621E-5 7.10058E-6 5.10226E-6 4.02114E-6 6.16355E-6 1.68034E-5 1.55461E-5 1.14286E-5 1.3629E-5 4.33817E-6 6.92915E-6 4.58391E-6 3.59029E-6 4.36678E-6 5.5971E-6 6.87092E-6 8.88328E-6 1.1116E-5 9.51011E-6 1.60105E-5 1.30087E-5 5.45219E-6
1.87317E-5 1.07211E-5 4.30808E-6 8.93865E-6 1.98278E-5 1.03533E-5 1.30745E-5 1.35092E-5 1.40672E-5 1.30358E-5 9.59335E-6 2.92654E-6 1.36347E-6 4.19052E-6 5.37017E-6 1.49041E-6 2.25237E-6 4.83475E-6 5.32208E-6 1.01367E-5 5.11907E-6 2.75808E-6 4.42044E-6 8.91727E-6 6.0533E-6 4.77163E-6 3.65484E-6 2.96496E-6 1.84046E-6 3.08012E-6 1.36385E-6 3.80181E-6 2.71379E-6 1.19828E-6 1.83097E-6 3.68152E-7 9.5641E-8 1.23642E-6 3.42734E-6 1.62964E-6 8.16806E-6 9.43621E-6 9.48271E-6 1.10264E-5 1.04057E-5 7.99149E-6 1.35669E-5 1.41598E-5 1.86993E-5 1.81125E-5 1.53631E-5 1.37037E-5 1.12949E-5 7.72035E-6 4.97917E-6 3.58753E-6 4.187E-6 5.90029E-6 2.3588E-6 8.30039E-6 1.04486E-5 9.98702E-6 1.58296E-5 1.19554E-5 7.8144E-6
1.64628E-5 1.11162E-5 1.5494E-5 1.48231E-5 9.13949E-6 7.44723E-6 5.32516E-6 2.51853E-6 7.97931E-6 3.48632E-6 2.85413E-6 2.28024E-6 5.76958E-6 2.778E-6 3.67997E-7 1.48752E-7 3.1723E-7 9.55755E-7 1.39524E-6 2.68999E-6 1.33316E-6 8.86934E-6 6.6097E-6 1.15321E-5 9.09165E-6 5.99303E-6 2.33596E-6 1.64506E-6 3.84051E-6 3.44059E-6 3.75908E-6 4.32938E-6 4.30024E-6 3.31376E-6 3.52466E-6 3.78672E-6 3.04113E-6 5.69929E-6 6.67065E-6 9.23606E-6 1.43765E-5 1.38358E-5 9.75127E-6 7.28446E-6 1.0798E-5 1.31923E-5 1.27332E-5 1.3825E-5 2.09046E-5 1.00202E-5 1.53745E-5 1.25579E-5 1.21187E-5 1.18793E-5 9.62556E-6 9.4929E-6 7.51856E-6 7.00073E-6 6.78552E-6 1.33463E-5 1.17963E-5 1.2373E-5 1.0523E-5 1.78446E-5 1.59585E-5
7.36842E-6 9.96171E-6 8.04652E-6 8.66982E-6 1.45416E-5 4.61851E-6 2.06679E-6 3.57401E-6 4.20468E-6 1.88032E-6 7.57192E-7 9.2592E-7 2.00392E-7 1.27757E-7 3.89378E-7 4.06381E-7 7.03462E-7 4.17783E-7 1.92331E-6 2.91449E-6 9.22478E-7 4.61467E-6 7.24816E-6 1.61744E-5 1.10636E-5 6.64161E-6 5.29361E-6 7.74578E-7 5.44885E-7 4.02616E-6 9.04266E-6 8.27383E-6 7.16755E-6 4.72454E-6 5.07876E-6 5.55068E-6 6.50642E-6 7.58335E-6 1.04861E-5 1.41842E-5 1.76889E-5 1.63481E-5 1.43337E-5 1.18493E-5 1.07384E-5 1.34214E-5 1.80633E-5 1.12227E-5 1.50094E-5 1.81671E-5 1.40928E-5 1.46714E-5 1.42976E-5 1.55453E-5 1.08751E-5 9.74944E-6 1.19739E-5 1.3678E-5 1.62998E-5 1.7744E-5 9.36621E-6 7.92604E-6 1.79183E-5 1.70341E-5 2.0348E-5
5.8936E-6 5.52737E-6 9.56557E-6 1.08815E-5 9.95508E-6 4.55065E-6 2.39459E-6 8.68051E-7 2.13209E-6 1.00973E-6 1.35109E-6 1.45173E-7 7.11809E-7 8.73621E-7 2.16567E-6 2.89975E-6 1.84438E-6 2.40401E-6 3.29508E-6 6.41962E-6 2.91507E-6 6.51556E-6 1.22097E-5 5.20935E-6 1.08001E-5 6.23534E-6 8.35648E-6 6.46078E-7 6.367E-6 5.33678E-6 1.00157E-5 7.95457E-6 5.26737E-6 5.97264E-6 5.35614E-6 7.36269E-6 1.26315E-5 1.64858E-5 1.97428E-5 1.88735E-5 1.96036E-5 2.51192E-5 1.6576E-5 1.71985E-5 1.46202E-5 1.37049E-5 1.9929E-5 8.5934E-6 1.43339E-5 1.79655E-5 1.74328E-5 1.58262E-5 1.32192E-5 1.70988E-5 1.11191E-5 1.69905E-5 1.56349E-5 1.7372E-5 1.55975E-5 1.26231E-5 1.64154E-5 2.17316E-5 1.66699E-5 2.77624E-5 1.88834E-5
5.46964E-6 4.82208E-6 5.35039E-6 4.41241E-6 4.08644E-6 1.63464E-6 7.92009E-7 1.69177E-6 1.61605E-6 1.46365E-6 4.3042E-7 2.65955E-7 2.7242E-6 2.37149E-6 1.78707E-6 2.0627E-6 2.32921E-6 1.15378E-6 3.27993E-6 7.23503E-6 1.51311E-5 1.32965E-5 6.74478E-6 6.23288E-6 7.91129E-6 1.34316E-5 4.97293E-6 5.43429E-6 5.86213E-6 9.86887E-6 9.29587E-6 5.93538E-6 4.32498E-6 1.13055E-5 1.02987E-5 1.23433E-5 2.06907E-5 2.33288E-5 2.10605E-5 1.9991E-5 2.09215E-5 2.50692E-5 1.70727E-5 1.49494E-5 1.59276E-5 1.27664E-5 1.32381E-5 1.24583E-5 2.32185E-5 2.21373E-5 1.21188E-5 1.33205E-5 1.46799E-5 1.35567E-5 1.5967E-5 1.10844E-5 1.57044E-5 1.30669E-5 1.0669E-5 1.51072E-5 1.94153E-5 2.7827E-5 3.0659E-5 3.3967E-5 2.60098E-5
3.43644E-6 2.33503E-6 3.40831E-6 1.5518E-6 2.4415E-6 3.30681E-6 7.98513E-7 1.68268E-6 2.72249E-6 5.71923E-7 3.77301E-7 1.94696E-6 1.92131E-6 2.24081E-6 1.48733E-6 1.94016E-6 5.8085E-6 6.35602E-6 1.01182E-5 1.67463E-5 1.74627E-5 1.55965E-5 1.2038E-5 7.97155E-6 9.9475E-6 1.45132E-5 8.36224E-6 3.92235E-6 6.58131E-6 4.95644E-6 8.37951E-6 7.21194E-6 1.16627E-5 1.67696E-5 1.45528E-5 9.32779E-6 3.67574E-6 1.5457E-5 2.04285E-5 2.22253E-5 1.28685E-5 2.09787E-5 2.73371E-5 3.09841E-5 2.23116E-5 1.21402E-5 1.49864E-5 5.58747E-6 5.13114E-6 4.24244E-6 1.8347E-5 1.01014E-5 1.86823E-5 1.20408E-5 1.45845E-5 1.34475E-5 1.94048E-5 1.51272E-5 1.25446E-5 1.5921E-5 2.2115E-5 2.73936E-5 3.4967E-5 2.5026E-5 3.47709E-5
3.27193E-6 3.66755E-6 2.80278E-6 1.66077E-6 1.56862E-6 7.11183E-7 2.02545E-6 1.13349E-6 2.37347E-6 1.26171E-6 1.46503E-6 1.26891E-6 6.47468E-7 6.67951E-7 1.31489E-6 3.0424E-6 2.92677E-6 8.65051E-6 1.59392E-5 2.16387E-5 1.83604E-5 1.38213E-5 1.09983E-5 9.08058E-6 1.38123E-5 1.44446E-5 9.89985E-6 5.24074E-6 6.8173E-6 8.24433E-6 6.86931E-6 7.55788E-6 1.34537E-5 5.35583E-6 7.93557E-6 2.05889E-5 4.17301E-6 1.09795E-5 1.8602E-5 8.92647E-6 1.42307E-5 1.26201E-5 2.88766E-5 3.61875E-5 2.50157E-5 1.06457E-5 1.93022E-5 1.68548E-5 1.3953E-5 8.74104E-6 1.65799E-5 1.11479E-5 2.02274E-5 1.83689E-5 2.13415E-5 1.87906E-5 1.20262E-5 1.3216E-5 2.21256E-5 1.05361E-5 1.76964E-5 1.90171E-5 2.45299E-5 3.27611E-5 4.04935E-5
3.70882E-6 1.3206E-6 2.37575E-6 1.73159E-6 1.61302E-6 1.00425E-6 1.10429E-6 1.10298E-6 1.16552E-6 6.30345E-7 2.94278E-6 2.00645E-6 8.68207E-7 1.2359E-6 4.19287E-6 7.07934E-6 4.61332E-6 1.15085E-5 1.17055E-5 1.63561E-5 1.84083E-5 1.59138E-5 1.41058E-5 1.35657E-5 1.19146E-5 1.46445E-5 1.30718E-5 9.43197E-6 7.31604E-6 8.0614E-6 6.32401E-6 1.14336E-5 1.36925E-5 2.54576E-6 3.77827E-7 1.29453E-5 6.27555E-6 5.23025E-6 2.05765E-5 4.75625E-6 8.19394E-6 2.28867E-5 2.90303E-5 3.62804E-5 3.38381E-5 2.85527E-5 2.89712E-5 2.91081E-5 2.48842E-5 2.34557E-5 1.7724E-5 1.51484E-5 1.44111E-5 1.5598E-5 1.72688E-5 2.55118E-5 2.14426E-5 1.0503E-5 1.5388E-5 1.56333E-5 1.99113E-5 3.08052E-5 3.42477E-5 3.58653E-5 3.61601E-5
6.71106E-7 2.24524E-6 2.28253E-6 1.74023E-6 6.59206E-7 9.14273E-7 9.12685E-7 5.37862E-7 3.10255E-6 3.39676E-6 3.78981E-6 6.89496E-6 5.41991E-7 4.98683E-6 6.37539E-6 9.99661E-6 1.20041E-5 1.29656E-5 1.06655E-5 2.41645E-5 1.77343E-5 2.08275E-5 1.56716E-5 1.20772E-5 1.14646E-5 1.36889E-5 1.0189E-5 1.11082E-5 1.13125E-5 9.05223E-6 6.14756E-6 9.77317E-6 1.92606E-5 1.13324E-5 7.75632E-6 4.55517E-6 2.3191E-5 5.85284E-6 7.05557E-6 6.2035E-6 2.98807E-6 1.04309E-5 1.2842E-5 1.67479E-5 3.50543E-5 3.23126E-5 3.4684E-5 3.8821E-5 3.45131E-5 3.19473E-5 3.22424E-5 3.33756E-5 3.07735E-5 1.94805E-5 2.07037E-5 2.25671E-5 1.78424E-5 1.72186E-5 2.19548E-5 3.06414E-5 3.15974E-5 3.75441E-5 4.16929E-5 3.45675E-5 5.02296E-5
1.3311E-6 2.86278E-6 5.99712E-6 3.76146E-6 1.86602E-6 5.57145E-7 9.32203E-7 5.60959E-7 2.58948E-6 5.01255E-6 4.68047E-6 2.81268E-6 2.70258E-6 8.7992E-6 8.53572E-6 1.20413E-5 1.09541E-5 8.94083E-6 1.93965E-5 3.9128E-5 1.84655E-5 1.62399E-5 1.3485E-5 1.19581E-5 1.18485E-5 7.72244E-6 4.91118E-6 6.6019E-6 9.84043E-6 9.81177E-6 9.19803E-6 9.2584E-6 1.53333E-5 5.83005E-6 1.45811E-5 1.50718E-5 6.41329E-6 7.31345E-6 3.27399E-6 7.17142E-7 7.51937E-7 1.25845E-5 2.32625E-5 3.29902E-5 3.69533E-5 3.86727E-5 3.80631E-5 4.32804E-5 3.93556E-5 3.43197E-5 3.37651E-5 3.7346E-5 4.15555E-5 3.55533E-5 2.90377E-5 2.66427E-5 2.39416E-5 2.87856E-5 3.23181E-5 3.4696E-5 2.5136E-5 3.63662E-5 4.48067E-5 3.88578E-5 4.85451E-5
1.42745E-7 2.04477E-7 1.617E-6 1.10241E-5 9.37019E-6 7.34036E-6 1.30285E-6 3.55604E-6 2.51208E-6 2.95449E-6 6.4316E-6 2.11052E-6 6.66451E-6 7.99952E-6 1.03706E-5 1.44447E-5 1.38927E-5 1.59882E-5 2.12874E-5 3.3598E-5 3.17802E-5 2.17864E-5 1.79225E-5 1.0824E-5 1.14854E-5 8.90003E-6 4.73175E-6 6.44705E-6 4.25465E-6 7.08065E-6 1.40593E-5 1.81365E-5 2.17254E-5 2.14447E-5 1.96659E-5 6.81597E-6 4.34863E-6 1.66804E-6 2.46845E-6 5.15899E-6 3.27455E-6 1.29154E-5 2.3052E-5 3.10023E-5 2.07965E-5 3.92004E-5 3.88244E-5 3.85697E-5 4.32748E-5 3.87991E-5 3.55756E-5 3.73425E-5 4.10828E-5 3.83108E-5 4.00595E-5 4.01944E-5 2.48399E-5 3.24618E-5 3.45165E-5 2.34142E-5 3.42489E-5 3.55769E-5 4.33654E-5 2.52731E-5 4.79815E-5
9.36703E-8 4.94267E-7 2.99188E-6 8.48929E-6 1.52649E-5 1.34305E-5 5.76123E-6 5.10388E-6 4.04005E-6 8.24617E-6 8.99564E-6 1.03145E-5 1.1863E-5 1.16095E-5 9.45629E-6 1.4996E-5 2.79842E-5 3.07632E-5 2.13279E-5 2.88174E-5 1.36745E-5 2.8056E-5 2.15814E-5 1.57241E-5 1.34981E-5 1.24595E-5 4.68148E-6 6.00559E-6 6.1313E-6 9.68849E-6 1.5386E-5 2.14296E-5 1.93228E-5 1.36462E-5 1.40988E-5 9.886E-6 6.04368E-6 1.13682E-5 6.52576E-6 1.66792E-5 2.44666E-5 2.65841E-5 1.35948E-5 1.97939E-5 3.27764E-5 3.75836E-5 3.69267E-5 3.6638E-5 3.73952E-5 3.79379E-5 3.64319E-5 3.61979E-5 3.82645E-5 3.86226E-5 4.40594E-5 4.29794E-5 4.248E-5 4.00473E-5 4.35227E-5 4.77415E-5 2.08315E-5 2.28672E-5 2.30394E-5 3.256E-5 5.37581E-5
2.58414E-7 1.7182E-6 4.43365E-7 5.98063E-6 1.63783E-5 9.19031E-6 1.46811E-5 8.1131E-6 7.9982E-6 1.08116E-5 1.855E-5 1.20988E-5 7.19049E-6 5.92286E-6 3.52239E-6 5.0706E-6 2.24807E-5 2.76325E-5 2.22456E-5 3.08559E-5 2.1344E-5 2.37509E-5 1.2051E-5 1.03502E-5 1.67972E-5 1.39842E-5 1.71397E-5 6.05658E-6 5.76767E-6 1.383E-5 1.74945E-5 1.74263E-5 1.12042E-5 2.43289E-5 1.48102E-6 4.02727E-6 9.60393E-6 9.67766E-6 1.07938E-5 2.00073E-5 2.74502E-5 2.16391E-5 2.77597E-5 2.61926E-5 3.69388E-5 3.66554E-5 3.26501E-5 3.56877E-5 3.51533E-5 3.31751E-5 3.45019E-5 3.62579E-5 4.01013E-5 3.8611E-5 3.95472E-5 4.53049E-5 4.89096E-5 4.11251E-5 4.72549E-5 4.70582E-5 5.64995E-5 3.07034E-5 2.84545E-5 1.68676E-5 3.94086E-5
1.01599E-5 2.98771E-6 1.62897E-6 1.22655E-5 1.79754E-5 1.29753E-5 2.07672E-5 1.47716E-5 1.36316E-5 1.5586E-5 1.68167E-5 7.95956E-6 8.46309E-6 5.12112E-6 7.41364E-6 1.2858E-5 2.03979E-5 1.19586E-5 3.06208E-5 2.88596E-5 7.57181E-6 1.99249E-5 1.61387E-5 2.99357E-5 1.63441E-5 1.8037E-5 1.16534E-5 8.18547E-6 8.38321E-6 1.2561E-5 1.40019E-5 6.25504E-6 4.63383E-6 4.36469E-6 8.23877E-6 1.71605E-5 1.57778E-5 2.62885E-5 1.54846E-5 1.5289E-5 7.15341E-6 9.48966E-6 3.23583E-5 3.64327E-5 3.51261E-5 3.06228E-5 2.82778E-5 1.9848E-5 2.29761E-5 2.83846E-5 2.3783E-5 3.18253E-5 2.92617E-5 3.67644E-5 3.22859E-5 3.79094E-5 5.31536E-5 4.94161E-5 3.00547E-5 3.34454E-5 3.89516E-5 -9999 5.87316E-5 3.2968E-5 5.09482E-5
