catData/rasterBestHybridModels/Pviverrinus/RD_BM01_RM1.5_L/Pviverrinus_avg.asc
ncols         409
nrows         350
xllcorner     60.897278365
yllcorner     5.843756025
cellsize      0.0892857
NODATA_value  -9999
[rows 116 to 144 of 350, columns 264 to 329 of 409]
3.0161E-4 3.03207E-4 3.03235E-4 3.20979E-4 3.37564E-4 3.47244E-4 3.69041E-4 3.72412E-4 3.66884E-4 4.09121E-4 4.21253E-4 4.17792E-4 4.26336E-4 4.47456E-4 4.57771E-4 4.80081E-4 4.59894E-4 5.26324E-4 5.38109E-4 4.64032E-4 4.80507E-4 4.43222E-4 3.88878E-4 3.36009E-4 2.89021E-4 2.7824E-4 3.12508E-4 4.16965E-4 4.70449E-4 4.62884E-4 5.08928E-4 3.94911E-4 3.20116E-4 2.88881E-4 2.8667E-4 3.51488E-4 3.09917E-4 2.459E-4 2.92248E-4 3.39524E-4 3.41789E-4 3.64022E-4 3.35362E-4 4.30133E-4 4.25623E-4 3.64302E-4 3.77827E-4 4.52618E-4 4.39843E-4 4.23026E-4 4.45081E-4 4.23221E-4 4.1256E-4 4.44784E-4 4.4076E-4 4.31382E-4 3.74461E-4 2.11698E-4 2.08583E-4 3.08727E-4 3.99862E-4 3.84352E-4 4.00142E-4 4.04913E-4 4.18615E-4 4.39752E-4
3.2373E-4 3.19812E-4 3.07163E-4 3.07637E-4 3.18091E-4 3.24301E-4 3.50869E-4 3.99744E-4 3.96215E-4 4.33931E-4 4.29044E-4 4.33892E-4 4.36591E-4 4.30959E-4 4.83147E-4 4.81778E-4 4.72837E-4 4.9527E-4 5.05329E-4 4.84651E-4 4.8955E-4 4.72039E-4 4.42293E-4 4.61836E-4 4.51858E-4 4.40893E-4 4.61024E-4 4.80139E-4 4.73835E-4 5.45952E-4 5.24793E-4 5.25339E-4 5.10538E-4 4.60717E-4 4.27799E-4 4.21528E-4 4.10473E-4 3.88026E-4 4.14534E-4 4.02712E-4 4.35617E-4 4.40076E-4 4.19747E-4 4.82797E-4 5.13155E-4 4.5574E-4 4.06744E-4 4.09438E-4 5.3033E-4 5.01887E-4 5.18436E-4 5.33752E-4 5.1702E-4 4.70467E-4 4.97309E-4 5.13273E-4 4.99652E-4 4.96483E-4 5.78496E-4 5.38618E-4 5.85403E-4 5.92507E-4 5.79498E-4 5.48833E-4 5.15505E-4 5.38813E-4
2.97082E-4 3.13116E-4 3.3199E-4 3.44271E-4 3.47535E-4 3.45824E-4 3.39889E-4 3.8704E-4 3.8139E-4 4.26037E-4 4.25751E-4 4.18854E-4 4.32106E-4 4.33964E-4 4.73759E-4 4.55557E-4 4.6482E-4 5.16851E-4 5.30069E-4 4.6063E-4 4.89827E-4 4.90931E-4 4.69188E-4 5.00146E-4 5.04022E-4 4.90546E-4 5.03602E-4 2.74503E-4 4.57039E-4 5.4751E-4 5.41661E-4 5.30419E-4 5.01379E-4 5.48419E-4 4.95725E-4 4.51657E-4 4.47723E-4 4.57826E-4 4.70771E-4 4.55255E-4 5.07551E-4 5.18614E-4 4.51291E-4 5.01104E-4 5.348E-4 5.01817E-4 4.8359E-4 5.07287E-4 5.00354E-4 5.54161E-4 4.95804E-4 5.57088E-4 5.49282E-4 5.13609E-4 5.11062E-4 5.1663E-4 6.01442E-4 5.95795E-4 6.12417E-4 5.98288E-4 6.00132E-4 6.13483E-4 6.25612E-4 5.71535E-4 5.73828E-4 5.91296E-4
3.01432E-4 2.99591E-4 3.14781E-4 3.18249E-4 3.55183E-4 3.52211E-4 3.5747E-4 3.83082E-4 4.10245E-4 4.40291E-4 3.96894E-4 4.50087E-4 4.69347E-4 4.59404E-4 4.70895E-4 4.64084E-4 4.98739E-4 5.01145E-4 5.38748E-4 5.18681E-4 5.3143E-4 5.3425E-4 4.3902E-4 5.27799E-4 5.41832E-4 4.45123E-4 1.86546E-4 4.01025E-4 5.15913E-4 5.4051E-4 5.47962E-4 5.09245E-4 5.35847E-4 5.25832E-4 5.07224E-4 4.725E-4 4.74231E-4 4.81553E-4 4.51595E-4 4.48163E-4 5.10928E-4 5.36735E-4 5.39597E-4 4.63149E-4 5.19778E-4 5.70215E-4 5.57147E-4 5.42071E-4 3.36463E-4 5.81509E-4 5.44586E-4 5.10049E-4 5.36881E-4 5.58623E-4 5.1496E-4 5.77418E-4 6.15462E-4 6.01462E-4 6.26404E-4 6.56091E-4 6.40358E-4 6.31726E-4 6.22331E-4 6.38607E-4 6.28751E-4 6.25879E-4
3.12697E-4 3.08099E-4 3.31116E-4 3.2306E-4 3.41554E-4 3.33623E-4 3.6305E-4 3.77648E-4 4.12729E-4 4.43345E-4 4.70682E-4 4.18531E-4 4.41494E-4 4.88026E-4 4.70601E-4 4.8855E-4 4.55047E-4 4.5585E-4 5.10722E-4 5.36824E-4 5.29446E-4 5.44636E-4 5.47116E-4 5.44357E-4 3.01891E-4 2.87399E-4 4.957E-4 5.69468E-4 5.68911E-4 5.72595E-4 5.74014E-4 5.70612E-4 5.54337E-4 5.63573E-4 5.7107E-4 4.97554E-4 4.97906E-4 4.93342E-4 4.91916E-4 4.882E-4 5.30665E-4 5.6836E-4 5.7979E-4 5.69788E-4 5.77729E-4 5.80936E-4 5.70834E-4 5.75375E-4 5.79548E-4 2.74126E-4 5.57618E-4 5.67066E-4 6.10907E-4 5.80022E-4 5.90196E-4 5.61975E-4 6.15478E-4 6.25422E-4 6.39126E-4 6.45237E-4 6.46547E-4 7.08146E-4 6.78146E-4 6.34184E-4 6.56445E-4 6.79328E-4
3.08688E-4 3.04263E-4 3.06207E-4 3.24124E-4 3.09645E-4 3.28158E-4 3.4134E-4 3.74527E-4 3.97485E-4 4.12918E-4 4.54785E-4 4.43086E-4 4.0355E-4 4.52136E-4 4.75503E-4 4.93496E-4 4.6722E-4 5.27843E-4 5.30565E-4 5.48891E-4 5.46946E-4 5.2919E-4 5.39467E-4 3.96101E-4 3.09807E-4 5.60282E-4 5.7571E-4 5.69055E-4 5.7277E-4 5.8133E-4 5.80124E-4 5.75654E-4 5.56231E-4 5.70838E-4 5.96624E-4 5.18737E-4 5.12378E-4 5.14329E-4 5.04002E-4 4.9604E-4 5.25679E-4 5.78469E-4 5.80269E-4 5.97816E-4 5.91926E-4 5.839E-4 5.73044E-4 5.54077E-4 5.42334E-4 5.53182E-4 4.60334E-4 6.06701E-4 5.81581E-4 5.6912E-4 5.82457E-4 6.00132E-4 6.17942E-4 6.38908E-4 6.55823E-4 6.4173E-4 6.80155E-4 7.02522E-4 7.07727E-4 6.86403E-4 6.90009E-4 6.76064E-4
2.9104E-4 2.92188E-4 3.06573E-4 3.12855E-4 3.0951E-4 3.1405E-4 3.49287E-4 3.58358E-4 3.65343E-4 3.95489E-4 4.0946E-4 4.24078E-4 4.4385E-4 4.24168E-4 4.61492E-4 4.82925E-4 4.8194E-4 4.92572E-4 5.33918E-4 5.29656E-4 4.84634E-4 4.90038E-4 4.66591E-4 4.83311E-4 5.61041E-4 5.52088E-4 5.59583E-4 5.59693E-4 5.72758E-4 5.85777E-4 5.70274E-4 5.8311E-4 5.78778E-4 5.31298E-4 5.62434E-4 5.78738E-4 5.60295E-4 5.68688E-4 5.59294E-4 4.00947E-4 5.97278E-4 5.97422E-4 6.07065E-4 5.93491E-4 6.09818E-4 6.08934E-4 5.81702E-4 5.42467E-4 5.437E-4 5.59342E-4 6.30751E-4 5.78324E-4 5.71174E-4 5.61411E-4 6.14428E-4 6.18031E-4 6.2812E-4 6.67965E-4 7.00127E-4 6.67672E-4 6.84834E-4 7.31022E-4 7.21208E-4 6.77932E-4 7.44806E-4 6.64775E-4
2.76165E-4 2.77145E-4 2.89347E-4 3.18871E-4 3.06959E-4 3.25022E-4 3.36707E-4 3.48375E-4 3.64193E-4 3.951E-4 4.34049E-4 4.60239E-4 4.35112E-4 4.1131E-4 4.23631E-4 4.41737E-4 5.14072E-4 4.71572E-4 4.8913E-4 4.6169E-4 4.46849E-4 4.50349E-4 4.61952E-4 5.59504E-4 5.10867E-4 5.17923E-4 5.48553E-4 5.22322E-4 5.61709E-4 5.68695E-4 5.56771E-4 5.87007E-4 5.75821E-4 5.79856E-4 5.19489E-4 5.42102E-4 5.31019E-4 5.6004E-4 5.83283E-4 6.13162E-4 6.12187E-4 6.07893E-4 6.18123E-4 6.13198E-4 6.10446E-4 6.18434E-4 6.07363E-4 5.96716E-4 5.83875E-4 6.10874E-4 5.86722E-4 5.92862E-4 5.94025E-4 6.1109E-4 6.21382E-4 6.42286E-4 6.68518E-4 7.08818E-4 7.59795E-4 6.97497E-4 7.00413E-4 7.35346E-4 6.81267E-4 6.55346E-4 6.08773E-4 6.55038E-4
2.40386E-4 2.50618E-4 2.81559E-4 3.12614E-4 3.20969E-4 3.17069E-4 3.23331E-4 3.52794E-4 3.63988E-4 3.94927E-4 4.17371E-4 4.58369E-4 4.52749E-4 4.73342E-4 4.77683E-4 4.5204E-4 4.55262E-4 4.63083E-4 4.68482E-4 4.62808E-4 4.50655E-4 4.29378E-4 4.79267E-4 4.96953E-4 4.69505E-4 4.77768E-4 5.16005E-4 5.42284E-4 5.69794E-4 5.86097E-4 5.57252E-4 5.83822E-4 5.84325E-4 5.82358E-4 5.85747E-4 5.297E-4 5.5036E-4 5.59539E-4 6.13266E-4 5.97368E-4 6.00199E-4 6.11231E-4 5.98386E-4 6.1421E-4 6.27942E-4 6.2652E-4 6.4488E-4 6.32424E-4 6.47806E-4 6.73947E-4 6.44416E-4 6.20257E-4 6.1685E-4 7.19553E-4 6.82021E-4 6.88326E-4 6.67097E-4 7.56687E-4 8.02271E-4 7.11468E-4 6.95044E-4 6.49218E-4 5.68479E-4 6.93336E-4 6.92015E-4 6.1617E-4
2.02958E-4 2.3165E-4 2.66766E-4 2.94253E-4 3.10856E-4 3.17262E-4 3.24867E-4 3.29117E-4 3.30525E-4 3.82147E-4 3.96555E-4 4.2063E-4 4.4037E-4 4.55384E-4 4.36203E-4 4.26154E-4 4.54802E-4 4.29328E-4 4.26164E-4 4.77038E-4 4.36061E-4 4.32603E-4 4.91598E-4 4.6721E-4 4.47624E-4 4.84643E-4 5.50998E-4 5.53407E-4 5.63783E-4 5.7607E-4 5.7988E-4 5.84988E-4 5.75919E-4 5.66383E-4 6.02E-4 5.42932E-4 5.48527E-4 5.62733E-4 5.97645E-4 6.07523E-4 6.12638E-4 6.09967E-4 6.15731E-4 5.96108E-4 6.23814E-4 6.21178E-4 6.55325E-4 6.39456E-4 6.60112E-4 6.62277E-4 6.45044E-4 6.91812E-4 7.095E-4 6.42934E-4 6.97559E-4 7.08231E-4 7.2456E-4 6.82752E-4 8.00001E-4 7.00313E-4 6.55998E-4 5.75325E-4 6.89022E-4 6.12072E-4 5.70518E-4 4.69466E-4
2.04767E-4 2.05885E-4 1.74049E-4 2.61566E-4 2.61294E-4 2.71805E-4 2.40351E-4 2.71564E-4 3.27033E-4 3.39952E-4 3.66049E-4 3.33297E-4 3.84817E-4 4.1483E-4 4.13804E-4 4.16157E-4 4.42068E-4 4.3471E-4 4.28892E-4 4.27958E-4 4.13074E-4 4.32319E-4 4.91057E-4 4.56806E-4 4.4978E-4 5.26632E-4 5.29866E-4 5.33356E-4 5.61627E-4 5.71541E-4 5.65901E-4 5.37444E-4 5.34193E-4 5.43947E-4 5.99035E-4 5.49252E-4 5.37991E-4 5.74372E-4 5.90033E-4 5.72697E-4 6.18152E-4 6.09558E-4 6.06676E-4 5.96968E-4 6.22151E-4 6.52015E-4 6.6425E-4 6.55867E-4 6.47046E-4 6.77317E-4 7.23596E-4 7.29825E-4 7.55406E-4 7.0806E-4 7.12751E-4 7.14497E-4 7.80736E-4 7.82593E-4 7.12053E-4 6.58196E-4 6.11898E-4 5.78934E-4 5.57959E-4 4.58355E-4 4.23979E-4 3.28081E-4
1.55086E-4 1.75181E-4 2.10362E-4 2.21429E-4 2.28037E-4 2.27875E-4 2.27609E-4 2.58385E-4 3.21824E-4 3.32191E-4 3.28547E-4 3.38482E-4 3.35385E-4 3.52591E-4 3.81928E-4 3.99264E-4 4.10654E-4 4.42757E-4 4.45817E-4 4.7366E-4 4.37509E-4 4.27667E-4 4.4516E-4 4.7425E-4 4.82946E-4 5.32193E-4 5.40622E-4 5.48559E-4 5.59281E-4 5.5355E-4 5.59152E-4 5.54797E-4 5.52599E-4 5.36985E-4 5.77882E-4 5.7599E-4 5.68003E-4 5.74854E-4 6.17572E-4 6.14023E-4 6.18945E-4 6.19709E-4 6.02021E-4 6.15848E-4 6.37775E-4 6.52319E-4 6.57296E-4 6.46936E-4 6.26791E-4 6.85018E-4 6.98299E-4 7.324E-4 7.55469E-4 7.42018E-4 7.90728E-4 7.97285E-4 7.26729E-4 8.21985E-4 7.23779E-4 6.81374E-4 3.76247E-4 6.68372E-4 5.61814E-4 3.21245E-4 2.68806E-4 1.77632E-4
1.42689E-4 1.53322E-4 1.52466E-4 1.6729E-4 2.00042E-4 2.32824E-4 1.94832E-4 2.2184E-4 2.61112E-4 2.50692E-4 2.72784E-4 2.41269E-4 2.50659E-4 2.92919E-4 3.25491E-4 3.48317E-4 3.27854E-4 3.38224E-4 3.7319E-4 3.79653E-4 3.86968E-4 4.21566E-4 4.1419E-4 4.15502E-4 4.67969E-4 5.17565E-4 5.19881E-4 5.44125E-4 5.33093E-4 5.49693E-4 5.56823E-4 5.63875E-4 5.75864E-4 5.57917E-4 5.55485E-4 5.91021E-4 5.84646E-4 5.8394E-4 6.04487E-4 6.15303E-4 6.0386E-4 5.80081E-4 5.93411E-4 6.19534E-4 6.59131E-4 6.34892E-4 6.34933E-4 6.68582E-4 6.56197E-4 6.52005E-4 6.85947E-4 7.13952E-4 7.43364E-4 7.38696E-4 7.73554E-4 8.04397E-4 7.46686E-4 7.82147E-4 7.16864E-4 6.73608E-4 8.50812E-4 6.89629E-4 5.01978E-4 2.18207E-4 1.47238E-4 8.80832E-5
1.39936E-4 1.50524E-4 1.60931E-4 1.35945E-4 1.85163E-4 2.04353E-4 2.15411E-4 2.41314E-4 2.85822E-4 2.08414E-4 1.97604E-4 2.05784E-4 2.30345E-4 2.55507E-4 2.10181E-4 2.75878E-4 2.79164E-4 2.68886E-4 3.0459E-4 3.22671E-4 3.375E-4 3.57321E-4 3.41146E-4 3.70863E-4 4.09795E-4 4.26031E-4 4.55394E-4 4.85411E-4 4.89823E-4 4.95085E-4 5.09885E-4 5.43418E-4 5.39379E-4 5.41485E-4 5.32767E-4 5.99415E-4 5.84871E-4 5.88743E-4 6.11104E-4 6.31444E-4 6.01884E-4 6.17873E-4 6.24308E-4 6.44225E-4 6.51585E-4 6.52139E-4 6.63497E-4 6.68649E-4 6.5551E-4 6.86857E-4 6.6631E-4 7.11758E-4 7.43232E-4 7.38709E-4 7.8218E-4 7.98573E-4 8.04459E-4 7.52111E-4 6.78217E-4 3.35127E-4 7.68624E-4 6.05339E-4 5.55627E-4 3.42531E-4 1.49491E-4 4.65837E-5
1.37541E-4 1.45699E-4 1.43384E-4 1.45399E-4 1.7528E-4 1.6599E-4 1.6409E-4 1.86482E-4 1.76057E-4 1.9761E-4 1.99537E-4 1.82434E-4 2.21932E-4 2.21463E-4 2.21722E-4 2.04826E-4 2.24741E-4 2.14354E-4 2.39095E-4 2.68905E-4 2.82208E-4 2.85839E-4 2.85914E-4 3.13991E-4 3.84047E-4 3.31669E-4 4.1376E-4 4.33913E-4 4.40981E-4 2.93063E-4 3.08623E-4 3.89012E-4 3.84418E-4 4.27943E-4 4.91427E-4 5.45531E-4 5.2802E-4 5.4442E-4 6.06039E-4 6.38909E-4 5.9035E-4 6.03281E-4 6.22114E-4 6.41612E-4 6.43982E-4 6.58691E-4 6.08201E-4 6.38655E-4 6.69146E-4 6.75593E-4 6.83452E-4 7.23036E-4 7.22749E-4 7.43995E-4 7.58586E-4 7.94233E-4 8.09584E-4 8.04516E-4 6.75752E-4 6.61998E-4 6.3506E-4 5.72833E-4 4.9747E-4 4.84159E-4 2.80317E-4 7.21666E-5
1.33107E-4 1.37919E-4 1.3764E-4 1.44125E-4 1.51254E-4 1.44446E-4 1.60494E-4 1.81222E-4 1.81939E-4 1.9058E-4 2.02916E-4 2.00247E-4 1.99792E-4 2.02745E-4 1.86788E-4 1.75363E-4 1.76855E-4 1.9981E-4 2.3052E-4 2.3203E-4 2.0176E-4 1.62028E-4 1.56844E-4 2.65987E-4 3.26417E-4 3.69213E-4 3.27965E-4 3.55319E-4 4.16462E-4 4.37739E-4 4.05452E-4 3.39323E-4 2.78764E-4 3.85692E-4 4.18888E-4 3.25132E-4 4.72324E-4 3.71611E-4 5.97469E-4 5.95327E-4 6.1479E-4 5.8949E-4 5.98454E-4 6.19837E-4 6.16022E-4 6.47644E-4 6.55841E-4 6.34549E-4 6.69568E-4 7.00069E-4 6.8865E-4 7.32127E-4 7.03604E-4 7.31205E-4 7.24437E-4 7.89204E-4 8.0431E-4 7.65938E-4 6.80655E-4 7.8514E-4 5.99619E-4 5.63447E-4 5.3292E-4 5.10432E-4 5.12821E-4 4.48471E-4
1.27095E-4 1.26864E-4 1.25934E-4 1.37725E-4 1.44453E-4 1.44364E-4 1.50444E-4 1.72336E-4 1.76969E-4 1.77702E-4 1.87673E-4 1.93918E-4 2.05105E-4 1.89894E-4 1.79001E-4 1.07348E-4 1.54994E-4 1.64398E-4 1.86824E-4 1.98964E-4 2.20089E-4 1.8453E-4 2.21855E-4 1.79192E-4 1.8601E-4 2.87333E-4 2.87968E-4 1.72789E-4 3.1088E-4 2.11893E-4 3.30947E-4 3.77505E-4 4.03049E-4 4.13328E-4 3.98089E-4 1.85507E-4 2.98936E-4 3.52081E-4 3.16867E-4 5.92778E-4 5.60922E-4 5.6944E-4 5.76459E-4 5.98959E-4 5.98722E-4 6.57051E-4 6.57324E-4 6.53954E-4 6.74478E-4 6.73786E-4 7.04978E-4 7.41526E-4 7.46883E-4 7.25486E-4 7.66021E-4 8.00759E-4 8.09803E-4 7.22415E-4 6.72977E-4 8.04704E-4 7.52193E-4 7.00927E-4 6.27481E-4 5.90352E-4 5.84444E-4 5.48897E-4
1.10106E-4 1.24172E-4 1.33005E-4 1.37708E-4 1.37492E-4 1.43956E-4 1.49442E-4 1.56262E-4 1.62775E-4 1.53121E-4 1.7032E-4 1.50354E-4 1.94432E-4 1.78956E-4 1.7063E-4 1.7676E-4 1.62841E-4 1.76725E-4 1.85054E-4 1.79482E-4 1.52762E-4 1.60522E-4 1.80211E-4 2.50119E-4 2.39634E-4 2.3157E-4 1.73947E-4 3.06445E-4 3.15435E-4 3.12495E-4 3.45698E-4 3.63523E-4 3.70035E-4 3.64058E-4 3.04208E-4 2.9692E-4 3.19426E-4 2.86905E-4 3.0484E-4 5.3561E-4 5.57771E-4 5.48609E-4 5.62257E-4 5.73315E-4 6.13627E-4 6.02724E-4 6.41008E-4 6.48124E-4 6.6208E-4 6.87104E-4 7.18476E-4 7.25895E-4 7.48455E-4 7.64353E-4 7.54897E-4 7.69414E-4 7.994E-4 7.42029E-4 6.95569E-4 7.7975E-4 7.97785E-4 8.01927E-4 7.68887E-4 7.43138E-4 7.41869E-4 6.98794E-4
1.20705E-4 1.21002E-4 1.17889E-4 1.19667E-4 1.281E-4 1.29082E-4 1.43594E-4 1.47761E-4 1.54459E-4 1.53924E-4 1.60116E-4 1.56233E-4 1.62174E-4 1.72419E-4 1.56128E-4 1.63068E-4 1.59653E-4 1.77376E-4 1.71694E-4 1.564E-4 1.19152E-4 1.2807E-4 1.86708E-4 2.44169E-4 2.54338E-4 2.57869E-4 2.72394E-4 2.78254E-4 3.09646E-4 3.32044E-4 3.05507E-4 3.17248E-4 2.90254E-4 2.9945E-4 2.80686E-4 3.24981E-4 3.72468E-4 3.56459E-4 4.28025E-4 5.58913E-4 5.34207E-4 5.3831E-4 5.07928E-4 5.71685E-4 5.55338E-4 5.61697E-4 6.0176E-4 6.52315E-4 6.99629E-4 7.00911E-4 7.2275E-4 7.43162E-4 7.50713E-4 7.65178E-4 7.78684E-4 7.84597E-4 7.81592E-4 7.14665E-4 6.99304E-4 8.22822E-4 7.96207E-4 7.51095E-4 8.54835E-4 8.35599E-4 8.12824E-4 8.19358E-4
1.21813E-4 1.23642E-4 1.2899E-4 1.2656E-4 1.19298E-4 1.23476E-4 1.24324E-4 1.40129E-4 1.41949E-4 1.37096E-4 1.3332E-4 1.45392E-4 1.54203E-4 1.54573E-4 1.53194E-4 1.49584E-4 1.52643E-4 1.66737E-4 1.67547E-4 1.43819E-4 1.03203E-4 1.33148E-4 1.43779E-4 1.84514E-4 2.07459E-4 2.1489E-4 2.25994E-4 2.40732E-4 2.56805E-4 2.70693E-4 2.62144E-4 2.73883E-4 2.33514E-4 2.28169E-4 2.67522E-4 2.89386E-4 3.58503E-4 3.99449E-4 4.92116E-4 5.49284E-4 5.6612E-4 5.13954E-4 5.17527E-4 5.15029E-4 5.1893E-4 5.23845E-4 6.46462E-4 6.80336E-4 7.01463E-4 6.94388E-4 7.19581E-4 7.03048E-4 7.43629E-4 7.57639E-4 7.66678E-4 7.8788E-4 7.85534E-4 4.46006E-4 4.814E-4 8.35605E-4 8.0223E-4 6.7325E-4 8.18728E-4 8.46528E-4 8.68181E-4 8.63496E-4
1.22241E-4 1.25484E-4 1.12072E-4 1.11227E-4 1.14657E-4 1.22069E-4 1.2871E-4 1.29781E-4 1.29098E-4 1.19758E-4 1.3325E-4 1.3611E-4 1.39034E-4 1.3856E-4 1.41112E-4 1.4044E-4 1.27716E-4 1.30635E-4 1.19385E-4 1.42121E-4 1.11114E-4 3.51386E-5 8.29569E-5 1.34983E-4 1.25954E-4 1.38378E-4 1.60988E-4 1.9896E-4 2.31082E-4 2.43949E-4 2.34106E-4 2.36294E-4 2.34047E-4 1.68322E-4 2.96831E-4 2.9398E-4 3.30425E-4 4.43562E-4 3.92519E-4 5.05529E-4 5.47698E-4 5.7049E-4 5.35037E-4 5.01905E-4 4.70889E-4 5.25334E-4 6.42636E-4 6.53649E-4 7.02899E-4 6.70673E-4 6.70738E-4 7.34938E-4 7.44683E-4 7.48613E-4 7.14147E-4 7.73918E-4 7.8965E-4 5.43617E-4 2.76302E-4 8.29899E-4 8.27747E-4 8.01207E-4 7.1195E-4 8.39342E-4 8.46756E-4 8.67386E-4
1.14173E-4 4.92809E-5 8.56479E-5 1.09998E-4 1.09932E-4 1.08529E-4 1.19976E-4 1.16199E-4 1.11454E-4 1.14405E-4 1.30598E-4 1.27739E-4 1.19998E-4 1.2E-4 7.91212E-5 1.02426E-4 9.98327E-5 9.27262E-5 8.88802E-5 9.86235E-5 1.04846E-4 5.81706E-5 4.06456E-5 8.84178E-5 5.2004E-5 3.29688E-5 7.94585E-5 1.65714E-4 2.00181E-4 2.09604E-4 2.02405E-4 2.01992E-4 1.92565E-4 1.86433E-4 2.70552E-4 2.4775E-4 3.53255E-4 4.16682E-4 4.21266E-4 5.22093E-4 5.26912E-4 5.66436E-4 5.33889E-4 5.10882E-4 4.70872E-4 5.04292E-4 6.27418E-4 6.57489E-4 6.7764E-4 6.62015E-4 6.8413E-4 7.40809E-4 7.4732E-4 7.49908E-4 7.59021E-4 7.79592E-4 7.79233E-4 7.14305E-4 1.58688E-4 8.27342E-4 8.31041E-4 8.50953E-4 8.48031E-4 8.5632E-4 8.51811E-4 8.60004E-4
7.36079E-5 8.75494E-5 8.0883E-5 1.06046E-4 1.03715E-4 1.12175E-4 1.1139E-4 1.07972E-4 1.11096E-4 1.10059E-4 1.19423E-4 1.22879E-4 9.89426E-5 7.86335E-5 7.58884E-5 7.32138E-5 7.19454E-5 5.98197E-5 7.28217E-5 6.34266E-5 5.51821E-5 4.36047E-5 9.13064E-5 4.12763E-5 5.20368E-5 5.84142E-5 9.18187E-5 1.2471E-4 1.40363E-4 1.57417E-4 1.46002E-4 1.51543E-4 1.87059E-4 1.67062E-4 1.75401E-4 2.70914E-4 3.28998E-4 3.78362E-4 3.43994E-4 4.88636E-4 5.48711E-4 5.45419E-4 5.49962E-4 4.97909E-4 4.72569E-4 5.30484E-4 5.96094E-4 6.51738E-4 6.37504E-4 6.40067E-4 6.17066E-4 7.23184E-4 7.44454E-4 7.52272E-4 7.79625E-4 7.82526E-4 7.89656E-4 7.85872E-4 4.01346E-4 6.31543E-4 8.44984E-4 8.42501E-4 7.54987E-4 8.1882E-4 8.32933E-4 7.98247E-4
9.0921E-5 8.54623E-5 9.08699E-5 1.03225E-4 9.6277E-5 1.02185E-4 1.05434E-4 1.07467E-4 1.02494E-4 8.88831E-5 7.64379E-5 9.29759E-5 6.96787E-5 5.78897E-5 5.69633E-5 3.19298E-5 2.93527E-5 1.46312E-5 1.13623E-5 2.22907E-5 2.8746E-5 5.03907E-5 9.82293E-6 9.47125E-6 2.89435E-5 2.38235E-5 4.94616E-5 1.02197E-4 1.11337E-4 1.30332E-4 1.35994E-4 1.40662E-4 1.5897E-4 1.09172E-4 1.92084E-4 2.82057E-4 3.00587E-4 3.39897E-4 2.39615E-4 4.06191E-4 3.72099E-4 4.16794E-4 5.16112E-4 4.79645E-4 4.96149E-4 5.37386E-4 5.71883E-4 5.71223E-4 5.88414E-4 6.12928E-4 6.11129E-4 6.66546E-4 7.14745E-4 7.52875E-4 7.64133E-4 7.5534E-4 7.86414E-4 8.02104E-4 5.34941E-4 4.66359E-4 8.45756E-4 8.5736E-4 7.94513E-4 7.92481E-4 7.62234E-4 7.50517E-4
4.96224E-5 6.96325E-5 7.85246E-5 8.72241E-5 1.00509E-4 9.40716E-5 9.59886E-5 8.74804E-5 8.80408E-5 6.94681E-5 5.79952E-5 5.78887E-5 5.259E-5 3.77392E-5 5.07226E-5 5.13357E-5 2.00183E-5 2.30046E-5 1.71626E-5 1.79397E-5 9.4111E-6 3.24775E-5 1.25369E-5 1.73946E-5 6.8113E-5 7.48608E-5 8.16715E-5 8.9066E-5 1.07305E-4 1.21206E-4 1.2456E-4 1.45803E-4 1.77887E-4 1.86568E-4 2.31028E-4 2.71573E-4 2.80478E-4 3.40266E-4 2.35665E-4 2.74022E-4 2.25875E-4 2.83056E-4 4.33099E-4 4.77601E-4 4.88789E-4 5.48711E-4 5.71852E-4 6.17644E-4 6.23083E-4 6.0673E-4 6.45747E-4 6.29489E-4 6.56215E-4 7.30124E-4 7.58107E-4 7.45846E-4 7.80685E-4 8.25654E-4 6.03019E-4 3.20928E-4 8.06329E-4 8.57293E-4 7.89853E-4 7.56743E-4 8.18632E-4 8.34644E-4
5.75733E-5 7.57647E-5 7.6412E-5 6.74235E-5 5.80492E-5 7.68139E-5 8.33334E-5 7.01308E-5 5.25537E-5 4.5191E-5 2.19928E-5 2.24195E-5 1.00525E-5 2.16091E-6 5.32256E-6 6.07352E-6 4.28594E-6 2.96738E-6 9.33996E-7 9.6964E-6 8.02111E-7 1.78587E-6 7.96785E-6 3.27819E-5 6.9507E-5 5.28281E-5 7.98978E-5 8.31894E-5 9.95069E-5 1.19133E-4 1.33437E-4 1.38414E-4 1.56337E-4 1.48104E-4 2.06609E-4 2.73052E-4 3.11325E-4 3.78139E-4 4.27391E-4 4.21237E-4 3.75486E-4 3.72638E-4 4.0935E-4 4.64624E-4 5.25795E-4 5.67253E-4 5.91709E-4 6.0958E-4 6.1176E-4 6.91501E-4 7.00339E-4 6.29182E-4 6.34448E-4 6.86275E-4 6.69446E-4 7.4866E-4 7.79228E-4 7.80472E-4 7.69144E-4 3.30074E-4 7.50706E-4 8.35411E-4 7.48923E-4 7.62977E-4 8.31109E-4 8.68622E-4
4.84263E-5 3.31419E-5 6.0741E-5 7.17018E-5 6.29459E-5 4.5335E-5 4.5504E-5 3.35256E-5 1.53817E-5 1.60492E-6 9.18483E-7 2.76972E-7 6.51782E-7 2.05561E-6 4.15276E-7 8.51247E-7 9.41334E-7 2.6731E-7 4.77023E-7 1.18048E-6 9.8568E-7 1.55885E-5 4.5367E-6 1.40389E-5 1.21563E-5 5.91611E-5 8.78529E-5 8.43543E-5 9.53194E-5 1.14822E-4 1.33157E-4 1.4153E-4 1.54303E-4 1.7169E-4 2.05301E-4 2.6181E-4 2.8331E-4 3.51071E-4 4.13477E-4 4.35479E-4 4.22693E-4 4.19835E-4 4.9285E-4 4.54895E-4 4.52271E-4 4.67931E-4 4.1709E-4 6.42019E-4 6.76047E-4 6.99018E-4 7.02966E-4 7.24068E-4 6.64247E-4 6.30601E-4 5.81021E-4 6.91697E-4 7.86932E-4 7.95771E-4 7.98332E-4 3.61958E-4 8.37326E-4 8.48283E-4 8.50821E-4 7.47859E-4 8.02301E-4 8.3159E-4
3.84794E-5 4.61193E-5 4.05562E-5 5.10977E-5 3.92161E-5 1.40461E-5 6.27906E-6 1.52916E-5 2.19761E-6 2.46386E-6 1.62184E-6 8.04746E-6 1.28688E-5 2.8072E-6 4.02437E-6 6.69423E-7 5.42561E-7 8.01903E-7 7.28471E-7 5.92426E-7 7.04413E-7 1.2555E-5 2.19504E-5 3.12484E-5 3.61251E-5 7.85783E-5 9.87369E-5 8.95439E-5 9.86791E-5 1.14853E-4 1.48945E-4 1.68008E-4 1.76336E-4 1.91655E-4 2.0035E-4 2.58869E-4 3.15672E-4 3.55379E-4 4.15657E-4 4.46728E-4 4.49964E-4 4.47825E-4 4.52231E-4 4.72524E-4 4.55107E-4 4.72341E-4 5.15399E-4 5.17196E-4 6.63964E-4 6.91763E-4 7.01819E-4 7.15943E-4 6.65155E-4 6.31572E-4 5.56628E-4 6.69935E-4 7.71341E-4 8.05039E-4 7.37169E-4 7.0992E-4 8.48606E-4 8.42115E-4 8.55791E-4 7.80472E-4 7.46258E-4 8.35826E-4
3.03535E-5 2.15992E-5 2.84868E-5 3.40901E-5 1.8139E-5 7.07502E-6 5.43243E-6 1.05467E-5 1.59164E-5 1.38086E-5 2.1955E-5 1.69614E-5 5.62993E-6 4.45178E-6 6.36452E-6 1.62078E-6 3.82101E-6 1.37272E-6 2.21721E-6 1.08739E-5 5.51529E-6 7.71618E-6 3.37148E-5 6.38232E-5 2.51737E-5 4.73241E-5 9.59546E-5 9.19156E-5 9.83421E-5 1.16397E-4 1.39288E-4 1.73269E-4 1.85556E-4 2.12935E-4 1.99578E-4 2.68806E-4 3.05412E-4 3.41946E-4 4.10127E-4 4.19748E-4 4.17387E-4 4.36314E-4 4.75432E-4 5.02233E-4 5.16508E-4 5.55831E-4 5.82455E-4 4.42571E-4 3.91098E-4 6.09463E-4 5.78701E-4 6.76992E-4 6.59008E-4 6.67116E-4 6.31073E-4 6.47318E-4 7.42029E-4 8.10134E-4 6.52019E-4 4.0051E-4 8.16814E-4 8.55274E-4 8.40847E-4 7.97547E-4 7.49832E-4 7.9189E-4
