catData/rasterBestHybridModels/Pviverrinus/RD_BM01_RM1.5_L/Pviverrinus_min.asc
ncols         409
nrows         350
xllcorner     60.897278365
yllcorner     5.843756025
cellsize      0.0892857
NODATA_value  -9999
[rows 145 to 173 of 350, columns 66 to 131 of 409]
-9999 -9999 -9999 -9999 -9999 -9999 -9999 3.14629E-4 2.89513E-4 1.98279E-4 2.04684E-4 2.29844E-4 1.94112E-4 2.07254E-4 2.29583E-4 2.34284E-4 2.15538E-4 2.212E-4 2.28566E-4 2.48884E-4 2.70063E-4 -9999 -9999 -9999 -9999 -9999 2.07431E-4 1.78568E-4 1.46949E-4 1.2734E-4 1.1764E-4 1.11309E-4 1.08768E-4 1.09223E-4 1.10853E-4 1.1401E-4 -9999 -9999 -9999 -9999 -9999 -9999 -9999 -9999 -9999 -9999 -9999 -9999 -9999 -9999 7.68278E-5 7.25283E-5 5.51229E-5 7.17048E-5 7.42135E-5 7.73596E-5 7.87228E-5 7.56435E-5 7.03246E-5 6.67324E-5 6.25698E-5 5.20929E-5 3.82268E-5 4.74534E-5 4.52711E-5 4.08605E-5
-9999 -9999 -9999 -9999 -9999 -9999 -9999 2.99278E-4 2.51281E-4 2.125E-4 2.11747E-4 1.75911E-4 2.21114E-4 2.36444E-4 2.62157E-4 2.72245E-4 2.56006E-4 2.56325E-4 -9999 -9999 -9999 2.47824E-4 -9999 -9999 -9999 -9999 -9999 2.05283E-4 1.73672E-4 1.47858E-4 1.33103E-4 1.22215E-4 1.12514E-4 1.04757E-4 1.16132E-4 1.28321E-4 -9999 -9999 -9999 -9999 -9999 -9999 -9999 -9999 -9999 -9999 -9999 -9999 -9999 -9999 7.80523E-5 7.38385E-5 7.04885E-5 7.03028E-5 6.97133E-5 7.20565E-5 7.54646E-5 5.83358E-5 6.69801E-5 6.25856E-5 5.33881E-5 5.00832E-5 4.83577E-5 4.43464E-5 3.12144E-5 4.06562E-5
-9999 -9999 -9999 -9999 -9999 -9999 -9999 -9999 -9999 -9999 1.97446E-4 1.59131E-4 2.27732E-4 2.3935E-4 -9999 2.68814E-4 2.73386E-4 2.75624E-4 2.8309E-4 2.89405E-4 2.7066E-4 2.46776E-4 -9999 -9999 -9999 -9999 -9999 -9999 -9999 -9999 -9999 -9999 1.22258E-4 8.61163E-5 8.79129E-5 1.22618E-4 -9999 1.30451E-4 1.24016E-4 1.15272E-4 1.20501E-4 1.28676E-4 1.18554E-4 1.02048E-4 9.59461E-5 9.29261E-5 -9999 -9999 8.32666E-5 7.84983E-5 7.77411E-5 7.48961E-5 7.26747E-5 7.04819E-5 6.8666E-5 7.10221E-5 6.45621E-5 5.59806E-5 6.89802E-5 6.57603E-5 5.33882E-5 5.25661E-5 4.59499E-5 5.23485E-5 4.83574E-5 4.60624E-5
-9999 -9999 -9999 -9999 -9999 -9999 -9999 -9999 -9999 -9999 -9999 -9999 -9999 1.93076E-4 2.69499E-4 2.69476E-4 -9999 2.84783E-4 -9999 2.85439E-4 -9999 2.35353E-4 2.0794E-4 1.83433E-4 -9999 -9999 1.72527E-4 1.56326E-4 -9999 1.48889E-4 1.41101E-4 1.3789E-4 1.17058E-4 8.95742E-5 8.1706E-5 1.18071E-4 -9999 1.32209E-4 1.17815E-4 1.04193E-4 1.16146E-4 -9999 1.15102E-4 9.58618E-5 9.24117E-5 9.18541E-5 9.31797E-5 8.88211E-5 8.11524E-5 7.72591E-5 7.85386E-5 7.64371E-5 7.47931E-5 7.2639E-5 7.11886E-5 7.06647E-5 6.12007E-5 5.63976E-5 3.02086E-5 6.63571E-5 3.92963E-5 3.78593E-5 4.36356E-5 5.00484E-5 5.10568E-5 4.55383E-5
-9999 -9999 -9999 -9999 -9999 -9999 -9999 -9999 -9999 -9999 -9999 -9999 -9999 -9999 -9999 -9999 2.8292E-4 2.83626E-4 -9999 -9999 2.1377E-4 1.88569E-4 1.65287E-4 1.48525E-4 1.49319E-4 1.5414E-4 1.47979E-4 1.3708E-4 1.29126E-4 1.20083E-4 1.10805E-4 1.0934E-4 1.09876E-4 1.04992E-4 1.08487E-4 1.37379E-4 -9999 -9999 -9999 1.35836E-4 1.39845E-4 1.36815E-4 1.16918E-4 1.04432E-4 9.99879E-5 9.66707E-5 9.39037E-5 9.03197E-5 8.63496E-5 8.41913E-5 8.20334E-5 7.80754E-5 7.77174E-5 7.6071E-5 7.35848E-5 7.10456E-5 1.96679E-5 1.04991E-5 5.56661E-5 5.4528E-5 5.97885E-5 3.87221E-5 1.74076E-5 3.1237E-5 5.20709E-5 5.54195E-5
-9999 -9999 -9999 -9999 -9999 -9999 -9999 -9999 -9999 -9999 -9999 -9999 -9999 -9999 -9999 -9999 -9999 2.83367E-4 -9999 2.22823E-4 1.91027E-4 1.59464E-4 1.40204E-4 1.25179E-4 1.21664E-4 1.30871E-4 1.37452E-4 1.35573E-4 1.27599E-4 1.16881E-4 1.09447E-4 1.10837E-4 1.13924E-4 1.16654E-4 1.19298E-4 -9999 -9999 -9999 -9999 -9999 -9999 1.25543E-4 1.10442E-4 1.01944E-4 9.74491E-5 9.19739E-5 9.11975E-5 9.19736E-5 9.08648E-5 8.99095E-5 8.48817E-5 8.04063E-5 7.95107E-5 7.79799E-5 7.43857E-5 7.14006E-5 7.02112E-5 1.72191E-6 1.07897E-6 5.28E-5 4.13147E-5 5.94041E-5 5.42969E-5 4.50974E-5 6.35074E-5 6.30114E-5
-9999 -9999 -9999 -9999 -9999 -9999 -9999 -9999 -9999 -9999 -9999 -9999 -9999 -9999 -9999 -9999 -9999 -9999 -9999 2.234E-4 1.7095E-4 1.38064E-4 1.2594E-4 1.19188E-4 1.1599E-4 1.21967E-4 1.26481E-4 1.29708E-4 1.26256E-4 1.18671E-4 1.15819E-4 1.19025E-4 1.2103E-4 1.23416E-4 1.21505E-4 1.28165E-4 1.40575E-4 -9999 -9999 1.31522E-4 1.19457E-4 1.05502E-4 9.74963E-5 9.16219E-5 8.77359E-5 8.70115E-5 9.06331E-5 9.43233E-5 9.49083E-5 -9999 -9999 8.37236E-5 8.17406E-5 7.98497E-5 7.61888E-5 7.3439E-5 7.21618E-5 6.7314E-5 3.77568E-5 1.49303E-5 4.24921E-5 2.62382E-5 5.74827E-5 6.53079E-5 7.41564E-5 7.72567E-5
-9999 -9999 -9999 -9999 -9999 -9999 -9999 -9999 -9999 -9999 -9999 -9999 -9999 -9999 -9999 -9999 -9999 -9999 -9999 2.40234E-4 1.86801E-4 1.60721E-4 1.53427E-4 1.47732E-4 1.27676E-4 1.1575E-4 1.16891E-4 1.15392E-4 1.09543E-4 1.0699E-4 1.11526E-4 1.1989E-4 1.241E-4 1.28137E-4 1.2467E-4 1.23235E-4 1.26643E-4 1.275E-4 1.28292E-4 1.24325E-4 1.06604E-4 8.8489E-5 8.10445E-5 8.39627E-5 8.98785E-5 9.71878E-5 1.00371E-4 9.98619E-5 9.93842E-5 9.52451E-5 9.12123E-5 -9999 8.49611E-5 8.19068E-5 7.82367E-5 7.6099E-5 7.53011E-5 8.44783E-7 7.248E-6 2.04102E-6 9.2053E-6 6.93871E-5 6.84756E-5 6.78835E-5 7.50522E-5 8.65058E-5
-9999 -9999 -9999 -9999 -9999 -9999 -9999 -9999 -9999 -9999 -9999 -9999 -9999 -9999 -9999 -9999 -9999 -9999 -9999 -9999 2.29607E-4 2.01815E-4 1.89817E-4 1.6778E-4 1.42882E-4 1.21745E-4 1.08473E-4 1.04106E-4 9.91214E-5 9.78906E-5 9.2943E-5 1.02007E-4 1.13812E-4 1.04156E-4 1.08848E-4 1.12384E-4 1.2076E-4 1.24718E-4 1.27297E-4 1.24825E-4 1.13081E-4 1.02373E-4 9.82128E-5 1.00668E-4 1.07362E-4 1.12381E-4 1.11035E-4 -9999 1.01491E-4 -9999 9.46783E-5 -9999 -9999 8.28316E-5 7.91666E-5 7.64975E-5 4.65346E-5 2.17602E-8 2.16405E-7 2.81609E-5 6.4295E-5 7.35364E-5 7.18836E-5 7.09218E-5 8.63622E-5 9.35799E-5
-9999 -9999 -9999 -9999 -9999 -9999 -9999 -9999 -9999 -9999 -9999 -9999 -9999 -9999 -9999 -9999 -9999 -9999 -9999 -9999 -9999 2.50647E-4 2.09767E-4 1.77454E-4 1.52667E-4 1.26641E-4 1.01231E-4 9.01637E-5 9.33897E-5 9.18658E-5 8.90374E-5 9.48609E-5 1.06383E-4 1.01809E-4 9.64654E-5 1.03802E-4 1.13702E-4 1.18725E-4 1.17249E-4 1.24618E-4 1.32373E-4 1.29146E-4 1.26825E-4 1.32418E-4 1.40929E-4 1.40473E-4 -9999 1.14171E-4 1.0642E-4 -9999 -9999 -9999 -9999 5.07865E-5 7.09168E-5 5.61785E-5 1.64969E-5 1.44014E-7 1.62561E-6 2.54453E-5 2.95384E-5 7.85307E-5 7.6784E-5 7.58009E-5 7.92975E-5 8.64195E-5
-9999 -9999 -9999 -9999 -9999 -9999 -9999 -9999 -9999 -9999 -9999 -9999 -9999 -9999 -9999 -9999 -9999 -9999 -9999 -9999 2.89217E-4 2.44514E-4 2.11387E-4 1.83763E-4 1.59671E-4 1.38821E-4 1.1618E-4 9.68996E-5 8.96314E-5 8.60123E-5 8.6943E-5 9.18071E-5 9.44887E-5 9.18779E-5 9.53709E-5 1.06628E-4 1.12106E-4 1.23787E-4 1.48853E-4 2.00328E-4 2.21193E-4 2.05833E-4 1.97259E-4 2.08203E-4 2.22131E-4 1.99793E-4 1.51303E-4 1.25983E-4 4.85975E-5 1.00566E-4 9.50946E-5 -9999 -9999 -9999 5.50562E-5 1.99225E-6 8.11237E-6 1.24108E-6 6.74136E-8 1.72415E-7 6.80175E-6 5.88475E-5 7.71154E-5 8.93734E-5 7.66635E-5 8.43637E-5
-9999 -9999 -9999 -9999 -9999 -9999 -9999 -9999 -9999 -9999 -9999 -9999 -9999 -9999 -9999 -9999 -9999 -9999 -9999 -9999 -9999 -9999 2.39866E-4 2.06655E-4 1.80086E-4 1.54784E-4 1.2816E-4 1.11359E-4 1.0707E-4 1.02215E-4 9.30702E-5 9.0812E-5 9.43783E-5 9.72135E-5 1.04521E-4 1.15492E-4 1.24353E-4 1.47485E-4 2.1386E-4 2.60045E-4 2.72423E-4 2.79162E-4 2.58466E-4 2.12174E-4 6.88513E-5 5.21995E-5 1.3626E-6 4.94961E-7 1.17255E-6 1.98543E-6 9.01142E-6 2.11768E-5 2.71125E-5 3.15504E-6 1.66901E-5 5.72044E-6 6.91731E-7 2.07049E-8 1.31943E-6 1.81471E-6 4.54453E-5 1.25194E-5 9.6995E-7 6.14206E-6 8.00602E-5 8.68804E-5
-9999 -9999 -9999 -9999 -9999 -9999 -9999 -9999 -9999 -9999 -9999 -9999 -9999 -9999 -9999 -9999 -9999 -9999 -9999 -9999 -9999 -9999 -9999 2.30028E-4 2.13328E-4 1.96228E-4 1.65706E-4 1.43032E-4 1.32016E-4 1.24947E-4 1.16477E-4 1.13968E-4 1.15513E-4 1.1598E-4 1.24639E-4 1.31374E-4 1.48738E-4 1.97789E-4 2.51021E-4 2.48927E-4 2.70031E-4 2.80897E-4 1.83454E-4 9.32571E-7 9.44698E-6 7.57728E-7 2.17933E-7 9.94329E-6 8.30035E-5 4.21248E-5 3.87586E-5 2.73903E-6 2.62403E-5 3.5622E-5 1.21647E-5 4.82351E-5 9.29825E-6 4.76227E-7 3.04877E-7 1.03142E-5 8.78823E-5 1.05931E-5 4.94432E-6 6.44269E-5 1.17353E-4 1.17537E-4
-9999 -9999 -9999 -9999 -9999 -9999 -9999 -9999 -9999 -9999 -9999 -9999 -9999 -9999 -9999 -9999 -9999 -9999 -9999 -9999 -9999 -9999 -9999 -9999 -9999 2.30658E-4 2.04059E-4 1.88085E-4 1.75102E-4 1.61255E-4 1.50236E-4 1.46867E-4 1.47573E-4 1.51088E-4 1.57664E-4 1.62747E-4 2.03232E-4 -9999 2.71873E-4 2.63161E-4 2.70982E-4 2.5611E-4 2.93082E-6 4.58348E-7 1.01279E-4 2.41502E-6 1.89986E-5 9.40156E-5 9.03348E-5 6.03071E-5 2.27096E-5 3.95428E-5 2.84937E-5 6.63533E-5 5.98441E-5 1.20684E-5 9.58366E-6 1.20363E-7 6.69105E-8 4.30392E-5 3.25093E-5 4.53728E-5 4.03013E-5 1.06619E-4 1.33207E-4 1.13241E-4
-9999 -9999 -9999 -9999 -9999 -9999 -9999 -9999 -9999 -9999 -9999 -9999 -9999 -9999 -9999 -9999 -9999 -9999 -9999 -9999 -9999 -9999 -9999 -9999 -9999 -9999 -9999 2.23443E-4 2.09251E-4 2.01367E-4 1.96053E-4 1.9446E-4 1.92318E-4 1.83613E-4 -9999 -9999 -9999 -9999 -9999 -9999 2.73601E-4 1.95286E-4 4.17105E-5 5.83663E-6 8.49574E-5 4.92899E-5 3.21779E-5 7.52396E-5 7.05634E-5 3.17685E-5 6.75818E-5 2.34399E-5 3.54188E-5 4.97545E-6 6.67541E-5 3.47745E-6 5.31199E-6 1.43133E-6 4.67925E-6 1.61389E-6 2.52502E-5 1.41853E-5 1.12854E-4 1.2181E-4 1.18095E-4 9.36508E-5
-9999 -9999 -9999 -9999 -9999 -9999 -9999 -9999 -9999 -9999 -9999 -9999 -9999 -9999 -9999 -9999 -9999 -9999 -9999 -9999 -9999 -9999 -9999 -9999 -9999 -9999 -9999 -9999 -9999 -9999 -9999 2.33677E-4 2.30496E-4 -9999 -9999 -9999 -9999 -9999 -9999 2.33651E-4 1.1759E-4 1.54183E-4 8.54275E-5 1.40994E-5 5.82838E-5 1.20764E-5 5.87665E-6 3.83678E-5 7.28798E-5 2.82022E-5 4.15182E-5 3.98193E-5 5.18067E-5 1.24746E-5 5.37125E-6 1.64219E-6 1.82806E-6 2.30583E-5 3.18716E-5 4.49968E-5 9.05663E-5 4.32137E-5 1.73866E-5 1.12628E-4 1.1131E-4 1.32807E-4
-9999 -9999 -9999 -9999 -9999 -9999 -9999 -9999 -9999 -9999 -9999 -9999 -9999 -9999 -9999 -9999 -9999 -9999 -9999 -9999 -9999 -9999 -9999 -9999 -9999 -9999 -9999 -9999 -9999 -9999 -9999 -9999 -9999 -9999 -9999 -9999 -9999 -9999 -9999 5.14632E-5 1.39248E-6 6.51342E-5 6.81795E-5 5.1707E-5 2.83856E-5 7.49739E-5 1.16023E-5 2.68413E-6 1.82113E-5 6.8146E-5 3.44645E-5 7.76995E-6 1.8261E-7 3.06773E-6 8.51746E-7 3.69072E-7 8.43477E-8 1.99168E-5 2.50558E-5 4.22104E-5 2.02845E-5 1.24569E-4 1.34615E-5 1.16276E-4 1.31928E-4 1.29876E-4
-9999 -9999 -9999 -9999 -9999 -9999 -9999 -9999 -9999 -9999 -9999 -9999 -9999 -9999 -9999 -9999 -9999 -9999 -9999 -9999 -9999 -9999 -9999 -9999 -9999 -9999 -9999 -9999 -9999 -9999 -9999 -9999 -9999 -9999 -9999 -9999 -9999 -9999 1.50814E-4 2.61272E-6 1.26999E-5 8.13332E-6 2.50973E-6 2.94386E-5 2.57954E-5 4.40802E-5 2.53765E-6 5.38228E-6 1.44209E-5 5.12428E-5 5.00425E-5 1.46415E-5 5.08626E-6 2.93161E-5 5.2086E-6 5.66316E-8 2.86712E-7 5.91915E-6 2.58288E-5 6.81217E-5 8.11996E-5 1.31874E-4 1.11273E-4 2.30578E-5 1.08097E-4 1.19967E-4
-9999 -9999 -9999 -9999 -9999 -9999 -9999 -9999 -9999 -9999 -9999 -9999 -9999 -9999 -9999 -9999 -9999 -9999 -9999 -9999 -9999 -9999 -9999 -9999 -9999 -9999 -9999 -9999 -9999 -9999 -9999 -9999 -9999 -9999 -9999 2.32255E-4 6.76889E-5 5.28341E-5 1.18067E-4 7.90802E-5 8.21858E-7 7.34842E-6 3.09179E-5 1.44827E-6 6.77131E-7 2.85156E-7 8.05549E-7 8.65073E-6 1.45808E-5 3.46899E-5 4.95737E-5 1.67774E-5 3.73583E-5 6.93562E-5 6.76414E-5 3.07449E-5 8.54869E-6 1.28465E-5 5.49413E-5 1.24153E-4 9.71182E-5 1.41392E-4 6.63401E-5 5.98792E-5 1.292E-4 1.12044E-4
-9999 -9999 -9999 -9999 -9999 -9999 -9999 -9999 -9999 -9999 -9999 -9999 -9999 -9999 -9999 -9999 -9999 -9999 -9999 -9999 -9999 -9999 -9999 -9999 -9999 2.88477E-4 -9999 -9999 -9999 -9999 3.02118E-4 -9999 2.41459E-4 2.18897E-4 7.58097E-5 2.06471E-5 1.36271E-5 3.31408E-5 1.63112E-5 1.11824E-5 1.24717E-5 3.13553E-6 1.47439E-5 1.63499E-5 1.26243E-6 2.69544E-6 7.32345E-7 2.21131E-5 6.27543E-7 1.41029E-6 6.92059E-6 7.36318E-6 5.95588E-5 6.61309E-5 6.84699E-5 7.65422E-5 8.98627E-5 6.08912E-7 1.39772E-5 1.25612E-4 2.90883E-5 5.86922E-5 1.97024E-5 9.44444E-5 9.37474E-5 8.59752E-5
-9999 -9999 -9999 -9999 -9999 -9999 -9999 -9999 -9999 -9999 -9999 -9999 -9999 -9999 -9999 -9999 -9999 -9999 -9999 -9999 -9999 -9999 -9999 -9999 2.83617E-4 2.58769E-4 -9999 -9999 2.59001E-4 2.47438E-4 2.40176E-4 5.26439E-5 1.44655E-4 1.86381E-4 1.66963E-4 9.01816E-5 6.00414E-5 2.04488E-5 1.01761E-6 6.82077E-6 4.16727E-7 1.31918E-6 1.16598E-5 5.74524E-6 1.04381E-5 3.11342E-6 1.39358E-8 2.7057E-8 5.81885E-8 1.26091E-6 1.69162E-5 1.35909E-5 5.59073E-5 5.62509E-5 7.95691E-5 8.21E-5 7.51287E-5 5.19352E-5 1.69001E-5 3.79268E-5 1.39053E-4 1.50867E-4 2.25397E-4 1.72968E-4 1.30951E-4 1.10487E-4
-9999 -9999 -9999 -9999 -9999 -9999 -9999 -9999 -9999 -9999 -9999 -9999 -9999 -9999 -9999 -9999 -9999 -9999 -9999 -9999 -9999 -9999 -9999 -9999 -9999 2.64123E-4 2.82956E-4 2.7515E-4 2.27267E-4 3.84929E-5 6.15155E-5 1.59669E-4 1.17166E-4 1.45433E-4 1.36802E-4 1.31255E-4 4.47174E-5 4.09826E-6 1.16696E-5 2.47638E-6 1.67298E-6 2.82175E-7 1.6336E-8 7.21115E-7 8.93468E-6 1.2741E-5 8.13244E-9 1.4093E-5 1.21794E-6 3.3168E-5 3.49249E-5 5.52797E-5 6.18933E-5 1.62779E-5 6.50344E-5 6.92881E-5 3.09272E-5 8.4933E-6 2.71289E-5 8.36259E-5 1.44366E-4 1.70329E-4 2.27118E-4 -9999 -9999 1.74092E-4
-9999 -9999 -9999 -9999 -9999 -9999 -9999 -9999 -9999 -9999 -9999 -9999 -9999 -9999 -9999 -9999 -9999 -9999 -9999 -9999 -9999 -9999 -9999 -9999 -9999 2.72105E-4 2.7193E-4 2.30605E-4 2.31288E-5 3.64857E-5 4.73082E-6 1.08458E-5 1.10484E-4 1.18842E-4 3.96837E-5 1.40063E-5 9.4135E-5 2.80225E-6 6.64324E-6 8.09407E-6 5.818E-6 4.60999E-5 3.12945E-7 4.65731E-8 1.26051E-6 2.07946E-5 9.22043E-7 5.39768E-6 2.23019E-6 7.61648E-6 3.64195E-6 2.31057E-5 5.73598E-5 6.46198E-5 7.97439E-5 9.20707E-5 5.09758E-5 5.69693E-5 1.35331E-4 1.43288E-4 1.52194E-4 2.22651E-4 -9999 -9999 -9999 1.58564E-4
-9999 -9999 -9999 -9999 -9999 -9999 -9999 -9999 -9999 -9999 -9999 -9999 -9999 -9999 -9999 -9999 -9999 -9999 -9999 -9999 -9999 -9999 -9999 -9999 -9999 -9999 2.77953E-4 2.4065E-4 1.87511E-4 1.31921E-4 8.83823E-5 4.15424E-5 1.50463E-5 9.787E-6 4.14554E-5 3.3772E-5 2.3487E-5 9.06496E-7 2.81368E-6 2.50646E-6 7.16485E-6 1.26342E-6 1.69593E-7 1.39905E-5 1.13323E-5 9.09853E-6 6.22247E-6 3.60641E-5 4.50214E-5 8.64097E-6 3.41512E-8 5.24797E-6 4.516E-5 7.24955E-5 7.21838E-5 7.51618E-5 1.05652E-4 3.12363E-5 7.5068E-5 1.53264E-4 1.75149E-4 2.8411E-4 -9999 -9999 4.59129E-5 1.07478E-6
-9999 -9999 -9999 -9999 -9999 -9999 -9999 -9999 -9999 -9999 -9999 -9999 -9999 -9999 -9999 -9999 -9999 -9999 -9999 -9999 -9999 -9999 -9999 -9999 -9999 -9999 -9999 2.5455E-4 2.35607E-4 2.1483E-4 1.61924E-4 1.59411E-4 9.51951E-5 1.23938E-4 1.2812E-5 2.19719E-8 1.48513E-6 1.9133E-5 4.451E-7 1.19025E-6 1.13904E-6 1.76711E-5 4.44617E-6 9.00494E-6 6.18102E-7 5.64428E-5 1.85734E-5 1.13157E-5 2.02095E-5 1.16492E-5 6.85587E-6 1.4148E-5 5.57232E-6 7.04657E-5 8.95321E-5 1.00641E-4 1.16326E-4 2.03892E-5 1.30138E-4 1.68341E-4 2.43906E-4 -9999 -9999 -9999 1.51493E-4 4.0623E-5
-9999 -9999 -9999 -9999 -9999 -9999 -9999 -9999 -9999 -9999 -9999 -9999 -9999 -9999 -9999 -9999 -9999 -9999 -9999 -9999 -9999 -9999 -9999 -9999 -9999 -9999 -9999 -9999 2.5505E-4 2.41014E-4 2.13688E-4 1.87664E-4 1.77113E-5 1.3377E-5 5.24483E-5 6.42469E-6 1.16151E-5 7.84012E-5 1.42415E-5 1.85886E-5 5.68569E-6 5.9592E-6 2.38484E-6 6.61354E-5 3.66017E-6 1.35662E-6 1.71922E-6 8.47764E-8 9.40674E-7 1.86797E-5 1.82412E-6 2.44211E-6 3.64449E-5 3.52276E-5 7.88968E-5 1.04769E-4 4.04015E-5 7.12643E-5 1.4734E-4 1.57761E-4 2.53703E-4 -9999 -9999 -9999 2.53734E-4 1.78197E-4
-9999 -9999 -9999 -9999 -9999 -9999 -9999 -9999 -9999 -9999 -9999 -9999 -9999 -9999 -9999 -9999 -9999 -9999 -9999 -9999 -9999 -9999 -9999 -9999 -9999 -9999 -9999 -9999 -9999 2.4978E-4 2.02206E-4 2.20449E-4 8.81417E-6 6.40894E-6 1.02066E-5 2.02016E-5 5.01308E-5 3.5539E-6 1.91231E-6 7.19274E-6 1.50025E-5 2.64169E-5 8.13661E-6 5.50038E-5 4.2886E-5 1.16138E-5 6.23297E-5 6.25104E-5 1.59785E-6 4.45588E-6 1.37724E-5 1.73677E-6 5.60593E-6 8.31257E-5 7.75384E-5 1.05291E-4 5.52141E-5 4.36604E-5 1.61778E-5 4.21991E-5 7.22488E-5 -9999 -9999 -9999 -9999 1.63927E-6
-9999 -9999 -9999 -9999 -9999 -9999 -9999 -9999 -9999 -9999 -9999 -9999 -9999 -9999 -9999 -9999 -9999 -9999 -9999 -9999 -9999 -9999 -9999 -9999 -9999 -9999 -9999 -9999 -9999 -9999 -9999 2.34933E-4 1.01888E-4 3.11679E-6 1.53247E-6 1.11623E-5 2.79418E-6 2.51917E-5 1.53516E-5 9.37615E-5 1.0553E-4 1.23201E-5 5.91221E-6 1.02691E-5 5.97145E-6 1.52409E-5 4.85675E-5 6.06466E-5 3.01177E-5 4.33649E-5 5.56758E-5 5.98507E-5 6.217E-5 3.33545E-5 7.24061E-5 2.83303E-5 4.17062E-5 7.08578E-5 2.58438E-5 3.21926E-6 1.27534E-6 -9999 -9999 -9999 9.01983E-5 2.81981E-6
-9999 -9999 -9999 -9999 -9999 -9999 -9999 -9999 -9999 -9999 -9999 -9999 -9999 -9999 -9999 -9999 -9999 -9999 -9999 -9999 -9999 -9999 -9999 -9999 -9999 -9999 -9999 -9999 -9999 -9999 -9999 -9999 -9999 7.86371E-5 9.68997E-6 5.46111E-5 4.13663E-5 5.98222E-6 1.04172E-4 1.63876E-5 6.61244E-6 5.12738E-6 4.26348E-5 7.13603E-6 2.2309E-5 2.70921E-6 1.71557E-5 2.02144E-5 3.97039E-5 5.68237E-6 6.26641E-5 2.82921E-5 4.53779E-6 2.88112E-5 4.60601E-5 7.39498E-5 7.26026E-5 1.89894E-5 1.91154E-5 2.73868E-5 9.87772E-6 1.03479E-4 -9999 -9999 -9999 2.84895E-4
