catData/rasterBestHybridModels/Pviverrinus/RD_BM01_RM1.5_L/Pviverrinus_min.asc
ncols         409
nrows         350
xllcorner     60.897278365
yllcorner     5.843756025
cellsize      0.0892857
NODATA_value  -9999
[rows 58 to 86 of 350, columns 66 to 131 of 409]
-9999 -9999 -9999 -9999 -9999 -9999 -9999 -9999 -9999 -9999 -9999 -9999 -9999 -9999 -9999 -9999 -9999 -9999 -9999 -9999 -9999 -9999 -9999 -9999 -9999 -9999 -9999 2.20048E-7 3.92978E-7 5.27473E-7 5.28491E-7 3.69439E-7 7.15775E-7 5.31629E-7 1.53776E-7 1.1653E-6 5.4979E-6 9.8972E-6 1.72029E-5 2.26355E-5 2.35864E-5 2.58358E-5 2.84734E-5 3.18543E-5 4.39228E-5 5.15229E-5 6.9505E-5 6.43149E-5 4.41278E-5 3.77824E-5 3.69618E-5 3.00938E-5 2.91604E-5 2.77869E-5 2.84144E-5 2.86917E-5 2.87724E-5 2.77758E-5 2.81065E-5 2.9063E-5 3.71596E-5 6.11094E-5 6.46021E-5 6.43082E-5 6.38453E-5 6.36674E-5
-9999 -9999 -9999 -9999 -9999 -9999 -9999 -9999 -9999 -9999 -9999 -9999 -9999 -9999 -9999 1.71499E-8 -9999 -9999 -9999 2.22644E-8 2.7662E-8 -9999 -9999 -9999 -9999 -9999 1.2411E-7 1.13468E-7 1.84808E-7 3.8817E-7 3.75359E-7 4.57363E-7 5.18091E-7 1.54571E-7 1.44577E-7 2.03009E-7 3.8463E-6 8.98246E-6 1.63102E-5 2.28359E-5 2.44406E-5 2.56178E-5 2.79208E-5 3.55611E-5 5.04769E-5 5.29277E-5 7.33515E-5 6.56722E-5 4.29228E-5 3.8545E-5 3.78991E-5 3.55045E-5 2.98869E-5 2.66565E-5 2.96713E-5 2.91289E-5 2.54615E-5 2.53612E-5 2.81864E-5 2.92985E-5 4.48331E-5 5.94437E-5 6.17639E-5 6.16573E-5 5.40855E-5 5.712E-5
-9999 -9999 -9999 -9999 -9999 -9999 -9999 -9999 -9999 -9999 -9999 -9999 -9999 -9999 1.84942E-8 1.86705E-8 1.59905E-8 1.70573E-8 2.16624E-8 2.55803E-8 2.80083E-8 3.15709E-8 -9999 -9999 -9999 -9999 6.84963E-8 7.05563E-8 2.10845E-7 3.14687E-7 3.7685E-7 3.56799E-7 1.62328E-7 1.08165E-7 1.89249E-7 5.31517E-8 2.27958E-6 9.34066E-6 1.34711E-5 2.21728E-5 2.55839E-5 2.6804E-5 2.91342E-5 3.92739E-5 5.98584E-5 5.47937E-5 7.46139E-5 6.5961E-5 4.36778E-5 4.03647E-5 3.93484E-5 3.36161E-5 2.72829E-5 2.67708E-5 2.98713E-5 2.7938E-5 2.33182E-5 2.54294E-5 2.83982E-5 3.07752E-5 5.46131E-5 6.03546E-5 6.16462E-5 6.04221E-5 5.79261E-5 6.16554E-5
-9999 -9999 -9999 -9999 -9999 -9999 -9999 -9999 -9999 -9999 -9999 -9999 -9999 1.85329E-8 1.82005E-8 1.90396E-8 1.95636E-8 2.06813E-8 2.44004E-8 2.89821E-8 2.75948E-8 3.18894E-8 4.69655E-8 -9999 6.89377E-8 6.78776E-8 4.37099E-8 9.59703E-8 2.08467E-7 1.89304E-7 2.63662E-7 2.1267E-7 4.94004E-8 6.91091E-8 1.3546E-7 1.05172E-8 1.2728E-6 5.544E-6 9.5436E-6 1.8227E-5 2.4701E-5 2.63062E-5 3.12469E-5 4.11438E-5 5.45183E-5 7.12119E-5 7.53129E-5 5.38578E-5 4.18287E-5 4.18997E-5 3.67654E-5 3.0504E-5 2.65471E-5 2.78096E-5 2.94864E-5 2.9372E-5 2.76277E-5 2.78937E-5 2.97124E-5 3.6914E-5 5.86037E-5 6.10639E-5 6.14307E-5 6.29111E-5 5.86398E-5 6.56082E-5
-9999 -9999 -9999 -9999 -9999 -9999 -9999 -9999 -9999 -9999 -9999 1.44077E-8 1.3489E-8 1.44714E-8 1.44412E-8 1.4622E-8 1.64966E-8 1.82552E-8 1.9782E-8 2.66612E-8 2.5987E-8 3.13936E-8 4.38274E-8 4.08737E-8 3.38819E-8 4.53718E-8 6.7693E-8 1.18431E-7 1.44894E-7 1.61245E-7 2.32147E-7 1.50535E-7 5.2157E-8 8.92724E-8 8.65862E-8 4.04182E-8 8.49612E-7 4.02311E-6 7.85974E-6 1.51631E-5 2.38243E-5 2.4946E-5 3.06869E-5 3.86725E-5 5.73708E-5 7.14385E-5 6.37895E-5 4.97289E-5 4.35953E-5 4.18277E-5 2.93087E-5 2.67468E-5 2.77733E-5 2.78904E-5 2.86501E-5 3.00182E-5 3.04924E-5 2.99969E-5 3.14811E-5 4.49418E-5 5.91059E-5 6.15709E-5 5.89024E-5 6.16121E-5 6.56496E-5 6.95913E-5
-9999 -9999 -9999 -9999 -9999 -9999 -9999 -9999 -9999 1.37207E-8 1.08247E-8 9.83455E-9 9.92065E-9 1.19E-8 1.28047E-8 1.22319E-8 1.35438E-8 1.68557E-8 2.14035E-8 2.6827E-8 2.28187E-8 2.93901E-8 3.51123E-8 2.33607E-8 3.62464E-8 4.0989E-8 4.93979E-8 1.23493E-7 1.96027E-7 2.1471E-7 1.8743E-7 8.82999E-8 5.26771E-8 8.26883E-8 9.60033E-8 1.0721E-7 4.08519E-7 3.18025E-6 8.06991E-6 1.46724E-5 2.14803E-5 2.35267E-5 2.97927E-5 3.84722E-5 6.06627E-5 6.74383E-5 5.60619E-5 4.56392E-5 4.25471E-5 4.13728E-5 2.78103E-5 2.72446E-5 2.88807E-5 2.80969E-5 2.76571E-5 2.79779E-5 2.82844E-5 2.91196E-5 3.20353E-5 4.89307E-5 5.87494E-5 5.71098E-5 5.83431E-5 6.15233E-5 6.61528E-5 6.69854E-5
-9999 -9999 -9999 -9999 -9999 -9999 -9999 -9999 -9999 -9999 -9999 1.06285E-8 1.03957E-8 1.17783E-8 1.3488E-8 1.41043E-8 1.55946E-8 1.86147E-8 2.32682E-8 2.49125E-8 1.99121E-8 2.9064E-8 2.28343E-8 2.68736E-8 3.75435E-8 4.0949E-8 7.47305E-8 1.706E-7 2.23186E-7 1.82116E-7 1.18801E-7 8.00109E-8 6.81072E-8 6.98923E-8 1.62922E-7 1.7159E-7 1.27281E-7 2.43742E-6 6.51231E-6 1.17373E-5 1.88767E-5 2.27805E-5 2.92313E-5 3.8201E-5 6.37583E-5 6.16962E-5 4.97005E-5 4.142E-5 3.85229E-5 4.01666E-5 3.13584E-5 2.68663E-5 2.80233E-5 2.72851E-5 2.71276E-5 2.68539E-5 2.70612E-5 2.76672E-5 3.24815E-5 5.34193E-5 5.59445E-5 5.89891E-5 5.40105E-5 5.95656E-5 6.28075E-5 6.45212E-5
2.42189E-8 2.06773E-8 1.7323E-8 -9999 -9999 -9999 -9999 -9999 1.12479E-8 9.01656E-9 9.07348E-9 8.68382E-9 9.03715E-9 1.0271E-8 1.1635E-8 1.35121E-8 1.48592E-8 1.42668E-8 1.27594E-8 1.51414E-8 2.00068E-8 2.20779E-8 2.60042E-8 3.15208E-8 3.42224E-8 5.67339E-8 1.093E-7 1.69078E-7 1.67395E-7 1.11409E-7 7.10965E-8 7.47131E-8 6.52204E-8 1.1112E-7 2.41126E-7 9.48965E-8 1.5834E-7 2.17679E-6 5.82494E-6 9.79107E-6 1.75829E-5 2.42175E-5 2.96562E-5 3.61858E-5 5.98817E-5 6.31625E-5 4.89618E-5 4.02093E-5 3.98201E-5 4.38338E-5 3.64067E-5 2.65409E-5 2.80255E-5 2.71158E-5 2.70826E-5 2.73051E-5 2.89607E-5 2.87788E-5 3.85981E-5 5.35314E-5 5.90275E-5 5.37589E-5 5.42979E-5 5.42156E-5 5.55913E-5 6.34743E-5
2.06609E-8 1.90699E-8 1.48119E-8 1.32051E-8 9.48258E-9 8.8507E-9 8.54207E-9 1.04318E-8 7.4588E-9 6.10714E-9 5.52285E-9 5.13404E-9 5.25647E-9 7.24264E-9 8.49915E-9 1.00831E-8 1.13637E-8 1.23217E-8 1.33198E-8 1.78863E-8 2.88261E-8 3.48293E-8 3.62724E-8 3.15475E-8 2.97268E-8 6.38873E-8 1.3733E-7 1.63572E-7 1.31625E-7 7.95226E-8 6.77493E-8 7.00385E-8 6.62337E-8 1.56122E-7 4.1926E-7 2.25993E-7 4.39094E-7 2.26368E-6 5.29405E-6 9.79748E-6 1.65575E-5 2.31148E-5 2.77839E-5 3.53478E-5 5.89207E-5 6.58683E-5 5.0494E-5 4.44004E-5 3.6636E-5 4.58346E-5 3.5254E-5 2.57345E-5 2.67621E-5 2.70201E-5 2.73679E-5 2.84147E-5 2.96583E-5 3.30514E-5 5.06458E-5 6.32695E-5 5.69903E-5 5.70348E-5 5.35992E-5 5.14778E-5 5.41621E-5 5.96833E-5
1.20449E-8 9.96074E-9 8.89722E-9 7.98718E-9 8.03575E-9 8.52329E-9 8.59546E-9 9.18823E-9 7.66148E-9 6.75629E-9 7.7667E-9 9.2945E-9 1.10756E-8 1.29289E-8 1.17219E-8 1.14597E-8 1.21806E-8 1.74673E-8 2.26698E-8 3.30516E-8 4.25249E-8 5.167E-8 2.74227E-8 3.43515E-8 5.83346E-8 1.13979E-7 1.72094E-7 1.48491E-7 8.70461E-8 7.17528E-8 8.44652E-8 7.67876E-8 6.39981E-8 1.76854E-7 5.45031E-7 1.69705E-7 3.57584E-7 1.2936E-6 4.78165E-6 7.72429E-6 1.37371E-5 2.02568E-5 2.54834E-5 3.68022E-5 6.06179E-5 7.35845E-5 5.42599E-5 4.77713E-5 4.30174E-5 3.95524E-5 3.61989E-5 2.56216E-5 2.57655E-5 2.70006E-5 2.76062E-5 2.90892E-5 3.14964E-5 4.24491E-5 5.88706E-5 5.95361E-5 6.08071E-5 5.61844E-5 4.96996E-5 5.89196E-5 5.99316E-5 5.84224E-5
1.02213E-8 6.5807E-9 5.85278E-9 6.86011E-9 8.34847E-9 7.36191E-9 6.68605E-9 8.75172E-9 7.11977E-9 4.67376E-9 4.11551E-9 5.51019E-9 9.42446E-9 1.76065E-8 2.47438E-8 2.60147E-8 2.57388E-8 2.53947E-8 2.52812E-8 4.13153E-8 4.09641E-8 7.04401E-8 7.55641E-8 7.06277E-8 1.21922E-7 1.58304E-7 1.40169E-7 1.12535E-7 1.01349E-7 8.80817E-8 7.40872E-8 6.88207E-8 7.91802E-8 2.50547E-7 4.54263E-7 1.68222E-7 2.29403E-7 1.21163E-6 3.4626E-6 5.52292E-6 1.19629E-5 1.93292E-5 2.541E-5 3.68959E-5 6.31674E-5 7.81989E-5 5.22783E-5 4.68039E-5 4.54082E-5 3.84399E-5 3.96571E-5 3.33182E-5 2.65802E-5 2.91043E-5 3.00333E-5 3.25116E-5 4.16657E-5 5.60453E-5 6.09876E-5 6.28568E-5 5.66105E-5 5.14068E-5 5.15537E-5 5.0557E-5 5.38319E-5 6.01381E-5
1.25169E-8 1.11901E-8 1.14309E-8 1.22793E-8 1.41493E-8 1.33786E-8 1.59058E-8 8.69747E-9 3.97916E-9 5.55427E-9 1.50521E-8 2.06239E-8 3.21733E-8 5.05878E-8 6.29289E-8 5.78444E-8 5.8892E-8 6.892E-8 7.66319E-8 7.82748E-8 8.35908E-8 1.04047E-7 1.45624E-7 1.76429E-7 1.68604E-7 1.67582E-7 1.29188E-7 9.37418E-8 8.02161E-8 7.06514E-8 8.09725E-8 9.6886E-8 1.55729E-7 3.15058E-7 4.49642E-7 2.88418E-7 2.01433E-7 8.61093E-7 2.76226E-6 4.92737E-6 1.14998E-5 1.86653E-5 2.66417E-5 3.66213E-5 5.85898E-5 6.78302E-5 5.12349E-5 4.55941E-5 4.57092E-5 4.20643E-5 4.48198E-5 3.90416E-5 2.78033E-5 2.91502E-5 3.02654E-5 3.52118E-5 5.32987E-5 5.9646E-5 5.93508E-5 6.39231E-5 5.65975E-5 5.25843E-5 5.12489E-5 5.67796E-5 6.03652E-5 6.08808E-5
2.91554E-8 3.40881E-8 3.68143E-8 3.27881E-8 3.86825E-8 3.36833E-8 1.58374E-8 4.2665E-9 5.03689E-9 2.56697E-8 3.59957E-8 4.29897E-8 4.18827E-8 4.98129E-8 7.39604E-8 1.12247E-7 1.34203E-7 1.23953E-7 1.1723E-7 1.33731E-7 1.49552E-7 1.67192E-7 1.68037E-7 1.58178E-7 1.49733E-7 1.32573E-7 1.33148E-7 1.02904E-7 7.50444E-8 1.06468E-7 1.31485E-7 1.50102E-7 2.17003E-7 2.8955E-7 4.14108E-7 2.64332E-7 1.16639E-7 4.35466E-7 3.09802E-6 4.88597E-6 9.54441E-6 1.9528E-5 2.58497E-5 3.58884E-5 5.93024E-5 7.15595E-5 5.02983E-5 4.23119E-5 4.26094E-5 4.48561E-5 4.55317E-5 4.15753E-5 3.28391E-5 2.74803E-5 3.03852E-5 4.75628E-5 5.79654E-5 5.86354E-5 6.19123E-5 6.12537E-5 5.91085E-5 4.99557E-5 5.27334E-5 5.55765E-5 6.29168E-5 6.27462E-5
1.24195E-7 1.30929E-7 1.42924E-7 1.22986E-7 4.91732E-8 1.89548E-8 1.48571E-8 1.20904E-8 1.35915E-8 1.17669E-8 1.09877E-8 1.00125E-8 9.90876E-9 9.29463E-9 1.78601E-8 4.95169E-8 1.01181E-7 1.43719E-7 1.48411E-7 1.6802E-7 1.60819E-7 1.70884E-7 1.61013E-7 1.42468E-7 1.27698E-7 1.46113E-7 1.74951E-7 1.91865E-7 1.92102E-7 1.92245E-7 1.54058E-7 1.7596E-7 2.92256E-7 3.73044E-7 7.10668E-7 3.80085E-7 2.44581E-7 5.43645E-7 3.74643E-6 5.44003E-6 9.74053E-6 1.86883E-5 2.81933E-5 3.61608E-5 6.47866E-5 6.90469E-5 5.22934E-5 4.4037E-5 4.195E-5 4.25129E-5 4.42432E-5 3.74267E-5 3.47518E-5 3.03663E-5 4.08851E-5 5.66855E-5 5.70189E-5 5.91241E-5 5.95258E-5 5.79398E-5 5.67745E-5 5.50923E-5 6.01633E-5 6.80208E-5 7.22321E-5 6.89557E-5
1.03921E-7 9.52892E-8 8.02297E-8 5.22683E-8 3.12757E-8 3.1662E-8 2.04971E-8 9.66764E-9 6.63101E-9 4.71472E-9 3.7853E-9 5.80154E-9 7.58198E-9 1.00121E-8 1.95973E-8 3.20191E-8 3.89399E-8 5.64941E-8 7.33854E-8 8.49771E-8 9.3647E-8 9.81659E-8 1.2811E-7 1.68169E-7 1.56254E-7 2.06563E-7 2.94748E-7 2.6761E-7 2.23032E-7 2.31326E-7 2.09529E-7 2.89206E-7 4.48431E-7 4.82137E-7 7.35052E-7 9.5395E-7 6.77134E-7 1.07145E-6 3.79579E-6 7.1105E-6 9.32258E-6 1.40363E-5 2.71644E-5 3.46457E-5 5.5963E-5 6.88852E-5 5.78925E-5 4.93118E-5 4.50295E-5 3.93104E-5 4.05942E-5 3.34832E-5 3.59876E-5 3.76587E-5 5.24456E-5 5.81675E-5 5.56611E-5 5.69844E-5 6.17727E-5 5.61916E-5 5.51136E-5 6.40144E-5 6.6005E-5 6.61614E-5 6.20245E-5 7.00197E-5
9.60555E-8 8.34362E-8 5.8346E-8 3.59873E-8 3.37921E-8 2.13298E-8 1.31586E-8 1.20069E-8 8.6394E-9 8.46654E-9 6.11422E-9 6.83667E-9 1.21323E-8 1.83745E-8 2.65241E-8 3.91172E-8 4.65818E-8 5.51595E-8 5.76281E-8 7.37978E-8 9.49801E-8 1.17215E-7 1.63256E-7 2.41932E-7 3.15604E-7 3.5816E-7 3.3341E-7 3.55207E-7 3.40085E-7 2.88657E-7 2.8578E-7 3.45923E-7 4.17663E-7 4.10631E-7 4.34677E-7 6.27671E-7 4.21726E-7 1.26523E-6 3.6718E-6 5.89108E-6 7.97046E-6 1.41958E-5 2.61663E-5 3.71573E-5 5.83054E-5 7.14741E-5 6.20002E-5 5.05051E-5 4.32142E-5 4.07806E-5 3.13975E-5 3.23637E-5 3.58309E-5 4.86122E-5 5.78075E-5 6.2358E-5 6.44385E-5 6.35368E-5 6.16441E-5 6.39977E-5 6.54609E-5 6.5619E-5 6.67786E-5 6.65247E-5 6.71219E-5 6.90153E-5
7.13142E-8 6.57767E-8 5.60951E-8 3.40112E-8 2.61786E-8 2.24307E-8 1.70059E-8 1.50374E-8 1.97937E-8 1.0236E-8 6.1091E-9 4.41701E-9 5.96365E-9 1.31351E-8 2.65027E-8 4.12516E-8 6.09156E-8 9.2724E-8 1.47081E-7 2.03931E-7 2.28556E-7 2.51979E-7 3.34272E-7 3.61836E-7 3.85892E-7 4.60313E-7 4.66602E-7 4.19158E-7 3.59424E-7 3.06598E-7 2.88924E-7 3.04667E-7 3.27908E-7 4.059E-7 4.93948E-7 4.73211E-7 7.01299E-7 8.01522E-7 2.24262E-6 4.77032E-6 7.4449E-6 1.45927E-5 2.55059E-5 3.89757E-5 5.52092E-5 7.17315E-5 6.79733E-5 5.8704E-5 4.77951E-5 4.05144E-5 3.24959E-5 3.3674E-5 4.09922E-5 5.92573E-5 6.50561E-5 6.67981E-5 6.47972E-5 6.07649E-5 6.07823E-5 6.36141E-5 6.47301E-5 6.29924E-5 5.68429E-5 6.48908E-5 6.50525E-5 6.46896E-5
5.45576E-8 5.72321E-8 3.05925E-8 1.4559E-8 1.11369E-8 7.69025E-9 2.73762E-8 4.99606E-8 3.89142E-8 1.18965E-8 1.42425E-8 1.23968E-8 1.33274E-8 2.08027E-8 3.72343E-8 5.94267E-8 7.77969E-8 1.00661E-7 1.47319E-7 2.39312E-7 3.22614E-7 3.85331E-7 4.23841E-7 4.2797E-7 4.54249E-7 5.74819E-7 4.17022E-7 5.01421E-7 4.46488E-7 3.88674E-7 3.23189E-7 3.10297E-7 2.66754E-7 3.075E-7 4.67932E-7 3.2951E-7 6.48842E-7 2.7322E-7 2.37331E-6 5.03629E-6 9.03933E-6 1.77714E-5 2.8774E-5 4.485E-5 6.60024E-5 8.01085E-5 7.51823E-5 6.31785E-5 5.70796E-5 4.52971E-5 3.94959E-5 4.66933E-5 6.06562E-5 6.66096E-5 6.69476E-5 6.68606E-5 6.34938E-5 5.95204E-5 5.83661E-5 6.00041E-5 5.82717E-5 5.96285E-5 6.10417E-5 6.13477E-5 6.31509E-5 6.10497E-5
3.80377E-8 5.6251E-8 6.20565E-8 3.58953E-8 1.35047E-8 2.51869E-9 2.4729E-8 6.38563E-8 1.2515E-7 7.31926E-8 1.49912E-7 1.87822E-7 9.49323E-8 5.32322E-8 6.07941E-8 8.59854E-8 1.25921E-7 1.76921E-7 2.35677E-7 3.21611E-7 3.28729E-7 3.69478E-7 4.9559E-7 5.9209E-7 6.41018E-7 9.46872E-7 7.08808E-7 5.46399E-7 4.51028E-7 4.08593E-7 3.40968E-7 3.41262E-7 2.97873E-7 2.5756E-7 4.87316E-7 4.6464E-7 4.55565E-7 4.02847E-7 3.54749E-6 5.89656E-6 1.032E-5 2.14026E-5 3.61891E-5 5.53284E-5 6.53312E-5 7.04395E-5 7.08579E-5 6.11888E-5 5.76056E-5 5.1442E-5 5.34781E-5 5.87274E-5 6.18527E-5 6.40548E-5 6.47188E-5 6.46067E-5 5.7559E-5 5.56027E-5 5.71921E-5 5.70352E-5 5.60772E-5 5.6597E-5 5.8142E-5 5.21274E-5 5.87239E-5 5.98493E-5
3.35503E-8 4.95908E-8 4.78377E-8 2.30281E-8 1.80899E-8 1.0319E-8 4.25834E-8 1.10447E-7 2.36846E-7 6.10636E-7 6.03042E-7 5.32928E-7 5.04212E-7 3.80124E-7 1.63227E-7 8.5463E-8 1.11222E-7 2.15965E-7 3.7364E-7 6.50453E-7 7.00872E-7 5.24311E-7 6.58231E-7 9.97456E-7 1.08823E-6 1.02718E-6 8.3428E-7 6.31076E-7 6.28779E-7 6.31152E-7 4.52318E-7 2.90844E-7 2.63273E-7 3.36406E-7 5.96198E-7 7.66976E-7 2.99359E-7 6.36918E-7 5.06147E-6 9.0676E-6 1.43206E-5 2.46329E-5 4.1348E-5 5.81084E-5 6.36837E-5 6.49986E-5 6.29652E-5 5.90529E-5 5.33542E-5 5.08903E-5 5.97452E-5 5.85358E-5 5.00359E-5 6.05867E-5 6.30092E-5 5.90571E-5 5.61786E-5 5.45115E-5 5.47436E-5 5.4243E-5 5.43696E-5 5.51641E-5 5.7614E-5 5.8988E-5 5.87655E-5 5.8652E-5
2.99106E-8 4.06386E-8 3.35558E-8 2.14276E-8 2.22052E-8 3.43542E-8 9.65329E-8 2.35435E-7 6.06567E-7 1.34172E-6 1.13279E-6 1.26971E-6 1.38059E-6 1.43169E-6 7.34051E-7 3.02318E-7 2.02338E-7 1.59508E-7 3.12214E-7 5.83673E-7 8.52387E-7 7.6384E-7 8.26007E-7 1.08095E-6 1.00367E-6 1.11955E-6 1.17742E-6 8.5346E-7 6.90448E-7 5.59174E-7 3.37143E-7 2.69068E-7 3.44801E-7 5.48884E-7 7.57809E-7 7.28991E-7 2.58225E-7 1.35961E-6 6.08074E-6 1.17971E-5 1.88019E-5 2.70491E-5 4.11836E-5 5.61619E-5 6.24723E-5 6.20193E-5 6.11128E-5 5.6842E-5 5.13753E-5 5.76086E-5 6.27609E-5 6.38143E-5 6.43268E-5 6.48078E-5 6.04471E-5 5.73477E-5 5.76662E-5 5.6864E-5 5.67684E-5 5.75888E-5 5.81812E-5 5.87123E-5 6.03443E-5 6.03641E-5 6.2035E-5 6.2589E-5
3.86934E-8 4.74975E-8 4.35475E-8 4.32542E-8 5.29575E-8 6.4384E-8 1.14526E-7 4.76643E-7 1.74506E-6 2.91347E-6 2.62164E-6 2.90654E-6 2.51645E-6 3.29275E-6 3.42574E-6 1.91159E-6 7.13555E-7 2.80382E-7 3.83567E-7 7.04203E-7 9.37706E-7 9.73632E-7 9.82163E-7 1.0077E-6 7.33718E-7 7.5314E-7 6.67444E-7 5.54745E-7 5.16568E-7 4.39651E-7 3.89186E-7 4.57886E-7 5.12642E-7 5.69706E-7 6.95671E-7 3.91808E-7 3.72711E-7 3.7185E-6 8.89934E-6 1.50712E-5 1.95167E-5 2.76193E-5 4.86964E-5 5.95604E-5 6.50616E-5 6.35322E-5 6.07229E-5 5.69344E-5 5.69034E-5 6.25754E-5 6.4575E-5 6.61172E-5 6.54772E-5 6.27555E-5 5.86165E-5 6.03132E-5 6.15561E-5 6.17876E-5 6.07153E-5 6.08871E-5 6.16098E-5 6.02376E-5 6.31593E-5 6.38872E-5 5.86766E-5 6.11202E-5
5.50073E-8 5.25778E-8 4.76668E-8 5.10127E-8 9.78371E-8 3.19791E-7 4.12254E-7 9.19379E-7 1.42219E-6 4.12468E-6 4.06961E-6 5.07682E-6 4.81706E-6 4.83422E-6 5.02476E-6 2.44841E-6 1.00891E-6 7.39482E-7 1.05182E-6 1.03821E-6 1.08223E-6 1.26483E-6 9.90119E-7 8.38491E-7 5.0524E-7 6.07143E-7 5.80015E-7 4.5849E-7 4.06877E-7 4.76966E-7 7.01485E-7 7.07602E-7 6.37999E-7 6.1571E-7 6.57547E-7 2.58501E-7 7.7791E-7 7.03522E-6 1.3989E-5 1.8153E-5 2.22843E-5 3.48664E-5 5.54851E-5 6.24153E-5 6.68054E-5 6.51277E-5 6.19983E-5 5.99486E-5 6.18388E-5 5.96445E-5 6.27364E-5 6.44045E-5 6.24408E-5 6.18045E-5 6.06349E-5 6.07588E-5 6.11336E-5 6.17556E-5 6.21759E-5 6.28531E-5 6.10824E-5 6.21755E-5 6.19489E-5 5.91955E-5 6.21615E-5 5.84833E-5
4.1528E-8 4.03683E-8 3.77533E-8 4.34866E-8 1.17337E-7 5.63972E-7 2.0696E-6 2.68952E-6 2.35245E-6 4.16713E-6 4.38036E-6 5.97389E-6 7.18766E-6 7.5053E-6 7.0214E-6 5.64721E-6 4.15372E-6 2.10394E-6 2.14657E-6 2.17826E-6 9.255E-7 1.02151E-6 9.80561E-7 8.07624E-7 7.07037E-7 7.18419E-7 6.20335E-7 6.8387E-7 8.69837E-7 1.05829E-6 1.04522E-6 7.71997E-7 1.03956E-6 1.02492E-6 5.60608E-7 5.96787E-7 3.5326E-6 1.13988E-5 1.77666E-5 2.0762E-5 2.80514E-5 4.86825E-5 5.86742E-5 6.27636E-5 6.62714E-5 6.57664E-5 6.41407E-5 6.23129E-5 6.27064E-5 6.24508E-5 6.27811E-5 6.0823E-5 5.93855E-5 5.98929E-5 6.05682E-5 5.82729E-5 5.8807E-5 6.0149E-5 6.37537E-5 6.5607E-5 6.17134E-5 5.32536E-5 5.5904E-5 5.71826E-5 5.63422E-5 5.95046E-5
3.4153E-8 3.14754E-8 4.34619E-8 4.93053E-8 9.76064E-8 5.12934E-7 3.67279E-6 5.62786E-6 4.47169E-6 5.82299E-6 7.50765E-6 7.33499E-6 8.75632E-6 7.7251E-6 7.01282E-6 8.28784E-6 6.63909E-6 4.62552E-6 1.58488E-6 1.77486E-6 8.03176E-7 1.05678E-6 1.55121E-6 1.19672E-6 9.07096E-7 1.05755E-6 9.55784E-7 1.15475E-6 1.54603E-6 1.55081E-6 1.32705E-6 1.27001E-6 1.43723E-6 9.44439E-7 5.87692E-7 1.00721E-6 9.18477E-6 1.54932E-5 1.83197E-5 2.17566E-5 3.37476E-5 5.44785E-5 5.98453E-5 6.31703E-5 6.75375E-5 6.65086E-5 6.34858E-5 6.24474E-5 6.26287E-5 6.12302E-5 6.1804E-5 6.16172E-5 6.15892E-5 6.07648E-5 6.01888E-5 5.52365E-5 5.99176E-5 6.2294E-5 6.66782E-5 6.64609E-5 5.92232E-5 5.37069E-5 6.04896E-5 5.79729E-5 5.05933E-5 4.88493E-5
2.94233E-8 2.72628E-8 4.77271E-8 6.76823E-8 1.41765E-7 1.35392E-6 3.29758E-6 7.73986E-6 6.50905E-6 9.69087E-6 1.12579E-5 1.28103E-5 1.33348E-5 1.21731E-5 1.10806E-5 9.20355E-6 7.7401E-6 7.23396E-6 3.60784E-6 2.69748E-6 2.48468E-6 2.03734E-6 1.80535E-6 1.19176E-6 1.19424E-6 1.35401E-6 1.18194E-6 1.029E-6 1.34982E-6 1.48966E-6 1.46826E-6 1.55475E-6 1.16513E-6 1.13237E-6 1.71522E-6 1.67423E-6 1.21307E-5 1.96591E-5 2.21088E-5 3.14977E-5 5.12104E-5 5.97581E-5 6.07442E-5 6.32834E-5 6.8126E-5 6.46822E-5 6.31353E-5 6.01749E-5 5.75054E-5 6.1234E-5 5.83511E-5 5.88581E-5 5.72704E-5 5.82451E-5 5.96626E-5 6.20277E-5 6.40784E-5 6.43137E-5 6.30992E-5 5.99052E-5 5.50675E-5 5.2964E-5 4.66582E-5 3.87053E-5 3.55177E-5 3.57455E-5
2.83277E-8 2.48729E-8 3.70618E-8 6.96888E-8 9.19931E-8 9.73568E-7 1.88249E-6 6.29738E-6 9.41621E-6 1.29895E-5 1.35411E-5 1.42421E-5 1.48784E-5 1.49141E-5 1.43722E-5 1.28281E-5 9.03632E-6 4.14031E-6 2.76986E-6 1.899E-6 1.26798E-6 9.94204E-7 1.46966E-6 1.48873E-6 1.52771E-6 1.44199E-6 1.3684E-6 1.47055E-6 1.25218E-6 1.16897E-6 1.8963E-6 2.45577E-6 2.14579E-6 2.06877E-6 9.77523E-7 6.51201E-6 1.67338E-5 2.65838E-5 3.08072E-5 3.48597E-5 5.6085E-5 6.17758E-5 6.3265E-5 6.34557E-5 6.69428E-5 6.34178E-5 6.18712E-5 5.77528E-5 6.30375E-5 5.8196E-5 5.85909E-5 5.72471E-5 6.20181E-5 6.32621E-5 6.01478E-5 6.29509E-5 6.33772E-5 6.13195E-5 5.25273E-5 5.04088E-5 4.34641E-5 3.48543E-5 3.18747E-5 3.15849E-5 3.34062E-5 3.58346E-5
1.89191E-8 2.00516E-8 3.49978E-8 3.50156E-8 1.28426E-7 1.78969E-7 6.28612E-7 7.39602E-6 1.2011E-5 1.41596E-5 1.37795E-5 1.4664E-5 1.49037E-5 1.46405E-5 1.42077E-5 1.25398E-5 1.05095E-5 6.33068E-6 6.50395E-6 5.31872E-6 2.18892E-6 1.54096E-6 1.77626E-6 1.70522E-6 1.74554E-6 1.57197E-6 1.47961E-6 1.20703E-6 1.29073E-6 2.12905E-6 2.98912E-6 2.90572E-6 2.69222E-6 1.47213E-6 1.11468E-6 9.51529E-6 1.51832E-5 2.3966E-5 3.04341E-5 4.06191E-5 5.92084E-5 6.07649E-5 6.2898E-5 6.53993E-5 6.6712E-5 5.88318E-5 6.23232E-5 6.13646E-5 6.20342E-5 6.01971E-5 6.25696E-5 6.31434E-5 6.16996E-5 6.01657E-5 5.48648E-5 5.86684E-5 5.45667E-5 5.49149E-5 4.66599E-5 3.62195E-5 3.1078E-5 3.06001E-5 3.04293E-5 3.0715E-5 3.25063E-5 3.39788E-5
3.36389E-8 5.46028E-8 7.27271E-8 6.75681E-8 1.13981E-7 1.22059E-7 1.0334E-6 9.39728E-6 1.37508E-5 1.3732E-5 1.43784E-5 1.57095E-5 1.54344E-5 1.54065E-5 1.49582E-5 1.32739E-5 9.57203E-6 8.28181E-6 7.79126E-6 6.50992E-6 3.80561E-6 2.50366E-6 3.2772E-6 2.72468E-6 1.92615E-6 1.7732E-6 1.65258E-6 1.77005E-6 2.28595E-6 2.43125E-6 1.94006E-6 2.23551E-6 2.65111E-6 2.68172E-6 3.9939E-6 8.57113E-6 1.33552E-5 2.1292E-5 2.89689E-5 5.33702E-5 5.9114E-5 5.97795E-5 6.31008E-5 6.9442E-5 6.65553E-5 5.99536E-5 6.37262E-5 5.91133E-5 6.20409E-5 6.19546E-5 6.15743E-5 5.96447E-5 5.76458E-5 5.7353E-5 5.27921E-5 4.89349E-5 4.7992E-5 3.99675E-5 3.71185E-5 3.16251E-5 3.05255E-5 3.09895E-5 3.07267E-5 3.08389E-5 3.06846E-5 3.08016E-5
