catData/rasterBestHybridModels/Pviverrinus/RD_BM01_RM1.5_L/Pviverrinus_avg.asc
ncols         409
nrows         350
xllcorner     60.897278365
yllcorner     5.843756025
cellsize      0.0892857
NODATA_value  -9999
[rows 87 to 115 of 350, columns 198 to 263 of 409]
9.94139E-5 9.842E-5 9.66851E-5 9.36565E-5 1.02781E-4 9.19336E-5 7.76049E-5 6.72141E-5 5.08293E-5 2.35101E-5 1.35209E-5 7.02988E-6 2.82616E-6 1.62667E-6 2.93408E-6 1.44292E-6 2.61746E-6 1.88997E-6 4.06675E-6 8.10555E-6 2.03417E-6 1.37895E-6 1.29728E-6 2.1049E-6 5.10184E-6 6.6286E-6 4.83407E-6 1.96905E-6 7.07626E-7 3.49056E-6 1.98592E-6 1.20906E-7 1.53414E-8 2.1431E-8 8.65793E-8 1.54314E-7 2.76213E-8 1.50627E-8 1.43651E-8 8.73242E-9 1.69599E-8 1.21649E-8 3.7314E-9 3.03196E-10 4.365E-11 8.21244E-11 3.04187E-11 3.2158E-11 3.83451E-11 2.08103E-11 1.88458E-11 1.38483E-11 1.69046E-11 1.18457E-11 -9999 -9999 -9999 -9999 -9999 9.06933E-12 8.25378E-11 -9999 -9999 -9999 -9999 -9999
1.00406E-4 1.00764E-4 1.02185E-4 1.01239E-4 9.51665E-5 1.17569E-4 1.15549E-4 1.01467E-4 8.95046E-5 7.30215E-5 6.16416E-5 3.10818E-5 1.17313E-5 4.96418E-6 7.90131E-6 6.38158E-6 9.55967E-6 1.30006E-5 1.74627E-5 1.3443E-5 2.64745E-6 1.15199E-6 6.98108E-7 3.78715E-7 3.81448E-7 1.00842E-6 3.53826E-6 8.77948E-6 2.35234E-6 1.04371E-5 2.01726E-6 4.72358E-7 2.03512E-7 3.79544E-7 3.13364E-7 1.36324E-8 8.7696E-9 1.88431E-8 2.04353E-8 6.40475E-9 1.46014E-9 2.04683E-9 1.81773E-9 5.96251E-10 1.22003E-10 3.81017E-10 2.49848E-10 4.97762E-11 1.00619E-10 6.25166E-11 2.11242E-11 1.55155E-11 1.32809E-11 9.3822E-12 6.79077E-12 5.4951E-12 -9999 2.15243E-12 3.48099E-12 3.55936E-11 3.41733E-10 7.33729E-11 1.65838E-11 -9999 -9999 -9999
1.00161E-4 1.02957E-4 1.03513E-4 1.02696E-4 1.10676E-4 1.26023E-4 1.20018E-4 1.20027E-4 1.15043E-4 9.08762E-5 8.17102E-5 8.59021E-5 7.26396E-5 4.43722E-5 3.33014E-5 3.26858E-5 3.36545E-5 4.34773E-5 2.99006E-5 3.54644E-5 1.97089E-5 8.0569E-6 3.06154E-6 1.75871E-6 9.7667E-7 3.51835E-7 5.33344E-7 5.06E-6 8.75479E-6 5.77534E-6 2.32781E-6 1.41588E-6 1.74477E-6 1.06803E-6 3.16539E-7 9.36328E-8 2.44678E-8 3.55012E-9 2.69078E-9 1.23137E-9 4.38133E-10 3.79334E-10 6.80293E-10 1.6843E-9 3.67705E-9 1.34383E-9 2.28801E-10 2.09895E-10 2.97135E-10 3.9197E-11 2.07404E-11 2.83079E-11 1.22167E-11 1.42645E-11 1.3382E-11 6.20697E-12 3.2659E-12 2.49992E-12 4.9222E-12 2.05152E-10 5.56793E-10 7.27338E-11 -9999 -9999 -9999 -9999
1.12946E-4 1.07867E-4 1.0053E-4 1.05905E-4 1.19764E-4 1.21771E-4 1.28774E-4 1.18677E-4 1.10818E-4 1.05225E-4 1.15012E-4 1.15158E-4 1.23423E-4 1.16383E-4 1.10873E-4 1.06357E-4 1.05423E-4 9.56076E-5 4.33993E-5 3.53435E-5 2.37427E-5 1.19675E-5 5.78275E-6 3.58701E-6 3.37168E-6 2.66815E-6 2.96833E-6 4.22547E-6 1.22119E-5 6.14769E-6 3.26288E-6 3.69899E-6 4.65145E-6 8.09231E-7 2.08693E-7 5.48313E-8 1.08217E-8 3.20407E-9 1.49998E-9 1.24343E-9 4.98918E-9 9.68442E-9 1.10119E-9 2.58371E-9 2.97718E-8 7.72861E-9 6.45442E-9 5.93375E-9 1.26637E-9 1.19915E-10 4.76387E-11 3.3277E-11 1.58399E-11 1.87677E-11 1.17599E-11 6.34774E-12 3.97415E-12 4.89668E-12 3.20944E-11 9.7239E-10 3.87606E-10 2.83266E-11 -9999 -9999 -9999 -9999
1.16974E-4 1.05317E-4 1.02531E-4 1.07431E-4 1.10647E-4 1.21844E-4 1.27527E-4 1.21107E-4 1.13533E-4 1.14453E-4 1.19561E-4 1.17861E-4 1.21893E-4 1.28549E-4 1.25888E-4 1.26108E-4 1.3004E-4 1.25812E-4 1.36557E-4 1.1747E-4 8.46344E-5 4.84666E-5 1.80668E-5 8.01551E-6 6.94475E-6 9.48599E-6 1.14216E-5 2.11768E-5 2.02644E-5 8.46331E-6 7.63723E-6 5.61241E-6 7.17213E-6 5.4428E-6 2.89495E-6 1.11151E-6 1.64941E-7 3.85931E-8 1.5326E-8 1.92216E-8 6.69248E-8 1.67289E-7 8.92186E-9 1.92587E-8 4.59653E-8 3.57331E-9 1.15226E-9 2.64433E-9 3.52852E-9 7.14638E-10 1.64644E-10 6.21389E-11 3.42817E-11 4.95567E-11 1.03091E-11 5.13435E-12 9.22339E-12 2.50108E-11 6.93591E-10 4.77499E-10 6.39853E-11 1.25187E-11 -9999 -9999 -9999 -9999
9.91513E-5 9.1362E-5 9.65151E-5 1.07959E-4 1.07581E-4 1.14216E-4 1.1757E-4 1.2165E-4 1.1728E-4 1.17624E-4 1.31563E-4 1.35723E-4 1.15569E-4 1.181E-4 1.26527E-4 1.26819E-4 1.47916E-4 1.43567E-4 1.46316E-4 1.32009E-4 1.16582E-4 1.08516E-4 8.03479E-5 5.20602E-5 3.41201E-5 2.47411E-5 1.52021E-5 2.40479E-5 3.09614E-5 4.77876E-5 3.13429E-5 2.11901E-5 1.0607E-5 8.22512E-6 6.13333E-6 3.89371E-6 7.13385E-7 3.52691E-7 4.69445E-7 4.45117E-7 2.55327E-7 6.22303E-7 2.70331E-7 1.49187E-7 1.77335E-8 4.5932E-10 4.36604E-10 3.94046E-10 5.52349E-10 3.73283E-10 1.05782E-10 3.99532E-11 4.4514E-11 3.83586E-11 1.20834E-11 6.31431E-12 2.69587E-11 6.41481E-10 2.17016E-9 1.05318E-10 1.37144E-11 7.99174E-12 6.59893E-12 8.46463E-12 7.31382E-12 -9999
8.98269E-5 8.82205E-5 9.90459E-5 1.09937E-4 1.14002E-4 1.13203E-4 1.17104E-4 1.27527E-4 1.2651E-4 1.23992E-4 1.30488E-4 1.32799E-4 1.25293E-4 1.23633E-4 1.27161E-4 1.37132E-4 1.42797E-4 1.54277E-4 1.53341E-4 1.36783E-4 1.22604E-4 1.20775E-4 1.30319E-4 1.26286E-4 1.29439E-4 1.11945E-4 8.45601E-5 5.79461E-5 3.67594E-5 3.89684E-5 6.91882E-5 5.4714E-5 2.20944E-5 7.27917E-6 3.10561E-6 2.2709E-6 7.809E-7 1.1046E-6 2.06157E-6 1.41686E-6 1.46386E-6 2.39248E-6 7.98838E-7 1.89561E-7 2.41956E-8 5.29954E-9 8.83653E-9 2.51795E-9 1.71109E-9 2.16711E-10 3.64148E-11 1.34662E-11 5.7654E-12 1.19869E-12 2.43057E-12 1.26907E-11 4.97097E-10 7.19222E-10 1.47259E-10 4.12332E-11 2.94676E-11 1.7742E-11 2.40108E-11 3.16799E-11 1.74861E-11 1.84165E-11
9.21137E-5 1.031E-4 1.0669E-4 1.11328E-4 1.07661E-4 1.13165E-4 1.22841E-4 1.25358E-4 1.23708E-4 1.28828E-4 1.29321E-4 1.30129E-4 1.29419E-4 1.18063E-4 1.40015E-4 1.37736E-4 1.35354E-4 1.38498E-4 1.5379E-4 1.52782E-4 1.33138E-4 1.35942E-4 1.45157E-4 1.3613E-4 1.36457E-4 1.43312E-4 1.54025E-4 1.44311E-4 1.04815E-4 5.48893E-5 5.92487E-5 2.99698E-5 3.07294E-5 1.05186E-5 3.45779E-6 1.9479E-6 1.13532E-6 2.27187E-6 5.977E-6 5.39332E-6 8.01245E-6 3.93142E-6 1.57181E-6 1.31447E-6 2.88558E-7 1.49418E-7 7.89299E-8 3.77434E-8 6.9978E-9 1.30542E-9 2.52614E-10 1.68045E-10 1.00176E-10 1.62095E-11 8.6295E-12 1.12187E-10 8.84955E-9 8.96173E-10 2.29542E-11 9.74259E-12 2.25838E-11 8.42528E-11 1.15248E-10 5.69065E-11 6.75496E-11 1.72178E-10
9.27024E-5 1.09363E-4 1.13612E-4 1.22158E-4 1.1439E-4 1.10559E-4 1.15669E-4 1.23283E-4 1.23679E-4 1.31607E-4 1.2673E-4 1.25799E-4 1.30921E-4 1.24451E-4 1.41266E-4 1.41757E-4 1.3078E-4 1.24987E-4 1.39591E-4 1.54445E-4 1.74719E-4 1.62795E-4 1.53374E-4 1.49191E-4 1.5381E-4 1.5243E-4 1.51493E-4 1.55855E-4 1.52168E-4 1.438E-4 1.08602E-4 4.96302E-5 1.91129E-5 2.22611E-5 1.83788E-5 7.93246E-6 2.00721E-6 3.09611E-6 9.30077E-6 7.39659E-6 6.67169E-6 3.50689E-6 1.35426E-6 7.82152E-7 4.15126E-7 2.92753E-7 1.23084E-7 2.6081E-8 4.22571E-9 1.53708E-9 8.66829E-10 1.44687E-9 6.89654E-9 2.39874E-8 3.70195E-9 3.95364E-9 3.41711E-8 1.03076E-8 7.07156E-10 8.44352E-11 4.68447E-11 4.1731E-11 1.15967E-11 3.39271E-11 5.53762E-10 8.6718E-10
9.28284E-5 1.05001E-4 9.72761E-5 1.0602E-4 1.00184E-4 1.01914E-4 1.00431E-4 1.05691E-4 1.1925E-4 1.23427E-4 1.23521E-4 1.25448E-4 1.25877E-4 1.23753E-4 1.37304E-4 1.54406E-4 1.40691E-4 1.21969E-4 1.23264E-4 1.40628E-4 1.70586E-4 1.91159E-4 1.80821E-4 1.61254E-4 1.67994E-4 1.72613E-4 1.72256E-4 1.79805E-4 1.69689E-4 1.73455E-4 1.594E-4 9.91666E-5 5.46059E-5 3.08057E-5 2.2038E-5 2.70033E-5 1.2986E-5 7.05558E-6 8.21055E-6 3.60586E-6 2.20836E-6 2.25857E-6 7.33943E-7 4.99094E-7 5.0802E-7 1.13014E-7 3.78893E-8 2.34897E-8 6.63443E-9 6.32571E-9 6.58728E-9 1.20119E-8 3.28444E-8 3.58203E-7 7.49331E-8 1.13141E-7 3.15581E-7 1.30628E-8 2.37536E-9 3.39102E-9 4.84188E-10 5.37204E-10 2.42475E-10 1.47749E-10 2.53223E-9 2.45893E-9
8.46482E-5 9.9429E-5 9.32376E-5 1.01153E-4 9.76931E-5 9.88737E-5 1.05744E-4 1.06346E-4 1.05804E-4 1.04816E-4 1.16965E-4 1.27918E-4 1.25618E-4 1.23346E-4 1.34263E-4 1.43835E-4 1.3602E-4 1.25992E-4 1.22385E-4 1.38518E-4 1.51439E-4 1.58628E-4 1.7284E-4 1.78153E-4 1.65157E-4 1.70829E-4 1.75439E-4 1.83278E-4 1.87509E-4 1.84078E-4 1.73784E-4 1.40593E-4 8.87899E-5 4.88641E-5 3.66069E-5 2.17194E-5 1.60409E-5 6.07774E-6 2.02417E-6 1.94646E-6 3.33647E-6 1.94363E-6 3.86591E-7 4.21907E-7 1.09359E-6 5.69874E-7 1.99584E-7 3.31422E-7 6.02601E-8 5.10733E-8 2.4699E-7 3.21824E-7 8.08579E-8 2.02824E-7 6.51194E-7 2.03236E-6 4.04872E-7 2.99606E-8 1.18863E-7 1.66446E-7 7.21925E-8 2.77924E-8 1.88484E-8 5.32744E-9 4.62604E-8 5.99478E-8
7.35345E-5 8.05252E-5 8.59756E-5 8.9348E-5 9.37597E-5 9.40221E-5 1.03743E-4 1.15343E-4 1.06386E-4 1.09886E-4 1.15261E-4 1.19138E-4 1.26838E-4 1.21727E-4 1.30086E-4 1.34791E-4 1.36316E-4 1.46266E-4 1.30297E-4 1.47057E-4 1.499E-4 1.62305E-4 1.53909E-4 1.57379E-4 1.79887E-4 1.71897E-4 1.78989E-4 1.93498E-4 1.88992E-4 1.81397E-4 1.92243E-4 1.83122E-4 1.55588E-4 1.27593E-4 9.49678E-5 5.43572E-5 3.42222E-5 2.63916E-5 1.13852E-5 5.55694E-6 5.38421E-6 3.8018E-6 1.36315E-6 1.93626E-6 1.91062E-6 2.26803E-6 2.04437E-6 1.17402E-6 2.53791E-7 2.12689E-7 4.23603E-7 8.53441E-7 1.80487E-7 1.1555E-7 2.87448E-7 1.70058E-6 3.0881E-6 1.1159E-6 1.75406E-6 3.37102E-6 3.67571E-6 1.12104E-6 5.90849E-7 7.26434E-7 1.84189E-6 7.42638E-7
7.4829E-5 7.40491E-5 8.48791E-5 8.47398E-5 9.30124E-5 9.69652E-5 1.01205E-4 1.07121E-4 1.10498E-4 1.10208E-4 1.09835E-4 1.19068E-4 1.22052E-4 1.2746E-4 1.29339E-4 1.34784E-4 1.3647E-4 1.34364E-4 1.35952E-4 1.39419E-4 1.55309E-4 1.527E-4 1.56495E-4 1.57493E-4 1.59703E-4 1.79854E-4 1.90054E-4 1.91668E-4 1.86566E-4 1.99324E-4 1.86377E-4 1.85467E-4 1.73544E-4 1.58814E-4 1.63481E-4 1.3908E-4 6.88815E-5 4.2534E-5 3.09881E-5 1.94702E-5 7.99983E-6 5.88533E-6 3.51684E-6 3.20659E-6 2.09084E-6 5.85877E-6 4.6333E-6 1.33838E-6 1.72691E-6 1.29568E-6 1.29186E-6 2.85482E-6 3.68011E-6 1.70135E-6 7.66755E-7 7.10843E-7 6.05785E-6 8.18394E-6 1.85404E-6 6.55877E-6 1.87801E-5 1.69646E-5 1.81348E-5 1.59972E-5 1.11028E-5 1.01436E-5
7.55532E-5 7.30078E-5 6.98716E-5 8.33583E-5 9.22052E-5 1.01539E-4 1.00857E-4 1.01842E-4 1.17922E-4 1.17016E-4 1.08834E-4 1.16E-4 1.16435E-4 1.25605E-4 1.30815E-4 1.3446E-4 1.34126E-4 1.25795E-4 1.32243E-4 1.41077E-4 1.60046E-4 1.4374E-4 1.55135E-4 1.41454E-4 1.56561E-4 1.61514E-4 1.83419E-4 1.92076E-4 1.77156E-4 2.12589E-4 1.87566E-4 1.873E-4 1.60591E-4 1.38512E-4 1.51688E-4 1.74859E-4 1.5653E-4 8.65889E-5 3.74288E-5 3.64879E-5 4.39867E-5 3.94688E-5 2.5901E-5 7.56829E-6 4.2122E-6 3.91682E-6 7.79847E-6 9.10977E-6 6.70803E-6 3.35925E-6 3.50701E-6 8.78516E-6 1.18327E-5 3.25843E-6 1.46662E-6 2.26865E-6 7.5684E-6 2.82792E-6 6.06846E-6 1.26883E-5 1.72465E-5 3.3885E-5 3.51127E-5 4.05365E-5 2.50031E-5 2.42105E-5
7.4987E-5 8.02175E-5 7.69473E-5 7.44821E-5 8.33966E-5 9.54508E-5 9.16517E-5 1.00606E-4 1.10492E-4 1.18986E-4 1.07698E-4 1.12823E-4 1.19503E-4 1.19978E-4 1.28991E-4 1.26968E-4 1.35419E-4 1.36915E-4 1.34158E-4 1.37789E-4 1.47482E-4 1.4763E-4 1.53821E-4 1.5326E-4 1.54116E-4 1.78706E-4 1.77803E-4 1.69706E-4 1.80966E-4 1.88822E-4 2.00025E-4 2.00608E-4 1.73683E-4 1.52939E-4 1.54673E-4 1.74511E-4 1.66337E-4 1.59547E-4 1.19659E-4 6.37236E-5 4.63221E-5 5.13801E-5 5.0265E-5 4.05382E-5 1.1547E-5 6.58068E-6 8.34776E-6 1.38406E-5 1.07412E-5 8.38495E-6 3.93552E-6 4.57215E-6 5.66311E-6 1.03103E-5 5.16185E-6 6.92497E-6 1.177E-5 8.93073E-6 1.32956E-5 1.41337E-5 2.15294E-5 4.18455E-5 4.4291E-5 5.74292E-5 4.80855E-5 4.89102E-5
7.15865E-5 7.61126E-5 7.55683E-5 7.78411E-5 7.89027E-5 8.66681E-5 8.58493E-5 8.8816E-5 9.19301E-5 1.02129E-4 1.02861E-4 1.09704E-4 1.07794E-4 1.20192E-4 1.18093E-4 1.182E-4 1.38737E-4 1.385E-4 1.36486E-4 1.46215E-4 1.42803E-4 1.48162E-4 1.50986E-4 1.54176E-4 1.48905E-4 1.61391E-4 1.72442E-4 1.66158E-4 1.90628E-4 1.71238E-4 1.92452E-4 1.83675E-4 1.57836E-4 1.5978E-4 1.76285E-4 1.87731E-4 1.63951E-4 1.44489E-4 1.29036E-4 9.52541E-5 1.03005E-4 7.93415E-5 5.37337E-5 5.10633E-5 4.6038E-5 2.48423E-5 1.63444E-5 2.32925E-5 2.1889E-5 1.53325E-5 9.70549E-6 9.79916E-6 1.36027E-5 1.23098E-5 1.75435E-5 2.09127E-5 2.08871E-5 2.36101E-5 2.05942E-5 2.60072E-5 2.48434E-5 4.31511E-5 4.59196E-5 5.25054E-5 5.00619E-5 4.31189E-5
6.86676E-5 7.46517E-5 8.04841E-5 7.88213E-5 7.9179E-5 8.2404E-5 7.90552E-5 7.99762E-5 8.29324E-5 9.39926E-5 9.61141E-5 1.01969E-4 1.02842E-4 1.12039E-4 1.14558E-4 1.12587E-4 1.37033E-4 1.42673E-4 1.38638E-4 1.3908E-4 1.35817E-4 1.43541E-4 1.49427E-4 1.47533E-4 1.51033E-4 1.54381E-4 1.68136E-4 1.59873E-4 1.85544E-4 1.79376E-4 1.51339E-4 1.54157E-4 1.57272E-4 1.538E-4 1.64496E-4 1.72027E-4 2.04195E-4 1.98084E-4 1.83496E-4 1.50152E-4 9.94317E-5 8.9729E-5 1.16356E-4 1.17952E-4 1.08523E-4 7.81331E-5 6.09301E-5 6.13231E-5 3.85086E-5 2.05556E-5 1.09249E-5 9.67151E-6 9.18658E-6 7.85227E-6 9.16603E-6 1.15638E-5 1.6042E-5 1.24636E-5 2.84107E-5 4.49031E-5 4.37539E-5 4.77707E-5 4.99578E-5 4.34139E-5 4.21112E-5 2.57032E-5
6.76889E-5 7.63503E-5 7.5689E-5 7.69824E-5 7.75324E-5 7.61117E-5 7.75059E-5 7.76319E-5 8.30981E-5 8.83713E-5 9.13458E-5 9.82589E-5 1.02192E-4 1.0612E-4 1.14479E-4 1.35174E-4 1.22632E-4 1.34016E-4 1.33901E-4 1.28017E-4 1.3234E-4 1.45286E-4 1.49793E-4 1.51747E-4 1.52491E-4 1.49747E-4 1.67438E-4 1.66881E-4 1.74425E-4 1.65297E-4 1.43147E-4 1.71061E-4 1.78687E-4 1.6217E-4 1.59627E-4 1.74588E-4 2.03425E-4 2.10128E-4 2.08646E-4 1.90677E-4 1.71306E-4 1.21254E-4 8.66158E-5 9.57816E-5 1.16334E-4 1.03809E-4 9.41284E-5 8.86931E-5 7.24436E-5 6.10053E-5 6.45741E-5 7.08596E-5 4.54864E-5 3.17473E-5 2.70797E-5 2.70869E-5 1.4096E-5 1.05397E-5 1.91118E-5 2.43277E-5 2.21394E-5 2.53206E-5 3.12056E-5 4.23276E-5 5.73703E-5 7.84849E-5
6.07092E-5 6.74288E-5 6.59667E-5 6.89216E-5 7.13624E-5 6.86651E-5 7.44209E-5 7.91146E-5 8.32515E-5 8.55911E-5 8.81914E-5 9.79397E-5 9.41879E-5 9.74655E-5 1.13763E-4 1.23179E-4 1.29832E-4 1.35512E-4 1.34887E-4 1.34377E-4 1.40694E-4 1.47706E-4 1.51199E-4 1.55998E-4 1.53534E-4 1.57258E-4 1.63285E-4 1.80913E-4 1.87649E-4 1.84921E-4 1.46102E-4 1.66E-4 1.87815E-4 1.55825E-4 1.48669E-4 1.68498E-4 1.77334E-4 2.14797E-4 2.17883E-4 1.91976E-4 1.80891E-4 1.97127E-4 1.80136E-4 1.22936E-4 1.25789E-4 1.46212E-4 1.66737E-4 2.06594E-4 2.14971E-4 2.34574E-4 2.27843E-4 2.34198E-4 2.05951E-4 1.88475E-4 1.53497E-4 1.06537E-4 5.47477E-5 4.53939E-5 6.3493E-5 8.69525E-5 8.23828E-5 9.77508E-5 1.21488E-4 1.44732E-4 1.65404E-4 1.83241E-4
5.71032E-5 6.3717E-5 6.50055E-5 6.33429E-5 6.31746E-5 6.72014E-5 6.81002E-5 7.82724E-5 8.59474E-5 8.8224E-5 8.83079E-5 1.02502E-4 9.41549E-5 8.68883E-5 1.02987E-4 1.15399E-4 1.27496E-4 1.25625E-4 1.30362E-4 1.30051E-4 1.30871E-4 1.44447E-4 1.56774E-4 1.54121E-4 1.43816E-4 1.54319E-4 1.66371E-4 1.75953E-4 1.80293E-4 1.83889E-4 1.56941E-4 1.61733E-4 1.88414E-4 1.6573E-4 1.39526E-4 1.47546E-4 1.61771E-4 1.8905E-4 2.14138E-4 2.00193E-4 1.89011E-4 2.05236E-4 2.36556E-4 2.45178E-4 2.52448E-4 2.5859E-4 2.48749E-4 2.60846E-4 2.68057E-4 2.65148E-4 2.78212E-4 2.84231E-4 2.87901E-4 2.91722E-4 2.8939E-4 2.67833E-4 2.40218E-4 1.69977E-4 1.27444E-4 1.5378E-4 1.95429E-4 2.09132E-4 2.02974E-4 2.14523E-4 2.04869E-4 1.91039E-4
5.8666E-5 5.78856E-5 6.30056E-5 6.03202E-5 6.3438E-5 6.15486E-5 6.52945E-5 6.94298E-5 7.76179E-5 8.53621E-5 8.06664E-5 8.68843E-5 9.50449E-5 8.48163E-5 9.52805E-5 1.04831E-4 1.22112E-4 1.23743E-4 1.42774E-4 1.29155E-4 1.22005E-4 1.5091E-4 1.60458E-4 1.49182E-4 1.44031E-4 1.44585E-4 1.56519E-4 1.67649E-4 1.76655E-4 1.80562E-4 1.62104E-4 1.47363E-4 1.71949E-4 1.70135E-4 1.68895E-4 1.44441E-4 1.50887E-4 1.80361E-4 2.17537E-4 2.02208E-4 2.03531E-4 2.26647E-4 2.44573E-4 2.62227E-4 2.66185E-4 2.69604E-4 2.74469E-4 2.73759E-4 2.69401E-4 2.48453E-4 2.54088E-4 2.57223E-4 2.70639E-4 3.07819E-4 3.03505E-4 2.80444E-4 2.92766E-4 2.83226E-4 2.37702E-4 1.78169E-4 2.09887E-4 1.76766E-4 1.57183E-4 1.72394E-4 1.80092E-4 1.39562E-4
5.63466E-5 5.63579E-5 5.80237E-5 6.04355E-5 6.06219E-5 6.38668E-5 6.38683E-5 6.26506E-5 6.4246E-5 6.94663E-5 7.75161E-5 8.01973E-5 8.63921E-5 8.53087E-5 8.43947E-5 1.02133E-4 1.19387E-4 1.08506E-4 1.28123E-4 1.29754E-4 1.1324E-4 1.3679E-4 1.51184E-4 1.51677E-4 1.52677E-4 1.41611E-4 1.4475E-4 1.65306E-4 1.74174E-4 1.76564E-4 1.70768E-4 1.35344E-4 1.55987E-4 1.64611E-4 1.84657E-4 1.71356E-4 1.52772E-4 1.67952E-4 2.17455E-4 2.35159E-4 2.27836E-4 2.39851E-4 2.3732E-4 2.39386E-4 2.35571E-4 2.42579E-4 2.39966E-4 2.51186E-4 2.83278E-4 2.96107E-4 2.91757E-4 3.06722E-4 2.92342E-4 3.21152E-4 2.97227E-4 2.92891E-4 3.09874E-4 2.97457E-4 3.06672E-4 2.46096E-4 2.25902E-4 1.9438E-4 1.7957E-4 1.53651E-4 1.30567E-4 1.10454E-4
5.87002E-5 5.69113E-5 5.8801E-5 5.54491E-5 5.60385E-5 5.90787E-5 6.74819E-5 6.72782E-5 6.43051E-5 6.52898E-5 7.15499E-5 7.87248E-5 8.03518E-5 8.81272E-5 8.75989E-5 9.03888E-5 1.0513E-4 1.10203E-4 1.23485E-4 1.25334E-4 1.22279E-4 1.15482E-4 1.23512E-4 1.37612E-4 1.35374E-4 1.40528E-4 1.40927E-4 1.51023E-4 1.67434E-4 1.81407E-4 1.76982E-4 1.55649E-4 1.51376E-4 1.44069E-4 1.75872E-4 1.86439E-4 1.70285E-4 1.79105E-4 2.01376E-4 2.24877E-4 2.37316E-4 2.36388E-4 2.43929E-4 2.36137E-4 2.51336E-4 2.69611E-4 2.69428E-4 2.56664E-4 2.54336E-4 2.90699E-4 2.82494E-4 2.99915E-4 3.15339E-4 3.14066E-4 3.11561E-4 2.74342E-4 2.72647E-4 3.0418E-4 2.94541E-4 2.73722E-4 3.0084E-4 2.55975E-4 2.3226E-4 2.13619E-4 1.992E-4 2.03861E-4
6.04746E-5 6.26412E-5 5.80771E-5 5.54163E-5 5.48609E-5 5.91434E-5 6.32102E-5 6.84333E-5 6.75157E-5 6.58032E-5 7.05822E-5 7.62758E-5 7.55243E-5 7.86385E-5 9.06594E-5 8.77749E-5 9.37817E-5 1.0337E-4 1.12098E-4 1.14669E-4 1.22128E-4 1.27245E-4 1.2863E-4 1.20126E-4 1.1919E-4 1.34872E-4 1.33592E-4 1.44584E-4 1.70283E-4 1.98232E-4 1.84634E-4 1.66673E-4 1.53295E-4 1.58369E-4 1.58364E-4 1.67587E-4 1.77189E-4 1.65924E-4 1.96491E-4 1.98997E-4 1.98381E-4 2.17662E-4 2.03962E-4 2.29101E-4 2.37117E-4 2.52871E-4 2.57241E-4 2.73473E-4 2.55605E-4 2.541E-4 2.66329E-4 2.91035E-4 3.10221E-4 3.12264E-4 2.96876E-4 2.75313E-4 2.8101E-4 3.06257E-4 2.96618E-4 2.94243E-4 2.91716E-4 3.14835E-4 2.98181E-4 2.73992E-4 2.63359E-4 2.91979E-4
5.98162E-5 5.75971E-5 5.87664E-5 5.61276E-5 5.65165E-5 5.64836E-5 5.77967E-5 6.14504E-5 6.74211E-5 6.77214E-5 6.68685E-5 7.1599E-5 7.34884E-5 7.56893E-5 8.22144E-5 8.84347E-5 8.66509E-5 9.81553E-5 1.04619E-4 1.07221E-4 1.09257E-4 1.17827E-4 1.26633E-4 1.29223E-4 1.2829E-4 1.41104E-4 1.4464E-4 1.52419E-4 1.79042E-4 1.89668E-4 1.96747E-4 1.72803E-4 1.5083E-4 1.66592E-4 1.53568E-4 1.57612E-4 1.73723E-4 1.69567E-4 1.76119E-4 1.98212E-4 1.93526E-4 2.34199E-4 2.18994E-4 2.21005E-4 2.30402E-4 2.53408E-4 2.55138E-4 2.53404E-4 2.63353E-4 2.64148E-4 2.6373E-4 2.66386E-4 2.93934E-4 3.09451E-4 2.94765E-4 2.76959E-4 2.76775E-4 3.15291E-4 3.26683E-4 3.30911E-4 2.86327E-4 3.09514E-4 3.17775E-4 3.20375E-4 3.14654E-4 3.3396E-4
5.99296E-5 5.86487E-5 5.6524E-5 6.09822E-5 6.33337E-5 5.71641E-5 5.87713E-5 5.90699E-5 6.3102E-5 6.61505E-5 6.67207E-5 6.73422E-5 6.85825E-5 7.84165E-5 8.62603E-5 9.14312E-5 9.45344E-5 9.00609E-5 9.85283E-5 1.05935E-4 1.09046E-4 1.12414E-4 1.21059E-4 1.32698E-4 1.3363E-4 1.44856E-4 1.43353E-4 1.41031E-4 1.7043E-4 1.89553E-4 1.97249E-4 1.75892E-4 1.62191E-4 1.61143E-4 1.63233E-4 1.59435E-4 1.47017E-4 1.6456E-4 1.77615E-4 1.84365E-4 2.02742E-4 2.2718E-4 2.23566E-4 2.29134E-4 2.38404E-4 2.37156E-4 2.47858E-4 2.35194E-4 2.44925E-4 2.48982E-4 2.76338E-4 2.64227E-4 2.92803E-4 3.01779E-4 2.99835E-4 2.7531E-4 2.82264E-4 3.2272E-4 3.30034E-4 3.33419E-4 3.19652E-4 2.84202E-4 3.12894E-4 3.38379E-4 3.32671E-4 3.35122E-4
6.08691E-5 6.1953E-5 5.78769E-5 6.33943E-5 6.40673E-5 6.41496E-5 6.04405E-5 6.37434E-5 6.14043E-5 6.20788E-5 6.4806E-5 7.32704E-5 7.49882E-5 7.3654E-5 7.79049E-5 9.03915E-5 9.60931E-5 9.92612E-5 1.02596E-4 1.00013E-4 1.05195E-4 1.15227E-4 1.2328E-4 1.31738E-4 1.37129E-4 1.32146E-4 1.30548E-4 1.45109E-4 1.55039E-4 1.50578E-4 1.92817E-4 1.79483E-4 1.93754E-4 1.6276E-4 1.55234E-4 1.61308E-4 1.57106E-4 1.54005E-4 1.71838E-4 1.86402E-4 2.25507E-4 2.26214E-4 2.12112E-4 2.32275E-4 2.42704E-4 2.44816E-4 2.5147E-4 2.5147E-4 2.49879E-4 2.41335E-4 2.71833E-4 2.57593E-4 2.87287E-4 2.98722E-4 3.12007E-4 3.08062E-4 3.14397E-4 3.21707E-4 3.3296E-4 3.26606E-4 3.22152E-4 3.19745E-4 2.90123E-4 3.07008E-4 3.49079E-4 3.54824E-4
6.00309E-5 5.86819E-5 5.96725E-5 6.28992E-5 6.10674E-5 6.35903E-5 6.83504E-5 6.68063E-5 6.56834E-5 6.77422E-5 6.62788E-5 6.78114E-5 7.193E-5 7.07672E-5 7.65868E-5 8.10483E-5 8.8137E-5 9.41865E-5 9.89581E-5 9.99754E-5 1.09154E-4 1.2038E-4 1.23895E-4 1.38726E-4 1.50258E-4 1.17444E-4 1.02444E-4 1.26861E-4 1.48129E-4 1.54414E-4 1.84453E-4 1.74521E-4 1.72528E-4 1.74746E-4 1.73862E-4 1.52742E-4 1.59744E-4 1.5144E-4 1.6184E-4 1.79344E-4 1.79701E-4 1.78578E-4 1.95295E-4 2.16334E-4 2.3205E-4 2.44813E-4 2.35308E-4 2.49841E-4 2.4986E-4 2.49173E-4 2.60933E-4 2.76249E-4 2.55446E-4 2.88578E-4 3.04992E-4 3.08069E-4 3.15098E-4 3.17447E-4 3.32019E-4 3.28058E-4 3.18813E-4 3.30839E-4 3.14943E-4 2.88077E-4 3.29265E-4 3.29557E-4
6.08495E-5 6.09437E-5 6.13272E-5 5.96845E-5 6.23177E-5 6.58533E-5 6.66907E-5 7.05149E-5 6.78715E-5 6.57288E-5 6.54215E-5 7.10868E-5 7.19017E-5 7.05879E-5 7.18476E-5 7.89115E-5 8.69702E-5 8.83778E-5 1.02736E-4 9.98306E-5 1.02851E-4 1.152E-4 1.1647E-4 1.24564E-4 1.26449E-4 1.06223E-4 1.06822E-4 1.34145E-4 1.51885E-4 1.43107E-4 1.67933E-4 1.81222E-4 1.66889E-4 1.50142E-4 1.76234E-4 1.7911E-4 1.64775E-4 1.62079E-4 1.69172E-4 1.67412E-4 1.64105E-4 1.73964E-4 1.71406E-4 1.89032E-4 2.183E-4 2.01277E-4 2.04573E-4 2.36504E-4 2.2987E-4 2.21751E-4 2.17222E-4 2.33747E-4 2.25609E-4 2.24016E-4 2.77362E-4 3.01426E-4 3.08752E-4 3.17536E-4 3.22444E-4 3.24264E-4 3.26498E-4 3.20021E-4 3.28271E-4 3.04932E-4 2.89255E-4 3.17264E-4
