catData/rasterBestHybridModels/Pviverrinus/RD_BM01_RM1.5_L/Pviverrinus_max.asc
ncols         409
nrows         350
xllcorner     60.897278365
yllcorner     5.843756025
cellsize      0.0892857
NODATA_value  -9999
[rows 174 to 202 of 350, columns 132 to 197 of 409]
2.95957E-4 4.22313E-4 4.27778E-4 2.72413E-4 2.42169E-4 2.01835E-4 1.24777E-4 8.05492E-5 9.11537E-5 1.01013E-4 7.42771E-5 2.158E-5 4.71811E-5 1.08769E-4 1.15123E-4 1.11511E-4 1.02534E-4 1.0089E-4 7.43579E-5 7.61861E-5 5.35581E-5 6.82316E-5 3.34625E-5 4.3458E-5 3.65409E-5 2.84447E-5 3.64996E-5 1.73346E-5 6.22371E-6 5.04438E-6 7.042E-6 5.24124E-6 1.33837E-5 5.27556E-6 7.75323E-6 2.27277E-6 3.57362E-6 4.23399E-6 3.83531E-6 1.71595E-6 3.7643E-6 5.42147E-6 2.51022E-5 1.44413E-5 1.25013E-5 1.98755E-5 2.33314E-5 1.45796E-5 1.42279E-5 1.72875E-5 1.90931E-5 1.82247E-5 1.12694E-5 5.27554E-6 9.24163E-7 1.23314E-6 1.89578E-6 3.16038E-6 4.83535E-6 1.36456E-6 7.9975E-6 6.77802E-6 1.26942E-6 1.34496E-5 1.48495E-5 1.11803E-5
-9999 4.4937E-4 4.58021E-4 3.91726E-4 2.57942E-4 1.07169E-4 6.66062E-5 3.90179E-5 1.14945E-4 9.78265E-5 7.2534E-5 6.08653E-5 1.04904E-4 1.37827E-4 3.93194E-5 4.91342E-5 8.81654E-5 8.07956E-5 8.42117E-5 6.85701E-5 6.73198E-5 7.62631E-5 7.3688E-5 6.91579E-5 4.7023E-5 2.69672E-5 2.32941E-5 2.18912E-5 7.03002E-6 8.65539E-6 9.28142E-6 7.9171E-6 1.45149E-5 1.48394E-6 8.64071E-7 4.73267E-6 1.46934E-5 6.2866E-6 5.37836E-6 9.27621E-6 3.87796E-6 1.11638E-5 1.92605E-5 1.62942E-5 8.52346E-6 1.89671E-5 1.22394E-5 4.73118E-6 1.97691E-5 2.17675E-5 1.86173E-5 1.279E-5 3.6864E-6 8.46324E-6 1.0843E-5 1.50163E-5 7.80796E-6 8.98781E-6 1.42295E-5 1.88998E-5 1.65793E-5 1.08033E-5 4.16328E-6 3.53611E-5 1.60904E-5 9.24801E-6
4.09149E-4 4.92612E-4 4.99601E-4 4.12019E-4 3.4758E-4 2.8525E-5 1.54389E-4 2.07496E-4 1.72863E-4 1.34081E-4 1.18688E-4 1.36083E-4 1.62801E-4 3.9213E-5 8.69536E-5 1.54721E-5 2.85901E-5 2.35312E-5 3.14056E-5 2.83299E-5 3.27123E-5 5.47575E-5 6.21938E-5 5.69981E-5 8.44788E-5 4.165E-5 2.05835E-5 1.54749E-5 1.07552E-5 1.71644E-5 2.16738E-5 2.80492E-5 2.12909E-5 1.71929E-5 1.74276E-5 1.23748E-5 2.29498E-5 3.26399E-5 1.02626E-5 1.22597E-5 3.05126E-5 9.00597E-6 1.06714E-5 4.96709E-6 6.39048E-6 1.15563E-5 1.70105E-5 1.85849E-5 1.60869E-5 1.51512E-5 1.21934E-5 1.2018E-5 1.00719E-5 3.53108E-6 1.72963E-5 4.93684E-6 1.11054E-5 1.52308E-5 2.48024E-5 2.17843E-5 3.41269E-5 1.38995E-5 2.27498E-5 2.75948E-5 1.63607E-5 2.86138E-5
3.83412E-4 4.00472E-4 4.70104E-4 4.90609E-4 4.556E-4 3.64002E-4 3.46272E-4 2.8845E-4 2.25947E-4 1.02154E-4 1.11619E-4 1.97825E-4 9.08823E-5 6.74646E-5 4.841E-5 2.19402E-5 1.35329E-5 1.12034E-5 1.87089E-5 1.5148E-5 1.58452E-5 2.60609E-5 4.46873E-5 4.27642E-5 5.54642E-5 4.10662E-5 5.07525E-5 6.84263E-5 5.87837E-5 3.32222E-5 3.61488E-5 2.777E-5 2.34025E-5 3.37692E-5 2.48111E-5 2.64287E-5 3.80436E-5 2.55761E-5 5.54518E-6 2.113E-5 8.09327E-6 7.25422E-6 9.01963E-6 1.7281E-5 1.92352E-5 1.96737E-5 1.95279E-5 1.88026E-5 1.76083E-5 1.29831E-5 1.55003E-5 9.26624E-6 3.57377E-6 6.24314E-6 3.24849E-5 2.98397E-5 2.70235E-5 2.03931E-5 1.8096E-5 1.8147E-5 1.5175E-5 1.83784E-5 2.01632E-5 2.19513E-5 1.31297E-5 1.27673E-5
7.42982E-4 3.81018E-4 4.92569E-4 4.98389E-4 4.64246E-4 4.39836E-4 3.70528E-4 2.9955E-4 1.94739E-4 1.86397E-5 1.81093E-5 2.46071E-5 2.50922E-5 4.64039E-5 2.13019E-5 7.07615E-6 7.50278E-6 8.29935E-6 7.29121E-6 1.51482E-5 2.77011E-5 3.72871E-5 3.60685E-5 3.11561E-5 3.0844E-5 4.59437E-5 6.89713E-5 6.85223E-5 6.34085E-5 4.79277E-5 5.50054E-5 4.41607E-5 3.82651E-5 4.32347E-5 2.25001E-5 3.40319E-5 4.62085E-5 6.32809E-5 2.21861E-5 1.8136E-5 1.00168E-5 6.47904E-6 2.25469E-5 1.17204E-5 6.79812E-6 1.04645E-5 1.77492E-5 2.45472E-5 1.63554E-5 1.35118E-5 2.91304E-5 1.46134E-5 1.20079E-5 1.59948E-5 1.72771E-5 1.17283E-6 4.89035E-7 1.03967E-5 2.4153E-5 2.20844E-5 8.7353E-6 2.5187E-5 1.85588E-5 1.097E-5 1.94484E-5 1.19127E-5
-9999 3.5457E-4 5.16086E-4 5.25621E-4 4.82436E-4 4.2494E-4 3.63745E-4 3.02994E-4 1.91259E-4 1.4838E-4 9.44914E-5 8.71396E-5 4.3569E-5 2.17655E-5 1.39414E-5 1.76412E-5 1.64062E-5 1.29801E-5 1.02219E-5 1.20302E-5 2.12542E-5 2.38088E-5 2.15224E-5 3.66647E-5 6.08201E-5 6.21846E-5 4.18032E-5 5.43666E-5 5.2116E-5 3.59036E-5 6.06919E-5 5.89743E-5 5.0212E-5 5.91581E-5 3.64602E-5 4.3244E-5 4.21375E-5 5.3344E-5 3.78958E-5 2.6629E-5 1.78608E-5 1.0779E-5 1.5017E-5 2.74658E-5 2.87341E-5 2.76628E-5 3.67436E-5 3.60595E-5 2.95071E-5 3.07661E-5 3.18264E-5 2.17005E-5 8.7698E-6 2.74406E-6 9.59491E-7 8.81432E-7 1.81536E-6 1.24122E-5 8.64406E-6 2.00866E-5 9.88961E-6 1.69866E-5 1.31923E-5 1.16275E-5 2.19372E-5 1.30427E-5
-9999 4.11494E-4 4.00592E-4 5.17932E-4 4.59239E-4 4.2958E-4 3.7754E-4 2.88249E-4 1.9277E-4 1.53645E-4 1.20769E-4 8.15059E-5 4.96898E-5 4.48012E-6 8.69769E-6 8.84573E-6 1.08737E-5 1.06901E-5 1.0383E-5 1.58263E-5 1.93649E-5 1.54215E-5 2.65351E-5 3.02554E-5 4.67204E-5 2.95567E-5 5.43857E-5 3.48952E-5 4.30182E-5 5.29557E-5 3.5524E-5 4.45797E-5 2.72686E-5 3.0375E-5 4.51707E-5 2.71708E-5 4.60665E-5 3.09027E-5 3.71068E-5 3.8313E-5 4.30097E-5 4.1042E-5 3.98974E-5 4.03227E-5 3.93036E-5 3.91727E-5 3.82977E-5 3.70131E-5 3.61213E-5 3.53165E-5 3.43841E-5 1.43137E-5 1.1002E-5 1.53413E-5 3.50487E-6 9.9034E-6 1.39694E-5 8.84986E-6 4.00823E-6 2.80526E-5 2.02545E-5 1.33372E-5 9.27501E-6 7.12241E-6 1.77002E-5 2.41827E-5
-9999 2.56164E-4 5.56017E-4 5.74211E-4 4.96946E-4 4.30997E-4 3.72179E-4 2.72472E-4 1.77346E-4 1.29912E-4 1.07331E-4 7.91079E-5 5.32519E-5 3.45073E-5 2.00731E-5 5.79793E-6 8.38763E-6 6.98892E-6 6.16871E-6 1.47111E-5 2.45527E-5 2.28724E-5 1.55616E-5 2.32734E-5 3.19761E-5 3.39689E-5 3.40036E-5 2.32704E-5 3.8476E-5 4.73249E-5 3.20045E-5 3.72193E-5 1.69429E-5 1.42346E-5 3.77922E-5 3.98651E-5 1.89545E-5 3.77583E-5 4.0209E-5 4.22292E-5 4.21753E-5 3.63068E-5 4.16309E-5 4.15664E-5 3.45598E-5 3.93406E-5 3.90503E-5 2.8833E-5 2.23473E-5 2.31385E-5 3.60914E-5 2.32331E-5 1.48673E-5 2.31858E-5 5.81822E-6 1.07271E-5 2.14519E-5 1.69588E-5 1.49986E-5 2.77583E-5 1.33858E-5 3.8033E-6 8.32917E-6 1.65615E-5 1.42641E-5 1.33766E-5
-9999 3.30999E-4 3.13141E-4 5.20217E-4 4.91426E-4 4.20519E-4 3.28603E-4 2.46918E-4 2.11731E-4 1.49961E-4 9.84541E-5 5.45341E-5 4.23381E-5 3.04331E-5 1.31035E-5 4.25337E-6 1.13128E-5 1.22223E-5 1.38421E-5 9.42351E-6 9.96723E-6 2.09865E-5 1.29532E-5 1.08246E-5 1.62086E-5 2.21654E-5 2.53192E-5 3.30681E-5 3.71352E-5 2.93474E-5 4.98731E-5 3.40886E-5 1.3655E-5 2.78722E-5 2.80027E-5 1.63759E-5 3.49453E-5 3.06136E-5 3.78298E-5 3.46035E-5 3.83181E-5 1.4109E-5 3.91859E-5 2.66967E-5 3.79191E-5 2.98444E-5 3.16384E-5 3.66382E-5 2.77288E-5 1.28011E-5 3.77571E-5 2.32746E-5 2.27348E-5 3.38522E-5 2.25014E-5 2.26939E-5 1.25074E-5 8.20459E-6 1.2008E-5 1.21908E-5 5.68442E-6 3.61582E-6 6.54463E-6 2.66846E-6 6.56299E-6 4.62233E-6
-9999 -9999 2.36318E-4 5.35468E-4 4.97517E-4 4.17601E-4 2.83628E-4 2.07267E-4 1.52681E-4 1.16616E-4 8.2896E-5 6.75779E-5 3.34202E-5 1.47092E-5 1.09378E-5 6.5096E-6 1.38938E-5 1.18045E-5 1.1142E-5 9.44742E-6 1.27987E-5 8.23156E-6 1.00286E-5 2.07409E-5 2.88609E-5 1.65902E-5 1.38362E-5 2.72171E-5 3.82123E-5 3.44762E-5 4.74329E-5 2.80861E-5 2.65632E-5 2.20485E-5 1.22365E-5 2.17976E-5 1.68255E-5 8.09499E-6 2.15236E-5 2.54244E-5 1.89858E-5 1.37682E-5 1.05967E-5 6.58287E-6 7.03533E-6 3.10053E-5 2.65574E-5 2.97393E-5 2.36567E-5 1.11788E-5 2.09912E-5 2.89278E-5 1.08832E-5 2.09003E-5 1.46009E-5 1.7685E-5 8.43167E-6 7.5107E-6 9.60934E-6 1.93595E-6 5.0646E-7 1.91585E-6 1.33023E-5 8.99901E-6 2.08425E-6 6.92538E-6
-9999 -9999 3.6484E-4 5.06659E-4 4.52203E-4 1.6765E-4 6.90925E-5 5.40734E-5 7.29868E-5 3.91196E-5 5.96141E-5 1.91718E-5 1.04077E-5 1.52091E-5 4.87006E-6 6.25614E-6 1.68912E-5 1.36271E-5 1.27122E-5 7.72521E-6 8.84711E-6 9.22273E-6 5.21119E-6 9.34936E-6 2.26118E-5 2.11695E-5 2.7548E-5 2.97746E-5 3.10902E-5 3.78835E-5 2.79456E-5 1.77278E-5 1.01866E-5 3.19551E-5 3.22173E-5 3.2572E-5 2.91308E-5 2.64823E-5 2.73357E-5 2.80363E-5 2.40656E-5 2.71847E-5 2.97993E-5 1.93506E-5 1.74992E-5 2.58763E-5 5.23715E-6 3.54555E-5 8.15892E-6 1.29222E-5 1.3137E-5 1.06538E-5 1.72849E-5 1.34439E-5 4.6535E-6 4.82102E-7 5.24669E-6 2.96146E-6 7.47584E-6 2.41604E-6 1.6621E-6 6.78412E-7 8.47012E-7 1.21429E-6 7.14495E-7 3.51032E-7
-9999 -9999 2.45929E-4 4.89863E-4 1.61445E-4 5.2837E-5 3.53403E-5 2.1149E-5 2.69721E-5 4.58939E-5 3.33051E-5 2.3364E-6 1.59556E-6 3.29434E-6 9.69166E-6 1.03582E-5 1.72762E-5 2.26907E-5 2.21574E-5 1.20881E-5 1.77112E-5 5.37516E-6 5.11107E-6 1.01684E-5 2.57481E-5 3.17594E-5 3.09566E-5 1.45373E-5 1.46685E-5 1.43533E-5 1.95466E-5 4.85233E-6 1.1176E-5 1.63637E-5 6.98509E-6 2.24493E-6 3.53834E-6 6.40031E-6 2.95108E-6 1.13958E-5 1.52973E-5 2.20392E-5 1.32741E-5 1.34057E-5 1.31761E-5 1.30322E-5 2.09163E-6 4.87708E-6 5.10348E-6 5.5271E-6 1.81087E-6 2.7327E-6 3.04971E-6 2.38617E-6 1.67163E-6 7.462E-7 9.84447E-6 1.17771E-5 3.66834E-6 2.99636E-6 1.50105E-6 6.55973E-7 4.81203E-6 3.25337E-6 2.0355E-6 8.94595E-7
-9999 -9999 3.52717E-4 5.00219E-4 1.25895E-4 3.43724E-5 4.99362E-5 4.48003E-5 3.90918E-5 4.31512E-5 2.23237E-5 3.30389E-6 6.33766E-7 8.27582E-7 5.57502E-6 5.94425E-6 1.07827E-5 1.11206E-5 1.85949E-5 2.83912E-5 2.175E-5 3.05769E-6 1.69341E-5 1.07469E-5 2.57535E-5 2.19916E-5 3.20058E-5 1.38043E-5 2.01609E-5 1.4086E-5 1.43096E-5 1.31969E-5 1.1761E-5 1.13079E-5 8.036E-6 8.52813E-7 9.98646E-7 1.19314E-6 7.92623E-7 4.17798E-6 8.11227E-6 1.07448E-5 1.55716E-5 2.08371E-5 1.82473E-5 2.27548E-5 8.34355E-6 7.98632E-6 2.27619E-6 3.23669E-6 1.07557E-5 8.78234E-6 3.26431E-6 2.57285E-6 5.1767E-6 3.06635E-6 1.24802E-5 1.14672E-5 9.16675E-6 1.86889E-6 1.17659E-6 2.1361E-6 2.48654E-6 1.67003E-6 1.31959E-6 1.64484E-6
-9999 2.88674E-4 1.61775E-4 2.88345E-4 7.08325E-5 5.61479E-5 1.05649E-4 8.8268E-5 4.44427E-5 5.43219E-5 1.89356E-5 1.04424E-5 2.26333E-6 9.42506E-7 2.53797E-6 5.68529E-6 4.49896E-6 4.23851E-6 6.52235E-6 4.56693E-6 8.79346E-6 1.54762E-5 5.40673E-6 6.21277E-6 1.15511E-5 1.1113E-5 1.96343E-5 1.83915E-5 4.49505E-6 6.33201E-6 9.06799E-6 1.78396E-5 1.69664E-5 1.4781E-5 5.28401E-6 4.34421E-6 5.78062E-6 1.35688E-6 1.32443E-6 2.33968E-6 9.82895E-6 6.55247E-6 4.37275E-6 1.63424E-5 1.65111E-5 2.20704E-5 1.04226E-5 2.19707E-5 1.76794E-5 1.41509E-5 4.63976E-6 1.38069E-6 3.51387E-6 4.96048E-6 6.06453E-6 7.0947E-6 6.4822E-6 2.15308E-6 2.11303E-6 1.07322E-6 1.238E-6 4.80324E-6 5.57097E-7 1.79824E-7 8.56499E-7 5.60227E-6
-9999 3.44933E-5 1.14246E-4 2.25399E-4 3.63161E-5 9.41212E-5 8.72039E-5 6.12378E-5 2.87316E-5 3.54511E-5 1.30891E-5 1.19181E-5 1.05769E-5 1.20017E-5 6.10996E-6 8.27826E-6 9.4029E-6 8.18439E-6 6.21556E-6 9.34874E-6 4.12313E-6 4.32184E-6 7.45569E-6 4.29009E-6 6.47714E-6 5.95376E-6 6.41461E-6 8.97727E-6 2.41364E-6 4.1903E-6 9.79944E-6 1.49488E-5 9.49199E-6 1.59078E-5 4.69388E-6 1.92722E-6 2.63112E-6 1.31461E-6 8.43125E-7 1.14169E-6 2.9589E-6 2.26006E-6 5.94473E-6 9.86798E-6 1.14648E-5 1.3248E-5 1.22409E-5 8.49636E-6 6.4151E-6 1.28146E-5 5.90992E-6 5.12793E-6 2.30002E-6 3.08273E-6 7.36543E-6 6.84865E-6 2.47305E-6 1.56033E-6 2.01355E-6 1.61865E-6 4.44543E-6 9.91942E-7 4.98877E-6 5.20726E-7 2.32248E-6 1.22354E-6
-9999 9.66933E-5 6.18267E-5 5.61729E-5 1.25349E-4 1.04757E-4 7.0802E-5 7.49666E-5 8.87812E-5 6.5851E-5 3.08712E-5 1.31595E-5 5.02484E-6 8.94389E-6 1.01893E-5 6.45223E-6 7.12549E-6 8.88617E-6 8.73974E-6 6.95677E-6 6.20843E-6 4.79104E-6 6.51314E-6 1.10407E-5 1.64724E-5 6.10113E-6 3.83566E-6 5.8227E-7 7.36237E-6 7.94201E-7 5.71697E-6 2.12042E-6 2.0011E-6 5.32845E-6 3.08384E-6 3.75273E-6 1.42874E-6 2.04706E-6 1.12642E-6 2.35006E-6 1.4504E-6 7.82371E-7 1.46175E-6 8.74287E-6 2.26106E-6 3.31615E-6 3.11101E-6 2.31281E-6 8.52867E-7 2.10113E-6 4.18183E-6 1.11118E-5 1.63645E-5 9.75017E-6 4.98463E-6 2.21259E-6 7.94838E-6 9.68503E-6 3.35171E-6 4.74603E-6 1.78972E-6 2.97743E-6 7.8649E-6 1.23674E-6 4.37019E-7 1.21994E-6
-9999 3.18116E-4 2.43927E-5 1.55708E-5 3.06132E-5 7.5822E-5 7.01735E-5 8.86617E-5 7.17431E-5 2.54699E-5 1.43419E-5 1.09485E-5 3.78691E-6 8.41401E-6 2.30279E-5 2.72005E-5 1.77396E-5 7.04469E-6 5.81169E-6 4.36448E-6 9.2862E-6 8.12245E-6 5.6211E-6 1.11651E-5 7.30755E-6 4.27469E-6 1.75149E-6 4.88977E-7 1.81906E-6 4.54258E-7 1.30638E-6 7.59259E-7 1.11863E-6 2.23705E-6 2.22614E-6 4.47638E-6 1.01903E-5 1.03642E-5 2.39783E-6 1.04685E-6 1.0241E-6 1.88503E-6 1.3157E-6 3.34211E-6 4.19353E-6 6.8231E-6 3.39773E-6 4.12964E-6 1.11113E-5 3.42166E-6 3.10265E-6 4.33196E-6 1.65502E-5 1.25403E-5 6.38068E-6 5.82899E-6 3.02697E-6 7.37362E-6 5.39093E-6 5.41652E-6 5.21725E-6 2.98806E-6 5.46964E-6 2.16297E-6 3.81426E-6 2.47838E-6
-9999 3.60876E-4 3.38341E-5 5.07024E-5 3.0876E-5 1.65702E-5 1.17378E-4 7.07475E-5 3.22561E-5 2.49884E-5 2.14958E-5 9.91423E-6 2.55518E-5 1.22506E-5 1.7734E-5 1.36788E-5 1.10462E-5 9.64813E-6 6.6533E-6 2.45739E-6 5.35926E-6 1.91405E-5 1.398E-5 7.00844E-6 9.2019E-6 2.62104E-6 4.95012E-7 6.26805E-7 1.14329E-6 3.4869E-6 4.7886E-6 2.80923E-6 3.462E-6 3.12307E-6 2.73795E-6 9.62548E-6 1.05815E-5 1.09535E-5 2.11023E-6 1.53004E-6 6.00217E-7 1.85941E-6 1.12526E-6 2.32122E-6 1.69951E-6 3.57476E-6 3.04892E-6 6.54621E-6 1.15282E-5 4.69378E-6 5.3535E-6 5.99098E-6 2.18412E-6 8.73533E-6 6.0271E-6 1.52836E-6 3.1077E-6 1.00046E-5 2.12823E-6 1.86559E-6 4.42222E-7 2.46113E-7 2.11999E-7 7.43897E-7 1.95312E-7 1.2412E-6
3.99948E-4 3.78624E-4 1.64862E-4 4.66851E-5 6.02044E-5 7.43446E-5 8.47583E-5 9.51903E-5 1.51372E-5 3.10965E-5 2.38837E-5 2.31109E-5 9.20027E-6 1.20108E-5 6.255E-6 2.39631E-6 1.00398E-5 7.80271E-6 1.04399E-5 6.73863E-6 6.35892E-6 5.98498E-6 1.14346E-5 5.47107E-6 3.13337E-6 9.31652E-7 6.22887E-6 1.88746E-6 4.77239E-6 1.14773E-5 2.3658E-6 4.09384E-6 2.60412E-6 1.30704E-6 8.79353E-7 3.95917E-6 5.94698E-6 3.05229E-6 4.25129E-6 2.54168E-6 1.27195E-6 5.0129E-7 2.75638E-6 4.09735E-6 8.59479E-6 2.53409E-6 1.94417E-6 1.94433E-6 1.56258E-6 1.46678E-6 4.00438E-6 3.1711E-6 4.00275E-6 7.28809E-6 8.87579E-6 9.79628E-6 4.7867E-6 2.45912E-6 3.45475E-6 1.47039E-6 2.64888E-7 5.73216E-7 3.94072E-6 1.63305E-6 3.15919E-6 2.11057E-6
1.38195E-4 1.41691E-4 2.50424E-4 2.68216E-5 1.60674E-5 1.67064E-4 1.38913E-4 1.17757E-4 5.32406E-5 1.68404E-5 1.26331E-5 1.46737E-5 1.64408E-5 5.99078E-6 3.99974E-6 4.4102E-6 1.00017E-6 7.56395E-6 1.10346E-5 1.34846E-5 3.35297E-6 5.86512E-6 1.29056E-5 1.44428E-5 8.83464E-6 5.99885E-7 9.8626E-7 2.87235E-6 4.30432E-6 7.22214E-6 3.97507E-6 1.68944E-6 1.212E-6 7.93782E-7 1.15454E-6 1.11016E-5 4.23128E-6 1.42855E-6 3.42658E-6 3.36555E-6 4.5167E-6 2.24304E-6 2.18694E-6 3.93071E-6 1.16809E-5 5.04253E-6 1.0605E-6 1.95188E-6 3.17538E-6 1.62602E-6 5.41284E-6 2.04938E-5 1.98032E-5 5.79598E-6 1.42044E-6 7.56241E-6 6.31487E-6 2.99677E-6 2.31732E-6 1.36418E-6 5.04461E-6 1.05442E-6 5.52755E-6 3.49295E-6 2.85034E-6 4.9491E-6
-9999 1.27591E-4 2.74586E-5 2.67028E-5 1.94182E-5 5.8418E-5 1.71436E-4 2.58279E-5 1.97891E-5 1.88964E-5 3.98928E-6 1.21127E-5 3.00305E-6 3.31722E-6 5.80369E-6 2.83171E-6 3.66756E-6 2.27966E-6 9.43353E-7 6.77196E-6 9.18652E-6 7.68152E-6 3.33699E-6 7.92978E-6 7.80256E-6 3.22747E-6 1.77175E-6 6.88743E-7 9.50719E-7 6.67707E-6 3.03562E-6 3.01401E-6 2.15407E-6 1.27151E-6 1.36553E-6 1.28993E-6 1.9111E-6 4.3583E-7 9.09924E-7 2.0447E-6 3.40689E-6 8.28868E-6 7.5198E-6 5.00519E-6 7.05061E-6 1.03582E-5 3.76244E-6 4.3069E-6 1.53616E-6 2.81242E-6 3.16621E-6 2.2763E-6 9.30454E-6 5.26631E-6 1.49318E-6 1.01334E-6 3.42885E-6 8.17777E-7 7.14883E-7 1.99186E-6 8.87646E-7 2.21252E-6 2.83642E-6 4.07895E-6 3.95441E-6 9.61695E-6
-9999 3.29996E-4 1.76441E-4 3.96986E-5 1.67393E-5 3.36135E-5 4.31913E-5 5.59192E-5 4.27439E-5 8.66307E-5 6.84968E-6 3.43797E-6 1.48674E-6 3.60384E-6 4.44364E-6 9.80469E-6 7.86946E-6 4.13794E-6 5.27032E-6 6.49445E-6 8.88332E-6 1.09313E-5 5.77942E-6 9.22779E-6 8.95202E-6 1.4948E-5 8.10181E-6 5.89003E-6 2.81142E-6 5.86595E-6 6.8113E-6 3.33994E-6 3.55326E-6 5.64791E-6 3.72538E-6 7.43099E-6 1.98687E-6 5.39149E-7 9.81596E-7 1.08723E-6 4.95804E-7 2.00098E-6 1.02773E-5 4.93362E-6 2.98574E-6 3.38844E-6 3.70625E-6 5.68758E-6 4.5367E-6 1.3724E-6 9.26812E-7 2.28757E-6 3.18998E-6 5.09648E-6 9.51702E-6 6.17642E-6 2.62474E-7 3.05465E-6 1.88025E-6 2.87434E-6 2.95156E-6 1.23798E-5 1.69708E-5 8.55457E-6 1.80934E-5 6.86514E-6
-9999 1.65821E-4 2.02503E-4 1.32736E-4 2.47724E-5 1.73621E-4 3.56919E-5 5.7465E-5 1.28064E-4 8.75417E-5 2.3824E-5 6.41358E-6 5.69294E-6 5.62678E-6 7.11341E-6 1.60027E-5 2.10001E-5 1.41601E-5 2.16482E-5 2.61055E-5 2.51645E-5 2.56614E-5 2.23973E-5 1.12074E-5 7.89837E-6 6.10316E-6 1.00705E-5 1.75166E-5 3.10638E-5 1.60836E-5 6.52546E-6 2.44648E-6 5.37486E-6 1.83603E-6 2.01185E-6 7.31658E-6 1.29603E-5 8.34207E-6 5.87935E-6 1.00867E-6 5.82574E-7 8.23609E-7 2.31558E-6 4.81187E-6 4.81705E-6 6.84585E-6 2.44831E-6 4.55067E-6 2.27124E-6 2.26537E-6 1.35984E-6 7.2765E-7 1.16207E-6 1.38021E-5 7.77723E-6 1.33622E-5 9.7724E-6 2.72645E-6 2.33972E-6 2.89048E-6 3.16775E-6 1.38266E-5 9.15975E-6 1.54422E-5 8.67156E-6 3.05714E-6
-9999 4.1263E-4 1.19206E-4 7.2912E-5 6.5196E-6 1.1704E-4 1.22015E-4 3.82766E-5 1.26502E-4 1.22821E-4 7.00332E-5 1.07005E-5 8.28762E-6 9.43089E-7 4.0718E-6 4.55354E-6 3.53048E-6 8.49108E-6 1.17948E-5 7.30051E-6 5.98142E-6 1.29941E-5 4.10368E-5 4.15555E-5 1.72725E-5 9.19752E-6 7.89251E-6 2.16367E-5 4.16947E-5 1.86552E-5 1.45026E-5 4.67154E-6 8.13186E-6 9.92697E-6 2.2525E-6 6.01903E-6 6.84999E-6 3.91127E-6 8.99972E-6 3.32847E-6 4.74528E-7 8.98631E-7 1.44262E-6 2.09851E-6 2.1726E-6 4.02925E-6 1.11229E-5 9.18878E-6 8.21254E-6 2.38164E-6 2.57107E-6 2.76208E-6 7.63601E-7 2.59881E-6 5.92482E-6 3.38544E-6 2.19821E-5 5.94471E-6 1.84038E-6 4.86141E-6 3.12857E-6 2.95912E-6 2.50244E-6 2.19241E-6 2.18283E-6 7.82571E-7
-9999 2.41938E-4 1.41034E-4 2.02296E-4 2.47993E-5 6.78948E-5 1.74102E-4 1.67305E-4 1.79212E-4 1.66489E-4 1.18993E-4 3.46934E-5 2.16967E-5 1.69314E-6 6.06033E-7 4.44681E-6 6.05392E-6 7.12156E-6 6.72299E-6 7.60601E-6 1.40778E-5 2.02538E-5 2.81356E-5 2.82009E-5 2.35499E-5 1.59949E-5 1.53865E-5 1.20946E-5 1.42045E-5 1.55009E-5 8.70478E-6 1.92996E-6 4.00221E-6 4.47009E-6 1.89792E-6 1.28916E-6 4.58362E-6 6.27304E-6 2.16873E-6 8.23945E-6 2.9659E-6 6.24288E-6 3.91618E-6 2.87269E-6 2.44585E-6 8.45327E-6 8.32686E-6 1.53152E-5 1.04547E-5 9.26431E-6 1.27683E-5 1.97938E-5 1.35662E-5 6.2745E-6 1.10126E-5 6.82905E-6 1.21362E-5 8.56997E-6 1.41561E-6 2.12421E-6 1.02652E-6 6.07155E-6 1.06799E-6 3.01444E-6 1.26627E-6 1.2547E-6
-9999 4.54143E-4 5.72872E-4 1.57977E-4 1.75717E-4 1.75516E-4 2.06203E-4 2.8685E-4 2.0161E-4 2.11518E-4 1.48383E-4 1.46067E-5 3.44138E-6 4.65211E-6 8.83447E-6 9.82631E-6 7.69872E-6 4.08754E-6 1.13763E-5 7.79504E-6 2.29779E-5 1.25645E-5 7.44522E-6 6.73409E-6 7.09067E-6 6.54797E-6 7.72728E-6 2.46743E-6 2.79576E-6 4.08715E-6 1.41008E-5 7.29868E-6 7.14528E-6 1.1218E-5 9.83855E-6 4.44284E-6 4.81047E-6 1.40036E-6 1.60809E-6 1.69117E-6 3.68532E-6 6.4214E-6 3.02135E-6 2.42422E-6 1.13488E-6 3.45853E-6 1.20153E-5 1.41515E-5 1.926E-5 5.73398E-6 1.55574E-5 1.89591E-5 3.76947E-5 2.57976E-5 1.32145E-5 7.45348E-6 2.44392E-6 5.12762E-6 1.72703E-6 2.06651E-6 5.4685E-7 4.69545E-6 7.41181E-6 2.27038E-6 1.13116E-6 2.82117E-5
-9999 1.04357E-3 1.08921E-3 6.35348E-4 3.7709E-4 2.56503E-4 6.36163E-5 1.15904E-4 1.3518E-4 9.04283E-5 3.24282E-5 3.75918E-6 1.43476E-6 5.5303E-6 1.04922E-5 4.71268E-6 6.99542E-6 9.12251E-6 6.79019E-6 1.02759E-5 1.35105E-5 8.633E-6 5.2774E-6 4.1645E-6 4.30657E-6 1.01144E-5 1.14256E-5 9.42031E-6 4.25259E-6 7.82323E-6 1.04079E-5 7.72237E-6 9.73233E-6 5.1447E-6 2.73829E-6 4.70561E-6 3.88113E-6 6.34628E-6 1.06747E-5 7.63839E-6 1.07172E-5 1.48024E-6 4.26098E-6 2.25646E-6 3.99613E-6 5.26761E-6 9.46006E-6 2.19308E-5 1.26504E-5 6.03764E-6 1.14984E-5 3.27023E-5 3.99311E-5 3.3521E-5 4.39609E-6 3.74864E-6 2.05543E-6 1.38361E-6 2.02734E-6 3.98519E-6 1.01616E-6 1.62752E-6 2.09928E-5 6.49014E-6 2.89175E-6 7.81639E-6
-9999 1.71507E-3 1.65198E-3 4.5423E-4 1.40734E-4 9.59775E-5 8.00178E-5 1.8799E-4 6.36361E-5 6.52267E-5 1.15398E-5 2.60013E-6 4.33697E-7 4.9293E-6 1.01105E-5 8.37357E-6 1.49808E-5 3.78182E-6 4.34401E-6 2.41107E-6 6.88538E-6 1.35634E-6 3.85854E-6 1.12312E-5 4.05729E-6 4.11358E-6 5.10617E-6 8.35176E-6 2.70716E-6 6.47219E-6 4.76845E-6 2.2199E-6 1.99862E-6 2.11573E-6 6.88551E-7 6.27043E-7 4.48835E-7 4.48265E-6 1.11582E-5 5.24368E-6 1.08565E-5 2.81804E-6 2.2058E-6 3.79903E-6 2.36631E-5 3.68233E-5 2.81991E-5 2.48643E-5 5.917E-6 2.92805E-5 2.0384E-5 1.84834E-5 2.05831E-5 1.91013E-5 3.21506E-6 1.99771E-6 1.72506E-6 4.92287E-7 5.31894E-6 3.91396E-6 4.28316E-6 1.12887E-5 5.35207E-6 1.0202E-5 9.9352E-6 3.49911E-5
-9999 -9999 7.56432E-4 2.75217E-4 1.19998E-4 4.48151E-5 1.81875E-4 1.46639E-4 1.81903E-4 3.223E-5 5.50962E-6 5.14838E-6 1.55006E-6 3.0176E-6 4.16007E-6 1.01925E-5 1.5315E-5 7.48726E-6 7.76509E-6 6.94227E-6 1.06938E-5 1.11776E-5 6.35859E-6 4.2486E-6 5.06927E-6 3.73431E-6 5.19121E-6 9.67573E-6 5.57443E-6 6.78489E-6 4.06303E-6 5.39118E-6 7.42711E-6 1.27216E-5 9.27338E-6 1.52844E-6 2.73809E-6 2.5815E-6 7.84403E-6 3.77018E-6 9.70568E-6 8.48845E-6 5.36705E-6 2.43401E-6 3.7833E-6 5.60435E-6 2.5799E-6 2.89494E-6 5.51804E-6 4.61885E-6 3.67058E-6 1.1556E-5 6.67237E-6 5.68876E-6 6.39207E-6 5.82515E-6 1.45337E-6 1.00421E-6 1.75006E-6 5.54679E-6 1.0034E-5 2.8058E-5 2.31726E-5 2.15415E-5 2.93427E-5 3.17032E-5
