catData/rasterBestHybridModels/Pviverrinus/RD_BM01_RM1.5_L/Pviverrinus_max.asc
ncols         409
nrows         350
xllcorner     60.897278365
yllcorner     5.843756025
cellsize      0.0892857
NODATA_value  -9999
[rows 87 to 115 of 350, columns 264 to 329 of 409]
-9999 -9999 -9999 -9999 -9999 -9999 -9999 -9999 -9999 -9999 -9999 -9999 -9999 -9999 -9999 -9999 -9999 -9999 -9999 -9999 -9999 -9999 -9999 -9999 -9999 -9999 -9999 -9999 -9999 -9999 -9999 -9999 -9999 -9999 -9999 -9999 -9999 -9999 -9999 -9999 -9999 -9999 -9999 -9999 -9999 -9999 -9999 -9999 -9999 -9999 -9999 -9999 -9999 -9999 -9999 -9999 -9999 -9999 -9999 -9999 -9999 -9999 -9999 -9999 -9999 -9999
-9999 -9999 -9999 -9999 -9999 -9999 -9999 -9999 -9999 -9999 -9999 -9999 -9999 -9999 -9999 -9999 -9999 -9999 -9999 -9999 -9999 -9999 -9999 -9999 -9999 -9999 -9999 -9999 -9999 -9999 -9999 -9999 -9999 -9999 -9999 -9999 -9999 -9999 -9999 -9999 -9999 -9999 -9999 -9999 -9999 -9999 -9999 -9999 -9999 -9999 -9999 -9999 -9999 -9999 -9999 -9999 -9999 -9999 -9999 -9999 -9999 -9999 -9999 -9999 -9999 -9999
-9999 -9999 -9999 -9999 -9999 -9999 -9999 -9999 -9999 -9999 -9999 -9999 -9999 -9999 -9999 -9999 -9999 -9999 -9999 -9999 -9999 -9999 -9999 -9999 -9999 -9999 -9999 -9999 -9999 -9999 -9999 -9999 -9999 -9999 -9999 -9999 -9999 -9999 -9999 -9999 -9999 -9999 -9999 -9999 -9999 -9999 -9999 -9999 -9999 -9999 -9999 -9999 -9999 -9999 -9999 -9999 -9999 -9999 -9999 -9999 -9999 -9999 -9999 -9999 -9999 -9999
-9999 -9999 -9999 -9999 -9999 -9999 -9999 -9999 -9999 -9999 -9999 -9999 -9999 -9999 -9999 -9999 -9999 -9999 -9999 -9999 -9999 -9999 -9999 -9999 -9999 -9999 -9999 -9999 -9999 -9999 -9999 -9999 -9999 -9999 -9999 -9999 -9999 -9999 -9999 -9999 -9999 -9999 -9999 -9999 -9999 -9999 -9999 -9999 -9999 -9999 -9999 -9999 -9999 -9999 -9999 -9999 -9999 -9999 -9999 -9999 -9999 -9999 -9999 -9999 -9999 -9999
-9999 -9999 -9999 -9999 -9999 -9999 -9999 -9999 -9999 -9999 -9999 -9999 -9999 -9999 -9999 -9999 -9999 -9999 -9999 -9999 -9999 -9999 -9999 -9999 -9999 -9999 -9999 -9999 -9999 -9999 -9999 -9999 -9999 -9999 -9999 -9999 -9999 -9999 -9999 -9999 -9999 -9999 -9999 -9999 -9999 -9999 -9999 -9999 -9999 -9999 -9999 -9999 -9999 -9999 -9999 -9999 -9999 -9999 -9999 -9999 -9999 -9999 -9999 -9999 -9999 -9999
-9999 -9999 -9999 -9999 -9999 -9999 -9999 -9999 -9999 -9999 -9999 -9999 -9999 -9999 -9999 -9999 -9999 -9999 -9999 -9999 -9999 -9999 -9999 -9999 -9999 -9999 -9999 -9999 -9999 -9999 -9999 -9999 -9999 -9999 -9999 -9999 -9999 -9999 -9999 -9999 -9999 -9999 -9999 -9999 -9999 -9999 -9999 -9999 -9999 -9999 -9999 -9999 -9999 -9999 -9999 -9999 -9999 -9999 -9999 -9999 -9999 -9999 -9999 -9999 -9999 -9999
-9999 6.83854E-11 -9999 -9999 -9999 -9999 -9999 -9999 -9999 -9999 -9999 -9999 -9999 -9999 -9999 -9999 -9999 -9999 -9999 -9999 -9999 -9999 -9999 -9999 -9999 -9999 -9999 -9999 -9999 -9999 -9999 -9999 -9999 -9999 -9999 -9999 -9999 -9999 -9999 -9999 -9999 -9999 -9999 -9999 -9999 -9999 -9999 -9999 -9999 -9999 -9999 -9999 -9999 -9999 -9999 -9999 -9999 -9999 -9999 -9999 -9999 -9999 -9999 -9999 -9999 -9999
1.58604E-10 2.03734E-10 -9999 -9999 -9999 -9999 1.33462E-10 2.24066E-10 -9999 -9999 -9999 -9999 -9999 -9999 -9999 -9999 -9999 -9999 -9999 -9999 -9999 -9999 -9999 -9999 -9999 -9999 -9999 -9999 -9999 -9999 -9999 -9999 -9999 -9999 -9999 -9999 -9999 -9999 -9999 -9999 -9999 -9999 -9999 -9999 -9999 -9999 -9999 -9999 -9999 -9999 -9999 -9999 -9999 -9999 -9999 -9999 -9999 -9999 -9999 -9999 -9999 -9999 -9999 -9999 -9999 -9999
1.55603E-10 2.33856E-10 1.95963E-9 1.51244E-8 6.06848E-9 2.0259E-10 8.21815E-11 1.87963E-10 -9999 -9999 -9999 -9999 -9999 -9999 -9999 -9999 -9999 -9999 -9999 -9999 -9999 -9999 -9999 -9999 -9999 -9999 -9999 -9999 -9999 -9999 -9999 -9999 -9999 -9999 -9999 -9999 -9999 -9999 -9999 -9999 -9999 -9999 -9999 -9999 -9999 -9999 -9999 -9999 -9999 -9999 -9999 -9999 -9999 -9999 -9999 -9999 -9999 -9999 -9999 -9999 -9999 -9999 -9999 -9999 -9999 -9999
6.47288E-10 9.83239E-11 2.60746E-10 4.01297E-9 7.56098E-8 1.03935E-8 2.58763E-10 2.61126E-10 -9999 -9999 -9999 -9999 -9999 -9999 -9999 -9999 -9999 -9999 -9999 -9999 -9999 -9999 -9999 -9999 -9999 -9999 -9999 -9999 -9999 -9999 -9999 -9999 -9999 -9999 -9999 -9999 -9999 -9999 -9999 -9999 -9999 -9999 -9999 -9999 -9999 -9999 -9999 -9999 -9999 -9999 -9999 -9999 -9999 -9999 -9999 -9999 -9999 -9999 -9999 -9999 -9999 -9999 -9999 -9999 -9999 -9999
9.67894E-9 6.07192E-10 2.94288E-10 8.76297E-10 1.18752E-7 5.9761E-8 3.06821E-9 -9999 -9999 -9999 -9999 -9999 -9999 -9999 -9999 -9999 -9999 -9999 -9999 -9999 -9999 -9999 -9999 -9999 -9999 -9999 -9999 -9999 -9999 -9999 -9999 -9999 -9999 -9999 -9999 -9999 -9999 -9999 -9999 -9999 -9999 -9999 -9999 -9999 -9999 -9999 -9999 -9999 -9999 -9999 -9999 -9999 -9999 -9999 -9999 -9999 -9999 -9999 -9999 -9999 -9999 -9999 -9999 -9999 -9999 -9999
1.98624E-7 1.42812E-8 8.9502E-9 9.4785E-9 2.91996E-7 3.44097E-8 1.02455E-8 6.11341E-10 3.65439E-10 -9999 -9999 8.47133E-10 -9999 -9999 -9999 -9999 -9999 -9999 -9999 -9999 -9999 -9999 -9999 -9999 -9999 -9999 -9999 -9999 -9999 -9999 -9999 -9999 -9999 -9999 -9999 -9999 -9999 -9999 -9999 -9999 -9999 -9999 -9999 -9999 -9999 -9999 -9999 -9999 -9999 -9999 -9999 -9999 -9999 -9999 -9999 -9999 -9999 -9999 -9999 -9999 -9999 -9999 1.90654E-11 -9999 1.39281E-11 -9999
2.80308E-6 1.51039E-6 1.73979E-6 3.0141E-7 2.67318E-6 4.66186E-8 1.6388E-7 2.62025E-8 4.42824E-9 6.6199E-8 1.25307E-8 7.32145E-10 3.65365E-10 1.4181E-10 -9999 -9999 -9999 -9999 -9999 -9999 -9999 -9999 -9999 -9999 -9999 -9999 -9999 -9999 -9999 -9999 -9999 -9999 -9999 -9999 -9999 -9999 -9999 -9999 -9999 -9999 -9999 -9999 -9999 -9999 -9999 -9999 -9999 -9999 -9999 -9999 -9999 -9999 -9999 -9999 -9999 -9999 -9999 -9999 -9999 -9999 3.66338E-11 9.18212E-12 1.08922E-11 1.54972E-11 7.08928E-12 -9999
2.86657E-5 1.47983E-5 1.3689E-5 2.95714E-6 4.97677E-6 3.7608E-7 9.36737E-7 2.86528E-8 1.32609E-7 2.15628E-7 6.5397E-9 4.47276E-10 4.31387E-10 4.75936E-10 6.45941E-10 2.47501E-10 -9999 -9999 -9999 -9999 -9999 -9999 -9999 -9999 -9999 -9999 -9999 -9999 -9999 -9999 -9999 -9999 -9999 -9999 -9999 -9999 -9999 -9999 -9999 -9999 -9999 -9999 -9999 -9999 -9999 -9999 -9999 -9999 -9999 -9999 -9999 -9999 -9999 -9999 -9999 -9999 -9999 2.49311E-10 4.60504E-10 2.06036E-10 1.0967E-10 1.1982E-10 1.0613E-10 1.67489E-10 6.77113E-11 4.13283E-11
5.80173E-5 3.68849E-5 2.31164E-5 4.60918E-5 2.51904E-5 1.80295E-5 1.50984E-6 8.15939E-7 2.09929E-6 1.45629E-7 1.2237E-8 1.70951E-8 5.19794E-8 2.47476E-8 1.71488E-8 3.15437E-9 -9999 -9999 3.65411E-10 1.23881E-8 -9999 -9999 -9999 -9999 -9999 -9999 -9999 -9999 -9999 -9999 -9999 -9999 -9999 -9999 -9999 -9999 -9999 -9999 -9999 -9999 -9999 -9999 -9999 -9999 -9999 -9999 3.85475E-11 2.49795E-11 -9999 -9999 -9999 -9999 -9999 -9999 -9999 -9999 2.17143E-10 2.86728E-10 1.24952E-9 5.08734E-10 1.91265E-10 4.34757E-10 5.23212E-10 3.2802E-10 1.3435E-10 6.27011E-11
7.18594E-5 3.97948E-5 3.91758E-5 4.16745E-5 2.75674E-5 1.54235E-5 7.5221E-6 2.50987E-5 2.37899E-5 9.22762E-6 1.66832E-6 7.09406E-7 1.21127E-6 2.6122E-7 2.71813E-7 9.31591E-8 1.75431E-7 -9999 -9999 1.91785E-8 4.73425E-10 -9999 -9999 6.66789E-11 1.26922E-10 1.15607E-10 4.856E-11 -9999 -9999 -9999 -9999 -9999 -9999 -9999 -9999 -9999 -9999 -9999 -9999 -9999 -9999 -9999 -9999 -9999 -9999 1.52292E-10 8.4523E-11 5.90463E-11 3.17803E-11 -9999 -9999 -9999 -9999 -9999 1.61055E-10 2.24857E-10 4.35339E-10 6.24084E-10 2.4597E-9 2.96263E-9 2.63674E-10 4.67869E-10 1.40793E-9 2.18917E-10 1.34094E-10 7.01244E-11
4.2478E-5 3.43695E-5 3.10256E-5 3.68571E-5 3.63527E-5 1.9625E-5 3.03393E-5 2.84689E-5 2.29314E-5 1.35708E-5 3.51211E-6 3.7854E-6 7.51733E-6 2.42594E-6 2.61053E-6 2.82141E-6 3.85542E-7 2.47823E-8 3.92442E-8 2.38202E-7 1.95717E-8 4.26296E-10 1.07502E-10 9.78595E-11 4.20372E-10 4.24065E-10 1.24931E-10 3.85123E-11 2.66028E-11 6.99158E-11 -9999 -9999 -9999 -9999 -9999 -9999 -9999 -9999 -9999 2.65308E-11 -9999 -9999 -9999 -9999 2.30876E-10 7.89999E-10 1.84797E-10 3.02919E-10 1.58914E-10 -9999 -9999 -9999 -9999 -9999 -9999 3.47615E-10 3.74598E-10 1.55749E-9 3.19717E-8 5.62771E-9 7.4067E-10 1.06281E-9 1.07709E-8 1.09711E-9 1.87093E-10 1.46766E-10
9.18133E-5 2.57376E-5 2.76446E-5 3.71521E-5 2.49997E-5 2.17766E-5 2.32765E-5 7.60074E-6 5.24965E-6 2.38121E-6 2.25274E-6 4.04172E-6 1.09476E-5 1.2521E-5 1.14096E-5 6.84819E-6 1.00652E-6 1.71723E-7 1.62832E-6 1.18555E-6 7.84894E-8 1.43941E-9 4.40122E-10 2.00409E-10 1.27208E-9 2.24134E-9 1.14394E-10 6.58984E-11 1.25898E-10 3.11668E-10 8.99346E-10 1.51626E-8 1.13E-7 5.46845E-8 7.62285E-10 1.5469E-10 2.40811E-10 2.67886E-10 2.2851E-10 8.58672E-11 3.77747E-11 -9999 -9999 -9999 6.14192E-10 2.70382E-9 1.11704E-9 1.07109E-9 9.65312E-10 -9999 -9999 -9999 -9999 2.49053E-10 2.2287E-10 2.10259E-10 2.50965E-10 1.02841E-9 4.75794E-8 3.42315E-8 1.0121E-8 1.93693E-8 2.71201E-8 1.95366E-9 7.47512E-10 4.26044E-10
2.12863E-4 1.09958E-4 3.85589E-5 1.72542E-5 8.55921E-6 6.31466E-6 5.06114E-6 3.86429E-6 2.87753E-6 5.62283E-6 3.76099E-6 4.32311E-6 9.39776E-6 1.75846E-5 1.03397E-5 4.25293E-6 7.22191E-7 1.29362E-6 5.07467E-6 5.84908E-7 1.13704E-7 1.53025E-8 1.00014E-8 1.31982E-9 7.19831E-9 1.10605E-8 6.76672E-10 4.90977E-10 1.09005E-9 3.36071E-9 1.34452E-8 1.57757E-7 1.20908E-6 2.47323E-8 6.48384E-10 5.74019E-10 1.04592E-9 2.40607E-9 7.70373E-10 2.29056E-10 3.19933E-11 -9999 -9999 2.22225E-9 3.49846E-9 4.463E-9 1.73071E-8 4.74789E-9 1.13565E-9 -9999 -9999 -9999 -9999 7.68299E-10 6.91135E-10 3.46017E-10 5.72346E-10 1.84508E-9 4.69428E-8 3.79113E-7 5.28998E-7 2.62639E-7 1.58059E-8 3.51912E-9 6.58975E-9 1.58516E-9
2.46344E-4 2.29203E-4 1.42416E-4 5.03625E-5 3.32594E-5 1.24174E-5 3.99381E-6 2.95366E-6 2.49328E-6 2.35099E-6 2.19609E-6 2.63703E-6 6.61754E-6 1.11295E-5 7.8687E-6 4.62053E-6 8.27996E-7 3.84664E-6 4.65171E-6 5.22652E-7 3.76334E-7 1.48762E-7 3.50284E-8 1.90229E-8 9.02068E-8 1.37906E-7 3.16275E-8 1.12752E-8 2.03907E-8 8.4653E-8 6.55149E-7 1.84913E-6 7.63759E-7 8.04855E-9 3.70167E-9 1.37878E-8 8.56323E-9 3.72775E-8 4.81756E-9 4.4713E-10 8.3976E-11 5.8744E-11 1.50303E-10 1.78359E-8 1.74851E-7 9.84138E-8 2.38313E-7 1.79747E-8 -9999 -9999 -9999 4.29929E-10 3.14348E-10 2.04162E-9 2.97564E-9 1.6638E-9 1.31743E-9 7.82988E-9 3.71916E-8 4.39074E-7 2.17833E-6 2.84801E-7 5.6965E-8 2.7547E-8 1.82933E-8 1.02475E-8
1.36898E-4 1.29992E-4 1.35167E-4 1.06195E-4 8.66249E-5 3.75988E-5 2.72206E-5 9.39451E-6 7.61898E-6 6.1059E-6 2.97261E-6 2.27109E-6 3.20184E-6 4.92539E-6 1.05852E-5 7.03197E-6 2.23203E-6 4.84384E-6 8.69138E-6 1.0816E-6 1.09221E-6 2.23177E-7 5.15712E-8 1.38265E-7 5.64554E-7 1.37661E-6 2.46608E-7 5.32131E-8 3.44997E-7 3.6332E-6 6.54827E-6 7.30545E-6 8.69552E-7 1.15807E-8 5.11101E-8 4.16154E-7 2.22099E-7 1.25151E-7 3.63759E-8 3.20038E-9 7.78581E-10 1.10559E-9 1.42721E-9 1.9514E-8 4.91537E-7 3.09684E-6 4.43735E-7 1.46577E-8 -9999 -9999 -9999 8.55909E-10 8.06404E-10 4.75323E-9 1.60411E-8 1.8857E-8 8.6167E-9 2.6924E-8 3.37218E-8 1.12372E-7 1.55917E-6 3.02691E-7 8.27623E-8 2.71229E-8 1.70114E-8 2.39932E-8
1.2676E-4 1.30455E-4 1.39734E-4 1.29806E-4 1.01034E-4 7.29532E-5 7.07928E-5 4.90893E-5 4.13809E-5 4.76683E-5 3.49116E-5 1.98055E-5 1.01823E-5 9.52598E-6 7.7173E-6 7.60608E-6 1.74184E-5 2.11382E-5 1.20454E-5 6.69495E-6 2.20308E-6 3.78345E-7 4.73107E-7 4.68781E-7 3.35546E-6 3.16432E-6 5.93399E-7 1.9791E-7 1.48078E-6 1.80816E-5 2.47375E-5 2.38274E-5 1.88556E-6 5.88991E-8 9.95744E-7 5.00185E-6 1.15035E-6 4.36232E-7 3.95046E-7 2.67105E-8 8.41558E-9 4.91514E-8 2.28942E-7 2.35005E-7 1.29957E-6 3.87594E-6 1.13978E-6 1.96065E-8 2.07366E-9 -9999 -9999 2.39084E-9 2.22387E-9 8.09478E-9 2.43191E-8 4.58833E-8 3.81149E-8 3.74827E-8 1.69645E-8 5.2466E-8 8.49582E-7 1.89261E-7 5.36781E-8 2.72503E-8 1.32905E-8 6.65124E-9
2.67205E-4 2.6795E-4 2.33338E-4 2.12656E-4 1.54436E-4 1.20199E-4 1.28993E-4 1.15815E-4 1.05722E-4 1.24875E-4 1.40035E-4 1.12747E-4 7.45162E-5 5.00757E-5 2.30053E-5 1.85509E-5 1.67873E-5 2.8879E-5 1.13645E-5 1.81977E-5 4.7889E-6 1.81252E-6 4.62307E-6 3.3264E-6 1.19097E-5 8.01402E-6 1.68705E-6 4.66034E-7 6.72665E-7 9.59755E-6 4.48531E-5 2.19569E-5 4.54091E-6 3.23639E-7 8.19889E-7 5.94912E-6 8.20786E-6 4.01636E-6 2.27483E-6 1.70413E-7 1.21263E-7 1.31155E-6 6.63687E-6 2.18003E-6 8.82132E-6 6.57285E-6 4.9102E-6 2.08565E-7 9.0003E-9 5.01831E-9 -9999 1.34149E-8 6.59076E-9 1.03004E-8 1.99815E-8 2.49177E-8 5.56347E-8 2.60306E-8 3.58756E-9 1.45172E-8 2.22591E-7 1.58279E-6 1.46179E-6 4.39561E-7 7.93503E-8 1.46622E-8
3.8034E-4 3.63778E-4 3.28199E-4 3.15002E-4 2.74061E-4 2.38859E-4 2.42208E-4 2.34407E-4 1.96859E-4 1.52979E-4 1.62992E-4 2.12201E-4 1.96125E-4 1.5437E-4 1.0305E-4 6.43054E-5 3.54407E-5 1.66411E-5 1.13685E-5 1.69735E-5 1.08562E-5 1.53344E-5 1.11574E-5 1.37893E-5 9.14064E-6 6.44968E-6 2.60548E-6 1.54085E-6 1.47874E-6 4.69644E-6 2.50931E-5 2.01107E-5 3.01129E-6 4.17312E-7 1.68092E-6 5.95961E-6 1.03366E-5 4.24679E-6 1.45815E-6 1.72984E-7 1.47201E-7 1.18623E-6 7.11442E-6 4.73058E-6 1.20358E-5 2.05891E-5 1.70708E-5 3.71434E-6 2.29815E-7 2.05312E-7 6.62569E-8 1.93784E-7 1.36609E-7 3.47253E-8 2.21691E-8 4.11872E-8 9.55132E-8 1.5453E-8 4.94796E-9 3.75808E-8 1.312E-7 1.0074E-6 6.88484E-6 2.97122E-6 4.23978E-7 4.72547E-8
4.01299E-4 3.6816E-4 3.62974E-4 3.81112E-4 4.11266E-4 3.64478E-4 3.53113E-4 3.33354E-4 2.81025E-4 3.37573E-4 3.22222E-4 2.93047E-4 2.4821E-4 2.1577E-4 1.23868E-4 9.30884E-5 7.79123E-5 5.87428E-5 4.28723E-5 1.45486E-5 5.66124E-6 1.80754E-5 3.89522E-5 2.46685E-5 2.6387E-5 1.83212E-5 3.01252E-6 1.79771E-6 4.21458E-6 6.50421E-6 1.95463E-5 3.7839E-5 2.38455E-6 2.42823E-6 6.05094E-6 1.13752E-5 1.08634E-5 2.72845E-6 4.66849E-7 1.03609E-7 3.14446E-7 4.80473E-6 2.70054E-5 1.60104E-5 2.20631E-5 2.17102E-5 5.21973E-6 1.24226E-6 1.39264E-6 5.03946E-6 5.1481E-7 9.91311E-7 1.6979E-6 4.2131E-7 2.11099E-7 9.10402E-8 1.0561E-7 2.14532E-8 4.34104E-8 2.14474E-7 4.21035E-7 3.10364E-7 7.83205E-6 3.71364E-6 4.19092E-7 1.55141E-7
3.81828E-4 3.66349E-4 3.64746E-4 3.66624E-4 3.71877E-4 3.89968E-4 3.86612E-4 4.34494E-4 3.89883E-4 4.10453E-4 4.18101E-4 3.85565E-4 3.99124E-4 3.54781E-4 3.76985E-4 2.87197E-4 1.92144E-4 1.74896E-4 1.28826E-4 9.49938E-5 2.87944E-5 2.95758E-5 1.39882E-5 7.87598E-6 1.01995E-5 2.27267E-5 1.00903E-5 4.08249E-6 4.16039E-6 1.06179E-5 2.54208E-5 6.279E-6 3.40208E-6 5.02215E-6 3.05673E-5 5.82718E-6 3.17557E-6 1.03826E-6 7.5703E-7 5.91657E-7 5.75499E-7 3.36505E-6 5.40105E-6 9.60434E-6 2.70813E-5 1.97155E-5 7.26381E-6 5.91841E-6 9.33043E-6 3.03776E-5 6.54305E-6 1.09388E-6 2.7377E-6 3.94599E-6 1.19601E-6 9.55968E-7 3.39683E-7 1.26545E-7 4.35081E-8 1.49222E-7 1.6916E-6 1.70653E-6 1.55503E-5 1.01888E-5 1.52752E-6 1.77331E-6
3.83762E-4 3.75631E-4 3.7567E-4 3.72486E-4 3.79088E-4 3.77216E-4 3.93681E-4 3.97233E-4 4.02468E-4 4.12609E-4 4.23652E-4 4.38839E-4 4.9845E-4 4.89303E-4 4.96824E-4 4.38199E-4 3.81725E-4 3.64751E-4 3.60702E-4 3.48986E-4 3.76136E-4 2.78811E-4 8.71305E-5 1.72279E-5 9.07369E-6 1.3087E-5 1.3021E-5 1.03726E-5 1.40005E-5 3.30792E-5 3.00328E-5 1.78108E-5 2.46103E-5 3.37577E-5 1.41182E-5 3.61288E-6 4.80498E-6 8.09257E-6 6.27035E-6 5.73919E-6 2.44354E-6 4.0843E-6 2.53442E-6 1.06625E-5 6.36082E-5 3.35307E-5 7.35416E-5 1.22654E-4 1.56809E-4 2.10252E-4 1.13736E-4 3.88127E-5 9.90072E-6 1.84515E-5 2.34265E-5 1.017E-5 1.35529E-6 1.06568E-6 5.42578E-7 6.83816E-7 4.13571E-6 1.19566E-5 3.44569E-5 5.74327E-6 3.04169E-6 1.42716E-5
4.04739E-4 4.12822E-4 3.87362E-4 3.77836E-4 3.87662E-4 3.90486E-4 4.19599E-4 4.4352E-4 4.07945E-4 4.17123E-4 4.34824E-4 4.6921E-4 4.89846E-4 5.46773E-4 5.63651E-4 5.0094E-4 4.82537E-4 5.0061E-4 5.16723E-4 4.55313E-4 3.15684E-4 2.3888E-4 1.64853E-4 1.00656E-4 7.61088E-5 6.07241E-5 9.32364E-5 1.06793E-4 9.58846E-5 8.43981E-5 5.93991E-5 2.30793E-5 6.73058E-6 5.83058E-6 3.7813E-6 6.19006E-6 1.19681E-5 2.56466E-5 2.00132E-5 1.55573E-5 9.95237E-6 1.40757E-5 1.73781E-5 3.69906E-5 1.63226E-4 2.65659E-4 3.52608E-4 3.8613E-4 3.91619E-4 3.47528E-4 3.4856E-4 1.92682E-4 4.65547E-5 3.77363E-5 9.90378E-5 7.18634E-5 1.0707E-5 1.06336E-5 2.74674E-6 7.15836E-6 1.80568E-5 2.58182E-5 5.45837E-5 2.62792E-5 9.2248E-5 1.59682E-4
3.64582E-4 3.78263E-4 3.58678E-4 4.0497E-4 3.90204E-4 3.96083E-4 4.01724E-4 4.1638E-4 4.30153E-4 4.17581E-4 5.00255E-4 5.02746E-4 5.44601E-4 5.49915E-4 6.06549E-4 5.8297E-4 5.46839E-4 6.13136E-4 5.40988E-4 5.33464E-4 4.46038E-4 3.99197E-4 3.96858E-4 3.73359E-4 3.22675E-4 2.86383E-4 3.28398E-4 3.66014E-4 4.03453E-4 4.23366E-4 3.3193E-4 1.86952E-4 7.77764E-5 5.09947E-5 5.79603E-5 8.53256E-5 1.41311E-4 1.94948E-4 1.83841E-4 9.60851E-5 7.42161E-5 1.1347E-4 2.17808E-4 3.66911E-4 3.38587E-4 4.0478E-4 4.71947E-4 4.80865E-4 4.68702E-4 4.40673E-4 4.31602E-4 4.02717E-4 3.05088E-4 2.68797E-4 3.70994E-4 3.10023E-4 8.5409E-5 3.14255E-5 5.06566E-5 3.3067E-5 8.04251E-5 1.67803E-4 8.21382E-5 2.26034E-4 3.21149E-4 3.76023E-4
