catData/rasterBestHybridModels/Pviverrinus/RD_BM01_RM1.5_L/Pviverrinus_avg.asc
ncols         409
nrows         350
xllcorner     60.897278365
yllcorner     5.843756025
cellsize      0.0892857
NODATA_value  -9999
[rows 116 to 144 of 350, columns 132 to 197 of 409]
3.01504E-5 2.83043E-5 2.64857E-5 2.73712E-5 3.05554E-5 2.99317E-5 2.78774E-5 2.64162E-5 2.58762E-5 2.65625E-5 2.49575E-5 2.33385E-5 2.35905E-5 2.96661E-5 2.70962E-5 2.01128E-5 2.35341E-5 2.17872E-5 3.10778E-6 8.59908E-6 5.11684E-6 6.42524E-6 3.80863E-6 3.41951E-6 3.56362E-6 1.01489E-5 1.95505E-5 2.08817E-5 2.34323E-5 2.49053E-5 2.58142E-5 2.51996E-5 2.58548E-5 2.54153E-5 2.34398E-5 2.95474E-5 2.85921E-5 2.89557E-5 2.02643E-5 3.02616E-5 2.92631E-5 1.60222E-5 8.9793E-6 2.27774E-5 3.24441E-5 3.6973E-5 3.98482E-5 4.10288E-5 4.15726E-5 3.63035E-5 3.23667E-5 2.92788E-5 3.3271E-5 4.17872E-5 4.5188E-5 4.70366E-5 4.92293E-5 4.92707E-5 5.24443E-5 5.6776E-5 5.78501E-5 5.51379E-5 5.43551E-5 5.53041E-5 5.74118E-5 5.65353E-5
3.2244E-5 3.08774E-5 3.13782E-5 3.40453E-5 3.32223E-5 3.36117E-5 3.04572E-5 2.93185E-5 2.73436E-5 2.46925E-5 1.55437E-5 2.55087E-5 2.63439E-5 3.05349E-5 2.77556E-5 2.6009E-5 2.35435E-5 9.51061E-6 6.68204E-6 2.64077E-6 1.15663E-5 3.81879E-6 6.79766E-6 4.50056E-6 3.93767E-6 1.43583E-5 1.81372E-5 2.2823E-5 2.47493E-5 2.5474E-5 2.40187E-5 2.4531E-5 2.42142E-5 1.90272E-5 2.81821E-5 2.88767E-5 2.92807E-5 3.04372E-5 3.07766E-5 3.14293E-5 2.71245E-5 9.56751E-6 2.06157E-5 3.31524E-5 3.38279E-5 3.45899E-5 3.64694E-5 4.09665E-5 3.20732E-5 3.15691E-5 2.98028E-5 3.40843E-5 3.61559E-5 4.07787E-5 4.08485E-5 4.33589E-5 4.23025E-5 4.90295E-5 5.34282E-5 5.25552E-5 5.28993E-5 5.3715E-5 5.39058E-5 5.53951E-5 5.66725E-5 5.55355E-5
3.30275E-5 3.22115E-5 3.53714E-5 3.52427E-5 3.51464E-5 3.43024E-5 3.23921E-5 3.05534E-5 2.81877E-5 2.38477E-5 1.80398E-5 2.75149E-5 3.08543E-5 2.47635E-5 2.16403E-5 2.56284E-5 2.19212E-5 1.59248E-5 1.94827E-5 2.0033E-5 1.30283E-5 9.57604E-6 3.59964E-6 7.16793E-6 3.31747E-6 1.59541E-5 1.74751E-5 2.16071E-5 2.38005E-5 2.54551E-5 2.66201E-5 2.79517E-5 2.8428E-5 2.42657E-5 2.91341E-5 2.60083E-5 2.85034E-5 2.88825E-5 3.11036E-5 3.0193E-5 2.90543E-5 2.70053E-5 2.57277E-5 3.11178E-5 3.65297E-5 3.20079E-5 2.2785E-5 2.51937E-5 2.67749E-5 1.34036E-6 8.83027E-7 1.05855E-5 4.06167E-6 1.87624E-6 7.03105E-6 1.71756E-5 2.4863E-5 3.5396E-5 5.05599E-5 5.08959E-5 5.15165E-5 5.22447E-5 4.64864E-5 5.47868E-5 4.08588E-5 5.43195E-5
3.62306E-5 3.50935E-5 3.54538E-5 3.50182E-5 3.46391E-5 3.46135E-5 3.31331E-5 3.15029E-5 2.94991E-5 2.68754E-5 2.35565E-5 1.78409E-5 2.65613E-5 2.30439E-5 2.81169E-5 9.0199E-6 1.30989E-5 1.69816E-5 9.8327E-6 1.25971E-5 7.05883E-6 5.34565E-6 1.11627E-5 1.25217E-5 1.75108E-5 1.83886E-5 1.94609E-5 1.67233E-5 2.03247E-5 2.41394E-5 2.52848E-5 2.66337E-5 2.88844E-5 2.96311E-5 2.96717E-5 2.84494E-5 2.76085E-5 2.30641E-5 2.37868E-5 2.92352E-5 3.39851E-5 3.55838E-5 3.49688E-5 3.77426E-5 2.32402E-5 1.47244E-5 2.21499E-5 2.23694E-5 7.77586E-6 2.045E-6 1.70078E-7 4.11831E-7 1.96431E-6 4.31596E-6 1.16493E-5 1.47964E-5 4.15053E-5 4.83758E-5 4.83509E-5 3.14591E-5 5.02308E-5 4.00246E-5 3.3595E-5 3.19732E-5 3.42772E-5 5.32074E-5
4.14193E-5 3.85379E-5 3.55316E-5 3.30111E-5 3.41722E-5 3.34642E-5 3.26156E-5 3.23368E-5 3.19609E-5 3.09492E-5 2.54602E-5 1.43596E-5 2.50285E-5 2.35298E-5 1.36024E-5 5.02316E-6 7.38633E-6 1.60709E-5 7.21988E-6 7.0442E-6 7.79219E-6 4.75666E-6 7.93376E-6 1.49762E-5 1.90702E-5 1.9057E-5 1.88645E-5 2.0957E-5 1.79615E-5 1.3234E-5 2.13295E-5 2.42086E-5 2.22012E-5 2.91698E-5 3.00398E-5 2.66709E-5 2.61492E-5 2.56829E-5 3.01138E-5 2.05679E-5 3.26079E-5 3.87277E-5 3.59666E-5 2.93288E-5 9.32622E-6 2.25086E-5 2.12555E-5 3.69896E-6 2.91334E-6 6.96791E-7 4.27374E-6 5.01869E-6 1.48229E-5 1.96777E-5 3.65059E-5 4.59047E-5 4.29222E-5 3.39529E-5 2.12275E-5 2.12603E-6 1.71848E-5 2.8708E-5 3.61773E-5 2.88142E-5 4.14452E-5 4.91077E-5
4.41434E-5 4.03289E-5 3.7204E-5 3.7632E-5 3.67918E-5 3.39132E-5 3.30869E-5 3.36004E-5 3.30476E-5 2.34211E-5 2.10632E-5 3.27387E-5 3.4215E-5 2.96824E-5 1.77393E-5 1.22329E-5 1.24719E-5 1.05309E-5 1.48598E-5 2.84413E-6 1.75343E-6 4.20963E-6 1.51416E-5 1.60368E-5 1.80576E-5 1.75084E-5 1.99279E-5 2.13736E-5 2.17962E-5 1.89474E-5 2.02359E-5 2.33825E-5 2.62097E-5 3.15658E-5 2.87114E-5 2.12878E-5 2.41231E-5 2.6321E-5 3.35966E-5 2.5111E-5 3.35433E-5 2.69633E-5 3.20028E-5 3.70315E-5 3.19959E-5 1.27362E-5 1.82939E-5 2.35274E-6 1.55708E-6 5.48928E-6 4.66678E-6 1.45422E-5 2.39496E-5 1.01781E-5 3.99677E-5 2.21126E-5 1.18816E-5 7.74526E-6 1.22294E-6 2.36726E-6 2.29505E-5 4.06482E-5 3.43324E-5 2.70364E-5 4.33613E-5 4.31958E-5
4.50437E-5 4.18992E-5 3.87977E-5 3.91728E-5 3.90715E-5 3.83285E-5 3.7258E-5 3.5508E-5 3.33659E-5 3.19049E-5 3.17597E-5 3.55714E-5 3.1178E-5 1.92422E-5 3.6065E-6 1.73947E-5 1.14306E-5 1.42457E-5 1.32736E-5 7.46284E-6 1.59741E-5 1.70228E-5 1.34916E-5 9.96416E-6 7.88407E-6 4.0969E-6 9.68426E-6 1.31093E-5 1.47022E-5 2.05728E-5 2.04446E-5 2.63951E-5 2.45417E-5 3.03153E-5 3.03641E-5 2.28691E-5 3.13512E-5 3.03854E-5 3.24853E-5 1.60458E-5 3.57199E-5 2.82892E-5 3.15437E-5 1.20094E-5 1.84909E-5 8.09521E-6 7.67754E-6 1.78596E-5 1.05855E-5 8.5956E-6 6.1099E-6 9.29126E-6 5.37965E-6 7.04163E-6 2.47534E-6 2.76621E-6 3.39277E-6 7.67961E-6 2.95399E-6 2.74913E-6 1.40676E-5 2.0349E-5 1.57927E-5 3.64316E-5 1.94055E-5 6.13722E-6
4.39872E-5 4.17677E-5 3.95355E-5 4.05498E-5 4.12879E-5 4.07472E-5 3.85024E-5 3.5844E-5 2.42589E-5 2.63429E-5 2.88947E-5 2.61903E-5 2.10171E-5 9.33253E-6 1.79192E-5 1.66509E-5 4.91603E-6 8.23343E-6 1.586E-5 1.55165E-5 1.43036E-5 1.36289E-5 1.75712E-5 1.47542E-5 6.13916E-6 8.33303E-6 8.75494E-6 2.30445E-5 1.6431E-5 2.25046E-5 2.09432E-5 1.89343E-5 2.45498E-5 2.52965E-5 2.49825E-5 1.63634E-5 1.97568E-5 2.79762E-5 3.3448E-5 2.88973E-5 3.1209E-5 2.1642E-5 8.38957E-6 4.05094E-6 2.17621E-5 9.90222E-6 1.90903E-5 1.74268E-5 1.94167E-5 1.79499E-5 3.87314E-6 4.21278E-6 1.18123E-5 9.94997E-7 1.32575E-6 2.66052E-6 4.85996E-6 2.24622E-6 8.86432E-6 1.46437E-5 2.24157E-5 2.34738E-5 2.51666E-5 2.02392E-5 2.03793E-5 2.86319E-5
4.24161E-5 4.24044E-5 4.20525E-5 4.30799E-5 4.25717E-5 4.09553E-5 3.85973E-5 3.36001E-5 2.78773E-5 2.6305E-5 1.15561E-5 2.45029E-5 1.95613E-5 1.18055E-5 1.48208E-5 5.14612E-6 3.95631E-6 1.26017E-5 1.2307E-5 1.44289E-5 1.36263E-5 3.32961E-6 6.40694E-6 6.95868E-6 1.22634E-5 6.07398E-6 4.12263E-6 1.5127E-5 9.64409E-6 1.4732E-5 2.74879E-5 1.13449E-5 2.33456E-5 2.01267E-5 2.39664E-5 1.46317E-5 2.94222E-5 3.0016E-5 2.78117E-5 3.25199E-5 2.25826E-5 5.31188E-6 2.97588E-6 1.67766E-5 3.16587E-5 1.59666E-5 2.35305E-5 2.0398E-5 2.43506E-5 3.05267E-5 9.60142E-6 6.33866E-6 6.43823E-6 2.15596E-6 2.77671E-6 3.7668E-6 3.31301E-6 3.83121E-6 3.39333E-6 2.34867E-5 2.54652E-5 3.28939E-5 3.54144E-5 3.48583E-5 4.08438E-5 3.35109E-5
4.58566E-5 4.53614E-5 4.42778E-5 4.26703E-5 4.07507E-5 3.81404E-5 3.73546E-5 3.18168E-5 3.46952E-5 3.00382E-5 1.71266E-5 8.24074E-6 8.97329E-6 1.30454E-5 4.32546E-6 4.94891E-6 4.50986E-6 3.45152E-6 1.42018E-5 1.63727E-5 1.20401E-5 1.25723E-5 1.76352E-5 1.69045E-5 8.56791E-6 3.5483E-6 4.18533E-6 7.89561E-6 1.62937E-5 1.56233E-5 2.62699E-5 2.38681E-5 1.91354E-5 1.90513E-5 2.13429E-5 2.75945E-5 2.71169E-5 3.08506E-5 2.76058E-5 1.36831E-5 2.68941E-5 2.10043E-5 1.66089E-5 3.51072E-5 3.7198E-5 3.02246E-5 2.48678E-5 7.7496E-6 3.74978E-6 1.21181E-5 5.56202E-6 1.38247E-6 1.33498E-5 4.74143E-6 2.55065E-6 3.11806E-6 3.09363E-6 4.81912E-6 4.73959E-6 1.11076E-5 3.6526E-5 3.89271E-5 4.21672E-5 2.06456E-5 1.95059E-5 4.40577E-5
4.5588E-5 4.44975E-5 4.24657E-5 4.1252E-5 3.76094E-5 3.85711E-5 2.56533E-5 3.0021E-5 2.54783E-5 1.71558E-5 2.61062E-5 6.22857E-6 1.68724E-5 7.0305E-6 6.4524E-6 4.54624E-6 2.26743E-6 8.68982E-6 1.27606E-5 1.58856E-5 1.66901E-5 1.15432E-5 7.06783E-6 4.72055E-6 7.67335E-6 1.38249E-5 1.31822E-5 1.04375E-5 5.83557E-6 1.72976E-5 2.59997E-5 1.11299E-5 1.89003E-5 1.55462E-5 1.41626E-5 1.99606E-5 2.76487E-5 3.09767E-5 1.82695E-5 1.51531E-5 2.06665E-5 3.03735E-5 2.45454E-5 4.07123E-5 2.59984E-5 2.98263E-5 1.31723E-5 7.50889E-6 3.09553E-6 8.09681E-6 4.14244E-6 5.38443E-6 8.19777E-6 2.28168E-6 6.82702E-6 2.00099E-6 5.42107E-6 8.3624E-6 1.95362E-5 2.85355E-5 2.36059E-5 2.54352E-5 1.33577E-5 9.46868E-6 3.35494E-6 2.34224E-5
4.42101E-5 4.27659E-5 4.12767E-5 3.94253E-5 3.76768E-5 3.477E-5 3.85371E-5 1.7357E-5 3.26044E-6 1.5607E-5 1.16796E-5 1.62253E-5 1.68457E-5 8.47469E-6 2.18982E-6 3.76276E-6 1.02489E-5 1.05797E-5 7.00319E-6 1.51648E-5 1.41967E-5 4.92969E-6 2.92543E-6 8.10771E-6 6.61975E-6 1.59839E-5 1.09546E-5 1.39403E-5 1.32576E-5 1.3011E-5 9.96788E-6 5.77461E-6 1.00892E-5 2.34114E-5 2.32356E-5 2.52997E-5 3.00384E-5 3.21543E-5 2.88885E-5 2.82399E-5 2.25358E-5 3.88137E-5 3.35219E-5 3.35982E-5 3.11843E-5 2.19188E-5 8.18936E-6 1.80178E-6 1.28838E-6 2.7609E-6 8.03918E-6 1.50536E-5 1.44838E-6 4.55729E-6 2.83186E-6 4.50056E-6 2.78543E-6 6.27033E-6 4.0277E-6 1.56919E-5 8.18613E-6 5.16188E-6 1.29234E-5 1.06995E-5 8.05005E-6 2.19093E-5
4.32275E-5 3.90625E-5 3.0401E-5 3.72955E-5 3.33622E-5 1.34073E-5 2.22094E-5 1.57259E-5 2.54703E-5 9.92663E-6 5.22569E-6 1.27583E-5 1.64658E-5 7.19963E-6 6.08299E-6 5.57801E-6 1.04398E-6 1.06884E-5 1.37139E-5 1.3891E-5 3.78243E-6 2.53227E-6 2.86541E-6 3.04737E-6 9.90571E-6 1.6111E-5 1.18106E-5 1.53251E-5 1.70758E-5 6.7334E-6 1.06744E-5 9.6929E-6 2.22318E-5 2.48151E-5 2.36019E-5 1.53384E-5 1.48417E-5 1.60027E-5 1.55034E-5 2.77576E-5 2.85843E-5 4.15856E-5 3.39035E-5 4.0446E-5 2.28898E-5 2.2078E-5 2.71464E-6 4.78904E-6 3.87521E-6 4.53254E-6 6.08635E-6 1.79591E-5 5.05081E-6 1.66622E-6 1.93367E-6 5.62556E-6 5.82033E-6 4.23246E-6 1.8913E-6 2.55941E-7 4.93329E-6 1.69057E-5 5.4751E-6 3.67182E-6 1.29264E-6 6.97296E-7
4.23395E-5 3.93173E-5 3.68158E-5 3.60415E-5 1.80765E-5 1.53125E-5 5.67313E-6 5.93263E-6 2.80248E-5 7.66937E-6 1.40152E-5 2.38379E-6 9.04013E-6 1.91543E-6 1.00207E-6 1.4789E-6 7.82543E-6 1.23722E-5 1.37838E-5 1.46007E-5 5.25524E-6 3.46879E-6 3.11856E-6 6.07945E-6 4.45738E-6 8.72689E-6 1.13356E-5 2.05411E-5 1.30479E-5 5.78733E-6 2.03635E-5 2.30217E-5 2.84006E-5 1.65047E-5 1.18024E-5 6.51068E-6 2.49972E-5 2.28918E-5 2.14036E-5 3.3795E-5 2.49645E-5 3.53141E-5 2.60907E-5 3.30771E-5 3.99212E-5 2.54913E-5 8.44115E-6 7.01155E-7 3.10341E-6 7.73251E-6 3.89469E-6 1.69936E-5 7.05767E-7 6.12018E-7 1.08072E-6 8.61523E-7 4.62412E-6 3.91652E-6 4.37617E-6 3.7656E-7 1.47595E-6 2.22686E-6 4.24776E-7 2.0655E-6 1.18573E-6 1.01464E-6
3.10775E-5 3.62624E-5 3.44643E-5 2.89071E-5 1.63053E-5 5.76501E-6 3.72099E-6 3.53933E-6 6.2719E-6 8.1869E-6 1.3879E-5 7.56019E-6 1.9437E-6 1.0568E-6 1.26998E-6 3.07531E-6 2.63788E-6 1.01769E-5 8.10935E-6 3.63398E-6 9.32079E-6 7.91141E-6 5.95721E-6 5.56336E-6 5.05022E-6 5.35307E-6 7.11452E-6 7.86301E-6 1.18843E-5 1.82442E-5 1.94049E-5 1.93757E-5 2.23423E-5 2.4859E-5 1.79919E-5 2.45484E-5 2.55519E-5 3.59069E-5 2.74107E-5 2.00611E-5 1.73051E-5 3.76896E-5 3.95389E-5 3.21988E-5 3.64705E-5 5.98991E-6 1.12546E-5 9.32207E-7 1.6376E-6 3.05266E-6 3.4278E-6 7.33103E-6 2.49963E-6 8.62588E-7 3.79883E-6 2.40099E-6 3.5755E-6 2.45488E-6 4.39793E-6 1.63732E-6 4.7452E-7 4.38647E-6 5.08604E-7 9.7448E-7 7.28057E-7 4.96279E-6
2.08821E-5 3.32488E-5 2.05486E-5 2.61369E-5 1.2597E-5 1.3381E-5 2.68769E-5 1.17175E-5 7.50858E-6 6.29455E-6 2.29914E-6 3.93124E-6 9.23359E-7 6.72971E-7 8.17971E-6 1.14901E-6 7.30482E-6 1.32424E-5 5.95396E-6 6.35921E-6 7.17385E-6 5.49382E-6 1.15321E-5 1.24444E-5 6.89802E-6 8.78175E-6 1.40054E-5 6.5857E-6 1.77445E-5 1.92972E-5 1.83234E-5 2.26048E-5 2.41922E-5 3.54966E-5 2.17147E-5 2.51398E-5 2.86972E-5 2.59107E-5 2.34344E-5 1.35291E-5 2.79326E-5 3.67109E-5 3.76604E-5 3.48392E-5 1.70596E-5 1.90111E-6 3.52926E-6 9.89793E-7 4.22891E-6 3.11396E-6 1.69822E-6 3.33295E-6 6.67088E-6 8.03333E-7 1.24041E-6 2.24072E-6 4.80938E-6 2.7716E-6 2.15756E-6 1.77632E-6 8.42255E-7 7.10159E-7 1.61692E-6 6.13346E-6 4.2678E-6 2.26601E-6
1.88255E-5 2.91537E-5 1.13037E-5 1.74094E-5 3.06956E-6 3.70481E-6 5.83597E-6 2.44058E-6 7.44026E-7 4.81635E-6 4.6446E-6 4.56074E-6 4.89054E-7 3.5003E-7 3.88319E-6 5.71529E-6 4.1009E-6 6.85135E-6 2.26919E-6 1.22959E-6 4.03178E-6 4.95702E-6 1.48719E-5 1.23876E-5 8.67328E-6 1.01057E-5 1.51874E-5 1.20003E-5 9.50504E-6 7.11835E-6 1.74025E-5 1.98686E-5 2.37894E-5 2.7521E-5 3.0804E-5 3.31126E-5 3.37026E-5 3.46353E-5 3.66462E-5 2.87398E-5 2.28513E-5 3.6017E-5 3.63321E-5 2.51927E-5 2.46354E-5 4.54646E-6 4.57612E-6 1.24681E-5 3.0998E-6 1.94777E-6 1.80193E-6 6.28975E-7 2.41219E-6 1.48134E-6 1.57386E-6 2.26649E-6 3.671E-6 1.35805E-6 2.09321E-6 3.03992E-7 4.03394E-6 2.30742E-6 3.45811E-6 1.413E-5 2.49443E-6 2.97662E-6
1.15997E-5 1.81641E-5 8.33148E-6 1.54806E-5 1.35665E-5 4.19694E-6 4.08882E-6 3.63062E-6 1.58019E-5 4.30256E-6 6.7985E-6 3.8125E-6 1.65936E-6 3.36735E-7 1.28663E-6 1.15419E-5 4.17246E-6 4.15392E-6 2.69673E-6 8.17121E-6 1.42963E-5 6.62841E-6 1.04487E-5 1.46596E-5 1.1452E-5 1.50864E-5 1.16038E-5 1.02475E-5 1.13613E-5 1.18163E-5 7.33346E-6 7.32525E-6 1.79522E-5 1.4731E-5 2.26761E-5 2.47971E-5 3.12822E-5 3.39119E-5 2.76563E-5 2.52368E-5 3.42555E-5 3.41999E-5 3.39943E-5 2.85733E-5 2.59746E-5 1.96004E-5 1.69726E-5 1.28349E-5 3.29926E-6 1.399E-6 2.34926E-6 2.25943E-7 9.87711E-7 1.82739E-6 2.81358E-6 7.7111E-6 3.78879E-6 1.58419E-6 7.22787E-7 4.08902E-7 3.56234E-6 1.81999E-6 3.67136E-6 3.58543E-6 3.00927E-6 1.45955E-6
5.0554E-6 1.04651E-5 5.20156E-6 2.26562E-5 1.78145E-5 8.74661E-6 3.66277E-6 6.85565E-6 7.44069E-6 2.50691E-6 2.4026E-6 3.1628E-6 5.46558E-6 1.33273E-6 4.07849E-6 5.98224E-6 5.13225E-6 2.0409E-6 6.77E-6 9.53459E-6 8.56864E-6 1.15952E-5 1.32629E-5 1.0186E-5 1.69886E-5 1.34083E-5 1.62674E-5 8.94697E-6 5.01647E-6 8.72546E-6 4.67025E-6 3.5642E-6 6.62329E-6 7.83931E-6 1.29653E-6 5.55963E-6 1.81343E-5 3.2521E-5 3.08276E-5 2.04085E-5 3.30863E-5 3.21675E-5 3.06864E-5 1.76561E-5 2.19897E-5 7.59692E-6 1.21064E-5 1.17446E-5 4.72104E-6 1.71109E-6 7.67056E-7 4.82979E-7 1.40532E-6 2.46679E-6 2.25558E-6 8.51638E-6 6.34687E-6 9.12072E-7 3.53145E-6 2.85635E-6 9.93173E-7 1.28743E-6 5.70044E-6 2.47686E-5 9.25615E-6 4.12665E-6
1.03204E-5 5.70988E-6 5.97495E-6 1.86844E-5 2.28311E-5 9.06089E-6 1.88044E-5 1.03188E-5 1.42692E-6 2.43871E-6 5.21579E-6 7.65944E-7 1.37516E-6 1.42613E-6 1.61473E-6 8.70788E-7 1.8074E-6 7.71995E-6 9.22671E-6 8.62657E-6 7.93143E-6 1.29111E-5 1.58936E-5 1.69042E-5 1.36292E-5 9.50516E-6 6.05144E-6 1.31312E-6 1.20443E-5 1.22178E-5 6.29115E-6 5.21759E-6 6.6048E-6 2.10968E-6 2.84361E-6 2.302E-6 6.56383E-6 1.0933E-5 1.92194E-5 2.45893E-5 1.92149E-5 3.1159E-5 3.12856E-5 3.02918E-5 2.80228E-5 2.28846E-5 1.3253E-5 9.50931E-6 7.92509E-6 2.53634E-6 2.60518E-6 5.14671E-6 3.39198E-6 3.83987E-6 6.22265E-6 4.24561E-6 7.38153E-6 5.16536E-6 2.70616E-6 1.82766E-6 3.81348E-6 2.33075E-6 1.11876E-6 9.6868E-6 2.78204E-6 7.70823E-6
9.76871E-6 4.6198E-6 9.47651E-6 1.42383E-5 7.65813E-6 1.43653E-5 1.2512E-5 5.93889E-6 2.97358E-6 5.01568E-6 4.01165E-6 2.5071E-6 3.34697E-6 1.4288E-6 4.8324E-7 2.60396E-6 1.4765E-6 8.85198E-6 6.93985E-6 1.30205E-5 1.49432E-5 1.22327E-5 1.3016E-5 1.48479E-5 1.4428E-5 1.3677E-5 1.35553E-5 7.30862E-6 9.61604E-6 1.40848E-5 1.29459E-5 1.3227E-5 1.74877E-5 1.19387E-5 1.06123E-5 9.08509E-6 1.32594E-5 3.51918E-6 1.93843E-5 2.35739E-5 1.31951E-5 2.86782E-5 1.42459E-5 2.58977E-5 1.90575E-5 2.09271E-5 1.9914E-5 1.18784E-5 6.58293E-6 1.66561E-6 1.7419E-6 2.91671E-6 2.19217E-6 2.87237E-6 4.42394E-6 8.3902E-6 7.26985E-6 1.16828E-5 4.28013E-6 4.06142E-6 3.76067E-6 3.67387E-6 4.56351E-6 6.53185E-6 5.43827E-6 6.39037E-6
1.62808E-5 4.04629E-6 4.90497E-6 4.714E-6 1.07393E-5 9.37081E-6 9.32255E-6 4.49804E-6 5.41921E-6 3.38286E-6 4.06057E-6 7.18924E-6 5.63713E-7 1.41043E-6 9.38283E-7 5.16372E-6 5.64063E-6 1.46417E-5 1.14787E-5 1.46239E-5 1.3156E-5 4.72526E-6 1.2396E-5 7.29285E-6 3.81708E-6 5.22583E-6 4.79356E-6 1.14982E-5 1.38774E-5 6.98048E-6 7.68587E-6 1.32564E-5 2.27895E-5 1.53553E-5 1.69832E-5 1.88902E-5 1.44409E-5 3.19394E-6 2.69922E-6 1.42286E-5 2.0964E-5 1.9648E-5 9.31854E-6 1.60735E-5 2.5112E-5 1.95458E-5 1.91681E-5 1.30436E-5 3.50736E-6 3.78269E-6 1.61419E-6 3.1919E-6 3.31111E-6 7.0763E-6 2.43288E-6 6.27008E-6 7.68507E-6 9.92767E-6 1.53216E-6 1.72232E-6 3.32283E-6 4.17724E-6 1.23283E-5 1.03795E-5 1.69106E-5 1.16772E-5
1.01282E-5 5.98288E-6 1.12587E-5 6.04575E-6 1.07045E-5 1.23292E-5 1.03984E-5 6.96837E-6 6.79804E-6 4.39897E-6 4.21867E-6 4.985E-6 8.68959E-7 7.55192E-7 8.11526E-7 7.48437E-6 1.68022E-5 6.28931E-6 9.62432E-6 1.80469E-5 1.28083E-5 5.14273E-6 5.94484E-6 5.79615E-6 2.47021E-6 2.11392E-6 5.61779E-6 9.33141E-6 5.97347E-6 1.20302E-5 1.65727E-5 1.9679E-5 9.11055E-6 1.20262E-5 4.44324E-6 1.18365E-5 1.18053E-5 6.34127E-6 3.09603E-6 1.00541E-5 2.96572E-5 2.35909E-5 2.11802E-5 1.26644E-5 2.06917E-5 2.10146E-5 1.42885E-5 7.63004E-6 1.0539E-5 1.33506E-5 4.18763E-6 9.49056E-7 2.3893E-6 3.48978E-6 3.67258E-6 4.82879E-6 9.22381E-7 3.7468E-6 5.45467E-6 2.29255E-6 4.34317E-6 6.0873E-6 2.41582E-5 1.5617E-5 1.31894E-5 1.40307E-5
9.92384E-6 6.56895E-6 1.12347E-5 1.02998E-5 1.31297E-5 2.87976E-6 5.98654E-6 9.83325E-6 5.10372E-6 2.69504E-6 3.56464E-6 9.70785E-6 2.22711E-6 4.93661E-6 7.66502E-6 1.24829E-5 1.27435E-5 7.42045E-6 1.22863E-5 1.61013E-5 9.365E-6 3.74796E-6 5.09809E-6 1.46368E-5 6.55902E-6 8.73695E-6 4.60679E-6 5.62392E-6 4.74495E-6 6.1482E-6 1.16124E-5 3.86184E-6 1.17655E-5 7.48949E-6 4.34507E-6 1.04466E-5 1.33839E-5 4.80119E-6 8.1868E-6 1.24584E-5 2.03593E-5 2.48486E-5 1.78815E-5 7.72463E-6 1.44594E-5 1.43587E-5 9.89773E-6 7.51582E-6 7.24403E-6 1.04186E-5 3.31281E-6 1.03656E-6 2.38352E-6 2.91494E-6 1.19743E-6 3.23064E-6 1.51809E-6 1.80898E-6 3.71961E-6 2.69733E-6 1.66048E-6 4.86445E-6 1.69759E-5 8.54539E-6 8.27512E-6 2.09783E-6
1.70001E-5 9.61256E-6 7.77743E-6 6.92294E-6 1.75825E-5 1.84372E-6 1.16101E-5 3.10266E-6 6.90275E-6 1.60582E-6 2.65959E-6 4.85054E-6 5.79802E-6 1.4308E-6 3.0283E-6 1.36714E-5 7.60597E-6 7.62848E-6 8.93092E-6 1.72358E-5 1.36316E-5 3.53948E-6 4.73917E-6 1.17683E-5 1.27081E-5 1.30257E-5 1.3735E-5 4.9925E-6 3.73541E-6 3.28568E-6 9.80076E-6 7.53372E-6 -9999 1.22485E-5 1.00866E-5 3.49007E-6 5.95822E-6 1.66883E-6 6.0939E-6 9.7332E-6 1.39459E-5 1.11395E-5 1.26585E-5 8.08172E-6 7.36571E-6 8.3841E-6 6.83411E-6 4.80729E-6 3.64573E-6 1.3974E-5 2.40508E-6 1.11269E-6 1.09609E-6 3.11224E-6 1.56828E-6 8.38857E-7 4.49644E-6 1.82322E-6 8.06248E-6 3.25088E-6 1.33167E-6 3.38656E-6 1.25788E-5 2.27028E-6 7.37561E-6 3.24539E-6
1.63222E-5 1.65408E-5 1.46299E-5 1.5477E-5 1.77601E-5 1.37814E-5 1.37955E-5 4.2166E-6 9.49072E-6 2.89941E-6 5.36778E-7 7.54297E-6 3.20877E-6 3.29767E-6 4.41392E-6 4.50937E-6 2.43076E-6 2.34909E-6 1.2282E-5 1.15308E-5 1.15615E-5 6.69325E-6 5.28587E-6 1.08726E-5 7.50447E-6 1.55764E-5 1.59287E-5 1.57536E-5 1.02002E-5 1.36606E-5 1.29742E-5 1.60914E-5 2.00083E-5 8.10072E-6 7.88087E-6 8.88904E-6 7.45883E-6 2.57817E-6 3.32992E-6 2.34027E-6 8.0398E-6 3.45389E-6 3.62465E-6 1.90893E-6 4.09095E-6 3.64955E-6 4.25514E-6 2.51626E-6 6.38854E-6 8.32288E-6 7.17248E-6 4.10749E-6 1.49656E-6 5.76297E-6 2.73137E-6 9.47601E-7 4.46714E-6 1.14078E-5 1.22629E-5 1.90306E-6 1.21284E-6 2.33392E-6 4.40067E-6 7.08367E-6 4.16792E-6 7.38728E-7
3.11385E-6 2.27241E-6 6.02369E-6 1.89895E-5 1.38658E-5 9.29655E-6 1.90682E-5 4.9987E-6 4.38468E-6 2.57829E-6 2.81801E-6 3.41345E-6 1.64866E-5 2.18516E-5 2.24642E-5 1.17022E-6 4.99732E-6 7.39173E-6 8.81669E-6 1.53201E-5 1.48333E-5 7.1417E-6 1.25701E-5 5.82934E-6 1.03413E-5 1.67255E-5 1.71568E-5 1.72015E-5 8.8807E-6 7.78066E-6 1.02013E-5 6.92938E-6 5.77131E-6 1.03967E-5 2.07086E-6 1.60352E-6 3.6806E-6 4.11631E-6 2.89343E-6 1.01785E-5 1.67369E-6 2.87252E-6 8.24628E-7 1.34364E-6 8.62647E-7 5.1027E-6 6.86383E-7 7.36003E-6 1.76538E-6 4.07217E-6 3.48661E-6 8.1616E-6 2.92086E-6 7.1041E-6 7.49503E-6 1.49805E-6 8.41927E-7 1.17821E-6 9.72221E-7 4.10811E-7 1.88964E-6 1.25008E-6 1.97589E-6 5.4896E-6 7.2217E-6 8.38297E-6
3.27493E-6 1.27223E-6 9.65152E-6 1.19779E-5 1.93569E-5 1.9728E-5 2.05316E-5 4.16183E-6 6.41991E-6 3.93093E-6 4.4906E-6 4.82752E-6 1.03281E-5 1.59776E-5 2.83993E-5 4.4388E-6 2.05117E-6 1.28014E-5 1.7982E-5 1.77773E-5 1.49524E-5 2.70705E-6 2.55249E-6 8.50961E-6 3.50085E-6 1.72454E-5 1.67975E-5 1.58358E-5 9.76914E-6 6.23097E-6 1.14409E-5 1.0057E-5 2.03239E-6 2.04732E-6 1.57295E-6 1.66889E-6 2.95967E-6 4.75509E-6 9.23328E-6 6.01165E-6 2.01388E-6 2.86161E-6 9.05686E-6 5.5462E-6 1.96402E-6 8.18571E-6 3.78612E-6 3.6968E-6 1.71325E-6 1.9497E-6 2.55072E-6 4.9425E-6 6.84363E-7 6.56973E-6 5.92646E-6 2.46177E-6 8.56503E-7 1.7356E-6 1.31427E-6 3.50718E-7 4.60524E-7 2.35617E-7 7.02591E-7 4.08711E-7 2.37678E-6 1.76617E-6
1.71659E-5 1.54282E-5 1.43111E-5 2.80391E-5 3.36222E-5 2.28121E-5 1.91339E-5 4.57781E-6 1.18401E-5 1.11E-5 4.7788E-6 3.70591E-6 9.2717E-7 3.47364E-6 1.70377E-5 1.14244E-5 1.78657E-5 2.06191E-5 5.28236E-6 2.59274E-5 2.51285E-5 1.30955E-5 6.50181E-6 7.93348E-6 6.84664E-6 1.53447E-5 1.63623E-5 9.62258E-6 1.75695E-5 1.03658E-5 5.34092E-6 3.61403E-6 9.33344E-6 4.36301E-6 8.17175E-7 5.44022E-6 9.76661E-7 7.97682E-6 1.30452E-5 8.23934E-6 2.80702E-6 3.81047E-6 5.5662E-6 5.22999E-6 1.1151E-5 1.61014E-5 1.36074E-5 1.38578E-5 5.98719E-6 4.66205E-6 1.29974E-6 2.00612E-6 6.0263E-7 3.93232E-6 1.3828E-6 1.43663E-6 1.30673E-6 5.16737E-6 2.17809E-6 1.93451E-7 1.23801E-7 5.97969E-7 4.19794E-7 2.94695E-7 5.74198E-8 2.31866E-6
