catData/rasterBestHybridModels/Pviverrinus/RD_BM01_RM1.5_L/Pviverrinus_median.asc
ncols         409
nrows         350
xllcorner     60.897278365
yllcorner     5.843756025
cellsize      0.0892857
NODATA_value  -9999
[rows 203 to 231 of 350, columns 130 to 194 of 409]
-9999 -9999 -9999 -9999 -9999 1.24126E-4 1.15375E-4 7.09706E-5 7.72941E-5 9.41908E-5 5.12074E-5 1.37338E-5 2.81718E-6 4.00768E-6 2.89076E-6 2.91932E-6 3.62739E-6 6.99402E-6 7.62801E-6 9.8272E-6 8.32043E-6 4.78214E-6 4.38181E-6 1.05311E-5 3.84427E-6 3.32937E-6 2.26895E-6 4.32702E-6 4.27576E-6 7.00826E-6 9.95624E-6 5.08498E-6 6.43449E-6 4.4695E-6 3.54817E-6 2.81199E-6 3.56066E-6 2.84719E-6 9.59704E-7 1.13732E-6 3.71352E-6 1.56855E-6 3.03328E-6 4.75892E-6 1.06716E-5 6.33109E-7 2.21492E-6 2.62416E-6 2.86689E-6 4.57786E-6 4.34676E-6 1.87126E-6 4.39002E-6 6.181E-6 2.24865E-6 2.49782E-6 4.42344E-6 1.07094E-5 3.78429E-6 4.77884E-7 1.26813E-6 9.99739E-6 2.08122E-5 2.1035E-6 3.18792E-5
-9999 -9999 -9999 -9999 4.35348E-4 1.36061E-4 7.6504E-5 1.37347E-4 1.2865E-4 5.35471E-5 2.4245E-5 5.27391E-6 4.65425E-6 1.37787E-6 3.25487E-6 5.19209E-6 6.7673E-6 4.86844E-6 3.70344E-6 1.02747E-5 9.16772E-6 8.61549E-6 8.51629E-6 1.51589E-5 7.91996E-6 7.11312E-6 8.03633E-6 4.78024E-6 4.69945E-6 6.54633E-6 1.06545E-5 6.51378E-6 7.5649E-6 4.30372E-6 2.27805E-6 2.43321E-6 2.49728E-6 3.37422E-6 9.98437E-7 2.74829E-7 8.42227E-7 6.83843E-7 1.70832E-6 2.8366E-6 5.0304E-6 6.38869E-6 1.62864E-6 8.39346E-7 4.93655E-6 4.09609E-6 2.29332E-6 9.89667E-7 4.68508E-6 1.18488E-5 1.00821E-5 2.01558E-6 7.07526E-6 3.78599E-6 1.16875E-6 4.0258E-7 6.15832E-6 4.77238E-6 2.31979E-5 6.41558E-6 8.52627E-6
-9999 -9999 -9999 -9999 2.1653E-4 1.12398E-5 6.09387E-5 5.63219E-5 6.65951E-5 3.56822E-5 9.44167E-6 7.56272E-6 7.3748E-6 1.07946E-5 6.77782E-6 4.96593E-6 7.92076E-6 8.31823E-6 5.94494E-6 3.84411E-6 5.03716E-6 1.08942E-5 1.58864E-5 1.62307E-5 1.04414E-5 8.35503E-6 9.01126E-6 9.64675E-6 1.86578E-6 2.28831E-6 1.22979E-5 8.74707E-6 3.87574E-6 3.1198E-6 4.05256E-6 3.33996E-6 1.49223E-6 4.60207E-6 7.65371E-6 2.46312E-6 8.3579E-7 1.00476E-6 1.38529E-6 9.62147E-7 2.00307E-6 2.08641E-6 4.18331E-7 1.89842E-6 1.52872E-6 7.3617E-6 5.01713E-6 4.27464E-6 8.12278E-6 1.0253E-5 4.44682E-6 7.2599E-6 9.26894E-6 1.96753E-6 5.91492E-7 7.83402E-7 3.79396E-6 1.75855E-5 1.7857E-5 5.42678E-6 3.37308E-6
-9999 -9999 -9999 -9999 2.47163E-4 1.23216E-4 5.83984E-5 5.40995E-5 5.38658E-5 4.23219E-5 2.26787E-5 3.60911E-6 1.13768E-5 7.13011E-6 2.78867E-5 9.03014E-6 1.53544E-5 7.41325E-6 5.64469E-6 9.05042E-6 5.50431E-6 6.96395E-6 1.3484E-5 1.49343E-5 1.23333E-5 4.66298E-6 7.04594E-6 9.85486E-6 1.57589E-5 3.64805E-6 6.92455E-6 8.73643E-6 7.21983E-6 2.5343E-6 1.78915E-6 1.78015E-6 1.17397E-6 1.48801E-6 1.26499E-6 1.15025E-6 7.05053E-7 4.8018E-7 4.73806E-7 1.69023E-6 5.64157E-7 2.99509E-6 3.38012E-6 1.87826E-6 1.33936E-6 2.61767E-6 2.81435E-6 1.48908E-6 2.31452E-6 7.23673E-6 3.2271E-6 5.05103E-6 2.7151E-6 1.52775E-5 4.6415E-6 1.32838E-5 2.41988E-5 2.37591E-5 1.53486E-5 2.14527E-5 4.0377E-6
-9999 -9999 -9999 -9999 3.58499E-4 7.87137E-5 1.04888E-4 3.82378E-5 1.44502E-4 3.31391E-5 2.91438E-5 6.5829E-6 2.27613E-6 7.06671E-6 1.75592E-5 4.59156E-5 1.32555E-5 1.53536E-5 1.49501E-5 1.67258E-5 1.50784E-5 2.74656E-5 1.50108E-5 1.51592E-5 3.96505E-6 5.52149E-6 6.94765E-6 9.55589E-6 8.22628E-6 1.21745E-5 3.69702E-6 5.23249E-6 7.70975E-6 1.16533E-5 8.01131E-6 3.96344E-6 4.20247E-6 1.38845E-6 6.82841E-7 8.16043E-7 3.51851E-6 2.58304E-6 2.74759E-6 9.56449E-6 2.88912E-6 1.8567E-6 2.13178E-6 1.69671E-6 2.05632E-6 2.82612E-6 4.30009E-6 5.11619E-7 5.08312E-6 7.30579E-6 4.48997E-6 1.73073E-6 2.15223E-6 1.61959E-6 1.2114E-5 2.37441E-5 2.36759E-5 2.03777E-5 1.91728E-5 1.83896E-5 7.1695E-6
-9999 -9999 -9999 -9999 3.26469E-4 2.47773E-4 2.5793E-4 1.83559E-4 5.38259E-5 3.79392E-5 3.12726E-5 1.64113E-5 4.04627E-6 8.3932E-6 1.22112E-5 1.38101E-5 9.55561E-6 1.54609E-5 1.10087E-5 1.33307E-5 9.28335E-6 2.1498E-5 3.35804E-5 1.05155E-5 6.19436E-6 1.14252E-5 8.98898E-6 1.17884E-5 6.73462E-6 1.1581E-5 4.6423E-6 4.46742E-6 1.12323E-5 7.60241E-6 9.62237E-6 4.93763E-6 1.86903E-6 1.68705E-6 1.35287E-6 1.37753E-6 2.49354E-6 1.16412E-6 1.36944E-6 1.61926E-6 6.55104E-6 1.04373E-5 4.56746E-6 3.79122E-6 1.55031E-6 1.89153E-6 1.26018E-6 4.25431E-6 4.12065E-6 2.20893E-6 1.01929E-6 2.05284E-6 4.86433E-7 1.28995E-6 4.32479E-6 2.30623E-5 1.52469E-5 6.91907E-6 5.07858E-6 4.58152E-6 1.36273E-5
-9999 -9999 -9999 -9999 2.89961E-4 2.01638E-4 7.69251E-5 2.36675E-4 1.03652E-4 8.76943E-5 2.14085E-5 1.62371E-5 5.83193E-6 9.55454E-6 1.6287E-6 1.06692E-6 7.24318E-6 8.93438E-6 6.70978E-6 6.19066E-6 7.77251E-6 5.45676E-6 5.00181E-6 2.51909E-6 4.04638E-6 1.54798E-5 8.62805E-6 1.49667E-5 4.49973E-6 4.46762E-6 4.61661E-6 3.98561E-6 4.10659E-6 8.81563E-6 6.23781E-6 7.79884E-6 5.61926E-6 3.02629E-6 1.41727E-6 1.30712E-6 3.637E-6 1.85916E-6 1.29623E-6 6.43117E-7 8.10658E-7 3.58527E-6 8.94785E-6 4.67038E-6 2.90304E-6 9.49715E-7 1.55735E-6 2.21178E-6 8.66787E-6 5.21657E-6 2.59455E-6 4.26494E-6 7.93794E-7 9.32828E-7 2.19892E-6 9.84043E-6 2.19048E-5 1.49839E-5 3.74931E-6 1.64497E-6 4.7627E-6
-9999 -9999 -9999 -9999 -9999 2.76637E-4 1.52668E-4 7.86517E-5 1.33319E-4 6.18465E-5 2.22976E-5 6.45973E-6 2.12301E-6 3.62725E-6 1.15917E-6 1.57799E-6 2.48019E-6 6.75986E-6 9.42819E-6 4.90635E-6 1.2489E-5 9.68237E-6 1.602E-5 7.86087E-6 1.27832E-5 1.61288E-5 1.22693E-5 8.39233E-6 9.87046E-6 5.08208E-6 6.89247E-6 6.08079E-6 4.55078E-6 5.28646E-6 3.02767E-6 6.36152E-6 8.72391E-6 1.04439E-5 5.24549E-6 3.48247E-6 3.56438E-6 1.54688E-6 1.33732E-6 1.68847E-6 3.07593E-6 2.27691E-6 3.5202E-6 2.10606E-6 4.56124E-6 3.12804E-6 1.90879E-6 3.03758E-6 1.06097E-6 2.27546E-6 5.79647E-7 2.08044E-6 2.80351E-6 5.13677E-6 2.69293E-6 1.32326E-6 2.28651E-5 1.9078E-5 1.54314E-5 4.15851E-6 1.38792E-6
-9999 -9999 -9999 -9999 -9999 -9999 1.6989E-4 7.14542E-5 2.37527E-4 1.02395E-4 5.16147E-5 3.26162E-5 6.39738E-6 9.71529E-6 7.46917E-6 1.23183E-6 6.26839E-6 7.29871E-6 5.84451E-6 3.39178E-6 1.06235E-5 8.89385E-6 1.28567E-5 5.68403E-6 5.25584E-6 7.94708E-6 1.3456E-5 1.43625E-5 2.7816E-5 1.24315E-5 2.41232E-6 3.38343E-6 5.27143E-6 4.75931E-6 1.22971E-5 7.32369E-6 3.33916E-6 4.50985E-6 6.03035E-6 3.67771E-6 2.76486E-6 2.25101E-6 1.96512E-6 7.10807E-7 1.93127E-6 1.66194E-6 1.57991E-6 1.42466E-6 4.52359E-6 3.15017E-6 1.04561E-6 1.18497E-6 1.44282E-6 3.29276E-7 2.78254E-6 2.47383E-6 1.24691E-5 2.58343E-6 3.79022E-6 6.37186E-6 1.44136E-5 1.77665E-5 1.27174E-5 1.35923E-5 5.43365E-6
-9999 -9999 -9999 -9999 -9999 2.92549E-4 1.76777E-4 1.67831E-4 1.49888E-4 1.16483E-4 2.55482E-5 1.55694E-4 3.11825E-5 5.64924E-6 1.06419E-6 1.95905E-6 7.98679E-6 1.15353E-5 8.06864E-6 1.50793E-5 1.51885E-5 1.17258E-5 1.74347E-5 1.72279E-5 1.56877E-5 1.16214E-5 6.38762E-6 6.20364E-6 1.14189E-5 2.914E-5 4.44978E-6 5.09983E-6 1.2596E-5 6.05511E-6 2.79919E-6 4.70043E-6 3.58017E-6 7.77791E-6 2.64901E-6 3.91478E-6 2.525E-6 4.59744E-7 8.33391E-7 2.62108E-6 1.61102E-6 1.24169E-6 2.4628E-6 6.75641E-7 2.3433E-6 2.24241E-6 1.34709E-6 6.89003E-7 2.85308E-6 1.35247E-6 6.25979E-7 2.12499E-6 8.69676E-6 3.23614E-6 8.95472E-7 8.94204E-7 4.41177E-6 2.25315E-5 1.2968E-5 6.71592E-6 7.35192E-6
-9999 -9999 -9999 -9999 -9999 -9999 2.78899E-4 2.03809E-4 6.05793E-5 8.89603E-5 8.30746E-5 2.71311E-5 1.36467E-5 5.08981E-6 5.45524E-7 6.93189E-7 2.79358E-6 6.42654E-6 6.22072E-6 5.51434E-6 1.23398E-5 1.46714E-5 2.41854E-5 2.71217E-5 2.67444E-5 9.21886E-6 8.98441E-6 4.8947E-6 1.35881E-5 1.31503E-5 5.95464E-6 8.20878E-6 7.86485E-6 4.46411E-6 2.68146E-6 9.67823E-6 1.47394E-6 5.60282E-6 9.23697E-6 7.56799E-6 5.18336E-6 3.64546E-6 1.47335E-6 3.68514E-6 4.10901E-6 1.51634E-6 2.33032E-6 3.87975E-6 4.44539E-6 4.22006E-6 1.46987E-6 1.18039E-6 6.36691E-7 3.97147E-6 1.57785E-6 1.16561E-6 1.55029E-6 4.83E-6 4.239E-6 4.92103E-7 9.31293E-7 2.66368E-6 8.86844E-7 8.26762E-6 3.32745E-6
-9999 -9999 -9999 -9999 -9999 -9999 3.01692E-4 1.96797E-4 6.4058E-5 3.3863E-5 2.94799E-5 4.54384E-5 1.36962E-5 3.7907E-6 3.44942E-6 3.01722E-6 2.28234E-6 4.93029E-6 7.87238E-6 8.51461E-6 9.09677E-6 5.43426E-6 6.62035E-6 4.44153E-6 1.06426E-5 4.19005E-6 4.56757E-6 4.88856E-6 1.02164E-5 1.89925E-5 9.0645E-6 2.66575E-6 1.51198E-6 3.92287E-6 3.9973E-6 1.47057E-6 6.24574E-6 5.85359E-6 6.29829E-6 1.33693E-5 4.61025E-6 7.06191E-6 5.34567E-6 2.9984E-6 1.48838E-6 1.6348E-6 1.31364E-6 2.10873E-6 1.32634E-6 9.79252E-7 3.07954E-6 1.55763E-6 4.41009E-7 3.98312E-6 1.14355E-6 2.4425E-6 1.03086E-6 5.42588E-6 5.01552E-6 1.77303E-6 6.86757E-7 5.43561E-7 1.36579E-6 6.03766E-6 3.62939E-6
-9999 -9999 -9999 -9999 -9999 -9999 3.40267E-4 2.96227E-4 3.45249E-5 2.63819E-5 3.13482E-5 6.30466E-5 1.61497E-5 6.06026E-6 1.70098E-6 3.84228E-6 8.95615E-6 2.00151E-6 3.53339E-6 4.43685E-6 6.80926E-6 3.8688E-6 2.36399E-6 7.12068E-7 1.86324E-6 5.05115E-6 8.8819E-6 7.45509E-6 1.13769E-5 2.07943E-5 5.94426E-6 4.21183E-6 5.70113E-6 5.4752E-6 1.27736E-5 2.7907E-6 7.87657E-6 4.11372E-6 6.04453E-6 9.26038E-6 7.78364E-6 1.2686E-5 6.55745E-6 2.06741E-6 8.24366E-7 2.85573E-6 4.51786E-6 1.05238E-6 8.66122E-7 1.73778E-6 1.38463E-6 1.0447E-6 2.10563E-6 5.29053E-6 2.84127E-6 1.83912E-6 3.99926E-7 6.29967E-7 1.84675E-6 5.10878E-6 1.19575E-6 9.11774E-7 1.42249E-6 4.73748E-6 8.10204E-6
-9999 -9999 -9999 -9999 -9999 -9999 -9999 3.29292E-4 6.6671E-5 2.03406E-5 4.76673E-5 8.68019E-5 2.40717E-5 1.29283E-5 3.04045E-6 4.27774E-6 1.02016E-5 7.22631E-6 5.26146E-6 4.09149E-6 3.46497E-6 2.54844E-6 4.60871E-6 3.3811E-6 6.22727E-6 4.87862E-6 8.53007E-6 7.06151E-6 5.65632E-6 8.64786E-6 1.14263E-5 1.08186E-5 8.50312E-6 1.73412E-5 9.69607E-6 5.2724E-6 6.44293E-6 1.00607E-5 4.00884E-6 8.04419E-6 5.94244E-6 9.97277E-6 3.25852E-6 4.88046E-6 7.14847E-6 7.00781E-6 3.01793E-6 1.00611E-6 9.00291E-7 6.31371E-7 4.47325E-7 2.79424E-6 2.78455E-6 2.07121E-6 5.03401E-6 2.83798E-6 2.82504E-6 1.44114E-6 1.63917E-6 1.97487E-6 1.17894E-5 1.0353E-6 1.27189E-6 7.16041E-6 3.35326E-6
-9999 -9999 -9999 -9999 -9999 -9999 -9999 2.12134E-4 8.78122E-5 3.06338E-5 3.24664E-5 3.61173E-5 8.00381E-5 2.78033E-5 1.1179E-5 2.12239E-6 2.31924E-6 3.91341E-6 8.30645E-6 2.35712E-6 2.88237E-6 5.09866E-6 3.45612E-6 3.03044E-6 1.32207E-5 1.34781E-5 1.47626E-5 1.00394E-5 6.15216E-6 1.16633E-5 1.32406E-5 1.34303E-5 1.10649E-5 2.5507E-5 1.18368E-5 6.59489E-6 8.80586E-6 7.83206E-6 1.50486E-5 5.85099E-6 4.91831E-6 8.66114E-7 3.09413E-6 2.92867E-6 8.18698E-7 2.29836E-6 4.48104E-6 2.08692E-6 1.69186E-6 1.17741E-6 1.16786E-6 2.29714E-6 2.66221E-6 2.53315E-6 1.5291E-6 5.11318E-6 2.1327E-6 3.0586E-6 1.2111E-6 2.98338E-6 1.07866E-6 2.58569E-6 3.00973E-6 1.13965E-6 2.12759E-6
-9999 -9999 -9999 -9999 -9999 -9999 -9999 2.21382E-4 1.40353E-4 1.31367E-4 1.63188E-4 8.24345E-5 5.73127E-5 4.48366E-5 1.13996E-5 7.52672E-6 4.33917E-6 4.078E-6 1.63113E-5 3.45284E-6 4.11465E-6 3.12624E-6 4.27219E-6 6.71964E-6 7.60586E-6 8.8608E-6 8.67304E-6 1.08517E-5 7.5299E-6 5.871E-6 7.62393E-6 1.84932E-6 1.09655E-5 8.64162E-6 7.27211E-6 1.05447E-5 1.15861E-5 1.0248E-5 8.36692E-6 2.63562E-6 5.54907E-6 8.03321E-7 2.49527E-6 7.70532E-6 3.15292E-6 1.76121E-6 1.03495E-5 9.45754E-7 9.48843E-7 7.95836E-7 1.73345E-6 9.06793E-7 2.39436E-6 1.03738E-6 6.02809E-6 4.31917E-6 6.79051E-6 2.31309E-6 5.15907E-6 9.16507E-7 1.35894E-6 3.7508E-6 4.88073E-6 1.06859E-5 1.73134E-6
-9999 -9999 -9999 -9999 -9999 -9999 -9999 -9999 1.62987E-4 1.76854E-4 6.15521E-5 5.87725E-5 8.63419E-5 3.70818E-5 1.36342E-5 3.82039E-6 1.93703E-6 1.23283E-5 6.20015E-6 2.72317E-6 4.04959E-6 3.43132E-6 5.84726E-6 4.63833E-6 6.32043E-6 9.38725E-6 1.06368E-5 1.23828E-5 9.88085E-6 9.89908E-6 7.06966E-6 1.01961E-5 1.21249E-5 4.71488E-6 8.25063E-6 6.36654E-6 1.73888E-5 5.69995E-6 4.15709E-6 3.02229E-6 1.44435E-6 2.59963E-6 2.38601E-6 4.49584E-6 4.56219E-6 1.06624E-6 1.55069E-6 3.46815E-6 6.15795E-6 4.17564E-6 8.24052E-6 1.80083E-6 3.896E-7 1.75529E-6 7.2354E-6 1.71069E-6 4.3969E-6 3.49371E-6 1.21276E-6 1.38699E-6 7.7096E-7 1.17456E-6 2.64339E-6 2.28101E-6 2.15553E-6
-9999 -9999 -9999 -9999 -9999 -9999 -9999 -9999 7.49466E-5 2.07607E-4 1.31267E-4 1.19607E-4 1.57766E-4 2.37288E-5 1.56631E-5 2.01001E-6 1.33503E-5 2.01096E-5 7.35707E-6 3.74983E-6 2.56579E-6 5.50825E-6 6.75467E-6 8.86455E-6 6.24758E-6 1.14603E-5 1.24451E-5 1.22676E-5 1.03497E-5 1.09613E-5 3.84006E-6 1.71297E-5 1.78259E-5 4.90552E-6 1.54155E-5 5.8258E-6 5.23064E-6 9.97088E-6 4.05713E-6 4.67614E-6 1.55074E-6 3.49473E-6 3.43912E-6 3.18561E-6 2.84156E-6 3.05379E-6 1.31143E-6 1.62338E-6 2.57099E-6 2.65962E-6 5.79846E-6 8.52627E-6 2.67719E-6 1.29985E-6 4.14786E-6 3.64313E-6 4.87552E-6 1.94987E-6 2.11821E-6 8.66892E-7 5.86651E-7 1.44727E-6 2.13051E-6 2.8516E-6 3.62654E-6
-9999 -9999 -9999 -9999 -9999 -9999 -9999 -9999 2.25942E-4 1.69184E-4 2.27232E-4 9.15923E-5 1.38213E-4 1.85304E-5 1.23023E-5 1.93361E-6 7.68345E-6 3.27894E-5 2.83977E-5 5.07168E-6 1.29036E-6 2.85847E-6 3.26301E-7 2.26061E-6 4.27117E-6 3.59465E-6 1.24818E-5 1.2047E-5 1.71567E-5 1.47464E-5 5.79161E-6 1.1771E-5 9.69082E-6 1.25459E-5 5.98238E-6 9.19263E-6 5.73716E-6 5.97856E-6 4.94001E-6 1.49317E-6 7.11609E-6 4.82633E-6 1.19744E-5 1.13967E-5 3.7405E-6 1.78721E-6 1.62895E-6 1.39417E-6 2.96759E-6 3.29848E-6 2.34253E-6 5.10595E-6 1.38639E-5 1.02411E-5 6.05973E-6 7.08453E-6 2.67182E-6 3.71859E-6 9.50497E-7 9.31967E-7 1.06497E-6 2.04628E-6 1.6905E-6 3.47777E-6 6.30881E-6
-9999 -9999 -9999 -9999 -9999 -9999 -9999 -9999 2.70423E-4 2.40294E-4 2.04152E-4 2.69388E-4 2.2664E-4 2.79517E-5 1.34714E-5 6.55696E-6 1.47875E-6 2.85968E-6 2.37828E-5 1.16776E-5 2.67826E-6 1.31164E-6 7.80554E-7 3.66476E-6 1.302E-6 2.7194E-6 2.08561E-6 7.21123E-6 1.44695E-5 1.55895E-5 1.13501E-5 1.17417E-5 1.67358E-5 1.3463E-5 1.34382E-5 1.18933E-5 1.03234E-5 7.40495E-6 9.49653E-6 2.88085E-6 3.4022E-6 6.54596E-6 1.45299E-5 1.62847E-5 6.68691E-6 4.89989E-6 2.13827E-7 8.58028E-7 1.20291E-6 1.39984E-6 4.07444E-6 1.8884E-5 2.39707E-5 1.41223E-5 6.40348E-6 2.61264E-6 1.31855E-6 3.42214E-6 6.6498E-6 1.13852E-6 1.0811E-6 2.24151E-6 6.17172E-7 3.97843E-6 6.95449E-6
-9999 -9999 -9999 -9999 -9999 -9999 -9999 -9999 4.38438E-4 1.62102E-4 2.07985E-4 2.50214E-4 1.96079E-4 4.15342E-5 1.29885E-5 9.71457E-6 3.88873E-6 3.04478E-6 1.93938E-5 4.51971E-5 1.08047E-5 4.54826E-6 2.13996E-6 2.36464E-6 1.58922E-6 7.78201E-7 1.52065E-6 8.29729E-6 1.34378E-5 1.35688E-5 1.34614E-5 9.79597E-6 1.08607E-5 1.72955E-5 1.25915E-5 1.07046E-5 8.21585E-6 1.37247E-5 1.0732E-5 6.35509E-6 7.45427E-6 1.02463E-5 1.45734E-5 1.50524E-5 7.68315E-6 5.47292E-6 2.89898E-6 1.31002E-5 2.6001E-5 8.95234E-6 1.20829E-5 1.33193E-5 1.64307E-5 1.43581E-5 2.05921E-6 1.20203E-6 3.40942E-6 4.98017E-6 1.76538E-5 3.81347E-6 1.07029E-6 1.34016E-6 5.81413E-7 2.82484E-6 1.20367E-5
-9999 -9999 -9999 -9999 -9999 -9999 -9999 -9999 -9999 1.6791E-4 1.994E-4 2.67879E-4 2.36793E-4 1.72862E-4 6.06401E-5 1.94801E-5 4.20339E-6 3.87773E-6 5.55849E-6 1.61261E-5 1.76784E-5 9.61396E-6 4.06952E-6 2.05112E-6 1.95116E-6 1.87314E-6 7.70946E-7 1.14143E-5 1.33818E-5 1.24886E-5 1.13808E-5 6.48538E-6 1.44143E-5 1.80386E-5 1.62394E-5 1.05157E-5 5.90797E-6 1.29706E-5 4.70567E-6 8.13069E-6 4.94135E-6 5.97181E-6 7.3981E-6 1.42429E-5 1.99018E-5 3.19014E-6 3.99208E-6 2.32937E-6 8.70868E-6 5.15407E-6 3.47979E-6 1.01019E-5 8.51975E-6 9.12443E-6 2.57353E-6 4.57947E-6 4.76683E-6 1.40597E-5 2.07925E-5 9.55203E-6 2.96433E-6 3.65036E-6 1.21409E-5 9.31441E-6 1.28946E-5
-9999 -9999 -9999 -9999 -9999 -9999 -9999 -9999 -9999 1.44987E-4 2.79385E-4 2.8464E-4 2.74539E-4 1.68417E-4 4.02813E-5 2.33181E-5 1.05076E-5 2.0013E-5 9.10297E-6 2.53872E-5 2.39795E-5 1.05769E-5 6.56736E-6 9.80067E-6 1.58942E-6 5.04969E-7 4.28954E-6 4.45412E-6 8.97998E-6 1.28557E-5 2.68107E-6 5.98411E-6 8.92661E-6 1.1051E-5 1.32482E-5 1.63802E-5 1.73034E-5 4.96877E-6 9.80605E-6 1.66417E-5 7.7479E-6 3.91846E-6 3.53443E-6 1.099E-5 7.91584E-6 5.71495E-6 3.22792E-6 8.5265E-7 7.26194E-6 3.30897E-6 3.6876E-6 2.5533E-6 3.05918E-6 7.00183E-6 6.2017E-6 6.04812E-6 1.41537E-5 1.55872E-5 1.08579E-5 1.17243E-5 4.15911E-6 5.98879E-6 5.3207E-6 1.82545E-5 5.92589E-6
-9999 -9999 -9999 -9999 -9999 -9999 -9999 -9999 -9999 1.19969E-4 1.21112E-4 2.73931E-4 2.76594E-4 1.36858E-4 2.53809E-5 1.69962E-5 1.79997E-6 3.42683E-6 1.24818E-5 3.84853E-5 3.37765E-5 2.00375E-5 4.64157E-6 1.47795E-5 1.09691E-5 4.18151E-6 2.61765E-7 6.06753E-6 1.09809E-5 8.42018E-6 3.49003E-6 2.16232E-6 2.15678E-6 9.8774E-6 1.16881E-5 7.75978E-6 1.66897E-5 1.19301E-5 7.97453E-6 6.47208E-6 1.45274E-5 6.87455E-6 4.27113E-6 2.25859E-6 3.88472E-6 1.81171E-6 7.29397E-7 2.98233E-6 1.87836E-5 9.90672E-6 1.83661E-6 2.32284E-5 4.59476E-6 5.20558E-6 3.07835E-6 4.62746E-6 2.26924E-5 2.40286E-5 8.67441E-6 1.92116E-5 7.35928E-6 1.96695E-6 3.65466E-6 1.90495E-6 5.46286E-6
-9999 -9999 -9999 -9999 -9999 -9999 -9999 -9999 -9999 2.16652E-4 2.60484E-4 2.96442E-4 3.13966E-4 1.92982E-4 5.03605E-5 2.76136E-5 1.73581E-5 2.03725E-5 1.24809E-5 5.55422E-6 2.02844E-6 4.74786E-6 7.05837E-6 9.25622E-6 7.56898E-6 9.52198E-6 9.73443E-6 7.24853E-6 4.2601E-6 6.40258E-6 9.87436E-6 1.56812E-6 2.78392E-6 7.0287E-6 4.81055E-6 6.56217E-6 6.50517E-6 8.14768E-6 6.23792E-6 7.29125E-6 4.85193E-6 4.68169E-6 5.50505E-6 4.98986E-6 6.86042E-6 2.4358E-6 1.66515E-6 6.80523E-6 5.3373E-6 1.89925E-6 4.16162E-6 1.36176E-5 2.93566E-5 1.16077E-5 1.19126E-5 7.78847E-6 2.166E-5 1.20677E-5 1.308E-5 2.08383E-5 6.33988E-6 4.8897E-6 1.29306E-6 3.7944E-6 8.66367E-6
-9999 -9999 -9999 -9999 -9999 -9999 -9999 -9999 -9999 1.58809E-4 2.3562E-4 2.537E-4 3.16847E-4 3.12214E-4 1.49669E-4 2.66407E-5 2.17764E-5 1.68939E-5 4.40314E-5 1.59939E-5 2.89989E-5 1.36584E-5 3.51583E-5 2.87685E-5 1.38717E-5 1.18668E-5 1.0733E-5 8.46848E-6 8.86223E-6 1.08711E-5 5.73105E-6 3.71425E-6 7.40634E-6 1.02721E-5 8.60529E-6 1.4219E-5 1.60793E-5 7.4754E-6 4.18142E-6 3.24395E-6 1.672E-6 2.40253E-6 2.85837E-6 2.26596E-6 1.32485E-6 6.45911E-6 9.77545E-6 9.29804E-6 7.13368E-6 2.08261E-5 1.5207E-5 3.05026E-5 3.30739E-5 2.91191E-5 1.56845E-5 2.41413E-5 3.03271E-5 8.73624E-6 1.71732E-5 7.00018E-6 4.81882E-6 5.28985E-6 2.64278E-6 1.09258E-6 1.90299E-5
-9999 -9999 -9999 -9999 -9999 -9999 -9999 -9999 -9999 2.21552E-4 4.62064E-5 2.68077E-4 3.29027E-4 3.38291E-4 1.92669E-4 3.28722E-5 2.95285E-5 2.05522E-5 1.43046E-5 2.09914E-6 4.06915E-6 2.46785E-5 1.72461E-5 2.42687E-5 1.20057E-5 8.51334E-6 1.14446E-5 2.57403E-5 1.31684E-5 1.70041E-5 2.29454E-5 1.16423E-5 7.01341E-6 8.25221E-6 3.29015E-6 1.00018E-5 8.03751E-6 6.65245E-6 3.30321E-6 3.75833E-6 5.03669E-6 1.07182E-6 1.37603E-6 6.14716E-6 8.40806E-6 3.60321E-5 1.30165E-5 2.10073E-5 1.4934E-5 8.45995E-6 1.24607E-5 2.52991E-5 3.21425E-5 2.93573E-5 2.81741E-5 1.91428E-5 1.97342E-5 2.36795E-5 1.89829E-5 1.16052E-5 1.0204E-5 1.64224E-5 2.28482E-5 7.23164E-6 7.33748E-6
-9999 -9999 -9999 -9999 -9999 -9999 -9999 -9999 -9999 1.39544E-4 3.30108E-5 1.62981E-4 3.22841E-4 2.6007E-4 1.8157E-4 2.69565E-5 2.22201E-5 1.54734E-5 3.51386E-5 8.57579E-6 1.00082E-5 2.30902E-5 8.37912E-6 1.33739E-5 9.87124E-6 2.61443E-5 1.36805E-5 1.97579E-5 2.62924E-5 1.40327E-5 1.97963E-5 1.63068E-5 2.96308E-5 9.05238E-6 4.7879E-6 1.04935E-5 1.02783E-5 1.24816E-5 1.08687E-5 1.47383E-5 9.88998E-6 1.37196E-5 1.1793E-6 5.97473E-6 5.34376E-6 1.9323E-5 9.74432E-6 1.22782E-5 2.31908E-5 1.79029E-5 2.37369E-5 2.99866E-5 3.15415E-5 2.84845E-5 2.75624E-5 1.93036E-5 2.78257E-5 3.103E-5 1.48667E-5 2.36685E-5 2.16106E-5 8.62785E-6 6.85141E-6 4.87587E-6 1.69732E-5
-9999 -9999 -9999 -9999 -9999 -9999 -9999 -9999 -9999 -9999 5.65512E-5 1.28722E-4 2.8299E-4 2.75821E-4 1.83593E-4 2.73783E-5 2.23656E-5 3.35696E-5 1.15599E-5 1.33439E-5 9.92292E-6 3.05676E-6 2.40823E-6 4.28665E-6 1.01775E-5 8.17024E-6 8.3621E-6 2.42115E-5 3.08485E-5 2.40208E-5 1.55261E-5 9.93418E-6 1.37785E-5 2.13243E-5 1.10004E-5 1.78496E-5 1.95374E-5 1.99518E-5 4.34084E-6 1.39693E-5 6.12495E-6 3.05061E-6 5.18132E-6 8.97985E-6 3.06047E-5 1.87736E-5 1.15657E-5 1.83458E-5 1.67927E-5 1.18316E-5 1.04687E-5 1.23782E-5 2.13935E-5 1.85484E-5 2.07743E-5 3.85702E-5 3.941E-5 3.00688E-5 2.17686E-5 2.88494E-5 9.72185E-6 3.20226E-5 8.53709E-6 2.83531E-6 1.90962E-5
