catData/rasterBestHybridModels/Pviverrinus/RD_BM01_RM1.5_L/Pviverrinus_stddev.asc
ncols         409
nrows         350
xllcorner     60.897278365
yllcorner     5.843756025
cellsize      0.0892857
NODATA_value  -9999
[rows 116 to 144 of 350, columns 330 to 395 of 409]
3.89229E-5 8.66479E-5 8.33217E-5 2.90125E-5 2.68927E-5 3.07265E-5 2.84173E-5 3.32715E-5 2.39372E-5 2.30642E-5 2.97404E-5 2.23132E-5 1.99587E-5 1.13383E-5 1.83464E-5 1.48829E-5 1.83887E-5 1.09292E-5 1.08505E-5 1.13256E-5 1.02748E-5 1.04939E-5 1.04147E-5 1.88784E-5 1.80102E-5 1.97753E-5 2.31364E-5 4.85435E-5 2.15452E-5 1.56834E-5 1.92082E-5 2.55547E-5 6.11156E-5 2.20091E-5 5.39621E-5 5.31818E-5 5.70696E-5 5.51586E-5 2.44342E-5 2.57747E-5 2.87578E-5 2.6058E-5 2.86623E-5 2.44636E-5 2.91837E-5 2.2625E-5 1.88382E-5 2.08136E-5 1.29247E-5 1.42041E-5 8.88919E-6 1.14432E-5 1.08553E-5 8.75463E-6 5.79759E-6 2.66631E-6 -9999 -9999 -9999 -9999 -9999 -9999 -9999 -9999 -9999 -9999
4.59446E-5 8.71853E-5 3.72246E-5 3.15056E-5 3.47895E-5 3.21249E-5 2.68438E-5 2.37349E-5 1.95968E-5 1.85174E-5 2.30533E-5 2.27348E-5 2.26975E-5 2.08524E-5 1.0459E-5 1.26473E-5 1.09523E-5 9.91972E-6 1.38218E-5 1.51072E-5 1.15216E-5 1.43901E-5 1.34662E-5 2.02194E-5 2.76928E-5 6.25812E-5 5.99996E-5 1.9833E-5 5.72209E-5 5.15094E-5 4.43321E-5 1.88729E-5 4.42496E-5 1.55812E-5 1.68639E-5 1.72343E-5 1.90391E-5 2.45369E-5 2.36716E-5 2.84109E-5 2.93372E-5 2.99084E-5 2.79749E-5 2.37121E-5 2.48689E-5 1.89213E-5 1.48673E-5 1.35744E-5 1.32235E-5 1.05128E-5 1.27166E-5 8.75852E-6 8.83447E-6 4.408E-6 -9999 -9999 -9999 -9999 -9999 -9999 -9999 -9999 -9999 -9999 -9999 -9999
4.54776E-5 8.24235E-5 3.69985E-5 3.0027E-5 2.66501E-5 3.07279E-5 2.20158E-5 1.95388E-5 2.71185E-5 3.28253E-5 1.58712E-5 1.8901E-5 1.37877E-5 3.85002E-5 1.31338E-5 1.20342E-5 1.69145E-5 1.9746E-5 2.32681E-5 1.33128E-5 2.40128E-5 2.31107E-5 3.7002E-5 6.27583E-5 5.34615E-5 5.23262E-5 4.88991E-5 1.1999E-5 2.00259E-5 2.28516E-5 1.5733E-5 1.38598E-5 1.21491E-5 1.44407E-5 1.12536E-5 1.41722E-5 1.09832E-5 1.96606E-5 2.80894E-5 2.48953E-5 2.73941E-5 2.97408E-5 2.24152E-5 2.38297E-5 1.93583E-5 1.18047E-5 1.40496E-5 1.27318E-5 1.17099E-5 7.57581E-6 1.2452E-5 3.97083E-6 2.67557E-6 -9999 -9999 -9999 -9999 -9999 -9999 -9999 -9999 -9999 -9999 -9999 -9999 -9999
3.60114E-5 3.97031E-5 2.60461E-5 3.76161E-5 3.11742E-5 4.55195E-5 2.14461E-5 2.68372E-5 2.16274E-5 3.17177E-5 2.94331E-5 1.37655E-5 2.10649E-5 1.46822E-5 3.21503E-5 1.24809E-5 1.77461E-5 1.38654E-5 2.42947E-5 2.65497E-5 7.55616E-5 6.63631E-5 5.97359E-5 1.19107E-5 2.71415E-5 1.93459E-5 1.18971E-5 1.83444E-5 1.42047E-5 1.37577E-5 1.17947E-5 1.52544E-5 1.37171E-5 1.32969E-5 1.36548E-5 1.34854E-5 1.29352E-5 1.21297E-5 2.3005E-5 2.73746E-5 2.58348E-5 2.87651E-5 2.57226E-5 1.61338E-5 1.61115E-5 1.24471E-5 1.09823E-5 1.00049E-5 8.7508E-6 4.538E-6 8.04872E-6 4.83591E-6 8.44654E-7 -9999 -9999 -9999 -9999 -9999 -9999 -9999 -9999 -9999 -9999 -9999 -9999 -9999
3.44614E-5 3.46705E-5 2.68264E-5 2.53708E-5 5.32804E-5 2.57903E-5 1.73395E-5 1.54434E-5 2.72797E-5 2.1637E-5 1.3999E-5 2.97426E-5 1.99892E-5 3.16743E-5 4.08573E-5 1.12228E-5 5.35615E-5 6.29966E-5 7.12877E-5 3.45735E-5 3.32195E-5 2.32274E-5 1.27362E-5 1.1942E-5 1.4929E-5 1.03669E-5 1.09041E-5 1.03947E-5 1.43596E-5 1.54191E-5 1.48941E-5 1.46248E-5 1.38452E-5 1.21063E-5 1.24412E-5 1.24035E-5 1.22125E-5 1.24124E-5 2.26007E-5 2.61278E-5 2.55873E-5 3.02929E-5 1.32619E-5 1.49374E-5 1.31521E-5 9.88257E-6 7.74098E-6 6.89898E-6 6.0999E-6 2.41166E-6 3.38508E-6 1.55507E-6 6.25005E-7 8.40234E-7 -9999 -9999 -9999 -9999 -9999 -9999 -9999 -9999 -9999 -9999 -9999 -9999
8.22604E-5 8.31545E-5 8.66707E-5 8.67839E-5 9.51516E-5 7.32094E-5 8.61252E-5 9.95059E-5 1.01925E-4 7.172E-5 9.7102E-5 8.27195E-5 7.0218E-5 6.10753E-5 2.10892E-5 6.90593E-5 1.83755E-5 2.2024E-5 1.5171E-5 2.84565E-5 2.38604E-5 1.93631E-5 1.20769E-5 1.65488E-5 1.54156E-5 1.15275E-5 8.23584E-6 1.11647E-5 1.11689E-5 1.45484E-5 1.36616E-5 1.2046E-5 1.40306E-5 1.14978E-5 1.0423E-5 8.71064E-6 1.06263E-5 1.30828E-5 2.76298E-5 2.46009E-5 2.13261E-5 1.52999E-5 1.34244E-5 1.38212E-5 1.13911E-5 8.64835E-6 6.47984E-6 4.14547E-6 1.67178E-6 1.10128E-6 8.00396E-7 5.43361E-7 9.58453E-7 6.84027E-7 -9999 -9999 -9999 -9999 -9999 -9999 -9999 -9999 -9999 -9999 -9999 -9999
9.49554E-5 4.23071E-5 4.19258E-5 6.1159E-5 9.86624E-5 7.61966E-5 6.8299E-5 5.89989E-5 6.89257E-5 6.41762E-5 9.93513E-5 6.70346E-5 9.74607E-5 2.05986E-5 3.52362E-5 5.9324E-5 1.46965E-5 8.87824E-6 1.05207E-5 2.24009E-5 1.34593E-5 1.40077E-5 7.8042E-6 1.33929E-5 1.00393E-5 1.77744E-5 1.60421E-5 1.24603E-5 1.1987E-5 2.16551E-5 2.08879E-5 1.51001E-5 1.34249E-5 1.33478E-5 1.10785E-5 7.40177E-6 9.38892E-6 1.66385E-5 2.438E-5 2.30138E-5 1.87132E-5 1.3958E-5 1.46051E-5 1.11006E-5 1.00021E-5 1.01122E-5 3.7952E-6 1.63927E-6 6.69757E-7 1.29285E-6 7.49594E-7 1.9004E-6 1.58217E-6 -9999 -9999 -9999 -9999 -9999 -9999 -9999 -9999 -9999 -9999 -9999 -9999 -9999
3.11357E-5 3.8697E-5 3.65294E-5 2.32173E-5 3.21511E-5 6.19575E-5 6.67801E-5 2.95456E-5 3.83E-5 4.18569E-5 7.37696E-5 5.01151E-5 2.88052E-5 5.23191E-5 1.62232E-5 2.61282E-5 1.82011E-5 1.70871E-5 1.47465E-5 1.92909E-5 1.78922E-5 1.78607E-5 1.8163E-5 1.76879E-5 1.39793E-5 1.29609E-5 1.45093E-5 1.5352E-5 2.24964E-5 2.80518E-5 2.48719E-5 2.03443E-5 1.75822E-5 1.31859E-5 9.92578E-6 8.61336E-6 9.81611E-6 3.56076E-5 2.30478E-5 2.11816E-5 1.45882E-5 1.09381E-5 1.31537E-5 7.54491E-6 7.90646E-6 9.58043E-6 2.97115E-6 1.11383E-6 5.94709E-7 1.8884E-6 3.14892E-6 3.48866E-6 1.16723E-6 1.43305E-7 -9999 -9999 -9999 -9999 -9999 -9999 -9999 -9999 -9999 -9999 -9999 -9999
3.58908E-5 3.48859E-5 3.6712E-5 3.12517E-5 2.63916E-5 2.89002E-5 2.07649E-5 1.77242E-5 1.99309E-5 2.68143E-5 2.37638E-5 2.16071E-5 1.17957E-5 2.28735E-5 2.3753E-5 1.82435E-5 1.7161E-5 2.20731E-5 1.97681E-5 1.84129E-5 1.81863E-5 1.01339E-5 1.59118E-5 1.27085E-5 1.19176E-5 1.53361E-5 2.14261E-5 1.72863E-5 2.45653E-5 2.89237E-5 2.68529E-5 2.83853E-5 2.5541E-5 3.66537E-5 1.71913E-5 1.53504E-5 2.95707E-5 2.25672E-5 2.37805E-5 2.19822E-5 1.26531E-5 1.21219E-5 9.7922E-6 6.36006E-6 8.47207E-6 5.91546E-6 2.25388E-6 1.09083E-6 8.57326E-7 1.74997E-6 5.54306E-6 3.60855E-6 1.9666E-7 -9999 -9999 -9999 -9999 -9999 -9999 -9999 -9999 -9999 -9999 -9999 -9999 -9999
3.13518E-5 3.07489E-5 3.25715E-5 2.81017E-5 2.70797E-5 2.42368E-5 2.01965E-5 2.3645E-5 2.45291E-5 2.15928E-5 2.20438E-5 2.35648E-5 2.17918E-5 1.81277E-5 1.65988E-5 2.1106E-5 1.9832E-5 1.28682E-5 1.46169E-5 1.42227E-5 1.48424E-5 1.57044E-5 1.74801E-5 1.3323E-5 1.67915E-5 1.59644E-5 2.88341E-5 2.43004E-5 2.54428E-5 2.77666E-5 2.50294E-5 3.81629E-5 2.05641E-5 2.55049E-5 3.76097E-5 3.39581E-5 2.25345E-5 2.1592E-5 2.0397E-5 1.68591E-5 1.39173E-5 9.5836E-6 5.47458E-6 5.57472E-6 8.04449E-6 3.02429E-6 2.09182E-6 9.37169E-7 1.86044E-6 3.8567E-6 4.81436E-6 6.50761E-7 -9999 -9999 -9999 -9999 -9999 -9999 -9999 -9999 -9999 -9999 -9999 -9999 -9999 -9999
3.70648E-5 3.09593E-5 2.86083E-5 2.17567E-5 2.2336E-5 3.07675E-5 1.76749E-5 1.8766E-5 2.54561E-5 1.75769E-5 1.96626E-5 1.8571E-5 1.91511E-5 1.5936E-5 1.4911E-5 1.35856E-5 1.49702E-5 9.89099E-6 1.0895E-5 1.07158E-5 8.41407E-6 1.07611E-5 1.4538E-5 1.05224E-5 1.58907E-5 1.20053E-5 1.2553E-5 2.4505E-5 2.72393E-5 5.58875E-5 3.27548E-5 2.36319E-5 1.86072E-5 1.93732E-5 1.95456E-5 3.56465E-5 2.13428E-5 2.04113E-5 1.30637E-5 1.33872E-5 1.01762E-5 7.05342E-6 5.39658E-6 7.56185E-6 5.0687E-6 2.49483E-6 1.56522E-6 7.77895E-7 3.65264E-6 8.62891E-6 2.46465E-6 2.62438E-7 6.15058E-8 -9999 -9999 -9999 -9999 -9999 -9999 -9999 -9999 -9999 -9999 -9999 -9999 -9999
3.10179E-5 3.58731E-5 2.40047E-5 2.27634E-5 2.13168E-5 1.68717E-5 1.35959E-5 1.71868E-5 8.30686E-6 5.46234E-6 5.06597E-6 4.89197E-6 8.17872E-6 4.4951E-6 5.70069E-6 8.83395E-6 1.30364E-5 8.50902E-6 7.08278E-6 1.08055E-5 7.54965E-6 9.78001E-6 9.31853E-6 7.17432E-6 1.40193E-5 1.52317E-5 1.44429E-5 1.64114E-5 2.15596E-5 2.04195E-5 1.83918E-5 1.8364E-5 1.88218E-5 1.81679E-5 1.75859E-5 2.38262E-5 1.84296E-5 1.39804E-5 1.29674E-5 1.10652E-5 3.58219E-6 4.23903E-6 4.67462E-6 5.24782E-6 1.56348E-6 1.31557E-6 3.67378E-6 3.50648E-6 7.77927E-6 2.31245E-6 5.83408E-6 2.94642E-7 -9999 -9999 -9999 -9999 -9999 -9999 -9999 -9999 -9999 -9999 -9999 -9999 -9999 -9999
3.07541E-5 3.44389E-5 1.92278E-5 2.39607E-5 2.06176E-5 2.47709E-5 2.27151E-5 1.2809E-5 1.03499E-5 3.27596E-6 2.07416E-6 1.00087E-6 1.46281E-6 1.50144E-6 1.0914E-6 2.28643E-6 3.08003E-6 3.72369E-6 4.43998E-6 8.55087E-6 5.92722E-6 6.06334E-6 7.61513E-6 9.31733E-6 1.00557E-5 1.41272E-5 1.13514E-5 1.42717E-5 2.21667E-5 2.08617E-5 1.69048E-5 1.56744E-5 1.32609E-5 1.45032E-5 1.63753E-5 1.63326E-5 1.37673E-5 1.41039E-5 8.93567E-6 1.46142E-6 2.31431E-7 3.65482E-7 2.15446E-6 2.10047E-6 1.10234E-6 2.45357E-6 4.76643E-6 7.31216E-6 2.66431E-6 1.87645E-6 2.99939E-6 -9999 -9999 -9999 -9999 -9999 -9999 -9999 -9999 -9999 -9999 -9999 -9999 -9999 -9999 -9999
2.75481E-5 2.52386E-5 2.08815E-5 2.54317E-5 2.78378E-5 4.11118E-5 2.83399E-5 1.75614E-5 1.07388E-5 3.61472E-6 1.69428E-6 7.39078E-7 4.89459E-7 6.12637E-7 7.47896E-7 4.94226E-7 7.09788E-7 5.79041E-7 1.22645E-6 2.17757E-6 2.10117E-6 2.17354E-6 4.39023E-6 6.34401E-6 1.06262E-5 1.13922E-5 1.56172E-5 1.46798E-5 1.63366E-5 2.24988E-5 1.96063E-5 1.64586E-5 1.39248E-5 1.29073E-5 1.40041E-5 1.0908E-5 8.67805E-6 7.39727E-6 5.06439E-6 1.45215E-6 5.72581E-7 1.47347E-7 7.13407E-7 9.3999E-7 9.44869E-7 2.98081E-6 5.29367E-6 3.03829E-6 8.27559E-7 6.64212E-7 -9999 -9999 -9999 -9999 -9999 -9999 -9999 -9999 -9999 -9999 -9999 -9999 -9999 -9999 -9999 -9999
1.15554E-5 1.45876E-5 2.7499E-5 4.63853E-5 4.82703E-5 3.20958E-5 2.29104E-5 3.55343E-5 1.98456E-5 8.72476E-6 2.18728E-6 9.78024E-7 9.23083E-7 5.92828E-7 5.69791E-7 5.50905E-7 6.35418E-7 1.30884E-6 1.72747E-6 2.85103E-6 2.68617E-6 3.40671E-6 4.59008E-6 5.92252E-6 6.84108E-6 1.25556E-5 1.33445E-5 1.49727E-5 1.14072E-5 1.48736E-5 1.91659E-5 1.56166E-5 1.45665E-5 1.41142E-5 1.35027E-5 9.40281E-6 4.0174E-6 7.31514E-6 6.39156E-6 1.69941E-6 2.26716E-6 1.23228E-6 1.43872E-6 7.9896E-7 1.14165E-6 3.28707E-6 3.45651E-6 1.68645E-6 -9999 -9999 -9999 -9999 -9999 -9999 -9999 -9999 -9999 -9999 -9999 -9999 -9999 -9999 -9999 -9999 -9999 -9999
2.83416E-5 2.63273E-5 4.38748E-5 4.52841E-5 4.87782E-5 2.27592E-5 2.44475E-5 2.36454E-5 2.69143E-5 2.10336E-5 6.70364E-6 4.3928E-6 3.22213E-6 2.68264E-6 2.12013E-6 1.85141E-6 3.17815E-6 6.91218E-6 4.84719E-6 3.04464E-6 4.4007E-6 5.24067E-6 6.48867E-6 8.28569E-6 9.23535E-6 5.34631E-6 9.7593E-6 1.04501E-5 1.37204E-5 1.19969E-5 1.38582E-5 1.4755E-5 1.11288E-5 1.33943E-5 6.30543E-6 4.65355E-6 7.83311E-6 1.16616E-5 2.05249E-6 4.4373E-7 1.72537E-6 3.38867E-6 2.21897E-6 1.04701E-6 2.34868E-6 2.11808E-6 1.99299E-6 9.58119E-7 -9999 -9999 -9999 -9999 -9999 -9999 -9999 -9999 -9999 -9999 -9999 -9999 -9999 -9999 -9999 -9999 -9999 -9999
3.47902E-5 3.71513E-5 5.8814E-5 3.37527E-5 2.6262E-5 2.26893E-5 2.59236E-5 4.21607E-5 2.66881E-5 4.62668E-5 3.49331E-5 3.17377E-5 3.32884E-5 2.89457E-5 1.78706E-5 1.63213E-5 2.19382E-5 2.18604E-5 2.00498E-5 9.73116E-6 8.45741E-6 9.16134E-6 1.06792E-5 1.36059E-5 1.03886E-5 4.11741E-6 4.58032E-6 8.6058E-6 1.33127E-5 1.40875E-5 1.15877E-5 1.15793E-5 9.14395E-6 6.95006E-6 3.81918E-6 4.36524E-6 1.15686E-5 6.08723E-6 1.51819E-6 1.23097E-6 1.37188E-6 2.80797E-6 2.45297E-6 2.0375E-6 1.97206E-6 1.79861E-6 1.60042E-6 -9999 -9999 -9999 -9999 -9999 -9999 -9999 -9999 -9999 -9999 -9999 -9999 -9999 -9999 -9999 -9999 -9999 -9999 -9999
2.5915E-5 2.73655E-5 2.31096E-5 2.6598E-5 6.48771E-5 2.47986E-5 3.38232E-5 7.42612E-5 3.7887E-5 2.20297E-5 5.63141E-5 4.48849E-5 3.34901E-5 5.82304E-5 3.33623E-5 3.58788E-5 3.27365E-5 3.24217E-5 2.66023E-5 3.54138E-5 2.03496E-5 1.68649E-5 1.63093E-5 1.75371E-5 1.62811E-5 4.55112E-6 4.13884E-6 7.49269E-6 1.09076E-5 1.35049E-5 1.26945E-5 9.09111E-6 8.06371E-6 9.4735E-6 8.97277E-6 6.2244E-6 8.47883E-6 4.52919E-6 3.83946E-6 1.49027E-6 2.0902E-6 4.2948E-6 4.58211E-6 2.65255E-6 1.26892E-6 1.02347E-6 7.00106E-7 -9999 -9999 -9999 -9999 -9999 -9999 -9999 -9999 -9999 -9999 -9999 -9999 -9999 -9999 -9999 -9999 -9999 -9999 -9999
4.27957E-5 5.29159E-5 3.59339E-5 4.96807E-5 3.86548E-5 3.58926E-5 5.16338E-5 5.18149E-5 7.76997E-5 5.94702E-5 3.25707E-5 4.51944E-5 2.93944E-5 4.29429E-5 4.36968E-5 4.69121E-5 5.15252E-5 5.30332E-5 3.89289E-5 4.82847E-5 4.59316E-5 2.95221E-5 3.57472E-5 1.89949E-5 1.70658E-5 1.27303E-5 1.02985E-5 1.37654E-5 1.13407E-5 1.3212E-5 9.39168E-6 1.20309E-5 1.09427E-5 1.27795E-5 1.56809E-5 7.2876E-6 4.98725E-6 4.83921E-6 2.6129E-6 1.12714E-6 5.44382E-6 7.43165E-6 5.82149E-6 2.52083E-6 1.71374E-6 9.20978E-7 8.31482E-7 1.21845E-6 1.56959E-6 -9999 -9999 -9999 -9999 -9999 -9999 -9999 -9999 -9999 -9999 -9999 -9999 -9999 -9999 -9999 -9999 -9999
6.83618E-5 3.88837E-5 4.45646E-5 4.86039E-5 6.0489E-5 4.0952E-5 4.60457E-5 6.59443E-5 8.03196E-5 6.91312E-5 3.35855E-5 2.95132E-5 4.50853E-5 4.62492E-5 4.87332E-5 3.4691E-5 4.80259E-5 1.16203E-4 5.49412E-5 5.42226E-5 3.85721E-5 3.59484E-5 4.47897E-5 2.37858E-5 2.50856E-5 2.48493E-5 4.67108E-5 1.89365E-5 2.54482E-5 2.10564E-5 1.52364E-5 1.73605E-5 1.92737E-5 1.45429E-5 1.3548E-5 8.9248E-6 8.91816E-6 4.71152E-6 1.34261E-6 3.73298E-6 6.5007E-6 7.27477E-6 5.05884E-6 3.40029E-6 3.15116E-6 2.06318E-6 3.11005E-6 6.79356E-6 5.86235E-6 -9999 -9999 -9999 -9999 -9999 -9999 -9999 -9999 -9999 -9999 -9999 -9999 -9999 -9999 -9999 -9999 -9999
7.24809E-5 6.53803E-5 5.02015E-5 3.50673E-5 4.82739E-5 3.10654E-5 4.17859E-5 4.88061E-5 8.46909E-5 8.24184E-5 4.92554E-5 4.70018E-5 5.22908E-5 5.01295E-5 4.72904E-5 3.89126E-5 4.37651E-5 4.34064E-5 3.2135E-5 3.93968E-5 3.68447E-5 4.35001E-5 3.83549E-5 3.87183E-5 4.72667E-5 3.92843E-5 3.91669E-5 3.93274E-5 8.56198E-5 5.03941E-5 7.97212E-5 3.82596E-5 1.7673E-5 1.53247E-5 1.21388E-5 1.15286E-5 1.20248E-5 4.54976E-6 2.69942E-6 8.50243E-6 8.30245E-6 8.48391E-6 5.96574E-6 3.98791E-6 6.93339E-6 3.95241E-6 4.94506E-6 1.21184E-5 -9999 -9999 -9999 -9999 -9999 -9999 -9999 -9999 -9999 -9999 -9999 -9999 -9999 -9999 -9999 -9999 -9999 -9999
3.70131E-5 7.29131E-5 6.66074E-5 3.12021E-5 2.36715E-5 4.1793E-5 5.30954E-5 5.7828E-5 8.07902E-5 8.90926E-5 3.69002E-5 3.75788E-5 4.99044E-5 4.82306E-5 3.34685E-5 3.61084E-5 3.27229E-5 3.38905E-5 3.71845E-5 4.5828E-5 4.59161E-5 1.01719E-4 4.19421E-5 4.23887E-5 6.09919E-5 5.32535E-5 1.0033E-4 4.51867E-5 4.87034E-5 6.0468E-5 4.70018E-5 3.48148E-5 1.56277E-5 1.49037E-5 1.33852E-5 1.3756E-5 1.25421E-5 6.05778E-6 7.45143E-6 1.14134E-5 5.48617E-6 8.87515E-6 6.26247E-6 5.37485E-6 8.10515E-6 7.67043E-6 1.07434E-5 1.19705E-5 -9999 -9999 -9999 -9999 -9999 -9999 -9999 -9999 -9999 -9999 -9999 -9999 -9999 -9999 -9999 -9999 -9999 -9999
2.77768E-5 5.43437E-5 5.12719E-5 2.09212E-5 3.89447E-5 6.05051E-5 6.03769E-5 6.694E-5 9.56715E-5 9.05922E-5 8.45978E-5 6.5113E-5 5.06531E-5 3.51703E-5 3.22317E-5 4.44836E-5 3.25123E-5 5.05244E-5 3.6016E-5 4.90057E-5 3.60065E-5 9.86651E-5 3.78338E-5 3.72541E-5 4.42023E-5 4.48247E-5 1.01015E-4 4.40169E-5 4.49555E-5 5.15876E-5 3.54444E-5 2.83845E-5 1.58836E-5 1.40402E-5 1.75969E-5 1.28309E-5 1.19326E-5 3.9406E-6 9.4464E-6 9.13692E-6 1.05651E-5 9.63872E-6 6.99907E-6 5.38465E-6 8.89746E-6 1.05541E-5 1.43986E-5 -9999 -9999 -9999 -9999 -9999 -9999 -9999 -9999 -9999 -9999 -9999 -9999 -9999 -9999 -9999 -9999 -9999 -9999 -9999
2.80827E-5 4.67935E-5 3.22058E-5 2.0785E-5 4.56979E-5 5.72837E-5 4.65096E-5 9.34552E-5 1.05112E-4 1.04819E-4 7.75228E-5 3.85898E-5 5.09871E-5 4.9368E-5 6.05975E-5 4.65701E-5 3.40103E-5 1.05193E-4 4.9907E-5 6.16499E-5 9.92696E-5 4.1371E-5 9.21124E-5 4.34428E-5 4.0623E-5 4.34654E-5 9.67365E-5 4.76984E-5 4.94849E-5 3.631E-5 2.28866E-5 2.54037E-5 1.56797E-5 1.36647E-5 1.31664E-5 7.37621E-6 9.8984E-6 4.70803E-6 7.84976E-6 8.31305E-6 9.50399E-6 9.06244E-6 5.55364E-6 5.97798E-6 1.05232E-5 1.39069E-5 2.10361E-5 -9999 -9999 -9999 -9999 -9999 -9999 -9999 -9999 -9999 -9999 -9999 -9999 -9999 -9999 -9999 -9999 -9999 -9999 -9999
4.54822E-5 3.79441E-5 1.97153E-5 2.01364E-5 2.68175E-5 4.96781E-5 4.41992E-5 9.4128E-5 1.08411E-4 1.03666E-4 3.84431E-5 3.56527E-5 4.5958E-5 5.33985E-5 3.36124E-5 3.72426E-5 3.88575E-5 1.02531E-4 4.87655E-5 4.02852E-5 9.70671E-5 9.79747E-5 9.24354E-5 4.43447E-5 5.84618E-5 4.68186E-5 3.73592E-5 8.73198E-5 8.52134E-5 3.24169E-5 2.27081E-5 2.07008E-5 1.63638E-5 1.54332E-5 1.48734E-5 8.18908E-6 7.45106E-6 5.40136E-6 9.27094E-6 1.14595E-5 6.33842E-6 8.55101E-6 5.7194E-6 7.33978E-6 1.29818E-5 1.82788E-5 -9999 -9999 -9999 -9999 -9999 -9999 -9999 -9999 -9999 -9999 -9999 -9999 -9999 -9999 -9999 -9999 -9999 -9999 -9999 -9999
5.60755E-5 4.99815E-5 5.75906E-5 6.26414E-5 4.07557E-5 3.2069E-5 5.94273E-5 1.06153E-4 1.14452E-4 1.12144E-4 8.33044E-5 5.62323E-5 3.82165E-5 5.1002E-5 3.51608E-5 3.52544E-5 4.18421E-5 3.78296E-5 4.2068E-5 5.62786E-5 4.7101E-5 9.86374E-5 5.65656E-5 4.16431E-5 8.31079E-5 4.34039E-5 5.25604E-5 5.37866E-5 4.29794E-5 2.82707E-5 2.16054E-5 1.75264E-5 1.54248E-5 1.55068E-5 1.28292E-5 9.90345E-6 4.32713E-6 8.29163E-6 9.84568E-6 1.06394E-5 1.12189E-5 8.16382E-6 5.34571E-6 7.27723E-6 1.39611E-5 -9999 -9999 -9999 -9999 -9999 -9999 -9999 -9999 -9999 -9999 -9999 -9999 -9999 -9999 -9999 -9999 -9999 -9999 -9999 -9999 -9999
6.00566E-5 5.43404E-5 5.79492E-5 5.87359E-5 4.92208E-5 2.33202E-5 8.91789E-5 1.18964E-4 1.20921E-4 1.21138E-4 8.13817E-5 5.82216E-5 3.49466E-5 1.03888E-4 4.52057E-5 1.06751E-4 4.31344E-5 3.8412E-5 9.33494E-5 9.74589E-5 4.62332E-5 9.4488E-5 3.48569E-5 4.93283E-5 5.75286E-5 6.29297E-5 3.11393E-5 3.55579E-5 2.19525E-5 2.03898E-5 1.8383E-5 1.63594E-5 1.60773E-5 1.5918E-5 7.90327E-6 6.40507E-6 5.41139E-6 9.67829E-6 1.01884E-5 9.4079E-6 7.98916E-6 5.79841E-6 6.16098E-6 1.2327E-5 2.16906E-5 -9999 -9999 -9999 -9999 -9999 -9999 -9999 -9999 -9999 -9999 -9999 -9999 -9999 -9999 -9999 -9999 -9999 -9999 -9999 -9999 -9999
3.69817E-5 6.05537E-5 4.93143E-5 6.134E-5 5.72519E-5 4.09432E-5 7.08176E-5 1.17856E-4 1.07629E-4 9.70865E-5 6.52305E-5 5.7824E-5 5.20986E-5 1.01963E-4 4.18468E-5 9.91066E-5 4.13349E-5 9.92741E-5 9.07574E-5 9.29481E-5 8.9157E-5 5.08952E-5 9.38048E-5 4.14795E-5 4.41988E-5 3.21806E-5 3.0604E-5 2.48442E-5 1.86825E-5 1.71193E-5 1.75906E-5 1.49064E-5 1.45945E-5 1.04744E-5 8.72059E-6 8.09176E-6 7.36084E-6 9.56887E-6 9.68205E-6 1.13541E-5 7.69413E-6 5.25084E-6 8.7739E-6 1.46766E-5 -9999 -9999 -9999 -9999 -9999 -9999 -9999 -9999 -9999 -9999 -9999 -9999 -9999 -9999 -9999 -9999 -9999 -9999 -9999 -9999 -9999 -9999
2.36154E-5 4.16813E-5 2.43579E-5 5.10434E-5 4.76323E-5 4.73211E-5 5.06685E-5 1.04838E-4 7.87609E-5 4.35108E-5 4.23745E-5 3.18293E-5 4.95302E-5 1.02869E-4 1.03184E-4 9.83835E-5 9.58324E-5 5.57964E-5 3.00006E-5 8.91335E-5 6.32155E-5 5.31009E-5 3.35965E-5 4.99254E-5 3.12525E-5 2.96685E-5 2.01607E-5 1.94199E-5 1.93866E-5 1.64229E-5 1.65132E-5 1.28788E-5 9.89581E-6 1.11601E-5 1.29236E-5 1.14989E-5 9.02898E-6 5.48819E-6 6.56964E-6 1.09932E-5 4.81121E-6 4.48753E-6 1.13706E-5 1.82508E-5 -9999 -9999 -9999 -9999 -9999 -9999 -9999 -9999 -9999 -9999 -9999 -9999 -9999 -9999 -9999 -9999 -9999 -9999 -9999 -9999 -9999 -9999
