catData/rasterBestHybridModels/Pviverrinus/RD_BM01_RM1.5_L/Pviverrinus_stddev.asc
ncols         409
nrows         350
xllcorner     60.897278365
yllcorner     5.843756025
cellsize      0.0892857
NODATA_value  -9999
[rows 29 to 57 of 350, columns 132 to 197 of 409]
2.00606E-6 2.04348E-6 9.83326E-7 7.5312E-7 8.89194E-7 1.34519E-6 1.27176E-6 1.06857E-6 3.71219E-7 5.37006E-7 3.68529E-7 7.62398E-8 8.55766E-8 2.31324E-8 2.01046E-8 6.57997E-8 1.89338E-7 2.8255E-7 1.87599E-7 8.77973E-8 4.91481E-8 7.39838E-8 4.35262E-8 5.86606E-9 1.03558E-9 8.32319E-10 7.94371E-10 6.51441E-10 9.94693E-10 3.08898E-10 2.647E-10 3.0118E-10 2.68738E-10 4.39809E-10 5.74372E-10 4.15611E-10 3.77702E-10 5.35684E-10 5.6143E-10 4.00715E-10 5.48101E-10 1.57648E-10 3.75057E-10 6.04747E-10 8.39981E-10 3.97435E-10 6.77104E-11 2.55196E-11 2.38113E-11 1.95554E-11 1.60899E-11 1.43958E-11 2.34015E-11 2.13873E-11 1.14131E-11 7.03348E-11 4.45354E-10 4.72314E-11 1.95806E-11 1.15021E-11 -9999 1.28915E-11 3.43899E-11 1.82799E-11 -9999 8.20065E-12
1.21571E-6 2.10677E-6 1.23129E-6 4.67845E-7 1.47486E-6 1.87092E-6 1.23924E-6 1.37916E-6 1.89978E-6 2.66864E-7 3.5656E-8 1.6122E-7 1.84216E-7 2.14152E-8 3.97936E-9 1.30233E-8 1.01561E-7 2.7487E-7 3.52474E-7 2.16983E-7 2.57012E-7 4.01051E-7 9.80541E-8 1.11866E-8 1.83439E-9 4.80342E-9 1.44865E-9 6.22993E-10 5.46833E-10 4.37007E-10 2.11939E-10 2.19227E-10 3.53196E-10 2.95697E-10 2.34256E-10 1.76272E-10 4.52441E-10 3.11799E-10 1.66003E-10 1.49105E-10 4.72728E-10 4.19115E-10 3.21338E-10 2.66519E-10 1.40059E-10 4.90291E-10 6.21599E-10 2.49157E-10 1.03618E-10 5.25404E-11 3.42477E-11 2.19275E-11 1.92333E-11 1.64672E-11 1.28105E-11 3.13382E-11 7.24587E-11 2.83924E-10 2.93289E-11 2.28932E-11 1.65667E-11 1.13512E-11 4.31063E-11 1.65806E-11 -9999 6.81817E-12
6.92239E-7 2.33297E-6 2.49571E-6 1.70827E-6 1.72321E-6 1.08765E-6 5.43647E-7 2.17894E-7 1.21154E-6 1.33078E-6 2.48586E-7 4.15135E-8 2.90242E-8 2.8442E-8 7.65467E-9 4.57945E-9 2.36032E-8 1.25407E-7 2.92187E-7 3.63227E-7 3.5686E-7 4.12898E-7 1.03314E-7 8.41234E-8 7.75464E-8 1.49387E-8 2.00427E-9 5.19596E-9 3.53079E-9 2.31633E-9 9.82779E-10 5.07157E-10 2.42751E-10 1.07916E-10 6.05484E-11 1.15506E-10 8.40222E-10 1.93031E-10 8.47105E-11 7.85565E-11 9.95364E-11 7.6856E-11 1.20335E-10 1.51554E-10 1.81098E-10 2.38287E-10 4.0864E-10 4.03809E-10 5.27936E-10 4.53172E-10 3.46327E-10 1.77363E-10 6.18239E-11 2.26053E-11 2.09521E-11 1.67416E-11 2.30305E-11 1.45632E-10 1.25164E-10 9.78496E-11 6.19633E-11 1.09152E-11 3.98216E-11 3.94588E-11 2.25617E-11 2.27737E-11
2.9546E-6 3.70058E-6 2.56755E-6 2.27309E-6 1.30633E-6 9.65607E-7 4.20571E-7 8.98382E-8 3.62994E-7 9.90773E-7 7.8399E-7 4.13977E-7 1.72994E-7 4.62369E-8 1.66817E-8 1.1535E-8 2.05171E-8 5.01428E-8 1.52921E-7 2.60382E-7 3.79334E-7 4.37178E-7 4.3172E-7 3.02316E-7 7.09056E-8 2.93064E-8 9.55735E-9 1.67155E-9 1.0283E-9 9.16167E-10 6.06386E-10 3.70625E-10 2.48222E-10 1.32782E-10 1.06445E-10 8.05396E-11 4.19234E-10 1.6358E-10 1.61726E-10 1.01684E-10 6.4411E-11 3.8815E-11 7.27755E-11 6.808E-11 7.99476E-11 1.05577E-10 2.72886E-10 1.34914E-10 7.0982E-11 1.42908E-10 4.16232E-10 6.51792E-10 3.79138E-10 2.13481E-10 2.40423E-10 8.72475E-11 1.97004E-11 2.62131E-11 1.7203E-11 1.01043E-11 4.61811E-11 4.99898E-11 4.70784E-11 1.2291E-11 6.82583E-12 5.30203E-12
4.79873E-6 4.84729E-6 4.38558E-6 2.10292E-6 1.42064E-6 1.01042E-6 5.99409E-7 9.84583E-8 2.90582E-7 9.00829E-7 4.07861E-7 2.16765E-7 1.37755E-7 1.51727E-7 8.70629E-8 1.0425E-7 6.63992E-8 3.52516E-8 2.92576E-8 1.00456E-7 2.52977E-7 4.00987E-7 4.36582E-7 3.79975E-7 2.66935E-7 5.94447E-8 5.56455E-9 1.84935E-9 2.13709E-9 2.01892E-9 8.0098E-10 5.04071E-10 4.14856E-10 1.76829E-10 8.65368E-11 1.36982E-10 4.93343E-10 5.71595E-11 3.55028E-11 4.57975E-11 4.2233E-11 3.22247E-11 2.73808E-11 3.33903E-11 2.737E-11 2.72114E-11 9.38837E-11 1.08192E-10 4.44081E-11 6.93872E-11 1.88326E-10 1.72325E-10 2.31223E-10 3.85935E-10 7.2478E-10 5.76741E-10 1.06145E-10 1.7272E-11 1.22483E-11 1.78509E-11 5.18112E-11 9.57965E-11 2.47753E-11 9.81875E-12 1.5711E-11 7.35107E-12
3.99321E-6 2.86197E-6 4.2153E-6 2.98772E-6 2.08868E-6 1.29722E-6 5.09673E-7 1.10976E-7 2.78803E-7 1.20769E-6 7.44998E-7 3.45801E-7 1.82739E-7 5.66608E-8 3.71678E-8 5.46754E-8 2.76344E-8 1.0962E-8 5.21997E-9 1.40697E-8 7.66731E-8 2.00516E-7 2.86591E-7 2.90379E-7 2.22638E-7 2.51346E-7 6.19158E-8 1.56964E-8 4.61806E-9 1.01232E-8 1.62205E-9 6.81166E-10 6.69515E-10 3.17732E-10 1.80919E-10 1.29216E-10 1.75154E-10 5.72375E-11 8.52286E-11 6.52564E-11 7.29328E-11 7.40827E-11 3.37902E-11 3.02311E-11 3.05132E-11 2.12534E-11 4.03877E-11 5.48997E-11 6.13072E-11 1.62096E-10 4.6004E-10 1.21484E-10 4.22113E-11 3.28054E-11 1.55961E-10 5.57738E-10 4.60532E-10 8.38862E-11 1.5192E-11 9.8168E-12 2.82939E-11 4.33422E-11 2.47436E-11 1.70295E-11 4.19507E-11 2.1481E-11
3.62741E-6 4.25487E-6 3.75067E-6 2.38931E-6 1.67294E-6 1.21377E-6 8.08353E-7 2.73996E-7 3.35732E-7 1.61397E-6 1.43382E-6 7.94278E-7 3.86837E-7 1.26776E-7 5.6625E-8 6.95042E-8 5.12082E-8 2.41712E-8 6.51998E-9 2.13646E-9 1.10279E-8 5.77965E-8 1.30742E-7 2.60063E-7 3.34946E-7 2.88923E-7 1.96978E-7 1.13677E-7 3.70052E-8 1.82956E-8 1.29549E-9 1.26677E-9 1.05487E-9 3.65697E-10 3.10402E-10 1.81338E-10 1.39984E-10 1.05832E-10 9.38431E-11 4.68508E-11 6.76094E-11 4.92363E-11 2.95646E-11 3.10139E-11 7.5445E-11 4.80702E-11 5.01295E-11 7.80393E-11 8.12233E-11 3.74945E-10 5.06579E-10 1.3263E-10 6.83672E-11 2.37896E-11 2.78889E-11 1.01927E-10 3.93519E-10 1.90452E-10 2.3727E-11 9.21409E-12 1.32871E-11 1.86709E-11 1.96846E-11 1.49257E-11 3.81409E-11 5.53527E-11
4.80393E-6 4.60984E-6 3.4558E-6 2.06807E-6 1.47728E-6 1.73627E-6 1.40124E-6 9.52537E-7 5.47395E-7 1.38879E-6 1.35283E-6 4.72175E-7 2.1932E-7 3.15272E-7 3.71449E-7 5.03975E-7 2.35659E-7 8.52721E-8 2.08368E-8 2.09938E-9 2.85314E-9 1.55607E-8 5.12013E-8 1.27023E-7 2.18188E-7 3.45403E-7 3.80654E-7 2.26735E-7 1.49483E-7 5.34495E-8 4.1408E-9 1.82279E-9 1.94831E-9 7.30393E-10 5.71958E-10 4.61887E-10 3.12532E-10 1.72084E-10 1.05271E-10 5.17594E-11 4.75523E-11 4.40378E-11 4.38372E-11 3.09629E-11 6.58297E-11 1.11489E-10 1.41311E-10 1.33428E-10 4.14774E-11 4.91305E-11 8.91194E-11 5.87427E-11 5.28996E-11 5.61672E-11 2.20484E-11 2.72361E-11 1.37137E-10 2.08651E-10 5.85091E-11 1.43879E-11 7.98314E-12 6.86339E-12 1.24191E-11 1.43139E-11 1.03561E-11 3.65124E-11
4.64776E-6 3.70269E-6 3.53749E-6 2.41267E-6 2.24444E-6 3.31703E-6 2.8627E-6 1.69304E-6 9.59864E-7 1.29731E-6 1.7877E-6 6.921E-7 3.29998E-7 7.40146E-7 1.54705E-6 1.16166E-6 5.49898E-7 2.31537E-7 4.54466E-8 4.54044E-9 1.24101E-9 3.75286E-9 2.26604E-8 5.91062E-8 1.33121E-7 2.46108E-7 3.59617E-7 3.63048E-7 2.58682E-7 1.03896E-7 1.32409E-8 2.12199E-9 2.738E-9 3.50941E-9 1.17521E-9 1.33274E-9 2.69457E-10 8.44574E-11 7.99698E-11 -9999 -9999 4.20586E-11 9.00567E-11 5.97156E-11 4.15959E-11 4.88664E-11 1.04549E-10 1.34335E-10 3.2336E-11 2.01163E-11 4.62522E-11 4.17485E-11 2.22918E-11 2.44844E-11 1.15263E-11 1.50447E-11 7.05602E-11 8.4311E-11 7.82238E-11 4.26213E-11 1.0506E-11 5.84448E-12 5.2983E-12 1.00512E-11 9.11094E-12 6.23552E-12
4.48778E-6 4.20932E-6 3.87383E-6 2.8541E-6 3.24915E-6 4.35557E-6 3.72736E-6 2.02876E-6 2.13054E-6 1.70395E-6 2.20938E-6 1.42618E-6 9.10294E-7 9.58384E-7 2.39573E-6 1.43831E-6 9.39242E-7 4.7126E-7 1.14836E-7 2.04014E-8 2.23272E-9 2.40576E-9 8.30202E-9 3.23272E-8 8.94892E-8 1.80186E-7 2.72749E-7 3.1666E-7 2.27144E-7 9.26732E-8 2.11508E-8 2.81521E-9 1.679E-9 7.82491E-9 4.69579E-9 1.00688E-9 2.59698E-10 1.24216E-10 1.1448E-10 1.297E-10 -9999 4.25213E-11 7.43138E-11 6.05626E-11 7.4249E-11 3.8767E-11 3.53993E-11 1.07766E-10 8.81808E-11 4.04134E-11 2.06342E-11 3.93477E-11 3.68204E-11 3.39156E-11 9.51116E-12 1.04757E-11 5.05653E-11 2.97515E-11 1.83691E-11 4.44556E-11 2.76856E-11 9.71916E-12 5.33086E-12 4.93665E-12 6.86855E-12 6.54168E-12
4.36617E-6 4.10508E-6 4.04818E-6 4.2364E-6 4.43588E-6 4.46748E-6 3.92674E-6 3.3552E-6 2.98625E-6 3.29188E-6 3.10996E-6 2.87287E-6 2.37726E-6 2.47764E-6 1.84447E-6 1.39424E-6 8.92064E-7 4.5808E-7 2.19659E-7 3.56888E-8 2.2671E-9 1.11751E-9 1.89826E-9 4.77266E-9 1.4731E-8 4.72931E-8 4.56582E-8 9.81977E-8 1.10372E-7 6.28446E-8 1.72732E-8 3.67503E-9 3.46184E-9 3.41372E-9 7.05984E-9 2.04676E-9 8.0732E-10 3.23856E-10 1.59876E-10 1.18775E-10 1.13466E-10 -9999 4.68093E-11 3.82088E-11 6.50085E-11 9.32253E-11 8.67293E-11 1.5897E-10 1.22157E-10 3.38935E-11 1.63604E-11 2.66567E-11 2.64934E-11 4.36465E-11 2.40499E-11 6.98162E-12 1.66185E-11 1.72845E-11 1.13432E-11 1.87673E-11 3.98933E-11 2.00044E-11 6.36485E-12 4.55692E-12 4.60519E-12 6.35515E-12
3.76287E-6 3.95616E-6 4.43838E-6 4.61728E-6 4.55582E-6 4.18173E-6 3.93814E-6 3.71369E-6 3.40007E-6 3.17343E-6 4.96786E-6 3.3003E-6 2.58343E-6 3.04753E-6 2.28022E-6 1.29847E-6 7.68018E-7 6.35389E-7 6.23668E-7 1.3978E-7 1.00027E-8 2.33864E-9 8.78543E-9 4.32832E-9 4.16938E-9 5.91537E-9 6.66137E-9 3.71499E-8 6.46013E-8 2.08264E-8 1.09202E-8 7.22658E-9 3.0882E-8 3.22389E-8 2.46685E-8 1.33576E-8 1.49792E-9 2.17252E-10 -9999 1.20594E-10 2.93922E-10 2.11305E-10 8.01298E-11 3.55628E-11 3.04273E-11 4.95726E-11 1.92059E-10 1.42987E-10 3.20444E-11 2.39315E-11 3.21703E-11 1.56644E-11 1.3804E-11 2.41484E-11 3.3132E-11 8.10477E-12 8.64297E-12 1.38998E-11 1.17158E-11 1.19848E-11 2.48224E-11 2.93524E-11 9.92072E-12 4.86034E-12 4.69997E-12 6.20453E-12
4.53896E-6 4.82992E-6 5.02998E-6 4.925E-6 4.54701E-6 4.32022E-6 4.21325E-6 4.21475E-6 4.2683E-6 4.60464E-6 5.00409E-6 4.63466E-6 4.09445E-6 2.38356E-6 2.21229E-6 2.14075E-6 1.25739E-6 1.25699E-6 1.45791E-6 6.56029E-7 1.46823E-7 8.95899E-8 1.94005E-7 1.96375E-7 1.21691E-7 1.53205E-8 4.87743E-9 6.24934E-8 9.9449E-8 1.62288E-8 4.46587E-9 5.26473E-9 3.78745E-8 1.6192E-7 8.12753E-8 4.69723E-8 1.00469E-8 1.96982E-9 9.51931E-10 9.08004E-10 1.00786E-9 3.2053E-10 1.47998E-10 5.52063E-11 4.13281E-11 2.82513E-11 4.20548E-11 9.43162E-11 2.7932E-11 1.52303E-11 3.35591E-11 3.62368E-11 2.12379E-11 2.96894E-11 1.57447E-11 2.08457E-11 1.8148E-11 1.89773E-11 1.74345E-11 2.14714E-11 1.16202E-11 1.30929E-11 2.69716E-11 2.33006E-11 7.22357E-12 5.31003E-12
5.15792E-6 5.14488E-6 4.31855E-6 4.0893E-6 4.38914E-6 4.04079E-6 4.27184E-6 4.51655E-6 4.65343E-6 5.15869E-6 5.79369E-6 6.17445E-6 4.33516E-6 2.64381E-6 2.35174E-6 2.19396E-6 1.48846E-6 2.11072E-6 2.29227E-6 1.45028E-6 9.23106E-7 3.89423E-7 2.26607E-7 4.51263E-7 5.57327E-7 6.43577E-8 1.25682E-7 3.05245E-7 3.21297E-7 4.92811E-8 2.00197E-8 1.62998E-8 9.25899E-9 3.3091E-8 1.06729E-7 1.7123E-8 6.1464E-9 4.36613E-9 1.33453E-8 5.35067E-9 1.89308E-10 9.05789E-11 1.01211E-10 9.35536E-11 5.36553E-11 3.39588E-11 2.67538E-11 4.66925E-11 6.38482E-11 2.4469E-11 4.21583E-11 4.55714E-11 3.86745E-11 3.97608E-11 3.20379E-11 2.91457E-11 2.75373E-11 1.01397E-11 1.93139E-11 3.6139E-11 1.79338E-11 5.6416E-12 6.37243E-12 1.64961E-11 3.10987E-11 2.18215E-11
5.24657E-6 4.25936E-6 4.35222E-6 4.3031E-6 4.03902E-6 3.97154E-6 4.34066E-6 4.84794E-6 4.93023E-6 5.12018E-6 4.30558E-6 4.76681E-6 4.46101E-6 3.76795E-6 3.03009E-6 2.2053E-6 2.23606E-6 3.03207E-6 3.18889E-6 2.65584E-6 2.16524E-6 1.07514E-6 1.1976E-6 2.24791E-6 7.60205E-7 1.79385E-7 5.34229E-7 1.20703E-6 5.33088E-7 4.78681E-7 9.22981E-8 7.10088E-8 6.65458E-8 7.35629E-8 1.4688E-7 5.53299E-8 6.24259E-9 5.11756E-10 7.24134E-10 9.91723E-9 3.96873E-10 2.67256E-10 1.10925E-10 7.35103E-11 8.74304E-11 4.2837E-11 -9999 2.46971E-11 2.16596E-11 5.07976E-11 2.81448E-11 2.37039E-11 2.69604E-11 5.01806E-11 1.65729E-11 3.50048E-11 2.786E-11 1.67554E-11 8.36172E-12 1.13277E-11 8.00975E-12 5.61602E-12 1.53752E-11 1.94674E-11 9.48594E-12 2.8916E-11
4.49007E-6 4.59314E-6 3.89938E-6 4.25661E-6 4.047E-6 3.94002E-6 3.58801E-6 4.40944E-6 4.92197E-6 5.14263E-6 5.8889E-6 6.74573E-6 6.42325E-6 6.06176E-6 3.74317E-6 3.23444E-6 3.0591E-6 3.5544E-6 3.3993E-6 3.11284E-6 3.38069E-6 3.1356E-6 1.93533E-6 3.14791E-6 2.14336E-6 1.22584E-6 1.0722E-6 5.47499E-7 1.38503E-7 3.72022E-7 5.6094E-7 5.36472E-7 4.71323E-7 4.22783E-7 2.92339E-7 2.43295E-7 6.55661E-8 9.49996E-9 8.67443E-10 5.95073E-10 1.93395E-9 2.73841E-9 5.09586E-10 1.43844E-10 9.13299E-11 -9999 -9999 -9999 1.19521E-11 1.37229E-11 4.19248E-11 1.59056E-11 1.45146E-11 3.93499E-11 3.10316E-11 1.35392E-11 1.49468E-11 2.3762E-11 8.91725E-12 4.45194E-12 5.52971E-12 5.39382E-12 1.2078E-11 8.01594E-12 2.66945E-12 1.91619E-11
3.87325E-6 4.14965E-6 3.59914E-6 3.62017E-6 4.25165E-6 4.1068E-6 4.28206E-6 4.91297E-6 5.57865E-6 6.07176E-6 5.40943E-6 7.20368E-6 7.56022E-6 7.08675E-6 5.27472E-6 3.87935E-6 2.79548E-6 2.68818E-6 4.33455E-6 4.03572E-6 3.48219E-6 3.70811E-6 5.08085E-6 6.62681E-6 4.11927E-6 5.84655E-7 3.73075E-7 5.71035E-7 3.47519E-7 3.68744E-7 1.3343E-7 6.22228E-8 8.38955E-8 1.74583E-7 5.75162E-8 6.13628E-8 6.02401E-8 1.17541E-8 2.09084E-9 5.42204E-10 5.65896E-10 9.48892E-10 1.18139E-9 2.45153E-10 2.1127E-10 6.98458E-11 5.53438E-11 3.30883E-11 2.76257E-11 2.8621E-11 3.7535E-11 1.3073E-11 1.62542E-11 1.27597E-11 3.22916E-11 2.34819E-11 1.12019E-11 1.6006E-11 1.01107E-11 6.86121E-12 4.50421E-12 4.41341E-12 1.54586E-11 9.39011E-12 2.79064E-12 7.9667E-12
3.38249E-6 3.05693E-6 3.48993E-6 4.16025E-6 3.86445E-6 4.27666E-6 4.91822E-6 5.52593E-6 5.89623E-6 6.30997E-6 6.71591E-6 7.19499E-6 7.2753E-6 7.10014E-6 6.9723E-6 5.77774E-6 5.82617E-6 5.336E-6 4.7824E-6 5.15847E-6 5.70345E-6 4.75271E-6 3.89287E-6 6.27178E-6 5.13597E-6 3.3515E-6 2.3163E-6 1.64884E-6 7.31758E-7 2.5811E-7 1.46562E-7 2.33885E-8 1.12374E-8 3.45194E-8 3.10496E-8 2.11508E-8 2.29471E-8 8.82409E-9 1.30865E-8 6.80377E-9 9.15663E-10 5.26422E-10 3.2933E-9 4.43122E-10 1.32443E-10 5.64911E-11 9.08922E-11 7.08407E-11 2.70074E-11 1.65516E-11 2.11877E-11 1.46644E-11 2.20173E-11 2.40033E-11 3.07162E-11 2.95609E-11 1.47192E-11 1.14303E-11 8.36299E-12 1.10999E-11 8.33177E-12 6.39905E-12 2.71487E-11 2.00379E-11 3.05268E-12 6.51755E-12
3.36949E-6 2.70604E-6 3.58827E-6 3.84839E-6 3.42446E-6 4.04342E-6 4.9191E-6 5.22351E-6 5.38177E-6 6.35587E-6 7.15151E-6 6.47662E-6 6.78145E-6 6.71847E-6 7.24337E-6 6.98519E-6 7.04616E-6 6.95137E-6 6.55349E-6 7.12288E-6 8.31378E-6 8.24533E-6 8.36087E-6 7.29631E-6 2.99218E-6 4.47654E-6 3.80744E-6 3.50668E-6 2.5045E-6 9.43637E-7 2.60892E-7 9.40234E-8 2.02669E-8 5.49072E-9 1.1843E-8 1.80761E-8 1.35281E-8 3.08803E-8 1.98194E-7 7.46757E-8 3.23902E-9 3.79917E-10 1.25607E-9 1.0972E-10 9.54196E-11 1.22732E-10 1.43983E-10 5.7885E-11 3.51576E-11 2.89578E-11 2.35737E-11 2.51976E-11 1.7379E-11 1.81201E-11 2.57538E-11 1.76984E-11 1.90871E-11 1.10826E-11 9.75069E-12 1.02958E-11 1.16634E-11 8.31699E-12 1.88005E-11 2.99094E-11 8.43323E-12 1.28657E-11
2.74841E-6 2.78447E-6 2.95379E-6 3.13682E-6 2.99056E-6 3.34636E-6 4.9922E-6 4.10791E-6 6.09394E-6 5.76133E-6 7.01674E-6 6.50524E-6 6.70495E-6 8.08351E-6 6.79337E-6 7.54713E-6 8.00135E-6 8.39328E-6 9.45625E-6 5.36053E-6 1.0949E-5 1.31785E-5 1.12587E-5 9.08944E-6 3.4903E-6 5.65517E-6 5.00836E-6 4.18451E-6 2.90286E-6 1.48904E-6 5.98858E-7 3.24819E-7 1.25569E-7 3.60469E-8 6.34923E-8 7.61522E-8 8.76821E-8 1.6428E-7 3.94117E-7 6.85109E-8 8.72301E-9 5.4874E-10 4.7291E-10 1.62762E-10 4.68204E-10 2.54752E-10 7.43439E-11 5.43764E-11 3.76445E-11 6.01077E-11 5.58037E-11 5.05774E-11 1.82831E-11 2.08532E-11 1.02014E-11 1.24827E-11 1.45386E-11 1.40448E-11 1.09452E-11 1.13569E-11 9.92092E-12 1.17379E-11 1.57887E-11 2.42455E-11 1.95951E-11 4.02771E-11
3.33896E-6 3.73032E-6 3.72591E-6 3.96407E-6 4.982E-6 5.18494E-6 5.42832E-6 6.253E-6 6.31149E-6 4.97817E-6 6.85469E-6 1.00136E-5 9.52759E-6 6.76776E-6 7.59281E-6 6.75687E-6 1.11614E-5 1.10337E-5 9.81761E-6 8.94651E-6 1.13148E-5 1.32809E-5 1.09654E-5 1.08208E-5 3.0333E-6 5.93035E-6 5.46807E-6 4.65286E-6 3.65078E-6 2.18115E-6 1.48673E-6 1.06714E-6 7.50666E-7 4.34566E-7 3.46876E-7 4.77737E-7 3.87993E-7 9.30913E-7 4.31182E-7 8.33805E-8 2.01756E-8 8.44361E-10 3.3267E-10 2.01879E-10 4.30386E-10 4.59449E-10 2.73721E-10 1.52803E-10 7.03102E-11 8.33861E-11 1.70336E-10 5.21096E-11 1.62789E-11 2.61721E-11 1.43707E-11 9.90639E-12 1.06597E-11 1.00586E-11 1.12804E-11 7.19889E-12 6.58319E-12 7.09088E-12 9.49935E-12 1.41692E-11 1.43908E-11 4.2764E-11
5.55553E-6 6.29191E-6 6.18877E-6 5.57051E-6 6.44882E-6 6.69272E-6 7.00045E-6 8.01436E-6 7.60643E-6 8.09281E-6 6.72636E-6 1.16735E-5 1.19368E-5 1.11243E-5 1.00331E-5 6.95231E-6 9.43329E-6 8.12841E-6 9.89763E-6 1.1384E-5 7.21066E-6 1.25358E-5 1.32419E-5 1.31238E-5 1.09652E-5 7.06693E-6 6.69194E-6 6.39452E-6 4.72699E-6 4.84833E-6 4.3356E-6 3.90654E-6 2.64772E-6 1.82059E-6 1.13514E-6 1.82033E-6 9.41673E-7 5.78764E-7 6.4834E-7 1.66776E-7 1.91456E-8 2.2076E-9 1.4272E-9 4.08174E-10 1.19835E-10 1.26921E-10 1.84907E-10 3.20158E-10 3.69764E-10 1.67005E-10 9.33187E-11 5.9303E-11 1.55985E-11 2.99209E-11 2.42003E-11 1.27079E-11 1.23705E-11 8.95983E-12 8.29949E-12 8.24756E-12 8.27292E-12 7.14427E-12 7.46297E-12 6.9717E-12 -9999 -9999
6.92463E-6 6.77445E-6 7.38333E-6 1.07292E-5 9.81939E-6 1.19665E-5 1.17883E-5 8.93872E-6 1.08266E-5 9.74124E-6 9.1456E-6 1.21002E-5 1.13654E-5 1.08047E-5 1.07394E-5 9.84662E-6 8.56038E-6 1.17571E-5 1.09998E-5 1.19876E-5 8.12473E-6 9.98939E-6 8.93997E-6 1.23524E-5 1.24734E-5 8.98246E-6 7.3749E-6 7.2671E-6 6.47101E-6 5.06356E-6 4.6729E-6 4.00856E-6 4.01223E-6 3.06213E-6 3.58369E-6 3.72164E-6 9.94026E-7 2.54816E-7 2.50909E-7 1.6572E-7 7.85429E-8 3.25814E-8 2.06052E-8 2.90399E-9 9.40073E-10 2.34903E-10 6.74687E-11 1.74806E-10 1.07735E-9 6.87472E-10 1.03934E-10 6.84386E-11 2.61246E-11 2.60201E-11 3.51149E-11 3.25333E-11 3.06965E-11 1.80661E-11 1.80995E-11 1.16355E-11 9.72733E-12 7.64356E-12 5.14823E-12 4.50575E-12 -9999 -9999
7.81251E-6 7.45526E-6 8.48382E-6 1.13032E-5 1.11601E-5 1.18511E-5 1.26633E-5 1.15878E-5 1.04083E-5 1.11061E-5 1.16511E-5 8.47599E-6 1.0143E-5 7.53816E-6 7.97813E-6 9.12407E-6 1.24504E-5 1.15668E-5 1.07513E-5 1.14907E-5 1.22705E-5 1.0589E-5 1.30673E-5 1.2638E-5 1.08087E-5 9.37256E-6 8.62295E-6 7.70628E-6 7.74998E-6 1.01306E-5 8.41034E-6 6.8754E-6 4.01929E-6 4.46925E-6 5.01966E-6 4.59422E-6 2.62286E-6 6.53528E-7 1.19134E-7 4.30784E-8 1.63302E-8 1.84904E-8 2.40371E-8 4.68439E-9 7.87337E-10 4.1268E-10 2.12837E-10 3.67694E-10 3.47282E-10 6.82826E-10 3.96144E-10 2.56385E-10 4.5934E-11 2.40138E-11 2.43584E-11 5.58528E-11 2.10289E-11 1.93021E-11 4.11985E-11 3.44916E-11 1.32852E-11 7.84899E-12 6.9502E-12 8.45812E-12 8.18002E-12 -9999
9.7683E-6 1.02648E-5 9.3321E-6 8.11228E-6 1.09771E-5 1.17689E-5 1.1867E-5 1.23048E-5 1.25812E-5 1.05405E-5 7.94091E-6 7.45336E-6 7.51688E-6 1.01971E-5 1.3447E-5 1.34577E-5 1.15013E-5 1.10355E-5 9.05341E-6 1.19627E-5 1.30014E-5 1.11031E-5 9.10905E-6 1.03432E-5 1.06698E-5 1.17844E-5 9.18946E-6 1.11245E-5 1.07205E-5 9.65883E-6 1.12801E-5 8.29062E-6 8.70209E-6 5.83968E-6 6.55923E-6 5.28077E-6 4.27831E-6 2.68436E-6 7.60336E-7 1.35982E-7 2.44639E-8 3.00712E-9 3.23227E-9 5.46559E-9 1.91484E-9 8.61593E-10 4.80162E-10 2.83316E-10 1.03353E-10 5.81413E-10 2.79175E-9 4.81838E-10 1.33929E-10 7.82064E-11 4.49726E-11 4.13455E-11 1.1879E-11 1.68133E-11 4.34301E-11 9.93325E-11 4.31397E-11 1.13173E-11 1.46157E-11 2.43015E-11 8.51779E-12 -9999
1.08068E-5 9.84308E-6 8.28921E-6 1.08879E-5 1.30305E-5 1.05472E-5 1.07059E-5 1.14446E-5 7.95745E-6 7.9322E-6 9.31869E-6 9.12578E-6 9.44863E-6 1.33943E-5 1.28256E-5 1.18005E-5 5.75642E-6 8.59911E-6 1.13423E-5 1.20281E-5 1.2863E-5 1.31643E-5 1.07922E-5 1.11084E-5 1.15471E-5 1.05823E-5 1.23138E-5 1.1054E-5 1.18902E-5 1.08382E-5 8.83233E-6 1.12263E-5 9.49714E-6 6.33563E-6 6.16555E-6 5.42745E-6 5.22457E-6 5.40536E-6 2.58278E-6 2.24727E-6 6.8685E-7 8.97294E-8 1.05828E-8 3.28169E-9 1.93786E-9 7.98233E-10 3.63332E-10 2.87875E-10 1.85492E-10 1.52407E-9 2.06365E-8 7.88542E-10 7.98647E-11 7.11887E-11 3.27957E-11 3.24062E-11 -9999 1.01696E-11 1.93527E-11 8.26526E-11 9.70807E-11 2.9312E-11 3.40955E-11 1.69245E-11 6.29387E-12 2.63169E-11
1.00999E-5 8.51654E-6 1.1048E-5 1.32981E-5 1.05475E-5 8.38093E-6 7.90495E-6 8.38535E-6 1.27964E-5 1.33035E-5 1.02941E-5 8.90516E-6 1.24785E-5 1.35121E-5 1.28039E-5 1.12087E-5 5.74216E-6 9.5943E-6 1.38094E-5 1.34532E-5 1.35304E-5 1.22791E-5 1.24219E-5 1.43409E-5 1.26381E-5 1.38552E-5 1.24691E-5 9.3948E-6 5.99001E-6 1.00735E-5 1.25429E-5 1.19957E-5 5.52805E-6 7.70653E-6 6.61616E-6 5.55237E-6 5.8436E-6 3.96112E-6 5.68415E-6 4.22948E-6 3.73489E-6 1.84755E-6 5.83547E-7 2.1283E-7 5.80528E-8 1.03552E-8 3.97549E-9 1.39141E-9 2.57461E-9 3.96609E-8 3.66495E-8 1.05745E-9 2.46913E-10 1.64508E-10 5.10578E-11 3.24448E-11 -9999 1.01117E-11 1.58782E-11 2.96065E-11 7.23004E-11 1.42923E-10 4.2467E-11 4.33156E-11 1.58055E-11 6.09233E-11
6.56565E-6 7.43149E-6 8.43898E-6 7.96257E-6 7.97365E-6 7.34484E-6 9.08516E-6 1.17619E-5 1.3128E-5 1.3253E-5 1.28807E-5 1.0832E-5 1.34307E-5 1.32925E-5 1.33428E-5 1.33674E-5 1.26277E-5 1.35484E-5 1.34542E-5 1.15045E-5 1.09835E-5 1.10695E-5 1.12326E-5 1.04659E-5 6.81136E-6 7.19327E-6 9.64226E-6 1.03232E-5 1.28499E-5 1.28272E-5 1.17727E-5 1.28338E-5 9.80582E-6 1.24074E-5 9.94232E-6 6.56946E-6 6.53893E-6 5.39265E-6 6.39466E-6 5.6221E-6 4.37453E-6 3.12885E-6 2.55391E-6 2.27856E-6 1.27069E-6 2.97203E-7 6.32171E-8 1.58599E-8 8.75303E-9 9.33584E-8 2.03393E-8 1.32861E-8 4.81949E-9 2.02097E-9 1.16174E-10 3.88462E-11 3.04016E-11 2.01824E-11 4.84183E-11 8.21617E-11 1.20177E-10 1.45771E-10 1.67759E-10 9.22285E-11 1.69584E-10 3.6626E-10
6.29504E-6 6.68258E-6 8.8683E-6 6.90962E-6 9.49642E-6 6.97121E-6 9.83021E-6 1.13159E-5 1.12406E-5 1.18868E-5 1.20017E-5 1.30398E-5 1.24842E-5 1.30006E-5 1.28913E-5 1.34307E-5 1.32854E-5 1.0467E-5 1.36019E-5 1.1501E-5 1.05457E-5 7.59645E-6 6.30667E-6 8.64666E-6 1.25164E-5 1.33472E-5 1.32761E-5 1.31703E-5 1.31459E-5 1.31523E-5 1.21027E-5 9.12643E-6 1.16932E-5 1.23976E-5 9.45869E-6 8.35233E-6 5.69476E-6 6.90335E-6 6.0352E-6 5.80266E-6 4.24746E-6 3.73465E-6 4.66941E-6 3.89383E-6 2.58696E-6 2.16235E-6 7.50625E-7 1.28115E-7 8.47838E-8 2.38821E-7 1.80273E-7 1.92639E-8 3.55648E-9 2.27947E-9 5.32896E-10 1.98382E-10 4.60736E-11 2.04069E-11 2.3174E-11 4.83095E-11 6.4844E-11 2.59471E-11 1.80736E-11 1.2559E-11 1.39759E-11 1.44583E-10
