catData/rasterBestHybridModels/Pviverrinus/RD_BM01_RM1.5_L/Pviverrinus_max.asc
ncols         409
nrows         350
xllcorner     60.897278365
yllcorner     5.843756025
cellsize      0.0892857
NODATA_value  -9999
[rows 145 to 173 of 350, columns 198 to 263 of 409]
3.7447E-6 5.14866E-6 5.55772E-6 1.63012E-6 1.49329E-6 8.7728E-6 6.53765E-6 7.78063E-6 3.49611E-6 2.91106E-6 5.27873E-6 5.23621E-6 1.03716E-5 2.27661E-6 4.844E-6 8.92409E-6 2.24383E-6 2.01751E-6 6.69946E-7 1.91333E-6 4.87892E-6 8.65942E-6 1.26371E-5 9.09882E-6 6.44006E-6 5.01473E-6 5.03842E-6 3.15796E-6 4.86719E-6 5.6238E-6 7.92542E-6 1.66849E-5 1.08032E-5 1.14893E-5 2.52805E-5 1.52019E-5 6.88338E-6 1.25562E-6 2.85202E-6 6.57713E-6 7.72494E-7 1.10815E-6 4.98632E-6 1.87658E-5 1.53174E-5 1.76031E-5 3.96542E-5 8.68896E-5 5.67867E-5 3.3938E-5 3.10591E-5 3.06431E-5 5.53325E-5 3.82479E-5 3.7565E-5 3.53424E-5 5.04835E-5 6.43236E-5 7.49624E-5 7.95346E-5 5.44919E-5 5.89951E-5 7.6671E-5 4.95628E-5 4.34141E-5 2.85266E-5
5.64489E-6 4.25676E-6 3.90078E-6 1.38968E-6 3.81045E-6 1.07462E-6 1.192E-6 5.91266E-6 1.22048E-5 5.87519E-6 6.8681E-6 7.13251E-7 5.09372E-7 8.30162E-6 6.8985E-6 1.48016E-6 1.70081E-6 5.52216E-7 5.42939E-7 3.43398E-7 3.31082E-6 7.72811E-6 3.27602E-6 1.99057E-6 4.04152E-6 2.82396E-6 4.70145E-6 8.66987E-7 6.95615E-7 8.56779E-6 1.39682E-5 2.91829E-6 6.41054E-6 3.47991E-5 2.92294E-5 2.8934E-5 2.48555E-5 1.03506E-5 1.11599E-5 2.63353E-6 2.20807E-6 9.40305E-6 1.79255E-5 9.28701E-6 6.24825E-6 1.19852E-5 3.89597E-5 3.85356E-5 2.99561E-5 3.53395E-5 1.27752E-5 2.74625E-5 5.12066E-5 4.32169E-5 2.56092E-5 2.00415E-5 3.28006E-5 4.01104E-5 6.22034E-5 6.47109E-5 6.92621E-5 2.42959E-5 2.68703E-5 5.71303E-5 2.76639E-5 4.08636E-5
5.15429E-6 5.93723E-6 4.71948E-6 4.43758E-6 2.91114E-6 8.70235E-7 3.32481E-6 1.49712E-5 5.00951E-6 2.9306E-6 8.18747E-7 1.56196E-6 6.8676E-6 4.92295E-6 5.98117E-6 2.76404E-6 5.94471E-7 3.55973E-7 8.40604E-7 7.35138E-7 3.0592E-6 3.79056E-6 4.1907E-6 3.33251E-6 1.29999E-6 1.99448E-6 1.06522E-5 8.52176E-6 8.37138E-6 5.69269E-6 6.48155E-6 2.39485E-6 7.77235E-6 5.32299E-6 2.20426E-5 2.25521E-5 2.52164E-5 1.32909E-5 1.76793E-5 1.70609E-5 1.03238E-5 4.26109E-6 1.96158E-5 1.15287E-5 9.11122E-6 1.51087E-5 2.3825E-5 4.32224E-5 1.66272E-5 1.76327E-5 8.6303E-6 3.06188E-5 4.08089E-5 2.05567E-5 1.74638E-5 1.89858E-5 3.02083E-5 2.11737E-5 5.23192E-5 5.26052E-5 5.51026E-5 6.04166E-5 7.40062E-5 4.31268E-5 3.60915E-5 3.17511E-5
5.14358E-6 3.01128E-6 1.31879E-6 1.12923E-6 8.0453E-7 1.40395E-6 1.59604E-6 5.35909E-6 3.42055E-6 5.13164E-6 2.58662E-6 2.3289E-6 3.79714E-6 6.85926E-6 7.32312E-6 2.02228E-6 5.43243E-6 1.10845E-5 2.18093E-6 2.92741E-6 8.0066E-6 1.02697E-5 5.02335E-6 5.33294E-6 9.43479E-6 1.35095E-5 1.1998E-5 2.70232E-5 7.65311E-6 7.57796E-7 8.19306E-6 8.46456E-6 1.05206E-5 7.27729E-6 1.22553E-5 1.26574E-5 2.52965E-5 2.43696E-5 2.10508E-5 2.18264E-5 1.9793E-5 6.74362E-6 1.17532E-5 2.28639E-5 1.15524E-5 2.551E-5 2.78253E-5 2.52713E-5 3.33297E-5 1.62561E-5 6.26149E-6 1.41609E-5 7.47803E-6 6.13487E-6 4.91108E-6 1.17467E-5 1.54748E-5 2.09965E-5 1.61919E-5 3.98907E-5 5.24717E-5 5.47142E-5 5.6705E-5 4.3778E-5 3.96833E-5 2.18276E-5
8.24693E-6 2.47811E-6 4.68365E-7 4.58414E-7 7.63487E-6 3.06997E-6 4.66344E-6 3.1771E-6 4.26537E-6 2.95446E-6 1.70478E-6 1.43189E-6 7.25938E-6 4.24041E-6 7.51754E-6 3.84407E-7 1.44729E-6 4.41977E-6 3.6468E-6 5.00798E-6 5.99623E-6 1.00083E-5 1.40152E-5 5.08082E-6 5.01032E-6 1.16409E-5 1.53489E-5 1.08683E-5 1.06315E-5 3.8233E-6 3.59653E-6 3.08961E-6 5.44691E-6 6.02232E-6 6.0457E-6 9.63043E-6 1.98443E-5 2.16252E-5 2.19683E-5 2.16619E-5 2.29878E-5 2.44245E-5 2.19999E-5 2.20396E-5 2.0946E-5 2.73026E-5 1.64742E-5 2.96082E-5 1.84598E-5 1.32698E-5 1.37122E-5 1.74624E-5 2.27942E-5 1.89319E-5 1.84795E-5 1.23467E-5 1.08999E-5 2.01538E-5 2.07408E-5 3.55832E-5 3.25821E-5 4.00257E-5 2.64454E-5 3.11415E-5 2.83351E-5 1.90921E-5
4.1555E-6 2.85465E-6 3.34824E-7 3.36549E-6 6.87397E-6 2.79217E-6 2.82512E-6 3.92251E-6 2.8725E-6 6.08684E-6 1.70963E-6 1.55075E-6 2.98546E-6 7.61959E-6 9.20713E-6 3.8845E-6 3.67264E-6 1.24454E-5 9.76648E-6 1.87429E-5 1.90038E-5 8.55551E-6 7.76046E-6 6.07861E-6 1.60593E-5 2.73243E-5 2.23525E-5 2.33192E-5 1.38763E-5 2.09713E-5 1.70487E-5 7.8353E-6 3.35483E-6 3.34853E-6 5.99228E-6 2.30715E-5 1.97265E-5 2.08187E-5 2.03184E-5 1.89915E-5 1.77982E-5 1.93791E-5 1.94037E-5 1.58709E-5 1.84634E-5 2.15578E-5 2.65267E-5 2.86067E-5 2.7462E-5 2.57288E-5 1.57699E-5 1.16659E-5 4.19974E-6 8.57785E-6 8.53281E-6 2.47206E-5 1.41142E-5 1.48386E-5 1.04473E-5 2.77161E-5 3.02266E-5 2.71127E-5 3.22447E-5 2.47905E-5 2.29955E-5 2.6732E-5
5.82266E-6 1.34749E-6 3.21328E-7 7.15304E-7 5.00883E-6 7.65858E-6 1.63336E-6 6.3602E-6 1.32384E-6 1.14789E-6 1.52838E-6 2.29861E-6 6.55612E-6 8.46739E-6 9.18696E-6 7.90127E-6 9.60875E-6 1.53738E-5 6.43974E-6 1.41978E-5 1.70302E-5 1.11632E-5 1.02033E-5 1.00144E-5 1.23065E-5 1.84977E-5 1.41057E-5 2.34209E-5 2.45945E-5 2.65664E-5 1.82743E-5 4.83028E-6 6.3347E-6 1.8724E-5 1.62377E-5 4.30132E-6 9.97472E-6 1.66169E-5 1.56805E-5 1.43387E-5 1.43188E-5 1.55923E-5 1.77346E-5 1.43704E-5 1.50494E-5 1.90321E-5 2.43325E-5 2.53495E-5 2.45347E-5 1.96178E-5 1.76353E-5 1.53604E-5 1.41343E-5 7.12162E-6 9.83683E-6 1.19754E-5 1.48011E-5 1.49478E-5 8.20711E-6 1.13904E-5 1.43953E-5 1.85976E-5 2.03283E-5 1.59547E-5 1.91143E-5 2.30228E-5
4.33777E-7 5.31454E-7 3.064E-6 2.1735E-6 2.03829E-6 1.47639E-6 4.19932E-6 2.20294E-6 1.85147E-6 4.40196E-6 5.67068E-6 4.24883E-6 1.30279E-5 1.10541E-5 1.80814E-5 3.57437E-6 4.85677E-6 8.86481E-6 6.02317E-6 5.79533E-6 1.68953E-5 1.33997E-5 1.48405E-5 1.7242E-5 1.13394E-5 4.76481E-6 1.33264E-5 1.96545E-5 2.15002E-5 2.35787E-5 1.16985E-5 5.65155E-6 4.54729E-6 1.61824E-6 2.85396E-6 1.29227E-6 8.50371E-6 6.07861E-6 6.14311E-6 1.68802E-5 1.44665E-5 1.39927E-5 1.44498E-5 1.2536E-5 9.41403E-6 1.82911E-5 2.6559E-5 1.74224E-5 1.9017E-5 1.22177E-5 6.0378E-6 1.08095E-5 7.74693E-6 1.08471E-5 1.34086E-5 1.59187E-5 9.76045E-6 1.45158E-5 1.30437E-5 1.24291E-5 9.13577E-6 9.31111E-6 1.22491E-5 1.67771E-5 1.83798E-5 1.35937E-5
3.51841E-6 1.55049E-6 6.21682E-6 1.63689E-6 1.68755E-6 1.65602E-6 2.42473E-6 4.69156E-6 2.54397E-6 9.53571E-6 4.99833E-6 1.90997E-6 1.02971E-5 6.57268E-7 1.82069E-6 9.66336E-6 1.77101E-5 1.06635E-5 4.84585E-6 7.71875E-6 1.14876E-5 1.41383E-5 1.36633E-5 1.03237E-5 7.45386E-6 5.36283E-6 8.67852E-6 5.98737E-6 1.63771E-5 1.6175E-5 1.18564E-5 5.75055E-6 9.4377E-6 5.37936E-6 3.62461E-6 3.18294E-6 1.22614E-5 4.76862E-6 1.11924E-6 1.52955E-5 1.24942E-5 9.94491E-6 1.35185E-5 1.13265E-5 5.0852E-6 1.30416E-5 1.4581E-5 8.78715E-6 6.37351E-6 3.30838E-6 3.94494E-6 8.64416E-6 9.95551E-6 1.02696E-5 1.3056E-5 1.54338E-5 8.97159E-6 5.4135E-6 1.0439E-5 6.68121E-6 4.18524E-6 1.2348E-5 8.78367E-6 7.17287E-6 1.28331E-5 1.27733E-5
1.0102E-5 5.23485E-6 2.21009E-6 1.56807E-6 1.30381E-6 2.71133E-6 1.20226E-5 1.51143E-5 3.52962E-6 4.23011E-6 2.11456E-6 3.95111E-6 2.31927E-6 1.63801E-5 1.18542E-5 7.33279E-6 1.2499E-5 4.06116E-6 8.23374E-6 7.38719E-6 1.19982E-5 6.95874E-6 2.15843E-6 3.93924E-6 8.85549E-6 6.72069E-6 5.97681E-6 6.14592E-6 4.88961E-6 5.92626E-6 6.83955E-6 3.69155E-6 8.26124E-6 2.21315E-6 8.88073E-7 1.71654E-6 1.06657E-6 3.31217E-6 3.98433E-7 1.51785E-6 8.48939E-6 6.8603E-6 1.1036E-5 9.76039E-6 4.33961E-6 8.03542E-6 5.85692E-7 6.35E-7 2.42903E-6 5.29618E-6 9.87787E-6 5.0534E-6 7.37481E-6 1.40558E-5 1.61742E-5 1.20086E-5 9.89827E-6 3.48711E-6 3.37705E-6 4.75026E-6 4.35008E-6 4.98933E-6 1.11163E-5 8.41349E-6 1.04674E-5 1.2166E-5
4.70487E-6 1.22825E-5 1.45429E-5 1.20974E-5 1.07694E-5 1.35547E-5 1.50355E-5 1.6302E-5 8.66671E-6 7.83278E-6 5.79074E-6 1.58836E-6 2.13546E-5 1.33472E-5 1.45688E-5 1.56193E-5 1.00324E-5 1.54866E-5 7.12E-6 2.89722E-6 4.17884E-6 1.75803E-6 2.0179E-6 4.7214E-7 2.65482E-6 3.82446E-6 4.12729E-6 5.53141E-6 4.8745E-6 7.44289E-6 8.98601E-6 3.07648E-6 6.03917E-6 1.08178E-5 7.88276E-7 8.22187E-6 4.34903E-6 1.84546E-7 1.18104E-6 2.82953E-6 1.18608E-5 1.26123E-5 9.62353E-6 1.27411E-5 7.37041E-6 2.95071E-6 1.852E-6 4.56921E-7 1.22794E-6 3.92932E-6 6.21496E-6 8.13004E-6 4.87292E-6 1.39341E-5 1.26073E-5 1.0256E-5 5.50123E-6 8.23591E-6 7.07659E-6 5.61491E-6 8.56588E-6 1.06301E-5 8.53738E-6 9.03464E-6 1.09169E-5 1.02529E-5
2.18549E-6 9.32715E-7 9.60643E-6 1.68665E-6 7.50079E-7 6.60989E-7 7.8455E-6 1.66029E-5 7.17731E-6 7.82005E-6 2.8654E-6 5.37269E-6 7.7144E-6 1.37122E-5 2.05582E-5 1.33119E-5 5.0335E-6 4.74104E-6 2.64104E-6 5.45992E-6 1.30271E-6 2.34407E-6 3.5878E-6 2.7001E-6 3.97601E-6 2.37194E-6 3.51733E-6 6.72785E-6 6.10651E-6 8.87618E-6 3.05974E-6 1.67849E-5 7.92123E-6 5.33005E-6 7.37875E-6 4.54599E-6 3.27341E-6 8.2093E-7 9.23544E-7 4.24961E-6 1.1213E-5 8.86813E-6 9.30117E-6 5.7594E-6 2.68545E-5 1.74967E-5 3.00286E-6 6.30834E-6 5.39843E-6 2.98649E-6 1.16445E-5 1.09334E-5 5.14545E-6 1.63555E-5 1.33631E-5 5.25092E-6 3.77299E-6 6.71074E-6 9.75692E-6 8.49076E-6 1.00581E-5 1.11335E-5 1.45142E-5 8.29992E-6 9.977E-6 1.17469E-5
5.805E-6 4.74173E-6 9.3851E-6 2.81579E-6 3.94272E-6 1.51501E-5 4.47216E-6 9.28018E-7 6.71482E-7 1.63324E-6 7.88777E-6 2.69562E-6 5.55918E-6 9.00761E-6 9.88437E-6 9.80673E-6 9.61734E-6 8.49688E-6 4.25565E-6 3.75791E-6 2.37427E-6 2.16631E-6 6.50298E-6 4.04268E-6 3.38857E-6 1.26602E-6 7.14703E-7 4.69209E-6 5.07592E-6 3.07732E-6 1.15237E-6 4.43601E-6 2.21752E-6 2.27566E-6 6.00981E-6 3.5789E-6 7.03516E-6 2.40506E-6 1.87134E-6 9.84869E-6 1.07564E-5 1.82074E-5 1.09685E-5 6.8309E-6 1.05951E-5 1.58953E-5 1.43037E-5 2.04369E-5 9.11919E-6 2.81633E-6 2.7813E-6 2.91183E-6 5.29127E-6 1.05254E-5 9.90719E-6 6.615E-6 4.18489E-6 8.55076E-6 8.97355E-6 1.46881E-5 1.02277E-5 9.86324E-6 1.4096E-5 1.53823E-5 1.19889E-5 1.66776E-5
7.55519E-6 1.35412E-5 3.82925E-6 1.30281E-6 3.98628E-7 5.38261E-7 4.9397E-6 1.51969E-6 8.17783E-6 4.54322E-6 3.63281E-6 5.51324E-6 3.96809E-6 5.88594E-6 7.91647E-6 1.71788E-5 8.76739E-6 6.11241E-6 7.29813E-6 6.82723E-6 7.31681E-6 6.28246E-6 8.62509E-6 2.66287E-6 3.52026E-6 2.11027E-6 7.50955E-7 2.08113E-6 1.74343E-7 9.68785E-7 4.05264E-6 1.91479E-6 9.33695E-7 1.52969E-6 4.37624E-6 6.50206E-6 4.75769E-6 7.33665E-6 1.37131E-5 1.31E-5 1.25008E-5 9.25072E-6 7.18491E-6 4.77177E-6 6.98336E-6 2.35469E-5 7.33873E-6 4.97932E-6 7.64445E-6 3.37705E-6 1.08838E-5 4.29374E-6 9.8708E-6 1.05645E-5 1.53909E-5 1.27098E-5 1.56344E-5 1.13908E-5 1.69287E-5 1.65562E-5 1.56373E-5 1.12982E-5 1.40586E-5 1.86465E-5 1.29211E-5 1.5247E-5
8.12528E-6 1.50021E-5 7.38928E-6 2.21492E-5 8.27774E-6 3.07524E-6 6.02086E-7 1.11366E-6 1.48762E-5 1.17756E-5 8.87417E-6 4.47512E-6 4.89081E-6 1.0228E-5 1.02212E-5 1.67647E-5 7.40694E-6 6.60483E-6 1.15409E-5 5.765E-6 9.13918E-6 1.14287E-5 5.89221E-6 1.95471E-6 4.72926E-6 3.13468E-6 6.56708E-7 5.30932E-6 7.66839E-7 8.83547E-7 3.09616E-7 4.59642E-7 4.0398E-7 5.01221E-6 2.07088E-6 1.48944E-6 1.10149E-6 6.07169E-6 8.88392E-6 1.26392E-5 1.60095E-5 8.59031E-6 6.30591E-6 4.73778E-6 7.58357E-6 2.493E-5 2.4848E-5 1.62443E-5 2.2629E-5 5.57214E-6 1.01708E-5 7.2054E-6 6.10794E-6 7.08097E-6 7.53338E-6 9.79869E-6 1.26621E-5 1.62215E-5 1.19238E-5 2.1668E-5 1.78458E-5 7.20019E-6 1.57212E-5 1.30467E-5 6.98216E-6 1.07938E-5
1.11231E-5 2.64664E-5 1.25051E-5 1.79624E-5 1.88079E-5 1.82972E-5 1.80296E-5 1.22488E-5 3.67222E-6 1.67371E-6 5.33318E-6 6.73008E-6 1.88616E-6 2.92669E-6 6.11996E-6 6.86524E-6 1.45057E-5 6.74345E-6 3.41233E-6 5.79636E-6 1.38441E-5 8.70645E-6 6.3251E-6 4.73153E-6 3.82437E-6 2.42997E-6 4.11906E-6 1.83314E-6 5.62744E-6 3.85167E-6 1.58347E-6 2.35534E-6 4.82485E-7 1.27672E-7 1.61692E-6 5.0769E-6 2.18842E-6 1.11409E-5 1.3059E-5 1.24689E-5 1.56825E-5 1.47582E-5 9.40558E-6 1.88292E-5 1.94454E-5 2.889E-5 2.91912E-5 2.29162E-5 2.10748E-5 1.88818E-5 1.17277E-5 8.14573E-6 5.70965E-6 6.48711E-6 7.93422E-6 3.03874E-6 1.10011E-5 1.44813E-5 1.30406E-5 2.08965E-5 1.50743E-5 9.64754E-6 1.4174E-5 2.20358E-5 8.14938E-6 1.21623E-5
2.18435E-5 1.1626E-5 1.06883E-5 7.36127E-6 3.27177E-6 1.06759E-5 4.42918E-6 3.725E-6 2.91226E-6 7.01511E-6 3.54917E-6 4.8588E-7 2.08312E-7 4.21343E-7 1.1412E-6 1.69691E-6 3.50447E-6 1.63835E-6 1.35177E-5 8.72623E-6 1.72669E-5 1.29864E-5 8.30694E-6 3.0638E-6 2.17886E-6 5.04826E-6 4.73269E-6 5.02085E-6 6.28625E-6 6.59323E-6 5.14174E-6 5.10367E-6 5.37229E-6 4.10183E-6 9.91344E-6 1.11939E-5 1.35498E-5 2.09449E-5 2.03563E-5 1.39077E-5 9.56466E-6 1.69757E-5 1.81425E-5 1.79067E-5 1.7971E-5 2.90609E-5 1.2887E-5 2.22057E-5 1.8879E-5 2.08279E-5 2.03039E-5 1.45483E-5 1.31703E-5 1.04129E-5 9.39911E-6 7.96135E-6 1.76525E-5 1.4123E-5 1.51884E-5 1.26802E-5 2.38914E-5 2.2533E-5 1.92979E-5 3.01183E-5 3.10796E-5 6.24303E-6
1.21729E-5 2.00076E-5 5.88923E-6 2.58473E-6 4.63302E-6 5.27361E-6 2.495E-6 9.42478E-7 1.17707E-6 2.76006E-7 1.8621E-7 5.10865E-7 5.18613E-7 8.57029E-7 5.34541E-7 2.40355E-6 3.72298E-6 1.07528E-6 6.05488E-6 9.97702E-6 2.44512E-5 1.64588E-5 9.63935E-6 7.79927E-6 9.61744E-7 6.67302E-7 5.27104E-6 1.47788E-5 1.41238E-5 1.2348E-5 8.48609E-6 8.8757E-6 9.59522E-6 1.10686E-5 1.25573E-5 1.55127E-5 2.06228E-5 2.54877E-5 2.313E-5 2.11854E-5 1.74286E-5 1.76336E-5 2.11921E-5 2.65253E-5 1.3552E-5 1.9912E-5 2.74381E-5 2.50391E-5 2.60568E-5 2.30096E-5 2.24652E-5 1.39368E-5 1.20423E-5 1.62894E-5 2.01378E-5 2.57489E-5 2.76422E-5 1.15848E-5 9.59943E-6 2.31565E-5 2.13691E-5 2.81891E-5 2.64448E-5 3.12946E-5 2.7189E-5 7.49579E-6
1.74801E-5 1.43263E-5 6.23213E-6 3.18972E-6 1.22659E-6 2.72482E-6 1.37233E-6 1.86325E-6 1.98602E-7 8.94768E-7 1.07772E-6 2.75358E-6 3.69382E-6 2.31608E-6 3.04687E-6 4.26087E-6 8.22218E-6 3.60541E-6 8.82807E-6 1.86933E-5 6.57847E-6 1.61693E-5 8.23438E-6 1.40043E-5 8.02679E-7 9.34737E-6 7.07982E-6 1.64728E-5 1.37871E-5 8.77192E-6 9.96332E-6 8.93337E-6 1.22138E-5 1.89557E-5 2.45937E-5 2.86923E-5 2.75505E-5 2.84636E-5 3.79392E-5 2.14589E-5 2.46496E-5 2.1958E-5 2.01814E-5 2.79744E-5 1.01802E-5 1.83895E-5 2.51856E-5 2.82694E-5 2.62368E-5 1.89651E-5 2.15494E-5 1.29895E-5 2.24595E-5 2.09951E-5 2.6873E-5 2.30008E-5 1.63988E-5 2.00985E-5 2.96624E-5 1.93779E-5 3.53892E-5 2.43833E-5 1.64603E-5 3.8714E-5 3.19218E-5 3.77569E-5
5.68557E-6 6.77651E-6 2.3007E-6 1.0159E-6 2.05148E-6 2.0497E-6 1.86556E-6 5.64186E-7 3.47729E-7 3.50086E-6 2.98753E-6 2.16275E-6 2.515E-6 2.86847E-6 1.39937E-6 4.19821E-6 9.22533E-6 2.27484E-5 2.08946E-5 9.15774E-6 8.01457E-6 1.09477E-5 2.28627E-5 7.05061E-6 7.95991E-6 8.53915E-6 1.70436E-5 1.55599E-5 9.54209E-6 6.00358E-6 1.79941E-5 1.48095E-5 1.67533E-5 2.67381E-5 3.12511E-5 3.01927E-5 2.89697E-5 3.00547E-5 3.4786E-5 2.09878E-5 1.84739E-5 1.97562E-5 1.62965E-5 1.66326E-5 1.50197E-5 3.07014E-5 2.65209E-5 1.49504E-5 1.84629E-5 1.87961E-5 1.58126E-5 1.91176E-5 1.34136E-5 1.99059E-5 1.7847E-5 1.31459E-5 1.9861E-5 2.5068E-5 4.11036E-5 4.06557E-5 4.49596E-5 3.28101E-5 1.95565E-5 3.10633E-5 9.13233E-6 1.59283E-5
2.09237E-6 4.02654E-6 5.77601E-6 1.04978E-6 2.14005E-6 3.54968E-6 7.71506E-7 4.93827E-7 2.49718E-6 2.49101E-6 2.86534E-6 1.8092E-6 2.36364E-6 7.35502E-6 8.07852E-6 1.35759E-5 2.31513E-5 2.53206E-5 2.49706E-5 1.90057E-5 1.13993E-5 1.45913E-5 2.6424E-5 1.38589E-5 5.09918E-6 1.0124E-5 7.23406E-6 1.52627E-5 1.22062E-5 1.85661E-5 2.27812E-5 1.80142E-5 1.1046E-5 4.25805E-6 1.73221E-5 2.61019E-5 2.9499E-5 1.55053E-5 2.51875E-5 3.76315E-5 4.0592E-5 2.85428E-5 1.47605E-5 1.80829E-5 6.61416E-6 6.02761E-6 4.85445E-6 2.28374E-5 1.21209E-5 2.2951E-5 1.38944E-5 1.76927E-5 1.6878E-5 2.49068E-5 1.92035E-5 1.57813E-5 2.01429E-5 2.82291E-5 4.17764E-5 5.18947E-5 2.99907E-5 4.40048E-5 3.54615E-5 2.0458E-5 3.66869E-5 3.00811E-5
2.20149E-6 2.00987E-6 9.82178E-7 2.57743E-6 1.54533E-6 2.96184E-6 1.71643E-6 1.99113E-6 1.65663E-6 8.17211E-7 8.40146E-7 1.59865E-6 3.85579E-6 3.65003E-6 1.09201E-5 2.15271E-5 2.96777E-5 2.73546E-5 2.21957E-5 1.74152E-5 1.44982E-5 2.25874E-5 2.62078E-5 1.7961E-5 8.04012E-6 1.04506E-5 1.47488E-5 1.22033E-5 1.08691E-5 1.77056E-5 6.41693E-6 9.09819E-6 2.41525E-5 4.90404E-6 1.33122E-5 2.03627E-5 9.96422E-6 1.60524E-5 1.4814E-5 3.8155E-5 5.28463E-5 2.93321E-5 1.29064E-5 2.34979E-5 2.01498E-5 1.63576E-5 1.02791E-5 2.08477E-5 1.31388E-5 2.53084E-5 2.18283E-5 2.78923E-5 2.42968E-5 1.3897E-5 1.57374E-5 2.8856E-5 1.28609E-5 2.28944E-5 2.32367E-5 3.02807E-5 4.04031E-5 5.20266E-5 3.62389E-5 3.12326E-5 3.62512E-5 6.8395E-5
2.2102E-6 1.9927E-6 1.41158E-6 1.54096E-6 1.47452E-6 1.49256E-6 7.83896E-7 3.64281E-6 2.62854E-6 1.07217E-6 1.56185E-6 5.0091E-6 8.50334E-6 5.8671E-6 1.60747E-5 1.46991E-5 2.08075E-5 2.65505E-5 2.64847E-5 2.42734E-5 2.36574E-5 1.8229E-5 2.6037E-5 2.33465E-5 1.61941E-5 1.24254E-5 1.51196E-5 1.09163E-5 1.83719E-5 1.67018E-5 3.02383E-6 5.46548E-7 1.48622E-5 6.85747E-6 6.28881E-6 2.45914E-5 5.59304E-6 8.85455E-6 2.77535E-5 3.82271E-5 5.24134E-5 5.10573E-5 3.90327E-5 3.96177E-5 3.97946E-5 2.99193E-5 2.98592E-5 2.23825E-5 1.93521E-5 1.68492E-5 1.80983E-5 2.06526E-5 3.21696E-5 2.59252E-5 1.22885E-5 1.79884E-5 2.01388E-5 2.57771E-5 3.74557E-5 4.33537E-5 4.45807E-5 4.40028E-5 5.41296E-5 4.31865E-5 5.02132E-5 3.79932E-5
2.35296E-6 8.55711E-7 1.19004E-6 1.1643E-6 6.83582E-7 3.80866E-6 4.19426E-6 4.64674E-6 8.69323E-6 6.84512E-7 5.97518E-6 7.96548E-6 1.30522E-5 1.57873E-5 1.86161E-5 1.35655E-5 3.28808E-5 2.39086E-5 3.27006E-5 2.70067E-5 2.15812E-5 2.05134E-5 2.42295E-5 1.54742E-5 1.71498E-5 1.93545E-5 1.51273E-5 9.78988E-6 1.37344E-5 2.61285E-5 1.31204E-5 8.42852E-6 5.19492E-6 2.44794E-5 6.33054E-6 8.36861E-6 7.2713E-6 3.57045E-6 1.20166E-5 1.49199E-5 1.93505E-5 5.46197E-5 4.09924E-5 5.08988E-5 6.01536E-5 5.15208E-5 5.11879E-5 5.18177E-5 5.36937E-5 4.46295E-5 2.30316E-5 2.51042E-5 2.70279E-5 2.05855E-5 2.0148E-5 2.61581E-5 4.58281E-5 4.21986E-5 5.35617E-5 5.95321E-5 4.19401E-5 7.04381E-5 6.93414E-5 3.77248E-5 4.43199E-5 3.08601E-5
4.70421E-6 2.45922E-6 7.22575E-7 1.19821E-6 7.03531E-7 3.40455E-6 5.94715E-6 5.71024E-6 3.56786E-6 3.50085E-6 1.16695E-5 1.14508E-5 1.70563E-5 1.46193E-5 1.24982E-5 2.80118E-5 6.23626E-5 2.3897E-5 2.54317E-5 2.38917E-5 2.21199E-5 2.17109E-5 1.26715E-5 6.71554E-6 9.37623E-6 1.53351E-5 1.60494E-5 1.49492E-5 1.11074E-5 1.77313E-5 6.4154E-6 1.58314E-5 1.63932E-5 6.97415E-6 7.91322E-6 3.81776E-6 1.00707E-6 1.03796E-6 1.47298E-5 2.83084E-5 4.80172E-5 5.73446E-5 6.0094E-5 5.6384E-5 6.73136E-5 6.06511E-5 5.35851E-5 5.2834E-5 5.67562E-5 6.63031E-5 5.67693E-5 3.57537E-5 3.10646E-5 2.78699E-5 3.37266E-5 4.22597E-5 4.94237E-5 3.16178E-5 4.71942E-5 6.29311E-5 4.71029E-5 6.82234E-5 3.46926E-5 2.26855E-5 2.49615E-5 1.1838E-5
1.43286E-5 1.17416E-5 9.36926E-6 1.67855E-6 4.37156E-6 3.30726E-6 3.85302E-6 7.22705E-6 2.65287E-6 7.69003E-6 9.95162E-6 1.36069E-5 2.03079E-5 2.00762E-5 2.12712E-5 2.98335E-5 5.19245E-5 4.25881E-5 3.07587E-5 2.9308E-5 1.91199E-5 2.1669E-5 1.42171E-5 6.50995E-6 9.19743E-6 5.46436E-6 1.05165E-5 2.19702E-5 2.47611E-5 2.89334E-5 2.29163E-5 2.10116E-5 7.63085E-6 5.10598E-6 2.09962E-6 2.91643E-6 5.88372E-6 3.87525E-6 1.50189E-5 2.60059E-5 4.10264E-5 2.30619E-5 6.08042E-5 6.04784E-5 6.02423E-5 6.74726E-5 5.71596E-5 5.74364E-5 5.79142E-5 6.46585E-5 6.01528E-5 6.22881E-5 6.07213E-5 2.70739E-5 3.98935E-5 3.86469E-5 2.67767E-5 4.52072E-5 4.47029E-5 5.91033E-5 2.93479E-5 6.74901E-5 5.91679E-5 6.13893E-5 3.83869E-5 4.67621E-5
1.0395E-5 2.27953E-5 1.59564E-5 6.86442E-6 6.32382E-6 4.91271E-6 9.67917E-6 1.06985E-5 1.25597E-5 1.43843E-5 1.43413E-5 1.15786E-5 1.92116E-5 3.96779E-5 4.81734E-5 2.76846E-5 3.82203E-5 1.64149E-5 3.80494E-5 3.25298E-5 2.53704E-5 2.23877E-5 2.11843E-5 6.22071E-6 8.29247E-6 8.66317E-6 1.36632E-5 1.93224E-5 3.20991E-5 2.27421E-5 1.552E-5 1.60319E-5 1.08768E-5 6.92404E-6 1.24995E-5 7.30994E-6 1.85218E-5 2.82358E-5 3.18794E-5 1.56951E-5 2.27012E-5 4.70143E-5 5.64774E-5 5.76366E-5 5.75392E-5 5.79098E-5 5.53471E-5 5.5921E-5 5.19446E-5 5.55356E-5 5.87676E-5 6.76939E-5 6.46457E-5 6.37424E-5 5.2919E-5 5.65127E-5 5.52255E-5 2.40603E-5 2.53341E-5 2.71284E-5 3.62132E-5 7.53985E-5 4.77774E-5 4.81589E-5 5.13005E-5 3.92281E-5
7.25437E-6 2.42103E-5 1.09414E-5 1.61379E-5 9.7308E-6 9.23997E-6 1.24357E-5 2.60436E-5 1.46199E-5 8.96132E-6 7.14305E-6 4.10391E-6 5.74739E-6 2.7414E-5 4.05413E-5 2.88558E-5 4.57017E-5 2.74626E-5 3.20402E-5 1.43619E-5 1.25819E-5 2.8013E-5 2.43204E-5 2.80791E-5 8.46437E-6 8.14651E-6 1.92898E-5 2.2173E-5 2.00188E-5 1.32107E-5 2.89878E-5 1.9934E-6 4.67039E-6 1.12883E-5 1.06894E-5 1.22882E-5 2.28415E-5 3.32182E-5 2.458E-5 3.24821E-5 3.03736E-5 5.44345E-5 5.36061E-5 4.42378E-5 5.18535E-5 5.04836E-5 4.84883E-5 4.96913E-5 4.91971E-5 6.14695E-5 5.24989E-5 5.3596E-5 6.47085E-5 6.98439E-5 6.01512E-5 6.69525E-5 5.29615E-5 6.37263E-5 3.37796E-5 3.18779E-5 1.88211E-5 4.48794E-5 4.57039E-5 3.98116E-5 5.47589E-5 2.736E-5
1.48775E-5 1.99466E-5 1.46694E-5 2.09605E-5 1.66463E-5 1.7754E-5 1.93593E-5 2.04407E-5 9.72911E-6 1.03448E-5 6.05424E-6 8.7692E-6 1.5008E-5 2.41185E-5 1.41105E-5 4.3327E-5 3.9662E-5 9.02189E-6 2.6566E-5 2.03156E-5 4.40183E-5 2.42103E-5 2.98508E-5 1.75389E-5 1.29326E-5 1.2448E-5 1.61842E-5 1.53661E-5 7.20094E-6 5.54326E-6 5.20156E-6 9.34622E-6 1.95387E-5 1.7866E-5 3.19559E-5 1.77033E-5 1.76458E-5 8.37014E-6 1.1022E-5 4.36311E-5 5.47837E-5 5.10911E-5 4.01689E-5 3.48255E-5 2.35314E-5 2.69816E-5 3.75374E-5 2.82698E-5 4.6058E-5 3.17411E-5 5.10144E-5 4.1069E-5 4.69328E-5 7.84905E-5 7.3018E-5 3.73093E-5 4.79399E-5 4.8798E-5 -9999 6.67719E-5 3.64355E-5 6.14859E-5 4.27339E-5 3.27324E-5 1.99833E-5 2.6175E-5
