catData/rasterBestHybridModels/Pviverrinus/RD_BM01_RM1.5_L/Pviverrinus_max.asc
ncols         409
nrows         350
xllcorner     60.897278365
yllcorner     5.843756025
cellsize      0.0892857
NODATA_value  -9999
[rows 116 to 144 of 350, columns 66 to 131 of 409]
4.80271E-6 5.49574E-6 9.53712E-6 6.73359E-6 1.1357E-5 2.58976E-5 3.98177E-5 4.21578E-5 4.62671E-5 6.00746E-5 6.92019E-5 6.96285E-5 7.47728E-5 9.83818E-5 1.1436E-4 1.14467E-4 1.13536E-4 7.37996E-5 4.60097E-5 4.1921E-5 4.13035E-5 4.14038E-5 4.67176E-5 5.93947E-5 5.04539E-5 4.863E-5 4.77752E-5 4.70512E-5 4.61433E-5 4.57255E-5 4.76486E-5 4.93404E-5 5.02777E-5 5.00407E-5 4.89894E-5 4.81629E-5 4.65315E-5 4.85208E-5 4.94431E-5 4.79069E-5 4.48054E-5 4.29084E-5 4.18541E-5 4.0359E-5 3.68412E-5 3.48952E-5 3.63509E-5 3.63557E-5 3.86446E-5 4.00873E-5 3.86231E-5 3.83212E-5 3.63846E-5 3.7465E-5 3.89942E-5 4.1071E-5 4.22363E-5 4.28479E-5 4.38335E-5 4.43781E-5 4.3251E-5 4.10162E-5 4.01703E-5 4.04026E-5 3.96425E-5 3.909E-5
7.35972E-6 5.72142E-6 9.0589E-6 1.10807E-5 1.38484E-5 2.54781E-5 4.16279E-5 4.54029E-5 5.21683E-5 5.82038E-5 7.01377E-5 6.6593E-5 7.33833E-5 9.98716E-5 1.12886E-4 1.16384E-4 1.13015E-4 9.23149E-5 5.0641E-5 4.31984E-5 4.29299E-5 4.42458E-5 5.344E-5 5.92178E-5 5.31861E-5 5.18637E-5 5.11008E-5 5.02042E-5 5.01093E-5 5.05953E-5 5.07805E-5 5.19702E-5 5.29786E-5 5.25499E-5 5.19592E-5 5.07916E-5 4.8369E-5 5.05058E-5 5.15652E-5 5.03256E-5 4.81349E-5 4.52714E-5 4.27428E-5 4.10322E-5 3.85869E-5 3.63096E-5 3.66845E-5 3.81116E-5 3.89352E-5 3.97435E-5 3.87571E-5 3.97165E-5 3.87586E-5 3.8657E-5 4.02006E-5 4.17795E-5 4.44261E-5 4.61863E-5 4.54962E-5 4.47061E-5 4.36949E-5 4.20242E-5 4.10877E-5 3.97102E-5 3.97898E-5 4.20796E-5
8.03908E-6 9.69862E-6 9.59761E-6 1.45659E-5 1.17311E-5 2.11141E-5 4.11231E-5 4.55415E-5 5.29523E-5 7.05301E-5 6.50683E-5 6.61187E-5 6.3375E-5 8.49025E-5 1.07567E-4 1.1556E-4 1.172E-4 1.18488E-4 8.31352E-5 5.57101E-5 4.97915E-5 4.93273E-5 6.16114E-5 6.18319E-5 6.42101E-5 5.57151E-5 5.44351E-5 5.35982E-5 5.47552E-5 5.57754E-5 5.62233E-5 5.70007E-5 5.69304E-5 5.51926E-5 5.45482E-5 5.29193E-5 5.18772E-5 5.61316E-5 5.59105E-5 5.36902E-5 5.1434E-5 4.83861E-5 4.5868E-5 4.30593E-5 4.13138E-5 4.06626E-5 3.99357E-5 3.99512E-5 4.04719E-5 4.03378E-5 3.97919E-5 4.03435E-5 3.96739E-5 4.16149E-5 4.34425E-5 4.43813E-5 4.6282E-5 4.86866E-5 4.72711E-5 4.49101E-5 4.39998E-5 4.30299E-5 4.24334E-5 3.98054E-5 4.0426E-5 4.34374E-5
7.1512E-6 1.29798E-5 1.2485E-5 1.7212E-5 1.37507E-5 2.11921E-5 3.89791E-5 3.84013E-5 5.45503E-5 8.69956E-5 8.29236E-5 6.34207E-5 6.2966E-5 7.21027E-5 9.89849E-5 1.12881E-4 1.20043E-4 1.26008E-4 1.23192E-4 9.19777E-5 6.69096E-5 6.34373E-5 7.5841E-5 9.10082E-5 7.40431E-5 6.23324E-5 5.93917E-5 5.81821E-5 5.84657E-5 5.9815E-5 6.14425E-5 6.23099E-5 6.1711E-5 5.93793E-5 5.71688E-5 5.54032E-5 5.68419E-5 6.05156E-5 6.00787E-5 5.71467E-5 5.4394E-5 5.14884E-5 4.85988E-5 4.61181E-5 4.51078E-5 4.50007E-5 4.30784E-5 4.20797E-5 4.12274E-5 4.13573E-5 4.12125E-5 4.11758E-5 4.22376E-5 4.3868E-5 4.62885E-5 4.68406E-5 4.78674E-5 4.93313E-5 4.82903E-5 4.64463E-5 4.54069E-5 4.44043E-5 4.34512E-5 4.21536E-5 4.50184E-5 4.64528E-5
7.45741E-6 1.15213E-5 1.77951E-5 2.09705E-5 2.23213E-5 2.13916E-5 3.46189E-5 2.12535E-5 4.74725E-5 5.7322E-5 6.88329E-5 5.18971E-5 5.49804E-5 7.38344E-5 1.00355E-4 1.20845E-4 1.23739E-4 1.24384E-4 1.22008E-4 1.24095E-4 1.01739E-4 9.0604E-5 7.42343E-5 8.12348E-5 8.79511E-5 7.59028E-5 6.74453E-5 6.4461E-5 6.36454E-5 6.35065E-5 6.46289E-5 6.54897E-5 6.53683E-5 6.5343E-5 6.2124E-5 5.84609E-5 6.09925E-5 6.39008E-5 6.29852E-5 6.01758E-5 5.70408E-5 5.36454E-5 5.15059E-5 5.00312E-5 4.87201E-5 4.74262E-5 4.58846E-5 4.37447E-5 4.14464E-5 4.17653E-5 4.32661E-5 4.36167E-5 4.45642E-5 4.61261E-5 4.91382E-5 4.78851E-5 4.86039E-5 4.95873E-5 4.91538E-5 4.8371E-5 4.78632E-5 4.734E-5 4.63971E-5 4.72698E-5 5.00644E-5 5.22975E-5
1.04058E-5 1.15717E-5 1.3624E-5 2.41821E-5 2.97104E-5 2.25466E-5 2.76629E-5 2.28443E-5 4.1884E-5 2.56936E-5 4.78631E-5 4.22888E-5 4.30844E-5 7.03135E-5 9.53325E-5 1.27373E-4 1.31949E-4 1.23558E-4 1.18662E-4 1.3138E-4 1.3533E-4 1.21379E-4 1.00305E-4 1.05138E-4 8.40127E-5 9.48259E-5 8.51136E-5 7.53479E-5 7.07255E-5 6.8236E-5 6.75431E-5 6.83105E-5 6.84349E-5 6.94073E-5 6.74125E-5 6.38773E-5 6.38384E-5 6.75913E-5 6.54791E-5 6.30698E-5 5.99406E-5 5.68301E-5 5.50963E-5 5.37089E-5 5.11912E-5 4.81825E-5 4.56513E-5 4.39272E-5 4.32199E-5 4.44413E-5 4.70619E-5 4.80212E-5 4.72603E-5 4.76448E-5 4.90463E-5 4.90647E-5 4.94127E-5 5.09225E-5 5.12124E-5 5.08164E-5 5.1138E-5 5.18161E-5 5.29006E-5 5.47997E-5 5.5883E-5 5.67561E-5
1.54294E-5 1.68015E-5 1.64858E-5 2.15693E-5 2.89811E-5 2.83102E-5 2.36304E-5 2.22712E-5 3.98266E-5 1.35558E-5 4.26288E-5 4.07965E-5 3.90323E-5 5.64019E-5 7.38435E-5 1.1365E-4 1.3546E-4 1.41713E-4 1.36093E-4 1.38974E-4 1.3703E-4 1.43143E-4 1.26425E-4 1.1189E-4 1.25418E-4 1.12139E-4 1.05347E-4 9.4719E-5 8.06493E-5 7.43824E-5 7.25998E-5 7.2284E-5 7.14098E-5 7.07049E-5 7.25064E-5 6.98453E-5 6.75603E-5 6.97117E-5 6.80972E-5 6.65744E-5 6.29812E-5 5.96339E-5 5.76377E-5 5.59339E-5 5.26329E-5 4.86288E-5 4.55201E-5 4.31133E-5 4.42389E-5 4.80065E-5 4.98763E-5 5.00277E-5 4.81647E-5 4.82387E-5 5.02491E-5 5.02639E-5 5.10647E-5 5.30142E-5 5.3606E-5 5.38132E-5 5.54898E-5 5.7308E-5 6.03406E-5 5.90894E-5 5.85362E-5 5.78113E-5
1.91817E-5 2.31635E-5 2.86088E-5 1.93265E-5 1.62873E-5 3.10518E-5 2.5468E-5 1.75985E-5 3.33442E-5 1.64524E-5 3.51338E-5 4.03115E-5 4.02223E-5 5.84597E-5 6.40214E-5 8.82387E-5 1.22554E-4 1.47668E-4 1.51927E-4 1.53276E-4 1.43759E-4 1.54517E-4 1.49882E-4 1.4991E-4 1.22436E-4 1.42787E-4 1.29356E-4 1.13662E-4 9.40111E-5 8.22411E-5 7.84379E-5 7.71026E-5 7.51879E-5 7.31958E-5 7.46603E-5 7.31242E-5 7.18302E-5 7.18857E-5 7.07748E-5 6.89657E-5 6.47519E-5 6.04376E-5 5.87138E-5 5.70715E-5 5.36704E-5 5.01557E-5 4.70974E-5 4.50625E-5 4.54655E-5 4.94041E-5 5.1291E-5 5.20028E-5 5.09485E-5 5.0388E-5 5.21586E-5 5.28984E-5 5.38907E-5 5.55874E-5 5.68732E-5 5.83207E-5 6.1043E-5 6.15807E-5 6.33051E-5 6.20922E-5 5.98753E-5 5.82286E-5
2.68716E-5 2.5585E-5 3.7339E-5 3.57815E-5 2.67657E-5 3.95799E-5 2.39115E-5 2.81818E-5 2.40597E-5 2.57302E-5 3.15013E-5 3.54974E-5 4.24501E-5 6.08254E-5 6.67899E-5 7.57472E-5 7.6012E-5 1.45754E-4 1.38194E-4 1.64848E-4 1.52981E-4 1.66024E-4 1.69706E-4 1.58118E-4 1.2106E-4 1.05708E-4 1.12605E-4 1.22865E-4 1.20063E-4 9.52353E-5 8.64179E-5 8.29652E-5 8.01509E-5 7.73916E-5 7.6301E-5 7.68427E-5 7.57396E-5 7.53129E-5 7.39275E-5 7.17963E-5 6.80101E-5 6.31594E-5 6.0462E-5 5.85678E-5 5.5765E-5 5.23988E-5 4.98637E-5 4.81688E-5 4.64447E-5 4.81702E-5 5.1972E-5 5.31341E-5 5.26472E-5 5.41322E-5 5.63825E-5 5.51982E-5 5.56398E-5 5.90514E-5 6.28725E-5 6.64238E-5 6.91169E-5 6.76537E-5 6.57149E-5 6.35048E-5 6.00608E-5 5.60475E-5
4.80581E-5 2.95736E-5 3.72531E-5 4.15384E-5 4.08121E-5 4.38906E-5 3.51633E-5 3.3484E-5 3.3063E-5 2.57761E-5 3.94474E-5 3.66577E-5 4.73563E-5 6.44122E-5 7.32188E-5 7.50924E-5 8.73977E-5 1.44196E-4 1.68394E-4 1.87166E-4 1.79085E-4 1.77219E-4 1.55267E-4 1.3979E-4 1.02824E-4 1.03334E-4 1.26297E-4 1.09361E-4 1.45914E-4 1.17413E-4 9.84114E-5 8.96119E-5 8.53287E-5 8.26646E-5 7.92766E-5 7.85495E-5 7.99084E-5 8.10904E-5 7.78561E-5 7.36001E-5 6.89641E-5 6.51007E-5 6.22644E-5 6.02027E-5 5.66143E-5 5.40035E-5 5.22524E-5 5.08206E-5 4.57956E-5 4.35577E-5 4.94343E-5 5.35966E-5 5.59317E-5 5.7702E-5 5.76634E-5 5.71502E-5 5.94385E-5 6.40061E-5 6.89149E-5 7.17783E-5 7.15183E-5 6.95215E-5 6.66317E-5 6.35733E-5 6.059E-5 5.78486E-5
6.45687E-5 4.14367E-5 3.63475E-5 2.98892E-5 4.42837E-5 4.19202E-5 4.27654E-5 3.54997E-5 3.56486E-5 2.58715E-5 4.56949E-5 4.07296E-5 4.9608E-5 6.65415E-5 6.90038E-5 7.46704E-5 7.45287E-5 1.28151E-4 1.58263E-4 1.9237E-4 1.62514E-4 1.56851E-4 1.67435E-4 1.44544E-4 1.03668E-4 1.37346E-4 1.2695E-4 1.34981E-4 9.87434E-5 1.48063E-4 1.12377E-4 9.80945E-5 9.10423E-5 8.72263E-5 8.26122E-5 8.38811E-5 8.53362E-5 8.41902E-5 8.19839E-5 7.75049E-5 7.26161E-5 6.86102E-5 6.41989E-5 6.12111E-5 5.83481E-5 5.51332E-5 5.22347E-5 4.9525E-5 4.74815E-5 4.58712E-5 4.51792E-5 5.07504E-5 5.75046E-5 5.71203E-5 5.7171E-5 5.82074E-5 6.18885E-5 6.82804E-5 7.01312E-5 6.53035E-5 6.67085E-5 5.60038E-5 7.17943E-5 6.72868E-5 6.29276E-5 6.14575E-5
8.76614E-5 6.49769E-5 3.96352E-5 4.23419E-5 5.27993E-5 4.35413E-5 3.71093E-5 2.90426E-5 3.62757E-5 4.65693E-5 5.55603E-5 5.50127E-5 5.41338E-5 6.74755E-5 6.08985E-5 6.11771E-5 8.66336E-5 7.39794E-5 6.5586E-5 1.82479E-4 1.81004E-4 1.61037E-4 1.6575E-4 1.29206E-4 1.12658E-4 1.10888E-4 1.2228E-4 1.19333E-4 1.13435E-4 1.46006E-4 1.02931E-4 1.06128E-4 9.65934E-5 9.38191E-5 9.07769E-5 9.32476E-5 8.96238E-5 8.65446E-5 8.34366E-5 7.93494E-5 7.51744E-5 7.09167E-5 6.69589E-5 6.21667E-5 5.93351E-5 5.5901E-5 5.23208E-5 4.84648E-5 4.76241E-5 4.27122E-5 4.96882E-5 5.18961E-5 5.8614E-5 5.84341E-5 5.9386E-5 6.08995E-5 6.36735E-5 6.93739E-5 7.0309E-5 6.87169E-5 7.16467E-5 6.43056E-5 4.64285E-5 5.38562E-5 5.53556E-5 5.88069E-5
1.1028E-4 9.65593E-5 6.22381E-5 5.33459E-5 4.46761E-5 6.8827E-5 5.13818E-5 2.98619E-5 4.37316E-5 5.13098E-5 5.05283E-5 5.15004E-5 6.38567E-5 7.8836E-5 7.52018E-5 7.09268E-5 8.86215E-5 1.3458E-4 1.65101E-4 1.83438E-4 1.73542E-4 1.91867E-4 1.28092E-4 9.82031E-5 1.13319E-4 1.12829E-4 1.2448E-4 9.01967E-5 1.2202E-4 1.39084E-4 8.77799E-5 1.20425E-4 1.09819E-4 1.06834E-4 1.01529E-4 9.94014E-5 9.15893E-5 8.81581E-5 8.41453E-5 8.02046E-5 7.56276E-5 7.11725E-5 6.70523E-5 6.24321E-5 5.92623E-5 5.63502E-5 5.31711E-5 5.03653E-5 4.47242E-5 4.14664E-5 5.46662E-5 5.76567E-5 5.87228E-5 6.00056E-5 6.08243E-5 6.16192E-5 6.35517E-5 6.9484E-5 7.16172E-5 7.1319E-5 6.95368E-5 5.21711E-5 5.13086E-5 3.36367E-5 5.50104E-5 5.59746E-5
1.27684E-4 1.08258E-4 7.54406E-5 4.32851E-5 6.4369E-5 7.58224E-5 6.11499E-5 3.76017E-5 4.23527E-5 5.28284E-5 5.57283E-5 5.68978E-5 7.61305E-5 8.78297E-5 8.23618E-5 8.20091E-5 1.01705E-4 1.25614E-4 1.91913E-4 1.6951E-4 1.92313E-4 1.89512E-4 1.81985E-4 1.55044E-4 1.3047E-4 1.144E-4 7.46753E-5 6.7807E-5 1.32001E-4 1.28244E-4 1.58372E-4 1.14188E-4 8.01639E-5 9.69796E-5 1.12969E-4 1.01842E-4 9.41881E-5 8.98982E-5 8.54254E-5 8.06389E-5 7.67838E-5 7.31232E-5 6.82808E-5 6.35695E-5 6.00087E-5 5.73083E-5 5.49017E-5 5.36662E-5 5.5965E-5 5.03088E-5 5.61422E-5 5.96609E-5 6.20083E-5 6.46406E-5 6.63311E-5 6.74508E-5 7.05062E-5 7.38814E-5 7.36815E-5 7.16188E-5 6.89413E-5 4.68991E-5 2.783E-5 4.33205E-5 6.00123E-5 5.60705E-5
1.56212E-4 1.19481E-4 9.13336E-5 9.38958E-5 1.06037E-4 7.79975E-5 6.2959E-5 4.74631E-5 4.6666E-5 5.79773E-5 6.45115E-5 7.36237E-5 8.59988E-5 9.24173E-5 9.65936E-5 9.71417E-5 1.02391E-4 1.28842E-4 1.39668E-4 1.6452E-4 1.89851E-4 1.84535E-4 1.96816E-4 1.64938E-4 1.42397E-4 1.36334E-4 1.1645E-4 9.0798E-5 1.38882E-4 1.59815E-4 1.49098E-4 1.09903E-4 1.19303E-4 9.88503E-5 1.13314E-4 1.02916E-4 9.73798E-5 9.27245E-5 8.78706E-5 8.25334E-5 7.87098E-5 7.36395E-5 6.88418E-5 6.48409E-5 6.19909E-5 5.89123E-5 5.38644E-5 5.16218E-5 5.57671E-5 5.64137E-5 6.03667E-5 6.33303E-5 6.70495E-5 7.38828E-5 7.25229E-5 7.39491E-5 7.65113E-5 7.82002E-5 7.86788E-5 7.53656E-5 6.83731E-5 5.04004E-5 2.87171E-5 7.07428E-5 4.37995E-5 4.16136E-5
1.70473E-4 1.22252E-4 1.20167E-4 1.38961E-4 1.27937E-4 7.09428E-5 6.35704E-5 5.84603E-5 5.99528E-5 6.54821E-5 7.26523E-5 8.17572E-5 8.51653E-5 9.93203E-5 1.05964E-4 1.08309E-4 1.10697E-4 1.17047E-4 1.59088E-4 1.92408E-4 2.06277E-4 1.94224E-4 1.45268E-4 1.50823E-4 1.59149E-4 1.418E-4 9.69005E-5 9.41228E-5 6.35344E-5 1.06465E-4 3.89928E-5 1.12532E-4 1.08066E-4 1.16071E-4 1.13355E-4 1.04262E-4 9.72102E-5 9.28819E-5 8.77772E-5 8.45201E-5 8.03187E-5 7.43048E-5 6.93282E-5 6.58951E-5 6.29981E-5 6.08138E-5 5.90654E-5 5.92559E-5 6.04707E-5 6.14212E-5 6.438E-5 6.83343E-5 8.44975E-5 7.7431E-5 7.72525E-5 8.13938E-5 8.2467E-5 8.13969E-5 8.38994E-5 8.20083E-5 7.82877E-5 7.07898E-5 7.54849E-5 6.08682E-5 4.20263E-5 4.64453E-5
1.92652E-4 1.46138E-4 1.46893E-4 1.69961E-4 1.20766E-4 8.28478E-5 7.07714E-5 7.25926E-5 7.06457E-5 7.18037E-5 7.68964E-5 8.3238E-5 8.83265E-5 1.06386E-4 1.11299E-4 1.15139E-4 1.08906E-4 1.39666E-4 1.86081E-4 2.08957E-4 2.0916E-4 1.449E-4 1.4258E-4 1.74872E-4 1.3518E-4 1.46149E-4 1.47251E-4 1.26304E-4 9.97391E-5 1.06453E-4 1.30563E-4 1.16764E-4 1.01827E-4 1.28327E-4 1.12082E-4 1.01905E-4 9.60728E-5 9.293E-5 8.78193E-5 8.34943E-5 7.88922E-5 7.4588E-5 7.11105E-5 6.84573E-5 6.59228E-5 6.42052E-5 6.35216E-5 6.46448E-5 6.56573E-5 6.68248E-5 6.97632E-5 7.55295E-5 7.7899E-5 7.84013E-5 8.27923E-5 8.72722E-5 8.51846E-5 8.43702E-5 8.6492E-5 8.5648E-5 6.00368E-5 6.49816E-5 4.01601E-5 6.39049E-5 4.79349E-5 4.44448E-5
2.06415E-4 1.80291E-4 1.86735E-4 1.62922E-4 1.31882E-4 1.03558E-4 9.31076E-5 9.0938E-5 8.58034E-5 8.18104E-5 8.63203E-5 9.74729E-5 1.06664E-4 1.17218E-4 1.16991E-4 1.20144E-4 1.20122E-4 1.2201E-4 1.67722E-4 1.72575E-4 2.0531E-4 1.63995E-4 1.60902E-4 1.80382E-4 8.1065E-5 1.15762E-4 1.25898E-4 1.22634E-4 1.26725E-4 1.51692E-4 1.53517E-4 1.57639E-4 5.37671E-5 1.22927E-4 1.08521E-4 1.01508E-4 9.62934E-5 9.25322E-5 8.78789E-5 8.40006E-5 7.96797E-5 7.5492E-5 7.25362E-5 7.08629E-5 6.83343E-5 6.76285E-5 6.87846E-5 7.06786E-5 7.40149E-5 7.77093E-5 8.06288E-5 7.67617E-5 8.38948E-5 8.26152E-5 8.94532E-5 8.82381E-5 8.82947E-5 8.49412E-5 8.63588E-5 6.37386E-5 7.5088E-5 4.54397E-5 6.29322E-5 4.40924E-5 5.335E-5 3.84888E-5
2.3647E-4 2.54658E-4 2.44839E-4 1.83826E-4 1.78936E-4 1.4936E-4 1.33358E-4 1.1596E-4 1.03791E-4 8.93126E-5 1.01599E-4 1.14984E-4 1.23831E-4 1.37234E-4 1.41485E-4 1.47778E-4 1.54251E-4 1.88808E-4 2.15924E-4 2.28038E-4 2.32875E-4 1.99076E-4 1.95318E-4 1.22712E-4 1.61049E-4 9.83825E-5 1.60579E-4 1.18244E-4 1.51823E-4 1.51348E-4 1.60803E-4 1.39651E-4 1.21561E-4 1.17305E-4 1.06936E-4 1.01623E-4 9.67727E-5 9.29402E-5 8.87142E-5 8.4483E-5 8.11656E-5 7.74582E-5 7.46006E-5 7.24178E-5 7.1246E-5 7.08421E-5 7.30941E-5 7.45621E-5 7.76734E-5 8.10692E-5 7.91872E-5 8.17905E-5 8.57987E-5 9.40462E-5 8.84007E-5 8.85777E-5 8.79393E-5 8.46074E-5 8.0708E-5 6.54531E-5 6.89421E-5 4.69203E-5 5.47211E-5 5.2082E-5 5.01449E-5 2.44176E-5
2.86568E-4 2.85835E-4 2.77056E-4 2.33312E-4 2.09938E-4 1.87149E-4 1.79082E-4 1.44148E-4 1.23684E-4 1.19482E-4 1.2962E-4 1.37652E-4 1.49201E-4 1.78363E-4 2.14526E-4 1.78227E-4 1.59397E-4 1.80307E-4 2.54723E-4 2.5923E-4 2.33948E-4 1.46002E-4 1.82994E-4 8.93204E-5 1.31586E-4 3.36586E-5 4.9294E-5 1.71575E-4 1.60749E-4 1.59862E-4 1.38436E-4 1.20846E-4 1.28235E-4 1.11094E-4 1.04969E-4 1.00773E-4 9.75224E-5 9.38506E-5 8.93756E-5 8.63001E-5 8.317E-5 7.98116E-5 7.75812E-5 7.57794E-5 7.47927E-5 7.41682E-5 7.58653E-5 7.88008E-5 8.28616E-5 8.51222E-5 8.52684E-5 9.23474E-5 9.19364E-5 9.29151E-5 9.31729E-5 8.84682E-5 9.08198E-5 8.46737E-5 8.07644E-5 7.22296E-5 4.62944E-5 4.05391E-5 1.97156E-5 3.51945E-5 4.4595E-5 2.58756E-5
3.30958E-4 3.19137E-4 6.46021E-4 6.06418E-4 3.50947E-4 2.39291E-4 2.111E-4 1.92692E-4 1.73331E-4 1.72109E-4 1.65956E-4 1.74859E-4 1.7971E-4 1.96232E-4 2.30332E-4 2.42532E-4 2.57661E-4 1.84067E-4 1.87482E-4 2.44997E-4 2.34317E-4 2.22561E-4 2.22536E-4 2.4028E-4 2.14481E-4 9.53398E-5 1.15176E-4 1.526E-4 1.56758E-4 1.59132E-4 1.27977E-4 1.39374E-4 1.22581E-4 1.1111E-4 1.06328E-4 1.02039E-4 9.91764E-5 9.576E-5 9.07075E-5 8.7674E-5 8.55876E-5 8.20238E-5 8.04376E-5 8.01549E-5 7.94802E-5 7.85466E-5 7.83664E-5 8.18239E-5 8.77859E-5 9.24506E-5 9.17118E-5 9.78855E-5 9.59194E-5 9.11951E-5 8.89146E-5 8.81367E-5 9.57766E-5 7.5779E-5 6.62897E-5 5.80418E-5 5.45871E-5 2.8719E-5 8.8496E-6 2.21218E-5 4.04514E-5 3.8715E-5
-9999 -9999 -9999 7.24113E-4 -9999 3.78107E-4 3.15907E-4 3.0804E-4 2.50225E-4 2.25312E-4 2.26445E-4 2.74554E-4 2.62457E-4 2.6717E-4 2.64938E-4 2.76781E-4 2.83912E-4 2.03005E-4 2.43548E-4 2.6218E-4 2.46728E-4 2.04929E-4 2.42092E-4 2.59956E-4 2.18155E-4 1.82315E-4 1.78145E-4 1.34664E-4 1.48863E-4 1.43621E-4 1.54658E-4 1.59006E-4 1.21791E-4 1.14017E-4 1.08638E-4 1.06134E-4 1.03676E-4 9.94084E-5 9.36746E-5 9.05669E-5 8.85724E-5 8.4994E-5 8.515E-5 8.56889E-5 8.24735E-5 8.2456E-5 8.30166E-5 8.72847E-5 9.1546E-5 9.50326E-5 9.51521E-5 9.09018E-5 8.9652E-5 9.21219E-5 8.89468E-5 8.14803E-5 7.67786E-5 6.0987E-5 4.59718E-5 3.95594E-5 2.26843E-5 1.12519E-5 1.23803E-5 2.31562E-5 3.77099E-5 3.58756E-5
-9999 -9999 -9999 -9999 -9999 5.90553E-4 5.49996E-4 4.91338E-4 3.73706E-4 3.52249E-4 3.34503E-4 3.42985E-4 3.23966E-4 2.88862E-4 3.08441E-4 3.20475E-4 3.06212E-4 2.58937E-4 2.6809E-4 2.67969E-4 2.08009E-4 2.26505E-4 1.71586E-4 1.51038E-4 1.76073E-4 2.21225E-4 2.00798E-4 8.62703E-5 1.04635E-4 1.51454E-4 1.38384E-4 1.31374E-4 1.22646E-4 1.18288E-4 1.14187E-4 1.09038E-4 1.06563E-4 1.01844E-4 9.80709E-5 9.50179E-5 9.32474E-5 9.07405E-5 9.05723E-5 9.11973E-5 9.01145E-5 8.96452E-5 9.05784E-5 8.99324E-5 9.93831E-5 1.01657E-4 9.76019E-5 9.13625E-5 9.34691E-5 9.4535E-5 9.23506E-5 8.89128E-5 8.97513E-5 8.27883E-5 2.29661E-5 2.24439E-5 1.56145E-5 7.35993E-6 1.85595E-5 1.02944E-5 3.85916E-5 1.49786E-5
-9999 -9999 -9999 -9999 -9999 6.13479E-4 -9999 4.74633E-4 4.45025E-4 4.22701E-4 3.91645E-4 3.36765E-4 3.54872E-4 3.04663E-4 3.2779E-4 3.42658E-4 3.20589E-4 2.03526E-4 2.55213E-4 2.61036E-4 1.19774E-4 1.1842E-4 1.52065E-4 2.43795E-4 1.84999E-4 2.49708E-4 1.55912E-4 8.55874E-5 1.59838E-4 1.48419E-4 1.41406E-4 1.35098E-4 1.27972E-4 1.23017E-4 1.1676E-4 1.12536E-4 1.08627E-4 1.05699E-4 1.018E-4 9.99454E-5 1.00467E-4 1.00101E-4 9.89173E-5 9.87417E-5 9.88047E-5 9.85612E-5 9.97986E-5 1.10773E-4 -9999 1.09205E-4 1.03241E-4 9.89238E-5 9.54954E-5 9.28093E-5 8.95701E-5 9.17755E-5 9.25539E-5 1.07349E-4 8.81049E-5 7.36042E-5 2.72983E-5 1.98827E-5 1.5969E-5 2.61134E-5 1.58921E-5 1.09126E-5
-9999 -9999 -9999 -9999 -9999 5.67655E-4 5.78525E-4 4.23077E-4 4.15345E-4 4.39472E-4 3.83357E-4 4.07511E-4 3.70973E-4 3.20921E-4 3.38421E-4 3.28631E-4 3.05152E-4 2.5925E-4 2.97775E-4 2.84064E-4 2.18324E-4 8.32227E-5 2.37987E-4 1.78152E-4 2.02331E-4 1.73097E-4 1.38671E-4 1.35845E-4 1.62302E-4 1.54135E-4 1.46711E-4 1.40396E-4 1.32518E-4 1.26476E-4 1.2071E-4 1.17116E-4 1.12442E-4 1.09543E-4 1.07884E-4 1.06451E-4 1.07849E-4 1.09113E-4 1.09362E-4 1.08909E-4 1.07417E-4 1.0888E-4 1.08787E-4 -9999 -9999 -9999 1.04758E-4 9.97193E-5 9.37162E-5 8.61296E-5 8.48051E-5 7.71565E-5 9.74114E-5 1.07607E-4 9.24458E-5 8.01496E-5 7.28521E-5 6.47425E-5 5.32751E-5 1.38042E-5 9.9641E-6 1.3811E-5
-9999 -9999 -9999 -9999 -9999 -9999 -9999 5.20136E-4 5.12129E-4 4.51414E-4 3.73854E-4 3.90679E-4 3.1332E-4 3.59552E-4 3.44768E-4 3.26538E-4 3.23099E-4 2.86336E-4 2.51082E-4 2.81415E-4 2.15255E-4 1.51393E-4 1.40074E-4 8.74428E-5 2.26312E-4 1.33276E-4 1.85315E-4 1.77589E-4 1.68984E-4 1.60446E-4 1.52757E-4 1.44373E-4 1.37636E-4 1.29842E-4 1.2636E-4 1.23523E-4 1.22479E-4 1.16683E-4 1.14108E-4 1.16261E-4 1.17365E-4 1.17956E-4 1.17635E-4 1.17496E-4 1.1172E-4 1.08069E-4 1.09236E-4 1.19567E-4 1.33509E-4 1.36089E-4 1.18099E-4 1.04904E-4 9.56871E-5 8.12195E-5 9.72992E-5 9.69514E-5 9.73517E-5 9.37798E-5 8.65569E-5 7.7449E-5 6.83708E-5 3.52812E-5 3.84286E-5 3.60712E-5 2.8144E-5 3.46073E-5
-9999 -9999 -9999 -9999 -9999 -9999 5.97795E-4 6.35818E-4 5.06127E-4 4.54589E-4 4.39011E-4 3.40722E-4 3.47212E-4 3.77874E-4 3.49195E-4 3.2181E-4 3.12894E-4 2.40167E-4 2.1855E-4 2.30009E-4 2.74282E-4 2.90409E-4 2.39797E-4 1.19804E-4 1.18593E-4 1.13272E-4 1.95025E-4 1.86365E-4 1.78484E-4 1.69007E-4 1.6008E-4 1.50504E-4 1.44775E-4 1.39962E-4 1.34977E-4 1.30315E-4 1.28058E-4 1.27317E-4 1.29628E-4 1.37085E-4 1.3903E-4 1.34933E-4 1.25898E-4 1.10014E-4 1.05467E-4 1.09031E-4 1.10755E-4 1.1766E-4 1.43235E-4 -9999 -9999 1.08644E-4 9.75087E-5 9.72245E-5 1.00509E-4 1.05518E-4 1.04968E-4 9.62241E-5 9.06164E-5 9.65246E-5 9.23966E-5 2.57532E-5 2.79038E-5 3.85709E-5 5.63788E-5 2.72356E-5
-9999 -9999 -9999 -9999 -9999 -9999 5.61824E-4 6.27785E-4 -9999 4.86844E-4 4.12433E-4 3.55676E-4 3.64579E-4 3.51465E-4 3.63796E-4 3.26354E-4 2.7332E-4 2.64752E-4 2.43084E-4 2.67341E-4 3.92723E-4 3.99216E-4 3.57469E-4 2.63135E-4 2.42964E-4 2.37977E-4 2.21134E-4 2.01469E-4 1.91445E-4 1.79123E-4 1.69729E-4 1.62048E-4 1.55125E-4 1.48563E-4 1.44879E-4 1.41012E-4 1.50658E-4 1.63995E-4 1.80223E-4 -9999 -9999 -9999 1.34338E-4 1.15077E-4 1.128E-4 1.18057E-4 -9999 -9999 -9999 -9999 1.2268E-4 1.02845E-4 9.8516E-5 1.01317E-4 8.10506E-5 1.13292E-4 1.08769E-4 9.09165E-5 9.05144E-5 1.23314E-4 1.10821E-4 9.00636E-5 5.496E-5 3.28343E-5 3.88492E-5 4.13737E-5
-9999 -9999 -9999 -9999 -9999 -9999 -9999 5.94038E-4 5.40187E-4 4.00491E-4 3.66542E-4 3.79298E-4 3.34316E-4 3.03533E-4 3.0824E-4 3.09204E-4 2.91019E-4 2.77622E-4 2.77392E-4 3.06743E-4 4.01401E-4 4.83287E-4 4.34276E-4 3.41225E-4 3.18125E-4 2.73896E-4 2.47873E-4 2.23888E-4 2.03465E-4 1.86768E-4 1.75566E-4 1.67047E-4 1.5969E-4 1.54812E-4 1.50048E-4 1.48472E-4 1.65203E-4 -9999 -9999 -9999 -9999 -9999 -9999 1.39863E-4 1.35798E-4 1.3546E-4 -9999 -9999 -9999 1.21918E-4 1.15801E-4 1.02346E-4 1.01867E-4 9.35233E-5 1.14287E-4 1.1902E-4 1.15057E-4 1.08948E-4 1.04253E-4 9.6138E-5 1.00332E-4 8.27833E-5 6.51684E-5 5.29313E-5 5.89565E-5 2.12339E-5
