catData/rasterBestHybridModels/Pviverrinus/RD_BM01_RM1.5_L/Pviverrinus_min.asc
ncols         409
nrows         350
xllcorner     60.897278365
yllcorner     5.843756025
cellsize      0.0892857
NODATA_value  -9999
[rows 203 to 231 of 350, columns 198 to 263 of 409]
3.18036E-5 2.87108E-5 3.4391E-5 2.77498E-5 2.87596E-5 8.81387E-6 4.62081E-5 3.23511E-5 5.77533E-6 8.10651E-6 1.19581E-6 6.19403E-7 4.20926E-7 8.05496E-8 1.50355E-7 6.1633E-7 7.46976E-6 2.70656E-5 1.39721E-5 4.09644E-6 4.00739E-5 3.52628E-5 3.42293E-5 3.17704E-5 1.53976E-5 6.51794E-6 3.17931E-5 2.41042E-5 2.45526E-5 2.42909E-5 2.7573E-5 2.16841E-5 1.75563E-5 1.27801E-5 1.13089E-6 9.00941E-8 4.14533E-6 3.92483E-6 1.08031E-5 2.35515E-5 2.7349E-5 1.87966E-5 2.88306E-7 1.70777E-6 6.02315E-6 1.21164E-5 9.41171E-6 6.27256E-6 6.89143E-6 6.14246E-6 1.17364E-5 2.6566E-5 4.94395E-5 6.13494E-5 1.04137E-4 4.27803E-5 3.52185E-5 1.06462E-4 1.32564E-4 1.4977E-4 7.42657E-5 7.13923E-5 1.16283E-4 6.94518E-5 5.56554E-5 1.4036E-4
1.00547E-5 2.96266E-6 2.38873E-5 3.23847E-5 3.22859E-5 4.49625E-5 2.91278E-5 1.35631E-5 4.16394E-5 1.44557E-5 5.7243E-6 7.46272E-8 7.58147E-8 8.13678E-7 6.64704E-6 3.14345E-6 2.99993E-7 3.26808E-5 5.28329E-5 9.26988E-6 8.83903E-6 3.67989E-5 4.028E-5 2.62182E-5 3.09055E-5 2.98927E-5 3.28449E-5 2.90427E-5 2.4595E-5 1.64996E-5 1.23808E-5 1.93868E-5 1.6272E-5 1.41062E-5 1.24375E-5 1.48447E-5 1.96342E-5 2.14341E-5 2.24837E-5 2.87637E-5 2.54517E-5 2.41514E-6 1.50423E-8 2.08988E-6 1.68423E-5 6.65928E-6 7.08093E-6 6.34067E-6 6.13011E-6 5.45138E-6 1.07764E-5 3.22812E-5 7.60909E-5 1.06071E-4 1.42242E-4 1.62209E-4 1.18227E-4 7.51674E-5 6.19392E-5 1.82866E-4 1.69753E-4 1.73395E-4 2.16541E-4 2.00298E-4 2.14599E-4 2.70038E-4
1.45892E-5 1.11269E-6 3.66832E-6 2.29842E-5 3.28506E-5 3.69803E-5 3.81779E-5 4.16251E-5 3.32235E-5 7.77198E-7 8.33225E-6 2.05086E-6 5.75913E-8 2.38797E-6 2.82477E-7 1.51929E-5 4.31658E-6 2.32373E-7 7.66915E-6 3.97682E-5 3.61895E-5 3.68373E-5 2.62351E-5 4.12923E-5 8.27731E-6 3.18071E-5 2.93986E-5 3.10249E-5 2.55275E-5 1.03236E-5 2.04453E-5 1.96742E-5 1.86409E-5 1.70927E-5 1.87828E-5 2.59917E-5 4.04976E-5 2.57994E-5 1.68861E-5 3.1783E-5 2.26019E-5 2.0353E-5 1.32959E-6 1.12443E-5 9.92677E-6 1.83181E-6 8.3742E-7 1.35113E-6 2.76685E-7 4.50495E-6 8.4704E-6 4.32466E-5 1.13632E-4 6.50066E-5 6.43647E-5 1.49398E-4 1.554E-4 6.63177E-5 6.82234E-5 1.95853E-4 2.00836E-4 2.31991E-4 2.41076E-4 2.28664E-4 2.8163E-4 3.53039E-4
7.60684E-6 2.31765E-6 1.3173E-5 1.70306E-5 1.98954E-5 1.05892E-5 2.84563E-5 1.14538E-5 3.95372E-5 4.24391E-5 2.44617E-5 1.20648E-5 4.67829E-6 7.23901E-7 6.1418E-7 3.70338E-7 3.68845E-7 2.25347E-6 2.34733E-6 3.99001E-5 2.92034E-5 2.86667E-5 1.73721E-5 5.30878E-6 4.25613E-5 3.78771E-5 3.87192E-5 3.18519E-5 2.66049E-5 8.31398E-6 1.618E-5 1.95567E-5 2.16172E-5 2.96061E-5 3.31006E-5 3.79535E-5 4.94871E-5 3.90654E-5 3.21435E-5 4.53876E-5 3.09985E-5 3.11252E-5 2.04487E-5 9.37271E-6 6.87543E-6 5.23083E-8 4.9949E-8 5.45435E-6 4.77453E-6 5.00298E-6 1.99317E-5 7.73504E-5 1.34868E-4 1.33255E-4 1.03459E-5 1.54066E-4 1.87439E-4 1.52116E-4 1.24053E-4 1.54183E-4 2.39513E-4 2.22367E-4 2.07694E-4 2.64249E-4 3.09288E-4 -9999
1.03524E-5 1.05558E-5 1.7386E-5 2.00549E-6 1.6282E-6 2.93033E-6 5.58542E-6 3.8408E-5 4.00217E-5 3.95261E-5 2.97262E-6 2.11744E-5 3.85369E-6 3.40939E-6 1.30327E-6 9.3622E-7 1.01899E-6 4.05116E-5 1.74841E-5 4.15915E-5 3.97701E-6 3.07695E-5 8.31778E-6 2.99304E-5 1.38867E-5 9.01394E-6 1.97735E-5 3.93903E-5 3.31997E-5 1.67862E-5 1.66691E-5 2.14968E-5 1.93651E-5 3.63424E-5 4.27671E-5 4.84875E-5 4.87949E-5 4.47381E-5 5.02491E-5 4.95391E-5 5.06746E-5 3.95033E-5 1.32106E-5 7.62012E-6 5.85483E-6 3.83609E-7 4.63321E-6 5.9487E-6 5.24167E-6 7.03783E-6 2.97949E-5 1.03977E-4 1.23939E-4 1.30069E-4 3.8389E-5 4.65819E-5 4.88468E-5 2.01729E-4 2.01088E-4 1.66104E-4 2.65155E-4 2.42999E-4 1.51931E-4 3.06259E-4 -9999 -9999
1.29272E-5 5.59981E-6 6.43891E-7 1.95602E-6 1.51784E-7 4.92006E-6 1.49454E-5 3.15522E-5 2.80615E-5 4.73939E-5 3.21172E-5 1.85169E-5 1.18811E-6 1.98451E-7 4.14171E-7 5.34632E-6 5.37321E-6 9.98212E-6 3.00847E-5 2.4831E-5 6.91102E-6 2.06675E-6 3.04886E-5 2.27282E-5 4.03995E-5 1.84891E-6 7.37409E-8 1.41377E-5 4.8137E-5 3.02168E-5 2.21555E-5 1.69444E-5 1.39881E-5 4.25923E-5 4.95022E-5 5.88464E-5 5.03023E-5 4.55363E-5 4.64628E-5 4.71982E-5 4.84154E-5 1.86543E-5 1.26875E-5 8.17079E-6 7.0794E-6 1.15281E-6 5.01855E-6 4.19423E-6 5.19191E-6 1.10452E-5 4.65154E-5 8.72539E-5 1.17483E-4 1.43629E-4 1.13977E-4 1.27056E-4 1.29723E-4 1.909E-4 1.97285E-4 2.21809E-4 1.82857E-4 2.0414E-4 2.95911E-4 -9999 -9999 -9999
1.00352E-5 4.52221E-6 4.9254E-6 3.7503E-6 3.0408E-6 1.92194E-6 2.89704E-5 2.25287E-5 3.97585E-5 2.52304E-5 4.1566E-5 4.37859E-5 1.71825E-6 1.21997E-6 3.66133E-7 1.19278E-5 5.65606E-6 5.41049E-6 5.32095E-5 3.42044E-5 3.86368E-5 2.14893E-5 1.46904E-5 1.80747E-5 3.27816E-5 3.82568E-5 5.63713E-5 5.31255E-6 3.40622E-6 1.45808E-5 3.71269E-5 2.2155E-5 3.31591E-5 4.83076E-5 5.69445E-5 5.88415E-5 5.13587E-5 5.81133E-5 4.82387E-5 4.37015E-5 3.42156E-5 1.91766E-5 1.73702E-5 8.02624E-6 4.89324E-6 1.31835E-6 6.22033E-6 4.86071E-6 5.94776E-6 1.11974E-5 2.47133E-5 6.11579E-5 1.25431E-4 1.5067E-4 1.48884E-4 1.52402E-4 1.69321E-4 1.94587E-4 2.23808E-4 2.29367E-4 1.68798E-4 3.01676E-4 -9999 -9999 -9999 -9999
1.82307E-6 1.58502E-5 1.47554E-5 5.17425E-6 9.17203E-7 1.18498E-6 2.14929E-7 9.06745E-7 3.8479E-5 3.43647E-5 4.22981E-5 4.23894E-5 3.58019E-5 9.65683E-6 6.19009E-6 6.1664E-6 4.99433E-6 5.49732E-6 3.22709E-6 3.58346E-5 4.2018E-5 6.23283E-5 4.60142E-6 2.19555E-5 1.15421E-5 5.7251E-5 6.01907E-5 6.27106E-5 5.48581E-5 4.96332E-5 3.34541E-5 2.66455E-5 5.67628E-5 6.13984E-5 1.79289E-5 3.15189E-5 6.11689E-5 6.96416E-5 5.79867E-5 5.25149E-5 2.86224E-5 2.50821E-5 1.68592E-5 5.43574E-6 5.11045E-6 4.74761E-6 5.53381E-6 5.74703E-6 5.19626E-6 7.14631E-6 2.97518E-5 7.7969E-5 1.14512E-4 1.31301E-4 5.05176E-5 8.55643E-5 1.71865E-4 2.04548E-4 1.89992E-4 1.74166E-4 2.05667E-4 -9999 -9999 -9999 -9999 -9999
2.04747E-7 1.21E-5 1.49247E-5 1.2399E-5 1.46574E-6 1.16861E-6 1.22585E-8 1.45559E-6 1.46847E-5 3.75861E-5 3.89792E-5 4.3432E-5 2.07281E-5 1.75624E-6 1.41943E-5 4.35148E-6 4.7142E-8 8.40516E-6 1.57642E-5 3.21771E-5 5.66161E-5 4.35843E-5 4.77788E-5 1.67141E-6 6.59323E-6 6.15492E-5 6.92002E-5 6.17029E-5 1.36191E-6 1.24482E-6 2.20343E-6 2.02863E-5 5.23715E-5 6.48536E-5 4.51239E-5 6.03341E-5 7.11792E-5 6.97213E-5 5.86398E-5 4.26221E-5 3.17737E-5 1.67052E-5 1.08965E-5 1.63005E-6 2.14607E-6 5.97742E-6 4.46779E-6 4.4326E-6 5.25115E-6 1.45382E-5 5.46892E-5 1.13932E-4 1.59303E-4 1.76557E-4 1.09205E-4 4.75681E-6 1.73907E-4 2.11158E-4 2.62863E-4 2.97486E-4 -9999 -9999 -9999 -9999 -9999 -9999
2.79006E-7 1.35801E-6 7.66602E-7 5.56924E-7 3.54219E-7 2.61588E-8 1.72242E-7 9.56198E-8 4.47202E-6 2.6011E-5 3.91345E-5 4.31873E-5 2.35389E-5 1.65902E-5 3.52141E-6 2.13083E-6 6.37537E-7 1.06591E-5 3.24458E-5 3.59594E-5 4.41516E-5 2.33248E-5 1.24078E-5 4.51107E-5 1.92449E-5 1.997E-5 3.86446E-5 5.1854E-5 2.64677E-6 1.94442E-8 3.13922E-9 4.8736E-7 2.50415E-6 1.67699E-5 1.94789E-5 7.95129E-5 6.93274E-5 3.59405E-5 1.87868E-5 2.61672E-5 2.93879E-5 1.78263E-5 6.39879E-6 5.01021E-6 3.65999E-6 6.68985E-6 6.76872E-6 5.46851E-6 1.09798E-5 3.34909E-5 8.74023E-5 1.90077E-4 6.70862E-5 1.61924E-4 8.00538E-5 1.73051E-4 2.09012E-4 2.04728E-4 -9999 -9999 -9999 -9999 -9999 -9999 -9999 -9999
8.94392E-6 3.63233E-6 8.99035E-10 2.13713E-10 8.17506E-9 3.08696E-7 1.47143E-8 1.83492E-9 9.30455E-8 8.46679E-7 1.69038E-6 3.68695E-5 1.44232E-5 4.72578E-7 7.01188E-7 4.65376E-6 1.24812E-6 2.48744E-5 1.63326E-5 9.38906E-6 4.15438E-5 3.61376E-5 5.17994E-5 5.92204E-5 1.81801E-5 1.87635E-5 6.32931E-6 6.01119E-6 1.02533E-5 4.09209E-6 9.79983E-7 1.65726E-7 1.09358E-5 3.71581E-5 6.58924E-5 4.76471E-5 4.06597E-5 2.21558E-5 2.92583E-5 2.6421E-5 1.6534E-5 1.09851E-5 1.16189E-5 6.18878E-6 4.81058E-6 4.67897E-6 8.27975E-6 1.735E-5 6.22428E-5 1.27343E-4 1.64933E-4 1.92022E-4 2.01658E-4 1.85019E-4 2.10636E-4 2.38073E-4 -9999 -9999 -9999 -9999 -9999 -9999 -9999 -9999 -9999 -9999
2.82824E-7 3.58585E-7 3.8924E-7 9.33898E-8 9.36738E-10 8.5996E-8 2.5747E-9 5.03092E-9 1.322E-8 3.28461E-9 2.64762E-7 3.13507E-6 2.47991E-7 6.67729E-7 3.74419E-6 1.29663E-5 8.17252E-6 6.73939E-6 7.01102E-6 8.54993E-6 4.63992E-6 3.67721E-5 4.82825E-5 5.28464E-5 4.8289E-7 1.37862E-5 4.36834E-6 2.38217E-5 6.17219E-5 5.35927E-5 3.62712E-6 1.58014E-7 1.84641E-6 6.86405E-5 1.55118E-5 4.5274E-5 3.20918E-5 2.11032E-5 2.19209E-5 1.19642E-5 1.00086E-5 7.46364E-6 1.2892E-5 1.09472E-5 4.73113E-6 1.08372E-5 5.60098E-5 9.61068E-5 1.71044E-4 1.91253E-4 9.27672E-5 1.79848E-4 1.91759E-4 1.71816E-4 1.90198E-4 -9999 -9999 -9999 -9999 -9999 -9999 -9999 -9999 -9999 -9999 -9999
3.25181E-10 4.00241E-9 2.09425E-7 2.58385E-7 3.47022E-8 2.08093E-8 4.67648E-8 7.2046E-9 1.5948E-9 4.40796E-7 1.1824E-6 8.29508E-7 7.19824E-7 2.22895E-6 4.52853E-5 1.89028E-5 1.00043E-5 6.14822E-6 2.60401E-5 9.38967E-6 9.13513E-6 4.78813E-5 5.0996E-5 4.85706E-5 1.98839E-5 5.66675E-6 1.03755E-6 2.24356E-5 4.62435E-5 4.52166E-5 1.41273E-5 6.86327E-8 7.70628E-6 2.73557E-5 5.57781E-5 2.52927E-5 1.29667E-5 1.36698E-5 1.62656E-5 8.929E-6 9.44775E-6 1.00153E-5 1.39941E-5 1.31277E-5 1.54383E-5 3.98755E-5 1.22779E-4 1.59202E-4 1.92794E-4 1.86369E-4 1.84078E-4 1.98993E-4 1.6392E-4 2.15921E-4 -9999 -9999 -9999 -9999 -9999 -9999 -9999 -9999 -9999 -9999 -9999 -9999
1.77531E-7 6.67659E-7 1.59775E-7 2.44697E-6 6.07933E-6 7.65067E-6 3.39102E-7 2.8468E-9 4.77021E-8 3.78825E-8 2.01068E-7 1.65755E-7 8.61476E-6 2.5751E-5 2.62708E-5 3.81069E-5 3.86437E-6 2.6142E-5 2.05714E-5 4.17685E-6 2.17819E-6 4.86491E-6 4.664E-6 1.56306E-6 1.03119E-5 4.52562E-6 1.13636E-6 1.43622E-6 2.41883E-5 7.81049E-7 3.8059E-7 1.48505E-7 3.41296E-5 6.40186E-5 3.0355E-5 1.64971E-5 1.40801E-5 1.599E-5 3.0702E-5 2.20843E-5 1.58238E-5 1.76491E-5 3.2966E-5 2.1852E-5 7.5096E-5 1.09145E-4 1.38824E-4 1.16165E-4 1.97948E-4 2.00216E-4 1.94651E-4 2.0283E-4 1.95177E-4 2.14554E-4 -9999 -9999 -9999 -9999 -9999 -9999 -9999 -9999 -9999 -9999 -9999 -9999
4.64937E-7 1.00733E-5 3.50926E-6 2.67063E-6 4.99915E-7 2.19271E-6 7.04925E-6 1.47111E-8 6.0532E-8 7.51581E-8 1.26311E-5 4.17682E-7 1.38903E-6 2.36282E-5 5.48533E-6 3.8013E-6 3.3906E-6 3.40591E-5 2.19322E-6 1.61466E-6 1.25804E-6 2.96627E-7 2.33907E-6 3.10852E-6 1.05417E-6 3.49373E-6 1.85732E-5 1.58329E-6 2.65988E-6 6.82701E-5 1.27347E-6 2.53561E-6 4.40604E-5 4.39837E-5 3.33276E-5 3.08174E-5 2.23453E-5 3.17257E-5 5.63248E-5 3.77934E-5 4.77541E-5 5.33064E-5 1.01012E-4 8.93584E-5 1.41733E-4 1.67412E-4 1.71606E-4 1.6221E-4 2.01606E-4 2.25342E-4 1.91812E-4 1.89172E-4 2.86036E-4 -9999 -9999 -9999 -9999 -9999 -9999 -9999 -9999 -9999 -9999 -9999 -9999 -9999
2.19223E-7 1.12728E-5 1.2729E-5 1.28692E-6 5.20739E-8 1.74655E-6 7.69269E-7 1.82352E-8 4.76283E-8 6.67176E-8 1.14871E-6 6.5851E-8 1.3316E-6 3.08801E-5 2.26564E-7 1.69265E-6 1.8801E-5 2.94133E-5 3.28025E-6 2.02205E-6 2.07135E-7 3.66679E-8 1.39091E-6 4.84399E-5 1.79207E-5 1.87845E-5 5.99193E-5 8.99352E-6 3.29255E-6 1.51964E-6 1.00717E-5 7.54809E-5 4.37462E-5 4.81384E-5 4.16779E-5 3.84228E-5 3.90475E-5 6.21531E-5 7.44095E-5 6.68075E-5 9.73333E-5 8.56566E-5 9.13732E-5 1.64448E-4 1.71232E-4 1.88054E-4 1.82903E-4 1.74569E-4 2.23968E-4 2.43749E-4 -9999 -9999 -9999 -9999 -9999 -9999 -9999 -9999 -9999 -9999 -9999 -9999 -9999 -9999 -9999 -9999
1.17346E-5 1.48136E-5 1.73149E-5 1.7714E-5 1.62881E-6 6.98755E-6 2.2047E-5 6.31168E-6 1.95327E-7 8.2029E-7 5.31083E-8 5.86238E-8 1.88766E-6 2.70325E-7 6.03832E-7 2.09687E-6 2.13121E-5 5.41086E-5 2.66152E-6 6.34322E-7 1.83565E-7 9.10599E-8 1.92317E-7 9.56591E-6 1.89557E-5 5.92882E-5 7.68106E-5 6.65191E-5 6.54733E-5 8.75446E-6 5.61777E-6 6.89845E-5 6.18591E-5 6.62937E-5 5.01984E-5 5.46505E-5 6.41582E-5 8.22759E-5 9.59394E-5 1.02577E-4 1.11849E-4 7.58395E-5 9.42842E-5 2.03705E-4 1.96073E-4 1.768E-4 1.92225E-4 2.3884E-4 2.53262E-4 -9999 -9999 -9999 -9999 -9999 -9999 -9999 -9999 -9999 -9999 -9999 -9999 -9999 -9999 -9999 -9999 -9999
7.34754E-6 1.90959E-5 2.14255E-5 2.38526E-5 3.04429E-6 4.43747E-6 2.44214E-5 2.92179E-5 9.91308E-8 1.23275E-7 2.62346E-6 3.77004E-7 1.05672E-8 1.77527E-8 8.28365E-7 4.22304E-7 4.22137E-5 6.30539E-5 1.11396E-5 9.73922E-7 3.3132E-6 3.33733E-9 3.04815E-8 1.08315E-5 2.01316E-5 4.21828E-5 6.35135E-5 6.51122E-5 8.81735E-5 8.57931E-5 6.77061E-5 5.16078E-5 5.10011E-5 5.06814E-5 9.02331E-5 8.97087E-5 8.60136E-5 3.67029E-5 1.20816E-4 1.33913E-4 1.14823E-4 9.69105E-5 1.68591E-4 1.84281E-4 2.07552E-4 2.16569E-4 2.25952E-4 -9999 -9999 -9999 -9999 -9999 -9999 -9999 -9999 -9999 -9999 -9999 -9999 -9999 -9999 -9999 -9999 -9999 -9999 -9999
1.02855E-6 1.17628E-5 1.13594E-5 2.03455E-5 4.70069E-6 3.67244E-6 3.00614E-6 1.30004E-5 1.3586E-6 4.53216E-6 1.82772E-6 9.79388E-7 7.77857E-8 1.31449E-7 1.67556E-8 1.06116E-5 3.08545E-5 5.29738E-5 4.48548E-6 1.05808E-5 5.39792E-6 1.53285E-5 1.19146E-5 1.94563E-5 6.09902E-5 5.89948E-5 1.43621E-5 5.40741E-6 1.09757E-5 8.55265E-5 6.21953E-5 4.98753E-5 5.88393E-5 8.85464E-5 1.20431E-4 1.26143E-4 4.6967E-5 3.4728E-5 1.34258E-4 1.84862E-4 1.7078E-4 1.6174E-4 2.2065E-4 2.12067E-4 2.49764E-4 2.28888E-4 -9999 -9999 -9999 -9999 -9999 -9999 -9999 -9999 -9999 -9999 -9999 -9999 -9999 -9999 -9999 -9999 -9999 -9999 -9999 -9999
1.13235E-5 1.46293E-5 1.97891E-6 2.02793E-5 2.09462E-5 2.20839E-5 1.80857E-5 1.55241E-5 7.51236E-6 5.42109E-7 1.10717E-6 1.2023E-6 5.4457E-8 2.12283E-7 1.68156E-6 1.34308E-5 5.32373E-5 1.85261E-5 2.3573E-7 2.64413E-5 1.00144E-5 2.13075E-5 1.26857E-5 9.10672E-5 7.49817E-5 6.03971E-5 2.39471E-6 3.81881E-6 9.86021E-6 1.45966E-6 5.21527E-5 3.56683E-5 5.90253E-5 8.78818E-5 1.61071E-4 1.61953E-4 1.43659E-4 1.41825E-4 1.26573E-4 1.72871E-4 2.37621E-4 2.24075E-4 1.47929E-4 2.52931E-4 -9999 -9999 -9999 -9999 -9999 -9999 -9999 -9999 -9999 -9999 -9999 -9999 -9999 -9999 -9999 -9999 -9999 -9999 -9999 -9999 -9999 -9999
1.20762E-5 1.20795E-5 1.07593E-5 1.02197E-5 1.2467E-5 9.79423E-6 2.94748E-5 5.01855E-6 3.28497E-5 3.5381E-5 7.29547E-7 1.60892E-6 1.66884E-7 3.81237E-7 2.78561E-5 8.36339E-5 7.48144E-5 7.86735E-5 3.71325E-5 8.26251E-5 9.95867E-5 7.22057E-5 2.94099E-5 9.19494E-5 9.25067E-5 7.8215E-5 4.60525E-6 1.8072E-5 1.30043E-5 2.28529E-5 7.94455E-5 1.33509E-4 1.192E-4 1.57598E-4 1.61622E-4 1.41779E-4 1.72288E-4 1.86696E-4 1.64758E-4 1.35729E-4 2.8353E-4 2.68024E-4 2.10191E-4 -9999 -9999 -9999 -9999 -9999 -9999 -9999 -9999 -9999 -9999 -9999 -9999 -9999 -9999 -9999 -9999 -9999 -9999 -9999 -9999 -9999 -9999 -9999
1.11251E-5 4.30064E-6 1.34753E-5 1.91527E-5 1.23485E-5 5.43808E-6 2.806E-5 3.54271E-5 3.69866E-5 1.00875E-5 2.55064E-5 6.78375E-6 1.19705E-6 8.42914E-6 8.28061E-5 9.07363E-5 8.94177E-5 8.42087E-5 6.30865E-5 2.60386E-5 2.24494E-6 2.67174E-5 3.98343E-5 2.57092E-5 7.69171E-5 3.83372E-5 2.2511E-5 2.29731E-5 3.11057E-6 2.43696E-5 1.25685E-4 1.25233E-4 1.1473E-4 7.52229E-5 1.77383E-4 1.19959E-4 1.65595E-4 1.82057E-4 1.63925E-4 1.87397E-4 2.1316E-4 2.49356E-4 -9999 -9999 -9999 -9999 -9999 -9999 -9999 -9999 -9999 -9999 -9999 -9999 -9999 -9999 -9999 -9999 -9999 -9999 -9999 -9999 -9999 -9999 -9999 -9999
1.9568E-6 1.24145E-5 1.40253E-5 6.89753E-6 1.07342E-5 2.78973E-5 3.71069E-5 4.26334E-5 1.3353E-5 1.9853E-6 6.14229E-6 8.54394E-5 3.83364E-5 8.47616E-5 8.99677E-5 9.4753E-5 8.34324E-5 8.49972E-5 8.707E-5 4.62052E-6 8.75059E-6 4.33754E-7 9.83612E-6 1.73869E-5 4.79034E-5 6.30337E-5 5.31426E-5 9.42857E-6 6.1243E-5 3.91394E-5 1.38834E-4 1.34477E-4 1.395E-4 1.33188E-4 2.12184E-4 2.04256E-4 2.29092E-4 2.31095E-4 2.41487E-4 2.59409E-4 2.73515E-4 -9999 -9999 -9999 -9999 -9999 -9999 -9999 -9999 -9999 -9999 -9999 -9999 -9999 -9999 -9999 -9999 -9999 -9999 -9999 -9999 -9999 -9999 -9999 -9999 -9999
1.02777E-5 8.79328E-6 3.84124E-6 1.56066E-6 9.59138E-6 1.78094E-5 4.50336E-6 8.68534E-6 5.5836E-6 4.71198E-5 5.73768E-5 9.19477E-5 9.48277E-5 9.79133E-5 8.45425E-5 7.42881E-5 4.09732E-5 4.691E-5 9.17274E-5 6.45249E-6 5.1567E-6 4.26017E-7 5.68531E-5 7.50131E-5 1.76112E-5 1.81722E-5 1.09684E-4 1.02477E-4 1.38144E-4 6.59784E-5 5.89309E-5 9.61479E-5 6.62553E-5 1.88592E-4 2.23189E-4 1.77099E-4 2.3131E-4 2.56572E-4 2.65781E-4 2.79956E-4 2.9229E-4 -9999 -9999 -9999 -9999 -9999 -9999 -9999 -9999 -9999 -9999 -9999 -9999 -9999 -9999 -9999 -9999 -9999 -9999 -9999 -9999 -9999 -9999 -9999 -9999 -9999
1.67277E-5 4.56272E-6 1.25684E-6 2.55055E-5 1.82373E-5 3.89005E-6 1.56687E-6 5.11657E-7 4.77206E-5 8.85517E-5 8.43362E-5 6.1859E-5 4.61516E-5 6.578E-5 6.09847E-5 3.38023E-5 2.35299E-5 9.51958E-6 6.63876E-5 5.69951E-6 9.65908E-6 3.60617E-6 7.96104E-5 8.71041E-5 5.90696E-6 1.77692E-6 1.73876E-5 6.83127E-5 1.85689E-4 1.96776E-4 2.29661E-4 2.13395E-4 2.3042E-4 2.10517E-4 2.35664E-4 2.25026E-4 2.04451E-4 2.47479E-4 2.73725E-4 2.97897E-4 3.0136E-4 3.28259E-4 -9999 -9999 -9999 -9999 -9999 -9999 -9999 -9999 -9999 -9999 -9999 -9999 -9999 -9999 -9999 -9999 -9999 -9999 -9999 -9999 -9999 -9999 -9999 -9999
2.18712E-6 3.48278E-6 1.50768E-6 9.28488E-6 1.38798E-5 1.43854E-6 7.5058E-6 6.68367E-6 3.22149E-5 2.43576E-6 3.64971E-6 4.70554E-6 9.43E-6 5.64997E-5 6.27108E-6 1.06146E-5 2.49105E-5 3.03442E-5 3.5115E-5 7.61786E-6 5.92118E-6 6.96132E-5 6.50772E-7 2.57166E-5 3.19821E-5 7.38977E-6 2.83329E-5 1.51127E-4 2.06212E-4 2.42894E-4 2.61405E-4 2.51081E-4 2.34242E-4 2.42806E-4 2.48913E-4 2.23567E-4 2.48274E-4 2.23047E-4 2.51508E-4 2.42265E-4 2.59611E-4 1.29243E-4 -9999 -9999 -9999 -9999 -9999 -9999 -9999 -9999 -9999 -9999 -9999 -9999 -9999 -9999 -9999 -9999 -9999 -9999 -9999 -9999 -9999 -9999 -9999 -9999
6.59289E-6 1.69932E-5 7.40843E-6 1.47609E-5 4.62107E-6 5.12311E-6 2.5343E-5 5.07186E-5 6.31132E-6 2.98005E-6 9.8777E-6 4.14623E-5 9.05452E-6 5.33398E-5 3.60494E-6 8.83091E-6 2.26449E-5 5.5418E-6 4.24389E-6 2.02485E-5 7.38191E-6 7.81448E-5 2.16987E-5 5.0565E-6 1.01174E-5 2.40393E-5 1.84709E-4 2.14492E-4 2.44095E-4 1.77078E-4 2.60497E-4 2.50592E-4 2.3636E-4 2.43857E-4 2.51731E-4 2.58143E-4 2.37824E-4 2.92872E-4 2.95058E-4 3.17911E-4 3.02978E-4 2.69375E-4 -9999 -9999 -9999 -9999 -9999 -9999 -9999 -9999 -9999 -9999 -9999 -9999 -9999 -9999 -9999 -9999 -9999 -9999 -9999 -9999 -9999 -9999 -9999 -9999
5.24504E-6 9.48118E-6 3.65701E-7 5.02689E-7 5.04442E-6 5.55593E-6 3.19199E-5 4.33228E-5 2.03695E-6 1.22668E-5 6.13006E-5 6.43929E-5 6.98676E-5 7.40042E-5 6.99157E-5 5.38552E-5 6.96396E-5 1.20827E-5 3.66256E-5 1.09232E-4 3.23742E-5 2.11248E-5 7.25255E-5 1.78411E-4 1.6017E-4 1.55749E-4 1.89616E-4 2.27888E-4 2.6129E-4 2.44414E-4 2.4312E-4 2.49656E-4 2.44635E-4 2.32107E-4 2.63907E-4 2.71807E-4 2.46934E-4 2.81917E-4 2.91533E-4 2.75759E-4 3.04872E-4 -9999 -9999 -9999 -9999 -9999 -9999 -9999 -9999 -9999 -9999 -9999 -9999 -9999 -9999 -9999 -9999 -9999 -9999 -9999 -9999 -9999 -9999 -9999 -9999 -9999
2.25946E-8 2.16746E-6 8.54942E-7 3.69658E-8 5.648E-9 2.82439E-8 3.717E-6 1.18398E-7 3.61019E-6 2.62909E-6 1.26892E-5 8.36859E-6 5.66767E-5 7.3609E-5 7.86246E-5 9.38488E-5 5.67231E-5 9.98888E-5 1.12569E-4 1.19537E-4 1.11411E-4 3.54324E-5 1.11786E-4 1.21403E-4 1.19272E-4 2.2559E-5 1.68734E-4 1.9517E-4 2.25249E-4 2.27092E-4 2.41731E-4 2.54446E-4 2.62603E-4 1.68611E-4 2.49601E-4 2.20713E-4 3.1296E-4 2.34904E-4 2.318E-4 -9999 -9999 -9999 -9999 -9999 -9999 -9999 -9999 -9999 -9999 -9999 -9999 -9999 -9999 -9999 -9999 -9999 -9999 -9999 -9999 -9999 -9999 -9999 -9999 -9999 -9999 -9999
