catData/rasterBestHybridModels/Pviverrinus/RD_BM01_RM1.5_L/Pviverrinus_avg.asc
ncols         409
nrows         350
xllcorner     60.897278365
yllcorner     5.843756025
cellsize      0.0892857
NODATA_value  -9999
[rows 145 to 173 of 350, columns 66 to 131 of 409]
-9999 -9999 -9999 -9999 -9999 -9999 -9999 4.3122E-4 3.78388E-4 3.0411E-4 2.86472E-4 3.25418E-4 3.16552E-4 3.12126E-4 3.18676E-4 3.1586E-4 2.8983E-4 2.9991E-4 3.09181E-4 3.3427E-4 3.62503E-4 -9999 -9999 -9999 -9999 -9999 2.80739E-4 2.40137E-4 1.96383E-4 1.69785E-4 1.56879E-4 1.48482E-4 1.44835E-4 1.453E-4 1.47287E-4 1.51716E-4 -9999 -9999 -9999 -9999 -9999 -9999 -9999 -9999 -9999 -9999 -9999 -9999 -9999 -9999 9.90307E-5 9.2963E-5 6.79033E-5 9.20182E-5 9.51549E-5 9.914E-5 1.00888E-4 9.69238E-5 8.96827E-5 8.52898E-5 8.00724E-5 6.6606E-5 4.77437E-5 5.67554E-5 5.5337E-5 4.91112E-5
-9999 -9999 -9999 -9999 -9999 -9999 -9999 4.22168E-4 3.83332E-4 3.46795E-4 3.33421E-4 3.29329E-4 3.43966E-4 3.5622E-4 3.7545E-4 3.6867E-4 3.42414E-4 3.49435E-4 -9999 -9999 -9999 3.4023E-4 -9999 -9999 -9999 -9999 -9999 2.79775E-4 2.35517E-4 1.99872E-4 1.7956E-4 1.64806E-4 1.50673E-4 1.41582E-4 1.57343E-4 1.73639E-4 -9999 -9999 -9999 -9999 -9999 -9999 -9999 -9999 -9999 -9999 -9999 -9999 -9999 -9999 1.00233E-4 9.49192E-5 9.03803E-5 9.02687E-5 8.91341E-5 9.21485E-5 9.66177E-5 7.17933E-5 8.46496E-5 7.89682E-5 6.65709E-5 6.3064E-5 6.17223E-5 5.62812E-5 3.82922E-5 4.88692E-5
-9999 -9999 -9999 -9999 -9999 -9999 -9999 -9999 -9999 -9999 3.46983E-4 3.40033E-4 3.53511E-4 3.57542E-4 -9999 3.62663E-4 3.77529E-4 3.7968E-4 3.83404E-4 3.93128E-4 3.72219E-4 3.37789E-4 -9999 -9999 -9999 -9999 -9999 -9999 -9999 -9999 -9999 -9999 1.65266E-4 1.15743E-4 1.1815E-4 1.66071E-4 -9999 1.73394E-4 1.66843E-4 1.54773E-4 1.61345E-4 1.72006E-4 1.58053E-4 1.35597E-4 1.26885E-4 1.22866E-4 -9999 -9999 1.08118E-4 1.01395E-4 1.00135E-4 9.64897E-5 9.34534E-5 9.04659E-5 8.78363E-5 9.07186E-5 8.06499E-5 6.87793E-5 8.79868E-5 8.3669E-5 6.65677E-5 6.62733E-5 5.73126E-5 6.51936E-5 6.07795E-5 5.72597E-5
-9999 -9999 -9999 -9999 -9999 -9999 -9999 -9999 -9999 -9999 -9999 -9999 -9999 3.32539E-4 3.64152E-4 3.64963E-4 -9999 3.9329E-4 -9999 3.92565E-4 -9999 3.21259E-4 2.84046E-4 2.49087E-4 -9999 -9999 2.34518E-4 2.11496E-4 -9999 2.01239E-4 1.90777E-4 1.86757E-4 1.57411E-4 1.20138E-4 1.08612E-4 1.58582E-4 -9999 1.76605E-4 1.57573E-4 1.38904E-4 1.54508E-4 -9999 1.51546E-4 1.26006E-4 1.21155E-4 1.20568E-4 1.22435E-4 1.1639E-4 1.05506E-4 1.00102E-4 1.01442E-4 9.85381E-5 9.63198E-5 9.31989E-5 9.13194E-5 9.02947E-5 7.64699E-5 6.97122E-5 4.83639E-5 8.44927E-5 5.23111E-5 4.98732E-5 5.35387E-5 6.29094E-5 6.49738E-5 5.54417E-5
-9999 -9999 -9999 -9999 -9999 -9999 -9999 -9999 -9999 -9999 -9999 -9999 -9999 -9999 -9999 -9999 3.90043E-4 3.91724E-4 -9999 -9999 2.92644E-4 2.57292E-4 2.25309E-4 2.02544E-4 2.03886E-4 2.09607E-4 1.99466E-4 1.8496E-4 1.73463E-4 1.60013E-4 1.47199E-4 1.45131E-4 1.45853E-4 1.4019E-4 1.4419E-4 1.81593E-4 -9999 -9999 -9999 1.819E-4 1.86576E-4 1.82139E-4 1.53193E-4 1.36668E-4 1.3077E-4 1.25989E-4 1.2252E-4 1.17586E-4 1.12126E-4 1.0906E-4 1.0606E-4 1.0069E-4 1.00364E-4 9.79153E-5 9.44689E-5 9.08102E-5 4.0697E-5 3.07023E-5 6.89858E-5 6.766E-5 7.5817E-5 5.13217E-5 3.52578E-5 4.48471E-5 6.57445E-5 6.9893E-5
-9999 -9999 -9999 -9999 -9999 -9999 -9999 -9999 -9999 -9999 -9999 -9999 -9999 -9999 -9999 -9999 -9999 3.90434E-4 -9999 3.06699E-4 2.62415E-4 2.18226E-4 1.91865E-4 1.70405E-4 1.65251E-4 1.7845E-4 1.85989E-4 1.82167E-4 1.70731E-4 1.55435E-4 1.44776E-4 1.4603E-4 1.50049E-4 1.5336E-4 1.5669E-4 -9999 -9999 -9999 -9999 -9999 -9999 1.66413E-4 1.45459E-4 1.3412E-4 1.27936E-4 1.20395E-4 1.18929E-4 1.19578E-4 1.17992E-4 1.1702E-4 1.10237E-4 1.03794E-4 1.0263E-4 1.00454E-4 9.56421E-5 9.148E-5 8.98513E-5 1.48397E-5 1.21975E-5 6.52087E-5 5.53249E-5 7.55056E-5 6.83695E-5 5.52491E-5 8.01094E-5 7.76548E-5
-9999 -9999 -9999 -9999 -9999 -9999 -9999 -9999 -9999 -9999 -9999 -9999 -9999 -9999 -9999 -9999 -9999 -9999 -9999 3.08948E-4 2.35506E-4 1.89246E-4 1.71949E-4 1.62433E-4 1.57866E-4 1.64371E-4 1.70333E-4 1.73347E-4 1.68724E-4 1.58089E-4 1.53237E-4 1.56558E-4 1.58735E-4 1.61601E-4 1.59259E-4 1.69326E-4 1.87627E-4 -9999 -9999 1.75675E-4 1.58489E-4 1.39764E-4 1.26801E-4 1.20423E-4 1.15085E-4 1.14257E-4 1.1906E-4 1.23544E-4 1.25129E-4 -9999 -9999 1.0893E-4 1.05322E-4 1.02748E-4 9.7915E-5 9.41144E-5 9.25698E-5 8.53177E-5 5.54824E-5 3.66789E-5 5.73644E-5 4.53521E-5 7.24634E-5 8.41892E-5 9.07385E-5 9.21791E-5
-9999 -9999 -9999 -9999 -9999 -9999 -9999 -9999 -9999 -9999 -9999 -9999 -9999 -9999 -9999 -9999 -9999 -9999 -9999 3.29706E-4 2.57636E-4 2.2121E-4 2.11301E-4 2.01412E-4 1.72741E-4 1.56983E-4 1.57569E-4 1.55195E-4 1.46682E-4 1.43097E-4 1.47663E-4 1.58424E-4 1.63469E-4 1.69312E-4 1.64776E-4 1.63305E-4 1.68683E-4 1.70235E-4 1.70687E-4 1.65597E-4 1.41535E-4 1.17093E-4 1.06503E-4 1.10201E-4 1.18384E-4 1.28215E-4 1.32249E-4 1.30431E-4 1.30793E-4 1.2492E-4 1.19134E-4 -9999 1.1047E-4 1.05345E-4 1.00534E-4 9.76488E-5 9.65268E-5 1.18781E-5 2.79002E-5 1.62266E-5 3.02994E-5 8.93195E-5 8.80683E-5 8.7287E-5 9.33124E-5 1.04212E-4
-9999 -9999 -9999 -9999 -9999 -9999 -9999 -9999 -9999 -9999 -9999 -9999 -9999 -9999 -9999 -9999 -9999 -9999 -9999 -9999 3.1258E-4 2.76933E-4 2.59088E-4 2.28924E-4 1.95127E-4 1.64747E-4 1.46359E-4 1.40272E-4 1.33666E-4 1.30567E-4 1.23976E-4 1.36387E-4 1.51805E-4 1.39153E-4 1.46328E-4 1.51798E-4 1.63534E-4 1.65751E-4 1.6961E-4 1.67823E-4 1.50825E-4 1.3634E-4 1.29918E-4 1.32797E-4 1.42045E-4 1.47747E-4 1.471E-4 -9999 1.33626E-4 -9999 1.24256E-4 -9999 -9999 1.0616E-4 1.01706E-4 9.82294E-5 6.34954E-5 2.86285E-6 6.8997E-6 4.96074E-5 8.0584E-5 9.42646E-5 9.2257E-5 9.0407E-5 1.02679E-4 1.14679E-4
-9999 -9999 -9999 -9999 -9999 -9999 -9999 -9999 -9999 -9999 -9999 -9999 -9999 -9999 -9999 -9999 -9999 -9999 -9999 -9999 -9999 3.39489E-4 2.86824E-4 2.42366E-4 2.08474E-4 1.73291E-4 1.36483E-4 1.20926E-4 1.25131E-4 1.23412E-4 1.1947E-4 1.27419E-4 1.43201E-4 1.37538E-4 1.30794E-4 1.38372E-4 1.53228E-4 1.60414E-4 1.54562E-4 1.67843E-4 1.78628E-4 1.72524E-4 1.68552E-4 1.76135E-4 1.86132E-4 1.87545E-4 -9999 1.51239E-4 1.39986E-4 -9999 -9999 -9999 -9999 6.98316E-5 8.87234E-5 7.13899E-5 4.14613E-5 6.0617E-6 1.57023E-5 4.86146E-5 5.16546E-5 1.00408E-4 9.83001E-5 9.61322E-5 9.86814E-5 1.04208E-4
-9999 -9999 -9999 -9999 -9999 -9999 -9999 -9999 -9999 -9999 -9999 -9999 -9999 -9999 -9999 -9999 -9999 -9999 -9999 -9999 3.93246E-4 3.3233E-4 2.88944E-4 2.51811E-4 2.18681E-4 1.90826E-4 1.57398E-4 1.30629E-4 1.17895E-4 1.16264E-4 1.17552E-4 1.24374E-4 1.26519E-4 1.24861E-4 1.27781E-4 1.4255E-4 1.51427E-4 1.68761E-4 2.00371E-4 2.64667E-4 2.97846E-4 2.78367E-4 2.64108E-4 2.77898E-4 2.99235E-4 2.68483E-4 2.02128E-4 1.6607E-4 8.26774E-5 1.3189E-4 1.25164E-4 -9999 -9999 -9999 7.40472E-5 1.82728E-5 3.21249E-5 1.4827E-5 4.65036E-6 6.60636E-6 2.89354E-5 7.42844E-5 9.72238E-5 1.10412E-4 9.59743E-5 1.05035E-4
-9999 -9999 -9999 -9999 -9999 -9999 -9999 -9999 -9999 -9999 -9999 -9999 -9999 -9999 -9999 -9999 -9999 -9999 -9999 -9999 -9999 -9999 3.27939E-4 2.83849E-4 2.4629E-4 2.12251E-4 1.74963E-4 1.51572E-4 1.42577E-4 1.39993E-4 1.26799E-4 1.21811E-4 1.26854E-4 1.33642E-4 1.42719E-4 1.5226E-4 1.68387E-4 2.01266E-4 2.91806E-4 3.52379E-4 3.68793E-4 3.76699E-4 3.4675E-4 2.82102E-4 1.25678E-4 1.01144E-4 2.05511E-5 1.2661E-5 1.7169E-5 2.10597E-5 3.73187E-5 5.09845E-5 5.56555E-5 2.17695E-5 4.3808E-5 2.84333E-5 1.22073E-5 3.07608E-6 1.53857E-5 1.75861E-5 6.83819E-5 3.99919E-5 1.39137E-5 2.90407E-5 1.00487E-4 1.02977E-4
-9999 -9999 -9999 -9999 -9999 -9999 -9999 -9999 -9999 -9999 -9999 -9999 -9999 -9999 -9999 -9999 -9999 -9999 -9999 -9999 -9999 -9999 -9999 3.12961E-4 2.91969E-4 2.66873E-4 2.26684E-4 1.94106E-4 1.7896E-4 1.70459E-4 1.58217E-4 1.555E-4 1.58332E-4 1.59206E-4 1.6885E-4 1.78217E-4 2.02143E-4 2.70342E-4 3.38505E-4 3.37165E-4 3.64859E-4 3.78413E-4 2.40255E-4 2.11841E-5 4.82292E-5 1.6388E-5 9.40684E-6 4.0205E-5 1.05798E-4 7.05036E-5 6.51161E-5 2.03762E-5 5.14673E-5 5.89312E-5 3.69945E-5 6.72249E-5 3.47188E-5 1.07546E-5 9.08631E-6 3.74667E-5 1.10589E-4 3.83766E-5 2.79414E-5 8.42887E-5 1.52581E-4 1.78121E-4
-9999 -9999 -9999 -9999 -9999 -9999 -9999 -9999 -9999 -9999 -9999 -9999 -9999 -9999 -9999 -9999 -9999 -9999 -9999 -9999 -9999 -9999 -9999 -9999 -9999 3.14197E-4 2.79622E-4 2.58088E-4 2.40175E-4 2.14284E-4 2.04125E-4 2.00787E-4 2.01806E-4 2.06604E-4 2.14133E-4 2.22647E-4 2.7806E-4 -9999 3.66739E-4 3.56529E-4 3.59022E-4 3.44709E-4 3.79814E-5 1.45908E-5 1.28494E-4 2.49389E-5 5.41607E-5 1.21747E-4 1.16873E-4 7.84069E-5 4.88231E-5 5.97918E-5 5.09993E-5 8.21859E-5 7.23277E-5 3.61891E-5 3.51679E-5 6.58317E-6 5.32233E-6 7.29209E-5 6.44216E-5 7.58504E-5 7.33147E-5 1.32632E-4 1.77808E-4 1.39319E-4
-9999 -9999 -9999 -9999 -9999 -9999 -9999 -9999 -9999 -9999 -9999 -9999 -9999 -9999 -9999 -9999 -9999 -9999 -9999 -9999 -9999 -9999 -9999 -9999 -9999 -9999 -9999 2.95598E-4 2.77676E-4 2.67004E-4 2.60221E-4 2.58214E-4 2.61582E-4 2.50453E-4 -9999 -9999 -9999 -9999 -9999 -9999 3.69708E-4 2.59698E-4 1.02088E-4 3.84071E-5 1.13395E-4 8.50024E-5 6.40258E-5 9.52584E-5 8.86866E-5 5.69858E-5 8.55295E-5 4.48974E-5 5.23772E-5 2.30557E-5 8.12853E-5 2.1918E-5 2.76208E-5 1.76224E-5 3.04678E-5 1.97283E-5 6.05388E-5 4.84229E-5 1.43096E-4 1.45076E-4 1.45483E-4 1.16887E-4
-9999 -9999 -9999 -9999 -9999 -9999 -9999 -9999 -9999 -9999 -9999 -9999 -9999 -9999 -9999 -9999 -9999 -9999 -9999 -9999 -9999 -9999 -9999 -9999 -9999 -9999 -9999 -9999 -9999 -9999 -9999 3.15036E-4 3.11029E-4 -9999 -9999 -9999 -9999 -9999 -9999 3.14429E-4 1.94319E-4 2.04017E-4 1.27431E-4 5.35333E-5 9.12086E-5 4.49553E-5 3.08592E-5 6.4224E-5 9.29362E-5 5.33442E-5 5.98613E-5 5.45006E-5 6.2005E-5 3.4073E-5 2.51845E-5 1.64737E-5 1.83078E-5 5.63261E-5 7.25457E-5 8.62432E-5 1.11118E-4 8.0825E-5 5.51832E-5 1.30512E-4 1.34533E-4 1.6631E-4
-9999 -9999 -9999 -9999 -9999 -9999 -9999 -9999 -9999 -9999 -9999 -9999 -9999 -9999 -9999 -9999 -9999 -9999 -9999 -9999 -9999 -9999 -9999 -9999 -9999 -9999 -9999 -9999 -9999 -9999 -9999 -9999 -9999 -9999 -9999 -9999 -9999 -9999 -9999 1.32437E-4 2.66081E-5 1.16409E-4 1.09552E-4 8.84719E-5 6.29042E-5 9.47356E-5 4.00659E-5 2.02256E-5 4.24811E-5 8.67526E-5 5.12432E-5 2.64338E-5 5.75329E-6 1.87176E-5 1.19723E-5 9.07589E-6 5.47494E-6 5.29974E-5 6.26578E-5 8.08102E-5 5.97421E-5 1.58157E-4 5.10805E-5 1.3439E-4 1.63137E-4 1.68094E-4
-9999 -9999 -9999 -9999 -9999 -9999 -9999 -9999 -9999 -9999 -9999 -9999 -9999 -9999 -9999 -9999 -9999 -9999 -9999 -9999 -9999 -9999 -9999 -9999 -9999 -9999 -9999 -9999 -9999 -9999 -9999 -9999 -9999 -9999 -9999 -9999 -9999 -9999 2.10701E-4 3.44634E-5 6.01604E-5 4.49752E-5 2.57734E-5 6.45811E-5 5.6626E-5 6.71039E-5 1.94385E-5 2.52411E-5 3.6397E-5 6.29259E-5 6.11155E-5 3.28454E-5 2.13209E-5 4.80118E-5 2.4855E-5 4.39402E-6 8.83757E-6 3.20928E-5 6.3457E-5 1.00873E-4 1.12911E-4 1.67187E-4 1.37991E-4 6.83343E-5 1.35952E-4 1.51733E-4
-9999 -9999 -9999 -9999 -9999 -9999 -9999 -9999 -9999 -9999 -9999 -9999 -9999 -9999 -9999 -9999 -9999 -9999 -9999 -9999 -9999 -9999 -9999 -9999 -9999 -9999 -9999 -9999 -9999 -9999 -9999 -9999 -9999 -9999 -9999 3.09398E-4 1.59197E-4 1.36896E-4 1.72496E-4 1.30772E-4 1.87556E-5 3.99282E-5 6.81999E-5 1.79353E-5 1.18934E-5 7.68139E-6 1.11334E-5 2.82375E-5 3.25222E-5 4.60093E-5 6.06262E-5 3.44197E-5 5.11458E-5 8.48198E-5 8.1207E-5 5.59466E-5 3.47298E-5 4.44566E-5 8.88998E-5 1.56173E-4 1.25857E-4 1.78779E-4 1.12047E-4 1.05484E-4 1.63756E-4 1.41487E-4
-9999 -9999 -9999 -9999 -9999 -9999 -9999 -9999 -9999 -9999 -9999 -9999 -9999 -9999 -9999 -9999 -9999 -9999 -9999 -9999 -9999 -9999 -9999 -9999 -9999 3.77238E-4 -9999 -9999 -9999 -9999 4.09176E-4 -9999 3.29199E-4 2.94943E-4 1.54535E-4 8.79973E-5 6.70352E-5 9.43678E-5 6.48432E-5 5.19784E-5 5.20455E-5 2.64374E-5 4.61877E-5 4.59349E-5 1.48756E-5 1.8039E-5 1.00702E-5 3.78303E-5 7.63599E-6 1.06647E-5 2.15995E-5 2.31994E-5 7.25419E-5 8.01911E-5 8.24673E-5 9.28374E-5 1.1064E-4 1.29731E-5 4.96508E-5 1.58662E-4 7.52402E-5 1.06415E-4 6.82557E-5 1.32755E-4 1.28555E-4 1.23695E-4
-9999 -9999 -9999 -9999 -9999 -9999 -9999 -9999 -9999 -9999 -9999 -9999 -9999 -9999 -9999 -9999 -9999 -9999 -9999 -9999 -9999 -9999 -9999 -9999 3.72408E-4 3.44461E-4 -9999 -9999 3.48187E-4 3.32917E-4 3.25738E-4 1.45195E-4 2.07177E-4 2.54267E-4 2.2622E-4 1.42723E-4 1.0962E-4 6.64472E-5 1.83158E-5 3.82966E-5 1.20278E-5 1.72627E-5 3.87486E-5 2.7846E-5 3.42465E-5 1.90029E-5 2.01632E-6 2.39105E-6 2.75122E-6 9.39437E-6 3.1167E-5 3.01049E-5 6.7553E-5 6.65907E-5 9.79051E-5 1.00512E-4 9.02232E-5 8.21141E-5 5.44312E-5 8.17542E-5 1.74309E-4 1.89438E-4 2.85818E-4 2.13331E-4 1.70678E-4 1.5339E-4
-9999 -9999 -9999 -9999 -9999 -9999 -9999 -9999 -9999 -9999 -9999 -9999 -9999 -9999 -9999 -9999 -9999 -9999 -9999 -9999 -9999 -9999 -9999 -9999 -9999 3.54037E-4 3.8387E-4 3.77154E-4 3.09643E-4 1.20766E-4 1.32897E-4 2.15588E-4 1.62657E-4 1.97708E-4 1.8522E-4 1.77452E-4 8.66801E-5 2.88168E-5 4.34507E-5 2.2579E-5 1.87289E-5 8.52568E-6 2.60686E-6 1.09856E-5 2.95416E-5 3.19715E-5 1.53077E-6 2.88913E-5 9.24137E-6 3.97224E-5 4.19196E-5 6.80839E-5 7.63543E-5 3.69187E-5 7.76917E-5 8.29068E-5 6.24381E-5 3.98412E-5 6.95832E-5 1.18512E-4 1.79506E-4 2.1271E-4 2.8748E-4 -9999 -9999 2.2005E-4
-9999 -9999 -9999 -9999 -9999 -9999 -9999 -9999 -9999 -9999 -9999 -9999 -9999 -9999 -9999 -9999 -9999 -9999 -9999 -9999 -9999 -9999 -9999 -9999 -9999 3.62075E-4 3.6591E-4 3.05315E-4 9.77468E-5 1.06727E-4 4.49487E-5 5.4885E-5 1.46974E-4 1.61734E-4 8.04766E-5 4.99857E-5 1.24952E-4 2.09361E-5 2.91105E-5 3.18631E-5 2.71983E-5 6.2916E-5 7.5932E-6 3.40722E-6 1.18319E-5 3.62911E-5 9.30403E-6 1.83616E-5 1.18501E-5 1.95946E-5 1.46097E-5 3.58536E-5 6.95787E-5 7.84852E-5 9.79295E-5 1.1374E-4 8.01481E-5 9.29526E-5 1.6702E-4 1.76595E-4 1.8773E-4 2.774E-4 -9999 -9999 -9999 1.90457E-4
-9999 -9999 -9999 -9999 -9999 -9999 -9999 -9999 -9999 -9999 -9999 -9999 -9999 -9999 -9999 -9999 -9999 -9999 -9999 -9999 -9999 -9999 -9999 -9999 -9999 -9999 3.73564E-4 3.29492E-4 2.56002E-4 1.92582E-4 1.50269E-4 9.5609E-5 5.80135E-5 4.64445E-5 7.92964E-5 6.3564E-5 5.1752E-5 1.29878E-5 1.95279E-5 1.86051E-5 2.76453E-5 1.34786E-5 5.95664E-6 3.43539E-5 3.01184E-5 2.62398E-5 2.12005E-5 4.47994E-5 5.49319E-5 2.26229E-5 2.34984E-6 1.96087E-5 5.60424E-5 8.7393E-5 8.59317E-5 9.12024E-5 1.28646E-4 7.41487E-5 1.16038E-4 1.86744E-4 2.15503E-4 3.53476E-4 -9999 -9999 1.03041E-4 2.08863E-5
-9999 -9999 -9999 -9999 -9999 -9999 -9999 -9999 -9999 -9999 -9999 -9999 -9999 -9999 -9999 -9999 -9999 -9999 -9999 -9999 -9999 -9999 -9999 -9999 -9999 -9999 -9999 3.46011E-4 3.22542E-4 2.93765E-4 2.18589E-4 2.1184E-4 1.40098E-4 1.57735E-4 4.90517E-5 3.40274E-6 1.78271E-5 4.96517E-5 9.95528E-6 1.43177E-5 1.32211E-5 4.06039E-5 2.27401E-5 2.93712E-5 9.51702E-6 6.95759E-5 3.51963E-5 2.77272E-5 3.48994E-5 2.56782E-5 2.13606E-5 3.15405E-5 2.35446E-5 8.39149E-5 1.0915E-4 1.23045E-4 1.42989E-4 6.26538E-5 1.5518E-4 2.04006E-4 2.96927E-4 -9999 -9999 -9999 1.88799E-4 9.78366E-5
-9999 -9999 -9999 -9999 -9999 -9999 -9999 -9999 -9999 -9999 -9999 -9999 -9999 -9999 -9999 -9999 -9999 -9999 -9999 -9999 -9999 -9999 -9999 -9999 -9999 -9999 -9999 -9999 3.44574E-4 3.26467E-4 2.80479E-4 2.46744E-4 7.09749E-5 5.69615E-5 9.12073E-5 3.44085E-5 4.32812E-5 1.01377E-4 4.37253E-5 4.77845E-5 2.69811E-5 2.773E-5 1.93343E-5 8.19334E-5 2.10421E-5 1.28817E-5 1.35229E-5 3.92574E-6 9.65553E-6 3.19551E-5 1.29038E-5 1.63509E-5 5.53079E-5 5.91229E-5 9.31918E-5 1.27778E-4 7.77359E-5 1.0743E-4 1.78376E-4 1.90423E-4 3.04761E-4 -9999 -9999 -9999 3.22534E-4 2.21286E-4
-9999 -9999 -9999 -9999 -9999 -9999 -9999 -9999 -9999 -9999 -9999 -9999 -9999 -9999 -9999 -9999 -9999 -9999 -9999 -9999 -9999 -9999 -9999 -9999 -9999 -9999 -9999 -9999 -9999 3.39577E-4 2.6858E-4 3.0302E-4 5.3429E-5 4.81594E-5 5.31998E-5 6.53027E-5 8.66452E-5 2.76373E-5 2.12661E-5 3.56175E-5 4.60605E-5 5.66527E-5 3.26069E-5 7.1007E-5 6.60894E-5 3.50764E-5 7.49609E-5 7.55296E-5 1.24478E-5 1.86216E-5 3.12857E-5 1.42042E-5 2.46925E-5 9.97972E-5 9.1024E-5 1.27781E-4 8.75564E-5 8.4153E-5 5.86041E-5 9.27211E-5 1.44855E-4 -9999 -9999 -9999 -9999 2.70109E-5
-9999 -9999 -9999 -9999 -9999 -9999 -9999 -9999 -9999 -9999 -9999 -9999 -9999 -9999 -9999 -9999 -9999 -9999 -9999 -9999 -9999 -9999 -9999 -9999 -9999 -9999 -9999 -9999 -9999 -9999 -9999 3.05987E-4 1.91649E-4 4.33002E-5 2.87913E-5 5.73106E-5 2.95969E-5 7.02755E-5 5.51311E-5 1.223E-4 1.40788E-4 4.2671E-5 2.86634E-5 3.41292E-5 2.53034E-5 3.49244E-5 5.62996E-5 7.28668E-5 4.46688E-5 5.39526E-5 6.39699E-5 6.88048E-5 7.18375E-5 5.58754E-5 8.43494E-5 5.62868E-5 7.04071E-5 9.33968E-5 6.28626E-5 2.82788E-5 2.22423E-5 -9999 -9999 -9999 1.7577E-4 3.31563E-5
-9999 -9999 -9999 -9999 -9999 -9999 -9999 -9999 -9999 -9999 -9999 -9999 -9999 -9999 -9999 -9999 -9999 -9999 -9999 -9999 -9999 -9999 -9999 -9999 -9999 -9999 -9999 -9999 -9999 -9999 -9999 -9999 -9999 1.87471E-4 6.89884E-5 1.25296E-4 9.85499E-5 4.04259E-5 1.38505E-4 5.33997E-5 3.65135E-5 3.02745E-5 6.55579E-5 2.74651E-5 4.24318E-5 1.66511E-5 3.54847E-5 3.84405E-5 5.44354E-5 2.43969E-5 7.18654E-5 5.09848E-5 2.36143E-5 5.18175E-5 6.50567E-5 8.66427E-5 8.67355E-5 4.91044E-5 4.93211E-5 5.96881E-5 4.52673E-5 1.47411E-4 -9999 -9999 -9999 3.53408E-4
