catData/rasterBestHybridModels/Pviverrinus/RD_BM01_RM1.5_L/Pviverrinus_stddev.asc
ncols         409
nrows         350
xllcorner     60.897278365
yllcorner     5.843756025
cellsize      0.0892857
NODATA_value  -9999
[rows 145 to 173 of 350, columns 66 to 131 of 409]
-9999 -9999 -9999 -9999 -9999 -9999 -9999 7.51543E-5 6.61432E-5 6.3977E-5 5.10428E-5 5.92514E-5 6.95849E-5 6.14541E-5 5.53919E-5 4.79057E-5 3.80479E-5 3.65124E-5 3.72352E-5 3.97268E-5 4.32574E-5 -9999 -9999 -9999 -9999 -9999 3.47937E-5 2.83222E-5 2.21559E-5 1.87836E-5 1.71734E-5 1.59892E-5 1.53108E-5 1.53117E-5 1.55676E-5 1.67163E-5 -9999 -9999 -9999 -9999 -9999 -9999 -9999 -9999 -9999 -9999 -9999 -9999 -9999 -9999 1.11916E-5 1.04062E-5 6.66549E-6 1.12345E-5 1.17171E-5 1.22883E-5 1.26821E-5 1.25266E-5 1.14444E-5 1.1686E-5 1.13957E-5 1.00334E-5 6.06308E-6 9.44021E-6 1.00494E-5 8.13159E-6
-9999 -9999 -9999 -9999 -9999 -9999 -9999 7.63444E-5 7.80039E-5 7.67273E-5 7.00566E-5 8.46444E-5 7.09067E-5 7.01698E-5 6.87503E-5 5.93076E-5 5.06487E-5 4.42374E-5 -9999 -9999 -9999 4.57815E-5 -9999 -9999 -9999 -9999 -9999 3.55468E-5 2.86008E-5 2.35919E-5 2.07496E-5 1.87362E-5 1.63688E-5 1.752E-5 1.94628E-5 2.08666E-5 -9999 -9999 -9999 -9999 -9999 -9999 -9999 -9999 -9999 -9999 -9999 -9999 -9999 -9999 1.06128E-5 1.07624E-5 1.05882E-5 1.10678E-5 1.09721E-5 1.14591E-5 1.20962E-5 7.47143E-6 9.46178E-6 9.088E-6 7.14716E-6 7.92931E-6 9.46039E-6 9.08695E-6 4.55382E-6 6.55111E-6
-9999 -9999 -9999 -9999 -9999 -9999 -9999 -9999 -9999 -9999 8.33895E-5 9.9313E-5 7.26231E-5 6.95141E-5 -9999 5.94686E-5 5.09694E-5 5.05274E-5 4.85814E-5 5.03504E-5 4.99438E-5 4.48599E-5 -9999 -9999 -9999 -9999 -9999 -9999 -9999 -9999 -9999 -9999 1.91229E-5 1.55006E-5 1.65657E-5 2.07896E-5 -9999 1.84492E-5 2.09003E-5 2.0032E-5 1.97816E-5 2.05147E-5 1.89517E-5 1.68224E-5 1.52927E-5 1.53437E-5 -9999 -9999 1.21104E-5 1.11302E-5 1.09409E-5 1.1067E-5 1.09284E-5 1.10281E-5 1.07915E-5 1.11754E-5 7.61226E-6 6.96222E-6 1.12793E-5 1.06996E-5 7.02981E-6 8.17346E-6 6.60833E-6 1.00712E-5 9.66932E-6 9.54387E-6
-9999 -9999 -9999 -9999 -9999 -9999 -9999 -9999 -9999 -9999 -9999 -9999 -9999 7.72958E-5 5.44263E-5 5.37593E-5 -9999 5.30921E-5 -9999 5.20948E-5 -9999 4.23208E-5 3.78954E-5 3.19119E-5 -9999 -9999 2.88732E-5 2.54177E-5 -9999 2.39167E-5 2.25483E-5 2.20418E-5 1.79573E-5 1.56229E-5 1.47538E-5 1.93326E-5 -9999 2.00461E-5 1.90459E-5 1.74976E-5 1.82635E-5 -9999 1.61987E-5 1.44124E-5 1.38216E-5 1.43611E-5 1.47173E-5 1.39137E-5 1.22671E-5 1.15667E-5 1.1288E-5 1.10825E-5 1.10504E-5 1.08936E-5 1.1133E-5 1.10228E-5 7.2232E-6 6.49673E-6 7.42349E-6 1.10961E-5 6.51926E-6 6.18477E-6 5.84706E-6 8.0506E-6 9.90892E-6 6.58274E-6
-9999 -9999 -9999 -9999 -9999 -9999 -9999 -9999 -9999 -9999 -9999 -9999 -9999 -9999 -9999 -9999 5.29413E-5 5.28889E-5 -9999 -9999 3.87551E-5 3.46015E-5 3.11179E-5 2.94463E-5 2.92779E-5 2.67346E-5 2.30142E-5 2.19208E-5 2.01552E-5 1.75079E-5 1.59403E-5 1.55158E-5 1.56811E-5 1.65891E-5 1.67958E-5 1.88174E-5 -9999 -9999 -9999 2.1217E-5 2.12807E-5 2.08568E-5 1.55535E-5 1.43593E-5 1.39889E-5 1.3444E-5 1.35453E-5 1.27707E-5 1.22873E-5 1.18183E-5 1.14053E-5 1.09847E-5 1.13559E-5 1.12809E-5 1.10406E-5 1.06961E-5 8.03878E-6 7.61576E-6 6.59324E-6 6.63762E-6 8.79498E-6 6.41932E-6 6.91947E-6 6.32377E-6 8.49477E-6 1.05293E-5
-9999 -9999 -9999 -9999 -9999 -9999 -9999 -9999 -9999 -9999 -9999 -9999 -9999 -9999 -9999 -9999 -9999 5.26271E-5 -9999 4.19329E-5 3.68807E-5 3.10814E-5 2.8766E-5 2.61377E-5 2.49089E-5 2.55958E-5 2.29336E-5 2.08201E-5 1.91322E-5 1.70431E-5 1.56116E-5 1.55013E-5 1.59853E-5 1.62461E-5 1.63429E-5 -9999 -9999 -9999 -9999 -9999 -9999 1.89293E-5 1.6354E-5 1.57143E-5 1.51731E-5 1.44283E-5 1.32642E-5 1.2485E-5 1.24457E-5 1.28676E-5 1.23112E-5 1.11707E-5 1.13225E-5 1.13254E-5 1.10912E-5 1.07881E-5 1.09986E-5 5.26636E-6 4.55752E-6 6.68778E-6 6.9237E-6 8.79072E-6 7.48915E-6 6.5315E-6 1.14923E-5 1.0609E-5
-9999 -9999 -9999 -9999 -9999 -9999 -9999 -9999 -9999 -9999 -9999 -9999 -9999 -9999 -9999 -9999 -9999 -9999 -9999 4.37844E-5 3.49148E-5 2.85851E-5 2.61968E-5 2.54324E-5 2.4496E-5 2.20226E-5 2.12036E-5 1.93934E-5 1.88335E-5 1.75841E-5 1.65711E-5 1.66804E-5 1.68127E-5 1.69883E-5 1.6648E-5 1.80357E-5 2.12885E-5 -9999 -9999 2.06931E-5 1.87424E-5 1.78982E-5 1.39064E-5 1.56121E-5 1.48868E-5 1.49225E-5 1.48815E-5 1.38638E-5 1.51088E-5 -9999 -9999 1.26892E-5 1.12942E-5 1.12478E-5 1.11221E-5 1.09356E-5 1.13121E-5 8.83674E-6 7.71559E-6 8.21933E-6 7.19814E-6 7.68608E-6 7.91059E-6 1.18508E-5 1.30963E-5 1.38565E-5
-9999 -9999 -9999 -9999 -9999 -9999 -9999 -9999 -9999 -9999 -9999 -9999 -9999 -9999 -9999 -9999 -9999 -9999 -9999 4.38293E-5 3.74877E-5 3.28713E-5 3.20183E-5 2.83896E-5 2.41565E-5 2.36021E-5 2.12294E-5 1.95254E-5 1.8049E-5 1.77056E-5 1.65945E-5 1.77175E-5 1.79799E-5 1.88167E-5 1.83556E-5 1.76388E-5 1.85464E-5 1.90247E-5 1.84775E-5 1.91169E-5 1.78623E-5 1.6791E-5 1.5292E-5 1.5328E-5 1.60599E-5 1.62459E-5 1.58162E-5 1.37981E-5 1.51839E-5 1.50278E-5 1.39901E-5 -9999 1.32118E-5 1.13911E-5 1.12442E-5 1.1184E-5 1.1311E-5 4.64261E-6 7.84601E-6 5.65201E-6 7.9833E-6 1.19853E-5 1.19895E-5 1.20806E-5 1.30513E-5 1.59958E-5
-9999 -9999 -9999 -9999 -9999 -9999 -9999 -9999 -9999 -9999 -9999 -9999 -9999 -9999 -9999 -9999 -9999 -9999 -9999 -9999 4.00551E-5 3.78406E-5 3.45018E-5 3.10795E-5 2.82889E-5 2.37498E-5 2.12263E-5 1.9603E-5 1.89139E-5 1.68677E-5 1.70587E-5 1.88389E-5 1.92778E-5 1.90392E-5 1.98948E-5 1.98696E-5 2.02205E-5 1.75781E-5 1.8313E-5 2.00875E-5 1.83886E-5 1.85668E-5 1.748E-5 1.73407E-5 1.81608E-5 1.66406E-5 1.77779E-5 -9999 1.5901E-5 -9999 1.5036E-5 -9999 -9999 1.11124E-5 1.17102E-5 1.1703E-5 7.90998E-6 1.47251E-6 3.027E-6 8.41695E-6 8.0539E-6 1.21911E-5 1.23132E-5 1.22044E-5 1.50396E-5 1.8311E-5
-9999 -9999 -9999 -9999 -9999 -9999 -9999 -9999 -9999 -9999 -9999 -9999 -9999 -9999 -9999 -9999 -9999 -9999 -9999 -9999 -9999 4.17436E-5 3.81202E-5 3.2471E-5 2.88064E-5 2.60439E-5 2.02006E-5 1.88086E-5 1.87239E-5 1.87174E-5 1.82767E-5 1.86758E-5 2.00012E-5 2.00993E-5 2.00619E-5 1.68338E-5 1.87982E-5 1.93384E-5 1.71237E-5 2.0144E-5 2.2005E-5 2.09085E-5 2.07119E-5 2.18119E-5 2.05265E-5 2.29875E-5 -9999 1.82829E-5 1.67272E-5 -9999 -9999 -9999 -9999 8.82666E-6 7.6964E-6 7.97493E-6 9.44499E-6 2.75447E-6 5.71447E-6 8.92811E-6 8.70612E-6 1.27168E-5 1.27671E-5 1.2553E-5 1.30254E-5 1.44452E-5
-9999 -9999 -9999 -9999 -9999 -9999 -9999 -9999 -9999 -9999 -9999 -9999 -9999 -9999 -9999 -9999 -9999 -9999 -9999 -9999 5.00914E-5 4.15273E-5 3.76053E-5 3.42066E-5 3.04733E-5 2.85368E-5 2.2337E-5 1.99309E-5 1.59285E-5 1.95856E-5 1.95345E-5 1.98889E-5 1.7661E-5 1.98146E-5 1.74239E-5 1.75177E-5 1.85943E-5 2.09569E-5 2.33876E-5 3.57136E-5 3.55186E-5 3.39611E-5 3.06532E-5 3.14696E-5 3.64071E-5 3.24211E-5 2.50238E-5 1.88339E-5 1.39946E-5 1.50743E-5 1.51953E-5 -9999 -9999 -9999 8.87159E-6 6.646E-6 9.18099E-6 5.65014E-6 2.2412E-6 2.96107E-6 8.4209E-6 8.40403E-6 1.02125E-5 1.40579E-5 1.06902E-5 1.38055E-5
-9999 -9999 -9999 -9999 -9999 -9999 -9999 -9999 -9999 -9999 -9999 -9999 -9999 -9999 -9999 -9999 -9999 -9999 -9999 -9999 -9999 -9999 4.25571E-5 3.89344E-5 3.3604E-5 3.0906E-5 2.65331E-5 2.39198E-5 1.94429E-5 2.38468E-5 2.14859E-5 1.83896E-5 1.91466E-5 2.33143E-5 2.16763E-5 1.90041E-5 2.05978E-5 2.46744E-5 3.80356E-5 4.71043E-5 4.68071E-5 4.64075E-5 4.09419E-5 3.12398E-5 2.32842E-5 1.95335E-5 8.16173E-6 5.41633E-6 6.76704E-6 7.91817E-6 1.09534E-5 1.14608E-5 1.10972E-5 7.42403E-6 1.03522E-5 8.89807E-6 4.98501E-6 1.60547E-6 5.80078E-6 6.38744E-6 9.62981E-6 1.04319E-5 5.42337E-6 8.74734E-6 1.03298E-5 9.30597E-6
-9999 -9999 -9999 -9999 -9999 -9999 -9999 -9999 -9999 -9999 -9999 -9999 -9999 -9999 -9999 -9999 -9999 -9999 -9999 -9999 -9999 -9999 -9999 4.05753E-5 3.96972E-5 3.47208E-5 3.17595E-5 2.64719E-5 2.44241E-5 2.45603E-5 2.22661E-5 2.24582E-5 2.40296E-5 2.36259E-5 2.18228E-5 2.23803E-5 2.49625E-5 3.4734E-5 5.41721E-5 4.33985E-5 4.56237E-5 4.63819E-5 3.23942E-5 8.96606E-6 1.5176E-5 6.85273E-6 4.3257E-6 1.16197E-5 1.13749E-5 1.17946E-5 1.08825E-5 7.0238E-6 9.82134E-6 9.38546E-6 9.40815E-6 8.37387E-6 9.73385E-6 4.52107E-6 3.96037E-6 1.02744E-5 1.10005E-5 1.0486E-5 8.88642E-6 9.8759E-6 2.4314E-5 3.74503E-5
-9999 -9999 -9999 -9999 -9999 -9999 -9999 -9999 -9999 -9999 -9999 -9999 -9999 -9999 -9999 -9999 -9999 -9999 -9999 -9999 -9999 -9999 -9999 -9999 -9999 4.03522E-5 3.74913E-5 3.51608E-5 3.2827E-5 2.55419E-5 2.65103E-5 2.70808E-5 2.69588E-5 2.69614E-5 2.62638E-5 2.80719E-5 3.5552E-5 -9999 5.87452E-5 4.62467E-5 4.84459E-5 4.14154E-5 1.49421E-5 6.42882E-6 1.55483E-5 9.22937E-6 1.34429E-5 1.40875E-5 1.30775E-5 9.88776E-6 1.01217E-5 8.81367E-6 8.89236E-6 7.56237E-6 6.85967E-6 9.08186E-6 9.73828E-6 3.11274E-6 2.61672E-6 1.17117E-5 1.2147E-5 1.21482E-5 1.29046E-5 1.40811E-5 3.35628E-5 1.36457E-5
-9999 -9999 -9999 -9999 -9999 -9999 -9999 -9999 -9999 -9999 -9999 -9999 -9999 -9999 -9999 -9999 -9999 -9999 -9999 -9999 -9999 -9999 -9999 -9999 -9999 -9999 -9999 3.73752E-5 3.46155E-5 3.321E-5 3.19531E-5 3.15962E-5 3.24454E-5 3.11189E-5 -9999 -9999 -9999 -9999 -9999 -9999 4.61694E-5 3.36791E-5 2.38294E-5 1.29155E-5 1.51207E-5 1.47533E-5 1.26279E-5 1.06765E-5 1.04574E-5 1.02557E-5 9.04857E-6 8.41392E-6 7.27491E-6 6.93304E-6 6.90397E-6 7.27191E-6 8.64542E-6 6.7749E-6 1.01942E-5 7.52802E-6 1.32997E-5 1.2934E-5 1.46076E-5 1.25697E-5 1.51547E-5 1.19068E-5
-9999 -9999 -9999 -9999 -9999 -9999 -9999 -9999 -9999 -9999 -9999 -9999 -9999 -9999 -9999 -9999 -9999 -9999 -9999 -9999 -9999 -9999 -9999 -9999 -9999 -9999 -9999 -9999 -9999 -9999 -9999 3.86492E-5 3.86738E-5 -9999 -9999 -9999 -9999 -9999 -9999 3.73709E-5 3.47897E-5 2.49238E-5 1.97732E-5 1.51873E-5 1.45197E-5 1.26073E-5 9.7054E-6 1.09402E-5 1.04015E-5 1.00161E-5 8.27525E-6 6.9802E-6 5.99681E-6 8.10503E-6 7.60492E-6 6.08183E-6 6.74868E-6 1.2584E-5 1.54339E-5 1.61855E-5 1.1639E-5 1.45628E-5 1.42657E-5 1.21171E-5 1.21839E-5 2.01961E-5
-9999 -9999 -9999 -9999 -9999 -9999 -9999 -9999 -9999 -9999 -9999 -9999 -9999 -9999 -9999 -9999 -9999 -9999 -9999 -9999 -9999 -9999 -9999 -9999 -9999 -9999 -9999 -9999 -9999 -9999 -9999 -9999 -9999 -9999 -9999 -9999 -9999 -9999 -9999 3.25192E-5 1.09976E-5 2.17691E-5 1.836E-5 1.55586E-5 1.35125E-5 1.16054E-5 1.09449E-5 6.98925E-6 9.39867E-6 1.0358E-5 7.4819E-6 7.11748E-6 2.51023E-6 6.11158E-6 4.66798E-6 3.85578E-6 2.63374E-6 1.25013E-5 1.42705E-5 1.48643E-5 1.49178E-5 1.55449E-5 1.42889E-5 1.23554E-5 1.60452E-5 2.03349E-5
-9999 -9999 -9999 -9999 -9999 -9999 -9999 -9999 -9999 -9999 -9999 -9999 -9999 -9999 -9999 -9999 -9999 -9999 -9999 -9999 -9999 -9999 -9999 -9999 -9999 -9999 -9999 -9999 -9999 -9999 -9999 -9999 -9999 -9999 -9999 -9999 -9999 -9999 3.18174E-5 1.34503E-5 1.8649E-5 1.44969E-5 9.52281E-6 1.38507E-5 1.21224E-5 1.06215E-5 6.75966E-6 7.67099E-6 8.45119E-6 7.25707E-6 6.40586E-6 6.89572E-6 6.175E-6 7.36645E-6 7.57014E-6 2.14958E-6 3.89291E-6 1.02222E-5 1.42326E-5 1.37442E-5 1.40725E-5 1.58302E-5 1.37009E-5 1.71466E-5 1.40553E-5 1.54977E-5
-9999 -9999 -9999 -9999 -9999 -9999 -9999 -9999 -9999 -9999 -9999 -9999 -9999 -9999 -9999 -9999 -9999 -9999 -9999 -9999 -9999 -9999 -9999 -9999 -9999 -9999 -9999 -9999 -9999 -9999 -9999 -9999 -9999 -9999 -9999 4.51125E-5 3.75726E-5 3.38485E-5 2.74906E-5 2.33884E-5 7.92751E-6 1.2774E-5 1.47525E-5 6.86005E-6 4.80189E-6 3.27746E-6 4.298E-6 7.50154E-6 6.99967E-6 6.18738E-6 6.42165E-6 6.73556E-6 6.19553E-6 9.20444E-6 6.49628E-6 9.66035E-6 1.00112E-5 1.20214E-5 1.36145E-5 1.41079E-5 1.39924E-5 1.68444E-5 1.82563E-5 1.79023E-5 1.59851E-5 1.5075E-5
-9999 -9999 -9999 -9999 -9999 -9999 -9999 -9999 -9999 -9999 -9999 -9999 -9999 -9999 -9999 -9999 -9999 -9999 -9999 -9999 -9999 -9999 -9999 -9999 -9999 4.13554E-5 -9999 -9999 -9999 -9999 5.46741E-5 -9999 4.21167E-5 3.87442E-5 3.32569E-5 2.68195E-5 2.12099E-5 2.42839E-5 1.90174E-5 1.5966E-5 1.53802E-5 9.36653E-6 1.2107E-5 1.1407E-5 5.60409E-6 6.04479E-6 3.87918E-6 6.72382E-6 2.87559E-6 3.64666E-6 5.53329E-6 5.94699E-6 7.55244E-6 7.47406E-6 6.74998E-6 7.58896E-6 9.61703E-6 5.42104E-6 1.36328E-5 1.50913E-5 1.75768E-5 1.86434E-5 1.86583E-5 1.71865E-5 1.62522E-5 1.66332E-5
-9999 -9999 -9999 -9999 -9999 -9999 -9999 -9999 -9999 -9999 -9999 -9999 -9999 -9999 -9999 -9999 -9999 -9999 -9999 -9999 -9999 -9999 -9999 -9999 4.12493E-5 4.09954E-5 -9999 -9999 4.3186E-5 4.13422E-5 4.13037E-5 3.7933E-5 3.35244E-5 3.26337E-5 2.85432E-5 2.46705E-5 2.13328E-5 1.8042E-5 7.42192E-6 1.24121E-5 5.20838E-6 6.61681E-6 1.03918E-5 8.57178E-6 9.14305E-6 6.21649E-6 1.02934E-6 1.16333E-6 1.2436E-6 3.1973E-6 5.63022E-6 6.2528E-6 6.40998E-6 6.3144E-6 1.04846E-5 8.91518E-6 8.67833E-6 1.21033E-5 1.42518E-5 1.67602E-5 1.4877E-5 1.59997E-5 2.53284E-5 1.72577E-5 1.92852E-5 1.95159E-5
-9999 -9999 -9999 -9999 -9999 -9999 -9999 -9999 -9999 -9999 -9999 -9999 -9999 -9999 -9999 -9999 -9999 -9999 -9999 -9999 -9999 -9999 -9999 -9999 -9999 4.36727E-5 4.93733E-5 5.06911E-5 4.01387E-5 3.37499E-5 3.01207E-5 2.7966E-5 2.54225E-5 2.64747E-5 2.48535E-5 2.38396E-5 1.76117E-5 9.8356E-6 1.23454E-5 8.10962E-6 7.01013E-6 3.69094E-6 1.34762E-6 4.29842E-6 7.90615E-6 7.44941E-6 7.98658E-7 5.89098E-6 3.16739E-6 4.74795E-6 4.8736E-6 8.95513E-6 9.8142E-6 7.74255E-6 6.68976E-6 7.89337E-6 1.19458E-5 1.21832E-5 1.61597E-5 1.4996E-5 1.45991E-5 1.7278E-5 2.53302E-5 -9999 -9999 2.20396E-5
-9999 -9999 -9999 -9999 -9999 -9999 -9999 -9999 -9999 -9999 -9999 -9999 -9999 -9999 -9999 -9999 -9999 -9999 -9999 -9999 -9999 -9999 -9999 -9999 -9999 4.2719E-5 4.51371E-5 4.29298E-5 3.08519E-5 2.88043E-5 1.72318E-5 1.77119E-5 2.14014E-5 2.39877E-5 1.70453E-5 1.40992E-5 1.75266E-5 7.22463E-6 8.73182E-6 9.17858E-6 8.24601E-6 9.19197E-6 3.17997E-6 1.62488E-6 4.23835E-6 6.48781E-6 3.37639E-6 4.93702E-6 3.71158E-6 4.57128E-6 4.15677E-6 5.41814E-6 7.36266E-6 7.78357E-6 1.05396E-5 1.20415E-5 1.16279E-5 1.42259E-5 1.32766E-5 1.36824E-5 1.44446E-5 2.22974E-5 -9999 -9999 -9999 1.63279E-5
-9999 -9999 -9999 -9999 -9999 -9999 -9999 -9999 -9999 -9999 -9999 -9999 -9999 -9999 -9999 -9999 -9999 -9999 -9999 -9999 -9999 -9999 -9999 -9999 -9999 -9999 4.57762E-5 4.37182E-5 3.5594E-5 3.26161E-5 2.87448E-5 2.23871E-5 1.70985E-5 1.45053E-5 1.62438E-5 1.29265E-5 1.15609E-5 5.05162E-6 6.62406E-6 6.37638E-6 7.83011E-6 4.96758E-6 2.61819E-6 7.79865E-6 7.14202E-6 6.48661E-6 5.66438E-6 5.36516E-6 6.83372E-6 5.28056E-6 1.10713E-6 5.39758E-6 5.96777E-6 7.91298E-6 7.15379E-6 8.66655E-6 1.01252E-5 1.63332E-5 1.65267E-5 1.33718E-5 1.64143E-5 2.97803E-5 -9999 -9999 2.18381E-5 8.67109E-6
-9999 -9999 -9999 -9999 -9999 -9999 -9999 -9999 -9999 -9999 -9999 -9999 -9999 -9999 -9999 -9999 -9999 -9999 -9999 -9999 -9999 -9999 -9999 -9999 -9999 -9999 -9999 4.43481E-5 4.22552E-5 3.75252E-5 3.0109E-5 2.56211E-5 2.29249E-5 2.05923E-5 1.41564E-5 1.75994E-6 6.73577E-6 1.19891E-5 4.12459E-6 5.41319E-6 4.94359E-6 8.84234E-6 7.04889E-6 7.70381E-6 3.74162E-6 7.8925E-6 6.43127E-6 6.17351E-6 5.79751E-6 5.31417E-6 5.42047E-6 6.51856E-6 6.79904E-6 6.66597E-6 1.06862E-5 1.14874E-5 1.31639E-5 1.61146E-5 1.25977E-5 1.43109E-5 2.31063E-5 -9999 -9999 -9999 1.9143E-5 2.17455E-5
-9999 -9999 -9999 -9999 -9999 -9999 -9999 -9999 -9999 -9999 -9999 -9999 -9999 -9999 -9999 -9999 -9999 -9999 -9999 -9999 -9999 -9999 -9999 -9999 -9999 -9999 -9999 -9999 4.28796E-5 4.04749E-5 3.79905E-5 3.28808E-5 2.13003E-5 1.73129E-5 1.7067E-5 1.09528E-5 1.22731E-5 1.38329E-5 1.1339E-5 1.12815E-5 8.19958E-6 8.34108E-6 6.7379E-6 8.34497E-6 6.76349E-6 4.63418E-6 4.67742E-6 1.79423E-6 3.52495E-6 5.19248E-6 4.3343E-6 5.45011E-6 7.53265E-6 9.20061E-6 7.46741E-6 1.147E-5 1.42224E-5 1.45904E-5 1.26507E-5 1.3159E-5 2.89904E-5 -9999 -9999 -9999 2.9868E-5 2.15269E-5
-9999 -9999 -9999 -9999 -9999 -9999 -9999 -9999 -9999 -9999 -9999 -9999 -9999 -9999 -9999 -9999 -9999 -9999 -9999 -9999 -9999 -9999 -9999 -9999 -9999 -9999 -9999 -9999 -9999 4.36299E-5 3.97569E-5 4.20418E-5 1.80602E-5 1.68868E-5 1.69121E-5 1.76785E-5 1.65906E-5 9.62326E-6 7.93739E-6 1.10396E-5 1.18554E-5 1.17667E-5 9.33229E-6 8.4149E-6 9.76276E-6 8.80023E-6 7.12531E-6 8.71559E-6 4.28138E-6 5.35733E-6 6.51453E-6 4.98971E-6 7.3107E-6 9.47757E-6 7.13073E-6 1.12242E-5 1.27086E-5 1.53827E-5 1.61766E-5 1.91346E-5 2.80112E-5 -9999 -9999 -9999 -9999 1.09489E-5
-9999 -9999 -9999 -9999 -9999 -9999 -9999 -9999 -9999 -9999 -9999 -9999 -9999 -9999 -9999 -9999 -9999 -9999 -9999 -9999 -9999 -9999 -9999 -9999 -9999 -9999 -9999 -9999 -9999 -9999 -9999 4.10563E-5 3.96222E-5 1.71278E-5 1.17854E-5 1.81677E-5 1.10082E-5 1.7612E-5 1.54256E-5 1.52755E-5 1.93955E-5 1.16093E-5 8.7624E-6 9.00962E-6 7.32974E-6 7.3742E-6 5.22111E-6 8.8955E-6 5.91194E-6 5.3849E-6 4.89426E-6 5.15369E-6 5.3987E-6 8.62949E-6 6.4942E-6 1.04743E-5 1.10303E-5 1.01958E-5 1.37846E-5 1.00985E-5 9.05845E-6 -9999 -9999 -9999 3.31227E-5 1.27899E-5
-9999 -9999 -9999 -9999 -9999 -9999 -9999 -9999 -9999 -9999 -9999 -9999 -9999 -9999 -9999 -9999 -9999 -9999 -9999 -9999 -9999 -9999 -9999 -9999 -9999 -9999 -9999 -9999 -9999 -9999 -9999 -9999 -9999 4.42713E-5 2.4165E-5 2.84785E-5 2.28354E-5 1.37306E-5 1.73537E-5 1.43606E-5 1.17175E-5 9.84943E-6 1.05173E-5 7.68806E-6 7.80215E-6 5.41998E-6 6.89096E-6 6.88602E-6 6.34159E-6 7.1047E-6 5.36558E-6 8.54305E-6 7.36344E-6 8.67762E-6 7.83435E-6 6.95752E-6 8.02813E-6 1.11725E-5 1.11944E-5 1.20175E-5 1.34951E-5 1.83152E-5 -9999 -9999 -9999 3.2918E-5
