catData/variables/futureClimate2070/rcp45/GFDL_CM3_2070_rcp45/bio16.asc
NCOLS 409 
NROWS 350 
XLLCORNER 60.897278365 
YLLCORNER 5.843756025 
CELLSIZE 0.0892857 
NODATA_value -9999 
[rows 225 to 249 of 350, columns 168 to 223 of 409]
411.667322912233 425.378956655501 440.435468659321 464.525633500285 487.422257624172 512.672303084348 532.893859392046 561.714838465526 585.621411774355 604.868878980003 616.146545635274 625.145431888806 637.956223000005 656.967130396064 674.246408706922 690.380901539847 714.901990152594 741.354046990253 753.367692349291 765.593666958773 774.308747549142 778.324377579484 761.990530631361 725.880932162033 686.952722933953 654.679687292999 627.220489503057 602.006072525408 579.810696180008 560.087575279169 542.669935646129 528.791193686416 522.609623045051 517.434858614661 512.998385212037 514.249752308868 524.650330033644 540.26622652715 553.781134877251 568.62943554994 585.984899141246 598.935241110919 607.168685463738 610.142951388298 614.057938634643 624.577982137827 649.154182313278 683.836222826729 706.510414291673 699.320503304336 689.669305312469 692.347768120596 695.625544074665 684.394535626732 662.721534420185 638.82995509561
418.972538961308 428.459044619605 435.903261462767 459.306304324632 481.497687383529 502.659973492366 525.226151334844 556.746651979297 586.328309579999 603.525456830447 611.648009705383 617.861689715911 624.535703052709 628.912309363838 640.094952987796 670.53396191681 696.141438967008 718.008772964731 727.417296778748 738.415635100813 749.560553428586 760.245474013745 757.51339017278 736.477889660634 708.262824967655 676.476464035566 643.873694430065 614.503371356919 589.055178083751 566.99941460684 548.351136777451 532.912716988326 517.652645850602 504.317940227784 498.53582748 502.031414120002 512.443206658929 524.660548463353 536.858011626838 548.440185331531 558.086703826975 565.85100943409 574.053705849387 580.808353415298 588.970084337699 596.482273558042 612.575438965288 636.810340504579 659.888940648788 665.575170595156 657.096755951438 663.041286479756 669.842305898545 662.661595526688 654.71634665613 644.470240927309
435.250121241676 438.296225445003 440.628343957447 458.29644964445 476.666818189158 495.423250751787 516.221597995157 544.450917055976 575.535864293061 593.933769673929 602.509345108443 603.98568110838 602.058451604499 589.454607478319 594.8632075874 623.048045947515 645.787534298846 675.35903702285 697.168550453227 714.522769444064 725.453870456523 740.743265707164 754.451924177779 748.391028767988 722.781927276837 690.043269118582 656.457027696068 624.591381763599 599.308515767519 576.963936559733 557.46682185897 536.761115622454 514.239384395832 493.25381974386 485.039978463724 488.727588420002 499.353428120075 510.972906701939 520.384833570492 528.026218748567 534.4644350114 540.76561838 546.993516524707 552.279892773261 557.132915803627 560.672220585551 563.950829116522 574.972217279801 603.205635213905 631.594006322085 637.638522602649 648.480811197469 658.099439543899 658.388853763604 655.89416276 649.75352644
439.668647633641 442.81335450786 440.551384633967 456.161647980154 475.809138107308 492.965068110953 512.834042973211 535.045119198761 562.114046459998 582.659939410609 590.157540734396 585.281397036444 575.209535732481 560.464782545467 565.92211472442 589.612688442838 612.357438373303 635.719664100001 662.613144416827 688.866666455602 704.180204399157 721.539908729174 745.021329323019 751.269678302084 729.761283784737 694.186414905713 660.531079601568 630.874381527723 607.395152613871 588.32143819336 571.008969516955 548.226200635356 516.890864899991 487.665300153842 478.234771822054 482.215155691807 490.879524329246 499.234887341048 506.031675424636 510.535953304649 513.579170428225 518.711085722062 523.796298339973 527.28493024 528.235968151827 525.676305733863 523.82287694355 507.93155591671 523.879975258283 568.447241161019 607.905229692987 637.695521994939 655.701344685314 664.388393850132 664.37604706 657.229741133577
468.972355415794 472.684425703059 448.480280349236 447.557160469533 466.456495638225 493.510799015933 503.614606067652 515.02104324337 538.442547492463 557.029405102268 562.993407528575 559.70982438799 553.835483145199 548.35793191533 552.460249082208 568.121368062993 588.337168856365 610.813434332924 637.756133293901 663.099624369022 686.899093172203 708.966851114302 728.516900991188 732.490980747284 715.852208593986 688.013246639515 659.433732549834 633.885789663414 613.994199165174 599.067088740302 586.566338683624 567.715016640749 532.69407259999 503.253912988583 491.085329841516 487.523162755687 489.442066489655 493.03806801822 495.935813202358 496.652363388407 496.098132002131 500.0327161479 506.551692772327 510.643856650703 510.868196007236 506.916108267454 503.466360737427 475.086932869451 483.47143527093 532.803094023699 584.461305121995 627.091946139421 659.93213386915 676.616790234466 678.03660436 665.795237423916
462.007887444348 454.688316858523 447.949109249667 443.6765142 451.217324780401 478.895461002654 483.795201721466 492.743792629381 510.832708966594 526.79919767895 533.030504708354 533.27278985328 532.451558474331 533.460982316571 539.274457285977 550.490093284621 567.028830692817 588.677088394196 617.321361647208 646.47219400601 673.934317940004 696.851105440465 711.024540237557 709.944508834683 695.781230160077 676.956495687189 656.347869025946 637.267294804745 621.485792316479 609.112629719997 598.914542716466 585.300628486418 556.54936710929 530.753498588499 514.206342830689 499.762591596505 492.697667068406 490.243717744239 489.645648094145 488.398114780557 485.33503114578 488.698122890111 495.380138310669 500.716434738738 503.516454254071 505.070531958968 507.967680760831 508.421377705416 520.866255580654 544.982822962794 579.090162365683 619.345504755061 661.049717421859 686.902002415945 692.283330447693 677.674280228396
436.782180887547 438.369398664016 445.468834223316 436.629678563931 437.387753971636 454.380815911365 464.01553996045 470.477466770981 483.283331664015 497.093248933925 505.347569960336 510.036513690193 513.741728338378 518.236604348621 526.896216024554 536.741010641575 548.028200878053 568.524705083821 599.985719064614 632.848396186663 663.315140774364 685.297470249223 694.990975494323 691.301608094893 679.998587352386 669.825816545564 658.677035924288 646.387007126262 634.691669467784 622.592550226373 613.592912260001 603.221381011365 581.701233806433 559.796812090967 530.873902256139 509.653361801994 496.67196740917 488.815069996281 484.739587088447 483.010992343917 482.239396129894 485.405472625976 490.934200057007 497.605784288037 501.24828844 507.19126407047 519.759807623375 540.282655862783 556.339040199089 560.283259412105 573.822596121399 599.621637979699 639.946380918394 683.188951506502 700.291303611929 684.666901438452
417.414411345662 415.441038445721 433.535174568898 437.930092554794 431.868230103208 432.495015942336 439.792626800803 446.567968371341 462.422498179245 475.885932253597 483.942936340002 492.167275006566 497.879224162664 507.546151284224 522.132714403665 533.224490852213 537.805734389539 559.450681547315 589.740103468795 621.799544219362 651.884811527521 673.895015935388 681.598356188911 679.885815056667 674.892472175514 671.977808992886 668.627221109905 662.057803196027 653.706792372724 641.630512139996 630.732886935701 618.447927831567 597.265280708419 571.942939570572 542.879463598995 516.721884182141 498.173648553949 487.054870729735 479.040684200312 475.59035962 477.748801907802 483.787666565968 490.723148569347 498.542691616704 501.863719115943 505.288864145765 519.531517838776 541.34970392 554.711988273924 561.101806259165 565.493017418078 577.252342086718 614.684423697431 678.094368654945 699.824083022914 680.335983759885
424.606743925954 408.312158919423 412.680054578577 424.284201466486 424.747490017519 421.033509101738 425.002117058236 436.145038503207 452.873653565927 467.369172560166 473.153254920767 479.611000234825 485.069100162424 502.219846628944 526.010331068615 547.307508813894 561.148074398832 573.573463455646 591.827778367026 613.957879099147 635.09810399329 653.453098177416 664.257802372324 671.766484000623 677.47001743861 682.807522191752 686.754035799363 685.287827799346 677.881374839739 663.854968104744 646.531357300036 629.664286203533 609.463482995132 582.355330411457 550.76946273109 521.622244748179 499.313688123277 480.660070390542 469.097502794774 468.264240014463 475.529261977284 483.298431325993 492.843560668427 504.183286866841 508.4740619381 505.375684061806 516.603856972837 539.548197659612 551.274403872443 558.751672562387 564.694417584878 577.316934679315 610.421066288331 663.664579296719 685.233440490349 673.597424615565
425.389011628455 421.687453282356 414.996553509691 412.151127605306 414.179942036828 420.915899434767 427.387975216696 433.704626472584 443.683453505628 453.627115456095 462.544279108683 469.327304534983 480.664655798813 504.603415433767 533.130140333775 561.11037878001 581.873614464839 587.222104623404 593.582056115726 603.767323097095 615.126129430869 628.190443340003 643.148633683068 660.134716410832 676.889085958628 693.227806558716 707.58603461881 709.828452886111 701.896708679999 678.481918065286 665.915060162666 646.150667670371 624.211302453927 596.293429514508 558.905834812084 525.072196566415 493.672350500292 471.82034911765 466.366186375954 468.18542796401 476.886727080005 487.48333657811 500.639491868052 517.896186464208 530.876130968512 538.374991285953 546.31022301443 553.07365117268 551.673603319215 556.530228683141 575.922606721933 602.184305870538 624.569178164796 646.82053931516 671.886644188524 688.869080723239
432.411648445145 433.359749270906 422.773547020001 415.838466452168 414.549305468778 423.339483094155 426.761162298874 422.893577317664 426.404070910955 433.572192787294 449.622992703519 468.377772139432 490.145377921494 515.670307622105 540.682905286191 563.651371662879 577.772770028523 582.027900350124 581.716017614136 584.434358518707 592.138015773019 603.648301426639 620.941357359308 643.717678251926 668.216915089301 690.738559537319 709.687995580005 717.006298490647 714.383618283664 703.779053598049 700.565704851013 680.729717713306 652.760503627779 608.744576843934 565.000638615669 527.343394815805 488.707726411857 471.523254350626 468.165477795912 467.251151647927 474.476275980005 488.521963870087 507.460303724553 529.619579428106 558.599031103601 597.559128401487 604.402621468319 571.809305546992 550.326094381888 555.398636116438 578.571207140002 611.603335033547 631.498657689721 642.708675421835 669.911065309572 707.037015363446
447.167565166213 440.938468442654 427.749611995563 424.898180094644 423.90154947685 420.39062840815 416.826027685732 409.99735185788 411.72468540915 422.099904920003 441.792531894069 470.086046589431 499.789442234211 524.783352905496 546.237187171673 561.985946162219 568.797883683067 566.627355631394 561.507648730371 560.577395010097 564.765794819724 575.046812300002 593.565500730923 620.684028468747 651.130747063146 672.010277808967 687.353765587782 704.353045731582 721.361254552991 734.579213047837 737.266998300279 701.378345896799 650.301244188728 607.248891221681 568.827745623325 526.618492150473 490.152498197267 473.279187833819 466.091524807777 461.216149057846 462.557469699584 474.359461513958 493.19322942389 516.785347411372 552.310295908054 600.56220212993 605.272218429336 562.312418308201 544.08854786 549.169639077986 567.666160179994 597.192989894682 619.450564391951 632.946615057987 659.371307068059 692.835980243573
464.057908192613 451.534714344883 433.081358394016 427.693953295148 418.825730039997 410.865308310762 401.1082335349 396.661925585759 401.546056396285 415.116106888838 436.653414503411 467.388041112401 500.62906628416 528.819408301491 549.26652806128 559.502544118257 558.709127578634 548.585614841019 539.814459114052 535.480314562784 534.990068193537 541.18127405544 558.075498617461 583.93316149923 615.105506498499 634.530960505291 649.889115988903 679.629120643203 718.044061718847 753.990054963827 786.193725744922 778.013674791588 677.92898537916 622.423359258836 577.305033573836 523.410226371867 488.347956711333 471.471172041697 458.982959554376 444.484495131067 438.3558834008 444.73836590767 457.55537133374 478.019844439909 501.789954364684 523.139707238009 531.510450568916 528.049525595725 528.32877458488 537.44037445586 555.925507408189 580.631808992241 601.926720040932 617.625213139839 644.375842360007 670.823420936829
457.814977419862 460.880539834624 437.907618944587 420.746539069155 421.44726083157 407.889917619841 393.913250359824 386.68605195735 391.810694692004 404.928923635965 429.621170173188 463.894739135839 499.846217827863 529.956109589245 548.368212096332 556.50351104013 550.984871019252 534.853240577989 521.985737499998 516.817378877734 512.805867081311 512.703669381186 523.692856660451 539.868110468885 559.197511335204 575.803511112094 602.504907053439 649.172789854824 706.05479120353 761.821787362866 816.034370793208 786.30912281218 657.952451818994 628.905170393531 567.737246026874 509.136792414685 454.419694197013 440.956702844876 432.698791057874 420.370847819498 419.733718136518 424.438543167728 431.587934243084 449.747409451307 466.75478162993 474.534854340672 483.728000211089 497.842774429715 507.762634211651 522.713182621773 543.309873960001 572.199656194657 599.276841280002 -9999 -9999 679.158848162409
428.175996463747 446.148026505005 443.181540230968 428.46571514768 406.220106073328 393.970103149856 386.433221932943 383.73659520696 386.452922679901 400.535402261548 428.087893132749 463.431538630352 497.506722307072 525.638217483781 540.965957330743 546.672414857212 543.344760719107 530.81172138532 516.279366474717 507.188029004076 501.480175699602 498.907017828792 499.880550694016 506.990288792827 514.789989293609 519.869828817496 555.45244488073 615.726632519866 678.854494798223 738.529065248776 787.184003471827 729.706491391456 652.369363760688 623.25687326769 545.635075090793 472.135800855747 403.767027943827 381.833599065304 396.207193583111 402.410728521962 409.128251852441 419.835451492649 436.525401717233 457.312083317372 476.795828537021 489.781136879356 496.61430662336 495.203535884953 493.543259423281 507.020560527218 -9999 -9999 -9999 -9999 -9999 -9999
421.770591173217 423.274199897762 430.47504349739 429.184431049446 411.660782369463 393.372992590299 382.110046936393 375.40668380664 377.621060422893 392.3228062449 421.869372301558 454.935663484789 480.098451092972 502.387272272083 519.380551619796 526.00579028042 526.808124304427 520.853693970828 510.054379217752 504.57526668958 495.618149887239 486.583572815637 484.595009496524 491.845715113313 498.815466113896 506.052317267801 540.124955189775 590.664159030245 645.845922374957 700.356121529754 736.511226728021 668.654462132049 623.398792551064 590.136073842872 520.490848319236 439.731846669675 380.495293003784 366.682168893807 380.518636356192 396.667395690789 413.828590204259 432.196707370284 452.863140100004 475.259752212068 497.874429807998 517.495779207873 528.951861840189 521.112842295808 507.952396191434 -9999 -9999 -9999 -9999 -9999 -9999 -9999
419.947511219999 414.17565681155 410.419436231395 419.364438911904 417.119029743532 397.831445207646 381.604982190576 369.046037579516 362.578418265624 371.207764669955 395.801143019251 422.623722410963 443.842685511558 462.713492917549 481.430068539421 495.042468852199 502.176807929873 501.339340461203 499.461487831973 500.684610491618 493.376626135482 482.469992999997 474.704527425496 482.404269957602 494.789269381438 504.191597498279 527.825292060007 567.819157345982 613.354704139188 657.603766843467 684.033849424546 657.08208300947 615.653678342908 568.989568317477 498.628442752496 439.969745944378 395.616899256101 381.986443128577 385.793755060003 405.259064677521 425.832560063634 447.189031872217 468.885341900809 492.986475040008 517.62932824 541.894676250144 556.550654198235 547.512087155632 539.659701284224 -9999 -9999 -9999 -9999 -9999 -9999 -9999
409.509934359918 407.680094039998 404.202714303648 413.168255750471 420.284420807756 412.049086377722 383.487699017046 359.883362817024 348.871060316776 350.592104533301 362.690096761475 381.72777568524 401.277301120003 421.935035465842 438.860419746019 456.412245403851 471.744811922915 478.975956324843 485.13946559348 489.71487265603 485.79655194093 479.011427058761 471.686370220937 476.660330424518 484.17994827555 487.349127530406 510.070328930376 552.911273753942 597.257977008091 634.087181446698 654.718333797725 644.094117574956 606.704203493037 555.063176300078 497.201160969917 452.13044050069 415.483289171844 395.440102760729 395.049095449748 414.819176959126 436.956783451509 460.542437264244 484.53466492549 509.057901040009 533.515008246016 555.378274790792 567.802221810457 566.372710135658 -9999 -9999 -9999 -9999 -9999 -9999 -9999 -9999
399.445164666736 398.974180600847 398.16500290716 403.723422064649 407.698861311553 409.265170124031 388.39078719399 362.869169306692 346.463106500732 342.730128212611 345.287044486279 351.56447997154 364.78319022704 382.403021660002 400.617304460001 421.689123497492 442.272791917731 456.882855414144 471.299827369976 480.95218413166 484.395464884448 477.161203432406 468.374521729825 458.94147135841 451.123645659578 455.569716995913 490.932023908709 546.128628708616 594.639838783437 627.493523400982 640.138110571474 623.11834774057 596.970446794415 554.710311575294 508.887429873507 471.667516104445 438.493062549097 409.307265890337 407.896855857292 427.09284224424 449.717399031195 474.647091801868 500.289492420005 524.895147427978 548.305193401022 567.136175680003 578.075772954253 579.744927011604 -9999 -9999 -9999 -9999 -9999 -9999 -9999 -9999
387.477530640111 389.949878166326 390.286147999999 396.763790129136 405.958084821812 409.788967259227 406.738718577178 380.292462757837 352.213556138255 339.288322082561 337.455842182097 339.119845184092 343.030415203267 353.23104728559 369.898199134267 390.950185201992 414.952626664562 435.164819011113 452.736714462342 466.640791726316 474.260382731577 465.252739773671 450.640965855786 430.416194063062 406.01352540738 417.631826109084 476.621268090406 544.01000978982 597.069122611587 627.267952950306 635.355060603748 612.647311054395 592.845609648306 577.887871020502 531.561434357538 490.455798668009 454.235014164449 419.744675831528 421.888444237296 442.723625507601 466.496141110884 491.254278140003 516.427740722585 540.326306060008 562.63098475603 579.939582580004 590.809442501041 -9999 -9999 -9999 -9999 -9999 -9999 -9999 -9999 -9999
378.865811086512 381.726310687774 383.679124882858 387.698025678739 397.828362710503 413.249711078737 435.641110499449 395.933973981386 357.797792066857 341.373209408767 334.334335739617 331.48093534 333.645991321726 334.517545312036 344.541869871644 361.784554617357 388.167047260523 413.105464379734 432.262305660004 444.029915360249 445.479310938532 437.001521489317 437.210962254753 417.008899426769 381.104863283275 396.143181238799 462.724294546312 532.679957765544 586.672467580009 616.564040829899 626.057371941829 606.944645802442 588.850932111241 604.7472539267 551.35305112095 498.472847334461 453.371566465844 425.659765442286 435.00375979136 458.185518061919 482.732679249452 507.876247490162 532.629325840005 556.75683236937 578.488066 595.73958207431 605.042339333847 -9999 -9999 -9999 -9999 -9999 -9999 -9999 -9999 -9999
376.387366512546 378.291520830937 379.985623995041 380.247779618162 387.056973961087 400.339288660103 422.902079299405 417.039951226884 380.757320032095 341.134701889196 327.45525734965 319.845859786635 321.92517894427 322.337357460983 326.638896131627 340.81830296411 366.445687132121 391.179975928279 409.238050200991 416.730786431525 409.387456284925 397.020949718102 392.76995685163 391.167216519482 382.105905965039 396.787267472718 447.22796455116 506.208954868157 556.022769284447 586.891794115049 601.407734901936 592.569906628268 580.257346314837 603.659279162496 548.943625121447 491.048360347268 450.505383551875 434.093844839697 448.664542516784 473.290103940004 497.93295714001 523.307400520002 548.218663540005 573.283077398036 595.604827553956 613.342273289886 621.706197595393 -9999 -9999 -9999 -9999 -9999 -9999 -9999 -9999 -9999
377.568645600001 377.975895903955 372.758589585847 369.406026833906 373.199107282448 385.318041639999 394.20817976099 400.444467867969 376.671769238558 327.127925178715 303.100498104601 298.412772136459 303.264785247248 309.739489672529 318.677308181884 332.501617125706 350.329736177538 367.507730827667 381.489236179324 385.573316817773 381.288378323611 369.883522585497 360.441712509353 365.105898076784 378.189340935677 397.09166795106 432.697883082805 478.971790004368 522.645452711365 552.646160544872 566.043156850441 565.156425517142 558.205403619792 556.55712556227 512.212251677322 473.211754467217 446.728460084571 440.667774251199 462.057519920005 487.508941897682 512.744848609943 537.902450737817 562.665144440006 587.698423613314 611.552699017899 632.1094566888 640.329056791225 -9999 -9999 -9999 -9999 -9999 -9999 -9999 -9999 -9999
375.884642720846 373.658339530068 360.599513395177 352.175809316382 355.699725376463 364.057399070711 369.238063514911 362.959997153546 341.460836519875 299.975408325275 275.957647494122 277.122045660001 284.209476590647 296.435123287615 314.579672052133 323.700226864127 332.659238854253 345.937057335483 357.133324624201 364.066225536524 364.262264429991 355.924896839239 352.360384395163 354.231497618817 364.674335353728 389.648619136302 418.922274736682 454.170792693532 493.512426786711 520.973213334321 530.61612706857 528.400305442826 521.48469799708 505.948276751942 480.645627079458 460.337640234137 447.151255424703 446.077361979384 473.708029169831 500.261016278966 525.718278820011 550.700970240002 574.841980913225 598.815250184647 622.788519456058 645.741308314957 651.897714332275 -9999 -9999 -9999 -9999 -9999 -9999 -9999 -9999 -9999
369.446566440973 364.104355126248 346.22970753153 333.242949327731 338.575847537918 346.510635972271 345.908774430557 329.60142118847 308.836031833092 281.758928266327 267.581031473751 268.908456926021 273.796337944308 284.793051752781 306.321790883426 316.400719073102 324.865844754582 334.922525381393 341.133180413292 346.85094247375 349.36922736041 346.484699400322 346.014753193198 341.058161318846 344.795419029215 367.631083187367 403.425937093237 435.718004550425 469.274393127926 494.917669360007 504.672418120461 495.99241128403 484.131487850774 480.777278899436 469.601718579575 454.102078937087 445.544532114153 453.534275429172 483.031425981025 510.235438888799 536.111244220011 561.603395654214 584.511742041765 606.590938151953 626.694086615328 644.181008604633 646.815406276245 -9999 -9999 -9999 -9999 -9999 -9999 -9999 -9999 -9999
