catData/variables/futureClimate2070/rcp45/GFDL_CM3_2070_rcp45/bio16.asc
NCOLS 409 
NROWS 350 
XLLCORNER 60.897278365 
YLLCORNER 5.843756025 
CELLSIZE 0.0892857 
NODATA_value -9999 
[rows 25 to 49 of 350, columns 112 to 167 of 409]
-9999 -9999 -9999 -9999 383.765218683314 345.547516758745 333.348188055609 313.021897405295 317.690893454536 322.27803238329 335.084120034926 379.585798463266 409.161287744784 417.809131276981 431.216170706171 393.918183317144 404.814500216488 440.405213447656 437.948125509474 448.494831188616 457.854803310087 456.551259855339 454.913635161712 446.161467541759 403.724372240944 348.383550447013 305.722207324954 267.353305010616 257.483205671492 278.702667541866 252.375794215378 208.276379898001 205.497793529021 195.095329752205 207.079474926712 214.850042302814 241.329988363445 247.016140244479 245.836082872446 244.42933172746 225.122682601709 215.864973350581 187.277912852358 175.995356841437 152.806992474839 145.514901451977 155.296828137328 139.14344605308 119.257529802809 109.833164007671 89.9894506175839 77.9701623920441 76.1413716231756 75.8741747992481 62.2267847937057 53.6287064428811
-9999 -9999 -9999 347.243673769189 332.602270231983 300.364397360098 299.217799369086 312.124815408852 332.028746984447 325.2426366631 345.886302960651 378.666338326712 355.432217250898 366.697193285089 391.448562111279 416.68695843277 454.815220791517 480.180934176524 469.702438206724 495.947419998957 496.984682136099 493.845226904324 500.36172265119 503.907757676537 468.402643445594 416.848836759996 383.298612872182 339.845446715195 334.827913367286 331.357542874987 301.787399942886 230.464020654202 241.288196653534 241.768201563759 260.756918482475 260.153986919232 268.819917479494 256.743256066741 255.470675336113 257.381104819999 229.020753323993 228.926174423983 244.8065104675 221.872444154617 194.36161210256 202.78123047211 162.061155445463 129.640453994681 121.877620493706 115.491895279087 105.200961092369 91.4532979611896 82.3988480446372 86.9342747142777 84.3566999036934 72.7437578356617
-9999 -9999 -9999 271.422598906599 265.544565607123 271.697373820001 284.402144660339 323.002486901012 306.871213822716 311.943942312553 334.138342279729 344.485671951846 334.516591264899 355.608191106605 415.726399573915 466.886044355257 504.082408705963 476.204106238492 514.243840265391 536.214229519999 530.171686691733 515.356330596711 529.206506109178 554.913003866247 537.720226287687 484.999163244955 453.391301578388 432.595285004183 402.517398551277 372.893328181123 303.661672988537 273.394671764343 289.188743068373 275.507325837084 283.129369292138 268.881515681443 279.100192881833 282.55571295228 283.880137303616 273.838780209081 242.347407859342 226.848690422731 247.520138833236 243.445281075986 241.295691800338 247.535630421317 194.530460223248 135.963554046306 118.361426140841 109.724204684734 98.6650514799617 102.624394497235 104.477071809563 99.3314254302885 107.471861727625 106.363167260358
-9999 323.802914677496 309.714131653782 279.039192697217 228.913093258715 240.443953839129 239.062247506516 273.524809639564 287.399622050286 317.59513985526 354.601829074838 378.636992736938 380.210483656923 390.838390910356 438.441949758203 441.844212841632 447.850182511728 455.677323977832 509.503730735614 548.293615931585 565.222485857084 541.818883730153 575.22091118017 588.954995912714 584.789620070937 570.467964589402 544.303437328092 527.601981369437 443.55997947077 397.765328679995 340.158012019533 328.811241922895 306.477316589469 290.568973354312 288.054443256861 287.504493465484 311.416241197961 329.676770080496 328.107669075586 318.650982658124 284.24635058984 259.999325467974 246.306567485994 201.038525360343 196.026485023561 218.725489652135 230.529696539654 207.20183443373 183.24867718972 138.460685564605 93.1889994654184 88.4785125308062 80.1156723357582 71.2529206422833 67.8950607280814 61.3686477153329
-9999 249.013906682986 233.496660520455 232.450803405361 208.042837245501 216.822607836687 233.746632409945 266.045499766756 278.128157751982 318.073064178333 361.031584547422 390.22388002439 401.338578433059 400.68656564737 424.374544973027 459.354540602971 455.241082776217 468.93420831234 484.975678598511 526.84777746304 555.918123730746 574.716535169139 632.751555864121 654.053680440311 678.605307129945 721.800731404236 719.376831520622 675.219677827826 535.31089013478 485.204654320732 396.030973807038 372.13786219819 308.577625215413 323.932486764782 316.394890715752 303.381234547875 320.502999167944 344.612412594565 343.340897730281 328.53878714802 314.631712393375 311.774333735451 312.790763637544 256.937624595524 183.915994096332 172.791796772205 172.336555829889 158.179559395289 167.1352658099 121.811005145035 113.250389133102 114.818175971123 107.316020863439 117.238914228092 122.311724592166 107.630739038951
-9999 -9999 -9999 189.180366364856 217.738685480002 218.43443529253 216.981413875632 224.628112962173 255.570236580004 296.323355478102 335.07478562069 363.042034860004 381.367405229127 394.726491167416 400.542500327447 405.350168462178 459.119826612164 507.121903675681 512.908056422593 580.279632209318 609.983112201876 606.309574502787 624.177101463711 677.845460453037 732.272821687292 782.541772925234 748.0447915812 730.469094620804 712.740694579379 504.321045501176 447.154133531385 348.050583703444 290.878127215288 336.653031985637 323.76602884669 320.621809431137 312.044606146401 338.19770470495 357.639293439147 347.512927565501 330.152827119324 306.871297920002 311.723288445758 281.239098548142 211.262770594893 253.188774692845 200.143345040072 158.030033935378 150.844437248061 132.516452938557 105.065219668549 105.83416553147 120.991298430715 114.864235763411 100.613082077689 88.3035250842218
-9999 -9999 -9999 182.734290746666 176.347683773712 190.588031548324 183.708650866157 206.416974988796 237.965443996466 277.58426753978 316.390772337841 345.74699576666 364.820273962619 375.270704229297 384.477403020002 401.116073483732 410.580793141505 468.121493159047 477.271434593926 585.504185813763 635.488281483517 598.958945823263 631.320075283463 694.486416067356 741.810285406305 753.835453339013 657.942056442698 580.991615557072 678.463633880886 562.276992871144 423.750999047636 428.215855001959 381.563198560958 361.756777985915 358.664652369479 319.791534200081 308.126697306443 315.44667393906 338.191639745715 345.585914578746 329.759208452129 304.094330812737 302.269458732965 298.800355693092 320.353510886715 309.029611409758 222.003879246299 255.378020527928 237.196943168074 207.841933390126 161.393818134236 133.938604834642 108.984829856155 81.983217052832 70.4962554976531 83.497962058041
-9999 -9999 -9999 187.977395594816 170.244917045701 167.280734273299 171.047040013132 194.491598949165 225.466706597464 263.176160940009 303.160622564648 336.938432625157 357.568542885638 369.421477264638 379.069572550277 389.376449528231 402.90374574 424.68691697658 453.789477097685 507.656359060834 556.072451749701 559.867227087742 599.228655104306 667.137100201645 719.84492287049 725.310497545979 656.227348267045 625.872766629612 606.741767319785 506.90953407117 385.287121489533 340.035498299776 308.728883125661 326.11532673441 345.47617464891 315.799196253207 300.801227151326 300.844938489396 316.269037469777 321.910724561643 315.047456534327 296.410040589459 274.918695526951 267.567200485038 301.022739972922 328.619200237546 288.851605993054 212.025837362527 184.519802788615 170.663001622006 147.122643422787 125.607909202784 107.582159954785 88.1827359535298 80.933639244839 76.2985794221023
-9999 -9999 207.21075727247 211.97386828567 185.617990256219 160.049445633502 168.074978194311 186.34216929592 216.224988840414 254.72408877879 296.242657777152 334.940538791049 358.634803600001 369.58499754 377.726257478734 386.598205221992 398.943986570502 411.755411417026 434.055333628231 459.256807892543 506.800578072782 534.678777685739 550.984332853719 633.359575347439 714.793640241461 715.895537248539 660.759257171648 662.820496039706 610.658323990954 486.22642768331 322.992930116826 300.792396323798 318.117103819459 285.917739412795 289.385827473644 273.330362063241 299.517420393035 305.318942797466 308.749334036284 309.493767381055 303.604751062144 290.202802253178 271.225386025003 253.075945593245 264.428239754759 313.099613353119 289.695027092271 221.061441484164 225.833187464477 221.262377702383 167.621311059584 143.459327772911 133.527188118056 103.946665579127 78.2835752473291 88.03595047389
279.562862585007 250.619733539036 229.633710005535 200.945247127624 184.519635389731 172.960478322192 175.241191508271 186.526947896685 214.354019816643 253.122800583895 294.347806588983 332.207971387846 355.975722844297 366.908289483155 372.965263905375 380.06782216 390.743239163744 406.656694222537 427.843301483302 459.618648711249 524.115972530633 558.187255085269 538.424261533546 608.978451503602 698.331065979341 711.111066772005 651.834074427423 672.868268727109 577.440453766975 501.220659679449 372.954756473808 319.435770969748 292.07598743037 367.788742687401 381.760426121695 316.168630077067 340.532579256362 334.91984854634 326.009824483354 314.022778179999 304.202958690304 296.232514288695 279.736936396939 257.12097738469 256.116053786435 258.327548371504 323.540959517228 293.660232099008 261.940074237316 296.335844614705 206.114774423122 162.4648803359 158.858512567941 121.806145700326 95.4094735176855 81.7312278870463
303.403531934228 262.316108277108 232.684616955967 212.779969933057 197.623572782216 200.768748099717 201.005027291476 206.099064458858 229.308471442147 264.617648073344 301.755484186574 334.340391941244 355.113860057579 363.972843554291 366.170783077746 372.47844606 386.430729648995 406.230841782092 432.470454375816 473.676236030748 528.752531829317 535.692096371938 569.972003343018 641.305149520199 691.144161544485 685.891242224364 626.569930118921 605.026577657021 516.666422949895 523.998703315432 433.456338861943 302.141761749276 230.000314610881 276.403631880929 351.231743782202 315.548406680675 316.467587900828 339.431059880439 329.33000563589 312.237296007044 312.922670786283 315.725946759132 302.871106509993 276.652275172801 250.856352195796 239.583200462973 281.978610578307 308.681033064564 330.617740365726 296.174484676177 197.907471964207 197.343596884204 187.193223346532 128.830041533934 112.633376081256 89.6026846830796
348.678075065879 318.199228747929 284.916846998003 275.808678654909 237.800897820709 239.56957536 241.129277594559 244.389422852366 262.385112393709 292.445762683399 322.972550644575 342.520014863348 352.376523450727 358.762322370046 362.480059573595 370.421778302129 385.670470999999 409.403818426236 439.704453257241 478.68654224044 511.174590144449 551.063364861015 612.065562549268 669.885322903434 687.076214105115 689.997835178426 669.112277924571 601.536641361387 506.037649661708 503.841939821678 423.345429936934 288.365465138305 255.107993118397 251.973948414707 246.271566151472 224.146005530082 250.095510173796 294.742711420209 319.952052304793 316.839390443736 318.05399463323 330.179494328066 322.332299000836 303.527888692101 274.504564010907 250.517051351506 242.405561294772 279.053588609037 311.401700168867 315.560170469516 247.151672927337 214.45631596185 216.264506619136 163.505516419787 143.791212460079 132.825693035289
381.304761041479 364.065894522931 332.354075557338 313.018938663296 302.038987782478 291.720192584687 286.458876766017 286.5117917 301.26495015117 324.140672985851 341.42669164658 343.300095223809 345.147081974574 357.414740636505 368.954012162806 375.728973336442 390.616768299999 415.921062294709 447.109366451026 486.244903193863 527.233255054306 578.462897579985 637.949953023684 681.634068462081 703.324955957941 711.34576532577 709.997264634505 654.726594444663 539.37216716907 498.694452142606 470.235952515437 319.973592131091 256.971472819722 247.611330806744 282.609731045215 237.22209410939 214.084393689071 244.411776175335 319.257175265229 342.305982888843 311.922736802027 327.542229013227 330.064108140505 319.900329608024 302.748156279391 277.47483628579 257.751675352704 260.755279973203 291.473463175229 331.247792547895 298.62609123154 218.754132445816 230.69972394792 236.833912852293 182.819060231807 181.452957460145
380.051524075134 369.398225287556 339.602657107066 319.197024543734 329.94248359803 324.939116041769 321.102052115752 319.450277983612 327.04005863327 337.969113378076 342.383755499345 341.447547721335 347.144183445511 361.199738173786 375.464060785533 386.307184782159 404.052772840731 434.979554117767 458.097771439241 494.891685074421 539.127380755991 594.3748888496 654.564763712028 707.772275518507 740.388462208743 741.641366591813 725.574247432625 688.680919849158 634.411032960413 586.2700326144 565.856995537856 433.92011164845 352.85345743554 311.102437956184 378.864766659904 284.548107954403 241.916765155615 233.920023731689 285.766058130854 347.13448394371 335.165133543602 335.384838883639 340.048962891603 328.19473209675 316.686349855275 304.643068879707 291.277458441119 292.382848134146 317.94076152943 348.495625943618 326.687394231745 234.097958271641 208.943529916119 273.051802848036 250.722676712443 188.176195122593
388.685495452534 382.981792772404 367.131517281533 353.657484228561 344.614678807213 346.762456330884 346.07032954366 342.387080652894 343.355914745681 346.527860153382 344.276748727702 345.014423968384 353.833213980001 365.841034580244 378.439608831747 393.637080532416 412.795226691255 441.636179420902 468.349362598596 502.626873606797 544.436119585947 599.30686890803 658.733744140174 717.194642907796 745.592189808633 740.201159674277 723.574180092254 702.611265075828 678.529542231781 670.746968282711 655.673782531849 594.441550235833 525.485224931843 477.449150657268 413.630217474615 308.11747852868 254.750300298863 242.442793736757 264.966291579976 342.143033376524 353.97997324151 327.753319172243 327.087890219959 324.332731952989 328.854605491545 316.1898925654 317.36822590639 325.894916065031 346.523651114034 359.923151977947 320.265931125214 252.039230396275 248.169692234119 247.810707354184 283.061518689319 238.884905080924
398.518941438053 408.508674894148 393.791003849294 366.614826804382 361.682376846987 358.484037136913 356.858996295743 353.628649373598 355.838218461056 355.369568010301 349.425888459105 353.359017736101 362.926500396638 374.19035358 385.976065980002 400.58817931035 419.400881339999 442.735232520154 469.98330608 504.576216921654 547.641019970688 591.962915204996 636.974781508086 680.589149891082 708.699498843168 714.433592248641 702.226315566608 692.38522681374 686.438197168757 692.769693067877 700.425166393444 665.986008693162 626.789949000763 592.39038376141 482.417765053913 338.453329870566 268.239128664566 264.736475652364 271.314084816109 312.192749649442 365.270987476825 360.832375640001 349.077184158046 333.947936767345 326.627926716252 317.155183057247 314.197874937979 332.846582331883 348.904130741797 332.607266279232 304.039415959835 282.164973935957 332.464160401421 324.420236849597 324.224916877207 302.062699498375
411.026321811436 416.471595266505 400.607062490108 380.871424133638 367.52095816844 367.662082274112 367.499885106038 365.882882530044 364.968122495918 358.784658076891 358.528388329854 363.887577107139 371.940918700063 382.761780779999 394.547493180002 408.222683753114 423.725466476526 443.444705449709 471.057266510829 499.629644949291 528.501396870207 563.003915060785 600.687730902813 637.246844767498 664.710753631757 671.397951180291 663.670007377093 660.133924028085 677.121465067927 703.240730547639 730.140862029324 740.219416461624 718.558274991561 628.575876700186 562.103920603883 464.493089185153 348.608484001545 334.238857287453 352.367602657602 316.141920640451 319.789254687503 328.278325770156 326.808627793094 344.957188240365 334.80271155783 349.334111848905 327.712376171796 341.851119774337 358.511138253281 321.648457584795 281.401280681126 279.92352696323 337.300243936711 362.571489732944 345.647323059461 334.006757484044
378.967202946257 380.446675779998 380.85900584685 380.33247208651 379.25955505715 382.237107115897 379.744668672671 376.712445801907 369.099826860862 368.128467614904 376.053752772721 380.69100804847 384.536954147232 390.733950012492 398.372259464757 408.003917963517 422.421067519999 441.565796981047 465.277495599656 486.261511418565 508.812848178669 538.674158728156 571.645682461288 603.005732614249 624.57827478381 633.770914608861 629.458465325047 630.742092319171 664.740763783453 711.533866692169 747.898866758813 768.985189439191 788.346757956841 675.83540081976 574.85234408002 517.180192387453 425.96562733661 451.104931828828 461.344415970627 392.177539292385 353.935837572825 331.483937152324 333.028399139815 370.372379966227 375.178248451436 362.318895105127 361.153156450723 379.737743954896 367.616092520672 356.199540790003 341.712387588435 324.78533820168 303.101498479426 332.602168415214 356.387954949285 303.628848040002
344.222848312233 360.416528978319 377.165693701223 391.989608500684 403.664463049922 404.458680769991 402.447363973473 395.938448591732 384.850367640577 377.733057199223 383.039922473176 388.07023416 388.291571937761 389.497647547665 397.252216039441 408.605686762712 423.22458002 437.299430298352 451.569944454944 468.5045434679 490.856932571397 517.829968208828 546.772595997536 571.880155591116 591.81337868 603.615424890866 611.557359869639 630.064756495813 668.042673194758 717.012431844268 762.485699653066 790.060826692213 813.986991970205 802.635415328967 704.461387775911 603.929607207668 584.365467119999 580.744633798847 582.139752214009 553.357576152413 496.255496296484 400.147956864681 441.114823785741 568.369305376207 464.424922435876 406.179099149562 412.810592073423 486.859417612945 416.140076805525 406.7487212498 364.938336282765 363.912377950891 367.598483495899 363.254667259119 367.674023231617 349.234556513074
311.061283225766 340.797044008461 373.39844379585 406.747300046566 425.192790220953 428.527245456896 421.448788453854 403.538710094013 394.186900924262 376.910979892447 379.475783984888 381.880378980222 384.03303731411 388.7651259 397.291396199373 406.002413821409 415.361046570339 425.953669181938 439.839730175043 455.930845127793 473.688424641177 494.764039874534 516.752127651344 539.810666680006 560.869524541019 579.859053149306 600.398116877083 628.677007296568 667.750222135797 716.869850049267 750.455215772119 788.100796172067 819.911689083287 824.035271044388 779.541592954957 685.122520941173 661.662223864905 698.621670976093 730.384774243853 706.003352577423 679.261931372033 659.039640086141 589.664953332037 734.486017039517 660.642596231089 545.272436331613 541.53819847403 479.124683766037 419.079309144217 430.094314956748 435.43028615641 414.003881599644 390.341289605474 383.977128600944 385.334539489586 389.210892909047
296.878919880006 330.638723948446 374.240924640403 408.464680479803 412.44744233697 401.826240385867 398.504309420592 387.220190107564 387.042349067645 375.712612640001 377.956913604381 380.33974457867 385.338430321124 390.9079827 398.37313469539 405.777669568348 412.182181769884 420.272346622383 429.734560485225 442.82717032105 454.587531136369 468.735372235315 487.067946304149 508.975677200282 532.260804608855 556.688788817437 583.744994292032 616.893233739998 655.161405215249 694.621114564131 730.58294265016 759.793164944457 785.630262320003 810.263372566061 812.330410109012 761.994905409898 724.428128211341 706.724484880057 756.564482538549 784.727927436098 762.584761549702 806.846290917759 915.610630930965 1021.55669898856 893.513254873541 534.058775129527 491.424478689629 522.435616948651 506.645364953667 473.878493823098 448.472616147046 435.140862871825 411.92463994961 422.702732675106 441.887656165517 439.44260473868
296.13197216618 328.15099203556 377.403796335285 361.151707619126 350.818052721443 355.084525074521 359.30550813008 367.057471640679 378.263231072508 379.449800971899 381.413848680069 384.354991120001 388.110192621214 392.56704477634 397.503311915109 402.611330526939 407.758035096323 412.511923065708 417.978752825274 426.767201762378 434.236793733862 443.106473956221 458.597352520001 480.650470222018 505.498597622794 532.074556616878 562.484230800006 596.390811118648 632.077388477874 670.177499180006 705.928246158512 735.743855725832 762.791976032946 787.284519871711 805.827019524283 815.722311682141 816.352519731815 810.055675417147 820.576360598349 866.186693840004 916.318625655462 939.160699688157 978.05204725498 1047.26763955774 1011.77518456019 952.840384691246 927.825889417522 908.813309955502 701.499015628426 531.08423275667 503.605517590825 474.634271391587 431.490522978125 453.590148914968 459.719160523091 445.058024760733
291.574373007681 321.455825734478 368.41326293892 328.501542366991 335.418348807864 344.563711701748 353.353403760001 364.7928469 382.610372634014 387.178081801711 383.214642877659 383.614089632418 387.392538510531 391.247531352824 395.035752246709 398.995795969704 402.487853728283 404.185138931639 408.12194918 414.06999464 417.917058094994 424.5835611761 436.198643767753 455.645823527491 476.357424759452 502.943359959444 536.840261933286 569.592411372792 603.197550960006 639.341610227587 671.30979287443 703.070052553141 730.167597115059 752.205955760001 770.143130326605 787.621976414854 807.436140528678 831.812336267247 870.307985130223 920.358521309271 965.562194035422 1011.90549796761 1065.44995021429 1067.76875008041 1045.79951208219 1065.09728339274 1090.43096077218 1131.79902962473 1039.34768233387 768.737460213482 601.759354811327 581.129097506339 511.467164112142 418.653155073739 473.671381116978 501.116017084807
284.817367169009 309.324833391161 338.71843720489 323.097572491696 330.59064826315 341.977586194844 352.360551118113 362.929785464808 381.469932960953 389.240551230456 381.544731464751 380.49164700337 383.30199834 387.234868997018 391.773957271475 395.24852844 396.57103408 397.361812676279 401.072779910647 405.512490536964 407.529641068373 412.202128165711 419.769339307933 432.011249540003 447.36229113732 471.617590098242 507.181778651161 539.737231153242 571.496089409872 602.824297020006 633.237075117177 662.108143020173 685.049837016902 704.777474160001 723.223357940005 743.823993952909 769.25674813618 800.447314440007 838.714420801 882.053989386149 924.568322658227 967.046053159826 1006.25150786317 1027.5505139306 1033.83077523122 1058.8619569024 1097.75088997443 1131.45481626988 1116.83474117405 957.464592659674 739.655844004182 707.77194891915 679.195699336107 613.77987347206 670.711765311576 701.029530652529
277.181207405823 295.459601557412 317.592519939678 317.443249228113 326.42221376 339.184960988813 350.620765740001 358.872956279981 365.941205902004 371.73115554878 374.54387798074 377.364705506386 382.514791869904 385.995754905576 388.722072514829 389.700651011398 389.548396926913 391.57573590438 393.798404798681 393.186652186297 392.755148262745 396.068550484679 402.35770198387 413.596213164594 433.353002394371 457.48645993856 483.076563658423 510.105451320352 537.603702841483 565.883697705389 591.696809103905 615.086058466831 635.596154266336 653.533170522515 671.443908605844 691.364709346649 716.932911060001 748.35367238414 784.000553220004 818.94688271438 845.852467508355 875.038018009029 917.911713739963 947.997314373757 971.005211185166 1013.66587673893 1060.42355139544 1107.31160594735 1119.87586779634 1032.61778073424 985.246651871214 971.301603681065 905.443320838281 885.554066530168 896.861920843556 952.027107783163
