catData/variables/futureClimate2070/rcp45/GFDL_CM3_2070_rcp45/bio11.asc
NCOLS 409 
NROWS 350 
XLLCORNER 60.897278365 
YLLCORNER 5.843756025 
CELLSIZE 0.0892857 
NODATA_value -9999 
[rows 156 to 181 of 350, columns 236 to 294 of 409]
21.44287150415 21.4877813428038 21.828667767085 21.8319522823337 21.637302266765 21.6246875051626 21.7943859182172 21.594734994 21.4255264266201 21.3608104039999 21.2528436119379 21.218566195341 21.0127853319896 20.9151097467029 20.5806291699998 20.41070646 20.393511641561 19.6944227932632 18.8582060256688 19.205374159142 19.4939113944493 19.3980602584863 19.776841822 19.7860368044424 20.1771729675189 20.4649606159734 20.2228023714411 20.2477495315935 20.8602872424548 21.246316116 21.312896075286 21.2239348875842 21.3948161789305 21.4230497582768 21.5076623843769 21.4196982699387 21.4545429406312 21.6909023340001 22.0417567000325 22.5484926436458 23.0502049571974 23.2673769289531 23.3731875043932 23.5477525597395 23.6042986789143 23.610034281568 23.3320108702217 23.4087190191246 23.608872018 23.716014858 23.8012396848366 23.835653768 23.90535323 23.9029664272022 23.9027691754516 23.964225128 24.00535323 24.00535323 24.0813549819335
21.5957532978331 21.746317076 21.9706372724059 22.1873845060001 22.1415483419573 22.04998428 22.0577482744487 22.1014544183245 21.889337652 21.7443206211788 21.5219738153939 21.3623375170166 21.2870716214605 21.1719761511122 20.7864213856848 20.6067083157422 20.3590713393222 19.7315689568064 19.3307037429403 19.4327129929024 19.8671839850742 19.7954826766112 19.8259054805344 19.79125892642 20.0667663490555 20.6351129940145 20.7680951883958 20.5292082351311 20.8618516247406 21.2679540681384 21.5558603775753 21.4594626554221 21.4966159730076 21.8127121792839 21.82499214 21.7949632018566 21.6317005457139 21.7033984040001 21.9405699542949 22.2884345859958 22.9599441431142 23.3184804081251 23.3997871335841 23.5131108844433 23.6604196573024 23.7858744287206 23.610827324 23.4769531172933 23.596375948 23.703518788 23.810661628 23.9215908444389 24.0046789507252 23.9734813770116 23.970257098702 24.071367968 24.11249607 24.11249607 24.11249607
21.566015698 21.746317076 22.0251338186458 22.2724226172733 22.4131629251923 22.4592564631113 22.4733281129089 22.3524313130506 21.9813896428684 21.8103355515749 21.544209504587 21.4392214226255 21.1647041121876 20.9439957476816 20.6666703768516 20.4845825278104 20.9256645959872 20.7941189301398 20.8906551881178 21.0427059078897 21.1893045791756 20.6433923981842 20.3852950954443 20.4439891383459 20.5447974235732 20.6729819494922 20.9360368545889 21.0250179406606 21.1051037070028 21.4142027091684 21.6763720170874 21.7368119070065 21.6058319827765 21.921368328 22.0231237395272 22.0460468226827 21.918595864195 21.7867382739172 22.1583914595602 22.7093514725648 22.8080189665556 22.6442922803627 22.7510552834204 23.0548005898601 23.446515728046 23.7650231554924 23.6479787755842 23.2651993111335 23.5232838251094 23.5830273250985 23.7186097785317 23.840962166 24.0030975253872 24.0585957644508 24.1006791362889 24.1669490089365 24.2 24.2143673509016 24.21963891
21.619579198 21.7606943024984 21.960602756 22.2154944702917 22.5116068242177 22.6490929919153 22.7781343350185 22.477774862061 22.0741430203873 22.0091913983288 21.8121824345678 21.5970353997321 21.0196513285412 20.1890049405151 19.6139371316915 19.7782558369492 20.9869268940528 21.172351654312 21.3431229334812 21.2620885172744 21.7695662593988 21.9559332113545 21.4869012966824 20.7726901426707 20.7456063364399 20.9527634500168 21.1613892129134 21.3434134623801 21.3568170932934 21.4769239164127 21.7461784582499 21.9108627013019 22.0467002688535 22.082074668 22.1933374740862 22.3482273675431 22.3511029110602 21.9490563933879 21.9676841406903 22.2507281265771 22.4255940308698 22.9030648090872 23.145816909482 23.114254 23.3121441310522 23.7682569928721 23.82678175 23.320584369355 23.6649772956807 23.5465934555352 23.7411594264318 23.7524860616642 23.835774872 23.8743316554393 24.103458116 24.2157669245426 24.2091018479057 24.273157578 24.3
21.7666782133536 21.7908941440665 21.960602756 22.1764394953057 22.6426207883804 22.6730520615883 22.858976442 22.7146533063453 22.436109137071 22.3963538198346 22.0630780809201 21.5751277639999 20.983937224755 20.4452352721329 20.1380310566843 20.3024542621152 21.3409676016818 21.6851808839677 21.7034515226017 21.6391711078453 21.794795887431 22.385758432 22.2016955138759 21.7289348264892 21.47954485808 21.6791768124553 21.7898019606492 21.9808941834208 22.1471673659559 21.8025350043146 21.7739674751744 22.0342173351945 22.257022336 22.2719117137612 22.5945179085492 22.5764162036654 22.8437924859241 22.3715492639999 22.234143310989 22.5352424241442 23.1455012889746 23.5062951011186 23.711408415375 23.76784918 23.8209081690062 23.8917032398219 23.8679119726375 23.9005866165469 23.9340819591937 23.9245483434221 23.819760014 23.696375948 23.766739569406 23.8864821423471 24.137382706 24.292796488 24.267909852 24.2822637596096 24.3272415875748
21.8098380423044 21.6830255438535 21.8044227538008 22.005951686919 22.6806526788324 22.8407032525516 23.1179733574672 23.032238564 22.8249914520887 22.6605654534278 22.2317590969412 21.6304735422092 21.6161960916932 21.999853095019 22.0190483300266 21.8026764615391 21.9732468781759 22.0591132844544 22.253443356 22.3453852480884 22.3261321703786 22.707186952 22.5156858818422 22.1729936301386 22.236091610347 22.4554736670288 22.6337841738075 22.6158547827511 22.568980783117 22.1190934267755 21.96426972 22.2422228802151 22.5101522927096 22.4163315838939 23.0144506559999 22.7985508328394 22.9527779759103 22.4409994163838 22.5506251915536 23.1432729291429 23.6020382395087 23.5969183376867 23.7551636723984 23.8889766056967 23.8670225834863 23.85893257 23.8031904101477 23.9413763500706 23.9730330962183 24.0932670515925 23.9274645954158 23.7983067313017 23.8262675499005 24.0074828498669 24.244525546 24.399939328 24.375052692 24.3110234928652 24.380300418
22.446561747489 22.2991665613957 22.1193846311149 21.7838730140139 22.3711029035782 22.898034952014 23.4006981109462 23.3662727336249 22.7597660564632 22.1724255174097 22.1605205584692 22.2936901007237 22.9891456454233 23.0658296021877 22.8253345441952 22.525155916 22.3256162765571 22.2573935843224 22.440963366 22.7016677455838 22.8141655360001 22.9881262396912 22.8383466647043 22.5338452190473 22.719518526 22.9123088385102 22.9465426401209 22.8695101543892 22.7798320636777 22.5225379725771 22.4797646297382 22.5376785094363 22.7827900993625 22.9928442636511 23.1826357846106 23.0736548000269 23.1966570757449 23.0385564942282 23.0978869166644 23.3098930655034 23.3805526872953 23.3023091614766 23.5970324105974 23.824947548 23.771489072 23.7096329835167 23.7947801178658 23.9467259864696 23.6592662203355 23.7486034699734 24.1991710794632 24.135819464 23.99642054 24.1086840579195 24.3267296674698 24.4304895970201 24.4494267588592 24.375052692 24.428510688
23.1181258253811 23.1594303359458 22.8762903503834 22.5387626028908 22.6349952277395 23.5353932493144 23.7302851780001 23.7642087800598 23.3095665675387 22.6757030399508 22.3814603647545 22.9188405669798 23.7248719960001 23.762539822 23.3618613010836 23.0382814423322 22.5601744305096 22.3772710766614 22.3981627297609 22.869518646 23.0788931224224 23.21070622 23.1515710922576 22.9082795361753 22.874887716 23.118627069968 23.2771358862866 23.2548840778461 23.1955771837637 23.1114399546372 23.1233236235991 23.044674922 23.2736484285656 23.5204551533521 23.4611482592698 23.4355861728126 23.5404220522102 23.3579626400911 23.1299318738809 23.1033279831418 23.0665685421208 23.2908416620001 23.5803153572224 23.717804708 23.7532440551069 23.667909612 23.5827433874094 23.6155457138003 23.2237358587105 23.7606877162794 24.1806230940474 24.2729435042594 24.21070622 24.2751987977057 24.407082168 24.422765683541 24.466014738 24.5078324112474 24.502109080588
23.4750777043149 23.5777381913168 23.5575404900884 23.5843175215184 23.5638163470517 23.8653069641892 24.033864638 24.1249919 24.0757774480022 23.7647549812451 23.4717615895281 23.7729005361681 24.088785323612 23.992533278182 23.6524366852478 23.4975545753389 22.8952637050538 22.6953348552311 22.7111268929678 23.0681171983978 23.396360348 23.5075057252576 23.5574781393437 23.3333105730587 23.1953548921312 23.2476089310226 23.4711302097963 23.6258030796748 23.7039863072674 23.6667589266513 23.5997989909364 23.6093417015572 23.7189011425192 23.823262482 23.7105748400764 23.594526146 23.6727617539394 23.3181880053424 23.150044232 23.0596231195015 23.0314643473597 23.2361999000716 23.4822797656434 23.610661868 23.717804708 23.7593578415767 23.5378495665033 23.3327486704365 23.1179482184006 23.7235523832965 23.9443549226368 24.1446992453911 24.36249595 24.3792175874918 24.451729058 24.441128102 24.466014738 24.5274370546319 24.5575726501661
23.8743391421083 23.93927758 24.019578958 24.0658267026599 23.9091824493122 24.042737376 24.241971450617 24.2807918447307 24.316119162 24.1483738059999 24.014165776 24.2595012601213 24.3368683870622 23.8880300419173 23.8371497614775 23.8463008429764 23.5264121082971 23.1869815573787 23.1110425368906 23.2413781603907 23.3819523185 23.632030676 23.8020648688357 23.778615352 23.596584796 23.4670401290119 23.5549832936642 23.746255924 23.935654008 23.9474271183787 23.9148972557263 23.935465346926 23.93927758 23.967909372 23.8518942739999 23.6012945018193 23.1593538056242 22.9243694503196 23.0361517870148 22.9850864921449 22.9474253036081 23.0126250357987 23.0615307322041 23.3081637357368 23.5273046945932 23.648165918 23.6691560878655 23.4970287635468 22.8507545460163 23.2556133906571 23.8715379200372 24.2182172039467 24.46963879 24.500688092722 24.5549831479304 24.5517645694172 24.5593204532351 24.5186927378875 24.580300418
24.1195789580001 24.2097355779606 24.2489895610592 24.25356326 23.9917636590986 24.4079298282366 24.4603758928621 24.5217664243154 24.453623212 24.2858778559999 24.2091702035664 24.4956365484731 24.5527600074876 24.1045673017241 24.1525315232958 24.2963725613693 24.061649351335 23.7916324312904 23.1577258576212 23.3794377492117 23.5297125896555 23.555249046 23.7819390010935 23.969746227527 23.8699816905073 23.774931588 23.83034489 23.8713525096555 23.966015218 24.0561719494088 24.015125291611 24.0671407273694 24.07678163 23.9175053260102 23.5615044353794 23.1640944938714 22.8246485918956 22.9281354884934 22.8413799984627 22.9450612932116 22.8610844314241 22.8779705763445 22.9 22.9117724463358 22.9533808577737 23.3185342603738 23.6821162442211 23.5937312353779 23.2232149837942 23.1680110869563 23.7924101059847 24.3444179970249 24.5287496359555 24.5871338230643 24.6397184139161 24.67678163 24.67678163 24.6597956328569 24.6105517383256
24.333864638 24.3796095627238 24.4513169758892 24.46784894 24.5016145144604 24.5853762777281 24.676721678 24.7652743509539 24.7091794124331 24.45151499582 24.3022761012072 24.6194256408115 24.76784894 24.6027832771581 24.5405329637772 24.6292466538575 24.5456546049409 24.3447343939999 23.6423092916963 23.8245332723094 24.094674322 24.0221367084648 24.1502261277037 24.1754835037166 23.9879614027481 23.975016488013 23.9405107294 23.8011833375742 23.6873604343483 23.737460178 23.684001222 23.9719059389942 24.1748380985553 23.8048036433282 23.1288130879998 22.7271229002329 22.488736574894 22.4777743314239 22.6448604603574 22.5550369948414 22.8540759187249 22.9773129482058 23.0393271904071 22.9332938109799 23.018708273266 23.4156044077542 23.5286699605644 23.3476706409437 23.3043510641696 23.2774391446978 23.9105178506894 24.4190959800764 24.5060192214634 24.51607553 24.5243912502375 24.53215106 24.5875535789884 24.6774726396013 24.6870912822143
24.4880315976537 24.49106731 24.571368688 24.6707004070832 24.776721678 24.7822891464257 24.80802021182 24.98213462 24.9779972806223 24.9810369107838 25.0296400855929 24.9771440487601 24.89106731 24.8269357835392 24.7220161182152 24.764225608 24.564509999448 24.4933104910432 24.1735102670688 24.2647327549616 24.2983547025168 24.374632530496 24.3631137385008 24.2918799119856 24.2391028157592 24.1009268070271 23.8540530645359 23.4928936420447 23.0893606923301 23.035686888 23.3478672705722 23.60837501208 23.9971788204113 23.7973436807075 23.602835101303 23.0212147214027 22.3116594995642 22.3349014608317 22.5213038354342 22.8020113840752 23.0341728636591 23.1446805824161 23.1279134686766 22.953684364 23.060601316 23.2108766678045 22.7099746681353 23.0110509111026 22.2203660658948 23.3579878572382 23.8267897853736 24.3309475726165 24.59106731 24.59106731 24.59106731 24.59106731 24.5969642018999 24.673157578 24.7731274305914
24.59821015 24.6700592599076 24.6978575742141 24.785654368 24.892797208 24.8999090854207 24.9967379174022 25.0314578463543 25.1736763829446 25.128511408 25.19821015 25.1528251726902 25.0964203 25.1531854548935 24.9323235010249 24.9432173222033 24.913244622163 24.7210828760804 24.412659846 24.1086757991489 24.407082648 24.49821015 24.4977956533511 24.4369029495413 24.262556142 24.1546152669858 23.9430215359999 23.8518138917119 23.5603663833793 22.6020251460132 23.0280507038858 23.550224428511 23.978346312 24.1877142539761 23.8346320942194 23.0401356662315 22.2245332956467 22.27078389895 22.3526839874032 22.6917607967185 22.9569158403195 23.158872138 23.2636518398326 23.2219530667945 23.1975049726544 23.1138968668979 22.9058453597172 22.1039115549224 21.4476563343277 21.8122661016794 22.0790175894236 23.6069244863857 24.5753362453978 24.6544219584228 24.6508031854554 24.69821015 24.69821015 24.6995195609098 24.780300418
24.7678348742877 24.8039161692233 24.80535299 24.892797208 24.999940048 25.007082888 25.10535299 25.121368568 25.20535299 25.2069750133106 25.2461456991785 25.2631527863324 25.2079368901566 25.264225608 25.30535299 25.3014368336239 25.223997373887 25.0351459013979 24.7320087489088 24.5106133915802 24.5058279339307 24.5258640185584 24.5809551570475 24.4426419849268 24.3087016140256 24.260766292 24.153623452 23.9907596665071 23.3377717461078 22.6038755719999 23.1354425087211 23.9080974468987 24.2834699540617 24.3937099418629 23.631198584415 22.4639543662167 21.7798276821053 21.7936730156976 22.1095948546184 22.7783458320001 23.048960233851 23.1009498493199 23.2373829460001 23.232195172 23.125052332 23.017909492 22.079742398858 21.6737510874507 21.0670811195272 20.8379865202308 21.4079817408074 22.9805963250788 24.55647081144 24.7132142597908 24.6543129966982 24.7 24.7035337623237 24.70535299 24.785653408
24.8 24.873158538 24.9100343236825 24.999940048 25.0952634500303 25.114225728 25.21249583 25.2265101285996 25.302893836544 25.3390106943125 25.4 25.4 25.3611983522365 25.3765076557382 25.4042466505946 25.335983438549 25.3024615363075 25.212556022 25.0226457719797 24.7355416968767 24.6327554657332 24.7104945805896 24.6565774505539 24.5049231026049 24.450060312 24.3484889499847 24.248270462 24.1264144374563 23.8769626859999 23.3360599919999 23.3657129271077 23.8278608783079 24.2894892379794 24.4958928486002 24.1138984887678 22.4093035125796 21.506814247692 21.7753354694624 22.3091280648932 22.7589256199948 22.9939681751383 23.1103877137182 23.3277832454255 23.335983858569 23.232195172 23.125052332 22.5213391060006 21.3430999679999 20.9100911191472 20.6801604743043 22.0678483085744 23.8631975488247 24.6827037251389 24.7609852000047 24.71249583 24.71249583 24.778510568 24.81249583 24.8827620442774
24.8 24.873158538 24.980301378 25.0702713365929 25.0989369701833 25.1817514990405 25.26072266 25.263867906512 25.2989717427118 25.3666734240645 25.38036133 25.38036133 25.432091108 25.4456759324918 25.4072880937824 25.3856326832782 25.3158302674981 25.161037519177 25.046497172 24.9968803658267 24.817896229397 24.783984662 24.676841822 24.5393979639999 24.3478491905842 24.2694788944841 24.228631792 24.003744196 23.6693511651871 23.2079779295341 23.416979056539 23.7451584268586 24.3107297061646 24.4530944740817 23.9538877864102 23.0769380472608 22.1077225109775 22.4243501082012 22.442917712 22.5507564958922 22.8650533386377 23.0427182078075 23.2850804703201 23.4090957749124 23.3708779744649 23.271472512 22.6322537974944 21.206731545072 20.669682662 20.9114322604545 23.0929761366615 24.593927793334 24.7497286665577 24.8 24.8101588989947 24.808077012229 24.866014738 24.9 24.9
24.8176800007615 24.8803470868297 24.980301378 25.0234188819881 25.070704883206 25.01965547 25.01965547 25.035671048 25.1134532959675 25.1394054868828 25.24643698 25.2344959247408 25.2990932793361 25.2123676120769 25.2803664375143 25.300060192 25.2517126326964 24.8966610679998 24.7011866057573 24.7614058087721 24.8935036909391 24.806477022652 24.6830439317569 24.5824096143315 24.3579849254253 24.1503857540658 24.1224153447848 23.9391497778013 23.5980803824203 23.4411588647618 23.4855766149721 23.7685624897475 24.185472352 24.3510305125092 24.1556363760093 23.455180401158 22.5689410746687 22.5331020210985 22.308993362 22.1660277418762 22.3903221251169 22.9167909165771 23.2229282539346 23.4659084043435 23.607082168 23.5627567011612 23.4336450324299 22.4018940620207 21.3094851958788 21.812456135626 23.8917416463269 24.730300538 24.8 24.8 24.851729058 24.85689488525 24.8751165043411 24.9 24.9
24.866015698 24.924818558486 25.014225728 25.0620388028618 24.9073125027787 24.7315644433478 24.7132770434686 24.8729979165295 24.876841582 24.8600652595451 25.0109296168598 24.987564362 25.0873406340001 25.1343782169845 25.175711250974 25.158993002 25.1335750793273 24.9028076426025 24.6500372223844 24.4144622121304 24.9309144127247 24.8788355226336 24.7599924386417 24.7236449266001 24.5756297388828 24.1584598685851 23.8271141213284 23.7628441733962 23.8338292664683 23.8225792165966 23.8053191500001 24.2113226990714 24.5517044166788 24.5672620061847 24.4870251328544 23.9996021764066 23.8778112016394 23.3318361218885 22.5995427877473 22.0646976037418 22.1475026141062 22.7551459272621 23.1525913861892 23.5103674182307 23.7347836105445 23.7975133383138 23.5805125736447 23.4214000003651 22.6736645398085 23.535718926721 24.5813772494785 24.6213347957479 24.6091563226045 24.7060061732305 24.851729058 24.9 24.9 24.9 -9999
24.866015698 24.973158538 25.0473238585241 24.8996668256998 24.7095699964728 24.6796940615015 24.5817870958275 24.9905615698469 24.917908772 24.8535110651953 24.919578478 24.9741686470873 25.0132382629108 25.000060192 25.024948268 25.0458626264809 25.1686920450854 25.2 25.144257330263 25.04106719 25.032194692 24.9344901407144 24.8483105831206 24.671384965268 24.5994222343082 24.2348589359118 23.6162025896565 23.2675886446999 23.5933044109852 24.1759958854334 24.3838202647067 24.4312447318897 24.6080059174035 24.739337772 24.6374236029498 24.5453777552756 24.2304018668043 24.1389649087274 23.8047190162286 22.8405609951576 22.5743795521422 22.8651836507696 23.1872614820001 23.5557451217642 23.881969164 24.1721530378653 23.843889033719 23.8646699564441 23.9047409595556 24.1359012613477 24.4083554041627 24.3107839750229 24.2578839607427 24.6095120462804 24.8715525774659 24.9 24.9 -9999 -9999
24.914225728 24.9860988148826 24.9612866815758 24.7316141997309 24.7 24.7990421570343 24.7672883930452 25 24.9880062622653 24.978511288 25.067602317121 25.1230915618141 25.0982082969854 24.9609549052004 24.966015458 25.1084279354133 25.1897979652799 25.2 25.2 25.1473761613593 25.0954049359475 25.0244736927456 24.8296964171224 24.5975048182638 24.4903493613001 24.2378855674454 24.0926528863093 23.7346779367641 23.691733452793 24.2279447663263 24.4373026549518 24.3154792063229 24.5345795763702 24.7517280578733 24.739337772 24.6150331722013 24.3827407848571 24.2834167630159 24.31278191 23.6831062886662 23.112837331577 23.0091897552171 23.3476757226984 23.6815850420052 23.989112004 24.4854275200002 24.3488789515542 24.2937975643023 24.3521696196182 24.4242965136925 24.5772668151531 24.5217775704599 24.5826398111659 24.8139036567791 24.9 24.9 -9999 -9999 -9999
24.966015698 24.9595046495669 24.864345752 24.7665644626241 24.7029962187484 24.8561252198089 24.908872738 24.9911349179299 24.9574659790096 25.0470738739492 25.15535287 25.15535287 25.0408172029294 24.8487838377071 25.0014755205867 25.2165271184139 25.2109038854743 25.2 25.2523565184047 25.253623212 25.15535287 25.0878623971072 24.7132624663254 24.6311185951022 24.4335069600417 24.1306728530188 24.140653478317 24.2826538963012 24.3482854524005 24.4504681612607 24.5423399170363 24.5647143692366 24.6505189948844 24.757082288 24.8513916614368 24.81070574 24.764389864 24.5939333897447 24.4303131315845 24.1911449528061 23.8431529119999 22.9017803397326 23.1784992244819 23.8558162277848 24.2514093028319 24.6618239984574 24.805292078 24.6652865816504 24.6342445994102 24.7875091334117 24.9128184504689 24.95535287 24.95535287 24.95535287 24.926719351773 -9999 -9999 -9999 -9999
24.9247587188235 24.864345752 24.757202912 24.7921531748931 24.705412942 24.7760896920374 24.846377028 24.9314977611817 24.923158418 25.0606025160001 25.1765990451018 25.13750429 24.9305851779999 24.7154245326147 25.0713341191871 25.289933210241 25.2698836283312 25.2078469750966 25.2354741145245 25.2379365560953 25.2514058487603 25.081447858768 24.78748713 24.7685502936637 24.6454184027255 24.467891852 24.3930777540528 24.3529147976251 24.2302323928028 24.111004694692 24.4488617113659 24.7342451978274 24.8216082634858 24.925640025942 24.96249571 24.9524869607977 24.8681568417744 24.732194932 24.6344097838376 24.6209307990181 24.4167771061261 23.4147625369879 23.1473055330587 23.9733540244574 24.546194052 24.8326734790762 24.957082048 24.92499142 24.9283188073596 24.96249571 24.9711808402153 25 25 25 24.9805993840734 -9999 -9999 -9999 -9999
24.9 24.826841462 24.7756193372692 24.6743981115778 24.6320048976789 24.701729898 24.808872738 24.9 24.9392856044982 25.0247342824852 24.9883038096311 25.1620993942252 25.1764534572696 25.1178313 25.2840630093648 25.36963855 25.36963855 25.3430892903415 25.2734082114537 25.2701636992488 25.2884336829559 25.137607874 24.96963855 24.9182363424295 24.8147068615505 24.8257399319801 24.7728919498151 24.562659966 24.1693305422163 23.8330991232006 23.9629263829791 24.3357559152091 24.7402301636553 24.8631315832373 25 24.983984902 24.8929689142331 24.7971357271241 24.6042862573573 24.6849203513903 24.7044069741047 24.4176842873147 24.153228089462 24.2395889046643 24.5093622042567 24.8573986641531 24.994586338 25.06963855 25.06963855 25.06963855 25.0535118648994 25 25 25 25 -9999 -9999 -9999 -9999
24.82321861 24.750060072 24.6615620957824 24.538689670055 24.52321861 24.701729898 24.8020601264326 24.8355155934049 24.9463168360001 25.0090962259999 24.8260819972479 25.0272986475098 25.2629374525923 25.3 25.3153278717327 25.3793905681047 25.3383436700578 25.3903593117797 25.3780382556172 25.37678139 25.367908892 25.2570475131296 25.15356278 25.1394918296091 25.0583196740739 25.0110156764795 25.001833242 24.9125547364634 24.7058930659758 24.394776946 24.1479274353325 24.255478959487 24.6044645013163 24.8021309648207 24.9300308530168 25.0085781317085 25.05356278 25.0091911630584 24.8984316723667 24.9253163731834 24.992478216125 25.00712556 24.9257828217166 24.8499344931082 24.8131031618254 24.955478552313 25.071367728 25.17678139 25.1699693312585 25.1 25.0946231044164 25.07678139 25.0480318439086 25 25 -9999 -9999 -9999 -9999
24.71607577 24.642917232 24.6031667051659 24.512555782 24.4206185398938 24.7002780944237 24.71607577 24.7455322985165 24.8102681680931 24.2690460312588 24.0546563901964 24.8104992920001 24.9102260465311 24.944679794012 25.04822731 25.2441806845552 25.3031667437477 25.3140572927821 25.236694511312 25.3175273721581 25.3985736776283 25.367908892 25.28392423 25.28392423 25.2718854530176 25.2589403450211 25.1727053055509 25.0345160400808 24.7017612738319 24.5743424834378 24.4104134463296 24.0149732952015 24.4862059858096 24.801729418 24.9163182322102 25.099939328 25.18392423 25.153623452 25.0210756938187 24.9909134531216 25.0922401129691 25.1494079885011 25.0625066900288 25.1227942708826 25.1549395109114 25.0924436232368 25.178510568 25.28392423 25.282497984792 25.2544081137379 25.18392423 25.1584947367976 25.062556622 25 25 25 -9999 -9999 -9999
