catData/variables/futureClimate2070/rcp45/GFDL_CM3_2070_rcp45/bio16.asc
NCOLS 409 
NROWS 350 
XLLCORNER 60.897278365 
YLLCORNER 5.843756025 
CELLSIZE 0.0892857 
NODATA_value -9999 
[rows 125 to 149 of 350, columns 112 to 167 of 409]
189.620542540002 198.332538131154 213.578980255561 227.529169629676 233.7110272 238.318778718996 237.811276136336 233.97092201133 230.128217504768 226.913055435683 221.586160069713 214.491161327013 209.5918531934 209.628152721441 217.965271999596 227.499291109283 242.135335389888 262.239320120005 282.536244828233 302.006241207405 320.527754363292 339.16858724 358.33391091508 376.455060537957 392.825210156734 407.868790916345 419.157351058392 422.955740040391 420.858190559999 415.301663659125 407.173729059149 401.21445512 400.377576913284 402.938788531628 409.406930202508 413.060489154158 420.248474643344 429.434089616271 421.858895443348 408.189793561189 395.265267464914 401.186285177831 440.42963318401 455.684943361303 457.384535966768 460.504133736457 467.603095085257 478.355543192111 499.802633376237 527.25072794203 548.516191057828 555.268007186809 554.91306387021 566.630713177768 582.285617261355 599.636849837601
192.245643640002 203.206141652529 217.10346025725 233.967473833873 253.159278090926 259.868003524228 252.82310108 247.985452964095 241.78172877592 236.006494648566 228.250869035478 219.968328044914 216.685972143311 226.410003979146 234.569811189184 248.308485431262 263.366743220001 280.642434193215 296.274642815804 313.740457960001 331.954740760004 350.47205534 369.757766540002 388.557762525805 406.159028682542 423.153596858566 437.405390288071 441.457591887238 438.341169230497 433.120483486244 424.914466060001 417.490492461099 412.855272627069 412.776106453588 415.735445170373 416.172516380123 422.591928052012 422.069400079494 419.142317647449 418.312742002844 416.922255394289 427.5623648 455.364229390329 472.095421043671 475.383002134704 474.646887650891 468.63439915167 469.305893184852 493.405976577659 542.760134426368 581.261378977797 590.209882952679 588.816932329793 588.556035727769 591.39156401243 601.480660952513
194.581941106896 206.442137466174 218.38498656152 242.981261592318 252.549703882993 266.62912446 258.98412038 254.09233842 248.031530977642 242.663197299999 236.24364999133 229.884705936844 227.809275589912 232.3106273932 242.711376356272 267.420767720234 300.623920699225 309.605431438034 316.277690185182 325.526170360001 343.740453160005 362.555377887515 381.422305838257 398.419084160004 418.148296006863 435.452703300654 448.094809947153 454.713029763669 454.921280736953 451.200258072052 444.986677310238 435.575257043629 428.381417026244 427.313677331834 437.828689823521 421.632416245486 408.627375364644 419.82386115517 430.921962357931 435.877516328167 441.216476990526 456.682245726569 477.674544944619 493.868920954994 498.445014528059 495.469969476627 484.29661959551 470.131589771122 488.905586969782 568.168312101078 620.948153106463 626.386950984732 617.397567709625 611.846520397357 608.72072346636 610.762733845639
196.046811643673 201.965885150983 218.945231776552 242.134431462612 242.339983503017 250.488239732411 254.744714001804 253.909196202396 250.455218401775 247.583774410014 245.013809818137 239.848763561408 239.586587376333 245.267080605359 263.239287684772 293.76113647868 323.665847013148 344.219279704593 329.788711672641 336.83135782 353.659383713374 378.7882658702 399.771669249951 411.66080122953 432.25361101644 447.334755281135 458.832626369679 467.788459078141 471.474011173858 470.301660733574 464.496697854504 455.900365309934 447.174281537728 455.017518641106 440.184328853085 420.12284018046 416.129923025546 426.09966568098 439.532705449605 451.042179537946 464.418129087131 484.112724652907 505.82809849988 523.952014288109 532.905907192575 531.570450851842 527.907356335499 524.056815415548 554.777772900589 618.315686248192 649.956461489751 652.220922638072 648.894050945206 641.729716613054 634.806339169202 630.330438832793
197.732656848898 198.796044017499 200.648324037022 226.270299564822 235.30996938066 244.56615113362 249.789629244201 250.522772455641 249.672332323541 248.456067497045 247.10750812 247.360721601404 251.423137139266 262.303185956427 285.600024582143 336.518447980595 377.413926889762 350.368032635565 336.670529582229 348.347122873537 364.544964303455 384.889973313711 405.518718932754 425.880668676067 441.323987475065 456.866986820002 470.546636860003 481.39182118445 488.993719333837 491.670223998328 488.445266848158 478.26800516574 472.515084033396 471.965587213818 451.622723652804 436.287580266042 425.717366017761 431.97387002599 446.729282606032 466.428461924339 487.867734893179 513.496359161538 541.1522287262 563.519163442493 579.477154634684 584.049728829626 580.095220703638 586.357523460343 616.917999458936 655.135807071588 671.028137193053 674.946659649511 678.322678570462 679.638508382901 672.440683559967 658.574383973465
206.403842609421 211.274543191348 207.800160107888 220.776306423747 232.262847841697 241.96582293965 246.785789264794 249.636307915557 250.490562565961 251.786181191464 252.674649702336 254.568647485262 260.986039290646 273.970489193104 295.954391668609 333.71918561956 358.044286811303 333.789660788402 345.208861505212 358.022405916968 371.859289533158 391.732960865491 414.293932275147 436.112573517197 455.229782078477 471.037859716147 484.475206060003 496.888109090758 507.96173525713 516.205062336836 516.717653554559 507.878214145739 506.542118892651 496.936829597661 471.478455019408 447.462111836496 432.528370264803 438.090675263389 460.352130979469 486.404586109823 511.689098219938 540.872295663866 574.252645523926 603.580639766894 629.761767781042 634.54528109334 628.532917702935 635.818759182118 653.097253484759 671.062638951225 687.852374945276 696.460100304971 696.844004157974 689.498150250159 674.430409376029 670.817674943009
211.74864916 213.251243080826 216.501408259199 225.038684224856 235.066545452161 243.262152268639 248.105259714614 251.860281844265 254.004494690561 256.904422027813 259.435991272372 264.0863173 269.926825577067 279.334586416081 294.432429021926 311.565258433631 321.47747964213 333.8230861428 362.066434379518 371.607353190098 383.271952951212 403.696884278048 430.465281586668 452.571024389925 472.391053593174 486.981642296429 498.323195859205 511.260934261466 526.350790113814 541.112573051677 542.685938290779 535.356776155687 526.990521442393 510.491071281408 487.778346454287 465.327329947596 449.805368991139 456.369293004534 483.06439630128 512.576517860989 540.510897773074 567.66498017272 598.461333363474 631.168061697475 660.421366192965 668.559497854017 662.045819015251 666.118317979999 677.672431800001 690.64861687451 704.733485555382 696.964607315427 678.951430007746 668.339304375044 670.529010955348 686.397682342842
220.659327060001 223.098846309491 226.855181135811 233.513443583334 240.93735693359 247.620729591712 253.069572240001 256.484087062312 260.158891940001 263.381092641267 267.464352238212 272.458011403513 277.675635800001 285.22759154 295.663258678826 307.315328680001 320.688718399976 339.213954295629 369.8068119951 386.270842179487 408.621883343939 425.314746242772 457.965583439945 476.773083291554 495.249590837241 505.782653097135 511.142226041095 520.996838656627 536.066707420843 551.494744708053 548.894241943145 546.717330986594 527.893733600742 517.781022779316 502.049803056683 484.844018183572 477.211256491886 490.848776330805 520.253216766622 548.279493735324 570.812047540511 593.315279490061 619.171458326897 645.622468111812 666.652237330492 676.696429477706 678.370029829844 686.977060271369 700.20097952538 715.971747019669 722.693683068922 708.999132844484 688.321919287349 668.719016856701 670.41218233692 688.500927280903
230.302182660001 233.678627238154 237.33292568918 243.782714800002 249.280907408768 256.020538197742 260.569571040001 263.908306044312 267.562604495339 271.742448693637 276.567162577391 281.292889428419 286.678792459445 293.76939731906 302.923408720002 314.315187080001 329.715483147099 346.843421769157 367.134352416808 390.679359713712 421.777516420767 452.733310524183 493.156362762336 505.441898135597 521.929841881195 526.624836620001 525.129103704744 529.783711326117 541.146145812402 575.082951369435 560.638444111534 559.033994978446 525.039905699971 518.936894478992 511.90975514228 505.90569833578 510.382094844864 533.862473715952 566.048925817086 586.596946131268 600.417590370898 616.174430506315 635.277094238581 654.262554552422 669.875438915419 682.200468143318 688.650521836974 703.485880411276 725.159554545235 744.779653865158 752.169505301384 746.8488329316 728.377147343009 702.58309233625 684.975432625924 678.838488774061
240.332187639464 244.31893012 248.14862200583 253.433920781524 259.267995782249 264.49756952 268.774995107163 273.179306770934 277.620501601713 281.604638920001 286.4076719 292.332493340693 299.064622967699 305.65702498 313.720397875191 324.500673290242 343.691434822667 360.611372997862 384.326394219087 411.121237275851 442.384137733053 482.519237194719 522.324028904587 536.76023346575 549.069561464387 548.959179676981 545.474171571923 551.033702315931 582.715049394109 632.398790745286 587.69188011915 544.436721426623 512.128050273797 510.225978136899 514.180151631447 523.808500855456 542.8413304292 573.56299559086 604.20329704337 618.813133172461 626.756920625667 636.502220598126 649.305520658555 664.870846271287 681.326100954975 689.998922638607 695.489556512418 714.818202949455 739.119802973151 754.080648097605 767.379380768453 772.537975463399 766.410935692747 747.363455668411 717.476467497368 690.837951201214
250.281902251801 254.479678220001 258.866670198319 264.173643254324 269.385944766519 274.353396380397 279.544055472246 284.050529900001 288.866025221238 293.119275484918 298.801737397192 305.870737060002 313.736167075956 321.907574178904 329.584877060002 339.224214233008 361.743269410673 383.303588213891 406.315158068195 439.176881485137 474.248988540009 513.23699892164 555.975275476762 576.312248663533 577.834689179563 573.999037771368 572.924338944814 589.546798353781 623.993735794131 629.426468650746 580.501008561554 509.582420027197 491.125774358183 494.619278752901 506.728980098339 529.073130344092 557.424707684265 587.893967592342 615.313778086496 634.111126473031 647.409465948811 658.167154562663 670.095122279028 685.899195569983 699.104932909291 697.54123502786 698.982498779864 713.117673076301 730.803262398935 747.525180600001 766.452841774668 776.171249318916 779.49085115451 775.409604868169 756.745408620423 724.528721769888
259.211855920001 264.590586808287 269.387955055851 275.943889620001 280.318352200001 285.935776724168 292.194388940001 296.0147425 301.465473408373 306.978955100002 313.694042004199 322.599537992615 333.181113016843 348.820376750599 355.858815394666 366.555181396916 418.720542407508 418.262234432148 429.662985326719 471.945325141267 510.33235910723 553.642560482372 606.626810133213 616.443600544277 609.24423830715 606.26989062145 626.953325649034 645.405321263843 634.171798977508 601.674836387819 560.374431725925 516.281267362113 482.314397688006 480.286678213966 491.326086115659 517.485407341754 551.530395661787 583.875201293095 613.71323270622 640.386684330631 665.100875468203 683.848109455103 696.80781060682 704.4649338784 707.732827449156 713.307785730887 717.145455953257 724.300949233453 737.975872148865 757.680920711129 776.740500680001 790.762041275595 797.30101328436 789.182558499696 771.029586148726 747.10892090289
268.205346372949 274.51431698 279.709815429139 287.033209320001 291.531280183609 298.47795406 305.53539546341 310.9610614 316.431892972865 322.599983146937 331.001353119601 342.242545712268 357.14867752233 379.811450035194 391.472231721051 404.743496361464 492.352176680505 471.427513906764 460.560230742772 509.817389325643 547.904333559429 603.877649598379 650.910320644085 639.903189192751 659.502524423604 681.102553569582 688.278406957091 697.791140809473 689.823182181239 643.627225958777 593.793652676099 535.764828706056 490.910546066162 478.640702914574 480.201408684649 506.934711653056 548.921724726702 586.486477242354 619.269657120003 647.754859153105 674.779899100442 696.141278793885 708.256629637555 716.444321289012 718.015419795112 720.031538811334 722.751831898886 734.525928328767 750.740012780446 771.118208763227 787.605034321354 796.313972637275 796.505885196907 792.690146096856 771.783968240296 750.71474289477
275.576372471191 282.525141021471 288.83048457413 297.032868647156 304.739203838896 313.761545732108 321.852604084768 328.800805637427 334.693092700002 340.942016660003 350.391182335404 363.557680196128 380.347238160002 397.111718966052 413.302550948323 431.884746413498 499.44264019702 533.451019783394 488.270026566465 526.157372902697 616.336003452858 782.808759233069 701.067185862661 664.499409458929 712.56649262737 726.183037448338 713.301798745656 749.053961499892 733.450533159419 686.724376619279 617.762273651075 583.948842716299 521.919843883593 495.727149486263 496.418695920781 521.759459232465 565.055004073632 606.291029774413 640.429829220005 663.584995812273 686.485958800005 706.295395064321 712.740629876012 718.019471821054 731.262748813073 735.462770627813 742.632029971139 755.353750254464 762.661883600284 769.894071532414 777.995058399999 789.282364410909 793.46639348 793.43855708025 787.682103259875 764.634633723969
283.398567982296 289.367455879734 298.886208236476 309.253167504317 320.536448394182 331.817518112153 341.761355995063 349.857516364048 356.496552400001 362.745476360002 372.31475268 385.866708420002 401.18507697307 417.955739849814 437.97613424085 456.233579392198 491.240999552395 506.761694674352 503.117583468675 594.054111542271 958.94882833832 974.928827974326 677.819413057665 698.872524352067 750.040022269417 747.722375091581 752.17675801724 742.930792048554 729.938746406485 730.510535493718 638.882767818367 584.17309528535 558.32227669653 525.529841548394 531.249183686662 557.692357797398 598.261709760002 642.011548068117 676.562073306965 695.199937236814 712.481928995948 728.113249951304 728.896812187245 711.216224888969 719.291465684341 735.262842740594 753.573320123484 768.892367693919 777.709479664659 786.863939457097 789.329713366939 791.488553150961 787.158638326364 790.314729113948 787.372905702574 771.32271686586
290.457878980455 299.932483555187 311.337781804109 323.045112549425 335.887372849468 349.318490200047 360.756207070718 370.42411936 377.516207795984 384.740857921298 394.81474908 408.902864411923 423.676172462769 439.229001514911 457.169626536432 476.951286439509 489.59015421188 504.06271127004 537.023159427493 633.404395952985 886.666315491322 746.783335018508 708.650113204926 763.036247439259 759.058219954291 748.360953590604 790.201215276571 751.628268509455 737.134377822303 747.750833112459 668.903520064249 605.244428620155 578.508076928711 556.438273002417 562.084665562318 592.306176097083 636.964994958918 684.976120060174 719.219164843234 732.937312097337 744.84011601011 756.190101206127 751.07771258038 733.004689771491 728.938320086037 738.003199645085 759.883935880002 776.183019169495 787.152324097614 794.49765852758 792.81331819257 783.712872166755 774.901836120545 773.525590559687 774.507982964218 768.891532105311
300.44963108254 310.567947107461 323.1548436491 335.993122560004 349.113334204755 365.140684236064 380.221432695657 390.483647182709 397.292450938935 405.227147540004 415.350532880002 429.491236400004 444.242310040002 459.634088400002 478.100244108771 492.245194007169 509.71210441635 563.973800276814 622.174718290078 609.836321398272 627.845452749815 713.572968059065 796.207758776767 800.929663515839 775.871703087017 768.975030919621 821.970299518077 783.33138445972 732.003732173014 779.530013987541 698.592805355135 629.815121824072 584.148777714796 564.773598600664 565.923164209271 602.799455379098 656.055664273045 711.645344446471 746.399528220004 762.004584818959 774.432845868627 782.945741860952 778.906246503968 767.788316874063 756.122282476536 753.941253143425 768.015257296369 779.470145480099 777.194196544087 777.022855015486 774.095533458833 768.040923278809 763.125723306267 761.195823336581 756.033956319739 759.745885659422
309.516893294475 322.689237340001 333.932044162266 347.725227672058 362.78733502004 378.499884096045 396.261081660001 407.332463067832 413.4611946 420.108268260308 429.627311562188 442.050480304224 455.957033240001 471.3488116 485.728191380654 501.805920448759 540.825508115918 611.446269604959 599.002062407654 662.027727001993 739.580232976953 794.132865631823 853.10627743299 815.358704516803 748.981512390609 747.352705820483 791.159450902264 778.492903767736 748.065875364317 763.950845320728 677.335487914541 585.536123754744 572.337590344421 550.873201615926 562.717551966958 600.232646981695 654.243913934747 711.947845399846 754.974428539157 778.955095960001 792.936941944547 796.718623133607 798.563877050832 792.706553920099 778.813819123195 771.903861006979 774.905842703442 778.438071147324 778.284139100499 771.685690004601 765.850357229295 760.874854536808 759.23392466 757.943451451641 752.253381673173 756.544481453742
315.486552950497 329.242770840001 343.289541659079 357.382312166634 373.408598132338 390.277402400001 405.654011060001 417.412619411617 425.121943900001 430.70209720351 438.27636135317 449.638397507709 463.207105840001 478.416037047418 492.011048004667 515.033841005376 543.065365130005 575.726477960011 623.777019831294 704.545370561494 775.921237860636 827.656425073061 819.746641292494 761.232842518703 753.258570349049 774.586861566393 795.290618932328 799.990054943446 818.595498367766 785.851716794301 680.354581539262 629.97217782901 562.747817287522 545.692085286085 558.615241957093 601.374562493578 660.795699014994 715.961967876108 751.812982100978 773.126957685391 794.850169699172 795.251467742299 797.21796778924 805.807678220628 798.479977599345 788.581239405455 785.758611332071 781.439132811119 777.023437090462 769.92803985839 762.862380684711 758.051058221222 754.310415257916 754.782008068246 754.229884671704 760.715284162124
322.617808940003 336.718115393451 351.61723102 366.420837120004 381.527013245306 397.777401200001 413.29046607963 426.356804317162 436.032619400001 439.614242468007 443.697987530983 454.520053580366 468.108550359492 482.047323460873 499.58513030807 521.03825791578 557.137063658167 593.19231656001 642.845376326171 732.757103739198 763.159195088139 798.800419862534 785.053581877282 756.392723930591 768.427530811611 815.823776742822 837.047111293189 816.425705884057 788.012488013606 758.363817723056 663.361777738354 605.418628060264 552.734140685248 522.83878464 560.565773425236 610.409071728282 670.656014540405 713.552452318381 724.266269979999 731.377962686523 759.810068724854 783.968383344008 795.029633667438 812.333740983416 806.818288389951 801.450250716658 794.093181206139 787.910264801906 780.202972265047 770.980955526285 761.471535483671 752.58968804058 743.980692450002 736.513829951914 742.610550616008 762.297633141127
329.046379340003 343.849412320001 358.84940992 372.840129927997 387.467494537052 404.291917779788 420.87521483684 436.81143964649 449.156279845836 451.808871049301 451.825564032282 460.380278773742 471.959868961491 484.673753927269 495.3278852932 511.1638471672 537.31678003822 570.406394047066 614.394870239638 661.328090931026 718.894742488308 769.345834499311 765.689580426231 754.470080794909 767.919192345184 793.260099493685 838.114997231999 800.458722454061 737.519542100069 691.170310735283 626.445777660003 582.061477029527 557.252219001192 532.010363992057 564.533691707846 598.746626217792 643.571600082093 679.873080548338 683.430950797253 699.130633914558 732.76022185893 777.222154359033 807.878367593139 820.876314480472 814.571622063021 807.283186755398 796.313832574644 788.392592343181 782.368349765606 775.485730539999 764.9900887 748.886880282513 735.122298812632 727.295437472185 743.228017040831 770.469527794243
335.474949740003 350.277982720001 364.957088005952 378.570716137324 391.997368259409 407.91698894841 424.887797045731 442.521204950407 461.376156714716 467.992095124751 465.228734420223 469.902733556508 479.431032853235 488.070431819926 491.613056280147 494.54579799129 504.590356482508 535.147029881876 578.88266054954 631.406744461329 694.716367755276 722.433320410311 743.766507721378 761.884051425513 774.48867270821 781.648583566151 794.056048953193 765.926546435049 735.004388671613 680.898214562376 613.873170374349 568.811627830358 538.013732676595 521.765268054339 541.537250574976 561.140435044179 586.071561145985 632.271305648565 667.98955651772 697.200916804086 737.865913591875 795.042557992904 821.389751537406 826.6521762737 821.022505414158 806.861924479998 797.336341443991 789.644230118725 785.152175104547 780.11525805218 769.637236002182 754.013976389261 742.30440262344 746.822779796311 773.137814220895 795.79802093571
342.307964040794 356.347431220561 372.292261235191 384.885692046821 396.739403967061 409.913577730835 422.808637030276 437.617898837823 455.898147246745 467.141001538488 470.540416290771 477.740836137115 489.574597620169 498.439554234619 496.245576000476 486.650337543289 480.191783092445 505.822749007961 553.018665479115 609.765771313492 668.553360480007 706.983520070276 749.696646392049 784.900994495186 792.778434393989 796.541688782551 789.202086048693 766.728082906795 748.3656123336 702.958516027444 644.476980543595 585.646520929166 536.269709910131 516.552143213661 527.756292225806 549.001900626251 577.670102798482 618.08275195992 669.424183436616 709.246200552526 744.188702117003 806.381802009655 821.545342134846 831.870149603111 823.785736613503 810.458445572941 799.164879798636 789.656916078079 783.882949878881 778.522400659999 769.462717457801 760.362209097415 757.375269829523 773.594259177103 807.319448300005 821.029765684783
348.162788144359 361.718032988104 379.068526407915 391.576529600049 399.680554656489 408.245719224592 416.570557316818 426.655166101739 440.349572400001 454.605517782011 465.797218385707 479.357477704112 499.251294586213 513.223729456007 507.747881989746 494.807548753153 485.529045435807 504.8772214852 543.353698108221 591.056095116747 641.51698406271 689.043281300599 751.556359774953 791.703595436749 794.074330189372 792.598477117724 778.174101240911 775.451716912236 753.483915788439 726.128515211962 690.131761368704 639.434555059047 577.189401605808 547.977789626905 554.126397652756 568.288268567234 595.247178758309 640.78678964237 700.895811711973 744.448650126755 765.950152524078 807.901426427477 824.901870911239 839.381789955269 829.988326140001 814.179507016016 797.80610908223 784.05775774 777.244265813141 773.472033589947 771.152706273682 768.487273277381 771.422556320541 788.239449025662 814.022978689727 820.583237436089
352.798021300003 365.558025429701 379.724700672946 391.470231081271 399.474552413521 406.40753078 413.195908518024 421.72730762 432.787828369895 446.335633145225 459.15381145297 475.928042278564 499.193981605404 516.309488103783 517.068515404487 511.649629502863 511.368697324303 524.156808177695 551.214251034476 587.677156124374 631.133000240922 676.478334003847 731.260957777863 773.432159526301 785.975303184036 775.883456636796 759.18418910441 756.623742128029 746.487340201303 738.913614918446 723.045508457033 676.212328816001 616.960967710316 583.630362460984 597.21060213276 611.827695133489 633.769719686792 687.946066573113 753.328178260421 800.884479713926 810.418032288578 830.094555544483 846.864692298152 857.032119960725 841.591327004234 816.709174337542 792.380548815758 773.432133300331 768.605378485824 772.101112589668 776.904242082512 779.769975766684 783.631793827297 793.196983896964 803.081318988638 803.423875423314
