catData/variables/futureClimate2070/rcp45/GFDL_CM3_2070_rcp45/bio17.asc
NCOLS 409 
NROWS 350 
XLLCORNER 60.897278365 
YLLCORNER 5.843756025 
CELLSIZE 0.0892857 
NODATA_value -9999 
[rows 108 to 134 of 350, columns 122 to 182 of 409]
5.84062800733115 7.43451548980658 8.66017618000005 9 9 9 9 9 9 9 8.91314157595547 8.43558360118199 8 8.27866658454299 8.81897895259466 9 9 9 9.20070801771015 9.57788733828251 10.92559347542 11 10.9667181903048 10.5248661868327 9.85525654397017 8.95835613889223 8 8 8 9.17748596000017 10 10.7315997799999 11 11.5465083417917 11.9797051953458 12 11.9445391296209 11.3750309 11.2881742761038 11 11 11.2786635846913 11.6249691 12.434505589584 13.6601689800001 14 14 13.6720526618657 14.2161164847282 15.2391193724091 14.724809128641 15.8901937599469 16.3354881876436 15.1856499009594 14.984083341903 15.8209122800003 15.6637139676275 14.4112618199998 13.5874162866471 13.1006601762151 13.3011585809225
6.70691391413292 7.99875026212279 8.89682863868847 9 9 9 9 8.3156628372567 9 9 9 8.90799879401256 8.69639750000001 8.83177038760952 9 9 9 9.50948592914653 9.9401995916645 10 10.9458873799999 10.9879413340973 10.3036025 10.2549737042805 9.7683990199998 8.69697062000004 8 8 8 9.17748596000017 10 10.2221155222074 10.3036025 10.5690897038295 11.2659169353595 11.9879430054513 11.2148607199999 10.3036025 10.3036025 10.3036025 10.5643722904935 11.1353714303175 11.6638574088716 12.1787431119395 13.4235115072498 14 14 14 14.9458825799999 15.9947443431945 15.6963975 15.793652176855 16.162976141523 15.1823473600489 14.37445298 15.1353707016715 14.7862927199998 13.7148643199998 13.1031742758954 13 13
7.39721121853596 8.49326566594868 9 9 9 9 9 8.01731818000024 9 9 9 9 9 9 9 9 9 9.16985907769951 9.23217409999997 9.90360635333171 10.9458873799999 10.9959797243627 10.6996858201216 9.87701534460619 9.17840235090932 8.69697062000004 8 8 8 8.72543385151291 9.73907078400286 10 10 10 10.9458849799999 11.2281543815805 10.9112582199999 9.87701718738838 9.23217409999997 9.46484606364285 10.0869388408416 10.916896329348 11.8879323898106 12.4520502657051 13.5812690187796 14 13.3834160077482 13.9036026677676 14.9458825799999 15.2454659187985 16 16 16 15.8592910817211 15.3350753872477 15 14.4826902199998 13.4112618199998 13.5068929984387 13.7678259 13.7678259
7.51731938 8.58874778000014 9 9 9 9 9 8.84203812296684 9 9 9 9 8.68573268375619 8.16074570000003 8.16074570000003 8.16074570000003 8.71479938361242 9 9 9.87445898000017 10.1520473290193 10.985467657177 10.146480454665 9.70540189349296 8.16074570000003 7.85771632000007 7.16074570000003 7.53495759387574 8 8.09463790244022 8.82091708000019 9.16074570000003 9.8346905530863 10 10.1520469432296 11 10.8367812995451 9.13499903229681 9 9.04871028401901 9.78927227564628 11.3568119803349 12.4341564715074 12.9338918166505 14.2142186351918 14.8392543 14.0362285199999 13.9798190492821 14.1520465574399 14.1925849944025 15.9255250937553 15.2951671980866 15.8056319100712 15.415060381771 15.62554702 15 14.4826902199998 13.4112618199998 13.6601665800003 14.6139942328235 14.8392543
7.04620557025926 7.67806508000011 8.08931729999997 8.75557693424674 9 9 8.13859454124719 9 9 9 8.78908280857226 7.81335150040376 7.48620323552978 8 8 8 8.05896493956039 8.75557474860824 9 9.07810431505434 9.95072057311427 10.087770701283 9.91918221054817 8.91483853762037 7.78908499421077 7.06225153395771 7 6.63376451940965 6.17863459999993 6.71479264663248 7.14828202519883 7.8448898629697 8.89234548000011 9.08931729999997 9.95071838747576 10.9842330043553 9.99264934381304 8.85413578801816 8.3002301201507 9 9.74891076 11.4458837800002 12.5173121800001 13.536155860994 15.2310206600003 15.2444296226686 14.1969742199999 14 12.2772021963254 12.2132565600003 14.2515220563497 15.0143057536566 14.8577211199997 14.1163826373192 14.1451894708494 13.6832608409816 13.1324298871867 13.5728864707111 13.9696469964759 15.3978458716931 15.9106827
7 7.58874778000014 8 8.01308760117114 8.01788889999997 8.01788889999997 8.00096797231456 9 9 8.84269037419972 7.78628551999975 7.01246799479074 7.37446018000006 8 8 8 8 8.73160217999996 9 9 9.01692088475206 9.01788889999997 9.01630136423837 8.83982742000003 7.7683990199998 7 6.6322408577806 6.00991248671458 6 6.01053196429491 6.01788889999997 7.46800094469541 8.01436529080918 8.87670241368617 9.0169208418187 10.0175791826765 9.82410393282799 8.01502363166698 8.00414304383776 8.31549506065756 9.38115397484727 10.9016800896482 13.0253702141434 15.1490603386386 16.6362008768665 16.25051372 14.3904247878756 14 12.1082348400002 12.0176206543903 13.0194763498949 13.0357777999999 13.0316347990955 13.0178889 13.0178889 13.0099125725813 13 13.0105318784282 13.6662458260674 15.4631899600003 16.7886581750576
7 7 7.66017618000005 8 8 8 8 9 8.99524855248009 8.63468622834173 7 7.0162241699853 7.40795126919293 8.02387265162891 8.02584260754928 8 8 8 8.76003672426227 8.94646050000003 8.94646050000003 8 7.99049736194977 7.58972695969391 6 5.69697062000004 5 5 5.48961781604421 5.97798150477773 6 6.73159977999993 7.80302818000014 8 8.94588497999991 8.05261255029145 8 8 8 8.30302698000011 9.37445538 10.8440227707217 12.9275453600002 15.0704021600002 16.5530899800002 15.4688955979264 13.3404089399998 11.1975521399992 10.051220000392 10.9637714800002 11.9512115620356 12.1601677800001 13.0123995436791 13.0373157154991 13.3544049546773 13.5244513861443 12.9723034930337 12.9149397522119 13.5530875800004 14.6636852094319 15.7924773502536
6.9396804165479 7 7.57767534915542 7.96645918799298 8 8 8 8.87719631658645 8.90016294626521 7.73487385088314 7 7.30303177999999 8 8.3901668205236 8.42236313662497 8 8 8.09142678807001 8.1249679 8.1249679 8.1249679 8.12280398333651 7.83360181381154 6.1249679 6.09602521189143 5.69697062000004 5 5 5 5.58874298000008 6 6.73159977999993 7.7026754347047 7.9843111024438 8.82767972040778 8.85988233674034 8 7.97998386896279 7.9039744881856 8.26515833466615 9.2026925775177 9.80578535963068 10.8450090432211 12.9275453600001 14.4102331800001 14.109893008224 12.3693329853723 10.2510916399992 9.88179504033083 9.89234308000017 10.9637714800004 12.0552157111144 13.2026540917376 13.5720075199997 12.8750321 12.8750321 12.4223694368559 11.4112618199998 11.6601665800003 13.3717640716991 15.5814310054497
6.41571976784969 6.80360369999997 6.93325985910013 7.58792014742491 7.80360369999997 7.9753446795249 8 8.01731818000024 8.82250683999998 7 7 7.24351745962557 7.87714629384933 7.91242913267569 7.80360369999997 7.9192311142741 8 8.58791821877601 8.80360369999997 8.97534420817381 9 8.78628791999976 7.73228854859839 6.96854269792655 6.6174882955482 5.75648446902333 5.1228541775018 5 4.89840133055191 5.39234668000006 5.93325891639792 6.73159977999993 7 7.70271654317744 7.80360369999997 7.61060768377248 7.80360369999997 7.64343352000003 7.03520228000014 7.80360369999997 7.87714535114708 8.3583138553781 9.2193176819031 10.7846885600001 12.2673763800001 12.6072073999999 11.9618929119965 10.2264349054708 9.23988525894656 9.21030746757878 10.0887393800004 11.2888792006289 12.7581190671538 12.3636957263208 11.877144879796 12 12 11.4112618199998 11.6601665800003 12.8752775271708 15.2900447987092
6 6 6.48336469264439 6.73217530000001 6.73217530000001 7.37243432323995 7.71768324656157 8.01267994363713 8.62598771849357 7.49275058403398 7.20579559423245 7 7.37446018000006 7.67353139517177 7.1292744350266 7.58874538000011 8 8 8 8.64025726601933 8.73217530000001 7.71949711358362 6.97623211661471 6.61490089318675 6 5.91884124721033 5.45800656259115 4.88058066760731 4.35341034219404 4.58874298000008 5.48336117820304 6.65971557159848 6.78492921859992 6.73217530000001 6.47884393899703 5.74485172919566 6.46435060000002 6.38997548081493 6.1695707597912 6.73217530000001 7.10663068000001 7.73217530000001 7.87072427941487 9.01980189078377 10.569153839018 11 11 10.1255458199996 10 9.73217530000001 9.82091468000042 10.8923430800001 11.5626062974295 11.0811574672312 11.5419899229674 12 12 11.4112618199998 11.6601665800003 13.2672507539602 14.7502681758416
6 6 6 6 6 5.70333626600471 6.28574063987666 7.32736904625144 7.74949348000001 8.55491177850744 7.84696878463533 7.3392531 7.58667650310848 8 7.48268302000003 7.3890116847244 7.88471290140378 8 8 8 8 7 6.94136255817186 6.28491405570001 5.9214286495719 5.4605211765561 5 4.55411381999982 4 4.58874298000008 5.22396518719633 6.55425516667556 5.92454202054746 5.36408479441956 4.3756088200001 4.32736741783655 4.6607469 4.87525531009249 6 6 6.24742023152332 6.96328180920954 7.6810655192673 8.58874058000005 10.0963735870114 10.9089435791169 11 10.4222071113727 10.018359502499 9 9.08873938000041 10.1058303641149 10.7393166220132 11.3030245800003 12.1270343342692 12.1879864596026 12 11.6109930726532 11.7754561212188 12.7315949800001 14.3336185889627
6 6 6 6 6 5.48466373123044 5.02222206631494 5.59952442386049 6.23093700140577 6.83373640104892 7.36886744700715 8 8 8 7.48268302000003 7 7.66017378000019 8 8 7.64087587440507 7.97777694804944 7.40357022949583 7 6.83982742000003 5.7683990199998 5 5 4.73723102523156 4.19822997231367 4.10517127971829 5.10992855259572 5.72000928989989 4.8214767750092 3.35573878004056 2.62120948241394 3.01020309513164 3.66220771464626 4.59946400044459 5.58931850000002 5.71376607468692 6 6.8917675600003 8.2124505420507 8.75763721549476 9.66016898000013 10.7315973800001 10.6702121681309 10.5893185 10.0318923967783 9.40357220076705 9.08873938000041 10 10.2315961800002 11.3030245800003 12.2206720684941 12.3265523539603 12 12.2417838788697 12.1395632986756 13.032047503779 13.8839180337666
6 6 6 5.64728618909666 5.51789009999999 5.51789009999999 5.02802314724684 5 5 5.0829530364097 5.86943857762887 7.32796944230522 8 8 7.48268302000003 7 7.66017378000019 7.64728734616043 7.51789009999999 7.06501645140181 7.94588737999994 7.98268421999979 7 6.83982742000003 5.7683990199998 5 5 5 4.48268541999988 3.41125701999992 4.00206760200557 4.13900181677586 3.22570432888589 2.13003538867613 2 3.00834695190055 3.57402687863689 4.59510972946275 5 5.15693467297495 5.87894739161252 7.15891247541281 8.51731218000009 9.28383766214978 9.5057308781382 9.89677714028796 9.61990109849315 9.93947311727458 10 9.99103481483662 9.52806714638236 10.0772184723991 10.6020512688199 11.3030245800003 12 12 12 12.5887381800002 12.3398334199997 12.7577715947035 13.0357802
6 6 5.63456719962228 5.11982827548542 4.55549048940676 4.4464617 5.49363414161711 5 5 5 5.10340203876065 5.88478556365282 7.10020145145493 7.4464617 6.92914472000003 6.4464617 7.10663548000019 7.11982934699351 7 7.48404653720903 7.97584078768332 7.98268421999979 6.95087669746782 6.28628912000003 5.34306073274745 5 5 5 4.48268541999988 3.41125701999992 3.29474123660622 3.04149320149847 2.17588074721847 2 2 3.56126806106763 4 4.16017017999995 5 5 5.74891076 7.44588378000015 8.51731218000009 9.58874058000006 9.33983101999987 9 9 9.87445418000041 10 10 10 10.1601677800001 11.1281973557638 11.6888271691287 12 12.246812421087 12.2671875238053 12.2628490486978 12.1517226064099 11.5950341584822 11.4464617
6 5.632052242801 4.71485711999997 4.37503330000002 4.0738691915017 4 5.30062994562964 5.61414341419523 5 5 5 5.30303177999999 6.14043503702402 6.37503330000002 6.18102220584458 6 6.66017378000019 7 7 7.87445898000017 8 7.98268421999979 6.85579366268095 5.31496324875311 5 4.81061672837838 4.60905694305595 5 4.80598980592443 4.0362237199999 2.79979644241371 2.10065902022736 2 2 2.59114661453009 4 4 4.16017017999995 5.14474140026739 5.81434847170161 6.53079987372829 7.44588378000015 8.19400929399564 9.33171713743878 9.75241464887291 9.16774269969271 9 9.32794943682436 9.37503330000002 10 10 10.1601677800001 11.2315961800002 12 12 12.1672203653501 12.1810249060843 11.6320582424813 10.9624511710469 10.9329166207744 11.5018628718215
6 5.00125115087187 4.10317217688869 4 4 4 5.60460278793205 5.98268181999976 5 5 5 5.09200193326371 5.56437713449714 6 6 6 6.66017378000019 7 7 7.26549003117703 7.96231623658379 7.28628911999976 6.12611653999967 4.30360489999997 4.30360489999997 4.21160369538803 4.11368721685112 4.61411785090983 5 4.41125701999992 2.67965723999968 2 2 2.60896727747488 3.64228007999994 4 4.06179934075737 4.85656527999997 5.9279936800002 6.78839557596026 7 7.13537250043855 7.66385856732237 8.7674851049169 9.30360489999997 9.08148835060481 9 9 9 10 10.0617976694093 10.8565628800001 11.7667088350694 11.7889751673082 11.0428376795476 10.6072097999999 10.9674617959742 11.1248611037348 10.7995701914957 10.9185109207435 11.8030233800001
5.60279002303054 4.05468093999966 3.23217649999994 3.23217649999994 3.84876409331917 4 5.89177955999993 5.99597912558117 5.69968179033142 5 5 5 5.08694085398176 5.57454023010575 6 6 6.66017378000019 7 7 7 6.49333826256505 6.21486071999972 5.12282800689198 4 4 4 4 4.10352429267078 4.23217649999994 4.09548421550398 2.67965723999968 2 2.61658390776639 2.97085176814641 3.94588497999991 4.01329362002858 4.78842725588426 5.28315260820314 6.82159524770946 7 7 7 7.12010773135976 7.82091707999999 8.23217649999994 8.23217649999994 8.23217649999994 8.23217649999994 8.23217649999994 9.2454682772521 10.0887393800004 11.0371871945732 11.2321764999999 10.9291519199996 10.145237317689 10 10.1201071741362 10.2321764999999 10.7390679140389 11 11.8030233800001
5.04851934742818 3.47736023298562 3 3 3.12908602577237 4.62853484928329 5.14335186988883 6 5.91125341999999 5 5 5 5 5.07167574204673 5.1607481 5.1607481 5.82092188000019 6.1607481 6.83469304002324 7 6.05411262000006 5.98268421999978 4.91125581999985 4 4 4 4 4 4 3.50589633542327 2.39445542499044 2 2.12908525418148 2.89463744623262 3.94588497999991 4.01731338000019 5.07447670747449 6.15959225999989 7.8392519 7.8392519 7.8392519 7.46504309045569 7 7.58874058000005 8 8 7.32605908838593 7.1607481 7.1607481 7.33880718000017 8.41023558000041 9.32149620000001 9.32149620000001 9.27278557451165 9.47500847492564 10 10 10.4940996361677 10.9453724234186 11 11.1290844825906
4.52579350817419 3.41125221999986 3 3 3 3.95256800812318 4.08931969999995 5.08931969999995 5.08139288209833 5 5 5 5 5 4.52888961745851 4.08931969999995 4.1482862239774 4.84489509276295 5.89235028000012 6.88567226624424 6.05411262000006 5.99845335972512 5.7411185435341 4 4 4 4 4 4.4711081969089 3.78578068635057 2.94103369038983 2.91068030000005 2.91068030000005 2.98878649938864 3.94588497999991 4.91222672590765 5.16955717083318 7.08515683242653 8.21091226431414 8.91068030000005 8.91068030000005 8.4647965199999 7.91068030000005 7.96326643198345 7.39879711524275 7.08931969999995 7.01759367823812 7 6.13860336828087 6.10663068000012 7.09724587479977 7.32450104194073 8.30022977868142 9.27595851542208 9.94412632783773 10 10.4711038256436 10.9632662176162 11 11 11
4.48268062 3.41125221999986 3 3 3 3.87446138000003 4 5 5 5 5 5 4.63223939941835 4.01789129999992 4.00863582671569 4 4 4.73160217999996 5.80303058000017 6.87445898000017 6.98307684511829 6 5.90966807125222 4.98210870000008 4.98210870000008 4.98210870000008 4.61435045647934 4.43790869658798 4.99136413034519 4.40072364272189 3.98210870000008 3.26359819114401 3 3.85881141499046 4.92799367999999 5.01700362112459 6.07243818580872 7.16017017999995 8.23159858000017 9.29760543339285 9.61435281354025 8.99202255952692 8.98210870000008 7.82569420867778 7.0060800187281 7 7 6.14119094207016 5.07200872000002 5.01820101593639 5.12293431713085 6.17805908000001 7.24948748000014 8.61851895633242 10.3677535293989 11.4200126824664 11.973472744467 11.9821087000001 11.9821087000001 11.9821087000001 10.404796204397
4 4 3.96465608183373 3.94646290000001 3.98945495695357 4 4.05064019574083 5 5 4.83982502 4.01239937331541 4.34034543729095 5 5 4.51037867088998 4.6107627597165 4.37517000967705 4.74597142092908 5.76003865153565 5.99327889785817 6 6.00092703664545 6.04878599396091 6 6 5.71319393422003 5.05353709999999 5.02966564699271 5 5 4.37517228118804 4.05353709999999 4.85656528000013 5.05353709999999 5.10417703876273 6.06992357184377 7 7.32034035999989 9 9.30302698000011 10 10 9.48268781999991 8.41125941999995 7.37517455269902 7.01436949790719 7 6.0787300791195 5.05122013027381 5 5 5.31176064154554 7.17805908000023 8.55251206000064 10.3008687533644 10.9167969960292 10.9464629 11.5352010800002 11.9464629 11.2148679199999 10.1434395199999
4 3.85285367859671 3.17239206642166 2.87503449999993 3.57771606213786 3.96862400716477 4.82768619069732 4.75006899999987 4.76115926074287 4.75489221292633 4.32762644781686 5 5 5 5 5 5 5 5 5.7651817763349 5.87503449999994 6.14011740489466 6.91125581999985 6 6 6 6 5.55411381999982 5 5 5 5 5.80302818000014 6.10927690374806 7.07085047999997 7.24993100000013 7.23884133909152 7.40527436674237 8.90397633234896 9.30302698000011 10 9.94427991049036 9.35772231999985 8.35986618094991 7.91750165332975 7.23486155239031 7 5.36036824383007 5.00676281044903 5 5 5.16016778000009 6.23159618000022 7.53031392369653 8.79686270387208 9.26519609040776 9.81471487531252 10.4637726800001 10.8750344999999 10.2348636524731 9.19697661999992
3.70200772941612 2.6609695852608 2 2 2 3.40544499836476 3.60721219999987 3 3.08874658000001 4.12871759099537 4.80360609999993 4.86311969309809 5 5 5 5 5 5 5 5 5 6.80360609999993 6.73229073561232 6 6 6 6 5.64168314584619 5.09479647210695 5 5 5 5.80302818000014 6.87445658000014 7.94588497999991 8.80700634222035 8.92868656426705 8.16493745368616 8.23159858000017 9.24351432959264 9.80360609999993 9.35772231999978 8.3878908765476 8 7.46948418064116 7.05271263731202 7 6.12554581999959 5.0541174200001 5 5 5.16016778000009 6.23159618000022 7 7.30091269889113 7.8911744831556 8.51730978000023 9.47311359275102 9.9332587892959 10 9.03926772661046
2.21485832000003 1.73217770000004 1.73217770000004 1.73217770000004 1.73217770000004 1.96637795805279 2 3 3.08874658000001 4 4 4.22187311170731 4.83246648666605 5 5 5 5 5 5.21506949690595 5.26782229999997 5.26782229999996 6.53100704797398 6.26782229999996 6.26782229999996 6.26782229999997 6.26782229999996 6.26782229999997 6.26782229999996 5.88905610063899 5.53564459999993 5.35883598261413 5.46376103575901 6.12360392586764 6.90807990749437 7.94588497999991 8.01267647074777 8.73217770000003 8.65780181199808 8.43739361562776 9 8.89971249888104 8.4057115394922 8 8 8 7.4643407129855 7.05275408864107 6.12554581999959 5.30744586810557 5 5 5.16016778000009 6.16956955840136 6.73217770000003 6.83246455834547 7.32646440328144 8.24948748000026 8.88985491346548 9.48335924816153 9.73217770000004 8.55626607717061
1.31893088178852 1 1 1 1 1.57779974471198 1.98164306998783 2.66662450468773 3.05863924061239 3.71508877408742 4 4 4.37446018000006 5 5 5 4.77603558301323 4.90894585168649 5.80303058000017 6 6.32089295578622 7.98268421999979 7 7 7 7 6.87296493601451 6.66074929999992 6.66074929999992 6.66074929999992 6.22454152278483 6.73159977999993 7 7 7.94588497999991 8 8 8.10583233431582 8.739319280384 9 8.62554462 8 8 8 8 8 7.19697421999989 6.12554581999959 6 5 5 5.16016778000009 6 6 6.24741954441787 6.66074929999992 7.17805908000014 8.24948748000011 8.88471127438169 9 9
1 1 1 1 1 1 1.55743261645034 1.61375129457633 3.03644636560249 3.4392930467422 3.68443556765541 4 4.22067721029178 4.77243802073474 5 5 4.61094579381392 5.14228128 5.88392180413323 6.71824405378686 7.37878940208026 7.57200511999974 6.58932089999995 6.58932089999995 6.68443458202556 6.87555216694804 6.36864510407835 6.18311613510493 6.41067910000005 6.41067910000005 6.41067910000005 6.84182614078937 7 7.35912104126358 7.96810888771003 7.99288975668356 7.58932089999995 7.65509944536917 8.13648588360441 8.58932089999995 8.36864651844853 8 8 7.75821654847207 7.58932089999995 7.58932089999995 6.78629511999984 6.07398677563339 6 5.41067910000005 5.41067910000005 5.50506932026069 6 6 6 6 6.30486146512851 7.17805908000015 8.52060409692493 9 9
1 1 1 1 0.61285177759457 0.517892500000017 0.973913057111334 1.02628713553602 2.60663908000003 3.43493907917036 3.11994565347677 3.51789250000002 3.69842256122939 4.23092235141776 4.76729489593535 5 5 5.73160217999996 6.77429413069483 8.29154972729989 7.57006869989338 6.50892478740626 6 6 6.11994441053476 6.50704859363671 6.30157859582862 6.44588618000018 7 7 7 7 7 7.87445658000014 8 7.98268661999981 7 7.16017017999995 7.88834458759257 7.51789250000002 7.51789250000002 7.73285641446643 7.75059991818062 7.21298816917233 7 7 6.19697421999989 6 5.54398291406272 6 6 6 6 6 5.81947340994467 5.73285525740849 6 6.5887381800002 8.32033316000066 9 9
