catData/variables/futureClimate2070/rcp45/GFDL_CM3_2070_rcp45/bio11.asc
NCOLS 409 
NROWS 350 
XLLCORNER 60.897278365 
YLLCORNER 5.843756025 
CELLSIZE 0.0892857 
NODATA_value -9999 
[rows 130 to 155 of 350, columns 177 to 235 of 409]
20.3858749759999 20.0746061045202 19.751094867275 19.4215894159999 19.3784308088658 19.9133558066779 19.7066717675435 19.375154116 19.317908532 19.2125084321576 19.1681663056377 19.365958146 19.5439904372284 19.6822440969764 19.9088151860001 20.0612105266143 20.1473111664096 20.127309413795 20.1143680319997 20.2644727437956 20.3171736524091 20.414227168 20.4175688891816 20.291126542 20.183983702 20.1 20.1 20.0699091158418 20.0108826459535 20 19.9884376355442 19.9273096066605 19.9587910331348 19.9316003421397 19.9899104827255 20.094587538 20.2003398356839 20.2267699621115 20.316016058 20.4463177960001 20.6 20.6 20.6 20.5584292491166 20.51963939 20.51963939 20.51963939 20.51963939 20.51963939 20.51963939 20.517909252 20.41963939 20.403623572 20.31963939 20.289337892 20.21963939 20.1304650339999 19.967909372 19.91963939
20.4930178159999 20.223320274 19.9070546793465 19.5555144859999 19.4339707149788 20.0476941771415 19.9610842346958 19.643018176 19.4513700396294 19.3291588042079 19.369580998 19.4936806181175 19.62678223 19.7290887824428 19.9772341626055 20.1009270604637 20.1110145729308 20.1176806689065 20.199941488 20.307084328 20.414227168 20.4960372917441 20.4702200320932 20.291126542 20.1882732237678 20.12678223 20.1186666845575 20.1 20.055412342 19.9861454190455 19.9301120247918 19.9 19.8804063835335 19.953519628 19.9966374101412 20.0692548860215 20.1754115818159 20.3023764456532 20.3470877454905 20.4936797866722 20.62678223 20.6167537369975 20.6119415048398 20.62678223 20.62678223 20.62678223 20.62678223 20.62678223 20.62678223 20.62678223 20.5987332315385 20.52678223 20.5150558052131 20.4473620549495 20.396480732 20.3167538012749 20.2347085251249 20.101834442 20.05356446
20.6152872130281 20.3468384135018 20.0772765999681 19.7698001659999 19.5698712310918 20.0687988116219 20.0844413196962 19.784086086 19.630463354 19.4458091762581 19.5784330562719 19.657084448 19.73392507 19.7834086617239 19.9257893036081 20.068362097844 20.133194989644 20.199941488 20.307084328 20.414227168 20.4917042515721 20.5 20.3649314253679 20.291126542 20.2 20.2 20.1799779892479 20.13392507 20.089337412 19.9646449643421 19.9 19.8776039654022 19.8425544081356 19.8597420049244 19.953519628 20.0302527069556 20.1373858260001 20.342798288 20.4605237271123 20.623158898 20.7 20.6752585212977 20.678512488 20.73392507 20.7139523302923 20.7 20.7 20.6727576198824 20.66607493 20.6981637370576 20.6333381194724 20.5969898360024 20.56607493 20.542916272 20.4460532364075 20.3752586798775 20.33392507 20.282195052 20.23392507
20.7108237239999 20.4660518974871 20.223320274 19.9430179359999 19.694748914 20.0239464623068 20.2615118080016 19.998371766 19.7793849312057 19.6336626413834 19.74106791 19.7547162154864 19.8124444876163 19.8256900072811 19.889175796 20.0424894658484 20.199882976 20.348152238 20.4252500997679 20.521370008 20.54106791 20.54106791 20.3396464527146 20.2537027757453 20.206577558848 20.24106791 20.2286235209467 20.2 20.155412342 20.0177836383612 19.8927118110723 19.7929159119999 19.832091108 19.8445868215435 19.928512608 20.0913978610229 20.2431074058406 20.3714493531824 20.516016058 20.623158898 20.7124442904903 20.74106791 20.7673442073045 20.8 20.7169489510991 20.65893209 20.65893209 20.578630472 20.5948437013114 20.6557422715859 20.616134042 20.5162790952387 20.5 20.4958628956493 20.48213582 20.4667582129701 20.44106791 20.389337892 20.34106791
20.7857489482591 20.544748794 20.330463114 20.0819879019467 19.850102504 19.921185435748 20.3437279381528 20.1618375388879 19.994690642 19.8921434236414 19.84821075 19.8370454401709 19.830302218 19.8806074852997 19.937386546 20.1766120027704 20.3857852624944 20.546054178241 20.5611508730238 20.5897986042885 20.6 20.6 20.4455838579174 20.2878655786945 20.216016298 20.3 20.2843068328586 20.24821075 20.1821270476707 20.0732091630645 19.930464074 19.782194572 19.7860992567296 19.9190159860058 20.035655448 20.142798288 20.3490449782116 20.4098900910531 20.564226808 20.671369648 20.778512488 20.8301584381119 20.7355122141296 20.6054886592825 20.441200054 20.3907730288294 20.4424273955646 20.4137801442999 20.4910229580001 20.5035785 20.4999380870117 20.505294478 20.6041428459764 20.6566259452883 20.6818129205529 20.6288186081823 20.5749256870823 20.5214201616529 20.4680384536118
20.9769427659999 20.707245224 20.4603707721669 20.2233202739999 20.049531002569 19.9662569530631 20.2957713893904 20.2601861013457 20.098269142 19.9960382124087 19.9464878612233 19.8896601691447 19.885655808 19.95535359 19.9951673815029 20.2571082652331 20.5468158069845 20.6696551012952 20.6673370177204 20.6109034959117 20.6484039124563 20.65535359 20.498269382 20.3871648615601 20.2625042920719 20.3256388285921 20.393933947336 20.3138994879361 20.2048328327998 20.1267189022321 19.982253324 19.8705261465038 19.85535359 19.9715073447603 20.1358484776077 20.249941128 20.4580417943436 20.6146687532885 20.671369648 20.7528739251051 20.7581750481846 20.751848242 20.6048920391025 20.3106358192422 20.0813697805744 20.110662348 20.1368131679537 20.13393923 20.2697873347591 20.28929282 20.3385424484849 20.613784489863 20.771369408 20.8425344414012 20.769698502 20.617092858661 20.5327208768108 20.6286344220707 20.596480732
21.1565980104534 20.921530904 20.6483714059999 20.3929595439999 20.251833362 20.0945044275435 20.0515813917143 20.1682425489155 20.0993508664584 20.06249643 20.0564896564596 20.0105190755398 19.9738608435392 20.0468036489229 20.1807245489241 20.4439796810748 20.7059461315367 20.76249643 20.7167745055355 20.7200697909302 20.7031378690686 20.7 20.623262242 20.5105738075324 20.3825156589363 20.4903866625937 20.469698022 20.34851203847 20.26249643 20.2430956464712 20.0704524495281 19.9212386755275 19.9 20.0304876524737 20.2373858260001 20.357083968 20.5034607560001 20.7 20.6959971290465 20.651848242 20.4992571220881 20.287576842 20.2361650909583 20.0883516834393 19.93750357 19.962261903519 19.9475699864816 19.9876892144822 20.0655895870343 20.07500714 20.1444241220001 20.5441589370307 20.6185172135147 20.5834356185422 20.2943487830268 20.0579589014614 20.0587829540001 20.4707279249302 20.677920576489
21.3115138478098 21.135816584 20.9036563830763 20.7228580127096 20.5035021013142 20.278673864 20.0643881839999 20.030843360272 20.1012053568759 20.16963927 20.16963927 20.1626079137757 20.13927854 20.1880921909577 20.3588150660001 20.5888065756912 20.7998727079421 20.8236659184246 20.7777883152086 20.849941368 20.782194332 20.76963927 20.767908652 20.6580717653749 20.5490038699836 20.576840862 20.469698022 20.388631479908 20.4006897895413 20.3672290576508 20.1643789488078 20.003623092 20.0205866760744 20.1439606282924 20.2836328166591 20.4604576089742 20.5718950033926 20.6876415115185 20.4666311408822 20.014598422029 20.0939024254215 19.9754291435476 19.9824867131859 19.9293100920806 19.9819975913472 20.1312245746137 20.2295043189401 20.2725765074266 20.27855708 20.27855708 20.3110189401073 20.4241816528935 20.36072146 20.3003418687459 20.0512989900125 19.901834202 19.9109397034545 20.0739148707515 20.1018872114607
21.4664296851661 21.350102264 21.181021143698 21.0136406890361 20.7902591322298 20.4464259950085 20.2690340067616 20.0863495259724 20.178512968 20.2699686974406 20.2 20.2177822590913 20.3233154747145 20.4390402823769 20.5427400160001 20.6378658395351 20.7861694214209 20.9353611793737 20.8973909980473 20.957084208 20.9564792404846 20.95356422 20.875051492 20.767908652 20.67678211 20.653622972 20.546480132 20.47678211 20.521369768 20.473321114 20.2138312428561 20.0846724364098 20.149941128 20.257083968 20.4313686922076 20.5701129885266 20.5964158950424 20.3546859919839 19.9327765041697 19.7929131323886 19.8394003558031 19.889413205069 20.0581180630048 20.2097854972017 20.3112487322665 20.4116897758674 20.526722998 20.55356422 20.55356422 20.55356422 20.47678211 20.467909132 20.37678211 20.3482465002601 20.223262722 20.0873693292081 19.9871343119422 19.948269982 19.841127142
21.58392495 21.567293388842 21.4434912096804 21.1804121367817 20.9990050261167 20.5792468509846 20.396479772 20.2741318608125 20.3681281362889 20.375051252 20.2973668215082 20.391009278 20.5030232146946 20.646776442408 20.7661099037949 20.7756092080011 20.8950610131003 21.049941368 21.0721645626969 21.0133650068091 21 21.0793827453926 20.982194332 20.875051492 20.7704832799116 20.7157134519739 20.7629788418855 20.7203493052159 20.6750173883173 20.580463954 20.2578955165201 20.1554040443785 20.195685298723 20.2129085638244 20.3175765269259 20.426737638 20.1751841159999 19.8657965350795 19.7563994560054 19.9872859935671 20.1026362869313 20.2630885626358 20.3500346994744 20.4278958228386 20.53333416806 20.5784619950415 20.5956852601429 20.6 20.6733877176543 20.6045426074472 20.5824729325485 20.491127022 20.4 20.376841342 20.269698502 20.1565364659443 20.0465051831571 19.948269982 19.7917181253599
21.7316732218788 21.68791506318 21.5358674489412 21.4132576389449 21.2334191339963 21.0000125836048 20.7882593809338 20.4974047068052 20.5805593258714 20.4902751726599 20.498152118 20.605294958 20.712437798 20.8229253092152 20.9316730033161 21.0292456198473 21.1373356596215 21.1880323050902 21.19106779 21.110765692 21.1707019625035 21.1905843589653 21.089337172 20.982194332 20.9042228692568 20.9752719928404 20.9545402383091 20.853622972 20.7504627952466 20.5494291827154 20.2806681536316 20.1368450193058 20.1755565108783 20.2731291274096 20.2988785340592 20.308448757528 19.9205523710163 20.0885720826035 20.2652839738686 20.3663397614031 20.3786165997436 20.3944124183406 20.4406047761907 20.4956884452781 20.558873098 20.6601192557844 20.7576918723156 20.7090066711531 20.6988785126219 20.605412702 20.5998454604405 20.582194812 20.476482538497 20.3979314200343 20.3331713874344 20.162555662 20.055412822 19.9953793661592 20.0877789167618
21.9078491542948 21.7981486827979 21.6797270944371 21.5970293477268 21.5219526678906 21.1762963498909 20.8374398137815 20.7020269227646 20.6981796585462 20.69642126 20.712437798 20.819580638 20.8969634787982 20.935655688 21.042798528 21.149941368 21.257084208 21.29821063 21.1545102936297 21.100352468349 21.273325162513 21.29821063 21.196480012 21.0980518510046 21.0967078508315 21.0754658946676 20.969698022 20.862555182 20.755412342 20.5448085059999 20.1666135716963 20.0023974663157 20.2186482529593 20.0630526454259 19.9194881211925 20.2787375478852 20.4910251208649 20.5826562561028 20.4967078465371 20.4754661303731 20.4297595277908 20.4614360740454 20.3570082497629 20.1511649031526 20.0100003075536 20.4657601696614 20.773158778 20.4831042071859 20.5771276162038 20.6000968532658 20.69821063 20.689337652 20.5664655762426 20.3772557360786 20.3007049581705 20.3710892527474 20.5796233872392 20.6874744100001 20.6895813165184
22.3870700211827 22.1177665892241 21.8951609818155 21.81070694 21.81070694 21.4937965495741 21.0662796979998 20.9164086508328 21.0037152729638 20.9013581912396 20.821370008 20.9297526783534 21.04263137815 21.1889459160535 21.352907838257 21.457084208 21.50535347 21.4428712211327 21.4067903810707 21.2533471714516 21.2066977329553 21.2898137913622 21.3052608218846 21.3 21.2848411297085 21.1809545144949 21.0983777926984 20.982312076 20.7476718851052 20.5396403193825 20.3379748955122 20.2981806862844 20.1693481483237 20.1343106876324 20.385764406978 20.6899853475883 20.6983622572671 20.60535347 20.6044960551398 20.5987601953432 20.5578560141867 20.3314726749994 20.0078586680463 19.848269742 19.976619294 20.4996297714362 20.7745957147674 20.719698382 20.6078742291743 20.6639153148888 20.5877481668376 20.485104117292 20.3624376519762 20.5859306867663 20.79675563679 20.7478395791969 20.636385903198 20.5811702390054 20.4765991079558
22.7859763539477 22.5434939447538 22.1711459863877 22.0292392837647 22.02499262 21.7941204350937 21.3877082179999 21.1364928820479 21.1247763266187 21.0958577988105 20.9450121104795 21.0934099283311 21.2943067069019 21.462437678 21.5305644619566 21.5762908012285 21.605139285185 21.6 21.5451251573468 21.52499262 21.3501027439999 21.242224823961 21.3859893353902 21.3 21.2979985537514 21.2411854139999 21.053415082893 20.8767105876086 20.6177491820345 20.448269502 20.3116813032953 20.3242510042531 20.4996574083178 20.7607865066657 20.81249631 20.81249631 20.6993512998028 20.6614022451717 20.6360001182574 20.5451401873733 20.3587145946951 20.0344064067296 19.942916272 19.8551665522104 20.0163258436654 20.5625994684288 20.7567230846178 20.6897826202406 20.5329004556484 20.1932467278936 20.451715378 20.5810419726517 20.9 20.876841342 20.7431835731247 20.5095216171079 20.3263454260337 20.280159322237 20.411889944317
23.0414039873919 22.9263367183659 22.5680338448554 22.2866097210207 22.2392783 22.078673624 21.6894975879999 21.355514246 21.3182482177989 21.2321473208607 21.2038215520774 21.462437678 21.5636294199537 21.657084208 21.764227048 21.7780678892319 21.680404722 21.6392783 21.6980697015825 21.71963915 21.5619227165412 21.5207020643969 21.3392783 21.3392783 21.3201165372113 21.1733208739999 20.9768883467371 20.8564950680773 20.7121460871083 20.5573043922939 20.6436585028402 20.810972207335 20.9033408494329 20.91963915 20.9024657545927 20.8442714345926 20.6176115921239 20.3946120311857 20.3361328823453 20.342798048 20.449940888 20.3170330725208 19.8989428223914 19.9440980478561 20.3151112098707 20.546376788 20.4915143425984 20.539219068 20.6463619080001 20.7349286066648 20.8203499348089 20.8607217 20.8638670705207 20.8617503555826 20.769698502 20.662555662 20.5283387295363 20.53257900017 20.6669498791081
23.264387704 23.0741238312902 22.8549137060987 22.5731945807438 22.4215652616848 22.2824084522658 21.9037832679998 21.569799926 21.4272455482165 21.451187427089 21.4545255183945 21.6293619203 21.7348975269946 21.791009038 21.8862103516165 21.92678199 21.867908412 21.82678199 21.82678199 21.8052754901438 21.712555062 21.6307447112452 21.5798824760603 21.5511874913658 21.4990388773287 21.3134481820232 21.210647948 21.1980969182368 21.0487504778932 21.1096620323974 21.2076844050084 21.1430853658096 21.0464344228849 21.02678199 20.8924984314522 20.5387905460632 20.328512368 20.4332787836426 20.483983942 20.4293613117465 20.548968319559 20.487666266 20.13676989915 20.1888739279019 20.4583167644381 20.546361908 20.7070701493919 20.833865598 20.9175890720029 20.9014496293084 20.8175838501584 20.7023763600807 20.7385084532248 20.8 20.7615831578357 20.6257453331413 20.5225533528935 20.5861650427433 20.7047526558846
23.42227824405 23.2126567259999 22.989002999329 22.8018915139999 22.5392655713253 22.4406072283475 22.0841441179999 21.7822496003069 21.5701677086341 21.692900792 21.6123574447116 21.7063116363845 21.864227048 21.971369888 22.03392483 22.0163752650757 21.9610991832514 21.93392483 21.93392483 21.7991380315341 21.7379613251202 21.7660135728873 21.832194212 21.725051372 21.617908532 21.5264790883919 21.5217965734769 21.5551465691497 21.489337172 21.4163753464953 21.341126662 21.1903635201589 21.1091057575138 21.0727577311866 20.863072006281 20.36098714 20.4350681802052 20.5 20.4894173624492 20.4802426260001 20.6236450168965 20.5257752942921 20.4169006957579 20.521610433915 20.6995480875878 20.8114698032606 20.8822646169334 20.9530594306063 20.96607517 20.9035764520481 20.6684059052495 20.708872978 20.8054333390296 20.83392483 20.7836015656839 20.5802580559889 20.3447504739999 20.4057462606691 20.6638483690074
23.444588138 23.3660517733328 23.0991419287073 22.813743677495 22.6316354664246 22.5526759611721 22.2271986551318 21.9152691138164 21.7841754098968 21.8947705230114 21.8542229079425 21.9368513710689 22.012437558 22.1042025851493 22.1227564591894 22.048269262 22 22.0271114046901 22.0110228673501 21.8250501072194 21.8336686794305 21.935655448 21.8989801064892 21.832194212 21.725051372 21.6547158896313 21.7 21.6779328962883 21.596480012 21.489337172 21.3580164238322 21.233983822 21.0967962779125 21.0445866760946 20.953622972 20.506974877967 20.4992893740732 20.4552883061134 20.4244420818464 20.4957393061938 20.6248955752983 20.64106767 20.685655088 20.7715535163544 20.8346952883946 20.85893233 20.8889769355251 20.8670219965151 20.85893233 20.8977771294046 20.880405202 20.7837204673516 20.809438494716 20.8684430512439 20.869698502 20.718422020327 20.4746500688766 20.3595504536673 20.411492136957
23.4230919692707 23.3732673023218 23.1517619139142 22.8159708455066 22.5906093187023 22.5905036566917 22.3376644659999 21.9672492938767 21.99642102 21.99642102 22.0207324413459 22.14821051 22.1639038741609 22.2 22.1769081550241 22.096479772 22.04821051 22.0824000761985 22.026840742 21.9584119529865 21.94821051 21.9971970378285 21.9 21.8954044813564 21.832194212 21.74821051 21.7628192481339 21.7603163445472 21.655412342 21.548269502 21.382253324 21.2658105580963 21.1724331453776 21.1087915821562 20.9703977671262 20.5278382035338 20.4483906638825 20.2336617810463 20.0730815374622 20.4343239208362 20.5942053635714 20.7 20.7230915963864 20.7767289112061 20.8283830207986 20.8163838896089 20.8378885580164 20.771487872 20.7096320708314 20.889368315522 20.998269862 20.886849314054 20.75178949 20.774948148 20.8360964987234 20.762555662 20.6092298778167 20.392960984 20.1828893996265
23.3506379438287 23.2661971513107 23.126899014 22.883139107761 22.6210177389862 22.5912056537887 22.3376644659999 22.1209512193232 22.15535335 22.1602652391119 22.217857547663 22.25535335 22.25535335 22.2346262559876 22.2 22.148269262 22.1 22.063457701087 21.971487392 21.9001967486367 21.9861007051769 21.8952849923729 21.9 21.9 21.883983702 21.8128193587141 21.8688821680608 21.8458373251644 21.6614041672209 21.492916152 21.3920767036796 21.35535335 21.3148573827099 21.139396284 20.7798998947787 20.4180743728966 20.3432868047626 20.255125295079 20.2017466581544 20.5313860442679 20.6135287109088 20.64464665 20.6199660204585 20.6696579887667 20.8361079799918 20.833984062 20.7595041655579 20.664345032 20.5087987551076 20.8777696702349 20.9992275513426 20.9425188845677 20.7929761164142 20.723158658 20.8 20.7832823574683 20.710766172 20.5805276119186 20.3403914662875
23.2483275339999 23.1051739197002 22.9940538771575 22.8054704939999 22.6826286117462 22.5621243865381 22.2751682759999 22.2020296994465 22.2 22.208873698 22.3 22.3 22.3189377317355 22.325051132 22.2346304525489 22.1159395216911 22.0742975531667 21.9927258359755 21.9557880497645 21.7818225885198 21.8577439314022 21.7449458214557 21.8385853803135 21.9 21.9040028540581 21.9336779391132 21.9435586082553 21.8391535973976 21.6594720109204 21.510765692 21.46249619 21.4212385939664 21.2811193831086 21.0267144922507 20.5924337346069 20.4665559489296 20.4278041783226 20.5852709416392 20.5584933959236 20.53750381 20.5185663782462 20.4282047507768 20.4168895718776 20.6357899563272 20.8066554996301 20.8127453180428 20.7725626709006 20.6320091202416 20.5344099932323 20.8797019550521 21.0614149196682 20.9966722951895 20.930464554 20.7567082901897 20.73750381 20.6907012407585 20.5957895394785 20.523277602 20.2836753176117
23.1025964107982 22.978629992 22.871487152 22.7443010142696 22.7 22.539395324 22.2985604397409 22.2037688517686 22.2 22.208873698 22.3111537617028 22.36963903 22.3788390773163 22.362554942 22.2864626816646 22.0941279856898 21.9482355593545 21.9206354902719 21.9222118603736 21.7453762781168 21.6656533247854 21.6320041730978 21.7332967735882 21.9061793900787 21.9745017334309 21.9677444018808 21.85152196555 21.755471334 21.6168237245309 21.5842941190214 21.5286402084882 21.3880107959977 21.184042934 20.8894553959999 20.5414778174735 20.6976095318922 20.7087627906364 20.697306004945 20.653622972 20.5535113980741 20.4485964255836 20.3597759776272 20.5116290986028 20.6503710344492 20.7017205943782 20.73036097 20.7813080333591 20.6953180318495 20.66963903 20.8875312471696 21.0310405346417 21.0572809183773 20.9094825943018 20.7607138772077 20.63036097 20.6336999153194 20.5461278252092 20.3065823864919 20.0375884524889
23.055411862 22.9085490097223 22.8095487304008 22.733983342 22.643826769353 22.462613454 22.2483277739999 22.2012565610163 22.27678187 22.2788421767375 22.3037187406143 22.3410003335088 22.3767333903681 22.34327510351 22.3083110262438 22.0560150060011 21.8547957658757 21.8739067702474 21.8438269536295 21.7242713864936 21.612555062 21.5273737352601 21.7021324351371 21.8389047949861 21.9754047737817 21.8356820224645 21.7767335746446 21.705830156957 21.67678187 21.6370622262753 21.4507185623043 21.3157808159418 20.8166447914357 20.3984032059999 20.4798247320416 20.8563886944634 20.7995982385865 20.7699688472904 20.6962813708327 20.6714048069558 20.6394927461578 20.53826339999 20.5123929660001 20.571487872 20.4916834968573 20.4189661183055 20.5222039758175 20.7976381917033 20.9207052300638 20.9742684136263 21.001730138 21.1026925592993 21.1020325474438 20.9428097253586 20.90712748 20.887070892149 20.7198022059999 20.5175315115152 20.366163634
22.971487152 22.8560284072666 22.7505903189776 22.7054629207782 22.565441605466 22.355470614 22.1411849339999 22.1954580098012 22.214622672443 22.13215058 22.1590342461371 22.3037229371757 22.3112041205801 22.337445058 22.3482444680916 22.0853176241526 21.841126422 21.8106123306411 21.8043147271147 21.9218778106113 21.864329192 21.6778038336181 21.7842029118623 21.8028528682131 21.8404428789477 21.903360949405 21.9121165948392 21.7524992550835 21.7 21.6048548315719 21.3888645541838 21.2445961140604 20.6922016396953 20.5960599332556 20.8819576440001 20.8216798002242 20.8 20.791126782 20.6865585697701 20.6355113279857 20.6745693542585 20.4723163025028 20.3587452772531 20.3775160939825 20.189352772 20.1376136165203 20.5240613051042 20.8542700919364 20.987444458 20.9206178844567 20.9192574412991 21.108872978 21.1948508216213 21.1484135834336 21.0584942656778 20.9939807140779 20.8501631759999 20.6405104424105 20.5810720346904
22.864344312 22.757201472 22.7036735756441 22.6398802469675 22.462613454 22.3214571458093 22.1251096439999 22.1084490274138 22.1103540919492 22.19106755 22.2085147572486 22.3 22.2724045124717 22.246377508 22.3049496583051 22.1401869636935 21.932193972 22.1916652223519 22.5462783315764 22.6339538395056 22.4703939493643 22.3433685160241 22.1626941685875 22.0651218091991 21.9835657478107 21.9931362284223 21.9118007750338 21.6373875536454 21.558469787743 21.5525811511314 21.2214098044405 20.9607811719999 21.0143013516699 21.133880081315 21.0195031236325 20.810824924 20.7968483742993 20.6009110597612 20.410781292 20.3710464890156 20.487563162 20.3021864477924 20.1614853656383 20.1187160545692 19.8517632260846 20.156563481423 20.2791640641237 20.1127506215081 20.6456376610686 20.2876567124008 20.545492453153 21.108872978 21.2145852130651 21.2889989144535 21.251833602 21.1480354587697 21.0791193678562 21.012540182 20.9106561306044
22.855411862 22.748269022 22.7 22.5691481247132 22.4273208423078 22.2408324226711 22.11277950435 22.0071047386289 22.2016411303922 22.39642078 22.3809775091314 22.2772550845446 22.2607671714294 22.4706407754976 22.5508412214814 22.4428384850794 22.4496079231216 22.6896744668365 22.8686193487942 22.817555776376 22.709200528645 22.5089379763339 22.3015787120617 22.4752534442917 22.29463117 22.2263971307486 21.8495746844568 21.4654642857926 21.4025875551863 21.351848722 21.4139506739908 21.489870517877 21.4200311053061 21.2383387242428 21.0251106039999 20.810824924 20.7000282649822 20.5909679860033 20.4664648989756 20.2553400198179 20.1363756121331 20.1647944181753 20.1007979408913 20.0491335821298 19.9390197043018 19.6453527341083 19.3697889339999 19.3132323184281 19.6669998462945 20.4525888153314 20.0193288780001 20.6526777731938 21.1335346253195 21.3 21.3292169407233 21.3957506723827 21.3070526871924 21.1972846244249 21.195367185446
