catData/variables/futureClimate2070/rcp45/GFDL_CM3_2070_rcp45/bio10.asc
NCOLS 409 
NROWS 350 
XLLCORNER 60.897278365 
YLLCORNER 5.843756025 
CELLSIZE 0.0892857 
NODATA_value -9999 
[rows 78 to 103 of 350, columns 58 to 115 of 409]
-9999 35.9558639037981 34.1629032007569 34.2427639426766 34.4130552075321 33.8294152118065 32.3200342090166 31.3181620544158 29.8063582053086 29.9443796043897 29.5103112908571 28.3063384375609 28.1103633184463 28.4855390553412 30.6996188541162 32.741531290852 34.5391800666807 35.9734154704478 35.572683161472 35.6210592991277 35.4778596421197 35.2374617800542 33.6965103640552 31.6603275070045 30.6243493098014 30.3122063738716 31.8540084207008 33.2074485143324 34.195942412 34.5410090116076 34.7459723914917 34.7632411752373 34.542948144 34.440687244353 34.331582396916 33.5998560117864 33.214250448 32.9134779234051 31.9316661615526 31.3270721570473 31.756557235979 32.6816470550003 33.458549626 33.2232005613688 31.2559267158934 34.3958682997733 36.9623586444079 38.1016743057144 38.9008115349373 39.3604824416725 39.551732178 39.6 39.6 39.526839302 39.5 39.5 39.5 39.40089700322
-9999 -9999 34.0186344334909 34.1906760265813 34.617260181734 33.8595511897831 32.438458024137 31.5907393200984 30.0321860055682 30.1584744657604 30.1801267858293 29.5530389983872 29.228542624875 29.1729169911017 30.3690517661654 33.8436905798581 36.4485283484219 37.7034849113999 37.520851709718 37.4350043457701 36.746215237432 37.0718306858006 36.9790041120778 35.6157667276504 33.2806132419171 31.4504488319961 32.199960071513 33.7587993482053 34.5323451736287 34.8988554221596 34.7808446420257 34.120476837605 33.5339176311557 33.4549188216296 33.0499529179287 32.7093210649855 32.548241365188 32.2174054542545 32.0494440569304 32.3192244680398 32.5770945507715 32.8650285624635 33.3526879307067 32.0613286107762 31.9670513335092 36.1028088887181 37.5801930496792 38.5377624079223 39.1397667515414 39.444533226 39.5784506136629 39.6 39.6 39.526839302 39.5 39.5 39.5 39.4
-9999 -9999 34.1221887183605 34.4120641051901 34.6390672825322 33.8655103450571 32.8936564664896 32.5471502178431 31.5602340079146 30.6421915629149 30.4773112924954 30.1085839946328 30.7806680552356 32.9440293543033 33.1302609412418 35.0631616342408 36.0410726303495 38.4375477608412 38.7984134274803 39.0151158631839 38.5658609502322 38.3545079584558 38.0667066808065 36.2200575420098 34.0241848413708 33.3393160998921 34.0251411744665 34.1781349869378 34.4351318270823 35.074281974723 34.2584493984105 33.3667683859999 32.3734385074928 32.7189328178644 32.6548200703295 32.1294314035317 31.7388228939322 32.047298045298 32.9719244548883 33.1945265102563 33.1174140899283 33.0906298602134 33.1939127166046 31.3042368897036 33.323009732738 37.2292039556385 38.4128911302368 38.9200714646755 39.3139311901036 39.551676066 39.6301661289598 39.6 39.6 39.526839302 39.5 39.4453482961005 39.43750261 39.4
35.9422977815168 35.1360700239999 34.465161078223 34.6601623978698 34.3796268183091 32.7946162390784 32.3336634099504 32.4902609489482 31.8425505974586 30.4135786725703 29.8542819528762 29.8252934655329 31.6965189055072 34.7738537009473 37.2020944491212 37.534074638 37.2739868898505 38.685906877019 39.0622958411983 39.5963190904163 39.8278629664653 39.6989008376939 39.2009693361142 38.2103369884045 37.0104665245522 35.3271997132129 35.3852405584901 35.4350493095067 33.7679142351817 34.0115366933764 33.7109082493051 33.2278590861423 32.9315605196919 32.9794834036045 32.7238081169413 32.7573621428808 33.1098050146394 33.5302668973257 33.6922563082235 33.4033402014668 33.9728418672812 33.9264400901952 32.8424452422887 32.7184964977383 36.0808661710998 38.1158727058384 39.001554357075 39.2364649406112 39.444533226 39.5967146709227 39.6146539997432 39.5589993020522 39.53035977 39.5081483503568 39.4440764314386 39.4038112507659 39.4 39.4
37.0259401833899 36.2012817274554 35.0491288092162 34.8725700194094 33.9711762543214 31.9224137239552 31.5588045890201 31.4614165788135 30.7554616101658 29.3018088957017 29.7028487575051 30.010753932 31.202857488604 34.4203507992926 38.6718456566121 39.5149456072764 38.8088037420182 39.6105627903715 40.3022226057812 40.1959799075197 40.4099974660081 39.9121277826573 39.389868255045 39.4441355456844 38.4856048679236 37.1543873148478 34.7521417482034 35.0406173015276 33.3497139482531 33.744054410788 34.485895328 33.9861047650633 33.4190532410151 33.7860646664281 33.5272258041025 33.8963058584463 34.4270796678231 34.4564992717487 34.2955837884 34.2926435409488 34.5264816311818 33.7772896327073 32.9480027692363 33.8323719291022 37.9862982903075 38.9491157651778 39.2821041889025 39.407086728 39.5229234952281 39.6 39.5602784455537 39.5095479582834 39.5 39.4438249700422 39.404572913795 39.4 39.4 39.32321693
38.0821899559427 37.1459691437457 35.6485580210159 34.8559502012669 33.1520105632186 31.5914624850318 31.5723095669523 30.7046360130793 29.3355911159112 28.9569541921715 29.8953753978668 30.433845511127 31.7399567844764 36.3475506670072 38.2700800575422 40.225925636819 39.755883435524 40.7052825914887 41.1754037909145 41.3168531488317 41.276403665892 40.9587963437622 40.6493358520442 40.0541174473646 39.1762351684003 38.5338591328064 36.5239384902226 35.8536658665134 35.485324381004 35.0587654506088 34.9641350257328 34.076304055112 34.2662331779237 34.6728681424859 34.2935564280499 33.8856796684918 34.3135290528575 34.6548452161654 34.7411659215112 34.6364215840758 34.1282302648437 34.0780710108901 34.7259249674679 34.8035709859776 38.5242054316698 39.2864445421999 39.407086728 39.514229568 39.5899450937904 39.6 39.548267822 39.5 39.444593911911 39.4043141735589 39.4 39.4 39.3206151380316 39.3
38.1502771670905 36.8123480286801 34.9667490415942 34.5121424698605 32.7136132221979 31.5984017292832 30.4839648461627 30.3154025697753 28.8096907517369 28.1595381855516 28.953797592762 29.8729084885647 30.7533989563411 35.5519235750606 36.7144001315127 39.2284934760328 40.5100716012654 41.2902419630603 41.5215974394277 41.6545399003251 41.5502772887774 41.4295828257597 41.260809684 40.8919647825941 39.5240592445639 37.1528902339124 36.2085398144551 35.2206701470306 34.1333062460261 33.6793866337983 34.7431708874309 34.8676734040001 35.1510540959706 35.1449542255605 34.8542796703361 34.7235578774256 34.2836864765741 34.3982980815994 35.3101498162239 35.5399236257249 35.3142192881369 35.2098249362805 33.7272425721258 37.1180386674377 38.9940149450505 39.407086728 39.4931373005576 39.5027064954551 39.50893125 39.50893125 39.5043109198524 39.4463832570451 39.4030350300574 39.3333734668401 39.30893125 39.30893125 39.3004832504674 39.3
37.3947773614167 35.5987457251964 34.2669861169282 33.324455741966 31.1449371589802 31.5613231942123 29.4174275579143 28.5400032122248 27.3738581424677 27.256167012414 28.5912519551939 28.7343350477347 31.298698606727 31.8896600794938 34.2078169617961 39.5154034631753 40.85692282844 41.4969961314094 41.5235755169696 41.6012464477656 41.562553022 41.4116178127641 41.2491305599711 40.9066754452938 40.0309789229722 38.3583241414121 38.736059491852 37.900337722353 35.3159671462699 34.49099548418 34.9949522262954 35.0619979905875 35.4423310813226 35.5627049981733 35.3053843560353 34.5149032322471 34.3641708504752 35.4283733549952 35.955183246398 35.8496213115313 36.0301537100194 34.6259110889754 33.9211569847644 38.0033196567254 38.937288962 39.317806388 39.4245350176148 39.5 39.5 39.4562081021797 39.40178841 39.4007354832906 39.4 39.326839302 39.3 39.3 39.3 39.20178841
35.6704684517359 33.5922932098216 33.5737497139821 31.6291629516845 31.7332131375566 32.0159530121208 31.1830196964767 29.8249039683917 28.814486128 30.1049000053273 31.2153345594661 30.8537495611381 31.4112349685226 31.0358426537527 35.0853089182066 40.1138916887703 41.2310308064943 41.4963609642414 41.5272755725115 41.5983773861437 41.5592036642241 41.455410182 41.2993046729597 40.9730048853275 40.1021816704767 39.5480676493049 39.270676197259 38.5341555283963 36.4949458344995 35.4778975778624 36.0260075027292 35.7216693505401 35.2424923521728 35.2275473699773 34.9294560761204 34.9592161257414 35.4960352897818 35.5262255428616 34.9751459610684 35.3752995022996 35.833366335259 35.6644094295854 36.383777517684 37.8301071833677 38.6869972637936 39.3365327145806 39.5 39.5 39.4979949534771 39.4524437368907 39.3972300367415 39.3389229736263 39.2964651200059 39.29464557 39.29464557 39.2118814470975 39.2 39.1999072581668
34.4261070765155 33.5048939966752 32.8431239120605 30.6266989698791 31.1893023544197 30.0901726062975 29.1728453258818 28.6310459656487 29.0400692588136 29.2188806294989 30.9652655877144 32.1024730313195 31.5573754840314 30.4146343120556 35.6665687691146 40.0466544542196 41.2872087078369 41.4405304461078 41.58750273 41.560985781947 41.4953201500525 41.442912912 41.335770072 41.1182340659489 40.628641441848 39.5321122457491 38.0155245866955 37.2003543303937 36.2500267029273 35.0762616564829 35.2265418805261 35.9604572777159 35.5803809398593 35.0621069517679 34.6547139719541 34.8619528864094 35.2651070061801 35.5656440236882 35.6837278218678 35.6625023283489 35.7427944296549 36.2106478799574 36.9252887260422 38.1914406401671 39.1494016540826 39.416017978 39.5 39.5 39.462553502 39.3944275500389 39.3422356619615 39.292642230038 39.2297353019625 39.2 39.2 39.1890715900361 39.18750273 39.1859871319648
34.4292025649244 34.056633238226 32.3076438843165 30.4322681665534 30.9419510118677 29.3396947569558 28.1302632112285 27.7009403179118 27.6017719213211 26.4829932182604 27.3870414744149 29.0448607412453 31.2250752752121 31.3724400285163 37.7303499141731 40.2159353215054 41.1516562197233 41.4835059327715 41.4954510955954 41.48035989 41.442912912 41.335770072 41.228627232 41.0741721065702 40.801944986 40.1003416401634 38.0275873533921 36.6767981634383 37.2710903611696 36.7392233154758 36.0109487879873 35.7909968202009 35.5912986085847 35.2417369574925 35.1256626416038 35.1521570535096 35.0967772068052 35.5649313019621 36.0905743872014 35.6951716514004 35.9236946289998 36.7368394496313 37.5740142303964 38.8075736623019 39.3464122711342 39.435658088 39.5150912998679 39.4940483282348 39.442913392 39.3445279470315 39.2898397433354 39.2330479902977 39.1870340200692 39.18035989 39.18035989 39.092913512 39.08035989 39.1
34.2048567777642 32.4619272726219 30.1299473496963 30.5178458794881 30.489189554291 29.2748096720754 27.9862224356333 26.5395033709389 26.0141497354831 27.7058082000002 28.2163342809382 28.7755691020357 30.2099615690837 33.8010478617438 38.5232070248142 40.4551257065427 41.2689399836689 41.4342209768062 41.450055752 41.37321705 41.3457994773943 41.2434677133399 41.1353399239258 41.041124502 40.801944986 40.1591177283388 39.4200773589888 39.1875607219623 38.8320341848771 38.568142997145 38.2324837323122 37.5565452471317 36.3840789786687 35.5297813898492 35.1623769350785 35.4206532565714 35.826469101413 36.1286867430875 36.57113704 36.2772685727796 35.52349763329 37.0074660598539 38.5585530310344 39.2841538624784 39.5 39.5117278909613 39.5562593823045 39.469696342 39.362553502 39.2880576598981 39.221484872 39.17321705 39.1248807218992 39.080405406835 39.07321705 39.0091913916965 39 39.07321705
32.8504670845957 30.2970886352305 28.6693253661389 30.1640691530905 29.1604654384556 27.9813933301534 26.7970967486047 25.1233437992553 25.7011116837002 28.553177945462 30.9332757129322 32.0585208675735 31.5762889570917 35.8919158213721 38.5237730711808 41.1051983340001 41.4058644944761 41.450055752 41.3507705653207 41.2897190817808 41.26607421 41.192022022016 41.0824492870855 41.007198712 40.7904164387113 40.5301574812196 40.0132712445082 39.37865047622 38.1296632260335 37.4500638416106 37.5773350072238 37.8197166169995 37.4830602489102 37.0103416851621 36.9835142537402 36.9543092569708 36.9725817929852 37.1430565223911 37.3677739383948 37.0001615242549 36.6072604122951 37.9975221702893 39.0532748227007 39.5 39.5 39.5 39.492142509523 39.4460513073754 39.362553502 39.255410662 39.148267822 39.0800261850308 39.06607421 39.017733856766 38.9727563903355 38.96607421 38.96607421 38.9666618243598
31.8701170968767 29.9228963255005 29.918975422312 29.8770029352498 28.6481671635951 27.395344921376 25.8321305950856 24.7220218191785 26.0497805020456 29.0503205170255 32.8094897943616 33.2921765037739 33.1862718929614 36.6746690560268 38.8013311608375 41.1852007094434 41.35893137 41.3494914732477 41.2904879722212 41.2410727263099 41.184621039159 41.114341552 41.0284446059032 40.941124502 40.767963324 40.626838822 40.2974191900826 39.8375052314413 38.4173006914357 36.7894350304458 36.4301859372654 36.8029751935622 36.8701026445692 36.4003245000768 36.8297440006186 37.4346679116148 37.7073850253231 37.940900294 37.9086530416026 37.974870916 38.4587568401488 38.914060992 39.35952862095 39.54106863 39.54106863 39.5344902658817 39.476839182 39.3875547028195 39.3368636357116 39.255410662 39.148267822 39.041124982 38.9728873701641 38.95893137 38.9116073948981 38.9 38.9388464959603 38.9413780230172
31.2815508432894 29.9579341214532 30.0901045256169 29.7998973982194 28.588326380222 26.9482659409733 26.1299678995347 26.4569468730498 27.4539254478101 28.111825807974 30.9973415347317 33.018476346544 34.9631268473952 37.4924591429826 39.5141931740557 41.25178853 41.25178853 41.25178853 41.2397936342369 41.1853899295994 41.114341552 41.0286961187281 41 40.9127397589444 40.7515802652193 40.626838822 40.439391964 40.0470845414212 39.6146806177487 39.0268252024572 38.1831410452111 37.9001154059784 38.37853764 38.2394601274654 38.0152210734295 38.2689247238764 38.3607508008156 38.3154136725633 38.3954848865355 38.590956286 38.8468301121607 39.246209412 39.5345883458332 39.6 39.5957211655057 39.5434930546581 39.476839182 39.369696342 39.3 39.2339134866869 39.100056352 38.992913512 38.885770672 38.8870603779681 38.9 38.8578408157044 38.946377748 38.950891522623
30.2295637020437 29.9151339561561 30.147360732095 29.7064969325112 27.9898640881808 26.4852361586582 26.6198943407619 27.9506637337207 28.0120288772292 28.1314064557101 30.7100039590294 31.4301228341562 34.2662804881674 37.7771050068235 40.7205705989811 41.1456048573057 41.1950869628979 41.14464569 41.14464569 41.114341552 41.0279272282878 40.9753176139158 40.94464569 40.859484819677 40.733981662 40.626838822 40.4838436990662 40.2414193408625 39.926939526 39.5169931295446 39.257187552 39.16606293 39.1532422861554 39.033326310359 38.9135294314374 38.9908012952338 38.8284221429093 38.5948589393065 38.5732960835079 38.8273173408389 39.0713161760001 39.5089005640123 39.6505231623827 39.654395408395 39.591124862 39.5 39.476839182 39.369696342 39.2792717494129 39.1801491343835 39.048267822 38.9085351220237 38.778627832 38.817806388 38.84464569 38.8056046511619 38.8422300090417 38.9
30.0963126351497 30.2530214802821 30.3428951431194 29.169637610283 27.1103669454382 25.9681920728761 26.6941047600129 28.5095822794335 27.8623097648257 28.6302785032064 30.7252621078255 31.7261135074323 34.9287634831578 38.8761345239234 40.9100554064483 41.039235628 41.128627232 41.03750285 41.03750285 41.007198712 40.93750285 40.892913032 40.83750285 40.778627352 40.7127440917274 40.626838822 40.5698837045855 40.4422552280145 40.2003410714436 39.882293836 39.578616072 39.4774805202692 39.4307832443197 39.359076906 39.1546726439461 39.190364365447 39.1150584886283 39.01248575 39.0289865114684 39.1929532985102 39.3604085834077 39.6607696079359 39.7 39.6368531888795 39.591124862 39.4899892202624 39.4288168831667 39.369696342 39.262553502 39.155410662 39.048267822 38.882249964 38.733982142 38.7274373468299 38.7876902725992 38.8 38.8 38.9
30.5895743630018 30.6754654837524 30.2980777932691 27.955580000112 26.2256503932527 25.6797352694105 27.9519589929639 30.1719777800679 29.8948652179148 30.1606619024982 32.0162296816992 33.416311232598 35.5265563747033 39.407077676723 40.8087444712715 40.932092788 41.0276653714876 40.9888447474506 40.93036001 40.900055872 40.83036001 40.785770192 40.73036001 40.7124854029196 40.7 40.626838822 40.6 40.512553142 40.3766928602282 40.1352889052899 39.9062254043517 39.862541742 39.7694623010498 39.7116791806104 39.610753212 39.5306851726795 39.5292404534439 39.5892006737837 39.6378830411546 39.6194623481858 39.6333002050312 39.6923775839389 39.7 39.6 39.591124862 39.483982022 39.3838708086609 39.3211598164008 39.262553502 39.155410662 39.048267822 38.9232505206477 38.803622132 38.76963999 38.7940201521672 38.8 38.8 38.831566215018
30.8398482091409 30.8582771733517 29.582936633918 27.1575354261891 26.9230968245256 28.8149610672119 30.9184291114799 31.3081033749828 31.1745685787525 30.8879975079824 32.0132066348587 34.3720154802135 35.6896632689711 39.0563332798196 40.5126529545832 40.824949948 40.92321717 40.907198712 40.82321717 40.8161814067635 40.7712471505421 40.7128646761523 40.6602782011534 40.62321717 40.62321717 40.550055992 40.52321717 40.5029144843185 40.405410302 40.2746480457072 40.1467508935984 40.060764612 39.9714054877903 39.95356566 39.916118922 39.808976082 39.7655764634322 39.835658088 39.8260922660434 39.726839062 39.7 39.7 39.6273715372659 39.6 39.591124862 39.483982022 39.376839182 39.3 39.262553502 39.155410662 39.048267822 38.941124982 38.833982142 38.8 38.8 38.8 38.8 38.8004021348504
31.4848709120779 31.0540487878062 30.1910422526001 29.3691372961089 29.8757368000516 31.5666618591734 31.4720019721914 31.1463098829299 31.4320460293122 30.5869252270728 31.698194308665 33.3569161742881 37.0013352702968 38.7626125161305 39.8575500587808 40.8002785324539 40.81607433 40.8134994702002 40.7805617254728 40.71607433 40.678627352 40.61607433 40.564341672 40.51607433 40.51607433 40.5043141608164 40.4326043148566 40.41607433 40.321484632 40.214341792 40.1146476724515 40.083981782 39.9805619268944 39.91607433 39.878627592 39.8463289561734 39.8405088915863 39.8094638032593 39.8054623630677 39.726839062 39.7 39.7 39.605410542 39.5985461572971 39.5146477110299 39.483982022 39.396277053684 39.358493121989 39.262553502 39.155410662 39.048267822 38.941124982 38.833982142 38.8 38.8 38.8 38.8 38.8
31.6147799328672 30.0060943896944 29.9722334183032 30.28594923759 30.5531317421058 31.0922422010937 30.8465009723713 29.6111834688562 29.8696999381652 30.7275240577913 31.8441422838444 33.0833880376049 36.1558668923659 36.4826504769447 40.0485091815419 40.70893149 40.70893149 40.70893149 40.685770192 40.60893149 40.6055869169046 40.5593927171357 40.504310992824 40.5 40.4398780832566 40.40893149 40.328627472 40.2292949393776 40.2094147105821 40.1087767485418 40.0919173254985 39.992913272 39.9068628624208 39.8724026916195 39.8055869383402 39.8039825137001 39.8043110142596 39.7463831797807 39.70893149 39.7023971281386 39.7 39.7 39.605410542 39.5998452799774 39.5829860540629 39.483982022 39.3789077881436 39.3062249218161 39.262553502 39.155410662 39.048267822 38.941124982 38.833982142 38.8 38.8 38.8 38.8 38.8
31.3322215344376 30.4807579981322 30.0162805820683 30.233826046 30.5167677823012 30.8127186085709 30.8975910030516 30.4895616612308 30.3201503091991 32.0014259393369 31.7438767357939 33.1999742941574 35.9890219927754 35.2075120551836 39.3641415333694 40.60178865 40.60178865 40.60178865 40.578627352 40.50178865 40.465011467372 40.4027797442204 40.40178865 40.343966228595 40.3023964629974 40.30178865 40.221484632 40.114341792 40.0088908306333 40.0000871010409 39.9034185505514 39.885770432 39.80178865 39.771484752 39.70178865 39.70178865 39.70178865 39.7007355776978 39.7 39.7 39.6211325755252 39.60178865 39.6000967756595 39.5982986867482 39.5016299048442 39.483982022 39.376839182 39.2702383683788 39.2011188632135 39.1116188711941 38.950056472 38.9007355819905 38.833982142 38.8 38.8 38.7141177316401 38.7946859979522 38.8
31.4132216805146 30.789322062153 31.0718200784116 30.8517826849471 30.9718539132486 31.1533436919764 31.4588265479785 32.4213539811474 32.9075538841657 31.4929308196405 31.3596795613186 34.0904667480833 34.3953773335231 36.0342009426587 38.8415839089731 40.2665428833584 40.49464581 40.49464581 40.471484512 40.39464581 40.3592038143514 40.2976125764236 40.2918759451986 40.2335684280264 40.19464581 40.121484632 40.0903461802986 40.0065268329263 39.900056112 39.79464581 39.785770432 39.69464581 39.6727248390513 39.5983774717237 39.59464581 39.59464581 39.59464581 39.59464581 39.59464581 39.5985629856263 39.6 39.6827645599237 39.6051208513013 39.5930062625263 39.491124862 39.3991423670237 39.371484992 39.264342152 39.157199312 39.0524438698763 38.948267822 38.8968477196737 38.8321626735512 38.7960828372238 38.7186418760012 38.7 38.7895247315488 38.7
31.4783576232348 30.545506452662 31.037723978178 31.415004706484 31.403037474114 31.5450797850604 31.2489155557971 31.1709527545979 32.119508713178 32.1562895024203 33.1380866985657 35.1983494000854 33.9984570119788 35.7502521173596 36.8192508885692 39.4662798676516 40.38750297 40.38750297 40.364341672 40.28750297 40.2828232099252 40.2359885249324 40.14223535779 40.0926423113523 40.0792526384946 40.010987736363 39.907198952 39.8765747099217 39.780416242 39.6872864542064 39.6672397206513 39.5855011684911 39.57500594 39.5484891292242 39.48750297 39.4930753429395 39.5 39.5 39.5 39.5640179936299 39.58750297 39.58750297 39.5993238429431 39.4997835141993 39.478627832 39.371484992 39.264342152 39.1609863692314 39.062553502 38.9944276570533 38.935770792 38.835985580662 38.7917497284804 38.7234851863773 38.6899644427651 38.6984311700926 38.7 38.7002164558079
31.0328355700481 30.8576205712481 30.7820583998904 30.8260188206289 31.2710125205149 31.3923115724266 30.359991662397 29.6794249474553 30.7734454659143 32.9984466739291 32.9422439693147 33.0344084461466 33.9799176221457 35.4050773268766 35.7714380722814 37.8725550663584 40.2624634198369 40.28036013 40.257198832 40.18036013 40.142913152 40.08036013 40.0701999032213 40.013407833269 39.914341792 39.88036013 39.800056112 39.692913272 39.585770432 39.578627592 39.4786170172988 39.4478479991915 39.38036013 39.38036013 39.3877146206624 39.4358322428473 39.48036013 39.48036013 39.48036013 39.48036013 39.48036013 39.48036013 39.5563723414151 39.478627832 39.371484992 39.2674880620558 39.1722904274539 39.0744085309636 39.0306282055267 38.935770792 38.828627952 38.78036013 38.714342272 38.68036013 38.6158281024686 38.6702720230411 38.6989373294492 38.701732058
31.5352488022489 31.2454698342221 30.3992075727675 30.7371506259822 31.5134426806622 31.455608744969 31.3511700620001 30.3931904515378 31.1012617931731 32.2649857483111 31.9388544241721 31.4788400570962 33.9868068796981 34.5721338394102 35.1336260779999 35.8946031193072 40.0576873290297 40.1689271128474 40.1294765052756 40.07321729 40.035770312 39.97321729 39.921484632 39.87321729 39.807198952 39.7536227438637 39.6876381542593 39.585770432 39.478627592 39.471484752 39.364341912 39.27321729 39.27321729 39.27321729 39.300634776757 39.358376877366 39.37321729 39.37321729 39.37321729 39.37321729 39.3947248179808 39.3765794258962 39.37321729 39.371484992 39.264342152 39.1689272414044 39.1063160387185 38.9510297728415 38.8899708130355 38.828627952 38.721485112 38.67321729 38.6248808034563 38.5804055824207 38.57321729 38.5966377998252 38.694589218 38.7012681659288
