catData/variables/futureClimate2070/rcp45/GFDL_CM3_2070_rcp45/bio15.asc
NCOLS 409 
NROWS 350 
XLLCORNER 60.897278365 
YLLCORNER 5.843756025 
CELLSIZE 0.0892857 
NODATA_value -9999 
[rows 130 to 155 of 350, columns 60 to 119 of 409]
-9999 79 78.9048481633345 78.8327095301754 79.7672599800002 82.2639622739194 87.1758265999999 91.3554538400005 95.100268359942 97.8560161600003 101.447245455848 103.94533586 105.14229328 107.227646389708 109.106187352339 110.35657848 111.382519503567 112.05951547848 112.94533346 114.913046894854 115.70200631538 115.249712993333 116.190710771287 117.39153378924 118.567964572807 119.849814974854 120.94589698 123.21371928 124.427793838012 127.12397046 129.26682726 130.744091092866 130.379831038362 129.912428788772 130.117731653451 130.873327961285 133.707462302632 135.28736723883 134.58975002 132.64385544 131.261125294445 131.210314752398 132.017430229649 132.325115348305 133.23160818 134 134.37446498 135.44589338 135.584277061929 135.1963939 135.726917433977 135.26839302 136.60607076 139.62339134 141.13165963421 142.224231747488 144.052423281697 146.92756696 148.979451835206 150.333452528887
-9999 -9999 -9999 -9999 82.6463453810671 85.7170145810937 90.6486519254391 94.5697390400001 97.7840242400004 100.26669526 103.21259464 105.318206030853 106.48154398 108.289790845894 109.689386075733 111.38510587736 112 112.384202619387 113.71588778672 114.703198352267 114.621225014507 114.54121385424 115.569172911254 116.195941949627 117.658830592 119.983139346374 121.21371928 123.74950308 124.844701721493 126.277464000134 128.13336838176 129.16131642 128.83882278 129.13788045336 128.6305063752 130.732973849893 133.894742863041 136.391337766853 136.627105070453 134.78671224 132.897187101973 132.531005119653 132.35657368 133.2678223 133.49943048 134.2678223 134.541997207787 135.565313570586 136.12927199104 136 136.176810545706 135.73215598408 136.711573795094 139.62339134 142.1451153792 143.263183462427 143.153729004054 144.966734311361 146.258562292693 146.908105137868
-9999 -9999 -9999 -9999 -9999 91.4798558200011 95.0727362214049 97.9235385867053 101.222277927996 103.572030537305 106.154447082606 107.55297238 108.62440078 109.707278498506 111.397896283806 112 112.078574865594 112.739719459412 113.413318654994 113.740525090306 114.836252704394 114.610980559094 115.435649786207 116.979811588493 118.687154766387 121.344493762107 122.303502167407 123.01732538 124.17750756 126.16018218 127.074462477215 127.121265806092 127.03521668 127.812019755492 128.859145769808 131.027537590216 132.866395739592 135.268127745708 136.78528568 135.826642067382 134.71485472 133.649303153091 133.058642412209 133.6607493 133.813784242809 134.527109343781 135.127037506591 136.07976781871 136.65817999599 136.13951678931 136.43621253461 136.90894748009 137.27243031479 139.96264204 142.535138071621 143.655180757779 143.42799968 144.3392507 144.492284057011 145
-9999 -9999 -9999 -9999 -9999 97.3365469244652 99.6773743600001 102.062021510937 105.151889616074 106.96365148 108.508329655984 110.054956135043 110.401014467862 111.420890722905 112 112.065784459148 112.547173469825 113 113 113.44589818 114.51732658 115.241789365307 116.613109512667 118.39480319264 120.900686921614 123.15961626 123.4106791 123.01732538 124.17750756 126.16018218 126.673271795455 125.713772675571 126.220681453402 126.852096602376 127.908420208651 129.17807348 130.90968286 132.75208297827 133.98167958 133.819516816217 133.210527254809 133 133 133 133.095116638915 133.767850680117 135.117570820968 136.44589338 137.212453243021 136.82192892 136.681800645074 137.2525094839 137.883924632874 140.264267341847 141.53521308 143.01732058 144.08874898 145 145.095115653285 145.535128904312
-9999 -9999 -9999 -9999 -9999 102.661294513872 104.212496141225 106.609120942843 107.811852512206 108.378897496716 109.708087930638 110.905763924019 111.913986361373 112.4821075 112.524897520049 113.047173392598 113.4821075 113.4821075 113.662642189461 114.195142323186 114.750027055833 116.156441363041 118.308206422254 119.73161178 121.218928666421 123.26682966 124.429940556571 123.491080184362 124.134718697009 125.755299710344 126.648440037697 125.63904911495 126 125.785030300244 126.80194672711 128.58875258 129.683805556369 130.76739438 131.064521706957 131.461863931623 131.973915371227 133.00835153858 133.439319794067 133.077223873286 133.602055639361 134.146096207992 135.050505084655 136.44589338 137.51732178 137.695090697404 138.14228608 138.4821075 138.869256879463 140.291557013184 141.42799968 143.01732058 144.08874898 145.077222716228 145.602054396419 146.30303418
-9999 -9999 -9999 -9999 -9999 105.799794358861 107.639874314919 108.49049658756 108.151714849899 109.214924140737 110.822179962742 110.623020719062 112.344055510764 114.097480251703 113.593162348023 114.088667915656 114.681741999336 114.771583233969 114.37446978 115 115 116.76626494 119.025618581414 119.880174294907 120.80304018 122.74893716 124.368206023868 124.009590219811 124.64228968 125.87390026 127.32192532 126.5535359 126.5535359 126.601278763777 127.353507723296 127.936961201505 128.623795945854 129.326637323393 128.64342632 129.711348036034 131.362409387645 132.46378708 133.406839795004 133.16017978 134 134.30303658 135.37446498 136.692711373403 138.07085768 138.227641539238 138.294746035559 138.851434828121 140.247544291801 141.42799968 142.49942808 143.561268917161 144.137874726518 145.71371328 146.5535359 146.688829782443
-9999 -9999 -9999 -9999 103.029825232314 106.477888391549 109.788917567711 108.814326144554 106.137258068397 109.523916315496 111.80304258 111.672042163886 112.57086368 114.993501463898 114.680433743904 115.31000353609 115.711827436083 115.772697327845 115.390368136071 115.6249643 116.271585587882 117.905256152106 119.532740016047 120.45723124396 121.42800448 123.37390146 125.162013123978 125.881390536016 126.33868238 127.57029296 129.01831802 128.439317144009 128.640864155985 128.138486491959 128 127.043298075967 127.282808115961 127.7500714 127.448903564051 128.24950188 130.857975204064 132.00649673593 132.430502144076 133.16017978 134 134.492423624094 135.99942928 137.238083615894 138.51732178 138.779197664119 138.6249643 139.35657128 140.729166615863 141.87446378 142.94589218 144.010824744155 144.746997315839 146.060072235832 146.3750357 146.3750357
-9999 -9999 -9999 -9999 -9999 106.229502900001 110.55198694 108.646206758496 104.782798517835 107.592826937495 110.832330461003 111.912582506834 113.604616803166 115.012066939499 115.78514888 116.6963927 116.857686288497 117.18174959517 116.6963927 117.317433174991 118.403306352344 119.28514768 119.896829193507 121.241100882826 123.058664199159 125.14172256 127.943295111824 128.3927854 128.48153918 129.824699460822 132.018859437155 131.455507379538 130.32192532 129.25049692 128.6963927 127.51888754 126.896828464849 126.490512568516 126.862836947816 127.87446618 129.520255579037 131.315670896814 132.08875138 133.04863175052 133.464897545812 134.60607316 136.37446498 137.44589338 138.877580891143 139.6963927 139.6963927 139.918513919859 141.362263356474 142.57085648 142.983572470861 144.01732058 145.150553121805 146.6963927 146.6963927 146.485361909197
-9999 -9999 -9999 -9999 -9999 -9999 -9999 -9999 -9999 -9999 110.560355802878 111.87447098 113.89179876 115.043937050201 117.62439838 118.5356422 118.589417846922 118.697461285737 118.5356422 119.42743856 120.138427936285 120.35657608 121.781626558067 123.204939898308 124.525131365648 127.188193687011 128.920773820659 130.5356422 130.692543004989 132.78400984 135.3034633 134.464705617034 132.16117482 130.747378231715 129.370608679056 127.82249484 126.493099113737 126.062314638922 126.186448428419 127.10664508 128.17807348 131.01732298 132.020606197782 132.355168314877 133.23160818 134.373395279804 135.60664388 136.67807228 138.664033038174 140.452054810833 140.7678211 140.7678211 141.75730435119 143.54589552147 144.494097074129 144.798440786789 146.644996820553 147.7678211 147.589989295234 146.69696582
-9999 -9999 -9999 -9999 -9999 -9999 -9999 -9999 -9999 -9999 -9999 112.71372048 115.524893841715 115.876690509299 118.237733339374 120.678499 120.678499 120.678499 121.30704615126 122.500354710768 122.595338493602 122.612391157413 123.444807188427 123.956856459441 126.15094231909 128.56800742147 130.578990047517 132.693039316502 133.769742625488 136.971977354474 140.00186843654 138.44788106 135.668259058569 133.251739129583 130.292846701194 127.82249484 126.33981902 126 126.673949055346 127.71371568 128.78514408 131.002784677697 131.235235051289 132.16017978 133.23160818 134.30303658 135.37446498 136.44589338 138.117803294796 139.74950068 140.714805043176 141.614000792162 142.64228488 143.854283769867 145.739731719119 145.859354371896 147.163231517091 148.8392495 148.60764372 147.53621532
-9999 -9999 -9999 -9999 -9999 -9999 -9999 -9999 -9999 -9999 -9999 114.69582678 116.79764427901 116.961113486303 120.08762434 122.8213558 122.8213558 122.8213558 123.911316712864 125.325964081824 124.350237916511 124.446844048801 124.880324765887 125.576940579426 128.23047634 130.57029296 132.71314976 134.854459020675 137.159947251975 142.19411822 144.899933646775 142.098887661924 139.552757672763 135.98827892745 131.798267562138 129.269336703174 127.559962591513 126.9106779 126.982406920889 127.87446618 129.807299869736 131.9106779 131.99942928 133.07085768 133.931365629015 134.30303658 135.37446498 136.44589338 137.563530047765 139.214234057547 141.26138862286 141.976026571828 142.80303538 144.670818618797 145.079656051782 146.943771949422 148.918032025267 149.9106779 149.67907212 148.60764372
-9999 -9999 -9999 -9999 -9999 -9999 -9999 -9999 -9999 -9999 -9999 -9999 117.87390506 118.051107361904 122.143313136458 123.9821063 123.9821063 124.279725148459 125.719852809903 126.53620812 125.972849413376 125.974747604986 125.9821063 128.150759156585 129.778097800138 131.73104346 132.944928876791 135.068681489696 139.407981500001 144.290309463749 145.760100679529 144.35813464 141.84081046 138.618546534681 134.87702218 131.779348702041 128.995482740402 127.9821063 128.770774762876 129.83867878 130.927032733846 132.999119307793 133.965800690568 133.984972508929 134.22746385271 135.28514288 136.35657128 137.42799968 137.991363100735 139.17750036 140.671991617457 142.454925348364 143.78514168 144.87221747254 145.928966669099 148.016747460001 150.07085528 150.9821063 150.75050052 149.67907212
-9999 -9999 -9999 -9999 -9999 -9999 -9999 -9999 -9999 -9999 -9999 -9999 120.002330340461 120.08819026 122.40855942 126.07068556687 126.3798177486 127.1070694 127.461492052669 128.077405725297 128.1070694 128.138588221228 128.82078748 130.545494425683 131.770593849752 132.961377119269 135.049501671055 139.22897811098 143.363827926028 146.151606875048 146.288831168751 143.787807319117 142.30459994 140.16174314 137.50156216 134.318795652744 131.82205003071 130.389828231324 130.867116793359 131.0535347 131.99942928 133.018250360538 134.137534801497 135.008575176468 135.272743805566 136 136.020046870365 136.49942808 138.060483593704 139.58875018 140.66017858 142.46321396 144.649061018158 146.80246226 147.104172754089 148.157176635893 151.09350013002 152.044959652015 151.780793165951 150.75050052
-9999 -9999 -9999 -9999 -9999 -9999 -9999 -9999 -9999 -9999 -9999 -9999 121.118202518813 121.407379526896 123.593859672604 127.44533226 129.182849251962 129.3748893 129.421684204565 129.834308942286 130.314572933149 130.816498985118 131.620149356534 131.8750369 131.473398281269 134.763487315391 138.08761714 142.179104273194 145.327589032515 146.1249631 146.1249631 145.481016449638 143.25106524 141.163928958945 138.508344126762 135.89606718753 134.46478212 132.753168516114 132.149576109594 132.015687095302 132.94589458 133.03464596 135.011090647574 135.28514288 136.1249631 136.1249631 136.452633775258 137.44589338 138.51732178 139.662322227619 140.867639641911 142.71314016 145.558682549506 147.764614955214 148.94589218 150.14228368 151.291370712337 152.859838881955 152.096020923753 151.734833910539
-9999 -9999 -9999 -9999 -9999 -9999 -9999 -9999 -9999 -9999 -9999 -9999 -9999 124.413513808706 125.838012080676 128.650234380114 130.46322596 132.119029502361 132.620167416402 132.641672432417 132.510520993928 132.21485352 131.402733928546 131.1963915 133.763222305511 137.01618874 140.416240066748 143.651670905268 147.1963915 147.1963915 147.150905150778 146.15039733984 143.44745674 141.662925578922 139.032301351696 136.492012917685 135.33981902 134.412072483552 133.551063514171 132.51831682 132.967146269184 133.03464596 135.071321363355 135.995246227264 137.045485877882 137.255905308501 137.392783 137.83867638 138.91010478 140.454657829025 142.51674866 144.65960546 146.644752937169 148.04620103345 149.14228368 151.020722194687 152.267710934694 153 152.76839422 152
-9999 -9999 -9999 -9999 -9999 -9999 -9999 -9999 -9999 -9999 -9999 -9999 123.841142962085 126.03465556 128.201283031252 130.310720518197 130.936835194858 132.711581635825 133.558291238065 133.2678199 132.611942967077 131.568925319868 131.92800328 132.659700287517 135.800550279297 139.393245627649 143.080387550812 146.039290841539 148.291589928484 148.492739824571 147.974179397625 146.556241778639 144.686415223735 142.13718881358 139.45730698031 137.2479943971 135.87545882 135.5356398 135.5356398 134.66117362 133.58974522 133.297826421229 135.023769385716 135.545280127338 137.169578900393 138.116375906552 139.100289173497 139.71371328 140.78514168 142.014249094333 143.679187998722 145.73103386 147.07085528 149.01674746 150.21371208 151.297822263997 152.976231257051 152.7321801 152.50057432 151.813338683784
-9999 -9999 -9999 -9999 -9999 -9999 -9999 -9999 -9999 -9999 -9999 -9999 -9999 126.37390386 128.575406456821 131.16018458 132.310187289723 133.3392483 133.71371808 134.036707900924 132.977102865619 132.538982426082 133.33867998 135.389918212625 138.154435424104 141.583046961664 144.21268790244 147.063843434289 149.737140811017 150.17906612 149.033174131054 147.812133982403 146.21584616 142.706934565342 139.985671071386 138.550762408114 137.115853744842 136.6607517 136.6607517 136.082946684972 135.374998548244 134.350694488484 135.08875138 136.16017978 137.078572681331 137.94532146 139.71371328 140.78514168 141.85657008 143.317016162311 144.884143040962 146.80246226 148.68714045501 150.173351758447 151.28514048 152.35069290268 152.91125102 151.891320192273 151.168469487135 150.96378588
-9999 -9999 -9999 -9999 -9999 -9999 -9999 -9999 -9999 -9999 -9999 -9999 -9999 -9999 129.58818906 131.57086128 132.778784605697 133.875547966098 133.8100070665 133.836210219295 133.623130672697 134.168320427705 135.07086008 137.305056128509 139.93587025109 142.15961386 144.859909789714 149.44532746 151.4106767 151.25049452 150.220442562641 148.98324534 146.619706187876 143.66231266 140.96535164 138.82249484 136.950758986269 136.4106767 136.4106767 135.692430929872 134.812409570675 134.596437444261 135.052303256141 135.74950308 136.82093148 138.319846522654 140.528249022252 141.85657008 142.92799848 143.99942688 145.73103386 147.87389066 150.489994920159 151.35912189944 152.745024759038 153.807127082727 152.874803881765 151.334749657833 149.809769805137 149.48168078
-9999 -9999 -9999 -9999 -9999 -9999 -9999 -9999 -9999 -9999 -9999 -9999 -9999 -9999 -9999 132.969943174081 -9999 133.360951314809 133.361067581468 134.195138593341 134.750025897416 135 135.978461154433 137.94532866 140.504075873717 142.74893716 145.347815718133 150.03465076 152 151.762593174093 150.166334381832 148.247825402243 145.949492773681 143.66231266 140.715947014469 138.624230361456 137.33981902 137 137 134.829483034844 133.08212634108 133.061464277005 134.60346988586 135.565061391145 136.23160818 138.055205220705 141.23103506 142.92799848 143.99942688 145.07085528 147.120737720329 149.074712703746 150.701028407822 152.296047228103 153.917870015972 155.447463939999 153.261820804122 150.762600288197 149.166341667727 148.156939856348
-9999 -9999 -9999 -9999 -9999 -9999 -9999 -9999 -9999 -9999 -9999 -9999 -9999 -9999 -9999 -9999 -9999 -9999 -9999 -9999 -9999 135.651791209444 137.062000143027 138.611785430775 140.60608036 142.264889506273 145.28415744 148.92758376 150.892933 150.57256864 148.66132242 147.319300514471 145.418252380513 143.355597411738 140.73438372399 138.638886643759 136.608954443014 135.487962699256 134.894891187004 132.646513785247 131.917089257498 131.48111246 133.62396926 135.535131374253 136.359811066504 138.76567982 141.887905637986 142.89235988 144.25014321551 145.914643127761 148.168638279988 149.73160698 150.80303538 152.264882563233 153.39235868 154.858291839999 152.724937127041 150.768308785772 149.32192772 148.5535335
-9999 -9999 -9999 -9999 -9999 -9999 -9999 -9999 -9999 -9999 -9999 -9999 -9999 -9999 -9999 -9999 -9999 -9999 -9999 -9999 -9999 136.545459390935 137.872555820487 138.274382291909 -9999 141.24950668 144.21272904 146.773899257597 148.1251143 148.004965459118 147.14342752 146.07199912 144.860131185293 143.10820844 140.96535164 138.086598977946 135.182121219604 132.271744755452 130.195246603239 129.219274230677 129.716262373916 130.40968406 132.55254086 134.63532413965 136.607962648229 139.458335586388 141.843090790769 143.07085528 144.33629905746 145.809553928882 147.69539526 149.10664508 150.679939996852 151.87446378 152.94589218 153.340396939999 151.341753851164 150.83982262 149.91313900832 149.6249619
-9999 -9999 -9999 -9999 -9999 -9999 -9999 -9999 -9999 -9999 -9999 -9999 -9999 -9999 -9999 -9999 -9999 -9999 -9999 -9999 -9999 -9999 138 -9999 139.60608036 140.265497143233 141.823873676657 143.243829406576 144.97263637148 145.6072194 145.536900181289 145.211604126194 144.62553262 143.418725936003 141.301482399092 137.64498968 134.219894409283 130.886657855621 126.716241278422 124.69288956914 126.781366700669 130.03464596 132.115697159856 133.735516905048 136.533534850048 138.90968286 141.313313439762 143.135377555334 144.181189349571 145.58875018 146.86061520062 148.03521668 149.350454410811 151.090651274093 151.590791741002 151.596702007805 151 150.83982262 150 150
-9999 -9999 -9999 -9999 -9999 -9999 -9999 -9999 -9999 -9999 -9999 -9999 -9999 -9999 -9999 -9999 -9999 -9999 -9999 -9999 -9999 -9999 -9999 -9999 137.605083125889 138.367977228286 140.136536969518 141.253529309251 142.48496956802 142.942525646421 144.054346365558 143.4643626 143.664941333808 143.211737101865 141.077419939366 137.64498968 133.512557758171 129.47560979694 125.065761124289 123.154680425521 125.111408193247 128.512309467984 131.45722261843 134.24835804 137.23103506 139.141214707092 140.835873725861 142.57454657537 143.637434223399 144.82093148 145.89235988 146.96378828 148.03521668 149.309679217243 150.190636303988 150.2321813 150.2321813 150.317978295362 150.7678187 150.7678187
-9999 -9999 -9999 -9999 -9999 -9999 -9999 -9999 -9999 -9999 -9999 -9999 -9999 -9999 -9999 -9999 -9999 -9999 -9999 -9999 -9999 -9999 -9999 -9999 -9999 137.87446858 138.304111365273 140.988244830157 140.395992152479 141.212252399927 141.639405135189 141.906428314848 141.381702517291 141.338900620534 139.25777890435 135.621357275382 132.23483685294 128.848316430498 125.461796008055 123.96478092 125.73103626 128.05196894 131.26625414 134.48053934 137.657592853402 140.14228368 141.273908411484 142.44589338 143.51732178 144.58875018 145.66017858 146.73160698 147.129090266138 148.03521668 148.312807811022 149.175289146536 150 150.025748978349 150.1607529 150.415073456766
-9999 -9999 -9999 -9999 -9999 -9999 -9999 -9999 -9999 -9999 -9999 -9999 -9999 -9999 -9999 -9999 -9999 -9999 -9999 -9999 -9999 -9999 -9999 -9999 -9999 -9999 -9999 139.192879218188 140.007927887022 140.0893245 140.110012999253 140.151580194631 139.748306231485 138.7725826376 137.140905692567 134.859229310168 132.01945706 129.471430597936 125.770255328179 124.12553382 126.753192179589 130.78399544 133.917456932643 136.156018538759 138.394580144875 140.30303658 141.37446498 142.44589338 143.51732178 144.58875018 145.058970121569 145.82093148 146.0893245 146.96378828 147.950725333968 149.001547152148 149.0893245 149.0893245 149.0893245 149.39235868
-9999 -9999 -9999 -9999 -9999 -9999 -9999 -9999 -9999 -9999 -9999 -9999 -9999 -9999 -9999 -9999 -9999 -9999 -9999 -9999 -9999 -9999 -9999 -9999 -9999 -9999 136.033855733887 137.036102256733 137.140853733478 138.0357922 138.0357922 138.0357922 138.029090694321 137.134084335468 136.017276029484 134.82249484 132.667823375164 130.51888514 126.769952779999 125.966454365796 129.730858296007 134.980384540001 138.105918360001 139.934148786722 140.19996086315 140.987527072939 141.006701462729 141.46378948 142.53521788 143.60664628 144.0178961 144.74950308 145.806560278536 146.015649491253 146.96378828 147.0357922 147.0357922 147.0357922 147.2632531398 148.32093028
