catData/variables/futureClimate2070/rcp45/GFDL_CM3_2070_rcp45/bio15.asc
NCOLS 409 
NROWS 350 
XLLCORNER 60.897278365 
YLLCORNER 5.843756025 
CELLSIZE 0.0892857 
NODATA_value -9999 
[rows 208 to 233 of 350, columns 120 to 179 of 409]
-9999 -9999 -9999 -9999 -9999 -9999 -9999 -9999 -9999 -9999 -9999 -9999 -9999 -9999 138.51672946 141.07371134276 143.888174754485 146.314192079653 147.89236468 150.035137997232 151.743264680707 149.376623059999 142.885422835879 131.794183919997 114.985700648974 102.583445357528 95.2514214200123 92.2321110044687 91.0869456889502 91.6780770800001 93.2668200600002 95.4096768600001 97.3992478731238 98.561728968642 98.1512367558395 97.7969591396789 97.7678091000001 98.0173133800002 99.1980885937661 101.55253126 103.410014397271 104.30302698 105 105 105 105.452040374863 105.921094329618 106.73159738 107.186455278581 108.10664508 108.2321909 108.245482427974 109 109.16016778 110 110.070359549952 110.519699305566 111 111.120114623397 111.2321909
-9999 -9999 -9999 -9999 -9999 -9999 -9999 -9999 -9999 -9999 -9999 -9999 -9999 -9999 137.384706385313 141.175158911474 144.362122321994 146.17749076 147.106131187307 148.009978875462 151.275452912766 150.110501828227 144.957737380073 135.35691643534 125.390114671287 114.904503273177 103.176231967829 94.9879503821069 91.5249784888572 91.0716817770123 92.1953916600002 93.8441532733224 95.6418677600003 97.0531247799999 97.8663595444256 98 98 98.0173133800002 99.1030081304074 100.48110286 102.586727293283 104.048715374872 104.475019496973 105 105.434147780663 105.933884907492 106 106.73159738 107 107.140579440112 107.1607625 108.002782956422 108.235235915423 109.025748972732 109.1607625 109.415072090958 110.060197997197 110.1607625 110.1607625 110.1607625
-9999 -9999 -9999 -9999 -9999 -9999 -9999 -9999 -9999 -9999 -9999 -9999 -9999 -9999 -9999 139.100610424984 141.816859246354 143.820008618651 144.86920004952 147.909005853075 150.660203088274 150.136756114035 146.131950482207 137.635498888864 125.886554987251 112.926707000489 106.994165670213 96.1195604769361 91.62554222 91.4060533394074 92.4741943124213 93.5887429800001 94.7191471960782 95.8209338799999 96.8923622800001 97.0893340999999 97.9507192966081 98.0015466752203 98.1780758800001 99.263812938877 100.430956430706 101.819914974932 103.46378948 104.495385253809 105.51731218 106 106.601193378324 106.976022493505 107 106.203664397161 106.95071711101 107.105098619182 108.08873938 109 109 109.30302458 110 110 109.528903623617 109.0893341
-9999 -9999 -9999 -9999 -9999 -9999 -9999 -9999 -9999 -9999 -9999 -9999 -9999 -9999 -9999 -9999 141.077910697351 143.58874538 143.363467967305 144.525215458308 147.466335715344 148.038059299842 146.11016308868 138.774614991159 125.583271173325 109.296857037326 98.5371152516599 92.1641625004914 90.0291064713285 90.4637918800001 91.53522028 92.60664868 93.6780770800001 94.0310055061806 95.6274889783176 96.8767045228156 97.0169367326863 97.9829966281881 97.10664748 98.0207736591919 98.4948616253063 100.62395966 102.39236108 103.901689398801 105.009262836701 105.596104467797 106.66016898 107 107 106.12554582 106.016936689713 107.01731098 108.001588940716 108.175205563782 109 109.005425867222 109.0179057 109.0179057 109.008642906272 108.421803589229
-9999 -9999 -9999 -9999 -9999 -9999 -9999 -9999 -9999 -9999 -9999 -9999 -9999 -9999 -9999 138.8679119993 141.008799461525 143.7032136553 143.678609889524 144.438412412001 144.9464773 144.165625131298 144.0535227 139.007228227296 125.979199253104 110.321010493158 96.0875806320484 90.7553591682093 89.9464773 90.3923634800002 91.4637918800001 92.5352202800001 93.6419828347205 94.7315997799999 95.8030281800001 96.0468032771944 96.9487813619808 97 97 97.0085727404931 97.5043240786826 99.6060539600002 101.74891076 103.44588378 104.51731218 105 105.624834953734 105.985634367091 106.80302578 107 106.104743609565 107.069907149611 108.004749571214 108.196545255923 108.9464773 108.9464773 108.592066054513 108 108 108
-9999 -9999 -9999 -9999 -9999 -9999 -9999 -9999 -9999 -9999 -9999 -9999 -9999 -9999 -9999 138.44588858 140.4873116143 142.537358662851 143.66017378 144 144.100339554305 144.890145468544 145.354569005822 143.305003568481 131.606550290903 122.237367200365 104.652287463754 92.8215698907309 89.1095354654564 89.3209350800001 90.39236348 91.5373559629683 93.2378536198807 94.6980628772707 95.8030281800001 96.8744565800001 97 97 97.011088383027 97.28512128 98.3565496800002 99.6931415055196 101.74891076 103.44588378 104.452673454066 104.8750489 104.957537740237 105.640183482612 106.67807468 106.984312911691 107.118189068842 108 108.077651296856 108.734894260295 108 108 107.953211688251 107.8750489 107.8750489 107.8750489
-9999 -9999 -9999 -9999 -9999 -9999 -9999 -9999 -9999 -9999 -9999 -9999 -9999 -9999 -9999 -9999 139.845055859748 142.17749076 143.530529183171 143.947292170307 144.960729323785 145.368105317263 147.673162467778 146.59551768109 133.400466195391 117.09893298413 105.596732486044 99.9654028506489 90.4657651600001 88.7723359647443 89.4157246014369 90.8654894079591 92.26741238 94.0704405599997 95.5679674524744 96.6780770800001 96.9893729194299 97 97.0887417800001 98.16017018 99.2770797933413 100.49940648 101.871754899703 103.358321346226 103.8036205 103.8036205 104.46378948 104.8036205 105.764344081164 106.87445418 107.94588258 108 108 108 108 108 107.62554702 107 106.898410964058 106.8036205
-9999 -9999 -9999 -9999 -9999 -9999 -9999 -9999 -9999 -9999 -9999 -9999 -9999 -9999 -9999 -9999 138.930726345952 141.752012196148 142.641183953657 143.267865436539 144.855387426735 146.07103528 146.703208525749 144.804154068034 136.561072757447 122.027159351437 107.344502967448 100.005880183792 93.479484856599 90.3760355399996 89.2678079 89.541210837773 90.3923634800001 92.1953916599998 94.1231911694736 95.5730271603312 96.6780770799999 96.7368287599397 97.1125075297442 98.42797808 99.7310050600003 101.57083488 102.541981171039 103 103 103 103.483370511821 103.928119657983 105.390994912213 106.60664628 107.67807468 108 108 108 108 107.918847623582 107.458020586223 106.880589443973 106.353421965831 105.842331264364
-9999 -9999 -9999 -9999 -9999 -9999 -9999 -9999 -9999 -9999 -9999 -9999 -9999 -9999 -9999 -9999 139.583165791778 140.449232884353 141.436218869516 141.6607637 142.191377157254 143.19598638 145.534181495008 142.264405682277 137.101733414538 125.774110540001 113.148570719998 102.775206654338 96.2305969564131 91.4841786841509 89.8245081159447 89.2717437101861 89.8841254763173 91.8024358599999 92.8698481714212 94.4522657452903 95.6066486799999 96.0173133800002 97.1774835600003 99.2145057192335 100.80243346 102.64226328 103.3392363 103.187976336243 103 103 103 103.483412991719 104.46378948 105.53521788 106.927523986674 107.666636212805 108 107.945665274934 107.6607637 107.460536057328 106.872971956541 106.36614146959 105.824509744279 105.271746881852
-9999 -9999 -9999 -9999 -9999 -9999 -9999 -9999 -9999 -9999 -9999 -9999 -9999 -9999 -9999 -9999 -9999 139.525049115146 140.449780667312 140.889778489769 141 141.87445898 143.283891911434 142.962274619197 140.131964086168 131.065475315487 118.19015836697 107.807674370572 99.7139011562272 92.8546749656554 89.6809072831985 89 90.0492336782839 91.752092655826 92.8382212532626 93.8744565800001 94.5574434084537 95.6137586740039 97.1774835600002 99.3203403599999 101.368087798624 102.89236228 103.743110906291 103.737224948749 103.198222848794 103 103 103 103.80302578 104.87445418 106.503324574049 107.01731098 107.963557869134 107.494942773323 107 106.875558501762 106.368656940696 105.816892256847 105.07202552 104.5893353
-9999 -9999 -9999 -9999 -9999 -9999 -9999 -9999 -9999 -9999 -9999 -9999 -9999 -9999 -9999 -9999 -9999 137.822822194645 139.014252804139 139.896808717077 140.422949301707 140.970795239509 140.545932199275 142.991032038059 141.992410976842 135.190815042509 123.241589096764 111.875955886805 102.59406618 94.5197966492357 90.1980701504523 89 89.3419073128846 89.8968074741004 91.2547358153166 92.8497467634677 93.9478230445032 95.0262800989646 96.6953904600002 98.8382472599999 100.861157557388 102.30302698 103.37445538 104 103.48268782 103 103 103 103.80302578 104.452885853556 105.919792945228 107.008965475988 107.471948162796 107 107 106.69697542 105.819478802068 105.07202552 104.2499885955 103.716173385715
-9999 -9999 -9999 -9999 -9999 -9999 -9999 -9999 -9999 -9999 -9999 -9999 -9999 -9999 -9999 -9999 -9999 137 137.954927179034 138.851436036077 139.358535888813 139.930510346298 140 144.097458343481 143.158922411629 137.842807713481 128.4596655037 116.258398026077 105.84396598 97.0451537456332 90.9824097754126 88.6741181025959 88.4464784999999 88.4464784999999 89.2495066800001 90.7113611421536 92.7847269599997 94.4733752080679 96.1774835600003 98.3203403599999 100.335002366601 101.74950548 102.82093388 103.4464785 103.215509733842 103 102.634582275937 102.851433379174 103.358533745716 103.930507689395 105.368198815494 106.456060499616 107 106.911343690163 106.4464785 106.14345392 105.07202552 104.24740205028 103.71365791461 103.183619560501
-9999 -9999 -9999 -9999 -9999 -9999 -9999 -9999 -9999 -9999 -9999 -9999 -9999 -9999 -9999 -9999 -9999 -9999 137.447799417794 138.73160218 139 139.327965927895 141.148446770627 146.23258402 145.005844412833 141.37859154 133.096927829289 121.791426320001 110.286594775669 100.307760259999 92.6416854099203 88.6682720535232 87.587425962086 87.832263309351 88.3011757992118 89.2495066800001 91.2668200599998 93.4096768600003 95.5525336600002 97.6953904599999 99.4619111705889 100.05312718 101.12455558 102.028755223723 102.3750501 102.3750501 102.127453658034 102.274385670529 102.3750501 103.24950428 104.32093268 105.39236108 106.3750501 106.314979158094 106 105.69697542 104.62554702 104 103.48269022 103
-9999 -9999 -9999 -9999 -9999 -9999 -9999 -9999 -9999 -9999 -9999 -9999 -9999 -9999 -9999 -9999 -9999 135.384383183143 136.62396926 138.03522388 138.3036217 138.3036217 140.482588394324 146.98268422 145.760712118796 142.405495057934 135.70293229346 125.755811720001 113.97009932 103.522045459999 95.1076861922136 89.8052828044505 88.0362069199999 87.9185078689232 88.5592113988406 88.9618822933958 90.8917699599998 93.0346267600004 95.1156857101048 96.5124230223408 97.7685236254228 98.6066486800001 99.6780770799999 100.74950548 101.3036217 101.3036217 101.3036217 101.3036217 101.3036217 102.17807588 103.24950428 104.32093268 105.3036217 105.3036217 105.3036217 105.211616861878 104.62554702 104 103.84293352517 103.6963783
-9999 -9999 -9999 -9999 -9999 -9999 -9999 -9999 -9999 -9999 -9999 -9999 -9999 -9999 -9999 -9999 -9999 -9999 135.813461708552 136.96379548 137.848765559629 138 139.16551609219 145.473661163799 145.73376746 142.1991371 136.325016944169 127.667151508261 116.129066627649 105.200717259999 97.026487660531 90.8653028507558 88.3398286199998 88 88.8030281800001 89 89.4392563098531 91.4990133600002 93.621264913254 95.3923634799999 96.2859689385655 97.0000797255248 98.3191393303848 98.91027038 99.4643865999998 99.4643865999998 99.9712687659762 100.2321933 100.2321933 101.10664748 102.17807588 103.24950428 104.2321933 104.355171194608 105 105 104.913054526879 104.7678067 104.7678067 104.7678067
-9999 -9999 -9999 -9999 -9999 -9999 -9999 -9999 -9999 -9999 -9999 -9999 -9999 -9999 -9999 -9999 -9999 -9999 135.106132771724 136.506353308692 137.129099130891 137.894641569526 138.94588738 144.19261269036 145.659290229223 141.494324451194 136.378793139999 127.9697062 116.820764752444 105.523738994276 96.973711393277 91.5503788736943 88.6250247258883 88 88.1290987450549 88.1607649 88.9545847757787 90.1953916600004 92.3382484600002 94.1865146429706 94.5158954574463 95.258197104274 96.1108068965596 97.6066486800001 98.1607649 97.6666731404696 97.9816987800001 98.3215298 98.9954572207809 100.03521908 101.10664748 102.17807588 103.235238102449 104.025749357135 104.1607649 104.415073763699 105 105 105 105.494089745366
-9999 -9999 -9999 -9999 -9999 -9999 -9999 -9999 -9999 -9999 -9999 -9999 -9999 -9999 -9999 -9999 -9999 -9999 -9999 135.796960958154 137.55191777718 137.988784604667 138.94588738 140.37620871118 141.495786207817 141.213446357693 135.679040199049 128.245663995794 117.79162792 106.045749430718 96.4250130139753 90.7343645799996 88.3701877195104 87.333758783746 87.0893365 87.885672189741 88.9458849799999 90.0188600967726 91.1860061600291 92.3245341367143 93.1100267065422 93.7305842204026 95.4079079130554 96.5352202800001 97.0893365 96.5005959199999 96.1483136860817 96.8449120306617 97.8923622800001 98.9637906800004 100.03521908 101.10664748 102.17807588 103.0893365 103.300242687866 104.027071155391 104.430337161352 105.406047898096 105.9106635 106.49940168
-9999 -9999 -9999 -9999 -9999 -9999 -9999 -9999 -9999 -9999 -9999 -9999 -9999 -9999 -9999 -9999 -9999 -9999 -9999 135.73160218 137.60606116 138 138.01693904579 140.051327154561 142.8786180993 141.1991371 135.382940673509 127.29064368 117.26662447263 106.095252019998 96.3787979399992 90.6450280799997 88.3398286199998 87.2684002200001 87 87.8744565800001 88.9458849799999 90.0173133800002 91.0887417800001 92.0028683436005 92.2453591894696 93.3084536174606 94.3923634799999 95.0258930313205 95.0358161999998 95.0252729748192 95.6662547078894 96.7315973800001 97.0143806659707 97.8923622800003 98.9637906799998 100.03521908 101.10664748 102.175207579379 103.23159618 104.297597985519 105.35654488 105.990076788341 106.508045744729 106.992635082201
-9999 -9999 -9999 -9999 -9999 -9999 -9999 -9999 -9999 -9999 -9999 -9999 -9999 -9999 -9999 -9999 -9999 -9999 135 136.424048791846 137.792488717551 138.87445898 139 141.015742820001 144.773740955137 142.207709584534 136.444708793929 128.37977618 118.008046112723 106.677835137879 97.4858385399992 91.1318159990871 87.6978449696906 87 87 87 87.996509027895 90.0346267600004 91.9952505133119 91.9636244121693 92.2603284290378 92.9626977948777 93 92.9761361663292 92.9464797 93.5037107075363 93.9282918418603 94.6389217687432 94.9359375806533 95.8209338800004 96.8923622799999 98.911196868843 100.03521908 101.115219707636 102.450797262968 104.265722246429 105.37445298 106.44588138 107.027686574619 107.610749035985
-9999 -9999 -9999 -9999 -9999 -9999 -9999 -9999 -9999 -9999 -9999 -9999 -9999 -9999 -9999 -9999 -9999 -9999 -9999 135.73160218 137.60606116 138.87445898 138.881812601523 139.937823667399 143.466903369618 142.48425838 137.735342819999 130.359821152908 120.208634187184 109.081729117076 99.4391088557371 92.5411047899847 88.1444345599996 87.0335362585687 87 87 88.8917699599998 90.1574121756768 91.9223463900466 91.4252760042302 92.7684014199998 92.2651641527841 92.8750513 92.4848801186619 92 92 92.5776817241688 92.8750513 93.6780770800001 94.7495054800004 95.8209338799999 96.9096732600003 98.9637906800004 100.19538686 102.135585121616 103.606049160001 105.37445298 106.501593678786 107.577621295492 108
-9999 -9999 -9999 -9999 -9999 -9999 -9999 -9999 -9999 -9999 -9999 -9999 -9999 -9999 -9999 -9999 -9999 -9999 -9999 135.587932265538 137.40968406 138.67808188 138.043486140611 138.824339102661 140.354976720001 143.42221813352 139.048629448809 131.558837500001 120.690700518727 109.990163310082 100.443814285983 93.3334236609419 89.0862204188921 87.2684002200001 87 87.1717232472564 88.9023969106939 91.0207133313558 92.2138039534054 92.5214706245452 93.0102591775045 92.333246640446 92.1228426383963 92 92 92 92 92 92.6453299060984 93.6780770800003 94.7495054799998 95.8382448600002 97.9097886621006 99.2888822758503 101.26681526 103.409672060001 105.251609870299 106.804201867652 107.905210694398 108
-9999 -9999 -9999 -9999 -9999 -9999 -9999 -9999 -9999 -9999 -9999 -9999 -9999 -9999 -9999 -9999 -9999 -9999 -9999 134.7321945 136.33825566 137.60665348 137.7321945 137.771463321121 140.426275258492 144.48307134 141.58338758375 134.586470134626 124.607190553996 114.482468291376 103.362465199999 94.8454845118691 89.803917506506 87.4121583302345 87 87.8744565800001 88.6925717799885 90.7668212600003 92.8209362800001 93.7321945 93.7942178735162 93.6158207281075 92.4580203302686 91.8805898713552 91.7321945 91.7321945 91.9089913837734 91.8040741978504 91.9472492205258 92.6402705410983 93.6780770799999 94.7668164600003 96.9096732600008 98.9352560924069 100.401169629217 102.338243660001 104.48110046 106.17807588 107.24950428 107.7321945
-9999 -9999 -9999 -9999 -9999 -9999 -9999 -9999 -9999 -9999 -9999 -9999 -9999 -9999 -9999 -9999 -9999 -9999 -9999 133.75181573923 134.994412064527 136.789283440351 137.320877064878 137.379433040839 140.312080394285 146.788326777973 144.445995727378 137.629671180001 127.485329026905 116.256320484403 105.341578742499 96.5572669399995 91.6979536599996 88.2354850133918 87.0668195186886 87.577811263986 87.6607660999999 89.3561589600003 91.3801697598776 91.9822982999998 92.1353307904721 92.3454015126916 91.6607660999999 91.366141213636 91 91 91.4362172822556 91.1773513524471 91.5306122128501 91.6607660999999 92.6066486799998 94.0287494887421 95.8382448600008 97.9811016600001 99.9709275553668 101.503252949931 103.40967206 105.10664748 106.353564894178 107
-9999 -9999 -9999 -9999 -9999 -9999 -9999 -9999 -9999 -9999 -9999 -9999 -9999 -9999 -9999 -9999 -9999 -9999 -9999 132.565359656076 133.39236828 136.21271464 137.53522508 137.613764418041 139.819285107213 148.1662100599 147.085140262258 141.790942037842 131.266727013188 119.292015039998 108.836584360985 100.922322993724 95.6230144626949 90.3358128866634 87.3587496212725 86.640893649607 86.5893376999999 88.0275168075487 89.5893376999999 89.5893376999999 89.6844465055395 90.1785852234312 90.7431124075981 91 90.7875593903431 90.8311112606861 91 91 91 91 91.9458825799999 93.6137576468622 95.1410368421093 96.9096732600001 98.9574222400502 100.60614075098 102.33824366 104.218325753038 105.822179935933 106.831110275097
-9999 -9999 -9999 -9999 -9999 -9999 -9999 -9999 -9999 -9999 -9999 -9999 -9999 -9999 -9999 -9999 -9999 -9999 -9999 132 132.80303058 135.201808398211 136.919800189145 137.026283783499 139.36574704843 148.451988598491 149.871417461431 145.22606289185 135.544830226561 125.186782781908 116.004065756022 107.331117813954 99.8507991318866 92.4998992100606 87.2987413251676 86.0650201047717 86.4560023521276 88.0089667605165 88.5179093 88.5179093 88.7495078800002 89.5179093 89.711843223737 90.2507750236189 90.2499885109747 90.3049142216694 90.5179093 90.8706055930424 91 91 91.48988138489 93.0262764975344 94.6494291098224 96.2431201628225 97.8611558445339 99.4599638281111 101.26681526 103.409672060001 105.03521908 106.10664748
-9999 -9999 -9999 -9999 -9999 -9999 -9999 -9999 -9999 -9999 -9999 -9999 -9999 -9999 -9999 -9999 -9999 -9999 -9999 -9999 132.80303058 134.264888212404 136.33825566 137.01731578 138.415223848138 143.994555209305 150.582745558026 147.632481709074 140.632953226747 132.061332462943 121.483704857045 110.40322680442 100.024168667585 92.1767177917862 86.8758314354676 85.5159715808492 86.915931282833 87.4273143269686 86.3394426999998 86.4280999538802 87.12456038 88.0606930212452 88.4464808999999 88.8923646800001 89.7328230722926 90 90 90.7315973800001 91 91 91 93.0077290219303 93.6239596600007 95.60664868 96.9096732600004 98.7495054800002 100.19538686 102.091439799836 103.41027158 104.807577807529
