catData/variables/futureClimate2070/rcp45/GFDL_CM3_2070_rcp45/bio10.asc
NCOLS 409 
NROWS 350 
XLLCORNER 60.897278365 
YLLCORNER 5.843756025 
CELLSIZE 0.0892857 
NODATA_value -9999 
[rows 156 to 181 of 350, columns 116 to 173 of 409]
35.98929354 36.0044538116441 36.0851801490097 36.08929354 36.08929354 36.08929354 36.0431002612492 35.9968482977217 35.99464677 35.99464677 35.9186422922395 35.8953188071067 35.805121357547 35.798268182 35.7 35.7 35.7219205118381 35.7659657908156 35.7 35.7 35.6972306832232 35.635772232 35.5356975161686 35.509269664738 35.671312576 35.8715547158635 35.8895832173008 35.7931005827059 35.7044030939866 35.6929318886791 35.6339006740575 35.3850827358395 35.2675337673784 35.478470776 35.3934449237163 35.0898061874172 34.8839211017096 34.8867400542194 34.8978100763679 35.0648569188023 35.08929354 34.9877475670104 34.891125822 34.751948946 34.5219200575336 34.624949468 34.69464677 34.739235148 34.79464677 34.735772712 34.8231465296112 34.8239666200851 34.8 34.88276426365 34.89464677 34.9966558769724 35.1359031470665 35.39464677
35.7738988465335 35.7645133777529 35.7952742759607 35.8662985263257 35.87500786 35.8805797448984 35.939235868 35.9359861854712 35.9 35.890857817956 35.8975386863304 35.812553862 35.8 35.798268182 35.7 35.7 35.7 35.7 35.6953207193785 35.6930757849079 35.648268302 35.5484824654807 35.570263870233 35.673160218 35.8505713896602 35.800058032 35.692915192 35.676955817199 35.7708640474853 35.567965484 35.2813054079418 34.948109806 35.1202704573691 35.264185096 35.3814722592037 35.2329519564702 35.1827597302235 35.1301939699371 34.859091546 34.8655911167287 34.863188015078 34.7769555472084 34.8764119050104 34.7164622337812 34.4779019320676 34.517806628 34.5921831506404 34.6334447881465 34.6814722292131 34.628629872 34.653520828 34.760663668 34.78750393 34.7765766893549 34.7986474898629 34.9312675743465 35.2886128235042 35.2959970644187
35.5535902152308 35.4932331188501 35.56072218 35.591025598 35.668076216907 35.724950188 35.832093028 35.88036109 35.88036109 35.8215685485022 35.8645326055788 35.8100884203403 35.8 35.7789693821784 35.7 35.7 35.7 35.6940487861454 35.6502690617736 35.6358320923074 35.6387889336117 35.6 35.6129650934498 35.6784312586312 35.7645324127121 35.7100886132069 35.605411262 35.483484182955 35.653590600964 35.5514721888831 35.2792329752084 34.903454515673 34.9533682373598 35.0477739431185 35.232092548 35.2919233603973 35.3 35.153680044 34.8748621441544 34.6806731297794 34.5475575320074 34.5834837500884 34.7340996459999 34.4318337117497 34.303520948 34.4047126684122 34.498167718 34.5248904734259 34.5219328606551 34.5249725685279 34.540086899634 34.633881918 34.6764927310211 34.6100889989401 34.7706004131408 35.0431543367782 35.1678533733027 35.2153407552326
35.3440596470049 35.3239445805468 35.3526393080985 35.403521668 35.510664508 35.617807348 35.724950188 35.788985945857 35.8 35.8 35.7784933714879 35.77321825 35.77321825 35.7 35.7 35.7 35.7 35.669696822 35.6 35.6 35.5861453459709 35.5889858815808 35.6483367688675 35.67321825 35.67321825 35.6497987082124 35.5771802813393 35.401267831109 35.4708415255573 35.4261295400056 35.2857399130922 35.0357751838044 34.7122948759485 34.8664128597988 35.0972405284942 35.178529048 35.2373352948563 35.119710066408 34.8911061140403 34.4732343904885 34.2811426641262 34.4744859053852 34.5221906261665 34.257201232 34.196378108 34.2813338428216 34.337445538 34.388058452075 34.3593637245233 34.405310558 34.3981000825801 34.446377988 34.5320143923165 34.5932753264704 34.6692558672131 34.7240441826773 34.9755948458903 34.991420853116
35.1262866947594 35.082093148 35.189235988 35.296378828 35.403521668 35.510664508 35.617807348 35.724950188 35.76607541 35.76607541 35.713014676603 35.7 35.7 35.66607541 35.66607541 35.66607541 35.66607541 35.635772232 35.56607541 35.56607541 35.5318934784465 35.5389015923691 35.5884715348153 35.5751806960004 35.56607541 35.478629512 35.46607541 35.365487979263 35.3292976218428 35.267965484 35.0842860634198 34.8708934869489 34.5367815760236 34.731992084 34.846494772 34.8770733922119 34.9757719146038 34.9498854745806 34.7184847677649 34.2288471199999 34.1018978897327 34.33215082 34.3174129925023 34.1554920996867 34.1153029711289 34.196378108 34.303520948 34.3366134564241 34.2307191783915 34.224949468 34.2436794480228 34.305310558 34.3593931403459 34.5113007464698 34.5642394987146 34.4724125341011 34.841024758 34.9164181428031
34.9215098325237 34.974950308 35.0725816938422 35.1606133929747 35.296378828 35.403521668 35.510664508 35.617807348 35.65893257 35.65893257 35.65893257 35.65893257 35.65893257 35.6 35.5963554060381 35.55893257 35.55893257 35.5410741284129 35.5 35.481688501953 35.45893257 35.483110829681 35.538905737502 35.515817373315 35.467021597868 35.407398454949 35.361154836234 35.216133562 35.1230950625999 35.1644968226512 35.0727023180681 34.860923108 34.4831770073276 34.4333195945149 34.5038214716978 34.6018351982383 34.6907535980638 34.7068426327531 34.557259504 34.1165485343871 33.869755574 34.11786514 34.108990962 34.0244429176552 34.0494214115277 34.0606123772893 34.1810001878937 34.2361764409233 34.1767148157403 34.1105179328854 34.1060711287486 34.1130700896173 34.198167718 34.3771337296508 34.5722781912847 34.6062649392438 34.6714508062764 34.8554828525605
34.712454358 34.819597198 34.9147452371874 35.012396566 35.189235988 35.296378828 35.403521668 35.510664508 35.55178973 35.55178973 35.55178973 35.55178973 35.597391331684 35.5991650858663 35.5471935685834 35.492277920967 35.45178973 35.45178973 35.45178973 35.4286972808317 35.4 35.4304909642689 35.4199625738193 35.40357946 35.36199072308 35.35178973 35.3028024779794 35.1456438935709 34.9828864764851 34.8386201046568 34.9589172768877 34.6603083715445 34.2534579247418 34.219470672873 34.3248159218837 34.438210711868 34.4693893624761 34.524949708 34.4298982993754 34.2610063071254 34.1430770945495 34.0473755872756 33.9996823523482 34.012437558 34.0844261120734 34.0468001559077 34.0698423249728 34.1230922005776 34.1249982718721 33.9843592573565 34.0014232827714 34.0139004992211 34.1964448470123 34.6755977524819 35.1580404277103 35.4741645130197 35.2402032365306 35.4443102944854
34.498168678 34.6141778341347 34.767807468 34.8884798417007 35.0474677063816 35.189235988 35.296378828 35.403521668 35.44464689 35.4851434787932 35.5 35.5 35.5422310369598 35.5438736871225 35.4950876007951 35.4374955752872 35.4 35.3832262485482 35.34464689 35.34464689 35.34464689 35.34464689 35.3151721838634 35.3 35.2555497599719 35.0994348176687 35.1833031763855 34.9789583331003 34.9939759261444 34.9535722826809 35.0246982760882 34.7727486164175 34.4801387525666 34.4026637176929 34.4639837622973 34.594245076801 34.584869900984 34.639219308 34.6746567263613 34.764211208 34.77676555 34.4866987814276 34.45661119151 34.5875972552233 34.4808398533017 34.2165538524862 34.0581728078392 34.2047152178431 34.1515199779845 33.8028474718276 33.8756016845056 34.283473331756 34.7975820306664 35.3650846407538 35.9472906655021 36.2645135671603 36.1758154866751 36.1732103232552
34.283882998 34.407043576 34.6126431012466 34.767807468 34.912396566 35.082093148 35.189235988 35.296378828 35.33750405 35.410664508 35.43750405 35.43750405 35.43750405 35.43750405 35.428629392 35.33750405 35.33750405 35.3261391309713 35.2765977553137 35.23750405 35.23750405 35.23750405 35.23750405 35.2832262232612 35.2698831009761 35.1641086900734 35.0435906239695 34.9920331721211 35.2566403323279 35.3249919 35.310517776734 35.201890074 34.996962805392 34.798310614 34.6745591757481 34.780244546 34.8789948871118 34.8692037814582 34.9929847769859 35.2217375474017 35.2499838 35.1760577161308 35.2441280023084 35.280445714 35.0053663447242 34.4719591310278 34.30120063894 34.789144356 34.4667333150502 33.8785073655519 34.1625840651314 34.8413719927194 35.6448527949869 36.040449582579 36.3114616682978 36.4635778161405 36.516117962 36.4249919
34.0757776895809 34.262396686 34.4605536197238 34.591025838 34.735614936 34.905311518 35.0484798536667 35.189235988 35.276335080362 35.3222124002903 35.33036121 35.33036121 35.33036121 35.4 35.391125342 35.3 35.2838714208569 35.2514639764907 35.262553982 35.2 35.2 35.2 35.2 35.2222123274234 35.23036121 35.23036121 35.2100768064779 35.2420606140658 35.3938199626852 35.33036121 35.307201112 35.1275501352847 34.8275610652947 34.6943695521058 34.7170664462017 34.9283867347482 35.105294718 35.066117602 35.2558051267911 35.5103572458613 35.6051478654864 35.609442025166 35.6516373203633 35.7688292390586 35.6826746743846 35.4172151006736 35.2815698041391 35.7159258660001 35.6179556546746 35.4693856204605 35.6879702422237 35.9680800764482 36.311014732736 36.4925500649944 36.4717643912934 36.6398031622991 36.660764852 36.56963879
33.8573722446547 34.001690586 34.192815688 34.3232259862861 34.521329256 34.7252620742467 34.926682246 35.082093148 35.189235988 35.22321837 35.22321837 35.22321837 35.22321837 35.3218886519109 35.2443761890693 35.22321837 35.2178409170299 35.2070359039898 35.2145240149905 35.1657639480292 35.12321837 35.12321837 35.1739075889117 35.2 35.2 35.2671423858526 35.2987435931672 35.3771836741869 35.391125582 35.2877016882263 35.200058272 35.0718078872029 34.7924172678562 34.5916901053898 34.7405242893249 35.0218275396555 35.1921097333643 35.070666598384 35.3874424491927 35.7859573491533 35.8523067974431 35.8548926095372 35.9412795074825 36.0658613874978 36.13034489 36.1254686252919 36.177781308684 36.3388492225811 36.3951153743993 36.4564518046205 36.573143418 36.6241130186599 36.710647468 36.7506482906993 36.658975002 36.7754524647387 36.691126062 36.6
33.4041489702191 33.6937048677225 33.9747490303355 34.176682366 34.390968046 34.605253726 34.819539406 34.974950308 35.082093148 35.11607553 35.11607553 35.189464237852 35.2 -9999 35.11607553 35.11607553 35.11607553 35.11607553 35.11607553 35.1089076347555 35.1 35.1 35.166017378 35.2 35.2 35.287445898 35.3 35.31607553 35.2997533037279 35.129576200885 35.092915432 34.9349094317781 34.6238500414477 34.4304112433264 34.8038655116485 35.3217851294373 35.285559810473 34.9922809202114 35.3175896200001 35.9126347720291 36.0633073656275 36.069580278 36.176723118 36.283865958 36.36784894 36.3727202593078 36.421370008 36.4910922880819 36.5 36.558874058 36.6106125662431 36.61607553 36.696378108 36.71607553 36.7008699662087 36.7997217168217 36.775050532 36.6570404779048
33.3185425631262 33.556985904 33.8763455613651 34.160606836 34.374892516 34.5485721038982 34.712396566 34.867807468 34.9148298391613 34.9844906410843 35.00893269 35.096378828 35.1950723278211 35.0492887889333 35.0170146023123 35.1 35.1 35.1 35.1 35.1 35.0528893342141 35.00893269 35.074950068 35.10893269 35.1820625247684 35.2078112709861 35.20893269 35.20893269 35.1831021602492 34.8595194360146 34.509344763758 34.3544082274627 34.0869899750673 33.6308558650212 34.229798110122 35.11958413294 35.2400540294312 35.2470193618448 35.5926537137933 35.8793382441904 35.917381987302 36.1001546550564 36.117806868 36.2103634405652 36.1967743203195 36.154393921926 36.1871096296567 36.1763361964172 36.2739082986628 36.4303544589084 36.4488128768459 36.2846161692007 36.3891627356453 36.3471638801091 36.5941477064094 36.6194418443821 36.6838962387446 36.4093505628732
33.219539646 33.449843064 33.7485255456053 33.964186536 34.178472216 34.3919598180295 34.5544477120923 34.662454478 34.7684157016642 34.874950308 34.90178985 35.075116971299 -9999 34.9491650879445 34.910664508 35.00178985 35.00178985 35.00178985 35.00178985 35.00178985 35.0008639302033 35 35.0011816120401 35.0736406098381 35.180303058 35.2 35.2928957414729 35.1948982439464 34.861315137541 34.344880218 34.0763568889298 34.448802804321 34.602481413485 34.5494162723453 34.3789235765232 33.9213774581137 33.5996986409778 33.8646298986687 34.8176724300722 35.3591812897806 34.8515762153887 35.1281005978809 35.7247489215251 35.9210998874033 36.0031651732816 35.9725718976803 35.9414746500762 36.0025879150836 36.1061162247946 36.319537966 36.335772952 36.2991709508588 36.1433541767693 36.1038044081859 36.2944492039358 36.3054005340575 36.3066829094621 36.301503173699
33.1154436415976 33.4168339339134 33.635615176 33.849900856 34.064186536 34.2362699679571 34.3953416805321 34.548168798 34.655311638 34.762454478 34.7935926475116 34.7993279930225 -9999 -9999 34.8990498808895 34.88929402 34.8905337905771 34.89464701 34.89464701 34.939235868 34.99464701 34.99464701 34.9911131063574 34.9736289833859 34.9549862160067 34.9705469707014 34.9969372283923 34.9961932755633 34.5531109804595 34.3539133358099 34.199376410759 33.6497070072408 33.6893314612623 33.8076969917973 33.6205727255094 32.3203195738366 31.9337869087954 32.8619248894048 34.1142404196448 34.7736644426719 34.7614288733564 34.98075638905 34.8508698986955 35.4230008827437 35.6827012851172 35.7072686376063 35.8126850439046 35.8857484742465 35.998109446 36.2092436035627 36.28929402 36.2239667489183 36.1957014110299 36.0244371184809 35.9898734000162 36.0018237635028 36.114226928 36.2365291694754
32.905253966 33.1315542853793 33.4117277724539 33.6318285124025 33.832725805259 34.0336230981154 34.1957171230282 34.308891458 34.416034298 34.5323191444589 34.642815808 34.7390315272539 -9999 -9999 34.5155313916465 34.6770098593203 34.7077704315361 34.7787949736075 34.792183360751 34.8390171101054 34.88750417 34.8727904456365 34.7799962933493 34.4540219544689 34.1392111068374 34.4154335804879 33.3392357470967 33.323968328525 33.9229011636808 33.2293384226876 32.4405731892608 32.6962868119999 33.0686832590441 33.02995900476 32.729273921723 32.9987404387672 33.3569592160001 33.296888876958 33.4506870395102 33.7513723651055 33.9648597428133 34.6521807081064 34.7849914201968 34.9555805039579 35.2777932660642 35.1625458699999 35.2514743383131 35.5616569335732 35.865974946 36.0066729635964 36.0540195686907 36.1265303315111 36.089783049265 35.9875629219999 35.7976514119197 35.9907500509368 36.1849911502068 36.303520948
32.798111126 32.996379068 33.140746205033 33.3654362197402 33.458891578 33.5747911238122 33.7242289368231 33.860681428 33.967824268 34.1337598250828 34.30978277708 34.3582572484695 -9999 -9999 34.46072266 34.476740158 34.56072266 34.591025838 34.698168678 34.76072266 34.7505632425444 34.6348970902318 34.3886003960161 34.0948870397843 34.0038682174395 34.1233721619897 33.837032918452 33.3744864782215 33.0518615553382 32.9660191343917 31.8372200470506 31.625866078006 32.1377029763113 32.826976639814 33.6905118727721 34.6123130292078 35.0109716323743 35.05891601 34.9628427865723 34.5363953784079 33.8552959230595 34.1870219822436 34.4855059775979 34.7085738313088 34.5343812761701 34.162508189416 34.3233806212751 34.9999165551725 35.53506707919 35.582209932 35.6082935822877 35.6428906399999 35.7862746511796 35.7339999019999 35.6082811861526 35.8434950172472 35.9963664826002 36.176739438
32.664186776 32.862454718 32.969597558 33.054552692922 33.110664748 33.2504550522603 33.3741461682973 33.4273396688849 33.4770935680671 33.5856278933753 33.9193622262159 34.1271588903862 -9999 -9999 -9999 34.2806565323428 34.3258581582375 34.3686245093536 34.457101488 34.51965547 34.481778301873 34.4033299322819 34.307201112 34.126898054 33.9714090604914 33.8824104139174 33.8478861976737 33.4284958591465 33.1202662060088 33.156900464 33.5399562561907 34.0496187852585 34.4881903085425 35.043790393623 35.2560985148052 35.385655808 35.360764372 35.3071881631759 35.0963817495341 34.8075192736418 34.1752442885073 34.0239134390808 34.1979261567891 34.4899676428905 34.3243178663137 33.9498483156194 33.918182735496 34.5113096806968 34.9079613166436 35.067049907192 34.7017928167439 34.6550857978391 35.0639037940854 35.1112333587324 35.1188841842008 35.5516302740001 35.8600640671858 36.016016778
32.449901096 32.648169038 32.7631689535427 32.896379068 32.9908185083742 33.0464872746653 33.1853161997089 33.3192437150018 33.290302779792 33.3645311963329 33.613667522125 33.9580795979166 -9999 -9999 -9999 34.0876432840827 34.055311638 34.1321513 34.1568939997926 34.2133534302489 34.2497009422905 34.246102845668 34.166133922 34.0106499924151 33.7509849530867 33.6685614975018 33.6659797056191 33.8730741357438 34.2079726627545 34.6389573226714 34.8723876332942 35.030302938 35.1494850824221 35.276739918 35.367250421744 35.458874298 35.4787746319102 35.4195077689967 35.1078039870382 34.9498021972392 34.9999704148788 35.1029587548372 35.0547265575913 34.8703069934753 34.612679718 34.1240402439869 33.8301401850361 33.8708890569397 33.8194348632785 34.0403323830097 33.4592486987565 33.6690884315782 34.106983384 34.2831863576613 34.7391757411886 35.3063565627219 35.800491365572 36.151714178
32.194548226 32.392816168 32.5136081874276 32.666034658 32.7511093659207 32.732209332 32.8107493907308 33.1365337909434 33.3310215912351 33.3889777542917 33.5276282880341 -9999 -9999 -9999 -9999 33.81786562 33.8315146579889 33.87679843 33.8921764573595 33.962454478 34.0483525632921 34.0421020103821 33.9789597240563 33.9158174377305 33.6117659774046 33.4177097189211 33.4337977289877 34.0093690004274 34.5531125475942 34.6862378502243 34.7493801365501 34.837411553124 34.93573124 34.980319858 35.1179494998534 35.3260724074625 35.510994141495 35.6190223043384 35.5320711793737 35.5568701334824 35.56426876 35.537202816402 35.3131093392412 35.263414099928 35.1948266866657 34.9231459208139 34.6972014237631 34.2525956879111 33.665782651317 33.3380432037021 33.275959074139 33.992926828432 34.4596688117179 34.6855627360001 34.8221589367389 35.5216770307812 36.1689071681265 36.3831285747343
31.7242110250117 31.878547528 31.985690368 32.1074424949088 32.248186078 32.3521363920901 32.5569237816588 32.8787320157276 33.135615176 33.3120110767499 -9999 -9999 -9999 -9999 33.5504765611474 33.55536991 33.55536991 33.5699790812048 33.641025958 33.748168798 33.8285198071253 33.8801734024322 33.931826997739 33.94821003 33.8621573694108 33.7083160476595 33.5456839629664 34.1508455866337 34.4989838815801 34.45178997 34.45178997 34.4393505684966 34.3926871991925 34.3641260357712 34.4926604422638 34.8746203287281 35.2546378900699 35.501689866 35.6743867406487 35.787895095911 35.8456011432623 35.7377047379999 35.371252624 35.6197444635487 35.4884310709795 35.5013739982034 35.3168185653792 34.7021758324102 34.1054165480201 33.7382023871681 34.0721885986766 34.8390042312606 35.3600908337783 35.696675970503 35.7794912975583 36.2964262605395 36.491126062 36.3513762749576
31.2071134610103 31.5248840156921 31.6656934033684 31.7773806475711 32.0135267065106 32.21979168855 32.5050103972208 32.762396686 32.9401397197314 33.0951187627918 -9999 -9999 -9999 -9999 33.2485748532829 33.2428075348452 33.28929426 33.3028237592758 33.371387408 33.5032114606032 33.641025958 33.7807575444822 33.8741219945782 33.9297905403612 33.9805001406992 33.9986559904805 34.0101264243596 34.3007730998807 34.34464713 34.3357811180017 34.2380151442487 33.8427855989814 33.3083413548167 33.3592294707816 33.7500074120876 34.3501957536354 34.8061146914252 35.1100517535143 35.4280939849078 35.664185576 35.8362402063329 35.897866374362 35.7886505473643 35.9195716191514 35.9763988219091 36.0274791530305 35.9155933877295 35.5646972845473 35.394805781698 35.3716872036347 35.5400867688162 35.7175784799976 36.0130952599651 36.3297389249071 36.408289552514 36.4990417875745 36.4308612126349 36.2306634650864
31.0388280594831 31.4895605641781 31.7769700776612 31.8780250015333 32.074892516 32.289178196 32.4711336340501 32.618459635478 32.7822843770942 -9999 -9999 -9999 -9999 -9999 33.0488910484728 33.0435115389007 33.07500858 33.0939467662437 33.174950308 33.298815882612 33.4590703699601 33.6184593054677 33.7162666091045 33.7649425103233 33.77500858 33.807804543179 33.7888738012137 33.8657765158959 34.05001716 33.9939595055615 33.520549521909 32.7432320320317 32.4186337593045 32.8090949987967 33.3974603220592 33.9914604574574 34.4930800422296 34.9027060716869 35.1706538232227 35.387404186 35.6608036194034 35.839235628 35.9430502705478 36.016017018 36.1144739176921 36.192798408 36.26249571 36.2903615334086 36.32499142 36.3029111225529 36.3122462988749 36.32499142 36.3551083317306 36.4827369111585 36.3817727931725 36.1189671940563 35.7406575323256 35.3575208756511
31.1685963417188 31.522554981514 31.8392892686908 31.999941968 32.1184540348995 32.2581269946947 32.4181187595101 32.558874778 -9999 -9999 -9999 -9999 -9999 -9999 -9999 32.93036145 32.93036145 32.960664628 33.067807468 33.174950308 33.2977996416224 33.419597438 33.526740278 33.611670614992 33.63036145 33.63036145 33.4699024863935 33.1116956549434 33.0952374800807 33.2432103702324 32.2689759778319 32.0389775724142 32.2933449651646 32.6743791068794 33.113716602755 33.6568164974499 34.2211700400001 34.5818291662809 34.8439535041287 35.1877674425384 35.514126944 35.6636599166788 35.839235628 35.946378468 36.0373931187067 36.1121279574981 36.23036145 36.274949828 36.33036145 36.3713604903174 36.4 36.4 36.4 36.4265496968634 36.4387946080244 36.2419482830925 35.8678188870043 35.6883317539119
31.2965918139545 31.5357545721171 31.769539766 31.953522028 32.0894166253954 32.244589098 -9999 -9999 -9999 -9999 -9999 -9999 -9999 -9999 -9999 -9999 32.8410014394451 32.9070359767174 32.960664628 33.067807468 33.174950308 33.282093148 33.389235988 33.4402053956926 33.44643722 33.3121528680352 33.103696964 32.7403150046852 32.3895492195363 32.2332682693259 31.6408449226791 31.9677457860145 32.4946515028447 32.8983457846823 33.2743312594804 33.6479764449286 34.0793968138054 34.369538566 34.664127064 35.073001242 35.3343577404554 35.449899896 35.655311398 35.750156148943 35.8052207517889 35.9605571732681 36.0751884245694 36.1335714115931 36.1067172717556 36.1737342080818 36.1450598361614 36.1490475037567 36.2313132655942 36.1121536051365 36.3327150565383 36.4769047404267 36.4818465449442 36.4681260864368
31.3103016061902 31.4346684827201 31.6173473695001 -9999 -9999 -9999 -9999 -9999 -9999 -9999 -9999 -9999 -9999 -9999 -9999 -9999 -9999 32.81607577 32.853521788 32.960664628 33.067807468 33.174950308 33.282093148 33.31607577 33.1812883238141 32.8265589208738 32.7499671140664 32.61350909851 32.435204050053 31.936684649782 31.1304222100863 31.4528407406161 31.962313502 32.3534642076759 32.7706309895886 33.3213069177933 33.8677002367346 34.2398704442046 34.6243777456749 34.9763945368551 35.1258700973849 35.2370672280852 35.5175023624447 35.53215154 35.5979079884956 35.8209471620343 35.9324488368717 36.025159094188 35.880420322 35.9993092558463 36.0394461473164 35.950362244427 35.8776674774867 36.056351712634 36.2883065368031 36.416354057333 36.4395989241372 36.51607577
