catData/variables/futureClimate2070/rcp45/GFDL_CM3_2070_rcp45/bio17.asc
NCOLS 409 
NROWS 350 
XLLCORNER 60.897278365 
YLLCORNER 5.843756025 
CELLSIZE 0.0892857 
NODATA_value -9999 
[rows 81 to 107 of 350, columns 122 to 182 of 409]
11 11 11 11 11.2437989657522 11.9125746162932 11.3412801816615 11.2983399403837 11 11 11.2316033800002 12.1190322771302 12.1320296693896 11.2505137199998 11.0566630347011 11.5715463432537 11.8968295412084 12 12 12.8744589800002 12.341281853027 12.2983406690182 12 12 11.747738614537 10.7267950543991 10.3035977 10.3035977 10.3035977 10.7135996653809 11 11 11.2437975084832 11.9125712735622 13.2330534843924 13 13.0269418003019 13.4151405817434 14.2315985800002 14.6969730199999 13.62554462 12.4187469299245 11.1790901199999 10.8751425859847 11.2004257839394 12.03519508 13.1066234800001 14.1780518800004 16.5669098884837 17.3502750662877 20.1774787600008 22.4175886992444 24.6775074675768 25.424844694469 26.9816483799999 28.1884453414411 30.1486143212095 32.0710754373504 33.2673619800003 34.3387903800001 35.41021878
11 11 11 11 10.3834066248434 11.10663068 11.0125627319003 11 11 11 11.0537711946123 11.7678781837596 12.9130618421315 12.3219421199998 11.8879358211247 11.5479432227527 11.7390709956192 12 12 12.2030225292654 12.0125632891066 12 11.9318594941496 11.2321693 10.7689673399996 9.2321693 9.2321693 9.2321693 9.2321693 9.36885734554654 9.9712384528255 10.2321693 10.2321693 11.1066258800001 12.1780542799999 12.2454630446849 13 13.1601701799999 14.0537700801996 14.1618157381723 13.62554462 12.5541162199998 11.8798959932879 11.3157776083402 11 11.7315973800001 12.1864379332246 13.7780562451481 16.1113700564806 17.7931798362181 19.2733744194743 20.0168434600002 21.6965079 22.3025570600006 24.3584773737504 26.5949428042454 29.1547230095063 31.2729587288665 32.6601665800003 33.1698538943901 33.4186066760183
11 11 11 10.3859941986333 10.0316606560651 10.87446138 11 11 11 11 11 11.3517413810458 12.4750100136527 12.5541114199998 12 11.4112546199999 11.1061169275536 11.7747446871448 12 12 12 11.1607409 11.146476080637 10.8655737046645 9.69753893999962 8.16074090000002 8.16074090000002 8.16074090000002 8.16074090000002 8.65484880352619 9.66017138000016 10 10 10.8744565800001 11.9458849799999 12.0173133800002 13.0744773464153 13.8650049988863 14 14 13.62554462 12.9283282399074 12.4051001453941 11.9053653093043 11.8392591 11.9568567212988 12.6739466933997 13.8542738319024 15.8917651599998 17.1780518800002 18.1607409 18.2122319262165 18.4822227 19.3425879962896 22.3846508309871 25.4983850400008 27.7612035196163 29.4989581600004 30.9816483800004 31.3214818 30.6475371208222
11 10.4638347561011 10.0893125 10.0239710659487 10 10.87446138 11 11 11 11 11 11.0270645258512 11.8047888851738 12.9601765761988 11.9684592855525 11.0367301782487 11 11.0653412197012 11.0893125 11.0893125 11.0893125 10.9842307356011 10.0893125 9.92913991999998 8.8370266574735 8 8 8 8 8.58874298000008 9.05896155637623 9.75557127464867 10 10.8744565800001 11.9458849799999 12.0173133800002 13.0079257502263 13.2351774807987 14 14 13.9665564538738 13.9106875 13.8644850559238 13.2852163130513 12.9106875 12.9106875 12.9824077399763 14.6708086710496 15.0796457758524 16.1066234800001 17.0893125 17.0893125 17.3002242461739 18.6331130428019 20.8716617917761 23.5162691400007 26.1670423302741 27.7306323587014 28.8387915800002 28.512370596651 27.4649141199998
10.0178841 10.0073548758277 10 10 10 10.87446138 11 11 11 11 11 11 11.0133937666103 11.0357682 11.017264702796 11 11 11 11 11 11 10.0175744228589 10 9.83982742000003 8.7683990199998 8 8 8 8 8.01052913832862 8.0178841 8.74948387999993 9.8065508437262 10.8744565800001 11.9458849799999 12.9824255342193 13.0871547131324 13.9849803995161 14 14 14 14 14 13.4112594199999 13 13 14.577328773296 14.9955094520011 15.9289663213509 16.0173109800002 17 17 17.2315961800002 18.3084439018915 19.7667900599999 21.9176210471886 24.0703877600005 26.2027155075155 27.6780506800003 27.2862891199999 25.4261986904301
10 10 10 10 10 10.87446138 11 11 11 11 11 11 11 10.5541114199998 10 10.5572214207498 10.9818042429285 11 11 10.9531777060372 10.051215197641 10 10 9.67965484000005 8 8 8 8.02387466338778 8.02584505293409 8.55721914925607 8.35698114884412 8.74597108189967 9.80302818000014 10.8744565800001 11 12.0173133800002 13.0839901635093 13.955031900169 14.2191977961531 14.9464557 14.9665056512033 14.5779907548813 14.5431573614405 14.4427831222376 14.0535443 14.7459688104061 15.042997453272 15.0535443 16.8946628393715 16.0535443 16.0535443 16.2137120800001 17.5043360046596 19.0162252390189 19.7623506146059 21.8382184600006 23.4637654800002 24.5351938800002 26.2314407025912 26.1613164199999 24.3298619647656
10 10 10 10 10 10.87446138 11 11 11 11 11 11 10.9532027002629 10.4848626197416 9.93534950025355 9.87502729999999 10.4526973802443 10.7500546 10.8504114997652 10.1098518197697 10 10 10 9.69967203978862 8.09602890020674 8 8.04679699980261 8.51513528019288 8.54733561981187 8.05139590018335 8.74267477982151 9.12497270000001 9.92800088000015 10.7808628803294 10.99323709984 11.8923406800002 12.8750273 13.055214379854 14 14 14.37445538 15 15.0646498998775 15.0513962001178 15.0825030998869 15.1249727 15.8276421801039 16 16.9458825799999 17.0021633999103 17.136062699915 17.3900965800805 18.3276256800759 19.3030245800003 20 20.7803167601238 22.2673643800002 23.3387927800002 24.4927239799527 24.1434323199999 23.0720039199999
10 10 10 10 10 10.87446138 11 11 11 11 11 11 10.6255398199999 9.91242699241052 9.3878835439207 9 9 9 9.6453144907545 9.97534360557691 10 10 10 9.87128549090186 8.9648001199998 8.1964011 8.49731496010446 9 9.10160115255806 8.72328788888921 9.45382818955922 10 10.8030281800001 10.2972876542141 10.9565132294544 11.0173133800002 12.017428983208 12.5167414599999 14.1964011 14.2559159322017 14.6201706829342 15 15.5173121800001 15.5268887175266 15.5972542522843 15.9472854301891 16.1577151465204 16.1964011 16.9565113008171 17.0173109800002 18.071310868155 18.8350560281766 19 19.3030245800003 20 20 20.4157095701674 21.3923370800002 22.9942746175054 23.1629749376529 22.3546912951577
10 10 10 10 10 10.87446138 11 11 11 11 11 11 10.5252483372206 9.40570403543698 9 9 9 9 9 9.64025306861625 9.98550704404169 10 10 10 9.7683990199998 9 9.1002908399885 9.26782949999996 9.64659197469596 10 10 10 10.5879535440648 10.9663757685932 11 11.0126763460914 11.8446799465667 13.2774420607756 14.7321705 15.0351974800001 15.4580053171977 15 15.3787607174868 15.7321705 15.2488142478288 15.7315973800001 16.8030257800001 17 17.25333525846 17.0173109800002 18 18.1601677800001 19.0620282890914 19.4896951582511 20 19.8805798129352 19.5936196802775 19.8953977276199 21.0334901650386 22.1959359800002 22.8944877007075
10 10 10 10 10.2724352824256 10.9170513485901 11 11 11 11 11 10.8971940746839 10.0388603143003 9 9 9 9 9 9 9.29666711719101 9.96424551382466 10 10 10 9.7683990199998 9.10280511109709 9.58667791991856 10 10 10 10 10 10 10.5777902770281 10.9816410519563 11 11.11727086015 12.5903323778187 14 14.2002226831219 14.6607421 14.8120116948469 15 15 15.2239675418 15.8226550892157 16.8030257800001 17 17.9458825799999 17.3448231065566 17.6908476357062 18.1601677800001 19.2315961800002 19.8971965173407 19.5337059683565 18.7243340393717 17.4649165199997 17.1819603785967 18.4178506324195 19.9620206565655 22.1999629855499
9.17862740000001 9.42041804740147 9.5893137 9.5893137 10.7221413233344 10.6408706913549 10.5893137 10.5893137 10.5893137 10.5893137 10.5893137 10.28628192 9.3686391858215 9 9 9.24178966175434 9.4106863 9.4106863 9.08089264231288 9.87445898000017 10 10 10 9.93421931575836 9.45282806955246 9.30302937999996 10 10 10 10 10 10 10 10 10.5574229773382 11 11 11.3489511428108 13.2737417639055 13.7137627292164 14 14.2627654201619 14.8017667251492 15 15.6601689800001 16.3004570210819 16.5541287072144 16.9484400517039 17.5574215629853 17.9897984023255 17.3900935370904 17.3387951800001 18.4102235800002 19.0000508635691 18.0610780111199 16.2868646399995 14.6613176199998 14.7673655800002 15.8387939800003 17.6418173600003 20.5876975400002
7.51788530000002 8.10663308000016 8.83616594096788 9.3527173226053 10.3138726515146 10.0650146058803 10 10 10 10 10 9.69696822000001 9.18053275734267 9.6970841389802 9.71482327938238 9.78701727774497 10 10 9.58412226716742 10.3565736800002 10.4821147 10.4737665079199 10 9.83982742000003 9.1116582369925 9.63904916137008 10 10 10 10 9.68172167318265 9.87060030845474 10 10 10 10.5178853 10.5606690166422 11.1601701799999 12.2315985800002 13.1569332184455 13.6984157431921 14 14.267908373533 14.5178853 14.8597771102581 15.7673679800001 16.0070458860339 16.4528669653458 16.9739091962919 17.0357706 16.9438569591334 16.0829485387957 16.6378255571583 16.8896779955206 15.8047499400001 13.8768591077539 12.7678634693917 12.8227841489709 13.6959371800004 15.8516732543046 18.5398060640586
7 7.26285050874074 8.47206904922343 10.1365792471874 10.1090297348485 10 10 10 10 10 10 10.0324505217994 10.2742665311363 10.7526131331723 10.48268302 10 10 10 10.4445120366481 10.943951345388 11 10.99226925054 10.5535431 10.3047080935319 9.2316009800002 10 10 10 9.71364408371153 9.77235151425248 9.70526193221641 9.47519885963897 9.44645689999999 9.93050630610868 10 10 10.0887417800001 11.1601701799999 12.1033987840713 12.6141953938929 13.37445538 14 13.713645412215 13.4464569 13.8118888837131 13.9216560166458 15.1404489596413 15.9305049776054 15.8987090288616 15.4464569 15.3973358285025 14.8929138 14.7647153325745 14.0363461199996 13.0050164667069 12.0005755199997 11.4464569 11.7723488572457 12.2947359247905 14.2362724868267 17.3879766622756
7 7.36795058318836 8.53273256252119 10.46320916 10.1969670199998 10 10 10 10 10 10.1447455118038 10.7386170539057 10.7659730596151 10.3750285 10.1810198889661 10.3679490832567 10.2123817024526 10.4572305118378 10.9261308538716 11 11 11 10.944537416709 10.254889935163 9.711828468128 10 10 10 9.80599228903443 9.84576689667496 10 9.26840022000007 9 9.87445658000014 10 10 10.0332806966408 10.6353004776498 12 12.3030269800001 13.1404314394783 13.3750285 13.1810216891028 12.6320539166065 13.0351974800001 13.5578861439494 13.7254183812042 14.6245111800004 14.3953240748465 14.3642096308628 13.7167772034275 13.2749282022817 12.5184608199998 11.6364141462994 11.6090509405901 11.5541186199997 11 11.2207935965382 12.2001990955054 14.0881614600003 17.3351982936666
7.72052232900013 8.57154368488282 8.89682945426563 9.44423044729691 9.92263139393748 10 10 10 10 10 10.2316033800002 10.7889686987112 10.189913951906 10 10.3602594931403 10.465140832485 10.1031712743746 10.2221144950082 10.8628305156091 11 11 11.6843411925394 10.9112558199998 10 10 10 10 10 10 10 10 9.77788623363204 9.13717115575072 9.87445658000014 10 10 10.0617997667179 10.9051977626649 12 12.0919990214307 12.3036001 12.6141135198037 12.6397438495792 12.5348572820759 12.4370856566897 13.0351974800001 13.0598013928894 13.8744541800004 14 13.2983444847409 13 12.8398322199999 11.9296873765923 11.6963999 11.5493148443466 11.1682304684438 11 11.8199944193566 13.2533930197051 14.6501071890877 16.2906193369408
8.7758704397951 9 9 8.43825329906639 9.65179612787768 10 10 10 10 10 10.0537717504604 10.1618162964834 10 10.342365870371 10.4907240453709 10.0954816842582 10 10 10.8030305800002 11 11 11.969388674079 10.2115678128642 10 10 10 10 10 10 10 10 10 9.81355958230147 10.6422848800002 10.7678283 10.7678283 10.8565700800001 11.8050152829799 12 12 12 12.1035215952051 12.1120664517387 12.1366889013176 12.0788991456261 12.1698562074302 12.8487576195137 13.8744541800004 14 12.9867081396551 12.2321717 12.0720039199999 11.0543455988239 10.4643434 10.3774060150633 10.2321717 10.6293767889509 12.629526195895 14.9348894628388 15.1437729204361 15.8030233800001
9 9 8.44594271775456 8.04314276551569 8.93211515121426 9.89464087205627 10 10 10 10 10 10 10.3142682149483 10.9109303017815 10.48268302 10 10 10 9.45513299086012 10.0553821578403 10.9545856211104 11.1406441243805 10.0744791476511 10.7048307890787 10 10 10.3142662007321 10.8392567 10.8392567 10.8392567 11.3933099538134 11.6785134 11.6785134 11.8190764363759 11.8392567 11.8392567 11.9279984800001 12.7048328032948 12 12 12 12 12 11.5058955236731 11.1607433 11.7747413028675 12.8030257800001 13.1405626505921 13.1607433 12.9681606640511 11.1607433 11.1349974024891 10.9627724657594 10.58494129097 10 10 10.9514654788409 13.6054712400006 15.6055406346193 15.8824010086513 15.9683373280784
9 9 8.33982381999995 8 8.0717228103054 9.76013522929149 10 10 10 10 10 10.2759665268725 10.9441299735307 10.5939359139336 10.043110785663 10 10 10 9.19696941999984 9.0781022163528 10.0352022799999 10.0877683428408 10.0079261775623 10.0750091020345 10.2109155616316 10.9106851 11.28514288 11.9106851 11.4395744199811 11 11.0589631407876 11.7555719188092 12 12 12 12 12.0887417800001 12.8398298200001 12 12 12 12 12 11.9474166939714 11.9106851 11.976027646835 12.8030257800001 13.7963523923591 13.0492839280445 12.9653780399997 11 10.8541375892538 10.3002260903431 10.9729353899397 10.5696763504634 9.5939424708663 10.1239344600004 12.8555294400006 14.7494814800003 15.0893149 15.8206163271177
8.01788649999999 7.43966935716681 7.02396475875641 7.01788649999999 7.01788649999999 8.76680926000004 9.01788649999999 9.03489491837366 10 10 10 10.005420177933 10.0178865 10.0099111139138 10 10 10 10 9.19696941999983 9 9.94588737999994 9.03489256130123 10.0871568572246 10.9821135 10.9862560309288 11.2976092449946 11.988811239082 12 11.9907470527648 11.9821135 11.9821135 11.995199259465 12.7886648164586 12.123297887618 12 12.9651097957712 12.001587279848 12.0150216160754 12 12 12 12.4379084797692 12.9821135 12.9821135 12.9821135 12.9821135 12.996476820614 13.0156409246906 13.0009679712328 11.9832645399997 10.0178865 10.015021659003 10.4590499149269 12.2797180308502 12.5897740200001 11.0804394973028 11.0167330600005 13.170120325457 14.6601665800003 15.7185093063904 15.9964767776864
7.48268062 7 7 7 7 8.70210243623823 8.99710283601178 8.9464581 8.9464581 8.9464581 8.95885858501163 9.28680688273841 9.96650740951154 10 10 10 10 10 10 10 9.05411262000006 9.08724634023924 11 11 11.2316009800002 12 12 12 12 12 12 12 12.0429956545108 12.8811784132394 13 12.9990730087394 12.9512095035106 12.8484056357606 12.0411416719895 12 12.37445538 13.0238734647604 13.5431562029897 14.0630445785206 14.1070838 14.1070838 14.0210927479796 14 13.1047617705102 12.0371577827599 11.10233252499 11.0535419 11.0535419 11.3403419682404 12.37445298 13.0238733362598 13.5708516800002 14.6107579192404 15 14.9608290147403 14.9034627024904
7.4223598781144 7 7 7 7 7.76517967900299 8.82091947999994 8 8 8 8.23160338000022 9 9.32766377896739 9.87502969999997 9.93967895818568 10 10 10 10 9.89071859893166 9.04735014964487 10.0173157800002 11 11 11.2026577360493 11.9128993725274 12 12 12 12 12 12 12.8030281800001 13 12.8817924702839 12.7349096782924 11.9637714800001 12.8750297 12.7013170080442 12.0871009274013 12.37445538 13.3901615502484 13.9396783583283 15.1039060730953 15.9575312154813 15.9085720559422 14.4696868852685 14.1249703 14.0067630702126 13.1249703 13.0473207069401 12.2499406000001 12.2209979559066 12.16283937267 12.5775980787535 13.5708516800003 14.6422800800003 15.0513955130239 14.9174987844474 14.0520070758707 13.0473900927055
6.90520215371682 7 7 7 7 7 7.94588977999997 8 8 8 8.18611677725258 8.8631163476507 9 8.91242806254313 9.2193178976401 9.60720260000006 9.86651714433227 10 9.84228583802775 9.10088492687519 9 10.0139149833187 10.8036013 10.8350589864877 11 11.2435148037062 11.8036013 11.8036013 11.8036013 11.8036013 11.8036013 11.9472865457123 12.6453144893848 12.8036013 12.0434869004216 11 11.0887417800001 12 12.2315985800002 12.6969730199999 12.37445538 13.0875709947431 13.5105120007077 14.5079697645493 15.4008563210955 15.0192899943554 14.8036013 14.8036013 14.0434888290647 13.8036013 13.8210295988709 14.0314567437739 13.9648025199998 13.4994232800003 14.1963987 14.554709556614 15.6189087482895 15.6076605199998 14.4065762619041 12.6804943429983 12.1963987
6.37876723068079 7.04753812109775 7.26782710000002 7.26782710000002 7.05275310576219 7 7.94588977999997 8 8 8 8 8.30303177999999 8.8997094159251 8.28628431999977 7.73217289999998 7.73217289999998 8.87570803100686 9.85623158044612 9.19696941999984 9 9 10 10 10.1172740223991 10.7321729 10.7321729 10.8324628412898 11 11 11 11 11.7315997799999 12 12 11.746666368873 11 11.0649743264139 11.7750708148158 12.2315985800002 12.7781318572751 12.5419931814952 13.4458837800002 13.621238040964 14.1299468956126 14.2488150634233 14.195941604653 14.2678271 13.7994220457752 13.4788399116581 12.7368092495716 13.1125061908017 14.3850976079692 14.8304315532603 14.4896934855101 15.1002886557198 15.2678271 16.1638970818214 16.4112618199998 14.8564773406378 13.5362321199999 13.4828985230977
5.83624794492158 7.17749556000028 8 8.2482008775902 7.80865587514631 7.67851100000005 7.98260415948241 8 8 8 8 8.2002265819602 8.41332199559594 7.55411141999979 7 7 7.66017378000019 9.21500429662292 9.13014646093308 9 9 10 10 10 10 10 10.2474209186172 10.5094751610609 10.3214889999999 10.5212232940514 10.8847112716076 11.4834005308361 11.6607445 11.6607445 11.0357562018324 11 11 11.1601701799999 12.1530274879429 12.7635480696134 13 13.2946152552743 13.6607445 13.6607445 13.8847104573944 14.7315973800001 14.7275690874932 13.2084995300623 12.0541174200001 12.0173109800002 13.1774787600008 15 15.0785702778441 15.3392555 15.5866732470436 16 16.3418095919313 16.0720063199998 15.0005779199996 14.1773471407373 15.0754534782937
5.30486463947604 6.76681166000031 7.86043982828953 8.73160457999998 9 9 8.44257192382053 8 8 8 8 8 8 7.55411141999979 7 7.24178824876541 8.34198042264836 8.95205550693817 9 9 9 10 10.0364458059448 10.4106839 10.4106839 10.286234612407 9.84621621852426 9.32654819535841 8.78754723075871 9.17805908000011 10.2494874800002 10.5893161 10.9191068447724 11 11 11 11 11.1601701799999 12 12.4274752819518 13.2569011041656 12.8168827102828 12.5893161 12.8311023774827 13.3890482086347 14.3209134800001 14.1160800791309 13.1255458199996 12.0541174200001 12.0173109800002 13.1774787600008 15.0657783285448 15.6422800800002 16.4106839 16.4106839 16.2275675959241 16 15.4112618199998 14.0687136342755 13.5893161 15.1953628600002
5 6.17749556000028 7.66017618000005 8.73160457999998 9 9 9 8.4821123 8.43932648219906 8 8 8 8 7.55411141999979 7 7.87258676926634 9.48418196052479 9.26839782000004 9 9 9.45602394031274 10 10.0459595192687 10.5178877 10.5178877 10.21485832 9.32396062156868 8.7850327882219 8.24997684198728 8.87258321219677 9.82400693759411 10 10.4158784171755 10.939473973034 11 11.4737653065473 11 11.1601701799999 12 12.1677748571305 12.3597372644992 11.8048576747084 11.5178877 12.1066282800001 13.154438870673 13.5082854889085 13.5178877 13.0650186359642 12.5101390461738 12.973189743617 13.6168087134082 15.1601677800001 16.2315961800002 17 17 16.7690835176388 15.9833094843032 15.2129874380575 13.9979412682664 13.4821123 14.7010116113145
5.28635733172878 6.73103626000031 8.21371688000007 8.88017236866359 9 9 9 9 8.96037826401581 8.55354070000003 8.42533880291233 8 8 7.80092889669513 7.83989670323111 8.63278310046619 9.29474072369722 9.11982870283874 8.55548989062528 8.93050793591058 10.4694745424463 10.5535407 10.5044171844818 10 10 9.52923152487428 8.44645929999997 8.24738926819743 8 9.17748596000017 10 10.404970254341 10.5535407 10.9439499725873 11.5235858339487 11.9922702804845 11.5535407 11.6250501664437 11.8718007599077 11.311170086628 11 11 11 11.9146324527717 13.5084482606927 13.6733715458434 13.5535407 13.0694947210846 13 14 14.1869810970464 16.0899304098827 16.1033982684056 16.4464593 16.4464593 16.6932727912023 15.9653804399995 14.6741094557259 14.1517217908097 13.5950324026542 14.2494826800001
