catData/variables/futureClimate2070/rcp45/GFDL_CM3_2070_rcp45/bio17.asc
NCOLS 409 
NROWS 350 
XLLCORNER 60.897278365 
YLLCORNER 5.843756025 
CELLSIZE 0.0892857 
NODATA_value -9999 
[rows 54 to 80 of 350, columns 61 to 121 of 409]
-9999 -9999 -9999 -9999 -9999 -9999 -9999 -9999 -9999 -9999 -9999 -9999 -9999 -9999 -9999 -9999 -9999 -9999 -9999 -9999 -9999 -9999 -9999 -9999 -9999 -9999 -9999 -9999 -9999 -9999 -9999 -9999 22.6918062308162 25.3974331720622 27.35658808 27.9211060871312 28.5095611777091 30.2452787386999 34.1230162200006 36.2126983978159 35.6747271069308 30.0379814799999 26.0840549858648 24.0011126399998 22.0909380839226 21.4327545303017 21.871356113621 21.7228857247856 22.0530791800002 23.2306791496823 23.5074926364591 24.6975271450403 23.8601307787554 22.2439143100474 20.2321645 20.2321645 20.2321645 20.2321645 20.5351986800001 21.6066270800001 22.574535423574
-9999 -9999 -9999 -9999 -9999 -9999 -9999 -9999 -9999 -9999 -9999 -9999 -9999 -9999 -9999 -9999 -9999 -9999 -9999 -9999 -9999 -9999 -9999 -9999 -9999 -9999 -9999 -9999 -9999 -9999 -9999 -9999 20.6783034286838 22.9565974111291 25.07096088 26.0362743639807 25.7074588584646 26.2852460800003 29.2461651233554 32.6326675458004 29.2227821470173 25.2879388799998 21.6171977268639 21.4077527088374 21.1120271819735 21.3744649800001 21.6257777829169 21.0775838146377 21.0946334078075 21.7148001497473 22.73160698 22.5841949454295 20.7332807399999 20.1781302599326 20 20 20 20 20.30303418 21.0601896547052 21.2324068771504
-9999 -9999 -9999 -9999 -9999 -9999 -9999 -9999 -9999 -9999 -9999 -9999 -9999 -9999 -9999 -9999 -9999 -9999 -9999 -9999 -9999 -9999 -9999 -9999 -9999 -9999 -9999 -9999 -9999 -9999 -9999 -9999 19.9412773334487 21.1386030980105 22.3928481212111 25.0412398501852 24.6021195910261 25.6236658028556 27.0306593065272 30.01629914 29.7378638510013 24.7258196783802 21.6189433154765 20.3002314861431 21 21.3744649800001 21.5541066199999 21 21 21.0589590305691 21.1546458366877 20.3755800199997 20.0224227021498 19.1385832750438 19.0893077 19.0893077 19.0893077 19.3002293004816 20.0270632856372 20.0893077 20.0893077
-9999 -9999 -9999 -9999 -9999 -9999 -9999 -9999 -9999 -9999 -9999 -9999 -9999 -9999 -9999 -9999 -9999 -9999 -9999 -9999 -9999 -9999 -9999 -9999 -9999 -9999 -9999 -9999 -9999 -9999 -9999 -9999 -9999 20.5259540857886 21.5992790640036 23.3500448337959 25.4466547056488 27.5703169600005 28.8387075800001 36.4468383751793 34.7389223137803 24.9080749949031 23.3292500846809 20.0041409921327 20.6131162961505 21.6210460634337 21.009907038491 21 21 21 21 20.1969646199998 20 19.05410782 19 19 19 19.2316057800001 20 20 20
-9999 -9999 -9999 -9999 -9999 -9999 -9999 -9999 -9999 -9999 -9999 -9999 -9999 -9999 -9999 -9999 -9999 -9999 -9999 -9999 -9999 -9999 -9999 -9999 -9999 -9999 -9999 -9999 -9999 -9999 -9999 -9999 19.6542977154256 20.7019629472582 21.6958507799999 24.7124700226842 28.8624555484485 29.2188698711548 32.6918944507585 39.6328512461846 33.2833155500804 24.7872949599998 21.7246120569426 19.7683918199999 19.5573911516219 20.8995094879816 21 21 21 20.9646480312017 20.2540208153327 20 19.9531732515984 19.845147550128 17.8765087214703 16.9464509 16.9550282545394 17 17 17 17
-9999 -9999 -9999 -9999 -9999 -9999 -9999 -9999 -9999 -9999 -9999 -9999 -9999 -9999 -9999 -9999 -9999 -9999 -9999 -9999 13.5887549800001 14.7426914483741 15.0335424887651 15 15 15.8276811401821 -9999 -9999 -9999 -9999 -9999 21.0611122479362 23.6839401407756 23.9653516399999 23.58875258 25.8155274031444 27.6645238025779 29.9071605224505 36.1683299689677 39.3648215805122 41.2357353345322 25.939333157624 22.3095433969097 19.7394460086839 18.6098586741769 19.0297955459244 20.8057716398989 20.9396760827599 20.926419474379 20.2973513884819 20 19.899638645796 18.8912704229349 16.9764758799259 16 16 16.16017738 17 17 17 17
-9999 -9999 -9999 -9999 -9999 -9999 -9999 -9999 -9999 -9999 -9999 -9999 -9999 -9999 -9999 -9999 -9999 -9999 13.5541018199999 13.1016059925388 13.78516088 15.2574448381723 15.2156751901015 14.8422781707109 14.9753448884766 15.1857797476642 16.2242510462967 -9999 -9999 20.9897149955857 21.6612610816119 23.811785071632 25.9543080920913 23.6809505034939 23.8200215407044 24.9233293404603 27.6786188374547 33.8661774633206 37.2843270831804 36.0859852911299 47.6073674787884 27.7889834346646 21.3661174122944 19.7331895399997 18.1368877277721 18.3744649800001 19.3583172893971 20.1177057804191 20.0533001379561 19.6739311318344 19.6071882000001 18.8041528199998 17.0300104857282 15.85770192 15.8069959641035 16 16.1287175975215 16.8490828416661 17 17 17
-9999 -9999 -9999 -9999 -9999 -9999 -9999 -9999 -9999 -9999 -9999 -9999 -9999 -9999 -9999 -9999 13.3030413800001 14 13.6735286469115 13.7851608800001 14.85658928 15.2678343 15.0718835710319 14.6271232289643 15.1759245000038 16.21373128 17 17.1125250865388 18.6311009420529 20.5977018575669 21.8317124015141 25.2196040314053 24.969845224655 23.3301070992468 25.3645305345875 26.2678343 29.7299311138344 41.0093290166434 39.9664666799997 36.9474681435403 56.3266149468856 29.7115553562632 23.5623622992503 20.8046179399998 18.9647977199999 18.5420047142073 18.8805744586931 18.353400436821 18.2733751953298 17.9809712878493 17.7321657 16.9291303199998 16.0919133143916 14.8007654500943 14.7448472345803 15.4881014209341 15.7750666964482 16.1695738080378 16.8133286474764 17 17
-9999 -9999 -9999 -9999 -9999 -9999 -9999 -9999 -9999 -9999 -9999 -9999 -9999 -9999 11.6081365862183 13.1708234350503 13.8787561432096 14.3392627 14.490539320472 15.0203423676875 15.7282750758468 16 15.7648053956692 16.2091240003248 16.042588128484 16.9458969800001 17.3333848448026 17.2678401011143 20.3353031233642 22.1530337492807 22.7689376102402 23.5126372311988 24.3392627 25.1892000476717 25.9822118999999 26.8781110270539 31.0103235408127 40.1007033182232 38.2054615227141 39.2484453782524 46.7053523628984 30.3787403399995 23.5709543907034 20.9368342564887 19.5633187366591 19.2122206998297 18.4028316279889 17.6607373 17.2717280956922 17 17 16.1969646199998 16 14.10821564 14 14.058639761423 14.7665724695823 15.4000498022584 15.96377148 16.6607373 16.6607373
-9999 -9999 -9999 -9999 -9999 -9999 -9999 -9999 -9999 -9999 -9999 -9999 -9999 -9999 13.9259589959101 15.3155697104694 15 15.3075828117299 16.0841539659678 16.1982296778005 16 16.271131438534 16.8418364332989 16.6701985451316 16.4331132460712 17.7450595512029 17.6075604168508 18.9771821373882 22.3449057042953 22.0951204038719 23.4442634520393 25.2062205191745 24.1786178000001 23.8737540565408 24.3146952341241 27.190975667125 33.5319567600002 38.7233522755329 38.0366063190158 37.9397725411905 40.7857407605176 33.7833650249693 23.7699719799997 20.1790829199999 19.5892732536196 19.4717455854522 17.8806465827148 17 17 17 16.6995355246161 16.116073003551 15.6408655082816 14.0859940398856 14 14 14 14.1364873474455 14.89234308 15.7430973488891 15.8168765429436
-9999 -9999 -9999 -9999 -9999 -9999 -9999 -9999 -9999 -9999 -9999 -9999 -9999 -9999 -9999 15.7683870199998 15.146102158605 16.0505198769013 17 16.4826734199999 16 16.6601833800001 16.6472756944323 16.489162980123 17.3565880800001 19.3739134600001 18.9810737129146 22.0133767758899 22.512152225061 22.8253940570245 24.2997889108914 24.1152665580354 22.7328555505058 23.2494120749995 25.8160754389867 30.0634736879746 33.7100779721528 36.1022821918993 38.2623236450632 34.2782679580376 36.9983894070883 39.5473907580991 24.3592808799998 20.8800546399375 20.3360196555687 19.0705331710746 17.2869610134189 17 17 17 16.26839302 16 14.7039401796182 14.0280213848755 14 14 14 14 14.1569354926555 14.7118073681617 15.0198154926642
-9999 -9999 -9999 -9999 -9999 5.56902101902369 6.58875738000008 7 7.40498349294929 -9999 -9999 -9999 13.5786117037696 15.0491307970511 15.6250626421286 16.0248047773835 16.242389260488 16.7207307196676 17 17.0554035039464 16.7811917172065 17.2137312800002 18.4418647777372 20.0153008852549 20.2276354878501 20.535187699314 21.5690178045688 22.4559572570721 22.8023985893566 24.0574867592929 23.7900660129914 23.3863661518175 23.3061669073622 24.9299632203749 29.4838572542788 33.6068772196046 34.2269193559193 36.8747270432612 35.0396016570795 31.520033575141 38.4504755439963 37.4155798401044 23.8944001608412 20.8717937783381 20.1434155199999 18.5303414633022 17 17 17 17 16.26839302 15.5554814517752 14.181582129045 14 14 14 14 14 14 13.7927170252124 14.1391650956083
-9999 -9999 -9999 -9999 5.79219958534379 6.32331835180312 7.21373368000005 8.03757676609706 8.98156678000003 10.8560377600002 12.1244235800001 14.7329160546844 15.2672803800001 16.3387087800001 17.3500641661253 18.1065418800001 19.0643225804193 19.0318357248675 18.2499525999999 18.4439623281399 18.4041792290069 18.4975370138461 19.9053315933985 20.9773418991047 20.7971246575947 19.80415042 20.1467270037773 21.5747154980711 23.9453406600001 25.4512573866584 24.6097913385713 23.7659667623768 24.2110465843103 26.9959339680832 31.7895353709363 33.4223885813676 34.0395481467155 36.7841370400008 33.2212678953026 28.3685403608062 32.9763700919454 30.8929543945534 22.9945929262391 20.7683918199999 19.69696342 18.2510700399998 17 17 17 16.5874040337323 15.64341672 14.5719883199998 14.0470790577084 14 14 14 14 14 14 13.6255374199999 13.3344393702327
-9999 -9999 -9999 -9999 6.69640470000001 7.57400401311813 8.57155337340836 9.81634696006546 11.1244235800001 12.9988945600003 14.8762660804859 16.6094546920817 16.0173277800002 17.026945959094 17.3522265856204 17.8388035800001 18.488153097347 17.7262241547999 17.5318370765471 18.3035953 18.7136070352204 19.459754808694 19.4090207156652 19.8628362556409 19.3910159708856 19.6751525251756 19.7551864121231 23.2318583409307 24.6821141909753 24.6071906 24.4231881799104 24.1470943068574 25.7304967400004 30.385849901503 33.2521206530561 32.4429864773225 33.4632187600001 36.9683526242705 32.3715929067703 27.249273982433 33.4526367153098 31.3149173981632 25.6039141818149 20.7683918199999 19.9079995185839 18.6866955679423 17 17 17 15.8800699540485 14.57198832 14.0597975328982 14 14 14 14 14 14 14 13.6255374199999 13
-9999 -9999 -9999 6.70954629033373 7.34237722463334 8.80249105999991 10.6719679084667 12.1169583659669 12.7055227961667 14.3739182600003 16.5167750600003 17.7137324799999 16.7851608800002 17.9041329656673 19.4264943226336 19.9472651551327 19.2326248199999 18.16119642 17.4003364144987 17.2321669 17.3688563185661 18.6314278312341 20.1858223431019 20.7221055491661 19.8933645199999 21.4400210904342 20.7839226190639 21.8534025700342 23.4271447998341 23.0543286303657 22.9297005188686 25.2370527277033 27.9564395619316 30.4030092158284 32.1073535959031 33.0927123453035 34.9988849600001 35.6648223798274 30.9181255956686 28.6274560829038 33.4828924697386 33.8193243110608 25.7120493511038 21.7140613468348 21.0703031667304 18.8766050599997 17 17 16.5479381241649 14.9118097399998 14.062311975435 14 14 14 14 14 14 14 14 13.6255374199999 13
-9999 3.17898326875849 5.49405986263179 7 7.44590058000018 8.60048366425168 10.3382532600002 11.8209242800002 13.3887697282563 15.4453466600002 16.8542936336189 16.3581855149844 17.8856743572694 20.5463175704778 20.4616990764494 18.2506025199999 17.17917412 16.736301858535 16.7148403199999 16.5949107815208 17 17.2122337724523 17.5566733601992 18.3169147060273 19.8094703564612 20.3040841234395 20.175279024407 21.0285322989331 21.3214770000001 21.6730119483603 23.6996684089134 27.4906685750405 31.3379034411666 32.9575240927069 33.6124197065803 33.3366915213611 33.3959340886544 32.0052190282002 29.472340493778 28.21484392 30.5459384803591 33.5854329289172 26.7689384351347 22 21.3939268399999 18.8766050599997 17 17 15.9171344608076 14.3944438053186 14 14 14 14 14 14 14 14 14 13.6255374199999 13
2.99587309520253 4.37392066000042 5.96481964059239 6.08931009999997 7.34736498922078 9.42801887999997 10.5520292604836 11.6601857800002 12.1306810711544 13.7847053600002 15.0530911800001 16.8169838553467 20.7367123372939 20.6766825732452 17.1684436182834 16.3688624231899 17.2489120680962 17.8548237334988 17.8708666889544 17.8675822885925 17.3745166861393 17 17.6662714587671 18.7137300800001 19.8632573563268 20 20.03310342858 21.9106899 22.2024424869722 24.6171416918789 27.9106173632156 29.9223592783096 32.8024814600003 33.9568921742482 31.8553158871801 30.8994997213162 31.1786201999999 30.3038630355641 29.1367452580175 28.9155220604708 31.0273094087726 37.1910763053768 30.8630002808484 22 21.6698991927365 19.4462734848099 17 17 15.8224996399997 14.3398214199999 14 14 14 14 14 14 14 14 14 13.6255374199999 13
4.29962784447971 5.97251995348114 6 6.36777598081893 7.44396580080296 9.04328893837821 10.0105279828419 10.6780674800001 11.0178817 13.4126496734976 15.7333049322772 16.9449319689433 19.0357634 19.0294149544643 18.9613722273959 19.4054392261759 20.9338920950448 21.3141285237351 21.9284732000001 20.9123213974111 18.7972545799258 18.630496478854 19.6958483800001 20.7672767800002 20.979873584807 20.9821183 20.9997534872477 22.1743334230645 24.4419188103122 27.4178592418171 29.2851572800001 30.369977906698 31.0338284491384 30.5455715557894 29.4511905289706 30.9748143235402 30.5450643789006 29.2148439199997 29.0022447581091 28.0710196231111 30.0540764816576 32.0121907177928 29.5884168064554 22 21.69696342 19.8699089895668 17.9821183 17.9821183 16.8046179399997 15.3219397199999 14.2635936965343 14 14 14 14 14 14 14 14 13.6255374199999 12.5620823087368
5.16018697999997 5.76838461999981 5.31927077437466 6.78243931051923 8.44590058000018 9.54503023969329 10.6423040800001 11.0535467 12.477599534988 14.6060851600003 15.1404751056742 17.0017890696687 19.0182556254375 20.2263064594566 22.3289465156498 24.0411445892438 23.4101441058622 22.4079648590313 22.5302254439248 20.9949035335437 20.6643224937124 21.7137300800001 22.0927220965001 22.9101335800001 23.1070933999999 23.1070933999999 23.1244187800001 24.2798484879686 26.5255160128624 29.4632211600003 30.7131877573503 29.6790793199998 29.4516899848743 29.9464533 29.3892264777755 29.5894799542366 29.200472487988 28.1864155430941 28.8744661800001 28.1047549533068 27.0727248568264 28.0528793459221 26.1627085972512 21.8343403737319 20.5010202399999 19.4214042881664 19.0785426590507 18 16.7909740107363 15.3216251043696 15 15 15 15 14.0535467 14.0535467 14.0449697298863 14 14 13.6054861845674 12.5244383105386
5.24512331231161 5.70130183055391 5.6931897332904 7.42127187814276 8.57087568000022 10.1596330599999 11.6401524675588 12 12.914481290614 14.8560353600004 17.6547889436552 18.9458993799999 19.2781091368855 20.9859657049424 22.6055288399999 24.9801996860104 24.2347316467697 23.5780761017977 22.6081040399999 21.9525740389321 22.2277658749981 22.7851584800002 23.7651536246334 24.7026801532005 24.7657381017676 24.8682633696652 24.8901850389021 25.8498955925309 27.2354268279276 29.5303051492071 30.8371525731705 30.422381518262 29.5405808593901 29.0603224588721 29 28.4223252039935 28.1249751 28.1249751 28.9994412800001 29.1249751 28.1682842753692 30.2256846503622 25.6444357599999 23.0670845890874 22.3446957937782 20.3760451399998 18.6233561502451 18 16.2337494599995 14.9174941159466 14.9664575554862 15 15 15 15 15 14.8598408040832 14.0960301444839 13.9621282730511 13.2196967367634 12.0692498301854
5.67487080352647 5.2316153800002 6.36256263904538 7.94534786000003 9.64230408000016 11.1294562376765 12.1156340100828 12.715054691369 15.1768600400002 17.2726619132781 18.2919323188796 18.9671504822403 20.7930751932784 20.480104064399 23.7789783035257 26.3578016598353 28.1964035 27.7483865445638 26.283355566391 25.2912022490449 24.3657941561432 24.1864727270524 24.392807 24.5505269019926 23.5429932302478 23.7813715474657 23.8104020305417 24.3913426130304 27.0020753792107 30.1509143714509 29.8755147689252 29.5156637959321 29.5759763045184 29.3878765995866 29 29.2593237102109 29.392807 29.5505264306242 30.1201802432328 30.010626493857 29.3720817260974 28.1948075283091 27.5405823128935 23.6876984828191 22 21.1775238073003 18.9993847604587 17.8983961917818 16.2686111519548 14.4065635362629 14.5879168085036 14.8035965 14.9753442470152 15 15 15 14.9685406019472 14.6174789058122 13.7564827935716 13.1228577386689 12.5541090199998
4.77507128320866 5.23161538000019 6.60608756000026 8.74894436000005 10.6847533791053 11.9144355763615 12.8565892800001 15.5549373963798 18.7310610241039 20.109577459947 21.4388880203415 19.6477239073833 20.0219687122404 21.5990848836743 25.0429025404121 25.8841170975101 28.0098365485841 27.8487445506799 27.2678319 26.8890618808418 26.9667314150722 26.7844666890137 26.5356638 27.1236242028143 25.7531053212715 24.1505526107152 24.1059783600003 26.3138178464706 29.1982384447691 31.0362213199999 30.6304193426377 31.0898688199999 30.0502450958374 29.3971078819546 29.4255186221313 30.6792082337829 30.8759352393935 31.5352058800003 31.0919118584751 30.05410542 30.7068014332939 29.5752965185342 31.4078286051806 23.8935757778096 22 20.7763113929228 18.4056991911628 17.48267822 16.2535637406651 14.5886278234206 14 14 14.6402544843215 14.7321681 14.7321681 14.7321681 14.6148913320224 14 14 13.7258304442802 12.9413647483661
4.16018697999997 5.2316153800002 6.60608756000026 8.74894436000005 11.3377017400005 13.1755091849535 13.9280176800001 15.6596318600003 17.8024886600002 20.4759475733968 25.0756816129846 21.252148907429 20.3797944878416 22.9749005882541 26.3409982859984 27.9611029981573 27.9143138705088 28.615590740385 28.8665053496837 28.5030122292712 28.5390014911413 28.6785206 28.6785206 28.4060809476211 27.4647917199999 27.3392603 28.0524316600003 30.1651778259712 31.7300158711171 31.8469656948539 31.1390304152664 30.558137051358 30.9462832878171 30.8101813069918 30.3890122030834 31.3209206800001 30.9421389932248 30.9366807036918 31 29.7332009410208 30.0058769993917 30.4565434203917 30.2734643202162 22.6898163593706 21.5579314189582 20.0777016829082 17.8487260781332 17.3189246622793 15.8224996399997 14.3398214199999 14 14 14 14 14 14 14 14 14 14 14
4.16018697999997 5.2316153800002 6.60608756000026 8.74894436000005 11.3377017400005 13.7297901462684 14.7576500769924 16.8626332394938 19.2846057600002 20.7678615335505 23.0613425201447 21.1275284268122 21.8804770634427 25.6599931403629 30.6283958230795 33.9694886136595 35.3023548407968 35.4334623542748 34.4334254638763 32.7397196975371 31.3275021279357 30.6898063918123 30.7111533908329 30.6779362751438 30.1274205843109 30.44191270105 32.0596329088431 32.4265421309434 32.4949141312673 32 31.8755453152544 31.9637786800002 32.4061869417763 31.0515684499254 30 31.473567585323 32.06228436446 31.1969622199997 31 29.4966790553972 30.0244373321365 31.3013411333737 28.9629683856141 22.2212138023534 20.5725097209073 18.8403813399998 17.1434179199999 16.5893113 15.6536039860487 14.3398214199999 14 14 14 14 14 14 14 14 14 14 14
4.64230407999998 5.7137324800002 7.08820466000027 9.23106146000006 11.8198188400005 14.7661882075834 15.3965341987015 17.3224562662857 19.9811112600002 21.2922040196924 21.9037145129118 21.9642342 24.9977795200008 29.2042602473483 32.5935472651741 35.8694442817603 37.7879499913058 39.1568063312575 37.9087232876891 36.2665484335175 35.7238513578409 33.9357644467321 33.3073576303006 34.6365508827653 34.5068721441693 34.4801820622073 34.0178207639238 32.9112462199999 32 31.888336578841 31.5070444684491 31.8565844800002 32.2511953003558 31.6963208534215 31.7301989864872 33.2960541617892 32.5367812399999 31.5841204656839 30.6389269025006 30.0280202718153 30.0262942551192 31.1232630861599 26.2591747840486 21.7683918199999 20.2478277228564 17.949488910209 16.5541066199999 16 15.4112498199998 14.3398214199999 14 14 14 14 14 14 14 14 14 14 13.5700566676122
5.24885776193754 6.78516088000019 7.9918845392782 9.54165696988585 11.7841562400005 14.4257111822027 15.4654647331632 17.1686599723174 19.8682100970754 21.7151100535328 23.3585304558598 23.5535455 28.1572186907126 30.9017388319275 30.2676389597147 32.3356771571795 33.4201039477875 34.998100124815 33.9417733219941 33.9275621600002 36.3332712702185 37.2567207542165 37.619162408566 37.5957307481672 36.1950187726494 34.5305060032573 33 33.009504731054 33.1957591249192 33.4290259199999 32.9636754800001 33.8278191469043 34.107091 33.8207285281198 34.14229808 33.4572248680061 31.4296902399999 31.3374269494491 30.1815789588411 30 30.5516903647488 29.9139462199996 23.9659151599998 21.0866406541976 19.1515437951943 17.2792729245865 16.5541066199999 16 15.7371498327631 14.5279280378445 14 14 14 14 14 13.9508734014914 13.4464545 13.4464545 13.2787112933148 12.6856269239226 11.941223430939
5.84523517838012 7.2316153800002 8.11364932694271 8.98353361877616 11.6163779644955 14.1423028799999 16.1704466559326 18.1577204783491 20.8198164400003 22.4280164800001 25.4669589376153 26.4660841245261 29.6704588702454 31.9614948480722 28.8598510349527 27.8355741651974 27.2918203068803 28.8586602188388 29.7079070445575 30.5347575600002 34.8853533359704 38.4053031765727 39.2743735125675 36.7651874336971 36.5622212954803 35.3243408645887 33.0108279103077 33.7137276800001 34.6850463982549 34.7683894199999 34.1136475268174 34.6090584389015 35.5573464492404 36.0559377303388 35.359809291827 32.1942652964467 30.6585437424855 30.9261340267861 30.1255338199999 30 30.3468767096296 28.2175439199996 22.3696210418076 19.9118097399998 17.9583428932452 16.7659691610359 16.2078044446828 16 16 15.0922372218389 14.1677386324422 14 14 14 13.3750261 13.28627712 12.2749194181296 11.7500522 11.6364064733079 11.2345928590266 11
