catData/variables/futureClimate2070/rcp45/GFDL_CM3_2070_rcp45/bio11.asc
NCOLS 409 
NROWS 350 
XLLCORNER 60.897278365 
YLLCORNER 5.843756025 
CELLSIZE 0.0892857 
NODATA_value -9999 
[rows 52 to 77 of 350, columns 59 to 117 of 409]
-9999 -9999 -9999 -9999 -9999 -9999 -9999 -9999 -9999 -9999 -9999 -9999 -9999 -9999 -9999 -9999 -9999 -9999 -9999 -9999 -9999 -9999 -9999 -9999 -9999 -9999 -9999 -9999 -9999 -9999 -9999 -9999 -9999 -9999 3.75262337347572 2.79265589838793 4.90976012917205 6.20490018090315 6.97637018010548 7.38537590145673 8.07921896873338 9.9248652500655 11.457839665296 12.7367412820001 14.0745579912012 14.5331586501509 15.3310564924359 16.3138207063605 16.6042155615029 16.469799206 16.2734838613636 16.0889647618607 15.6832894822915 15.3015318324306 15.1719306612843 15.1033825454976 15.5220322662861 16.092435312068 16.383982262
-9999 -9999 -9999 -9999 -9999 -9999 -9999 -9999 -9999 -9999 -9999 -9999 -9999 -9999 -9999 -9999 -9999 -9999 -9999 -9999 -9999 -9999 -9999 -9999 -9999 -9999 -9999 -9999 -9999 -9999 -9999 -9999 -9999 -9999 5.39355543857795 5.86461101475841 7.81033228228941 8.90955611635144 9.26787473133173 8.98222127812761 9.06664010459957 11.6010401444544 12.3337578217349 12.8546112220001 14.288534415248 15.2659070661941 15.963843822477 16.5369113978454 16.7 16.652883434173 16.491172094 15.567214285468 15.4592324449223 15.5369684580916 15.3440715544745 15.1117870780081 16.171306215112 16.463460168021 16.383982262
-9999 -9999 -9999 -9999 -9999 -9999 -9999 -9999 -9999 -9999 -9999 -9999 -9999 -9999 -9999 -9999 -9999 -9999 -9999 -9999 -9999 -9999 -9999 -9999 -9999 -9999 -9999 -9999 -9999 -9999 -9999 -9999 -9999 -9999 7.39543695983675 7.27277457788653 8.12785423549223 9.61910123086892 10.6966295218679 11.2655338405203 10.9064676933785 11.3276478237645 12.3185402562178 13.8924069859762 15.2289060252669 16.0408267294612 16.519146692431 16.6709545949698 16.7342372766379 16.77678355 16.7042398428835 16.3423171941017 16.222620989579 15.7011893154799 15.7773212496237 16.0098090039811 16.5754536143795 16.491125102 16.3962812498661
-9999 -9999 -9999 -9999 -9999 -9999 -9999 -9999 -9999 -9999 -9999 -9999 -9999 -9999 -9999 -9999 -9999 -9999 -9999 -9999 -9999 -9999 -9999 -9999 -9999 -9999 -9999 -9999 -9999 -9999 -9999 -9999 -9999 -9999 9.00504963965819 9.16369132909688 9.58716983357415 10.4165259604175 11.8035757249213 12.7147547801821 12.7549289299869 12.6972104182599 13.8187919409475 15.2691769493455 16.1297637232544 16.4931955346744 16.714230048 16.78392639 16.828515728 16.8405094405362 16.741124982 16.6893885469747 16.5990061267302 16.5190795428568 16.5633398390354 16.5528414120168 16.598267942 16.4985734835076 16.4704832807369
-9999 -9999 -9999 -9999 -9999 -9999 -9999 -9999 -9999 -9999 -9999 -9999 -9999 -9999 -9999 -9999 -9999 -9999 -9999 -9999 -9999 -9999 -9999 -9999 -9999 -9999 -9999 -9999 -9999 -9999 -9999 -9999 -9999 -9999 10.2355302640001 10.9292371985969 11.2868229370311 11.1138578844168 12.5102911095896 13.0073830520014 13.6370956933892 13.2117024936293 13.3107847562497 15.1228892236761 16.1096778216785 16.6162984873857 16.730303658 16.8 16.8039821712213 16.757198592 16.7572898031099 16.79106923 16.717908532 16.6982409542806 16.7 16.605410782 16.598267942 16.5 16.49856949266
-9999 -9999 -9999 -9999 -9999 -9999 -9999 -9999 -9999 -9999 -9999 -9999 -9999 -9999 -9999 -9999 -9999 -9999 -9999 -9999 -9999 -9999 -9999 -9999 -9999 -9999 -9999 -9999 -9999 -9999 -9999 -9999 -9999 -9999 -9999 11.3534841465269 12.0594229315961 12.3131343146204 12.3047061671757 12.391735667324 13.1103005240001 10.6923272732247 11.7767148969684 14.6436043595291 15.2555714578936 16.5476954667868 16.730303658 16.8 16.8 16.7990750648699 16.7414423402186 16.7666254349115 16.726839302 16.7 16.7 16.6983088109946 16.5999690320154 16.59821207 16.582480717943
-9999 -9999 -9999 -9999 -9999 -9999 -9999 -9999 -9999 -9999 -9999 -9999 -9999 -9999 -9999 -9999 -9999 -9999 -9999 -9999 -9999 -9999 -9999 -9999 -9999 -9999 -9999 -9999 -9999 -9999 -9999 -9999 -9999 -9999 10.511115304516 10.9208928926182 11.590707166 11.482471772 10.8291370321608 12.0452239984229 11.5079446418531 9.22347895559849 11.8936132049736 14.7407726666092 15.6343097303058 16.4653677849592 16.730303658 16.8020052262661 16.80535491 16.8025846984271 16.8031527042264 16.8018197131202 16.7307569915333 16.70535491 16.70535491 16.7002897425064 16.6052621598529 16.6 16.5848399974539
-9999 -9999 -9999 -9999 -9999 -9999 -9999 -9999 -9999 -9999 -9999 -9999 -9999 -9999 -9999 -9999 -9999 -9999 -9999 -9999 -9999 -9999 3.92872236055131 4.16480259046348 4.445403110494 4.70321437222882 4.93581360569573 5.32902595801823 -9999 -9999 -9999 -9999 -9999 8.55172900633364 8.20916583350377 9.4489320423766 11.2099083908866 11.1573998767423 11.56364145184 11.8352648565301 9.60918803032058 9.22836042785917 9.0250101430938 14.1062230241534 15.4731639589271 16.3542305965264 16.7340909334177 16.8452642782962 16.9 16.854733180276 16.8640147154379 16.8422328888482 16.81249775 16.81249775 16.8015689202935 16.7172323059926 16.6984844102787 16.61249775 16.61249775
-9999 -9999 -9999 -9999 -9999 -9999 -9999 -9999 -9999 -9999 -9999 -9999 -9999 -9999 -9999 -9999 -9999 -9999 -9999 -9999 4.16986717932976 4.34113622576165 4.52403104082735 4.33294321545689 4.59226510696956 5.12323203707113 5.46300903515235 5.74481609446717 6.26792474068525 -9999 -9999 6.82472821109006 7.17282993831253 7.26790190757888 7.39275705876824 9.90224504013664 11.0625875257183 11.4523273915859 11.4222977713999 9.81276926258682 9.02305107562542 9.96424146303206 7.11846773198141 13.2308491229332 15.4328798327706 15.9961814366082 16.7135891804456 16.8877141231415 16.9087576090603 16.91964059 16.9080771891022 16.9129662968166 16.91964059 16.9038685013459 16.8297286065728 16.8010627095084 16.7 16.7 16.7
-9999 -9999 -9999 -9999 -9999 -9999 -9999 -9999 -9999 -9999 -9999 -9999 -9999 -9999 -9999 -9999 -9999 -9999 4.443392533235 4.53681301513974 4.55356685999999 4.73278593151489 4.958875498 5.05304592603619 5.28023875110321 5.61025842065538 5.89495282199928 5.99603876244896 6.58935341869271 7.09651202792319 7.10304175989447 7.45159167648673 7.50887985924297 6.7277869697356 8.1640869200835 10.0628691863767 10.2998339216788 11.0812126101304 10.6292562347668 7.54198287951099 8.04434902143889 9.39160510439629 4.62783957004539 12.3171192754947 14.788974148 15.5182711985237 16.4278792771394 16.837446498 16.944589338 17 16.9568937312335 16.9751194412151 17 16.919696462 16.9 16.8307450189906 16.72678343 16.72678343 16.72678343
-9999 -9999 -9999 -9999 -9999 -9999 -9999 -9999 -9999 -9999 -9999 -9999 -9999 -9999 -9999 -9999 4.66589933606725 4.48858461550499 4.43221197199997 4.46348490231559 4.69265810818878 4.78356304984372 4.857096688 5.11867376359943 5.42811153356694 5.63479233393508 6.10664234345486 6.23381286267135 6.63909297711846 7.11522825733157 6.82885370398155 6.45800123428783 7.03901756067198 7.75357230688025 8.77338648512082 9.47413967312316 10.1037978230232 10.9954620713549 10.0898157297562 7.68289347144418 8.62858996291433 8.64138222052428 6.68779088932385 11.7174307254387 14.426934872789 15.3023685703512 16.2200236603341 16.837446498 16.944589338 17.0175507983852 17.03392627 17.03392627 17.0091055740626 16.9469404571214 16.93392627 16.9018356765104 16.83392627 16.83392627 16.8284920489582
-9999 -9999 -9999 -9999 -9999 -9999 -9999 -9999 -9999 -9999 -9999 -9999 -9999 -9999 -9999 -9999 3.90700909495431 3.88447632153054 4.10534883176976 4.22744174565401 4.67835927200006 4.82978659487976 4.77479265192666 5.04621157200005 5.53487622134025 6.00412893046054 6.4482162518751 6.37840221903772 6.63347265294484 6.81742124802981 5.98322819499329 6.83774502090258 7.09664276479607 7.46408390030969 9.04428400348804 10.2875650513837 10.957815131292 10.7820782022748 9.14102355841695 7.80878738441924 8.5233378895084 8.74644841742517 8.30667715973129 10.5324581603214 14.0721148400185 15.4126602658214 16.271056496 16.8117563314548 16.9629017822715 17.0715553429118 17.1241794459049 17.1139561632783 17.0568857495384 17.04106911 17.0051556608282 16.9442577319886 16.9403577691947 16.9 16.8905606044387
-9999 -9999 -9999 -9999 -9999 -9999 -9999 -9999 -9999 -9999 -9999 -9999 -9999 -9999 -9999 -9999 -9999 4.16058733447783 4.44463585 4.53758372430987 4.8497094512408 5.12130983120864 5.24751240463205 5.45428276767786 5.87420952632972 6.32338347597544 6.44573593545554 6.06666401361962 6.65653251235421 6.13379500966243 6.47264012672261 7.18883360229756 7.3666047614917 8.52602431098238 10.0204814827472 10.8105184140002 10.6998710464053 9.73059265400634 8.90645942235416 8.39120688113277 8.25873812324055 9.74830630996234 9.35662055381036 8.67160070838031 13.6598637480001 15.1785246160188 16.0295057937726 16.7627884197851 17.0158932366581 17.1249410917913 17.1787021737594 17.16581063869 17.1129397508606 17.1 17.0547132260382 17.04821195 17.046479892 16.94821195 16.94821195
-9999 -9999 -9999 -9999 -9999 -9999 -9999 5.62356090602511 5.16195360626168 4.9349457779356 5.10615366352542 -9999 -9999 -9999 4.54014636637693 4.38368136435919 4.33778317170289 4.2939469576075 4.31819563585364 4.54627656399999 4.84302248388475 5.08204615600001 5.355207334 5.5080548656386 5.37822563600912 5.21892825284717 5.570787205645 5.95945283089535 6.20476390880203 6.51855380261041 6.97693613638616 7.20308589726528 8.17228495100298 9.44371983363663 10.2675374680001 10.4346568445043 9.60016961657208 8.70532782011865 8.72576563004035 8.15143485036962 9.1416666566322 10.6127970721056 8.65665344288105 9.1407999059708 13.6205091560842 15.1368538658339 15.8215969230072 16.6459069129908 17.044589338 17.151732178 17.2 17.2 17.1673372527404 17.15535479 17.15535479 17.1029951270135 17.0992267190686 17.05535479 17.0464882047673
-9999 -9999 -9999 -9999 -9999 -9999 4.80791518746575 5.40780768527872 5.36743147089499 4.93169455417086 4.70857065535123 4.48429918403908 4.4047265957538 4.29359855440544 4.57646567771777 3.91452596799999 3.53601039106277 3.45672736334555 3.35797943162265 3.61503222659274 4.46705669547136 4.74830411118604 5.01483544309932 5.2362867998462 5.31827295530079 5.45545320040292 5.99027854848108 6.76006097452583 7.26397621454492 7.3278029163858 7.03793054414527 6.9499112480026 8.25646624661917 9.7495644240001 10.350323411138 10.0740760483833 8.99349690399997 8.68154038172648 8.66525130865691 8.14317259199984 9.70835509140925 11.5343515167178 10.2088212704164 10.967614233634 13.7897225196326 15.0381883816932 15.8556841679467 16.5387223122321 17.0099589874827 17.151732178 17.2367954909121 17.26249763 17.26249763 17.26249763 17.2078457162292 17.1645268014855 17.16249763 17.1569510290851 17.0939929686296
-9999 -9999 -9999 -9999 -9999 -9999 4.57193681231976 4.37141803756998 4.15697663195499 3.97214841401949 3.72691293399997 3.79224856750608 4.00413383014571 4.1621052847918 4.32200481645945 3.8312429442718 3.77354018294155 4.50589342306782 4.96097077745919 5.42643524972008 5.80284352689917 5.55569755930125 5.4787902983898 5.47797139139185 6.05631506308374 6.49087156330779 7.10723344582295 7.38850220418855 7.88221091954468 6.8933619525813 7.19839150681325 7.98018333224105 9.23368274806283 10.2566667722857 10.3219141981684 9.36543043266183 8.79754944531334 9.08634221253552 8.78564011168154 8.09261293357287 9.81270098064601 11.9619123266351 9.92545396293805 10.6382846103674 12.8770817029467 14.9206021374448 15.603260068 16.3243508596173 16.9505904305531 17.1877587099004 17.2875146487522 17.3 17.3509494539425 17.3137167087102 17.2734516906372 17.26964047 17.2 17.191125102 17.1
-9999 -9999 -9999 -9999 -9999 4.91445272559954 4.5959110590733 3.9066923531134 3.11211745176666 2.94932812161332 3.23264099268338 3.74911026609009 3.57874970325319 3.58322144535328 4.13724359308984 3.55950287901642 2.97889133057629 3.16570763400007 4.14135462201038 5.42617314162694 6.54800327785102 7.10533856065358 7.20951600057358 6.95899418438306 6.64434995044912 6.4907510136664 7.41750103631712 7.33567931686978 8.28666925644479 8.41902823996591 8.31426878404986 9.29235868310991 10.2170876483395 10.2783783847657 9.91326795132399 9.4721603566012 9.10467949736561 8.7679287955655 8.37770059311721 8.47065909964149 10.4583942862167 11.735764787602 9.78233929630883 9.94533039195833 12.826097815855 14.4728878726835 15.190978004654 16.1602351720001 16.925459043247 17.2405259873965 17.3452061875835 17.37678331 17.3937688024565 17.3813561765235 17.3096390864965 17.3 17.2754533785365 17.1979395424435 17.17678331
-9999 -9999 -9999 10.1491868401301 7.03812772647348 5.51445917069899 5.47906269215117 4.77116736787413 4.46474330768732 4.5230056051998 4.74405155576154 5.0903074319236 5.08861167319056 5.47545146625382 4.23418757018448 2.3657634231417 3.26017410446172 6.00065154110433 7.05505070780135 7.76846540887893 8.36936012876361 8.79219976139168 8.83384159799996 8.82190765688687 8.8468406619203 8.77279408460261 8.77182355898482 9.04689544879614 9.57809106579655 9.77054856442676 9.96078597833792 10.195928421492 10.3428023664347 9.95466677849591 9.31460613553339 9.00849518145862 8.76922906334198 8.82771349150091 9.00283965826912 9.77775973589992 11.0754214682814 11.7542643927842 10.8049060968385 9.97594452332487 12.4200029812164 14.1711126080001 14.9860496669372 16.1055910779189 16.8764426546939 17.2951490033066 17.3933896320808 17.4554062465319 17.4225251928555 17.4 17.3859440003698 17.3045410610175 17.2997215915952 17.28392615 17.28392615
-9999 -9999 10.7799685016823 8.5317509327244 6.61041986081548 7.66827503070588 7.56677536422714 7.31228551541276 7.43220862780672 7.4486674592122 7.23867610823095 7.3623672673125 7.08496902426837 5.87549158761382 3.02320756274141 3.27273592007942 7.12466068805987 8.3984809867242 8.59245143954713 8.38882676669976 8.54969873841829 9.01377824598532 9.49293443215825 9.70653617363142 9.81717814012332 9.83924198012204 9.90150012510204 9.94448116154942 10.074939508 10.1836676697935 10.2633243199542 10.0566529116243 9.84817317167844 9.74076433250724 9.32256511134021 8.94364735457517 9.47034081066648 9.77830616160516 10.0081276506223 10.5480684822179 11.0598004853877 11.6769509740471 10.7828761673682 8.96116415184926 11.2023106933115 14.3421952110284 15.0436702190845 15.939908909114 16.9684598884715 17.303464356 17.4536168842549 17.4368432549995 17.4023970207455 17.4 17.4 17.3915522274815 17.3 17.3 17.3
-9999 11.5294345042997 9.18290710128046 6.45096641373407 7.42100279040813 9.13889186665517 9.56701559395991 9.56324955351355 9.39245543227358 9.20658599318758 8.95321327652826 7.92963002710375 6.40370609049514 5.91550616816235 5.25881669800008 5.39005921953572 5.76351200860413 5.78850496782428 5.53006679844184 5.88368637338545 5.71879198275442 6.9683676195534 8.6983742860816 9.5028466537708 9.74859044976337 9.95952426128268 9.9997755284807 10.0928982733973 10.0983294234495 9.99501837569355 9.82792088890638 9.43402161163664 9.6541745739357 10.0686386906605 10.2282791958016 10.2758287264211 10.4021912433088 10.164510207469 10.360920108055 11.132757809799 11.5531745281891 12.6230860864445 11.6628401061015 10.5404010695518 11.815433628709 14.6867330563977 15.1794918970788 15.9367901772165 16.8150978765041 17.303464356 17.458875018 17.4988194884686 17.49821183 17.49821183 17.4123291418975 17.4 17.3965107441415 17.3 17.3
-9999 11.0467209956217 7.40830278474017 6.61517928658595 9.25269552506303 9.91405883505191 9.86134398108256 9.69376407803068 9.41486551452001 9.08062969502818 8.31085633549871 7.23182545013019 6.97526581125276 6.48479233193386 5.29127764382486 4.11368743848915 3.24137194200001 3.00301615524401 4.25245370575887 5.2263770686781 5.96778523078516 7.1875222486457 7.83476551325751 7.98036688972123 8.43400624939999 8.73269863535747 8.95213067734257 9.0833009503638 9.10519761400005 9.42805187560949 9.691747078424 9.63373921400001 10.0601565886497 10.623049554 10.6442891517814 10.5381774257331 10.6783929748898 10.6034185030172 11.1909703648048 11.8827960041435 11.9852803743599 12.6106075226852 12.8536425606346 12.0890823672792 12.8445597804124 14.7166763312537 15.5769539653485 15.9170635395778 16.382628452095 17.255196534 17.4620275809264 17.50535467 17.5014371560524 17.5 17.4172360869688 17.4002897295205 17.4 17.4 17.3848399590114
-9999 10.4682191784108 7.64908308207281 8.51517036897409 10.130304378 10.1578728121857 9.94258702208482 9.56851683139496 9.21088346795295 8.71614305716214 7.77509412893852 7.47992793465204 6.58958787072069 5.71760827527626 5.36694459259544 4.1866493850347 3.94186784165768 3.3923817206632 3.85914479787651 5.18856935946065 6.32245878874481 7.37768788864093 8.08702771075071 8.28748933914709 8.45209157707338 8.41208557007975 8.70446404253038 8.99827514310049 9.21875782454911 9.62821740800011 10.2750813956219 10.8665686984604 11.0117198067318 10.9217333650427 11.084786780122 11.1512993997744 11.0255925985121 11.217836144802 11.7316663744574 11.8725434426859 11.7328976934876 11.7243188369725 12.2449673057366 11.4030693443733 13.2332976671836 14.7641207637282 15.4447081366889 15.7561199853288 16.4364244520491 17.2556294922375 17.522889634738 17.6 17.5359825675486 17.5024615673081 17.5 17.4172320789785 17.4 17.4 17.4
-9999 9.67866220499399 8.31903162506797 9.80463280922856 10.0755505216181 10.1103960346391 9.70273843617429 8.97752495139411 8.76612254595033 8.35994517139434 7.19884297543978 6.85284862002497 6.61870797078429 5.76309572997561 5.10221070404946 5.61005660472146 4.14103756615809 3.10381344601637 2.54983346400003 3.26779591663086 4.84959621704155 6.4323758865226 7.68522307025717 8.55763450070533 9.11790994627001 9.6253829827971 9.87578668390082 9.97251274100456 10.1889220713647 10.928327357394 11.4490068498421 11.5599688545647 11.7237552400607 11.5820196788475 11.4341664078272 11.294549448124 11.1820934554692 11.1854295119157 11.4495365591406 11.5582949557503 11.7014886335151 11.8717611598429 11.8897363997318 12.3117227950145 12.4755512774375 14.0477468474363 15.139069865482 15.69095466127 16.5069397759083 17.2776208283564 17.558875018 17.6 17.6 17.519696462 17.5 17.5 17.4193001677466 17.4 17.4
-9999 10.8266317590527 10.678983176 9.98562327891783 10.0008555768956 9.9599450920801 9.13375548808934 8.60259914000231 8.43494212168265 6.89549539434456 5.17215863282058 4.68275307205662 4.23494727420201 6.31680651535499 7.28197378403226 6.73041600804089 4.30299130057692 4.37960303569488 4.14792411055753 4.39979648365504 5.29521206389303 6.46930641067362 7.58431845147841 8.37061947070421 8.96239076214016 9.70654894856293 10.2439585537457 10.5516880993212 10.8253120729444 11.1771809132941 11.4725588322384 11.5439220417016 11.9039241252087 11.494663319038 11.8753745106447 11.9069259198045 11.6752777425081 11.3139192824869 11.3371635561819 11.1232055991221 11.2394058950674 11.7711122532806 11.4403944526825 12.0144096707329 10.5901752579278 14.0745145466572 15.2226762234018 15.9754597628308 16.8251218268838 17.3949073864751 17.585658208 17.62678319 17.6071884212493 17.5412043111592 17.5033622604321 17.5 17.498731842385 17.42678319 17.42678319
-9999 11.6667763954869 10.9474744223127 10.5027325140179 10.3371193593988 9.38677347511004 8.19171476171956 8.15768300754183 8.24188453375619 7.84745423542208 6.55293720076164 4.58769028322581 1.78692925849156 5.94580481902811 8.19227769835254 9.10584159679194 7.50736505733376 8.43579641093488 8.87534779599991 7.7460353208941 6.75912642574697 7.10759073795949 7.97639493485875 8.99290096093242 9.70493540635963 10.2956185327622 10.8474564176749 10.8481693713204 11.0473807606384 11.4429294964174 11.7949351403324 11.918425205263 12.54063146342 12.3485173970247 12.1446693724366 11.930778434252 11.6943668512249 11.3739581748012 11.3615845758393 11.0748784914461 10.82310546357 11.7778888235917 11.7999833669124 11.4114924616867 11.1796946059352 14.7227687540001 15.4581580156875 16.1222073777093 17.0799774260001 17.5537657417721 17.6728270917308 17.7 17.626839302 17.6 17.5422207064342 17.5018356635246 17.5 17.5 17.5
-9999 10.9378948497502 10.7899507865146 10.7948215237936 10.2542026287896 8.87408883423224 8.05946604209419 7.82726575620931 7.82334356051149 7.44925506435449 5.90031597929702 5.58221180641716 4.44411066684461 6.97931657318768 9.1675160693118 10.496298708127 11.8574800872319 11.8382601835615 11.5943234475179 11.2323160717099 10.3768709917973 8.8350510571995 7.84983069343884 8.74522658363773 10.1677957658335 11.0940554565433 11.992177155569 12.3719284407351 12.3562436502211 12.6598216192831 13.153979693493 13.0495407956013 12.872931364271 12.6270771419999 12.1785078267105 12.1697010065037 12.2537831718087 11.7119375452472 10.84900264259 10.6400162349595 11.0720289243898 12.1304773347617 12.4935723838634 10.8797117502007 12.13225417607 15.2864480564708 16.0746642756371 16.6194328812506 17.3259080297146 17.651732178 17.7 17.7 17.6568855739527 17.6080891143734 17.6 17.5442575049744 17.54106887 17.5374240496777 17.5065783039962
