catData/variables/futureClimate2070/rcp45/GFDL_CM3_2070_rcp45/bio10.asc
NCOLS 409 
NROWS 350 
XLLCORNER 60.897278365 
YLLCORNER 5.843756025 
CELLSIZE 0.0892857 
NODATA_value -9999 
[rows 130 to 155 of 350, columns 116 to 173 of 409]
37.408874898 37.516017738 37.623160578 37.730303418 37.8 37.8 37.8415721009416 37.821485832 37.7273084494677 37.553679084 37.2103289637541 36.6832975043271 36.4843884788594 37.2200107340356 37.2356930293916 37.164343112 37.0758120608948 37.0363694013098 36.9730064404855 36.916132362 36.808989522 36.76072122 36.694703842 36.5731927814621 36.4765498027425 36.373275322 36.2289791796962 35.7621765894956 34.3856849160511 34.064069032 34.4694802940001 34.8152604398247 35.16260628838 35.344588618 35.503462916 35.717748596 35.866017138 35.9875281514033 36.180245026 36.3773569121873 36.5706003919826 36.762792582222 36.88036061 36.8835062546314 36.946319716 37.1427516008778 37.1735448292454 37.2382707812505 37.5208090836548 37.6847431701406 37.9310382318718 38.01963939 38.0038684535265 37.912554582 37.8239882988828 37.798268902 37.6839949112921 37.5164937925031
37.408874898 37.516017738 37.623160578 37.7221874868934 37.783246712944 37.8 37.8 37.741125222 37.6823190097067 37.5464908561306 37.3609004179679 37.1753099798053 37.2228204003574 37.26709467704 36.9261511366827 36.9725637388454 36.8615370769758 36.8383196731707 36.7922361706666 36.7137885725039 36.6076311696587 36.5306676258214 36.453635932 36.3125207497065 36.2302038706188 36.1087874504721 35.6317740524433 34.1975716636336 33.78256448104 34.1401259431227 34.5168419632855 34.8095752414481 35.1023085196108 35.3297482142266 35.4896080779361 35.690966366 35.8569157697386 36.046319956 36.2390987505868 36.360663428 36.4931391770879 36.6029989850748 36.7755944727626 36.8074375888002 36.8865525295628 36.989350612 36.9423802726714 37.2892866662032 37.7905349797866 37.958874058 38.0483361005388 38.07321777 38.0144220131359 37.912554582 37.8746671551895 37.798268902 37.691126062 37.583983222
37.408874898 37.516017738 37.623160578 37.7 37.7247425887611 37.76607493 37.7485248338211 37.6932483916488 37.600057312 37.5177342085888 37.3924537519412 37.3082949555288 37.2679106230012 37.159765921875 36.7957537421225 36.6964561265913 36.546320676 36.6285753246051 36.4897068956374 36.5170230587113 36.394761394 36.2593234802286 36.1885289236986 36.1164356196627 35.9648615426386 35.668259817674 34.4919514965283 33.3419826280973 33.9385083245187 34.381976844 34.680245266 34.8842506530714 35.074891556 35.289177236 35.4692813913385 35.6317005191915 35.832034276 36.0215003822515 36.146377748 36.2831865886885 36.489176996 36.6011439803716 36.6659173947047 36.6537164865684 36.5899566558464 36.5425020235083 36.6709738450216 37.1560046604484 37.5867429378367 37.8631199087767 37.9769424177167 38.0248194923283 38.0066823642017 37.912554582 37.805411742 37.798268902 37.6881155723217 37.5554918551482
37.408874898 37.516017738 37.623160578 37.7 37.7 37.6816881893635 37.6284453777391 37.5758213591583 37.492914472 37.428886618953 37.2902364701496 37.2230197887477 37.084429485645 37.016132362 36.9037595005602 36.7240356993258 36.568365652469 36.4700815543954 36.1413769899417 36.273275322 36.1356459111761 36.0347535477212 35.9907522226186 35.8004304615159 35.4245737888931 34.2286916489023 33.2537640122556 33.0096259875786 33.9069487179973 34.448051774 34.746320196 34.930302938 35.074891556 35.2708656224896 35.462395006 35.617806388 35.7638545071816 35.921069431921 36.1051922860474 36.2800471218737 36.450331476771 36.4364393843316 36.4663367928685 36.3260428173154 36.1031355052791 35.9606177294844 36.1368901323103 36.5037357051575 36.97118072 37.4133251491528 37.7398498565109 37.9389332733581 37.9624508729214 37.8355746664366 37.762121342666 37.757200992 37.6411842139999 37.45893209
37.408874898 37.516017738 37.6119946896419 37.65178925 37.65178925 37.628696890564 37.5750596447007 37.492914472 37.3539440432301 37.2656892475052 37.1327711297594 37.016132362 36.7687984882889 36.753635932 36.646493092 36.547072407917 36.4924127273477 36.2859892729382 35.9739935475083 36.0159963962835 35.8803655415935 35.8248770683288 35.6102512297434 34.8680017684068 33.6413496771872 32.1849329866705 32.4279226760267 33.1953112108157 33.9893219110482 34.4885404837888 34.746320196 34.9449122116818 35.1050494155829 35.244588618 35.3785227921123 35.510663548 35.6496337453584 35.846319956 36.1021938631711 36.1970767004358 36.1157597008019 36.153520588 36.2389543266896 36.0656815325272 35.8585475157222 35.9096209220719 36.023101826 36.237387506 36.5071068072723 36.8057131072483 37.1748030920001 37.4923258343879 37.7553922533694 37.7130038477168 37.7 37.650058152 37.5383195660643 37.3922781912004
37.408874898 37.5071513449802 37.5574666213877 37.5832259702443 37.54464641 37.54464641 37.492914472 37.385771632 37.212611174 37.0636525300731 36.9177833923314 36.7534421053006 36.450172296 36.3778124454352 36.325064572 36.2250729698288 36.1682453805391 36.043029696 35.7095729383497 35.516140317858 35.53393923 35.4687608892421 34.9469732050123 33.60441442 32.2811719588276 32.0350381152537 32.6418844437813 33.7078848025867 34.1810266440908 34.476680926 34.690966606 34.905252286 35.082092188 35.2139164287944 35.351731458 35.4914633355303 35.6508450101018 35.846319956 35.8828036654633 35.7817770179957 35.6411873541102 35.9919825157381 36.1425847565299 36.130280354474 36.2230876660001 36.3632388832099 36.407012616 36.6459795639458 36.7533010890588 36.6173438945916 36.6260003867518 36.9683507568352 37.3108952324289 37.5614951726141 37.6416508165214 37.5438735368894 37.491126062 37.383983222
37.408874898 37.5 37.5086860435826 37.526138706418 37.4765974255814 37.43750357 37.385771632 37.2418341575795 37.042971904 36.7372408751567 36.569710982 36.375122004 35.8297884083061 35.8896824988482 35.9980897075753 35.8440071464253 35.81251071 35.6458475582938 35.1314585797086 35.046277284 35.21251071 35.021172665142 34.0045519169925 32.7726972410115 32.3268887994466 32.571682214863 33.0617854091359 33.5222507744328 34.1038483648666 34.432034516 34.646320196 34.860605876 35.0608480524357 35.2238073715637 35.351731458 35.517748596 35.666017138 35.8005975815612 35.5263387506817 35.43907420732 35.4966180044406 35.6523949315588 35.805266206 36.0135449324424 36.1818599115569 36.28751785 36.362408926 36.5934168395551 36.7185494773365 36.6609854002306 36.6002341664467 36.7246768577632 36.935612296 37.2701385475516 37.4662132524492 37.43750357 37.428629632 37.321486792
37.4723337538196 37.5 37.483871142553 37.43036073 37.4189917727135 37.3378969553064 37.208989522 37.042971904 36.7827120367534 36.398440358 36.210778892 35.9552930618536 35.1275779264407 35.426112581413 35.673332874 35.49108219 35.4588248093745 35.160784315946 34.8030136854756 35.010942403575 34.7037186546962 34.0574700795209 33.3137649332356 32.4960272277456 32.1566132044845 32.4103298269879 32.8960295086454 33.4800287380001 34.0989568620881 34.4431888175452 34.6998309428215 34.860605876 35.074891556 35.244588618 35.351731458 35.517748596 35.6200432850219 35.703520708 35.4966135287338 35.2222416086105 35.285670688 35.5053484114334 35.8204862532223 35.9490043071781 36.0070315019558 36.03036073 36.105251806 36.3816395278881 36.6573957305773 36.5931552769471 36.6749769333754 36.8715350849542 36.9576787077792 36.9274937702817 37.1764900083769 37.33036073 37.321486792 37.2031899847233
37.42321789 37.42321789 37.400057312 37.32321789 37.2944658629915 37.1914940342743 37.0317650784597 36.828686224 36.5990726460721 36.3429243446761 36.134820245396 35.837661586 35.1665814374076 35.0020561932054 35.5190968733354 35.4644835370664 34.9802364038094 33.8245701723781 34.6631969556569 34.9927354820161 34.3032642605265 33.8232937651749 33.4770415499999 32.457963159634 32.1521601353077 32.3487591084072 32.9949802577175 33.2059201122495 33.9866869647813 34.4357533853435 34.6641607999225 34.860605876 35.0461398975457 35.167806508 35.2352288430138 35.364184376 35.3957464284819 35.4989874227839 35.5708047381496 35.2941420993157 35.0576445396732 35.1971381963047 35.4413677368864 35.5117180475178 35.8407841805816 36.146583262734 36.3532680418228 36.3690485598977 36.396333996 36.34778481595 36.3077467030362 36.7103211780275 36.84643578 36.8058298180774 36.9385110533907 37.0723120171411 37.214343952 37.091184334
37.31607505 37.3026321713924 37.2284270255062 37.1906429215952 37.1261305953034 37.071485952 36.912611174 36.698325494 36.484039814 36.269754134 36.055468454 35.8271257635934 35.470617389476 35.4066734710471 35.58392495 35.191512490743 32.795711596863 32.6727121606227 35.0570013469321 34.9022133564357 34.2402280247226 34.026724438 33.5161428040886 33.0792630588931 32.7665060016251 32.2913300866115 33.2118054702885 33.6072297422051 33.8678949908694 34.432034516 34.6268830953336 34.751249200435 34.9010222284636 35.0232426926378 35.0755657002608 35.233823646 35.3054627620579 35.323521006087 35.4798470178551 35.473904250261 35.2634677556523 35.2684065268983 35.3 35.337183523304 35.5276050357671 35.603433444 35.849970888 36.0032848596539 36.219537486 36.099506886521 36.1144390959142 36.5161598809268 36.6995439984352 36.7894635733338 36.7358219615353 36.751687346 36.9616935560886 37.0814085169281
37.20893221 37.192914472 37.10893221 37.078628792 36.9748307304017 36.873275322 36.7615116766608 36.591182654 36.4370177597232 36.253679084 36.039393404 35.825107724 35.7746533415446 35.6807131412411 35.575754135268 34.9789834395352 33.4026363633016 34.4888296063647 34.8646359297151 34.4435782869678 34.4800501186865 34.3908183154827 33.4474969093576 33.4176167821507 33.0967984875539 32.5370952387542 33.169119994858 33.7943762778168 34.0111368789562 34.3555532888792 34.623160098 34.7027067220583 34.7497227235271 34.8584702890042 34.960663668 35.126680806 35.1488118614021 35.11786442 35.278470056 35.2382295918084 35.2098989434456 35.301576691254 35.3991493077853 35.4704105830505 35.385772352 35.3446483092421 35.5665446397306 35.933765134 36.203462436 36.1717343750078 36.1599460139297 36.4260139954336 36.589234788 36.696377628 36.614343952 36.789800567926 36.7275309967775 36.8399521035076
37.2 37.183982262 37.0772538504346 36.971485952 36.864343112 36.757200272 36.650057432 36.484039814 36.335771752 36.155468454 36.0200491488766 35.9109891270405 35.8053141987956 35.3985338038951 35.0364073911928 35.3254429130089 35.3505024345213 34.7859799716903 34.2360726849385 34.2805321034065 34.601674026 34.521587016 33.4103125503132 33.4126017890071 33.5125123478553 32.5385366559901 33.1568067314988 33.7120549006511 34.3212551440001 34.6741449639811 35.0914675698456 35.0630818136817 34.9217504645534 34.8007978553539 34.853520828 34.9617171470261 34.937561602 34.90357874 34.9853184725344 35.0038033836294 35.0964746997933 35.3034316959573 35.4983694218789 35.531174224855 35.7169629168979 35.8213558480001 35.9672843044467 36.1408159701189 36.200061955791 36.1996824205367 36.3290631394323 36.4721991948077 36.580302578 36.6015647220761 36.6000968360878 36.7017583942517 36.7001587875844 36.717806148
37.09464653 37.078628792 36.971485952 36.8659653963916 36.762553742 36.655410902 36.548268062 36.4379733784222 36.328628912 36.1522422371709 36.0239957149674 35.995990664472 35.7210071811211 35.2314992422146 35.4724258216927 35.1100630619502 34.6470859722532 34.3426439846298 33.9545173700779 34.4253797526365 35.1105215281342 34.9192743638116 34.0147556266299 33.6696375763872 33.5788970011662 32.9818299932408 33.6617736837122 34.6686207760701 34.7457295226948 35.1542627231018 35.41070694 35.378781743305 35.226452617017 34.963267714288 34.8 34.7442775198811 34.7607679849669 34.9512794058969 35.0064079527292 34.9959907158653 35.1787597591361 35.396377868 35.503995784457 35.6008574662535 35.67359318795 35.930302698 36.0354409023568 36.0922595045603 36.08929306 36.08929306 36.1588441528294 36.340966006 36.474949108 36.407201112 36.4993622960311 36.6980835543758 36.5897681236086 36.6418394105948
36.98750369 36.9734875781955 36.876839422 36.7962131909461 36.750057432 36.642914592 36.535771752 36.3771113087707 36.233982382 36.126839542 36.0899650509417 35.9235389544875 35.7935908900833 35.6715437439999 35.4284160804497 34.8959527490216 34.5545920465341 34.3094487521255 34.5478962385243 35.2614639663155 35.2836074972993 34.7776172833226 34.0874062912524 33.591508835638 32.9052887404029 32.9045908145109 33.7762912619999 34.1634050972906 34.954942798352 35.3185443171473 35.6096021523576 35.5318206258568 35.2299036085008 34.91504224979 34.8508507134368 34.8970492043652 34.7556833953472 35.0682262397659 35.142228381076 34.9173188624843 34.9939122599344 35.2769550713636 35.4041431012072 35.593025934222 35.733823406 35.917806388 35.98750369 35.9373434100611 35.87500738 35.8897215495945 36.032033796 36.2371772083443 36.3577714089151 36.3203443135422 36.5726210001134 36.6950230293724 36.4202613331984 36.5300320497691
36.8982570454694 36.88036085 36.857200272 36.7560087657161 36.662553742 36.555410902 36.448268062 36.341125222 36.2469476810254 36.1321105999127 36.019696702 35.912553862 35.710822044 35.4968764783347 35.2679739883796 34.7503458475416 34.8182527703984 34.8315417231644 35.106331416712 35.475050292 35.212712358 34.3593945293184 33.7154911049766 33.5169071056268 33.3968046740761 33.3064800830771 34.0733844454443 34.567946649197 35.1336073580001 35.686652156649 35.7010274983864 35.518066548 35.1195869334899 35.0167687214317 35.3342402633663 35.6828953823044 35.5070056742725 35.3440651910837 35.2604243455937 34.8382014278861 34.9881142230049 35.0841635460669 35.308874178 35.4288884298094 35.6221321667476 35.791024398 35.8680756853761 35.8086976508759 35.6993200070003 35.798108966 35.9994294883764 36.1482493886854 36.18036085 36.3552516860001 36.474949108 36.6772386269328 36.5017427659947 36.5293648098868
36.8667199862949 36.7957101310106 36.7562602956839 36.6918841416216 36.635771752 36.5405707597674 36.448268062 36.3568930591565 36.309101158149 36.153679084 36.04120352324 35.9159160360654 35.7361548546291 35.525050172 35.4202841420181 35.3449843705748 35.2445754444427 35.1050667077967 35.3542428948154 35.5673529254907 35.3475647543704 34.756652984639 33.8535604627225 33.828463950925 34.1102988531103 34.2238232349733 34.6815208936477 34.8833453749532 35.1044337422588 35.658816506 35.8329847251304 35.7729308771243 35.4577482670388 35.4695662015028 35.9226130679085 36.1507914401912 36.0502850207025 35.5682307240161 35.0181399399999 34.7275761181429 34.933100129849 35.03151231723 35.308874178 35.4117273418409 35.4901751971464 35.576738718 35.683881558 35.7703193298742 35.7103922136316 35.6972271730215 35.7947722789793 35.965973506 36.0411606584097 36.2213268560001 36.3916895135975 36.5719505344932 36.508873938 36.583983222
36.76607517 36.750057432 36.66607517 36.6460521350407 36.562553742 36.4848732243049 36.4318932040222 36.3800268316506 36.3224539166765 36.1784986450037 36.1066820726691 35.9547736776581 35.8072467020148 35.632193012 35.5309141173604 35.467965004 35.3384635707061 35.4866357732422 35.5459638521035 35.56607517 35.4275119927948 35.0837451677191 34.5389920337708 34.408859538 34.3267286163548 34.562337694 34.978354952 35.203506068 35.3371146863401 35.732034516 35.923160098 36.0405831582015 36.097143523586 36.03569932 36.1548761060849 36.2471468830204 36.035873416 35.2977079931774 34.8807273459337 34.7170361567245 34.794588498 35.0689504925268 35.241024518 35.33215034 35.33215034 35.3830133155638 35.537445538 35.6589236931275 35.7155185775269 35.641125942 35.5776038795822 35.6627560125101 35.8330131141442 36.0409660060001 36.3177510382735 36.4666624420536 36.5028530012384 36.521567226708
36.65893233 36.6494927037833 36.6 36.587555092297 36.5368643776628 36.455410902 36.4 36.341125222 36.3 36.226839542 36.119696702 36.012553862 35.8496675333414 35.739335852 35.632193012 35.5221887004418 35.446363348 35.5340301294378 35.521486312 35.45893233 35.3369855500802 35.0192580661208 34.7482864726984 34.6351147704019 34.4615454022967 34.6137167183617 34.980577231221 35.3599527892612 35.435613496 35.649899176 35.869558695855 36.0892288354218 36.237445778 36.3183115064978 36.2680913075423 36.258874298 36.1832836871318 35.3053734706743 35.1802898114062 34.8015965894864 34.835656168 34.9599526478236 35.026738838 35.1244424760961 35.1779547581118 35.3195311519843 35.537445538 35.6 35.6304864121048 35.624236475855 35.533983102 35.4699550002253 35.6668616662655 35.8568437003057 36.1436638933084 36.360663428 36.450058392 36.35893233
36.6 36.6 36.5888341672272 36.5360955043652 36.5 36.455410902 36.4 36.341125222 36.2681725696723 36.178629032 36.1102008215126 36.012553862 35.905411022 35.798268182 35.6954038598826 35.640488392525 35.623160338 35.65400296066 35.5288174082525 35.474924504155 35.4232703945625 35.1581805241796 35.0234531233776 34.7510300675702 34.724934588 34.7477612012002 34.9407732980153 35.2052485851697 35.317748836 35.532034516 35.7926403920001 36.1449121389548 36.2676034874527 36.3230922178603 36.2732665737322 36.2021070993506 36.2354061789172 35.6965437025485 35.4570016636935 34.8813785643053 34.8033853034257 34.8044136668796 34.8649419544721 35.0237389040646 35.194530226 35.3649886502513 35.441024518 35.5250752644345 35.55178949 35.5801729736195 35.533983102 35.426840262 35.4831765912061 35.6331822799895 35.9845410404181 36.253520588 36.3514718935338 36.3404887396406
36.5950874466479 36.54464665 36.5343062278024 36.4832260429725 36.44464665 36.4247391114778 36.3713646392971 36.318361033928 36.233982382 36.126839542 36.1 36.012553862 35.9577691900538 35.853621532 35.750440929496 35.683982502 35.623160338 35.6864706461795 35.6346257245954 35.555411142 35.448268302 35.4063035201601 35.3741638696948 35.1920354176516 35.0790718597337 34.9302099180194 34.8482213323828 35.103463156 35.3324856989681 35.6892284771189 35.8648874216812 36.1220262173314 36.2792725074434 36.24464665 36.2215502870068 36.010770117072 36.0176891329143 35.8044864073645 35.4504937641851 34.7287695928673 34.6440672567154 34.701731338 34.817748356 35.032034036 35.2206802014835 35.2925377189668 35.3167181782915 35.3645538670663 35.4465632243176 35.5262852946161 35.5151723166091 35.426840262 35.3555498329406 35.5195374860001 35.8807691935096 36.1454195272652 36.198167238 36.2910081683701
36.528628912 36.43750381 36.43750381 36.4261388736898 36.4 36.3721335125946 36.3181023622632 36.263205506879 36.2127446879788 36.1725620408366 36.1123096883056 36.012553862 35.9408854925901 35.898268182 35.7966716651255 35.746478692 35.6711821991589 35.7 35.662553982 35.5832774794145 35.510764492 35.4477820417398 35.4952614699637 35.4335476823086 35.3899529391105 35.2672471285613 35.1199216414191 35.2898695557231 35.452725950596 35.7835515959774 36.0626266568503 36.2215828388758 36.2859564065659 36.26249619 36.26249619 35.9681247 35.8367730160089 35.7012498848548 35.3664787397126 34.6004347359999 34.4763600831435 34.577820978286 34.7607981891439 35.0220240099984 35.13750381 35.167806508 35.214101775425 35.2307396948656 35.3711323957094 35.4007097668516 35.4162656660062 35.455788169728 35.382193612 35.5373870260001 35.8226211071252 36.0364219397048 35.989427431153 36.153520588
36.4276664648807 36.4 36.4 36.4 36.3739227891575 36.3168232873329 36.3 36.241125222 36.2 36.1490517667052 36.1059801097852 36.012553862 35.905411022 35.8298351732566 35.793819774253 35.7254979022375 35.7 35.7 35.6886310257088 35.6385877818007 35.548268302 35.5231247763604 35.5793650926587 35.5555756963222 35.5636588473485 35.543089607142 35.5105600016324 35.471370608 35.5812078073867 35.764069032 36.146320196 36.2788973279153 36.2042840934248 36.1296708589344 36.1631334811121 35.9769889700465 35.754026305463 35.584041014 35.289452516 34.8352772460415 34.420485572005 34.5046683629893 34.7839017810407 34.946377988 35.03036097 35.060663668 35.092915432 35.119537726 35.282092188 35.271486912 35.296377868 35.403520708 35.4059803283842 35.4530985542507 35.649898456 35.8614018817111 35.905388427308 35.9878926468365
36.393185687355 36.3355168487681 36.4 36.3767324689857 36.3145238091374 36.2657636567394 36.22321813 36.2095485075067 36.1493104383701 36.050057672 36.02321813 35.935771992 35.828629152 35.8 35.791125342 35.7 35.7 35.7 35.7 35.689647300984 35.6647707371072 35.6672333067698 35.67678187 35.6206080865235 35.6 35.6671425957227 35.5315278663084 35.578513448 35.685656288 35.8285525517849 36.1285374396618 36.192915192 36.085772352 36.0128654867075 36.0240221543387 35.7205294940924 35.5789229612306 35.476898174 35.0589936653537 34.7744598274462 34.491374222708 34.5038646603076 34.7389060678155 34.9037188520614 34.92321813 34.953520828 35.014523976308 35.0549409655689 35.174949348 35.1191394693227 35.112453158 35.219595998 35.3697519020932 35.3328577728302 35.4397680127071 35.724949228 35.82321813 35.855251686
36.3146486244093 36.3025748978349 36.31607529 36.3112039276766 36.2685733365676 36.2089074631881 36.1565841210561 36.11607529 36.1054627664554 36.0882392442112 36.0165304000331 35.912553862 35.805411022 35.8 35.791125342 35.7 35.7 35.7 35.7 35.7 35.7 35.7 35.6445951069639 35.6043145727919 35.6673941085476 35.6979818916966 35.6695891721183 35.685656288 35.8076947871414 36.0594985920206 36.0842860078356 35.976415989162 35.8736326131875 35.8786544216505 35.7019041516842 35.227130662 35.1678154176169 35.3635784014903 35.2006676313849 34.976882814 34.8419802566399 34.5020096556044 34.633823646 34.81607529 34.81607529 34.846377988 34.91607529 34.960663668 35.067806508 35.0971469388835 35.039132627605 35.0278359300467 35.192755736 35.2180934754648 35.310663548 35.5324288590237 35.5556732967321 35.664184136
36.20893245 36.20893245 36.20893245 36.20893245 36.2055875817273 36.2 36.148268062 36.1 36.1 36.0333745633306 35.928629152 35.9011213674462 35.805411022 35.7984228757769 35.7081397256115 35.7 35.7 35.7 35.7 35.7 35.7 35.7 35.6941030307188 35.69106755 35.6251105530086 35.6885672868841 35.872279292545 35.9733573223391 35.9845132088519 35.9797594011244 35.803637252 35.6385953307854 35.5413774832061 35.7138820439915 35.6479592187597 35.237821762 34.9486382033731 35.0064923064548 35.1676433997343 35.264012538966 35.0924747242896 34.8628481638024 34.7756389665383 34.6943461441243 34.6178649 34.648167598 34.7860663680818 34.9039828345707 34.960663668 35.00893245 35.0030355235946 35 35.0874755656286 35.1885668497599 35.2084490488517 35.40893245 35.4258876659252 35.6174474686865
36.10178961 36.117520692959 36.2 36.2 36.2 36.1562088729567 36.1008638100644 36.1 36.0351638398935 36.0004803231276 35.919696702 35.9 35.805411022 35.7999690072119 35.789494553767 35.7 35.7 35.7 35.7 35.7 35.7 35.7 35.6351640755984 35.5299386745773 35.6598740013312 35.8715372454649 35.9927022875141 35.998299410493 35.90178961 35.8854857055491 35.7540942794298 35.510880796 35.414126944 35.5579989543666 35.451847762 35.3394368203778 34.9692712772134 34.8030988882823 34.964184856 35.2627863215198 35.110823004 34.996479052 34.8806208471769 34.6682526061558 34.5245349968652 34.630302698 34.7381156670926 34.80178961 34.853520828 34.8439691680293 34.9332501259834 34.9281495359872 34.9032267129661 35.076905124055 35.10178961 35.1070689480971 35.2213270960001 35.4353261381392
