catData/variables/futureClimate2070/rcp45/GFDL_CM3_2070_rcp45/bio15.asc
NCOLS 409 
NROWS 350 
XLLCORNER 60.897278365 
YLLCORNER 5.843756025 
CELLSIZE 0.0892857 
NODATA_value -9999 
[rows 156 to 181 of 350, columns 120 to 179 of 409]
146.173773993658 145.864426109708 145.330883476246 147.60564644 149.49957928 149.8394031 149.8394031 149.8394031 149.8394031 148.787448559999 145.489167588545 141.901509935082 142.202867603239 143.643373871843 145.37446018 146 146 146 146.624833159157 146.25402986738 146.760042506082 146.9464677 146.9464677 146.92915192 145.9464677 145.937893293396 145.8929354 145.876713540321 145.484990906216 144.44704922 142.885999279291 141.35772472 140.9464677 140.907303481097 140.13289516544 139.9464677 138.105333138515 136.930081145052 135.90650766841 134.794871798127 134 134.286805248799 134.592057777739 134 133.972307089187 133.389243757351 133 132.26840262 132 132 131.949364729963 132.01731098 133 133 133 133 133.354407650739 134.39234908 135.436084697664 136.48167358
142.078901513879 140.985024368984 141.53479596 144.192830205288 146.03537268 146.46661832044 146.5001572 146.5001572 146.618356249031 145.82741294379 142.880900629519 140.53505708 142.011809599026 144.42799248 145.452628073785 146 146 146 145.917504222329 145.8750393 145.8750393 145.8750393 145.756840550874 145.73276282 144.7500786 144.609921297718 143.846098279418 143.44704922 142.703286093691 142.234949969173 141.23276402 140.234905354901 139.792543822235 139.109900040629 138.774692336507 138.7500786 137.92239206922 135.997836507916 135.708644974948 133.979985022188 133.8750393 133.8750393 133.8750393 133.8750393 133.422370812131 132.926430565005 132.8750393 132.234862840723 132 132 131.172315569315 132.01731098 133 133 133 133 133 133.390163730638 133.939682692226 134.515169044911
137.539058809069 136.4108327 137.343875572549 139.507562806641 141.07100888 141.998758114978 142.372150524212 142.4108327 143.542484922593 144.793094923567 144.142500241949 143.717885659836 144.62438158 145.69580998 146.3927782 146.305210543074 146.094793683883 145.884376824693 145.273088054498 144.856321306312 144.8036109 144.631876687931 143.84709639126 143.59330665045 142.786182510359 142.6072218 142.37562082 141.30419242 140.23276402 139.6072218 139.08990722 138.6072218 138.076700883164 137.8036109 137.00058272 136.8036109 136.617849400074 135.789697679116 134.91125822 133.83982982 133 133 133 132.912433285741 132.8036109 132.33049255264 132 132 132 132 132 132.01731098 133 133 133 133 133 133 133.415715777885 133.919232661306
134.08990242 133.464365 134.120231563053 136.18307192286 138.033530414087 138.464365 139.26739798 139.464365 141.35614456 143.754138791672 145.08874658 146.042897662706 146.49942088 147.65200649374 148.535635 147.970329655226 146.611953979709 145.41125462 144.823193908675 144.196516186842 143.784934357641 142.85772352 142.7321825 141.99536253109 141.667205564427 140.914205960112 140.294790815461 139.42915312 138.35772472 137.612766377988 137.085596317529 136.7321825 136.555377051437 136.464365 135.876401819597 135.7321825 135.039622070631 135.263180673852 134.91125822 133.83982982 133 133 132.899714296267 132.40571419925 131.861454745233 131.7321825 131.7321825 131.928117081318 132 132 132 132.01731098 133 133 133 133 133 133.119414836488 133.2678175 133.85655568
132.413326414968 132 132.859140281344 134.24950188 135.98110646 136.908947954186 137.53060733397 137.957411537873 140.212668789717 143.03463636 145.08874658 146.16017498 147.23160338 148.60606356 149.872965919222 148.920242812621 146.96536604 145.41125462 144.33982622 143.751806960004 143.13014835184 142.12554102 142 141.64931262737 140.969893900786 140.394746831057 138.921430317099 138.35772472 137.28629632 136.366132978432 135.824503149725 135.6607541 135.224543153962 135 135 135 135 135.64931421318 134.91125822 133.83982982 133 133 132.62554462 132 131.658183856085 131.3392459 131.115286280228 131.73159738 132 132 132 132.01731098 133 133 133 133.102799846364 133.3392459 133.633863849949 134 134.58873818
132.256892142082 132.183115966088 132.92799368 133.99942208 135.459909269402 136.73160458 137 137.87446138 140.83766934 143.027524228552 144.67807228 145.74950068 146.916042635959 148.357168831741 148.957972392299 148.14343712 146.55469174 145.00058032 143.92915192 143.15817373315 143 142.12554102 142 141.40356315417 140.947700774 140.25050172 139.17907332 138.10764492 136.882436333319 136 135.48268542 135 134.728884580638 134.5893257 134.5893257 134.5893257 134.5893257 134.5893257 134.537027888382 133.83982982 133 133 132.779323821063 132.4106743 132.4106743 132.168893674427 131.610945453743 131.841823438087 132 132 132.388449666424 132.420876105406 133 133.065776790934 133.4106743 133.589254472726 134 134 134.212445831785 134.757632840045
132.806066840867 132.92799368 133.75002101014 134.58874778 135.66017618 136.37889603665 136.905041667847 138.296041572344 140.407740006319 142.05311278 143.167326145834 144.67807228 145.869447445173 147.0357946 147.0357946 146.58990602 145.250560552814 143.92915192 142.85772352 142.5178973 142.5178973 142.065017355297 142 141.99103220429 141.439318891213 140.83982742 139.76839902 138.69697062 137.431611546774 136.267139768729 135.48268542 135 134.33982862 134 134 134 134 134 134 133.83982982 133 133 133 133.214961774224 133.4821027 132.89336212 132.4821027 132.4821027 132.4821027 132.903679421204 133.91008798 133.9642054 133.9642054 134.047155860809 134.370449556312 134 134 134 134.51730978 135
133.760807783816 134.306138655361 134.5535311 135.14227888 135.848279232891 136 137.247536708756 138.818412290421 139.94588978 140.46378708 141.574838067951 143.05311278 144.12454118 145.060675314518 145.4464689 145.00058032 143.642800883012 142.630081297811 142.151721838634 142 142 142.484040241104 142.5535311 142.543946277249 141.960378483574 141.482019024397 140.87546122 139.80403282 138.525330393133 136.86083305231 135.48268542 135 134.33982862 134 134 134.48403891263 134.5535311 134 134.049121335099 134.39336092 133.425334083254 133 133.207272698392 133.99941488 134.267182719961 133.737145640862 133.5535311 133.5535311 133.5535311 134.42798528 135.49941368 135.5535311 135.5535311 135.464873252552 134.896599508271 134.385797570905 134.207271369918 134.5535311 134.784493828436 135
134.99942208 135.6249595 135.6249595 135.845763761785 136.412583375365 136.6249595 137.227299280672 138.24950188 139.32093028 139.39235868 140.408324061736 141.010358855413 142.60664388 143.488689690287 143.750081 143.30419242 142.038749201162 141.3750405 141.3750405 141.832262232612 142 142.87445898 143 142.993505881211 142.6249595 142.725060875511 142.873576787339 141.32193012 139.87604394 137.73318714 135.78434425874 135 134.33982862 134 134 134.327956632992 134.966180304158 134.6249595 134.658241261542 134.83982982 133.913141152757 133.435579910093 133.37445538 134.167224475793 134.181027481357 133.632060981493 133.787619375656 134 134.501858589956 135.49941368 135.979703775744 136.614140838595 136 135.939930595705 135.480221267145 134.886353510004 134.765394532846 135 135.323297661454 135.6249595
136.506467170285 137.006900983191 137.3927758 137.3927758 137.13347457276 137 137 137.265497055951 138.24950188 138.308870108998 138.669026244478 139.512418142045 140.83882758 141.6072242 141.6072242 141.16133562 140.450160505336 139.893616941187 140.066961232289 141.544693185766 142 142.87445898 143 143 143.061800373148 143.745018233376 143.6980821601 141.971306532847 139.55469654 137.41183974 135.629234554005 134.590006512518 134.103176080958 133.490522765565 133.862831207911 134 134.287182125136 134.31566892834 135 134.951370395293 134.535105451231 133.69697302 133.113689184278 133.3036121 133.663862042675 133.821251236151 133.896823190373 134 134.80302578 135.87445418 136 136.994744177009 136.634590869514 136 135.76840382 135 135 135.310506397868 135.853449408656 136.40999014482
138.823151072664 139.406977517533 139.13842634773 138.315766157927 137.846717851876 137.7678163 137.151234488518 137 137.219620188913 137.2321837 137.32093028 138.39235868 139.46378708 140.2321837 140.2321837 139.78629512 139.2321837 139.547534918627 140.42799008 141.66928458108 142 142.87445898 143 143 143.020604952066 143.2321837 143.00058272 141.555766457343 138.963569652854 136.682770016948 135.085482853248 134.095487176555 133.493109653642 132.50058392 133.03521188 133.2321837 133.2321837 133.24949708 134.2321837 134.2321837 134.178410284781 133.69697302 132.712487055613 132.2321837 132.352295156007 132.4643674 132.971255903598 133.2321837 134.03520948 135.10663788 136.68471182562 137 136.91126062 135.877020567781 135.178410842022 135 135 135.44588138 136 136.58873818
139.688728315614 140.8392447 140.756082867872 140.08974162 139.124440039869 138.225249433739 137.19696702 136.26611292148 136.954588284649 -9999 137.08874658 138.16017498 139.23160338 140 140 139.55411142 139.434155533685 139.933888640186 141.214221125944 142.57084688 142.8392447 142.979818615668 142.206169029538 142.1607553 142.1607553 142.1607553 141.92915432 140.55469654 138.03738196 135.340661506631 134.155188478995 133.505900574373 132.50058392 131.42915552 131.289846335984 132.055393650145 132.1607553 132.163538517596 132.3215106 132.3215106 132.127142719207 131.17923892 130.10781052 129.856471499181 130.755662105311 131.1607553 131.266880962431 131.935499823699 132.96378108 134.03520948 135.258693517913 135.3215106 135.307245274346 135.00058752 134.1607553 134.1607553 134.475012978864 135.44588138 136.434149491123 137.42798288
139.407912161437 140.495387821019 141 140.41125222 139.33982382 137.602142809157 135.554993386701 135.100540875755 136.896613058211 136.492887889333 136.17807348 137.395368925579 139.23160338 140 140 139.960170155403 140.42799008 140.9106731 141.629818157229 142.73160218 143 143 142.05411262 141.0893269 141.0893269 140.943462040036 139.73614003758 137.937882644876 136.05528046 133.28688144 132.1786538 132.1260632147 131.42915552 130.35772712 130.0893269 130.167439395476 129.31726179302 129.2679807 129.2679807 129.2679807 129.03638212 128.24091223926 128.145204861716 128.129156315828 128.69596598 129.1786538 129.77985193154 130.154678226003 130.98167958 131.256766081091 132.21386328 133.1786538 133.097841233723 132.253673408733 132.389562211189 133.365283233645 134.37445298 135.44588138 136.51730978 137.052590156531
139.127881603024 141.42799248 141.9821015 140.81514364214 138.691463803358 136.55468934 134.41183254 134.87670833299 -9999 135.491650879445 135.193803229338 137.16304187188 138.24950188 139.315506465686 140 140 140.51731698 141 142.308531439599 143.71370368 143.9821015 143.9821015 143.03621412 141 140.912844207706 139.85772592 138.554696539999 136.71486912 135.262280707425 133.546133126207 131.45793522503 128.879386272455 127.411422619999 127.058499461337 127.0536955 126.194890381097 125.12570902 125.088597496468 126.0536955 126.0536955 126.049550232816 126.035797 126.035797 126.035797 126.55310918 127.035797 127.69596598 128.035797 128.83882278 129.035797 129.052726879358 130.036694360575 129.070005698207 129.21099651699 130.26739318 131.636422474555 133.39235148 134.46377988 135.53520828 136.0178985
139.103342795539 141.416229579571 142 141.41125222 139.67964764 136.112744400007 131.755425429767 130.07200872 -9999 -9999 134.172742564447 136.26682006 138.190471185771 138.98377873912 138.926425284011 138.8929402 138.920632126208 140.12396086 142.26681766 143.717234871535 144.042986146644 144.0535299 144.0535299 143.035287208028 141.82251164 139.83125339781 138.251667159999 135.324190207592 132.76956686 130.869071957373 129.342850155472 127.88343939431 126.554406447954 124.468903103064 123.860498063655 123.011763293282 121.94705522 121.8929402 121.976931641391 122.847984193718 122.905337648828 123.233276076063 123.912984759046 124.368485765845 124.920631869264 125.503695455627 125.8929402 125.8929402 126.69596598 126.8929402 126.8929402 126.8929402 126.8929402 127.21327576 129.35613256 131.212185655465 132.69537606 134.39235148 134.974161640792 134.968484904098
138.670759067411 140.836064181154 141.8750417 141.28629392 139.637183833153 136.713766195411 131.157189456024 129.12553862 -9999 -9999 132.244060496465 135.090448553203 137.309307695361 138.484917956075 137.50058152 136.8750417 137.457001730382 139.17749076 141.402841753254 143.58816266 144.827643543875 145 145 144.09032674 141.94746994 139.784598246697 137.334137524739 134.21587016 131.00158496 128.623354940954 127.418042669518 125.69755574 124.132376426646 123.01848362 121.244372076225 120.765771092339 119.922394599096 119.7500834 119.761172421968 120.015197286596 120.98168198 121.787949136275 122.202705772289 122.805800279146 123.327711429418 123.7500834 123.7500834 123.7500834 124.55310918 124.7500834 124.7500834 124.752246550632 124.886130422068 125.300321266497 127.33823406 129.481090860001 131.62394766 133.32092308 134.327709329318 134.308480664236
138.049848269641 140.24950428 140.8036133 140.330487753646 139.210173998591 136.164549798342 131.338926796933 129.346579435304 -9999 -9999 131.909788527982 133.449068704255 136.080700503507 137 136.699078819032 136.283953286794 137.42740736 139.685885922319 142.310382739839 144.515914122157 145.157704525605 145.1963867 145.01062699887 145.165155728892 143.180428686691 140.51948226 137.53679804 135.150422799941 132.146551887704 129.50100104 127.154956833544 124.706892749009 122.48327054 121.07201352 119.842881065723 118.904501662039 118.8036133 118 118.071314074674 118.835068593089 119.186115699149 120.10664028 120.8036133 121.24949708 121.8036133 121.687992480338 121.6072266 121.6072266 122.41025238 122.6072266 122.6072266 122.82092428 123.89235268 124.96378108 126.26680566 128.409662460001 130.55251926 132.33705985281 133.101592760572 133.553884183332
137.313581693309 139.17807588 139.870730841487 139.842324454424 138.588637689664 136.53679084 133.002932437841 130.753086301931 -9999 -9999 -9999 133.32034996 135.401179877625 136.894497872928 137.368101190553 137.98151878 139.57026416 142.144191437181 143.92798888 144.99941728 146.07084568 146.2678151 145.32192772 145.71486912 144.424742242882 140.83019399553 138.010402000381 135.66175634 133.418614092203 130.988812588114 127.66292658 123.96595596 121.41184214 119.804651651759 118.073376512329 117.7321849 117.7321849 118 118.023766388685 118.385089287226 119 119.221871779049 119.7321849 120.058654270871 120.4643698 120.033302837307 119.908988121396 119.804067174516 120.320148250427 120.698561833662 120.7321849 121.48168078 122.576874925929 123.89235268 125.19537726 127.338234060001 129.48109086 131.504533893628 132.98167958 132.87563162
135.78414424 138.10664748 139.17807588 139.07200872 138.00058032 136.445739438335 133.86332477875 132.168126780834 -9999 -9999 -9999 133.605255139172 135.310173321243 136.94530706 138.840736862074 140.12437558 141.71312096 143.85597776 145.33866078 146.161897895849 147.14227408 147.042588975018 146.374998765397 144.98268422 143.82251164 141.625317333357 138.965953559999 135.951896992526 133.07110729211 129.493346971694 125.92475889744 122.755011289135 120.34041374 118.445747409967 116.924549729618 116.957410210797 117.320885331213 118.3392435 118.397880207957 119.054336692459 119.260675187126 119 119 118.848736825879 118.6607565 118.6607565 119.096967444633 118.838105275782 118.6607565 119.238557783387 119.642397517028 119.67806748 120.838235260001 122.82092428 124.12394886 126.164006540895 128.07041896 129.76739438 130.663328799649 130.39353132
134.558934580793 136.80766207595 138.10664748 138.00058032 136.92915192 135.85772352 134.642828299318 -9999 -9999 -9999 -9999 134.57084688 135.87387866 138.141182096853 140.57026416 142.450346290337 144.26664966 146.167725276179 147.210402759437 147.4106719 147.883920385953 147.484656750789 147.022222532469 145.386245015727 143.786066898985 141.10881036 137.799413145501 134.020676757519 129.551922704035 124.752423879999 121.713786001466 120.010934738208 118.5791973099 117.44705642 116.232162056868 116.87445658 118.334333361918 119 119.036443755402 119.505064687856 119.863512448886 119.4106719 119.25689359763 118.55411622 117.787554424146 117.5893281 117.5893281 117.28888161392 116.848876077178 117.127098059564 118.12453878 118.60663908 119.730364090211 121.33882398 122.64184856 124.48168078 125.773784843243 127.21386568 127.555539709759 127.010352446983
133.568396637843 135.194717484775 136.55311878 136.730887101362 135.85772352 135.139001907499 -9999 -9999 -9999 -9999 135.498411462842 135.64227528 136.94530706 139.39119564 142.592075390232 145.33807806 146.982137517494 148.07084568 148.4821003 148.4821003 148.4821003 148.060523363404 147.05411262 145.96536844 143.73376746 140.44226301113 136.591495779999 131.710571689987 125.30695242 119.770154379999 116.786987005787 115.48285582 115.0715988 114.692703493418 114.940839226487 116.331831759555 118.865681092623 119.473753514308 119.08874178 120.154436183658 120.9642006 120.9642006 120.228695117931 118.55411622 117.48268782 116.71616798976 116.199632036691 115.30420202 114.23277362 114.488678957486 115.955591955583 117.53521068 118.60663908 119.67806748 120.869439472143 122.33882398 123.41025238 124.266721232938 124.535179720262 124.5178997
133.37446258 134.199077525499 134.96379068 135.4464713 135.151721582686 135 -9999 -9999 -9999 -9999 136.504750489057 136.71370368 138.01673546 140.46262404 144.05136942 147.44530586 148.5535287 148.816386615178 149.365425134218 149.5535287 149.5535287 148.67906972 147.084065508202 145.96536844 143.684645009411 139.894441099983 135.817200501243 129.77173694 122.853469048168 117.416115782436 113.571964973041 111.75067092 111.3394139 111.744375375144 113.140469924539 115.19538446 117.760551756671 118.894796125448 119.08874178 120.32034036 122.128196460909 122.385794569696 121.083905659699 119.10764492 117.74986938151 116.41125942 114.97440854272 113.309913773325 112.08991682 111.8929426 113.78470776 115.91025358 116.98168198 118.05311038 119.12453878 120.19596718 121.26739558 121.8929426 122.123906569979 122.3394139
132.74950548 133.653705633777 134.51731938 135 135 -9999 -9999 -9999 -9999 -9999 137.511089515272 137.885234570993 139.568378783285 141.53405244 144.888776271842 147.89177716 149 149 149.66017378 150 150 149.12554102 147.10822524 145.34041134 143.020066179999 138.694323177807 133.590782143181 126.56834630254 120.2528398 114.895697799999 110.896484379704 109.16134282 108.7500858 109.48168558 110.854283997409 112.87404186 115.01689866 116.76739918 117.894287385478 119.595283768801 121.126423556921 122.07201592 120.62613214 118.92915912 117.663716459807 116.043321814471 114.05470494 112.369065116972 111.19697422 111 112.300629125863 113.778215399859 115.46378228 116.435112688698 116.98168198 118.05311038 119.12453878 119.7500858 119.7500858 119.014213588736
132.37446258 133.135378966947 133.82093388 134.713609917149 -9999 -9999 -9999 -9999 -9999 -9999 -9999 139.71312096 141.785659615583 143.576197964738 145.558997400321 147.581266818273 148.663866543776 149 149.200438332128 149.81309164992 150 149.12554102 147.10822524 144.244866023773 140.617666940161 136.583282375581 129.754534704257 123.303692486306 117.7349401 112.377798099999 108.57259984 107.01848602 106.607229 107.33882878 108.41025718 110.35614216 112.49899896 113.940213666788 115.78471256 117.76739918 118.909144267068 119.818840114981 119.119083537029 117.85773072 116.78630232 115.536123743174 113.67966204 112.26840262 111.19697422 111 111.94588258 113.022566844537 114.330557062489 114.718767519559 115.373930458393 116.121275503656 117.67806748 118.3036145 117.9433674702 116.839741371848
131.894166253954 133 -9999 -9999 -9999 -9999 -9999 -9999 -9999 -9999 -9999 -9999 143.053192365549 144.535703792826 146.51673426 147.871343030425 148.51731698 149 149 149.73160218 150 148.454119260176 146.34041134 143.162922979999 138.829675530103 133.57535024 126.306952419999 120.1814114 114.8242694 109.809485006821 106.42974304 105.327674263571 105.2321861 105.96378588 107.03521428 108.98109926 111.12395606 112.26681286 114.341532487805 115.62454238 116.69597078 117.4643722 117.377428865694 116.78630232 115.71487392 115.095488720818 114.186548959193 113.03621652 112.581362475942 111.864209725683 112.71369648 113.771833268933 114 114.037188732184 114.2321861 114.605568775435 116.12633538294 117.2321861 116.71487632 115.64344792
-9999 -9999 -9999 -9999 -9999 -9999 -9999 -9999 -9999 -9999 -9999 -9999 -9999 146.03023107198 147.273899837278 148.374208557423 148.922404987876 149.494100026826 149.8392423 149.956852983772 150 148.25108204 146.10822524 142.930736879999 138.481801230264 132.03954964 124.771151819999 118.391295726161 112.76348730854 108.377212979999 105.12612854 104.1607577 104.1607577 104.89235748 105.96378588 107.90967086 110.05252766 112.03462676 114.163217635554 115.864990889745 116.037231255044 116.1607577 116.1607577 116.08907844906 115.48268782 115 114.33983102 113.882390087865 113.165309097433 112.859424757268 113.78512488 114.824714193329 113.925526158628 113.1607577 113.1607577 113.46378228 114.595406879823 115.3215154 115.23835386958 114.57201952
