catData/variables/futureClimate2070/rcp85/MPI_ESM_LR_2070_rcp85/bio16.asc
NCOLS 409 
NROWS 350 
XLLCORNER 60.897278365 
YLLCORNER 5.843756025 
CELLSIZE 0.0892857 
NODATA_value -9999 
[rows 125 to 149 of 350, columns 224 to 279 of 409]
824.125854203572 839.359309556056 852.465710775623 855.050325859812 853.78603352 853.278002470597 857.402344014561 869.574001522313 889.720638500001 911.077533458528 931.382426040002 943.203939701302 942.834566961656 937.219864758758 934.26661457527 941.486774315983 947.605416297161 945.285181394663 937.435982084714 931.137729118626 940.839573018507 966.78417101023 988.395749364389 998.26317702317 1005.22331698623 1020.46416358116 1049.58060742998 1083.91421821666 1095.80656347361 1074.233983448 1031.81555668493 979.373274903905 921.164383380395 846.586951769133 794.490394111126 792.199887955753 824.157027333927 853.189494139107 865.354706000001 866.49614531094 862.200601891353 856.93240963884 850.050445513092 839.309768419228 829.11401530796 817.781040914238 806.518869084537 796.448859099762 784.877190777336 769.610815773801 761.974798956607 758.181724392739 764.030421480002 778.875282943681 794.27140884865 793.699140570762
830.386579480002 849.729872589801 866.130762127565 864.203571562213 859.54547618267 860.23626213882 866.791524292304 880.561072640007 900.936668809633 922.528872253635 940.06273082444 948.424757360295 947.032447956592 941.187863933333 935.68178249985 936.153217472295 937.641088885777 936.60021322148 935.292693336293 937.716717907554 947.250617825345 959.589317658388 966.082130996013 970.40357294074 984.163104157322 1007.34820413688 1032.72711021232 1053.94209715528 1059.78709628667 1043.82832556708 1008.83452550753 960.846452029318 907.842888036652 853.346501150314 816.150100479998 809.3531449005 826.013196461245 844.134940479577 853.097902888153 854.430527988587 851.282943385326 846.966874679999 842.537712037617 826.443311666695 813.069055335418 807.847795663214 804.800572177311 797.843714104929 781.734805022239 761.670026636025 746.063297258134 732.993608583155 733.217500575143 746.241037197046 765.766404098481 792.071925275258
825.327444826764 842.01984051095 856.491216234493 860.0879087791 859.912857711113 860.133267683908 869.439333860089 886.662406788096 908.491451382312 932.204222528453 948.005764303554 952.520338319287 950.954044093423 946.25741888649 940.8954746 935.632202044248 934.105866428616 934.052462577518 935.613154419134 943.820951279573 956.163106784082 964.507892504864 960.822532218582 953.164211574191 967.208212251149 992.783822116705 1013.54397220183 1026.04678458456 1028.5153233175 1017.07290623781 985.127763817258 936.631915966784 888.860611617166 848.294849530494 820.404387922696 814.05872099017 823.9078966978 836.581971879801 844.21231192 844.976215873764 838.927048182789 825.402856403937 807.965007909326 795.792445728019 789.67105942099 790.456396151011 799.099410988522 795.360206543055 768.35907641009 734.00317890331 709.032037099943 698.256693372156 699.159605287785 708.697201423303 729.458329068969 782.529415749867
812.373443087652 829.431985701552 845.126454108952 852.82208732 851.815637024476 852.718533673495 862.925669887789 884.079303133438 911.216729140001 939.5287199483 954.821800359734 954.185270059139 952.624194770762 950.562355179295 943.490714447123 938.589139475303 936.367250543486 936.393910954444 938.191652940003 948.221630712018 966.331450016213 981.557744693987 983.209611612571 972.359376598494 974.214533704271 987.109609303917 996.822209218823 1000.13262641073 999.493541516687 993.018567300106 965.844448617356 910.403766809859 871.742655088748 839.504581077604 815.200882859998 811.158386073695 820.453170248599 831.483732065097 838.505245305513 840.398757711647 833.5933858331 812.291504621353 776.070631584123 767.226396498147 766.544249802346 765.140785737806 787.804596559282 797.090736028374 753.214091782116 704.339571791262 670.004885712788 665.115946183396 671.625627244 681.847489036968 711.212440145651 765.380517456397
802.93114507377 825.87684251585 844.599718690353 851.23235362 849.806006099999 846.811208305915 859.515694268954 880.825393793659 905.157699576949 933.817944070237 947.897116338217 944.321973429546 944.853340981253 945.451536485608 941.435836137048 940.281346445469 941.786807529825 944.305875491372 948.22049290141 958.507399742995 978.024926920005 996.980601975703 1003.06814538286 990.982274569977 983.21980146564 983.405646425531 980.164772222661 973.096337189788 965.228560465567 955.1162913497 931.766582630235 892.018266461906 862.451329245943 836.681645728835 816.714293794141 812.079360124055 819.83796960874 830.039861859646 836.94853867162 840.545298367648 838.323884397997 824.644793304849 792.74615521214 771.133977884711 759.895653029347 743.306566322986 755.189424642724 767.046994422073 735.708309535162 693.512117304768 662.366575346646 656.006176139314 663.866723127679 679.103731544841 707.787292099352 745.029408745053
825.788154778712 846.331228300411 860.258371385533 864.113766290989 863.212818700323 861.180751802479 870.069446480399 883.897212503198 895.868638474181 912.851327533394 926.716289958925 930.352924174941 936.30118169566 939.769834297884 938.260473584024 942.672991830167 949.421507204203 955.450016528298 961.46093343903 970.183268879341 980.915750333079 995.795266190962 1000.70391977011 988.975068928571 978.913800254571 969.973179834775 957.056285197148 942.650319725382 930.117351283334 914.43595653612 896.015577306046 880.309883585222 860.564413309691 838.871361613105 821.045957655282 813.099677283071 818.431568047854 827.938910865251 834.749395222782 843.029221415062 848.750291049791 841.759683893081 815.146842049364 787.683293010535 771.700554818822 746.60128356834 738.679049157951 741.705333582203 724.718415160777 697.413715497505 673.709215783384 664.216642912525 671.176336254219 689.015533112173 711.695530890615 731.79844211305
881.07990586053 887.757442105876 888.73879211885 887.454303970769 889.300860581274 892.958481263605 894.269485614952 895.626122557854 897.58062758924 902.800218343756 910.580189468007 919.941240500001 932.777181628941 942.741317248535 945.179642194982 951.343913776544 959.527507005761 968.344226565224 976.056895378032 978.784934706421 974.137255545373 961.558700183605 954.08635142747 964.692501934135 965.733167556324 949.406247042815 928.699946852167 911.990392716345 899.528563358871 887.881570344725 878.900330626108 875.359279449511 863.629574351781 842.985482333417 823.205694670081 809.163099863357 805.712757612732 813.155926601013 826.834200567611 841.944991067298 854.333699500003 852.271400247141 826.01973505583 793.47929808713 777.043879396545 756.960279235319 743.228278050874 738.641347415243 726.990658668733 707.478320962224 689.745026792516 681.833460797303 686.249825003227 702.408236562155 722.612477972429 730.859075070431
940.437916527066 930.647556433605 917.116532774241 910.819166040002 914.269538940027 919.267853020001 917.117057629375 910.938413715546 904.839599331022 900.014615951771 898.251816773722 902.825957736998 923.033437170907 949.2942559055 958.101797920925 962.194022220002 969.959122072749 980.5716725843 991.017267037325 992.165704100002 978.763308351736 951.099512656457 932.345549230235 952.498354503253 955.531929088208 933.018412305304 906.298115173244 887.656090645779 878.014240705544 874.276370052308 875.872062353036 876.808816468145 864.352844169427 845.105173177635 826.316554682913 809.901537162685 797.905112561488 801.600109529287 820.825446301145 839.269603651057 853.031683878346 853.264022715485 829.533500659998 791.070262053443 768.334218672172 753.505257776024 745.651552226854 744.631174348283 737.022376599686 719.454698714114 706.768393318726 707.751392321316 706.842558920748 718.063944941895 742.871169069707 743.113537503964
961.245736984176 947.701818243591 930.283490628986 925.358652885503 929.997558466196 934.83376463722 933.180895399999 926.184236580724 913.732839527905 898.500813928063 882.819772202362 871.402969122288 888.075009275958 928.908028665184 951.762188258535 961.696696194848 972.392750255532 986.431945858152 1001.41074902226 1006.71756101067 1001.23127585233 994.419927402936 988.113367097274 976.674794934942 953.665801632435 921.938730258007 890.823384964888 869.122915040396 860.779047892483 864.102492052984 870.38977628 868.888848552181 850.4615266344 839.750506523445 830.625377046853 820.627916060064 813.20201767808 814.470144529408 824.36491919017 836.959779035167 848.24176644113 848.817589323311 826.344899075592 789.123471917334 766.27703822526 755.044716638278 751.60145529348 751.617607357356 742.439584091854 719.161144051391 706.232755413867 721.654698413239 723.940410669252 730.490964989156 755.131093357273 751.827908839792
940.541940005005 933.548379989644 924.199461443938 929.68008865541 939.510578264825 946.165713839057 946.962305981351 940.898447719996 925.589021850882 902.398932495758 875.78414669735 850.104823892234 853.414404576419 892.089043134125 927.205976271887 947.683168819774 964.34669856453 980.930095256002 997.184360961418 1008.47294266977 1016.82754034012 1024.76536249035 1026.43745433812 998.122144663041 953.848158245276 911.331572792701 873.700106780747 848.13125143541 840.50249336 854.526669139789 867.316568159484 851.819364492458 829.641399731022 833.789055830373 840.354183351009 839.262339361061 834.978556044584 832.296344939516 832.12664193828 835.367595041869 838.804632860166 834.601933051055 815.367334562776 788.152940928487 775.26281097225 770.590267459999 767.122514270099 759.566100291276 742.258878724052 714.772649803066 699.548424445454 717.088254393989 730.512380964265 738.417064758335 747.786412679143 742.908533674828
934.306857068268 927.959379570358 926.964630061431 940.238174330306 950.361110602745 957.283063520001 960.435640611977 956.416337819997 940.759108420042 914.631154128911 884.606830042117 860.476412195088 858.131652947414 882.099146328593 910.87186291203 933.507020500008 952.942571274431 967.919996007075 981.694231849861 994.657970903241 1004.9108819175 1012.10042489055 1007.47729504222 977.821420619557 931.148726386663 879.398943889196 835.059575220824 789.737606203118 771.895554444485 813.590748567213 859.428344803397 853.03533593527 844.728252951723 854.906034271974 864.573184703939 864.868711747305 860.065118294501 852.021767639671 842.727614186392 836.593593068104 832.512758164532 825.784631974772 812.887649147618 799.892255647712 796.399910280682 796.971939711528 791.160929667802 775.279867192599 753.026304002115 730.457872863136 719.288452069558 725.381457872751 735.778439214258 740.83523770858 738.969595379141 730.070527807425
944.548803490356 944.717870568286 950.306117054504 963.473663070321 970.044799593932 979.939446830295 981.959605110282 977.287231330266 961.494360744872 937.391295224379 906.786136705812 884.397124634669 879.164323850626 890.954932420788 907.194845656197 924.881474975436 941.897814770158 954.936322270149 966.454254070139 976.971223680245 981.155997590552 980.531547640586 966.687141784784 938.14025605488 899.433749734527 846.65804700507 790.090651435369 729.9444419199 681.955941005288 711.38646773002 794.314465600194 854.82183116083 901.398083574765 899.092232279418 891.216336139756 887.29864705022 884.128741659999 872.659242759801 856.477101669667 842.178021424573 831.888657939729 823.421724194926 815.854205625397 813.625170080684 820.356760830917 829.873476029804 820.686160688953 795.575609859559 770.570448355345 752.654874854875 744.079204235386 743.016106798925 743.995397328594 739.974802913678 729.081025643926 716.828104119998
951.433842242936 955.892305942069 965.737870513596 981.296243211518 996.630441966393 1012.15875081041 1009.4230704027 997.962821599806 980.070706643604 957.223707005448 932.114794226847 914.237024325392 906.88867423482 907.877015487179 910.628293321695 918.725214443487 930.057518297659 942.804230516612 952.648801400837 960.449715456055 963.09094114 959.065034114878 946.292085550317 922.965194404149 890.390868550864 845.112691640506 790.344705903817 735.649858827014 697.989178781954 718.705737756921 775.216405455718 835.679493273799 876.203059401116 886.58921768137 893.327033974488 904.811654027867 902.27550174742 891.629408540082 871.341825948989 849.671879366457 834.501266222873 823.521206009251 816.425745508293 817.66143386804 831.69799370186 852.295493519294 840.797916326653 806.541093966738 782.351400818807 768.593308556209 763.611312784736 760.612118849094 749.883954654499 731.69385157224 713.495746612297 704.18968975225
961.471653406647 968.600327097918 980.648180511965 999.913310104629 1019.63351623631 1032.42917904 1028.1482735026 1014.66907682 996.31595442792 974.372436420572 951.429867293523 934.589263894103 925.941828041443 921.003182155138 917.874234272251 913.893003745056 919.727130452419 928.419477941853 938.639417360002 945.658948819999 949.08860299949 947.666019844977 938.929452965743 921.261541789033 894.330670582796 858.622290914389 817.677200520987 781.580059925791 767.407922795462 797.318795428837 843.791423244968 858.155681756532 871.176293446078 883.448822517999 895.865233037648 911.697947239438 914.137180555672 914.769923930373 893.448038635332 862.018751657154 841.575596340951 827.373772882976 811.237856421663 806.013041943049 820.122459176347 824.595866179995 814.328700713222 797.223879197924 781.985652385731 774.416061034741 775.331926597645 773.277559630931 754.136494460588 728.459408259996 700.327572636081 696.384224140651
975.287626792444 984.37355449309 1001.70215881317 1021.90940519646 1038.962112446 1047.42917664 1043.20204062 1030.15555849045 1012.78856969944 992.741405845281 971.516580637413 953.732066707198 940.26729421229 928.275938949392 918.230454266492 909.627281077653 909.555297012021 916.751458479371 925.550097660003 933.241682411435 941.134265309093 943.475794912516 936.981708145244 924.450373288069 904.805475272858 876.846258597614 849.61515623662 835.246168673644 836.525195471594 859.47051478598 887.09924474886 893.834679032717 892.394553373461 890.913498107735 896.225059351593 900.146523890301 915.937129669285 946.457970061015 938.246736883922 894.96530723195 861.681444363114 835.614221192326 806.525903145432 783.523201935012 795.2067492 800.620653275753 793.4377415809 783.007793759999 770.625827217749 765.7682555 766.443645695765 763.344207917496 746.727673288907 728.019587121845 707.880569513475 698.651726031585
981.617394259281 996.986537322692 1020.26077653547 1043.49038008 1059.76971327085 1064.57779787988 1057.08045953965 1043.65885914565 1028.1218237929 1010.50532815627 992.019896066367 972.665183138572 950.066224037824 927.111978564705 908.297464380107 897.279992591842 897.022570733466 905.13668873878 914.595114724094 923.099450590596 930.840243305285 934.177292800112 935.962325925445 934.509668091956 915.157529800168 893.037683596606 879.904415479074 874.482487255707 876.497940628358 881.327148089465 885.509609803216 884.235499341634 872.627827843069 864.441348868251 855.163298645444 868.758607412041 909.587692896854 951.890316645034 955.18117778608 923.885272652155 892.496228139992 856.304430724693 820.108085205235 793.548108759991 797.09574364009 808.7613720099 797.194156894599 772.320000436654 752.285422526151 743.496051656128 742.401764550431 745.111295035189 741.777605844799 737.313952890211 727.355965522683 723.37441538389
981.285947691323 1004.2493135351 1032.34561389063 1062.05758815149 1082.52872274845 1079.82689127455 1066.83247510078 1052.61464068 1037.97568610498 1024.42273186478 1010.96102921731 990.572671910367 961.657917985708 932.870099897252 905.161493209073 889.625209658103 891.857962846807 897.280946720001 906.835074940003 915.09192213896 921.314820302159 926.63652443519 930.472816318255 929.765650195374 922.704832245564 912.951218911766 903.022686499998 893.850112818217 887.042845822573 882.504407421638 882.980686961452 877.966844940931 869.681826245391 854.530152853857 848.139235400414 868.586660340694 912.663669702671 942.202834449784 947.501052183222 929.978519772978 901.736062310118 870.558984829178 847.273260655005 828.521765719118 819.9726855406 817.497076645553 794.138536561825 757.055947552585 718.657205408285 719.937701693742 733.860711205303 743.128801523721 748.424766427624 749.789459788729 749.625631634581 753.876673377606
980.677960277672 1007.86951476698 1035.44658174889 1063.67449079394 1084.05758030368 1075.71961514024 1064.68167101233 1052.07018642024 1040.56303160803 1030.93941475604 1018.1334279 996.889514311645 968.622673959989 936.50625302768 904.682583723502 890.791040465428 895.452391273217 904.464727751409 906.959983925322 912.247847313458 918.4841766904 923.962572440001 926.42797568 925.739796043497 921.575967262925 916.333542458857 912.517450346969 911.092289172157 912.645079579975 907.964493933869 901.30290517372 893.686367301662 883.731984899251 881.729645727391 889.003880788944 905.501444340009 933.114489860662 949.102794084874 947.939161301059 932.87728248189 909.475463373456 887.919896048759 872.782440929049 855.138520883151 846.054974690043 827.142202942519 787.877752916909 744.324099181357 721.033497905215 729.203210884604 741.289960094303 751.120138380409 756.406582591008 759.506150595077 763.926018159147 768.515194420001
989.495510332785 1010.53533159956 1031.92450270192 1049.42785957553 1059.73366349489 1060.96466643598 1053.16763354477 1045.56866639623 1038.59773785108 1029.69346499932 1016.18017763412 997.298997748414 971.300529761649 942.280009534988 920.846144683541 891.031244223741 893.988596821866 912.069195920001 916.155253270759 918.090103722752 920.916904691826 925.359657822673 927.952465174372 927.663830859919 925.202208428423 922.034994111496 922.235077685593 926.931882331264 932.389651000001 930.969820171343 920.574566179892 911.37818594 903.856012442901 897.489589508639 902.512806960151 923.105634125765 947.741275745733 956.02245441994 948.185082919997 933.455577828739 915.734749625956 903.872582465882 896.103803931469 876.713599369446 879.089507840107 861.59402289434 821.279774257719 786.655932609289 769.229936659453 761.744719448489 767.118412886441 773.417428518062 774.1845507705 774.63952563132 776.979858940002 780.834302042736
1001.93178564366 1012.54578896634 1024.03951577989 1034.12364518015 1038.01989267623 1037.25704025562 1035.65030007496 1033.94203687222 1031.72794708532 1026.26846239536 1015.6697945549 998.357412346756 978.101023278143 961.472613830154 940.574335582322 922.178112985567 915.024323346037 914.398714938955 917.424082963252 924.493878073868 927.409933180001 929.633902804897 933.129031551447 933.279130945369 932.64300872 930.152264232739 931.001153075408 937.869293661184 943.978971900001 944.08947522 936.768490501345 930.842838939999 923.147965348087 914.10123635219 910.714891643356 914.979129022101 931.695639687392 941.464090475036 933.388802554316 925.589968134877 918.212849148582 913.326357302431 908.538996448574 904.434889117427 908.559657967338 884.807241219219 849.313780945692 825.214864635944 816.090397581447 808.645229755151 814.947529466512 816.296179692672 802.261278605747 796.022547751397 796.223955312407 798.529819095451
1007.7068773079 1013.18463214012 1017.9587559385 1020.08355781525 1017.30611065516 1013.39680102325 1016.10236959758 1021.44994668985 1025.16231744294 1024.36770777766 1016.78734080248 1002.34493534942 985.842637149098 971.167589059998 953.711315601547 940.556721180419 935.562277067555 926.609003079999 923.24544029177 929.754795624984 933.880797939647 936.890249320002 940.727929197459 944.058092225531 945.63854335971 944.69639222 944.7684704464 949.550581918364 955.01383327251 955.305771494436 950.805241326904 943.408700398369 934.20777742364 921.535391786703 905.653541725028 889.126863001224 879.908226491499 886.309557799946 896.591585658843 903.820165203323 906.905439452497 908.35421542222 908.6609005 906.209450544995 900.807369286935 885.104010428928 867.692671935069 857.701682030074 862.513909159185 876.356757726679 875.994957432617 866.502391845538 849.339863161741 835.140250883357 825.563676470965 822.500168224991
1017.95292929213 1018.37919403675 1016.44942329711 1013.48729438 1003.75413449892 995.320228010296 1001.66909328714 1013.67853357052 1023.04108572045 1027.47152863015 1023.56446082662 1011.36045497971 999.630963925177 984.985084788239 969.510778780774 962.096129166025 958.961599182852 940.69816413133 935.944675860002 938.513667423901 943.896042419374 949.979271420002 954.38536906817 959.318071400002 962.088724500001 961.499998320001 962.208506095013 964.966733073179 968.706846374456 968.241363964731 968.729532280447 961.869571263195 946.958954005464 929.064652241906 908.68228367482 881.414544630168 847.395001753119 846.599771444945 873.95329871132 893.253295552277 899.143899786357 902.831805815376 903.16499680595 897.999020510754 888.773221579999 875.509024384658 872.914415019863 885.766582049376 905.348815387846 924.025495705513 918.212879894862 894.43164289761 877.048846658995 864.221692683305 850.924533700373 846.793184663294
1033.36765000575 1028.58503013666 1019.92219455573 1010.84428758 1001.22675666593 994.02043126716 1000.50493359025 1012.86820986 1024.90957086327 1032.75721714247 1032.62070834333 1025.00853776172 1019.83983654 1006.20041807701 986.948448373873 978.457959764705 981.921403128422 967.331778207722 955.126065130474 958.823098231135 962.138627879558 968.031757932828 972.823051912023 977.442880900002 980.213534 979.866583944806 982.382763391193 984.834884364003 985.314121694794 982.200150023198 982.813824360418 977.444668254372 961.656562289963 943.528086944779 923.536189066899 890.931034147875 855.718929447353 856.002288960343 880.056893864586 900.432390324909 905.51465663512 902.519144329729 898.190965126069 890.877120482422 881.433824479999 862.093764286456 861.870857187198 880.398949896605 900.217103473404 926.672568915826 923.108605495712 902.333925140088 892.699471795028 879.351403841345 865.262075558469 865.002818071019
1052.4227667012 1042.93101388157 1027.20692432673 1012.78104906353 1004.18393761838 1002.49747352 1007.71782187738 1017.67489542724 1030.67413394316 1040.51611381817 1042.53705758499 1037.78550394187 1033.34631204628 1023.18103700278 1007.21626904579 996.707096625363 999.915445869442 995.996876555585 986.450141054253 983.26167472667 982.233494977229 985.86777826982 991.405366593893 995.816055693906 998.284044995914 999.600955081645 1001.53972266039 1003.34204257427 1001.31169764331 996.825646627255 992.973753886494 988.653370206013 980.003396710706 964.409323458238 938.410977497634 910.248532640151 894.269827409054 892.161567695346 896.570617044627 904.373196838049 905.586733416229 899.986305339999 893.676450244603 886.437116901055 877.952906112907 865.221382021892 865.828743058127 878.580232015772 884.496025113278 896.800393379226 890.184866247987 871.15346659389 879.363975033194 894.673058407963 881.462872899991 878.883479598135
1075.05128073997 1059.71069669538 1035.17279794943 1017.05656917315 1007.96922231432 1007.37147205586 1013.40989749018 1022.81787085514 1036.22218842405 1048.13557492694 1051.05564343919 1046.27932961712 1039.66536356524 1031.60920805158 1024.95409042553 1016.47058942044 1017.09926760922 1016.52115561527 1015.98892167758 1007.27115911166 1002.6205310783 1004.64639351395 1009.8076347938 1013.59575267537 1015.79977410788 1017.40390187704 1019.43564175521 1019.88527460508 1019.58399433914 1013.78646610804 1007.60942110736 1003.2625388894 999.84979099128 983.728412644845 956.183539744392 947.584702953012 951.360449424062 947.580936580054 941.370758735554 926.065828168553 908.384464619261 898.026786004081 889.760519115076 883.092775219998 879.383317810136 879.744000715897 886.485200237405 896.022231615122 892.602634757913 885.875725200185 874.232295412714 864.655110829871 878.346886522477 907.022915546116 908.578848592684 912.568104309506
