catData/variables/futureClimate2070/rcp85/MPI_ESM_LR_2070_rcp85/bio16.asc
NCOLS 409 
NROWS 350 
XLLCORNER 60.897278365 
YLLCORNER 5.843756025 
CELLSIZE 0.0892857 
NODATA_value -9999 
[rows 50 to 74 of 350, columns 112 to 167 of 409]
120.736787916828 121.488621840905 124.357489330033 125.526848049061 126.222774138836 128.700781962783 132.08835826 133.782081465374 133.962488189452 134.767658666471 138.156810194355 141.780948156629 143.707386963055 145.53472156 147.70629176784 148.1072686 147.685055846228 149.23185538 150.385683879073 152.54059862569 155.319956840001 159.297239122466 165.583710606545 173.673900120002 184.6192968147 197.54862389878 212.280981562859 228.946331393868 246.514654631015 264.665241490184 282.917834498336 301.153111726497 318.380235001976 336.116268914208 354.083903806446 374.103483638676 398.875024967275 428.78493298315 462.537096451797 495.611445615874 510.722038798568 523.918253940671 568.708272735694 613.013850265995 652.354553486171 698.763310444079 752.951366256331 805.447037589561 890.70379698978 968.072318513403 1019.01479457958 1043.9259870362 1051.04306162036 1036.22317052517 1075.43216918663 1162.88077039373
118.14238448 119.307468475516 123.23001842 121.144323524511 121.996118446489 120.21230712 124.03480916 125.5715976 125.404418893498 125.722351582762 128.653921170026 133.703539640488 136.97087353246 138.62982682526 138.932041986023 137.942829981526 137.482859254458 139.171225531204 142.091659424017 145.71277344 149.055262760481 152.965471034543 157.718176735023 164.891323362776 175.26208438 187.310641978279 200.895040826032 216.03355109378 231.870400343067 247.82707571857 263.783751094069 279.723110689576 294.608357665078 309.493604640579 324.354047012166 340.168918878961 360.918890650633 387.955697262597 418.533806655238 446.458344687985 444.024999018243 437.569964973809 478.352159880115 530.147451510989 577.121347086665 622.235198473318 670.371430594827 726.462079061207 795.491787024085 867.316461098066 940.546846649492 1016.31556620664 1087.96613838433 1118.79554176171 1166.14175652448 1254.50146106645
117.304915387847 117.734342550736 117.986636530021 114.812322717854 111.22809961288 111.440665018556 114.21342456 115.939602907872 116.609222836447 117.0001704 117.711495566403 120.067904269139 123.065810818505 125.189182659322 125.826043535795 126.858952822363 129.719543075143 133.580181413624 138.446768362198 142.330673490773 146.156687640653 149.65913794 153.388313863502 159.413501674928 168.543947792703 179.726326980001 192.007197838405 205.328129361252 218.988887104105 232.649644846955 246.9015620549 260.600467240003 274.418109995504 287.007439338352 299.365167701204 311.034609152154 326.645632586902 351.107248429756 377.080022404107 395.507450397256 392.49864151699 390.170948174822 420.98934614001 466.633534934258 513.272163519397 557.094720845108 601.559090730805 646.844315730873 700.592113204409 770.327167043577 847.414282156998 935.384913867557 1024.07173385378 1093.71442940559 1163.83936099253 1251.51537120307
109.101448699267 109.899192275255 110.120322729959 102.529146839105 101.30264826 103.44550506 105.58836186 107.217149325505 107.80320578 108.739264844298 109.64246968 110.71389808 112.44550266 115.097854083904 117.743066117613 120.83775574 125.656655078609 130.009430103512 136.085779616825 141.529152926686 145.159693278217 148.698061856882 152.06221034802 157.500180114159 164.902775402177 174.156958491828 184.623719272376 196.394883507472 207.946637765144 219.920457317671 232.318612465534 245.147695175734 257.591881557037 270.01219898 281.727598966841 293.096035743481 306.785577273432 327.148456492284 347.616841867774 360.888509320001 365.426697926239 372.285050204601 393.141614939482 426.567529290468 464.513652817299 504.281872735465 542.723907071711 583.752288161118 639.09636587732 706.84771853928 778.079254025265 863.28205049018 960.530965775899 1056.12987829974 1139.67238680104 1221.66406157774
101.112695820161 99.648919557511 96.6360892051185 92.6424720800005 93.8026494600003 95.8225163813393 97.3205275600004 99.0899964011177 100.287139742346 101.83887798 102.91030638 104.885857672061 107.24901036 109.561719771514 113.186518669716 117.223484630943 122.4259424 128.349371093401 135.53247948 141.726501011712 146.106417925833 149.071420676624 152.545400441379 156.80397648077 163.344107156006 170.722232436776 179.284421571095 189.084946228637 199.038861913092 209.804924131864 220.767955770634 232.757578750597 245.386575160002 258.452501959152 272.52842518856 286.424852542028 301.64844502653 317.560013672223 332.657561702427 344.084660820001 351.947368584945 361.967226582876 377.834911879481 401.208886652011 430.964118940634 465.236789592218 500.931416210988 539.728127619508 593.754846142644 660.003931505412 730.271157316421 810.520781873907 908.19294410917 1017.00645847468 1115.70021947803 1210.78631906086
87.7124322411456 86.2756401272346 85.4814132198652 86.8210010800003 87.9066946449242 89.1245939800001 90.2332497898148 91.6825125277402 93.3990688347053 94.9452638828501 96.9159034604044 99.0758090820412 101.838830995514 105.494908286137 109.694340220001 114.713957688178 120.844772245733 128.121227260002 135.681443081685 143.4794027 148.14173456 150.382007652986 153.063191271062 156.766159002768 161.830472513829 168.442689860001 176.048802418721 184.452620621164 193.196265043611 202.080466592112 211.7901773685 222.668946769057 236.57425831983 252.180523684163 268.431254506878 286.30840555782 303.76020062 317.26333352247 328.066020704188 337.941631220001 346.818202067048 356.915800595397 369.666509413532 386.085341841734 408.071533939135 439.136596729649 476.529853609508 517.696500910206 567.394922080127 625.699044579686 688.574594279242 755.543955277019 830.784222786582 929.794745829488 1053.02447333413 1197.81270372139
80.6610935771932 79.5720747199999 79.4465384999999 79.6424744800001 80.7947258927188 82.8418958866001 84.67814428 86.0526068599999 87.82100108 89.3383204600004 91.9522960360067 94.5347263600002 97.9389767037695 102.19434142 106.480055020001 112.436595245413 118.85395408 127.226306493178 135.790793467057 144.857437320939 149.86275253036 150.882032268701 153.352036834835 155.872862020001 160.6758926 166.674359475774 173.198616681893 180.45447606801 188.781475440001 197.352902640001 206.008804866366 216.687412987517 231.769212141398 248.962247670554 267.237441589162 286.730495363039 305.494117036922 318.874181289199 328.566523520001 338.209379120001 347.192063340001 357.226690099999 368.084407299583 380.817073777731 396.96787956014 427.393970438153 464.18444818427 504.592275371151 549.817028655529 599.913222218357 653.557802087404 704.877407602329 763.039230326849 847.954869493547 944.937644188616 1086.18812838001
74.4976834504691 74.0916409997382 74.0893964999999 75.0888377800002 76.0746907392762 76.42763056 78.33888158 80.0109603009855 82.46385908 83.9811784600004 86.64135464 89.8451134418174 93.7122219200001 98.7164595222327 104.843120444883 110.405820957352 117.640075212856 125.174304040002 133.83447782 142.83949731652 147.508562847376 149.629360856104 152.145748968208 155.783554320001 160.07851718548 165.550351580001 171.978921980001 179.13909456 186.65345098465 195.031430440001 204.531833215766 216.242420920003 231.33274938382 247.74081316 266.414157056602 286.459946793193 305.002508737014 320.326717761668 332.618324034861 343.209290320001 352.840342517847 363.208721999999 373.923006000001 385.527381251532 402.027851418676 428.484881004466 461.057739042726 498.027148082795 538.218103242955 580.735638962272 623.353107960983 664.932861869874 718.238447797964 795.119221346168 892.163956846815 993.530273684107
70.1797328399997 68.9113398200001 69.6810441050642 69.8031241800005 70.8745525800002 71.9459809800002 73.2490151600003 75.678678932392 78.1468213482856 80.1531485793237 82.8481443472117 86.1943438200007 90.4800574200003 95.5365523668149 101.711099680001 108.186496699884 116.462917593582 124.015056432954 131.651671240513 139.6937767 144.600114092557 147.87177331909 151.103328534375 154.75388215216 159.5865849 164.975253685229 171.014591780001 178.17476436 185.674763160001 194.923679920001 204.6171869379 216.348591875568 231.473455980002 248.776482959999 267.466369744042 287.577853990572 306.566533314214 324.027668610927 339.181184070177 351.400898356711 361.477033420001 371.81231229022 383.358253316315 396.950252902849 413.723199779998 435.82035600042 463.656849607746 494.921913615069 528.933154177925 563.546740365621 598.550580382823 631.482976003893 673.437106201767 739.004649490851 883.613214613513 1122.38172339425
66.0189967399995 64.7506037199999 64.6250674999999 65.6402233972132 66.5888389799999 67.6802859485089 69.0882790600001 71.23113586 73.7484552400002 76.5725757999534 79.30200314 83.1050361200005 87.3907497200001 93.0482383686029 99.5436264342591 106.87127466 114.48948839998 122.011403557161 130.382362385702 137.695915668563 142.955358731425 147.299232465715 150.795719457146 154.354420400001 159.776215382868 165.708847354272 172.168527048591 179.37117026 186.871169060001 196.010798122829 206.583851299999 218.475060140003 232.658770854247 249.867929328616 268.881974600004 290.083256928677 310.755004211601 331.012245220125 348.431854302924 361.725947780001 372.108810851358 381.70919552 393.660775205636 408.351499517229 425.258957179999 443.102627065259 465.199326590953 490.724596516644 519.244184293877 548.481277851217 577.75055103373 605.254167719888 636.839378191075 692.900887044122 778.873903459958 934.148652797498
63.1975233399996 61.7573804742717 61.4214093950842 62.4141841641036 62.6959371800001 63.9275429600001 66.0703997600002 68.1537388591465 70.4606233799591 73.5520493400008 76.8679391184164 80.8814069576046 85.3775554167917 90.4616169999999 97.2671045448348 104.72841786 113.17430644 120.93162414546 128.90637854 137.15745578 143.445399340585 148.49831304 151.71259824 155.906235747856 161.787921372958 167.76421073246 174.473583934584 181.61945689079 189.014025860001 197.388483640001 207.665907737832 220.421511040003 234.527568600002 251.079512339999 270.828425500004 292.619539638105 315.851520111879 339.337626482406 358.926984971338 372.486145795434 381.789701031915 390.528167780307 401.461214107583 416.877814831608 433.919783279998 448.067006380079 464.669205501665 485.054527554931 508.457844937373 533.84384893981 559.476708490407 583.414183890216 613.069404707122 659.725999705189 724.4632792293 812.474876198743
62.1260949399996 59.7490267456083 58.7717815899058 59.4816519800003 60.5293103590661 61.5168518600001 63.6597086600002 65.5806942274765 67.3135504829907 70.0698386400007 73.6628873459813 78.2503834504679 83.4973780000003 89.050468800561 95.4976090560764 102.85339536 111.29928394 120.155863620002 129.757511396263 138.539618833646 145.424726560001 151.874922849348 155.763431880565 160.698581624299 166.461425 172.83837155327 179.037596933267 184.657461957758 191.262392993455 199.531340440001 209.048655019999 221.492939440003 235.575228264673 251.840206729156 271.302154613646 293.130977759999 317.825775900001 344.850333125805 368.487120802072 381.733744212144 387.880448482789 393.462035050087 402.743866109531 417.949505382048 434.231463955502 444.529417560002 457.806499167475 476.097056119999 496.855362836448 519.046776864655 540.661761114584 562.850555169906 591.308036931944 630.00432604987 678.243963920327 737.438610085539
60.7822265887851 58.2914291461099 57.3581881302086 58.0055681265274 58.3214745999999 58.5874871495823 60.5239986622585 62.92754296 65.4448623400002 68.5078733622201 71.7096772096211 75.6764657200005 80.6223555000002 86.7111020799998 93.6702663230174 101.400113688825 110.53040308133 120.501001732508 130.5659912 140.908433052375 149.213997624086 157.095612559737 163.300125380001 169.585353927101 175.3184746 180.265665243844 184.016097540001 188.432367956349 193.693678300001 201.377525925407 210.852249119999 222.219230541727 235.903155820002 251.329330578043 269.564746072409 290.103982428723 313.944749627564 340.380472362726 365.795000118842 379.982518613001 383.473727804841 387.103451236682 395.495363920001 407.746034338911 420.584116463386 431.785431144047 445.361034755887 463.293555619999 483.882293800003 504.504586611409 524.0786925 546.096484589825 570.825459998424 600.695548113527 635.97856458206 679.139810930581
59.0993111435506 57.71484512 56.0859940398856 57.1612972199998 56.2150662162202 56.8152697043874 58.5045804748911 60.7846861600001 63.1482170911113 65.8428321170569 69.2478953200001 73.5336089200006 78.4794987000003 84.56824528 91.3266141778938 99.5849999400003 109.659738185773 120.783827967185 132.781742861123 144.215904097457 154.780180400002 164.958726425189 173.250555906461 180.455699688603 186.26858094087 188.87427418 190.452667652302 191.915734851867 195.257833663299 202.480345380402 211.923677519999 222.200677923267 234.758834530196 249.19912507386 265.693528237529 283.687944022382 303.951536672142 325.768717111309 346.751897622659 360.105433064148 366.269133221446 372.345561455224 381.575301446577 392.532639734744 402.91001675709 413.832634140003 428.189061378491 447.603736754822 469.072527151161 490.650642923748 510.9715055 533.132555500325 554.713985030516 572.366238711705 591.002453262109 619.766287439762
58.3939292399996 57.1255362199999 55.5980747551245 55.5005599199997 54.5638418661369 55.3561157600001 57.1557051171493 58.15970986 60.4831023718385 63.3734339400007 66.8556287591741 71.1924794053203 76.0183580901867 82.2959898143072 89.6569918600014 98.4530469232952 108.486920427788 120.707255840003 134.675437830329 148.92207322381 162.025851817294 173.8515128 183.636341885249 191.014406980001 195.641617836261 196.878010123534 196.574434347273 195.705158145559 197.439576361715 203.659368661377 212.539075169298 222.173777029611 233.015120560623 245.159493471633 259.246319653971 273.925009087316 289.376095169342 305.325126784893 319.673906333392 330.799340820001 341.055151022561 352.045522840668 364.031477933884 376.326702949123 386.737201913614 395.511161940003 409.972181820002 430.649661779999 453.381256760004 476.189695836086 497.076782859422 519.987298720004 540.297551831305 542.645241644754 540.882535741704 558.689047256955
58.2848998882244 56.1574210419097 55.0483130997308 54.4291315199997 53.3973252884938 53.1245931076735 54.5957660862938 56.05252046 58.3625568652126 61.2305771400006 64.44486234 68.5107430027519 73.7109392961382 79.7577278022211 87.4051043797111 97.2471128805304 108.42894520135 121.797857124345 137.040967882991 153.722634891435 170.142086369267 184.347734110905 194.710248160001 201.023896318722 204.46301716 204.513739051266 202.483785900892 200.709511990375 202.285863248806 206.17192453597 213.180554794329 222.13667179269 230.731221845525 240.99543767411 252.073317651651 263.318938906125 274.535242333454 284.753975604267 293.670395803008 301.808194439562 314.072572703119 330.655500671155 348.142591516081 362.819011367002 374.446963444319 383.340654854861 397.012096490196 414.901465479654 435.597397821993 455.932813854734 474.793107673786 493.426959349434 508.168426463816 502.796598506813 489.420040999804 505.942686186757
57.5719883199998 55.2981514977083 55 53.3577031199998 52.3417407291492 52.16017738 53.1737153131141 54.3561157600001 56.4989725600002 59.0877203400008 62.3020055400001 66.1050385200006 71.2985100136758 77.2403295234714 85.1743112400016 95.4946612000004 107.15483498 122.281419604122 139.836291407618 159.148172859059 178.908100970503 195.700508340646 206.886908122206 211.655065450119 212.36617725165 210.94739074 208.556953126381 206.103787572943 206.604091279325 209.49830584 214.367938790061 220.860435907885 227.812842701475 236.11646358718 244.420084472888 252.837348557889 260.653434384299 266.981416355009 271.992047743568 275.781922813544 288.928529065757 313.348218755851 337.390290442932 354.414072657881 367.246032675025 377.061238155656 388.756627801362 402.657661141199 417.983556865548 433.329985556199 447.072815430463 459.449276819785 469.932266556606 469.423729792179 463.696910377427 482.518434761792
57.1969646199998 55.2510724399999 53.6825524803095 51.5898700199997 50.6071906 50.76736798 51.7684819537392 52.90966366 54.791742959314 56.9448635400007 59.7988850923669 63.2657770200005 68.2116668000002 74.8099062480534 83.0314544400015 93.3518044000002 105.670700268474 120.913660121952 140.175190926263 163.265588653367 188.546546851844 208.99267424 219.517694692056 221.478378871635 219.479936963738 216.180927340529 212.545774993582 209.707494056682 209.333010409844 210.798231652742 214.124829102897 219.383372398849 224.470193295951 231.112499384954 237.281490649005 243.824310591059 249.343872442056 254.265383900001 258.430842464891 262.549857173456 277.980725623678 307.14615857062 334.332476038788 351.507873027744 363.336777568536 373.035691223182 380.942867689288 390.926960661544 401.777256721126 413.375385033803 424.13840912 434.673032280001 446.347842674078 455.296468823913 464.087892245596 484.760710618183
57.045728665235 54.5796302049647 51.6140952151648 50.2148463199997 49.2321669 49.2693547857647 49.8737741640354 51.6055555861646 53.1263211436355 55.227469986565 57.49897256 60.8193249200005 65.2583095771646 71.8177327599998 80.7373598424373 91.2089476000002 103.088725677964 118.02152541184 138.621186244908 165.178357882872 194.875206228658 220.850421971036 230.13193003582 227.688117408091 222.957122159128 217.960793389763 213.359304879999 210.53679564 209.383406540364 210.778064429437 213.111378500764 216.765763820001 221.092684342328 226.084683208636 231.962611683128 236.442796323527 240.642687398036 246.196965367837 252.533790170547 262.161186112057 280.702764480003 310.518758679998 339.345025053677 351.917166873544 358.827440817815 365.180088593764 370.82718661189 377.213733388325 385.976318355638 397.745954690875 410.018658925711 422.336588005039 435.859500189675 450.540679723187 467.348861612189 489.336327455764
53.8082588224281 52.4873702273969 49.4838004600001 48.3041564199998 47.3214770000001 47.3214770000001 47.7846885600002 49.6245111800001 51.384674186585 53.678301327289 55.3561157600001 58.1823547750361 62.1229202200003 68.60344756 79.0574216466906 89.9053523000003 100.771677204402 114.79672643828 134.8616185 162.12785344 192.202303799799 217.95255301377 226.690519152357 224.483422336967 220.0563691 215.193338430737 211.395578816863 208.85827264 207.51844642 208.336495204757 209.58014339863 212.712217120001 216.923451146378 220.495874620501 224.857199634125 228.703637924006 233.8367199 240.388178288514 250.000804901532 263.64187737302 283.542121980003 312.130109122473 340.204782045114 347.612445854922 348.724631664289 351.322375446732 355.780308840606 360.961856591044 370.992295151651 384.234562015552 399.204386011706 415.133365720116 431.319484716156 447.313324200001 464.811202731594 484.282090301862
51.5549585100909 50.3041564199999 47.34094366 46.1770732972681 46.0893101 46.2351820221745 47.2522905153725 48.6683144470808 50.4413491609322 52.0305795919875 54.12394886 56.3193867831068 59.2181091406535 66.7216921635993 77.9226728800021 88.0375607532941 98.6375179999996 112.474575948392 131.244132957803 155.291411357406 179.990873727201 200.546994939999 210.597190035512 212.130874338994 210.809172246353 207.895663751237 205.24586295369 203.07265624 202.464141858597 204.11737044105 206.164537863503 209.305654808087 211.79360146841 215.852063169137 219.14135344 222.409765808461 226.838474518222 234.509014080677 246.550350369388 263.082089471165 283.262387571968 307.974401067557 330.223707182354 333.431558033816 332.478243602152 333.58752522 337.954055062754 343.578762489585 353.019508222983 369.409920050342 388.393615562833 408.571434890042 425.735122222528 441.366969300001 455.752687148105 468.487355526173
49.2362500822452 48.1612996199999 46.1270648798049 45.0008708414151 44.1229253973643 45.17805908 46.2494874800001 47.62395006 49.7601108324834 51.4538642687373 53.5605892900426 56.1774955600003 59.6288996476023 66.8480372736181 76.2560160096786 86.7647403439415 97.4767794999996 110.296155457002 126.675312998878 146.197835023759 165.940941790804 181.94578898338 192.180779530798 195.724022534179 197.265857431835 197.008680171738 195.506838190518 195.134770718596 195.1251719 196.015267693143 199.892774971274 204.158052348834 208.321464536804 211.394736118024 213.78421144 216.99849664 221.33615518 229.540297097097 242.821995035876 259.484060505347 277.978221613134 296.636062194501 309.391979481058 309.660121010226 312.181277914212 316.338356932667 319.7476978 325.897098354676 337.724322500002 354.997019144905 376.071447481231 398.536338600036 418.909609396374 433.607665609718 443.489506914599 449.96894222922
47.1109648308353 46.0652674696885 45.00056112 44.0154656601981 44.9024110300148 45.1516004098864 46.19046080522 47.3192606603262 48.8225230954326 51.4447663400007 54.14173216 57.4305590192492 61.7296016758577 67.457545869036 75.4778105400015 84.8768745988238 95.3575992474343 107.132579125836 121.96521444701 137.002067275196 152.450573746587 165.371531048186 174.550653980001 180.063571357974 183.28498016 183.756176936718 184.695983732655 184.704187184904 186.916624377559 189.313822052665 193.405825067771 198.750764528632 203.287832757984 208.399154479268 211.748349640001 214.35657608 216.905784621592 225.302882692973 239.107610231381 255.227722336274 271.617683902336 285.34039289818 293.336248780001 295.39253628 296.413315660742 298.352124742541 301.523911341059 307.415567735423 318.647044619687 337.681658449583 362.885698529689 389.672802375021 412.019893420328 425.338112263925 431.017356138715 433.688738409145
45.4413030869184 44.765738701648 43.9223705897847 43.7370585024348 43.1664065473497 44.9150612681665 45.5881866600002 47.7310434600001 50.2015643416185 53.3376729400007 56.03463876 58.8398221526807 63.3433504158871 68.7494552555459 76.248161559065 84.7457408400002 93.3171680399996 104.686270897448 116.30401724729 129.007238291714 141.336027313275 152.189713392991 160.575286581558 165.643739309874 168.474609401307 170.60421104726 172.118002764173 173.231900979999 176.812779947039 180.467222036943 185.841085739808 192.373523901338 199.95195283108 206.856077964203 212.723747295636 215.390133352932 217.451033221499 224.278162030068 236.410487898634 251.382641187201 265.999822555769 276.959522519999 284.092935052902 286.12460598 286.131937330036 284.599305554412 283.313965250192 286.511891955736 297.120636671393 317.723912074258 345.578274317121 377.363385439992 404.859626997148 416.56806712714 417.997962252877 418.856825145802
44.3552446992554 43.12553622 42.6284469304508 42.0139187574662 42.9097760902935 44.3203547600001 46.4632115600002 48.6655853335717 50.9453286600002 53.5340764400007 56.23104226 59.5513946200005 63.7074473076316 69.2459377798719 74.9764798878884 82.6521964887066 90.9885351765936 100.366848268837 109.941904463225 120.999062873316 131.039707825558 139.341186235594 146.589004189963 151.623115820001 155.39151244 157.42830688 159.159909060001 160.71485290876 164.893399883482 170.555350008558 178.039355752038 185.963506119799 194.887994632445 205.037162425948 212.382680663076 215.607193 216.73056634 222.532595013648 233.618564460001 247.537560038129 261.266102529634 271.851498762608 278.07180935485 280.06418541291 279.082725899331 273.518206149426 266.98721220287 263.232234840262 272.823149335125 295.932774658402 326.07285378 359.032432880123 385.417634651768 395.828671791513 399.262994434791 407.772381400229
