catData/variables/futureClimate2070/rcp85/MPI_ESM_LR_2070_rcp85/bio10.asc
NCOLS 409 
NROWS 350 
XLLCORNER 60.897278365 
YLLCORNER 5.843756025 
CELLSIZE 0.0892857 
NODATA_value -9999 
[rows 208 to 233 of 350, columns 116 to 173 of 409]
-9999 -9999 -9999 -9999 -9999 -9999 -9999 -9999 -9999 -9999 -9999 -9999 -9999 -9999 -9999 -9999 -9999 -9999 31.6641249666208 31.7697442002412 32.0844869351029 32.2725446699653 32.5413026987597 31.9597934590759 30.2685092008147 29.9301702607896 30.5790875829695 31.0761075487289 31.856740975512 32.0277436737977 32.3804123979974 32.4999681975531 32.71026549779 32.828491776 33.1499255348347 33.464186776 33.6631438773124 33.8525519648642 34.0419600524161 34.07678091 34.1494068195197 34.0758535738568 34.0545947952469 34.4125339518247 34.6177823497271 34.730350295279 34.7960597703384 34.7135293311479 34.7183312119345 34.5168314454863 34.1964795728091 34.13397405082 34.307043336 34.433883598 34.541026438 34.648169278 34.7621256083493 34.9515336959011
-9999 -9999 -9999 -9999 -9999 -9999 -9999 -9999 -9999 -9999 -9999 -9999 -9999 -9999 -9999 -9999 -9999 -9999 31.7514730269374 31.514671122558 31.6974176025014 32.0565130080848 32.4516262712694 32.4227101358151 30.370014240723 30.0166414824684 30.4748752399709 30.8142219896987 30.7015435056237 30.6917115064392 31.1188910409812 31.4931789259298 31.9178920055714 32.269558486 32.63903854 32.9487203273322 33.2392998917046 33.5720235530368 33.8762275222213 34.1523155262174 34.1991300334097 34.1011746695496 34.1735540401629 34.264186536 34.4941856006566 34.760605396 34.8565346236973 34.828512128 34.9273385280663 34.8406346432508 34.5985113708705 34.3968219587604 34.3775905363915 34.471369168 34.578512008 34.517807348 34.6338241260001 34.8346679252732
-9999 -9999 -9999 -9999 -9999 -9999 -9999 -9999 -9999 -9999 -9999 -9999 -9999 -9999 -9999 -9999 -9999 -9999 -9999 31.7197222260022 31.8772819647292 32.1624307001349 32.5521002950481 32.0117500278467 30.7787670122083 29.7567499571581 29.9368832637793 30.529489941189 30.7136669112748 30.9702578259511 30.7315983234893 31.2577410143064 31.78722889 32.2703879038815 32.6465703204843 32.9124891135751 33.1348960292156 33.428413344 33.749841864 34.071270384 34.1950719296608 34.283864518 34.38213318 34.3849949117754 34.4483886810706 34.6971344397466 34.9307552111275 34.9861164426191 35.042797808 35.0269330710152 35.0304573974972 34.9756375526496 34.5807554426665 34.4988784477162 34.680726559101 34.6807113741637 34.6177478760001 34.8306027115525
-9999 -9999 -9999 -9999 -9999 -9999 -9999 -9999 -9999 -9999 -9999 -9999 -9999 -9999 -9999 -9999 -9999 -9999 -9999 -9999 31.7476457973244 31.8416062421849 32.5287823845391 32.7132593477611 32.2719517152063 31.4686521359684 30.6296902892262 30.5068643017677 30.9406320473337 31.424655204484 31.5841677888339 31.6532808119509 31.9468724648672 32.3765639020001 32.7025986339675 32.9755687084823 33.230243706 33.3739893692361 33.5638340841683 33.865918114 34.0910644627313 34.3034316751812 34.506924709631 34.59641886 34.5745030824082 34.6224587709805 34.9742205874302 35.09820943 35.149940648 35.1971552487797 35.1976009387705 35.1968994536793 35.1103647865165 34.5739787005263 34.5962819269712 34.7981784334786 34.7967366481433 34.8005735832437
-9999 -9999 -9999 -9999 -9999 -9999 -9999 -9999 -9999 -9999 -9999 -9999 -9999 -9999 -9999 -9999 -9999 -9999 -9999 31.5601841741401 31.5541297775424 31.48950315094 32.0550300200953 32.5420108231998 32.8409091740001 33.0421294120458 31.2653480880001 30.35695944673 30.9676784747509 31.2130786406843 31.744076055909 32.1333579411791 32.3982847231422 32.6808591992247 32.9008794533071 33.117748596 33.332034276 33.546319956 33.684600841637 33.7100325977194 33.8948189041981 34.1104536181157 34.417748356 34.6 34.5780797201318 34.5930165995715 34.869538806 35.0862109763792 35.2027687944616 35.20535227 35.271369168 35.30535227 35.225049692 34.8602509128738 34.6063401671307 34.7911192110389 34.8955976442428 34.9062095312039
-9999 -9999 -9999 -9999 -9999 -9999 -9999 -9999 -9999 -9999 -9999 -9999 -9999 -9999 -9999 -9999 -9999 -9999 -9999 31.6334460042903 31.5844742491399 31.5956797611447 31.9265841820001 32.42831576 32.7733219777086 32.3987263111455 30.4930625605572 29.3502945837276 30.0683496269096 30.1140893259574 30.8659432170668 31.5417091317452 32.0841702343029 32.4893568108666 32.817709044 33.080263266 33.294548946 33.508834626 33.7331542314422 33.8843083003147 34.0064074348724 34.215957786 34.4291346276973 34.6020013440178 34.609601260267 34.6265163425519 34.762395966 35.021270024 35.2456999805934 35.3073563783086 35.3702631239763 35.3908586102612 35.3172362074539 35.059516548338 34.5756867437684 34.6280198108014 34.8155302593712 34.991026558
-9999 -9999 -9999 -9999 -9999 -9999 -9999 -9999 -9999 -9999 -9999 -9999 -9999 -9999 -9999 -9999 -9999 -9999 -9999 -9999 31.488480675063 31.4053351166703 31.657396021683 32.0939652548463 32.1387307524859 31.7047845310947 29.710644433963 28.9156155478909 29.8745483477697 30.6594836858219 30.789433556 30.7959350371222 31.5289929021962 32.0037382909829 32.4096098632815 32.6733120251836 32.855292726 33.1126797656989 33.4546204084949 33.8181302431905 34.049901096 34.264186776 34.4730836912771 34.616017018 34.6813882633341 34.6255887786819 34.7068134399703 34.9446468406226 35.203462436 35.358874058 35.4 35.3412073347686 35.3354077301164 35.251830482 34.9926615156239 34.8392759 34.8375332404925 34.835654728
-9999 -9999 -9999 -9999 -9999 -9999 -9999 -9999 -9999 -9999 -9999 -9999 -9999 -9999 -9999 -9999 -9999 -9999 -9999 -9999 31.4690498248096 31.2966690516148 31.6215077292687 31.8711836317306 31.6504283079796 30.9815731552279 29.7207168084132 29.226781258125 29.6042671550069 30.4463397575425 31.040953659255 30.9923512992416 31.164226568 31.2562521052476 31.5820416658218 31.8287031466681 32.0152883903672 32.4462718798555 32.9245986818947 33.4966000360663 33.805936140027 34.050364761994 34.3022183189744 34.616017018 34.7062023929353 34.757083488 34.864226328 34.9920753062468 35.176681646 35.3636271436749 35.42678079 35.42678079 35.4855777032212 35.412554582 35.3307432247396 35.1061959565598 35.0423111312994 34.942797568
-9999 -9999 -9999 -9999 -9999 -9999 -9999 -9999 -9999 -9999 -9999 -9999 -9999 -9999 -9999 -9999 -9999 -9999 -9999 -9999 31.4 31.3600552391293 31.5526003650485 32.1063332649845 32.2692693388238 31.8901697351122 30.1347722985025 30.0941871875444 29.814698619454 30.43368992334 31.0591269018595 31.3478241785663 31.339216668 31.2528789582075 31.0512141788111 31.2112748149442 31.7524218676318 32.2121457142448 32.5154377131421 33.0316431586451 33.4444952499159 33.8712703840001 34.1985626386898 34.5536033119233 34.6970928925365 34.8405824731496 34.971369168 35.03392363 35.1198369590112 35.3566499563981 35.488471698215 35.5248184388281 35.53392363 35.446478212 35.4660114006674 35.4649723152804 35.2810126521064 35.0784305654934
-9999 -9999 -9999 -9999 -9999 -9999 -9999 -9999 -9999 -9999 -9999 -9999 -9999 -9999 -9999 -9999 -9999 -9999 -9999 -9999 -9999 31.3474950884854 31.5190914452689 32.0761266191154 32.396340236 32.2139702908104 31.3290654791407 30.3317427642405 29.5366100545605 30.0706995731597 31.0199385186058 31.4676444477715 31.6042010588114 31.4260900551311 31.2956421227206 31.5062513039259 31.8637203969703 32.310506972 32.6774052939894 32.9518686309089 33.2270542768454 33.6827056034004 34.0481339056461 34.390967566 34.605253246 34.8070946776167 34.9860677192582 35.1183108728749 35.1715535028794 35.2935706186337 35.4791720472242 35.5841820861421 35.6 35.512554582 35.5557441994049 35.639335372 35.5180888690865 35.28213294
-9999 -9999 -9999 -9999 -9999 -9999 -9999 -9999 -9999 -9999 -9999 -9999 -9999 -9999 -9999 -9999 -9999 -9999 -9999 -9999 -9999 31.5177177805355 31.6308177091723 31.9547506902923 32.2862425263415 32.5163879560983 32.544434132145 30.8238489939997 29.631793042947 29.6933543737491 30.8556297692057 31.4548122246805 31.7 31.4754600221526 31.3553183941811 31.7348615473326 31.9306093512885 32.0292296984603 32.4604675400001 32.9477612690403 33.2839593004503 33.5052560197929 33.8347999120181 34.1951277998604 34.4610663037388 34.6967021096172 34.8942843785044 35.117874817374 35.2249392632524 35.2787005908692 35.4662244029908 35.6223302997752 35.64820931 35.560763892 35.54820931 35.698268902 35.5865301882796 35.44820931
-9999 -9999 -9999 -9999 -9999 -9999 -9999 -9999 -9999 -9999 -9999 -9999 -9999 -9999 -9999 -9999 -9999 -9999 -9999 -9999 -9999 31.6325883225856 31.6482854518067 31.8562972147846 32.2996052511188 32.5548270247404 32.5887164622817 30.5984652735633 29.7881132894889 29.7641677532817 30.5126715063704 31.4305244970885 31.6724439771711 31.4543121128731 31.4643525564587 31.8215376687788 32.0365419052515 31.9495278147626 32.0899717086321 32.7070205497847 33.2200064592957 33.5578564931933 33.726622534 34.048051054 34.3438406153201 34.549901096 34.7849136863621 35.033824606 35.2250134093842 35.3325880568953 35.4508441735937 35.6058239880826 35.64464785 35.654008269879 35.65535215 35.6457913518848 35.701830362 35.5929730380325
-9999 -9999 -9999 -9999 -9999 -9999 -9999 -9999 -9999 -9999 -9999 -9999 -9999 -9999 -9999 -9999 -9999 -9999 -9999 -9999 -9999 -9999 31.5927250682206 31.683825446 32.0888349119333 32.4264038336316 31.9068382821035 30.0511014954815 30.1346592165667 30.3604567650732 30.5613193352129 31.4253747999272 31.7204220936496 31.5317536652795 31.650018933504 32.001612874 32.1497497142086 32.0436136910649 32 32.5574704507776 33.1104474999999 33.54140034702 33.7835716073464 34.0380412202026 34.260664868 34.3602350698303 34.5482532292285 34.8920522783723 35.140967446 35.3331724046597 35.466016898 35.573159738 35.6 35.7420944232346 35.76249499 35.664875336478 35.791126062 35.6879858116188
-9999 -9999 -9999 -9999 -9999 -9999 -9999 -9999 -9999 -9999 -9999 -9999 -9999 -9999 -9999 -9999 -9999 -9999 -9999 -9999 -9999 31.8231233633715 31.707240904 31.6837017195231 32.0212122320001 32.5106790177913 32.1507068065407 29.7580039852483 29.6700191326017 30.4090089011736 30.861937894654 31.5000502115505 31.8407835036775 31.7265846159934 31.7429504967786 32.1052619404451 32.1540270976687 31.8821481717847 31.6792442302319 32.3591705739814 32.9995362074367 33.4343505177869 33.6722929110105 33.8342744497659 34.083884198 34.2029286226373 34.423705891905 34.7330769251286 34.964186776 35.1374738395759 35.3030761432005 35.4848309319769 35.5862831427533 35.7139957444704 35.796231380306 35.701731098 35.791126062 35.7111537366351
-9999 -9999 -9999 -9999 -9999 -9999 -9999 -9999 -9999 -9999 -9999 -9999 -9999 -9999 -9999 -9999 -9999 -9999 -9999 -9999 -9999 -9999 31.767965244 31.8123458111077 31.9898018941114 32.2590241808843 32.4668291779047 30.14976915643 29.548887233609 29.884612160032 30.767616769583 31.314136540826 31.8075835737053 31.8880730196441 31.8327791098937 32.1629526764622 32.2614519328712 32.0170941492803 31.769736374 31.9802220352135 32.2931249079706 33.0222179918328 33.3921594746508 33.6343764627967 33.716037178 33.8767493305525 34.181994604 34.4930700013706 34.7896206717796 34.9368894918114 35.078472456 35.292758136 35.426741238 35.6010252558248 35.717807588 35.7771826193572 35.7979395310518 35.792797448
-9999 -9999 -9999 -9999 -9999 -9999 -9999 -9999 -9999 -9999 -9999 -9999 -9999 -9999 -9999 -9999 -9999 -9999 -9999 -9999 -9999 -9999 31.8787734456551 31.6457757187845 31.8467884527329 32.090968286 32.399842704 30.5338366798558 29.5756582746215 30.2132146988064 30.5029034943222 31.16759118 31.7347311912444 32.1461675277166 32.2284908680167 32.3295746692611 32.4947313088223 32.4550874389057 32.3264048574945 32.0974368558552 32.0188780532664 32.6537018223805 32.990928494 33.26430596 33.2680292522554 33.3967216317863 33.839493793656 34.3033382458697 34.5844408361773 34.5494111180939 34.7232236419895 35.0559471660364 35.212455558 35.4804310801199 35.610664748 35.71607649 35.7309711304897 35.8864984457135
-9999 -9999 -9999 -9999 -9999 -9999 -9999 -9999 -9999 -9999 -9999 -9999 -9999 -9999 -9999 -9999 -9999 -9999 -9999 -9999 -9999 -9999 -9999 31.7650498181847 31.7108286765641 32.0520266710667 32.383766214 32.1338112466459 31.230690172873 30.4166906578454 31.0430140946649 31.1597937012619 31.5084414647463 32.0377938667842 32.3942199012048 32.5946216722767 32.6849945300979 32.617906372 32.4376346867002 32.3765637329222 32.4508871372968 32.6931070313545 32.8032306240116 32.74466825 32.7657590873458 33.0121365140403 33.6391952746945 34.1872871620001 34.4135551359569 34.3537336397175 34.5128820626082 34.837346514 35.144427131481 35.3827029035852 35.4173838339108 35.5178673 35.5356151760001 35.7324531951122
-9999 -9999 -9999 -9999 -9999 -9999 -9999 -9999 -9999 -9999 -9999 -9999 -9999 -9999 -9999 -9999 -9999 -9999 -9999 -9999 -9999 -9999 -9999 31.9242194610001 31.817553397193 32.1479927820001 32.481975404 32.0812261523596 30.8019130883851 30.726592307948 31.0400536878941 31.553442636 31.732964868948 31.9353628488601 32.257849581877 32.577359377184 32.764834896491 32.725049212 32.458738806895 32.314120327588 32.5821685034379 32.8964493849741 32.880619753667 32.6685396327201 32.549486586947 32.8538469637461 33.3547049288781 33.785516752 34.0579680501749 34.2777773139277 34.596259884 34.917688404 35.0813879011942 35.1049227725801 35.1982667920169 35.2070725273239 35.3126144733691 35.4528491038758
-9999 -9999 -9999 -9999 -9999 -9999 -9999 -9999 -9999 -9999 -9999 -9999 -9999 -9999 -9999 -9999 -9999 -9999 -9999 -9999 -9999 -9999 31.9205245808758 31.759031594 31.7096498737551 32.0511273906106 32.3888286316344 31.6903604437218 30.2222878389726 30.2140826741866 30.8571625444282 31.4981818096673 31.8875812932723 32.1725419084239 32.3872214896968 32.5994914460913 32.7570275620618 32.7332346239117 32.630401242 32.435812744 32.4157664647895 32.8033700142709 32.976899614 32.7651856408254 32.6313848729038 32.7557399675367 32.9628431788548 33.226026720633 33.544489594 34.0330874162609 34.4088068901861 34.624911356 34.67859188 34.766037298 34.967768396 34.9857676568843 35.1070438160001 35.321329496
-9999 -9999 -9999 -9999 -9999 -9999 -9999 -9999 -9999 -9999 -9999 -9999 -9999 -9999 -9999 -9999 -9999 -9999 -9999 -9999 -9999 -9999 -9999 31.866174434 31.8626966398906 32.0389758047246 32.4881453013909 32.0679833045201 30.9191773511146 30.513048782694 30.787762812274 31.1359660494186 31.5075786607184 31.9171913722923 32.1314535184262 32.299394970003 32.6022975284292 32.8371787118569 32.8172360447154 32.6360349052877 32.707083368 32.8140098795677 32.882251644 32.718018323577 32.789335012 32.682192172 32.7482407081183 33.0697582758662 33.342698784 33.6567710669892 33.9648122284169 34.1996936518446 34.2801216281832 34.3640243567 34.564186776 34.6782561575554 34.8813720530171 35.1050425404107
-9999 -9999 -9999 -9999 -9999 -9999 -9999 -9999 -9999 -9999 -9999 -9999 -9999 -9999 -9999 -9999 -9999 -9999 -9999 -9999 -9999 -9999 -9999 31.9876842654462 31.7944389856512 31.846359028 32.5227477236944 32.709928326532 32.0026590709418 30.4625477266201 30.8930599255953 31.3771293523436 31.8559321575456 32.0976195264875 32.3131360754016 32.4507981519058 32.6190700218893 32.753522268 32.78036229 32.7272612814513 32.7956511930694 32.88036229 32.866099304681 32.7485263704545 32.8859362735009 32.8208742339108 32.8012894856793 32.946772144904 33.2050794642891 33.439197276 33.6405187490197 33.8037049823704 34.0346858418295 34.0993460175951 34.3281379016001 34.482093388 34.60175618937 34.840611266415
-9999 -9999 -9999 -9999 -9999 -9999 -9999 -9999 -9999 -9999 -9999 -9999 -9999 -9999 -9999 -9999 -9999 -9999 -9999 -9999 -9999 -9999 -9999 32.1320568082848 32.0034662908015 32.060665348 32.3823170482744 32.7926099618878 32.2217222902009 30.6746762695746 30.7630751613746 31.1392721746872 31.6384406352007 31.7794025857245 32.1681209550246 32.401981735187 32.539236588 32.646379428 32.67321945 32.7372466798365 32.7211075799989 32.7469025618388 32.7755960036764 32.807438126972 32.8633964206484 32.9580762771892 33.0290496040537 32.9880589871355 33.0009272594042 33.1287618694603 33.2483372096227 33.4731060837851 33.5679443720526 33.6840832318903 34.0276905205443 34.3490971931309 34.4976235105969 34.5095423872407
-9999 -9999 -9999 -9999 -9999 -9999 -9999 -9999 -9999 -9999 -9999 -9999 -9999 -9999 -9999 -9999 -9999 -9999 -9999 -9999 -9999 -9999 -9999 32.121502009923 31.9796504750945 31.9027108359298 32.276584782 32.6579981898323 32.1195011365713 30.2872439322027 30.576063896738 31.287288362 31.6282652886905 31.8810450447798 32.169539526 32.3049787502797 32.3309846044282 32.4283613726608 32.4915478781311 32.4389007667971 32.3999698021433 32.499373839458 32.573180618 32.6428559065175 32.5225264410472 32.5879041632692 32.8610809597867 32.9517400107272 33.037385826 33.192797448 33.23392339 33.380242866 33.514225968 33.6791497758148 33.889176516 34.2051932940001 34.491126062 34.448050334
-9999 -9999 -9999 -9999 -9999 -9999 -9999 -9999 -9999 -9999 -9999 -9999 -9999 -9999 -9999 -9999 -9999 -9999 -9999 -9999 -9999 -9999 -9999 32.0565359656076 32.0116081504953 31.7735730395982 32.0805771532988 32.398268422 32.1172816109067 30.2213331779701 30.3072864637743 31.0693911062158 31.4296246573188 31.6596002831566 31.8754655174261 31.9367138446275 31.8215683439999 31.9299666208334 32.1079490079364 31.9967543990392 32.1490776682844 32.2596447652452 32.3052298876519 32.340054904902 32.217906372 32.2552471930294 32.5686942709607 32.7348125297255 32.9604415769657 33.2082074362058 33.3542213023431 33.4984079897255 33.621368808 33.7285116480001 33.8137112512502 34.1237717306863 34.4573482155783 34.4759615902159
-9999 -9999 -9999 -9999 -9999 -9999 -9999 -9999 -9999 -9999 -9999 -9999 -9999 -9999 -9999 -9999 -9999 -9999 -9999 -9999 -9999 -9999 -9999 32 31.9612866425566 31.8612128423579 32.0407745821709 32.446477492 32.2006686306997 30.5912901592722 30.1803819510019 30.6396868691849 31.1122120846719 31.296340956 31.3803715167992 31.4710125910697 31.4834091505408 31.561879768982 31.8416139794832 31.9390245574315 32.1371922335744 32.2964801541033 32.295721841316 32.2595125854195 32.2991704463102 32.3278062382186 32.3806066076263 32.3959916345525 32.6355055830975 33.039078092 33.3674417885687 33.4896810386958 33.7000238161195 33.835654488 33.799220931511 33.9570462295069 34.2813588999288 34.5796689274355
-9999 -9999 -9999 -9999 -9999 -9999 -9999 -9999 -9999 -9999 -9999 -9999 -9999 -9999 -9999 -9999 -9999 -9999 -9999 -9999 -9999 -9999 -9999 -9999 31.919696942 31.9 31.994588738 32.3885230634961 32.2784022546437 31.3653532856738 30.1831067598026 30.3886383462471 30.6467882246747 30.9664922028225 31.2572687001477 31.4547386655579 31.6284354036207 31.66605573 31.8539195713596 32.074891316 32.2469450382833 32.3410000946968 32.125070092 32.049961288 32.157104128 32.2842636363736 32.4207268204928 32.4848050885831 32.6424298603122 32.925672310805 33.1330739421027 33.259582984668 33.610506492 33.873547016141 33.9523564074387 34.0132078201931 34.1849859174745 34.5196153289131
