catData/variables/futureClimate2070/rcp85/MPI_ESM_LR_2070_rcp85/bio15.asc
NCOLS 409 
NROWS 350 
XLLCORNER 60.897278365 
YLLCORNER 5.843756025 
CELLSIZE 0.0892857 
NODATA_value -9999 
[rows 162 to 188 of 350, columns 120 to 179 of 409]
124.468698961734 124.908159569273 125.73150376986 126.269116285643 127.14227888 127.86099873665 128.387144367847 129.35656408 130.91786624316 133.53521548 134.69539046 136.83824726 138.869447445173 140.33882638 141.22972651618 140.876878828317 139.00116064 136.85830384 135.693892381807 135.5178973 135.5178973 135.065017355297 135 134.46478692 133.436142328787 132.886985766716 132.362157177781 131.672022835445 130.62554222 130 130 130 130 130 130.80302818 131 131.456013702747 132 132 132 132 132.156936854769 132.698423249728 133.214961774224 133.4821027 133.198269276782 133.318269247714 133.129397627789 132.584115116708 133.35655688 133.938115245701 134.473137390198 133.9642054 134.047155860809 134.370449556312 134 134 134.214960617178 134.750016038326 135.283832266171
126.827779196184 127.1070622 127.338029214537 127.5535311 127.848279232891 128.404965887932 129.35656408 130.42799248 131.49942088 133.01731818 134.128369167951 135.678157027128 137.12454118 138.19596958 138.8929378 138.44704922 137.144654876988 135.594867017811 135 135 135 135 135.523578081928 135.545800142751 135.1070622 135.035550124397 134.53239495478 133.668739626044 132.078861493133 130.613438464619 130 130 130 130 130.80302818 131.48403891263 131.975839326547 132 132.049121335099 132.5535311 132.425334083254 132 132.37445538 133.44588378 134 133.41125942 133.294744918315 133.524795325017 133.5535311 134.42798528 134.975838255022 135.5535311 135.5535311 135.464873252552 134.896599508271 134.5535311 134.5535311 134.752603269259 135.286347051564 135.816384387613
128.858983446766 129.249919 129.249919 128.881975481785 128.6249595 129.35656408 129.926129390336 130.87446138 131.354746976036 132.381535518886 132.83882758 134.010358855413 135.60664388 136.488689690287 136.750081 136.30419242 135.556066181162 134.78629512 134.3750405 134.832262232612 135 135 135.94588738 136.010821661211 136.6249595 136.725060875511 137.01831802 135.75750853019 133.87604394 131.73318714 130.30165883874 130 130 130 130.80302818 131.87445658 132 132.010820161308 132.658241261542 133 132.76840142 132 132.37445538 133.167224475793 133.3750405 133.154238938506 133 133.73159738 134.501858589956 134.952915232894 135.591138304255 136 136 135.939930595705 135.480221267145 135.189378090005 135.390941552846 135.278657804304 136.14226928 136.6249595
131.202855070285 131.3927758 131.3927758 130.80402802 130.3927758 130.105419225807 130.559222450573 130.961884955951 131 131.3036121 131.39235868 132.512418142045 133.83882758 134.6072242 134.6072242 134.16133562 133.6072242 133.428473978813 133.3036121 134.544693185766 135 135 135.94588738 136.01731578 137.061800373148 137.745018233376 137.76839902 136.182915246424 133.55469654 131.722349480529 130.48268542 130 130 130 130.243809072089 131.17806868 131.962314954864 132.01731338 133 133 132.929683868769 132.485363577754 132.113689184278 132.3036121 132.3036121 132.3036121 132.763345789627 133.222121816896 134.10663788 134.912571410057 135.94588258 136 136 136 135.929684597438 135.788389829086 135.886311544391 136.14226928 136.853449408656 137.40999014482
133.823151072664 134.3034489 133.90624264773 132.494834677927 131.7678163 131.597949641679 131.722083768519 131.096390598715 131 131 131.08874658 132.16017498 133.23160338 134 133.712483370095 132.78629512 132.2321837 132.684231999314 133.506892189117 134.66928458108 135 135 135.219619631672 136.004020441869 136.32092788 137.2321837 137.00058272 135.788437354686 133.731385952854 131.55411382 130.48268542 130 129.493109653642 129.2321837 129.848761825963 130.203034564234 131.17806868 131.24949708 132.300321085175 133 132.822174835219 131.92915672 130.944670755613 130.4643674 130.4643674 130.916412013795 131.89235268 132.2321837 133.03520948 134.10663788 135.90433034281 136.754524647387 136 136 135.822176677978 135.464850911825 136 136.44588138 137.397198881234 138.35655448
135.21370728 135.8392447 135.32192532 134.155852594002 133.124440039869 132.225249433739 132 130.39165154148 130.954588284649 -9999 131.08874658 132.16017498 133.23160338 134 133.62553982 132.55411142 132.434155533685 133.42799008 134.49941848 136.184840132073 136.6784894 135.944604335667 135.045413729538 135.175287476592 136.014266097279 136.1607553 135.92915432 134.603410118891 132.512398967239 130.340661506631 129.672503058996 130 129.33982862 127.772017524228 128.12453878 129.055393650145 130.10664028 130.163538517596 130.335776311466 130.4822659 130.445035200792 130.01848362 128.94705522 128.3215106 128.755662105311 129.25539846856 129.98167958 130.935499823699 131.96378108 133.03520948 134.258693517913 135.318727768217 135.1607553 135.1607553 135.123524986605 135.048712807265 135.475012978864 136.44588138 137.51730978 138.58873818
134.46378948 135.495387821019 135.48268062 134.41125222 133.33982382 132.26839542 130.537398933402 130.02242795151 130.94588978 130.492887889333 130.258892603123 132.306042025579 134.14227648 134.9106731 134.53621292 133.870843255403 133.867556522141 134.49941848 135.57084688 137.37387746 137.9106731 137.03621412 135.96478572 135.001546764949 135.0893269 134.943462040036 133.94705282 132.57259504 130.42973824 128.28688144 127.69596838 128.1786538 127.51848242 127.047950719224 127.071732017932 127.167439395476 127.26314677302 128.1786538 128.1786538 128.032791125652 127.2679807 126.96495372 126.234531761716 126.584708164172 127.135536793372 127.714804009084 128.148297748459 128.91025118 129.98167958 131.05310798 132.12453638 132.283745343821 133.1786538 133.1786538 133.389562211189 134.365283233645 135.033448723899 135.941260458557 137.51730978 138.58873818
133.760121341512 135.44589098 135.990740759077 135.39335372 133.673565303358 131.549885464575 129.41183254 129.87670833299 -9999 130 130.17749316 132.32034996 134.23160338 135 134.62553982 134 134 134.58874538 136.308531439599 138.44530586 138.9821015 138.966449995947 137.089358205271 135.9821015 135.894945707706 134.682521688923 132.78629752 131.709445348642 130.25108444 128.546133126207 126.97524980503 125.457591636227 124.39352412 124.0536955 124.0536955 124.912500618903 123.177886884629 123.106495996468 124.071594 124.226030568066 124.808343687184 124.048271771598 124.035797 124.043777650836 124.561748567946 125.62453758 126.684149945512 127.030992995706 127.83882278 128.91025118 129.052726879358 130.036106840575 130.140846578207 131.19309801699 132.24949468 133.32092308 134.385649333337 135.45386198788 136.53520828 137.028436030315
133.69539526 135.416229579571 136 135.968484390211 134.661456904898 131.844348980007 127.755425429767 126.07200872 -9999 -9999 130.083995984447 131.26682006 133.40967686 134.9464701 134.551965104011 133.470919991098 133.46378708 134.53521548 136.926991440001 138.717234871535 139.80303058 140 139.104745876863 138.01889834 135.960035252919 134.83125339781 133.2392695827 130.28688144 127.789611547518 125.922601857373 124.913694635472 123.93696929431 123.8929402 122.468903103064 121.9464701 121.899660526718 121.8929402 120.9455433165 120.8929402 121.05311038 121.905337648828 121.9464701 122.300880920954 122.916808314155 123.436090610736 123.924455424373 124.571300300518 125.62453758 125.935926089701 126.77411483519 126.943573199919 127.893866855028 128.030459269863 129.061681745247 130.40966246 132.552519260001 134.32092308 135.39235148 136.46377988 136.35773192
132.74892516 134.836064181154 135.8750417 135.359862841717 134.33982382 132.445370775411 127.157189456024 125.12553862 -9999 -9999 127.244060496465 130.090448553203 132.309307695361 133.787949736075 133.12612134 131.8750417 132.457001730382 133.662314001818 136.105479640001 138.58816266 139.92798888 140.1249583 140.1249583 139.092490490432 137.061338918132 134.80461314 132.256435309478 128.730950103825 126.454209432389 124.67907212 123.995672799036 122.771124061918 121.917506106646 121.14344192 120.774696663775 119.98489742766 119.8750417 119.734933470532 118.886130721968 119.140155586596 120.10664028 120.8750417 120.921833007711 121.390166900854 121.939684150582 122.515172557982 122.8750417 123.515219915111 124.55310918 124.7500834 125.69596598 125.89235268 126.886130422068 127.300321266497 129.33823406 131.481090860001 133.24949468 134.32092308 135.39235148 135.359871242118
132.55253846 134.337071338122 135 134.884377766353 134.14343712 131.752476969171 127.300245093866 125.51831202 -9999 -9999 127.106175227983 128.613999168511 131.080700503507 132.243520368731 132.201770938063 131.283953286794 132.42740736 134.685885922319 137.310382739839 139.65959106 140.99941728 141.024654586632 141 140.17907092 138.93015416 135.844585775583 133.53679804 131.150422799941 128.220090415407 126.055707804534 124.256550536772 122.49202242901 121.210179741247 120.07201352 119.00058512 118.8036133 118.8036133 118 118.08874178 119 119.186115699149 119.863123768613 120.300917323625 120.8036133 121.32092548 121.8036133 121.8036133 121.8036133 122.60663908 122.8036133 123.74949588 124.82092428 125.89235268 126.96378108 128.26680566 130.409662460001 132.17806628 133.33705985281 134.51730978 135
131.74892516 133.772365622603 134.870730841487 134.41125222 133.33982382 131.732725593753 128.858716159999 127.39335372 -9999 -9999 -9999 129.203072258286 130.668994977625 132.081156486464 132.368101190553 132.98151878 134.70880945873 137.412006537181 139.19580398 140.802900449003 142.07084568 141.627549439174 141.282307276737 141.245861892647 139.757534491441 136.83019399553 134.07242824 131.92957144 130.060886972203 128.256627688114 125.44805626 122.664839779937 120.41184214 119.00058512 118.144219792329 118 118 118.2678151 118.332790491315 119 119 119.30302698 120 120 120.378768166782 120.7321849 120.908988121396 121 121.587963350427 121.7321849 122.67806748 123.48168078 124.576874925929 125.89235268 127.19537726 129.257079501805 130.939106942284 132.504533893628 133.98167958 134.4643698
131.536715656258 133.44589098 134.51731938 134.41125222 133.33982382 132.26839542 130.135748497501 128.210714941668 -9999 -9999 -9999 129.605255139172 131.310173321243 132.745076841659 134.179980362074 135.46361908 137.394185017096 139.85597776 141.33866078 142.41008918 143.209094675434 143.3392435 142.39335612 141.96536844 139.82251164 137.67965484 135.458228912941 132.951896992526 130.44556507211 127.644610959999 124.60582136872 121.755011289135 119.564372589551 118.26840022 118 118.296653710797 118.3392435 119.3392435 119.3392435 119.3392435 119.3392435 119.53947054671 119.872968446295 119.6607565 119.836251294536 120 120.436210944633 120.6607565 120.6607565 120.6607565 121.60663908 121.67806748 122.808131002142 124.536016658274 126.04538136131 127.727336699106 129.282631720479 130.76739438 131.83882278 132.321513
130.969606480793 133.21833397595 134.304870847309 134.242362489433 133.33982382 132.26839542 131.526750099659 -9999 -9999 -9999 -9999 130.57084688 131.87387866 134.141182096853 136.724044433595 138.861018190337 140.464874012921 142.167725276179 143.210402759437 144.14227408 144.4106719 144.4106719 143.46478452 142.37604034 140.196738798985 137.613876462244 134.799413145501 131.14512240876 127.490831672017 123.836540935275 121.124457901466 119.663386836416 118.51848482 117.747503891692 117.919109208434 118.87445658 119.776896763836 120.40356178134 120.036443755402 120.4106719 120.4106719 120.4106719 120.03621652 119.227559960888 119.304866604146 119.5893281 119.5893281 119.28888161392 119.1786562 119.1786562 120.12453878 120.60663908 121.67806748 122.843887253469 124.505362423274 126.070933579985 127.55310918 128.62453758 129.483521389759 129.7679843
131.050496937843 132.676817784775 133.767299528294 134 133.33982382 132.621102207499 -9999 -9999 -9999 -9999 131.996822925684 132.047155174089 133.05696311898 135.87329594 139.268108505116 142.33807806 143.714219208747 144.269111655678 144.80037027739 145.343097149541 145.4821003 145.060523363404 144.05411262 142.96536844 140.73376746 137.51948226 133.961941178061 129.159691624993 124.357442071925 119.770154379999 117.03638452 116.5536991 116.211796540349 116.388503873418 116.933787753514 118.75340753911 120.89176996 121.46478692 120.57084208 121.559318391829 121.9642006 121.9642006 121.228695117931 119.769076924103 119.232703942828 119 118.681732336691 117.78630232 117.130760730554 117.0357994 118.437692255583 119.53521068 120.60663908 121.67806748 122.869439472143 124.33882398 125.41025238 126.48168078 127.285194600131 127.5178997
131.37446258 132.44589098 133.51731938 134 133.705250282686 133.148564567919 -9999 -9999 -9999 -9999 134.009500978114 134.1070574 134.673668422154 137.630360827242 141.397623663363 144.44530586 145.5535287 145.5535287 146.21370248 146.5535287 146.5535287 145.67906972 144.60764132 142.96536844 140.73376746 137.430822140017 133.288466399999 127.763588941227 122.0206537 117.356208677563 114.642808253041 113.8929426 113.8929426 114.62454238 115.337441744539 117.585804226066 119.78471256 120.894796125448 121.08874178 122.16017018 123.128196460909 123.385794569696 122.291177459399 120.860247930906 120.03621652 119.227643892115 118.33983102 116.863442473325 115.64344552 115.4464713 116.81466330514 117.91025358 118.98168198 120.05311038 121.252733912441 122.74949588 123.82092428 124.645544539374 125.41025238 125.8929426
131.37446258 132.44589098 133.51731938 134 134 -9999 -9999 -9999 -9999 -9999 135.511089515272 135.725059590993 136.713120960001 139.272659457563 142.514316091842 144.89177716 146 146.367940605323 146.872550588955 147 147 146.12554102 145.05411262 142.954546820346 140.10881036 136.634251588904 131.447340223181 125.49633278254 120.111816948261 115.758724626016 112.71545664 111.7500858 112.162664591148 113.10664268 114.17807108 115.577458211687 117.64185576 118.76739918 119.83882758 120.91025598 122.126423556921 123.07201592 122.00058752 120.92915912 119.85773072 119.154239925529 118.33983102 116.53680524 115.19697422 115 115.354746545863 116.39235388 117.46378228 118.53521068 119.693497582976 121.05311038 122.12453878 123.028742534189 123.56905626009 123.382149694368
131.37446258 132.44589098 133.51731938 134 -9999 -9999 -9999 -9999 -9999 -9999 -9999 137.664489513535 139.391078024417 141.090839402369 143.184537220321 144.581266818273 145.663866543776 146.178751634176 146.763349947872 147 147 146.12554102 145.05411262 142.239608701886 138.34099646 134.694824237791 128.682521184257 123.0920821 118.10939788 113.823684279999 110.57259984 109.607229 110.26740038 111.33882878 112.41025718 114.090644462692 115.53668387526 116.62454238 117.757769268836 119.46378468 120.605529767068 121.515225614981 120.92915912 120.168237719077 119.48268782 118.590009596826 118.103177625222 116.53680524 115.756189729318 115.087428288633 115.658698913415 116.01731098 117.026942562489 117.352243760441 117.83882518 119.121275503656 120.67806748 121.74949588 122.3036145 121.71487632
131.37446258 132.44589098 -9999 -9999 -9999 -9999 -9999 -9999 -9999 -9999 -9999 -9999 140.99941728 142.37387746 144.14227408 144.871343030425 145.51731698 146 146.66017378 147.561734323074 147.7678139 146.89335492 145.095661041802 141.917441583426 136.897814545051 132.50333672 126.306367299999 120.9492253 115.679027191553 111.255371186821 108.826944365196 108.2321861 108.89235748 109.96378588 111.03521428 112.30967934293 114.136520815445 115.26279293382 117.109346387805 118.26937538943 118.69597078 119.4643722 119.377428865694 119.2321861 118.71487392 118.095488720818 117.493113080807 116.892452615135 116.151239544058 115.796963894317 115.987434687308 116.771833268933 116.931864670558 116.2321861 116.46378228 117.605568775435 119.12633538294 120.67806748 121.2321861 120.64344792
-9999 -9999 -9999 -9999 -9999 -9999 -9999 -9999 -9999 -9999 -9999 -9999 -9999 143.44530586 144.899439657278 145.374208557423 146.35655928 146.8392423 147.49941608 147.956852983772 148 147.12554102 144.314396539668 141.088710935033 136.570545410264 131.19972222 125.002752799999 119.6456108 114.60272960854 110.662341459999 108.048533142057 107.1607577 107.82092908 108.89235748 110.637721096748 111.87445658 113.097943273849 115.03462676 117.08874178 118 118.037231255044 118.1607577 118.475016494359 118.62579547094 118.077595783761 118 117.893872753164 117.225254832135 116.870907422566 116.8392423 116.8392423 117 116.91126062 116 116.037230869226 116.46378228 117.595406879823 118.76739678 119.3215154 119.226871204281
-9999 -9999 -9999 -9999 -9999 -9999 -9999 -9999 -9999 -9999 -9999 -9999 -9999 144.240772096785 145.341009914243 146.35655928 147.42798768 147.9106707 148.57084448 148.9106707 148.9106707 148.03621172 144.211616637534 140.020066179999 135.564791675478 129.363487595549 123.931324399999 118.5741824 113.59149818 109.751670759999 107.525803370689 106.463849018283 106.74950068 107.82092908 108.9640914252 110.849457165828 112.03521428 114.12395606 116.17807108 117.23519158994 118 118 118.033449836977 118.049498814051 118 118 118 117.26840262 117 117 117 116.984235397726 116.00058992 115.0893293 115.0893293 115.116398273614 115.55311158 117.030591088442 118.0893293 118.0893293
-9999 -9999 -9999 -9999 -9999 -9999 -9999 -9999 -9999 -9999 -9999 -9999 -9999 144.30303178 145.37446018 146.44588858 147.51731698 148.578206307827 149.64227288 149.9820991 149.9820991 147.39002936551 144.1633065246 139.896725256091 133.503336719999 127.549549593325 123.614539985982 117.205149118629 111.905725328726 108.680242359999 106.50058632 105.42915792 105.67807228 106.74950068 108.609582332853 109.890110139793 111.892738667561 114.017623305084 115.193795902271 117.16017018 118 118 118 118 118 118 118 117.98690374846 117.193448204185 117 116.071049569476 116.00058992 114.92916152 114.0179009 114.0179009 114.0179009 114.76010381465 117.329662462006 118.474049630641 117.421800763286
-9999 -9999 -9999 -9999 -9999 -9999 -9999 -9999 -9999 -9999 -9999 -9999 -9999 -9999 145.42798768 146.49941608 147.57084448 148.610758811672 149.624836327991 149.9464725 148.34041134 146.19755454 143.058179373267 137.735522819999 131.311702674094 125.0920821 119.734940099999 114.107209530276 108.856582871181 106.0785673125 105 105 105.66017138 106.692439072776 107.74950068 108.867736554586 110.89176996 113.033700018052 115.03521428 116.10664268 117.17807108 117.9464725 117.9464725 117.922605455966 117.403323247715 116.9464725 116.9464725 116.9464725 116.9464725 116.07201832 115.9464725 114.947399113482 114.916010617163 114.0535275 114.0535275 114.0535275 114.782389928113 116.867895844433 117.9464725 117.38924800293
-9999 -9999 -9999 -9999 -9999 -9999 -9999 -9999 -9999 -9999 -9999 -9999 -9999 -9999 146.37446018 147.44588858 148.452675171179 148.948611308829 149 148.908581991156 147.369326348851 145.032544422282 140.96653868 134.648357228873 128.431323199999 123.054166691111 117.621023208896 112.66292658 108.424003688912 105.49839771108 104.810402591073 104.7500882 105.41025958 105.84150590895 106.67807228 108.514688751035 110.64185816 112.76956498898 113.96378588 115.03521428 116.077703070997 116.7500882 116.703297790982 116.29068013805 115.8750441 115.8750441 115.8750441 115.8750441 115.8750441 115.10985812907 115 114.140103770914 115.011088509093 115.1249559 115.1249559 115.1249559 115.452618770876 116.390165870869 116.8750441 116.948610409146
-9999 -9999 -9999 -9999 -9999 -9999 -9999 -9999 -9999 -9999 -9999 -9999 -9999 145.30303178 146.37446018 147.44588858 148 148.58874538 149 148.26839782 147.039266821668 143.477509794665 138.844935618 132.520652499999 127.163510499999 121.709106680005 116.119078876336 111.924756567329 108.02370191801 105.325866149322 103.381092958327 102.8036157 103.334139785659 104.33883118 105.41025958 106.653417523344 108.69538566 110.834842383988 112.69597318 113.73594667132 114.4108471 114.470356841348 114.379850335365 114.44588378 115 115 115 115 115.157701655687 115.1963843 115.382140788356 115.3927686 115.464080958977 116.1963843 116.1963843 116.1963843 116.1963843 116.1963843 116.1963843 116.78512248
-9999 -9999 -9999 -9999 -9999 -9999 -9999 -9999 -9999 -9999 -9999 -9999 -9999 145.116374839188 146.37446018 147.326473955491 148.009275414339 148.69888459017 149 148.26839782 146.178877052187 142.874619139526 137.042370973134 130.373158314205 124.729074181544 119.28805888 115.233946259999 111.575912532874 107.989632270902 105.651845143516 102.69755814 101.7321873 101.555385020259 102.19597438 103.26740278 105.21328776 107.35614456 109.218512023044 110.55311638 111.507270208365 111.794212341026 112.30302698 113.37445538 114.44588378 115 115 115 115 115.80302578 116.234189934972 117.21369528 117.2678127 117.2678127 117.2678127 117.2678127 117.348966530936 117.5356254 117.5356254 117.5356254 117.966692018421
-9999 -9999 -9999 -9999 -9999 -9999 -9999 -9999 -9999 -9999 -9999 -9999 144 144.503262725618 146.03521908 146.812022632357 147.859138778656 148.860485530331 148.776041920682 147.92915672 145.524088137292 141.798816506279 135.968036449466 128.545115771489 121.449811619999 115.34158638 111.287473759999 108.175988580203 105.57260224 103.42974544 101.462383007165 100.6607589 100.22454478514 100.483411065873 101.46378708 103.706323672102 105.570886898911 107.03462676 109.118846639063 110.49941128 111.492271922963 112.30302698 113.37445538 114.294621676001 114.836252452987 115 115 115.248187899948 116.14226688 117.21369528 118.28512368 118.3392411 118.309137055115 118 118.078566942859 118.539467288154 119.127029840834 119.3392411 119.3392411 119.538965287795
