catData/variables/futureClimate2070/rcp85/MPI_ESM_LR_2070_rcp85/bio11.asc
NCOLS 409 
NROWS 350 
XLLCORNER 60.897278365 
YLLCORNER 5.843756025 
CELLSIZE 0.0892857 
NODATA_value -9999 
[rows 130 to 155 of 350, columns 236 to 294 of 409]
21.41963939 21.41963939 21.4841700671992 21.5171735110055 21.614226448 21.621369288 21.71963939 21.7325096061758 21.8045481720289 21.8439896657665 21.9 21.944586938 22.0101594128476 22.0669497849478 22.166015458 22.273158298 22.3157706536663 22.3899099041291 22.494586818 22.521369048 22.61963939 22.635654728 22.7382494431057 22.805950935099 22.7895492773037 22.7751089224917 22.81963939 22.81963939 22.81963939 22.81963939 22.81963939 22.81963939 22.81963939 22.81963939 22.81963939 22.8325092204449 22.8813901397598 22.8255902779645 22.8319250818309 22.8283958983738 22.8291194614215 22.81963939 22.8326043289878 22.83927878 22.83927878 22.83927878 22.83927878 22.83927878 22.83927878 22.83927878 22.83927878 22.83927878 22.801835402 22.73927878 22.687549722 22.521534984 22.2942844121467 22.132114109942 22.0354700942626
21.52678223 21.52678223 21.5482887297491 21.6175891664136 21.6960367645762 21.7280488227389 21.8023763170985 21.82678223 21.8437383072269 21.9 21.9100283644478 21.9594277917149 22.051729778 22.1157673999598 22.192797688 22.2803471043656 22.380301138 22.4234194473091 22.521369048 22.628511888 22.72678223 22.742797568 22.82678223 22.8489679596669 22.9 22.9119413120078 22.92678223 22.92678223 22.92678223 22.92678223 22.92678223 22.92678223 22.92678223 22.92678223 22.92678223 22.92678223 22.92678223 22.9489677839443 22.9725846178931 22.9594274402696 22.9621249615677 22.9425495014051 23.0018991547576 23.02678223 23.02678223 23.02678223 23.02678223 23.02678223 23.02678223 23.02678223 23.0205800820589 23.0081151597784 22.9993670236157 22.95356446 22.9156895972904 22.7468356868722 22.4378400270348 22.1608738431976 22.1
21.63392507 21.63392507 21.714226448 21.73392507 21.73392507 21.83392507 21.8397877254226 21.9054332960474 21.93392507 21.93392507 21.9586662315426 22.0151261499274 22.085654848 22.1728251111327 22.266015458 22.3248190038073 22.414226208 22.521369048 22.628511888 22.701729658 22.8030100011573 22.8445071933728 22.9078564280972 22.93392507 22.9466279250372 22.9973107694928 23.03392507 23.03392507 23.03392507 23.03392507 23.03392507 23.03392507 23.03392507 23.03392507 23.03392507 23.03392507 23.03392507 23.03392507 23.03392507 23.03392507 23.051474270557 23.106749863973 23.13392507 23.13392507 23.161167124437 23.16785014 23.16785014 23.1672635151531 23.1279053933662 23.0552088264262 22.9829233572569 23.0035683129076 23.16785014 23.16785014 23.16785014 23.0112067786068 22.5929251658462 22.214452336 22.13392507
21.7139566425595 21.7 21.780301378 21.8 21.8 21.8603529559075 21.94106791 21.950506224841 22.0095106782617 22.04106791 22.04106791 22.0673439244304 22.151729778 22.2241777537749 22.307083368 22.3841816240198 22.480301138 22.587443978 22.694586818 22.7420872336093 22.808872498 22.9 22.9326687576987 23.04106791 23.078511768 23.14106791 23.14106791 23.14106791 23.14106791 23.14106791 23.14106791 23.14106791 23.1022231792749 23.1403576741722 23.1 23.1 23.1095104811357 23.14106791 23.14106791 23.14106791 23.192797208 23.24106791 23.24106791 23.24106791 23.2883907660432 23.3 23.3 23.2529420884112 22.8984241463673 22.7610246288204 22.8475519128636 23.1070670492987 23.34106791 23.3227572821193 23.2787559570167 23.141188294 22.7441762815656 22.3927073742912 22.2902260266061
21.7658109651235 21.7129404701412 21.7415874814059 21.75178925 21.75178925 21.7535810524 21.8596453635354 21.9112997302706 21.9637828209941 22.0035785 22.0396826609531 22.1214956972118 22.1750012140529 22.258872618 22.366015458 22.435270164153 22.4897981071117 22.587443978 22.694586818 22.8008338810942 22.8528057501705 22.9077211145648 22.9833623746999 23.1146083480354 23.1676026432293 23.2 23.2 23.2283828149766 23.216384318288 23.2 23.2 23.2 23.1510143206531 23.1991043473884 23.14821075 23.14821075 23.1602040724057 23.2 23.2 23.2214954658002 23.2750009654645 23.3 23.3318263160062 23.34821075 23.34821075 23.34821075 23.34821075 23.1903967030477 22.635760232 22.608691682 23.038091740223 23.3639031713762 23.4 23.355413782 23.248270942 23.082256204 22.8337819863003 22.6371654110356 22.516121082
21.8741651211934 21.782195052 21.75535359 21.7069500760895 21.7 21.6436888493536 21.5932541789857 21.6410896106177 21.6914046557502 21.7507120641182 21.8227277110277 21.923172578 21.9499513507779 21.982104668 22.125789433958 22.2112481936741 22.2676816126938 22.5112397611855 22.6915904274298 22.801729658 22.9049112461657 22.971368928 23.0656928850984 23.1470737192696 23.25535359 23.25535359 23.25535359 23.2816379932586 23.2705265751093 23.25535359 23.2109041601548 23.2 23.2 23.2 23.2 23.208864931685 23.242534839947 23.183227431579 23.1860991835778 23.2752598428432 23.3286340235248 23.35535359 23.3848269077393 23.4 23.4444492969966 23.45535359 23.45535359 23.3629727064019 23.178603112 23.0983457689816 23.2120080667957 23.4 23.3792737460597 23.300060192 23.2215512426762 23.1148439130441 22.9598656414121 22.837549602 22.730406762
21.9540027809792 21.7521734685294 21.8255636234724 21.775052212 21.76249643 21.598270102 21.5 21.4899908355061 21.431715619011 21.4238747635049 21.45001428 21.494601218 21.5629430309938 21.5970864735025 21.6620270170037 21.7789604989975 21.6920704700025 21.9576515375001 22.3074289650012 22.6174832915037 22.908872498 22.9859882944927 22.8980376754969 22.9863645340148 23.3234010745043 23.36249643 23.36249643 23.36249643 23.36249643 23.3167752554927 23.2698842965079 23.2078472154914 23.2 23.2 23.2055448445104 23.268502663489 23.2913149465116 23.2511325565122 23.2530782469743 23.3 23.351729298 23.4 23.4412570045153 23.4167754054841 23.2795604799339 23.25001428 23.1909011954822 23.5 23.491127982 23.367970284 23.2173699269596 23.2939438945208 23.2766594174786 23.158285716522 23.1698323845226 23.1779209365232 23.096481692 22.989338852 22.882196012
21.3169558376548 21.2147614352235 21.5349111008783 21.7775807622897 21.7341302632943 21.598270102 21.4938210900278 21.414345152 21.3233296652387 21.3 21.3 21.344586938 21.4157055382282 21.4713591914051 21.5 21.5444227866567 21.4316602986098 21.3578551943092 21.5984117828572 22.0134211359765 22.0608437723241 22.0264784374137 22.2365904574632 23.006318287049 23.267804588 23.33036073 23.33036073 23.3713590242708 23.3540274840959 23.3081494095374 23.2440790408294 23.2038121728039 23.2 23.2 23.2026936822963 23.241513527337 23.3 23.3211012406035 23.36963927 23.36963927 23.3853446624967 23.3590018728634 23.2584586616904 23.148285102 23.1042241141456 23.1 23.2688906032117 23.5 23.491127982 23.3568176537973 23.13036073 23.160661268 23.1815492691025 23.1310495167358 23.1853445896309 23.2 23.1799574436356 23.096481692 22.989338852
20.9832960561443 20.92321789 21.0164393180626 21.6373475722673 21.7012567709193 21.5228162441852 21.491127262 21.3962815207171 21.37678211 21.37678211 21.37678211 21.3871342562192 21.4 21.4136689796874 21.42321789 21.3670454051555 21.3277915501104 21.1483299339999 21.0945142620732 21.3402338178163 21.4044365355223 21.56382705688 22.0778384240003 23.0908526240563 23.160661748 23.22321789 23.22321789 23.282090268 23.3078905493015 23.1876553988651 23.1894483296667 23.2671411470993 23.27678211 23.2754542263689 23.2 23.216015098 23.3 23.3070352013052 23.32321789 23.32321789 23.124623657537 22.8804352019999 23.0114035421467 22.9706700657096 22.8185489293311 22.8600125228222 23.0807872979118 23.4245455893541 23.48431585938 23.2874698618859 23.0822190308482 23.0302530355822 23.0377422176837 23.067804108 23.1629365522155 23.2 23.1493124912526 23.1062322440133 23.019699582
20.9948509370773 21.0453232164372 21.1352427913358 21.4843910128282 21.5321501 21.4985481839684 21.407202312 21.3698393133148 21.6712105407273 21.6848391687482 21.5364249594756 21.5213445154231 21.5244357096784 21.48392495 21.3731180697624 21.1201206219653 21.04822515 20.9467245088145 20.7581813422869 20.7010831872234 21.0118301540412 21.6690137936794 22.662025970926 23.041505164206 23.1060191188954 23.11607505 23.1594890389018 23.2094637641997 23.1606718113011 23.1086297111949 23.180300898 23.2140566246054 23.21607505 23.2997219951918 23.28392495 23.2730587220221 23.21607505 23.21607505 23.21607505 23.1786558874167 22.9169173974818 22.657202912 22.8801349620001 23.176747724888 23.075098484 22.9029825620757 22.7555714785067 22.9850068515439 23.2379269506704 23.0866799224309 22.8639376249353 22.9415047613662 23.0314243362648 23.0910922068366 23.151729058 23.2 23.133985262 23.0386025392423 23.0031667176563
21.5446282716651 21.710633068 21.817775908 21.8609066335539 21.7781328166534 21.589337892 21.5145158776365 21.7610611302387 21.7720464890569 21.7035190660056 21.8241212546702 22.0503893389347 21.4382991848416 20.9161394621277 21.122156437295 21.2559518967609 21.27320337 21.4246592867581 21.6017856031357 21.7969460505759 22.5520552687681 22.7156323678461 22.8883411912734 22.9116387605599 22.8837651260286 22.9080048710052 22.9193349068985 22.6748875193048 22.496510252 22.7956426031376 23.0712935711588 23.18856528969 23.2 23.2105071527525 23.3 23.283984902 23.1789105776538 22.9985552144903 22.74466105 22.7406784939399 22.6230291049422 22.458992282 22.6819243320001 22.9040914578704 23.0676396623842 22.9251130039999 22.6246896363415 22.7214772298103 22.926004162721 22.9135729777567 22.914225488 22.9937742976853 23.037443378 23.1 23.1046205480916 23.10893221 23.1631537979418 23.1845332015021 23.0358799479332
21.8297625123812 21.7995197069314 21.880301378 21.8141204826036 21.6143077664397 21.5017584157241 21.4830483545597 21.3404048501038 21.5276977484317 21.6910665391393 21.9726494829128 22.1 22.0879667173283 22.1356108080001 22.2451161696018 22.281626002637 22.2821063000001 22.2852356926184 22.1961757464358 22.5894207178696 22.708872498 22.7688290449607 22.6281119025103 22.6738199193257 22.6414719496762 22.659596134994 22.5545023091658 22.5600267093191 22.7266972964811 22.9430858410274 22.9222203725356 23.0769015239854 23.1946834441492 23.1983324733737 23.112292240477 23.1385886860772 22.7612559851951 22.5472609079373 22.40536811 22.40536811 22.4035168529207 22.4007359296243 22.4695587346355 22.578525928 22.6082418617681 22.6916962848395 22.6985012413312 22.7017601193924 22.8105026347715 22.9157282929354 23.0441116490993 23.2261796092632 23.2585285131459 23.19821063 23.1474071962451 23.1578184619188 23.3290588580827 23.39642126 23.235820424
21.7017147911754 21.70535347 21.8487605852768 21.6496947358641 21.4218226042261 21.2015446788591 21.3070385360001 21.5221816051635 21.7165651690399 21.7909152287567 21.8715392845532 22 22.0461911017074 22.0398756258285 22.0018193522606 22.0692417904641 21.942642048665 22.075560138871 22.0206042127767 22.3103572505558 22.5778515070373 22.3741801703152 22.2301458196647 22.2914022181833 22.3173743565903 22.4202062835015 22.4296259072979 22.507987776189 22.7266769660001 22.8560551039372 22.798285222 22.9675174188422 22.7902823817682 22.4786787038738 22.492811848 22.5376090229338 22.2958862832634 22.330300778 22.437443618 22.5 22.5544986104497 22.6085051722462 22.676721918 22.7146234218393 22.7920621963642 22.898150438 22.816120602 22.9054460410255 22.919103997178 23.0365258353814 23.2243974384151 23.335654008 23.4073579900082 23.4529062481953 23.4046646536013 23.3075552506021 23.3749022871944 23.5531056270091 23.6096523287875
21.7365222209171 21.7509352192002 21.6070198213874 21.8154854328834 21.6017132619627 21.2359752054168 21.1644044214622 21.3585416877248 21.6057878954088 21.6515073388665 21.8154703428744 21.993075411992 21.9418059085788 22.0126058308504 22.0587330308388 22.0192047545824 21.992426951724 22.074947668 22.276677326 22.376737038 22.4772248497096 22.481983335716 22.3440812517132 22.1469709822848 21.9922278625716 22.0099472499975 22.1 22.3134188874222 22.5862920397116 22.5128407017176 22.3922448211468 22.7685171076959 22.3875487460158 22.089233108 22.196375948 22.271488592 22.2135555157221 22.3265142988487 22.4109100962585 22.4723014080388 22.603458596 22.7662289828681 22.878511288 22.9947961557265 23.0350272391557 23.124932428 23.042902592 23.026721798 23.12499262 23.141007478 23.2684141582691 23.4465832971602 23.562435998 23.6305642520186 23.5792956485522 23.458763907123 23.5445257860001 23.685653888 23.8028313171646
21.7679686039999 21.4361012780312 21.4038091699225 21.507083368 21.5010630557988 21.5203186245261 21.550044712 21.4878032826132 21.6946913688974 21.8785566 21.9012932928553 21.9488392554631 21.8775807213921 21.9650557722421 22.2123917660001 22.1484119218817 21.9236272630564 21.967804828 22.1881105330673 22.221368808 22.3338991796181 22.4546207265057 22.3010290413147 22.2392783 22.2392783 22.2034480505003 22.15891745 22.206227793376 22.2793638626283 22.2412095627477 22.1880983223809 22.2334581742572 22.0704853939333 21.962451118 22.069593958 22.1509970602377 22.1235757650964 22.2077550652426 22.1539097723044 22.2019155792675 22.5154220404282 22.7623116509801 22.9397014585519 23.126676486 23.2764318746756 23.387443498 23.3425655675987 23.280285778 23.376814211077 23.3686419440302 23.4382488729532 23.5606010760001 23.737443378 23.8533425722324 23.8263401812942 23.633096444356 23.6779821925821 23.812435878 23.9367978578334
21.7856489216367 21.580464914 21.52678199 21.5673876045593 21.478630952 21.6842690671094 21.9006315178039 21.849925528 21.9955321960355 22.2 22.152527627418 21.9394571959999 21.77321801 21.890963246 22.1052489260001 22.100059712 21.853820838749 21.8406055031129 22.0541997775858 22.1682829448326 22.2976245030542 22.3507252462216 22.37321801 22.3813332256107 22.4 22.4 22.4 22.4157671943887 22.3784469610832 22.2947844286667 22.112616214 21.9623550988332 21.851849442 21.7477022654442 21.8261501207497 21.9045979760551 21.915222705918 21.776736798 21.8390768400852 21.9040137652771 22.1136254877478 22.4393754518881 22.7779423704195 23.039126765501 23.2821074301955 23.36738727022 23.4171401408309 23.6021922862791 23.7226621779471 23.6729093073362 23.6277078576374 23.6514988618858 23.791007358 23.9307953395539 23.9889070031406 23.894692082 23.9018986574703 24.0195326232242 23.9574812937561
21.6541560754008 21.5899414815289 21.6272421059742 21.5168153096986 21.3091474461145 21.9051896940001 22.2 22.21058232039 22.2350602980628 22.1218706897356 22.0360401605915 21.8286416118373 21.7 21.817745236 21.9424483883991 21.9159612102274 21.737623234 21.6997771946452 21.5716463311643 21.6355955166083 21.9498953360001 22.148165678 22.2242939674824 22.2490856656896 22.3787779351719 22.3848740385009 22.3485260121737 22.3311056555396 22.3751669509613 22.2283888296156 21.978231430865 21.7869280034621 21.671488592 21.6684363621165 21.6957546931127 21.6284917352292 21.6 21.630300778 21.774887236 21.9597123380796 22.0690229828134 22.2983631767339 22.7209832718781 23.0625044486118 23.3475849422846 23.4608817922128 22.9258022508238 23.502270486697 23.7380125409759 23.8251063947025 23.9664861010352 23.9884084720112 24.0604400956673 24.1161091106802 24.1514738249871 24.1289499533143 24.0793791023586 24.1893462320314 24.2869834677042
21.1807028019998 21.2825006660747 21.60687464769 21.5558664997646 21.162719438 21.663046246812 22.1890685197145 22.0899514394433 22.1221261166814 21.9572547213587 21.8061108133989 21.654966905439 21.5980412045208 21.6872546710388 21.6308094144404 21.5467525815997 21.5070382694403 21.6389767516802 21.4359634671189 21.3886526392814 21.7730335978007 21.9273028718408 21.9821703843572 22.0909030540001 22.3220665379613 22.3326563499985 22.248270462 22.082255244 22.0235867884879 22.0226598816757 21.8429173815953 21.712556262 21.6442579257173 21.9256426596772 22.0611006825479 22.0256803171937 21.9726349977734 21.8518191509671 21.9545351374763 22.1212687882555 22.2020382312081 22.4702434666443 22.9785744738939 23.310586316 23.3929615590589 23.7856849991953 23.0826274876337 23.5905308246558 23.76427068 23.8057383249656 24.0600080790058 24.230292691046 24.3564447929139 24.337549122 24.3126204791665 24.3652449867934 24.3432313167532 24.366316475287 24.38213534
21.0029643060574 21.0676861240001 21.3948625845167 21.5396830769267 21.1278403549442 21.1625976255173 21.5894210784077 21.7951208178332 22.0027501448515 21.9540058750182 21.773322314 21.6020278144063 21.5714221182043 21.5680382306118 21.482195052 21.375052212 21.4313856096688 21.5813906557581 21.6456007873506 21.5500020721139 21.6563845114645 21.7421843606401 21.990947886 22.1624932074351 22.2216308549055 22.273284964498 22.2981486101809 22.2070589376829 22.0444273672754 22.0307302251321 21.9256171595396 21.7668202099471 21.9306131965814 22.1525031072379 22.3927787318484 22.3791045284228 22.489099148107 22.410751772 22.453383404 22.6593564279637 22.7319830167705 22.7280820701784 23.2869768420003 23.739157676 23.6709540807551 23.9096422146096 24.137383186 24.1454651755326 24.19284204 24.2017092218473 24.271368208 24.3931190919026 24.515812754505 24.5251195350875 24.47148217732 24.507082408 24.54821051 24.5834801514575 24.59642102
21.2776386571066 21.2491172060299 21.1578567167233 21.3088283860001 21.0704330810778 20.9438743084946 20.9473750928411 21.4997170018897 21.88062402817 21.9361532192096 21.7558582292406 21.6506392723091 21.6465616301412 21.641127382 21.4974427744791 21.371488352 21.2112985400866 21.4502808983926 21.6885940628428 21.6534385027069 21.5544690997434 21.7265650139031 22.1206787013561 22.1286912639999 21.9852842984555 22.023173298 21.9585119446648 22.1134724564766 22.2705264166728 22.2148579141021 21.9060504926307 21.9010676657412 22.2366961724267 22.3702910132016 22.6037342940946 22.5641502960001 22.7631378305783 22.8860767590972 22.9822720632274 23.1504592277014 23.3301780466255 23.366340914797 23.7177125910516 23.9760317299002 24.0085975505501 24.1465531035003 24.355232726 24.4668320700496 24.5156176591756 24.550045192 24.489217748 24.609888763149 24.7107067 24.7353866653013 24.714330992 24.6597568124968 24.65535335 24.6880157577981 24.744448971427
21.2087579439481 20.9954806750902 20.8346746313025 20.9873998660001 20.917924372 20.6521774806818 20.8049534488015 21.172571067887 21.5772552727429 21.7841038459999 21.5048042161104 21.4098057239507 21.540963366 21.6154243352033 21.4267119379389 21.3100666609188 21.059096586 21.2951267573657 21.5030379490155 21.5747912150501 21.546971346753 21.4215534738031 21.6434494167703 21.7837279593436 21.6673608080829 21.5599707354969 21.5206835114184 21.4883354834512 21.6325597121404 21.647601040928 21.5371398107147 21.9387896579309 22.1655337189972 22.3148894456408 22.4422530283491 22.4045656920748 22.726332662528 23.1041609142097 23.2702025039445 23.432075028 23.539217868 23.6905192975569 23.836770585762 23.7835659221257 23.9306856015899 24.2591923253056 24.489172676 24.6010806703683 24.6769128812262 24.8189861980839 24.7961735890583 24.8363562362005 24.86249619 24.8513530329698 24.8504321327458 24.8404169852307 24.8662490760885 24.8417678710537 24.8551080961959
20.8264271967951 20.6038620584507 20.56072194 20.6747150707938 20.7941043810902 20.3605676834384 20.4031386187108 20.9895607971681 21.4480466853173 21.8483742859999 21.5530214726395 21.4049412326103 21.3593630935186 21.2394472397784 21.0760644952025 20.9704971509083 20.8227433031643 20.8707294297822 20.8450139528739 21.2279916062141 21.5583312864558 20.9679294914493 20.2017381545249 20.7270898881535 21.0280882299768 20.8790815599775 21.4218819814069 21.2683073440914 20.9785019761296 20.7989651641258 21.270554789588 21.6201875733054 21.746391428 21.7850995879199 21.9525959972309 21.9864617161985 22.2351685558265 22.6217264001183 22.6248417521395 22.7945269523129 23.3467835274712 23.7302310938435 23.6620834289982 23.3938208791756 23.7301076519445 24.1801349620001 24.4854026542957 24.671368208 24.7812046787234 24.9111525917671 24.9535122337425 24.9 24.9 24.8864631917289 24.8493208595613 24.8713587887098 24.966014738 25.0287348773814 25.03927806
21.2212227328359 21.008142058459 20.6524067216791 20.5299434764254 20.6397665340896 20.6835077000335 20.7023624235305 21.2190020425594 21.757110943986 21.9323620985259 21.5868925594039 21.3962408758608 21.4898232748952 21.312600374 21.164330152 20.9448426934709 20.8581374473877 20.7192814969784 19.6612813227592 20.5711752 20.984102070599 20.0367624980257 19.5633180532635 20.7009396650026 20.9540128759999 20.6390848215219 21.0608748981438 20.9628120722256 20.6376239539999 20.9119014658809 21.4518985164441 21.5738665407657 21.5987431046426 21.677584947039 21.732090388 21.8269365362733 21.9212869141502 22.2161853979459 22.3345806242882 22.4841452231234 22.9411144769733 23.559850568327 23.8553927389425 23.8891236588465 23.8179336564877 24.0826332390423 24.4796023030809 24.6262750032041 24.808872018 24.9037183505498 24.9178413455733 24.9232653196965 24.97678187 24.97678187 24.9647713500658 24.9672326938111 24.992109257688 25.0169858215649 25.0848742925582
21.7020284733029 21.573306474 21.38768745445 21.1944908656316 21.1072209097519 20.9663976081202 20.904522822729 21.1852867032173 21.6139783411472 21.8478387927086 21.7849595246345 21.6108740099281 21.6350983543403 21.5995128579259 21.485758672 21.3550950148749 21.1848385556136 20.9768861739999 19.9450855288188 20.2277343758555 19.9178880828648 19.2810646198321 19.3625480470891 20.4179136174838 20.6333256467606 20.1392980300099 20.8018542915087 20.6221998929339 20.5899304768863 21.4092029340182 21.6712579589044 21.6105378064703 21.6 21.7014514090412 21.785350951203 21.8 21.8694738140001 22.1860313960643 22.45279277582 22.6944413915758 22.9801796300054 23.2650636105636 23.8448236790586 24.2798775011977 24.2456563447092 24.2617939376689 24.4080508424016 24.6020071483782 24.724947308 24.81607529 24.8355103208892 24.930300538 25.0314242464007 25.08392471 25.08392471 25.08392471 25.08392471 25.08392471 25.0968332350647
21.979099469216 21.9024417121724 21.9391582671217 21.9397159278985 21.7567476756624 21.6404690791784 21.8041804206564 21.7577801784912 21.8915658462173 21.9572471314404 21.8592112266682 21.746480612 21.695688286555 21.641127382 21.533984542 21.3602182323897 21.2214584529987 21.0251120439999 20.7432350022045 20.2888743894919 20.1595150113144 20.1092449379409 20.1224289767077 20.3506925098472 20.414969382106 19.953519148 20.5871987982344 21.0531749097988 21.415524687021 21.7474421066628 21.79106755 21.703623812 21.69106755 21.701729418 21.8 21.8145845573787 21.9605413640001 22.2543757078445 22.440788250456 22.8051070037297 23.5122042676041 23.9998980897093 24.2870184354143 24.4594300390279 24.264511208251 23.8107691936853 24.1065934199539 24.6033038980398 24.799939568 24.9056518888166 24.984203649795 24.9661801728131 24.946375828 25.0495360263703 25.1471083857587 25.19106755 25.19106755 25.19106755 25.19106755
22.19642078 22.123262242 22.4133150475276 22.2334140274091 21.7285637083461 22.1911138668553 22.185758432 22.0791888247709 21.9986248353644 21.969698742 21.8993298966778 21.8098344463011 21.64919598328 21.600736019741 21.4691505032378 21.3273220637832 21.1408348011957 20.4975062948731 19.9428817754607 20.0070365797349 20.10178961 20.1489757877288 20.3509333061386 20.4407813338556 21.0260441367557 20.7728012180485 20.7078475729252 21.2330647781443 21.6610548718858 21.9432172620783 22.0752846050993 22.007187432 21.99463117 21.9997575243251 22.2649115124491 22.012435878 22.1886380952259 22.5552327260001 22.7688483112679 23.2049467660002 23.85333955538 24.2152186376689 24.4302403460001 24.6432167863733 24.6132459847888 24.2415026704154 23.3617803533252 24.1191993358305 24.710661628 24.817804468 24.9245328755208 24.9994577385419 25.035653768 25.142796608 25.1991361383949 25.2578183206262 25.29821039 25.29821039 25.29821039
