catData/variables/futureClimate2070/rcp85/MPI_ESM_LR_2070_rcp85/bio10.asc
NCOLS 409 
NROWS 350 
XLLCORNER 60.897278365 
YLLCORNER 5.843756025 
CELLSIZE 0.0892857 
NODATA_value -9999 
[rows 78 to 103 of 350, columns 232 to 289 of 409]
13.9423479283521 13.4612830031814 11.7679790291222 10.9537360183759 11.7482761688869 10.0266141079994 7.72673567918385 8.31389016656444 -9999 -9999 -9999 -9999 -9999 -9999 -9999 -9999 -9999 -9999 -9999 -9999 -9999 -9999 -9999 -9999 -9999 -9999 -9999 -9999 -9999 -9999 -9999 -9999 -9999 -9999 -9999 -9999 -9999 -9999 -9999 -9999 -9999 -9999 -9999 -9999 -9999 -9999 -9999 -9999 -9999 -9999 -9999 -9999 -9999 -9999 -9999 -9999 -9999 -9999
14.494889517597 15.9711230904711 17.4153237231891 15.6143345084931 13.280347391808 11.1394681289363 9.61329533477143 9.68277418649918 9.62379271937172 8.51449155173326 8.84211074065199 -9999 -9999 -9999 -9999 -9999 -9999 -9999 -9999 -9999 -9999 -9999 -9999 -9999 -9999 -9999 -9999 -9999 -9999 -9999 -9999 -9999 -9999 -9999 -9999 -9999 -9999 -9999 -9999 -9999 -9999 -9999 -9999 -9999 -9999 -9999 -9999 -9999 -9999 -9999 -9999 -9999 -9999 -9999 -9999 -9999 -9999 -9999
13.2779425873389 14.8155034409478 18.5752778399235 18.2039622433052 14.2151848366417 12.9143030809945 11.3918393406157 12.2491538136479 10.1667525355277 9.26144972789708 9.7006375554951 7.42896729605276 -9999 -9999 -9999 -9999 -9999 -9999 -9999 -9999 -9999 -9999 -9999 -9999 -9999 -9999 -9999 -9999 -9999 -9999 -9999 -9999 -9999 -9999 -9999 -9999 -9999 -9999 -9999 -9999 -9999 -9999 -9999 -9999 -9999 -9999 -9999 -9999 -9999 -9999 -9999 -9999 -9999 -9999 -9999 -9999 -9999 -9999
15.0211685482073 17.265774232903 19.4552411976587 21.0610801508138 19.3800481267723 17.3557345437812 14.2848454056846 13.0051057372081 9.47866788874167 9.78357070418989 11.5015872649016 8.16574664160965 6.30627367277267 -9999 -9999 -9999 -9999 -9999 -9999 -9999 -9999 -9999 -9999 -9999 -9999 -9999 -9999 -9999 -9999 -9999 -9999 -9999 -9999 -9999 -9999 -9999 -9999 -9999 -9999 -9999 -9999 -9999 -9999 -9999 -9999 -9999 -9999 -9999 -9999 -9999 -9999 -9999 -9999 -9999 -9999 -9999 -9999 -9999
19.3120084081971 21.2284562722937 21.1139130517014 22.5874563430767 22.9400640149138 19.7502774885724 13.9525754707009 11.7067730218247 10.3219252706525 11.5264700065702 12.0481620519986 9.08593038319951 7.8978870803535 6.29214929619238 -9999 -9999 -9999 -9999 -9999 -9999 -9999 -9999 -9999 -9999 -9999 -9999 -9999 -9999 -9999 -9999 -9999 -9999 -9999 -9999 -9999 -9999 -9999 -9999 -9999 -9999 -9999 -9999 -9999 -9999 -9999 -9999 -9999 -9999 -9999 -9999 -9999 -9999 -9999 -9999 -9999 -9999 -9999 -9999
20.7276505274795 24.7241980491156 24.7598172465033 24.3675144585122 23.007800714923 20.2049441104241 16.3887162793287 16.5298588944724 13.7061703269383 15.9017969869266 13.1775682836733 10.2633153500956 10.4266323099031 8.56762253769742 8.57124263606099 7.86938094664342 -9999 -9999 -9999 -9999 -9999 -9999 -9999 -9999 -9999 -9999 -9999 -9999 -9999 -9999 -9999 -9999 -9999 -9999 -9999 -9999 -9999 -9999 -9999 -9999 -9999 -9999 -9999 -9999 -9999 -9999 -9999 -9999 -9999 -9999 -9999 -9999 -9999 -9999 -9999 -9999 -9999 -9999
22.4028669316319 24.9542061182823 24.511058996235 21.6023205746503 20.5690218025853 21.6703454897442 21.9846218728536 18.153517106366 17.1325317090009 14.663495317818 12.7866101967328 12.716249807652 12.0404050407538 11.0440659274238 12.0929364560002 11.3503146394992 10.1331659841785 8.77790277242688 -9999 -9999 -9999 -9999 -9999 -9999 -9999 -9999 -9999 -9999 -9999 -9999 -9999 -9999 -9999 -9999 -9999 -9999 -9999 -9999 -9999 -9999 -9999 -9999 -9999 -9999 -9999 -9999 -9999 -9999 -9999 -9999 -9999 -9999 -9999 -9999 -9999 -9999 -9999 -9999
24.2667247828695 24.4894309442042 20.9900391867375 19.7396694034416 18.6053410714118 18.5519530949701 17.8807430966171 14.4334296903288 11.5475061676957 9.97151621997403 9.2131430126726 7.94709490402974 10.0034970259064 12.6263597494667 11.959364555826 10.9268320847797 12.4359764614548 11.8695300551502 9.09071206694245 -9999 -9999 -9999 -9999 -9999 -9999 -9999 -9999 -9999 -9999 -9999 -9999 -9999 -9999 -9999 -9999 -9999 -9999 -9999 -9999 -9999 -9999 -9999 -9999 -9999 -9999 -9999 -9999 -9999 -9999 -9999 -9999 -9999 -9999 -9999 -9999 -9999 -9999 -9999
21.3055085109774 24.4490878922835 21.7739688378879 20.574420391177 19.8507323406155 18.0752538562429 17.3671866285549 16.9336422235812 14.3785561999065 12.1352164764498 9.44409132472229 7.89615199673936 6.98944174294374 8.43701633140576 9.92774623968572 9.92481769938083 10.2851199632308 9.63629922319966 10.0206612600984 8.37733716154524 6.69252770954233 -9999 -9999 -9999 -9999 6.58650317362473 -9999 -9999 -9999 -9999 -9999 -9999 -9999 -9999 -9999 -9999 -9999 -9999 -9999 -9999 -9999 -9999 -9999 -9999 -9999 -9999 -9999 -9999 -9999 -9999 -9999 -9999 -9999 -9999 -9999 -9999 -9999 -9999
23.2676668781994 24.1241865432382 21.4545565939068 20.4457786077065 20.2389773443211 19.5603960774302 20.5741338831721 19.9084635786164 18.3916850122566 13.6583274198564 9.27782806838862 10.3062864122473 9.27900478139528 9.04958003784659 9.72397693096662 9.31458635122901 9.65129818351293 9.12821541233029 9.36466028766438 8.57186451994307 6.61670243240484 -9999 -9999 6.01288682466715 4.80323123037055 7.52717243618728 11.2884796698093 10.0306680534198 -9999 -9999 -9999 -9999 -9999 -9999 -9999 -9999 -9999 -9999 -9999 -9999 -9999 -9999 -9999 -9999 -9999 -9999 -9999 -9999 -9999 -9999 -9999 -9999 -9999 -9999 -9999 -9999 -9999 -9999
25.159794099159 20.2604996462283 19.6247922685044 20.6965456097884 20.7446254267492 18.9642187220123 16.5151593254975 17.0058005267544 17.2795398438198 15.0425642209839 11.2498380178852 12.8895293780469 11.3286945440023 9.79640790851951 11.5350278520004 11.1826325476292 9.41820402905845 9.14149688041573 8.83923724065827 7.86987198084515 7.03069423399991 6.24949318838878 5.53557114919435 4.83008785000009 5.6611216837439 9.93897282399823 13.6834886838336 11.4338229804011 8.29251213639072 -9999 -9999 -9999 -9999 -9999 -9999 -9999 -9999 -9999 -9999 -9999 -9999 -9999 -9999 -9999 -9999 -9999 -9999 -9999 -9999 -9999 -9999 -9999 -9999 -9999 -9999 -9999 -9999 -9999
25.0043734638925 23.1758021966069 21.1421770551183 18.1477337441907 17.6701995098004 16.456066589839 14.3513967171426 14.0930831503696 15.2661431114139 16.9012913463575 17.9564577454093 16.0038073431251 12.763888324329 12.9260966986244 13.8847015339547 10.1271549359321 8.98047063346147 9.88201674087845 8.42164479395057 8.70126026263228 8.57377426127988 7.03014670471658 5.47048861514225 4.70215123468516 6.14151993925217 12.7843156729024 14.3709076040717 11.1368159739936 8.00713027389583 -9999 -9999 -9999 -9999 -9999 -9999 -9999 -9999 -9999 -9999 -9999 -9999 -9999 -9999 -9999 -9999 -9999 -9999 -9999 -9999 -9999 -9999 -9999 -9999 -9999 -9999 -9999 -9999 -9999
24.2771444575697 22.2187157572491 19.842393890716 17.9943539267954 16.6950925984481 16.3406557789133 18.5088906000721 19.5577658498927 15.5142631854228 17.3067519647531 21.1341386855272 18.9123277262578 18.5756854871621 18.423111383073 15.9426077849574 11.8037132860924 10.3717048590409 9.71210670650098 8.20480504305374 8.86238898384697 8.0767313075261 6.89322412178275 5.63934197036245 5.82958387921006 9.39128924804093 15.0582132818076 13.7342079378518 9.38908481201675 -9999 -9999 -9999 -9999 -9999 -9999 -9999 -9999 -9999 -9999 -9999 -9999 -9999 -9999 -9999 -9999 -9999 -9999 -9999 -9999 -9999 -9999 -9999 -9999 -9999 -9999 -9999 -9999 -9999 -9999
28.5212985785833 26.8670095886405 23.7796551466292 21.5353316891162 20.1253835640841 20.5225921085999 22.3080661360814 23.6292612613069 19.124595734384 20.4820289476445 21.5535543187911 17.4946934641255 15.533867513089 17.0032329539334 17.3443068186409 14.6869920414835 12.3139007602265 10.7191891612618 9.65031753788792 10.4089409978423 7.35674330197529 6.1065394808714 7.21361037939589 9.12714821577944 14.3304021735974 13.8360337495903 10.5851953694379 7.46961466490496 5.39382062549777 5.62503918 -9999 -9999 -9999 -9999 -9999 -9999 -9999 -9999 -9999 -9999 -9999 -9999 -9999 -9999 -9999 -9999 -9999 -9999 -9999 -9999 -9999 -9999 -9999 -9999 -9999 -9999 -9999 -9999
29.7392408322526 28.9321679146009 25.9475430531624 24.74938092 25.2443266496753 25.0731596855986 24.0983777934827 25.4696682497734 24.3468463314649 23.3045445765949 20.117064190759 13.904573867815 13.5917125965297 13.5374237559106 14.0624638909644 13.2051325746706 10.8802816239994 9.33517743139181 9.73205662149718 9.31268207971562 6.87507160550448 5.85542358566059 8.76010138615228 14.3067993306817 16.0135790740175 11.1154878122498 7.30826776246797 6.1472459015297 5.77403306396836 6.47819660566596 5.79490539934317 -9999 -9999 -9999 -9999 -9999 -9999 -9999 -9999 -9999 -9999 -9999 -9999 -9999 -9999 -9999 -9999 -9999 -9999 -9999 -9999 -9999 -9999 -9999 -9999 -9999 -9999 -9999
28.4830805796038 27.8889429699991 25.9382579145354 26.520855829171 27.6052479592827 26.8720057790919 26.8585790690577 27.5540343596837 25.6092877594545 23.5149422912723 20.6450191880409 18.0917106280832 18.7333171017788 16.5424778688621 15.9061230139095 12.1613541797986 8.5737486505291 6.34867698990742 5.01367386676809 3.40901908132816 4.60181813327547 6.48430150302188 13.3275317744759 14.2289139699592 11.3811651121438 9.05322360461695 8.45307862883071 7.41383542557338 8.3653897055989 9.04033825578296 7.43143264991236 5.58858389227719 5.8743154470555 8.25392150064628 -9999 -9999 -9999 -9999 -9999 -9999 -9999 -9999 -9999 -9999 -9999 -9999 -9999 -9999 -9999 -9999 -9999 -9999 -9999 -9999 -9999 -9999 -9999 -9999
28.5988541013226 27.5176405603081 26.527509942333 27.7438662496267 29.373337273829 29.0896356357065 29.6478451008034 28.2853572707422 26.6199636435655 26.2355812330619 23.9122644249001 22.8402024829228 21.8187753373472 20.8037722174636 18.4435898774487 15.5386731853108 12.2910888801718 11.0970879885528 9.97513660894879 8.57720938219251 7.11783596593229 10.2351527047746 17.9962960755501 13.5476784003113 7.54344658363632 5.83038014374253 7.92248085308055 10.3851057760911 11.2811796883983 10.0405681361209 9.1840336174903 10.5085151247745 8.47906553516352 9.55256584498182 8.83910674758186 -9999 -9999 -9999 9.00826908171955 9.43200990086794 -9999 -9999 -9999 -9999 -9999 -9999 -9999 -9999 -9999 -9999 -9999 -9999 -9999 -9999 -9999 -9999 -9999 -9999
31.4179214315365 29.9332200098862 27.4799041087558 28.1802548569677 30.0372574165722 29.5520841628843 29.2797796563909 28.0052968820487 26.2574242888152 25.338550086765 24.1324764999998 23.5072351789411 22.2820614705776 20.3146003816973 17.7313064431777 15.85945973248 14.6606637347866 15.3064798195604 17.7190318011341 19.5670084269297 16.5532534849457 16.6659670769343 19.9922584489465 17.4199506919483 10.7480440413584 8.49367342633176 8.04518750908422 8.36757316149616 7.42819943051162 10.3491067717977 13.538062371806 13.4672803381468 7.57951879779272 8.92963962750853 11.5337287743061 14.0820525859834 13.9422471655783 8.87531764834417 8.84269981875257 10.5541356755596 -9999 -9999 -9999 -9999 -9999 -9999 -9999 -9999 -9999 -9999 -9999 -9999 -9999 -9999 -9999 -9999 -9999 -9999
31.7574207483028 31.9946628719937 30.5799338902391 29.5554362105545 29.7500873658195 28.1801929913693 27.2631863672129 27.0985220602729 25.0774487039463 24.5245138949672 24.4039328346316 22.1518551575027 20.7866717789852 20.0334195559992 18.3801753045846 18.1307243769078 18.1160987654968 18.8653895994136 20.1766821721858 23.137699794932 21.1293407096712 21.4929467154601 22.7629019799919 18.4465582292127 14.6070908753004 15.194217592991 12.4688265500037 12.5918062260738 11.0910230284753 10.9177013744973 15.5488835676705 15.3362018816666 10.4797865982749 6.78154394187375 9.02988071400065 14.1762911740507 19.0784009564734 15.9125971577701 11.5108324174662 10.4999639676221 -9999 -9999 -9999 -9999 -9999 -9999 -9999 -9999 -9999 -9999 -9999 -9999 -9999 -9999 -9999 -9999 -9999 -9999
32.4565972091287 31.6046088759408 31.0372028265453 29.2878717254082 27.213483651521 27.021197068076 27.8602564215976 26.8233243851769 24.0268321947219 24.0236911708157 25.510557549532 24.4846627931549 22.793119932551 23.5109589335891 21.2004730182193 21.0206187363683 22.9244805206563 23.1504820445574 21.3175308690865 22.3525836994006 23.8184926584587 25.3450215271783 22.975227120258 19.6020750357824 21.1889171281555 21.5368529076128 20.378124614333 19.1803761603469 18.5005302263965 16.6572154642743 19.9072755897615 20.3672179923015 15.8085415137105 10.7545017287092 9.32977054887414 11.5262959403774 20.1263299728644 17.498425138712 11.5670537304096 -9999 -9999 -9999 -9999 -9999 -9999 -9999 -9999 -9999 -9999 -9999 -9999 -9999 -9999 -9999 -9999 -9999 -9999 -9999
33.9687157613919 33.0438646599667 32.261503934462 31.7299344578255 30.1769601793258 28.8044053921122 28.6431614745512 27.8944296517234 25.988395216108 26.4479732050045 26.3674232480498 26.6231828183122 26.3930397257567 25.4248619010772 22.8600400558147 22.6257194223509 23.5525944827642 24.5128912180318 22.3071219339989 21.376435615681 22.4406185346622 24.8751941663436 25.7634705435966 24.1814512808576 24.8573952832843 25.9687685611926 26.0536889228294 24.2960447877768 23.4228752060873 23.663500524152 24.9997526247842 23.8056191043074 20.7728960726099 16.6159973885374 15.7775797945289 16.0220647843021 21.7316086324397 17.8961396041063 14.1909473718184 10.6153429965381 11.4880082220011 -9999 -9999 11.8858312494722 -9999 -9999 -9999 -9999 -9999 -9999 -9999 -9999 -9999 -9999 -9999 -9999 -9999 -9999
35.0453468749386 34.7050433063219 33.3987511045702 32.4907393412508 31.8809573406123 30.9786103454301 29.3428671367565 28.6386008939788 27.6280742186968 27.2721857127439 26.4767041743491 28.3200711334564 27.8382014113931 25.5812127261466 25.8723426294355 25.3512215122663 25.2313330454616 26.4490899936085 26.8212059468039 25.2646292079436 23.7293901136208 23.4368993232374 27.0702299655157 27.2990799359453 24.5956260765816 26.8741323701665 28.8567710624857 28.7654674932569 28.6123561500001 28.2700175655278 27.6524378641029 27.4962399211707 24.6324829631305 23.8095285917573 24.0601598620726 21.485883682591 24.928157558066 18.6273433860722 20.5844500113584 17.6598965802164 14.784266746169 19.2870463977623 16.7167925420073 11.8428295742072 10.735024394847 9.04914759091912 -9999 -9999 -9999 -9999 -9999 -9999 -9999 -9999 -9999 -9999 -9999 -9999
35.373264042 35.2143721773227 34.8008840427045 33.6751997267574 32.177300713404 31.9384823408624 31.9999193182463 31.6682785858785 30.9846292080037 28.9229707557682 27.6650065734926 27.5584765672428 28.7748861681094 28.9247119625942 28.200815472562 26.8637685129939 26.7764936061843 28.1349667186973 28.5466025058986 26.3598479135087 24.7884311809903 25.3880531387261 27.4222161346414 25.5168534884732 26.7890046183912 27.9862883716256 28.7849590265523 29.8768882340755 29.8671150466995 29.9976147656793 29.2139116832518 29.27467474 28.893245048401 27.8829427785537 27.7751492406988 25.1327984065262 26.0402123924846 21.7500149846024 23.3309285093256 17.8706727765318 20.2334161579596 21.0052361251636 15.4600017966408 10.9274044092407 10.5549601662106 10.7223482118558 11.1208114167531 9.67342926476156 11.5144152703933 -9999 10.159133978 -9999 -9999 -9999 -9999 -9999 3.28526347761384 -9999
35.5672350921532 35.3007052860215 35.0051675106577 34.6879990087261 33.984127390751 32.8196462882069 32.1863251929907 32.1015423565895 31.816237539885 31.4807090753123 29.5629155521885 28.44646598819 28.9665638435505 29.7969730208419 29.2356995682368 28.5818692883224 27.0412700366219 27.1179994701998 27.3303910287272 28.2775395747863 27.1342254371045 27.5056950880342 28.2390943207635 27.5243180220545 28.1966477356841 28.2345361188665 29.0438201586441 30.3765222318585 30.4121040226608 30.7775439292757 30.5452321987036 30.7215735174808 30.541384096784 29.9442666689875 29.89031704582 30.7760035564615 29.9777752460572 28.9271059376113 23.9595805496601 23.2171982647574 24.7268096953473 20.3517887360899 16.2266742375421 16.5479888038718 18.3482061036527 17.2762684025445 16.7833147637087 13.9842679235368 14.516238691089 -9999 10.863562382106 12.7503052094612 -9999 -9999 -9999 7.29052427507245 7.07144759491008 6.49266355270708
35.61963987 35.5033920635916 35.1205889365723 34.6858330235529 34.2333313945334 33.4914905259998 33.4259283400415 32.9347064733769 32.2102774336484 31.9521586611266 31.7932011768341 30.7993643728926 30.1208506916216 30.6134107652044 30.4938838611506 29.7824462247378 28.7076353090967 28.5899024285145 29.2380472692136 28.8401292544857 29.3864095635533 29.5132520892142 29.500292417385 29.5178964705661 29.2601831944379 29.6548574613795 29.5476754311431 30.6022315565439 30.7111947597948 30.8890914397062 30.8590816441035 30.6507624648672 30.9891378829314 30.2413925122857 30.3882114303835 30.7471841218655 30.1926582846098 29.0620121925597 27.1757878096949 30.0089098221518 29.7737566468499 27.5900332963664 24.3839734432896 22.7237378350547 23.6401184888132 21.0038830624322 21.0564522052632 19.3038023633008 20.1806065058146 15.1073195685866 12.1638857502705 17.1507864514688 11.4273086787376 9.11406034470799 7.31280503744513 7.92516340826811 9.51733376647434 9.36661107927783
35.72678271 35.682195532 35.4854473567039 35.235819704 34.9731991189497 34.3930490213638 33.4814947183701 33.148750047538 33.3396433738166 33.3159754729524 33.058647131375 32.496633948 32.2099127684654 32.2157562361693 31.4617374303589 30.317450624536 29.0030984365074 28.5642484794518 28.3157936772449 27.8750196223829 28.0129445969932 28.5518867240807 29.148444420084 28.3708553709973 29.9435636445913 30.8132748838717 30.7233014099999 30.846666199112 30.9358545417027 30.6951471605262 30.6789976012655 30.0151455257144 30.1207262374304 29.8049996850425 29.8731759229107 30.5125464235237 30.6638635391154 29.7068235598629 30.6943081479069 30.4567939964785 29.7149940304937 28.329670660992 25.6623642670511 25.4848044141819 26.6761345070785 24.5892838517398 24.4140888129143 24.3843039577627 21.4274360861613 17.2521759599986 18.0469862782465 20.9599679925408 16.7274302735832 10.7629822361496 8.34365454478382 7.95027984791839 10.892723425917 11.1569899385181
