catData/variables/futureClimate2070/rcp85/MPI_ESM_LR_2070_rcp85/bio11.asc
NCOLS 409 
NROWS 350 
XLLCORNER 60.897278365 
YLLCORNER 5.843756025 
CELLSIZE 0.0892857 
NODATA_value -9999 
[rows 156 to 181 of 350, columns 236 to 294 of 409]
22.44287150415 22.483864998 22.7473118765425 22.7319522823337 22.537302266765 22.5193342751626 22.6806349282896 22.3938776432738 22.198254502 22.0608104039999 21.9528436119379 21.918566195341 21.7100161179948 21.557187072 21.2484638986976 21.106790128044 21.0924571161707 20.3069788152631 19.463269475586 19.9001135217129 20.2023089272246 20.1927070284863 20.5495701245321 20.4876588876283 20.9179655996793 21.2649606159734 21.0228023714411 21.0477495315935 21.7263024604548 22.146316116 22.212896075286 22.128615952 22.2951059718611 22.3246865965536 22.4939118487538 22.3357133679387 22.4545429406312 22.7179589713239 23.0976155080163 23.5906922860002 24.1448517271974 24.3620236989531 24.471368208 24.6477525597395 24.780300658 24.7219186051359 24.4320108702217 24.5087190191246 24.708872018 24.816014858 24.923157698 25.030300538 25.1020044301441 25.1475526452022 25.2 25.2031515481053 25.271367968 25.30535323 25.3813549819335
22.5957532978331 22.673158538 22.8706372724059 23.0873845060001 23.0415483419573 22.849768110735 22.8452522044487 22.8749440881622 22.589337652 22.4443206211788 22.2219738153939 22.0623375170166 21.9418060327302 21.8359880755561 21.4864213856848 21.2335500177422 21.0293379909069 20.3534830302097 20.0141473609642 20.034226511628 20.5546879150742 20.4849878944584 20.5259054805344 20.5177735080001 20.8542702790555 21.4281885090073 21.5616310291166 21.3167121651311 21.7153707727406 22.1554579981384 22.453398764 22.425052332 22.4006764650025 22.7127121792839 22.72499214 22.7109782998567 22.6317005457139 22.6768840324295 22.8811516808633 23.281510070998 23.9599441431142 24.3258371117001 24.4617996258614 24.6006148144432 24.7579580137366 24.874947428 24.7101508290069 24.5644570472933 24.6849885315797 24.803518788 24.910661628 25.0215908444389 25.137443378 25.2055715250116 25.21249607 25.2640112944156 25.366014738 25.4091418221572 25.4024616735564
22.566015698 22.673158538 22.9251338186459 23.1552495260001 23.2935240151923 23.2575265651113 23.1733281129089 23.0492860281012 22.6662987937369 22.5103355515749 22.2368558918804 22.1195825126255 21.8450652021875 21.6243568376816 21.3470314668516 21.1205203044139 21.5453035059872 21.4668557298601 21.4950052801767 21.6427059078897 21.7893045791756 21.2594077361841 21.0852950954443 21.1380383486918 21.2325120791463 21.4088123060001 21.6849866414113 21.7330949573303 21.8711189250028 22.199835264 22.5370340050874 22.5640752530194 22.501481697851 22.821368328 22.9231237395272 22.95891673 22.9035049207966 22.7867382739172 23.1209478415602 23.645181636206 23.7985391268334 23.6916025721659 23.7783660175363 24.0548005898601 24.5110462120919 24.7751136973654 24.7239893877921 24.2844986294224 24.5321558431094 24.6830273250985 24.8186097785317 24.940962166 25.1030975253872 25.1944257352254 25.2810402262889 25.3115617990635 25.3726890730175 25.4587902270984 25.4316009256413
22.592797448 22.6803471512492 22.8390966416975 23.0246875941459 23.2862747548118 23.4210446408729 23.4757580605092 23.1435560381831 22.7178809587746 22.7091913983288 22.4847665212839 22.2118759874643 21.6335054683607 20.8000195731439 20.2139371316915 20.4318210624746 21.6601451440528 21.78154495389 21.9431229334812 21.8620885172744 22.3695662593988 22.5676593615696 22.1601195466824 21.4237225175588 21.373022074 21.6379227980084 21.8992646753701 22.0892934405701 22.114254 22.1965771166111 22.5264793562499 22.7748874760001 22.9199185188535 22.9816114995948 23.0689318700432 23.2482273675431 23.2680587479999 22.9222746433879 22.9034587726903 23.1358874102926 23.3634693176027 23.8920500479061 24.145816909482 24.114254 24.3121441310522 24.7682569928721 24.8521136265773 24.392999649613 24.6958789003192 24.6198117055352 24.8143776764318 24.8257043116642 24.908993122 24.9475499054393 25.176676366 25.3478570725426 25.3823200979057 25.392811129646 25.4587945608023
22.6551491782357 22.66607541 22.7736187012509 22.9764394953057 23.3480337303804 23.3724652007844 23.5221991939765 23.353727036 23.110040945428 23.0860742422932 22.7291534909201 22.21174217191 21.6181178876607 21.0923826526904 20.7495601732212 20.9024542621152 21.9409676016818 22.2851808839677 22.3034515226017 22.2385843284604 22.3638812560003 22.9803252942464 22.7756272408138 22.3289348264892 22.07954485808 22.3086376559642 22.4558773706492 22.7058419714208 22.86962295 22.5025350043146 22.5542683731744 22.8045524055973 23.0551858547815 23.1368444037271 23.400380289399 23.44792467 23.7437924859241 23.2715492639999 23.1094022868767 23.3986276990722 24.0455012889746 24.4451951076779 24.6998791360001 24.76784918 24.8209081690062 24.921368088 24.964334873275 24.9023157945469 25.0252099411936 24.9245483434221 24.819760014 24.696375948 24.7794420818746 24.9204067323471 25.1537584251627 25.3316963359783 25.333985262 25.3483391696096 25.3933169975748
22.6487427897393 22.4988439072356 22.5714450416016 22.764884256919 23.3838426646656 23.4986163492018 23.72320229 23.6817327422843 23.4386393029874 23.3016407133461 22.8317590969411 22.2304735422092 22.2161960916932 22.6345482418327 22.6119654420265 22.3916532643594 22.5402692645386 22.6539568489088 22.853443356 22.9040088122652 22.8724283914733 23.2977487017225 23.0704010213028 22.7605497807822 22.8104014105204 23.0554736670288 23.2337841738075 23.2747271607511 23.268980783117 22.8190934267755 22.7115931029245 22.9855335040001 23.2681177472905 23.2163315838939 23.8144506559999 23.6079889416789 23.8117105459103 23.3123757371784 23.4506251915535 24.0432729291429 24.5020382395087 24.4969183376867 24.6940679955187 24.8479091756967 24.85893257 24.9104652706693 24.9009671582954 24.9423953991059 25.026737158 25.0932670515925 24.9274645954158 24.8107503835345 24.8740242918009 25.0664154198669 25.251729058 25.358871898 25.3610958183178 25.3110234928652 25.380300418
23.246561747489 23.0638966326978 22.8295864942624 22.4838730140139 23.0255022275314 23.546245222014 24.04463081 23.9662727336249 23.3597660564632 22.7724255174097 22.7605205584692 22.8936901007237 23.5891456454233 23.6658296021877 23.3911453167387 23.1112546710068 22.8453151385571 22.8026805844298 22.992753096 23.249939928 23.3702327212416 23.5881262396912 23.4271820445634 23.0845503362284 23.2690690839196 23.4855939360001 23.5465426401209 23.5 23.4634479085166 23.2225379725771 23.1797646297382 23.2829653852485 23.485593696 23.7920105065639 23.9387028541476 23.8736548000269 23.9966570757449 23.8542491853423 23.967728316 24.2098930655034 24.2805526872953 24.2023091614766 24.5288584097317 24.773157818 24.7612868359664 24.6674762370335 24.7955558569329 24.9467259864696 24.6592662203355 24.7486034699734 25.1880066907316 25.1033017608187 24.9986597292618 25.1086840579195 25.2750006094698 25.358871898 25.4318258834296 25.3397832261207 25.380300418
23.8815840834499 23.8714142139594 23.5762903503834 23.2387626028908 23.292765048 24.1800401393144 24.3709706664252 24.3642087800599 23.9095665675387 23.2757030399508 22.9814603647545 23.5188405669798 24.3248719960001 24.362539822 23.9618613010836 23.5977860491661 23.1134185370064 22.8842212253307 22.9505194751739 23.467788988 23.5877656204224 23.81070622 23.7284129142576 23.4385805541753 23.458170197907 23.6938867539787 23.8771358862866 23.8548840778461 23.8250509255275 23.7965821049558 23.8233236235991 23.744674922 24.0260050411312 24.319683022 24.2204625565396 24.2355861728126 24.3404220522102 24.1747350630683 24.0020023948214 24.0033279831418 23.9665685421208 24.2234292213066 24.5651421018336 24.717804708 24.7087951435535 24.5735156996357 24.5350998671275 24.6145885599998 24.1683827487105 24.7141993282445 25.1574653960474 25.1897157943892 25.1620505595759 25.2198456877057 25.3286336423767 25.3490501550819 25.410661628 25.3793217232473 25.391204749294
24.1253272439291 24.2152422413168 24.1950445400884 24.2218215715184 24.2013203970517 24.4653069641892 24.633864638 24.7249919 24.6613043746681 24.3211960902942 24.0483605447641 24.3104045861681 24.6586183898061 24.592533278182 24.2524366852478 24.0701172506779 23.4878758339999 23.262539822 23.3090967304839 23.6663875403977 23.9052328460001 24.0974967876288 24.1007698580313 23.907170632 23.7719539973575 23.8129778615114 24.0711302097963 24.2258030796748 24.3039863072674 24.3399169846514 24.2997989909364 24.2546929067786 24.4509917705192 24.5618473482086 24.5105748400764 24.394526146 24.4727617539394 24.1295520242739 23.987548282 23.8971271695015 23.9012971135732 24.1214866342148 24.3985445532868 24.548165918 24.6251927590734 24.6593578415767 24.5324359045033 24.2696042086548 24.0179482184006 24.6295586036483 24.8876465213633 25.1185591243129 25.325052572 25.2792175874918 25.351729058 25.341128102 25.3247582003469 25.3832245733681 25.4
24.4743391421083 24.5902243006449 24.689217748 24.6745703973197 24.5091824493122 24.6415326959646 24.778511528 24.8807918447307 24.892960744 24.6786750639999 24.6027972947736 24.7980902460001 24.8885981650622 24.4880300419173 24.4371497614775 24.4463008429764 24.1264121082971 23.7869815573787 23.6451734213359 23.7724187381954 23.9542849062501 24.2271682255976 24.3787347618905 24.378615352 24.1852163876405 24.0502159800237 24.1549832936642 24.346255924 24.535654008 24.6205851763787 24.6148972557263 24.60891637 24.6376339995784 24.66963879 24.6518942739999 24.4012945018193 23.9593538056242 23.7243694503196 23.8361517870148 23.7850864921449 23.7631309444054 23.825111952349 23.8815736783061 24.1385249457368 24.4135863111865 24.548165918 24.597873644577 24.3970287635468 23.7445761800325 24.0859746006571 24.7250568280372 25.1485784139467 25.3886317373743 25.36963879 25.3853443579304 25.3821257794172 25.36963879 25.340904263775 25.3862814494602
24.719578958 24.826721798 24.8722079310592 24.8564785079212 24.5917636590986 24.932074788 25.032404995138 25.0572818161577 25.0482462048226 24.8464291443941 24.7323885735664 25.0427371360001 25.101833482 24.627785671724 24.6757498932958 24.8195909313693 24.584867721335 24.3148508012904 23.6589827102468 23.955292918 24.0529309596555 24.0907642535664 24.3819390010935 24.546480612 24.3932000605073 24.3323843514876 24.43034489 24.4713525096555 24.566015218 24.673158058 24.638343661611 24.7574998247387 24.77678163 24.6179068686803 24.2847228053794 23.8873128638714 23.5478669618956 23.6746192897445 23.6413799984627 23.7450612932116 23.6610844314241 23.6779705763445 23.7 23.7679442114687 23.8488069916606 24.2185342603738 24.5094913121474 24.4937312353779 24.1143429657942 23.9680110869563 24.6155678039847 25.2444179970249 25.4 25.4342340249358 25.47678163 25.47678163 25.47678163 25.403624052 25.3954260781628
24.933864638 24.9796095627238 25.0513169758892 25.06784894 25.1016145144604 25.168127030272 25.191370868341 25.26784894 25.2252549424331 24.9881496081797 24.8547758104144 25.1265932274058 25.2756086340187 25.1521918097897 25.0690543105326 25.1292466538575 25.0456546049409 24.8447343939999 24.1423092916963 24.3403307506187 24.594674322 24.5247112589296 24.6663016577037 24.6866879844777 24.5193859621222 24.566108506026 24.5405107294 24.4011833375742 24.2873604343483 24.337460178 24.284001222 24.5859629833295 24.8702949128329 24.5048036433282 23.8288130879998 23.4271229002329 23.188736574894 23.2080751094239 23.4448604603574 23.3550369948414 23.6540759187249 23.7773129482058 23.78392447 23.7225271589799 23.834783803266 24.3050664300002 24.3340836225644 24.2476706409437 24.1954790461695 24.0774391446978 24.7142405733787 25.2606010760001 25.3685758434634 25.3232430008505 25.33215106 25.33215106 25.3875535789884 25.4657121712027 25.4165327697857
25.0880315976537 25.09106731 25.171368688 25.2707004070832 25.2905837886713 25.2926426815744 25.3910073580001 25.48213462 25.4779972806223 25.4837436282271 25.5352280103953 25.4771440487601 25.39106731 25.332194692 25.225051852 25.264225608 25.064509999448 24.9933104910432 24.6735102670688 24.7647327549616 24.7983547025168 24.874632530496 24.8842032682504 24.8553528999904 24.7765466737592 24.7009268070271 24.4540530645359 24.0928936420447 23.6292424091069 23.544619578 23.9299278282867 24.2880076720401 24.6966952562057 24.4078513051588 24.302835101303 23.7212147214027 23.0116594995642 23.037608135398 23.2643354211135 23.6020113840752 23.8341728636591 23.9446805824161 23.8618984906766 23.726842182 23.860601316 24.018687724406 23.5104582537794 23.8199836011026 23.0365857541654 24.2490551672382 24.696768002747 25.1336542257443 25.3966552991177 25.39106731 25.343959048391 25.3 25.3058968918998 25.382090268 25.4748871331827
25.19821015 25.19821015 25.278511528 25.3856543680001 25.39821015 25.399940048 25.507082888 25.6139390731772 25.6964203 25.6969626470663 25.69821015 25.6528251726902 25.5964203 25.6531854548935 25.4323235010249 25.4432173222033 25.413244622163 25.2210828760804 24.912659846 24.6086757991489 24.907082648 24.99821015 24.99821015 24.967909132 24.8614364808924 24.7546152669858 24.5430215359999 24.3939952409695 24.1258083046205 23.2002352960132 23.6276981195086 24.1517895402555 24.580136162 24.7877452079642 24.4451354021096 23.7401356662315 22.9245332956467 22.97078389895 23.053354172 23.4373390740001 23.7569158403195 23.958872138 24.0624702707489 24.021472632 23.9975049726544 23.9138968668979 23.7058453597173 22.9039115549224 22.2478151301418 22.6140559516794 22.8803929513659 24.4069244863857 25.3753362453977 25.4106337668457 25.3516671629108 25.39821015 25.39821015 25.3276713938197 25.4609534289685
25.3 25.373158538 25.4042985247342 25.4881163277549 25.505063235756 25.507082888 25.6058279467779 25.6410225114224 25.7780812497997 25.735654248 25.80535299 25.80535299 25.7563923018433 25.7664271526457 25.80535299 25.8014368336239 25.723997373887 25.5351459013979 25.2320087489088 25.0106133915802 25.0058279339307 25.0258640185584 25.0809551570475 24.9713209924634 24.9033486240256 24.8132133254852 24.6563925289962 24.551833602 23.8717565281078 23.1038755719999 23.7114449076813 24.5901881948988 24.9831801741234 25.0936173662903 24.325845594415 23.1434435648111 22.3810673242107 22.4277047860813 22.8095948546184 23.4807325406382 23.751544159702 23.8566705676599 24.0320299560001 24.0307583126817 23.9207538458073 23.8172373437036 22.9692655396435 22.4720219094507 21.7754782192909 21.6183332197253 22.1133347308074 23.6859493150788 25.26182380144 25.458380076209 25.4 25.4557204911873 25.4356997966473 25.40535299 25.4813549346545
25.3082492093954 25.385654368 25.4827628843175 25.5109268808261 25.607082888 25.614225728 25.7202598457432 25.8 25.802893836544 25.8390106943125 25.9 25.9 25.9 25.9 25.9 25.835983438549 25.8024615363075 25.712556022 25.5226457719797 25.2355416968767 25.1316467734664 25.2 25.1565774505539 25.0049231026049 24.950060312 24.8484889499847 24.7935359648717 24.7065620151845 24.4024541068307 23.8452016985589 23.8782087571077 24.4168736254618 24.9722564379897 25.1818837057334 24.7138984887678 23.0093035125796 22.129972185692 22.4715491357549 22.9966322348932 23.4910162479948 23.7362070522765 23.817744276 24.0402790754255 24.11249583 23.9619287477126 23.9140648691439 23.3213391060006 22.1415868651431 21.6225869491472 21.4046687834434 22.8553524785744 24.6544880225422 25.4780248642777 25.5094745700094 25.41249583 25.41249583 25.4702614785646 25.5 25.5
25.366015698 25.473158538 25.5 25.587444218 25.694587058 25.7010504400809 25.76072266 25.763867906512 25.7989717427118 25.8666734240645 25.88036133 25.8891176116169 25.9 25.8653146024918 25.8799776638368 25.8856326832782 25.8158302674981 25.661037519177 25.5279215789494 25.4775813776535 25.310766172 25.2164934706208 25.1722938638445 25.0197592939999 24.8355639962921 24.7694788944841 24.728631792 24.4564335700366 24.1420405423743 23.7811359875341 24.0012090281738 24.3426925440001 24.9107297061646 25.0723935093878 24.5538877864102 23.6769380472608 22.7308804489775 23.1 23.062556382 23.2062254365409 23.5650533386377 23.7900286409038 24.0784062640001 24.2090957749124 24.1551079932325 24.0690065820087 23.4136782987095 21.987092875072 21.4517863383374 21.698562507568 23.8080669427716 25.318277708668 25.5 25.5 25.5 25.5 25.5 25.5 25.5
25.366015698 25.473158538 25.5 25.587444218 25.643923373206 25.5916073548058 25.5220317232148 25.5581633443764 25.6134532959675 25.6394054868828 25.74643698 25.7671418074817 25.8344360070042 25.7123676120769 25.7803664375143 25.800060192 25.7517126326964 25.3732422502874 25.1051500558786 25.1626722382419 25.3667221809391 25.283984662 25.1660878635137 25.0010760541657 24.7854007528507 24.6355452350494 24.6224153447848 24.4391497778013 24.0980803824203 23.9947240901428 24 24.3560062277475 24.7601406381543 24.9966644030184 24.7556363760093 24.055180401158 23.1858969671874 23.2063205110984 22.992239818299 22.8660277418762 23.0903221251169 23.6167909165771 23.9712634240001 24.2391268943435 24.3215057287523 24.32678151 24.1629404835701 23.1018940620207 22.0159811534909 22.585674625626 24.6480044195325 25.430300538 25.4899720979766 25.47321849 25.4870723128412 25.5 25.5 25.4804072959322 25.47321849
25.3775446515556 25.473158538 25.5272417205276 25.5620388028618 25.4073125027787 25.2315644433478 25.2191397627749 25.4284911692648 25.376841582 25.3600652595451 25.5109296168598 25.487564362 25.5873406340001 25.614406064 25.641786900974 25.6498871290675 25.6063334402182 25.3111041157531 25.0500372223844 24.8477997868967 25.3309144127247 25.2894177613168 25.23392435 25.203623332 25.0095540888828 24.6218451691021 24.3095652118039 24.2488918949622 24.3338292664683 24.3225792165965 24.3053191500001 24.7691017173392 25.0873692522263 25.1023290803695 25.0870251328544 24.5996021764066 24.4778112016394 23.9318361218885 23.2242839017243 22.7307732537418 22.8311270922123 23.4551459272621 23.8525913861892 24.2103674182307 24.4620250868167 24.50177305 24.3430111112894 24.1214000003651 23.3736645398085 24.235718926721 25.2813772494785 25.321334795748 25.2717129446045 25.3060061732305 25.4341803113124 25.4860475587292 25.5 25.426842422 -9999
25.4271107921275 25.4841815721983 25.580301378 25.4048231325497 25.2095699964728 25.180404482 25.1192105016549 25.4905615698469 25.417908772 25.3535110651953 25.419578478 25.4741686470873 25.5132382629108 25.441187574 25.4520589615663 25.5300440572404 25.621368328 25.64106719 25.546480372 25.539337532 25.4358383776114 25.3755573307144 25.3030255381608 25.158941188634 25.0737321846164 24.7348589359118 24.0644730516565 23.7264610226999 24.0661938159802 24.6649726541126 24.8838202647067 24.9671554179173 25.2048156357018 25.339337772 25.2374236029498 25.1453777552756 24.8208915524058 24.7227850748729 24.4304091644817 23.4405609951576 23.2048650810469 23.5482935935391 23.8601509855564 24.2146779317642 24.621202632 24.8795529373316 24.543889033719 24.5653800812588 24.6421646610667 24.8293244091846 25.0672882141627 24.9697167850229 24.8947503359284 25.2095120462804 25.44106719 25.4757620537917 25.5 -9999 -9999
25.4823995401895 25.5352697531174 25.5123714527274 25.238116835462 25.2 25.3481481006895 25.3584156550452 25.5 25.4880062622653 25.478511288 25.567602317121 25.6230915618141 25.5982082969854 25.4020822872004 25.4320309160001 25.573158298 25.680301138 25.7 25.6510135153338 25.646480372 25.54821003 25.5244736927456 25.3296964171224 25.0672038002638 24.9277932193001 24.7378855674454 24.5658621740979 24.2133779536686 24.1575441911953 24.6787738109079 24.9278057119679 24.9029229443229 25.1345795763702 25.3517280578733 25.339337772 25.2150331722013 24.9595828468571 24.8294103048519 24.9632314209418 24.3098211738885 23.712837331577 23.6396796178257 23.997102396095 24.294525666 24.669412662 25.1854275200002 25.0032788496285 24.9464830750698 25.0511547441576 25.0677923935388 25.1772668151531 25.1217775704599 25.1826398111659 25.4139036567791 25.4750614056195 25.4801721296874 -9999 -9999 -9999
25.5 25.532663187567 25.4284934913725 25.273514448312 25.25535287 25.4007723498089 25.4495584451306 25.4911349179299 25.4574659790096 25.5470738739492 25.65535287 25.65535287 25.5121832861618 25.2997337171214 25.4863023979401 25.6433688204139 25.6912050234743 25.7 25.7 25.698270342 25.6 25.5413744763304 25.2004437501627 25.0790096733066 24.9055774379999 24.6059928360375 24.6139343922378 24.7826538963012 24.8117441346007 24.9029474027393 25.0335448333576 25.1037554886183 25.1951661248844 25.301729418 25.4009498408736 25.4018409236237 25.3115162226316 25.146042337234 25.0124038795845 24.8158855089404 24.4431529119999 23.5017803397326 23.807973017529 24.4678004916772 24.9317099608319 25.3134215126859 25.4600653754218 25.319682302 25.2391555160001 25.4339973198823 25.5 25.5 25.5 25.5 25.448270942 -9999 -9999 -9999 -9999
25.5 25.4542790522513 25.357202912 25.304708956893 25.2408871465348 25.3385854020374 25.408872738 25.483984422 25.4376314357539 25.604161239674 25.6765990451018 25.63750429 25.4111842920424 25.2 25.5713341191871 25.76249571 25.76249571 25.7078469750966 25.7 25.6993513040477 25.6569507793801 25.549950007576 25.264328952 25.1799144753273 25.106323497634 24.923305154 24.8448072920528 24.8161220870001 24.6842348231971 24.6009378149227 24.9488617113659 25.2342451978274 25.3216082634858 25.425640025942 25.4658231873699 25.483984902 25.376842062 25.2583351303466 25.1718534018376 25.2209307990181 25.0167771061261 23.9779699763526 23.7260663522662 24.5733540244574 25.1763102436483 25.4373827060001 25.5925559825039 25.5618471940683 25.5316461947192 25.5939937412126 25.5480231422152 25.5 25.5 25.4721355264987 25.4504321161468 -9999 -9999 -9999 -9999
25.4540276251404 25.4081494570644 25.319698622 25.1782102290519 25.1978739533577 25.232091348 25.339234188 25.4366519045866 25.5159553860001 25.5944330244851 25.5143793365389 25.7006882471126 25.6764534572696 25.6178313 25.7840630093648 25.86963855 25.86963855 25.782194572 25.76963855 25.76963855 25.760766052 25.637607874 25.4626073913656 25.3878748924295 25.2957139097753 25.28115323398 25.2246214878151 25.0447854583897 24.6130402290272 24.314406784 24.4629263829791 24.8357559152091 25.2402301636553 25.3631315832373 25.5 25.483984902 25.3929689142331 25.318236749562 25.1852932327145 25.2538709885427 25.2707919571571 24.9998098525719 24.7429097439999 24.7886428609974 25.0397236542567 25.4486544982296 25.594586338 25.6684343755139 25.6 25.6 25.576842302 25.5 25.5 25.486462977715 25.4493208761603 -9999 -9999 -9999 -9999
25.4078906825426 25.3438278576199 25.242917232 25.115471060055 25.1219618001075 25.27718304827 25.3020601264326 25.3515311714049 25.5285354807576 25.5252793050798 25.3635260952479 25.5827117095097 25.7629374525923 25.8 25.8153278717327 25.8793905681047 25.8383436700578 25.8700560355594 25.87678139 25.8754533345454 25.791127502 25.6925629222592 25.65356278 25.6394918296091 25.5583196740739 25.500663264959 25.490625511683 25.3673517063089 25.1644712619596 24.8885446201706 24.5862712896656 24.678697569487 25.1003080006582 25.3021309648207 25.4300308530168 25.5085781317085 25.55356278 25.5162265825292 25.4504000127334 25.5149640173875 25.5415519560417 25.53034417 25.4996886494332 25.4329482646623 25.3898845518254 25.4854227738549 25.6672110430665 25.699598508904 25.67678139 25.6644849594211 25.5946231044164 25.5535162157461 25.5 25.4657660820711 25.4112078417663 -9999 -9999 -9999 -9999
25.31607577 25.242917232 25.2031667051659 25.112555782 25.0206185398938 25.2175275735763 25.3 25.332031156 25.3871097500931 24.7944761287157 24.6131753763425 25.3194073683972 25.4102260465311 25.444679794012 25.54822731 25.7441806845552 25.8031667437477 25.8140572927821 25.736694511312 25.8157977141581 25.7985736776283 25.78392423 25.78392423 25.78392423 25.7718854530176 25.7215213020421 25.5887810755509 25.441127622 25.1677764918319 25.0129451465783 24.8135802286592 24.4149732952015 24.9014115065397 25.21925658874 25.4163182322102 25.599939328 25.7033593511504 25.7121179873794 25.5270950437281 25.5069892231216 25.6434134150309 25.68392423 25.6285216680288 25.6613971354413 25.6710152809114 25.5944621776184 25.6937160501483 25.7 25.7 25.6974254882621 25.6644893102678 25.569699462 25.5 25.455413782 25.4 25.3505922129171 -9999 -9999 -9999
