catData/variables/futureClimate2070/rcp85/MPI_ESM_LR_2070_rcp85/bio15.asc
NCOLS 409 
NROWS 350 
XLLCORNER 60.897278365 
YLLCORNER 5.843756025 
CELLSIZE 0.0892857 
NODATA_value -9999 
[rows 189 to 215 of 350, columns 120 to 179 of 409]
-9999 -9999 -9999 -9999 -9999 -9999 -9999 -9999 -9999 -9999 -9999 -9999 144.095112444263 144.71370128 145.78512968 146.85655808 147.92798648 148.757635109168 148.610939456146 147.67906732 145.80460834 142.428178927912 135.37878834 127.861473759998 119.431090391971 112.94864018 108.799416101343 105.57260224 103.42974544 101.470000494597 100.07201592 99.5893304999999 99.860442750539 100 101.132807361167 103.67492659352 105.334331091794 107.44529626 109.58815306 111.505062672265 112 112.30302698 113.220677976323 113.772441368991 114.304867845695 114.831108299618 115 115.73159738 116.80302578 117.87445418 118.94588258 119 118.947703176815 118.4106695 118.547156192558 119 119.37445298 120 120 120.58873818
-9999 -9999 -9999 -9999 -9999 -9999 -9999 -9999 -9999 -9999 -9999 -9999 144.343258883131 145.639038695229 146.554986646412 147.92798648 148.99941488 149.765930811333 149.327659014054 148.621101694613 146.87603674 142.984261979999 136.316896559535 127.844777957648 118.457378322814 111.87721178 107.703152526095 104.247851412264 101.949511849377 100.55411382 99.4826854199999 99 99.6601713800002 100.352702717578 102.08815426 103.809437379141 105.89176996 108.03462676 110.17748356 111.922782292579 111.629555289061 112.156938309299 112.5179021 112.96378588 113.767297215622 114.58874058 115.318266078903 116.21369528 117.28512368 117.934979556176 118.94588258 119 118.957218931255 118.5179021 118.629554132026 119 119.193929984693 119.5179021 119.767296058588 120.58873818
-9999 -9999 -9999 -9999 -9999 -9999 -9999 -9999 -9999 -9999 -9999 -9999 144.335008198001 145.781945819932 147.095173102067 148.44588858 149.51731698 150.914631431834 149.867755190199 149 147.838437385734 144.055690379999 138.401775561669 129.477836360363 118.574587519999 112.377702544431 107.730526126464 104.258646591503 101.97179629053 100.55411382 99.4826854199999 99.3258847233705 100.21369768 101.690085799304 103.71310896 104.98150918 106.475250346795 108.03462676 110.128362650861 111.374961927106 111.103402674927 111.4464737 111.653744601006 112.199075381027 113.25013177694 114.58874058 115.66016898 116.73159738 117.80302578 118 118.422311695258 118.4464737 118.406853900675 118 118.103401603391 118.4464737 118.4464737 118.69328077051 119.230965211523 120.03521188
-9999 -9999 -9999 -9999 -9999 -9999 -9999 -9999 -9999 -9999 -9999 143.16017498 144.23160338 145.41668242484 146.983526129454 148.44588858 149.51731698 151.17749076 150.432057366627 149.6249547 149.323781855215 146.298570729508 141.1454272 133.330988376188 123.106340935222 115.598855293318 109.803720059024 105.265091369462 102.25108444 100.55411382 99.8059835981495 99.845759987557 101.072748586737 103.08815426 105.23101106 106.49941128 107.57083968 108.648761381796 110.08874178 111 110.855261378916 110.3750453 110.74950068 111.653702463965 112.711327681742 113.96378588 115.03521428 116.10664268 117.17807108 117.3750453 117.3750453 117.385863878313 118 118 118 118 118 118.167225715927 118.698340478367 119.22080348734
-9999 -9999 -9999 -9999 -9999 -9999 -9999 -9999 -9999 -9999 -9999 143.048631830885 143.53522028 144.817674890355 146.74892036 148.44588858 149.51731698 150.35750609433 150.20635396691 150 150.559216924695 148.681964615315 144.322029285936 137.641748796554 128.771962059999 120.297797064409 112.608578383168 106.273241040965 102.25108444 100.55411382 100 100.409990661516 101.556993667865 103.46319956 105.60605636 106.87445658 107.287186665384 108.32093028 109.39235868 110.3036169 110.233299657096 110 110.37445538 111.44588378 112.51731218 113.58874058 114.66016898 115.222125328564 116.10664268 116.3036169 116.3036169 117.005255906084 117.3036169 117.415155035157 118 118 118 118 118.157063991743 118.713604218877
-9999 -9999 -9999 -9999 -9999 -9999 -9999 -9999 -9999 -9999 -9999 -9999 142.46379188 143.83825206 145.98110886 148.020435459443 149.51731698 150 150 150.561732567229 150.337689851649 149.826109862245 146.710525188069 140.410392015014 132.797897465886 126.202506011092 116.862198848288 108.322948714397 102.731382950252 100.55411382 100 100.58874298 101.66017138 103.46319956 105.60605636 106.87445658 107 108.01731338 109.020604820786 109.355169006161 110 110.232667600054 110.854755732999 111.44588378 112.51731218 113.58874058 114.153283645213 114.793917381734 115.186453351319 115.2321885 115.958448022574 116.2321885 116.300323616467 117.037189116587 117.41001071036 118 118 117.6576471488 117.2321885 117.368886734907
-9999 -9999 -9999 -9999 -9999 -9999 -9999 -9999 -9999 -9999 -9999 -9999 141.39236348 142.76682366 145.223942384017 147.51756967271 149.112230130563 150 150 150.117612439617 149.35772952 149.1607601 146.32309796 140.90785372695 135.085803586501 127.692870000022 118.366093513408 108.03955444 102.03738676 100.089079393115 100 100.58874298 101.66017138 102.849211833793 104.76681646 105.301337827247 106.115344616027 106.3533636593 108.235235742573 109.294591385846 110.8392399 111.14226688 112.153497795666 112.750160121061 112.922403057788 113.58874058 114 114.117611667969 114.834691375305 115 115.152060178149 115.175288165124 116.08873938 117.134419191671 117.876471325056 118 118 117.55411862 116.565852991964 116.1607601
-9999 -9999 -9999 -9999 -9999 -9999 -9999 -9999 -9999 -9999 -9999 -9999 140.32093508 141.69539526 144.553721255539 147.44588858 148.563529785262 149.625483454338 150.601199333937 150.244421386463 149.19696942 147.407315854527 146.063780564672 141.808320468063 135.297974228463 126.51622287773 116.142207661468 107.244085290335 101.87662666 100 100.471101989134 100.963261711266 102.261368528334 103.64226808 104.785432352467 105 105.084497513268 104.21329016 106.429033831863 109.32034036 111.421818970262 113.400320644731 114.76545563567 114.8213366 114.35023679647 114.49940888 114.9106683 114.9106683 114.982403958071 115 115.861385281128 115.92797928 116.99940768 118.07083608 118.9106683 118.9106683 118.569665841274 117.55411862 116.48269022 116
-9999 -9999 -9999 -9999 -9999 -9999 -9999 -9999 -9999 -9999 -9999 -9999 140.23160338 141.60606356 143.762328505881 145.919600882986 147.53522028 149.184853574838 150.66017378 149.549893733309 148.21487272 147.127788618543 144.196206871061 141.913111090395 136.272143259999 127.537675862249 118.107239138173 110.425717974102 104.701752209918 100.106290008092 99.0271649381199 100.192211675612 101.671990626268 103.468004809659 104.80302818 105 104.071049482562 104.03462676 106.26622534 109.477642965216 112.44529386 114.290548862931 115.367751392995 115.544195711078 114.990738404848 114.992637099226 115 115 115 115.85879856448 115.999031119595 116.99940768 118.070836080001 118.984964231816 119 119 118.62554702 117.55411862 115.974641992184 115.596101123742
-9999 -9999 -9999 -9999 -9999 -9999 -9999 -9999 -9999 -9999 -9999 -9999 140 140.60606356 143.437711664259 145.887157161667 146.491481323086 148.145978104661 148.981810767592 148.960840920155 147.383396032097 146.078735515649 144.105328856603 140.929810051143 136.577248056673 131.1841738 120.738680176842 111.52223986 104.074186 100.05470254 98.974164214626 99.5887429800001 101.32034276 103.424040608615 104.74950308 104.9464749 104.101847096286 105.08815186 107.315000527352 110.32034036 112.450800822846 114.233282330593 114.91299256166 114.9464749 114.974164086166 115 115 115.73159738 116.042982035177 116.88117403257 117.050628459683 118.07083608 119.147014264189 120.098477203559 120.041128891306 119.69697542 118.62554702 117.084371394547 115.42916512 114.977987169958
-9999 -9999 -9999 -9999 -9999 -9999 -9999 -9999 -9999 -9999 -9999 -9999 140.826275925886 140.818105678478 142.49941368 143.961015321319 146.03463396 147.58874538 148.577682755581 148.234860572999 147.19696942 145.469615460315 144.30401962 141.034047265366 135.231659448208 127.043427824475 117.30260841389 110.189544704902 103.096337220426 99.177466101207 98.452674312628 99.46378948 101.19538926 102.60664628 103.67807468 103.984312910269 104.827693341151 106.03462676 108.166394963993 110.175373035413 112.010630633166 112.837182218254 113.12454838 113.805807738904 114.39235868 114.8750465 114.957536924642 115.73159738 116.702684898199 116.984312610381 118.06407391896 119.14226448 120.302432260001 121.984799244698 120.989372066722 119.784064938143 118.62554702 116.662355859999 114.547329887595 114.640126783826
-9999 -9999 -9999 -9999 -9999 -9999 -9999 -9999 -9999 -9999 -9999 -9999 -9999 142.243521823283 143.17807828 144.337071126529 146.03463396 147.935602189022 148.329853337507 148.1963819 147.39335132 147.368109815965 146.075366098259 141.682407639998 133.970064978634 123.96930108 114.558046459998 106.8361979146 102.238172520612 99.5322695856359 98.0947906798819 98.5887429800001 100.19069705007 101.678890834836 102.960728379742 104.07083848 104.010627210446 105.83824486 107.874932600634 108.798860904271 110.221333490822 111.423227248167 111.37445538 112.358320276105 113.32093028 113.8036181 114.46378708 115.53521548 115.961317828425 117.046181153332 118.716638623525 120.01731098 121.160051951952 122.8036181 122.385907037861 120.453459382767 118.748393132327 116.837481925157 115.291173522515 115.311999422391
-9999 -9999 -9999 -9999 -9999 -9999 -9999 -9999 -9999 -9999 -9999 -9999 -9999 141.545534431911 142.206934173144 144.011190714377 146.163901444391 149.35498152 150.210056454222 149.411569701387 148.894899441078 149.209511636457 146.176829776996 140.601704551525 132.196616514529 120.48720558 111.137976087933 103.459547209167 99.08992162 98.4643794 98.0856069928641 98.3209326800001 99.5691617753294 101.267269603438 103.553305277795 104.87445658 104.307432760259 105.029990058508 106.755955662724 107.277445136043 108.96378828 110.03521668 111.10664508 111.7321897 112.24950188 112.7321897 113.39235868 114.659716393817 115.80302578 117.514720523719 117.985506797515 119.74950068 120.82092908 121.775084281212 121.76840382 120.69697542 119.35137640491 117.82192892 116.889041407375 116.966688631393
-9999 -9999 -9999 -9999 -9999 -9999 -9999 -9999 -9999 -9999 -9999 -9999 -9999 -9999 141.536713044665 144.186403077776 146.529066159566 149.694220220001 152.223368974902 151.21527304 151.209088929981 150.46477972 146.234807574863 139.153932214604 128.758747801533 118.073913966556 107.960986424625 100.8063757 97.0740953904919 96.6607612999999 96.8362544256102 97.5887429800001 99.3203427600003 100.73159978 103.136666304154 104.831867393406 105 105.35655208 106.42798048 107.445072956358 108.153031378799 109.06658675876 110.247425623681 110.6607613 111.17807348 111.860484888996 112.66016898 114.215008615885 115.46378708 116.53521548 117.927523856792 118.67807228 119.74950068 120.82092908 121.507731507028 120.69697542 119.752575962146 119.044617539705 118.6784774 118.6784774
-9999 -9999 -9999 -9999 -9999 -9999 -9999 -9999 -9999 -9999 -9999 -9999 -9999 -9999 141.226490687628 143.664221830072 146.764396003957 150.040313546471 152.770125011729 153.027463376843 152.8213342 151.228652153229 146.2705631 137.802415398841 125.838201929744 116.597924993569 106.736525059998 99.0741860000001 95.4355554094149 95.5448873689415 96.5173145800001 97.8305203522421 99.4598991938727 100.73159978 102.276279106101 103.979135512216 104.95555348334 106.01731338 107.08874178 108 107.904890082787 108.070943648902 109.332442304984 109.5893329 110.10664508 111.17807348 112.24950188 113.32093028 114.39235868 115.46378708 117.092655203931 117.60664388 118.67807228 119.683725042274 120.273774731612 120.410750545497 120 120.183108813269 120.4106671 120.4106671
-9999 -9999 -9999 -9999 -9999 -9999 -9999 -9999 -9999 -9999 -9999 -9999 -9999 -9999 141.072890247707 143.122704862081 146.836568608131 150.156408376688 152.308178722888 154.437006417536 154.964191 151.919241320807 146.296650550596 137.310115139997 124.410191170169 111.843118079876 103.960022240506 97.1846557004659 93.8418756306779 94.4096768600003 96.534009142205 98.3757511186855 99.6601713800002 101.084300741739 101.510851136098 102.39236108 104.40967446 105.53521788 106.6494282928 108 107.991706686449 107.975042093127 108.37445538 109 109.51731218 110.58874058 111.66016898 112.73159738 113.80302578 114.452883754866 115.46378708 116.526869934441 117.12454838 118.113025165983 118.74950068 119.663991286408 120 120.44588138 121.249392717044 121.4820955
-9999 -9999 -9999 -9999 -9999 -9999 -9999 -9999 -9999 -9999 -9999 -9999 -9999 137.04439178731 140.402669119228 143.138587145768 147.426456112306 151.547399301156 153.21369768 155.74833044 156.109027281539 152.986198024999 146.354628348462 136.219517343843 122.185753959998 108.89787508 100.078019097692 95.0163026884643 93 93.6449637026905 95.9984198400003 98.3611023903873 100.025592016926 101.20680753307 101.087943210003 101.87445658 102.844630073838 103.91984894962 105.62395966 107.623792145394 108.78512248 109.418229595775 109.274233177687 109.5535239 109.784491424609 110.58874058 111.66016898 112.73159738 113.80302578 114.484031288085 114.975837865376 116 116.039620012299 116.60664388 117.67807228 118.74950068 119.653744773856 120.44588138 121.803653106934 122.5535239
-9999 -9999 -9999 -9999 -9999 -9999 -9999 -9999 -9999 -9999 -9999 -9999 -9999 -9999 139.73244799075 143.89498392723 148.06061273408 152.399337277382 153.672347013368 156.027070705076 156.19696942 153.376623059999 146.969922833672 135.110983706922 119.026929639401 106.408642402268 98.3617823651324 94.5833201479986 93.6249523 94.0708384800002 95.8535991034058 98.5454222394601 100.532719437675 101 101.501854308056 101.952915229079 102 103.023806723348 104.607990639517 107.32034036 109.23159858 110 110.234016750978 110.346296206156 110.323295436709 111.21369288 112.28512128 113.35654968 113.92612527183 114.87445418 115 116 116 116.16016778 117.086859614638 117.867448188228 119.37445298 120.44588138 121.711325623177 122.3750477
-9999 -9999 -9999 -9999 -9999 -9999 -9999 -9999 -9999 -9999 -9999 -9999 -9999 -9999 139.23707387773 144.464586804389 148.706896238691 151.302499520462 153.429439456152 156.62278942 156.89335012 154.073003759999 147.362358704195 134.722947519997 117.811470371619 104.660481240144 98.7699767799992 95.1823275082351 94.2607651709569 95.1422668800002 96.7310098600003 99.0526203914677 101.119901987725 101.6963807 101.940195553892 102 102 102.332989383684 104.204427277125 106.62395966 108.53521788 109.514641440451 110.37445538 110.864621078835 110.853446661973 111.58874058 112.200440043589 113.03521668 113.862830954795 114.87445418 115 116 116 116.16016778 117.161279109946 117.880388921725 118.67807228 119.74950068 120.460684533287 120.6072386
-9999 -9999 -9999 -9999 -9999 -9999 -9999 -9999 -9999 -9999 -9999 -9999 -9999 -9999 141.42680784 144.81639208414 147.888174754485 150.76623614 152.813460124135 155.035137997232 156.743264680707 154.376623059999 148.831310215879 138.548697806539 120.96509505795 108.191081877528 99.8414051799993 95.9290816244688 94.0869456889502 94.6780770800001 96.664018902087 99.1774859600002 100.813457166877 102.355648837284 102.151236755839 102 102 102.789142489285 104.17748356 106.32034036 108.23159858 109.30302698 110.37445538 111.342353623827 111.7678091 111.904509305137 112 112.73159738 113.80302578 114.203040303063 114.958448152455 115.245482427974 116 116.16016778 117.053774525471 117.464855930048 118.086944574434 118.67807228 119.2321909 119.2321909
-9999 -9999 -9999 -9999 -9999 -9999 -9999 -9999 -9999 -9999 -9999 -9999 -9999 -9999 140.44490554 144.710127828632 148.362122321994 150.272138939153 151.82093628 153.009978875462 156.275452912766 155.844380596455 150.9490381 141.514895207258 131.46459211505 121.717991028785 109.428737760376 99.524158502107 95.0499569777144 94.0716817770123 95.2785564451675 97.4990109600002 98.9816963800002 100.78472456 101.866359544426 102 102 103.01731338 104.103008130407 105.48110286 107.586727293283 109.30302698 110.37445538 111.44588378 112 112.494093172508 112.8392375 112.956850923802 113.129096431957 113.894637239888 114.152062448267 115.002782956422 115.235235915423 116.16016778 117 117.30302458 118 118.071681005352 118.1607625 118.1607625
-9999 -9999 -9999 -9999 -9999 -9999 -9999 -9999 -9999 -9999 -9999 -9999 -9999 -9999 -9999 142.95255452999 146.727525146354 149.26682486 150.14831013048 153.575251010766 155.839576422411 155.21487512 151.221284582207 143.651267779242 132.724332470152 119.16190480721 113.741874825105 101.451238473872 95.5920903712357 94.5046125605926 95.0346291600002 96.6413378042497 97.7495054800001 99.5525336599998 100.89236228 101.885671888437 102 103.01731338 104.007927667049 104.40967446 106.341622330706 107.757651517466 109.804793225637 111.44588378 112 112.58874058 113 113.666240786495 113.179377705333 113.078118577162 113.95071711101 115 115.08873938 116.16016778 117 117.027070428132 117.430335660039 117.593951031789 117.0893341 117.0893341
-9999 -9999 -9999 -9999 -9999 -9999 -9999 -9999 -9999 -9999 -9999 -9999 -9999 -9999 -9999 -9999 146.111924512053 149.581381578151 148.703294187305 150.256817638308 152.663305135344 153.896860479684 152.09225738868 144.79193077116 132.581682146661 115.967210183823 103.568779673992 96.8736128673219 93.6613536199998 93.4657297716536 94.5265774596752 95.60664868 97.3264276293214 98.7446995861806 99.8209338800001 100.89236228 101.946853947314 103.000310008188 103.0179057 103.180943839192 104.494861625306 106.62395966 108.76681646 110.46378948 111.525955043299 112.58874058 113 113.73159738 113.985621261291 113.12329783421 113.94588258 115 115.08873938 116.002867916218 116.24535498828 117 117.006704842724 117.009921881774 117 117
-9999 -9999 -9999 -9999 -9999 -9999 -9999 -9999 -9999 -9999 -9999 -9999 -9999 -9999 -9999 143.83825446 146.526116441525 149.73472489765 149.696798306349 150.438412412001 150.989457664824 150.172344425649 150.104149146474 145.007228227296 132.067943433104 117.160837913158 101.624378672048 94.4523297882093 92.9464773 93.3923634800002 94.4637918800001 95.5667313938957 96.6955055347205 98.4775650644548 99.8460084163698 100.92797928 101.948781361981 102.000926658844 102.137514780332 103.16017018 104.243994361318 105.946384817858 108.74891076 110.44588378 111.51731218 112 112.66016898 113.69244031291 113.989457407915 113.219152117479 113.951675600871 115.01731098 116 116 116 116 116 116 116 116
-9999 -9999 -9999 -9999 -9999 -9999 -9999 -9999 -9999 -9999 -9999 -9999 -9999 -9999 -9999 142.89177716 146.0046285943 149.126104042851 150.082489440002 150.1249511 150.827642125696 151.109264611456 152.307217817214 149.429954668481 137.798068205084 128.972257260426 110.246963098178 96.7305788563677 92.1876976539419 92.3209350800001 93.39236348 95.0525348600001 97.1953916600003 98.6980628772707 100.60605636 101.87445658 102.118189368725 102.015150054124 102.897225666054 103.28512128 104.58814826 106.69314150552 108.74891076 110.44588378 111.452673454066 111.948612683086 112.577680139763 112.966462797388 113.80302578 114.87445418 114.172306488842 115.140099054007 116 116 116 116 115.953211688251 115.8750489 115.8750489 115.8750489
-9999 -9999 -9999 -9999 -9999 -9999 -9999 -9999 -9999 -9999 -9999 -9999 -9999 -9999 -9999 -9999 145.362372839748 148.76623614 150.530529183171 150.947292170307 151.31539748757 152.095492162737 154.476782967778 153.592117216871 140.150197590783 123.29531248413 111.747630301392 105.418852848779 94.3612227116077 92.1650949647444 92.6053036443107 93.9811064600001 95.9943191344815 98.2141117589963 100.40967686 101.849802425952 102.94588498 102.003399992908 102.356435993615 104.191624319863 105.614095446659 107.362535266819 108.871754899703 110.44588378 111 111.47312399927 111.8036205 112.53521788 113.60664628 114.849799554642 115.185751948119 116 116 116 116 115.940492184492 115.502702408986 115 114.898410964058 114.8036205
-9999 -9999 -9999 -9999 -9999 -9999 -9999 -9999 -9999 -9999 -9999 -9999 -9999 -9999 -9999 -9999 144.309501751904 148.23062034 149.641183953657 150.267865436539 151.855387426735 152.43076332307 152.971016425749 151.786838288034 142.649816937447 128.98426386915 113.90711865954 105.702850803793 98.479484856599 95.3760355399996 93.6488015339274 93.4603674544323 94.5691625909181 96.9988711392775 99.1231911694736 101.447483740331 102.67807708 102.28048462006 103.112507529744 104.58814826 106.561430409353 108.060516740843 109.64226328 110.594280481234 111 111 111 111.535669822017 112.53521788 114.246914722409 115.663581607396 116 116 116 116 115.69697542 115 114.880589443973 114.353421965831 113.842331264364
