catData/variables/futureClimate2070/rcp85/MPI_ESM_LR_2070_rcp85/bio15.asc
NCOLS 409 
NROWS 350 
XLLCORNER 60.897278365 
YLLCORNER 5.843756025 
CELLSIZE 0.0892857 
NODATA_value -9999 
[rows 135 to 161 of 350, columns 300 to 359 of 409]
112.103389736443 112.14346112 110.69760134 109.00060432 107.92917592 106.85774752 105.78631912 104.71489072 104.4464641 103.57203392 103.024172200353 102.990431035967 102.406855867712 101.83985622 101 100.832278301249 100.27929500243 99.7532019338898 99.2155145697893 99 98.6345873828511 98.4464641 98.4464640999999 98.4464640999999 98.4464640999999 98.4464641 98.4068569392257 98 98 98 98 98 98 97.674126895017 97.4464640999999 97.1198449923419 97 97 97 97 97 97.0714963055806 97.4464640999999 97.4464640999999 97.4464640999999 97.4464640999999 97.2155167128171 96.41129062 95.3398622199997 93.8634856761439 92.6434695199999 91.5720411199995 90.9229014051053 91.3298273214257 90.7462513822533 90.3393922999998 90.3393922999998 90.6423856800001 91.5466481969718 91.8451902186969
111.3750357 111.07203272 109.62617294 107.92917592 106.534460874688 105.529281665318 104.71489072 103.64346232 103.3750357 102.50060552 102.3750357 102.368552465355 102 101.83985622 100.855275654627 100.261399665379 99.7659952546146 99.2078232653914 99 98.6320746545962 98.1274586654097 98 98 98 98 98 98 98 98 98 98 97.7213565545226 97.3750357 97.1542477654894 97 97 96.4981555544921 96.3750357 96.3750357 96.3750357 96.3750357 96.3750357 96.3750357 96.3750357 96.3750357 96.3750357 96.3750357 95.7863263199999 94.7148979199996 93.3691060855872 91.6951624744063 90.5006127199996 90.0203076656057 89.3685551656118 89 89 89 89.3029933800003 90.3744217800001 91.1114307112972
110.838733152982 109.789595256649 108.119103119683 106.547254023984 104.932873952348 103.893629371319 102.94706962 102.385103581346 101.744402722321 101.341731214012 101.3036073 101.3036073 101.3036073 101.254986479342 100.76842782 99.7889926079921 99.1899279283404 98.6895081753266 98.3036073 98.1248693773385 97.5402815263286 97.3036073 97.3036073 97.3036073 97.3036073 97.3036073 97.3036073 97.3036073 97.3036073 97.5146130206655 97.739252063002 97.1682424733306 97 97 96.5402831976711 96.3036073 96.059811554994 96 95.3413143323406 95.3036073 95.3036073 95.3036073 95.3036073 95.3036073 95.3036073 95.3036073 95.3036073 94.71489792 93.6434695199997 92.5720411199999 90.6976181399998 90.0381260999841 89.341316003683 88.3036073 88.3036073 88.4151252453149 89 89.3029933800003 90.3744217800001 91.1353633693544
109.822796471252 107.858351839999 106.08992642 104.914978786725 103.317705940615 101.87564122 101.311086064703 100.670461422637 100.277917730021 100.2321789 100.2321789 100.2321789 100.2321789 100.2321789 100.00060672 98.9291783199997 98.2321788999999 98.1286602239546 97.6028170633858 97.2321788999999 96.5720363199995 96.2321788999999 96.2321788999999 96.2321788999999 96.2321788999999 96.2454503652287 97 97 97 97.0703497841345 97.1452449485248 96.6576631388156 96.2321788999999 96.2321788999999 96.0789082791617 95.4382862081788 95.2321788999999 95.2321788999999 95.0125716097988 94.2321788999999 94.2321788999999 94.2321788999999 94.2321788999999 94.2321788999999 94.2321788999999 94.2321788999999 93.834999648927 93.3276719037318 92.5720411199996 90.9389007709492 90.0914810034192 89.3285995856307 88.2863275199999 87.2321788999999 87.2321788999999 87.3923154799998 88.4099793776652 89.3029933800003 90.0869328370165 90.5745120756429
107.858351839999 105.969790139463 104.78631912 103.340703122565 101.721058486421 100.57203392 99.6067241556071 99.2039002133783 99.8346693423643 100 100 100 99.9255456616923 99.1607505 98.9291783199997 98.1120430052647 97.6857606657495 97.1607505 96.6434647199997 96.1607505 95.5006079199996 95.1607505 95.1607505 95.1607505 95.1607505 95.1780350800002 96.1607505 96.1607505 96.1607505 96.1607505 96.1607505 96.0890790890375 96 95.5059239329908 95.1607505 94.4291819199998 94.1607505 94.1607505 94.1607505 93.1607505 93.1607505 93.1607505 92.9664076921185 92.321501 92.321501 92.321501 92.2383478238245 91.6666764471896 90.6613632199996 89.4723351907817 89.1607505 87.5524684712457 86.3756496199999 86.1607505 86.2351987957112 87.0257420353033 87.3923154800002 88.4637438800003 89.4749837916542 90.0716706393601
106.837062792207 105.421058902479 103.71489072 102.19760254 100.57203392 99.5006055199999 99.0303565640819 99 99.0717258052933 99.0893221 99.0893221 99.0893221 99.0006067199995 98.0893221 97.8577499199997 97.0893221 96.71489312 96.0893221 95.5720363199997 95.0893221 94.4291795199996 94.0893221 93.3580483109201 93.9749662543924 94.0893221 94.1066066800002 95.0893221 95.0893221 95.0893221 95.0893221 95.0893221 95.0893221 95.0893221 94.5006103199999 94.0893221 94.0239768581404 93.2687283965471 93.0893221 93.0893221 92.0893221 92.0085353352974 91.1786442 91.1579601153268 91.0893221 91.0893221 91.0893221 90.6182457434234 90.1260594418887 89.4291843199996 88.3577559199998 87.3580526821741 86.2261159231377 85.1434707199999 85.0893221 85.1780302800004 86.2351549443875 87.2315649800002 88.0270640049877 88.4637438800001 89.4953480056372
107.523100866062 105.691575175577 104.239943502784 102.10828044 100.48271182 99.4112834199999 99 98.2815171745896 98.8065268070494 99 99 98.9830223480338 98.0163062536048 97.8427217847562 96.7863215199996 96.0178936999999 95.6434647199999 95.0178936999999 94.5006079199996 94.0178936999999 93.3577511199995 93.0178936999999 93.0035250699941 93.0156467483669 93.0178936999999 93.0351782800001 94.0178936999999 94.0178936999999 94.0178936999999 94.0178936999999 94.0178936999999 94.0178936999999 94.0178936999999 93.4291819199998 93.0178936999999 93.0178936999999 92.2148967199998 92.0178936999999 91.0889647437831 91.000920762144 90.0342000394945 90.0178936999999 90.0178936999999 90.0178936999999 89.6501693539496 89.0357873999998 89.026531329328 88.4397185090327 88.0239750926059 87.2863275199998 86.2148991199998 85.1434707199995 85.0009689191617 84.0348642808006 85.0015873175605 85.1780302799998 86.2494586800001 87.3154654073565 88.0066997910047 88.4637438800002
107.76842542 106.69699702 105.271182311599 103.185684109564 101.56208835247 100.433301354505 99.3398550199996 98.26842662 98 98 97.9493637446773 97.9464653 97.8577499199995 96.78632152 95.7272902671844 94.9837789548499 94.57203632 93.9464653 93.4291795199997 92.9464653 92.3216632549772 91.960835567057 91.9464653 91.9464653 91.9464653 92.0163592551953 92.9464653 92.9464653 92.9464653 92.9464653 92.9464653 92.9464653 92.9464653 92.9464653 92.2863251199996 91.9464653 91.1864565224251 90.9531878996093 90.0512475183563 89.9301083163215 88.9952509057129 88.7948993122525 87.9876031097819 87.9464653 87.9464653 87.9703338841146 87.97230751792 87.3892723000454 86.964659721989 86.2540632959763 86 85.1255770199996 85 85.0526096321616 85.0047489658039 85.2050984162306 86.2315649800002 87.2867727203 88.3409316376659 88.9761315443687
107.797363697398 106.85982431169 105.87549482 104.748350399726 103.09038674 100.94752994 99.3823243568493 98.26842662 98 97.8907284939736 97.0473757403184 96.8750369 96.7863215199995 95.7349051831945 94.9710620225134 94.5720363199998 93.5006079199999 92.8750369 92.4223927546545 91.9264324510532 91.8750369 91.2348852975308 91 91 91 91.8750369 91.8750369 91.8750369 91.8750369 91.8750369 91.8750369 91.8750369 91.8750369 91.8750369 91.297389883327 90.9085809223806 90.8750369 90.0006115199995 89.8750369 88.9978403652124 88.7974118690792 87.9799885366283 87.6724068976634 86.9621367080442 86.9218261062477 87.3901374594604 87.4223969548316 87 86.3398622199997 86 86 85.1255770199996 85 85.9827202199998 85.0776229308322 85.9150592269203 86.327591002248 87 87.7020546536639 88.4849015406281
108.045479279128 108.255898709747 108.091886760365 106.69745494 104.453007138397 101.984111975558 99.8093569028389 98.3211433265417 98 97.1255698199997 97 95.9966049840673 95.7323160665509 94.9685491228301 94.5720363199997 93.5006079199998 92.5027141890256 91.9124374003557 91.8036085 91.3305127808814 90.8703536084998 90.8036085 90.8036085 90.8036085 90.8036085 90.8036085 90.8036085 90.8036085 90.8036085 90.8036085 90.8036085 90.8036085 90.8036085 90.8036085 90.8036085 90.0720399199998 89.8036085 89.1009128320159 88.8142423573651 88.7897203932533 87.9825779961278 87.6749194544906 86.9545221348907 86.5601185157276 86.37442418 87 87 86.8843824817977 86.2731161688206 86 85.8422986899419 85.2726440013531 85.1963915 85.7931159238276 85.1789699674675 85.3517226231509 87.1963915 87.1368861756117 87.3744217800001 88.0875611856255
108.23157458 109.465303435607 110.736200149497 110.298970161693 107.371614754083 103.18077348 100.521894894941 98.7327831494742 98.0527600435805 97.1255698199997 96.7466802496903 95.9827130199998 94.9762402557998 94.57203632 93.5626275580902 92.6969994199998 91.8997204680193 91.4057321989256 91 90.8423306271838 90.248836839761 90 90 89.765810839403 89.7321801 89.7321801 89.7321801 89.7750691483774 89.9379810046773 89.7321801 89.7321801 89.7321801 89.7321801 89.7321801 89.7321801 89.1965401439386 89 88.7658114821708 88.0396447847743 88 87.9350478786642 87.2678199 87.0362525199998 86.1866716004999 86.37442418 87.1194081933904 87.1292817596645 86.5689587072806 86.2678199 86.071891918829 85.4120633481161 86.1422428800004 86.2678199 85.2850996800002 86.1791117199996 85.7053418771578 88.0620177097872 88.0459741767321 87.8097839763227 88.7136700800003
107.970887562589 109.909008940001 112.875887969132 113.89338852 110.411008355674 105.123909181053 101.358813359999 99.60767492 98.2638295312378 97.1255698199997 96.05414142 95.6434647199997 94.6021328618485 93.83985622 92.9214395316076 92.3577511199997 91.4133471149357 91 90.8245116785207 90.2717578047508 90 89.7518157887056 89.6607516999999 89.0829720578375 89 89 89 89.1058136890753 89.5077415741962 89 89 89 89 89 89 89 89 88.1255746199996 88 88.3392483000001 88.3091533865429 88 87.8469914600003 87.0362525199997 86.71367248 87.6338461501846 87.6582057130872 87.1395296436409 87 86.5166164029025 86.0668337538258 87.1710694894465 87.3392483000001 86.6840521080214 86.9413859192609 86.605195397467 88.2315649800002 89 89.127021952348 89.6338445643805
106.231119060001 108.676978840001 111.737493796485 112.91143342 110.408166908134 105.887512582309 102.290671221907 100.378663178494 98.7237705611043 97.1771384192968 96.05414142 94.9827130199998 93.9635666605022 93.42917952 92.452852418694 91.6969994199998 91 90.8168967625108 90.2844747370872 90 89.7288948237159 89.1581914758821 89 88.6408928849211 88.5893233 88.5893233 88.5893233 88.5893233 88.5893233 88.5893233 88.5893233 88.5893233 88.5893233 88.5893233 88.86042749066 89 89 88.4846807494544 88.4106767 89.4106767 89.3219661199996 88.4106767 88.4106767 88.1076809199997 87.6313335933574 88.183101266241 88.1982414541608 87.6530598454374 87.1395734949641 87.3004371846341 86.6076821199999 88.1595226600008 88.0222375765711 88.4004933230271 87.7849230173745 87.6365776422236 88.7676233545341 88.8381879428407 89.9388647810187 90.6382531193831
103.498938960001 105.798719458027 108.122032182102 108.840671093823 107.768495609748 105.248570011345 102.679710039999 100.53685324 99.1969982199998 97.2511396399994 96.05414142 94.9827130199998 93.9112846199995 92.83985622 91.8883578710037 91.3609724449209 90.8194858791542 90.2869876367705 89.7506138873044 89.5178949 89.1760104245449 89 88.6128699036051 88.0650332123194 88 88 87.9572310199056 87.5178949 87.5178949 87.5178949 87.5178949 87.7328438597185 88 88 88.3418832325073 88.8705878434178 89 89 89.4560009311922 90 89.9540572430417 89.4821051 89.4821051 89.1791093199997 88.4821051 88.713009877334 88.7321028185909 88.4821051 87.8219673199997 88.2136712800001 87.6791105199999 88.8093872817854 88.51014839414 89.4821051 89.3506302540097 88.3974758219143 90.1306137978391 89.2780476524718 90.9293542096894 91.8213082743857
100.80254866 102.94540546 104.921091192281 105.892933 105.37564482 104.041374189035 102.126176539999 100.388270113538 99.1969982199998 97.2511396399994 96.05414142 94.9827130199998 93.9112846199995 92.83985622 91.7684278199997 91 90.62557102 90 89.4827142199997 89 88.6345889671933 88.4464664999999 88.0879541773092 88 88 87.4464664999999 87.4068591263146 87 87 87 87 87.1990593124283 87.7328001798232 88 88.3654097043263 88.8801543634227 89.444485728829 89.5535335000001 90.49938728 90.5535335000001 90.5535335000001 90.5535335000001 90.5535335000001 90.2505377199998 89.5535335000001 89.5535335000001 89.5535335000001 89.5535335000001 89.2588040958456 89.4336867919031 88.75053892 88.9439340674003 89.5235604248513 90.0095649371027 90.5234259880621 90.4286208551838 91.1937895461429 90.1677169861084 91.4695438416407 92.3550926506107
99.3184238704919 100.98104406 102.889895513336 103.7500762 103.55607342382 102.78632152 101.467313600976 100.26842662 99.1969982199998 97.7976251867097 96.087977744712 94.9827130199998 93.9112846199995 92.83985622 91.7684278199997 91 90.62557102 89.721356124666 89.1810362239117 88.6320760675102 88.1274594810676 88 88 88 87.4088759246205 87 87 86.8999177388866 86.3750381 86.3750381 86.6090404468473 87 87.5172833800001 88.3679224325812 88.872539618841 89 89.8029969800001 90.5464825468933 90.979693104529 91.6249619 91.6249619 91.6249619 91.480241110217 90.8863650383607 90.6249619 90.6249619 90.6249619 90.6249619 90.6249619 90.1677609101714 90.200687456813 89.7034427530153 90.57081328 91.2456051717192 91.144147412719 92.5248826387038 91.681589329874 90.9279552800003 92.3738054600002 93.1791117199997
99.7666985887615 100.394997623857 101.67804108 102.3036097 101.943375229143 101.428479335761 100.64346472 99.5720363199999 98.5006079199998 97.4291795199997 96.0705792802838 94.9827130199998 93.9112846199995 92.83985622 91.7684278199997 91 90.62557102 89.5541426199997 89 88.4112858199999 88 88 88 87.3910569759571 87.0164385889471 86.3036097 86.3036097 86.2549892236606 86 86.2110049934699 86.8100698416258 87.3104890832789 87.8534425518168 88.5887117800001 89.4597152179925 89.6963903 90.4993872800001 90.9618743272943 91.6586833976103 92.708425442515 93.3310034125804 92.5848710676761 91.9296938972283 91.6963903 91.6963903 91.6963903 91.6963903 91.6963903 91.2366767533442 90.77788941156 90.9401872435355 90.734516701369 90.9835599537264 92.6791105199999 91.7502556278349 92.3665082419743 92.4648253199998 92.2103853307967 94.1416241600003 94.6364446793944
100.177807292969 100.8381703258 101.086935964569 101.2321813 100.71489312 100.2321813 99.5720363199995 99.0623236415862 98.1969982199998 97.1255698199997 96.05414142 94.9827130199998 93.9112846199995 92.83985622 91.9462332702037 91.5351691885651 90.62557102 89.5541426199997 89 88.4112858199999 88 87.4382861211786 87.2321812999999 87.0291555212834 87 86 86 86 86 86.3029981800003 87 87.4458549800003 88.3971798523633 88.9045065664058 89.6601401800004 90.5617120360566 91.5708156800002 91.7678187000001 92.71367248 93.0172821800002 93.9794030622118 93.60767972 92.7678187000001 93.0004645259055 93.5356374000002 93.1933034516327 92.7678187000001 92.7678187000001 92.6145470520605 91.9739272067085 91.7678187000001 91.7678187000001 91.7678187000001 92.9959879582158 92.8359304994474 93.5728181193221 93.8918535638185 94.4441548937199 94.9416861712575 95.0251451512046
101.521372190602 101 101 100.625813472628 100.077597324929 99.505921317513 99.0546326800445 99 98.1969982199998 97.1255698199997 96.05414142 95.8219601199998 94.7505317199995 93.67910332 92.6449008194941 91.4427070619363 90.100562355621 89.5541426199997 88.5658694092635 88.0661153882939 88 87.26842902 87 87 86.206192943918 86 86 86 86 86.3029981800003 87.3142364214279 87.9109195810145 88.5172833800001 89.4940746541009 90.4993872800003 91.5708156800002 91.9683311932263 92.7338589643317 92.9912958381109 93.8565292800001 94.8392471 94.8135042945619 94.6784942 94.7272016503228 94.8392471 94.3933945199997 93.8392471 93.8392471 93.8392471 93.1076809199998 92.8392471 92.8392471 92.8392471 93.8392471 93.8535071971888 94 94.4259052179269 95.5849607845155 95.3142323930419 95.8392471
101.979314716429 101.9106755 101.569690015803 100.55414022 99.5289183280343 99.0367376858498 99 98.3337740463817 98.0175967675024 97.1255698199997 96.05414142 95.9827130199998 94.9112846199995 93.83985622 92.7684278199997 91.6699340446916 90.569692201424 89.5541426199997 88.4827142199997 88 88 87.26842902 87 87 86.0541438200001 86 86 86 86 86.3029981800003 87.37442658 88.4060292068393 89.4279588800001 90.4993872800001 91.5708156800004 92.6422440800002 92.9106755 93.7851008800005 94.7720413640284 94.9279576800002 95.9106755 95.9106755 95.9106755 95.9106755 95.9106755 95.8708499412178 95.3502758848979 94.9106755 94.9106755 94.8453287167547 94.0900835093612 93.9106755 93.9106755 94.9264117722915 95.7405666338241 94.9106755 95.1629249060562 95.9729352678282 95.9441205382876 96
102.754673601841 102 101.257838101419 100.009916948791 99.4827118199998 99 99 98.2684266199999 98 97.1255698199997 96.05414142 95.9996906304772 95.8933885199996 94.8219601200001 93.52310377889 91.6969994199998 90.62557102 89.5541426199997 88.9907426019526 88.4039254078367 88 87.26842902 87 87 86.0541438200001 86 86 86 86.2274255840604 87.2851020800005 87.9888046755184 88.4458549800003 90.0253094049034 91.5708156800002 92.6422440800005 93.7136724800003 93.9821039000001 94.8565292800005 95.92795768 95.9993860800003 96.9821039000001 96.9821039000001 96.9821039000001 96.9821039000001 96.9821039000001 96.9821039000001 96.4648229199999 95.9821039000001 95.9821039000001 95.9821039000001 95.9677334286971 95.1054335810921 94.9821039000001 95.9993836800002 96.8933957199997 95.9821039000001 96.2136688800003 96.6845329198276 96.3677210903831 96.9821039000001
102.727289839889 101.69699702 100.62556862 99.5541402199998 99 99 99 98.26842662 98 97.2191903374493 97.1070646 98.0362453199998 96.9648169199995 95.8848156551259 94.5492522314109 92.4475311399996 90.6791033199999 90.0296645289766 89.5104057175604 89.022017075902 88.3751963706349 88.0143696228273 87.2399870237098 87.0067221697527 87 86.0535323 86.0535323 86.0535323 86.2851020800002 87.3565304800003 88.42795888 89.4993872800003 90.5708156800001 91.64224408 92.7136724800003 94.5166694600003 95.8565292800001 96.9279576800004 97.104166028307 98.0535323 98.0535323 98.0535323 98.0535323 98.0535323 98.033488512469 97.5780149340681 97.0535323 97.0535323 97.0535323 97.0143698797824 97.0429861467549 96.1791093199996 96.99938368 97.0526072736331 97.0047487529042 97.0535323 97.0659285059788 97.0908446674838 97.0535323 97.4755150944094
101.971062278381 101.57203632 100.50060792 99.4848944702104 99 99 99 98.3598445416662 98.1249607000001 98.8901214726063 99.1181951502579 98.9848732131215 98.0362453199996 96.8046731400001 94.8933885199998 93.5568227045769 91.828703512559 90.6791033199997 90.1249607000001 89.53624652 89.1249607 88.39338972 88.1249607000001 87.2505329199996 87.1249607000001 87.1249607 87.1249607000001 87.1249607 87.3565304800003 88.4279588800004 89.4993872800001 90.5708156800004 91.6422440800001 92.7136724800001 93.7851008800004 95.4966805381455 96.9033400447188 97.9993860800005 99.07081448 99.1249607 99.1249607000001 99.1249607 99.1249607 99.0870981352342 98.6723641276297 98.1249607000001 98.1249607000001 98.0513951637787 98.0824912790853 97.3933945199999 97.8276125151871 97.2348455276766 97.9526178294593 97.9848795134045 97.2025838437319 98 98.2315649800002 98.7348688848599 98.1249607 98.1249607000001
101.76842542 100.69699702 99.6255686199999 99 99.1015897601109 99.1963891000001 99.1963891000001 99.0527160623178 99 99.1717285560632 99.9564913647465 99.1929941255561 98.9112846199995 97.7111629328248 95.9648169199998 94.8933885199999 93.5210649103962 91.9469208199999 91.2911889112231 90.60767492 90.1963891000001 89.4648181200001 89.1963891000001 88.3219613199996 88.1963891000001 88.1963891000001 88.1963891000001 88.1963891000001 88.4279588800003 89.4993872800004 90.5708156800001 91.5546830217476 92.5172833800001 93.5887117800001 94.6601401800004 95.8752406750147 97.6446832057953 98.8744253800004 99.9458537799999 100 100 100 100 99.7565092885378 99.1963891000001 99.1963891000001 99.1963891000001 98.6076797200001 98.7268830155101 98.4121054436806 98.1963891000001 98.0246619579384 98.1857549012521 98.1963891000001 98.1963891000001 98.1963891000001 98.4279540800003 99.1368845027959 99 99
101.97422319492 100.69699702 99.6255686199999 99.1194090516302 99.6465668528529 100.157668602664 100.2678175 99.5362441199999 99.2678175 99.9080599752681 100 99.987342775766 99.1791021199995 98.10767372 97.0362453199997 95.9648169199998 94.8933885199999 93.8219601199997 92.7505317199997 91.8367712799021 91.3588372645807 90.53624652 90.2678175 89.3933897199995 89.2678175 89.2678175 89.2678175 89.3107061640381 89.705186340445 90.4896674649281 91.37442658 92.1194077661062 92.7851008800001 -9999 94.9279576800003 96.5350277918261 97.8029969800001 98.8744253800004 99.9458537799999 100 100.023758245759 100.2678175 100.2678175 100.2678175 100.2678175 100.2678175 100.2678175 99.67910812 99.2678175 99.2678175 99.2678175 98.3933945199996 98.9603533280369 99 99 99 99.169547825969 99.5914829790962 99.2678175 99.2678175
102.536850839999 100.69699702 99.7525929304963 99.6338495776602 100.175487894184 100.728242793973 101.223951477871 100.60767252 100.3392459 100.3392459 100.3392459 100.3392459 100.25053052 99.1791021200001 98.1076737199997 97.0362453199998 95.96481692 94.8933885199997 93.8219601199997 93.3392459 92.6791033199996 91.60767492 91.3392459 90.7614641592109 90.6784918000001 90.6784918000001 90.6784918000001 90.7843058734147 91.3392459 91.4420367902726 91.925895697884 -9999 93.6810430141969 94.5887117800001 95.6601401800004 96.9797502213341 98.1422428800001 99.2136712800004 99.9642226631354 100.005862908708 100.397861779449 101 101 101 101 101.15125365977 101.163760448387 100.611007863457 100.3392459 100.3392459 100.3392459 99.4648229199996 99.0183696973257 99 99 99 99.0785574700487 99.5394500181081 100 100
102.631952568539 101.10767132 100.4106743 100.4106743 100.92796248 101.4106743 101.52861012488 101.15819070573 101 101 101 101 100.94771774658 100.25053052 99.1791021199998 98.1076737199999 97.03624532 95.9648169199997 95.1058244956014 94.5795788162285 93.7505317199997 92.9795407201119 92.8213486000002 92.4622435835478 92.4106743000001 92.4106743000001 92.4106743000001 92.4106743000001 92.5057740573029 92.9999132145276 93.4106743000001 93.8565292800004 94.4106743000001 94.9993860800001 -9999 97.5733750455068 98.8029969800001 99.8744253800004 100 100.420859132826 -9999 -9999 -9999 101.4106743 101.4106743 101.673426683806 101.695153024365 101.4106743 101.4106743 101.4106743 101.740443537045 100.587822574784 99.46482292 99 99.0364301697259 99.3449103221042 99.2315649800002 100.124431594236 100.256908897594 100
