catData/variables/futureClimate2070/rcp85/MPI_ESM_LR_2070_rcp85/bio17.asc
NCOLS 409 
NROWS 350 
XLLCORNER 60.897278365 
YLLCORNER 5.843756025 
CELLSIZE 0.0892857 
NODATA_value -9999 
[rows 81 to 107 of 350, columns 122 to 182 of 409]
10 10 10 9.77788653220256 9.94020126575221 10 10 10 10 10 10 10.3300643056953 10.9421172187792 10.6964023 11.0566630347011 11.5715463432537 12.5570033212086 13 13 13.8744589800002 14 13.9947429690182 13.6964023 13.7450303268911 13.9090260696914 13.2121669971996 12.1899131792449 12 11.6397409366644 11.7135996653809 12 12.7315997799999 13.2437975084832 13.9125712735622 15.2330534843924 15 15.0887417800001 16.1601701799999 17.0703127962113 17.211599405834 16.7392284121206 15.2764608499243 13.4826878199999 13.5887405800001 14.2004257839394 15.03519508 16.1066234800001 17.4435341578039 17.9787424284838 17.3209086800001 18.4810764600008 20.3035977 20.3035977 20.3955952655315 20.9816483799999 22.3635895985596 23.8209074800002 25.3023345026501 26.4597415246954 26.409028426519 26.3035977
10 10 10 10 9.38340662484337 9.90360759352839 10.7262832119002 10.7678307 10.7678307 10.7678307 10.7678307 11.1412171562403 12.2005838642631 12.5356614 12.6557665211247 12.7678307 13.4280044800002 13.7678307 13.7678307 13.9708532292654 14 14 13.9318594941496 13.2321693 13.0005683199998 12.161815180966 11.7124798206621 11.2321693 11.1120647360816 10.684633111093 10.9712384528255 11.9637690799999 12.2321693 13.1066258800001 14.1780542799999 14.2454630446849 15.0887417800001 16.1601701799999 17 17 16.62554462 15.4505956949159 14.2505185199999 13.9045181883402 14 14.7315973800001 15.1864379332246 15.4351907148528 15.6839434964808 16.236188378109 16.5736805397375 17.5735261613651 17.1065038570069 17.9291794753789 19.1263080737504 20.781570647878 22.7760610409891 24.7254251111341 25.8923358800003 25.5005743199999 25.2321693
10 10 10 9.38599419863335 9.03166065606509 10.6083610507636 10.991302274538 11 11 11 11 11.30303178 12.3744601800001 13 13 13 13.1061169275536 13.7747446871448 14 14 14 13.1607409 13.146476080637 12.8655737046645 11.7347666899657 10.3214818 10.2612911194308 10.1607409 10.1607409 10.0661058235261 10.6601713800002 11.117598007077 11.8346896076216 12.8744565800001 13.9458849799999 14.0173133800002 15.1632191264154 16.8650049988863 17 17 16.62554462 15.9283282399074 15.3219469199999 14.8392591 14.8392591 14.9568567212989 15 15 14.2061594372036 14.3214818 14.3357458478067 14.32205492 13.7138188800003 15.0395634162893 17.07038776 19.1415731856861 21.7126702400007 23.7494790800002 24.8209074800003 25.0431436644793 25
10 9.4638347561011 9.08931249999995 9.02397106594874 9 10.7489227600001 11 11 11 11 11 11.0270645258512 11.46377268 12.4953776561989 13 13 13 13.0653412197012 12.358002588676 12.1786249999999 12.1786249999999 12.073543235601 11.1786249999999 11.1643195864487 10.8370266574735 10 10 10 10 10.5361608725989 10.3684392327524 10.7555712746487 11.8030281800001 12.8744565800001 13.9458849799999 14.9122338012513 15.0966675302264 16.2351774807987 17 17 16.9665564538738 16.9106875 16.8644850559238 16.2852163130513 16.511895137974 16.1551184110012 15.1793819599762 14.2036455089508 14.0048333620738 13.9842351069011 13.0893125 12.9291447199999 12.3209086800002 13.6953616600006 15.8382184599999 18.3871338592495 21.0808217897267 22.6780506800002 23.7494790800003 24.0893125 23.3580091456261
9.0178841 9.0073548758277 9 9 9.78867145788257 10.8722162347661 11 11 11 11 11 11 11.0066968833051 11.4637726800002 12.0178841 12.5961002987497 13 12.2814818665474 12.0035226208042 11.1411799318441 11.0178841 11.0005683199998 10.0178841 10.0178841 10.0137421249136 9.70239002773489 9.0178841 9.0178841 9.0178841 9.60662708000009 9.35771271999984 9.74948387999993 10.8209122800001 12.7511583910779 13.9458849799999 15 15.0887417800001 16.1601701799999 17 17 17 17 17 16.9894709045932 16.9939224280552 16.9869160392963 16.1790901199999 14.2488463659997 14 13.0175745087026 13 12.9971355434057 13.2137120800002 14.2905598018915 16.1166621854603 19.3197600400008 21.000619139673 22.1848314075155 22.3634463902664 22.7542792622183 22.2148607199999
9 9 9 9.03917325511289 9.81357944120917 10.87446138 11 11 11 11 11 11 11.020050208216 11.0535443 11.0258449244278 11.5572214207498 11.3216304629283 11 10.9570022897153 10.0719967199998 9.05121519764099 9 9 8.83982742000003 8 8.28680388396844 8.96650577970966 9 9 9.55721914925607 9.98180411442215 10 10.8030281800001 11.8744565800001 12.9458849799999 14.0173133800002 15.0839901635093 16.10662588 17.1780542800002 17.9464557 17.9665056512033 18.0238745348815 18.0535443 18.0535443 18.0181960140842 18 16.4799433465439 15.1858123830494 14.1076617200001 13.0526173956936 13.0047514879846 13.2051360083374 14.243996835341 15.6433682209817 17.414552625394 18.9749769536254 21.0604648699472 22.5572146062688 22.3216372774092 22.6532494978249 22.0898880199999
9 9 9 9.73160457999998 10 10.87446138 11 11 11 11.020017499723 11.1249727 11.1249727 11.452635580263 12 11.4180325202536 10.8750273 10.7925236002442 10.7500546 10.047380919765 9.1098518197697 9 9 9 8.85984461978859 8.09602890020674 8 8.37445778000003 9 9 9 9.74267477982151 10.1249727 10.8276442801694 11.8744565800001 12.8276751801599 13.8923406800002 14.8861175998494 15.1601701799999 16.2026550801414 16.9128973998635 17.37445538 18.3901604801273 18.9396771998775 19 18.5048372197736 18.1585157001085 18.1249727 16.2667814400982 15.0541174200001 14.1098251199101 13.3386847800004 14.2499454 14.6841945600761 16.4279972800003 18.2483316399999 20.5151310800619 21.5173097800002 22 22 21.2684050199999 20.2973326199617
9 9 9 9.73160457999998 10 10.87446138 11 11.003401309602 11.1964011 11.3251175377355 12 12 12 11.9124269924105 10.8705665639207 10 9.33982621999981 9 8.84228391075433 8.97534360557691 9 9 9 9 8.81388570723292 8.1964011 8.49731496010446 9 9.10160115255806 9.1964011 10.3870854747798 11 11 11.7027123457859 11.9893717505455 13.0173133800002 14.0887417800001 15.1916277795391 16.1964011 16.4994280800001 17.4973130314671 18 18.5173121800001 19 19.5305110661422 19.3593745803782 18.8809708069592 16.3519801228504 15.2398897991829 15.1998009955141 15.464113068155 16.2278582281766 16.6698841245081 17.8922278800003 19.4919333084891 21 21.3141093603346 21.722826626164 21.6739414575047 21.0192888788264 20.9613135751577
9 9 9.1768146562013 9.80348879114087 10 10.87446138 11.2533371868325 11.2805093605098 12 12 12 12 11.8997085172207 11.405704035437 10.48268302 10 9.33982621999981 9 8.19696941999984 8.64025306861625 8.98550704404169 9 9 9 9 9 9.1002908399885 9.26782949999996 9.64659197469596 10 10.6601713800002 11 11 11 11.6925490787491 12.7494838800002 13.8446799465667 15.3203403599999 17 17.2218674154602 17.7321705 17.8515913298556 18.3787607174868 18.7321705 18.908983227829 19.5356540195134 18.3411929331443 16.4852962658016 16.0144942415399 16.0173109800002 17.0237670237758 17.42799728 18.668993570909 20.3841835017495 21.2678295 21.2678295 20.7505197199997 20.3835233228591 19.9809865050379 19.928113217696 20.5879500296464
9 9 9.66017618000005 10 10 11.1711293114099 11.9642470996057 12 12 12 12 11.8971940746839 11.4133204943004 11 10.48268302 9.80026347874645 9.22453749023773 9 8.19696941999983 8.29666711719101 8.96424551382466 9 9 9 9 9.10280511109709 9.58667791991856 10 10 10 10.6601713800002 11 11 10.703333697028 10.9816410519563 11.6780554800002 12.8081193100751 14.6961635589093 16.6607421 16.7635463968782 16.8729630541375 17.1066258800001 17.6607421 17.8604769928156 18.6601689800001 19 18.1969742199999 17.1255458199996 16.3750155577375 16.3506959932784 17.1188449157066 18.4450874953096 19.3101670136751 20.8425035773414 22 21.697462438744 20.9796758496121 19.882733897193 19.1152911724189 19.7315949800001 20.5448640510995
8.5893137 8.83110434740147 9.3890508672877 9.5893137 10.2489029866685 11.4413504427098 11.5893137 11.5893137 11.5893137 11.5893137 11.5893137 11.4107329205106 11 10.8168796688675 10.2844517164434 9.41125461999989 9 9 8.19696941999983 8.87445898000017 9 9 9 9 9 9.30302937999996 10 10 10 10 10.6601713800002 11 11 10.4846707573508 10.5796472746764 11.0102030120274 11.6780554800001 13.0040445414053 15.2737417639055 15.8923406800001 16.3686420145273 16.2627654201619 16.3768606748508 16.7673679800001 17.8387963800001 18.4790844210819 18.1160796063927 17.4846721717035 17.7991473170146 17.4177956823256 17.9259632647275 19.0657787129474 19.778765281742 21.3030245800003 21.6924345822397 20.2868646399995 18.9661753604979 19.009727804813 19.0607035602477 19.7315949800001 21.6060467600002
7.51788530000002 8.10663308000016 8.83616594096788 9.3527173226053 10.3138726515146 10.9394759858803 11 11 11 11 11 11 10.8194672426573 10.28696615898 9.75059387938242 9.21298272225504 9 9 8.58412226716742 9.35657368000015 9.48211469999998 9.47376650791991 9 9 9.1116582369925 9.63904916137008 10 10 10 10 10.3418930531828 10.8706003084547 11 11 10.0541150200001 10.5178853 10.6066270800001 11.8382256599999 13.8611409599174 15.1569332184455 15.6984157431921 16 15.732091626467 15.7870147918955 16.3418918102581 17.2494826800001 17.905035833017 18 18.9458825799999 18.4910798020707 19 19.0829485387957 19.6378255571583 20.0466099710414 19.5031645261169 17.8768591077539 16.5184608199998 16.3406694489709 17.2138224800004 18.9906762686087 21.1239320600002
7 7.26285050874074 8.47206904922343 9.73160457999998 10 10.3904093168845 10.4464569 10.4560432590437 11 10.9113362450284 10.4464569 10.4464569 10.2792765688637 10 9.48268302000003 9 9 9 9.4445120366481 9.94395134538804 10 9.99226925054002 9.55354310000001 9.46488067353183 9.2316009800002 10 10 10 9.71364408371153 9.77235151425248 10 10.3266277698194 10.4464569 10.9305063061087 10.5777031240727 10 10.0887417800001 11.3203403599999 13.3349973640714 14.6141953938929 15.37445538 16 16 15.674106714251 15.8118888837131 16.3266266983229 17.2494826800001 17.9305049776054 18.9458825799999 18.4464569 18.3973358285025 17.8929138 17.7647153325745 17.0363461199997 16.1721935833534 15.4470324199997 14.6619572792814 14.7723488572457 15.2947359247905 17.2362724868267 20.8324847134133
7 7.36795058318836 8.1201412650423 9.56386509176944 10 10 10 10.0064948110682 10.3750285 10.3149583175131 10 10 9.7659730596151 9.3750285 9.18101988896608 9.36794908325674 9.21238170245261 9.45723051183784 9.92613085387159 10 10 10 10 9.93993071758148 9.711828468128 10 10 10 9.80599228903443 9.84576689667496 10 10 10 10.8744565800001 11 10 10.0332806966408 10.6953688599999 12.7513695919407 14.3030269800001 15.1404314394783 15.3750285 15.3750285 15.1542340033935 15.247582182316 15.8322560119747 16.3011575537348 17.2494826800004 17.7297614251535 17.3642096308628 16.7167772034275 16.2749282022817 15.5184608199998 14.6364141462994 14.6090509405901 14.5541186199997 14 14.2207935965382 14.7876137977527 16.9204159720434 20.636354947333
7.36026116450006 7.87514378488282 8 9.46320915999997 10 10 10 10 10 10 10 9.78896869871118 9.18991395190596 9 9.36025949314028 9.46514083248503 9.10317127437457 9.73160217999996 10 10 10 10.6843411925394 10 10 10 10 10 10 10 10 10 10 10 10.8744565800001 11 10.6843428638992 10.0617997667179 11.0167402599999 12.8370266040958 13.6066270800001 14.3036001 14.6141135198037 14.6397438495792 14.713598981038 15 15.2221130377278 15.3036001 16.1780542800004 16.9623126341237 16.2862891199998 15.3036001 15.1434323199999 14.2332874765923 13.7889737127902 13.67805308 13.8577187199997 13.6638545790612 14.4099972096783 15.8163064202959 17.5686193981752 19.2906193369408
7.88793521989755 8 8 8.33971575813275 9.69752629575496 10 10 10 9.93185786434778 9.23217169999999 9.23217169999999 9.16181629648337 9 9.34236587037098 9.49072404537095 9.09548168425822 9 9.16985732185429 9.84876130508954 10 10 10.9826842199998 10 10 10 10 10 10 10 10 10 10.5617430153577 10.7678283 11.6422848800002 11.7678283 11.7638086231326 11.5562599299237 11.9651854629798 13 13.0703542890925 13.5196891378512 14.1035215952051 14.1120664517387 14.1366889013176 14.2321717 14.2321717 14.8487576195137 15.8744541800004 16.219607166599 15.2148607199998 14.2321717 14.0720039199999 13.0543455988239 12.3939896681195 12.3191090849366 12.0184620199997 12.7760633579021 15.4928378517895 17.8559897600007 17.582033590654 17.4186110032743
8 8 8 8 8.93211515121426 9.1607433 9.1607433 9.1607433 9.14647788186709 9 9 9 9.31426821494825 9.91093030178155 9.48268302000003 9 9 9 8.45513299086012 9.05538215784031 9.95458562111039 10.1579599043807 10.0744791476511 10.7048307890787 10 10 10.3142662007321 10.8392567 10.8392567 10.8392567 11.3933099538134 11.7961131629165 12.5132034803539 12.8190764363759 12.8392567 12 12.074477133435 12.8650029832948 13 13 13.060191193484 13.1607433 13.1607433 13.1607433 13.1607433 13.7747413028675 14.8030257800001 15.1405626505921 15.1607433 14.9681606640511 13.1607433 13.1349974024891 12.7684038199998 11.74568459097 10.8464811277001 9.87560521999973 10.43926024116 14.2366493642225 18.035125685382 18.1508060286512 17.1653139480783
8 8 8 8 8.8030329800002 9 9 9 9 9 9 9.27596652687248 9.9441299735307 9.59393591393365 9.04311078566299 9 9 9 8.19696941999983 8.0781022163528 9.03520227999992 10 10.0079261775623 10.0750091020345 10.2109155616316 10.9106851 11.28514288 11.9106851 11.4395744199811 11 11.0589631407876 11.7555719188092 12.8030281800001 13 13 12.8949180628032 12.0887417800001 13 12.7890866240127 12.3652770555841 13 13 13 13.5361572739714 13.9106851 13.976027646835 14.8030257800001 15.7963523923591 15.0492839280445 14.0704577915522 13 12.8541375892538 12.0686299103429 11.9729353899397 10.8542146209269 8.64343351999971 9.12393446000043 12.4968507116737 15.5579256720767 16.8688550150417 17.0175929471176
7.01788649999999 7.01788649999999 7.01788649999999 7.01788649999999 7.03224994939675 7.89459332652664 8.01788649999999 8.03489491837366 9 9 9 9.00542017793297 9.01788649999999 9.00991111391382 9 9 9 9 8.19696941999983 8 8.94588737999994 9.03489256130123 10.0871568572246 10.9821135 10.9862560309288 11.2976092449946 11.988811239082 12 11.9907470527648 11.9821135 11.9821135 11.995199259465 12.8030281800001 13 13 12.9996903242286 12.983700779848 13 12.7684014199998 12.3030269800001 13 13.4379084797692 13.9821135 13.9926440083842 14.6483608675394 14.9821135 14.996476820614 15.0156409246906 15.0009679712328 13.9656876728434 12.0178865 12.015021659003 12.2274537349266 12.9821135 11.8587545600001 9.53623211999974 9.5086761413802 11.1985372909135 14.0044646704678 15.0309721736098 15.035773
6.51731938 7 7 7 7 7.87446138000003 8 7.9464581 7.9464581 7.9464581 7.95885858501163 8.28680688273841 8.96650740951154 9 9 9 9 9 9 9 9 9.08724634023924 11 11 11.2316009800002 12 12 12 12 12 12 12 12.0429956545108 12.8811784132394 13.8952405009892 13.9455311087394 13.8976676035106 13.8034395515211 13.2727402519897 13.7131976602604 13.4079482274896 14.0238734647604 14.0258440229897 14.5887405800001 15 15 15 15.8276342417402 15.0512198705102 13.9836158827599 12.9648025199996 12.1965583054801 12.95885819951 12.7294244435195 12.0870348759901 11.6315338562596 11.5966958314904 12.6422800800002 13.0181953269903 13.6532530094808 13.8499208024904
6.45266982188557 6.94860568669094 7 7 7 7.76517967900299 7.87502969999997 7 7 7 7.23160338000023 8 8.32766377896739 8.87502969999997 8.93967895818568 9 9 9 9 9 9 10.0173157800002 11 11 11.2026577360493 11.9128993725274 12 12 12 12 12 12 12.8030281800001 13 12.8817924702839 12.7349096782924 11.9637714800001 13.0151833645543 13.8079452880444 14 14.0467958011752 14.5151318502484 14.5473364783282 14.5665607061905 14.9575312154813 14.9085720559422 14.8750297 14.8750297 14.7568224702126 13.8750297 13.79738010694 12.8798646510338 12.4815367800003 13.5150961073303 13.8441083224931 13.319188970177 13.2499406000001 13.6915292060481 13.257332204447 12.0520070758707 11.0473900927055
6 6.58874778000014 7 7 7 7 7 7 7 7 7.18611677725258 7.86311634765071 8 8 8.31411621528016 8.72283142726307 8.93325857216613 9 9 9 9 10.0139149833187 10.8036013 10.8350589864877 11 11.2435148037062 11.8036013 11.8036013 11.8036013 11.8036013 11.8036013 11.9472865457123 12.6453144893848 12.8036013 12.0434869004216 11 11.0887417800001 12 12.4177114999665 13.8036013 14.17805668 14.8036013 14.8036013 14.4461164890985 14.4675986916431 14.0192899943554 13.8036013 13.8036013 13.0434888290647 12.8036013 12.8210295988709 13.191624523774 14.4279948800002 15.2559123335801 15.6937083015168 15.8380878433859 15.2911984317106 14.4920331068074 12.6796668399993 10.6804943429983 10.1963987
6 6.58874778000014 7 7 7 7 7 7 7 7 7 7.30303177999999 8 7.88057895469542 7.35340742653417 7.43106341223627 8.21553425100667 8.85623158044612 9 9 9 10 10 10.1172740223991 10.7321729 10.7321729 10.8324628412898 11 11 11 11 11.7315997799999 12 12 11.746666368873 11 11.0649743264139 11.7750708148158 12.2315985800002 13 13.2741660814952 13.971012419469 14.2678271 14.5412063156126 13.7654572268465 13.2678271 13.2678271 12.7994220457752 12.4788399116581 11.7368092495716 12.1125061908017 13.5452653879693 15.2315961800002 16.3030245800003 17.1002886557198 17.1484079830505 16.6212397981789 14.9326707005909 12.8564773406378 11.5362321199999 11.4828985230977
5.83624794492158 6.58874778000014 7.22396840003402 7.33925550000003 7.33925550000003 7.33925550000003 7.01835718974122 7 7 7 7 7.2002265819602 7.66074449999997 7.36612607315204 7 7 7 8.46320435999991 9 9 9 10 10 10 10 10 10.2474209186172 10.5094751610609 10.3214889999999 10.5212232940514 10.8847112716076 11.4834005308361 11.6607445 11.6607445 11.0357562018324 11 11 11.1601701799999 12.1530274879429 12.7635480696134 13 13.5892305105486 14.3214889999999 14.1322153796763 14 14.2481984349506 13.7943936749863 12.2084995300623 11.0541174200001 11.0173109800002 12.1774787600008 14.2145055802879 15.5708516800002 16.5394773246 17.37445298 17.7053863305124 16.9882551238623 15.2939952912495 13.4551237768184 12.5166026407373 13.1422788800001
5.30486463947604 6.41985311440695 7.66017618000005 8 8 8 7.05411022000003 7 7 7 7 7 7 6.81688073900007 6.58931610000003 6.83110434876544 7.5422454852964 8.68365768693813 9 9 9 10 10.0364458059448 10.4106839 10.4106839 10.286234612407 9.84621621852426 9.32654819535841 8.78754723075871 9.17805908000011 10.2494874800002 10.5893161 10.9191068447724 11 11 11 11 11.1601701799999 12 12.4274752819518 13.2569011041656 12.8168827102828 12.5893161 13.1780566800001 13.8604368713655 14.4311421147519 13.6428440582617 12.1771054669857 11.4425761668965 11.0244203207795 12.6246064946629 15.0759250314553 16.6422800800002 17.4106839 17.6313550698069 17.8168836959241 16.5546965399996 15.0005779199998 13.5401027257235 13 13.8030233800001
5 6.17749556000028 7.34189712345501 7.87060326675433 8 8 7.51013531738231 7 7 7 7 7 7 6.76907978884743 6.4821123 7.07085768000011 8.16590406104921 8.87060210968479 9 9 9.45602394031274 10 10.0459595192687 10.5178877 10.5178877 10.21485832 9.32396062156868 8.7850327882219 8.24997684198728 8.87258321219677 9.82400693759411 10 10.4158784171755 10.939473973034 11 11.4737653065473 11 11.1601701799999 12 12.1677748571305 12.3597372644992 11.8048576747084 11.5178877 12.3904673551272 13.6601689800001 14 14 13.0942618719284 12.5082029738263 12.4726130236172 14.1876603934086 16.5650612231983 17.1199408129891 17.5178877 17.5178877 17.0720063199997 15.4832681399996 14.2129874380575 13.3398334199997 13 13.8030233800001
5.28635733172878 6.40514040173557 7 7.73160457999998 8 8 8 7 7 7 7 7 7 7 7.28635600323108 7.81639155023309 8 8.32663059716123 8.44645929999997 8.93050793591058 9.94588737999994 10 10 10 10 9.52923152487428 8.44645929999997 8.24738926819743 8 9.17748596000017 10 10.404970254341 10.5535407 10.9439499725873 11.5235858339487 11.9922702804845 11.5535407 11.6250501664437 11.8718007599077 11.311170086628 11 11 11 11.8515892872285 13.1066282800001 13.8514282258434 14 14 13.5777019254511 15.1148100480132 15.6818986014778 17 16.8718020884053 16.4464593 16.4464593 16.247391411202 14.9653804399996 13.6741094557259 13.1517217908096 12.5950324026542 13.2494826800001
