catData/variables/futureClimate2070/rcp85/MPI_ESM_LR_2070_rcp85/bio11.asc
NCOLS 409 
NROWS 350 
XLLCORNER 60.897278365 
YLLCORNER 5.843756025 
CELLSIZE 0.0892857 
NODATA_value -9999 
[rows 104 to 129 of 350, columns 0 to 58 of 409]
-9999 -9999 -9999 -9999 -9999 -9999 -9999 -9999 -9999 -9999 -9999 -9999 -9999 -9999 -9999 -9999 -9999 -9999 -9999 -9999 -9999 17.8745789711745 17.935671288 18.0579417946858 18.183882518 18.2321489 18.2321489 18.158986762 18.0790878274639 18.0082937852195 17.9374997429751 17.8988546007307 17.825049212 17.717906372 17.63392555 17.6236444602468 17.6 17.5705370472644 17.5163747169799 17.5 17.5 17.4751794237131 17.3585258879574 17.3024818282018 17.109042514 16.5252158679999 16.1199461425447 15.850215007538 14.8844373979998 13.8698236103319 12.9402469702625 12.6166369502745 12.9112563612037 13.4165759327088 13.52188368245 13.330979018925 13.2724812097275 13.8556454256233 14.2213454976026
-9999 -9999 -9999 -9999 -9999 -9999 -9999 -9999 -9999 -9999 -9999 -9999 -9999 -9999 -9999 -9999 -9999 -9999 -9999 -9999 -9999 17.507099928 17.614242768 17.747663671387 17.8662138939987 17.9188376633896 17.9628395027779 17.9336792041662 17.91786322 17.91786322 17.91786322 17.81786322 17.8126322511076 17.7494912504958 17.6904877321159 17.6410724692724 17.5846208333393 17.55893161 17.4859521665628 17.369504190349 17.2001616189311 16.8769441103878 16.7882639889516 16.9173483962716 16.6300053186994 15.9774003199138 15.2376449703698 14.4484749215219 13.6337522825597 12.941394344833 12.3542427126757 12.5669798385761 13.0904928757461 13.61758506 13.6946942262481 13.6978005188104 14.1433624552786 14.5197018712988 14.7312151144055
-9999 -9999 -9999 -9999 -9999 -9999 -9999 -9999 -9999 -9999 -9999 -9999 -9999 -9999 -9999 -9999 -9999 -9999 -9999 -9999 -9999 17.1710609475015 17.244603018 17.3302480954596 17.35894385 17.4462053725822 17.573174378 17.6424274466241 17.5779342747099 17.6854228559979 17.70357754 17.60357754 17.5950187565425 17.5148781227497 17.532204292 17.4407559652084 17.369707382 17.2211644926663 16.8611956168739 16.3937505484988 16.061245569481 15.9196599859229 16.0247665081858 15.9866895644919 15.1846570321404 14.1324559320051 13.3243589343489 13.2125856713846 13.1843946378089 12.8584254392538 12.5825227013668 12.9129496150118 13.3483479808208 13.8597079926734 14.3061379605678 14.2782161992102 14.5285995923822 13.5850450424545 14.4071697980948
-9999 -9999 -9999 -9999 -9999 -9999 -9999 -9999 -9999 -9999 -9999 -9999 -9999 -9999 -9999 -9999 -9999 -9999 -9999 -9999 -9999 16.77858372 16.7745737423718 16.7925583904677 16.7945929868787 16.885628496 17.0704392464284 17.236890009082 17.2068779114712 17.4032293876108 17.43393779 17.4388885598217 17.1144224913998 17.1233551669894 17.0575346816571 16.992924792 16.885781952 16.6448674979999 16.1811818076289 15.7324582937002 15.467137643264 15.363702469213 14.7685840684839 14.0147233439999 13.4724467745092 12.8582009261593 13.0571691884991 13.443123042616 13.3648198048073 12.9755364670781 12.9045986336036 13.4386438275507 13.4087058068914 13.7084675220001 14.5253795056446 14.6011965012351 14.3223868898196 12.5954264308273 14.5815724074323
-9999 -9999 -9999 -9999 -9999 -9999 -9999 -9999 -9999 -9999 -9999 -9999 -9999 -9999 -9999 -9999 -9999 -9999 -9999 -9999 -9999 16.075407309645 16.125073692 16.107112408 16.110788012 16.1066826120651 16.2695664060001 16.3924039349202 16.7136627689571 16.962411086 16.7510504964054 17.0157009346848 16.4941732520577 16.5505062565148 16.4440888133691 16.2507802621701 16.0532728037677 15.8735103800119 15.7538835466886 15.3857839291256 14.6881546271721 13.9528572164527 13.4839137235039 13.3468965651984 13.4911848764061 13.5930994198461 13.8969530241286 13.6534046554704 13.1285485404489 13.0393993670715 13.6902911947645 13.7824568747215 13.023217168608 13.5964503457875 14.5803327731204 14.4722943404453 14.073859349682 14.0764434634359 15.6127387241434
-9999 -9999 -9999 -9999 -9999 -9999 -9999 -9999 -9999 -9999 -9999 -9999 -9999 -9999 -9999 -9999 -9999 -9999 -9999 -9999 -9999 15.0220039070311 14.9747177611933 14.7454226527109 14.5226965575177 14.3662035818399 15.1132632831055 16.22582076997 16.8574597461666 16.8795006186574 16.491277118 16.0937278063264 15.53396275 15.5897413275563 15.8126754459999 15.6059686933962 15.522298922732 15.1493548528788 14.7053469013655 14.1662739770739 13.809862996379 13.7277245926246 13.8314432072187 13.9976641845995 14.1411468053808 14.1361846118477 13.9128535230861 13.403416210631 13.4420893981267 14.0456911216498 14.258028570807 13.3724000636395 12.642379849585 14.0789588735573 14.4995255388775 14.4293710752705 14.9950158273975 15.7716661801759 16.1903699441299
-9999 -9999 -9999 -9999 -9999 -9999 -9999 -9999 -9999 -9999 -9999 -9999 -9999 -9999 -9999 -9999 -9999 -9999 -9999 -9999 -9999 -9999 13.944641969302 13.7806120814973 14.07195308221 14.6990946448794 15.6053908558622 16.4891243763538 16.4046174919266 15.6872655670877 15.3615916522208 15.417665283958 15.5139458422136 15.5902092014093 15.5181625613666 15.0673799619224 14.6248766831604 14.0898939999712 13.850757911706 13.9725834285956 14.2280968832521 14.4213952136449 14.4176801625418 14.3602889074387 14.2302686795033 13.9657832963837 13.7817771051594 14.2221262054345 14.6822970896156 14.80496142305 14.3283909995753 13.3411283232379 13.8905846848935 15.2148668600943 14.3418657542608 14.9950780005907 16.2476534700002 16.1635605459705 15.999921222338
-9999 -9999 -9999 -9999 -9999 -9999 -9999 -9999 -9999 -9999 -9999 -9999 -9999 -9999 -9999 -9999 -9999 -9999 -9999 -9999 -9999 -9999 -9999 -9999 -9999 -9999 -9999 16.9872935034315 16.9582496405874 16.5191787244105 16.269700134 16.2196511500967 15.9838064589915 15.5193904078862 14.8967118999999 14.5135985943244 14.4171009482864 14.2979509425349 14.50221308594 14.677110695503 14.7353894190747 14.7021353130147 14.4688284986462 14.1084547244167 13.7957320289547 14.1643108605248 14.9072914923451 15.2681481150103 15.4001885282178 15.2193545850336 14.5458737698494 14.5287063567046 15.6446435440631 15.0796245490454 13.5815890004369 15.7423786353608 16.7013993969299 15.7349726453595 15.5660374912485
-9999 -9999 -9999 -9999 -9999 -9999 -9999 -9999 -9999 -9999 -9999 -9999 -9999 -9999 -9999 -9999 -9999 -9999 -9999 -9999 -9999 -9999 -9999 -9999 -9999 -9999 16.9368423028905 16.982093868 17.155196438377 17.080188643016 16.7889496881778 16.4842891093608 16.0637018374559 15.6372875770913 15.3239042563587 15.249919288 15.3129249754469 15.2691085513791 15.1952955245714 15.0570379736519 14.8618917120182 14.5935835523845 14.1306849747506 14.0841215902075 14.7548574458421 15.2989478735487 15.6487879873237 15.689223748 15.750043032 15.4139968812865 15.053893713032 15.8893001222358 15.787144585307 13.9114072709488 14.3311986213741 16.6575195896094 16.6648725816352 15.5481321818775 16.3564897556397
-9999 -9999 -9999 -9999 -9999 -9999 -9999 -9999 -9999 -9999 -9999 -9999 -9999 -9999 -9999 -9999 -9999 -9999 -9999 -9999 -9999 -9999 -9999 -9999 -9999 -9999 16.96544616276 16.9995199001705 17.081741545721 17.1861080174572 17.1002362063562 16.9875265332552 16.7606899680772 16.437631346 16.1397791870238 15.9284944157228 15.6825110403742 15.4098277096752 15.1974586972257 14.8683904795523 14.5084905043266 14.4032292023686 14.788946945724 15.2289972790658 15.4778668671714 15.4983041282371 15.50357778 15.5982586021001 15.9349869163826 15.3409626200334 15.8234221815174 16.6211677127283 14.9696215791885 14.2801009925491 16.6400974917674 17.5390564104273 16.3019106639396 15.9917367464678 16.5652682991761
-9999 -9999 -9999 -9999 -9999 -9999 -9999 -9999 -9999 -9999 -9999 -9999 -9999 -9999 -9999 -9999 -9999 -9999 -9999 -9999 -9999 -9999 -9999 -9999 -9999 -9999 16.5427841882053 16.6556634022875 17.0008585736304 17.2628436609037 17.204830115068 17.0913646752323 16.896477612 16.7555810984389 16.4032380608626 15.9246608797795 15.3421970341082 14.9138346962184 14.7997333196171 14.8922512081792 14.9821849259326 15.1452805416861 15.2706513124799 15.3673758787953 15.283993782 15.0936551741335 15.0859820195113 15.6116877963448 15.7559283299868 15.9947741638128 16.8310650640465 16.3072666721559 14.7024511084453 16.2486872080625 17.9769985793928 17.0512599327037 15.6605855287305 16.7190802097417 17.0202013713401
-9999 -9999 -9999 -9999 -9999 -9999 -9999 -9999 -9999 -9999 -9999 -9999 -9999 -9999 -9999 -9999 -9999 -9999 -9999 -9999 -9999 -9999 -9999 -9999 -9999 16.14996148 16.265499489939 16.4621492572546 16.7232794106194 17.0919875014749 17.2084394362202 17.0372737383953 17.0150079846804 16.8404084321375 16.3958924047492 16.1067967550719 15.8985001814633 15.7344719366376 15.5728526487829 15.394770034 15.1969848800764 15.0734970407531 15.0801193834037 15.043768192731 15.0729283768734 15.2230620247132 15.7916819626545 15.3918954007895 15.104838454597 15.88597188198 17.4282853256268 16.9797297648171 16.9594806764651 18.2479369066958 18.2362939056323 16.1706298493256 15.8210071074269 16.8712769248575 17.5327306236211
-9999 -9999 -9999 -9999 -9999 -9999 -9999 -9999 -9999 -9999 -9999 -9999 -9999 -9999 -9999 -9999 -9999 -9999 -9999 -9999 -9999 18.0952686937633 17.9085930010683 17.6068281694399 17.3457835796784 17.2669954014917 17.25891889 17.3177122547967 17.33927926 17.4095526501017 17.3436262272458 17.317906132 17.201886954 16.9941821301353 16.8007499000928 16.4686788940335 16.0053772086692 15.4920511107473 15.0556409680771 14.879342180866 14.8893410048828 14.8872984778637 15.0861277771687 15.4685176670527 16.3690540694467 16.7992193663745 16.8428513096113 16.5965593373782 16.3606094214985 17.5393619232151 17.86987975 17.7888258995432 18.4509131399847 19.1879449407143 18.3354094239276 16.70016168013 16.7311731928779 17.2383374026038 18.0919764190733
-9999 -9999 -9999 -9999 -9999 -9999 -9999 -9999 -9999 -9999 -9999 -9999 -9999 -9999 -9999 -9999 -9999 19.0748054715791 18.7789266747614 18.92975841818 18.6619635399991 18.3307104435606 18.009166018 17.7024244802594 17.5462521496038 17.4545169011027 17.4817982573621 17.4608107446776 17.3819120900759 17.412929021243 17.4703200192033 17.4241204248364 17.2578421565619 17.0445039510842 16.6563649315667 16.2088979285167 15.7742688239301 15.5524044149254 15.58208446 15.7114075977311 15.9420425411781 15.8875305273833 15.8783317832731 16.2654041225642 16.7166037290288 16.9369108646962 17.2529375956804 17.782802771585 18.1837284600456 18.8015492575511 18.6867924768184 18.6488721020763 18.8932744678351 19.4417680942902 19.081756536751 18.5587165308428 18.540430757487 18.4373042149343 18.6595940894046
-9999 -9999 -9999 -9999 -9999 -9999 -9999 -9999 -9999 -9999 -9999 -9999 -9999 -9999 -9999 -9999 -9999 18.6560380759644 18.6529179150194 18.2779042926004 18.2607198888064 17.8853037904423 17.7021656770551 17.383996854 17.4117472265614 17.658781946 17.8282731229874 17.6523926876426 17.3849749714638 17.5734826226895 17.6679243401698 17.6995275551406 17.4685487923663 17.4126492997959 17.2189965875912 17.0387149069353 17.0381422149031 17.0981792195057 17.15385177114 17.1175032305272 16.9054946859999 16.6311083592065 16.3785713567552 15.951139198304 16.4386199939047 16.6831249611969 17.2847326110888 18.7957224584992 19.292376991036 19.3683888088024 19.3575874244272 19.3366852775207 19.3892718666354 19.9670457096879 20.0527462233186 20.0756487556118 19.761772078219 19.2870644104772 18.8588282340445
-9999 -9999 -9999 -9999 -9999 -9999 -9999 -9999 -9999 -9999 -9999 -9999 -9999 -9999 -9999 -9999 19.1797446736309 18.1826480075102 18.3180820111037 18.4505070689332 19.0529105717176 19.1035765068957 19.024126987399 18.8683577515951 18.923491202478 19.1023048997416 19.13388595 18.8281679331541 18.7346565784675 18.7657991623883 18.5027387673731 18.4275236175589 18.3748443401956 18.3993684619004 18.1769228459999 17.8982448285407 17.8469933692138 17.9280963909683 17.7686236068916 17.3403981967743 16.8509910586958 16.461557662054 16.2337684720715 16.0188241840529 17.4167259077493 18.2290839280282 19.0098745405553 19.4646825825137 19.6684866357317 19.6962592319772 19.8248251668869 19.7796257168085 20.1277439681406 20.626207990164 20.8031787107955 20.6899505131002 19.9283841601322 19.0383910658816 19.5522185540493
-9999 -9999 -9999 -9999 -9999 -9999 -9999 -9999 -9999 -9999 -9999 -9999 -9999 20.3288477972587 20.9915277730974 20.8845194830145 20.1725367790055 19.9241732797462 19.7748876053404 19.7783852419699 20.039168476 20.1917596375325 20.2086598563556 20.2179618275225 20.2160582685994 20.182178492 20.1728835071569 20.0755960991049 20.0783613912608 19.7363457675823 19.3529283806693 19.2358054569051 19.1239374682978 18.923322468911 18.7010246296364 18.3953376661198 18.412237752062 18.3355498125516 17.7418037204461 17.0072913728682 16.5877002607028 16.7263966799573 17.3279329884471 17.8064049438304 18.830043652593 19.2955988877948 19.4435480891233 19.4218744803891 19.8076216223771 20.0253171885859 20.0946404898531 20.2855465361099 20.7232944921092 21.044030053598 21.1764612957441 20.973358986 19.8101698924995 19.1854569682706 20.1811597789737
-9999 -9999 -9999 -9999 -9999 -9999 -9999 -9999 -9999 -9999 21.333775166 21.5154703386795 21.4641219869878 21.4724049993158 21.7659969537659 21.2590287826363 20.7882770862512 20.6480475924592 20.207308776 19.9322232051866 19.969555366 20.1703109804283 20.3200424158781 20.38929234 20.3320192620789 20.1871178475286 20.1527059380179 20.2083750654929 20.409637158022 20.0477932264567 19.4960821578992 19.2682482541439 19.2783539532337 19.16606149 19.1015356562731 18.8003573709466 18.4134413841915 17.9481359486005 17.5141815376707 17.7048456858437 18.2521774799305 18.6856555454941 19.1548988384554 19.4083622066695 19.411866139296 19.2730137232528 18.9698471475804 19.222714915125 19.9434075863428 20.2367944489195 20.4919337542407 20.8022611379887 20.8681141917866 21.2332742383189 21.4589924194325 21.1143755166165 20.3984487516632 20.3113073144482 20.7520371013854
-9999 -9999 -9999 -9999 -9999 -9999 -9999 -9999 -9999 -9999 22.3762805289749 22.434564072344 22.516006218 22.54998668 22.5399405052587 22.3079051536076 22.0975796968655 22.0666913690329 21.5732903459999 21.2738890591966 21.1403210061595 21.0969055334585 21.0030418275326 20.9942245372458 20.6921723099179 20.320431278336 19.8824044475409 19.6942243280984 20.2396053512828 19.6863638292869 18.3933379415702 18.1285136160001 18.3783022833436 18.9350314328114 19.0222565918192 18.9935532361965 18.6063101588999 18.5458907043105 18.690903486 19.1259945892807 19.5770451591078 19.7149281580412 19.6748055528978 19.4220333025261 19.0801040912219 19.2864063197275 19.2637999243241 19.7866178663613 20.4693249060372 20.7037726282124 20.9765799217531 20.7201300818207 20.7798000157555 21.2052576505606 21.0564595807065 20.727178021834 20.9912806951022 21.1405713474927 21.0672297238088
-9999 -9999 -9999 -9999 -9999 -9999 -9999 -9999 -9999 -9999 22.3550542647847 22.32144196 22.2035587669301 22.14288392 22.1113408173607 22.0427065009042 22.1657106657436 22.6938054511831 22.8586574485438 22.9786191508002 23.0375604749762 22.9563247332567 22.7709935689434 22.6567957126088 22.4208300962415 22.055439846 21.5878168985306 21.1846158587739 21.2408326153368 20.6706174738826 19.7291458493698 19.3396259479478 19.2866838073978 19.5293819438696 19.5013614906348 19.4599300918522 19.3869418972131 19.5280902874913 19.6459979250544 19.7036676368348 19.6280930125065 19.59108147 19.510776732 19.3583339041303 19.4878957768172 19.8957712155131 20.401539002 20.8335451362784 21.210638348 21.3334797225872 21.2634109617413 20.3605206066176 19.4567491772159 20.0398751611513 20.718516824993 20.9905039726954 21.4199337694243 21.0826332461612 20.5687730581307
-9999 -9999 -9999 -9999 -9999 -9999 -9999 -9999 -9999 -9999 22.478613192 22.3851401376732 22.3582714969422 22.1921667205672 21.988381598447 21.7318272940765 21.8165526816295 22.3037991663378 22.963478674376 23.408821186 23.5589978239945 23.4464259355858 23.2770751808229 23.2 23.0050768583596 22.5561748199016 21.8521199157103 21.0683902125334 20.4900065756229 20.1385911007364 19.6795433621857 19.2572512360064 19.403416315462 19.807198472 19.6644869485443 19.3928105277268 19.1385230578187 19.1116718388621 19.3704834847255 19.524407469543 19.4650881681802 19.535568499178 19.8664368019866 20.071765060813 20.2515165845544 20.5657703031043 20.8958843686327 21.378403864 21.6179405130996 21.3673649692697 20.4109735273232 19.8870069942922 20.8005710731287 21.6774128020981 21.7002526591685 21.3219353788864 21.0941730596793 20.6518245473864 20.3158437781503
-9999 -9999 -9999 -9999 -9999 -9999 -9999 -9999 -9999 -9999 22.8868771892417 22.9101616326622 23.0249777007036 23.1135958549801 23.1647555743592 23.2061722813112 23.305244318 23.4608287156258 23.57853598524 23.6703700790066 23.7252491529652 23.4724477718476 23.1157703657648 22.94822443 22.6978724207996 22.2193291292417 21.6202712118494 20.8761043593246 20.4716797434638 20.6850747984442 20.4241998474488 20.1726002900394 20.0031161256215 19.5354656885624 18.7841635174708 17.8314903766885 17.864499071457 18.8226070164313 19.5533025213398 19.9773261236427 20.1322705117254 20.1788479821918 20.3868123081635 20.6839864619869 20.7348311799717 20.8771354562789 21.4330330657778 21.7703136498475 21.8702980934183 21.6833233532938 21.9103699452567 22.1375577285013 22.4443091075297 22.3569820575948 21.9468495488844 21.6680353544183 21.1091296458997 20.9276972162658 21.5242954600783
-9999 -9999 -9999 -9999 -9999 -9999 -9999 -9999 -9999 22.9258073412991 23.1809829233236 23.3268219389977 23.496311196 23.637434498 23.6714449579802 23.760652148 23.6955108532642 23.701578881042 23.79106803 23.7924988796099 23.7747688960641 23.6250441494763 23.4290664748245 23.2335163207411 22.964806330281 22.7806872093032 22.5127958743253 22.289377270695 22.1606787154566 22.0111937812165 21.7090443860001 21.3935453465639 20.8833697181528 20.380419773134 20.0657537520068 19.6623645186997 19.8466267517554 20.4700971248622 20.4110698996354 20.2962153321289 20.3880328624548 20.3244409307808 20.5337414188933 20.853410764 21.3217761812068 21.3610043662539 21.7006810664105 21.9376940372635 22.1949538226879 22.3062058441651 22.5799592897144 22.6187396502416 21.3385910800568 20.4094984978469 21.4080728976379 21.6846526106881 21.85124945163 21.831043731996 22.4040508706438
-9999 -9999 -9999 -9999 -9999 -9999 -9999 -9999 23.2477481614129 23.1739880207197 23.498100326 23.653509308 23.7618333233602 23.7977307100535 23.79821087 23.7997754294401 23.7983076458666 23.7982418888267 23.79128223552 23.6703235104265 23.482205132 23.4042829948003 23.4011191377069 23.3100206570135 23.1455516703203 23.037545282 22.9280400998674 22.7478281697596 22.6931958495471 22.517947844 22.3019698141606 22.0840026969345 21.750022798774 21.2731966035968 20.6911858855495 20.6553821020001 20.6639322959962 21.1911607558451 21.7291521662994 21.6578349723165 21.3840167663172 21.0670300589314 20.991786358477 21.3410692411478 21.6782102950911 21.6016215140001 21.9228912290679 22.242689424 22.517794388 22.5957169880241 22.5266658725266 22.2725878476013 21.9316565141621 21.8873367460002 22.1829963562204 22.2170639076565 22.2738799735952 22.207185272 22.2047866575099
-9999 -9999 -9999 -9999 -9999 -9999 -9999 -9999 23.358863018 23.5926170906307 23.80535371 23.7496290996685 23.7696579687843 23.8614116733583 23.7864364180536 23.6516673948702 23.0191962952878 22.7422462300861 23.324937708 23.4169187631834 23.3775704042455 23.1460743071864 23.048498079991 23.1571467863548 23.1846364381198 23.2291649264588 23.19464629 23.1985631786983 23.0479886352753 22.753045668577 22.6907405824179 22.2923209841018 21.5278585127903 21.278548457331 21.399861136 21.6125243817868 21.8545119605422 22.2503004538162 22.426257049094 22.2659915041172 21.9272436156295 21.4898544438494 21.3882381527888 21.651635314 21.8835375126675 22.0844028380344 22.1102322194538 21.9983667889136 21.1256112222493 20.263106249814 21.3537096058004 22.7237358901598 22.2550257171012 21.9555632947822 22.22141484 22.0946758390026 21.9133700136392 22.9422142139324 22.5676178925489
-9999 -9999 -9999 -9999 -9999 -9999 -9999 -9999 23.7655783674243 23.8515152291401 23.9 23.8926424439961 23.8297340765759 23.662818017148 23.2410766051599 22.67993780346 22.8016507460001 23.3019513524594 23.4258653920321 23.5985761138007 23.7932924163042 23.8087094582759 23.687656186 23.2212984072089 22.926712918 23.0780171639756 23.1417360654158 23.1923663016875 23.2024611982717 23.0360323243003 22.5986461043615 22.4760629156671 22.5308317840327 22.4564727949418 22.4655006296793 22.6264901962676 22.6827961796956 22.7920340773708 22.9762932531031 22.7401879480614 21.8980275033323 21.3795403086582 21.4128167314732 21.677921323383 21.9607509873583 21.969605257832 22.3649939959754 22.2384565536135 22.0372159770119 21.7950499134814 21.6018127874397 21.9299545816143 22.8719807185433 22.8152846801151 22.7042188753993 22.9011720076544 23.2560561250208 23.0954347869505 23.2280220882223
