catData/variables/futureClimate2070/rcp85/MPI_ESM_LR_2070_rcp85/bio17.asc
NCOLS 409 
NROWS 350 
XLLCORNER 60.897278365 
YLLCORNER 5.843756025 
CELLSIZE 0.0892857 
NODATA_value -9999 
[rows 81 to 107 of 350, columns 0 to 60 of 409]
1.13715324346234 0.734508978582845 -9999 -9999 -9999 -9999 -9999 -9999 -9999 -9999 -9999 -9999 -9999 -9999 -9999 -9999 -9999 -9999 -9999 -9999 -9999 -9999 -9999 -9999 -9999 -9999 -9999 -9999 -9999 -9999 -9999 -9999 -9999 -9999 -9999 -9999 -9999 -9999 -9999 -9999 -9999 -9999 -9999 -9999 -9999 -9999 -9999 -9999 -9999 -9999 -9999 -9999 -9999 -9999 -9999 -9999 -9999 -9999 2.28717360483386 2.31040507442288 2.72334920074334
1.81355538029956 1.09637582132843 1 0.754516684584567 0 -9999 -9999 -9999 -9999 -9999 -9999 -9999 -9999 -9999 -9999 -9999 -9999 -9999 -9999 -9999 -9999 -9999 -9999 -9999 -9999 -9999 -9999 -9999 -9999 -9999 -9999 -9999 -9999 -9999 -9999 -9999 -9999 -9999 -9999 -9999 -9999 -9999 -9999 -9999 -9999 -9999 -9999 -9999 -9999 -9999 -9999 -9999 -9999 -9999 -9999 1.06231039075302 1 1.87447338000017 2 2.01733018000021 3
-9999 -9999 1.83925909999998 1.82191931999974 0.839259099999983 0.839259099999983 0.839259099999983 0.839259099999983 0.839259099999983 -9999 -9999 -9999 -9999 -9999 -9999 -9999 -9999 -9999 -9999 -9999 -9999 -9999 -9999 -9999 -9999 -9999 -9999 -9999 -9999 -9999 -9999 -9999 -9999 -9999 -9999 -9999 -9999 -9999 -9999 -9999 -9999 -9999 -9999 -9999 -9999 -9999 -9999 -9999 -9999 -9999 -9999 2 2 2 1.33981181999981 1 1 1.87447338000017 2 2.01733018000021 3.0744914459682
-9999 -9999 -9999 1.99845134089873 1.82984742807621 1 1 1 1 1 1 -9999 -9999 -9999 -9999 -9999 -9999 -9999 -9999 -9999 -9999 -9999 -9999 -9999 -9999 -9999 -9999 -9999 -9999 -9999 -9999 -9999 -9999 -9999 -9999 -9999 -9999 -9999 -9999 4 4 3.93465727984879 3.17936228912608 3 3 3 -9999 3 2.97931363702374 2.91068750000005 2.56965818092623 2 2 2 1.94103694317376 1.24441342580131 1 1.07810140375122 1.95073342727369 2.92801768000026 3.91861475067631
-9999 -9999 -9999 2 1.99841246099206 1.82478429165638 1 1 1 1 1 1 1 1 -9999 -9999 -9999 -9999 -9999 -9999 -9999 -9999 -9999 -9999 -9999 -9999 -9999 2 2 2.8588389247812 2.9821159 3.96454182051582 -9999 -9999 -9999 -9999 -9999 4 4 4 4 3.28146536700024 3.00352232035134 3 3 3 3 3 3 2.70237352818775 2.01118695916382 2 2 2 2 1.26838342000005 1 1 1.94590177999993 3.98242583467214 4
-9999 -9999 -9999 -9999 2.08401514993971 2.79483673373851 1.76837501999986 1 1 1 1 1 1 1 1 1 1 1.06995336212425 2 2 2 2 2 2 2 2 2 2 2.80304978000014 2.95317667798663 2.94645570000001 3.94738388936964 4 4 4 4 4 4 4 4 3.37515886247248 3.01437027384918 3 3.04682319350704 3.05354429999999 4 3.91123901999999 2.99142277178047 2.72723973189745 2 2 2 2 2 2 2 2 2.04682306500073 3.89470021132102 4.05354429999999 4.22630894396519
-9999 -9999 -9999 -9999 -9999 2 1.76837501999986 1 1 1 1 1 1 1 1 1.10928619918019 1.12497270000001 2 2 2 2 2 2 2 2 2 2 2 2.7026904807591 2.10983501924556 2 2.89236228000017 3.88612029925972 4 4 4 4 4 4 4 4 3.35981341930187 3.12497270000001 3.89016288068882 4 4 3.90014632067474 2.73485721932992 2 2 2 2 2 2 2.08250549936272 2.12497270000001 2.12497270000001 2.99944608000018 3.95266258061854 4.87502729999999 4.97487827939092
-9999 -9999 -9999 -9999 -9999 1.83506168452824 1.76837501999986 1 1 1 1 1 1 1 1 1.87448058000008 2 2 2 2 2.04549092949688 2.1964011 2.12285293784068 2 2 2 2 2 2 2 2 2.01393037085967 2.87492905452831 3.63865964180297 3.8035989 3.8035989 3.8771465907967 4 4 4 4 4 4 4 4 3.99659586222212 3.64350969410907 2 2 2 2.07354721943405 2.1964011 2.1964011 2.1964011 2.72692759524115 3 3.15771891742151 3.89912694624742 4 4.00680733283048 4.55288707725383
-9999 -9999 -9999 -9999 -9999 -9999 1.56258152258084 1 1 1 1 1 1 1 1 1.87448058000008 2 2 2 2 2.16958722021004 2.73217050000004 2.45798774510571 2 2 2 2 2 2 2 2 2 2 2.11728769565852 2.79420521699938 3 3.27418099768516 3.73217050000004 3.73217050000004 3.73217050000004 3.90898901294618 4 4 4 4 3.71948009623497 2.91123901999999 2 2.06203407420856 2.26782949999996 2.54200874047591 3 3 3 3 3 3.80304498000016 4 4.25334040078646 4.30248986000039 6.33281591389797
-9999 -9999 -9999 -9999 -9999 -9999 -9999 1 1 1 1 1 1 1 1 1.87448058000008 2 2 1.96988550788532 1.66074209999999 1.66074209999999 1.66074209999999 1.66074209999999 1.66074209999999 1.83625248602083 2 2 2 2 2 2 2 2 2 2.23162018000017 3 3 3 3 3 3.43621571022955 3.90894961875493 4 4 4 3 2.94135188367674 2.33925790000001 2.49229751835469 3 3 3 3 3 3 3.24820670453597 3.86986352647977 4.29667200250477 4.9642550285109 5.02878095952693 6.69085414945782
-9999 -9999 -9999 -9999 -9999 -9999 -9999 1 1 1 1 1 1 1 1 1.87448058000008 2 1.5893137 1.53700280975478 1 1 1 1 1 1.30487329837968 1.83111124693129 2 2 2 2 2 2 2 2 2.23162018000017 3 3 3 3 3 3 3.73161897999998 4 4 3.61153011216128 3.00711825314975 3.37423338153942 3 3 3 3 3 3 3.24179557563706 3.68181654094801 4.25252427374112 4.4106863 4.92602544311941 5 5.02444744750284 6.46299294718663
-9999 -9999 -9999 -9999 -9999 -9999 -9999 -9999 1 1 1 1 1 1 1 1.87448058000008 2 1 1 1 1 1 1 1 1 1.58876458000008 2 2 2 2 2 2 2 2 2.11995268640544 2.66398947523215 3 3 3 3 3 3.73161897999998 4 4 3.51013012996945 3.48273469678614 3.51471026648883 3.48211469999998 3.37044836348051 3 3 3 3.24941306306926 4.07087448000009 4.82401645365584 5 5 5 5 5.50841992546866 7
-9999 -9999 -9999 -9999 -9999 -9999 -9999 -9999 -9999 1 1 1 1 1 1 1.87448058000008 2 1 1 1 1 1 1 1 1 1.58876458000008 2 2 2 2 2 2 2 2 2 2.30304858000002 3 3 3.28636654431592 3.55354310000001 3.55354310000001 3.88017944179196 4 4 4 3.43871865006408 3.03962795197176 3.44645689999999 3.34304954395621 3 3.20728781988443 3.55354310000001 4.07087447999998 4.81639896622354 5 5 5 5 5.52359740359669 6.01733018000021 7
-9999 -9999 -9999 -9999 -9999 -9999 -9999 -9999 -9999 -9999 1 1 1 1.45724401122229 1.6249715 1.95292664019656 2 1 1 1 1 1 1 1 1.32332036841889 1.84577499729056 2 2 2 2 2 2 2 2 2.14475601132497 2.92802008000001 3.6249715 3.6249715 3.81898641151273 4 4 4 4 4 4 3.61413913147838 3 3 3.14475451139341 3.6249715 3.76541014002555 4.2786766542652 4.81898551144432 5 5 5 5 5 5.35474012570071 6.01733018000021 7
-9999 -9999 -9999 -9999 -9999 -9999 -9999 -9999 -9999 -9999 -9999 1 1 1.73162378000004 2 2 2 1.68432615030159 1 1 1 1 1 1.31053013340134 1.85346321598163 2 2 2 2 2 2 2 2 2.11155753957284 2.92802008000017 3.78840547919286 4 4.31052846204162 4.33612870734138 4 4 4 3.4407578848726 3.91258494574444 4 3.98266741999976 3 3.11155586821306 3.76671908116985 4 4.26078406006458 4.83177608931836 5 5 5 5 5 5 5 5.33299901561934 7.12362293247249
-9999 -9999 -9999 -9999 -9999 -9999 -9999 -9999 -9999 -9999 -9999 -9999 -9999 1.73162378000004 2 2 2 1.99597475101181 1.76782830000001 1.76782830000001 1.76782830000001 1.76782830000001 1.76782830000001 1.87135546732587 2 2 2 2 2 2 2 2 2 2.16019178000003 3.23162018000017 4 4 4.10352661011379 4.11206143682997 4 4 4 3.19695261999981 3.20302852845142 3.95846369849226 3.98266741999976 3.06815319237974 3.80501974067656 4 4 4.37447458000005 5 5 5 5 5 5 5 5 5.04796696264868 7.87719411040838
-9999 -9999 -9999 -9999 -9999 -9999 -9999 -9999 -9999 -9999 -9999 -9999 -9999 -9999 -9999 -9999 -9999 2 2 2 2 2 2 2 2 2 2 2 2 2 2 2 2 2.16019178000003 3.03723139207982 3.1607433 3.47502561446084 4 4 4 4 3.38598386918785 3.03165881408242 3.73390965735275 3.99130445937699 4.82192411999976 3.85352443283643 4 4 4 4.06019427975532 4.53497036351514 5 5 5 5 5 5 5.79385440640687 6.70141500064586 8.08875858000015
-9999 -9999 -9999 -9999 -9999 -9999 -9999 -9999 -9999 -9999 -9999 -9999 -9999 -9999 -9999 -9999 -9999 -9999 2 2 2 2 2 2 2 2 2 2 2 2 2 2 2 2.16019178000003 3 3 3.033446374021 3.49539428557604 4 4 3.39877427563343 3.0239704239632 3.73132328356023 4.78516088000004 4.91068510000002 4.98266741999976 4 4 4 4 4 4.4459029800002 5 5 5 5 5.73132109791596 5.91068510000002 5.99516822289052 6.12242741670671 8.00792746369685
-9999 -9999 -9999 -9999 -9999 -9999 -9999 -9999 -9999 -9999 -9999 -9999 -9999 -9999 -9999 -9999 -9999 -9999 -9999 2 2 2 2 2 2 2 2 2 2 2 2 2.98211350000001 2.98211350000001 2.98497877027298 3 3 3 3.44590538000023 4 4 3.98819150119083 3.98211350000001 4.7851608800002 5.85658928000004 5.98211350000001 5.96478091999977 4.89494014326877 4 4 4 4 4.4459029800002 5 5 5.64837972411862 5.98211350000001 5.99647716403477 6 6 7.96484695252917 8
-9999 -9999 -9999 -9999 -9999 -9999 -9999 -9999 -9999 -9999 -9999 -9999 -9999 -9999 -9999 -9999 -9999 -9999 -9999 -9999 2 2 2 2 2 2 2 2.03917239876582 2.81359486898435 3 3 3 3.00475256001562 3.0535419 3.0535419 3.0535419 3.42801888000008 4.45169803746936 4.9464581 4.45226625729591 4.7319265219849 5.74598860973472 6 6 6 6 5.91599145151506 4.89335252 4.04114064398501 4.01622566826494 4.0535419 4.89759887447066 5.97415700501482 6 6 6 6 6 6.99654715851451 7.94738599076455 8.01425690904353
-9999 -9999 -9999 -9999 -9999 -9999 -9999 -9999 -9999 -9999 -9999 -9999 -9999 -9999 -9999 -9999 -9999 -9999 -9999 -9999 -9999 2 2 2 2 2 2.08250451476853 2.765160736655 3.10035737192157 3.12497030000003 3.12497030000003 3.12497030000003 3.20264089377244 4 4 4.03787207195718 4.40585027893268 4.59629910733051 4.24994060000005 5.28030938747375 6 6 6 6 6 6 6 5.85982953487542 4.8933525199998 4.39014470797155 5 5 5.45268032224195 5.87502969999997 5.95753361491107 6 6 6 7.77359393078272 7.01733018000021 8.24409136726006
-9999 -9999 -9999 -9999 -9999 -9999 -9999 -9999 -9999 -9999 -9999 -9999 -9999 -9999 -9999 -9999 -9999 -9999 -9999 -9999 -9999 2.05951881850573 2.19639869999997 2.19639869999997 2.29800285321492 2.39279739999994 2.92332933697896 3.19639869999997 3.84173054717282 4 4 4 4 4 4 4.24353023285118 4.64976469615574 5.10945768609033 6 6 6 6 6 6 6 6 6 6 5.76838221999978 5 5 5 5 5 5.5305280796928 5.80360130000003 5.80360130000003 5.97534673501664 6.94590177999993 7.20692163035457 7.89235988000018
-9999 -9999 -9999 -9999 -9999 -9999 -9999 -9999 -9999 -9999 -9999 -9999 -9999 -9999 -9999 -9999 -9999 -9999 -9999 -9999 -9999 2.75753991487451 3.26782710000002 3.26782710000002 3.64660663118555 4 4 4 4 4 4 3.99535722257799 3.75594613865159 4 4.06203416111093 4.34899172234055 5.08401799285983 6 6 6 6 6 6 6 6 6 6 5.9570969429038 5.56258863832566 5 5 5 5 5 5 5 5 5.87447338000017 7.19923991062218 7.99195280370366 7.62441278000019
-9999 -9999 -9999 -9999 -9999 -9999 -9999 -9999 -9999 -9999 -9999 -9999 -9999 -9999 -9999 -9999 -9999 -9999 -9999 -9999 -9999 4 4 4 4 4 4 4 3.72756094536114 3.66074449999997 3.66074449999997 3.98854600730727 3.42801888000006 4.33925550000003 4.57087568000019 5.53949318246784 6 6 6 6 6 6 6 6 6 6 6 5.83981062 5 5 5 5 5 5 5 5 5 6.17114328376884 7.58925429735031 8.35658568000024 9.36779040712569
-9999 -9999 -9999 -9999 -9999 -9999 -9999 -9999 -9999 -9999 -9999 -9999 -9999 -9999 -9999 -9999 -9999 -9999 -9999 -9999 -9999 4.41068389999997 4.25689124775199 4 4 4 4 4 3.52674983554444 3.7698180094273 3.82136779999994 4.41068389999997 4.46299358892441 5 5.23162018000017 6 6 6 6 6 6 6 6 6 6 6 5.96354729456578 5.49491391931701 5 5 5 5 5 5 5 5 5 6.38981462185571 6.97778273202732 9.00309572817984 9.08987361999991
-9999 -9999 -9999 -9999 -9999 -9999 -9999 -9999 -9999 -9999 -9999 -9999 -9999 -9999 -9999 -9999 -9999 -9999 -9999 -9999 -9999 5 4.80606173519436 4.4821123 4.4821123 4.4821123 4.4821123 4.4821123 4.4821123 4.93499379334046 5 5 5 5.07723042749691 5.60206554229387 6 6 6 6 6 6 6 6 6 6 6 5.91123901999999 5 5 5 5 5 5 5 5 5 5 5.45287900747952 6.46378947999994 8.01844521999979 6.94701681999986
-9999 -9999 -9999 -9999 -9999 -9999 -9999 -9999 -9999 -9999 -9999 -9999 -9999 -9999 -9999 -9999 -9999 -9999 -9999 -9999 -9999 5 5 5 5 5 5 5 5 5 5 5 5.04913414349959 5.62505980996459 6 6 6 6 6 6 6 6 6 6 6 6.00959428846614 6.51391253500191 6.01841005846228 5.55354070000003 5.55354070000003 5.55354070000003 5.55354070000003 5.55354070000003 5.55354070000003 5.55354070000003 5.55354070000003 5.10902261963923 5 5.94590177999993 6.97307686003134 5.40683220650411
