catData/variables/futureClimate2070/rcp85/MPI_ESM_LR_2070_rcp85/bio17.asc
NCOLS 409 
NROWS 350 
XLLCORNER 60.897278365 
YLLCORNER 5.843756025 
CELLSIZE 0.0892857 
NODATA_value -9999 
[rows 162 to 188 of 350, columns 244 to 304 of 409]
13.8253342384557 14.5042634229515 13.8341520451027 13.8372382041636 13.0357946 13.62452078 14.6723192108711 16.46316596 17.4158774255713 18.3923370800004 18.028034723422 17.9827034199998 17 16.9227896230879 16.5178973 16.3609691459053 16.5683593095981 17.9637642800003 19.5524880600004 20.5178973 21.5199405116116 23.1462587871146 23.5536919 22.6479543837574 21.0821701863755 20.5089406908722 20 20 19.8883549556376 19.3609703888588 18.8194833066443 18.7328498178525 19.5172929800002 21.4612669268462 24.4389222426857 25.825190464161 24.3869355393284 23.1255650199996 21.10827324 19.9910446338257 19.5708228800004 20.5650432171809 21.1116438873159 21.3360229881874 21.1805155363093 21.4821027 21.9993932800002 23.3546446897995 24.6243527800003 24.9642054 24.5770749167106 24.4821027 23.53624172 23.9558701432206 23.5248737812762 24.2072908542273 25.9452518600006 28.0881086600005 29.8699367014746 30.9637570800002 32.2845715082563
13.0997280682041 13.9860436801638 14.4464689 13.3556633283669 12 12.2628479299858 14.1321941508383 16.46316596 17 17.8744397800004 18 17.4291723199998 16.4955809357771 16.8398466200001 16 16 16.3744385800001 17.199065740107 18.4810596600004 19.4464688999999 20.1066210800003 20.7730968768139 20.8929377999999 20.8929377999999 20.9942042713115 20 20 20 19.8966070089486 19.5535311 19.3863569905953 19.3061268685817 20.0708240800002 21.9938196469355 25.2751856861129 26.4464689 24.9264273910692 23.6790961199997 22.1853691371812 21.1070622000001 21.0975636223449 21.0886472196509 21.5287379590519 21.4789093225946 21.9279648800001 22.5535311000001 23.0708216800002 24.7309690600003 26.579090585414 27.1070622000001 25.8595702329397 25.0695054721166 24.5777024887065 25.0018510390595 25.1957799800004 26.2672083800001 27.4420276280011 28.9918154871777 30.207259413646 30.9993908800002 31.7291021741228
11.3750405 11.6023244790192 12.3591319476403 12.41564284958 12 12.7358600381795 14.8178128637614 16.6309157266107 17 17.3279503323112 17.9661698048388 16.9827034199998 16.0887249800004 16.9399359962881 16.480230266562 16.1893690905879 16.7653891322626 17.2786488048875 18.3362615979632 19 19.2475838036634 19.3750405 19.8768885906364 20.5464879477864 20.9796974750641 20.6249595 20.6249595 20.6249595 20.6249595 20.6249595 20.6249595 20.6249595 21.1422524800002 22.8024022600004 24.3677082106986 25.2072877335838 25.0738805107335 24.6720514678832 23.67909612 22.6249595 22.5362393199997 21.6850217035175 22.0578754872647 22.363558289218 22.9993932800001 23.903605305082 24.7672095800002 26.0594314406189 28.3578196365319 28.3355085326381 26.8958367308304 26.2970118679804 25.0676693897394 25.0172893800003 26.0887177800003 27.16014618 28.0868498462706 28.6780434800002 29.5154674319709 30.1959407800002 30.8793611446574
11 11.21101429426 11.8100727122639 12 12.3602399146891 14.2838220481654 15.7936376367171 16.73158298 17 17 17.9458681800001 17.6790913199999 16.7233258775004 16.8884711240239 16.2333010694524 16.3030101800003 17.2607544964053 17.8317585101186 18.5172953800002 19 19 19.5094638637871 20.4993968800001 20.9618776692604 21.6586894842161 21.6963879 21.6963879 21.6963879 21.6963879 21.6963879 21.6963879 21.6963879 21.8534443079731 22.3574858689935 23.0669445189798 24.0351902800001 24.3036121 24.912558039409 24.05413662 23.6843461136384 22.9730634798377 22.6963879 22.9279648800002 23.6963879 24.0708216800001 25.1422500800004 26.5739133806963 27.9814947800002 29.4537806447031 29.046308961125 27.3341813253982 27 25.10827804 25.0052492649696 25.3923298800003 26.46375828 27.3036121 27.6066150800002 28.3036121 28.7494718800002 29.8209002800001
12.3578184917738 12.0708288800004 12.7678163000001 12.7678163000001 13.6823037474384 15.3977440255187 16.506877447044 16.9376779431534 17 17 17.9458681800001 17.9827034199998 17 16.9628149956641 16.7678163000001 16.8381703247302 17.3744385800001 18 18.5172953800002 19 19.5068756042848 19.9376773859126 20.8030089800001 21.6714072736936 22.7136820800001 22.7678163000001 22.7678163000001 22.7678163000001 22.7678163000001 22.7678163000001 22.4803180976864 22 21.6028140180802 21.2321836999999 21.8923334800002 22.96376188 23.2321836999999 24.1066186800003 24.7388189614743 23.9959851305399 23.7678163000001 23.7678163000001 23.8215847000513 24.2326524697519 25.1422500800002 25.8713382306426 27.0345811600003 28.1366909510366 28.8923310800002 28.5006079199999 27.2427350383719 26.3285964118246 24.34046174 24.2321836999999 24.3209014800003 25.3923298799999 26.2321836999999 26.3025360530074 26.7518619167954 27.3357050734015 27.98165558
14.6412610156688 14.5664449782017 14.3642417920722 14.2134382140575 14.8448061196265 15.5887261800001 16.1061233475543 16.7747324385752 17 17.7338689508345 17.9912980230364 17.1579747830931 17 17 17 17 17.3744385800001 18 18.5172953800002 19.494083312129 20.4993968800003 21.453219824388 21.8075773494826 22.7136820800004 23.78511048 23.8392447 23.8392447 23.8392447 23.8392447 23.330649353152 22.1005626995533 22 21.9168424118122 21.8392447 22.4993944800003 22.9568497697994 23.6739190163302 23.9798147575405 24.1520525514109 24.0145120347188 24.8392447 24.8392447 24.8392447 25.1422500800003 25.899436914634 26.3741874714958 27.4396924823753 28 28.1061221901162 27.4291795199999 27.0316681221428 26.1255674199997 24.9020868544018 24.0145100205315 24.9279624800003 25.7305872144195 24.96640756108 24.0672169549506 23.8566972800001 24.8564513573083 26.2729301434379
17.5211218168883 16.2694553888642 14.9665523480237 14.9505012295204 15.471089172936 15.9632621846083 16 16.73158298 17.73128086276 17.9887840947841 17.1386232923279 17 17 17.14584737504 17.9106731 17.9106731 17.9441205375918 18.4060390648645 19.4279684800003 20.4993968800001 21.5708252800004 22.6422536800002 22.9106731000001 23.7851104800004 24.8565388800001 25.8213462000001 25.7405489330311 24.6189827211506 23.0893268999999 22.7592523743364 22.3409889567927 22.9106731 22.439588298295 22 22.6601497800003 23 23.8030065800001 24 24 24.9279648800003 25.8298780186466 25.1458430038092 26.1215640262654 27.1243515800004 27.4803594288227 27.3565352800004 27.9568810639106 28.5361305385456 28.3094946389983 27.9346506034575 27.9106731 27.0362405199997 25.9648121200001 25.8228906067184 25.9185979842624 25.6940130018062 23.4359748386995 21.2409143831057 21.8940697655619 23.5351866800001 25.1239032600002
18.7505173199998 17.6736654493366 16.5964639518807 15.5442125130977 15.0092588543153 15.5960873644673 16 16.73158298 17.0143726991849 17.8766871195981 17.9830703783803 18.9472160028371 18.069238435946 18.9670695052721 18.7546646864892 18.2975867522936 18.9821015000001 19.4279684800004 19.991360311359 20.58872378 21.6601521800003 23.4500669649892 23.9821015000001 24.8565388800005 25.9279672800001 26.9821015000001 26.8062443410975 24.8369825576844 23.9821015000001 23.9766781152498 23.9709048459679 23.5442172271849 22.9907412315975 22.9821015000001 23.6422512800004 23.2636174720546 23.0143726132721 23.8766824055108 24.9289338442932 26.9645124969245 26.9805135418584 27.1243515800002 27.9683478805767 27.987524841794 28.3610301739775 28.9721832642289 28.9821015000001 28.9926386866636 28.3398526199997 28 28 27.9843489684669 27.9651720072496 27.9472230739678 26.9821015000001 26.6618091400001 24.2873777599992 22.2796811811628 23.3453361400551 23.9900817212724 -9999
17.7272825979968 16.9837797668938 16.5920729082153 15.9761326566755 15.9464701 15.3892583735427 15.6601545800004 16.73158298 17.7600262611299 17.9932787739794 18 18 18.0887249800004 19.0085729944161 19.272715130475 20 20 20 20.0276907699619 20.610739354929 22.2849664798205 23.6780506800001 24.7494790800001 24.9932786455077 26.9929957612337 30.0198672957257 27.9201160183289 25.6968437718885 24.0946633789465 24.3565376800003 24.6991372512718 24.083192713619 24.0258392585099 23.9684858034007 23.9818078517084 24 24.0429848619267 24.8811564629644 25.94586338 27.0708216800003 28.2262210776373 29.696848314945 28.0946635074183 28.3403154323094 29.3744337800001 30.0238669579092 30.0258393869816 29.4427950881274 29.0535299 29.0535299 29.0535299 29.1003381885641 29.0564279563267 29.1070598 29.1118088538916 29.1691623090007 28.7509704399993 27.2141196 27.1740330513434 27.5290527505627 -9999
16.8750416999999 16.6098930568751 15.9532104916888 15.4291723199996 14.9396823511826 15 15.5776627859463 16.6066246799999 16.9753846369255 17.8744397800004 18 18.1249583000001 18.2025963573321 19.1601533799999 20 20 20.0467892084113 20.1249583000001 20.5776133287176 21 21.6601521800003 22.82299764559 23.8276246429746 24.9837055884617 28.6720338602062 30.8577475199998 29.5423246255353 26.1049461057959 25.7973583856397 25.3901027429247 26 25.4984209400527 24.4223887713825 23.4848442428183 23.7851080800004 24.1249583000001 24.9279648800001 25.1249583000001 26.0708216800001 28.1422500800003 29.2136784800004 30.1049464056958 29.8262979514798 29.2499166000001 29.5775617713888 30.5708204800005 30.6076677199999 30.1249583000001 30.1249583000001 30.2163747657901 30.2499166000001 31.0150815713389 30.1790973200001 31.1249583000001 31.2136760800004 32.2650928855958 32.5368508399994 31 30.2511372399999 -9999 28.6076701199999
16 16 15.699094248407 14.6629545038304 14.4157073760686 14.9192312916938 15 15.73158298 16.8030113800001 18.0461681227435 18.3821426305054 19.1929898817325 19.0174244060298 19.3250880862079 20.0454795815544 20.2558938693168 20.6936772229213 21.1088243551588 21 21 21.7897972881284 23.3722024682196 23.9613135836526 25.7488747600008 27.7059761008229 29.5933287669392 28.6435920747009 26.8713005424639 26.1509075897738 26.0595066979886 26.1228524142493 25.2833945870258 24.2911839387247 24.1963867000001 24.7268918432003 25.1436722245623 25.8416934676756 26 27.1316183678491 29.0206876556117 30.2676834166267 30.9027535222718 30.6243503800003 31.3927734000001 31.3192395855774 31.5546874778153 31.5842984099472 31.3120032777097 31.3927734000001 31.980677426766 32.0386873590036 32 31.239893536521 31.9966045957167 31.9097540720458 33 32.5368508399994 31 -9999 -9999 29.3879136386191
16 16.0811513444141 16.1675341514972 15.3470823451828 14.3970900433195 14.8565412800001 15.4446144648583 16.071284211053 17.0708264800001 18.782506482876 19.9458681800001 20.2551508053022 19.5768314012178 20.04289149348 20.4993968800002 21.4896745783425 22 21.6735429298352 21.1292755860757 21.1576691180131 22.2345220157966 23.1240415523816 23.8557661497205 25.5146872256322 26.67805068 27.7368165425461 27.9112774199996 27 26.8924615296252 26.6763378621972 26.7258434829904 26.2678151 25.8890609911679 25.5356302 25.5356302 26.0712806965656 26.2678151 26.5020019916123 28.174040464299 29.3023986600006 31.2915757038788 31.69577878 32.7672071800002 33.5356302 33.1611964199999 32.655038824323 32.8034453 33.2344964474995 33.3588327634105 33.0718880593217 32.412052464767 32.2678151 32.0144992470552 31.9827106199997 -9999 -9999 -9999 -9999 -9999 -9999 -9999
16.0785634277679 16.6422560800004 17.0918291885987 16.8297452890143 16.50043272 16.4067351501554 17.1146884297401 17.3392435000001 17.8698384889091 18.5777917684938 19.60662468 21 20.9413743927524 20.49939688 21.5708252800003 22.3392435000001 22.2122176455858 22 21.8336828104901 22.0674900643397 22.3392435000001 23.3060367470177 23.9331720769066 24.8744373800004 25.6249869622625 27.0172941800001 27.941375978568 27.3392435000001 27.4922610806012 27.7997856398143 27.3392435000001 27.3392435000001 27.3392435000001 27.3392435000001 27.3392435000001 27.3392435000001 27.6116582627224 28.5529219800005 29.6243503800002 30.7072044360322 32.4580614243844 33.8386355800002 34.8315029947856 35.3392435000001 35.0918339460455 35.1243491800006 35.6784870000002 35.2790488254167 34.5638033277069 33.60766772 -9999 -9999 -9999 -9999 -9999 -9999 -9999 -9999 -9999 -9999 -9999
16.2315841800003 17.3030125800003 18.1537723886945 18.6734352545638 18.6951418821783 18.4106719000001 18.4106719000001 18.4106719000001 18.0808976908537 18.3591078458884 19.3565400800001 20.5893280999999 20.6257649561142 21.1601533799999 22.2315817800002 23.1244377663401 23.0362333199999 22.4106719000001 22.7155286034343 23.2417723133078 23.4106719 23.1102323132083 23.8030089800001 24.8744373800004 25 26.6066222800001 27.6257639705016 28 28.0951031439855 28.4106719 28.2569014825307 28.1831040542114 28.1982342090467 28.2417713276953 28.6817768644374 29.1217824011793 29.705250042079 31.413990529327 32.2001114685951 33.2564087281475 34.7472581902227 35.9814923800001 36.7262416416272 36.4106719000001 36.5644413318569 37.2672059800005 37.8213438000001 36.6439058399998 35.2791358423506 -9999 -9999 -9999 -9999 -9999 -9999 -9999 -9999 -9999 -9999 -9999 -9999
16.2315841800003 17.3030125800003 18.5549590887903 19.4821003 19.2327108850725 19 19 18.6473036258671 18.1020203472014 18.4528720997303 19.4637678800001 19.5262383864071 20.0459506405247 20.7552630725439 22.1199361343876 22.8209098800003 23.3239780717495 23 22.7506117421133 23.10662348 23.5178997 23.4917095541843 23.8979784098393 24.452870856771 24.9739018762978 26.0172941800001 27.0887225800004 28 28.1199348914283 28.6639798416405 28.8060796147089 28.9279648800002 29.2141944208458 29.2690992260857 30.1422500800003 31.5663725400516 32.35133031312 35.069605840001 35.902301919257 36.9463120153492 38.0069726253942 38.5292418015374 38.7326236199998 38.1102795845997 38.6402200423319 39.1951124892635 39.2327143561947 37.8225620399997 -9999 -9999 -9999 -9999 -9999 -9999 -9999 -9999 -9999 -9999 -9999 -9999 -9999
16.2315841800003 17.3030125800003 18.5416181311139 19.6932727982813 19.4827022199997 19 18.6345854935333 17.7148883199999 17.8909611452567 18 18.4223029959532 19.0172965800002 20 20.3203067599998 22 22.135285348978 22.6537338004173 23 22.7690424592073 22.8163769713976 23 23.7315805800001 24 24 24.94586578 25.4733383049731 27.0396120856321 27.4464712999999 27.5746571331583 28.4707312825538 29.5535287000001 29.9993932800003 30.8398652107387 31.1070574000001 31.7672071800004 33.5702137600003 35.799038356638 38.3533948822871 40.1300120071093 40.6605861000002 40.7001971141012 41.0184105647058 40.5783207293788 40.6281471318313 40.7607885434796 40.8602598871253 40.3225733022697 -9999 -9999 -9999 -9999 -9999 -9999 -9999 -9999 -9999 -9999 -9999 -9999 -9999 -9999
15.6066270800002 16.6780554800003 17.74948388 18.8209122800003 19.1810340404251 19 17.9272771281309 17.1006678975902 17.8030113800001 18 18 19.0172965800002 19.9445506938014 19.6953496599998 21.3750429 21.3750429 21.7494814800001 22.3750429 22.3750429 22.7429700062498 23 23.7315805800001 23.4981538365852 23.9215287491366 24.94586578 25.6379292188408 26.3750429 26.575217884046 27.8565364800002 28.8522389330678 29.8430559983757 31.34946791491 32.7672071800003 33.2499142000001 33.9100639800004 36.1702755377964 38.7820463764825 40.9987841600008 42.5505169250391 43.2391075793172 42.6249571 42.5648945121259 42.3367655021526 42.5113170835691 42.3903429307093 42.4577396550124 42.2499142000001 -9999 -9999 -9999 -9999 -9999 -9999 -9999 -9999 -9999 -9999 -9999 -9999 -9999 -9999
15.7666978150187 16.3030125800003 17.37444098 18.1353724088741 18.3036145 18.3036145 17.4430274172701 17 17.243805898633 17.3036145 17.9623033854634 18.3209110800002 19.3384630991197 19.793635276784 20.3036145 20.5146263957046 21.1136849822475 21.614109799801 22 22.58872378 23.4597204059456 23.9185039720064 23.7561948300418 23.9618773679101 24.94586578 25.3036145 25.4271847364697 26.9051606397173 28.2315793800002 29.4220204487588 31.1416433599999 32.9740065315247 34.5739138105241 35.8027480325721 37.2090250146207 38.4518952299949 40.3023986600001 42.4452554600007 43.64224888 43.9947499648611 43.6963855 43.8079106489576 44.392771 44.392771 44.392771 44.0822790428493 43.6963855 -9999 -9999 -9999 -9999 -9999 -9999 -9999 -9999 -9999 -9999 -9999 -9999 -9999 -9999
16 16.0703553092012 16.6066270799999 17.5745308075486 18 18 17.3398454199996 17 17 17 17.2196174438282 18.0172965800002 19.0206007070789 19.2321860999999 19.2321860999999 19.3025408519545 19.7518713464202 20.6780530800002 21.6293726831699 22.1366934784554 22.3854642600806 23.0260899382941 23.8487475566689 24.6714051750439 24.2611818931632 24.2454648117931 25.1093227298326 26.5153032285427 28.4093892469177 30.3738294600007 32.51668626 34.5560195020422 36.5702137600006 38.1243491800003 39.8559273600008 41.097343695541 42.2928952460848 43.6130944277103 43.987430229335 44.7678139000001 44.8359344874149 45.6957763800002 46.357819775836 45.7678139000001 45.7678139000001 45.6642908992883 45.1384449023369 -9999 -9999 -9999 -9999 -9999 -9999 -9999 -9999 -9999 -9999 -9999 -9999 -9999 -9999
15.549468179734 17.3478442491369 18.2636744614611 17.9109192360293 18 18 17.8938750680747 17.225266917224 17 17 17 17.1780542800002 18.235219456283 18.8655925090161 18.1607577 18.4150566603869 19.0601938849121 19.6066246800003 20.6780530800002 21.1607577 22.268812967787 22.9568495114055 23.8030089800001 25.6083022179979 24.0995659473014 24.8420224726002 25.1631823221018 27.0251387831976 28.4631587600004 30.8603125062059 33.2738719790935 34.8917291600005 37.0345859600004 39.0828012650107 40.0514906205767 40.278364525587 41.12452198 42.9298132038163 43.954566258517 44.1752696932185 45.1631779079203 46.7305839547581 46.3178791146446 46.8392423 47.153482966725 47.3042981985735 46.7560838561275 46.6784846 -9999 -9999 -9999 -9999 -9999 -9999 -9999 -9999 -9999 -9999 -9999 -9999 -9999
15.4631683600005 17.0541358033252 17.4862024787305 18 18 18.536135682449 18.9106707 18.17908772 17.1793917644673 16.2036733134392 15.2279548624116 15.1959551800001 16.3481828196448 17.9291759200001 17.0893293 17.3923394800003 18.4303195437557 19.4458669800003 20.0462096341886 21.1615962936785 23.2309750600007 24.5768996988952 24.8930736300772 25.8632209590497 25.8310129439573 25.9106707 26.007318805966 27.3059957850624 29.3738294600004 31.8196940400009 34.6260949381459 36.3070347508265 38.4163402202023 39.3903902263112 39.0893293 39.7555561132854 40.0717320156868 41.8381992600007 43.03519268 44.0172917800003 45.0158506231506 45.3101952589052 46.2315769800002 46.7240618784914 47.1457348250727 48.8708421435641 48.8213414 48.28521227438 -9999 -9999 -9999 -9999 -9999 -9999 -9999 -9999 -9999 -9999 -9999 -9999 -9999
16.2178288452481 17 17.37444098 18.4378879168159 18.9820991000001 19.5708252800002 19.3337618811208 18.9869040062334 17.390450966412 16.1255602199996 15.9830681082967 15.982408724349 16.003176513989 16.1902214007197 17 17.8981822301387 19.9709009875769 20.8658516397784 21.4561628728678 21.0031764710268 22.3382052600006 25.1864507383914 25.9820991000001 25.9977523160957 26.9289339312589 27.9472136013868 27.0708216800005 28.4596851933224 31.4273569600006 33.2780542039384 34.7488723599999 36.8837477827404 39.0259450699061 39.4112786199998 39.6483325048036 39.9951950078424 40 40.8900881531338 42.892695854221 44.0003095384246 44.1050329089301 45.0028668037157 45.2494778800001 46.3100581419865 47.7376693616526 49.4378808457025 48.9660378738867 47.4291819199998 46.345936287765 -9999 -9999 -9999 -9999 -9999 -9999 -9999 -9999 -9999 -9999 -9999 -9999
16.2727155578053 17.016219505876 17.42796848 18.4993968800003 19.5431356230813 20.0315130406 20.018191075719 19.26841702 18.1969886199999 16.2979270153231 16.002897540995 15.0881206600003 17.2404759127348 19.312163269952 20.3510327737292 21.4798120574103 22.21411 23.1058439600006 24.6760263230943 23.9611203521339 23.8207346800003 24.1214228205041 25.6700898968232 26.100333946858 27.8975268989222 29.0182198942201 30.1422500800004 31.0706724631639 31.6113453947374 33.4100627800003 34.835884727375 36.9452566600005 39.0604240600134 40 40 39.96084044897 39.9464725 41.6953424600007 41.9464725 42.9464725 43.0351926800003 43.955044853116 44.4507582232034 46.2332587595223 46.9129875041589 46.9464725 46.9464725 -9999 -9999 -9999 -9999 -9999 -9999 -9999 -9999 -9999 -9999 -9999 -9999 -9999 -9999
17 17.3030125800003 18.37444098 19.4458693800003 20.1292788193359 20.7650731703246 20.4648013199997 19.39337292 18.3219445199999 17.3597825297054 16.30404362 16.2866662697213 18.7186809102733 22.2499118000001 22.684137850257 24.7309762600007 26.1717442097587 27.0859320502344 27.7369387395474 26.7861439200001 26.9525299702115 26.7011618395929 27.3028325800002 28.1557287603773 28.2499118000001 29.2823391501737 31.2247648898347 32.5502019501584 34.3854724898496 35.5529195800004 36.62434798 38.0302141402564 39.4526541701206 39.9486083098871 40 39.3598368299022 39.1249559 40.7645600500833 41 42 42.0887201800004 43.1401370700524 44.1066210800001 44.8750441 45.2494778800001 45.819330990022 -9999 -9999 -9999 -9999 -9999 -9999 -9999 -9999 -9999 -9999 -9999 -9999 -9999 -9999 -9999
16.8490951970804 17.3030125800003 18.37444098 19.5334311260831 21.2309798600006 22.3120008787511 21.7326140199998 20.6611856200002 19.5897572200001 19.2210423559126 18.6220234408433 18.637645863245 21.6415193469115 24.2907391282719 25.0171189800006 26.3320511179087 27.8165237631477 28.6422512800004 29.6120909889057 29.6425084348574 29.2631250762373 29.7842939399032 30.9607073364312 30.493672692765 30.3927686000002 31.4134590854337 32.7491743382334 34.5843707181019 36.0068331055648 37.6957763800005 38.6936713928961 39.1963843000001 39.2979725197724 39.8658743438939 39.9370981951189 39.8036156999999 39.9613135851087 40.7027096785574 40.9893684177769 41.6106272341109 41.874912629555 42.6386820667792 42.9897145968866 43.6072313999998 43.9816651799999 44.2489295521153 -9999 -9999 -9999 -9999 -9999 -9999 -9999 -9999 -9999 -9999 -9999 -9999 -9999 -9999 -9999
16.0257926645234 17.2218619628165 18.2069083298445 19.8917387600006 22.0345955600005 23.5887261800001 23.5166432004869 22.53622972 21.6798579658084 20.6611856199995 21.7348090911299 22.3690244162096 24.201177407098 25.9303033217759 28.2936023217729 29.4896729055669 29.7258408270939 29.7136796800003 30.4063509724154 30.809013769848 30.5166449577364 30.6596658407948 32.1944000569421 32.5356254 32.7889402683794 34.1058391600002 36.1599733800003 37.3486622936386 39.0350174800001 40.0252965483174 40.4353466356565 40.1484045029958 40.5172929800002 40.6846658753489 39.497668029972 39 39.8030065800001 39.7658152070317 40.4247364543711 39.7494790800003 40.7321873 40.8923358800001 41.7321873 41.8133359889324 42.3744337800001 43 -9999 -9999 -9999 -9999 -9999 -9999 -9999 -9999 -9999 -9999 -9999 -9999 -9999 -9999 -9999
15.3846054880346 16.7635532209531 17.74888196 19.8917387600006 22.0345955600005 23.5887261800001 24.2239515658894 23.6076581200001 23.3392411000001 22.7614472328508 24.249341198162 26.6899110691748 27.3392411000001 27.49939448 28.8024046600005 30.4420346067746 30.6784822000001 30.9730927752514 32.0320243337365 32.0897584200001 31.6784822000001 33.1416433600004 34.4814911800002 34.9751272986726 35.9635890800002 38.0464447633536 39.7973031256347 41.1778742800002 42.0921801927832 42.1336557148083 41.413346861583 40.5541354199997 40.166318900885 39.5435120170892 39 39 39.2581809089871 38.7437271044934 38.6607588999999 39.0172917800003 40 40.1058195995574 40.6607588999999 40.9637642800002 42.1622160074044 43 -9999 -9999 -9999 -9999 -9999 -9999 -9999 -9999 -9999 -9999 -9999 -9999 -9999 -9999 -9999
