catData/variables/futureClimate2070/rcp85/MPI_ESM_LR_2070_rcp85/bio17.asc
NCOLS 409 
NROWS 350 
XLLCORNER 60.897278365 
YLLCORNER 5.843756025 
CELLSIZE 0.0892857 
NODATA_value -9999 
[rows 108 to 134 of 350, columns 0 to 60 of 409]
-9999 -9999 -9999 -9999 -9999 -9999 -9999 -9999 -9999 -9999 -9999 -9999 -9999 -9999 -9999 -9999 -9999 -9999 -9999 -9999 -9999 5.62496909999997 5.39093105891281 5 5 5 5 5 5 5 5 5.01083382684923 5.65825811028843 6 6 6 6 6.27867708402389 6.62496909999997 6.25701093025126 6 6 6 6 7.18232176812157 7.25643845307675 7.62496909999997 7.36466630735182 6 6 6 6 6 6 6 6 5.69883331841003 6.17148794127261 6.60468059586495 6.3403705399996 4.37503090000003
-9999 -9999 -9999 -9999 -9999 -9999 -9999 -9999 -9999 -9999 -9999 -9999 -9999 -9999 -9999 -9999 -9999 -9999 -9999 -9999 -9999 6 5.88630712403355 5.69639750000001 5.69639750000002 5.69639750000001 5.23664075921035 5 5 5 5.65872697754556 6.39805794326553 6.69639750000001 6.80795465511259 7.39279500000003 7.39279500000003 7.39279500000003 7.52817298813154 7.69639750000001 7.10763531999988 6.69639750000001 7.20589512862456 7.39279500000003 8.00177774700261 8.66355024761689 8.6843271346193 8 7.9027322075171 7.39279500000003 7.18175439786348 6.43561433867442 6 6 6.41001083889264 6.23664410191833 6 6.55923851645968 6.9618898043515 7 5.96533963999957 4
-9999 -9999 -9999 -9999 -9999 -9999 -9999 -9999 -9999 -9999 -9999 -9999 -9999 -9999 -9999 -9999 -9999 -9999 -9999 -9999 -9999 -9999 6.57506993395994 7.53565180000005 7.13842768198896 6.31575720647333 5.84672028904216 5.76782590000003 6.38442832007345 6.53565180000005 7.48155838000004 7.76782590000003 7.76782590000003 7.80501828234893 8 8 8 8 8 7.86330467074445 7.76782590000003 7.93768887822442 8.61660057729131 8.97085652719331 9 8.99597582383777 8.76782590000002 8.76782590000003 8.76782590000003 8.46477972000004 7.1058200385843 6 6.39722043244673 6.90452067203773 6.33981181999981 7.12350831798681 8.33869678000022 7.19276517995066 6.27371211445992 5.21082030105537 4.06815113657134
-9999 -9999 -9999 -9999 -9999 -9999 -9999 -9999 -9999 -9999 -9999 -9999 -9999 -9999 -9999 -9999 -9999 -9999 -9999 -9999 -9999 -9999 -9999 -9999 -9999 -9999 -9999 6.83925429999997 7.6423040800001 7.83925429999997 7.9913047153367 8 8 8 8 8 8 8 8 8 8 8.61401437492658 8.96834071323129 9 9 9 9 9 9 8.95128662966357 8.09030513999986 7.58770628669591 8.16674910962009 6.85101594593571 6.05462328887415 9.3052702421486 9.29893102232449 6.51714769559902 6.00869605624267 4.99721424808474 4.92801288000012
-9999 -9999 -9999 -9999 -9999 -9999 -9999 -9999 -9999 -9999 -9999 -9999 -9999 -9999 -9999 -9999 -9999 -9999 -9999 -9999 -9999 -9999 -9999 -9999 -9999 -9999 7.60122632554761 7.91068270000003 7.98240893811521 8 8 8 8 8 8 8 8 8 8 8 8.60122413990918 8.97602893192236 9 9 9 9 9 9 9 9 8.93310588319155 9.71317136000048 9.36178454413386 6.82248043999978 7.20244390854136 10.8131777375607 9.57327356939168 6.3765798599995 7.72283277389036 7.70048350977194 6.08027218328289
-9999 -9999 -9999 -9999 -9999 -9999 -9999 -9999 -9999 -9999 -9999 -9999 -9999 -9999 -9999 -9999 -9999 -9999 -9999 -9999 -9999 -9999 -9999 -9999 -9999 -9999 7.99392122619993 8 8 8 8 8 8 8 8 8 8 8 8 8.57822987223835 8.99392118326657 9 9 9 9 9 9 9.15732376820012 9.75463670730444 9.2976250171906 10.3498867416859 11.4181018938192 9.4139631786475 7.5750518855148 11.2297329790014 12.9629067633519 8.99561738268462 7.97095879945759 8.9270451223522 7.01726886428596 7.07245747336194
-9999 -9999 -9999 -9999 -9999 -9999 -9999 -9999 -9999 -9999 -9999 -9999 -9999 -9999 -9999 -9999 -9999 -9999 -9999 -9999 -9999 -9999 -9999 -9999 -9999 -9999 8.01819309794727 8 8 8 8 8 8 8 8 8 8 8.04774710218502 8.59671498808565 9.05353949999997 9.05353949999997 9.05353949999997 9.09653425520147 9.10707899999995 9.05643576315486 9.0544674776669 9.27509652302255 11 10.9875992998677 10.9789103819082 11.0535395 10.6315099425975 9.64514294683897 11.5061533115177 13.6965748898739 12.4192556823454 8.03912973353275 10.6049725200006 12.0529807799999 6.15814169082847 9.31031106001259
-9999 -9999 -9999 -9999 -9999 -9999 -9999 -9999 -9999 -9999 -9999 -9999 -9999 -9999 -9999 -9999 -9999 -9999 -9999 -9999 -9999 -9999 -9999 -9999 -9999 9 8.33980701999984 8 8 8 8 8 8 8.02001883034387 8.1249679 8.16283924464058 8.2499358 9.0302988421258 10 10 10 10.0914288875307 10.8276601353211 11 10.1723034789759 10.140134463876 11 11 10.8262717951384 10.7802860705647 12.046797301866 12.1806914590144 12.76726718 14.2803032133781 14.3398118199998 10.5247742752158 9.35029064475616 12.5449539142871 14.0641091390528 8.40956406000042 10.4636622800001
-9999 -9999 -9999 -9999 -9999 -9999 -9999 -9999 -9999 -9999 -9999 -9999 -9999 -9999 -9999 -9999 -9999 -9999 -9999 -9999 -9999 9 9.37447938000003 9.55409221999983 9 9 8.59912593711589 8.24910486796714 8.03868029449217 8.17174427898279 8.19639630000003 8.19639630000003 8.19639630000003 8.35658808000005 9.19639630000003 9.43992726016778 10 10 10 10 10 10.5879317193182 10.8036037 10.8036037 10.9893757811065 11.0034040545815 11.1963963 11.1963963 11.382525204994 12.0595171484811 12.5708708800001 13.5547255845692 14.51733138 15 14.5991288517114 12.4853164386615 12.4309151171946 13.2919189437197 14.9130529404891 11.8100348103094 13.2851548800002
-9999 -9999 -9999 -9999 -9999 -9999 -9999 -9999 -9999 -9999 -9999 -9999 -9999 -9999 -9999 -9999 -9999 9 9 9 9 9 9.37447938000003 9.67351733740604 9.40638010720764 9.53564939999998 10.0190263931895 9.73214959661207 8.94767618641345 9.20953856756996 9.01448755398348 9.00464273581806 9.26782469999999 9.38511316457905 10 10 10 10 10 10 10 10 10 10 10.6925676767627 10.7495078800002 11.7559476828402 11.9570973273583 11.7321753 12.1163847322446 13.3744745800001 14 14.51733138 14.8423155885494 15.3923634800002 15.3924487021071 15.2678247 15.2678247 15.0144888395421 15.2551359702593 14.6006362399392
-9999 -9999 -9999 -9999 -9999 -9999 -9999 -9999 -9999 -9999 -9999 -9999 -9999 -9999 -9999 -9999 -9999 9 9 9 9 9.10281098442305 9.71373248000002 10.4905286966792 11.0203344771929 11.1395128910648 11 10.7517951788087 10.6607469 9.78626871999986 9.3566437991508 9.35070713429668 10 10 10 10 10 10 10 10 10 10 10 10 10.3209009253679 10.6840785170081 11.0285361047519 11.3243386512562 11.3392531 11.7397267479837 13.1622631421363 14 14.3418251056077 14.2717257005202 14.4362172933518 15.6405666727763 16.2724354989045 16.0425852949675 15.3749983311606 16.3333737827114 16
-9999 -9999 -9999 -9999 -9999 -9999 -9999 -9999 -9999 -9999 -9999 -9999 -9999 -9999 -9999 -9999 9 9 9 9.06578878613369 9.50580460858833 10.12441398 11.0420506265025 11.673463204048 12 11.4112354199999 10.7288709566841 9.85769712000001 9.91911618822513 9.48465383067957 9.96812174686572 10 10 10 10 10 10 10 10 10 10 10 10 10.3591310250441 10.9681203325013 11.1684225899532 10.5734625048158 10.6652734451375 12 12 12.5951593777738 13.772442604681 13.7875415728645 13.8311112495901 14 15.4632331599999 16.4732492630462 16.0739751594084 16.388464361863 16.9897870043175 16.4471330067723
-9999 -9999 -9999 -9999 -9999 -9999 -9999 -9999 -9999 -9999 -9999 -9999 -9999 8.8610106125866 8.61284059380533 8.93948584497578 9 9 9.04279486131925 9.64230408000007 10.7137324800002 11.6390570023373 11.8194597835561 11.5178901 11.5178901 10.9291255199999 10.1759826915684 9.97382244069934 9.99295308173836 10 10 10 10 10 10 10 10 10 10 10 10 10.3527207532859 10.0949528079328 10.4528823491518 10.5178901 10.0083562084107 10.57087088 11.4878415080543 11.6295553247541 12 12.1939366776837 12.9637930800002 13.2499692998787 13.5887597800001 14 15.4632331599999 16 16 16.9459017799999 16.9916449486531 16.6494400701282
-9999 -9999 -9999 -9999 -9999 -9999 -9999 -9999 -9999 -9999 7.23097186190241 8.03522868000011 8.4464617 8.4464617 8.08792965852842 8.39042208636382 8.97005854874394 9 9.13790103895947 10.7137324800001 11.6569489108253 12 11.8328092993902 11.5535383 11.2671729103943 10.7371391647134 10.5535383 10.8801792250711 10.1969502199999 10 10 10 10 10 10 10 10 10 10 10 9.63455922867067 9.77310155356306 9.53439350154457 9.4464617 9.97005589176007 11.1148149331323 11.5931666780245 11.83981062 11.1034084678091 11.4464617 11.4464617 12.1391890575145 13 13.2628586922705 13.8119011428374 15.4632331599999 16.4445161530528 16.5535383 17.4994400799999 16.9826698199998 16.1283858865166
-9999 -9999 -9999 -9999 -9999 -9999 -9999 -9999 -9999 -9999 6.39670537025066 7.58876698000011 8 8 8 8 8.35474736626906 8.37503330000002 8.49708920340058 9.81014475196625 10.2698562994683 10.7500666 10.7500666 10.7500666 10.8793661904104 11 11 11 10.1969502199999 10 10 10.6249667 10.6249667 10.6249667 10.6249667 10.6249667 10.3909310575834 9.72132398614902 9.37503330000002 9.37503330000002 9.12743984815361 9 9 9.54651824245653 10.5708708799999 11.3750333 11.3750333 11.21484392 10.5197866996281 10.8106062289378 10.6090674424965 11.8918059600004 13 13.3679552567994 14.2851548800002 16.0881998599999 16.4242589377956 16.9215500425366 18.5370588939706 17.6076365199998 16.7137252800001
-9999 -9999 -9999 -9999 -9999 -9999 -9999 -9999 -9999 -9999 6.73107226000014 7.87514764008625 8 8 8 8 8.65872637871804 7.98792633352101 7.33055462576031 7.60720979999994 7.67753155023864 8.12185791752215 8.86799540528301 9.30360489999997 9.46067069919525 9.60720979999994 9.60720979999994 10.1167073440872 10.059795051848 10.608982319609 10.6963951 10.9879280048693 10.3036049 10.3036049 10.3036049 10.092563353826 9.49351675393473 9.16822584169555 9 9 9 9 9 9.87447578000003 10.2871811439784 10.2915345762174 9.54539708845673 8.973735518608 9.53522268000019 10.2115985948257 10.3744745800001 12.202330610348 14.4169291762165 14.8579262282619 14.8968314663701 15.9537389586092 16.0597965091515 17.4834523569127 17.6120345659801 17.9947384724341 17.7851536800002
-9999 -9999 -9999 -9999 -9999 -9999 -9999 -9999 -9999 -9999 6.6374524408194 7.68424562326809 8 8 8 8.67144673961775 8.98744133629498 7.98266261999979 7 7 7 7.53574064414213 8.85476881177062 9 9 9 9.50691168457919 10.4994448800001 10.7678235000001 10.9708567831588 11 10.995975225016 10.6996688908966 10 10 9.92963924136565 9.76782350000006 9.42544687045943 9 9 9 9 9 9.20303272593512 9.23217649999994 9.22815228223951 8.91123901999999 8.03719220958556 8.46379428000016 9.69754845717842 11.7173588453535 13.2716802929439 12.6779624965941 12.4762499098775 13.7103454980526 15.5255454831135 17.2331936144024 17.2702701261346 16.28627472 18.7545169805367 18.0887585800001
-9999 -9999 -9999 -9999 -9999 -9999 -9999 -9999 -9999 -9999 5.67808668000006 6.74951508000011 7.1607481 7.1607481 7.1607481 7.30131919172192 7.32149620000001 7.15796114910599 7 6.86555673006601 6.1607481 7.02118617076199 9 9 9 9.49412179241777 10.4994448800002 10.9568586467544 11 11 11 10.1607481 10.2209743906309 10.8392519 11.0336395761435 11.6785038 11.0499427660573 9.55409461999977 8.56582664220082 7.66662832178675 7.87556239862729 8.1607481 8.1607481 8.1607481 8.1607481 8.1462016993029 7.38172086222173 8 8.23161778000022 9.09742819529451 9.50208443169993 9.73206244318064 10.3450150143785 11.5887597800001 12.7663121755777 14.6239812599999 16.0928810347497 17.6487331569935 17.6871999860784 18.1434179199998 17.1005250661873
-9999 -9999 -9999 -9999 -9999 -9999 -9999 -9999 -9999 5.40608161649558 5.95688882676405 6.05258849002349 6.08931969999995 6.08931969999995 6.08931969999995 6.08931969999995 6.95074037367911 7 7 6.98569150390066 6.91068030000005 6.99188556785493 7.86070138824441 9 9 8.51641197131233 8.83883238000006 8.51236622217505 8.26795909999986 8.26795909999986 9.12937758804627 9.08931969999995 9.09724801847254 9.1786393999999 9.19932764499145 9.26795909999986 8.86003394848928 7.73273401999967 7.60355698394102 7.41123781999986 7.66019058000021 8 8 8 7.13858369758634 7.08777155915411 7.0079281041053 7.08931969999995 7.53186722937612 9 8.65897337714316 8.90146981919496 11.8875900526756 14.3208006800003 13.5885679705432 13.7969643534405 14.8923646800001 16.0419007799597 16.1786393999999 16.1770914735213 16.0005611199998
-9999 -9999 -9999 -9999 -9999 -9999 -9999 -9999 3.39237307999997 3.5879369456066 3.05367389999975 3.63190707333063 4.03578259999984 4.75431667946482 5.01789129999992 5.01789129999992 5.96380027999994 6.03491849173333 7 7 7.22747855093466 7.68447969599849 7.01339984586273 7.03578259999984 6.01962187359417 5.06103143626956 5.71386687999991 6.04058424240382 6.03578259999984 6.89461522853821 7.03481479839459 7.03578259999984 7.03578259999984 7.19310834080636 8.01789129999992 8.01789129999992 7.64341431999984 6.57198591999969 6.02714707385799 6.02524887920885 6.67808188000013 7.01789129999992 7.80657111841038 7.14116972852262 7.00096784454436 7 7 7.15732338374562 7.99039658637468 8.01789129999992 8.37896620589373 9.43598946398633 10.5450985727568 11.6424336799999 12.0300506504302 12.7495078799999 13.8209362800001 15.7511925944167 16 16 15.9112414199999
-9999 -9999 -9999 -9999 -9999 -9999 -9999 -9999 2.30089601149603 2.9167985378977 2.94646290000001 2.97798377668497 3 3 3.04299308486588 3.92801768000007 5.89471383634688 6.87651661304662 5.94646290000001 5.94646290000001 5.95886330122774 6 6 6 6 5.44275616819584 5.67838526241059 6 6 6.82766115422966 6.94646290000001 6.94646290000001 6.94646290000001 6.94646290000001 6.71484271999985 5.94646290000001 5.94646290000001 5.92259041908041 5.89292580000002 5.9244464197069 6.01715227820106 6.74598732150582 6.23994544788761 6.05353709999999 6.05353709999999 6.0699417439315 7.08400897453765 8.10665228000001 9.61651595150138 11.5525667336433 9.86974347518444 8.11286659513884 10.0120769327031 11.3136699024356 11.6066510800002 12.67807948 13.7065151806014 13.1120859575846 15.7364236636278 14.9628652724205 15.8089190969732
-9999 -9999 -9999 -9999 -9999 -9999 -9999 -9999 1 1.39018679140128 1.87503449999993 2.46380148000004 2.95753614575938 3 3.7026983628003 4.74951508000002 5.7027374913597 5.00216657436042 5.12496550000007 5.10494675419926 5.20267774847916 5.87503449999994 5.92183150296135 6 6 6 6 6 5.89964648271734 5.76575489699707 5.75006899999987 5.87503449999993 5.87503449999993 5.85501605411633 5.5184488199997 4.75006899999987 4.75006899999987 4.35988640876408 3.87503449999993 4.46379668000007 6.03041356815024 6.71653063164504 6.6497157826344 6.6251034999998 6.74330888880565 6.75223497452589 6.88612656024613 7.1401712340336 8.10665228000016 8.87503449999993 9.530390853746 9.78902002884664 8.81471757456729 9.3902196197124 10.4102571800001 11.5731124117279 11.8750344999999 12.6402288768316 13.5777656911112 14 14
-9999 -9999 -9999 -9999 -9999 -9999 -9999 -9999 1 1 1 1.47313673660663 2.46380148000003 2.94729254748693 3 3.87448058000008 4 4.81753852432612 5.62464525772063 5.6748730797674 5 5 5.30093391409221 5.80360609999993 5.80360609999993 5.80360609999993 5.80360609999993 5.6599201238583 4.64644834181131 3.87982448047004 3.98937638228186 4.80360609999993 4.78617351362454 4.478481108422 3.61747471046872 3 3 3 3 3.47313287929737 3.80360609999993 4.39153957520365 4.11959203368582 4 4.76013436906341 5.21372648000031 6.26772276497004 7.06292043415358 7.44245230350595 7.66672862117019 7.73006157678283 7.42402709579134 7.61212455268943 8 8.66018818000019 10.4632331599999 11 11 11 -9999 -9999
-9999 -9999 -9999 -9999 -9999 -9999 -9999 -9999 0.832472271627731 1 1 1 1.48338033487912 2.46380148000007 2.94725298186766 3.87448058000008 4 4 4.06499232463916 4.77508127373426 5 5 5 5 5 4.84231571602587 4.55536329765256 3.92867854072081 2.34115277909387 2.64027342253272 -9999 -9999 3.91123661999996 3 3 3 3 3.11942340445402 3.12926877717269 3 3 3 3.5879733836796 3.96638181469391 4 5.75415233144087 7 7.23457418362566 7.89356687312049 -9999 -9999 -9999 8 8 -9999 -9999 -9999 -9999 -9999 -9999 -9999
-9999 -9999 -9999 -9999 -9999 -9999 -9999 -9999 0.247438573997758 0.660749299999916 0.660749299999916 0.660749299999916 0.884721044801771 1.48341990049832 2.46380148000008 3.8318980289015 4 4 4 4.16019418000006 5 5 5 5 5 4.21149662409964 3.22452725059995 3 2.19695021999987 -9999 -9999 -9999 -9999 -9999 -9999 -9999 -9999 -9999 3.48266622 3 3 3.24820225109834 3.33925070000008 -9999 -9999 -9999 -9999 -9999 -9999 -9999 -9999 -9999 -9999 -9999 -9999 -9999 -9999 -9999 -9999 -9999 -9999
-9999 -9999 -9999 -9999 -9999 -9999 -9999 -9999 0 0 0 0 0.389066935517469 0.589320899999951 -9999 3.74896116000016 4 -9999 -9999 -9999 -9999 -9999 -9999 -9999 -9999 -9999 -9999 -9999 -9999 -9999 -9999 -9999 -9999 -9999 -9999 -9999 -9999 -9999 -9999 -9999 -9999 4 -9999 -9999 -9999 -9999 -9999 -9999 -9999 -9999 -9999 -9999 -9999 -9999 -9999 -9999 -9999 -9999 -9999 -9999 -9999
-9999 -9999 -9999 -9999 -9999 -9999 -9999 -9999 -9999 0 0 0 0 -9999 -9999 -9999 -9999 -9999 -9999 -9999 -9999 -9999 -9999 -9999 -9999 -9999 -9999 -9999 -9999 -9999 -9999 -9999 -9999 -9999 -9999 -9999 -9999 -9999 -9999 -9999 -9999 -9999 -9999 -9999 -9999 -9999 -9999 -9999 -9999 -9999 -9999 -9999 -9999 -9999 -9999 -9999 -9999 -9999 -9999 -9999 -9999
