catData/variables/futureClimate2070/rcp85/MPI_ESM_LR_2070_rcp85/bio16.asc
NCOLS 409 
NROWS 350 
XLLCORNER 60.897278365 
YLLCORNER 5.843756025 
CELLSIZE 0.0892857 
NODATA_value -9999 
[rows 175 to 199 of 350, columns 168 to 223 of 409]
662.11667360589 670.168162818254 686.869698585217 680.01185441485 677.53436407537 694.018238650224 729.816076237453 763.257363579643 804.488348230812 858.36481480552 924.686738202314 975.209478757771 1030.7640417304 1098.57464757067 1183.29250479672 1274.66367557714 1261.32823415645 1131.11786598272 1021.34213065825 852.44645881123 788.168945651918 756.127266433646 743.451241018613 731.271655618297 735.129508974059 752.867713585482 775.067591725668 789.741667014855 798.486893611598 806.583123751664 821.842650664437 834.596645198178 840.915055855692 839.218110571837 840.620715340002 849.673740391212 865.450926944259 907.649766636399 961.018653252136 986.290422985455 988.394134679999 983.546571307727 982.065566343776 1000.87868164362 1066.13324464373 1155.45060784065 1191.90679969754 1218.45342853031 1287.762690932 1368.9901604574 1424.23640324233 1413.54907386996 1309.25399603507 1183.12052804435 1099.17971122555 1019.05413435266
604.475978161639 605.690609562288 620.361869415337 621.876476117864 635.109231954851 663.102589818179 704.669453617145 742.943396608134 792.330965348047 848.497692825953 928.597415678187 995.794994306407 1080.53202603195 1139.74108118455 1211.61321323799 1155.39216796947 1029.82486805103 849.105084750263 802.77631055679 735.802862974409 708.949520906114 697.735423343886 701.063286620392 708.326633290241 726.645012681636 751.383765047682 772.989420320006 788.199221284593 798.221805995366 804.327458226271 815.36885618 830.439248748871 832.285493638193 835.425876964242 842.897334782656 855.455341188443 876.48886885974 922.446823740393 977.637930167908 1005.47655363118 1010.97313480968 1012.42053481255 1022.81767802491 1056.15020934254 1116.49534803323 1190.08947351012 1219.49772798256 1247.87850655401 1303.47455346165 1356.58408356513 1382.22398497969 1352.07639188087 1259.60772024124 1164.27118072777 1092.12613857086 1026.79616361464
563.012501329255 558.222295570926 564.996822350837 582.970546049787 604.699061728259 633.795581122636 681.591135233224 750.08675945471 813.768513794315 831.642454626176 861.499379048948 910.877119342334 952.966685338369 948.105442345559 923.754682479544 825.449945740497 741.317882014142 683.24022715465 669.19359079181 667.907370978644 669.2907329078 675.958327620401 688.041399036571 705.368097740788 729.679561176902 756.979330385682 780.25571736069 794.574731791316 804.992856179135 813.854344496749 819.501839302855 834.627826494635 833.260433536715 840.294567856646 854.653778573022 874.727273289393 902.059762745711 941.310128779444 986.279162273842 1018.41365359735 1033.99956322686 1044.94261442761 1063.58670341332 1104.87859860031 1162.17008834109 1219.90049816619 1258.88606924826 1295.0365693507 1331.19777233934 1359.75856180286 1363.99502400682 1314.83154870212 1224.41722514151 1140.20787548184 1086.85602326637 1060.23443900317
534.421242629223 527.13048177267 530.264435165861 565.79374673648 607.531477099533 650.998027612239 680.489876275119 703.484871605451 717.271505816053 709.449001618485 704.218416282685 716.314854892185 710.400731887063 684.281184411307 658.060564493137 629.893320868882 621.063394330245 626.340327019504 632.030481079787 639.972026351405 649.096896602763 664.375187365642 686.987870048564 711.227822117173 737.699562880005 766.881306271471 793.18808156292 806.602140040001 815.775901874202 826.353397714139 831.762545140403 837.92245884039 840.990655462642 847.052092308493 863.467143745547 886.207863251813 918.620691620715 958.695893488799 1000.20432755966 1034.31450922336 1058.57969074405 1078.41725675825 1104.92976746403 1149.05182045129 1204.51824855111 1262.19242879951 1304.08559716112 1333.41776597033 1358.18469748401 1374.31728526611 1369.03764107081 1307.84343938696 1221.9255863624 1145.12844222693 1110.49371158829 1114.41994711815
530.091589132045 517.034331674529 513.817553512683 540.192221999824 574.819382464638 601.392707668376 605.227943734466 604.394167495045 604.35938458563 606.042688602016 608.511306369401 606.879971651847 600.336925727791 591.859789419723 583.994901813908 580.845996880411 588.984763914626 602.459849132414 615.28892444619 626.540541736468 638.477621671414 660.23847708166 688.493273545624 715.46436731286 746.781356606281 780.659924801569 804.491999776862 816.031053640001 819.56957133999 828.998795657436 842.194323526114 839.267307492188 855.082747089166 862.751025450912 872.990162218963 896.566236782018 932.760708689163 975.808991294907 1017.48563465431 1054.2481485768 1085.26256448749 1113.42846933306 1145.58247089069 1187.19716963306 1237.51769236337 1291.85797151406 1329.3899794094 1351.701917273 1367.42416859053 1380.1655490548 1369.65218701592 1316.66486066662 1246.40068470483 1189.40955729958 1162.03850960063 1167.82562777212
545.444597972461 535.978786268852 524.643274945776 527.648625458669 538.887779086705 547.472033906895 550.608757627616 551.458089668038 552.938656808235 555.987863462629 562.713287578758 566.799153464515 565.842450602195 563.357302108884 562.155624999566 564.907119774692 579.357842729693 599.747349571688 612.471386733251 621.421189305063 636.820684177818 667.395962245447 697.050547279255 720.811835345759 751.77981810307 786.690947144689 807.764159852632 815.605832831757 814.276011408692 821.230002713571 833.604995271259 839.412563227802 863.842075651808 876.381842830024 893.41342352343 921.520088575306 960.004580210271 1000.88133802839 1041.45574278582 1079.75981048512 1114.12161580188 1146.10676445862 1179.73101156001 1216.10937394367 1255.94898217125 1298.29372970317 1330.02430628001 1349.69296168444 1358.14420479725 1374.36947388064 1357.36304056404 1318.57017290025 1269.40028493144 1228.07097564824 1205.32469551636 1200.37045990858
572.086562985132 557.074027647316 542.176820888032 536.204778219966 534.913025514514 538.256773876074 542.188931146127 535.912813654288 526.379584358584 526.726001054394 538.685131187901 548.808807661406 554.432406433895 557.528135334735 559.50862007677 564.070926343088 582.194035453364 604.43296664498 618.19796765124 623.279546080001 642.186626452309 679.386266296709 697.39275023602 718.059005040006 748.826385655405 781.423380129502 800.922827164805 810.668365678009 809.430946879999 809.767626568762 820.33374798 839.490750813233 869.240952103104 892.521145089392 919.477453449655 952.424724548461 992.139072500933 1028.48025668046 1068.15038790244 1108.41414801184 1143.96379958001 1176.4464898 1207.49967031992 1235.3937094875 1264.54990513518 1295.10127422763 1322.98867968001 1344.70490808351 1360.79174166364 1365.44426041413 1347.63415380579 1318.55002832333 1285.30357596552 1253.45624684173 1230.00496457424 1213.19827793519
591.845092539999 574.693795219775 557.605599977509 541.527691450902 534.692604640186 532.642842584331 538.343204876789 532.70797140168 516.858345245173 518.461687339096 538.58314731576 553.084600340002 560.276722161527 565.812634765107 573.100492941487 582.924678173048 598.650266657454 614.270215036678 624.466045781544 635.30882244256 646.880333927556 663.387660378451 678.890128095414 706.953877782487 748.671422917026 782.341379805337 797.486844160425 804.877577986114 804.786467235942 805.153652628999 816.534026660027 845.028944344223 879.794066196673 912.285588745555 945.484502160704 982.343619564844 1022.93444660478 1061.64856547445 1101.75593283176 1140.85231298145 1174.5827561994 1203.78153403467 1228.95290408584 1246.41546768611 1264.26431553583 1287.10150049822 1311.01613317648 1334.1715268675 1352.53510354147 1355.9750397069 1344.79104506351 1324.91160606773 1299.82533916264 1271.284611541 1247.3961574506 1223.55941934993
600.044936135814 586.444175292673 565.024216667384 544.672110559095 527.968090092901 515.344779736367 512.093377999589 519.95668097699 526.193314081154 535.159449242012 555.525190241288 568.267092566575 578.600480904414 587.736954442848 596.81901577878 606.473998793874 625.510175193947 631.851461920003 640.88745490625 643.354491566706 647.614374819676 657.916161901037 677.603452230452 711.517082609813 757.565801860009 787.910633561946 799.579264092972 804.916760851231 802.028019494781 800.210560181812 817.013712158688 857.475267826623 899.759239484642 937.182515354049 974.841528297612 1013.98314896679 1055.06424404173 1097.67618461173 1140.52120159529 1177.63055690946 1205.01555189007 1224.37098070653 1238.49355611299 1248.84088435972 1257.68455830472 1271.63220263324 1294.6742413306 1323.02929574589 1346.56597579063 1357.94955339709 1353.34782975768 1337.75147241089 1316.34033063123 1290.37077832 1263.23288653522 1235.05370647907
596.69501192195 586.937641661196 569.381698047414 551.077307706516 534.026081199854 515.787200734344 489.904218702353 501.031918912301 525.65648471566 545.620461008869 566.398780380005 582.643252580512 592.922140853225 611.145554378251 617.756783883838 629.478510075313 646.308790981336 655.263896689968 657.488525157396 661.171119733354 660.550466403646 661.927012400522 678.146982996057 714.78044466001 758.117754636876 788.151451537856 802.171689810728 809.828201445478 811.065579869562 813.18046465188 835.30458941287 880.880917637255 926.882915200474 963.417609443913 1000.57350705242 1041.41974576256 1087.00089119982 1135.49230605183 1181.60261466549 1216.80680792602 1233.74910884514 1240.93269953312 1244.57937427775 1245.70066021567 1245.48210793358 1252.33021562426 1278.18292040825 1315.31750159446 1348.67587609302 1368.07974844843 1369.28600590702 1354.51575211016 1333.6709709 1308.15279933753 1279.94174280121 1251.25372724532
597.854495207189 600.201404672344 596.242832336314 594.112674876285 577.518388529113 557.40579272011 540.751369281974 527.687156402987 538.534702723147 558.48121441653 578.681502007422 599.228189587443 613.883116807466 628.448350372519 638.496685505846 652.569025954124 670.217385741634 679.753355418384 680.43156959721 683.913289713654 677.426463295286 674.290396543115 686.68933892461 719.502645123063 760.539882890763 790.54690219374 808.743854092226 820.049912129269 829.123970258552 841.570225187852 865.588578201421 903.031803045625 943.546783961403 981.730307400001 1019.51977019865 1060.40436544001 1108.67568621067 1161.93354967067 1216.50715708001 1251.57467252129 1254.99621172936 1251.26221731188 1248.11538185062 1242.69051946245 1236.2065550106 1234.08548882702 1264.76378126589 1318.17125931535 1362.21625894714 1388.7788508 1391.30211684944 1375.4021807844 1354.01081402435 1329.15585629571 1302.37000119999 1271.83493609052
588.424040275686 605.521791075964 610.069828922043 604.940500330621 601.982195711259 595.168722361506 590.076812710612 578.960531290494 571.195550041843 583.492228791926 606.054026205838 629.769549882908 647.753594968312 660.792643355912 673.491652560004 683.226060994414 695.686160044504 701.198243593368 703.107827209701 700.713161280001 701.594290414219 702.694398852225 715.25392081474 750.26639132236 790.906737497071 818.285370819802 832.675749460381 844.371300886838 854.034823195664 868.1249728825 890.34740756858 922.47206009387 955.303883006496 991.050964721149 1028.54052872897 1070.44047845787 1117.53229817771 1168.67770739976 1220.90164918702 1254.16898285087 1259.45689541767 1256.54776007925 1252.88886336344 1243.27791703167 1237.23642308389 1244.06236310579 1281.05786663179 1340.54684625018 1391.97906480001 1421.78460858789 1423.77349614086 1404.22931613127 1375.83829159037 1351.60066623163 1327.2092387 1296.03400202
574.612918023115 589.585892550174 606.145917444733 608.709304382934 607.635324125909 610.35206519123 613.535979870684 618.63586687498 624.699502451936 634.94208200117 649.963142606229 672.724162355268 692.844837428483 706.576145669704 717.411942364391 718.420954745561 717.035600075588 715.666721524914 717.98226201061 716.923361811407 718.370457711051 724.88593776363 738.025506197463 771.166606778447 816.69663281366 845.355585428284 859.902208611493 876.468774545649 884.773824628105 896.485203927359 914.672073860813 938.196872321663 966.150092362744 997.018396679432 1030.31156092169 1070.08379720914 1112.81509936952 1157.47918842471 1200.2022774795 1229.70139497608 1244.2021625837 1253.92069493539 1256.43630443248 1243.3476699 1247.84844489134 1273.92896118022 1318.20152112591 1374.37234658264 1428.28661707028 1458.65155579973 1453.81162830327 1429.169249208 1402.97559724 1378.69971937998 1352.83250666598 1322.53199761459
564.719797451065 577.523235777927 589.943010491628 603.752457538974 613.45765039954 619.414596170975 628.911738017145 648.304524145855 671.707906302501 688.005054490182 694.448643128083 711.25403096103 733.875869514963 757.178831031545 765.961570399031 759.049397863744 750.023839772688 735.994361227346 730.551153195764 729.99360907601 734.581673304167 745.112344735338 755.992456533419 781.218165581019 814.109305452229 841.947405434466 862.338326320835 887.209228057958 905.373028062895 923.841978297401 939.398920946977 954.054512624603 972.322130451263 996.214085952428 1024.1065926475 1060.13546814954 1099.51190973505 1137.9661340483 1173.3707674182 1200.32568652056 1217.40487014 1232.2743164007 1243.1062849312 1243.27534816009 1262.02096959937 1301.22467052001 1348.68920198358 1400.08812977798 1451.2743786742 1480.21916893724 1469.45883825106 1446.91421776185 1421.86572673627 1399.84567070104 1377.49094593972 1350.88528562647
551.659222964403 563.024064177383 571.385563686185 587.8778155885 604.672488233119 621.940680426388 636.188229455348 655.236434763471 683.497079347718 699.895152283385 712.592539021772 736.076986554132 770.184858347869 802.21347923248 811.276925390426 801.862254857863 782.761198534776 760.861892742317 740.753805104627 729.048122095651 736.692730810825 754.005450947246 769.136970622319 787.896693928898 812.063406030732 838.223886074786 864.0403332486 893.522021140971 916.104702333043 940.011240928989 961.457146445027 971.262033097127 978.145135509593 992.260326223595 1013.91346297132 1045.60743733692 1082.07365095943 1115.65803733915 1144.99114730755 1168.96126657161 1186.61755968056 1194.41183106547 1202.34974101639 1235.0976267335 1272.3046469367 1317.00048095469 1364.38528254002 1409.34221999753 1448.78408954192 1466.03486733561 1465.1930044975 1455.43731184594 1434.27176338751 1415.88670276876 1398.89021718501 1375.40279728782
535.740321482529 540.266038929408 553.038888994645 571.507872248423 590.631096682521 619.199270103087 637.798374128107 652.640672622343 670.839183761012 683.179731064738 702.555685835769 738.794758783425 787.137055969357 826.960536383513 834.162827015447 824.081268387888 799.976637879999 777.525364811608 766.034152172227 747.560482173402 746.548388895135 757.696276243586 777.740345160002 797.292264900005 819.238140280004 842.936687453614 869.574758180008 898.568576580582 925.121693224917 951.260643290254 972.766564611395 982.834184488754 979.754035367923 984.189660011053 1000.64245346205 1029.81202654122 1063.42563609753 1093.1272297485 1118.59498115549 1139.87046360769 1156.75705360102 1161.95018909551 1166.58610259079 1212.36083215458 1266.41670610052 1316.85027850001 1364.66685018237 1407.04643906288 1439.1349536 1452.59275933793 1459.2958856116 1457.22735155505 1442.66639486489 1428.48710642912 1412.79996749847 1393.69624483644
526.58216592404 527.697908666775 545.44240472474 565.853688671877 584.994193175955 610.521619775929 635.115687903051 651.971759109157 664.764571322717 676.519800491535 699.054556400008 738.010162748456 784.319840858259 819.934024323357 831.038956782759 830.052724428182 814.938313824181 775.554813352909 757.517704817525 759.157663921077 762.285584549612 770.541004541665 787.522727592244 807.866615757958 827.78771113992 849.27334496 872.927498828371 899.467880780003 928.931061140006 955.433258820008 976.840461072185 984.199118988434 976.054899339999 975.728198014851 988.592422581907 1013.83803694706 1044.8234983 1073.94067873434 1097.21508423915 1116.41223351904 1131.98404664749 1144.37586648542 1164.06642714154 1208.04595568893 1261.70350062388 1313.10851310269 1360.18783521415 1400.07314827349 1429.62028859122 1444.6019634 1453.65128408715 1453.16018027024 1443.40106186926 1432.80580988316 1416.59998568195 1396.48134871312
525.797280373703 527.373863060001 546.778991248036 572.548159836629 591.141151009584 610.962828597207 630.611034377618 648.871369190978 665.86574615824 684.414092104446 708.475659686539 742.282105576705 779.235839498288 809.622314721251 824.931781182165 827.327959030166 821.817785000639 803.822634988412 757.974754243985 755.576918363075 767.684170327813 781.810085068813 797.020619900225 815.549503834911 832.72949173543 851.987385296154 871.880637312943 894.860481873221 923.986801575656 945.693680970518 963.016748798816 973.556448508239 969.392392847175 968.381760847117 979.301882712953 997.788341302965 1022.08036310002 1048.53357224284 1070.11892643859 1089.37073514576 1111.06943310607 1136.93937380197 1172.55798201335 1217.44434496012 1265.91200288262 1314.21792880546 1358.00582269535 1393.17957836387 1419.89007454456 1436.6554909 1445.63798012989 1446.5479736176 1440.00834191739 1429.61186081507 1398.88005824703 1364.41098620741
537.398908522056 540.717903298031 553.849150003738 579.217680779169 605.134339650934 621.487407984845 636.113510162674 651.786394490815 668.18868691895 690.173419345827 715.940381715235 743.630376888991 771.898621614537 797.626990759535 819.08627006737 827.693328930857 824.60924548 832.832220471668 807.36161910278 779.143362626282 785.934860896632 800.168308605081 817.668149196975 836.286162663147 846.806635321442 861.920680917328 874.878936580052 890.18992941842 911.095170046995 927.06032445993 942.01101002 953.418907376388 956.024219493284 958.616344957412 965.525257981177 977.59062069873 994.883869944979 1013.29152476002 1031.51279118562 1053.77329630119 1085.24054455545 1126.49140590469 1176.81938978528 1231.65603370592 1280.41933794934 1322.54753166039 1358.2886464977 1388.46873271521 1411.36423426819 1428.459109 1437.04040638694 1438.57005386736 1434.3817435943 1421.93953846032 1387.80417431753 1345.78953514457
556.331675506043 560.289273424376 569.553173277427 587.262095244801 608.903954782342 629.13725644731 649.700839992526 668.99306955462 683.764686334482 699.344207016807 721.366567338152 749.365671780379 773.052833887768 789.219526631152 808.057740016269 829.524502366079 832.645271358957 836.749405055136 839.286482823647 834.041159717342 830.738312420142 827.553431283379 831.0588429329 844.108726979168 856.1853993462 868.136941305927 881.689965752926 890.179708765137 898.333477484963 910.714880149871 927.671695431235 940.95330848805 946.884332181945 952.56940592 957.248029465407 964.471623989133 972.409531479869 977.791068714361 990.625383694697 1013.6369888796 1051.79730750583 1105.86008184189 1175.9194711492 1249.04418450556 1299.42655660567 1331.55933480851 1357.30791201066 1381.86571854483 1402.84829295789 1419.1198703 1427.01247206798 1429.37406175479 1425.82066375048 1409.1487781926 1373.01566265721 1335.62151764892
576.386301035305 580.443374820001 590.25232372185 601.85661194463 618.77119277161 639.326323896661 659.639219860229 677.995878518222 695.668469231919 714.560183634294 731.906895931605 749.191550621672 769.171027063754 786.307280071425 803.267322417744 824.5336237224 839.336746099778 844.513559060001 852.431856813776 864.75074869741 872.103734482302 863.735494507668 852.893640922973 850.789434782365 852.871803293675 857.501885111466 870.634192560005 879.71653171104 887.095101573908 899.834866370231 922.289673400997 945.9775206845 962.07372238037 973.628053403405 972.677627434078 970.969199300809 973.0354394 964.413097224061 955.545379285046 968.529358599298 1007.10418523871 1068.91118224653 1160.03709364112 1263.9608186376 1309.94743142676 1329.96563546962 1350.08925358827 1371.8108126 1392.73897237242 1408.45979759724 1416.66702141066 1422.10968592882 1413.66896930694 1389.01254118096 1349.5794532441 1321.68840844394
592.530967305787 601.139529727647 612.533577081128 623.352169878547 637.746309499024 655.030441740292 672.076061959531 690.135171421751 704.062935791461 716.816951248372 731.935217475855 745.239678412373 766.346478462761 790.637607197079 807.760476307352 820.875357456683 834.822763308952 846.184209560497 857.957873849453 872.816872068383 879.174509627846 873.014530280565 863.240307139368 858.68006532911 852.819192801423 849.942223160391 860.937444660005 876.368760040092 887.797407641444 902.692513500647 928.892673169762 951.752985422881 963.200307052323 963.158825078962 954.7528258584 949.121797491676 949.644648224811 931.622725511519 923.417883334055 941.724111592638 959.86197515289 1011.15811073449 1113.95709336142 1225.08796544003 1280.5162341118 1304.80221395959 1329.14396891759 1355.15940998935 1379.05194766815 1399.28428788084 1411.25159156851 1412.19873131394 1409.27477822006 1384.24354709071 1345.57064952313 1294.97942684355
602.865330754214 614.408651748964 629.905661421622 643.918882152668 659.869559475492 674.747753503635 688.727125919452 702.729905079969 714.812095428075 722.132139184886 726.645164666211 734.084318100001 750.822835442327 771.261857913217 793.138822900646 816.316374061926 834.136989650121 845.2932911765 861.649403433422 869.233947701934 869.711699147077 866.608043121031 860.073721465343 851.574256670282 846.089468903133 844.50078072 845.587131620456 854.444878144311 873.32842824489 894.643452852081 919.878161787316 945.349683764536 958.089516499999 955.235257318797 932.948842838965 903.040672630672 883.423568224799 865.899201609544 869.318464096259 909.575915700017 932.409116409562 974.544124329288 1063.71644848071 1156.50495705913 1221.8749849517 1259.37266597759 1295.68054921163 1332.3538146567 1364.04168917206 1388.93256647577 1404.73303592973 1409.91740390635 1407.91656600624 1394.21831294879 1352.54394259998 1302.62676798298
609.936373830355 625.531573794866 642.714207459046 660.990112960003 678.942927404194 693.519769976442 705.081649673919 715.050278419055 723.5042294072 725.341399738208 717.507605816711 719.266139379669 735.238609733273 756.253283377859 777.739317000002 799.995531661039 819.549910877556 850.094539654755 859.414009265825 859.364873072019 861.864216860468 861.307991955026 857.218270639999 848.85037959699 842.064138367547 837.876707114008 829.023133835001 834.097651193998 854.210596058262 879.344483920009 906.748008268952 932.971285039942 946.81041866907 938.948873658083 931.943601963543 915.976152599995 883.815198606979 841.431470394123 835.595688931368 867.728412410514 907.657182577051 961.876129214744 1033.13918290205 1108.44013475953 1171.05020923709 1217.18008797934 1262.77611899644 1309.8983025153 1348.66994997658 1379.9254281934 1399.3794601991 1407.45166835986 1404.7319047307 1382.09366379493 1331.75910138829 1292.4522070765
615.567996183604 633.459113780769 653.832919197918 674.416705092464 692.341806996125 707.966540761209 719.101246993613 726.007580114431 731.795426946945 724.052669385898 700.619736400756 700.156050852352 723.094276920008 748.899973873336 771.73672184574 793.129862789515 810.522840301857 829.818607181747 848.585653329846 856.19574926 858.280729153221 858.413422779998 853.144724171643 845.60048257738 834.844154663118 824.260900548859 816.998743189192 822.190872452441 841.437764957735 865.831750056384 889.914720377549 907.665348366848 916.535672716576 911.411673695705 907.745443850514 896.31176418784 875.014027999998 850.178634105537 842.822957334731 862.225786583231 900.1914600602 951.436324831551 1012.40338046079 1076.35862288358 1134.71705214141 1186.57962827214 1237.90757493292 1288.7830204853 1333.5405984064 1370.62520599288 1397.11567126 1407.35993235935 1401.44346562828 1383.49671493651 1345.45268212141 1296.38960400231
