catData/variables/futureClimate2070/rcp85/MPI_ESM_LR_2070_rcp85/bio10.asc
NCOLS 409 
NROWS 350 
XLLCORNER 60.897278365 
YLLCORNER 5.843756025 
CELLSIZE 0.0892857 
NODATA_value -9999 
[rows 130 to 155 of 350, columns 58 to 115 of 409]
35.289180356 -9999 -9999 35.5776893528537 35.4747851884444 35.52144244 35.483995222 35.3322623239999 34.9941907968069 34.4404720678011 33.9884009740528 34.361950573579 34.7658682135087 34.2108894689003 34.0083731612983 33.6827740020585 33.8765393642983 34.5119225214386 34.8403294189299 35.2097469110644 35.6385748402632 35.8696021037427 36.090520588462 36.2535009166667 36.624794572 36.833882398 36.8764924392807 36.8631865805146 36.78470836169 36.68036061 36.671485232 36.58036061 36.557199552 36.48036061 36.442913872 36.38036061 36.3702006786725 36.3134087035321 36.2273080637368 36.2 36.1842288278538 36.092913992 36.0043479445555 36 36 36 35.9954513566258 35.9863120635789 36 36 36.0415722938071 36.0330482863976 36.0530523533977 36.0947289248069 36.0354675870116 36.0368133252163 36.304469688579 36.4244953983744
-9999 -9999 -9999 -9999 -9999 -9999 35.0721768919467 34.8917487521093 34.4972571331841 33.95205685 34.0635535942081 34.51421228304 34.3945229807679 33.4944899565733 33.511731056496 33.6051983340001 33.9307482951467 34.310509372 34.7498358057974 35.0847549560613 35.273382011552 35.7653649116134 36.0120233574507 36.147861439288 36.4287109857494 36.619596718 36.726739558 36.6824089006373 36.6478845395253 36.57321777 36.564342392 36.4689277340133 36.429477529824 36.37321777 36.3458001034986 36.288057916664 36.2353404471733 36.1842318929894 36.17321777 36.17321777 36.1144211345226 36.012553382 35.9746668338027 35.97321777 35.97321777 35.97321777 35.9562599355466 35.922187662616 35.97321777 35.97321777 35.987072800896 36 36.0176810545706 36.080348861592 36.1215070782453 36.214228608 36.415960666 36.5297824622427
-9999 -9999 -9999 -9999 -9999 -9999 -9999 34.4493274076104 34.0915506041405 33.7558377719771 34.0288645696016 34.2308510911915 33.8833399114789 33.3625416696283 33.3 33.6040226417011 33.8529121556194 34.1192802158211 34.467708684 34.719324152147 34.9918672455019 35.544434202 35.8168892246819 36.0020242699093 36.2526582333793 36.3804910571507 36.478528808 36.49822479 36.4357247132593 36.4315620952707 36.3923603901992 36.3215658336692 36.26607493 36.26607493 36.2533710979208 36.2026873275492 36.16607493 36.1271731444892 36.0776033140408 36.06607493 36.06607493 35.978628312 35.9035750118391 35.9 35.8969891032209 35.86607493 35.8739322537191 35.9 35.9 35.9 35.934182000401 35.986048321069 36.066017858 36.124819818009 36.214228608 36.321371448 36.491014047581 36.602319659889
-9999 -9999 -9999 -9999 -9999 -9999 -9999 34.0529246277767 33.648619058009 33.5913202383747 33.8827369614111 33.8605192992989 33.6429099668032 33.4094840970085 33.38213582 33.5620880994191 33.7567596715635 33.9564795419148 34.247439706035 34.6498391858799 35.049787912 35.4417350593492 35.6086225648561 35.7524475574693 36.0298747523667 36.147909946736 36.239236108 36.25893209 36.25893209 36.2168431591465 36.15893209 36.15893209 36.15893209 36.15893209 36.121485352 36.05893209 36.05893209 36.05893209 36.0200262450703 36 35.9670209167243 35.871485472 35.85893209 35.85893209 35.8537017856862 35.8 35.8136491541085 35.8713771689941 35.8846215059032 35.8772439991994 35.9 35.958875018 36.066017858 36.173160698 36.280303538 36.387446378 36.494589218 36.6034641160001
-9999 -9999 -9999 -9999 -9999 -9999 -9999 33.666187634 33.4463481687352 33.4970887657108 33.6059409748137 33.6045389186569 33.6007048121275 33.554711803799 33.6394157870686 33.5500675429215 33.65536775 33.7265909802207 34.193474019049 34.6091007662109 35.001577162 35.340968886 35.503521908 35.669540246 35.8519979901127 35.976739678 36.0451673486421 36.05536775 36.05536775 36.0509539804362 36.0035785 36.0035785 36.0035785 36.0035785 35.9841851152403 35.9732862199756 36 36 36 35.9647285630832 35.871485472 35.8065013023874 35.8 35.75178925 35.75178925 35.75178925 35.7629552540639 35.8156940372008 35.8323959895345 35.844589338 35.9249404710051 35.9787016802596 36.066017858 36.173160698 36.3190184759464 36.435657128 36.542799968 36.6508398278478
-9999 -9999 -9999 -9999 -9999 -9999 -9999 33.369441311886 33.2837536854919 33.245995805378 33.2668444309698 33.4029517093579 33.524950668 33.5930515180938 33.6844620230764 33.542913632 33.4692112759885 33.7820579417374 34.1823045039337 34.5597957136985 34.9290596653305 35.233826046 35.396379068 35.5298077042266 35.655311158 35.7219566594907 35.7783903868772 35.8376977952452 35.84464641 35.8885193039811 35.84464641 35.84464641 35.84464641 35.84464641 35.84464641 35.889235988 35.94464641 35.94464641 35.94464641 35.871485472 35.764342632 35.74464641 35.74464641 35.7 35.7049127075005 35.7464870641316 35.723160818 35.8 35.8 35.844589338 35.951732178 36 36.1025611124441 36.228514288 36.37150977482 36.487446378 36.594589218 36.701732058
-9999 -9999 -9999 -9999 -9999 -9999 33.1438345204627 33.005424222 32.9952750251566 32.978627832 33.0282814716133 33.221329976 33.405498692388 33.524950668 33.5966189043892 33.685756512 33.6207734912192 34.004544310391 34.3031630676084 34.6155308352155 34.8030384552142 35.001690346 35.1965744323941 35.333882638 35.441025478 35.47500714 35.555311158 35.6078028336028 35.6716258943978 35.67500714 35.680553934399 35.73750357 35.73750357 35.73750357 35.7609064444015 35.8167226835979 35.83750357 35.83750357 35.7962446155961 35.7475691764045 35.7073867864051 35.7 35.7 35.7 35.708875138 35.783982022 35.723160818 35.8 35.82340272441 35.8792190235894 35.951732178 36.0367947844119 36.1532733415875 36.273160698 36.380303538 36.487446378 36.594589218 36.7028145324156
-9999 -9999 -9999 -9999 -9999 -9999 -9999 32.855409942 32.903465796 32.8591229936994 32.8727148937836 33.076683566 33.290969246 33.4787053486834 33.6604616803166 33.7994739159499 33.7900852084168 34.048055374 34.3533545351503 34.560664868 34.667807708 34.819540366 34.9977998006172 35.119596958 35.226739798 35.26072146 35.341025478 35.4216188135491 35.4590788528176 35.53036073 35.5330553595511 35.5718764300822 35.63036073 35.63036073 35.667807468 35.73036073 35.73036073 35.73036073 35.7103171535151 35.7 35.6440770352184 35.63036073 35.63036073 35.7 35.708875138 35.795136824948 35.7766710634188 35.8211032462145 35.8810083001522 35.931051689481 36.021371448 36.128514288 36.235657128 36.342799968 36.449942808 36.557085648 36.664228488 36.7718971934529
-9999 -9999 -9999 -9999 -9999 -9999 -9999 -9999 -9999 -9999 -9999 -9999 33.183826406 33.3309683590218 33.535615656 33.72454835351 33.817751236 34.0234567539163 34.192758376 34.376739918 34.483882758 34.635615416 34.798168438 34.905311278 35.012454118 35.1026104761693 35.1418627885648 35.233882638 35.319063745967 35.3477660592329 35.42321789 35.439236108 35.52321789 35.52321789 35.560664628 35.62321789 35.62321789 35.62321789 35.62321789 35.6793924018922 35.6813551571581 35.67678211 35.67678211 35.7 35.708875138 35.8 35.8177833647537 35.8838179799804 35.9287522112855 35.9871348134486 36.0914532358174 36.1904516469167 36.266017858 36.373160698 36.5419622888811 36.664228488 36.771371328 36.801732058
-9999 -9999 -9999 -9999 -9999 -9999 -9999 -9999 -9999 -9999 -9999 -9999 -9999 33.192987131273 33.3258703678285 33.533882878 33.649901336 33.8616120408673 34.0429595382342 34.162454238 34.269597078 34.421329736 34.583882758 34.691025598 34.798168438 34.905311278 34.9995452069545 35.0301321761469 35.126739798 35.217807588 35.31607505 35.3186499865526 35.351588006346 35.4415075812446 35.5060195818569 35.51607505 35.51607505 35.51607505 35.5714807057375 35.611760657364 35.61607505 35.6894645804332 35.7 35.7 35.708875138 35.8 35.823160818 35.9254323298247 36.021371448 36.1213465296218 36.2278980514796 36.333335779419 36.3784623036824 36.457085648 36.5771373218853 36.7608357070133 36.7991302140881 36.8002784291895
-9999 -9999 -9999 -9999 -9999 -9999 -9999 -9999 -9999 -9999 -9999 -9999 -9999 33.0041902664323 33.1985953240989 33.3211752006302 33.5186006168386 33.6353136803073 33.7710504102239 33.948168558 34.055311398 34.207044056 34.369597078 34.476739918 34.583882758 34.691025598 34.798168438 34.897500341005 35.003521908 35.110664748 35.20893221 35.22351964713 35.3020687943388 35.339236108 35.40893221 35.40893221 35.4560437797862 35.5 35.566018098 35.6 35.6 35.6078109155577 35.6950727389736 35.7015775655048 35.7918605359639 35.8145872185673 35.914228608 35.9937745763702 36.037446498 36.144589338 36.2988435292235 36.3963266302453 36.4 36.5397865288172 36.5982406706516 36.6952572721204 36.70893221 36.8
-9999 -9999 -9999 -9999 -9999 -9999 -9999 -9999 -9999 -9999 -9999 -9999 -9999 -9999 32.9980718719736 33.107044296 33.312454358 33.4353290265181 33.625365109318 33.7636447628459 33.939236348 34.0471770648264 34.155311398 34.262454238 34.369597078 34.5485919718292 34.6032263060069 34.776907708157 34.8034819296791 34.905311278 35.0122953046487 35.117807588 35.20178937 35.232093268 35.30178937 35.3455810754681 35.400925684368 35.4596111317959 35.5011813080402 35.5736411881237 35.6 35.6858818744515 35.6999031853846 35.7982416272207 35.8087163289432 35.914228608 36.021371448 36.09821063 36.135657128 36.242799968 36.3508684880735 36.4 36.3351634457457 36.3762591835818 36.5613119611642 36.601564739254 36.6946860369099 36.70178937
-9999 -9999 -9999 -9999 -9999 -9999 -9999 -9999 -9999 -9999 -9999 -9999 -9999 -9999 32.8889468419538 32.9980193222496 33.198643831547 33.310664988 33.43972919286 33.6212195209366 33.732093508 33.839236348 33.9953423536738 34.148168558 34.2588456699193 34.367807708 34.474950548 34.582093388 34.689236228 34.796379068 34.903521908 35.010664748 35.0958864502917 35.130303898 35.2 35.244589578 35.351732418 35.458875258 35.503534259071 35.578514408 35.6813582093359 35.7046814284606 35.7948791097428 35.807085768 35.914228608 36.00535347 36.028514288 36.1340348307601 36.237446498 36.342202261167 36.3456838186296 36.0676517844261 36.0998727977773 36.346321396 36.480303538 36.587446378 36.6 36.6947392552054
-9999 -9999 -9999 -9999 -9999 -9999 -9999 -9999 -9999 -9999 -9999 -9999 -9999 -9999 32.7655393722374 32.889236468 33.0041458012603 33.191025838 33.3010629855981 33.4443250669727 33.6171338484565 33.732093508 33.839236348 33.946379188 34.1112905098267 34.248168558 34.355311398 34.462454238 34.5814172998901 34.689236228 34.796379068 34.903521908 35.010664748 35.117807588 35.1921831504654 35.244589578 35.351732418 35.458875258 35.566018098 35.673160938 35.7100350090406 35.7890153275302 35.811820191899 35.9140121346718 36.0077660732426 36.0895053461866 36.123160818 36.2 36.237446498 36.3 36.3 36.1528037650473 36.1655213636179 36.3621716283798 36.4827648689506 36.587446378 36.6 36.601515614663
-9999 -9999 -9999 -9999 -9999 -9999 -9999 -9999 -9999 -9999 -9999 -9999 -9999 -9999 -9999 32.7627947808706 32.889236468 32.996379308 33.126683446 33.310664988 33.4479005378201 33.605311518 33.712454358 33.8311598453655 33.946379188 34.053522028 34.160664868 34.267807708 34.4509636333252 34.5627944937366 34.689236228 34.796379068 34.903521908 35.010664748 35.117807588 35.224950428 35.332093268 35.439236108 35.546378948 35.653521788 35.760664628 35.7975346224789 35.894589458 36 36 36.016017978 36.1186122302118 36.1863122308501 36.230092324088 36.2891178169738 36.3 36.358875018 36.4 36.4587925587787 36.48036085 36.567807228 36.58036085 36.5996598385313
-9999 -9999 -9999 -9999 -9999 -9999 -9999 -9999 -9999 -9999 -9999 -9999 -9999 -9999 32.5 32.5762194935693 32.7576887051252 32.889236468 33.0133375494858 33.176740158 33.2939120439033 33.417807828 33.524950668 33.6752009760132 33.812454358 33.919597198 34.0482470520704 34.160664868 34.267807708 34.3762190778461 34.555311398 34.6667442355429 34.796379068 34.903521908 35.0206937296265 35.144589578 35.251732418 35.358875258 35.4836990584046 35.599942928 35.707085768 35.7908086635119 35.894589458 35.9736819538771 36 36.016017978 36.1 36.1221877353448 36.1832469273497 36.2326474259558 36.2870729167387 36.3431071165667 36.3908989061278 36.4 36.4 36.4640264977887 36.4985508849058 36.5719498316003
-9999 -9999 -9999 -9999 -9999 -9999 -9999 -9999 -9999 -9999 -9999 -9999 -9999 -9999 -9999 32.4683957899908 32.6147401976821 32.782093628 32.889236468 32.996379308 33.1282653023734 33.276740158 33.401433214281 33.524950668 33.632093508 33.739236348 33.8994402044103 34.0492633959168 34.160664868 34.267807708 34.3779615048984 34.5266022827745 34.689236228 34.8066596138799 34.962189733793 35.110664748 35.2353577228614 35.358875258 35.532036196 35.6483412141571 35.746378948 35.647410704011 35.7570546208244 35.9011446188484 35.9690860454788 36.0105839061941 36.0739324381331 36.1 36.137446498 36.2 36.2341821245582 36.286048419769 36.366017858 36.4 36.4 36.4 36.4624999865952 36.466662767732
-9999 -9999 -9999 -9999 -9999 -9999 -9999 -9999 -9999 -9999 -9999 -9999 -9999 -9999 -9999 -9999 32.526740278 32.633883118 32.7505377634304 32.889236468 32.996379308 33.103522148 33.2411522487303 33.376740158 33.5109951911893 33.632093508 33.739236348 33.933826046 34.053522028 34.160664868 34.2730381750517 34.4404611869081 34.582093388 34.7070950211722 34.8706899007876 35.003521908 35.162397166 35.3419862846671 35.5049241013731 35.5889778225867 35.680303778 35.350213528 35.2949504836688 35.8192874888521 35.9052303256141 35.95893233 35.9440467147778 35.9195516625307 36.0450002964504 36.177244132185 36.1787547998551 36.145271553686 36.2288591740645 36.27679699 36.3427545739683 36.394844519944 36.3611544120962 36.360664388
-9999 -9999 -9999 -9999 -9999 -9999 -9999 -9999 -9999 -9999 -9999 -9999 -9999 -9999 -9999 -9999 -9999 32.5082958777041 -9999 32.7967034074809 32.9193935989266 32.996379308 33.103522148 33.210664988 33.3519983885567 33.5120115350358 33.632093508 33.7845246297792 33.898168678 34.005311518 34.112454358 34.235615416 34.4379061021832 34.5967030517757 34.7568402126319 34.9178759309607 35.0785243734469 35.269540006 35.417807588 35.5602216893306 35.680303778 35.4766889095466 35.2976693363241 35.7508399562995 35.9 35.9077223488855 35.9122259014339 35.8242302598591 35.9726542186742 36.1230925907446 36.1499380056958 36.0872283668808 36.1130121539343 36.14821051 36.308817586 36.3513401983793 36.257200272 36.3008970240047
-9999 -9999 -9999 -9999 -9999 -9999 -9999 -9999 -9999 -9999 -9999 -9999 -9999 -9999 -9999 -9999 -9999 -9999 -9999 -9999 -9999 -9999 -9999 33.103522148 33.210664988 33.3504718430775 33.5140482821476 33.632093508 33.6868777814021 33.735672488 33.8329896899036 33.855269686 34.0951962089969 34.4113219687236 34.6474680619487 34.8091439808261 34.969661344399 35.162397166 35.310664748 35.490968526 35.6694012592996 35.7093626470494 35.7107067 35.800773413025 35.84464665 35.860664628 35.94464665 35.9614207398755 36.0167186068993 36.0693283423258 36.123096684449 36.1120573552239 36.1258363960012 36.14464665 36.2608030275485 36.2986559213533 36.2577690829018 36.3
-9999 -9999 -9999 -9999 -9999 -9999 -9999 -9999 -9999 -9999 -9999 -9999 -9999 -9999 -9999 -9999 -9999 -9999 -9999 -9999 -9999 -9999 -9999 32.9852856118129 33.0822849039513 33.210664988 -9999 33.462454478 33.4158926626175 33.4756573877597 33.5091828250981 33.4970332800441 33.6906808831864 34.0598657156715 34.4108076905293 34.6474639853871 34.840968646 35.055254326 35.203521908 35.383825686 35.5981113660001 35.724950428 35.7966186173917 35.8 35.8 35.806007352035 35.8519784388228 35.9113650263194 35.93750381 35.9542265106038 35.97500762 35.916132602 35.941025478 35.97500762 36.1054978096852 36.224950188 36.23750381 36.3
-9999 -9999 -9999 -9999 -9999 -9999 -9999 -9999 -9999 -9999 -9999 -9999 -9999 -9999 -9999 -9999 -9999 -9999 -9999 -9999 -9999 -9999 -9999 -9999 32.9860621457947 -9999 33.210664988 33.2569106843233 33.166132242 33.19108291 33.197263637148 33.276740158 33.430205114 33.7608341913806 34.103423124 34.4113138156003 34.664186776 34.878472456 35.0727144010717 35.276682846 35.4909685260001 35.617807588 35.6590792469665 35.6619282955239 35.73036097 35.73036097 35.753521788 35.7881546230286 35.6650055320238 35.62144388 35.62144388 35.6035688534475 35.657100768 35.7929797108569 35.9350454410811 36.1090651274093 36.1962319838998 36.3
-9999 -9999 -9999 -9999 -9999 -9999 -9999 -9999 -9999 -9999 -9999 -9999 -9999 -9999 -9999 -9999 -9999 -9999 -9999 -9999 -9999 -9999 -9999 -9999 -9999 -9999 33.103522148 33.12321813 33.1012561709517 33.1026605501497 33.269253799198 33.4217656533579 33.3573475767791 33.383784214 33.7339650396904 34.034949700373 34.219555486 34.4790466900597 34.7755986461828 35.0721506023059 35.245385073571 35.4242441565521 35.44643626 35.524950428 35.62321813 35.6355170330446 35.7053775088323 35.6393430987092 35.380237640586 35.2011813349259 35.1558115836601 35.3284885393497 35.5906154798127 35.8792774180295 36.033867278 36.1613135317243 36.1987437176012 36.2245480365219
-9999 -9999 -9999 -9999 -9999 -9999 -9999 -9999 -9999 -9999 -9999 -9999 -9999 -9999 -9999 -9999 -9999 -9999 -9999 -9999 -9999 -9999 -9999 -9999 -9999 -9999 -9999 33.0894648119806 33.1 33.1859357585079 33.3028534855042 33.3295756050037 33.3086288755189 33.2731065699392 33.3351586894581 33.5623877020268 33.767765996 34.040926934 34.196138962118 34.5548100540996 34.8954696536112 34.8295618237548 34.9712948866342 35.1674872840729 35.3556743038286 35.448168558 35.53215058 35.5175363772877 35.4404585788516 35.3160922166074 35.303506308 35.4789884958811 35.7104976981253 35.9420069003695 36.080303538 36.114057258858 36.11607529 36.2002784333465
-9999 -9999 -9999 -9999 -9999 -9999 -9999 -9999 -9999 -9999 -9999 -9999 -9999 -9999 -9999 -9999 -9999 -9999 -9999 -9999 -9999 -9999 -9999 -9999 -9999 -9999 -9999 -9999 -9999 33.110664988 33.20893245 33.20893245 33.20893245 33.178628552 33.0815204454454 33.0843023197601 33.3423499772567 33.5961906139664 33.8250254432156 34.2170437162064 34.494578000818 34.4404720565704 34.5298359640411 34.739194396 34.9526873087357 35.142815328 35.2478893395126 35.373058497802 35.4966551102894 35.4870846296778 35.533867278 35.699885136 35.8540499701569 35.904137635537 35.989235988 36.0885677240083 36.1 36.2
-9999 -9999 -9999 -9999 -9999 -9999 -9999 -9999 -9999 -9999 -9999 -9999 -9999 -9999 -9999 -9999 -9999 -9999 -9999 -9999 -9999 -9999 -9999 -9999 -9999 -9999 -9999 -9999 32.9016927866944 33.0018206156733 33.0122957633478 33.10178961 33.10178961 33.101247288411 33.062553262 32.9570063810937 32.9580890635773 33.1256449284953 33.405212734 33.7279505494625 33.969555606 34.0932647611592 34.199958288 34.5087451126218 34.819539886 35.0335389066639 35.245907147685 35.4290563652939 35.5 35.5437913627482 35.649942568 35.7581390412096 35.866017858 35.9 35.980303538 36.0015649491253 36.00178961 36.10178961
